symbol,pattern,direction,dir,score,scale,width,signal_idx,entry_idx,signal_date,year,delay_bars,entry,level,target,stop,breakout_vol_ratio,gap_from_level,complete,ret_5,xspy_5,rand_5_0,rand_5_1,rand_5_2,rand_5_3,rand_5_4,rand_5_5,rand_5_6,rand_5_7,rand_5_8,rand_5_9,rand_5_10,rand_5_11,rand_5_12,rand_5_13,rand_5_14,rand_5_15,rand_5_16,rand_5_17,rand_5_18,rand_5_19,xrand_5,ret_10,xspy_10,rand_10_0,rand_10_1,rand_10_2,rand_10_3,rand_10_4,rand_10_5,rand_10_6,rand_10_7,rand_10_8,rand_10_9,rand_10_10,rand_10_11,rand_10_12,rand_10_13,rand_10_14,rand_10_15,rand_10_16,rand_10_17,rand_10_18,rand_10_19,xrand_10,ret_20,xspy_20,rand_20_0,rand_20_1,rand_20_2,rand_20_3,rand_20_4,rand_20_5,rand_20_6,rand_20_7,rand_20_8,rand_20_9,rand_20_10,rand_20_11,rand_20_12,rand_20_13,rand_20_14,rand_20_15,rand_20_16,rand_20_17,rand_20_18,rand_20_19,xrand_20,ret_40,xspy_40,rand_40_0,rand_40_1,rand_40_2,rand_40_3,rand_40_4,rand_40_5,rand_40_6,rand_40_7,rand_40_8,rand_40_9,rand_40_10,rand_40_11,rand_40_12,rand_40_13,rand_40_14,rand_40_15,rand_40_16,rand_40_17,rand_40_18,rand_40_19,xrand_40,ret_60,xspy_60,rand_60_0,rand_60_1,rand_60_2,rand_60_3,rand_60_4,rand_60_5,rand_60_6,rand_60_7,rand_60_8,rand_60_9,rand_60_10,rand_60_11,rand_60_12,rand_60_13,rand_60_14,rand_60_15,rand_60_16,rand_60_17,rand_60_18,rand_60_19,xrand_60,exit_reason,exit_idx,bars_held,exit_price,trade_ret,mfe_pct,mae_pct,r_multiple,mfe_r,mae_r,reward_risk,start_idx,convergence,touches,max_residual,prior_trend,volume_trend,violations,upper_slope,lower_slope,apex_gap,height_pct,level_at_signal,stop_pattern,target_pattern,atr_at_signal,dist_ma200,dist_ma50,atr_pct,ret_126,breakout_close_strength,breakout_gap,spy_above_ma200,spy_ret_20,signal_ts,group,n_members,g_ret_126,g_dist_ma200,g_beaten,g_wedge_breakout,g_in_wedge,share_beaten,co_signals,share_co_signals,rel20_vs_group,z_vs_group
ABBV,Falling Wedge,bullish,1,0.7376835002560598,3,23,1756,1757,2023-09-11,2023,2,134.78724089473928,131.43630847241013,142.24239154022848,129.73924863515805,1.3629941818085431,0.0254947241083884,True,0.029698857421696,0.0336258693605935,0.0302626489698383,0.0055288622646509,0.0092336588594921,0.0221187593158693,-0.0127583935506188,0.0183956259422006,0.0352076955178433,0.0803186942582185,-0.0277749419808794,0.000317649073712,0.0072222906573025,0.0362070296473358,0.0140845789250718,0.0650989944913005,-0.032679018801265,-0.0399775038406321,0.0315080701043231,0.0348552211215831,-0.0201427832583156,0.0096796605039679,0.0163635175106461,0.0344479824554284,0.063971314008595,0.0550282968679864,-0.0878365426433188,0.0325952159001743,0.0636972590106639,-0.0361888906766767,0.0414107362946334,0.0150449193861701,-0.0892916396738086,0.0143044665489946,-0.0146049363562931,0.0416591778467569,-0.022739676295413,0.0313475548338171,-0.008304135292338,-0.1991435408247824,-0.0964898118080492,0.0366331235324275,0.0615369874134599,0.0667677153797439,0.0067717356825887,0.0388380816990916,-0.0026085738135962,0.026779885091819,-0.0013424930470149,-0.0623106155943158,0.0715174389374122,0.1215872929756745,-0.0673122772048355,0.0311757243439858,0.0120144034431011,-0.0287287535514493,-0.0968536389373087,-0.0035111426604049,-0.0070230605081901,0.0299332587789429,0.0616553544921385,0.0598856442339608,-0.0255006688801922,0.1286438556947549,-0.0046825491193256,0.0298439146798674,0.0552725809972947,-0.0835851873369381,-0.0136425279004541,-0.0460646923852335,-0.0243102521383732,-0.0659523893711836,-0.0061253151806007,0.0527674384727685,0.1092976839558395,-0.1814961427038739,-0.084711963545644,-0.0838913469411541,0.0284356641351621,-0.1667229944759878,-0.0065468841932706,0.2325777478417798,0.095595717727783,0.119575756198522,0.092251398544322,0.0560289461491028,-0.0503831952116581,0.0878787645356631,-0.0957717333770293,0.0438945005095587,0.0094525150522399,-0.0553724007913505,-0.0232971712019695,-0.048491382259321,0.0974404086798448,-0.0591584052904744,0.270229642474149,-0.0795154853963298,0.0691394474052318,-0.0402681313281921,0.0651332232295613,0.0547662216573372,0.237160840765805,0.0603435953669744,0.0618520540603917,-0.0434010107880364,-0.0736953718980903,0.0081116603221649,-0.0131286538477933,-0.1161489053555941,-0.010190844691118,-0.1184179336726193,0.0403261945181687,0.099390141562097,-0.0487956055906434,stop,1790,34,129.73924863515805,-0.0374515586643947,0.0359866827710245,0.0809928311364035,-1.0,0.9608861167435784,2.162602412951201,1.4768546111256622,1731,0.7832816555377581,5,0.050817818987733,0.0853636473396763,0.026720149772079,0.0,-1.1031118012959744,-0.3198301457582144,0.2211721446147333,0.0703505361265775,131.43630847241013,129.73924863515805,142.24239154022848,1.8720821371639675,0.0064413382694303,0.0299954254260015,0.0139320366618894,0.0158207044505167,0.6262542192629468,-0.0010740551822377,1.0,0.0062830852838873,2023-09-11,50.0,8,0.1018587985363352,0.0281383194659885,False,False,False,0.1428571428571428,0.0,0.0,-0.0178710786835563,-0.3739146755904916
ABBV,Falling Wedge,bullish,1,0.674609046080253,3,32,1926,1927,2024-05-14,2024,0,150.60695630448322,149.4273115757785,167.63354414537253,143.66627384396816,0.7600527599356834,0.0078944385485144,True,0.0038198413021255,-0.0066967996080553,0.0101117171548137,0.0368653022635216,0.0097808500469169,0.0210665444462585,0.0076207727838337,0.0257645729383455,-0.1299817464410427,0.0214439392024488,0.0029921071432983,0.0821947528791975,-0.0186290722763817,0.0044096257647177,0.027328858248018,-0.018491686882592,0.0045983757386778,-0.0042134303933435,0.00882567279275,0.0098180155110196,0.0376793432638926,-0.0444555236232353,-0.0009166082259302,-0.046331131219212,-0.0468443163026408,-0.0770486993190894,0.0828190190485744,0.0716229960290435,-0.0230226482846565,-0.0358895964999148,0.0123885509878995,-0.0030624530036568,0.0124909143482325,0.0284522489749867,0.0323548920571825,0.0362285782357665,-0.0425737177672128,0.1010060698116774,-0.0183381470245941,0.017040758069744,0.0408997119582104,0.0851264882574973,0.0070363528676629,0.201711519501859,0.0004805454124583,-0.0728173004022956,0.0232885894808092,-0.0062455605308366,0.0542873402895345,0.1072032909537763,-0.1095949884900739,0.1031401070934221,0.0015208123794048,0.0511871575440876,0.0372362294739563,-0.0481819198875811,-0.0241844813252321,0.04639978789803,-0.0811464660093481,-0.0406450940464629,-0.0661268879887529,0.0552725809972947,-0.2149922069507125,0.117031272763975,0.0424508055297099,-0.0034875197969713,0.046838607286719,0.0268648049973059,0.0182349278452051,0.0491035254634915,-0.0192960256640368,-0.0881852665640872,0.1205607880041106,0.1051133132840809,0.0895734211886816,0.1919574068275942,-0.0357742406468536,0.1220063751979969,-0.1365394410923723,-0.0561078308599432,0.0659460090021548,0.0474737499739872,-0.1101215634773631,0.1105149877113202,-0.1008474263394964,-0.000545776522788,-0.1415339270551088,0.1262246438767988,0.0876424738129049,-0.0793692104323662,-0.0708815109886271,0.0367481767184602,0.1809175684766912,0.1640312016185312,-0.0498957090313144,0.2326555869816502,0.0487570914573334,0.1441507874209673,-0.0096650407051525,-0.1184179336726193,-0.0232971712019695,0.2271795630219721,0.1598660091343631,0.0496920965544644,0.16445981013257,-0.0706590659656991,-0.0812998740258493,0.0830197020031859,0.0994501336040221,-0.004066050447205,0.2224304145918572,-0.0894635346743425,-0.1100952067985412,0.1982792254225909,0.1272635267865771,stop,1935,9,143.66627384396816,-0.0460847402458823,0.0257533062146706,0.0515063951965187,-1.0,0.5588250270537581,1.1176453403384616,2.4531575875646348,1894,0.5369852414617293,5,0.0073181739253832,0.0397397229960476,0.0295334975093748,0.0,-0.8706913587124022,-0.3337061172506704,0.5130769661160386,0.1014860908708041,149.4273115757785,143.66627384396816,167.63354414537253,3.032900835395907,0.0385497913281029,-0.0486610693733737,0.020227583931205,0.1880898573998559,0.7391288614404833,0.0022939986746808,1.0,0.0392626937841014,2024-05-14,33.0,12,0.1087409535032652,0.0366031529798629,False,False,False,0.1818181818181818,1.0,0.0909090909090909,-0.0487664620883026,-1.1267975317950494
ABBV,Falling Wedge,bullish,1,0.7627782201751508,5,40,2421,2422,2026-05-06,2026,4,203.47171598154063,203.42515373817517,233.08415796701047,189.75827633636084,1.5475055036681122,0.0002288912777492,True,0.0174702265874096,0.0075933557222234,0.1539988753674366,0.0312862605574983,-0.0023451778368317,0.0086129706115372,-0.0045493987458546,0.0187796065166727,0.0453412903189966,-0.0296215169396398,0.0569440825365692,0.0121193816163225,0.0141939673863931,0.0264934972820629,-0.0080934746842759,-0.0178271444784168,0.0038358189378424,-0.0034393997683904,-0.0036031693959421,-0.0243385218016799,0.0282431590235188,0.0186823792820431,0.0012345522981164,0.0360140697196418,0.0275792432413981,0.0975123671109983,0.0493443265126853,-0.0515177541906729,0.0344120559822123,-0.0120241106851503,0.0491433867643935,-0.0184227188456099,0.0695455411710386,0.0025471921425077,-0.0171567656188003,0.0135044553940741,0.056728120643692,0.010108796927436,0.0068690287900108,-0.0124935932097027,0.0161606027847516,0.0044537818480854,0.0329308410437383,0.023181603156327,-0.0214964291047217,0.0193475332887771,0.0976966437282382,0.0677122362647486,0.0600115393691231,0.0817442476165042,-0.002671705137371,-0.0189700640613266,-0.0996172925196694,-0.1425239728154013,-0.0440562222940141,-0.0846699880393823,0.0018631276183038,0.0015208123794048,-0.1213285294274844,0.0964215373160652,0.068653127973671,0.0056585731865259,0.0915441789921707,-0.0125365154727858,-0.0680617883518577,0.0800060871173404,0.0527900918473995,-0.0173506138938592,0.1012753121580704,0.2432168086713826,0.218503497181109,0.0840336430246251,0.1151282994762121,0.0721021162058292,-0.0992211389817832,-0.023531994665718,0.2165272612241642,0.0030083474097195,0.2744082861155048,0.1454074786743642,-0.0583152865504155,0.1728264520344149,0.0411346729326311,0.0880836507023838,-0.1122868249831845,0.0081111352961606,-0.0244160197131668,0.0322796527228221,-0.1323749927128683,-0.0533471883572159,-0.1186063007111826,0.2116692462142177,0.2045900577442005,0.1711611272144286,0.2032925647328833,0.1500383604475428,0.0313426032922063,0.1742549830587323,0.0179148861245521,0.0572624327552122,-0.0200159953035443,-0.0365160515952747,-0.02472426862838,0.1881726543633055,-0.0945365340266218,0.1993945307421101,-0.014412056078338,-0.0974671839958197,0.1661749679392885,-0.058601974861889,-0.0515377874820105,0.2870168142460949,-0.0953040351671058,0.0330823909216875,0.153848492669969,target,2453,32,233.08415796701047,0.1455359131495031,0.1483017655105772,0.0239117624012878,2.15937377869151,2.2004118217077404,0.3547882554500518,2.15937377869151,2377,0.4899508667929682,6,0.0761150554581062,0.063235599897967,-0.124528836950999,0.0,-1.0526233513348244,-0.562672484541854,0.989995458895646,0.1181122845423433,203.42515373817517,189.75827633636084,233.08415796701047,5.534888857918103,-0.046452007260592,-0.0331159602604042,0.0271876584253883,-0.0168227111722354,0.4260876872520356,-1.7620490622149987e-08,1.0,0.0855312181596061,2026-05-06,12.0,11,0.1989962805837024,0.1044194177297395,False,False,True,0.0,0.0,0.0,-0.0118559591722819,-0.0185093636925766
AOS,Falling Wedge,bullish,1,0.7951888246528327,3,28,1084,1085,2021-01-07,2021,1,51.31555650745762,49.85195773328847,52.79692988006299,48.12631676568296,1.5407688846673,0.0293589026533223,True,0.0056041026812994,0.0112007195937622,0.0187691620010064,0.0006651360333278,-0.0548333485921224,-0.0137726516391539,0.0108649624797922,0.0516158238425803,0.0240789783546462,-0.0032711641711234,-0.0850945038955792,-0.0057213205255391,0.0212585457550107,-0.0044259779333833,-0.0198851366657181,0.0095666294535574,0.0282186784970535,-0.0083722473673129,-0.0061597473289827,0.0013331697791432,0.0154930118697733,0.0546701634749009,0.0038541945102055,0.0115585043691168,0.0055417430168063,0.0180325549226407,-0.0597488664447093,0.0393462381563618,-0.0812793959958968,-0.0155108648876964,0.0438360692882247,-0.0517605308214818,-0.0327830214981467,0.051489086424,-0.0708334189061303,0.0257813672807754,0.0587760939723809,-0.0520158638628536,0.0335067701035625,-0.0560931373259251,0.0645895692542977,0.0797505399333824,-0.003016593884323,-0.0020222326487275,0.0200255370370037,0.0110550093642799,0.0559498293530571,0.03724214287884,-0.1745815514525825,0.0025258802142442,0.2340689588002402,0.0623971167823562,0.1477080039208889,0.1034924762965556,0.0990600817361162,-0.0735929352026688,0.1207914138931403,0.0226775691217915,-0.0190280546955848,0.006607804994984,0.0068455423198228,0.1163572437926678,0.063259992665565,0.0071091029929704,0.0566629497909236,-0.0418709744985521,0.0560692898564398,-0.0102426137977906,0.0166339644764807,0.1214185870459614,0.1184497513486046,0.1371005193026282,0.2483150126637068,-0.1116037373874431,0.0204879357895428,0.023573580278418,0.140791430821819,-0.0100869314279296,0.0414028028965722,0.0929549049126483,0.0912488256019634,0.009095721315828,-0.0386293304549985,0.2286299658302857,-0.0680074239485624,-0.045295045002771,0.104636022242915,0.032968930758024,0.0836190191412249,0.1601779167281278,-0.107097915778327,0.0697044768317777,0.212582284043902,0.1420073571487918,0.0614090446689523,0.1100741767436401,0.1143017054611548,-0.029545601420586,-0.0130045038950823,-0.1193986598717122,0.3012307515649508,0.0255374842472693,-0.092596878792606,-0.1114699180543333,-0.029908513203567,0.019065063667025,0.3332675226793793,-0.2249335952460792,-0.2011841498214651,-0.0087725231887174,0.2229299185290862,0.2382500229341275,-0.0514481066192403,-0.0813579219705595,0.1894600181233201,target,1087,3,52.79692988006299,0.02886791985565,0.032749768773952,0.0292467877763073,0.4644910676364057,0.5269508554382765,0.4705871343374104,0.4644910676364057,1055,0.4574346216227458,6,0.0428009176491139,0.0599405130483712,-0.2221624182286339,0.0,-0.8040402377033323,-0.3466056160805886,1.0299544124520543,0.0652946163640767,49.85195773328847,48.12631676568296,52.79692988006299,1.095126489145647,0.1569610243666275,0.0305476447659314,0.0214424124399237,0.2061583683653538,0.8613870360998054,0.0103312562178745,1.0,0.0284894833384392,2021-01-07,16.0,8,0.3620183931080722,0.2355692443060055,False,False,False,0.0,1.0,0.1428571428571428,-0.0243037653933212,-0.5125714528345823
AOS,Falling Wedge,bullish,1,0.7085589282660888,3,32,1272,1273,2021-10-06,2021,1,58.48064659132789,56.099928407449056,72.97124165433615,54.38757288728653,1.6473347987053393,0.0424370984324236,True,-0.0093371393508749,-0.0020147084509939,0.0448883999371416,0.0095452205013193,0.029942931041607,0.022477259209477,-0.0364501818810523,-0.00078401837392,0.0052002813779845,0.0081336498398358,0.0141914431529077,0.1138500139620724,-0.0175805575075505,-0.0267099538762933,-0.0274040940171116,-0.0288788559026899,0.0178752570812634,-0.0046012776997652,-0.0087839920837776,-0.0062891462337157,0.0266422069690319,0.0203063771409792,-0.0171156874827621,0.0373484204082448,0.0053678902247751,0.098035832160956,-0.0771828162575174,0.0055832284954706,-0.1022769265908755,-0.0201886554086077,0.0072882361783477,0.0248209698089039,-0.0396690277458078,0.0098161921222599,-0.0292542606016039,-0.0793102757489464,0.0199344986092313,-0.0424332341401513,0.05898794828831,-0.0645039918889784,0.010268576983424,0.0064267539308466,-0.0530068974225576,-0.0290637890567045,-0.0503339073722881,0.0546514976910592,0.2252271631315496,0.1651665134375242,-0.0306628896696153,0.0321626666254943,0.036177272374239,0.0234908391787227,-0.1632086743361752,0.0443220394520222,0.0731351036263687,-0.0363117246310701,-0.0062713992973891,-0.064534887190902,0.263978367614208,-0.0055555723756829,0.0250766674015459,0.1023715894437156,-0.0141636176062448,0.0169931809768912,0.0880675897158427,0.0466625405180005,0.086481282488207,0.0321224502968555,0.1977105219012979,0.2672716026864776,0.223908384024865,-0.0892115702824221,0.0040011655809295,-0.1642104159243355,-0.1035018723080685,0.0670001884134365,0.0039687644101595,-0.0011339834326502,0.0824793651555837,-0.0385734222252249,0.005835039040146,-0.0936101674007415,-0.0766949040022986,0.1416963998815628,0.0146701837102367,0.2764632961300552,0.0704755760531252,0.0649494712029918,-0.0926506389793312,-0.0390148447779578,0.0401103080331108,0.2636192057725622,0.3418265837386487,0.2546014633420832,-0.0339219938766673,-0.0978582318379639,0.0565657994608512,-0.1157312408198727,0.2558979060941682,0.0799969368331681,0.096052592386941,-0.0960805333764434,0.0426762052633773,-0.0916070212569648,0.0916982846805398,0.0254792247523101,-0.160571468251544,-0.2036330084878943,-0.1283866747300741,-0.0487236782782058,0.096637626948278,0.1490141193004055,0.0786290394386424,0.1293432498714253,0.3355527270329249,target,1298,26,72.97124165433615,0.2477844536205431,0.2485156219064184,0.0183629404101378,3.5402722039187147,3.550718923723158,0.2623643516222483,3.5402722039187147,1239,0.7756148404774993,5,0.0042393488764129,0.0034752869348515,1.0247195802457982,0.0,-1.5950047780190648,-0.8193899375415714,0.2087184915425837,0.1549337945028437,56.099928407449056,54.38757288728653,72.97124165433615,1.4086467805569751,-0.030643770422292,-0.0764830841452813,0.0242801004007071,-0.038743877544184,0.950818595692522,-0.00989628335863,1.0,-0.0324159495306148,2021-10-06,16.0,8,0.0031680187948159,0.0072715479386396,False,False,True,0.2857142857142857,2.0,0.2857142857142857,-0.0550635874056636,-1.3243601220868897
AOS,Falling Wedge,bullish,1,0.701390119072626,13,138,1478,1479,2022-08-02,2022,9,56.20640460432795,52.78897105822347,79.20565427216366,47.44845060976883,0.4720453300465626,0.0647376426855381,True,-0.0067533303147147,-0.0093123682483651,0.0877605549228945,0.0391262069152673,-0.0126799916603672,0.0238537241182696,0.0138171582639978,0.0503172368279754,0.0135027555809261,0.0009821915075076,0.0131087535110112,0.0248338449558278,0.0295940714230991,-0.015544744461244,-0.0203447206546866,0.0276288224416378,-0.0364501818810523,0.0406372546861955,0.0052002813779845,0.0143068985365779,-0.0571429384819344,0.0437453347998024,-0.0210659559511992,0.0596276660531847,0.0123453404129376,0.0018439567386672,0.0533646596307293,0.0047437660237312,-0.0673350074898685,0.0031965194001861,-0.0517311771633023,-0.0255523059750268,0.0893602203390562,0.0153292522295269,0.0322369602224277,-0.061113676003657,0.0105332764902126,0.0370945058838432,-0.0563065250004082,-0.0176095111857581,0.0415379009412375,0.0986748579989083,0.0251425006991343,0.0792207527813786,0.0225754485894424,0.0478673472956616,-0.0538627310184417,-0.0243962711168156,0.0130774759814153,-0.1702638052420386,0.0394606732134261,-0.0195810337075188,0.0449581368436045,-0.0363863199913342,-0.0324852570103847,0.1329752607614045,-0.2330998342786077,0.0222463979729714,-0.0040555938802122,-0.1223871737622719,-0.0402088596838765,-0.05568918287494,0.0121070761883435,0.0905897588226387,0.2402653111279122,-0.0524511560497832,-0.055985888737374,0.0064563353194726,-0.042839847069084,-0.1690002515556442,-0.0757808068588516,-0.0397727617360158,0.0525899400130285,0.109322903646194,-0.0060880489946542,-0.0953201367080903,0.035709095229744,-0.0006933462209541,-0.11751281538584,-0.1083273821972899,0.0801001108148704,0.1488442046253806,-0.1799572896497686,-0.0193666594410663,0.0022936515294027,0.059912641437033,0.0310273290570273,-0.123037280769981,-0.0031220623551441,-0.0015282915859979,-0.0890910290888329,-0.1557993901665965,-0.1442924493998276,-0.0791918765604881,-0.0166404623809475,0.2587450187658053,0.0903024770144937,0.0823403414889529,0.2241338088599722,0.0325707644684172,-0.0799462615087351,0.2321561297129375,0.0799335274907018,0.099750890449543,0.0335403445457669,-0.0885535292827263,-0.0295701844728383,-0.113803444766401,-0.0531189571918837,-0.1161026919600753,0.0408287375874794,0.0914298995336158,-0.046204313194114,0.0592163192878905,-0.1833428701222204,stop,1510,32,47.44845060976883,-0.1558177231974157,0.0721461050796087,0.1632351668993394,-1.0,0.4630160395053528,1.047603337731524,2.62609847940786,1331,0.6780076711712197,6,0.0874189275145939,0.2712220938548304,-0.0226118521565111,0.0148148148148148,-1.4493472050098908,-0.7713395338386722,0.4321585640413948,0.2270205754548289,52.78897105822347,47.44845060976883,79.20565427216366,1.7164442346266904,-0.1124431840611421,0.0499228600310082,0.0306594363286413,-0.2014831292577856,0.1123600562346757,-0.0043598830070904,0.0,0.0683317571656627,2022-08-02,2.0,12,-0.1693534074888043,-0.1018852698193973,True,False,False,0.8181818181818182,2.0,0.1818181818181818,-0.0233483212521861,-0.6566862073559018
AOS,Falling Wedge,bullish,1,0.6448639901447014,5,50,1534,1535,2022-10-20,2022,3,45.429882849081885,45.36779706327184,62.68603045139616,42.2004707724779,1.8963976999635117,0.0013684990197664,True,0.0576726774955769,0.0169738249440902,-0.0019676195163099,0.0471888559635396,0.0124155145977327,0.0189194358078754,-0.0119444569171106,0.0712761288504129,0.009733764905963,-0.0444745910639233,0.0136844453612181,0.0073718170345566,0.0102683235581668,-0.0720669328955093,0.0229802487702122,0.0197217932598008,0.0780337554690031,0.0499519892925865,0.0138171582639978,-0.017584268370114,-0.0878308472726613,0.023455508992731,0.0495251762909684,0.1144506839663812,0.0983190537509974,0.0368143163028615,0.0969454958026179,-0.0980970176524803,0.0633011685175408,0.0903605756506813,0.0815366198221949,-0.0395291628250121,-0.0684782539232414,0.0460772185181983,0.0263120572126831,-0.0763793571610059,-0.0250539771661285,0.001026706272579,0.0242015805977542,-0.0200509559156689,0.0413818170420381,-0.1024158800016842,0.0559511469043643,-0.0053605817827693,0.0529118294013046,0.1053779166855398,0.2319017622474355,0.1521473795085735,-0.0166953744677789,-0.1956086342973626,0.066676625764418,0.0680710233898622,-0.0665220642173558,0.0734791444516189,-0.0432802971659063,0.1676955626080771,-0.0516147596591229,-0.2406721334974639,0.143286236006606,-0.0101676927406597,0.0341849638740396,0.0466625405180005,0.024905728866416,0.0039348092801319,-0.0088089517682524,0.0346958473448866,0.0011076752232628,-0.064281597997213,0.2335493296716253,0.148886665512248,0.094356791257455,-0.0185746000831373,0.0726306393274573,0.0798646505864872,-0.0347340800393221,0.0057176582577656,0.048656903690988,0.0026813818616733,0.2885754974248238,0.0228014940924807,-0.0518455589630896,-0.0031681807389734,0.1418431935081869,-0.0061800026980465,0.009095721315828,-0.0015985014277134,0.0824455780628958,0.11426792662293,0.0098455742660172,-0.0945161131373411,-0.1273323194512733,0.1218628223883161,0.2327217185507033,0.1555754929101365,-0.0710205749835637,-0.040853400135144,0.1896727552432626,-0.0001032658031263,0.2028302929408805,0.0603613023026274,-0.1873361302956672,-0.269340369402523,0.0612783856004039,0.0890117962075254,0.1662641932727966,-0.0941682766196191,-0.09746215666833,-0.1637028484042865,-0.074771413876313,-0.055710929357112,-0.0062545843101134,-0.1287186810296859,-0.1386044327296463,-0.0947834404468875,0.2653923074754294,time,1594,60,56.002403259277344,0.2327217185507033,0.2933942096418551,0.0081516512811614,3.2738220330535848,4.127334714944442,0.1146736786589233,5.343433167705453,1481,0.5600020901459968,5,0.0661834882052945,0.020988918874359,1.126464317617866,0.0,-2.1870993139381296,-1.6270972237921226,0.7142793159034636,0.1354902920648339,45.36779706327184,42.2004707724779,62.68603045139616,1.5388392198277765,-0.2117218450117787,-0.1073814718466698,0.0340881936940276,-0.257833617349103,0.0321277449757799,0.0013788188481163,0.0,-0.0235421949810624,2022-10-20,2.0,12,-0.1629834271361959,-0.1276992609407001,True,False,False,0.7272727272727273,4.0,0.3636363636363636,-0.0070812409873534,-0.2176977208915858
AOS,Falling Wedge,bullish,1,0.6612007179621024,8,77,2443,2444,2026-06-08,2026,2,57.40239807470817,56.4960718122818,80.25302703227578,51.80853780559789,1.3540757604502625,0.0160422881335502,True,0.0393074014951855,0.0242461691260136,0.1639304544885127,0.0234179660305529,-0.0343277792451353,-0.0622302624872991,-0.0056721567582413,0.0426084794925998,0.0166455025623526,-0.0004385560775048,0.0273784511482106,0.0629613227059253,-0.0031831654706576,-0.1030253443847144,-0.0137833996174341,-0.0183162103582035,0.0228900593092489,-0.0569166074538032,-0.0144769744055527,0.0005731486768543,0.0384383352302837,0.0460238384320401,0.0326825464042837,-0.0053679480459384,0.0056054218905053,-0.0887447390888421,0.0428898866879834,0.0358444420011703,0.021488815874844,0.0018902375800877,0.0597788344626037,-0.0707638674191656,-0.0611800402071712,-0.0176095111857581,0.0829173619822227,-0.0398144847349591,0.0482643233112554,-0.0731256889999152,-0.0292542606016039,0.0480204292227921,0.0427845968680535,0.1702345081169836,-0.0842926578978028,-0.1015149353847625,0.0843510281837873,-0.0089761619845285,0.0297836168072622,0.0248210264682684,-0.027022857550135,-0.1620470573656106,0.0027663568381737,0.0354254331318055,-0.029112506999378,-0.019510895111836,0.0507165495576367,0.0178726626563665,0.0453816450516175,-0.0104644932938342,0.0954612775478616,-0.0379903528962561,0.0163310908315574,0.1282903422275998,0.0011938616506024,0.0071091029929704,-0.0302255752350357,0.0503669022836505,-0.0318128892740742,0.0913504656849881,0.0200796636708287,0.100650886099709,0.0628052931330747,0.050215590246001,0.0402779962737762,0.093966552900804,0.2286299658302857,0.004054936426501,-0.0023788313884981,0.2321327731491507,-0.0394151927161916,-0.0425381056636436,-0.2250423740677627,0.0064254698118091,-0.113374334612311,-0.0130406121398,8.646128164979672e-06,0.0631981562480366,0.0405808411949479,0.1211040848344073,-0.0074534200323679,-0.0281794003878619,0.0134115306243649,0.0795216724667184,0.0323610216494336,0.0007576899491186,0.0681266790052432,-0.0657492390338179,0.2693557637528838,-0.0603227214009656,-0.0890880206854282,0.1250287419774953,0.2172084887032499,0.1194504570888048,-0.0657492390338179,-0.0682985649701577,0.0420309565734411,-0.0817141307508112,0.1015258884132972,0.0231649174490551,-0.0555746535946325,-0.2086815337345776,0.1444218881246601,-0.1491180952445967,0.1306642823423538,0.2377793296512049,0.0006379619177894,time,2503,60,59.2599983215332,0.0323610216494336,0.121558395314628,0.0107358713602936,0.3320784140931885,1.2473932242649424,0.1101680649596302,4.084948114229908,2364,0.5856716585939687,5,0.1112154678299493,0.2061153439268517,0.249903924208017,0.0,-1.7049451856600872,-1.1192735270661236,0.5743939604172951,0.1632713012864819,56.4960718122818,51.80853780559789,80.25302703227578,1.3780835317724482,-0.1500842341472803,-0.0599260455070856,0.0241832985838278,-0.1377824524836146,0.4958700353726804,-0.0027971917872957,1.0,0.0021690523532551,2026-06-08,29.0,9,-0.0732080806561428,-0.0855621769463371,False,False,True,0.625,0.0,0.0,-0.0001576166954202,0.2631466744525101
MMM,Falling Wedge,bullish,1,0.646121887655707,3,32,1280,1281,2021-10-18,2021,2,128.03786648694745,123.85948373680992,138.12978273193812,122.08443084596864,0.7894343935206747,0.0337348632827843,True,-0.0002193538827925,-0.0149878937469871,0.0041268619839753,-0.056935925397034,-0.0096582731038804,-0.0636849589716729,0.0263955365997308,0.0045663043728716,0.0210852683736249,0.0214522737841891,-0.0283816526904208,0.0145495994571225,0.0619770045149505,0.0277880162750334,0.0149160970944981,-0.0300820005811868,-0.0347075030940527,0.0230558655975159,0.0220807033130554,0.023999935274664,0.0136191095282292,0.0564656197585551,-0.005850747987281,-0.0156763452752338,-0.0404467973780308,-0.0089944268376639,0.002426978648568,-0.0718043327403237,0.0053115013747979,0.0221256403527758,0.0946153915353404,-0.0500839823176813,-0.0091019183406449,-0.1476300405383305,0.0147597029333965,0.0780295623542273,0.0019821869850544,-0.06458470027159,-0.0184485338589261,0.0300135851975369,0.0535238879471575,-0.0440769568474338,-0.0286873654022916,-0.059598371780974,0.0348442048708699,-0.0074074459384271,0.0047689136611233,-0.0364631896835798,0.1058752911713452,-0.0815827448503976,0.0146531615035077,-0.0425778679379005,0.0072158306274814,0.0009196341651778,-0.1434507682071492,0.0436074406494908,0.0267628672802529,-0.0004745207625641,-0.0483061709318943,-0.0108416397404899,0.0261730758309792,0.1375602540720455,0.0666193851124328,-0.1252002612982695,0.0225654351175905,0.009358495354099,0.0645392884478226,-0.11033465136901,0.0066148369493957,-0.0345210969340799,-0.0666869304505606,0.054131977676515,0.0386718932324674,0.0871980307628463,-0.0366199495608167,0.0072023569675707,0.0074272833351218,-0.2293074333012981,-0.1044462049096101,0.1141322577104921,0.0218958624703919,-0.1029544963511832,0.0997539506603903,0.1201852479906406,-0.0036765980268359,-0.1828861370050871,0.0235309557225078,0.0423922119536817,-0.0843130154923719,-0.0284574099433807,-0.0014681014178525,-0.0266407310577893,-0.0085500359731506,-0.0614653803047487,0.0373425236275499,0.180839719836936,0.0060487422031918,0.0615211568466464,0.2129665811969023,-0.0462938091028657,0.0834001822625256,0.0461106973467053,0.1153996979429707,0.065042933198911,-0.0598480867495182,-0.0383119559350496,0.0357603473169994,-0.0304151690445212,0.0848534098036037,-0.0665781791946314,0.0448185264408642,0.1178980984288979,0.0427075543647519,-0.0266041165574348,-0.0518829786848224,stop,1310,30,122.08443084596864,-0.0464974605116974,0.0211576092743308,0.0609351443762391,-1.0,0.4550272002275959,1.3105047825334373,1.695141570948674,1246,0.8258049353306296,6,0.0937782817816462,-0.0085395015129725,-0.3296919121075987,0.0,-1.1491876232167193,-0.3233826878860862,0.1730978570770318,0.0873781401871751,123.85948373680992,122.08443084596864,138.12978273193812,2.1014168052927027,-0.0343438913486973,-0.0270188554274275,0.0164774922429362,-0.069820650001291,0.9224822103074144,-0.0063211218910235,1.0,0.0302966813285483,2021-10-18,17.0,22,0.0295767853116712,0.0371535270997882,False,True,False,0.1428571428571428,3.0,0.1428571428571428,-0.0067574247366414,-0.0329666365914042
MMM,Falling Wedge,bullish,1,0.6617307249581957,3,16,1582,1583,2022-12-29,2022,0,88.2441585384749,87.53613403928762,99.69044945853192,85.9712691380708,0.6775225945711949,0.0080883683859001,True,0.0590888517597147,0.0395427237735368,-0.0150301274606911,0.0018220698446669,-0.015168091283821,-0.0164063413998697,0.0290392378645463,-0.0277590771627036,0.0277880162750334,-0.0055379889795431,-0.0159425873363707,-0.0240519091221956,-0.0148604717934887,0.0329564614368089,-0.0077973239585329,-0.0181063573672664,0.0318354128001123,0.0229030791032693,-0.0076153457321629,0.0459082520145024,0.0361256635767606,0.0418605087245989,0.0539906977575321,0.0824068623423539,0.0354858592667142,-0.0601601638723794,-0.0044737916905974,0.0637160980743234,-0.0870002203206093,0.0303852653905052,0.0001986466225309,0.0187139671161822,0.0497870550725487,-0.0327683213842597,-0.0262789707118705,0.0049683600303236,-0.1055596806738855,0.0282001308026911,-0.0340836117732273,0.0332296722098202,-0.000548424835335,-0.0807542894116353,-0.0655166010509913,-0.0377547627296936,-0.0146659711909429,0.098425143058679,-0.0590892577576914,-0.1115011502575503,0.0314903277578895,-0.0010126876491133,-0.076572541505254,0.0010699354530805,-0.159260026581638,-0.0450097213680169,0.150281063685854,0.0195883756936827,-0.0008747520502897,0.0417348592831758,-0.0998954418097941,-0.0342110052773636,-0.1133268196099041,0.0730147707563035,0.0761257018585352,0.0262167852609589,0.002483600615486,-0.0645840844130544,0.0925665915004498,-0.0741464278399294,-0.0513731829457444,-0.0876179061573244,-0.1286542682170134,-0.0181395208460968,-0.1430173137369897,0.0616340448166012,0.1066280009302784,-0.0010658917118926,0.1176837134343802,-0.0096983656597123,0.0612582700386497,0.051896363876186,-0.1020562955548228,0.0433011617331788,0.1055844025744685,0.2435527810045512,0.0743039305089794,-0.0941627843988194,0.0074272833351218,-0.0725614648082247,0.0707618126537819,-0.0567372691158342,-0.1465018349146187,-0.1026224573652827,-0.1384281956647127,-0.1816969347214762,0.0927341944641817,-0.1240447029902873,-0.1267092047560305,0.0832578865282465,0.1332223834070371,0.1856790944692405,-0.0618220024609894,0.1380699111520789,0.0814227012197266,0.0594938354016827,0.0563932462350731,-0.0206895263237248,0.1279222774578423,-0.1072292948820303,0.0169186013341569,0.0626267362153001,-0.1583603424618398,0.1885507457865041,0.074064790426835,-0.1580634087992183,-0.165600091735902,stop,1598,16,85.9712691380708,-0.0257568255853799,0.0856663412838384,0.0430424377719102,-1.0,3.325966586987505,1.6711080186970726,5.036008755209082,1566,0.6668601831028533,5,0.0050221231953335,0.0108976800805435,0.1279635905111837,0.0,-1.1311853635368354,-0.4643251804339957,0.2183963304264295,0.0950163940597709,87.53613403928762,85.9712691380708,99.69044945853192,2.146709901770224,-0.0804328480691393,-0.0256713966221047,0.0241413101387523,-0.0477270008784727,0.8771173497991395,0.0049033830093851,0.0,-0.0551395509824588,2022-12-29,11.0,11,0.0735985454321215,-0.0024532875521151,False,False,False,0.0,1.0,0.1,-0.0014191355871647,0.3942402331809688
MMM,Falling Wedge,bullish,1,0.7731062278898359,3,64,1643,1644,2023-03-29,2023,0,77.53071886827563,75.69626231079599,100.4586234775885,73.72153616187182,0.7917892284303993,0.0242344404000778,True,-0.0140722187020968,-0.0227585151643648,-0.0223023688722486,0.0381526156474869,-0.0218302893691101,0.0210903895482914,0.0196771154136787,-0.0425719720326547,0.0301059465221571,-0.0084568322809903,0.0273056313648227,-0.011534420622098,-0.0528449235122658,0.0200916696335979,0.0734848537551211,-0.0283816526904208,0.0175731370206713,0.0350667233113501,0.0246633732653691,-0.1346576817853805,0.0131162921578087,-0.0140589377271052,-0.0132566521395009,0.0231325679564822,-8.034201477880032e-05,0.0078500717198761,0.0292514123500648,0.0067340787601615,-0.0257489177725126,-0.0273216085511616,-0.0562601756741034,-0.0529789010547739,-0.0199049308780553,0.0320558129110783,-0.0059505379721662,0.006301251574823,0.0020230002362524,0.0039250599346736,-0.0214984501924326,-0.0090340592977496,0.0583815148506356,-0.014932098229681,-0.0372731749192668,-0.0221411004456623,0.0424464084853579,0.0283363351647143,0.0152286947860151,-0.0053609522595707,0.0109446110203177,0.020866389790102,0.020066559447528,0.0169406523013104,-0.0195995735947041,-0.0369662724869738,-0.0590778583431286,-0.0794277137842708,-0.0073864200195303,0.1607113625660714,0.0313386800068551,0.0022376865565458,0.0801555617444587,-0.0209480291952135,0.0577519760197464,-0.0096005796777657,-0.02502126898179,0.0277834873161098,-0.0219965207164121,-0.0230414849925431,0.0089421325371795,-0.0503593806431136,-0.0764921065684501,0.0865393354779466,0.0729795520852019,0.128889032281807,0.089471508769952,0.0505543617763999,0.1167067804964354,0.0422388506623951,0.1534226448423485,0.088531764592356,-0.0134077013873301,-0.1378471091336867,-0.1244538610027602,-0.0407341804606924,0.030270439426921,0.0571575136547775,-0.0178863268372663,-0.0096983656597123,-0.0511608001738265,-0.0230029758149925,0.0778754393476413,-0.0791816757903094,-0.0174814528404289,-0.0891305444015245,0.0560833604875674,-0.0487318163069653,0.099657730705305,0.1208199431139755,-0.1286454318422094,0.0724286093149688,0.1347230649661701,0.1410064028764674,-0.1235782558252808,0.0779518597582893,0.0549030519086342,-0.0354666575975644,0.0231293988172187,-0.1042136712875109,-0.0565548077537209,0.0679254788922143,0.161026777324569,0.3220317032105948,0.0932282659164718,0.2360271796438529,-0.0756690621565813,stop,1676,33,73.72153616187182,-0.0491312703146167,0.0342169528884365,0.0554218696366299,-1.0,0.6964394095516989,1.1280365698206225,6.019113908809797,1579,0.719603204788593,7,0.094853761634458,0.130457132305682,-0.0513936411638381,0.0,-1.5567565064144793,-0.8371533016258853,0.1725211816529857,0.1514691840522055,75.69626231079599,73.72153616187182,100.4586234775885,1.688864528427943,-0.1427173801986045,-0.0595711415030886,0.0219013818757028,-0.0589756118180072,0.9626905817381964,0.0105169376251261,1.0,0.020625582598182,2023-03-29,21.0,13,0.2215452768388617,0.0633974385960733,False,False,False,0.0,2.0,0.1666666666666666,-0.0494070375248335,-0.4263258784856026
MMM,Falling Wedge,bullish,1,0.8541822298989531,3,31,2339,2340,2026-01-07,2026,2,159.5204219902568,158.04912359551918,179.7016990544837,156.18369847388254,1.2309216709405526,0.0093091208686673,True,0.0508130703128277,0.0485774290166574,-0.0578885936404792,-0.0196195795734986,0.0301973029179518,0.0163995051348722,-0.0085293802756181,-0.0114271593572059,0.0424805159346404,0.0945975788591857,-0.0509720372452746,0.0413555015733335,-0.0219866144189538,0.0042913849189218,-0.0438746317414113,-0.0054941354406566,0.0129869002950695,0.0086113773871787,0.0108754951764151,0.0805604583280643,0.03903008583456,0.0196703245246774,0.0417498553532391,-0.0070468765484723,-0.0072792163497346,0.0283465370675066,0.002325589342295,0.0190945088173692,0.099696884802092,-0.1502198859265158,0.0134285513158809,0.0133463668585014,0.040801586093542,0.0543722463111695,0.0448700129071342,-0.0210197556823605,0.0059635047222856,0.00153994542609,-0.0638295312441998,0.0262592194543047,0.0280049359174983,-0.0908066466724025,0.002753239525463,-0.0018810881450493,0.0119626637904075,-0.0102973207825229,0.0204612458916293,0.0367209348806996,-0.0250310625128592,-0.002718140418963,-0.0114194998142967,-0.0462751313595435,0.0300130024660769,-0.004982688196529,0.0474555678429577,0.0127534834091955,-0.0326067781850676,0.0339189465677054,0.0088909070753813,-0.1058198723945681,-0.0622120394474768,-0.1362264835653441,0.0137212289325094,-0.1095930690457095,0.0587972636423033,-0.0817834091600756,0.0002877551539675,-0.0336759644934632,0.0427865450668193,-0.0474230637203506,-0.0235561025376009,0.0488238770191238,0.1221339583949747,-0.0228368878987328,-0.0736386416491077,0.0031218932390832,0.1613488687392528,-0.015346266276351,0.0328667627214698,0.0168442600644993,0.1042663424920429,0.0311224109457044,-0.1306226339540652,-0.1078216573453263,0.0041977750645558,0.1487405456828543,0.0498982038737356,-0.0059521696240867,0.0364633855221667,0.0143951011717464,0.0297808111246151,-0.0698123606857584,-0.1027483671326583,-0.0619678545185558,-0.1310369499017042,0.1146156020150896,0.0912991502769526,-0.1497567666714766,-0.030603623909025,-0.1132534801042595,0.2794310150073187,0.1381634354802541,4.020220128797547e-05,-0.0337154419365662,0.0219914149041997,-0.0027311853528,-0.0668816509993163,0.1117438499111722,0.0295261371615804,0.0563026887144457,0.0270370524098377,-0.0937899903306085,-0.1033668351898898,0.0117518099247841,-0.1105866888132221,stop,2347,8,156.18369847388254,-0.0209172184648437,0.069790641225352,0.0537799904621293,-1.0,3.336516341436673,2.5710870951852045,6.048231735470904,2306,0.8695677943660012,7,0.0595722444789194,0.0719267248279174,-0.2234814515452775,0.0,-1.1395380999311011,-0.2699703055650972,0.1128999277042449,0.1124769716453173,158.04912359551918,156.18369847388254,179.7016990544837,2.6427276153146693,0.0668272032928545,-0.0159593057453466,0.016450772339872,0.0537632234572729,0.2780492525037484,-0.002165884051537,1.0,0.0116841416273449,2026-01-07,56.0,4,-0.1964447704257117,-0.0928555323686013,True,False,True,1.0,0.0,0.0,-0.0204596566037788,-0.7779444044655387
ABT,Falling Wedge,bullish,1,0.7888260772331033,5,51,953,954,2020-07-01,2020,0,82.37439810879039,81.1985178074824,88.94336615932912,76.6301080432969,0.5208899202053071,0.0144815488393019,True,0.0126483449679504,0.0122028126166775,0.0054906187050272,-0.010791430390598,-0.0538347174199779,0.0077358740507018,-0.0432382443341659,0.0334949885289455,-0.0088739691936221,-0.0094870298302549,-0.0028190857319566,-0.010766984984566,0.0062328099548396,-0.0123793066100931,-0.0082825003861284,-0.0903672331619827,0.0016640920882333,-0.033243278781383,0.0183847591660066,0.0532259755369615,-0.0029987251548841,-0.0464593146851222,0.0230139800996513,0.0462080160078013,0.0253642141998182,-0.0102816480528536,-0.0309364092083631,0.0089254733103307,-0.0339574826224466,-0.0313172362134884,0.0572865760924936,-0.032045556251342,0.0561954254596765,-0.0249492350432588,-0.0296243913937062,0.0228517373928225,-0.0333866521616854,-0.0452210405107614,0.0318640752739443,-0.0069907336308604,0.0104975456578442,0.048408030198592,-0.0120281401438975,-0.0116467834122947,-0.0180268938519102,0.0504271829633595,0.1018824880323496,0.0709503852922119,-0.0025663262026762,0.0325912921444009,-0.0586530740864251,0.0413410129062086,-0.0958555666383826,-0.0123601434870114,-0.0434696850078941,-0.0085042476591332,-0.0132484609320863,0.0308636238838506,0.1601490423176095,-0.0290086692161861,-0.0878839292324015,0.0642889428462782,0.05110842253525,0.0101006047089651,0.0957097077508899,-0.0381785151332159,0.0617756925597468,0.0125979436848051,0.09334260464522,0.2078055615429583,0.0993215435870056,0.1313613646953899,-0.0560505426622872,0.1138288931148059,0.0903990944952202,-0.0403021082174354,0.1333652619329375,-0.0641477812594795,-0.1099812915560382,0.0465336963614468,-0.0852458178994938,-0.0224464360118535,0.034000765593982,-0.0472007522003653,0.1054602118654253,-0.0632703926203926,0.0253593425437792,0.0188514090165512,0.0456039329380015,0.1262298171669784,0.2077339356581011,0.1783014313951947,0.1227198018221724,0.0724206795711301,-0.0217318004847215,0.0525298218678744,0.1546534820055765,0.222845871693724,0.1352244672645401,0.0136104774573333,0.0627801407226358,0.0266353377791359,0.0070105149632693,0.1078847281680115,-0.0048746380581097,0.1338123492564082,-0.0389061442787005,-0.1425963641612242,0.1293679680916388,0.1266574845706736,-0.0821060259558326,0.0272852650084751,0.0957253603944063,-0.0208670677204171,0.0734727403929375,target,964,11,88.94336615932912,0.0797452631078798,0.0852779244225079,0.0108109251227953,1.1435648227444437,1.222904417461294,0.1550310725670082,1.1435648227444437,902,0.4299727270298825,7,0.0466428460264797,0.1072531396728639,-0.1962930400787415,0.0,-0.7004399294077103,-0.2704672023778258,0.9609086853626458,0.1068227522537956,81.1985178074824,76.6301080432969,88.94336615932912,2.199615048242777,0.0740341547692096,0.0038183794530737,0.0269532548831003,0.0639735445698819,0.7806430336381761,0.0060153813344272,1.0,-0.0009402689836724,2020-07-01,56.0,13,-0.0080620967038985,0.0302865232502791,False,False,False,0.5833333333333334,3.0,0.25,0.0373669913410789,0.731990444342925
ABT,Falling Wedge,bullish,1,0.6534183020990578,3,29,1178,1179,2021-05-24,2021,2,106.6591331551638,105.94120811982782,115.30294235593207,103.8962984203472,0.6146686494687618,0.0067766362879677,True,-0.1034744077848305,-0.1019042727016925,0.0024528757340225,-0.0431343344702389,0.0219923116619384,-0.0193517040705218,-0.0607378074278329,0.0062258084332351,-0.0011683093037265,-0.0114541255007437,-0.0032536038274868,0.0036929616545982,0.0030859361114581,-0.0240402333591062,0.0064101647721563,0.0088318047817912,0.0381187200944637,-0.0370489984416797,0.0535897758412831,-0.0287789049500161,0.0046115622957405,-0.0159784426598,-0.0986776806533072,-0.0855931819722471,-0.0902322856478216,-0.0766121031792077,0.0636796915064261,-0.0064150973589804,0.0418629454511554,-0.0176783004785066,-0.0219896049609896,0.0338377091791015,0.0126673811230066,0.0167828920254529,0.0305810617705517,0.0284034188589483,-0.0150864240235762,-0.0210357709024978,0.0143026836531827,0.0105896974993535,-0.0005661597844726,0.0227795066048672,0.0060623181694881,0.0670674839545111,0.0167828920254529,-0.0958939930289105,-0.0596610411758337,-0.0695678388391994,0.0455081007532942,-0.0159006782617553,0.0413730040872979,-0.0132337199779841,-0.0031009261604704,-0.027080315976691,0.0296718449888162,-0.099693805161689,-0.0108439690862167,0.0158236536996483,-0.0340358581981985,-0.035873755581042,-0.0512771862728848,0.0608614802874833,-0.01827908549216,0.0733430642421133,0.0207694350666314,-0.077433955880321,0.0494181473850237,-0.0181475795430849,-0.0562544359217242,0.0121439760047421,-0.0250686331832676,0.0027738823579088,-0.0485800189530116,0.0225364150203455,0.1877943502307437,-0.0054608920766988,0.0931445000201207,-0.1443107007833391,0.0638525841150716,-0.0025358032093417,-0.0474785826497414,-0.0219366735283756,0.0285858208585094,0.0303610447793714,0.1371208246880122,-0.0143579664870731,0.1843353596128849,-0.0640687324802952,0.0030780421704481,-0.0375031539819801,0.1210476318671784,-0.0122759205737947,0.0542525532114217,0.005988697688527,0.0913380194841118,-0.0471669862422597,0.0730273501754168,0.1016729883859641,0.1040755298499296,0.0741278103600118,-7.809584811446779e-05,-0.047143169891119,-0.0066357437140105,-0.0835180526370037,-0.1061335259224721,-0.0692790827412023,-0.0683243492406643,-0.0208755779089155,-0.2001862661924609,-0.0559650102383786,-0.0103382615462199,0.2223016762158121,0.0980872437615769,0.1358211924504908,0.0450121687833971,stop,1183,5,103.8962984203472,-0.025903405110159,0.0105084564726229,0.1043218526327005,-1.0,0.4056785749955959,4.027341277683468,3.128601610455014,1147,0.7145100937492103,5,0.0154348352141984,-0.0107192378897337,-0.122771626547315,0.0,-1.149127615792698,-0.4346175220434903,0.3512996524835702,0.0722432643273402,105.94120811982782,103.8962984203472,115.30294235593207,1.4726951498337837,0.0450153962620867,-0.020173823658998,0.0138910718900699,0.0648189711864086,0.0490223944230811,0.0077691474987175,1.0,0.003735642169691,2021-05-24,42.0,9,0.1335717752482466,0.0971363695131475,False,False,False,0.0,2.0,0.25,-0.0271439937051425,-0.4323442008548123
ABT,Falling Wedge,bullish,1,0.7556244414210768,3,55,1383,1384,2022-03-16,2022,0,108.7717502901625,107.44568228577543,130.13173681458466,103.1334076685372,0.7137852569871185,0.0123417523736328,True,-0.0174792075926846,-0.0442065866917067,0.0288123904175348,-0.0010013022101019,-0.0096716500283805,-0.0030368365791508,-0.0100914819321769,-0.0192508026242218,0.0261114054139317,-0.0133829094238361,-0.0117530539759203,0.0153055459338495,0.0362553375367293,-0.0005593066803626,0.0129753238971781,-0.0148093454110171,-0.050576856813628,0.0041941563834013,0.0162257014695879,-0.0280317707114297,0.0158439661985623,-0.0384048583362203,-0.015236890218901,0.0115965454038138,-0.0496017372897796,-0.0401006185239847,-0.0101061831467573,-0.0259453892721759,-0.0005812376489586,-0.0416767730507897,0.0024592047165832,-0.0269111631734976,0.07748295259998,0.0347844644908748,0.0003304850447098,-0.005495271201284,0.001546191909804,0.0398473160925665,0.0294071609947867,0.0515660542117004,-0.0159093494425636,-0.0311079751709741,-0.0585727238100379,-0.0339574826224466,-0.0190545137034785,0.0151962879391109,0.0080353301240443,-0.0175584108015887,-0.0889845787962034,-0.0187073809234671,0.0204773346266367,0.0321538402424301,0.0072081394404608,0.0051027481436292,0.0579627594386384,-0.0239094428617542,-0.0914305857242024,0.0252038941956231,0.0920232394064439,0.0148201232033946,0.0160544115109588,-0.0204675053033777,0.0321954642050374,0.0529775412735102,0.0219083852492125,-0.0040938983778613,0.0037981369051813,0.0190866921567913,0.0003663642234901,-0.0890730176805916,0.0032517334103255,0.0486287081916618,0.0206243992432537,-0.0910372689273083,0.0803107427893088,0.0618890026630849,0.2770205053912091,-0.1311601401216757,0.1132197054009074,-0.022453829989865,0.0820321157780659,-0.0144365274069456,0.0712892798916242,0.1115299746514428,-0.0195146162783192,-0.0691884544611904,-0.0756108144149101,-0.0960032751827437,-0.000733414441128,0.1536898107735285,0.0428499461042488,-0.1162203101633041,-0.0750677593227923,0.0231335835556293,0.0309034965812355,0.1211923702044166,0.2907605688266619,-0.0855555323347853,-0.0717030664931446,0.0756580170959111,0.1422698488685214,0.0010111708234739,0.0552271981357699,0.2182253136321299,0.0554617150281724,0.1019175976195219,0.0712274906496186,-0.054587021529964,-0.0065769807324295,0.0909178812417328,0.0572178152427482,-0.0707221384503061,-0.0843872363044556,0.0291994022214769,-0.1234506548391076,stop,1415,32,103.1334076685372,-0.0518364612740377,0.049122817133439,0.0695839420700099,-1.0,0.947649895963136,1.3423744669249065,3.7883449016556767,1328,0.7227676435969925,6,0.0410106352708883,0.2104174341581866,-0.1269995518196812,0.0188679245283018,-1.17151333038885,-0.4487456867918557,0.3081030312166604,0.1420950178745965,107.44568228577543,103.1334076685372,130.13173681458466,2.888393705637811,-0.0297184502402106,-0.0401599412555544,0.0264479536452123,-0.0558915119554963,0.9767451488322274,0.0062139124524289,0.0,-0.0234924338962436,2022-03-16,44.0,12,-0.1369007721053434,-0.08121485221889,True,False,False,0.8181818181818182,2.0,0.1818181818181818,-0.0245002637731289,-0.416117880752433
ABT,Falling Wedge,bullish,1,0.6989349779864318,3,38,1756,1757,2023-09-11,2023,0,96.17109754961142,94.70385917558872,110.47629944110533,93.80569306024154,1.2534741487454624,0.0154929100756318,True,-0.0133829094238361,-0.0094558974849386,0.0180643483700064,-0.0486342215095696,0.0012064474802793,0.0261015586616417,-0.0030973332182253,-0.0410060134236962,0.0486145055585358,-0.000457177686491,-0.0181145607894719,-0.0464177655771165,0.0466087768915659,0.0066235376013668,0.0370765988831021,-0.0122215850005564,-0.0065434044649006,-0.0119978945300183,0.0667753301512605,-0.0046787459924274,0.0204794853051477,0.0115473139591,-0.0178793694573127,-0.0478656021227477,-0.0183422705695811,-0.0347640506970985,-0.0550024027653806,0.0766757978693306,-0.0287563076666632,0.0051792325067352,0.074729374848905,-0.025645523930688,0.0229030881974749,0.0160513260263308,-0.0113502672552791,0.0436802020232693,-0.003016562448702,0.1845835297189753,-0.06314726817832,-0.0347771530477294,0.0032339140636405,0.0110176071078138,0.0182803626357164,0.018547911921747,-0.0244647426174297,-0.0575635055383801,-0.0548010765479607,-0.0254126176425454,-0.0913953711707371,0.0182219467466064,0.0551677361064086,0.0465041226974789,-0.0351419482332078,0.0276524690684938,0.0097596234273511,0.101157512715333,-1.787077428261341e-07,0.0220351562511618,-0.0568481668268646,0.0177682537629337,0.0882686222580639,-0.093519282567683,-0.0516781405806487,0.1232873579277014,0.0390663145506053,-0.0177310691767195,0.0278507680923216,0.0488022182588703,-0.068762473777947,-0.0668566040410185,-0.0451021637941582,-0.0277442895428055,-0.0421669435457402,0.1071084059099438,-0.0580375169228771,-0.0222324921986056,-0.0569419283344508,-0.0134729012443769,0.0420932367389836,0.0577955353166657,0.1375518368135182,0.0096685308478239,0.3121013381260711,-0.0375031539819801,-0.0282986344267623,0.0188514090165512,-0.0242786971614773,-0.0217500138894963,0.2466509049853475,-0.0208037992859161,-0.0392251590175587,-0.0938248874511614,0.0249842486991076,-0.0002099623582438,0.060554339654393,0.0513162223267349,0.1196741762854161,0.0527428782201031,-0.073749613650902,-0.2359544714482366,-0.2106733797189497,-0.0528889787143781,-0.0469109206816071,0.0818535123219252,-0.0306948477781465,-0.0829523086737025,0.1321424585083936,-0.049928860090999,0.0462242353661603,0.0038821306513279,0.1222782018201593,0.035229602373318,0.0649153600208922,0.1266860300990726,0.0192969603545589,stop,1764,8,93.80569306024154,-0.024595793846999,0.0122106267420516,0.0343850459957484,-1.0,0.4964518249750037,1.3980051308628023,6.047676816282977,1718,0.8433328660003435,5,0.0790497056730928,0.0521138194039825,-0.2130687070511321,0.0,-1.3648147476200512,-0.5214818816197038,0.0921578758660284,0.1059392837649562,94.70385917558872,93.80569306024154,110.47629944110533,1.682278419902149,-0.0304780369185586,-0.0387398320134843,0.0174788990107332,0.0669946798230547,0.7364333978974739,0.0006947191443658,1.0,0.0062830852838873,2023-09-11,52.0,9,0.1248999750790025,0.0096081636846954,False,False,False,0.125,0.0,0.0,0.018433528053235,0.4199525060369675
ABT,Falling Wedge,bullish,1,0.6098449882030579,5,40,2099,2100,2025-01-23,2025,4,118.73504559835898,109.06988354591437,117.89554693365056,106.77593470862269,1.1257594357027023,0.0886143978358235,True,0.0507382398440625,0.0585604822159158,0.0123850397231111,0.0333711280514616,-0.0452793119671085,0.0130396216143156,0.01231544953827,0.004294866809219,0.028808243551629,-0.0248551412965825,0.0146479935035019,0.0430342244549784,0.0231522669859918,0.0159078626566875,0.0357512688357397,-0.02124929267795,-0.0321997551509615,-0.0073989368152289,-0.0302125607200508,-0.0170681438041198,-0.003284687484948,-0.0316893126310423,0.0495646986852168,0.0459256220636767,0.0516487009669084,0.0654950630373603,0.0060199335685695,0.034212301985953,0.0229030881974749,-0.0557786372842095,0.0376676488383218,0.0177647962250049,0.0046319012689177,-0.0909877972576939,-0.0091902537846104,0.0210307275436172,-0.0069907336308604,0.0496869823625443,-0.0233333972917371,0.0620749620998577,0.0229030881974749,0.0176198081416827,-0.0002625204155839,-0.0030537501410651,-0.0209498990864412,0.0383524564349479,0.1005794645273585,0.116764867816318,-0.0083577433001652,-0.01827908549216,-0.0147673497134183,0.0132771444162291,-0.0024128190997553,0.0064799717099648,0.0648622315248956,0.0215463887491498,-0.0789072849174733,0.0001639560170747,0.0286495052603215,0.1273174842926958,-0.0163285796944409,0.0106869664277207,-0.0097315057072158,0.0782476470814943,-0.0565490138398898,-0.1124998357688144,0.1020793104472328,-0.0238555636102928,0.0949983732882008,0.0305898606226626,0.1029624994799517,-0.2230770580085045,-0.0299951471620812,-0.027424355043245,-0.0192813007469883,0.0462608502391701,0.1008538708077542,-0.0890730176805916,-0.0893803688207598,-0.0345221883872335,0.0598070922031843,0.1274917089831111,0.0593106614649308,-0.0524272371487465,0.1362650598934742,0.1630490109451399,0.0003008642885533,-0.0179473071899748,-0.026776025775419,0.0022082525301863,0.0625990916520109,0.0231777377704641,0.0644562374214654,0.2192326478845864,0.0312549006897997,-0.0408426019899271,-0.0418226506063085,-0.076288331251957,0.058103490501294,0.0466144509892401,-0.0443288500130685,-0.074957635452868,0.0531132600625203,-0.0119416329373061,0.1136168193936009,0.1780442818577852,-0.0230765475070761,-0.1339338986121883,0.034521081497455,-0.013320332271857,-0.0266053511070731,0.2134268539358499,-0.0084790700272334,0.0123351517334555,0.0521845679772585,target,2100,1,117.89554693365056,-0.0070703528219305,0.0251244140881233,0.0033444493430342,-0.0701974145443287,0.2494456719977081,0.0332050893170816,0.0701974145443287,2055,0.6955743098788301,5,0.1101780832769254,0.0142516835380224,0.0437400967501599,0.0,-1.0750532194985398,-0.3794789096197119,0.4017193938198374,0.0716783099644173,109.06988354591437,106.77593470862269,117.89554693365056,2.36490873768824,0.1240745875945343,0.0744971809491912,0.0198156942215001,0.1975597609752382,0.9981647471872738,0.0029716244886743,1.0,0.0314640877595726,2025-01-23,37.0,10,0.1110958189195088,0.0825921380829282,False,False,False,0.0,2.0,0.2222222222222222,0.0223644425505741,0.7365412048317325
AMD,Falling Wedge,bullish,1,0.8166000455836513,3,34,1590,1591,2023-01-11,2023,2,70.06999969482422,64.52761513846258,84.52286311558316,59.778963033435446,1.30970007882655,0.0858916689307183,True,-0.0336806139664631,-0.013437128501302,0.0126491584301744,0.2858490211253246,0.0207970712472067,-0.1000287466638659,-0.0380758970512135,0.0657934780830211,0.0665212270013173,-0.0234857915496676,0.0172312722415077,0.0371217649758626,0.0209526287907655,0.0596453144750777,-0.0461689835893075,0.0135135160014461,0.0267993427679906,0.0479347560716714,-0.1449786992599511,0.0244705841320902,-0.0449712506626851,0.0242274139491485,-0.0499704729922588,0.0726417010054751,0.0522721896783231,-0.2466056874118509,0.0244748464008099,0.0906148799894199,0.0403391166390665,0.0823238676134097,0.1575209705732274,0.0146272150528898,0.1627533402527123,-0.1530864431552442,-0.0471662851002196,0.0875621987800747,-0.1389421502616331,-0.0957264875057657,-0.1245519183381319,-0.0426862462495081,0.080135723956527,-0.0214204715709898,0.2244178043792561,0.1346440719345869,0.0665119721961828,0.0578546850967341,0.187526751061468,0.1612582450163699,-0.1620570351891413,0.1408096127709235,-0.0961820467657521,0.1138423477295647,0.1985471361022524,0.0020263888938276,0.1406992665537587,-0.0781785969458239,0.0654426512808519,0.1205203172637194,-0.1722640567531104,0.1203955939985912,0.2241270277235243,0.0965594309098192,0.2968782632847206,-0.0758064201049317,-0.3098991951373275,-0.0423181184611187,0.1149800548198429,0.1386363867557409,0.1456888006249714,0.1798201588268566,0.206946099815756,-0.1124957364955586,0.4045872436169002,0.4983522141761891,0.080992305232266,0.1360976056354801,-0.0613037890824812,-0.0916391243957567,-0.0337705143162462,0.5424468471744577,-0.1521235749840986,0.0189069306100309,-0.1046189112959531,-0.1534483300094495,-0.0552455227066553,-0.079887898160685,0.091708939236583,0.3880055393510995,0.1087814933097899,-0.0780493061431534,0.1370215082266677,0.1056042628778853,0.3626374164803416,0.3260748766061472,0.1856760792559668,0.4819943998271232,0.3626135010932463,0.0437912651564837,0.2179967690515472,-0.1146953010517423,0.3288482741285363,0.361618978540343,0.0283996115203091,-0.1083981312536515,0.3501498029239633,0.361618978540343,0.6015145815500211,-0.2315308404688824,0.055045892295755,0.2739015387981192,-0.0252366551868438,1.6890684126121345,-0.0718048312588904,0.0575879054668222,0.1202294049033064,target,1604,14,84.52286311558316,0.2062632151235262,0.2199229874300634,0.0412444612849329,1.404412781365851,1.4974199557491226,0.2808268481339209,1.404412781365851,1554,0.6495206647412313,5,0.0029385821319543,0.1178339259356711,-0.1359661341947513,0.0,-1.351925883098536,-0.7024052183573046,0.4943146353639082,0.1942515474475745,64.52761513846258,59.778963033435446,84.52286311558316,2.7728573935372487,-0.1548494566946535,0.0122952620415681,0.0401514261738081,-0.1091331198506875,0.9633508689938366,0.0049962721916709,1.0,-0.0040452117957777,2023-01-11,29.0,17,0.125089959658986,0.0372259249052417,False,False,False,0.125,1.0,0.0625,-0.0128320786299485,0.2712969271969693
AMD,Falling Wedge,bullish,1,0.7085889740428746,8,78,1774,1775,2023-10-05,2023,1,102.16000366210938,103.5541869345983,131.60790866893126,93.51672399599602,1.0035759246967948,-0.0134633211245186,True,0.0648981696921864,0.0371948050068167,-0.0395802757928811,-0.0201931586926435,0.0008150872969598,-0.0929637069954081,-0.0939002461876943,0.1248947881928221,0.0135620832984628,-0.0711892343105193,-0.0085541382182682,0.0153564224250073,-0.0055705767746029,0.0608225073469199,-0.0530440088214011,-0.0567647148581111,-0.0009804353408833,-0.0342784382018617,0.0717671962683053,0.2338902161551743,0.0415035014857005,-0.0465908907415456,0.0629480708155098,0.0023492350740639,-0.0082203130637721,0.0784849652518793,-0.0786311508584838,0.0324701270838223,0.0285700047684194,0.1585697302323669,-0.0798288475421035,0.0035640334236453,0.021091367360764,0.1419302522975196,0.0599221386171886,-0.0691615366442887,-0.0304911807501337,0.1371807762349766,-0.0975039024770537,0.0585625395389799,-0.0369656101537241,-0.0562943476448843,0.2000000234030519,-0.2278287125090426,0.0097946464838787,-0.0103225307317749,0.0555011547150938,0.0346701676246157,-0.1658316441766426,-0.0097104915290295,0.1434343566676579,-0.0620025896848042,-0.1473153170238124,0.0563478552776834,-0.0551993532916571,0.0465489503956944,0.0377020721383052,-0.1092456575849898,0.2786625133557008,0.1769727228888802,0.0588623501370244,0.3658669045063139,-0.1478494643871001,0.0332303183245576,0.2383389851912323,-0.0545734070450507,0.1931748998031743,-0.1164285796029227,0.0174518834970831,0.1882340939526745,0.1002419421637406,0.263399653128362,-0.2823454149811537,0.1215318582229891,0.2253909691866686,-0.0277580531740723,-0.1792618507983089,-0.0238896208914612,-0.0718368241210175,0.0003568960998736,0.3086077326751459,0.2802124933231718,0.2381705429214622,1.0011018610578986,0.6378803946358766,0.0003568960998736,0.1943128107746576,-0.1221719424895875,0.0288888840448289,0.2842256901655318,-0.1336242928529721,0.0510566598012861,0.3564995777545503,0.2318547703946816,0.2768421728818873,-0.2577021870310285,0.1593283845905257,-0.1289592766689695,0.3504993466387862,0.219525456832627,-0.0704793845211279,-0.1607017517089843,-0.1713046348076163,0.0446788663330746,0.0998953851242974,0.4342842347229809,-0.2167832405679444,0.1339378526341337,0.0141575851580737,-0.024220715343982,0.1706495458568764,-0.1442833420402712,0.3023402020723,0.4161457840255476,0.284107063545491,stop,1789,15,93.51672399599602,-0.0846053186793209,0.0895653246719496,0.0884886510519989,-1.0,1.058625226759426,1.045899388280741,3.407029061234089,1695,0.5044354860623356,6,0.0859455517189247,0.5481103306779045,-0.1833076444384981,0.0,-1.1342295708536705,-0.629794084791338,0.8045051060185135,0.180792030062037,103.5541869345983,93.51672399599602,131.60790866893126,3.4685728890555185,0.0651125584144236,-0.0316904351976558,0.0337049146402141,0.1118194293054479,0.7608086715623794,-0.0063418471668129,1.0,-0.0423797463162536,2023-10-05,29.0,17,0.102553213923916,0.0423326586645267,False,False,True,0.3125,2.0,0.125,0.0221756712990947,0.2676086078521665
AMD,Falling Wedge,bullish,1,0.7212409943321222,8,88,2116,2117,2025-02-18,2025,0,114.25,113.10686001506885,174.03821302013716,103.80697508897822,0.7459441142167914,0.010106725487551,True,-0.0900656535275916,-0.0641017868451291,0.0358262086786329,0.234625913015867,-0.0336931236368727,0.1269841124015707,-0.0124334227777059,-0.0244729221394165,0.0215946810771821,0.0828599905429157,-0.1242264465250033,0.0524579406335683,0.0999607688820596,-0.0400190287791385,-0.036847553068996,-0.0904457883892247,0.032958769124384,0.0982948361071991,-0.0409134439401938,0.1317597297295085,-0.0366501742932883,-0.1571815554730052,-0.1060876280860938,-0.1181619256017505,-0.0637099955304508,-0.0283080555220538,0.0138454317322564,0.0157583784911616,-0.035933378868984,0.0148074646432077,0.0650405860432525,-0.1945792718264305,0.0993560197862417,0.04457324798415,0.3952849277262611,-0.0521694820782052,-0.1763054824974437,0.0543697614109868,0.0893287797692574,-0.1561651698454662,0.0368247445685798,-0.0256877158096745,0.0735662747964127,-0.060825662875394,-0.0679897550390773,-0.1234015077312024,-0.0940043576697551,-0.0135886564806377,0.1164383120636904,-0.0882552123191159,0.1951271014057227,0.3621251190596244,0.2294693241934216,-0.3054401100966692,-0.1107664390667585,-0.06590909803285,0.0782867279700811,0.7237943707872807,0.2674252605257052,0.2102195852042916,0.0585110714154504,-0.1186805834938717,0.0059524464195026,-0.0199365040612599,0.0817589009497103,0.1732040640226895,0.1579901157918883,-0.2181259641119624,-0.1806637821010837,-0.1659518519428678,-0.0498149780325229,0.1205997440422583,0.21810697811916,-0.0270781046647945,0.5746269389658385,-0.2326486232477027,1.2976629197871086,-0.0797134619174346,0.235463184136961,0.3108496572457107,-0.0195214368628872,-0.066758300793871,0.3064964124160028,0.8036544541828186,-0.0854783980494837,0.63999997652494,-0.1602627826465787,0.036688347276176,0.5777126038195775,0.4230478434342919,0.1803575801852586,-0.4186421285405353,0.0303720019317559,0.0643386698375263,0.6136296211533652,0.6128756678790204,0.4644573237448632,0.6055045379912884,-0.1195592371393626,0.1684782890381118,0.3110300946833879,1.5306450853055091,-0.2203103297576913,0.6549999237060546,0.0393996324864776,0.0122057006442164,-0.0693109079569327,0.1080428051971762,-0.313047005522444,-0.2183098607314593,-0.0536708265316842,0.0546207753562071,0.1095657935003924,-0.1976270845551244,-0.1743089979928126,stop,2121,5,103.80697508897822,-0.0914050320439543,0.0201313177396743,0.0930415514522359,-1.0,0.2202429919831301,1.0179040406385358,5.725181499570634,2028,0.6695899467145345,6,0.0304924883383914,0.071352496656315,0.2112455756620004,0.0123456790123456,-1.5691718553062457,-0.8995819085917084,0.357683032057945,0.206409990470446,113.10686001506885,103.80697508897822,174.03821302013716,4.337857382638111,-0.2153443273334193,-0.0585033022500239,0.0379581504110408,-0.2244842677391447,0.3952378184354686,0.0083996869182458,1.0,0.0232771685222745,2025-02-18,22.0,10,0.2124288506787095,0.1537778023578668,False,False,False,0.0,0.0,0.0,-0.0755213137701227,-0.3476643756027051
AMD,Falling Wedge,bullish,1,0.77995826737504,3,31,2266,2267,2025-09-23,2025,2,162.97999572753906,155.1784291808858,191.75501312702863,148.63744190865236,1.2601130663544418,0.0502748132445602,True,-0.0073015245588521,-0.0098147121750913,-0.0443124771118164,-0.0440433641552602,-0.0341778778322944,0.0712302936355167,0.0608696032398088,0.0629220663472769,-0.0363573153591697,0.1459833794449825,-0.0941675909590821,0.1675681372230812,0.1482946159844413,-0.0412232751875477,-0.0176331109907734,-0.0840077489358612,0.0642427106749365,0.0876058905863883,0.0,0.1368334309164141,0.1051316174282244,-0.0248480411829106,-0.0387970717471698,0.2977665974444292,0.290829112119801,0.0462555153990045,-0.0463178379000944,0.2719136985185393,0.1585903685195044,-0.1729144233056533,0.1135241466474299,-0.0002270079495614,-0.068726875861914,0.0799079823552437,0.2699141430521834,0.0073800314677328,0.0192982894476356,-0.1945792718264305,-0.0551098681374784,0.2385031301177234,-0.0940402389473871,0.0296619284280688,-0.0382683810896854,-0.0223396733122052,-0.0647679882516435,0.2738837140758786,0.4604859799924297,0.4502829438023437,-0.0502084156178028,-0.1921747959595332,-0.1445403978852252,-0.0442663100077697,0.0043592144351201,0.1490565912118371,-0.2266737101694916,0.1437085890612066,0.0185582784710736,0.1310157813375243,-0.0843263143135765,0.1163657851591806,-0.0314487425315167,-0.1807277629469159,0.3216264287131953,0.1119023794513933,0.0396316142980066,0.2356495036874186,0.0874619361747213,0.0466301918935176,0.4379059877693115,0.4129954554123247,0.4196619469695355,0.1343503731907878,-0.2298524367377025,-0.1402606474451259,0.0459920084309244,0.1557483848769842,0.0840376046780726,-0.0453171781093421,0.1599399358841557,-0.2028831898731065,-0.0192368268863217,-0.1033867120508024,0.1481481595237588,0.4572232510453737,0.1097475016073137,0.3986265372375079,-0.0171211229596086,0.6878420393210585,0.1550239153232104,0.8240575231724039,-0.0995132598899225,0.2878371623953437,0.2155479556002746,0.2051793312264322,0.2042750162973647,-0.1721177122670125,0.0516690214782231,-0.1721177122670125,1.2006756266945038,-0.2126804812917133,0.1901408878856496,0.4598602879823168,0.5659953077880395,0.2387314594857736,0.7153076056825347,0.4472148088775933,-0.1531480404573413,0.5773290372178697,-0.0805062397975263,-0.0941120812956466,0.1582975903198122,-0.1069423957064428,-0.1613636473650446,0.6918137928706645,-0.0018681510063557,target,2275,9,191.75501312702863,0.1765555169580077,0.3910296518406371,0.0503129044250957,2.0062687414564744,4.443421429062832,0.5717250255281726,2.0062687414564744,2233,0.7749452446438354,7,0.0805671772972172,0.1783573195675378,-0.319351726512048,0.064516129032258,-1.0781009125311092,-0.3031556678872735,0.2487875010171093,0.2012778986665906,155.1784291808858,148.63744190865236,191.75501312702863,5.718571254185268,0.2683977319003305,-0.0263827048674283,0.035541152710449,0.4132630307681391,0.404303862159597,0.0045685650979465,1.0,0.0351437386662962,2025-09-23,22.0,10,0.4829544216939387,0.2930310864477055,False,False,False,0.0,1.0,0.1111111111111111,-0.062977096256181,-0.5517669088497451
AMD,Falling Wedge,bullish,1,0.6915448787242203,3,18,2507,2508,2026-09-09,2026,2,509.0700073242188,464.8900146484375,532.3385358537962,439.0977438649829,1.10228823940952,0.0950332149189985,False,0.0155577480429172,0.0157161271937472,0.0686695465176152,0.0708208046236626,-0.0189698764469372,0.0012053156252087,-0.1532151132870711,-0.0145903253395943,0.0615627307287125,0.0753470148512869,0.0846777082411445,-0.0189645925744996,0.1318865557390021,0.0375243521576873,-0.0477687541314603,-0.0882255002718513,-0.0201969468795604,0.044903101091422,-0.0425960451211343,-0.0323851407839853,-0.0627315162031613,0.0446913069567009,0.0094755167682578,,,,,,,,,,,,,,,,,,,,,,,,,,,,,,,,,,,,,,,,,,,,,,,,,,,,,,,,,,,,,,,,,,,,,,,,,,,,,,,,,,,,,,,,,,,,,time,2512,5,516.989990234375,0.0155577480429172,0.0357121661347505,0.0564559301048138,0.1131874619829924,0.2598171300600045,0.4107344729343565,0.332539314569023,2487,0.5923651479082894,5,0.0018003273026348,-0.1346578309909779,-0.2090530369171704,0.0,-0.92071101834191,-0.3283458704336262,0.5943619366861539,0.1458659967570503,464.8900146484375,439.0977438649829,532.3385358537962,18.50428336007253,0.5154294788441183,0.0451472664633014,0.0355100445730511,1.564089881124398,0.7214877884830831,0.0034800684138294,1.0,-0.0105896661783442,2026-09-09,26.0,18,0.5049199929478538,0.2134725368295642,False,False,False,0.0588235294117647,1.0,0.0588235294117647,0.1169843530313844,0.4455582930270185
ACN,Falling Wedge,bullish,1,0.6978392634062741,3,53,785,786,2019-10-30,2019,0,167.0949143483695,165.28566444345654,186.51314782471843,162.43331795889492,0.657931640304597,0.0109461997869264,True,0.0164911065494854,0.0067251559227836,0.0163205970986195,0.0175305691822797,-0.1083237521605984,0.0730067520780566,-0.0051088755859983,0.0351001103070469,0.0144133855876087,0.0029455547511911,0.0132340861871473,0.0170750484396635,-0.0046264355624628,0.0184420706946468,0.0324683280988744,0.0262486539611843,-0.0150164004965248,0.0110055431118638,0.0045876561010269,0.1147677473097807,0.0072762323163433,-0.0263534440569579,0.0042414351813458,0.0448001722189426,0.0284584245498507,0.102963538697484,0.011393651419074,0.0581424077028009,-0.0232501661208762,0.0199504786355597,0.0499559247859484,-0.0020680237777793,0.055343717003391,-0.0321626578468585,0.0498596355155205,0.0231211331583234,0.0397473801861176,-0.019288703051799,0.0118938871446081,-0.0368163894472821,-0.0106792591229947,-0.0400780926052383,0.0299494444072088,0.0243649981413955,-0.0025673639010397,0.0293113951727643,0.0810594824529991,0.0437397231264009,-0.0595160919708386,0.0134664841295046,0.0728002480762572,0.0511645941223748,0.0272122490732122,0.0483387168238693,0.0272060701812988,0.0878212928773474,0.1254889822425939,0.0799477561581885,-0.0493587984273498,0.0272060701812988,-0.0809548191698078,-0.0994155172944076,0.0549368127661926,-0.0037400981493989,-0.1414594243319891,0.0263539975561739,0.0364662663950396,-0.0389001806724308,0.0708062519246426,0.1399871397022898,0.0731820515997525,0.179228144532253,-0.0169391509200659,-0.0948553198834584,-0.0589505512121479,0.09902515154686,0.0774866893518673,0.0385204074718392,0.0227876544067748,0.0695911486520428,0.0889564519978902,0.0938079461547221,0.0743159569888911,0.0357017106059118,0.0083534496743826,0.0180332722908436,0.109533317829735,0.0869148140599378,0.0341019540892437,-0.174975167905626,0.150286885222536,0.0979409014545681,0.1337174220179504,0.0535963504358449,0.0076874292689013,0.0904560704218491,0.0178986964852059,-0.0110771377389859,-0.0859275282817583,-0.0862266488133867,0.1642567660770633,-0.0686532311892255,0.1823412387392726,0.1118508887919111,0.1817611205272802,0.0465859040869343,0.0729863815703166,-0.2001725311511432,-0.2037601402029296,0.2224903235187445,0.0172396406099109,0.0426992663153014,-0.2650396761211812,0.1185171428411706,0.1159217232301878,target,817,32,186.51314782471843,0.1162107988269744,0.1208638688622499,0.009776575464202,4.165575878725427,4.332365165922581,0.3504413302489577,4.165575878725427,732,0.7679224942092733,7,0.1000267932753759,0.0362997019817792,0.1125105747034413,0.0,-1.0250608196954645,-0.2571383254861905,0.1793643032830361,0.1107012945918556,165.28566444345654,162.43331795889492,186.51314782471843,2.57391310017772,0.0450217357413647,-0.0180693665869319,0.0153692257477535,0.044548729136981,0.8327303799715937,0.0018935052529001,1.0,0.0558216642550057,2019-10-30,54.0,20,0.0288298542859157,0.0578040800343553,False,False,False,0.1578947368421052,2.0,0.1052631578947368,-0.026128011038098,-0.7339540218371113
ACN,Falling Wedge,bullish,1,0.68840886296285,3,27,1188,1189,2021-06-08,2021,2,259.8703940416913,257.8996212967403,277.77603583196424,252.0730351149428,0.5770281189195448,0.0076416271378834,True,0.0109147623211236,0.0078427731314651,-0.0185622994599858,-0.0072484260083216,0.0122962835030251,0.021205645011932,0.0702834773321241,0.0191749720038385,0.0209806083237638,0.0265393226957952,0.0084704735517113,-0.0596905809716022,0.0350004006089486,0.0042486374615215,0.0233814022934333,0.0378655898784074,-0.1128545453256145,-0.0080999690093532,-0.0118709600851817,0.0314685753596151,0.0080086182222387,0.0310066571234384,0.0043345681956369,0.0090427494868621,0.0059373961050064,0.0164237774677566,0.0686116626630128,-0.0392783656080713,-0.0246720754141178,-0.0291494265880966,-0.1122217444142553,-0.1833701990717623,-0.0346018322162759,0.0321850562724059,0.0833689282267933,-0.0802817311048867,-0.0992875265976748,0.0236625386609445,0.0606986180554933,0.0275748240262825,0.030007395495236,-0.0139475480125024,0.0012257662852115,0.0796411773488825,-0.0132689531755328,0.0193767323719199,0.0936417351065499,0.0636278897785946,0.1064143418467251,0.0702739541157053,-0.0140982657651264,-0.0498585834648991,0.0513164087689763,-0.2219131743052916,-0.0549123910181176,0.178652513538881,0.1247722756573885,-0.0179953521063472,0.034905454013369,0.0968657605832559,-0.106384640432672,0.0085592062923616,0.0353742753504107,-0.2821644767044082,0.0406964049538676,0.0525329246456189,-0.023117695186745,0.178652513538881,0.0832131623904582,0.122091609346979,0.0813614332008068,-0.0331050327656782,0.1087067518939655,0.051529525344595,0.0294836820729147,-0.1673914257795085,0.1040891686631524,0.092702613476014,0.1306696926718329,0.0923060569753946,0.151116383386721,-0.1465538701886952,0.1116409875514179,0.3651638546582145,0.0735295376751028,0.4151538685180826,0.1409900227932485,0.0769647469061112,-0.0823003649110575,-0.0515592126594531,0.0692501272821035,0.0454722536687551,0.1969402981469528,0.125816813720228,0.0656699522229484,-0.0672386021525391,0.1349100943816485,-0.0001368419046204,-0.0403747003199713,-0.0155552714166536,-0.0169094161865444,0.0703635234467525,-0.0285779835782481,0.0955259201601705,0.0565590770837498,0.089861532029607,0.1169978082262404,0.05926986459951,0.0115847834960562,8.14050543747058e-05,0.089861532029607,0.0542064539034237,-0.270570005006237,0.1407580437839954,0.1696259396542893,target,1206,18,277.77603583196424,0.0689021997149867,0.0779582888193952,0.0081243194270668,2.296372651109893,2.5981940070520984,0.2707673342559353,2.296372651109893,1159,0.5966590960612237,7,0.1411450115736034,0.1037540414942335,0.3328490847945959,0.0,-1.2495837660721685,-0.6529246700109439,0.6139248849466201,0.0574901143921596,257.8996212967403,252.0730351149428,277.77603583196424,3.652118648825714,0.1061877733081104,-0.0132915786543585,0.0141360055296262,0.1177627427734868,0.2070309706029617,-0.0006732735262521,1.0,0.0103840027414769,2021-06-08,40.0,15,0.090151022087022,0.0947253321344721,False,False,False,0.0714285714285714,1.0,0.0714285714285714,-0.0435049165849162,-1.465040647934292
ACN,Falling Wedge,bullish,1,0.8672273255620012,5,72,1382,1383,2022-03-15,2022,2,296.8324598705448,285.98890170834466,426.7731657079603,271.46046033305856,1.4580847027142814,0.0379160103676281,True,0.021205645011932,-0.0278688235845308,0.0084704735517113,0.003801119284595,0.0374039095858389,0.0068703268888479,-0.0740304445981732,0.016680953063112,0.0325388821811916,0.0146522904669266,0.0570232732096573,0.0161612707117895,0.0046813121446149,-0.0166666899681602,0.0332905826041354,-0.0059765853392832,0.003801119284595,0.082474209734777,0.0138206674822809,0.0081833896089402,-0.016382316800482,-0.1569842715345162,0.017714971433812,0.0624318443812961,-0.0145499125690282,0.0263961455393748,0.0668126738384136,-0.0314856006846043,0.0322646977595062,0.0359878281650676,-0.01311976096994,0.0426689199032586,0.0004065952525154,0.0272899818103506,0.0154266772164894,-0.0145925916194512,0.002829890412259,0.0741898041251203,0.0372881616658318,-0.0354994839424508,0.017745385907216,0.0395679041090886,0.021787904485603,0.0342976358811293,0.0277891055901156,0.0420292506590514,0.0188978513276742,-0.0038091964318434,-0.0936541855475803,0.0374567101295775,-0.0145437522674554,0.0571808226352226,-0.0430999810100617,0.0506298034063854,0.0237574215146618,-0.028337455894605,-0.0614690649026627,-0.0905912148226759,-0.0305128400668822,0.0127741137873416,0.0786900940217734,-0.005683100705349,0.1006166503252468,-0.0526531099967357,-0.0229626412095592,-0.0473315357825271,0.0721892593083997,-0.0892092608266286,0.02623551472288,-0.1212879435617567,-0.0377316084988268,0.0107736799088662,0.0533988469170214,0.0137025436316515,-0.2067330652142198,0.3620868273460216,-0.1409651297115129,0.1546839758961535,-0.0663833395426399,-0.0160327334794329,-0.061851115239255,-0.1801048385661653,0.0057746612027353,0.0614232461400663,-0.0823003649110575,0.0934950848552149,-0.0161081470518049,-0.0132168843698197,0.0109618553175034,0.4456491895458461,0.0839498141823811,-0.1468981489046344,-0.0759670990699742,-0.0126883520971522,0.1882772520343389,-0.1955437193503272,0.1224141227349098,0.0926144951777827,0.1790528088908929,-0.2181237869202987,-0.0646853340681148,0.0265368792944111,0.0024972874814626,0.0528417637776317,0.197926348869341,-0.1146592677259316,0.0932415633888836,-0.027844746537998,0.1181323136306311,0.0466434815120007,0.0787796223544539,-0.0470071891994091,0.0487015556342937,0.1210602877110542,-0.1110098860044746,stop,1419,37,271.46046033305856,-0.0854758254826697,0.0768076800140009,0.0938579557392107,-1.0,0.8985895085572908,1.0980643381822677,5.121421575206657,1308,0.821286236859802,7,0.0344145340674646,0.0804260618216854,0.0259646984105332,0.0,-1.328020956407029,-0.5067347195472267,0.1668688580458056,0.3111895006177658,285.98890170834466,271.46046033305856,426.7731657079603,8.803732739992004,-0.0582101390780314,-0.0678661189782837,0.0300753502447742,-0.0667083498377868,0.8965515663675903,0.0117653112427553,0.0,-0.0292697608674308,2022-03-15,46.0,21,-0.0738862131735473,-0.0535528479190452,False,False,True,0.45,2.0,0.1,-0.0276815914217026,-0.9605462538669668
ACN,Falling Wedge,bullish,1,0.618595720650151,5,93,1470,1471,2022-07-21,2022,0,267.8701189995838,267.5159272667063,334.000922373059,240.01388734106865,0.6392475162415486,0.0013240024117306,True,0.0562779960553929,0.0383546749937595,0.0190232542474657,-0.0508589044387979,0.0060860782746137,-0.0366693286856693,0.0473586554692415,-0.0035272672968365,-0.0042217320843418,-0.031996590929494,0.0027721841870087,0.1434447709483337,0.0520555449251058,-0.0421875317891436,-0.0076916459593756,0.0365167205615444,0.0380407647441181,0.0353213904871656,0.0074640247573531,-0.0049927676810687,-0.0062133464334316,-0.020245421409044,0.0473040534606555,0.0803821668882174,0.042153658308919,0.0058531788586604,-0.0118248231836675,-0.0042310766515296,0.0570983712546999,0.0162723905996131,0.036219727682669,0.0287299191838703,-0.0139862740587779,-0.0073485601723392,0.0064375429742975,0.0735752879872135,-0.0697800062431862,0.0456544160338978,0.0111387226354953,0.0369355319368831,-0.0785078899384917,-0.0244165028507458,0.0393354028587071,-0.0081303231523012,0.0618138368293712,0.0703402232590004,0.1111649529825167,0.0385437976336053,0.0372578244464143,0.0720591751900565,-0.0804444390919216,0.0156668444053234,0.0647956567370893,-0.0344112686734272,0.0297506298456742,-0.0553174735775218,0.0724386038505806,-0.001831500189923,0.2280214719605409,0.0151210817964813,-0.0368858361741806,0.1347073838051808,0.0109544245283712,0.0967231937172794,0.0032050929355074,0.0002600639928733,-0.1476855210559811,-0.0255199447415367,0.0912216797971726,-0.0515479408781028,-0.022027874381669,-0.1169587052754388,0.0239245887424861,0.1335433369672434,0.0493916840365675,0.092702613476014,0.0711708357575262,0.0946158613051728,-0.2049403790142454,-0.0365520832835032,-0.0367635396029751,0.0009442679781594,0.135358730599556,0.0623732736903406,0.0189132617280844,-0.191152845400343,-0.2933057819826415,-0.0622462975495503,0.0040368489449478,-0.0084651996971444,0.0281891126579465,-0.039786920082013,-0.1170652340633783,-0.0172432919503426,0.0163670175045658,0.0980574639152298,0.0006166974466716,0.1086960395121789,0.1319551413420507,0.0336596221040295,-0.15468217660198,-0.0033221720484316,0.0399008860131913,0.0365064568316422,-0.1404934945735614,0.0712492329201004,0.0932966293951493,-0.0203346145444951,0.1884919276343066,0.1662191104233961,0.1492183247927878,0.1196189793085311,0.0255898765067277,0.1087787625346941,-0.1705347195842176,stop,1515,45,240.01388734106865,-0.1039915603970684,0.1230604542341692,0.1088697826436223,-1.0,1.183369628884214,1.0469097898707116,2.37400392788808,1377,0.5178573086724149,7,0.0937150312101712,-0.1571616968647293,-0.0340976486958268,0.0,-1.0355883580997949,-0.5177310494273816,0.8272148394807269,0.2175820432729569,267.5159272667063,240.01388734106865,334.000922373059,6.570920866302899,-0.1226645456250797,0.016018041338857,0.0244868112453372,-0.1566440969664604,0.9705487035138116,-0.0017038673049217,0.0,0.0651726253613247,2022-07-21,46.0,21,-0.0617832785646427,-0.0434730777187484,False,False,False,0.45,7.0,0.35,-0.093254051037083,-2.477290674704144
ACN,Falling Wedge,bullish,1,0.6652969495480113,5,53,1795,1796,2023-11-03,2023,1,296.9332894058203,289.7691972885118,321.1530581501952,273.2892534370747,1.1761106619173531,0.0247234426030986,True,0.0235977488082668,0.0117945236867798,0.0229507919854063,0.0127822392914458,-0.0031621940575778,0.0393419418278038,0.0032277970493641,0.002367713327408,-0.0120521946928854,0.0459844460519949,0.0568901690957954,0.0244137735646838,-0.004497145932333,0.0039383928381735,-0.006809329914837,0.0235777882922523,-0.0481034130639165,0.0661877452621082,0.0490351525981411,0.0174469825926928,0.0009347195078788,-0.0787357020706361,0.0128117651306186,0.0496604769619488,0.0144802412261497,0.0014148092639822,-0.0603739051051611,-0.0241580818745524,0.0245011776289234,0.0110730218146857,0.0233730579589119,0.056949888668246,0.0545043212605433,-0.0006592790598336,0.0135772934925768,0.0430403447904363,0.0726084765438992,-0.1064101764777702,0.0376942952965702,0.0687288387830558,-0.0218031164483667,0.0125225714734669,0.0275949347193875,0.0607476014440029,0.0599202978094386,0.0319181583628267,0.0771964972591197,0.0284675376023417,0.026952731773395,0.0834944431453124,0.1338280674406384,0.0727221819078689,0.0091893800623901,0.0147450004258931,0.0605482161058252,0.0297598979726334,-0.0014625161515876,0.1259379022605815,0.0053497401427093,-0.0030460573779667,0.038342794522048,-0.0294012680263194,-0.0668716785383081,-0.0390159388384785,-0.0541127101686179,0.0196225153474689,-0.0827719895840646,0.1168033638512089,0.0541657934454881,0.0819671477450956,0.0010874954883257,-0.1415441818641516,-0.0373631868799334,0.0777149347213055,-0.0632737882480569,-0.0493302515608826,-0.1604495901178186,0.0735043150441758,-0.0085548923487362,0.0381837498699233,0.1573643745665633,-0.1683655477467757,0.0887088576345427,0.0474507495291685,-0.1179143687987521,0.0674177414628571,-0.0698388972007882,-0.1002983807214742,0.0161869134963608,0.048087726046337,0.0195765663523337,0.0961040055832857,0.1919327072418892,0.0639943009094972,0.1845115036973925,-0.0503931732590231,0.1162698795334817,0.0926144951777827,0.1157860452018877,-0.2819121783270459,0.1358623583745861,0.1214979384504693,0.0650634991571013,0.021586633520308,-0.0711873068851262,-0.0065471224013121,-0.1506921566296362,0.0257974814133519,-0.2511293244359914,0.0915362796995562,-0.15468217660198,-0.0085603772985436,0.0083121212368648,0.265147372385335,0.1784886176414163,target,1814,19,321.1530581501952,0.0815663639224824,0.0838241724775014,0.0040983566511257,1.0243500211381156,1.0527046777617408,0.0514691537090211,1.0243500211381156,1741,0.500285187379266,5,0.0028065990616851,-0.0107066789117329,0.1662197607403641,0.0,-0.8079145776986653,-0.3076293903194012,0.8480025497655042,0.1252111371465,289.7691972885118,273.2892534370747,321.1530581501952,5.392022905927291,0.0690655713039565,0.0113979959002008,0.018091264972971,0.1892817105541635,0.5803082591147508,0.0049333118913812,1.0,0.0119897917565963,2023-11-03,53.0,6,0.1477607404120413,0.0590413364456008,False,False,False,0.0,0.0,0.0,0.0061279760745102,0.120892616555145
ACN,Falling Wedge,bullish,1,0.6600935545387117,5,51,1922,1923,2024-05-08,2024,3,294.0754995821637,289.98014400953207,394.3133105848215,283.4030787294182,0.8784374727184705,0.0141228827464028,True,0.0049509872225055,-0.0190160086138573,0.0180916243937074,-0.0843458647422555,-0.0101441412140385,-0.0130931306019549,0.0128124496026729,-0.0475020575068685,-0.0178978214922932,0.0344632665716535,-0.0521646671070691,0.0051052115353513,0.0652885313049553,0.0114348265007167,0.008847147485919,0.1147677473097807,-0.0267695434019904,0.0060935603066536,-0.0292314209993057,0.0260961317407442,0.0006160689691847,0.0208649823349538,0.0027843421729796,0.0003581293524166,-0.0237053034972591,0.0318394937053574,-0.013483189408818,0.0187048292349483,0.0048444574534722,0.0267309595291751,0.0061000382543732,-0.0201604263560302,-0.0004062556133104,-0.0242870032708353,-0.0887030608660588,-0.1328334614228103,0.0108007705332595,0.0443129453360138,0.0258214425844245,-0.1228726352941017,-0.0155865081135629,0.0399036413910312,-0.042259936460247,0.0626125472586676,0.033928552445462,0.0081077693063961,-0.0497069063664514,-0.0831061932473844,0.0119365063615735,-0.0621141645385282,-0.0444245992075185,0.0262896836309141,0.0774643155295791,0.0565494277732214,-0.0307547154528897,0.0398200625527127,0.0327382246517125,0.0485420054297507,0.0729592121081579,-0.0775868154782931,0.0605482161058252,0.1053937981699735,-0.0146910726648366,-0.0018137619518734,-0.1228250552941301,0.0520347218680938,0.0562481467478597,-0.0948470852462589,-0.0592802589212037,-0.0245278587200282,-0.1012439624061324,-0.0225289067682618,0.0895572569993898,-0.056580569108089,0.1233031591714082,0.0251908742548849,0.2670992531238183,0.080939137617741,0.0370800842869811,0.1187923660479253,-0.1034354726464942,-0.0184652054146203,0.0050763872970485,-0.1156112546182047,0.0329328088902687,0.0774433165454835,0.0608021995295535,-0.014935599322066,-0.1382476964709029,0.1465339629485529,-0.1772148028191263,-0.0454144236972928,0.0264360729017434,0.0232100617452122,0.0864089478739595,0.0570642210327638,0.1584307488404595,-0.1762568909071169,-0.3081727363723564,0.1310965434055442,0.0115847834960562,-0.005705956958669,-0.0107093618990971,0.0804334465446163,0.0619542451812011,-0.1122118908102486,0.0593401450432808,0.1383558217589233,0.0332676006835519,0.0888791552394843,0.0170177901207981,-0.3655650590072719,0.0416886418765543,0.2619559684676016,0.0139932647212416,stop,1935,13,283.4030787294182,-0.0362914315130276,0.0172310945235193,0.0364170201186859,-1.0,0.474797873909545,1.0034605580552336,9.392228097608408,1868,0.8386322514867107,5,0.004328344322108,0.0741271515906989,0.1877580013521218,0.04,-1.9377200794414644,-1.0990878279547545,0.1456562897768685,0.1502160183494386,289.98014400953207,283.4030787294182,394.3133105848215,4.443288513576773,-0.0564106582332829,-0.0788225117423535,0.0148676895459363,0.003997786320915,0.5701206747364639,-0.0017383910755542,1.0,0.0059713489853734,2024-05-08,37.0,8,0.0776835637037127,-0.0108993497958673,False,False,False,0.0,2.0,0.2857142857142857,-0.0047812915110855,-0.0781531561411134
AES,Falling Wedge,bullish,1,0.7618931555601983,5,68,684,685,2019-06-07,2019,1,12.741958627271964,12.655537489951822,14.558211076950997,11.914947329982317,1.376766738513734,0.0068287212130466,True,0.0239663273151402,0.0243468400427087,0.0019660698004442,-0.0144496879730219,-0.0100541771132061,-0.0114942271243027,-0.0034036599369954,-0.0609828382393775,-0.0488176861116208,-0.0408643975535863,0.0716887811549074,-0.0100000988718339,0.0721215706150479,0.0035565995544004,0.0128444535100364,-0.0640514160751268,0.008537797689476,0.0409462748162849,-0.0157853613199318,-0.0206650350553124,-0.005750668264627,-0.0207431456130273,0.0297363699207089,0.0041940992059237,-0.0167473874587427,0.0225595798696232,0.0247453272411062,0.0830837049376669,0.0646531775048222,0.157186374471782,-0.2415335269388997,0.0115986221802775,0.0490692007261936,0.1465002283155618,-0.0682700589078105,0.0970340088472245,-0.0058384615440022,-0.01966512703789,0.065044683386948,-0.0366432862197998,-0.0016537307340042,0.0861537997381602,0.0116279368918941,0.028343789959772,-0.0022489182280318,-0.0193932670171059,0.0275613663338589,-0.0031725590035707,0.2435271823254412,0.0143638670710215,0.0113701769606382,0.1191440923459705,0.0034013735635118,0.1025834181651057,-0.0230034390807215,0.0380747178795546,0.000853249157416,0.0529484473252859,-0.0322994304589068,-0.1201273371215958,-0.0310123080026858,-0.076269447021978,-0.1660019119278661,0.0307608626343598,-0.0073150908617359,0.0061300624667113,0.0816446626024198,0.1747186548441861,0.0063867761905523,-0.0142949081180839,0.0001147431064363,0.2177123798846825,0.0034762274297266,0.1364535187047317,-0.0751345342585452,0.0205583284562596,0.0569705055097089,-0.0478495549810493,0.0947812309800295,-0.1212972085676521,0.0887229648652709,0.2003988661197737,-0.0369877949346534,0.0854951460096693,-0.0755295010901149,0.0190409116347543,0.0202834040165664,0.2217099254077927,0.0828283667360321,0.1564580002714655,0.11355784653473,-0.0723773595545429,-0.0734854783003223,-0.0831062110104557,0.1306848008460555,-0.4452646121039271,-0.0424376888397076,-0.1566257427846303,-0.0174804053612781,-0.0355113617418932,0.1157949485768634,0.3234760146511941,0.0249841795200926,0.0518766190727617,-0.1021830812527915,0.2782572980106177,0.1872811596719288,0.4814417955898047,-0.1220761095612045,-0.3992768372702404,-0.0528482381461518,0.0899010673811668,-0.0250621721729592,-0.1672360691227248,-0.0793702565484712,stop,725,41,11.914947329982317,-0.0649045662037838,0.0665067451371083,0.0716734379859028,-1.0,1.0246851497057097,1.104289608235982,2.1961640132745592,615,0.5517912113915048,5,0.0208991651344867,0.1584088267389303,0.1079598515149857,0.0,-1.000381976275453,-0.4485907648839476,0.7056749929285402,0.1371745191966334,12.655537489951822,11.914947329982317,14.558211076950997,0.2530286258558391,0.067274998983422,-0.0174730922743697,0.0198460177613063,0.0981048557501373,0.0465126594630989,0.0058961350411763,1.0,0.0034534167878448,2019-06-07,56.0,11,0.0814140232206641,0.0489331847060277,False,False,False,0.2,0.0,0.0,0.0275142830624212,0.0476959981667202
AES,Falling Wedge,bullish,1,0.9189264119738548,13,136,1281,1282,2021-10-19,2021,8,19.759957830506654,19.47753153951006,23.98807798820588,18.317420410812595,2.138489252219431,0.0145001069783248,True,0.0492145481420209,0.0385081415114711,0.0606626447306126,0.0213523967587241,-0.0250800963689004,0.3494737248530715,-0.0134229309940212,0.0773980793817685,-0.0226561744996516,-0.0171716836073126,0.0504521129646102,0.0027359822662191,0.0453949006159428,-0.0182789725390839,0.0505223449959106,-0.001751446046693,-0.0359066075200646,0.1030466131877232,0.0156406217255609,0.0175796494038056,-0.0226787217955137,0.0163366241305948,0.0165320950598558,0.055557075036049,0.031683741221016,0.0564044458209687,-0.0512710148508441,-0.0141536174946265,0.0170649731615759,-0.0364762783545572,-0.0501035311392777,-0.0385924478086774,-0.0174795455600771,0.0402885281697928,-0.0976633622268925,0.060530831640623,-0.1239608070257912,0.0486907334950086,-0.0364109051629055,-0.0297780513256773,-0.0385280720410167,-0.0076200727284657,0.0321101339373413,0.0158158772218452,0.0163297274685174,0.0682971977762058,0.042659085009967,0.0024268176136472,0.0785561031576145,0.0383142524740047,0.0343700091354572,-0.0427233928091123,-0.0467149855282661,-0.185908872207522,0.0134964317900656,-0.0872450981236342,0.0282287173764765,0.0050187536330301,-0.068917691979059,-0.1034581175281824,0.0015383897631344,0.1533823949646431,-0.0611673816779688,-0.0670874535222924,0.0632479161940042,0.0122853627830361,-0.0892279859304739,0.0618520245433873,0.0557671161845499,0.0039648253538822,-0.0391935140410626,-0.1607700740128841,-0.0599615268316948,0.0719675824396097,0.0108918086702776,0.1256629931644053,0.058429179484156,0.1296171823155705,0.0144470889922065,-0.0375344497287608,0.1339977639754022,-0.3409776802259517,0.0613267183041588,0.3236295537306828,0.1677849190555096,-0.040325542442964,0.1885350810637851,-0.11268961733811,-0.1288793389818311,0.1406445461327876,0.1394854054171357,-0.0302992543052923,-0.0318167638659198,-0.0651376227956298,0.1608365273583416,0.129074905677772,0.0244535924042594,-0.2272834523027127,-0.0006979704559081,0.3297029916170033,0.366490018478909,-0.0590190433544107,0.0351312459436119,0.191058516759542,-0.0374846933038971,0.184625337135738,0.2061895921175323,-0.3596320145011612,-0.1525508970279244,-0.0055950511323303,-0.0123677025291012,0.2114726798158044,-0.2836537051561435,0.0737100705318669,-0.0705398112697593,time,1341,60,19.13125991821289,-0.0318167638659198,0.0876757894084052,0.0563646189906436,-0.4358278015603233,1.2009878411569397,0.7720856867781675,2.9310297951202884,1137,0.6681930810113561,7,0.0352222763172019,0.4666202253024909,-0.0079321916643534,0.0,-1.14713286824179,-0.478939787230434,0.4415523319393327,0.1795172678350054,19.47753153951006,18.317420410812595,23.98807798820588,0.4056831735042903,-0.050945564407002,0.0074504682360432,0.0205560711829739,-0.1393765733199865,0.6216189744673485,0.0079665254232279,1.0,0.0392270746061851,2021-10-19,8.0,16,0.0612633355253988,0.0701762211667771,False,False,False,0.0666666666666666,2.0,0.1333333333333333,-0.0155345449500645,-0.2059240260919592
AES,Falling Wedge,bullish,1,0.6170446874739479,3,32,1868,1869,2024-02-21,2024,2,14.46419799062221,14.725713365341193,16.997552561174615,13.7311614957178,0.8938848461439024,-0.0177590971812945,True,-0.0817073465645266,-0.0861716159186658,-0.0231884643265145,0.0165680443696931,0.0529177814070191,0.018168699192709,-0.0067801911020439,0.0087585374310827,0.1394982449339474,0.021505263130102,-0.0355897459995974,0.0293864559066971,-0.0386101089628639,-0.0373044055432566,0.0196196308029317,0.0089842877938779,-0.1462798968395827,-0.0355589357458049,-0.0053475377638667,-0.0244479355765635,0.0,-0.006340092676254,-0.0795053280861122,-0.0109756674370903,-0.0223642485414309,-0.0465507490818617,-0.0005587530491344,-0.1029504298420784,-0.0315939746225528,-0.1307269806724353,-0.0296063744577412,0.0189323074461611,-0.0863215205991637,0.0027229333476987,0.0815778882409139,-0.0066686991044629,0.0499273796270363,-0.0078067270439631,0.0184085939758049,-0.0742557953811277,0.0232768456783776,-0.0597505970833038,0.008952631598873,-0.0035153680638392,-0.0583621653972562,0.0107678102871124,-0.0524390973762132,-0.0883253419230298,0.1610668186747514,0.1273763265802232,0.0007395514212755,-0.0192307878838984,0.0941620433712591,-0.0684931425504743,0.1279121677676986,-0.0341643607011912,-0.1341992267232917,-0.1369549812513354,0.3086566854064403,0.1240784437094515,0.1522964848743719,0.0348208551860558,0.0668410343067471,0.077612232176695,0.0409395375388961,0.0710755542573031,-0.0552844541706593,0.0670731122422736,-0.1027552920878428,-0.0079269052161075,-0.0020976785658375,-0.0415563905307546,0.1572709709035133,-0.0403067825963461,0.0460574184921094,0.0123996088381133,-0.0662815656822474,-0.1334516882971413,0.0142219407722106,0.0166897398104504,0.2815207225593399,0.1739512348081093,0.0421679353468111,0.0154603821810566,-0.1491844771576624,-0.2137244879031014,0.0853932558297594,0.0015397292648013,0.0862316927593427,-0.0451562413139365,0.1698726205175642,-0.0285826861462071,0.3059425720331252,0.2537162766248224,-0.0301249379378173,0.1614029585963592,0.18130363204452,-0.0840381246289151,0.1793391217229771,0.0075015523503607,-0.0661247563909984,0.0240991914837858,0.0126810683558298,0.2257107824787205,-0.3725145029466811,0.2274136807891675,0.3591519768449829,0.0188783331527697,-0.4100118401616179,-0.1064243435639117,0.0343491958878274,0.1421138410603784,-0.0045256406812069,0.1487593632853101,0.2734955444460332,stop,1871,3,13.7311614957178,-0.0506793736769692,0.0097560884837659,0.0603659504374732,-1.0,0.1925060981603945,1.1911345002455296,3.455973322150567,1834,0.4947541465931357,5,0.0874226699994318,0.1369779945170937,0.1520498743671561,0.0,-1.0827412740573945,-0.5879871274642555,0.9580432153439844,0.1203948312603492,14.725713365341193,13.7311614957178,16.997552561174615,0.5096483948456395,-0.0739606550730979,-0.0638863440384293,0.0349158163927457,-0.0559354162523739,0.7187492549412257,0.0018270202289134,1.0,0.0254713184337234,2024-02-21,35.0,8,0.0812900929933566,0.0648817195914508,False,False,False,0.4285714285714285,3.0,0.4285714285714285,-0.0399399503990164,0.0774117958630942
AES,Falling Wedge,bullish,1,0.7557816488297804,5,52,1990,1991,2024-08-15,2024,0,15.522530555725098,15.1326929188115,19.71048868422602,14.113764649474064,0.9447149872790026,0.0257612864415552,True,0.0295480867478512,0.0208432332402379,0.0485115824324589,-0.0348835715821059,-0.0044962256551168,0.1330985802539424,-0.1023694479834914,0.0507423601152454,0.0051516774577926,-0.0541710446157155,-0.1808777598741524,-0.0426140040660578,0.0179049137733235,0.0069929810004927,-0.0119965613606223,0.0277214231554832,0.0346387454760255,0.0120931839946107,-0.0239631310269959,-0.0235009534223127,-0.0136570288922251,0.0037952251996595,0.0371420395288393,0.0,-0.0125673955471645,-0.0086038816785463,0.0385676931631888,0.0025793016549224,-0.0309083776856535,-0.0040865264235397,0.0418078535937405,-0.0193093051703046,0.0204082635041504,-0.1378796095566788,-0.0677423314594856,-0.0151518681613266,0.0579149825816303,0.0467461198295917,0.0319233834617569,-0.006864087648908,-0.0724050698465144,0.0370097915670035,0.0085319591880694,-0.0013522315173049,0.1478827223906191,-0.0034534390893205,0.0741599895260378,0.0549551493446838,0.0001621129154947,0.0061509546370759,0.1837769219191092,-0.1178019107329452,0.0380903805740684,0.0388003512609882,-0.060368006204196,-0.0020421583881664,0.0197743263050786,-0.1071854916072373,1.5473818804068173e-07,0.0118672106837116,0.0870140831692352,0.0054053547765131,-0.0313934862593335,-0.0238563373754169,0.3057942367119535,-0.0557796432257218,0.0256134515743498,0.0435402949733798,0.0557818495037314,0.0034762274297266,-0.0508157773969268,-0.0732756639759674,-0.1288893472821094,0.3065287118513253,-0.0221095011095181,-0.1415082274125731,-0.1635071177419892,-0.123003991998367,0.2073371802828214,0.2281484944000309,-0.1362415961365473,-0.1136075789687648,-0.051555502374307,0.1693263435267811,-0.0810932911857859,0.1127329008953692,0.2401889519698661,0.2922011517114986,-0.0366306601153378,0.0434486001501053,0.0902091633597228,-0.027458723562586,-0.2036967532376173,-0.2918415499506489,-0.0884090609608472,0.0862068723191209,0.0775419815759546,0.306966211769172,0.0366800552452433,0.257290986858425,0.1388510148620447,-0.0661205829664897,0.3215185184358824,-0.1284551812006172,-0.1886758768499529,0.1892378325386976,0.2784221559921214,-0.0243103077971444,-0.0196533254714572,0.0445765504365969,0.0436320593705854,0.4624762885712816,-0.0074157558784917,-0.0818981623767389,-0.2856198669612867,stop,2045,55,14.113764649474064,-0.090756201200161,0.1761299091619536,0.140460903794199,-1.0,1.9406928323663812,1.54767279741486,2.972784981463523,1938,0.6114106329149283,6,0.0567787307195922,0.2159051873866224,-0.0428897622040423,0.0,-1.0546439036613355,-0.4432332707464099,0.3839370802561461,0.1910158812236544,15.1326929188115,14.113764649474064,19.71048868422602,0.5067072901634566,-0.0066669620665488,-0.0343743087981119,0.0326244417355978,0.0910886451158456,0.660716414453628,-6.555286258258519e-08,1.0,0.0007420823912689,2024-08-15,35.0,8,0.4163282626771534,0.1987670953066538,False,False,False,0.0,1.0,0.1428571428571428,-0.0422013175432862,0.0232913035034264
AES,Falling Wedge,bullish,1,0.6914123746006196,3,24,2040,2041,2024-10-25,2024,1,15.351657739038082,15.21405779943916,19.5092878978337,14.762688610490612,0.8376398124241221,0.0090442629713154,True,-0.1291176503724679,-0.1093092746300645,0.0200831301125128,-0.0622788751066322,0.07497966955881,-0.001751446046693,0.0225806035950679,-0.1478925639445419,-0.1156686149280608,-0.0823345030016693,0.0402802384546436,0.0305342890470232,0.0090683421389283,-0.0017470490905769,0.089473682594233,-0.0040865264235397,0.0161136534320616,-0.040555564549303,0.0084579649203868,-0.0259454773106301,0.0011216173712298,-0.0226561744996516,-0.1195064701886478,-0.1948334382116904,-0.2216280573741397,-0.0476191482344676,-0.0996895974113668,-0.0080578964668952,-0.1191410055013124,0.0400000286494099,-0.0178847236997432,-0.0014896021951947,0.0243999362109197,-0.0381283205766261,0.1047297255059223,0.0636529796467617,0.0151933678227693,-0.0246478750603305,-0.0709484635762554,0.0011596129385851,0.0414525477146485,-0.0152027942854591,0.0762503024921026,-0.0015900585432716,0.0724106501632455,-0.1945759214913625,-0.2279873430374149,-0.2501817620126957,0.0399610400130852,0.0608854330618442,-0.0215708274804795,0.0351793268220812,-0.3504360229185331,0.0132452554200503,0.0060956931883859,-0.0616776155939704,0.3539217149417288,0.0035110454512405,0.1157710149968345,0.0095978954713173,-0.0935073892739204,-0.0557937940956654,0.3125597281133518,0.2162913868961524,-0.0270042692302084,0.1070760278340292,-0.0060329724800178,0.0837382761330436,-0.2650778904009325,-0.2268033615348723,-0.2510257176850521,-0.2975195876716887,-0.0413095052609679,0.0230087222866564,-0.0683759170029655,0.1302481310525938,-0.1199087029945314,0.0224651650908618,0.0746513891425568,0.2765729892020117,0.0131235699089902,0.0425335826526567,-0.1677450340043119,0.015017822017967,-0.1666930480438394,-0.1607700740128841,0.1007151294347137,-0.0294352950527646,0.1319196667784874,0.0652171578908904,0.3564546795779342,-0.2368119035844906,-0.3132402855335005,-0.3603346980192728,-0.0653045240990671,0.3624243929789075,0.0637864983524398,-0.0237442524075396,0.191058516759542,0.1317101322646234,0.1270363185666325,-0.1143091208091101,0.0325417363655589,-0.0528482381461518,-0.1102690343267741,0.1950844649818988,0.3586030112824343,0.1230450284321147,0.2900955130717084,-0.1059101294392403,0.0621223102541852,0.3342503204898903,-0.035386720011544,-0.3821610592005686,-0.3823315438014975,stop,2042,2,14.762688610490612,-0.0383651810481525,0.0175747597992131,0.0410075283631144,-1.0,0.4580914078615933,1.0688735786661734,7.059164831014624,2015,0.763913166680879,5,0.0613853540204757,0.0874569257279291,-0.1523233092171119,0.0,-1.453602609213366,-0.689689442532502,0.1999618630079377,0.1593560858848785,15.21405779943916,14.762688610490612,19.5092878978337,0.4348927750907028,-0.0359112298842039,-0.0572017084675428,0.0285124559174004,0.0048847375966967,0.1874985098824626,0.0064781743932964,1.0,0.0132466204392156,2024-10-25,35.0,8,0.27697977312069,0.1942303316180611,False,False,False,0.0,0.0,0.0,-0.1195838151549162,-1.2247017314889452
ADBE,Falling Wedge,bullish,1,0.6272620894304286,3,22,1840,1841,2024-01-10,2024,2,592.0,561.878039550782,655.0700073242197,561.442094299136,0.8030863488090627,0.0536094282547514,True,0.0028716422416068,0.005174798751574,-0.0483617233249006,0.0472965079353151,0.0164036043105608,0.0276640032764328,0.0447337414846094,0.0347497354194512,0.0632721521418153,0.0146256243283178,0.0574841313208753,-0.0097798501646567,0.04676513671875,-0.0448444175719908,0.0086182130060288,0.0123251539895854,-0.0070214905734934,-0.1063090126152745,-0.0494675404585865,-0.059942156268296,-0.009200385848781,-0.0377447354826171,0.0028083076604495,0.0516554342733848,0.0297956324404571,0.0374000400855594,0.0600115936540293,0.0395185416312096,-0.0757678843712084,0.1694790976796645,0.0290750846451217,-0.1514610040377986,0.0918164269250023,-0.0132419812624858,0.0724096292397369,0.0510735872375456,0.0399006920438633,0.0293619162894995,0.0309356629964667,0.0327887708204415,0.0387596692173974,0.0522664454441312,-0.0520721388618913,-0.0226352909163806,-0.043196235955609,0.03083430314817,0.0403040293100718,-0.0031014593889615,-0.1257254260692231,-0.0207471847729083,0.0102964657452413,0.0099884833662422,0.0158149474454314,0.0634078746228539,-0.006967304492144,-0.0344611247371624,-0.0490140193209306,-0.0270270685881508,0.0158149474454314,-0.005228593975424,-0.0801460153405958,0.0073226329577003,0.0173512286672659,0.0225396534753223,0.0501557189257038,-0.0422834861935591,-0.1121778296059042,-0.1480738425927907,0.0622620264619518,-0.0680912120922191,-0.1395542328175666,0.1010581368727308,-0.1469423797489837,0.0966699265128963,0.0859138928685061,-0.0475146747822332,-0.1593455717220062,-0.0419700248881405,-0.0745026175943226,0.1200910984193877,0.0527282742118508,0.4907054636505372,0.0350321608852408,0.1187266875222432,-0.0626083498762133,0.072890894456786,0.1072447850556446,0.0640555958540023,0.0732758017702115,0.1411793093492166,-0.0389786850134871,-0.1174766982824125,-0.181959461521458,-0.2714539423759931,0.0425144387891918,0.0597837685979336,0.1844751456769522,0.1468055067420581,-0.1176248769883033,-0.0613785065581737,0.2868372395875831,0.0758022382341188,-0.1648693740846738,0.1547679433773261,0.0961964973389377,0.1262339154116196,0.0864628053487546,-0.0104144607073846,0.2074766730147754,0.0425144387891918,-0.0432998073123136,0.1782057270072596,-0.1646767968007366,-0.2724133359161629,-0.2246294204988557,stop,1866,26,561.442094299136,-0.0516180839541622,0.078125,0.0770777109506967,-1.0,1.513519952995087,1.493230764224864,2.0639505842324914,1816,0.948129563859375,5,0.0238893286431885,0.0684100333459483,-0.5488078338210158,0.0909090909090909,-1.3715242356651547,-0.4233946718057915,0.0067668923432455,0.107700186742293,561.878039550782,561.442094299136,655.0700073242197,9.767137799944196,0.1785524522814792,-0.0042613617696656,0.0165256202152093,0.1649125795510566,0.6812670314901579,-0.0013135781562864,1.0,0.0357197053835574,2024-01-10,4.0,17,0.1750884599839779,0.193321113349411,False,False,False,0.0625,1.0,0.0625,-0.0849853806610374,-1.279553813395647
ADBE,Falling Wedge,bullish,1,0.7211827519167756,13,104,1951,1952,2024-06-20,2024,10,530.3099975585938,454.6336086281517,682.0676735642141,430.09605823689526,1.083901189001775,0.1664557733837455,True,0.0310196154754063,0.027401151457886,0.0068854075648943,-0.0999794336391042,-0.0181193363132275,0.0049961117731507,-0.0293377707087459,0.0365874584194707,0.0066347331641676,0.0137486283365797,-0.0102295042254615,0.0656917849863327,0.0574841313208753,-0.0401525041823912,0.0201666514078777,0.011761431611446,-0.0173578442339644,0.0444363374380789,0.0155506859405212,0.0146256243283178,0.1340354615563095,0.0037983359745714,0.0199582959494213,0.0905697224604336,0.0717601336217355,0.0218649379873043,0.0090113882782794,0.0071371153676855,0.0206821354060433,-0.1188518382884838,0.0478453993128571,-0.0984210329664846,0.0012107573693476,0.0184502232224978,0.0516554342733848,0.0574257350434264,0.0285934117875223,-0.0103145850192819,0.0053876232953182,-0.0338643802140936,0.0113914292327077,0.0273837530393488,0.2020322874566975,-0.0195869147166081,0.0096061213803169,0.0786377723980443,0.0390149205873122,0.0305837473666819,-0.0064272612328364,0.0460284244072115,0.098654904677784,0.1138375451630004,0.0494260031340094,0.029704766068807,0.0587366137865563,0.0301668896861999,-0.0527737929581754,0.1570836381455504,-0.0105928057909305,-0.0893262497922207,0.0852316709819822,0.0200358998756091,0.0367618358136037,-0.0002286492377641,0.0675310950061591,0.2263480520422383,0.0721310643914241,-0.0248610917125191,-0.0063585070354722,0.0436537582180971,0.0254502626998938,0.141249472144505,0.1233695483986618,-0.0251034259869732,-0.1570821535567634,-0.0606258698593205,0.0793745600884396,0.3637395696800938,0.035858933672449,-0.0395876716831287,0.0288163094309206,0.1658879253768752,-0.2604806964564702,0.0125149694588844,0.2422020805484199,0.0013229429489907,-0.064055230207504,0.111019203876844,0.0244843997960706,0.0903112710450821,-0.0397297326484344,0.004979437914715,-0.0166129199885965,-0.0504850927435386,-0.0162443146146187,0.0878710572467955,0.1329261117471816,0.2227778093329564,-0.1202873335885829,0.0307973074939198,-0.0658920470385184,0.2592035702839015,-0.1645173687314308,0.1516448187470611,-0.1811723882970984,0.0944824229596674,-0.1247820556832547,0.0834134473715229,-0.2850422892144695,0.0392335155943452,0.115943834479171,-0.1632841667242809,-0.0461475810066598,0.1830561904986292,-0.0283119470314084,time,2011,60,521.5,-0.0166129199885965,0.1083140101183171,0.0571552444761232,-0.0879118974688004,0.5731737803163002,0.3024529098820784,1.5143369977549777,1837,0.7681446237925592,7,0.0330384631030524,0.110433596284472,-0.1521706711251913,0.0980392156862745,-1.8816553374288143,-1.113510713636254,0.2642851568223797,0.2079038904907739,454.6336086281517,430.09605823689526,682.0676735642141,17.14642769949777,-0.0382666467211688,0.0966420945529138,0.0327878904278706,-0.1271510224073684,0.1987526521602618,0.0103781386503709,1.0,0.0294340391859313,2024-06-20,4.0,17,0.0560226954207783,0.0741453884459517,False,False,False,0.125,0.0,0.0,0.1072234870609446,1.6038297522820648
ADBE,Falling Wedge,bullish,1,0.6367672307679925,3,31,2158,2159,2025-04-17,2025,0,344.57000732421875,346.315049823962,454.2505348607119,312.01472024356644,1.118627282167994,-0.0050388872809029,True,0.0671851681934163,0.0106190759860635,-0.0159355181826791,-0.0375401416831984,-0.0019944632152441,0.03293895033266,0.0347497354194512,-0.0401714215959821,0.0137069207594899,0.0058821891510572,0.0108555967353731,0.0105074302573995,0.0152948985988399,0.0317256198424622,0.0441863580092407,-0.0062010958856976,0.0197933324409702,-0.0013901299477496,0.0159985598791629,0.0044658221151521,-0.0013193207424572,0.0634085647023079,0.0572370738438884,0.1053486578093627,0.0178515380492005,-0.063234821716979,-0.1840273251462764,-0.0854086344170914,0.0306051918575434,0.1224867401930391,-0.0065729336840014,0.0111588563122957,-0.1271088274173282,0.0148134981130059,0.0804708453258906,0.0560691521229412,-0.0041627272811031,-0.0151928952276302,0.0675937830583828,0.0144848439271159,-0.0051616869954916,-0.0006905786270777,-0.0278547455563472,-0.0648193919875472,-0.0105925802491051,0.1152058696791509,0.2105812926727523,0.070432211714146,0.0744187993319758,-0.1516645256401462,-0.0019869911135205,0.171157747472098,-0.0060769225655131,0.0497486390943477,0.005253651496577,-0.1254872980019294,0.0058848245346878,0.0892387832589807,-0.1150788063139615,0.0796123840530067,-0.0266313167854764,-0.0924914177822862,0.0719413328549842,0.0880000247231012,0.0169760256540083,-0.0214818758177033,0.0905986686680584,0.0140105716765872,0.1997841777328585,0.1658879253768752,0.0094675320427464,0.273616928336452,0.0227757789910476,-0.2699182041503254,0.1830023388580652,-0.1075520515441894,-0.068348595855433,-0.0021491331543723,-0.0192995260565432,-0.0747930758175801,0.1256580480110538,0.1755864382414509,0.055980223951084,0.026060356908043,0.0953623011492301,0.0572626585839544,0.0591256675415121,-0.1724646069713614,0.0452542948060641,0.0703960795611675,0.2184598446211867,0.1311871370763499,0.0499172340129681,-0.151374918304896,-0.0561457509712347,-0.1779403466574727,0.2634184046653789,0.1408328231731339,-0.1301786680797767,0.2595255238945462,0.2453242134769255,0.043971378686259,0.2466421624775665,0.0944824229596674,-0.1561705979265942,0.2681588904214771,-0.0998959023835696,-0.0920946212333841,0.0299812840329265,0.2638750202780762,0.1239526730962954,0.0542671115516688,0.1180902215577845,0.0180386782537838,-0.0229895120507047,time,2218,60,361.7699890136719,0.0499172340129681,0.2274719308609524,0.0172098341403275,0.5283314395858951,2.407596796447665,0.1821514478152293,3.369054226576813,2127,0.3792729492679402,5,0.0382418097416675,0.0189684625732746,-0.0552513189768745,0.0,-1.3442359540235034,-0.9649630047555636,1.1263093359539784,0.1435025022616786,346.315049823962,312.01472024356644,454.2505348607119,15.424283708844872,-0.2777532819849462,-0.1468557983402834,0.0442209984193004,-0.3134263948367787,0.5463898065125059,0.0161538612950857,0.0,-0.0663079535358434,2025-04-17,17.0,12,-0.0643094840536937,-0.0643591913487384,False,False,False,0.5454545454545454,2.0,0.1818181818181818,-0.057976429818275,-0.4112208825335743
ABNB,Falling Wedge,bullish,1,0.7440056143157759,8,68,293,294,2022-02-09,2022,7,165.2449951171875,153.24736057315852,228.5278367934845,136.0199403940727,0.977770618556701,0.0782893388777254,True,0.129474446456234,0.1399764008025055,-0.0444135597796953,-0.0271565771870971,0.233388961257043,0.0163541210208948,0.0164789022080109,0.0906507902215469,0.004162085015158,-0.0169379143146289,0.0572202655421951,-0.0404745493945519,0.0386668348590786,-0.039302529585276,-0.0171305678745451,-0.0272301445411455,-0.0604455553511357,-0.0466890424193213,0.0196415625419985,0.0102040816326529,-0.0419170699328621,-0.0029308982262791,0.123367486671632,-0.0422705728872331,0.008777292038288,-0.0005517434642455,0.0878408971525213,-0.0311050652933675,0.1796073314460442,-0.0266079274408672,-0.0338867588023324,-0.0560102731295338,-0.0450203276065062,0.0203595100025018,0.0719435769196941,-0.1442294103697637,0.0296020304123316,0.041198729984651,0.016880438074347,-0.046851621814445,-0.0325008300089861,0.0440462855274652,-0.0660151375648089,0.0270599091791297,0.015295884411602,-0.0448233477680046,-0.0813639896076419,-0.0240680161455874,0.0320989332149035,-0.0028784699754773,0.1058007659094713,0.0507883068360499,0.3417791634488598,-0.0129456835254192,0.034364533597764,-0.0490195934956969,0.0233527301784639,0.0035820576682019,0.0835057080744097,-0.0796739120840144,0.0568248475765196,0.0053023411012047,0.1701161732034426,0.0726485478041514,0.0223970448926147,-0.0755447981846597,0.1797869307975002,0.0093382667092716,-0.12994518429502,0.0040243793432308,0.0066296592687337,-0.121714760610481,-0.0306677178138738,-0.0545012691935947,0.1073441308495839,0.1150751584771416,0.0480305577647857,-0.0497917013292995,-0.088827049865937,0.0089054736676748,-0.0755382398113465,0.0413211367545871,-0.2047618943817761,0.1617910854369324,0.1466827389048264,0.0310161006790139,0.219187585289025,0.0767010560969714,0.110230414826985,0.0741474227154999,0.0160366528247619,-0.0225089647208431,-0.1779478934199707,-0.0921542442485894,0.0543348587940515,0.1188374348281511,0.1627491501591289,0.201809105143131,-0.1225426382069859,-0.1169454678622158,0.2015625238418579,-0.0073224432435383,-0.0025152579171543,-0.1679663531074684,-0.4506455892719688,-0.0707482577992134,-0.3525088740533101,0.0021335174757441,0.2048256671001485,-0.1430165372881129,0.0897735260006862,-0.0196833177154664,-0.0914709807166821,-0.0252436190386319,-0.1512187157760783,stop,310,17,136.0199403940727,-0.1768589402806973,0.1602771726403516,0.2040908459636533,-1.0,0.9062429775162718,1.1539752847084546,2.1653626409207414,218,0.7037516435952483,7,0.1112762247560565,0.2244838259522532,-0.1426056093762464,0.0147058823529411,-1.2302858641945429,-0.5265342205992942,0.4000594195609942,0.3617953313248016,153.24736057315852,136.0199403940727,228.5278367934845,8.822142464773995,0.0599013299409092,0.037387044319471,0.0520388281029785,0.1442359246016453,0.8917819738552099,0.0191667737929113,1.0,-0.0259926070966045,2022-02-09,,0,,,False,False,False,,,,,
ABNB,Falling Wedge,bullish,1,0.7360733133088363,8,75,524,525,2023-01-11,2023,0,95.30999755859376,88.35229535945842,130.8206586232874,81.1759606210588,1.5661747325000177,0.078749535264796,True,0.039764988066413,0.0600084735315741,0.0281179224103858,0.072598416812045,0.0541680425121191,0.2969085279082557,0.1651852077907987,0.0076674182932605,-0.0939869907125893,-0.0054570465105774,-0.0235490244291486,-0.0734098916418579,-0.0337731714263487,0.0141759825943454,0.0392592495711392,-0.002658392992227,-0.0257657238164583,-0.0015843199727219,0.0625259828258684,0.1049649965513002,-0.0016809339947144,-0.1864713383936498,0.0199032423974518,0.1480432375593876,0.1276737262322356,-0.1678975552128938,0.0683588702233708,-0.0332940894836745,-0.1357962707899225,-0.0415256396130575,0.0333173426546506,0.0734283870702523,-0.1075801482391435,0.1070422320298745,-0.1336975702204915,0.0032810792662716,0.1134415071187679,0.122231222588077,-0.0516248627311081,0.0962967802880894,0.1097923478152087,-0.0056514075043004,-0.0424140942757542,-0.053934441238153,-0.0860500857485456,0.1546570573595117,0.2059595570836576,0.1796910510385596,0.0906502586022153,0.069101757190729,-0.0294404281668079,-0.0735603845052437,-0.0019307790129882,0.1151417393481895,0.2389067552922728,0.1001010730248157,0.0774602873194996,0.0895193313027784,-0.007844066954632,0.2727924499371001,-0.1824385778205677,0.239669424886068,0.1233140587564007,-0.0743591498134266,-0.0741558865655147,-0.0728083599594443,0.0949930055933936,-0.0138070439363195,0.1568942838577317,0.2412129480858549,0.2683388890747543,-0.0113076519632562,-0.0378855257731479,0.0692107136996074,0.1924835416509793,-0.0400639250636482,0.0089503536246049,0.0992279103833324,0.0160366528247619,0.1128068607381636,-0.0612808912501869,0.0413349099520494,-0.0544799804687501,-0.0328204815204327,-0.0403479407646277,0.1614966360079188,0.0379850472976912,0.0931630651708492,0.0991888500625026,0.2729912543850348,-0.256612440083485,0.2077091001403568,0.1814080511847453,0.1448455113105509,0.1307439285524552,0.2013303902043128,-0.0026834969494639,-0.103649612760892,-0.0078622465575749,0.1654559492989484,-0.1920028612658616,0.3617178779421612,-0.0508853931274729,0.2597161360672448,0.1267253508751491,-0.1488913074196726,0.0291500611668698,-0.0604769142493413,-0.0025821180054269,-0.2109444324437754,-0.0988976185716044,0.4059674141742728,-0.1093388724265659,0.0707843525038305,0.1432392218343657,target,548,24,130.8206586232874,0.3725806523377857,0.4557759264939715,0.013534791192648,2.5124216967616646,3.0734320727608324,0.0912691060047802,2.5124216967616646,449,0.6743093307941384,7,0.1130007958566957,-0.0050845473759156,-0.1520791220343953,0.0149253731343283,-1.217243394886945,-0.5429340640928069,0.3050390374453506,0.301742407553707,88.35229535945842,81.1759606210588,130.8206586232874,3.1978569030761697,-0.1728743957492762,0.0004534273954799,0.033861253922142,-0.0125470196141812,0.9346297073055948,0.0051953815192697,1.0,-0.0040452117957777,2023-01-11,26.0,16,-0.0537698583951674,-0.1562789004114156,False,False,False,0.4666666666666667,2.0,0.1333333333333333,-0.0310249919483186,-0.5427462206922963
ABNB,Falling Wedge,bullish,1,0.6653607652714657,3,29,578,579,2023-03-30,2023,0,123.3000030517578,119.0849626094327,143.43108915622065,112.18567353085528,1.1387437570021046,0.0353952367281613,True,-0.1103811863219377,-0.1215757464268993,-0.0361701052815237,0.0391489116083088,0.026369972213365,-0.04953373835487,0.0270269521662525,0.0163026525392901,0.0296245484881121,-0.0824631999160471,0.0142835926626387,-0.0058305572155369,-0.0404745493945519,0.0520633564344612,0.1360674225882199,0.0745040970317274,-0.0012746560629666,0.0118627985368513,0.0415502017291067,-0.0692150851408185,-0.0118109981791214,0.0307887580437808,-0.1205222050467716,-0.0701541063405154,-0.0894295687677003,-0.052320460192536,-0.0469870043083711,0.0094409453158859,0.0101534075875751,0.0954440519048125,0.0836109494844823,-0.0176777452049147,0.0154623231313155,0.086956541418677,-0.0282676876999261,0.200454515176208,-0.0731356524757449,0.1195594686768652,-0.0085657050979113,-0.0065054324471096,-0.1202594755603343,-0.0813886179805337,-0.1601764454561121,0.0574843687333268,0.0734038759491602,-0.0779884173882561,-0.0294404281668079,-0.0572909278989524,0.080085294028477,0.069101757190729,-0.0957295004517001,-0.0341424052430728,-0.0049198428557996,-0.1628106225514568,0.052569274632449,0.0372770448734625,0.1295944385797955,-0.0308463835043593,0.0804434545410126,0.1038430096196658,0.1177221029359052,0.2161518259222941,0.0059488397602092,0.0632138226200957,-0.0147153227272301,-0.0987421727715333,-0.1628106225514568,-0.0652580636784906,-0.0437392245852577,-0.1337388895784699,-0.1716964886331244,-0.0993473010038955,0.0987210121883086,0.0354206815850139,0.0527584106512712,-0.1612130487045853,0.0453702881721078,0.2221341373551622,-0.1942405239463646,0.0405405405405405,0.0397148472315063,0.1665449778367704,-0.0429265197932968,-0.1122186175380218,0.1373188975769947,0.0787270239564799,0.0134643827197649,0.0327508894042978,-0.1126365566012275,0.1344079872261543,-0.3904211659580755,-0.1329824067234152,0.0372262467500823,-0.0446454872912436,0.1541904340306004,-0.0736509838668998,0.2200211752975283,0.2979967988482586,-0.3059442417593035,-0.4047960886692405,-0.1446154080904446,-0.2269311902986324,0.1654559492989484,-0.0501992001720927,-0.1005325861768511,-0.1837396858416771,0.3625879687852087,-0.0383752001996405,0.2244165837837621,0.0618462971701769,-0.1136035781112098,0.1135094272167769,0.1625886229001265,-0.303066711574006,0.0463683276215129,stop,582,4,112.18567353085528,-0.0901405453837422,0.0214111867340363,0.0957826836632824,-1.0,0.2375311425384172,1.0625926796373462,1.8112731016839716,549,0.6057682821791144,6,0.1605279500437429,0.476281179211597,-0.2768379197583843,0.0384615384615384,-0.9044307028608898,-0.2986624206817754,0.4231002032924905,0.1664452922901989,119.0849626094327,112.18567353085528,143.43108915622065,4.2159990583147335,0.1328940775169786,0.0307800868906902,0.0344782392901736,0.1047068035256915,0.8543296798358779,0.0168350164025556,1.0,0.0186790632684963,2023-03-30,26.0,16,0.0802103974011712,0.0978287333054006,False,False,False,0.4,3.0,0.2,-0.0042974883234236,-0.1964354969262411
ABNB,Falling Wedge,bullish,1,0.6137909643847358,3,25,727,728,2023-11-01,2023,2,122.51000213623048,116.19000244140624,145.81499590192516,111.83058003016862,1.0591332482183706,0.0543936617783562,True,-0.0395885918663844,-0.0646014515936427,-0.052749883866604,-0.170386695722948,-0.01860553235517,0.0257445527753705,-0.050799886111517,-0.0676309981762712,-0.115810201178972,-0.0431688758418244,-0.0009787417576968,-0.0207250221003804,0.2969085279082557,0.0664157653666348,-0.0774757360563309,-0.0288712223893102,0.0841003204328909,0.0009655130320582,0.0222906766117025,-0.0441606062172102,-0.0069240475860175,0.0185061643756847,-0.0304207954235016,0.0476696095457667,-0.0064819530382338,0.0417974382777468,0.0256145717054701,0.0188656935051305,-0.0236116575963288,-0.0372574671076012,0.1785805979082662,-0.0583743952806725,0.1480432375593876,-0.0082702422918931,0.0850502739949259,0.078056495574041,0.090838500221076,-0.0495525658005691,-0.1794673828815826,0.040086556306649,0.0094022033769978,-0.0309837911718394,-0.0287428501674107,-0.0394416907978002,-0.0814039693246314,0.0387081317452986,0.0312627061862362,-0.0386420864874379,0.0957157947515801,0.1788209348335074,0.2152584998475084,0.0134880398308632,-0.0391799742736139,0.0175905339795661,-0.1172494603777654,0.2568284069358963,-0.0477714320591518,0.1132075471698113,-0.0843921478437551,-0.1877294715475921,0.0921414486447862,0.029267587166204,0.1595314995216308,-0.0053082351873914,0.0869922769936124,0.0413802613534104,0.0507883068360499,-0.0377564063722304,-0.01031849432391,0.1112561996224721,-0.0074954458557738,-0.0494208612036981,0.0562085746049805,0.1974977123085093,0.0040243793432308,-0.000450885158759,0.2115997260219473,0.0992279103833324,-0.1069349487191875,-0.0116772771080406,-0.2332943778382937,0.1204809276686718,0.1437240205510412,-0.0680420066554875,0.134051750446188,0.0012730481836265,-0.3623325480268348,-0.1251962977181724,0.0714062452316284,-0.1301444719200643,-0.0518513876410958,0.116248737984796,0.2198187889608371,0.0643958378253022,0.0110487744501885,-0.3172979573451324,-0.1342161780119246,0.0345924685273404,0.0080441262217514,0.4225550520457781,0.1894175604336938,-0.1792097188302336,-0.0238739128359383,0.1127962605118866,-0.2273573716992757,0.0101568213463851,-0.1748381708870882,0.3405205563636315,0.1793966591446858,0.1634037355518218,-0.0830056172920454,-0.1557254246469928,-0.0006153987004207,0.1120744592130766,0.2054254527827777,target,757,30,145.81499590192516,0.1902293148259,0.2237368015244588,0.0686474860457312,2.18223360161654,2.566617908768335,0.7874961377672014,2.18223360161654,700,0.7051028604430299,5,0.1282304286349559,0.0817741886261971,-0.1520678954327733,0.0,-1.732184996116591,-1.0270821356735558,0.3615034824802842,0.1223987333927743,116.19000244140624,111.83058003016862,145.81499590192516,4.19521277291435,-0.0420890981829069,-0.0852374544198091,0.0351151982091664,0.0051320932796499,0.8699694351406125,-0.0003381597363915,1.0,-0.0047096500029844,2023-11-01,26.0,16,0.2601376894966507,0.003831474946303,False,False,False,0.3333333333333333,0.0,0.0,0.0119649240197424,0.2135347612426886
ABNB,Falling Wedge,bullish,1,0.6614583300419751,8,60,1043,1044,2025-02-06,2025,0,134.6999969482422,132.0906688983623,147.19285583496085,124.66203496744345,0.9335273771948062,0.0197540679568186,True,0.0470675314144717,0.0423881061103472,0.0314679578105387,0.0392592495711392,-0.0190522424392073,-0.0354797685210783,0.0543266698717153,-0.0326856737788586,0.0785831998331771,0.0587249850122229,-0.0312659841880046,-0.0037677634545961,0.0048933504869681,0.0468629773133786,0.0484326048517089,0.0320298897163435,0.0269999577448918,0.0074385764285154,0.0257600351071214,-0.0977729754639781,0.0299812428866856,-0.0015749245963068,0.0339094632048528,0.0844098784972164,0.0958617155966965,-0.0468415905587509,-0.186937889406878,-0.0629343747172116,0.0517596893464393,-0.0420516040504862,0.0155624207492794,0.151983541011637,-0.005410995331144,0.0360379370997738,-0.025065595891948,0.0578960094518694,0.0667383378947275,0.0306135306329082,0.0220767017491574,-0.0652158283766902,0.1392935502719048,0.0007574021980938,-0.0187368706442532,0.0404752083144064,0.1035221162467305,0.0712337936977382,-0.0023013924693172,0.048729413167906,-0.1096507286319464,-0.147867541632795,0.1296239422129657,-0.0570035197589382,-0.0703892953339451,0.0957157947515801,-0.0170233809539362,0.0625895555096369,-0.1547717982770478,0.1166154127854568,0.0490251466081943,-0.1024494914075705,-0.0137753855624379,0.0794988774106506,-0.1068626599443305,0.0185114740369078,-0.1290060768810915,0.1755891154640927,-0.0367327867290415,-0.0244840858672228,0.0098409791407236,-0.2081662503445122,-0.0432433495265991,0.0058089763459421,0.2576990991968799,-0.0830921944814311,-0.042514896999741,0.0066163038400559,-0.029924050265375,0.0238167698026041,-0.1561113701212321,0.07871186467503,-0.0552592524775752,-0.0004500942027019,-0.0907201872583163,-0.2332943778382937,-0.1868782063702653,-0.2818287417537861,-0.2315099754399958,0.3417021000905611,-0.0911989972795952,0.1393255771068553,0.0987210121883086,-0.1816472182824086,-0.0728284913203316,-0.0041424753075011,0.16140818704204,0.1276758146682455,-0.2232749778947435,0.1927659055019945,0.2396835359152072,0.1236563734670117,0.0742148518618348,-0.0952279902151008,0.0941007325975158,-0.0618101123895759,-0.0379310476368871,-0.2792961484717625,-0.1794551456684896,0.1226551172537704,0.0910281639907706,-0.0861886654260024,-0.0216333628133507,0.0106839155672346,-0.0497494423769895,0.0203938364257072,-0.0840134683902531,target,1049,6,147.19285583496085,0.09274579933004,0.2170007155885129,0.0141796860087775,1.244561287501964,2.911945251780395,0.1902780331070141,1.244561287501964,983,0.4839392163431821,6,0.1290421038581931,0.273615040041629,-0.2483330392328518,0.0,-0.7780732708467191,-0.2941340545035349,0.7908585156944051,0.1141464395592552,132.0906688983623,124.66203496744345,147.19285583496085,3.5529272896902904,-0.028920101607159,-0.0068018321845743,0.0268003854069427,0.0160957008037676,0.7960548110224364,0.0043209686128136,1.0,0.0300529847380035,2025-02-06,45.0,6,0.274523858861269,0.108994153966127,False,True,True,0.0,1.0,0.2,-0.0194145547259109,-3.673254142392836e-05
ABNB,Falling Wedge,bullish,1,0.617398394523174,3,32,1383,1384,2026-06-16,2026,1,140.69000244140625,132.08665466308594,151.13733825683585,125.51866938273116,1.2525276237935432,0.0651341182064524,True,0.026369972213365,0.0478809468417325,0.0128158180951243,0.0224579567032923,-0.0396215454302816,0.0141515147964643,-0.0718603419206391,0.0315958503434572,0.008507328696429,0.0261838565130576,0.0258709490626167,-0.0303161013880784,-0.0146880875115905,0.0189917123069192,0.0270269521662525,-0.0859327985217712,-0.0462411650529144,0.0106229469062637,-0.0456400392480406,-0.0134494657589846,0.0298731097913478,0.1243776361501745,0.02613366787841,0.0470537707179623,0.0518571163681957,-0.0338846870968652,-0.028253744219416,-0.0827498376507642,0.0670058636875574,-0.028733415243886,6.663448543164918e-05,0.0342290949807684,-0.0460877475985253,-0.0309837911718394,-0.0315334507265419,0.0511777647144635,-0.0589972302940068,-0.0799176169325222,-0.0857823170772215,-0.0089048868449842,-0.0273801353924951,-0.2325581395348837,0.000478911805489,0.1660274524132421,0.0295572079416392,0.0684149742057303,0.050536644302872,0.0487210556229356,0.0083990654169916,-0.1027597397595454,-0.0611477267684208,0.0213821556112503,-0.1628106225514568,0.0280341545645006,0.0251402391701991,-0.1207236218496704,-0.0121258399175381,0.0894824295391936,0.0047771843234822,-0.0272302888589098,-0.0633562336330409,0.2742367150648586,-0.0848416825909652,0.0135974480176677,0.0364588616487056,-0.0170233809539362,0.0048580687206192,0.1064635807256604,0.0524961060068898,0.3158717866958198,0.2778118636540219,0.0124504543399137,-0.0112901222892455,0.2973240948127571,-0.0405189456909015,0.0016920082103129,-0.2363719317600716,-0.0241723393371539,0.0012730481836265,-0.1234615619365984,0.0483918773850495,-0.0973824390855175,0.0246221627832343,-0.3072629096523391,0.0036910564302106,-0.1980676328502415,-0.1148449873668299,0.3371001111637626,-0.0029028653479885,-0.0073815407646989,-0.0615454240278764,0.3408046810358496,0.2096808549867357,0.1897564568885943,0.0852326812047792,0.334675708362403,-0.1188908209439786,0.1056716691202193,-0.0132565771642323,-0.0661286235618547,-0.4527985513787305,0.1359739428441655,-0.3283020890828445,-0.1663343144302144,0.088026393290558,-0.051026375063004,0.2696949258027328,0.0408268486640608,0.0212637419651584,0.0280374401505913,0.0269375222688865,-0.0224970062158111,-0.1799845849359495,-0.2190080118112998,0.2337751590324539,target,1411,28,151.13733825683585,0.0742578408851803,0.0888478199096337,0.0353259018726153,0.6886234568198163,0.823922324535114,0.3275915966963258,0.6886234568198163,1350,0.5601416006860518,5,0.1385030775266702,0.0631299888117629,-0.0412647823620779,0.0,-1.0945419576801785,-0.5344003569941277,0.6736839378681552,0.1163198069482519,132.08665466308594,125.51866938273116,151.13733825683585,4.379211970738003,0.0943036495196047,0.0387026851828717,0.0310142497548582,0.0997741071694917,0.8798593812342963,0.0048934415869843,1.0,0.0158126820901496,2026-06-16,35.0,6,0.1299582673092953,0.1416376685327902,False,False,False,0.2,0.0,0.0,-0.0527486581697421,-0.5936896712189053
AFL,Falling Wedge,bullish,1,0.739720483082275,3,20,961,962,2020-07-14,2020,0,31.479216510580148,30.69484178017672,33.67679825337052,28.99569979479901,1.1651904191348554,0.0255539590665032,True,0.0024711040054816,-0.0055931908564139,-0.0338251082821249,0.1116288947308006,-0.0314559516690222,-0.0600856858028192,-0.0225157802279057,-0.0214137157989405,0.0202976683654216,-0.007220311772359,0.0431816406280705,-0.0125697760829422,-0.0152458540104017,0.0073114306362003,0.0044989962994859,-0.0135488329241375,0.0090072678532078,0.0060080416737413,-0.0165963197154997,0.0622867788857204,0.0143010376229046,0.0212269441881727,-0.0007924642243969,-0.0035696097645575,0.0002764139670564,-0.0319747181181803,0.0183967162552245,0.0215686245670294,-0.0286853454350943,-0.0084726444409172,-0.0883806086526158,0.0666033630904534,-0.0002722139417751,0.036695448512493,-0.0019556650196524,-0.0023402460225018,0.0011088530781566,-0.0436938571379535,0.0051698919136082,0.0208410763633724,0.0711352009808263,-0.0024000076500263,0.0077158436203064,-0.0085110764478727,0.0373940525218383,-0.0070667441663935,0.0442063001334682,0.0119805387946443,-0.1702672631623438,0.0718332933213403,0.0566144476839349,0.0520372291569488,0.0377748777857112,0.0260964906528695,0.0320365863250384,0.0744201962011559,0.0359450879668787,-0.0081582290586562,0.0130932940279746,-0.0046682764683183,0.0511376333640001,0.0128107850819898,0.0072876967414583,0.0595572409071845,-0.033116488454234,-0.0916828085078662,0.0245138044430732,0.000738755312964,0.031806082467413,0.0246829982474841,-0.0292233500234748,0.0584570920796934,-0.0388719354213762,0.0158639352984812,0.1763449054266892,0.0676869270016884,0.0462896932415921,-0.0489625930375442,0.0281505149279335,-0.0803516324613864,0.0970858389290847,0.0337609160750616,0.2371326875773465,0.0733037043234938,0.01311592741419,0.0517879363651527,0.1837651835715377,0.1347536968097626,0.1110725093522961,0.0255590566850929,-0.0303455404094969,-0.0330969429399805,0.048750725885301,-0.0123951612984269,-0.0456828692033091,0.2748924403017436,-0.0456631410866199,0.0282263160926998,0.1781677109977557,0.1270253790932729,0.0074559181482027,-0.0123281154294918,0.0422682673195844,0.0378333783471556,-0.3838597862935543,0.0419513934501361,-0.0127286790065714,0.0643804585908833,0.0458993906952633,-0.0080604000174302,0.0840387907615074,0.0727863527604357,-0.0042032858776358,-0.0090041305519318,0.0245809564306962,time,1021,60,33.013851165771484,0.048750725885301,0.0691929712856944,0.0400879695113447,0.6179280555833297,0.8770388015800576,0.508125378701243,0.8848669021739073,941,0.4207053292286138,5,0.0217371280468274,0.1343288171609695,-0.0844818919361248,0.0,-0.7534026193401121,-0.3326972901115011,1.0204165265948175,0.1048579329799728,30.69484178017672,28.99569979479901,33.67679825337052,1.0544928289819695,-0.1925023824487484,-0.008643231442346,0.0342215776079456,-0.3117875319339821,0.9814845557458974,2.31780586945618e-07,1.0,0.0432286725439625,2020-07-14,6.0,9,-0.2548438523785536,-0.109208329196683,True,False,False,0.875,2.0,0.25,-0.0315610953385114,-0.3803385040371852
AFL,Falling Wedge,bullish,1,0.6535956702625894,3,28,1085,1086,2021-01-08,2021,2,38.75995127750584,38.8786141768381,40.870526057754375,37.40759645424384,1.1088764362675223,-0.003052138093002,True,0.0511079858160385,0.0567981611652258,0.0066512712275179,0.0035317947378967,-0.0057856965388298,0.0099998973171591,0.0037050846214137,-0.0041738700945783,0.00566956573151,0.0038723805959137,-0.0467291929163575,0.0508294667810842,-0.0225617442975588,-0.0292450707928401,0.0170007514391949,0.0060656158436878,0.0041029700996699,-0.0325789622406452,0.0119606154629923,0.0197022128725812,0.0049243195392481,0.0037131123964815,0.0505752597267615,0.0531432809300163,0.0358349933691379,0.0370931045840332,-4.259239982928875e-07,-0.0285328951054939,0.0249454144550136,0.0088003308106516,0.0064205322345241,0.0259292154989312,0.0240377504920221,-0.0171004418932377,-0.0692296518532886,-0.0061361905789973,-0.0035240931568786,-0.0778841685951429,0.0022963058187612,-0.0377648176842,-0.0006414639944396,-0.0126021134599709,0.0545347064117376,0.0032130838065265,0.0119115336069879,0.0558549951563392,0.0465851624619357,0.0130800526774974,0.018749283388979,0.0110411639125902,0.0660668366790457,-0.041611949610708,0.0234511010283917,0.1289911837521746,-0.0686701394655677,0.041389960979224,-0.0147033417993397,0.0778795410788066,0.0555884568338855,0.024232647738275,0.0121445663208121,0.011802238556984,0.0577239136870899,0.0236114291792759,-0.0536948090967722,0.0820552868322666,-0.08205478234802,0.0434014796033301,0.0257154590993995,0.1432736874360309,0.1186076835721345,0.0923929350025802,-0.0139096499633604,0.1009306182023581,0.121426671600167,-0.2861199160471305,0.0261202160293794,0.0209604229920632,0.0265363476982045,0.0733037043234938,0.0377342191926062,0.0870063234752571,0.0124749114660023,-0.0230278763366186,0.0330013054923794,-0.0168600536058232,-0.0978675813891247,0.0037492107746743,0.0670544730779203,-0.0522571155788972,0.0680849794586939,0.1292369801427897,0.1778909276156721,0.0983046934819642,-0.3181454593108129,-0.0200987786796089,0.0743596331831402,-0.0078565529897124,-0.0674897612941192,0.1778909276156721,-0.0200137335940762,0.0208000838410997,-0.0175456496352008,0.0628211436299845,0.0148343035661746,0.0150559233003266,-0.0222416286821646,-0.1132868420266509,-0.3098588308640261,-0.0721426532257244,-0.3151706163610877,-0.0169823653497507,0.0276796751969938,-0.0457367253840053,0.2255473229688495,target,1089,4,40.870526057754375,0.0544524621596569,0.0628671393484708,0.004975151845996,1.5606664345364956,1.8018401799501853,0.1425932305871189,1.5606664345364956,1055,0.3716639924837741,6,0.1402015945221112,0.2478025404899264,-0.0716568312669216,0.0,-0.8024718060259196,-0.4308078135421473,1.5945093788654228,0.0591967842746245,38.8786141768381,37.40759645424384,40.870526057754375,0.9009417851250038,0.184385644030439,0.0442624955927941,0.0231030803541764,0.2938706383383742,0.6062993545053901,0.0053712961790031,1.0,0.0437105568376066,2021-01-08,8.0,16,0.3873081408026744,0.2436810291709858,False,False,False,0.0666666666666666,1.0,0.0666666666666666,-0.0410192792707648,-0.6045389485409651
AFL,Falling Wedge,bullish,1,0.6070954478535332,3,42,1219,1220,2021-07-22,2021,2,47.37980172166638,46.87795857047988,52.41014293845333,45.37088501697191,0.864059315092957,0.0107053115470461,True,0.0421664501801373,0.0350127179476507,0.0308774719331108,-0.0422393389675932,0.0008144781567982,-0.0868096281059159,-0.0225157802279057,0.0154895788582269,-0.0174400808429656,0.0358814262613955,0.0037131123964815,0.0284243201625025,-0.0228459549330254,-0.022174274323312,-0.0015031786200286,0.0100650153697199,0.0156820206910321,-0.0356209013326176,-0.0046580558024515,-0.001181913768354,-0.0898700462903161,0.0100650153697199,0.0519587858809122,0.0414168727177495,0.0317258777903257,-0.029837197972441,0.020569819194341,0.0058042828395634,0.0338380516282772,0.0252514271108625,0.0382164338111741,0.0100850734514319,-0.0179479728664788,-0.0024000076500263,-0.0392370071933934,0.0333372982235418,-0.0336029737491473,-0.0136095137598709,0.0190077478572878,0.0681986829233145,-0.0144109912909876,0.0586140897880156,-0.0007176184374276,0.0430302928209151,-0.0062370953874673,0.0315192316506752,0.0540230587562522,0.0486747697591298,0.0084619183051202,-0.0400323439850448,0.0037032747554286,-0.007768885085395,0.0247998828197792,-0.0960352939876304,-0.0211997953791317,0.026009457584754,0.0360172665948601,-0.0567682503243716,0.0656246638773245,0.1390644956331026,-0.0010977454695119,0.0793309477280959,-0.027313231184148,-0.0256767371822098,0.0331092399231296,-0.0633522618314685,0.0093171201568209,-0.008671371841098,0.0501469412008319,0.0176450419895133,0.0055449983006163,-0.1208195510103264,0.0334410914020433,-0.004853482883669,-0.004853482883669,-0.0490809944423356,0.0594917582036518,0.1557867723445853,0.1238256820476944,0.04063734500568,0.016913749876904,0.069509436518105,0.1249336766840527,-0.0341875325037043,0.0034295800668069,0.1245779205767734,0.1453763261740022,-0.0992126654974843,0.0621328853672438,0.0428982009486986,-0.0023566205755068,-0.0167344627814639,0.047049089882506,0.0246994691226063,0.0206163356400836,0.0938148514033514,0.0120977239864048,0.0712374929173109,-0.0406702949154099,0.0553031500219205,0.0521959360628803,0.074838371013594,-0.0685262719289032,-0.0283501706874405,0.0606959418247368,-0.0584477241718134,0.0363321640587135,0.0477956239334449,0.1469196642231298,0.0307919564967227,0.0870769395390753,-0.1322820225266434,0.1415299951572315,0.0232407472646385,0.0157385694168545,time,1279,60,49.608978271484375,0.047049089882506,0.0847468131015636,0.0334351192177877,1.1096411038888845,1.998732546706496,0.7885589857345469,2.5040068635160253,1175,0.6034625546082723,7,0.1841856855344018,0.1095561080031184,0.3839384233614895,0.0238095238095238,-1.368214296166672,-0.764751741558402,0.6176487981498007,0.0797217667504377,46.87795857047988,45.37088501697191,52.41014293845333,1.0686815135249736,0.106862994675619,-0.0298982885553588,0.022666074857402,0.1612852277116538,0.1249991485071634,0.0005567848975605,1.0,0.030430736967453,2021-07-22,8.0,16,0.1358179801031573,0.0976514616592201,False,False,False,0.0666666666666666,1.0,0.0666666666666666,0.0229407440742355,0.5647124612884034
AFL,Falling Wedge,bullish,1,0.628672838989069,5,52,1460,1461,2022-07-07,2022,0,51.66005733913845,50.86768620967263,60.69587015978078,46.01260393882035,0.9138323748580128,0.0155771018599062,True,-0.0581497060246615,-0.0339804920019747,-0.0979673779446334,0.0308774719331108,-0.0166157760456545,-0.0098406869636765,-0.0487916953166718,-0.0192871373984733,0.0267063392291246,-0.0097565914518685,-0.0056475830663064,-0.0769362546329451,0.0461580450974354,0.0227344120895658,0.0464431837272871,-0.0010760583652761,0.0380313517960495,-0.0274686805049472,0.0091531456462243,0.0074924102083058,-0.012589143650204,-0.1020116100422251,-0.0481300942418725,-0.0303084281201985,-0.060055048792401,0.0263904378821875,0.0150898202174436,0.0268613046084149,-0.0158904337830114,-0.0431449836239375,0.0083814658248084,-0.0165043640070985,-0.0097114222011238,0.0210748938817493,0.059438262495477,0.0338380516282772,-0.0636773695936582,0.0202648924932773,-0.0758722509395806,-0.0259604580238499,0.0781171284633746,-0.0242569085198302,0.009042203891862,0.0592007736703803,-0.0307691444997025,-0.0329040231134714,0.0426430348073754,-0.0268177594937479,-0.0759599015816396,0.0522095964025379,0.0032592852594111,0.0229642703253634,0.1967531144863321,0.1681900876988789,0.0444199034576839,0.0132994442884011,-0.0809485243179227,0.0353314804626487,0.0582697323262146,0.0126453594360087,0.0820552868322666,0.0018031401264364,0.0001647712975496,0.0209961956449873,-0.0749160346586464,-0.0271243854316063,-0.0279365377278314,0.0336439567897308,0.0196870227515351,0.055597705759365,0.0319707994260602,-0.0686457357503171,0.0436419364542379,0.0291066013242697,0.0459515804739767,0.0766551090270617,0.0217785272918584,-0.0692014403607063,0.0885592338116283,0.0776174307148829,0.0548459688100431,0.165424471374918,0.0538302275534388,-0.1356677943004602,0.039777353035711,0.006862694126017,-0.0790632044620257,0.0809612816140306,0.1244662311783479,0.148411273340296,0.0676230507850921,0.01695096595725,-0.0032830337485619,0.0706261609899132,0.0592197758152681,0.1458124994284269,0.1069321125899123,0.1896846639198419,0.0442194661911017,0.004333328893491,0.0591445390415814,0.0186420195945824,0.0205202614849697,0.0250501636164299,0.0464978541523057,0.0643804585908833,-0.0717249931488973,-0.0452149329156512,0.02323598020047,0.0582059487032935,-0.0273606831872058,0.0581322757784348,-0.1266936733529959,-0.1678626806180841,-0.0275407529874699,time,1520,60,51.490455627441406,-0.0032830337485619,0.1393832128473306,0.0653743734017046,-0.0300315380535035,1.275007380742772,0.5980118186105051,1.599980058292005,1408,0.4144298255612855,5,0.0109820461749721,0.026323967317958,-0.0306741338442455,0.0,-0.9518005890056556,-0.537370763444371,1.1345360059867875,0.1542958460367011,50.86768620967263,46.01260393882035,60.69587015978078,1.261427857565285,-0.032824685866384,-0.0079432311919566,0.0245911884872962,-0.0510181520058201,0.1756724712092666,0.010189548937411,0.0,-0.0603013766132842,2022-07-07,26.0,8,-0.1492209371427977,-0.1112762366953687,True,False,False,0.7142857142857143,0.0,0.0,0.0194857238202594,0.1988359592412449
AFL,Falling Wedge,bullish,1,0.6032282465790244,3,25,2353,2354,2026-01-28,2026,0,107.71871133048468,107.01962426722548,113.54279457511257,104.44599341099295,0.7879024071053632,0.0065323258985996,True,0.0385740957945739,0.0532210672677491,-2.3262227699660803e-07,-0.026329337045339,-0.1341654409707444,0.0157101045636343,0.0699039995762043,0.0602870675859894,-0.0009042425056356,0.0135148742585262,-0.0054969424581737,0.0316132064254137,0.0073982125463694,0.0383907824531604,0.0061607971123027,0.0227070338153476,-0.0472228239206498,0.0022026499411487,0.004449410391508,0.0506726321207349,-0.0186698623107447,-0.0735828398010363,0.0377421433367869,0.0626142712590434,0.0689756511349506,-4.259239982928875e-07,0.0892608545153601,0.0232559035326238,0.0010256359553959,-0.0339306926290695,-0.0276649049213135,-0.0104049779411632,0.0097549318586653,-0.0068568142064106,-0.0220428757910883,-0.1170730466545308,-0.015042738042163,-0.0160318019296684,0.0110008858525789,-0.0782010022343567,0.0183097782983241,0.0371435217768412,0.002523336491079,0.0130105570097325,0.0095308848367607,0.0682359207663634,0.0473083413419248,0.0574895026518016,0.0606502081286455,0.0140303994345198,0.0223633686662989,0.0348948497480856,0.0226271852320101,-0.0356561389437476,0.0205535224184392,0.0360387431480055,-0.0738508362742204,-0.0366584489022742,-0.0587973066583875,-0.033689275071717,0.032595710269643,0.0486620372571349,0.0693230165350091,0.0621949498323022,-0.0293425440852285,0.0077021796561045,0.0789010434094672,0.0017461198222747,0.0350939021608065,-0.0056222434140518,0.0655135612136179,0.1430325136889685,0.0606999629593625,0.0653403682673521,0.0196755208100525,0.0047109700058087,0.039639449522969,0.126172392329082,0.0864616436088139,0.0654296528646305,-0.0131632363946405,0.0089679404206157,0.0562393360437669,-0.0135562857079482,0.0625202596610279,-0.0149012692679504,0.0884579601757979,-0.0603603340379516,0.0004087505744521,0.1056622274053786,0.01485651653954,-0.0479369603875082,0.0532813958006801,0.0252801621690654,0.1019080543575614,0.2297040977509259,0.0761941250196311,-0.0721674799602383,0.0483202269713509,0.0189413780448752,-0.013310101721819,0.0146318706451784,-0.0064553573132004,0.0211284975320986,0.0305688503077286,0.0387811742393795,0.0252424684930763,-0.0051533686218535,0.0617808826302621,0.2437124748638834,0.0433240152870468,0.0726011048498311,0.0878626709560539,-0.1405627349661496,0.0094287533323989,target,2359,6,113.54279457511257,0.0540675168936937,0.0906763905663773,0.0015539137712453,1.77958607735201,2.984535844576208,0.0511457427969355,1.77958607735201,2328,0.5199941364175706,5,0.0225320371211022,-0.0073754084797927,0.132451070254749,0.0,-0.9124772320393584,-0.3924830956217816,0.6923267751875574,0.0578940380247089,107.01962426722548,104.44599341099295,113.54279457511257,1.6548841841411448,0.0247275576207484,-0.0085245623856085,0.0154307186770444,0.0919019508492773,0.9027024574918614,-0.0035061032061605,1.0,0.0110052844919252,2026-01-28,1.0,14,0.0597313467490463,0.0111524807112866,False,False,False,0.0,1.0,0.0769230769230769,0.0336947491013518,1.264041946114707
A,Falling Wedge,bullish,1,0.7682369052692531,3,30,734,735,2019-08-19,2019,2,67.8917119326999,64.50194937223537,73.09401427784294,61.58328863047308,2.4605860094332868,0.0525528700055637,True,-0.0249227870331859,-0.0120013919371114,0.031614802677629,0.0405256121395007,0.0302798121617919,-0.0239214195343997,-0.0089810661539149,-0.0487865100079923,-0.0326669697114484,-0.0079489473728975,-0.0151925505697783,-0.0265880694209551,0.0104200293092786,-0.0186096306582312,-0.0034369363298004,0.0228769816037186,-0.0493342339594695,0.0239822730492578,-0.0344631358969944,0.0022525856794912,-0.0652448732429082,0.0842092271178163,-0.0204721360771706,-0.0141411028087945,-0.0106107364479167,0.0165845552753607,-0.0173157253457294,0.0339999707399192,0.0115212896189655,0.0515045549687849,0.0122732198025277,0.0201674092293666,0.0109442174288962,0.0878600038531391,0.0557171588043714,-0.0799113888418292,-0.0961182316029161,0.0306103017623247,0.0557171588043714,-0.0199985759374471,-0.0054070544421673,0.0629816167636854,0.082979046778721,0.0286871390034573,-0.0008131243772877,-0.0312402799231202,0.0697286526768428,0.0383682415025299,0.0027608925697439,-0.0545231616163499,0.0069409876855688,-0.0584457213737519,-0.0022734174215345,0.0221442552013815,0.0338617447333844,0.0055825873082662,-0.0667778439785845,-0.0568770801046114,0.0361088157072788,0.0525612187702857,-0.0137426011944292,-0.0806803260197508,0.004472054496112,-0.1337811317512095,0.0237696672033354,0.0170337221831706,-0.0685163744550622,0.0071844211878215,0.0858885172202895,0.0629097933848481,0.0338107775173195,0.0116136635132448,0.0141555185720338,0.2331195769715803,0.0108840357429658,0.0013219932254011,0.0447610286640369,-0.0064953230724418,0.0608062676481861,0.1099280226982357,0.001229247003472,-0.025525841828991,0.272247670385924,0.0769231701387065,0.0906437917820264,0.0602552559747548,0.1898396594541826,0.1324093735567983,-0.0119729840452328,0.0516911009219214,-0.042788419839275,-0.0008425469885283,0.0811513292280943,0.0172074101423409,0.0144641356857253,-0.1113782831455245,0.0460747974254764,0.1927860072299825,-0.0220731340120956,0.1940097604200055,0.0381821376585465,0.1546999912539697,-0.1400994191850343,0.0076515078131382,0.1097302707969485,-0.1388830693657412,0.2545666459206215,0.1445648454657411,0.2149122002233658,-0.098303344125774,0.0127007100979079,-0.0645792151647037,0.1838177298669308,0.1035346487743811,0.0263323830464009,target,750,16,73.09401427784294,0.0766264717304523,0.0782697258328654,0.0368241964306024,0.8246596805427854,0.8423445011086277,0.3963046892140409,0.8246596805427854,702,0.5044509661032404,6,0.0997349373041008,0.1323975500361114,-0.0665745732202035,0.0,-1.3606882234739988,-0.8562372573707575,0.9162747851073202,0.0836098160378598,64.50194937223537,61.58328863047308,73.09401427784294,2.1802655762332823,-0.0096612660497825,0.0135118715568434,0.0319661552144878,-0.0704986655049403,0.3205133221174505,0.0119587175454627,1.0,-0.0186972692326893,2019-08-19,26.0,6,0.013644234366416,0.0184840197347631,False,False,False,0.4,0.0,0.0,0.1246458145583888,3.1608947628017168
A,Falling Wedge,bullish,1,0.6267591019951424,13,61,1382,1383,2022-03-15,2022,8,127.65619850996882,131.428744994191,167.91001216020163,117.08999555430375,1.5910404592274012,-0.0287041201252352,True,0.0557871264321629,0.0067126578357001,-0.0142984395173576,0.0209005144027527,-0.004191997382829,0.0296177533313786,-0.0036478813591948,0.001137665148976,0.016966518418463,-0.0060610442219759,0.0306734375105464,-0.028171036773593,0.0595704685954405,0.0431778939453746,0.0025257560128901,0.0179111431362442,0.0071897365527704,-0.0447990024551986,-0.0150041547051296,-0.0118499257705697,-0.0045264972697238,0.0585059750080312,0.0480057823017982,0.0491926374656723,-0.027789119484652,0.0148887272117286,0.0655528225227914,0.0453289161827445,-0.0365911564655769,-0.0214024789523618,0.0243945624907624,0.0219398297481689,-0.0216532801308969,0.0346187540844171,0.0475543905852671,0.0270697253474874,0.0391408611596562,0.0363740466643034,-0.0727730597919432,0.0196008571953849,0.0284359611673419,0.001306796840016,0.0686710426873931,0.0235931732972878,-0.0627114581046236,0.0350256857787049,-0.0480796009351522,-0.07078664869467,0.0730267319821744,0.1121569036902498,0.0493141225155631,-0.0469984595962796,0.103772365717323,0.0736234981353904,0.0593549268000295,0.0059816986141236,0.0467160517231888,0.1023022606979804,-0.1888101276090075,0.0050486247055117,0.0515741612989331,0.0407856663678765,-0.0369209831511617,-0.062292336131676,0.1402066220868598,0.0678538467485221,0.070196414752973,0.13443601085246,-0.088146000945204,-0.1346247680913829,-0.0510684330284529,-0.0475825168721986,0.0286183738275356,-0.131083545530782,-0.0693697054069208,0.0726007140968527,0.0378220611294504,0.11030894381722,-0.0532483008943425,0.0239800555804841,-0.0622423392434766,-0.0926333758361729,0.1194105758888741,0.0487838200801427,0.0833754926497063,-0.061499873315694,0.011338898714257,-0.0809024194481679,-0.0394293987701813,0.064311918182438,-0.0066377039089274,-0.1324208518283877,-0.0575691745493298,0.0057095724234921,0.0033512215216351,-0.0477756314978701,0.2751877416579031,0.2210362058254018,-0.1757092278450227,0.0549016769795254,0.2036725547740645,0.1380878552292663,0.1265846668497612,0.1130434162664453,0.0758516755881277,-0.2801708462561183,0.1968441912133358,-0.0975310122612803,-0.0546866947818153,0.0792371372713725,0.0403149204965029,0.0045916179097145,0.1140739882499459,0.1718719298467772,-0.1157080439012135,stop,1410,28,117.08999555430375,-0.0827707786930529,0.062684751514875,0.1024359080474226,-1.0,0.7573294887962227,1.2375854095476844,3.809676363319405,1313,0.3936859704209313,5,0.0072963717708203,-0.1396746340481357,0.1800189146570472,0.0,-1.3340658736855862,-0.9403799032646531,1.3318910397128854,0.1739710771250015,131.428744994191,117.08999555430375,167.91001216020163,4.44476459123329,-0.1406438146706651,-0.0553655693852204,0.0352592139742927,-0.2424658025380656,0.6184229899211664,0.0128546224243406,0.0,-0.0292697608674308,2022-03-15,43.0,6,-0.1459649287398637,-0.0801862249290767,True,False,True,0.6,3.0,0.6,-0.0091090308783153,-0.036275026740616
A,Falling Wedge,bullish,1,0.6565629057221289,3,42,1532,1533,2022-10-18,2022,1,126.53476025405772,126.70006521028996,144.0765857870041,117.41313351003036,0.8751525069587007,-0.0013046951156486,True,0.0337408723085495,-0.0094310895557219,0.0067691371850659,0.147383034032063,-0.0273272730536809,0.0071897365527704,-0.0028461947094593,-0.0397797125511715,-0.0202604430553369,-0.0202251104958414,-0.0243695239077085,-0.0582115145322115,0.0286830125772674,0.0405045659559717,-0.0548385003824941,0.0239822730492578,0.0431778939453746,-0.0054306395755957,0.0393032232408687,-0.0576745745678362,0.0723356512410136,-0.0145708443210483,0.029551162477186,0.0828527168030801,0.0407650032093309,0.020653582637629,0.0166327305294327,0.0211563342970833,0.0388052001692524,-0.0506933850701118,0.0210329299466118,0.0596951670158039,0.0749764976586839,0.063434779775777,0.042611256792572,0.0678431099719496,-0.0979753043117866,-0.0372046957896415,0.0122732198025277,-0.0668977385888996,0.0932922156505486,0.0282822488896969,0.0034142874972784,0.0018309514051313,-0.0851648002904997,0.0714527874036281,0.1374993874511869,0.0575515281451821,-0.0817430181334587,-0.0082959436133873,0.0606973661719147,0.0054886174633019,0.1173178449742988,-0.0084175226945863,0.0096394008421054,-0.0362541677755294,0.1321949127884036,0.0618138153676244,0.1344295372302535,-0.0057208012416873,0.0843657169782385,0.0743828664734544,0.1877328949776684,0.0348090761684363,-0.0128323869060639,0.027872581896368,-0.0024356617281379,0.1957084072969315,0.0889617106243795,0.1898396594541826,0.1074254351128756,0.0794149516257969,0.1032184432624512,-0.0700938599200041,-0.2155900746361619,-0.1748981275168282,0.1099280226982357,-0.1011471652703337,-0.0455479109226303,-0.0788363236896516,-0.1175395195152702,0.1129299161261319,0.1733103895041656,0.1324382570682605,0.1213490378042669,-0.0120715049250247,-0.0198929939230338,-0.0274567344336954,0.1110648739168458,0.0726364763227633,0.0392454416336518,0.1802165796936859,0.2078552786105649,0.1229209894879077,-0.1585877775567225,0.0744949669960148,-0.0561003476579646,0.2232407800794862,-0.2250150564893775,-0.0360228417076256,0.0045964303013139,0.041993983284233,-0.1638246774816347,0.0879595367808721,-0.0822019230341029,0.1268079911519848,0.0015558668776607,-0.0898893453858056,0.2028749875402029,0.0333779771477726,-0.1012050387489114,0.0048776780125456,0.1189465683898194,0.09305849049223,0.2028083661609654,target,1550,18,144.0765857870041,0.138632463504303,0.1508727636021792,0.0406578227965188,1.9231027562525909,2.092899600805196,0.5640033301492043,1.9231027562525909,1489,0.5307695390062115,6,0.1060485849099871,0.2516865505937526,-0.1143692556952008,0.024390243902439,-0.7888654333140924,-0.2580958943078765,0.7943398827373174,0.1518615686592904,126.70006521028996,117.41313351003036,144.0765857870041,4.053337671827985,0.02421716556232,0.0169376262401537,0.0315031312441325,0.0492668029077765,0.3160940959814049,0.0257352939155983,0.0,-0.0337420409122736,2022-10-18,43.0,6,-0.0653499934054058,-0.0637760197384577,False,False,False,0.6,2.0,0.4,0.0325734798798554,0.9211033551568396
APD,Falling Wedge,bullish,1,0.6979350850237203,13,108,1120,1121,2021-03-02,2021,0,229.36471607018748,228.5305639143436,308.3110092750052,209.31510467920003,0.7592314600554576,0.0036500682515121,True,0.0176125067776327,0.0140351730783145,-0.0015969120943447,0.0045605478979107,0.0069427673967437,0.0197935451976569,0.0327906970603031,0.0112331305398141,0.014539787922799,-0.0054299674588954,0.0060511284554725,0.0976119666930663,-0.0032328381520049,0.0260658956879207,-0.04422563127007,-0.0548002773849419,0.0028520199396981,0.0163575345949256,-0.0147397632154748,-0.0122778770937005,-0.0008196385803197,-0.0617332820663214,0.0156153650741208,0.0442405286947198,0.0180085723829439,-0.1095345610473631,0.0762762636460443,-0.0069967355852833,-0.0219037108254526,0.0526312368719568,-0.1038467871763904,0.0019032082787338,0.0573178591056404,-0.0764965452450654,-0.0176630338619342,-0.1255097263689606,0.0130861758307285,0.0186924046937746,-0.0260641069363296,0.0009752146026844,0.0312869040518544,0.0306880276136705,-0.0300070049717704,0.0041162190406831,-0.0179613825301346,0.0566910327353655,0.0750532553250844,0.0485287504599527,0.1326693632598561,-0.0729755533188125,0.1021670515248902,0.0707317783057632,0.0265112607762438,0.0366129130287269,0.0903946838472733,-0.0165825957492589,0.0786850111605552,0.0040054716856241,0.0786850111605552,0.0102546081693015,0.0084721701580081,-0.1318651530748555,-0.0111379916576939,-0.0735580466609915,0.0466471776347099,0.0338593654322463,-0.0186126720156649,-0.0280776388766282,0.056708944585592,0.1074833696951305,0.0220041123292431,0.1511533310189536,0.1662378380803333,0.0350823243338171,-0.0277420562554693,-0.0396263304188931,0.0378128414086806,-0.0650760791977914,-0.0815932288602766,0.026372435375132,0.1172892999210246,0.0569028741083306,0.0531373319491916,-0.0068787741067024,-0.049481629069104,-0.0138700293058307,0.1943635543693087,0.0731380215829693,-0.0160814257259065,0.0314747287768761,-0.0366063342797852,0.0771829350098875,0.1373516887756218,0.0475290991745143,0.0039027973116463,0.0611006378145022,0.0203624135001647,-0.2014197007624889,0.0534868328438242,0.0856464462066322,-0.1836458114456933,-0.0246202281830033,0.032149964821329,0.0661527900114333,0.0987681211063735,0.281164294861765,0.1540736078907387,0.1406499356156338,0.1010042004319435,0.0463729865330568,0.35487348136874,0.0107050120305789,0.1501728484969091,-0.0121330411775437,0.0754133093117947,time,1180,60,260.86834716796875,0.1373516887756218,0.1599913906410383,0.03663284840448,1.5712838759529544,1.830278860394855,0.4190745999652003,3.937547300308525,1012,0.5828821791829759,5,0.0159399315443229,0.2788444109467023,0.0830176853446951,0.0217391304347826,-1.0782886941742156,-0.4954065149912396,0.4455624527304175,0.2487504980314682,228.5305639143436,209.31510467920003,308.3110092750052,4.62615817669607,-0.0249719735715474,-0.0157203067927149,0.0199328682154773,-0.0950736587440354,0.8261642374688904,0.0019526579527511,1.0,0.0274034721588281,2021-03-02,53.0,9,0.1284434392283895,0.1134965649103822,False,False,False,0.0,0.0,0.0,-0.0571171578436173,-0.723239339769953
APD,Falling Wedge,bullish,1,0.6478120834175944,5,57,1277,1278,2021-10-13,2021,4,249.7051880527769,231.2174594080866,264.27438594910825,220.73867485248195,1.3504439897494984,0.0799581860817024,True,0.0431165675151741,0.0127574358549342,-0.0192876698394659,0.0162827216734926,0.0272386655229392,0.0180607748319294,0.0009287756616029,-0.0421153582697967,-0.0374601431271739,0.013958716005854,-0.0292452547299597,0.0148430623836983,0.0406003071541971,-0.0337459273894866,-0.0455870363028606,0.022532126435607,-0.0154005809100845,0.0400850299790587,0.0249782344284239,-0.0491542037561941,0.0395729591507496,-0.0036136788408298,0.043942991512089,0.0472012183149734,0.0133575915493089,0.0317031932275448,0.0918111372514625,-0.0041517347796996,-0.0159211834241551,-0.0138930141880501,0.0446458308846158,-0.0119711844513527,0.0179167331821934,0.0402572387068627,-0.0185641201695057,-0.0041517347796996,0.0339070909581213,0.030259993931027,0.1649264346217946,-0.0061421652454582,0.0218827740792328,0.0208615885439007,0.048841911147013,0.0717910343412617,-0.0272799126219127,0.0213647227542136,0.1161736672040703,0.060283883710591,-0.1276523771187343,0.0576637879961547,0.005151051211121,-0.0810896681279466,-0.0070684324009943,-0.0524952715834603,-0.0168810315422806,-0.0091886104454002,0.0143713099153952,0.0439974990400089,0.0648841571301535,-0.0432339631421678,0.0046352978247878,0.0631675338137378,-0.0803599968278261,0.0316361049996152,-0.0083953530792985,0.0205647745500825,0.0110791477036737,-0.0043278074929286,0.1218507595828856,0.0412697852090357,-0.0208375615400804,0.0642828173604002,-0.0123324322649204,-0.0242206352983525,-0.0643265535761586,0.0768636337578589,0.0916881812531285,-0.0152848276838685,0.0246237748102644,-0.0729570518680199,-0.0427111656903197,-0.1059279651838298,-0.0416527911116332,0.2241313031830403,-0.0422603218435924,0.0436171043575164,-0.0772046786151205,0.0119038167462863,0.0375942196511829,0.069848747448276,-0.007937666115671,0.0343829097432124,0.0615329383000142,-0.0037115437131409,-0.0506808993733673,-0.1122521764598962,-0.1838623330365422,0.1067479155681931,-0.0234884419050396,-0.112480532856433,-0.0551877359261003,-0.0124309378780266,0.0015322059314633,-0.0754731308708092,0.0178720963162053,-0.0654934311506394,-0.1862935355076138,0.1170966379179121,-0.1306448077458128,-0.0137347949184267,0.106398311096356,-0.0601234281612349,0.2877533389243334,0.2051857991307799,0.0735109323452492,target,1288,11,264.27438594910825,0.0583455954998102,0.0706773760607035,0.0,0.5029669189242637,0.6092727612150124,0.0,0.5029669189242637,1216,0.4506944351008096,7,0.122266664394244,-0.0207690761587854,-0.0585482421488728,0.0,-1.6775235271325402,-1.2268290920317273,1.1798719128429431,0.0778319804120519,231.2174594080866,220.73867485248195,264.27438594910825,4.804020694859863,0.005370909561897,0.0402327942678937,0.019455748050808,-0.0196802139402856,0.7515955344473494,0.0097651132137199,1.0,-0.0252432661428163,2021-10-13,53.0,9,0.0041936193435707,0.020754123195853,False,False,False,0.0,2.0,0.25,0.0682362082996324,1.4327106608973774
APD,Falling Wedge,bullish,1,0.6403400297155151,3,23,1318,1319,2021-12-10,2021,2,261.48262951793305,261.665062152352,283.7742151465002,253.4804846655212,0.9409759982189188,-0.0006971990563751,True,0.0118369613859772,0.0303496327080851,-0.0183159641957334,0.0055348548002078,-0.0314476789406696,0.0154095161892398,0.0086240378864999,-0.0108979125645025,0.0178933915886367,0.0038373525138235,0.0108376818968491,-0.0303808334269602,-0.0008655232022302,-0.0102452381608767,0.0192882707500023,-0.0224204828604775,-0.0280889481329849,0.0052035417398754,-0.0536675430645079,-0.0113152510983158,-0.0760297757766075,0.0396453888259438,0.0202070171476166,0.0250306510037432,0.0064281409705797,0.0454222079067025,-0.0113720717176379,-0.0462479557555225,-0.0001275447126609,-0.0199344089814295,-0.1173737639651072,-0.0143929031570578,0.0951051404377929,-0.0029350759924615,0.0287647451325319,-0.0087422991186261,-0.0369040862049094,-0.0645383005603096,-0.0583083531441128,0.0026298452431234,0.0008927522035586,-0.0361024333756344,-0.0068113136143475,0.0554583301809217,-0.0577532400316395,0.0376941874650845,0.0058470657474145,0.0123222855394631,-0.0589131760517995,-0.0162914757139749,-0.0406187625141963,0.0427962280848719,-0.1162887514758668,-0.1459446445755743,0.0488827882807951,-0.0216656878430822,-0.0093911226340495,0.0558406641565949,0.0261847974950215,-0.1446984799651299,0.0580430509371217,-0.027671483316446,-0.0759160469862436,-0.0098731754492492,-0.1179320797776438,0.1689411956344388,0.0715562711279025,0.0580430509371217,0.0185929077298839,-0.1382984895706515,-0.1007269180221533,-0.0177924651222403,0.1995799361405901,-0.0914747232230872,-0.0602224903287519,0.1782606707930945,0.1035404702856328,-0.0285050553200673,0.0666408113618002,0.0499352911858463,-0.1429035635383566,0.0406223708144859,-0.0852333720226645,-0.0350525920219252,0.1360484245715278,0.1342745569458145,-0.0181149569119791,-0.0117778888390844,-0.0160857449648389,0.0201355910913525,-0.021726355620851,-0.1583059353344664,-0.226271806594059,-0.1384808137791396,0.0437187527153322,-0.0029237131103394,0.1199815770232024,0.0775076070123759,0.0927853624661534,-0.0963412434363658,0.203252570566164,-0.0607474675755559,-0.1077994001087517,0.1324165430239938,-0.1215436912384827,0.0242578472001746,0.0696194419738434,-0.0631546603221709,-0.0126094833060916,0.144513104979068,-0.0457624622886052,-0.1525796528085489,-0.0776466557278204,-0.006691861961857,-0.2342844323478448,stop,1343,25,253.4804846655212,-0.0306029691806469,0.0542134847164383,0.0311695362214521,-1.0,1.7715106137715022,1.018513466371867,2.785701338791493,1293,0.619607652370701,6,0.1721810696609152,0.1719322884851932,-0.1578403791565288,0.0,-0.9101123548576796,-0.2905047024869869,0.5437539150310069,0.0869853255420684,261.665062152352,253.4804846655212,283.7742151465002,4.502107338695347,0.0428582813048681,0.0128631047775655,0.0171878781229141,-0.0016845457495547,0.8175908069742929,0.0093119394469516,1.0,0.0150290060722526,2021-12-10,53.0,9,0.0660875863724108,0.064081044395482,False,False,False,0.0,0.0,0.0,-0.0537306206780715,-0.877441043940042
APD,Falling Wedge,bullish,1,0.6054563645900822,3,26,1690,1691,2023-06-06,2023,2,254.62443700001825,245.1571471321463,289.4991547614068,244.3334473235864,1.0251597421646257,0.0386172297182461,True,0.0290826958245271,0.0098966845806829,0.0171570244195051,-0.0234731093957705,0.0299064923613976,-0.0318909693639536,-0.0588209740324255,0.0260943266931932,0.0093322780833118,0.0093588596700964,-0.0022707527315326,0.0267233815573186,-0.0518403933067611,0.023963419927905,-0.0330347342266307,-0.0036129986227254,-0.0191094370195108,0.0252045281241739,0.008615057750078,-0.0148424103578994,0.0385014589391121,0.0067786482937508,0.0299457109863955,0.0445810454386357,0.0256386666822705,0.0261466639483392,0.0284426081715138,-0.004629283059399,0.0380786927006395,0.1128481610552125,-0.0385677256599109,0.017669523190781,0.1549329600528168,-0.0005516407470288,0.0573178591056404,0.0206821328667716,1.7931601181242485e-05,0.0007030307557602,0.1453539641133363,-0.0687718097906421,-0.0082259742961398,0.0465599283832096,-0.0021104678525458,-0.0087422991186261,0.0643116074228267,0.0155077522964488,0.0460955116922714,0.0160955723109228,0.0207141615021351,0.0078604439206437,0.0036173836639377,-0.0091886104454002,0.0204847325609345,0.0569251155440804,0.1908057326645738,0.023797502102564,0.0098701263608165,0.0234827453090156,-0.0450049073452645,-0.0826277346659974,0.0321294843297943,0.0358511610534391,0.0395832303371168,0.0199666332888355,0.1826927179560453,-0.0054620161024852,0.045929454033595,0.0311203416353877,0.015968126807083,0.0242170115495314,-0.02728907917857,0.2504113195161583,0.1078284290162943,-0.0603805814335569,-0.0056525057845202,-0.0065590144071261,0.0007216041721982,-0.1271436712211802,-0.0683374294154868,-0.0872796354467448,-0.0368962319690227,0.1074833696951305,0.0658186675433514,0.0589205848505927,-0.0297455516436561,0.0537056353874751,-0.0037174172550591,0.053027539064171,-0.0037174172550591,0.1152752861230201,0.0263825828973758,0.0037097334278137,0.0738976411575571,0.0188540927952354,-0.0626984432193583,0.0995328810994491,0.1142688205721216,-0.0937637299404697,-0.0708293528177264,0.0053295868249925,0.0378897150129735,0.0629209347443331,0.1131639977706859,0.119621543772711,0.0227192783053766,0.0558213409149637,-0.119458840794724,0.1451574190500402,0.0708677104525006,-0.2808108762074757,-0.0198199806674342,-0.0256070317269774,-0.1158897277124618,-0.0178696309144036,0.0718703604316013,time,1750,60,273.4405822753906,0.0738976411575571,0.1142385375917316,0.0084175819184222,1.8284096930409484,2.8265428527847427,0.2082717138263566,3.3888594642415764,1662,0.934406847048196,5,0.0492086038560367,0.0310913803592942,-0.1521983476498724,0.0384615384615384,-1.4605688191496582,-0.5261619721014638,0.029036189723972,0.1110826023000992,245.1571471321463,244.3334473235864,289.4991547614068,4.296519271830939,0.0008088742510441,-0.0151109619572729,0.0167709410217179,-0.1153155192496919,0.3850820468962415,-0.0042531393671422,1.0,0.0370451711684589,2023-06-06,43.0,7,-0.0698478487706242,-0.002281021832255,False,False,False,0.5,1.0,0.1666666666666666,-0.0339980029883389,-0.909590074491138
APD,Falling Wedge,bullish,1,0.7005564575715125,5,39,2148,2149,2025-04-03,2025,2,269.7136881120171,283.30250514741783,328.8757965006357,272.441640418668,0.5672114460216027,-0.0479657496439352,True,-0.0596763902528423,-0.0614142096197449,0.0570523566769181,0.0273261470435783,-0.0079938274748946,0.0192949905479264,0.03111617267463,-0.0083633257246386,0.0450135096712365,0.0431165675151741,-0.0022114226610115,-0.0035558915856672,0.0441787739591228,0.1261960919136571,0.0176125067776327,-0.0457566036144297,0.1152954095764491,0.0200901609052188,-0.0758786947088913,-0.0984815265012807,-0.0192876698394659,0.0065394099785884,-0.0742415470093349,-0.0565903337371471,-0.061822633397768,0.0341304967617566,-0.0773537722767555,-0.0432644469165272,-0.0336797927214499,-0.0694086531318208,0.0047275520438394,0.0122664051883227,0.0650509849871465,0.0126626444624886,0.0221126518026959,0.0089528023110603,-0.0215031565476678,-0.0090663421099175,0.0088266318477743,-0.0138887812875887,0.0782618995408299,-0.0019779000493614,0.0138600470252319,0.0028563931056544,0.0024950264921761,-0.0563933682635415,-0.0037678450384256,-0.086052454177549,0.071136114639845,-0.0238918710264491,0.0465472590013467,0.0427516274497896,-0.0526229691914112,0.025641799514277,0.0481703615390844,-0.0590896075841708,0.0159450390590893,-0.0724837139538451,-0.01553059538217,0.027242421037003,0.0087915837179715,-0.0574970173900297,0.1384412869764688,0.01897628453621,-0.0332985780329972,0.0259234437110524,0.0484762536511742,0.0141780286993282,-0.014658202587004,0.0001077020027884,-0.1317311339274591,0.0677570221278214,-0.0735227942539366,0.1097302524969168,-0.0481138115740497,-0.0104041150544486,0.1099549319663308,-0.0488831725804219,-0.0620005720350453,0.039795698435237,0.0548686535508713,0.03480055199312,-0.0885683792017707,-0.0160857449648389,0.1438856841989315,-0.0180727641384189,0.0517262419286528,0.0806361592044488,0.1952346596511158,0.2277473045804769,0.0997280366972157,-0.042402990148622,0.030944166624889,-0.1520069100054251,-0.0037723111368144,-0.1473181891853848,0.1993548225855812,0.2801968994471089,0.2016955417283836,0.0981829655471517,0.0479265267327622,0.0673046390376626,0.1553880778977161,-0.1005922665698083,-0.012675830200521,0.0862082880684336,0.0051514292237058,0.0493179076527259,0.0987681211063735,0.0997196652972975,0.2364167913859498,0.0803097398700685,0.0473740979316634,-0.1736927083753875,-0.0348190437773443,stop,2149,1,272.441640418668,0.0101142523605173,0.0020095364826149,0.057343848337927,1.0,0.1986836407661194,5.669608221540719,21.68736903661395,2107,0.6302087153346605,5,0.0411225420834542,0.0714478398416449,-0.1642859730324561,0.0,-1.2289047412773455,-0.5986960259426807,0.4647162132417365,0.1060104635429713,283.30250514741783,272.441640418668,328.8757965006357,5.501342094493412,-0.0344241720840179,-0.0798247434510821,0.0200707061659255,-0.0163027252182741,0.1108720361087159,-0.0193584257710439,0.0,-0.0600575913421124,2025-04-03,57.0,8,-0.0764335599249613,-0.0477797930807084,False,False,False,0.5714285714285714,1.0,0.1428571428571428,-0.0459118674839071,-1.0748261576152751
APD,Falling Wedge,bullish,1,0.6456282543411163,3,17,2381,2382,2026-03-10,2026,0,271.2141737435932,270.01020309453133,291.9807956847617,262.12430981664033,0.752207544617842,0.0044589820505427,True,0.0420231593887652,0.0520442475303305,0.0061244649633906,-0.021353304662722,-0.0042789756099407,0.1116661941824939,-0.0236281410669564,-0.1543733531674868,0.0624403328047753,0.0186513954604945,0.0296748415131897,-0.0090818962393746,-0.0003735975805785,0.0231907818472001,0.0107880701413383,-0.0031063091257337,0.011000709083786,-0.011349245769434,0.027037137446306,0.0198767143287783,-0.0491352169382152,-0.0507037461919944,0.0423698166177993,0.0423873933040768,0.0757652668378132,0.0305994299242544,-0.0298469840666762,0.0333899274367459,-0.0504918020973261,0.0833900133791836,0.0028956368195027,0.0524505619202193,0.0084338687227623,0.0206821328667716,0.0088266318477743,-0.0496890117657181,-0.0174237410964144,-0.0067465924570858,0.0460228278830721,-0.0788096096602612,-0.0053329891751502,0.0161766564447545,0.0250306510037432,0.0206304749340133,0.0054836100228734,0.0366038086597248,0.0868857055842327,0.0864780855817972,0.0864548314989155,-0.0449768834592393,-0.0503239551277643,0.0442295103515109,-0.0152405378106755,-0.0713152932678146,0.2397877078159331,-0.0265740503827478,-0.0115552132075033,0.0029950358852397,0.0409181335280444,0.0495453071430276,-0.0449510503298667,0.0811806000711541,0.0428055028095448,-0.1312389340004908,0.0567323732766473,0.0679479974268473,0.0142803492314202,-0.0056479542481406,0.0706330317240306,0.1000774545892941,0.014103752191898,-0.1694645040779331,0.138294762453276,-0.0292550489622598,0.021706633155196,0.1189755874598836,0.110783183308073,-0.0596190866713279,0.1239036702615261,0.0322352617317753,0.1360484245715278,-0.0689185636438401,0.0656911438399558,0.0002244132420146,0.0009040188324778,-0.034717711774802,0.1069321089974468,-0.1606554114450763,-0.0261458233018523,-0.052574244909493,0.0211263440514299,0.0863036967333942,0.0364642319503536,-0.08393130697941,0.0664686770279736,0.0039454648974044,-0.1248522735420487,-0.0105471304794544,0.1516912003492527,-0.0641478666364667,0.09183960126576,-0.0598355551867536,0.0224178667630794,-0.1545742536414726,0.0496028015315206,-0.0713661954719896,-0.1692130837190675,0.0120854437956832,0.0133128502789976,-0.0801910605451718,0.0497680107160021,-0.0492425507364973,0.0937445565090659,-0.1045429080235157,0.0531460521927385,target,2384,3,291.9807956847617,0.0765690880182439,0.0808783728621257,0.0124904149839638,2.284591068474869,2.413167154734392,0.3726763796260637,2.284591068474869,2364,0.5104648564120289,5,0.0783983482933268,0.0907389284903288,-0.104098805646037,0.0,-0.8722174594194704,-0.3617526030074161,0.613293063019308,0.0720545720587002,270.01020309453133,262.12430981664033,291.9807956847617,5.487721189701253,0.0193085425512944,0.0187728554881736,0.0201963967523578,-0.0344430228500276,0.6924247118172234,-0.0024416564443212,1.0,-0.0241659853854796,2026-03-10,9.0,16,-0.0432590322119267,-0.0212539055173049,False,False,True,0.3333333333333333,0.0,0.0,0.0099717797658849,0.3610045122829626
APD,Falling Wedge,bullish,1,0.60501645995175,3,25,2460,2461,2026-07-02,2026,2,314.29998779296875,278.8080671869561,291.7277835200466,268.25098389276536,2.4481269920978663,0.1272987577587321,False,-0.0469932853557759,-0.0552872486189273,0.0406003071541971,-0.0193373988259767,0.0293584215603022,0.0290846289314858,0.077348228088018,0.011966768987907,-0.0100561298268911,-0.0109908386813782,0.0144884062188623,-0.0175190989967664,-0.0344266761029156,0.0093866111703848,0.0428269124961615,0.0155829155641631,-0.0078708704813432,-0.0123466334400725,-0.0076145251405318,0.1116761338646914,0.0203382822527222,0.0431165675151741,-0.0632738859711856,-0.0594336411113253,-0.0521547295023363,-0.0015251419756699,-0.0965599805940156,-0.0167657908376857,-0.0237638631369641,0.0738076833702274,-0.0637402920810954,0.0232325255439858,-0.0301549106142554,0.0290232051300427,0.0013665150021819,0.0223129716182577,-0.0549671742757278,0.0179997761119583,-0.0653846673809347,-0.0233343230407137,-0.0421117547686962,0.0103131480601545,0.0442071654486144,0.061205895521224,0.0015085654241122,-0.0527671187375753,-0.0617562007584827,-0.0594724160537754,0.0608773987613988,0.0185323031098589,-0.0300207364958527,-0.0370196640038257,0.0011484540591282,0.0184748844804798,-0.0700589772986324,0.0209467841851891,-0.0036407534844545,0.0413108054853552,-0.0457682573095523,0.0089064531068372,0.0145842937005102,0.0255467641619058,0.0668109916268235,-0.1073767992435149,0.0465472590013467,0.0764635881384179,0.0104524883938212,-0.1179320797776438,-0.0616954607883625,-0.019758166389649,-0.04728439127462,0.0725860298191007,0.0483892091809559,0.1228625118944721,-0.1130839181809419,0.1000774545892941,0.0755306337321368,0.0916860363891676,0.2442729224020254,0.0774696427430929,-0.0481455217332895,-0.0347864572148098,0.0716676791835102,-0.0914747232230872,-0.1015387436270532,-0.012852377909804,0.0128452284715252,0.049882074250334,0.1765967107866777,0.0148022935217591,0.1230056715106435,-0.0637477842189345,,,,,,,,,,,,,,,,,,,,,,,,target,2461,1,291.7277835200466,-0.0718173883219829,0.0018135773030771,0.0295259279023888,-0.4901779052993248,0.0123782769645584,0.2015244194946828,0.4901779052993248,2433,0.3503874581899174,6,0.0753218564588024,-0.0225560463907712,0.3765185682118588,0.0,-0.7460413917179766,-0.3956539335280559,1.7398240934744171,0.0577892696794424,278.8080671869561,268.25098389276536,291.7277835200466,9.703337980016126,0.1626056066984103,0.0883781777554575,0.0308836624482528,0.2878627117452521,0.9913879203097896,0.0001958144901725,1.0,-0.0099984471487818,2026-07-02,9.0,16,0.0542304665373898,0.04317078913352,False,False,False,0.3333333333333333,2.0,0.1333333333333333,0.0368157027248469,0.4890856509089202
AKAM,Falling Wedge,bullish,1,0.6977772581974218,3,30,580,581,2019-01-08,2019,1,63.77999877929688,60.262355580049416,74.16823308608113,56.18227105637996,1.197045887398435,0.0583721490039468,True,-0.0053308272043784,-0.0161632237570784,-0.000731810478884,-0.0258948322197384,0.0413425013210235,0.0004679904662208,0.0348899572650653,-0.0101393165694637,0.0278198899507138,-0.0339420717914812,0.0042244837726872,-0.1002926123549649,-0.0114465676250434,0.0225705711819161,-0.0316284513339076,0.0137286602556576,0.1586793015343655,0.0439847684555554,0.0195758374092669,-0.0108795090129641,0.0287869251729451,0.0083026476754928,-0.0143017453581016,0.0089369662234806,-0.0137761464983998,-0.0396058125066275,-0.0573216738872184,0.0271917452311589,0.0155803671281207,0.0627182141601605,0.0012690646116784,-0.0058369797677961,-0.0049455984920512,-0.068703381527382,0.0424141483453992,0.0270045544981889,0.0780562724888276,0.0284444173177085,0.0756947801949408,0.0104802028506854,-0.0382357767861388,-0.1227654064155665,0.0498001925681454,-0.0091397685389364,-0.0843992061249692,0.0095519484560642,0.0584823365996105,-0.0004555068077507,0.0390558615035963,0.0021434421055592,0.0197154945940862,-0.1043408250057879,0.0480466876481684,0.03242614427943,-0.0155488248078274,0.0527753115750617,0.0390558615035963,0.026762710976804,-0.0949064226494963,-0.0155488248078274,0.0735857651334563,0.1360216321056697,-0.1224306257181961,-0.0270307717864959,0.0168212501622397,-0.0118955681182729,0.1164627229303141,0.0142455674618571,0.0472115071453137,0.10489185590229,0.0371405779164581,-0.0698261962435777,-0.0114212180137275,-0.063992182494416,0.1460446179452066,0.0885916801023287,-0.0017823451552798,0.0082240451566939,0.1383296768591113,-0.0854831945949395,-0.1249754402123738,0.0352036862076015,0.0329529991194088,0.0539552410638952,0.001008126074518,0.1843822137065645,0.0588812552517599,-0.0643346789713285,0.1185318847787,-0.020293030012125,0.1210048399788332,0.0776417568749473,0.1506742049902796,0.0307605307101352,0.3215363075695934,-0.1489087333916087,-0.0716945912179966,0.0669628891653073,-0.0769034511342969,0.0888369151842192,-0.0289501937283627,-0.0333609648945397,0.1985130905451024,-0.0721480214007307,-0.2374499754224011,-0.0574262789071431,-0.1817042284124983,0.1478023049113124,-0.0327021989859077,-0.2313888447567674,0.405233832438451,0.1894551608489449,-0.0372462586675778,0.1045138633364188,0.1350256738363036,time,640,60,73.38999938964844,0.1506742049902796,0.1567889650578985,0.0253997955925114,1.2648519347916407,1.316182991111557,0.2132215039765629,1.3672817302270994,549,0.4725060215915534,5,0.0538395635730704,0.0868926964965544,0.0381806896703249,0.0,-1.5706067144785143,-1.0981006928869623,0.9752834687472728,0.1239473606020346,60.262355580049416,56.18227105637996,74.16823308608113,2.2442855834960933,-0.1313395099123707,-0.0580437987444159,0.0359373187522513,-0.1807687522912953,0.972027337768696,0.008164598077988,0.0,-0.0201105902808966,2019-01-08,37.0,20,-0.0428165591976973,-0.0210499326986179,False,False,True,0.4210526315789473,4.0,0.2105263157894736,-0.0456766434769163,-0.5044917533089305
AKAM,Falling Wedge,bullish,1,0.6804164578820306,3,31,881,882,2020-03-19,2020,2,90.0199966430664,86.66000366210938,115.38665771484376,75.66478965527426,1.636412286470928,0.0387721306135384,True,0.0484336899904491,-0.0285463718359895,-0.0100616715579919,0.0195568339580398,-0.0315698117372507,0.019702129695613,-0.0260951882491083,-0.0889780835150083,0.0046412737982262,-0.007718709585392,-0.0003346957516026,0.0147621494634047,0.0201370030233305,-0.0273368973055925,-0.0042705362473893,-0.0658608436709221,-0.028858611361782,-0.0205226115144214,-0.1194258694443406,-0.0255293317236061,-0.0047393271795105,0.0119419717478321,0.0669617313483227,0.0344368609099965,-0.0039088206597905,-0.0793678735243335,0.0255555753354672,-0.0119794983853799,0.0433234484320834,0.0278087868268634,-0.0812388648225456,-0.0150829727481347,0.0478255072980957,0.0005767144633124,-0.2298203486062765,0.0344619916130897,0.1440856961236771,0.0320196535202637,0.0181591013262709,-0.0747524837549612,-0.0847777917880561,0.0851617370803796,0.012533081471292,-0.0100259629832244,0.0079051687340165,0.0398183276294015,0.1702955165821531,-0.01157905256072,-0.0249916091979364,-0.0094255209818276,-0.0361065603258188,-0.047934176586271,0.0180116447840117,0.0341563765335513,0.1072550650671937,-0.1601710928034647,0.0297321592058452,-0.0347536706175959,0.0441661659055572,-0.011735811304704,0.1739820026710277,-0.062686577361632,0.1716179648560143,0.0636325435318372,-0.0983493169619093,0.010609523768797,-0.0258984882427076,-0.0893204101853288,0.1677060059944212,0.0896467451206664,-0.0907430528377344,-0.1540677991964049,0.002533852115405,0.0769082070474689,0.0908970282224468,0.0202256104652485,0.0737499660915799,-0.1159135824952616,-0.072722686823115,-0.0606806988591376,0.1050448498311111,-0.3269192663373996,-0.0281931052175931,0.0167339761681106,0.0594858627381009,0.0401060878439987,0.0953264588500912,-0.1805843997311284,0.0798454863386921,-0.2585741431654595,-0.0456456968802649,0.1187689447703419,0.1168629711704307,-0.1491661066519076,-0.009932877662673,0.0908032810353629,0.0298735246666186,-0.1893932469482943,-0.1776677910720977,-0.0565574836158967,0.0626224944366506,0.078524370268415,-0.1817042284124983,0.0205765747300965,0.1817178047222059,0.0981640631483578,-0.0402435288364844,0.0566633858774006,0.2893878651780148,-0.2106789245551994,0.294314304465779,-0.0658972422673155,0.1038216754889032,0.1754897110200124,0.0893687845870628,time,941,60,100.54000091552734,0.1168629711704307,0.2025105980531906,0.091312973759611,0.7328354290820945,1.2699227097482209,0.5726140764322649,1.767070380340004,848,0.4796735638362781,5,0.076977887489743,0.1074860298990076,0.4785656868557877,0.0,-1.2751521941897572,-0.7954786303534784,1.017501084996583,0.2335437597460492,86.66000366210938,75.66478965527426,115.38665771484376,7.075000217982704,0.0096447298367539,-0.050281139852319,0.0796285913279267,-0.0229822290650558,0.0417511247918813,-0.0350154642565215,0.0,-0.2862145573334996,2020-03-19,30.0,19,-0.2685133023647276,-0.2660115521816006,True,False,False,0.8333333333333334,0.0,0.0,0.0851636770236178,1.5207617787607524
AKAM,Falling Wedge,bullish,1,0.6412713613130548,8,49,1462,1463,2022-07-11,2022,5,90.69000244140624,91.55769545093813,121.94874729548484,84.48999786376959,0.4715377172177809,-0.0094770079703114,True,-0.0283382911637327,-0.023907167267648,0.0170476277669271,0.0388225182030137,0.0089024220705991,-0.0040251633875864,0.0107745534357615,0.0388225182030137,0.0372008488988735,-0.0008939935133585,-0.0155391252052216,-0.1203108332119193,0.0532024233792378,0.0930100487073182,-0.1170193533607955,-0.0206184834982654,0.0397885134092712,0.0319345908444308,0.0023943086420477,-0.0171320206410482,-0.0889780835150083,0.2215292280999612,-0.0387839184300953,0.022053147493211,-0.0090166212600302,-0.1741714479687502,-0.0106030381573369,-0.0306112200823271,-0.0004558508892005,0.1234915908697598,-0.0098195382286049,-0.0200285938583372,0.0336269573683409,-0.0074553293577971,-0.0496366122246019,0.0175492417428209,0.0540798044859616,0.0360747720593603,0.0378805217056033,0.175253693366097,0.0250646172679438,-0.0058470675785947,-0.0049895607356134,0.0400576184174898,-0.0252672933249026,0.0118434842493455,0.0627411474124499,-0.0137346770795774,0.0026710962175784,0.0079194134299787,0.0304335378523195,-0.0437389684103377,0.0318341157419455,0.0304335378523195,-0.0022143489514718,-0.0034302712006977,0.0264049572515205,-0.0304742350107608,-0.0616078452412642,0.0366707048282395,0.0728005028394966,0.0675469327854845,0.0330626990962292,0.039737942627952,-0.0831925523884836,0.0096512676468407,-0.1041574876505689,0.0917842735723839,0.0551343837680147,-0.0224942205382048,-0.0410266409496742,-0.0720286402754222,-0.1082071089399117,-0.0711472879186339,0.1427207476005192,-0.0618512220271699,-0.0894511878213699,0.1449672720060302,0.0520116520931359,-0.1302590358228967,0.0674813422494116,-0.0661311242418076,0.1102783632205754,-0.0737564828768295,0.0428202054491666,0.0892477028000364,-0.0809859738245517,0.0179705437860484,-0.140984995912854,-0.0543837223032125,0.0027438821915832,-0.0085469670097971,-0.0389237918653442,-0.0281658401853454,-0.1259842437980994,0.2515348212663517,-0.1001532550237737,-0.0609952027732787,-0.1959924472444703,-0.1025362994572347,-0.0508778789186749,-0.1243971259390936,-0.1551832428777405,-0.1335207279868382,-0.1900328601567328,-0.0516524969998799,0.0723304876544244,-0.0047757380183772,0.0409030966001267,-0.1219177121386623,0.1255670134554203,0.2170304656876138,0.115556856783908,0.1420446915125408,-0.0162712019467206,stop,1513,51,84.48999786376959,-0.0683648077046022,0.0895357249817449,0.076193664969563,-1.0,1.309675664833582,1.1145158968162172,5.041729318528019,1408,0.675573980658358,5,0.1187239068916153,0.0841391543624725,-0.3256112809539303,0.0,-1.1317647977058582,-0.4561908170475025,0.3895969014218568,0.2101429611879538,91.55769545093813,84.48999786376959,121.94874729548484,2.0207132611955885,-0.1632568163130344,-0.0707818262966509,0.0223086025651061,-0.1903825164932471,0.2058818249544395,-0.0080303619263827,0.0,-0.0387364640769171,2022-07-11,46.0,21,-0.1528926591297799,-0.0926585303102504,True,True,False,0.75,8.0,0.4,-0.092355565338222,-1.6076047442890895
AKAM,Falling Wedge,bullish,1,0.657693870844267,3,32,1958,1959,2024-07-01,2024,2,89.55999755859375,88.4366613128168,98.01707717507884,87.36420621547697,0.7792603115011922,0.0127021557474169,True,0.0326039066317465,0.0103122933400741,-0.0129282153866361,-0.0158730528392851,0.0428338521439126,0.0006889055644498,-0.054790354346875,-0.0433001989639529,0.0202222188313803,0.0228761844628149,-0.0244315717972399,-0.0229999889026988,0.0570795612241996,-0.0231009082725768,0.0039588685219109,-0.1250561489148086,0.0157117417075587,-0.0889780835150083,-0.0090883649413855,-0.0969769496533181,0.0115154311627219,0.0368306879625892,0.0478942259293588,0.0884324030174101,0.0495138744563354,0.0865101210268712,0.0250646172679438,-0.0199281973994175,-0.1123718530312684,-0.0326953635608384,-0.0092842087217369,-0.0242866121634768,0.0109421162783514,0.0999567029395784,0.0095162481226191,0.0079242281377951,0.0866736274070332,0.6306415693916287,-0.0634322086681512,0.0484100479163642,-0.0263492431994736,0.0524766527240412,0.0126247882512704,-0.046731105775595,-0.013386706504792,0.0523186419954728,0.0928986145782431,0.0960252542154714,-0.0003382812268114,-0.0229184213859173,-0.0488630430277927,-0.0735533704772803,0.1259803771972656,-0.1830915140185242,0.0083154199738308,0.0673551849648512,0.0605997753735969,0.036929707437451,0.0389284336567883,-0.0849244343960063,0.0719142211460688,0.0234924972666927,0.0400113746137571,0.1682421866928856,0.0520396908060314,-0.0745943410381657,-0.0893377652354646,-0.0627602251647257,0.0902272409203165,0.1311969665063097,0.0983478647553059,0.0150030026858143,0.0494255813492219,0.0497064936894247,-0.1667014735571363,0.1042105022229646,0.0953264588500912,-0.0018598515524204,0.0239711727353855,0.0401060878439987,-0.0190527061881525,0.0014815153899017,0.0337927787264249,-0.009444613719665,0.1244871677496495,-0.1035606774728925,-0.160995973342464,-0.0614495657736375,0.1169598664127495,0.0863788161363388,-0.041959858662509,0.1224057303301553,0.112550269158504,0.0608886563243153,-0.0516524969998799,0.1214439253496657,-0.0366666744916867,0.2988415593896043,-0.0239172399562496,0.1024071006290094,0.108685826841905,-0.0692692755883884,-0.0305673008667842,0.2255529024226223,0.1199303274327807,-0.2344166437784829,0.0848433892380067,-0.0439879381898642,0.078524370268415,-0.0193348142365923,-0.0472321698629681,0.1564792665727759,-0.0113970922246738,0.1153272194630068,0.070370557087893,target,1975,17,98.01707717507884,0.0944292077604416,0.096136677591115,0.0,3.8514951081284536,3.9211378792168152,0.0,3.8514951081284536,1924,0.8299039214384479,7,0.1037405267385138,-0.1682020913435424,-0.3352360989404923,0.0,-1.240334608659554,-0.4104306872211051,0.167303798638386,0.0820559329191103,88.4366613128168,87.36420621547697,98.01707717507884,1.4164292471749451,-0.1671678385626133,-0.0504120674977568,0.015820722288477,-0.2477734724880577,0.4285723444632507,0.0009990712262577,1.0,0.037410723518358,2024-07-01,37.0,8,-0.046937157982659,-0.0090919187158955,False,False,False,0.2857142857142857,2.0,0.2857142857142857,-0.0303312289930689,-0.3764810809958675
ALGN,Falling Wedge,bullish,1,0.7380562577794896,3,31,1538,1539,2022-10-26,2022,1,188.88999938964844,210.8267081411268,271.3588669855794,191.53571428571357,1.522021112045806,-0.1040509001202731,True,-0.0519349758605132,-0.030529132425549,0.0357494654775538,0.1201393237835115,0.0291283435227642,0.0080794782828022,0.0359573354163409,-0.0826918689040385,-0.0274286558039117,0.0306434005171101,-0.0252855167608408,0.0048871415831102,0.0380565361194278,0.1756442747159712,-0.0333347466063376,0.0659196019385441,-0.0473205124134243,0.0313246711582948,0.051017961497749,0.0108075170112482,-0.0257194039341907,-0.0257579700245398,-0.0704257946893704,-0.0757583652116733,-0.0524205817651185,0.0272389002756616,0.1231489465591755,-0.0536283500210006,0.2499544204891255,0.1064227575749214,0.2312552067002067,-0.0759567426700253,0.0514908200575705,-0.1664355237517955,-0.0461496630669086,0.0058600627681786,-0.004665377432131,0.1647288176972987,-0.0676802393037323,-0.2284771103477636,-0.0013103345161618,-0.0503460922639263,0.035628925334364,-0.0365555374710647,0.0814333089192709,-0.0930562249882365,0.0391232961698735,-0.0113898006316763,-0.0348200772429833,-0.2005435361972928,0.0077042867899299,0.0492494102645031,-0.1173884305492499,-0.1528059774370336,-0.0365789313065377,0.0514670060566291,-0.2385235875824737,0.010159472847558,0.0358403454502556,-0.057294306912948,0.0662466009961624,0.1358639335626588,0.0405298144442065,-0.0580760989742858,0.0130050303000788,-0.2617926492389922,-0.0017957189901448,0.0808350978449714,0.0725592119636229,0.0772936955407483,0.0788643857036069,0.507774115457506,0.2561336507402121,-0.1084846533771896,-0.2244357139214315,0.1209681325141409,0.1509333448894037,0.1729937193593409,0.0286797512783092,0.1323978001937475,0.0940128528478632,0.0086421771083444,0.0468800048828124,-0.0589793522151264,0.2204735873344163,0.1475283450284787,-0.0823882196335406,0.0575415559663214,0.1727105153612238,0.5094082911019513,0.0468738005356359,-0.0326894897318726,0.3374451040241633,0.2879301176393112,0.0577179176473781,-0.3190519988816813,0.3241606106723314,0.2634459494157797,0.1515567169816056,0.0916915069971719,0.2278944464552312,0.1838533100416324,-0.1232597695224558,0.5012607976283894,0.0425809895969728,-0.0906302003150605,-0.3127618698846726,0.1182429108483862,0.4840306953577209,0.0537338049752476,0.1412664096961919,0.0973542912984055,-0.3585056884652878,-0.3508730412622188,0.2782597145601099,stop,1539,1,191.53571428571357,0.0140066435735828,0.0,0.0682407720435136,1.0,0.0,4.872028882937983,31.170731101293136,1506,0.6213306518733483,6,0.0447589743517659,-0.0531433363625749,-0.2138008105278707,0.0,-0.9857642743679372,-0.3644336224945829,0.5056135861754038,0.2145136948718871,210.8267081411268,191.53571428571357,271.3588669855794,11.339284624372205,-0.3285274367301733,-0.0497488470472972,0.0511608223046304,-0.3850678248382594,0.3160624424336603,0.0054592277490164,0.0,0.0310095664193534,2022-10-26,32.0,13,0.0523742071506263,-0.0096903494229523,False,True,False,0.4166666666666667,0.0,0.0,0.0476479942130675,1.0322618104878776
ALGN,Falling Wedge,bullish,1,0.7473386973603625,3,38,1689,1690,2023-06-05,2023,2,303.7200012207031,283.7414840698248,395.6704910278322,273.46401495323107,1.6293654244382705,0.0704109841970161,True,0.0249242963709783,0.008213522903498,-0.032010939716829,-0.0918831599388896,0.0620564375494308,0.0754219504428972,-0.0353321809784923,-0.0189285278320312,-0.0037993403578066,0.2762767303509692,0.0097105517362943,0.0243365300793021,0.0248105402701026,0.0722021042491516,-0.0064927422122984,-0.0010429521333658,-0.0171749925171258,-0.1172935211334531,0.0815369040756988,0.0833412610337474,0.0211122474666001,-0.3362400949461913,0.0213939560965928,0.0912353198462625,0.0627966542141056,-0.0294454775897249,0.031657018710107,0.066967354259164,0.0423199316901568,-0.103460028506074,-0.0563876028981178,-0.0478290133743855,-0.1292535315549213,-0.0199130821249988,0.0114179117233974,-0.1607477896492427,0.0653912972712862,0.0293864245399009,0.1449961936551109,-0.0455388036267511,0.020334500825659,-0.0444687960887634,0.0012691890236011,-0.0627277152953713,0.0904159799227466,0.1010161218006235,0.1089819767235644,0.0665463408406958,0.0886752304146942,-0.2942088126450664,0.0445519362114228,0.1384975467007865,0.1032004524315548,0.0442036481055885,0.2578454028004466,0.0795538806560758,0.0943265249295839,-0.0800131510633049,0.0907654939457145,0.0378754029088277,0.0936660501158979,-0.1656018836143021,0.0946361318260518,0.1197781377988096,-0.0940042346938633,0.0774050227351714,0.0276982853014773,0.1106325576174258,0.0655077955994148,0.2096667734091939,0.1507640391837954,-0.0589793522151264,-0.2179765392516199,-0.0394697915134641,0.160727649919357,0.0576562457620641,0.4021158810271035,-0.1548553730864186,0.0245400691714816,0.0018050398781783,0.1040609134687304,0.1776289005869442,-0.127561430536247,-0.1123936429936834,-0.1868536133762489,-0.0767647045304463,0.2684158476272431,0.1285708176625226,-0.1355264604256476,-0.0105009817525817,0.3826548077724854,0.1803020592494626,0.2210588168741347,0.1600859680599005,0.19125169140545,0.044851236603846,0.4698330182002883,-0.1065982627863647,-0.3572825769840451,0.1235068812323267,-0.1976856256536531,0.0025826936248067,0.697276959156305,0.0973542912984055,0.2032273714095975,0.3268661150810572,-0.0183527780412562,-0.2454111267290448,0.0501401613126266,-0.4097805680899784,-0.4534090321275708,0.2554685153775882,-0.0663917777464562,0.3516932356647921,0.1731017957636987,target,1725,36,395.6704910278322,0.3027475616935473,0.3604636196046,0.0112932722968376,3.039084199545141,3.618457848919279,0.1133657533242869,3.039084199545141,1649,0.8529234991191583,5,0.0165729901537802,-0.0065178474252495,-0.2000692041522491,0.0,-1.3151707248160838,-0.4622472256969197,0.1415844580807886,0.2564412615624959,283.7414840698248,273.46401495323107,395.6704910278322,9.440715244838165,0.1663595879550843,-0.0305379928704703,0.0309379499710582,0.5123655024778802,0.6834238821577141,0.0,1.0,0.0350677502264606,2023-06-05,26.0,16,0.3690500894654456,0.2425454065313228,False,False,False,0.1333333333333333,0.0,0.0,-0.119322883750854,-1.2038742570137912
ALGN,Falling Wedge,bullish,1,0.7081328496245181,3,25,1769,1770,2023-09-28,2023,1,309.3699951171875,300.2189161512588,411.1910875108506,291.83006286621185,1.1796314642361798,0.0304813536843167,True,-0.0943530494298557,-0.0777430175816183,-0.3642009157830064,0.019155807509058,-0.0217679815174095,-0.0050301649114268,-0.0493682250036113,-0.2527573529411765,-0.0358343527915201,0.0062268742785289,0.1519297817297149,-0.0189285278320312,0.0363479305523435,-0.032010939716829,-0.0943530494298557,-0.0163002070046082,-0.0669929716749853,-0.0669929716749853,-0.0035545694130533,0.0087535304327552,0.0346551482558721,-0.0233067576525021,-0.0546365537004193,-0.1337233596345268,-0.1383331069001649,-0.0625999476775664,0.0650850955744448,-0.0026301254396546,0.0802628346133835,-0.1158092761364228,0.1587554565943814,-0.0247572188488739,-0.1103263254117021,-0.0432549561035987,-0.0140056455842569,-0.0100732596767658,0.12790135080765,0.068950703139444,-0.0241104845445175,-0.0469848959925857,-0.0508807882539487,0.0056166854336923,-0.0197778159953826,0.0720558358776874,-0.0441522258612218,-0.1341866094602361,-0.3840385280854055,-0.3397451694948511,0.0033625698152894,0.1066316135017688,0.2245008006472426,-0.0536925891147838,0.0470972189065561,0.2316436706145332,-0.330486117131005,0.1561290878498578,0.0180194901302142,-0.1441268760012788,0.1584838291679446,-0.146607757764365,-0.1651263022161394,0.0590514884196253,0.0958319836645364,-0.0986510201871659,0.1066316135017688,-0.0401439410041761,-0.0351825003625663,-0.0268562525230595,-0.3923640285811454,-0.2905582338571608,-0.3452988473242928,0.0072470324352678,-0.0951838486966656,0.1289155459035502,0.2114648350231236,0.3201420305846736,-0.3839912711566524,-0.01447809313334,-0.2295569865824615,0.2673913338334088,0.2730646509596746,0.284149804373087,-0.0187115283164178,0.1108140717274381,-0.1297936252655865,-0.1621013636293424,-0.2573164789933052,-0.0585623790428474,-0.1973611655847997,0.1018680949787518,-0.0798736893503289,-0.2944645823605222,-0.1212140821406911,-0.222912689779381,-0.080148952044325,-0.432566007325932,0.3525494583592488,0.0574603368365576,-0.1583921822047086,-0.4325869558231913,-0.0926461203826433,0.6390858567785775,0.5695178632319273,-0.2437729049514938,0.2165292942688821,0.1019760019349886,-0.1802456387168878,0.1697593052809216,-0.0598767782644429,0.1220050587644465,0.2977753427212215,0.3814523750754701,0.0752919279280581,-0.2159556710261588,-0.1755746626627169,stop,1772,3,291.83006286621185,-0.0566956476963178,0.0078223921709592,0.0677505633574406,-1.0,0.137971651948642,1.1949870247595873,5.805101806365263,1743,0.8062375250448865,5,0.0572204018116311,0.0623584255035092,0.056468128374411,0.0,-1.504909960401024,-0.6986724353561283,0.1411029273895201,0.1929325337492112,300.2189161512588,291.83006286621185,411.1910875108506,8.529998779296871,-0.0132584571761441,-0.1093296067424026,0.0277389304686315,0.0042455123830849,0.6707325772166346,-0.0025523370205706,1.0,-0.046514430801161,2023-09-28,26.0,16,0.3577952551314869,0.1943816112325083,False,False,False,0.2666666666666666,0.0,0.0,-0.1061083192182942,-1.106925255136887
ALGN,Falling Wedge,bullish,1,0.6428855355380317,8,68,2159,2160,2025-04-21,2025,7,174.11000061035156,154.4300035749161,258.6966603597002,140.63815334268224,1.619211338232755,0.1274363567950605,True,0.0400895738502691,-0.0189520971732222,0.084810289166759,0.02912843157357,0.0272177040471772,-0.037751958904148,-0.0192300284055773,-0.1204761882404703,-0.062023906543375,0.0155180380273627,0.0254589095227937,-0.0190786657717401,0.0239805821459169,-0.0371168574622291,0.0739717833225643,0.0169582921327429,0.1062427978814335,0.0330099700725043,0.0223382219613996,-0.0113214683111485,0.0728760185335386,0.0326016433839875,0.027233893443616,0.0201022341492767,-0.0632791974560071,-0.1045171181847859,0.0601041316986084,0.1202998716174985,0.0726629880056197,-0.0885820026832019,-0.0921897839943616,0.0641543785147931,-0.0801029806509823,0.0886400146484374,-0.0074644722457274,-0.1430216089266401,0.0815555633060516,-0.1419413244937692,0.1003815912327816,-0.0540660167240748,0.3980633542034557,0.1332667569112746,0.1647288176972987,0.0130415227818319,-0.0141149948830695,-0.0084427002422752,0.0616276818673513,-0.0820065715171496,-0.008949966430664,-0.1468952280629979,0.1667797202958107,0.0672103369669123,-0.0741750798797025,0.3103481774793157,-0.1454286881128181,0.0077042867899299,-0.1351959641313387,-0.1213419911716205,0.1196697226573977,-0.1109246717072215,-0.0026880756021263,0.0587618873232889,-0.3184986530822328,0.0067141597190496,-0.2174443272916881,-0.034360162107918,0.2547004384778628,-0.193791019871127,0.0875179367544457,0.0060306877725402,-0.1427562719245707,0.0535689152900122,0.1547887133852099,-0.021371632865597,-0.0679835566767941,-0.3836349400387912,-0.0593390629209321,-0.020040620633257,-0.1594430928288921,0.1764102698245764,-0.0123573212232961,0.209563572331602,0.0296169038323805,0.1990157079455368,0.2150140526121049,0.5281843306946279,0.5686837481637286,0.1718875823603747,0.130961795232477,-0.1130143290562081,-0.1173374421414624,-0.0681279918918298,0.1043018987906985,-0.1067116469368711,-0.0440837600468341,0.1502567983171148,0.1649586439461579,-0.1735186233710076,0.1502567983171148,0.1412664096961919,-0.3190519988816813,0.0177158361957046,0.0648648648648648,0.0481395869292029,-0.0548123562168801,-0.1111173940008398,-0.2890007280386086,0.5000791035700471,-0.0589722371804352,0.0290053852212364,0.4293047757914996,0.008897787805463,0.0323553192001819,0.0912769699090676,0.0654108396893204,time,2219,60,192.2700042724609,0.1043018987906985,0.1794842334756851,0.035035357429968,0.542545606069678,0.9336204168864206,0.1822428877239668,2.527098641222932,2084,0.7365418311826499,5,0.0042315818148147,-0.1703947376080781,0.7173743736252047,0.0147058823529411,-1.8805721379280145,-1.144030306745364,0.3377300187621318,0.2644436020382048,154.4300035749161,140.63815334268224,258.6966603597002,10.464998517717634,-0.1981340332759403,-0.0162151338762435,0.0607652911598028,-0.2028697116961141,0.9958411186788018,-0.0142931969890842,0.0,-0.0888328385487915,2025-04-21,35.0,8,-0.101396377854377,-0.1070995218622444,True,False,False,0.5714285714285714,0.0,0.0,0.096837988125206,1.814692883835172
ALGN,Falling Wedge,bullish,1,0.6158849117310609,3,16,2387,2388,2026-03-18,2026,1,180.0,170.70999908447266,197.6699905395508,159.67205028044782,1.0203118697726803,0.0544197818836045,True,0.0015000237358939,-0.001002092016515,-0.1994639677357429,0.0397032728962212,0.0750572529430768,-0.0113084264096421,0.0011171765359685,0.0744374499553184,-0.0778829034367832,-0.157506884630367,0.0503252091531598,-0.0361120073763822,0.0225133977529838,0.0363479305523435,0.0695319857242755,-0.0044891349947543,0.0292547429575233,0.0678925317181042,0.2013696335857975,0.046563811986692,-0.0483415620737837,0.0036614605237297,-0.0076335247454929,-0.0403889126247829,-0.0404794984862741,0.0097236800409654,0.256873116732347,0.0175013466143727,-0.1102985048717524,-0.0827007432923698,0.0642755692401393,0.02547843390393,0.1871154898783571,0.0197470859572617,-0.1193190215824843,0.038987875945774,0.0601727874865039,0.0551260017478834,0.152094490137175,-0.0484312101146513,0.0084028336482044,-0.0467362868110452,0.0500087767020938,0.0437468474476658,-0.0599088959720596,-0.0664818962666985,0.0278889126247827,-0.0430523653932271,-0.3687686754663217,0.3131971440809691,-0.0479388190424282,0.1471461587169051,0.2356809967266571,-0.01307886314765,-0.0931591270115769,0.14961570817383,-0.0847160042739332,0.1498241430157587,0.1527052151644581,0.1138393930724039,0.161723886961383,-0.0834154602884009,-0.2375744842750112,-0.1965538611778846,-0.1155795264361719,0.0686074965251195,-0.1063569938426548,-0.0996978952321572,0.025613891012618,-0.1081666734483507,-0.2500960317123272,-0.0627913644610723,0.1898398740827751,0.3875816232990734,0.1267202600882937,-0.1395390287358708,-0.1507542971390343,-0.0296593836390393,0.2853892070042134,-0.1621013636293424,-0.0105009817525817,-0.160239946088228,0.209563572331602,0.0887017609106297,-0.0834513554688392,0.1126445779254183,0.1055703633725835,0.2653350145490774,-0.4125544420689644,0.4016271050366984,0.0499207434075001,-0.1587317703995953,-0.0286666870117187,-0.1607972203916652,-0.2100682918497682,0.4553555559294102,0.0560405500358147,0.1502547299408709,-0.0212335124414922,-0.0088055854952965,-0.0643532970157527,0.0047396829995867,0.1290343949879338,-0.1307082426353821,-0.1673045387420696,0.272793651416499,-0.0118313171284,-0.3264991417805409,-0.0493229446003113,-0.0824451563390359,-0.1078565295554305,-0.0086884158906662,0.0747481255704642,0.2807884696671781,-0.0403985963653992,target,2410,23,197.6699905395508,0.0981666141086154,0.1135555691189236,0.0901111178927951,0.8692460766249892,1.0055122490659396,0.7979162406675043,0.8692460766249892,2370,0.4474320835512286,5,0.0416367080794851,0.0742606477601648,0.3225780868716446,0.0,-1.044326946843697,-0.596894863292461,0.9556040618616066,0.1246204618559979,170.70999908447266,159.67205028044782,197.6699905395508,7.815714154924661,0.0787525234116177,-0.0201404919172302,0.0453321384427435,0.3079198458702648,0.3874252534881705,-0.0178854984318413,1.0,-0.0362237427865977,2026-03-18,54.0,14,-0.0564414501585354,-0.0651923980340817,False,False,False,0.6923076923076923,3.0,0.2307692307692307,0.0807254985414104,0.5586011335652725
ALB,Falling Wedge,bullish,1,0.6331427497898481,3,18,744,745,2019-09-03,2019,1,56.00032195679128,54.15483892437817,69.8640383500923,52.55995852765281,0.7399401615900674,0.0340778971753594,True,0.1084413834033783,0.0914189798254039,0.0254837747834477,-0.0504654514385823,-0.0456172367457413,-0.0173506412527828,-0.0942285852701371,0.0588515315811668,0.0528268921337602,0.0417959018768685,0.1113033899727422,-0.0711286536938304,0.0222443987112603,0.0928650220984685,-0.0670440624342029,0.0652269640694256,0.0452801781080427,-0.0221590003690488,0.1344398206148853,0.0799246369571429,-0.1424201452669414,-0.0520778983807939,0.1000538416006208,0.1058768316715674,0.0793365252179161,0.0486978008405987,-0.2881417717675321,0.1343293147740225,-0.0941616955057977,0.0782093800562155,0.0845991033076838,-0.0431577671773742,0.0179602048918436,-0.0410870622782378,0.0932871672130633,-0.1303389374101353,-0.1911694986101191,-0.0358402685588085,-0.0324233838114332,-0.0168601536381739,-0.011009630999667,0.0316971641165546,0.0393291233442272,-0.1628510377591799,-0.0878595882263107,0.1362164085314955,0.1148525583752981,0.1098923299645999,-0.0629114157605005,0.2041359277444858,-0.111421180954506,-0.0410861194992416,0.1013498898399298,0.1180457102670495,-0.0561287539229975,0.3597778688844815,-0.197037531672892,-0.0575583303552363,-0.2034594311063771,0.068795655879144,0.0545706441896132,-0.1290523883623832,-0.135590121346724,0.1078952386199172,-0.0834536861965952,0.0146348531382185,0.0130627848882372,-0.0450199386134435,0.1188750745922891,0.0286806774369126,-0.0104479310065732,0.2049450415929097,-0.177539341869703,-0.0514439176567504,-0.2366090922091209,-0.2861279884286861,0.1761638457298233,-0.0020727720886429,-0.2931048861519932,-0.2987208209897708,0.629144776456454,-0.0514439176567504,-0.0609992452290858,0.1003569272283311,0.3383947206146949,0.412493255420123,-0.0241724764238427,-0.2141390301250013,0.0854806914080466,0.2385010294820015,0.057793835729003,0.0013356456953106,0.0704608409153733,-0.0059204983177341,0.1159912411087997,0.0354892725459599,0.1798106231534735,0.1856784875602732,0.24210400365209,0.420009984919,0.8662983806126214,0.7209679061857388,0.3334270383908475,0.1542425657037693,-0.0290936429515671,0.211082007124959,0.1519736545480319,0.2114822914073255,0.2029709449325296,-0.2772965378954639,0.0460478051555532,-0.1985251308603104,-0.0440979692767705,0.0756977546778128,-0.1097521931193604,time,804,60,59.94615173339844,0.0704608409153733,0.1796453322589742,0.0175062768840313,1.1469223696507147,2.9241667782338183,0.2849574360276202,4.029724381988545,725,0.768229048073509,5,0.0239574610054964,-0.0732087451391102,-0.3889432184852908,0.0,-1.188471252098693,-0.4202422040251896,0.1570623255108216,0.197466527587513,54.15483892437817,52.55995852765281,69.8640383500923,2.270142773931504,-0.2167850471783166,-0.1206632216686737,0.041460117608321,-0.3085617268161045,0.4832217514305085,-0.0118258113689926,1.0,0.0243817159578616,2019-09-03,47.0,6,-0.0329894814844611,-0.01655944821446,False,True,False,0.4,0.0,0.0,-0.0466476661051263,-0.1731735837553089
ALB,Falling Wedge,bullish,1,0.6811600705772454,5,53,1358,1359,2022-02-08,2022,0,217.7323061968377,208.08061021832123,273.4980977362977,185.72840519861236,1.156295632125016,0.046384408275186,True,0.0446166514073438,0.0646507286766184,0.0277291476073731,0.0115724620494976,-0.0214276240315791,0.0183956817560826,-0.0571333421621009,-0.1348806921396761,-0.0459138366943153,-0.0054057160920035,0.0317225613763234,-0.0357577559327189,0.0728363788871042,0.032988241990248,0.0051469504816308,-0.0072271863451529,0.0576841648400709,-0.0033485895519851,-0.0286574614459104,-0.0523288374348368,0.0570930667126052,0.0231700985665677,0.0473037657854826,-0.2123941244745131,-0.1393086768149081,-0.0801329561208322,-0.0070297683262527,0.0483127938550387,0.0521679629752462,-0.0904956510855794,0.069273787821128,0.0540833121998816,-0.0082417628474956,-0.0155387074208074,0.0268430053905441,0.0867071324534125,-0.0800923896716216,0.0585268612337237,-0.0749296308182878,-0.0598091028988383,0.1131544762890133,-0.0482727050990877,0.0232298770194303,-0.0509387357077011,0.0051457626187987,-0.2134923025674987,-0.1901938131839319,-0.1291025729063524,0.1394932933788999,0.1398947079892933,-0.0879531071235529,-0.0076028094844226,-0.0937984416254191,-0.0526104939396177,-0.0466882927012436,0.1017471614552099,0.145475280306853,-0.0011642685141793,0.0900333732488378,0.2620112493867619,0.1064894257139275,0.2626430457972137,0.0281923845646592,0.1194028640381335,0.0658556743259888,-0.273834536848604,-0.0259183125323891,-0.0365123006217347,-0.2319516080246627,-0.0829683342760935,-0.0669038741829982,0.2546442754455711,0.0558774245268745,-0.225562305708476,-0.3787407822339322,-0.1786984804722292,-0.1681651881878703,0.4880679588770402,-0.1309467223937197,0.0967757388470427,0.005588371704694,-0.066578840557403,-0.1819723970027041,-0.1494576068421137,0.2129465262885777,-0.0040127047607292,-0.1288741350046095,-0.0622173332593237,0.0962813809559934,-0.165915065266997,0.0796309621144895,-0.0554018881296022,0.0255732564371045,0.1137163173857085,-0.0644638966581844,-0.1024040971295473,0.3125778745599998,-0.0431128386024304,-0.027850615535355,0.1507152134902447,-0.07238786543015,0.0963788382840773,-0.0492988365271086,-0.0805793105093735,0.3444650913453044,0.1532745466575567,0.1602233062373537,-0.1095894060109552,-0.2573577858263934,-0.1095894060109552,0.0356960241222259,0.2639812790792237,0.1790480606123863,-0.2649047813767633,-0.0001678133014532,stop,1365,7,185.72840519861236,-0.1469873789390385,0.0731346989645652,0.1568720583958565,-1.0,0.4975576780296017,1.0672484911845224,1.7424685678959035,1305,0.5077479111010266,6,0.1641990883588628,0.2510468478442891,-0.2350030457873507,0.0,-1.0541174501230952,-0.5463695390220665,0.7093611009050353,0.2017533855780857,208.08061021832123,185.72840519861236,273.4980977362977,9.460743663407834,0.0592789920107359,-0.0291945570209135,0.0442927241267172,-0.0484943499207295,0.92105258754971,-0.0038676161260892,1.0,-0.031299019788858,2022-02-08,1.0,14,0.1196290906915753,0.1183236238669203,False,False,False,0.0769230769230769,0.0,0.0,-0.0360346542906886,-0.3069889516429498
ALB,Falling Wedge,bullish,1,0.6985241598712575,5,40,1655,1656,2023-04-17,2023,0,199.2016356745104,194.10538307518848,275.668762626447,171.7845824662977,1.8459362540339288,0.0262550812274375,True,-0.1225374413375005,-0.1154390828209258,0.0376790811012279,-0.0520778983807939,0.0414452811974956,0.0171340546355394,-0.002999267466,0.0948277430072825,0.0317314068919294,0.0935196824229736,0.0016342156279693,0.0599070817016254,0.009090866276763,-0.1403534942591245,0.0465420863375198,-0.0478159216376814,-0.0509295820183745,0.0128944886444419,0.0915202524874232,-0.0156838180910554,-0.0234119105191606,-0.0273972525122133,-0.1314002961098899,-0.1544478879443055,-0.1542793563930611,0.0068414986637146,0.1886190949985178,-0.0967241735046907,-0.0680053238151316,-0.0524404061994498,0.1125706612097665,-0.0445570721607552,-0.1149051626157742,0.0467120941423362,0.023138488624196,-0.1018439999924756,0.0514283949651712,0.0678350770523605,-0.1007933009210931,0.1232272766062128,-0.0155387074208074,-0.0221449010536004,-0.0157613164525596,0.1580765294931729,-0.0188499407532501,-0.1607921284875985,-0.0281420005941634,-0.0219578975506143,-0.0524370912537578,-0.1567130586191248,-0.255994288797822,0.0434456276185644,0.012728587270703,-0.1010171873613537,0.1239103308436797,-0.2206061880780575,-0.1407704693988827,0.0469877745082485,-0.0309115406119916,0.1363722631428867,-0.1087450296595151,-0.0049120002830532,0.0244260125960196,-0.0748480987896572,-0.1742913087495484,0.0932835026832188,-0.0469599188392156,-0.1221977952489729,0.0223204932572181,0.0915813666132252,0.04085700655775,-0.0869680878615862,0.0070887040214193,0.1550148055936133,-0.0468240937503081,-0.0271376760054751,-0.1613142818889498,0.0401098593483386,0.0966103068986801,0.3196077741681236,0.1491061131126689,-0.2201018181158771,-0.2646039637237191,-0.0827214214677989,0.0991539479902194,-0.3097706301538756,-0.196172248629998,-0.0621761675016416,0.3196077741681236,0.0418017838866748,-0.1202096204141101,0.1090763136294991,0.1547674013663522,0.0689838303892118,0.0560666346863272,-0.1055066716279717,-0.3180670351650768,-0.2341385959763402,-0.2012004329468031,-0.2708000801031263,-0.1930878333837143,-0.1420730059062718,0.1645806782545158,-0.0582727528000549,-0.0090408375330214,0.1098639311466371,0.4128354341501352,0.214358861162633,0.1519736545480319,0.0486636499348003,-0.0276675539781644,-0.2164119072440815,0.2866426605817731,0.4399936062601413,0.1493317811633338,stop,1659,4,171.7845824662977,-0.1376346791299011,0.0122585614072934,0.1804434885786981,-1.0,0.0890659351610335,1.3110321448011923,2.789035217286993,1615,0.4360538459536297,6,0.1068695633651739,0.3344233321792405,-0.0106226559767979,0.0285714285714285,-1.512618112041175,-1.0765642660875503,0.9493005459935604,0.1692034501076568,194.10538307518848,171.7845824662977,275.668762626447,6.812665482120051,-0.1835354997945651,-0.1267554014047868,0.0348227205304192,-0.1929136809910066,0.3567699020098588,0.0049998331017493,1.0,0.0614119167679025,2023-04-17,26.0,16,0.1911437875242736,0.110895344251958,False,False,False,0.2666666666666666,0.0,0.0,-0.037371978903309,-0.4257714697187735
ALB,Falling Wedge,bullish,1,0.6807155105710331,5,65,2135,2136,2025-03-17,2025,0,77.17942586522193,72.86007044874918,110.575201463339,61.39420184478797,0.9636634343476608,0.0592828882798164,True,-0.0183543470160696,-0.0378426759165235,0.0226015627463034,-0.1306957454011322,0.1307635424001247,0.0576841648400709,0.1089785186878933,-0.0069574699638865,0.0528268921337602,-0.0173506412527828,-0.030893540131535,0.0671895744192005,0.0139207207877809,-0.0022137583360976,-0.0428590214690859,-0.0159014413010848,-0.0711110360163115,-0.0209526892480791,0.0336100012285343,-0.115453977101077,0.0274897086154084,0.0362072474059944,-0.0231984776682695,-0.0883543154335768,-0.0817551647922392,-0.2021505173661448,0.134553873622609,-0.0306810690248525,-0.0231965995646268,0.039714578318609,0.0477260531131098,0.124301786872581,0.0111370485977602,0.1301100224625462,-0.0135792650205563,0.0384817287324126,0.1305365467195975,0.0757154809744728,-0.1070610036945913,0.0371438607407457,0.0031776453678524,0.0150394263781543,0.0372460685844799,0.1171232115934337,-0.029439069467925,-0.1151493058305602,-0.2735442197915635,-0.230948299931046,0.1254970191219355,0.2955120719006086,0.0831391854165541,-0.1069006064673869,0.0689689032197682,0.0410604888973618,-0.1113945152458715,0.0902638316025912,-0.1010171873613537,0.1786437535915521,-0.0738428037103201,-0.1007212251422889,-0.1627375552303488,0.0159552421641313,0.1123443177964134,0.0413128396749504,-0.0268368355048628,0.0700802118291561,0.0892463507942471,0.0216825072012454,-0.3010570195189676,-0.2169619730063777,-0.2591102975875635,0.2870121847968119,0.1262298354706883,-0.1009546658561026,0.5168121446367135,0.2303996252744695,0.0183869541296686,-0.0111927878575072,-0.0046937078543541,-0.1254088983548485,0.1774234029962185,-0.0371388965737405,-0.1663894312269083,0.1210278522658365,0.1322871944975803,-0.0283068821516605,0.0070989978305335,-0.1958421496703548,0.1290455612109762,-0.2381197919062813,-0.0124070078191079,-0.2582254496983093,-0.1762023857339492,-0.2441362529629032,0.1734015385473228,-0.0116988460235399,-0.0999597213571558,0.0250481924224243,-0.1096963672116906,0.1443006983364583,0.079744340163059,-0.2558343454193073,0.1480365255279272,-0.0348058178925889,0.0780370661869322,-0.1664848935158589,0.0793398242840635,-0.0910418391660422,0.4040336130351611,0.0457907112645588,-0.1003866303170124,0.0405299415565281,0.3717760166747703,-0.1299858952514391,-0.2057095913261777,stop,2149,14,61.39420184478797,-0.2045263208876367,0.0145569189122253,0.2717721205945766,-1.0,0.071173816890896,1.3287879986062208,2.115635201305111,2070,0.4114650335588085,6,0.0344606185257773,0.2275831713848477,0.4708973420569309,0.0,-1.4804441677078026,-1.0689791341489934,1.0938315318969356,0.2068320343139606,72.86007044874918,61.39420184478797,110.575201463339,4.057396782463678,-0.1360505821209771,-0.0319308494244416,0.0523456741477104,-0.0907501937377965,0.8854738959760299,0.0124950005091932,0.0,-0.0697884074501381,2025-03-17,59.0,4,0.1480027482914736,-0.0147880636949281,False,False,True,0.3333333333333333,1.0,0.3333333333333333,0.120495305857345,1.7787093218057088
ARE,Falling Wedge,bullish,1,0.8376688559799393,3,37,1538,1539,2022-10-26,2022,1,116.71570600761812,110.70419171461732,136.57005906212223,103.12874655001316,1.561359324553715,0.0543024992991938,True,0.0097873190114134,0.0311931624463777,0.004158920295225,0.0319959123665161,0.0127678923611809,0.0196583905679157,0.0442454450183864,0.0431919436994714,0.0138004285057107,0.0629979149303894,-0.0135438993521889,0.0384615418632188,-0.0061406768458525,0.0063895594867047,0.0050305542235982,0.0754789073844541,-0.1564434526330903,-0.0346313562321113,0.0240914599663124,0.0225810735992613,-0.0386982258669205,0.0530837001818891,-0.00063648266459,0.0123404363406451,0.0356782197871999,0.0261092076717401,-0.0222137633137885,-0.0218997283157384,0.0544293385341643,0.00100688822837,-0.0178429126482688,0.0480589844165983,0.0120647708290353,-0.0286101299903847,0.0072033544633414,-0.1096257194717483,-0.0376495652403022,0.0428703009199133,-0.0514593098321963,0.0145498286401291,0.0053620001314595,-0.0442953217629803,0.1119062892241415,-0.0359247810593056,0.0074396041846582,0.0142664695602032,0.0767377844174344,0.0262246876158844,0.0756968797882851,0.1828472083461474,0.0004962293352563,0.0430073030863134,-0.0010749067204673,-0.0986513201850664,0.0308618775631677,-0.0419278010139719,-0.0456691494208389,0.0844246847899563,-0.0544659225247534,0.018999540110858,0.0624816139111494,-0.023946815245852,0.0407521557687571,-0.0923698049705167,-0.0579783378869629,0.000279351002596,0.0079960482124772,-0.0024616358025252,0.0702729245102339,0.0359574579930448,0.0375281481559034,-0.0114741669867819,-0.015388204974584,-0.0746070496671771,-0.1478812868577136,-0.1247625526025308,-0.2571536716942726,-0.0066052312847134,-0.0107015711811613,0.0552800701514897,0.0493214018708545,0.0150499519884008,-0.2548977875259284,-0.1340017775395379,-0.0047117183787613,-0.4118064099465751,0.1275208061244983,0.067278581742417,0.1509280657617238,-0.2495597418424792,0.0021035173330172,0.0977608967685356,0.1345342737451031,0.0850192873602511,0.0053141675464811,0.0712740557449533,0.0182869631966637,0.0986126120064208,-0.1678445317911913,0.0599868639042511,0.0332098628907076,-0.0253893100451398,0.1227301041720407,-0.0956817388232871,-0.0730380957740318,-0.0130567834703737,0.096815426718688,0.0168440215591774,-0.0598202407830681,-0.043441743721808,0.0019264276041488,0.0021194505863522,0.0555805814027869,0.2535964270519155,0.1166330477463188,time,1598,60,132.41796875,0.1345342737451031,0.1456207170735723,0.0131915951285859,1.1556862881189294,1.250921875170855,0.113319418049619,1.4612800690585066,1500,0.4353276119343089,7,0.0588310887235315,0.1043592020120018,0.0825115869675841,0.0,-1.7434732620679032,-1.3081456501335904,1.172951864327597,0.1126635117470879,110.70419171461732,103.12874655001316,136.57005906212223,3.843809756216276,-0.1541325967758156,-0.0371591943027055,0.033144653271427,-0.239813572607892,0.490196469532262,-0.0015688995919979,0.0,0.0310095664193534,2022-10-26,52.0,9,-0.2440109493865051,-0.1635183988280251,True,False,False,1.0,0.0,0.0,0.0372623834675169,1.0228468708027771
ARE,Falling Wedge,bullish,1,0.629577836079096,8,92,1800,1801,2023-11-10,2023,6,82.01576237319398,81.87753930486599,120.2010908260802,78.53014027239868,1.2965396051887617,0.001688168324323,True,0.0917895578955327,0.065470937843806,-0.085094161734111,0.0414333208696295,0.0237459560312978,0.0004107176102394,0.0644782985581997,0.0174270953044703,0.0272700994051366,0.0172543132805473,-0.0009771285934518,-0.0295362005856978,0.0022394415894158,0.0175256611389673,0.0006961562308578,-0.0038724671623339,0.0154227347187914,0.0253039804706856,0.0005754969358404,0.2175830952722681,-0.0339632087760565,-0.0272264397315241,0.0772547198538741,0.1054737821232203,0.0707539678573898,0.0316116234063748,0.1788372325298053,-0.0596202797399531,0.0331229587483372,-0.0471747272220438,0.1234309855904272,0.00278810312402,0.0293801967523232,0.0336854073435382,-0.0149863640015069,0.0513486108214416,0.0123404363406451,0.0438955698582699,-0.012778579001373,0.0371796272202298,0.0558586476043758,-0.0945738978902044,0.0293801967523232,-0.0551607494414237,-0.0063540612815274,0.0868632352475163,0.2572633219194027,0.205445462960689,-0.0219825444639349,-0.0443961353797646,0.0021515754273648,0.003512703148794,0.0509211139421061,-0.072031564405138,0.0519160632668671,-0.0694925407291552,0.0075594562185596,-0.0838863665878243,0.0885211134112429,-0.1541577516921707,-0.3410299509264594,0.034328843938691,-0.070178095675661,-0.0983737585989418,0.0134565971434856,0.0077212048736237,-0.0675081706923269,-0.0165650527563172,0.2962389849462506,0.3727496906564846,0.2833612076586016,0.0363865317252334,0.1657194178372276,-0.022598935120899,0.0026367856578322,-0.056129195137081,-0.014577560846901,0.1170435744594411,-0.0027562684025109,0.0130808127428674,0.0736707163203662,0.054232575352638,0.0106205959807255,0.1374961320404697,0.0365060616444459,-0.0887500519387931,0.045501917214018,0.0224076874140863,0.0291855873225648,0.0675033528402715,0.0093599276137783,0.3409227074204956,0.2533663808137552,0.1142357794620478,0.067120662777925,0.1726126293218985,0.0215832774055342,0.0620245637280516,-0.0142607340727892,-0.2410144534331144,0.0666527622089196,-0.0628630052197302,-0.1113655077756765,0.0092116475331041,0.0847783971044666,0.0827243280255565,0.0082836096038776,-0.2164253126984802,0.0332098628907076,-0.0742883091845023,0.0503385969331873,-0.4415043564744056,0.0793025369852853,0.0761323707655139,0.2707537024924887,time,1860,60,102.7957992553711,0.2533663808137552,0.4257895210007971,0.0192631771689967,5.961643655356625,10.018714354441812,0.4532574431647943,10.955097066940692,1702,0.8626784421709175,5,0.0219562728042884,-0.3403386416791594,0.2770681417034568,0.0,-1.3232748973842732,-0.4605964552133572,0.133980892235397,0.3080659706031101,81.87753930486599,78.53014027239868,120.2010908260802,2.963049699440912,-0.1912812354158815,-0.0570946011605923,0.0358785330866914,-0.1800255022019568,0.8700586645516916,0.0084586411996019,1.0,0.0211124147846084,2023-11-10,44.0,10,-0.0670827067216669,-0.0578312270025644,False,False,False,0.4444444444444444,0.0,0.0,-0.0437482523845497,-0.3561647769243174
ARE,Falling Wedge,bullish,1,0.6051501533039856,3,24,1946,1947,2024-06-12,2024,0,102.27223809294436,101.35391751514794,114.83166006963096,98.4272188893906,1.1545158321518294,0.0090605336262328,True,-0.0065459616518807,-0.0136342141995652,-0.033751172662175,0.0005906647307778,0.0535317644903476,0.0667694713106099,-0.0175961014357702,-0.0165599394286454,0.0316724866786397,-0.0854461684874113,-0.0084278484545453,0.0221030418437653,-0.0336916220449202,-0.0103168841955278,0.0702802975350265,0.0255454868969966,-0.0176475073484169,-0.0189332370948076,-0.0157211456678769,-0.0130287765218638,0.0655781567534072,0.0160642677159321,-0.0105967233825578,0.0024980337005582,-0.0066753364349987,-0.0675733976637802,-0.0311267015599133,-0.0079835260632847,0.0095387363529906,0.0201637177905602,0.020629303997393,-0.1846163638784917,0.0290847362301198,-0.0451635120731005,0.0527757090812959,0.1282979721693875,-0.0399644658476102,0.0462712359304204,-0.0247344006294714,0.0068347188111494,-0.0256000381211588,-0.0281893623706429,0.0117568762195265,-0.0537812275652134,-0.0403621427484096,0.0136851402974699,0.0977042589373879,0.0633739935737855,0.0775294117061931,0.03471133608942,0.0309349575284916,-0.0306197537833736,-0.0632955037019675,0.0850845015890326,0.0091719932471736,0.0211105290087012,-0.2472928775004409,0.2519568360834789,-0.0092091521551065,-0.0012125928663371,0.0100056158033174,0.0493853908471484,-0.0681422776256508,-0.0227110051086921,0.0416258525050177,0.0687706007409596,0.0559738881849301,-0.0763688544484988,0.0868338141301981,-0.0100451713685206,0.0054950873605065,-0.0276601875482032,0.0258119931996889,0.0298295791066487,-0.0128874074836634,-0.0217591360998504,0.0180877029362658,0.0863460125763539,0.0433281212251743,0.0457226330729274,0.0951226001179823,-0.1895947188467812,0.003147302539155,0.0460917859176197,-0.2228381458665154,-0.208194698183736,-0.0357478172819161,-0.1988978597958073,-0.0224383091475484,-0.002292450379849,0.0694252188263866,0.0139247176872627,0.0300233796580136,0.0207759202214043,-0.1479577508015486,-0.0033802221294976,-0.012105937485053,-0.123693151836419,-0.1850968311577477,-0.2987217163304178,0.0220041257917875,0.180467159761253,0.1462973440624098,-0.0172442484578243,0.0341055363615907,-0.4673623845315383,0.0604706207365304,0.0474227135831655,-0.0237765221197985,-0.0405851033397383,-0.1821980518458774,0.1533549327689558,0.04781229329165,-0.0262604686707056,0.0718457627754547,target,1969,23,114.83166006963096,0.1228038244872737,0.1254039618870007,0.0126613251637401,3.266413328983769,3.335573418216476,0.3367738867263393,3.266413328983769,1922,0.6494994396432797,5,0.0265951922936666,-0.0887344906053982,0.7076940919182211,0.0,-1.0384528395345014,-0.3889533998912159,0.3471913085568872,0.1091598408305302,101.35391751514794,98.4272188893906,114.83166006963096,2.458337031688373,0.0113589624964915,-0.0323594361762831,0.02411403234407,-0.0113376132945601,0.1044789432730518,0.0341670692143116,1.0,0.0345117953001823,2024-06-12,31.0,13,0.0778041867302978,0.064946397204554,False,False,False,0.0,0.0,0.0,-0.0650141825375663,-1.614935152422182
ARE,Falling Wedge,bullish,1,0.6100388529588483,8,88,2121,2122,2025-02-25,2025,0,92.1970599110746,90.02556679711807,109.82629148235566,83.22754115366632,1.2215200515651712,0.0241208491233408,True,-0.005049548910425,0.0269508282423802,0.0617409907647517,0.0340738082618541,0.0446283704878747,0.005037485003472,-0.055797639487081,0.0150243961378175,-0.0194933800380991,-0.0059543789846546,0.045608305401851,0.042574942221869,0.0283108759772465,0.0540681019164481,-0.0133019870794656,0.0174493899670522,-0.0776636255558043,0.0359982100440912,-0.0184016491235688,0.0282592139464441,-0.034903751603236,0.0011448083521499,-0.0144696732409757,-0.0171287882071579,0.0500100163097495,-0.0184667739284631,-0.074074110786645,0.0132256781669646,0.0264430820786485,0.0063538293469782,0.0391730028535846,0.0409341107059502,0.0091528672586613,-0.0289248294012909,0.0233860212435139,0.0908349449275411,0.063834101249921,0.0126704389285077,0.0109201623914956,0.0320753674366818,-0.025312962210603,0.0185017057365366,0.0077982079271523,0.04416152974127,-0.0781673390099237,-0.027854739939982,-0.0497029559254392,-0.018258239851592,0.0721964166809643,0.0666058124886539,-0.0675081706923269,-0.0107411195662561,0.0390114533450196,0.0399775620785296,-0.0456691494208389,0.0055059811790072,-0.0604610491669171,-0.0179621391286971,0.000170613594046,-0.0403376431152693,-0.0681422776256508,0.0172227996579306,0.0296698343168524,-0.0051626539766159,-0.0016587689377749,0.1960968336619011,0.0604833953760968,-0.0180612459759573,-0.0592647801640741,-0.2272509999693288,-0.1284150331956124,0.0237209184564586,0.078634717003543,0.1830760901724824,0.0941253434503732,-0.112092993713265,-0.0871129051320656,0.0458197318091544,0.3499947588175485,-0.2601936983029735,-0.3974133079204179,-0.1104301083067555,-0.0200003902841342,-0.1484285883606272,-0.0175278191183952,0.0509656275671048,0.0294331282898974,0.0538885343784103,0.0727987542299299,0.1161309045823277,-0.025658743146337,-0.2232374976929418,-0.3115838611181114,-0.2925940162364562,0.4387934636859345,-0.0132640001513845,0.0859522130233978,0.0503385969331873,0.0977702913545883,-0.0080824368483984,-0.0301611394282195,-0.2679836215726874,-0.0651645346773314,0.0742838395775264,0.0179389229773643,-0.0467521520195569,-0.1202662462207175,-0.0112976185337611,0.0365605987387287,-0.2186602023735688,0.1546279651157311,0.1706753140537704,0.0122080300557776,-0.1141928044498351,-0.3237500850801387,stop,2148,27,83.22754115366632,-0.0972863859873569,0.0409900047508774,0.1365933433191691,-1.0,0.4213334099614341,1.4040334825154297,1.965460137615563,2033,0.4702957329630106,6,0.130602109689179,0.0624646542265199,0.1322887682967033,0.0246913580246913,-1.2780861578667555,-0.807790424903746,0.9330196839408958,0.127495782177295,90.02556679711807,83.22754115366632,109.82629148235566,1.751351824563456,-0.0818117632853769,0.0319995749104973,0.0190089203927054,-0.1262094678753784,0.8427519809246405,0.0049393949922436,1.0,-0.0085590675716406,2025-02-25,4.0,14,0.0228003343703802,0.0496654786113193,False,False,False,0.0,1.0,0.0769230769230769,-0.0317642586085029,-0.0347372142798808
ARE,Falling Wedge,bullish,1,0.724158327355279,3,42,2406,2407,2026-04-15,2026,1,47.23024572922324,43.84497780935431,56.089297386196336,40.16665325957206,1.1505135887676985,0.0772099357556681,True,-0.025078296438204,-0.0395564124862896,0.0139496564786791,0.0883831401428738,-0.0252200878441927,0.007027424358901,0.0244510616692861,-0.002069183652921,-0.0455988614282009,-0.0032966944927785,0.0160377727033202,0.0093793551812491,0.0076340083437331,0.0094765471106166,0.0320590378148855,0.0224233455829612,0.0263307304716784,0.008011400045621,0.0138657350998545,0.0329596280260287,0.0020775552839507,0.0191867103299541,-0.037931710499479,-0.1421107096655123,-0.157116554046734,-0.0368471048415026,0.0322748665645125,-0.0018047730349973,0.0280990032006236,-0.0016580954262748,0.0928950282798344,-0.0696999975811207,0.0060580143854016,0.0391324470244758,0.0133026151080493,0.0632163193659971,0.0355669164084613,-0.0355360879458751,-0.0252114639609122,-0.0168116146574391,-0.0708636426778503,0.0937754398832497,-0.0317050689854309,-0.0275158951537449,-0.0080645331002787,-0.1460408283082712,-0.0121211545751461,-0.070960571682851,0.1015437505849203,0.1667571135156667,0.0055059811790072,0.0725455263575383,0.1266496556176046,-0.0223357623208362,0.0666058124886539,-0.0124301896043657,0.1049738264964099,-0.0150279269655985,0.046947129272356,0.0584346933998609,0.0596987903183565,-0.0196403288381774,-0.0556210389867003,0.0336656582148318,-0.0267034521627811,0.0062383903837521,0.0390310067199843,-0.0024663569692722,-0.0488397685102067,0.1028213840342331,0.0504720827403455,0.0600623025140907,0.0090530340929442,0.0846747953902027,0.0295089509923645,-0.0093798674629567,-0.0976961431514128,0.3494625177598542,-0.0539655374919264,0.0087058922126013,0.0358737609332884,-0.0076779689031117,0.1059374171871361,-0.038882191413802,0.0081367275655099,0.0303909897155925,-0.0102684830489402,0.0205041027561854,-0.0644895301452996,0.0456880650506472,0.045387859887277,0.0752700493122209,0.0179917781225023,-0.0533858566732075,-0.025258261658244,0.0663405464825146,0.0523948438257608,-0.0440302718594317,0.197405984844055,-0.0910033553379121,0.0484993484940639,-0.0521250589631936,0.018059957337855,0.0750312394798407,0.078697820374717,0.0725558795860878,0.025759679209995,0.054608780561016,-0.0555516724570074,0.1814609438810124,0.1687703798357012,-0.1405036170687456,0.2125993983441758,-0.0281251260301621,-0.0227875938216026,stop,2415,9,40.16665325957206,-0.1495565470937335,0.0277952158018317,0.1763844697764993,-1.0,0.1858508794296464,1.1793831377101238,1.2541849908578564,2363,0.4719584695031866,6,0.0962514665123748,0.1696825168100615,0.0005641356868966,0.0,-1.5992189739221183,-1.127260504418928,1.017933809691959,0.1395879844970425,43.84497780935431,40.16665325957206,56.089297386196336,1.961415493528855,-0.2215639571020552,-0.0367260271867363,0.0417381423983913,-0.3356368386111772,0.9409594459537448,0.0002204035624304,1.0,0.0463059975708293,2026-04-15,17.0,15,0.0616591738983594,0.0520732893878406,False,False,False,0.0714285714285714,0.0,0.0,-0.0465163843026009,0.0911608166460272
ALLE,Falling Wedge,bullish,1,0.7405334256076337,13,110,1324,1325,2021-12-20,2021,2,117.41617496236232,122.57873065144967,145.49439045847282,114.18890658014048,1.0189789738559305,-0.0421162436717263,True,0.0453023615153915,0.0054863277944852,0.0539191747867127,-0.0134968925216406,0.0018484694559139,-0.0102307409550589,-0.0852183786895995,-0.0380454757240628,0.007499947118341,-0.0120456751566442,-0.0037270656400156,-0.0008238793191464,0.0149854958221202,-0.0027541912368437,-0.0296240406307417,-0.0456732367061859,-0.0030681884104609,0.0148083990641625,-0.0693637214606599,0.0020532091352705,-0.0516693372762302,0.0377358440111166,0.0569468757320742,0.0559899696894043,0.0146912501244271,-0.0909267729539381,-0.0051480790358768,0.0377759713133853,-0.0124983285306159,-0.0018286320486379,-0.0837124461552214,-0.0704131072625803,-0.0717296607563696,0.0561883830231482,-0.0020582706644007,-0.0269933064639927,-0.0126501949208353,0.0083301294480331,0.0149937602293526,0.0143230055459184,0.0573399681749313,0.023130526327016,0.0101010857205434,-0.006330721212618,0.0019354940319595,0.0639985294989443,-0.0195406377204455,-0.0045823030039331,-0.0269280665483082,-0.0999232181308102,0.0604649017605019,0.0485432963714491,-0.063597461344787,-0.1271714962399567,0.1302319303588881,0.0153535612769444,-0.0546569084824363,0.0808413280555779,0.0402046707774121,0.1701103247551836,-0.0033742804698132,-0.0264963652302295,-0.0294453688479221,0.0160723263243722,0.0111065409086623,-0.1080715756899195,0.0804353476874022,0.1959056587574035,-0.0350208950229262,-0.0808740141385704,-0.0546863055277926,0.0706862087696011,0.0810107257629233,-0.0578642925903174,-0.096346950159978,-0.0452417354116357,0.0210293968781973,0.2291087959562918,0.1211900839371935,-0.0106442395974468,-0.1322592394732336,-0.0348252285139166,-0.0230351005743464,0.1127020947546486,0.0097113613174149,-0.0509770546055914,0.1148283536906387,0.0261042595383467,0.023317541122855,-0.0567502568333222,0.0125479209435102,-0.096588646384162,-0.0570824842415423,-0.0188365403917574,-0.0826400307948511,-0.125729610880995,-0.0905347240890109,0.2310515862569906,0.2142873005040746,0.0337960942431194,0.1855415438314867,-0.0739811471627145,0.1616041710878755,0.1383438321905614,0.1268002247280792,0.0406536216303536,0.2623703990330994,0.1685783847989521,-0.0205896522263111,0.0555314820343344,0.1753251151034065,-0.2253920653271063,-0.0354519445678818,-0.0382773287272947,-0.1121468468248508,stop,1342,18,114.18890658014048,-0.0274857223313257,0.0649227461596729,0.0287126512212818,-1.0,2.362053482788768,1.0446387719109622,8.700303839242437,1212,0.5321688626024382,7,0.1152946452996713,0.2360226099164069,-0.1584212520588834,0.0,-1.0046805677198825,-0.4725117051174441,0.6911925203567452,0.1644083857868097,122.57873065144967,114.18890658014048,145.49439045847282,3.1910269879503548,-0.0711204100248297,-0.0493638526919053,0.0274242233280364,-0.0993368128513032,0.3579547178644576,-0.0142308045733584,1.0,-0.0262567086459788,2021-12-20,16.0,8,0.0381214984921831,0.0162586033201805,False,False,False,0.0,0.0,0.0,-0.0216551486025852,-0.3475760995914584
ALLE,Falling Wedge,bullish,1,0.7450751468364739,3,66,1778,1779,2023-10-11,2023,2,102.04913453679744,98.96439851677928,129.2850143019158,96.51748875540272,0.5943398490946479,0.0311701588273194,True,-0.0554978424454272,-0.0400727886129056,-0.0583110052359058,0.0047936692188605,-0.0511161046838121,0.0188399335266726,-0.012031442304825,-0.0239923524872891,0.0602962023237483,0.0060681722588795,-0.0128954408000649,-0.0089303383145927,0.0042249936163565,0.0927286899987032,0.0383021118138939,-0.0342533393485273,-0.0258977636320698,-0.0003806694208959,0.0075288939004882,-0.0834528828891827,0.0069453158432746,0.0007505182630689,-0.0519587005277662,-0.0890042144511154,-0.0446055039285033,0.0827735391405046,-0.0109095150863324,0.1438121643349739,-0.0328572197687484,0.0562163175819969,0.0120040868231241,0.0096677710735397,-0.0540144688008141,0.0278794227857575,0.0155319209727369,0.0310829117125728,-0.0303890762695642,0.0100482065783695,0.1266982299851085,0.006433602399718,0.0370445373485295,-0.0815443241646568,0.033831324855361,0.0111865774080714,0.0357333827965304,-0.1105156840364543,-0.0366209678680709,-0.0373075846432258,-0.1191679018418507,0.0662046132149738,-0.1443816177849956,0.0459071318580273,0.0393713383771148,0.0298206447408515,0.0817933531032568,0.019386634807784,-0.0069620338410639,-0.0756142142476712,-0.1234747739329741,-0.0366386158215784,0.0921606746016547,0.0323971273432712,-0.062320845468926,-0.0178148013348461,-0.0183952059195176,-0.0385520935054424,0.0422827761461823,-0.0256023878433899,-0.0256409580006139,-0.0081169941658824,-0.0568182343844309,0.0823801972329394,0.1233191590264137,0.0931706654951725,0.2111268835297446,-0.0193076915073341,-0.0480281192429474,0.3027139998331314,-0.0232304595184162,0.0388285092545255,0.0958624781775749,0.1411978554432138,0.0385111855524744,0.0862717086093862,0.0808952158446816,0.036242621441036,0.1396422742790288,0.2772435396106423,0.2209493920070868,0.0942964309533234,0.00765305492968,-0.1071039392134503,0.1722637574055421,0.081694366010693,-0.1608774779360388,-0.141686305714075,0.1477596041030071,0.1659663056902316,0.1047523661165923,0.2773688849167293,-0.0682324396829083,-0.0616699529628231,-0.0347716269232409,0.0594867840288431,0.0799596088409457,0.0465679357449446,0.0165600280668154,0.0719409932586516,-0.0389747840601565,0.253208680693336,-0.0739811471627145,0.0794794342489184,0.0140866074480288,0.1664559780879491,0.1270937835653903,stop,1783,5,96.51748875540272,-0.0542057098916413,0.0075508017579918,0.0572911642841015,-1.0,0.1392990106224255,1.056921206246134,4.923648556226112,1710,0.8685203242611859,7,0.1012272117243498,0.0855683712836081,-0.1802933496104684,0.0151515151515151,-1.4414677311904476,-0.5729474069292607,0.1339383286007239,0.1871351044306151,98.96439851677928,96.51748875540272,129.2850143019158,1.9119163208176635,-0.0373884779853058,-0.0144230372547413,0.0187317154410544,0.0519807848500664,0.6581200482540647,0.0006636854099992,1.0,-0.0193746781824096,2023-10-11,40.0,10,0.1176320743151506,0.0467957449567393,False,True,False,0.1111111111111111,2.0,0.2222222222222222,0.0002253556974038,0.1681219380583417
ALLE,Falling Wedge,bullish,1,0.6885612163361505,5,64,1966,1967,2024-07-12,2024,1,119.96361588143138,114.38081475636426,130.8553004771204,109.29529783023168,0.9359734877751312,0.0488088945419624,True,0.0078777636060465,0.031079371675257,-0.0267879720552987,-0.0160192545076242,0.0044452103494365,0.0198427057926282,0.0250908642205347,0.0338414964397248,0.0127071911849625,-0.0290693834416889,-0.0727498732154697,-0.0409536990164016,-0.0175521774422039,-0.0164244923579249,-0.0277565345115405,0.0110775456309126,-0.0284821235941135,0.0963634803219384,-0.0024735382108358,0.0837716671440926,0.0008744583321473,0.0236865991644694,0.0062061550946592,0.1107772337010748,0.1420745814275934,-0.0560032291964935,0.0904657050678225,-0.024151232710875,-0.0359735710861023,-0.0309851729975001,0.1567537563467711,0.1104126396368545,0.0136252977130175,-0.0074753066054147,-0.0599529497415662,0.0137389553684352,0.0284530089874364,-0.0336307726262828,-0.0556079884203227,-0.0063319154605844,-0.0377392047928391,0.0148183922005886,-0.0110792749653926,-0.0103462933778821,0.0051775777464848,0.1075688126467671,0.0467798887655777,0.0984498767461141,0.1513469537610203,0.0658995303153082,-0.0059890852709643,0.1762531521060304,-0.0565478252429182,0.0560301462860859,0.0026347437783384,-0.0587447708485825,0.0636714550671029,-0.0573076212016233,0.2371119860773944,0.0627124130537568,0.0551033176477722,-0.0434934475728447,0.0628641859343508,-0.0058144382480697,0.0351965187332221,0.010176106158968,0.2029696398552634,0.048652625794721,-0.0033563905436389,0.092828600129321,0.1206205806297295,-0.0038312490463711,0.094063943502147,-0.0390658350667746,-0.0723778757425647,-0.0766893420673749,0.1823372165033627,-0.0659779506741412,0.1300954649767831,0.028349051442164,0.1326412423537888,0.0513640031478821,0.1152746116620999,0.0418491098597091,0.0486912945266253,0.213283484339201,0.132008312803473,0.0551998157925255,-0.0144472140654713,-0.0071012599584369,-0.0221142644314955,0.0466509721364644,0.1897927633499119,0.1764275838049023,-0.0197449702737517,0.2328953739943307,-0.057888299804153,0.1248495029973224,0.0845814270522924,0.1416093409594807,-0.0157826944128707,0.1773813033706772,0.0657395829678901,0.1294164284577148,-0.0737431007242863,-0.0105302179079345,0.0840916923056087,-0.0991317421633461,0.0076613665175442,-0.0935332663043333,0.0200440236694623,0.1710302946169619,0.1280743089200766,-0.1178095540399202,0.1458322233399736,target,1976,10,130.8553004771204,0.0907915663900467,0.1168683567489049,0.0070656634174767,1.0209373720784605,1.314166918387206,0.079452311797767,1.0209373720784605,1901,0.5390972706358398,6,0.0830980041990901,0.1134980277475516,0.1981451950984436,0.0,-1.2906220097887835,-0.7515247391529445,0.7390182645411372,0.0921161368498607,114.38081475636426,109.29529783023168,130.8553004771204,2.5714141727477746,0.0413469238809591,0.0270713327617426,0.0214698250355545,0.0145378052799189,0.7492629418410444,0.0046731967281574,1.0,0.0377504729837692,2024-07-12,50.0,9,0.0754309389690617,0.0885960594103005,False,False,False,0.125,2.0,0.25,0.0052283129833242,0.3664446244783351
ALLE,Falling Wedge,bullish,1,0.7222002241783433,3,38,2068,2069,2024-12-05,2024,1,138.34264323553822,136.8190319858976,154.7704695155918,133.72485752164414,0.6590190943405506,0.0111359598699518,True,-0.0160402244183948,-0.0109203284677062,0.0020738007143144,0.0725389463633068,-0.016476244902466,0.0340387654062062,-0.0357855901616437,0.0433080729046371,0.0047631716877105,0.0091387894278636,-0.0061953959383654,0.0241622045008633,-0.028695146386181,-0.0371913458301959,-0.0325356679881746,0.0137681584816438,0.0148693765873126,-0.026416696260869,0.0021950394248448,0.0091330850804651,-0.0359766400968678,0.0166064971259216,-0.0174063834254111,-0.0737172126926004,-0.038586327236652,0.0276685421690037,-0.0601654571554589,0.0020499717673545,-0.0121101381384925,-0.0030942161349875,-0.0053136449966642,-0.0141002777921396,0.0436700087416144,-0.0306486139895318,0.0561880841397066,0.0732277588084344,0.0537284231586201,0.0753605560559564,-0.0303062463776203,0.1266982299851085,0.0491166491542838,0.0103312278880978,0.0397642887587417,-0.0273296673554445,0.1080459898553238,-0.0978562861196957,-0.0844244668102177,-0.0678365184642724,0.0055829305064261,-0.0475438682347012,0.0173859263707927,0.0286544003753514,-0.0101674291422955,0.0099018771875099,-0.0674603839214778,0.0733730076026109,0.0625198454892823,-0.0536563754434517,-0.0109229635150622,-0.0794724330679707,0.1204848371037059,0.0123098678429662,-0.0111976548671038,0.204268877530783,0.0139158569249084,-0.0368197466793471,-0.0334486376214547,0.0198292391690317,-0.0953013254907429,-0.0847790167616588,-0.0828257659522301,0.135946626942272,0.125487014048035,-0.071735099014196,-0.1153783246597639,0.2118757716480113,-0.028202920811772,-0.0992784186879559,0.0097983962046495,0.0055207429901191,0.1931904261446733,0.1292668918097901,0.0699512050871813,-0.0037539193640107,-0.0175849392379252,-0.0775422844794746,0.2772435396106423,-0.0397542198602648,-0.0366551927327089,0.0947042511411411,-0.0354869083605452,-0.1211596486825537,-0.0969752814079607,-0.0429742426040066,0.2350293689469667,-0.0776205658030949,-0.0729910112705675,-0.1178095540399202,-0.0500326426069502,-0.134800793346639,0.2260219439809936,0.0079385256537785,-0.1121992743010367,-0.0085842422712626,0.0296189031453515,0.224916211331265,-0.1247939516524576,-0.1183800563756557,-0.0337435400167425,0.114102592536166,0.0490940873307095,-0.014261336135833,-0.0389747840601565,0.1046687734600304,-0.1013352141332079,stop,2076,8,133.72485752164414,-0.0333793370279327,0.0026143728918387,0.0385464141572896,-1.0,0.0783230922067451,1.154798674552255,3.557511607917455,2029,0.7611330629137568,7,0.1484314097013508,0.0976823504368018,-0.1588716949498153,0.0,-1.0804796032265276,-0.319346540312776,0.2446817346574574,0.1113204491548113,136.8190319858976,133.72485752164414,154.7704695155918,2.2001785672345733,0.0677056756565839,-0.0234832765382447,0.0160398443505522,0.2028551258271553,0.0744926358137823,0.0187847813006485,1.0,0.0264281478407251,2024-12-05,50.0,9,0.1471199016070825,0.0613595707169078,False,False,False,0.125,3.0,0.375,-0.0080786960521452,-0.390796835065936
ALLE,Falling Wedge,bullish,1,0.6105160820020158,3,23,2129,2130,2025-03-07,2025,0,128.5858662619553,124.3022836404498,136.44833943543745,120.09627274467276,0.8712529054856494,0.0344610130727442,True,-0.0297610338435119,-0.0213391872783025,0.038056867792994,-0.0230489620002842,-0.0007529095943812,0.0340387654062062,-0.0074971700975938,-0.002411938708857,0.0035061477780877,-0.0394044793466284,-0.0181578095615326,0.0108489626909995,-0.044285066301106,-0.0144898166139835,-0.0077527511823436,0.0051963412595603,0.0337140405636713,0.0015938792659231,0.0179223244429798,0.0235226820127487,-0.0010089035586577,-0.1090135323211612,-0.0247898674398439,-0.0266968959780432,-0.0233254319060844,0.0202233302723808,0.0225614744501432,-0.0734689898039754,0.0465968400848715,0.0220677812756391,0.0430543496889341,0.0442572818958617,0.0162782611176097,0.0240734421703263,0.0134382785066402,-0.0158168424661022,0.0602696688162409,0.0365043847431245,-0.03534521586901,0.0559899696894043,-0.0155060102842902,-0.036240956410309,-0.0023775277113051,0.0049225246617474,-0.1025474624157424,-0.0331436250986527,-0.0528948208297952,0.0542073434102243,-0.0031652823657598,-0.0269254160514246,-0.0317007878814187,-0.1178328790634941,-0.0498567987061331,0.1350906847990831,-0.0460443536544762,-0.0851990532743413,0.0436708223551307,0.0075824822039902,0.1369910326588894,-0.0113463949212487,0.0873567937520309,0.0310175932484984,0.0339137640877909,0.0462021186083221,-0.039918650161113,0.0919574806052268,-0.0790933266317277,0.0259481784983564,-0.0603272212351043,0.0792434323803732,0.0834452701153262,-0.1746691355478019,-0.0230842995288329,0.0378526789536743,0.0102066597735244,-0.0105487491424797,-0.0767530204866983,0.1452185717120411,0.2109358515657349,-0.0641208593763764,-0.035592572467395,-0.0221212026670847,0.1291275677315841,0.1289157345805855,0.0270650813707455,-0.0907443602210227,0.1028407212379025,0.0783474850174295,-0.0071012599584369,0.0187569725460821,-0.0126900316047889,0.0606513407059539,0.0655316779812469,0.0121603584162051,-0.0097613951479875,0.097143271618536,0.1060249774405803,-0.0044572961279889,0.2640829307839714,0.0881106598410412,-0.0001603428937694,0.1577671738519246,0.0647685065942755,0.13343266195241,0.1366242730899234,0.0782813276455511,0.0335750312341232,0.1129314895717805,0.0077741494273566,0.0712176889813034,0.056279971634229,-0.1545257691425187,0.247688540348598,0.0258353176319177,-0.0100999804355159,stop,2150,21,120.09627274467276,-0.0660227578977264,0.0328044170864443,0.0895870639495183,-1.0,0.4968652951041585,1.356911871029297,0.9261306984222848,2106,0.5669839157319501,5,0.0409020330397897,0.0010886153718492,0.060288850137772,0.0,-0.873789788838782,-0.3068058731068344,0.5336682280814745,0.0957180749320755,124.3022836404498,120.09627274467276,136.44833943543745,3.1713406548837773,-0.0072219031891586,0.0092437330493142,0.0246218944418634,-0.0374859761686944,0.8323121785000482,-1.6090116494726916e-07,1.0,-0.0501387207588036,2025-03-07,42.0,8,-0.0233826409122315,-0.0134005799761254,False,False,False,0.2857142857142857,0.0,0.0,0.037852015706143,1.5387988356674132
ALLE,Falling Wedge,bullish,1,0.6058435359281367,3,17,2200,2201,2025-06-18,2025,0,136.2427497815488,134.6113897630196,143.6954853978841,131.9132470692224,1.0720397523438077,0.0121190340683741,True,0.0404904302874564,0.0179462153398253,0.0098450210164939,0.0640977381235941,0.0156613792737561,0.0168787709859539,-0.0152006316770212,-0.0236421235047823,0.0200480254815371,-0.0388744699247577,-0.0357051948389895,-0.0199476706818392,-0.0396831439445727,0.0141937354765131,0.0050885032100076,0.0069969239740244,-0.0279681335132526,0.0042249936163565,0.1098518218867692,0.0505449416615726,0.0262501098382892,-0.0699514650228885,0.0368549737156182,0.0747405908798719,0.0296855909307145,0.0087072530767704,-0.0269192584323344,0.0717146102567414,0.0047022556924127,0.1487627987441324,0.0249636454845654,0.0157403151385133,-0.0222328023599439,0.0515914633038208,-0.0642740868499329,-0.0576222855746053,-0.058642125631743,0.1073175042676224,0.0406351302274528,0.0418295926070224,0.0595281973263945,0.0495586069189042,0.0509332077224549,0.0326929062136067,0.0424054134456752,0.0486709738009954,0.1089181773696039,0.0601197335197281,-0.0652691295669744,0.2315041170086631,-0.0330430653628534,-0.0106713217451418,0.0558599293852821,0.0921061452213438,-0.0677983540557731,0.0378526937864476,0.0176102183964379,-0.0192581681299366,0.0485432963714491,0.1763596389973385,-0.0612082062076296,-0.0306434935281499,0.0238026613733743,-0.0122266266642633,0.0860571046413387,-0.0587447708485825,-0.1347655889000315,0.0486327156219619,0.0926831875798889,0.2130467831183284,0.1377433992492689,0.0293406304434684,-0.0326421278038298,0.0980027473432196,0.0046914076643718,-0.0091983246670818,0.0951729554793701,0.2054293950878178,0.0675361057035621,0.0707469381815981,-0.0841648235073125,0.1171715152705441,-0.0189865042213589,-0.0800273017147159,-0.0523027837741962,-0.1325473786545392,0.0418655369154348,0.0025156534349706,-0.046251012764288,-0.1037165538751887,0.1000078366695278,0.1994145875577597,0.2785719020843604,0.1740731003603703,-0.0051227247507164,0.1062805695642721,-0.0087703706440245,-0.0704442454831608,-0.0016478307087242,0.1903159612150544,0.1781400596809308,-0.0226649396872942,0.0327971724991011,0.111885162377401,-0.0515537135334945,0.2142873005040746,-0.0906128209191905,0.1773813033706772,-0.0776104219814409,-0.0515608902692217,0.1470103126588342,-0.0513134115931888,-0.0346926412491359,0.0338927919894265,0.2422720709323514,target,2208,8,143.6954853978841,0.0547018878309855,0.0793120421420262,0.0092156178431173,1.7213837504055167,2.495827218552173,0.2900012309283327,1.7213837504055167,2183,0.4459683269836372,5,0.0731661757008379,0.0353137607456701,-0.3504124953652205,0.0,-1.2711710948569348,-0.8252027678733145,0.8466096400495243,0.0422816059496835,134.6113897630196,131.9132470692224,143.6954853978841,2.1418478800561536,0.0122336083021035,0.0029525074589509,0.0158368871183332,-0.0034543162931789,0.4117642658927535,0.0014680171815777,1.0,0.0077423468895048,2025-06-18,42.0,8,-0.1291466428913885,-0.0916835084365125,True,False,False,0.8571428571428571,0.0,0.0,0.0099249233866833,-0.0836918041814901
ALLE,Falling Wedge,bullish,1,0.7197459738792216,3,36,2323,2324,2025-12-12,2025,1,159.17889247503726,159.0435521854281,178.0821576157341,154.25860160254092,1.1774728095971618,0.0008509636998761,True,-0.0062729317562379,-0.001695597830451,0.0105866646082346,0.0194324674635473,-0.010994784198717,0.0016324940022856,0.0238985987904503,-0.0024735382108358,0.0111231036429466,-0.0482329596750562,-0.0295132648554524,0.0063510688876851,0.0117844086871059,0.0059705557650844,-0.025430867965331,0.027841698676456,0.0381368896335476,-0.0114412908615593,-0.0038787006201884,0.033498567548168,-0.0666470923298936,0.0446181433342018,-0.0080860398723719,0.0021116960104621,-0.0039292622288005,0.0468370502798038,-0.0033465657416469,0.0286510248465281,0.0013913293952239,0.0168599842205139,0.1368583946140427,0.0612743504516963,0.0768968390863331,0.0019181592470574,-0.0609562407778861,0.0094901850181314,-0.0037812645314174,-0.0446178240207194,-0.0130976534878242,0.0246067544805175,0.0083301294480331,0.0123984216727199,0.0187705322907418,0.0743605690939599,0.0070724870030454,-0.0178841371189806,0.0042232863114277,-0.0104762314570372,0.1100697373505541,0.0363071015660498,0.0744011649951126,0.0499096386365307,0.1089199586977245,-0.0511002459327075,0.0343866427448773,0.0176102183964379,-0.031688449174997,-0.0240916046484749,0.1373169070234017,0.0210620745800302,-0.0240916046484749,-0.0560643442505163,-0.0986362838445797,-0.0887398115968498,-0.082155018042245,0.0510143066230384,0.0992482185079768,0.0811990481201823,-0.0140205964437258,0.1141544335234423,0.102102174686709,-0.0082265357254941,0.0016426494027397,0.0091291894841116,-0.089218873025945,0.1361910162652322,0.2291005754408295,0.0224825564504058,-0.0211345187826361,0.0532384658872662,-0.0190340339161277,0.0489933660992953,-0.1209828619768241,-0.0252135944730621,-0.0092752603983633,0.0464142765750397,0.1221457567573109,-0.0616969789163422,0.0272717002717468,-0.0353401564788149,0.1430227420844081,0.0916789594722035,-0.0941555601043148,-0.0683267443983415,0.0436176402087433,-0.0850947652357969,0.2033431285532085,-0.0205896522263111,-0.0355715142637557,0.158938048790834,-0.0875121380436798,-0.0243331363499771,0.2603762591851355,-0.0801144264239716,0.2455064801572739,0.0109500407338927,0.1854227517689202,-0.1272047152752741,0.0253037056619214,0.0147673136848596,0.0034560664032714,-0.0884172395377452,0.1850727131906961,-0.1783890751303113,-0.1246319343969115,target,2360,37,178.0821576157341,0.1187548477488074,0.1196198883992805,0.0198744467194298,3.841899926356623,3.869885306948223,0.6429685763166925,3.841899926356623,2286,0.6405099122866591,6,0.1055095146491839,0.0702486416853915,0.0648721174614024,0.0,-1.2093102183941622,-0.5688003061074993,0.4745196386933483,0.0838010180757424,159.0435521854281,154.25860160254092,178.0821576157341,3.2419889150667296,0.052576651137949,-0.0409683081268864,0.0203897460720188,0.1886917676798787,0.1899220794582552,0.0012749325649668,1.0,0.0144634316310188,2025-12-12,42.0,8,0.0996726480959349,0.0265133180279915,False,False,False,0.0,0.0,0.0,-0.0433206651058953,-1.4505553380292218
LNT,Falling Wedge,bullish,1,0.6842482795038928,3,26,654,655,2019-04-25,2019,0,37.18544149951458,36.79010791966165,38.14103618401144,36.094867459470855,0.8552023326932651,0.0107456488226731,True,0.0001153703764917,0.0032647273502781,0.0388521380126489,0.0051322613479647,0.0337279594849126,-0.0012041535600062,0.0299357365843246,-0.0132385887676375,0.0200572186342371,-0.0103544865252551,-0.0424596836666237,-0.025415300418728,0.0169798255939168,0.0117830383548547,-0.003524937851455,-0.0497619146529058,-0.0249494164069099,-0.0118764428397265,0.0011137857631702,0.0259395688420085,-0.0550591183694558,0.0169941036469387,0.0019817907161781,-0.0084548502828221,0.0101685435941769,-0.0333008847375497,0.0229167421417972,-0.1694755986143374,-0.0151242923923691,0.0432531667668965,-0.0199728083735403,-0.2698557702673478,0.0210818957475047,0.025287060567132,-0.0396748796187891,0.0052087674049192,-0.0316187317933327,-0.0334461253887912,0.0326807502349826,-0.0046742695782393,-0.0631449498719943,0.0620155183682593,0.0485314879620972,0.0062009822950701,-0.0126671567518903,0.012834104512154,0.0448932396640977,0.0789907285824101,-0.0255798964412634,0.0979690294359845,0.0154078415900082,-0.0224777594148866,-0.0246068292824082,0.0383904521619049,-0.0056258984811912,0.0241486619492752,-0.0014002244538723,-0.0621467286699173,0.0002521184521524,-0.0838804345832269,-0.0430320654478834,0.0128452428697791,0.0162187763812748,0.0939701502661591,-0.0621749094978808,0.0383601098280919,-0.0462625277846532,0.0065624585015999,0.0465463612951454,0.0703889844473197,0.058988700320272,-0.0095190759581352,-0.1069097028682615,-0.0990499049563556,0.0192237902284067,-0.0238285383349663,0.0671473422373969,0.037478423495282,0.1126975898531637,-0.0048588799145631,0.01756047441404,-0.0608223096033686,0.047417531284543,-0.011005803680126,0.0431182057884313,0.0312853410491946,0.1060035249021016,0.0146582911528923,0.0828778764913522,0.0262231307517666,-0.051464570055279,0.0584773476334439,0.0688893856156198,0.0440728045243148,0.107403880761888,0.0348024239317363,0.0353695031310814,-0.0120324365905928,0.056661594878907,0.1951934249859079,-0.0839793316655498,0.0455629670359172,0.0722939026321634,-0.0399738919848809,0.0247214132886541,0.0577634062190282,-0.0037333132023623,-0.1061153749714147,0.0422918352803096,0.0119640283168007,-0.0577380306194746,0.0597665549527641,0.0525143910706817,0.1537200632953057,0.0365665350782763,target,666,12,38.14103618401144,0.0256980862929738,0.0266821471045319,0.0142395877801952,0.8762309108866594,0.9097845573118852,0.4855290323584306,0.8762309108866594,628,0.4890405241280848,5,0.0023562778503205,0.0347440641455987,-0.22906629887417,0.0,-0.7686452246347515,-0.279604700506668,0.8088795119639196,0.0423237005174123,36.79010791966165,36.094867459470855,38.14103618401144,0.4314838638616461,0.0716734606350582,0.0109311428252181,0.0116431797008791,0.0905767413675484,0.7848078650274845,-0.0047128778868764,1.0,0.0443406441624001,2019-04-25,1.0,25,0.1204723933698064,0.0902201359222392,False,False,False,0.0,3.0,0.125,-0.0031201570803834,0.1253147117403324
LNT,Falling Wedge,bullish,1,0.7315393120084378,5,65,1092,1093,2021-01-20,2021,0,41.34400316932614,41.07541313918188,50.80960941916212,38.49842643358252,1.6206948935523775,0.00653894896283,True,-0.0158730447875634,0.0103434952867073,-0.0421878911279111,0.034909041410656,-0.0058136195839215,-0.0383128747109049,0.0057977163931444,0.0112558005494183,0.0012075430221563,0.0292961713513861,0.0371390965947213,-0.0163578265853014,-0.0244525387115397,0.0065962940966117,-0.0304708957856222,0.0527904130847203,-0.0282106158787324,0.0165468591265081,-0.0109610424380718,0.0244726100499483,-0.0040048292404393,-0.0061457154148608,-0.0165277295976617,-0.0050749168495175,0.0017913871031424,-0.0062906896668056,0.0523123145327362,0.0254666846643838,0.0174653120250694,0.0044672730582182,0.0310641781719809,0.0333053596187917,0.0144691416589526,0.0144691416589526,0.0260785871349353,0.0115465966474788,0.0049966788698527,0.0187368539631886,0.0165810222060502,0.0500600074513462,0.0216132187944519,0.0227273150367537,-0.0524338009653411,0.0158931337594607,0.0422186083338922,-0.023312263697235,-0.0152046608654983,-0.0314080761169843,0.012696116232151,-0.0516465690271515,-0.0285939230048563,0.0427436513813863,0.0211512936366,0.0198685858762888,-0.1146796650036124,-0.0090227605733738,-0.0597156302432193,0.0854328867057307,-0.0077578871527256,-0.0241984432020495,-0.0377566646491219,0.1121729473456045,0.1052630793824969,-0.1950977774865215,-0.0179194434567485,0.0015441069517458,-0.0692145407124912,0.0371959565385036,-0.0063279268424301,0.0490169400083688,0.030836889571983,0.0479686342140002,-0.0740668711422325,-0.0074522765773653,0.0080488317970666,0.0543871916435925,0.1084108965426997,-0.0011746318847024,0.050167726416211,-0.0392868975370929,0.0026918235319912,0.0490597818295319,0.0047936944642361,0.0490597818295319,0.0866573975307043,-0.0771587830535668,0.0945916139217428,-0.00158263781871,-0.0309943259849331,0.0895485355156937,-0.0156300706642488,0.0291149692796613,0.1377519179731277,0.0489675939040326,0.0463758741909741,0.0882272159049475,0.090162522172202,0.0583180353325036,-0.1713459923088797,-0.0100749729453357,-0.0304327126375589,0.0273842123382297,0.0542863778663826,0.0117692883364348,0.0914207881243776,0.0660119951093374,0.047594931925736,0.0352797864891041,0.1234643440660518,0.0492732411528777,-0.0634139000390932,-0.0188251421104219,-0.1040536016385932,0.0788767695468617,0.1142369649293207,time,1152,60,47.03921890258789,0.1377519179731277,0.142006313660103,0.0682834679035498,2.0014275706304034,2.063240610692353,0.9921053535318544,3.326428042139012,1027,0.5645969157748376,5,0.0521102464862283,0.0454140820818245,-0.0612829624405166,0.0,-1.3541066183791677,-0.7895097026043277,0.6349308635703647,0.147444404093379,41.07541313918188,38.49842643358252,50.80960941916212,0.97014034229785,-0.0233697158059817,-0.0406679663268763,0.0233945759827249,-0.002165162383048,0.7526846435925398,-0.0064479581432389,1.0,0.0398453142611587,2021-01-20,58.0,16,0.0065100646680782,0.0073933184724486,False,True,False,0.1333333333333333,4.0,0.2666666666666666,-0.0212071642300905,-0.5589113911437648
LNT,Falling Wedge,bullish,1,0.6181509853832183,3,20,1210,1211,2021-07-09,2021,2,47.78952266995967,47.699535822134834,50.58699297258141,46.44772444586511,0.6988969765801112,0.001886535084123,True,0.033721683465764,0.0431145539767878,0.0140416298502927,-0.0122975905555277,-0.0066728847479237,0.0053274081985421,0.0933932986836929,-0.017985086395332,-0.0169739778679325,-0.0070676409544186,0.0137037853658481,-0.0378493955377047,0.0248302527403152,0.0120246214389048,0.0282708499315147,-0.008166848791548,0.0035524355433176,0.0230345676768484,-0.0116329373785968,0.0018713440845297,-0.065760572694252,0.0445596982741871,0.0297115356225262,0.034781092710318,0.0244232507950856,-0.0227377775263309,-0.0687721266288606,0.0055293522918722,0.021097596910736,-0.0235527376155131,0.0290327203546654,0.0321278732702945,0.0158895009874751,-0.0333197628154808,0.0201229646468485,0.0104119850777859,0.0039862936889998,0.0033129274239815,0.0293969308631061,0.0068903004127234,0.0436538208753778,-0.0045972157474654,0.0535366662730305,0.0333053596187917,0.0007527403879468,0.0269777220728188,0.0807826983462021,0.0645687441382572,0.0077092824945426,0.0268627120807343,0.0761447513476663,-0.0501184888347587,0.0631577383052108,0.0514679005794025,0.0223697868264161,0.0548074418535671,0.0804259718303765,0.0572912447549227,-0.0550998234788778,0.0761109577034211,0.1315343771889692,0.0175163058440224,-0.0227174947767994,0.0092694759310492,0.1165455659713601,-0.0705270561712557,-0.10780709878139,0.0109940343015904,0.0559858190976936,0.0926925112994254,0.0521576264693111,0.0044382773518829,0.0762199015613225,0.061847108713559,0.0549347984699652,-0.0525610080146246,-0.0326492921139699,0.0544489812453996,0.0732207187050084,0.0499511081801495,0.0244385127097614,-0.0081502846088,0.0790527481841785,0.0298110013016068,0.0295342860456739,0.0013135848664869,0.0569992132380465,-0.0097748828981459,0.0762395586763402,0.0751206608768042,-0.1447625931412283,0.0677088913319546,0.0100342442462508,0.0224741018598662,0.0586981917080469,-0.0043605369932875,-0.0049546847469266,0.0139774690224632,-0.0750064483505614,0.0694429842980013,0.0591735133066309,0.0863358945665553,0.1078830577683684,0.060738575328106,-0.0847283293734665,0.0618496958438066,-0.0121656526770222,0.0753297063153051,-0.0819249663094954,0.1054934935343721,0.0760154153787469,0.0782460625560634,0.0406966567706943,0.0532215628817283,-0.0241638387951555,target,1227,17,50.58699297258141,0.0585373141711711,0.0670951901809721,0.0063561416069264,2.084866600944748,2.389664149661923,0.2263805153138106,2.084866600944748,1188,0.4563687871307701,5,0.0131384022470278,-0.0062121391208961,-0.1221917941012529,0.0,-1.138621203084331,-0.6822524159535729,1.0816498121458948,0.049579632468885,47.699535822134834,46.44772444586511,50.58699297258141,0.7702161833972977,0.0723063250302322,-0.0064868949535785,0.0160827675711604,0.1739157673843252,0.8070163697447482,-0.0022870651732145,1.0,0.031478986504388,2021-07-09,58.0,16,0.0807748559807159,0.0325273791044384,False,True,False,0.0,3.0,0.2,-0.0126098265575223,-0.6061305052132764
LNT,Falling Wedge,bullish,1,0.6549752620889037,3,23,1372,1373,2022-03-01,2022,2,49.5469313107979,48.8026139085747,53.57798084958876,47.39414084124189,1.1710721840104164,0.0152515888517279,True,0.0521830736064952,0.0894660336251761,-0.0028099038376632,0.0130446580424019,0.0045064949909812,0.0212182804560867,0.0392727323717627,-0.0242285386795477,-0.0148872273114176,0.0702408022163034,-0.0280795797285746,0.0082811630812986,0.0185051218769232,0.0219801618110684,-0.0214048080118657,-0.0049962357841347,0.0001248170597907,-0.0129187057129366,0.0096209661996049,0.0123615391007021,-0.0026012254601605,0.0417810664769098,0.0447324946486185,0.0659243794868422,0.0802640905167245,0.0317178745039383,0.0241144887965634,0.0721851340089474,0.0183059609204156,-0.0132067540195537,-0.0061299299213365,0.0090655741884024,-0.0098522807539752,-0.0178520081357244,0.0258501852049319,-0.0408504875323649,-0.0184295162624271,-0.1411784188607354,0.025854248082469,0.0793975455207862,-0.0233270656184428,-0.0121090755078081,0.0328655100138965,0.0321278732702945,-0.0047762769394692,0.0627357504389018,0.0819273134683289,0.0111228633971534,-0.0139805980772523,0.1028649398156433,-0.0550998234788778,0.1005875055714669,-0.0172918549981379,0.0866490338770999,0.0181331700494489,-0.0437548295957216,0.0191348953331553,-0.0206307266908527,0.019565422210813,0.0137097943572828,0.096261131187491,-0.0046874381488762,0.0738540183811766,-0.0184647911739839,-0.0214358735057214,0.0172274375602061,-0.023913177608399,0.0375667111170598,0.0636125661591778,0.0579230279834914,0.0898487150212533,-0.1338405882038607,-0.0784940150529677,0.0561575129972653,-0.0720757479072804,-0.0094636365067796,0.0032203064289053,0.0856600569847614,0.0476781966069814,-0.0447351235049212,-0.0597704614108079,-0.0197240375684971,0.0718597496265132,-0.0244378596414086,0.0797342002347991,-0.0506791664930034,-0.0990499049563556,-0.0269980174140674,0.0476999950434036,0.0027472390615148,-0.1302416208403635,0.0756606741092999,0.0729533271461968,0.1510474896898092,0.0322130397548443,0.0317480200272803,0.012254087268926,-0.1099792664607569,0.0141569479899534,0.0308140978197175,0.0356315839781635,-0.042020128822264,0.0843934885125921,0.0860895690007188,0.0514195629149358,0.0260726015093688,-0.0358705445167393,0.0277678043331757,0.0519787120033816,-0.1453099333609526,0.0458101046049577,-0.0506921729280059,0.0405164179322745,0.0379696760943673,0.0617051437633998,target,1392,20,53.57798084958876,0.0813582079080719,0.0834928057851583,0.0057401604004178,1.872476488444421,1.9216047133635827,0.1321110145620077,1.872476488444421,1347,0.6644599176574778,5,0.0619614568280594,-0.01094280870903,-0.1244951447967689,0.0,-0.990222957997628,-0.3257630403401484,0.4395476893513778,0.0917704973673135,48.8026139085747,47.39414084124189,53.57798084958876,1.1622471200455762,-0.0039098749710687,-0.0273145726964012,0.0235476072678566,-0.0458026531946922,0.2136368444141592,-0.0046233275925123,0.0,-0.0442977118354123,2022-03-01,57.0,16,-0.0068026503799762,0.0170988371315976,False,False,False,0.2,1.0,0.0666666666666666,-0.006130235097965,-0.5076539645999064
LNT,Falling Wedge,bullish,1,0.6480683226415782,3,35,1755,1756,2023-09-08,2023,2,45.78199860189225,44.7440080245446,51.618884464080566,43.92279135890766,1.0217305207663792,0.0231984264078053,True,0.0225120437743677,0.0298878358125991,0.0161289397026576,-0.0049909085851791,-0.0044210831575419,-0.0227533344517962,-0.0273319880768662,-0.003963535582653,-0.0089583364154693,-0.0068424535873796,-0.0091923755554961,0.0128788490184887,0.2334149033185828,-0.0129187057129366,0.0224042934095836,-0.0044210831575419,-0.0074384356341438,-0.0017715276898485,0.0220490381341029,0.0102493029655972,0.0057459566675392,0.0170805824449205,0.0112646388716367,0.012045997975292,0.0484143296343927,0.0322084584735418,0.0610439954234269,-0.0307951492048542,0.0223157392210164,0.0679499596825927,-0.0033924440797331,0.0538030133104365,0.0091778904381527,0.0222857251031545,-0.0109778083945843,-0.0078124384024241,-0.0137715241750056,-0.0295129670189376,-0.0384181444785449,0.1013813385175845,0.0726313629263109,0.0066926674938676,0.039763620057498,0.0384723760121608,0.0117938966301032,-0.008195980401496,-0.0446286132403114,-0.006290009494577,0.0512061633074412,-0.012477207844046,0.0263356937674825,0.0056379948644176,-0.0208562289902388,0.0228325676764649,0.090799360388063,0.0036400705819747,-0.0598458891645803,-0.0785268122881521,-0.0376742388215605,-0.09945607392897,0.0123752445590976,0.1165455659713601,0.0673809429052731,0.0117386254574491,-0.2066723628839298,-0.0112527709856367,0.0078961153625523,-0.0305848061421495,-0.037580710929927,0.0185132857020839,0.045321769566372,0.0878522962714123,-0.0560144770475553,0.0078265144386691,0.0993284907976113,0.0059376059372331,0.0734980790640638,-0.0548123414662272,0.0444233287129087,0.0170617041152334,0.0389077530883921,0.0865327205258235,-0.0213766964032102,-0.0763906645292434,0.0219733918986888,0.0379808514391291,-0.0467612047475065,-0.0122117992233068,0.0253060297780065,-0.0370865189846127,0.0364526678039307,0.0045918991286119,0.0244929667476436,0.002047545905039,0.107403880761888,-0.0389996002494248,-0.0067869727491416,0.0330795871005065,-0.100575701083392,0.0543172779392593,-0.0655842615718191,-0.0068200295471659,0.0282321898863302,-0.0175309538428001,0.0420596810449336,0.1012903573478931,0.0481268911101784,0.0200420245499588,-0.0337080052393944,0.0697427459934421,-0.0065223709861695,0.1349627154073167,-0.0244904630857655,0.06341437031917,0.0044102985923534,stop,1768,13,43.92279135890766,-0.0406100061107368,0.0375197478560847,0.0438388546865952,-1.0,0.9239040189694764,1.0795086946565309,3.139448753877677,1718,0.8008440101192009,5,0.0380482072740916,0.0400235872839698,0.1635142382020702,0.0,-1.4280613516103144,-0.6272173414911136,0.2130059776359953,0.0983994997750134,44.7440080245446,43.92279135890766,51.618884464080566,0.7335864654911829,-0.0364078763557851,-0.0240548693633387,0.0159918872227688,0.0064827409806254,0.7400054931640843,0.0003965909653931,1.0,-0.0008747031901837,2023-09-08,55.0,16,-0.035886098876109,-0.0670895843952477,False,True,True,0.3333333333333333,9.0,0.6,0.009694746325823,0.5211069688183693
LNT,Falling Wedge,bullish,1,0.7554428640080479,3,38,1878,1879,2024-03-06,2024,2,45.55015508125949,44.42516810056745,47.666363131116185,43.037308703143815,0.8909450354371478,0.0253231901823163,True,-0.010115140243229,-0.0156302448548643,0.0117830383548547,0.0039644877534734,-0.0067853256340455,-0.0057039975851959,0.0200634349626773,0.0258526111810843,-0.0067553492655659,0.0066591828730977,0.0025233382278959,0.0171279631307923,-0.0027000530929626,-0.0244361453172019,-0.0166061792410076,0.0015478086065219,-0.002955854902384,-0.0046476103736845,-0.0373005835523929,0.0063573939819578,-0.0055489256114554,-0.027928465987991,-0.0078406786686524,-0.01274522058902,-0.0302005774783579,0.0397107922270274,0.0143476610321096,-0.0270949747204745,0.0254614351123674,0.0001758704848258,0.0349939411670368,0.0153795036678689,-0.0371556204600925,-0.1405333306388003,0.0044672730582182,0.0014079580083579,-0.0699979941650333,0.0211023969658887,-0.0490856064060442,0.049677774895229,-0.0243272305072793,0.0367415796586232,-0.0406176927520638,0.0294545891527964,-0.0061380536360547,-0.0066437341962453,-0.0060691462401768,-0.0090393708978316,0.1491617432941996,0.0746393313975068,0.0386703204896929,0.0017298639111975,0.0298396487992895,-0.0631204053781375,0.0273066312551901,-0.067379328888348,-0.0292417530849393,-0.0403957611086603,-0.011131077320753,-0.0293090160731239,0.0627625311245603,0.0769104453440139,-0.0191378474377582,0.110352837987721,0.0712361112456141,0.0757328570703603,0.0309386071885517,-0.0158975215408533,-0.029752557153943,0.0387824961731915,0.0515292854274808,-0.0676916701079382,0.0063390727214134,-0.0454157730478463,0.0714135613758659,0.0188548093571052,-0.0333792240424443,0.0530230229208605,-0.0573406887271538,-0.0339880046141009,-0.0017644683552646,-0.0454999245701556,0.0246528466573185,-0.0012363672209714,-0.0546204252778621,0.0185293941631978,-0.0250881338931234,0.068062150602713,0.0546066381141432,0.0657279785692905,-0.0252668137783997,0.0392865971308591,0.0518565204694014,0.0209320105548147,0.0078349420888137,-0.0240120374689082,9.87686040443414e-05,-0.1896752856572654,0.1020084053072831,0.0546985023127182,0.0521967253314947,-0.0029637477672255,0.0546985023127182,0.0788767695468617,0.0580084472093702,-0.0889498929685008,0.0413132013446309,0.0303236037982255,0.1073152922364664,0.0791643438620648,0.0650157142374112,0.0379696760943673,0.0396818501535558,0.036715752925188,0.0248405437942357,target,1919,41,47.666363131116185,0.0464588549936102,0.0575766355189163,0.0445072636391231,0.8421557594155795,1.04368683250364,0.8067794269718921,0.8421557594155795,1838,0.6049035896649544,6,0.0711560536068878,0.0991386115262846,-0.2273241575824689,0.0,-0.8612471248293709,-0.256343535164418,0.6096518968677712,0.076736883801875,44.42516810056745,43.037308703143815,47.666363131116185,0.776041609485762,-0.0182149177169179,-0.0012663310137925,0.0171936052776421,0.0141148180390806,0.4339623999539367,0.0088640548517213,1.0,0.0319243614764941,2024-03-06,28.0,24,0.0462322277443647,0.0069859762259554,False,False,False,0.0434782608695652,6.0,0.2608695652173913,-0.0168827537390071,-1.253350478929508
LNT,Falling Wedge,bullish,1,0.7724776790168025,3,28,2208,2209,2025-07-01,2025,0,59.10296675188783,58.49653010076514,61.3042547218648,56.99285459969856,1.7525054662162542,0.0103670533974928,True,0.0048843671112352,-0.0061647484703777,0.0262352998549961,-0.0004195637726795,0.0191455486625493,-0.0174374050651461,0.0088697765674332,-0.0014874225911302,0.0141238511855084,0.0095542583756476,0.023001388205462,-0.0518924592662071,-0.0433095481422631,0.0034298999541009,0.0008256776055244,-0.0136006405753279,0.022823088627937,0.0093039049383223,0.0217885022503172,0.0054078651380988,-0.0387949484340895,-0.0248457916030006,0.0062483030154326,0.0236079752377067,0.012299612422117,0.0496722388836694,0.0007527403879468,0.0683759120650022,0.0169154697623814,-0.0275152964262364,-0.0037726604133602,-0.0218568089562154,0.0010826269634574,-0.0061326533542436,0.0211148161208469,-0.0343077239961389,0.0808660226544155,0.0535921174671876,0.026889376317341,-0.0360940910917965,-0.0510255455737813,0.022238474561826,-0.0188430578323882,0.0268404884189481,-0.0155452178015442,0.0159456138298408,0.0582871898838883,0.0303889037071558,-0.0754005555827467,0.0635071551096633,0.0461746455219498,-0.0031915411094987,-0.0300998099274858,0.0141084379339981,0.0022988075593064,-0.0089935973145439,0.0601318487708253,0.0228325676764649,-0.0691895019972508,-0.1950977774865215,-0.097966365531586,0.1230818617054863,-0.0389953403250485,-0.0247356913699861,0.0032205639119236,0.0129791580952258,-0.0393137370684474,0.0004743114969514,0.0699959178804544,0.0797342002347991,0.0321190271451097,0.0003939643062134,0.0223943576562335,-0.0028515362553032,0.0036539436455298,0.0703889844473197,0.0254000151192894,-0.0148189113710726,-0.0731474814074849,0.003939611864687,-0.1157529789216466,-0.0277900619404301,-0.0423663599871689,-0.0268898166266025,0.0457196232165197,0.0389077530883921,0.1889715993536271,-0.039394958754813,-0.0720757479072804,0.0543161473014701,-0.0368098171472095,0.0796247837507856,0.0698885800067474,0.0008159742670017,-0.0266538464675226,0.0598779859096354,0.0521679154670784,-0.0033139303961617,0.1023869822161755,-0.0096884770242726,0.064204981731236,0.0046268890543994,0.0471714550882516,-0.0966059418388274,-0.1054871734195037,0.0585031004566043,0.0823365727203886,0.0703097481961003,-0.0748219590636938,0.0697919850174364,-0.0140435386416587,0.071719530176141,-0.0009322408388681,0.1469845129196929,0.0449618524436159,target,2220,12,61.3042547218648,0.0372449657090463,0.0511233171763517,0.0180722375243495,1.0432089913766454,1.43193323264133,0.5061924563704637,1.0432089913766454,2180,0.422613670208232,7,0.0962326456898826,0.0540230430273365,-0.1374587155159574,0.0,-0.7446835548118615,-0.3220698846036245,0.9436867033284184,0.0509578355142508,58.49653010076514,56.99285459969856,61.3042547218648,0.8248078419464439,0.0201171648175675,0.0051491402454479,0.0139690857863426,0.0461407321291116,0.7666675850201015,0.0006613990849946,1.0,0.0451585853723228,2025-07-01,1.0,28,0.0547528293012722,0.0230782039282944,False,False,False,0.1481481481481481,2.0,0.074074074074074,-0.0054383000663389,-0.4895734084308398
ALL,Falling Wedge,bullish,1,0.6448302627210379,3,43,1282,1283,2021-10-20,2021,0,113.9940402029276,113.49974893717786,123.9187986015806,109.64341962297696,1.0153653702684984,0.0043549987588371,True,-0.0265762327652736,-0.0313795470162383,-0.0018461336465909,-0.0232185555429124,-0.0122916325114708,0.0046448666777232,0.0292162056892344,0.0304618500814901,0.0110955968815162,-0.0373929307000436,-0.0675435650759548,0.0137813414921172,0.0105180282914161,0.053667154397105,-0.0198414757396431,0.0722854765239724,0.0256953547045439,0.0169613258493879,-0.0018461336465909,0.0606474093282871,0.0322413265441596,-0.00335289832153,-0.0362703633290845,-0.0170679039058341,-0.0457330810378509,0.0057566007717753,-0.006844515583079,0.0020920254262231,0.0515217840169996,-0.0404148495486684,-0.0072884483954797,-0.0118610381973969,0.0075659445297011,-0.007350940508318,-0.043210478865587,-0.0147406588157541,0.0043362206659784,-0.0869565615799793,0.0373168441290603,0.0113140640082824,-0.0219263485101931,-0.0137972273960955,0.0398673125663311,-0.0076083387236352,-0.0515751691636134,-0.0093777149471617,-0.1175278543728769,-0.1537632263796838,-0.0046760587012932,-0.0611824736128335,0.0592962961990044,0.1134159943237764,0.017553758379226,0.0399923423284613,0.0721407058984102,-0.1307908989461956,-0.0237997519134157,0.1721706311197806,-0.0204170148610681,0.0769712914198279,-0.0046298313168188,0.0616776659316518,-0.0155136467186627,-0.014341755731036,0.1042298260643093,0.033860102176451,-0.0149478259712837,-0.01894933625225,-0.139630855363679,-0.0909460557053117,-0.1234407820071626,0.0668837953447005,-0.0323529590215118,-0.0280890483166204,0.083039442576593,0.0992391396280132,0.0326225681595133,0.1032935650360211,0.0052221718699188,0.1402711059096109,-0.0159881185568954,-0.0430360194255071,0.1204083488304794,0.0657867303600729,0.0372825459552046,-0.042795904601136,-0.0321598948130007,0.0870346701784421,0.0564790741414105,-0.1187702762520049,0.0446879983973433,-0.1223990024753441,-0.026114429480015,-0.0583935972997637,-0.0432674806354497,-0.1399767507155732,0.0211309746740917,0.0949970271606841,-0.0139145645096794,0.0007016298159725,0.0863753779651241,-0.0073840434454187,0.0240441245355953,-0.0186371321240855,-0.1900818606223916,-0.0163193787783983,0.0325923109048573,-0.0251589875659763,0.0496421448845645,0.0853608309079405,-0.0143256638796739,0.27534881517145,0.0595115179546523,0.0135270665299684,-0.0398227273914277,stop,1289,7,109.64341962297696,-0.0381653336631094,0.0130932532356527,0.0418517784566521,-1.0,0.3430666518267252,1.0965914467323534,2.281228210152399,1239,0.362773134689352,7,0.0863159602803125,0.0248510751290755,-0.0117429912072458,0.0,-1.4074993373460254,-1.044726202656677,1.4360153653310326,0.0552633400323316,113.49974893717786,109.64341962297696,123.9187986015806,1.974210936281204,0.0407122477211439,-0.0218133940161268,0.0173144972231534,0.0501529598661645,0.9446958270487844,-0.0006324707041799,1.0,0.0332297543130815,2021-10-20,50.0,7,0.0968013502975608,0.1025256594044916,False,False,False,0.1666666666666666,0.0,0.0,-0.0475371890234363,-1.2629601119508134
ALL,Falling Wedge,bullish,1,0.6461622372681094,3,33,1432,1433,2022-05-25,2022,1,118.99417133967522,113.39356836399054,135.77220995420532,108.0138965478584,0.9469791291997528,0.0493908345639753,True,0.0222769981331167,-0.0246790023369085,-0.0053542559906084,0.0334500084327729,-0.0540343480466511,-0.0096153151359261,-0.046275375039182,0.0036319198279068,-0.0045436123768718,0.0455152239084482,0.0443976671501884,0.0043015760915587,-0.0051800083226587,-0.021737403628685,0.0087861010046561,0.021798204918735,-0.0048290394254961,-0.0261645018677576,-0.0324999857732434,-0.0082632784989047,0.0012881826741084,-0.0101889930303195,0.0255528597895132,-0.0256552576522172,-0.0326034552324471,-0.0015904838887571,-0.0353324245851548,-0.0012531395720891,0.0254433618814666,0.0581674904860782,0.0142080090376126,-0.071898469151771,0.0112246636121629,0.0537615066767693,0.0379115230601054,0.0517325528743064,0.0571537977942666,0.0379115230601054,-0.0492707678492875,-0.0669537800947137,0.0045132755351924,0.0434717837901943,0.0378094625407512,-0.013297327403853,-0.2100958419246419,-0.0248360934461543,-0.030989491503088,-0.0136694711466126,0.4318370046284652,0.0827606890998406,-0.012488175619354,0.0857953754766953,-0.1433286045652574,0.0702008054926381,0.065840848663931,0.042517745048797,-0.0483648208678544,-0.025912864381987,0.0527093125043709,0.0210099086356874,-0.0470620638977726,-0.0223799937582597,0.0177563252017056,0.0867781951691943,-0.007036050222173,0.0518884287016225,-0.0991854905191956,0.0162678365438273,-0.0619697120698341,-0.1105465596014453,-0.1070566343355087,0.0081557520837658,0.0610381916546207,0.0936058372240202,0.0778753569032666,0.009793056724705,-0.0564821915778251,-0.0869936862719421,0.0273920224198727,0.1691275120932405,0.0214064095228041,0.0006762180687203,-0.0509759162241064,0.0091854637551791,0.0782184699563188,0.0140991943512951,0.061584892212313,0.1701752282507123,-0.0437284375778596,0.1256560402493889,-0.0564702015049976,-0.1422135202171199,-0.0432582870642204,-0.0845593783995861,-0.02758553117061,0.1858425039840892,0.0885116144794659,0.100702822818951,0.1288231858683297,0.0026207931511794,0.0139800500091087,-0.0735738430547248,0.1554111218301279,-0.0139145645096794,0.0495927972323961,0.1608515907434884,0.0731671784327576,0.0650171924205647,-0.0568475203760544,0.0498617262159342,-0.0101811205994128,-0.0656283276632172,0.0635853698987141,0.1246277062890046,-0.094001524364241,stop,1447,15,108.0138965478584,-0.092275736434796,0.0414960409341651,0.1035356297384717,-1.0,0.4496961231351122,1.1220244209227443,1.5280162776102952,1398,0.5648760746394107,7,0.1656636234541538,0.1192339930430677,-0.0624907729621427,0.03125,-1.5579390994337432,-0.993063024794334,0.6630088997725799,0.1077207264146133,113.39356836399054,108.0138965478584,135.77220995420532,2.884040006227508,0.047134896069725,-0.023044183848921,0.0244422638872087,0.1558942718621259,0.8324298354320993,-0.0038811960255259,0.0,-0.0476910448791666,2022-05-25,55.0,8,-0.0402772583304515,-0.026086698381925,False,False,False,0.4285714285714285,1.0,0.1428571428571428,0.0134097256709892,0.1673517013316387
ALL,Falling Wedge,bullish,1,0.6746839712912122,3,24,1940,1941,2024-06-04,2024,2,156.5939163301267,159.09746221535693,170.88501279096045,154.40262818947252,1.7009778504816224,-0.0157359259561374,True,-0.0116812127848834,-0.0233245706341359,0.0609043613107675,-0.0022187515989203,-0.0286796539813782,0.0201994414430932,-0.0071778160798903,0.0318956505752632,0.0700190448838771,-0.0140914680418208,0.0266179519304623,-0.0094021559505647,-0.0155534431236673,0.0098920108541991,-0.010002381815631,-0.0189996069709086,0.0201686417748387,-0.0142127135494305,0.0238197874332357,-0.0122916325114708,0.0108577416722897,-0.0161618388488019,-0.0179603712551605,-0.0210996423700071,-0.0544850024172713,0.0219677420566535,-0.104308519781202,0.0155840313110355,0.067082036296638,-0.0018800746606509,0.0377595825764567,-0.0018922846351082,0.0583094361951406,0.0889436660122156,0.0309058345394026,0.0740782444114429,-0.0871833414293755,0.0014399184260651,-0.0567310824715652,0.0160454960328579,0.0013902107939549,0.0024519554450415,-0.0817986593954622,0.021912816280212,-0.035623447990705,-0.0245223203706595,-0.0248913941360036,-0.0672245083482103,0.0887301959308768,0.0903041305886858,0.0280164895915437,0.1092908812593027,-0.0401583782841173,-0.0072132339926984,-0.0080443947793021,0.0340147997541671,0.01086078704816,-0.0578074774354848,0.0747999939425367,0.0405695603122315,0.0253367342628136,-0.0127697958296607,0.077024870513769,-0.0144199884149893,0.0775603116269227,0.0217263738961002,0.0365588287219031,0.0208520017836824,-0.0546530286608257,0.0848268745014912,0.0584654902546191,0.063056033493152,0.0425480367286736,0.054995705465894,-0.110199413402856,0.1725533577444629,-0.0510357087657646,0.0330218716521288,0.2003715342090162,0.0258851321909039,0.1268664340773748,0.2306614524755907,-0.0189920657946055,-0.0641414463955798,0.0125139721346432,-0.1517985649445906,0.0016755342807981,-0.0201860901495555,0.0320331425879374,0.0287604675745618,0.0264380153495369,0.0530755044759051,0.1519173875478288,0.0965615101929515,0.1414445717219434,0.2060057759699194,-0.1753521210582788,0.1430325365906635,-0.0101811205994128,-0.0440413380554344,0.0331214718447279,0.0671131760340695,0.0307448896391719,0.1424951558180351,0.1056872783850599,0.0859396740418376,0.1116037453157703,-0.0345145541228747,-0.0947069099405153,0.0056002499001555,-0.030907400648101,0.0940438602171516,0.1085232219612644,-0.0074052333329813,0.1080050410637202,stop,1941,1,154.40262818947252,-0.013993443628005,0.0055043066816067,0.0163292658470102,-1.0,0.3933489731284548,1.166922616126491,6.521778763685287,1914,0.5697181872623769,5,0.079234865293509,0.0065101846741129,-0.1184723484020837,0.0,-0.9757151506317772,-0.4059969633693986,0.6821182029282605,0.0714804630471735,159.09746221535693,154.40262818947252,170.88501279096045,2.666079639567879,0.1439959609137069,-0.0282331400132898,0.0170348122343829,0.2005350438380828,0.5021085365147016,-0.0057885645063788,1.0,0.022881761759449,2024-06-04,21.0,11,0.1387798007311278,0.1079035234353105,False,False,False,0.0,1.0,0.1,-0.0331571872547139,-0.961389815365105
ALL,Falling Wedge,bullish,1,0.8203334592840306,3,36,2090,2091,2025-01-08,2025,0,182.33424738133093,183.09436177339467,207.63106676204168,179.3468785244929,1.6193401140152448,-0.0041514898913406,True,0.0131480250951259,0.003316551885073,-0.0200162897163137,0.0083086118518591,0.017389975759098,-0.0282563109382775,0.0036766588577583,0.0275073508430174,-0.0281818888450928,-0.0059628474991155,-0.0105264401968845,0.0060066930751243,-0.0544801765611722,0.0380452637947474,0.0485947816335041,0.0242857272123282,0.0515283708663447,0.0101032474850366,0.0275773066339786,0.020838509924973,0.0095865201687674,-0.0137822799125694,0.0065358858732703,-0.0135192949091473,-0.0512234375972895,0.0161036281332751,-0.0052739584015865,0.0165998166121306,0.0155840313110355,0.0051567738895166,-0.2832741662584717,0.0144825558341277,-0.038303052115685,0.0004621200423162,0.0627003001555921,0.0486943128708048,0.0402542292886638,0.039569399033972,0.018695233388404,0.0344537631388321,-0.0227749031700014,-0.0229851134993566,0.0501906349522387,-0.0233309645813546,0.0398673125663311,-0.0138628925686866,0.0085886548306657,-0.0168263074288119,0.000628999804878,0.0929389489555421,-0.0177429366329709,0.1014857092415832,-0.18266863823861,-0.0080443947793021,0.0281158884837313,0.0334986549596665,0.0344149086361036,-0.0263522171094258,0.0528129768116594,-0.0695017173925504,0.0571920118179172,0.0681506961888527,0.0577759857044271,-0.0313096806644523,0.0253000740585283,0.0689707423228811,0.0558679842152016,0.0571920118179172,-0.0113476455794131,0.058928263408744,0.1021108940629197,0.0222399517331211,0.0313885108727647,0.0804051602965207,-0.1283256000813177,0.0222399517331211,-0.0004499601333392,0.0082743388494563,0.0480675899145062,-0.0591091413483864,0.0921037755127449,0.0992986442176031,-0.110199413402856,0.1418940472253644,0.024248952635679,0.0414326499010688,-0.064922431291744,-0.1494794691125159,0.0480262389908918,0.1765664411632386,0.0970686461424323,0.0378898192178263,-0.0380984865987696,0.0984186145744312,0.0792849697020137,0.1026723160726919,0.1138124125939288,-0.0343540814898937,0.0850373800336192,0.1077261172911139,0.0497587297443682,-0.0537812346758076,0.1932638068921846,0.1268966114571528,-0.0358356129793807,0.0662611465754858,0.0294137609387996,-0.2552700233180146,0.1669994562908081,-0.0362231500660071,0.0130186038585942,-0.077533360458585,-0.0646742403834539,0.0856044807088891,-0.071202391038195,stop,2091,1,179.3468785244929,-0.0163840249417892,0.0112925720387658,0.0644681832154932,-1.0,0.6892428495981453,3.934819645633001,8.46792632346229,2054,0.6297184626420496,6,0.0678816801291743,0.0801654120829302,-0.1473683292183942,0.0,-0.9694206738272154,-0.3397022111851709,0.2351198573955268,0.1044802124217928,183.09436177339467,179.3468785244929,207.63106676204168,3.76796041551541,0.0757695904428235,-0.015461457029043,0.0203225052161678,0.2102076858629316,0.9941358749762288,0.0144054436547182,1.0,-0.0218395778752243,2025-01-08,10.0,13,0.1096491955715528,0.0362196498736411,False,False,True,0.0,3.0,0.25,-0.002506923087771,-0.3478185667187173
ALL,Falling Wedge,bullish,1,0.7308087943820972,3,24,2207,2208,2025-06-30,2025,1,196.5299529680609,188.10494350164527,214.932116980212,184.76352676989995,1.95081391474532,0.0447888785354646,True,-0.0393403243240543,-0.0457976560148601,-0.0066809858514924,0.0073840290359983,-0.0043387680474403,0.0148992550262465,-0.0306224407972512,-0.0293504438940017,-0.0007769019346235,0.0560214001023411,0.0219883799378954,-0.0348897537505487,0.0197850974091644,0.0106622573116605,0.0038823398855862,-0.0303938993119635,0.0136022966799349,-0.0120384529410745,-0.0311560090595951,-0.0220908987845291,0.0352447250226133,0.0609043613107675,-0.0414421036915387,-0.0441585717074165,-0.053536273659977,0.0465962671468527,0.0183676077708427,0.0424320125600603,0.0615189031488287,0.0125844682600362,-0.0419052047456494,-0.0684159695480478,-0.0080855046169364,-0.0040592841443317,0.1045922112895865,-0.0095338939267297,0.051527681317679,-0.0231230656826504,0.0989220730967543,-0.0269366145633872,-0.0355261602265187,-0.0118610381973969,0.0325982024916964,-0.0066840161283101,0.0824503705516754,-0.0599315240001192,-0.0368568205203287,-0.067520845798445,0.1092908812593027,0.1061056672753866,-0.0154881336935175,0.0311979496987044,-0.0580896205002673,0.0011805038148247,0.0014503330447375,0.0271400845806162,0.0813448143334703,-0.0172374394356773,0.0503560203244672,0.028830424899467,0.0485933656033923,-0.1018653721016669,-0.0698490481724602,-0.0485189492652392,0.1047728213176746,0.0810988232269478,-0.0284754450262521,0.0217263738961002,-0.0545350232743293,0.0092390504832318,-0.0374869111121312,0.1622828203235797,0.0258880864314885,-0.0313027581441804,0.1734333748956795,0.1355900159454039,0.0628493434446755,-0.1437206742953862,0.1043486656229277,0.0170675753050002,0.0504898780115739,0.0696979931636736,0.0839428868257321,0.0861227909144641,0.0277449205450532,-0.0818985706023435,-0.0013024829052642,0.05048894676274,0.1048795875894887,0.1148990171191437,0.2194713217976331,-0.0523095864543223,0.0453148800045151,-0.0302461335191526,0.0930506216837676,-0.0226216536353491,0.2094075451818735,-0.1230876617234667,0.0465781166216081,0.0946755016156397,0.0816544932566711,0.0862567990973075,0.1933785998903234,0.0384293982083314,-0.0242446532571076,0.1277110431020975,0.038438745567124,0.111585706322306,0.0043795628894485,-0.077533360458585,-0.0039849120993374,-0.0043008986099987,-0.0798139806151723,0.061429432046794,0.0027454577503013,stop,2219,12,184.76352676989995,-0.0598709052765772,0.0033280257528817,0.0606994110744427,-1.0,0.0555866950317134,1.0138382039496174,1.5639552487931492,2182,0.7657766202983769,5,0.0187769824141664,0.0444558638488745,0.4722118895842147,0.0,-1.211448249376777,-0.4456716290783962,0.197041855769252,0.1031725398461793,188.10494350164527,184.76352676989995,214.932116980212,4.050559248925978,0.0378437143179821,0.005947265123668,0.0206114155648361,0.0397656787754108,0.8912288685735672,0.0036269391919754,1.0,0.051386340416456,2025-06-30,10.0,13,0.0744593600301453,0.0438890119290986,False,False,True,0.0,2.0,0.1666666666666666,-0.0164557408446735,-0.8376527798110303
ALL,Falling Wedge,bullish,1,0.7536034219406045,3,22,2264,2265,2025-09-19,2025,1,200.3539833943593,196.33868824700176,211.4556524858706,190.1990198278088,1.6693475779504778,0.0204508606184947,True,0.0417666179562516,0.0423403608919185,-0.0057682996335725,0.0424640310928441,-0.0297201497174108,0.0201142245254168,0.013827706266412,0.0116424577477711,0.0022983080869694,-0.0062526008235397,-0.0238986214825333,0.0199937067399078,0.0153027086705408,0.0143931113709021,-0.0058645680264739,0.0180099358890661,-0.0230423368761191,0.0025678646253384,-0.0046410957714119,0.0035735658001943,0.0203949644448298,-0.0490410469653562,0.0399489246580629,0.0322675918207775,0.0216815527830041,0.0177534003509962,0.0789993910628008,0.0576004423001323,0.0043362206659784,-0.0444827851538687,-0.0954662252727266,-0.0082552673354592,0.0721368294920443,0.0266923029730346,-0.0259381632756995,0.051527681317679,0.0615189031488287,0.0150003117422907,-0.0249865937871672,-0.1110392481207952,-0.010034027577397,0.004608064369588,-0.0355261602265187,0.0188304665225647,0.0959710664543476,0.0248052613382448,-0.0409341460091972,-0.0442414158313133,-0.0192588124323777,0.0112925991012595,-0.1083175691396965,-0.0577474735139297,0.0431946195954753,-0.1115829580810484,-0.1257232602071387,0.077482916597936,-0.0782670175012451,0.0483655831177711,0.0201714819468621,-0.0159948978383858,-0.035301592776917,0.0136468594496603,0.0238391313379566,-0.0704449553537396,0.0069143146133532,-0.1701911531696507,-0.0225522561840428,-0.0369475637627358,-0.0105630457991655,0.0493073638693066,0.0346137392162164,0.0612756915211059,0.143526146985284,0.0272488643259427,0.0235436513594016,0.0764341468566216,0.106773487060066,-0.0190755823870261,0.0202851950077975,0.016970206817326,-0.144797123037326,-0.0113672866124237,0.1009507024176057,0.014640149316792,-0.0564702015049976,0.1204083488304794,0.0073084781379999,0.0197124105046815,0.0044163795306608,-0.0190755823870261,0.0830417313423994,0.0205198731650384,0.0426470938887133,0.0146645715254714,0.013404352393999,-0.0670476384275845,0.0622713710883142,0.0683323214427227,0.0829711687977661,0.179973223327746,-0.0180716739274278,-0.0679123878309458,0.2917879769547864,0.0332485298748215,0.1121324866406532,-0.0930174437433536,0.0107491318060006,0.0558950329054817,0.1040160524154296,0.0336578809156156,0.0350794576415589,0.1292874763104394,-0.1432067812638532,0.2000357898882694,-0.0085322224718086,target,2271,7,211.4556524858706,0.0554102738734161,0.0561622223149278,0.0,1.0932258908421066,1.1080615782945271,0.0,1.0932258908421066,2241,0.4181630008136856,7,0.1137879899174905,0.0734500784816025,0.0395882279093957,0.0,-1.208752513424049,-0.7905895126103679,1.1740108697372926,0.0562384794517592,196.33868824700176,190.1990198278088,211.4556524858706,3.777632058262756,0.0497145171638293,0.0262459547306155,0.0186891559706838,-0.0101049238487754,0.8262508910739563,0.0034033865890625,1.0,0.0471875246085953,2025-09-19,10.0,13,0.0078640170846411,0.0305783683115135,False,False,False,0.0833333333333333,0.0,0.0,0.0186532439826009,0.6337002408105287
GOOGL,Falling Wedge,bullish,1,0.6086291272383022,5,58,1534,1535,2022-10-20,2022,3,96.92765376947044,98.2038628786903,129.32439134769504,92.96102812224387,1.0222807358326318,-0.0129955082397964,True,-0.0575368060383388,-0.0982356585898255,-0.0259668841058794,0.0149191893771332,-0.028231817583574,0.0878559275285633,0.0017197857428628,0.0444080086318785,0.0263285076210966,0.0416492775071484,0.016964346567041,-0.0129010030275085,-0.0177814501154104,-0.0251787328429008,-0.0415076197383011,0.0044067982746931,-0.0136260331841883,0.0046867975067188,-0.0298412471852802,-0.0113383255444096,0.0057883145732202,0.0150963997961457,-0.0604093180282913,-0.1473681942160281,-0.1634998244314118,-0.0502524636275754,-0.0773882871149269,-0.019314413804941,-0.0324535330682483,0.0997692761670256,0.0007583688885692,0.0328512046906621,0.0239074265288774,-0.0318549413402489,0.0056849553755866,-0.0137082549915674,-0.0194089989488915,0.1070325149543118,-0.0857801061153057,0.0812738629398439,0.0366310583622591,-0.1246349813209356,-0.0785149593334799,-0.0401958038180956,0.0065217807312447,-0.1384143794737363,0.0052122128103515,-0.0745421699285104,-0.0032525684164581,0.1397801700734429,-0.0281646035248912,0.0674919225596419,0.1012952540838998,0.163597568327146,0.0461909054677209,-0.0256769420684782,0.0271286199432145,-0.0765222206808219,0.0593812867832124,0.1403129450541633,0.160017104164365,-0.0499081131202188,-0.0939672991495829,-0.1213481085314037,0.1096921185467185,-0.0045426675219567,0.0698762172322484,0.160775732843204,-0.0368956532929067,-0.0775675802725395,-0.1320974545273325,-0.0094446387482588,0.0028617283896901,0.1415539369215783,-0.037620649954971,0.0116195893355997,-0.0151994355267354,-0.1637533587154748,-0.0242251518406569,-0.0706378379155681,0.0638823205713676,0.137898828082392,-0.1705601864637692,0.1783230868551566,-0.1739119694207697,0.0336699155327699,-0.172757476685803,-0.1396524774174835,0.2222261235531946,-0.0306092526660045,0.0053027075464318,-0.0670158703441738,-0.0687785694977042,-0.145924795138271,0.0926534419781504,-0.1037030392497514,-0.0871001427463408,0.2506864851215873,0.1166999525649312,0.1898509767559442,0.0663726949924992,0.1144016233258782,0.1439812884149334,-0.0009917513020928,-0.0742464344758723,-0.0121809484342133,-0.1107578140821783,0.0688931891279238,0.0230088469242359,-0.108512997550268,0.0347549546298586,0.124450738815129,0.1840885058581252,-0.0480821332695033,-0.111991941367653,stop,1539,5,92.96102812224387,-0.0409235702399302,0.0712315636854791,0.0618290724721131,-1.0,1.7405999346551762,1.510842580684342,8.167329226259646,1473,0.7728246538984128,5,0.008222906245278,-0.1410179651658043,0.0896453753602164,0.0,-1.1437887007772145,-0.3709640468787992,0.2493354559910585,0.2525237622321434,98.2038628786903,92.96102812224387,129.32439134769504,3.1903538868118986,-0.1640839920532756,-0.0563330139777479,0.0322167868514186,-0.1990514691263117,0.1979528227454881,0.0037138514051855,0.0,-0.0235421949810624,2022-10-20,27.0,13,-0.166679735891202,-0.1679342989703143,True,False,False,0.75,1.0,0.0833333333333333,0.0192091078767366,0.5159614993052187
GOOGL,Falling Wedge,bullish,1,0.6071592099785065,3,33,1590,1591,2023-01-11,2023,0,90.61771066077036,87.02192464247526,104.45602474998452,82.76540206104283,0.8906591696829724,0.0413204607122652,True,0.017162313580205,0.0374057990453661,0.0308448683262692,0.0125497102010914,0.0129245355760267,-0.0036204024772583,0.0409950776435852,0.0251422853940954,-0.0459178253817915,-0.0415038881821457,0.0773525916973787,0.007532012829891,0.0911702716713194,0.0005348403523324,-0.0403097391156996,-0.0080090362982762,-0.0294571462013967,-0.0072620537054146,0.0106819007826064,0.0006873230618305,0.0052771193463341,0.0121301830436051,0.0095751821519858,0.0660253494373819,0.0456558381102298,-0.0211663976295319,0.0573195561876416,0.0099609823151287,-0.0037292940315178,-0.0326341128450872,0.092245208543594,0.0030076475561422,0.0257282495398887,0.0562724549614763,0.0441380917711415,-0.0347987138657429,-0.020747153523863,-0.1023330390209634,0.0093378638816812,0.0291851065623205,0.0280936271516742,0.1629536642347873,-0.0015350511999905,0.053589985251742,-0.0651155839326226,0.0515366948419869,0.0385877135021486,0.0123192074570506,0.0095882299442973,-0.0076463908511837,0.0969582255268777,0.0036330565517854,0.0034515662792693,0.1366400546326656,-0.0611809512312344,0.1146445108731999,0.124580321971087,-0.0239662266790834,-0.0418070013246788,0.0444203483807392,-0.0126264852296883,0.0064295820660196,0.0905602586744473,-0.0855827100888775,-0.0247825916194907,0.0440208411550331,-0.1087416226479232,0.0463098737572456,0.0208425689951232,-0.0092916932646591,0.0178342477242402,-0.0420943705797405,0.0727224588488775,-0.021551454752854,0.1736905866107865,0.0257664497541723,-0.1133565156506491,0.0475952092015485,-0.1041318755864073,0.343468221383354,-0.0456790632166448,0.0655045715271029,0.0688541453127087,-0.0493950713397307,0.0062065049907591,0.1942221167105884,0.1144892533502901,-0.086001706509859,-0.052481563852333,0.0980550266635971,-0.0748779691390044,-0.0403419409509872,0.1635330240054189,0.1269704841312244,0.0172441528098232,0.0379269630122145,0.0810780274991906,0.0223563668807991,0.0426490522625999,-0.0142405281602778,0.0100986832509657,0.0412415698162369,0.1767166703660974,0.0921254683490504,0.1457031438747538,-0.0948274460909123,-0.0095018468933709,0.0517195722908792,0.1509574157943014,-0.0891277613707541,-0.1896518504301336,-0.1123008363021551,0.0243977843154623,-0.0142405281602778,0.1450168203496942,target,1605,15,104.45602474998452,0.1527109213895088,0.1789461960008588,0.0189112734308012,1.7623242787088578,2.0650862618433026,0.2182410793226502,1.7623242787088578,1557,0.5691163327567463,5,0.0392679268024359,-0.001337743816868,0.1021636712372011,0.0,-1.3924866330260084,-0.8233703002692633,0.5973727281509582,0.1183949952523713,87.02192464247526,82.76540206104283,104.45602474998452,2.590351696704342,-0.1513055132468799,-0.010363478225331,0.0285729968034397,-0.1781128583709676,0.969111218466109,0.0085954510211672,1.0,-0.0040452117957777,2023-01-11,25.0,15,0.0218773691977982,-0.0313812337085875,False,True,False,0.2857142857142857,4.0,0.2857142857142857,-0.0269138412456909,-0.428344794089268
GOOGL,Falling Wedge,bullish,1,0.7299554197529988,3,33,1716,1717,2023-07-14,2023,1,124.75289325990693,119.2432996756978,130.80685835768156,113.92601684817464,1.5184861312452416,0.0462046387444274,True,-0.047006574139331,-0.0537975337083056,0.0009319004524488,-0.1020700161434512,0.011276691778614,0.0399213819955572,0.0687427001674305,-0.0213340075445621,-0.0106033495309787,0.020100407667456,-0.0350782221073182,-0.0520481246029158,0.0278537007058923,0.0314523168128488,-0.0088867686559913,0.0478648706487643,-0.0118247819354054,-0.0056482406499368,0.0274183572528565,0.0572734086170565,-0.0565285666267834,0.0715448914968606,-0.0520245016292532,0.0527235367056841,0.0353786544575112,-0.0039718479623797,-0.05248030064753,-0.0502770696682577,0.0635618057795168,0.1374446636613073,-0.0249343104531336,0.0043407449426811,0.0295332905719212,0.0444481325048136,-0.1023153586306804,-0.0211682796344196,-0.1114312152486497,0.0651685604071738,0.0492492595692442,0.1059011408644126,0.0445722275404667,0.0413143040802257,0.0056412243914443,-0.0290403999838769,0.0309555926029836,0.041397928471321,0.0287438814536185,0.0364921955770263,0.0095882299442973,-0.0720449904868062,-0.1124802894725808,0.071112498807552,0.1345742864633266,0.0594223550343366,0.0227610926709092,0.1753753162897173,0.0613942711581025,0.0751580227145165,0.0277151036351381,-0.0608536684898796,0.0273468870621806,-0.1168540153499433,0.1276973087861048,-0.1197001769185948,-0.0055991205653175,0.0711695291702401,-0.0345996548028,0.079111203780573,0.0077291719820648,0.0871843609164499,0.0886982730744141,0.0752622986101572,-0.0073378045126829,-0.1712323221661268,-0.1112324549836693,0.0701227433811779,0.0140962888276112,0.0049136675274958,0.1351713580157931,0.0734683559299131,0.1844004495480034,0.0833971033197462,0.0778356200131409,-0.1419546969321091,-0.0716432575892763,0.092440892014876,0.0961154984232632,-0.134530169510236,0.1263145178430873,0.247892649327212,0.1172364244787269,0.0491475028381447,0.0990947468298528,0.1331942955158684,0.1363462892137359,0.0810316404472495,0.1490361895824972,0.1189434007082406,-0.0772645066017744,-0.1931054118857966,-0.0208644852042416,0.123716263999779,0.1235897321904604,0.1161845316880691,0.070873640667848,0.0245234490664205,-0.0212316224026714,0.1896878800622723,0.0783273335817911,0.1060779880308548,0.3365643954987776,-0.0846441731152354,0.1269928371916024,0.1661575652554745,0.0215475999310851,target,1725,9,130.80685835768156,0.0485276528630238,0.0579642297521905,0.061299002781524,0.5591608204943026,0.6678939605639004,0.706318947416401,0.5591608204943026,1682,0.4834102668942334,7,0.1862830090855814,0.1476033236937168,-0.1116573844151417,0.0,-0.9916331566347972,-0.5082228897405723,0.9432643527190218,0.0914692228645859,119.2432996756978,113.92601684817464,130.80685835768156,2.9915321593006112,0.2208713072956238,0.0453303288386737,0.024079086204234,0.370410678167592,0.5866260693323947,0.0020875903504113,1.0,0.0314947436033938,2023-07-14,25.0,15,0.3985350913337735,0.2702363781178034,False,False,False,0.0,1.0,0.0714285714285714,-0.0250573593357803,-0.1502636127045057
GOOGL,Falling Wedge,bullish,1,0.7848259076728925,5,72,2011,2012,2024-09-16,2024,1,157.911134323935,153.8071805813761,210.70811967459804,144.8387329002761,1.2212797824484989,0.026682458693062,True,0.0177965329512292,0.0066172148809391,-0.0082318060852536,-0.0062062461325955,-0.0306550711122336,0.0265205447367953,0.0063108966850733,-0.0085867339927977,0.0248653750698422,-0.0280522560073629,-0.0080979567891374,-0.0783537205889191,-0.0276499830536746,-0.0425040650917394,0.0388866877892819,0.0026258312851152,0.0269059134450646,-0.0228771922441071,0.0282848637677457,-0.002948797008484,0.0527146960557023,-0.0067900389287546,0.0209884858612512,0.0429506945585702,0.0245113704610664,0.0070013559467265,0.0637935121093187,-0.028411593486798,0.000474941903819,-0.016736000494845,0.040123886193,0.0517673611418181,0.0951616231364387,-0.0073934201146419,0.012703721409462,-0.0366470648000603,0.0298823902575928,0.0224305500927517,0.0332531021592488,-0.022389726859501,0.0363726161194974,0.0136155446330159,-0.0124816063387076,0.0539381356321975,-0.0209893597094823,0.0271771961120276,0.0373537517979345,0.000170293533555,0.0532949236707751,0.0437543590044247,-0.0326959004353232,0.120916348822577,-0.0761218525472154,0.0235649152413837,0.0294820262551958,0.0179953874256795,-0.1028038003909886,0.0527559556060648,0.0513853785644009,-0.0403847743788482,0.0341399340054753,0.0606452028985673,0.1362790556834408,0.2079292200806914,-0.0048574220099782,0.085628610289683,0.0981956022282817,0.0299003178465042,-0.002096422595105,0.1341340351617495,0.0713190395437188,-0.1485690073892596,0.0943216273851732,0.1369607900129161,0.0257664497541723,0.1883709380083447,0.0495880553780205,0.0978996639822187,0.1540060782706396,0.1115737498490678,-0.0810399383780957,0.0423069318575466,0.0858008723206749,-0.0735392911424291,0.1431337087116777,0.0824925362827373,-0.0951781426857073,-0.0315152039196892,0.1562399056055774,-0.1304749401333783,-0.0011121314304773,0.0937824025447629,0.1657791506899317,0.0957930430161153,0.1370451507631496,0.007361435811545,0.0517195722908792,0.0750295380720325,0.1838256309318837,-0.1331816237476932,-0.0960593476947728,0.0124903648300587,0.1888178991598272,0.1132984336605804,0.1370451507631496,-0.0572618632480856,-0.1896518504301336,0.0984904750650126,-0.0182957396911993,0.1160829525537276,0.1636491613548856,0.1420674722999462,0.0265511640596176,0.0834935184292346,0.1136532759282494,time,2071,60,184.08950805664065,0.1657791506899317,0.1732710772934834,0.0040246470409588,2.0025680733248565,2.093068555210104,0.0486166664329226,4.03881304127559,1938,0.7470426226871243,5,0.0028487035715383,0.1982494067816922,0.2305599337841752,0.0,-1.252429565974432,-0.5053869432873077,0.2642443894931527,0.2511114818710876,153.8071805813761,144.8387329002761,210.70811967459804,4.005754561373278,0.0075709155881427,-0.0544240570767362,0.025521218571123,0.1223356578242325,0.8848465792442759,-0.0009527595488058,1.0,0.0153885518029619,2024-09-16,3.0,6,0.1126422392307362,0.071647341332421,False,False,False,0.0,1.0,0.2,-0.0420846123224549,-0.5415638656038884
GOOGL,Falling Wedge,bullish,1,0.7053810472393831,3,35,2139,2140,2025-03-21,2025,2,166.2864302357092,162.351652360117,213.0902395968792,154.530784216116,0.9907863540683244,0.0242361430782629,True,-0.0762554365058481,-0.0497312206441079,-0.0125740342738215,-0.0665132887046655,-0.0425040650917394,0.0527082577935549,0.0261734001122917,0.0052840146637411,-0.0372269689096476,0.0475955177432001,-0.0153649112679588,-0.0329787830886129,0.0485688910767951,0.0481423837794083,-0.0202274947267196,0.0332320230595719,0.0485260928111876,-0.0372382020421681,0.0131569338772865,-0.008896584958422,-0.047053758618979,0.0197795868149284,-0.0773848870083096,-0.1285088953441832,-0.0137226302832045,0.0042056882781318,0.0513555093055353,-0.0212826510153962,-0.0067864183951467,0.086665073757159,-0.0201055300261878,-0.0224228094406935,0.0464162326575534,0.0813795524239033,0.0183290487848022,0.1637527051985872,0.0265130063701337,0.0106318950899853,0.0123035373898439,0.0417705252354323,0.0241939108854343,0.0483073504234625,-0.0599507190622821,-0.0356875961181368,-0.0106459913413777,-0.1504560113642203,-0.1161189954956118,-0.0163993033403988,0.0211348163829687,0.0440208411550331,0.036489773654174,-0.0412073705065533,0.0036330565517854,0.0345752916111545,0.0804194383479426,0.0279661393593662,-0.0269297434861089,0.020407018452343,-0.1205844440250387,0.0479137989156079,0.0804194383479426,0.0585333492837587,0.0135183477708904,-0.1678211956227786,0.0299003178465042,0.0353500927926855,-0.0207880906483872,-0.0066663516695563,-0.1236332217212985,-0.0031724438424589,-0.0453061932731684,0.0059088602661241,0.0926584743425837,0.1066036479345027,0.0853192130222511,0.0441640337306514,0.0921907186454737,-0.086001706509859,0.1257670007472962,0.0405740582443183,-0.0590992713987078,-0.0325736486165998,-0.0621118549185704,-0.0087612644631185,0.03952437973299,0.0242859035955798,-0.0635281295546738,-0.126813016792884,0.1890473761756352,-0.1131697651648115,0.0604442603124453,-0.0208939073089903,0.0544262480399662,0.0075971083362005,0.4075396738490204,-0.0296637764451644,0.0317048569408622,-0.1101913701059367,-0.108512997550268,0.1763099581696388,-0.1098263292048892,0.1102930411806859,0.1644668485146667,0.3362708561294838,0.1238429491195098,0.1164397295240751,-0.189674711551137,0.1337156430930504,-0.0237797332666394,-0.1425222521737236,0.0058663950556008,0.2879095785986629,0.0117517994852718,0.0130365976760213,-0.0058225898119733,stop,2144,5,154.530784216116,-0.0706951613726369,0.0213084392076608,0.0804452788419421,-1.0,0.3014129792468142,1.1379177482587797,3.981389817553356,2102,0.6510514685698218,5,0.0273967852719703,0.1325522196232569,0.2373248075141323,0.0,-2.078475340941318,-1.4274238723714774,0.4920918211927268,0.1221360043235727,162.351652360117,154.530784216116,213.0902395968792,5.145435873280677,-0.0619895200435746,-0.1013932297264926,0.0315243745646563,0.0285153998331775,0.9253732702941484,-0.0097665831730717,0.0,-0.0571116100088038,2025-03-21,21.0,5,0.0323061030742863,-0.0282558451540315,False,False,False,0.25,2.0,0.5,-0.0030266972013844,-0.1689645709429976
GOOGL,Falling Wedge,bullish,1,0.6222710432164839,3,37,2387,2388,2026-03-18,2026,2,303.63335165234247,303.0513007625714,358.6336212032734,293.2235523713084,0.7352202664551006,0.0019206348506226,True,-0.0430249247017947,-0.0455270404542037,0.0238562716150594,0.0340538331008057,0.0035010298209878,0.0281680117348277,-0.0792273600706378,0.0047345810094223,0.0070332495670233,0.0278537007058923,0.0229477352739175,0.0090961546293468,-0.0213732720065878,-0.003231700291066,0.063507882825603,0.032781524035798,-0.0030693455912318,0.0520996501275383,-0.0068109200813274,0.0255480126249105,-0.0143112589701563,-0.0336349108313787,-0.0517010681632321,-0.0217755252795105,-0.0218661111410017,0.0256038706716084,0.0464162326575534,-0.0330898754576903,0.0496588128193755,-0.0126515909739752,-0.0373004983763138,0.049635661562817,0.0704205052380582,0.010583564048735,0.0384097480456728,0.0327465400853128,0.0149859904676179,-0.0588520250462577,0.0350197566398999,0.0414560308222267,0.1351299827032102,0.0273865162717865,0.0256295558628032,0.0285083066967213,0.1441141731350088,-0.053466088173219,0.1052925061972569,0.034351228179247,0.0590428291232152,0.0488164337186924,-0.0863309792270224,-0.110120721643231,0.0540596678220131,-0.0683543186647195,-0.0449576776973428,0.0515233064356321,-0.0204246259729108,0.0292321966020512,0.0232083346644182,-0.0940385179307381,0.1375157125440373,0.1938524256434022,-0.0095982977093667,-0.044149645870857,0.0032144998660212,0.1158833800896725,-0.0114999953643825,-0.1136321200026011,0.0996304118759577,0.3192658775371957,0.1773365192732192,0.0489851295531058,0.2132953507148316,0.2236645331340845,0.0558466801496297,0.0859253610485997,0.0215737670829185,0.0009941583344335,0.1207084559661868,-0.0199991499342993,0.0353166478371627,-0.0549279028471983,0.1656083882732912,-0.0327547361580711,0.0036229346825049,-0.012644238792643,0.2534612119337991,-0.0583062344555189,-0.0526002473991769,0.1157567525257938,0.047185608780162,0.2612302540157158,0.1838256309318837,0.0516950975519372,0.0118824610262791,0.1838252125867692,0.1826720094219074,-0.0271876646482006,0.0174591736225531,0.2215527506325758,0.2514251006054282,-0.1741926017565318,-0.0042065046376036,0.0747242125743457,0.0386764874667349,-0.1550543053118014,0.3038773082663673,0.1511605924485792,0.2635551645806513,0.0095119879155909,0.3272539064089592,0.0340660403891428,0.0509018709330426,0.2013637836713162,0.0856622816220784,stop,2391,4,293.2235523713084,-0.0342841101755948,0.0133218896183421,0.0449985532492347,-1.0,0.388573293870269,1.3125192113420197,5.283509130780039,2348,0.7573547866787274,7,0.1886157904366028,0.0270191207207317,-0.2186231702397808,0.0,-1.21946132993229,-0.4621065432535637,0.2846990473775239,0.1353121221511489,303.0513007625714,293.2235523713084,358.6336212032734,6.957706806725805,0.191766683735324,-0.0334968097428616,0.0226407682784735,0.2267398478899669,0.1371856666758493,-0.0053069229458453,1.0,-0.0362237427865977,2026-03-18,21.0,7,-0.0169523714291569,0.0126603002498304,False,True,False,0.5,1.0,0.1666666666666666,0.0326280250631039,-0.0428104179118912
GOOG,Falling Wedge,bullish,1,0.6503575292488045,3,14,811,812,2019-12-06,2019,2,66.27427999900861,64.81357148565063,66.5143675382529,63.3330187505876,1.2598689736267428,0.0225370779587632,True,0.0073164209890352,-0.0018427785843251,-0.0276833033482601,0.0148227169930819,0.0311740073602568,-0.0017368549452453,-0.0600647177760518,0.0146427597866838,-0.0256514027503043,0.0617481314130441,0.0182199241028628,-0.0287227649211251,-0.0018257092097972,-0.0222409977987475,-0.0287227649211251,0.0196589881851163,0.0943157192880292,-0.0382459603519588,-0.0227995342431448,0.0099708614762763,0.0341304573811664,-0.0651224641772582,0.0085230664118603,0.008631764768181,-0.016386918726883,0.0200614975382509,0.0215101082170383,-0.0131018773094081,0.0216484412333164,-0.0282485964550969,0.0810134700207378,0.0015558170024367,-0.0147876190444997,0.0405480210331348,0.0744492986898546,-0.0254167761293012,-0.0911533188497819,0.0039805276519733,0.0452047566224325,0.0246271742486503,0.0030730663648002,0.0075261054222486,-0.0554914652498813,0.0037020084961776,0.0230822732787381,0.00144261912909,0.0413289824239275,0.0099185487768564,0.0290558380362087,0.0105498342864858,0.0622264477326823,0.0661529455638176,0.1003432336689229,0.0840984510674187,-0.0153779014314356,-0.001101531269993,-0.1316975788767819,0.0533629730401636,0.0243633076503624,0.0332756925566555,0.0956422423374543,-0.2842706341633421,0.0054575750956467,0.0003025831383616,0.0346546136841239,0.0963659388234583,0.0213780109401608,-0.0669476400889802,0.030437262334358,0.0823517989590179,0.0185669266308479,-0.0286303592918959,-0.0676677238542043,-0.0061907406592857,-0.0268981326817221,0.0162847490825017,-0.0236750394849336,0.2433592517343386,0.1395064437604909,-0.0682922850231435,0.0629470174606985,-0.0764956268089127,0.1170878027633524,0.1354602398201505,0.0653821687342464,-0.0034032673626998,0.0739435305932434,0.1333251084268727,-0.0996912837848069,0.0373601801526639,0.0117058799636124,0.0505809032819895,-0.0141997989515602,0.019170316224219,-0.075189257713743,-0.019291008251052,0.1465211002835482,0.1082390120734491,0.5039727601542878,-0.0829188645533438,-0.0289309917795075,-0.1252077888693002,-0.1267839654328905,0.0345128650623238,0.1772492713406994,0.0590580519619428,0.0866348471902778,0.2231793845593983,0.0744808126438221,0.1570868188305105,0.0016306919916222,-0.0259673365163607,0.1019362756826554,0.1567319451509803,-0.0815470301420262,target,812,1,66.5143675382529,0.0036226351949486,0.0160010646621461,0.0001495042923468,0.0816274104767722,0.3605456809627538,0.0033687212713134,0.0816274104767722,795,0.3512625306155037,5,0.0438834280369672,0.0437104544903101,-0.1280081232018953,0.0,-0.6631879240247459,-0.3119253934092416,1.643525419418714,0.0370407993731952,64.81357148565063,63.3330187505876,66.5143675382529,0.8532678407761297,0.1234386542294738,0.056329394301102,0.0128500203455168,0.240878136341246,0.6799265959598907,0.0039979173318349,1.0,0.0217083416622188,2019-12-06,24.0,11,0.0878323382704207,0.0750544766707592,False,False,False,0.1,0.0,0.0,-0.0049057999957779,-0.043974383661997
GOOG,Falling Wedge,bullish,1,0.6184985453569942,5,49,1429,1430,2022-05-20,2022,3,109.07091215577223,115.04718931109484,154.93634688767202,107.69965554777887,0.617933120252947,-0.0519463116926947,True,0.0244769104335587,-0.0326217135950201,0.0556815880451344,-0.0371633241851592,0.0314746809517481,-0.0013529746880001,0.0449288909017795,-0.0014795197635659,0.0227784779415769,0.0288063375114611,0.0346968441421604,0.0576486971114011,-0.0292094244790325,-0.0124350776918199,-0.0092204482307528,0.0283001765057053,0.02642239974846,-0.0326027308103605,0.0210607535575109,-0.021974176499436,-0.0308667739174366,0.0143787120459883,0.0149832550236905,0.062727158446151,0.0144619103417071,0.0138411439977581,0.0512463438282702,0.0463154274489763,0.0379851871840635,-0.008456362502169,0.0884708040751349,0.0442268946715425,-0.0458594485785294,0.0259712044599844,0.0071185834552891,-0.0190670077478728,-0.0895440647031449,-0.022173804057944,0.034053902146707,-0.0005085645138731,0.0274026093199133,-0.0013476056622919,0.0316460178314765,0.0121380403640367,-0.1520414084791274,0.058656263819241,0.0173563183366622,0.0584422480330002,0.1269553764159958,-0.0269484491283474,0.0250661832087932,0.0103077102181787,0.0104509600837161,0.0142522356947463,-0.0193744956111688,-0.073362967837735,-0.0193108488365285,0.1523292825122089,0.0900151333066952,-0.1148604306836866,0.0554772102704208,0.0478210827161891,0.1269781981715765,0.0232264589000796,0.0554373563228483,-0.0318905732432057,0.0160870726431614,0.0390955532462184,-0.0080312840818455,0.0417424069342109,0.032463113668997,-0.0996912837848069,0.0397612551089545,0.006331055382432,-0.0338379967186556,0.0629470174606985,0.1409602434520394,-0.0397329098092827,-0.0128816247711364,-0.0521269981625098,-0.004058926265966,-0.000462850730762,0.0286133696124488,-0.0598874745603227,-0.1601706160139467,0.1188333059291979,0.0214735115949546,-0.2155815828617262,0.0812987980817363,0.0674643786402295,-0.2025097132281358,0.0574053590164389,0.0927850567254862,0.0020002564858838,0.1564300120718591,-0.0491337906142486,0.0216721682470051,0.0840718870496304,-0.0294326938742467,0.0833182688709259,-0.1691103455596706,0.1763568668050645,0.1825806348342418,0.1505037837554503,0.1382445043345797,0.1448253867537028,0.0202181514879775,-0.048580348921241,-0.0014447510029114,0.1821065937224697,0.0320884709422411,-0.0829564491552823,0.1521505051096483,0.0044656060582761,0.0353663336797126,stop,1431,2,107.69965554777887,-0.0125721567821396,0.0172700772079178,0.0717139686108166,-1.0,1.3736765701532,5.704189810351058,33.447740170979266,1377,0.7270926200533466,6,0.015052104013036,-0.1312314219651039,0.2449487615649503,0.0208333333333333,-1.2600032745747238,-0.5329106545213756,0.3192042485577855,0.2408374494495316,115.04718931109484,107.69965554777887,154.93634688767202,4.16006327259525,-0.2043003782004853,-0.1399846902267322,0.0384168892999586,-0.2746749783042914,0.4759594482431553,0.0120999423415975,0.0,-0.085461385047261,2022-05-20,27.0,13,-0.354929440315521,-0.2428760591632115,True,False,False,1.0,0.0,0.0,-0.0332367325617133,-1.2901739756035977
GOOG,Falling Wedge,bullish,1,0.6707231474078237,3,33,1716,1717,2023-07-14,2023,1,124.87719090496948,120.08042152215523,131.18586884041508,114.47414855487222,1.321891934488679,0.0399463070000067,True,-0.0456131221397678,-0.0524040817087424,-0.0122795517840694,0.013957593617875,0.0497853761191178,-0.0315335475835791,-0.0087391456928154,-0.0372393883528372,-0.0337293450827935,0.036301935083939,-0.044753498790664,0.049752173296707,-0.0279271296913835,-0.0479265346235658,0.0689078932812352,0.0003778980950164,0.0298533495523238,0.0720163739018111,0.0107771541050465,-0.0148103855069421,-0.0173522335846839,0.0770522772032635,-0.0522376853179179,0.055132586290101,0.0377877040419281,0.0678923722419166,-0.0447002897550761,0.0101652954109645,-0.0212691280844494,0.0720802563713336,0.0016627027775015,0.0595729073602098,0.0530343452302315,0.0858415407657013,0.0612001324801942,0.0470036106220377,0.0611332553920225,0.0465439027929133,-0.0566550365286846,0.015826092372889,-0.0224983625773225,0.0744438529306801,0.0024227817228383,-0.0874821509964648,0.1185774880345502,0.0278928078619017,0.0326036162532235,0.0403519303766313,-0.0649373393778534,0.1256605829751411,0.0651356550585455,-0.0224147689021317,-0.0209096444055642,-0.0669446757701043,-0.036071374477716,-0.0028276300646447,-0.0842695213083326,-0.0086140733752629,-0.0327660580546514,0.1256605829751411,0.0229597373623584,-0.0545425372490739,0.0386149261782424,0.1299366136625899,-0.0266771250299178,-0.1436835992524409,0.0464714654216027,0.0605793496308351,0.0300855879533853,0.0926544358367571,0.0941683479947212,0.1492829608413706,0.0450512806646692,0.0380351131325578,0.0820504013299958,0.078829092932249,-0.0535482668186302,-9.276860337914528e-06,0.044242703046931,-0.2265263428528403,0.1934687254196081,0.1399434754321267,0.1553145331258298,0.1007683730267838,0.0046074388638635,0.1798639687901659,0.0838591117016267,0.132674013696777,0.1051606153506297,0.0437031181112097,0.0388842780746909,0.0258716699862932,0.1066161508883565,0.1407156995743721,0.3970492677567288,0.0738362764236366,0.1935624603023729,0.1130449791454342,-0.0834257900571132,0.0709873154324534,0.1446169848365717,-0.2036507407925453,0.2197621535004301,0.3494171556498002,0.0839181843889129,0.5039727601542878,0.1097675999997493,0.0489191960446591,0.1943013531839665,0.2340482381442321,0.2243279050168012,0.0040935766184779,0.1237290714683496,0.1938468618845139,-0.0431900895667294,target,1725,9,131.18586884041508,0.0505190570810201,0.0598130134477423,0.0585037048999863,0.6064262475473453,0.7179900693997844,0.7022732465734209,0.6064262475473453,1682,0.4342850473606505,7,0.1928195852226857,0.1462497126937507,-0.0509441859380427,0.0,-1.0005685101663475,-0.5662834628057002,1.1630814717270892,0.0865276008426154,120.08042152215523,114.47414855487222,131.18586884041508,2.9265670085859705,0.2169665200857238,0.0420303310765566,0.023502673641989,0.3624541592333201,0.3652955787728119,0.002403412388789,1.0,0.0314947436033938,2023-07-14,25.0,15,0.3985350913337735,0.2702363781178034,False,False,False,0.0,1.0,0.0714285714285714,-0.028787801263244,-0.2192639258556108
GOOG,Falling Wedge,bullish,1,0.7375945677959872,5,72,2011,2012,2024-09-16,2024,1,158.97737946671782,155.6898569188486,212.0757022357977,145.99496647524415,0.9356181398286144,0.0211158428232278,True,0.0186144803104095,0.0074351622401194,-0.0599645016448768,0.0247833992479442,0.1102821549662991,-0.0471574812260927,-0.0319732616117246,0.0117367483125625,0.0047728685626364,-0.0233077919611868,-0.0540041703119523,0.030186022416502,-0.0312274644133467,0.064332754907864,-0.014581554529943,-0.053321449427956,0.0168758576926719,0.0234437594826111,0.0199697381607646,-0.0034557375443226,0.0341304573811664,0.0215849635266942,0.0164592147110938,0.0443500261008269,0.0259107020033231,-0.0408502500238772,0.0899727305388895,-0.0179906557186404,0.0490339499904139,-0.0408502500238772,-0.0076730983094128,-0.012984209634549,0.0228288342271885,0.0063242973798494,0.0385393589000953,-0.0033711723017725,0.0507698329007759,-0.1076678487669585,0.0062079553995082,-0.0390920367020786,-0.0256340674884204,-0.0045690082274466,-0.0456608938928542,-0.0788333214801432,0.0408040972518779,0.0503848138998985,0.039102943256293,0.0019194849919135,0.0105498342864858,0.0147683039520318,0.0783072919589624,0.089157910090575,0.194943601646004,0.1092626912746244,-0.0357406231445172,0.1269781981715765,0.0645065802503024,-0.0354275495066425,-0.0065762046656903,0.0200665345437554,-0.0756186592830719,-0.01185805401053,-0.0179612671225001,-0.0562461373159377,0.1648533996050556,0.1143424233526704,0.0250522800626697,-0.0532714120668028,0.0030984861523419,0.1366730764653654,0.0738580808473348,0.1102849780568722,0.0982696816300316,0.3122479716150852,-0.073429017657949,0.0593384202209512,0.1019367429908328,-0.0996912837848069,0.017151374228042,0.1531529327139731,-0.1067566141950797,0.1073548857002333,0.0572599227912851,0.0968818181222301,0.2339902675515774,-0.1241384281433296,-0.1020465042281091,-0.0370693420682662,0.0960990856206638,-0.0124924528611992,0.104020426755496,0.0870548332124387,0.1664788835089494,0.096492775835133,0.0210193188767671,-0.0957540404077422,-0.0103982486508907,-0.0349497666187688,0.0175239678632082,0.1601900104242994,0.0649552560257873,-0.1126226849074011,-0.1314042352826059,0.0340724127119411,0.1628441537934313,0.003728858517753,0.0340213058680367,-0.1374950870418058,0.1387881658693379,0.2172436479350505,0.0556563178749747,0.359363666402954,-0.1472063665954567,0.1163598618016807,0.1306820577859219,time,2071,60,185.4437561035156,0.1664788835089494,0.1758592423612202,0.0042475650655025,2.0386330841716283,2.153501165303452,0.0520139640967711,4.090019536734256,1938,0.729712225772534,5,0.0046101956980777,0.197329625540094,0.1517016907868436,0.0,-1.24889061274407,-0.519178386971536,0.294269728651702,0.2474382263116437,155.6898569188486,145.99496647524415,212.0757022357977,4.006064043831354,0.004242534895962,-0.057758964002805,0.0253732996097121,0.1210553994915617,0.8466262263161798,-0.0002526859653959,1.0,0.0153885518029619,2024-09-16,3.0,6,0.1126422392307362,0.071647341332421,False,False,False,0.0,1.0,0.2,-0.0477706390866219,-0.6394640792180196
GOOG,Falling Wedge,bullish,1,0.7532567123264694,3,35,2139,2140,2025-03-21,2025,2,168.4710300428072,164.3735086076913,214.66984299297064,156.47189866694862,1.1830202601054616,0.0249281132332304,True,-0.0780138453842618,-0.0514896295225216,-0.0222333838967498,0.0106299923817221,0.0346678765907342,-0.0042311275443277,0.0689973126909475,0.0045946829313974,0.0049296263864435,-0.0049828766210339,0.0280191016314592,0.0237281107797195,0.0166456469553684,-0.0233956625803978,0.0142452192883228,0.0112427135367236,-0.0158844333353138,-0.0976980006473801,0.0234771715340424,0.0040537513244414,0.0020641899232614,0.0301802425137749,-0.0834663530764196,-0.1271675505624918,-0.0123812855015131,-0.0712115425397769,-0.0057527313290511,-0.1013740183244816,-0.0698380445338421,-0.0180243972604497,0.0325613426481652,0.0204217965678941,0.0220140265504784,0.0044303940838241,0.0668039134298104,-0.0299802625339057,0.0033116270692374,0.0113083004407021,0.0102989194768066,0.0072121823323214,-0.0307605172325698,-0.0162991551889943,-0.0123066829197834,0.0397294643661743,0.1078975975389726,-0.1256896611945684,-0.1146427761548583,-0.0149230839996452,-0.016277244404972,0.1439767544092667,0.1160227805060838,0.0135525838236723,0.0215666647774259,0.0627351274615013,-0.01185805401053,-0.0062315776562286,0.0739035409147568,-0.0601580809991078,-0.0044878578908453,0.0538782762642886,0.0192786624251048,-0.0011272620468462,0.0160460733146805,0.0025650424967154,0.0285823382810801,-0.0872735785872805,0.0575723659314206,-0.0387251434500022,-0.1338198467328675,-0.0082415637563159,-0.0503753131870253,-0.0821287100482712,0.0182063018555609,0.0102771090028288,0.0906945568024129,0.098155694321167,0.2959842150153082,-0.1553846536675143,-0.0050570763751882,0.0171008049041183,-0.0122697351883155,0.0017867173940424,0.1581593404862853,-0.0132935342436724,0.1818300131899057,0.316918613859295,-0.0115884746319291,0.0561122501349742,-0.0640359537449679,-0.1370760732316142,0.1569544590018845,-0.0543088569981314,0.0483149682753942,0.0014858285716286,0.1983702366783957,-0.1168568785541556,-0.130184192536196,0.2725512432587889,0.0532964796208164,-0.1600273444966345,0.1361543828709863,-0.2036507407925453,0.1628278792777073,-0.1888019059312816,0.2039229433385727,-0.0562227199017624,-0.0849452931798386,0.0887399224368103,0.0089620377835129,0.0870721465009061,0.0228846165927536,0.1873805678494986,-0.0830201944424441,0.1802329849870134,0.019380659707349,stop,2144,5,156.47189866694862,-0.0712237075585617,0.0215341418148993,0.0822733969201479,-1.0,0.3023451397442832,1.1551406089398082,3.8501797757721232,2102,0.6437819113446437,5,0.0356634833119917,0.1318546786873906,0.1834209335123731,0.0,-2.0855782681487343,-1.441796356804102,0.5089404568693031,0.1195739665777371,164.3735086076913,156.47189866694862,214.66984299297064,5.16321768241247,-0.0575718472875235,-0.0978593940749433,0.031203314237927,0.0361807254242469,0.9360462021610664,-0.0101180527482501,0.0,-0.0571116100088038,2025-03-21,21.0,5,0.0323061030742863,-0.0282558451540315,False,False,False,0.25,2.0,0.5,-0.0007515124745476,-0.1332991302410549
GOOG,Falling Wedge,bullish,1,0.6793891105697999,5,48,2400,2401,2026-04-07,2026,4,317.4327530191293,285.1774243835248,360.1820840613259,272.5072663033184,1.567793921390937,0.113106178391686,True,0.040115759768919,0.013400416070004,0.0163571198138221,-0.0096236494169977,0.0792171592711283,0.0280658010492085,0.0329378797980295,0.0204946615582937,-0.0194486448294534,0.019417320144182,0.0282445161001505,0.0206871294726747,0.0122447755399337,0.0346646331040252,-0.007974921873223,0.0175351335234463,-0.0083291740030111,0.0335988641339179,0.0067317134321047,0.0377983050356194,0.0812196735871311,-0.0008118020787659,0.0189644351008081,0.0397697565205861,-0.001168143691598,0.0913643988838415,-0.0087191851035669,-0.0667434359443416,0.0134621997531982,0.0497325516725417,0.0508626987890561,0.0660961063364014,0.0045067432301915,0.0058444939920416,0.0423284568984327,-0.0289902208660591,0.0587006283954012,-0.0189122707404153,-0.0202859330460283,0.0109330636046491,0.0526699010546358,0.0318793137578889,0.0856554269502543,0.0136406911145836,0.1443103305719522,0.0108529585553531,0.2090424482077133,0.1389941252182858,0.0106979142942829,-0.0223695085491527,0.1275277467472539,0.0442151135714055,0.0538280592891959,0.0113827673028923,0.0142040285286528,0.1131949511433547,0.0752809317240958,-0.073362967837735,0.2044414626181272,0.1249297429075695,0.0103077102181787,-0.111275713662993,0.1169346927968344,0.109957844347917,0.039576685559457,-0.1704918613940049,-0.118326808104948,0.068904592429055,0.1775645790112413,0.1190888140450554,0.0039925795330835,0.1188333059291979,-0.1029977381910084,0.2132789540937607,0.1383523544852012,0.0780987075321153,0.1370262227171195,0.0609105228562312,0.0444073763128349,-0.0156107413337599,0.0609105228562312,0.1559866086815624,0.0800189267523037,-0.0573122434768282,0.0310516286752084,-0.0619517908294448,-0.1490552822728431,0.049000008314072,0.1103616119703032,0.14573379835105,0.1081360686157868,0.0618298729431007,0.1213364411477992,0.0173894374024008,-0.0305456082251195,-0.0513297982670851,0.3971587538091512,-0.2271552742843401,0.0355531855805248,-0.0058277989520886,0.097046099411074,0.0735762466946332,0.309710605022883,-0.1330240094839606,0.2344527742652928,0.3275884427277087,0.0804450486965837,0.2846077825233821,0.0447552756694316,0.1825892967920312,-0.0233332801907595,0.1425000251971282,-0.0333453247969727,-0.0584465723042045,0.0389876476535345,target,2417,17,360.1820840613259,0.134672086089429,0.2038825620232276,0.0263033477004787,0.951560776906432,1.4405854602093733,0.1858531689817806,0.951560776906432,2348,0.6853108767907097,7,0.1651843456732875,0.1263258081279767,-0.1277790924687925,0.0833333333333333,-1.7395642086288663,-1.0542533318381495,0.4287919538824004,0.1288180331639659,285.1774243835248,272.5072663033184,360.1820840613259,7.980007951536452,0.1408007009177094,-0.0160671816503955,0.0262889311920547,0.2349057630955149,0.9804019517137272,0.0083316695333977,0.0,-0.025431899005892,2026-04-07,21.0,7,-0.0369213877540194,-0.0277179600975516,False,False,False,0.5,1.0,0.1666666666666666,0.0448533581945699,0.1641994561796224
MO,Falling Wedge,bullish,1,0.647320379301519,8,71,599,600,2019-02-05,2019,6,27.220661374873337,24.476589299120548,40.47925717626691,23.12893442900142,1.3335769570027984,0.1121100673879993,True,0.0101709864958756,0.005368760687624,0.037595788281751,0.0220058647844969,0.0080836725165713,-0.0092943732222703,-0.0115677382619788,0.0010183207282976,0.0135932905364244,-0.0199005465293774,0.0411441420866067,-0.0116296796966313,0.0228994028034972,-0.0395754034566163,-0.0228673984061533,-0.0154259098707446,0.0226851699882866,0.013960678346883,0.0200140369809371,0.008846425172861,-0.0296244596961606,0.0217047355287312,0.006487685565105,0.0274619219948824,0.0068601954602189,0.0285361347062742,0.0207280472315392,0.0226083615004109,-0.0036017148926597,0.0390805071590574,0.0524110994769064,-0.0049568869934373,-0.0257264056692012,-0.0017889449640963,0.0360958490353824,0.0390805071590574,0.0099163986463202,-0.0056079665390513,-0.0747909930745079,-0.0970496363204751,-0.0283555501997464,0.0015025994015416,-0.1137124362582235,0.0166849993930346,0.1458105415969715,0.0246186964751275,0.1120830807892698,0.0954405460643885,-0.0386957551110044,-0.0383441111409154,-0.0058596021656446,0.0026413677324073,-0.1067676299495766,0.0684594239357185,0.1332033893144533,0.0560852667759346,0.1072533198016905,0.020670300006635,0.0604133864084996,0.0740825968359615,0.0152323034525903,0.091723716902762,-0.14684466011111,0.0752135966480378,0.0212878534691292,-0.0179145237012696,-0.0090872926707274,0.0554678386664473,0.0911720415342689,0.1136975610270349,0.0591075243417575,-0.0172826793585028,0.1672439113597899,0.0013852422444005,0.0474281465301831,0.0330417415877051,0.1260664237792823,0.0515169890442033,0.040214985828048,0.0950560964892699,0.0940644280820688,0.0490262370040608,0.1015243748473111,-0.0329304746060532,0.0726691165680817,-0.0467740638700814,-0.1807250139067108,-0.0255099988862627,-0.0444354646099169,0.1121639832066057,-0.0822869427500246,0.0856247090978621,0.0967795374600357,0.0246636100884913,0.1283793746275596,0.1298192499444803,-0.0644963109668258,0.0071128643484834,0.0890606793321171,0.0247267000079189,0.2054248958602793,0.051317529425314,0.0510867145151245,0.0666893998059272,0.0975681920201259,0.0608913723445749,-0.1531012206961198,-0.0602547276550825,-0.1279269960581097,0.1979067430307592,-0.132172096780551,0.0813574413918607,0.2358926863986807,-0.1916729334737927,0.0618990595888995,time,659,60,29.85506439208984,0.0967795374600357,0.1941610018387204,0.0270544157979595,0.6438364661342595,1.2916773169798432,0.1799824623865146,3.2403422752268383,522,0.8102118232963045,5,0.0150104931607002,0.0435272247755904,0.4522662450892083,0.0428571428571428,-1.9191395655690329,-1.1089277422727315,0.1994776649415601,0.2477080848040792,24.476589299120548,23.12893442900142,40.47925717626691,0.7712457507775324,-0.1153013969420554,-0.0157754877374698,0.0284024283683162,-0.1547092057801173,0.792452694386656,0.0002034055724806,1.0,0.0735904309514352,2019-02-05,3.0,11,0.0280261112241053,0.0512595146925052,False,False,False,0.1,0.0,0.0,-0.0320831427853304,-0.1009060066975208
MO,Falling Wedge,bullish,1,0.7236957477250113,5,60,707,708,2019-07-11,2019,0,28.55120636545112,27.83385803887655,32.007707513433765,26.60688937378076,0.7140005424794971,0.0257725079136577,True,0.0095902592510415,0.0129920744468747,-0.0029663348445947,-0.0050959553945437,0.0034325421210075,-0.0444921582225139,-0.0015300659213912,-0.0029498659196871,0.0095031767194393,0.0025819459138107,0.0162570895894023,-0.0037989032157695,0.021749025595313,-0.017590936489237,-0.0267368093674056,0.0193546619376758,0.0106183718198979,-0.0655076141537919,-0.0071436709043867,0.0128379137511074,0.0113349929824675,0.0048245042454981,0.0128561637389266,-0.0091910200079854,-0.0096914365863434,0.0450799189352655,-0.0253481748599931,-0.0008041056330838,0.0204967599897225,0.0590378050583872,0.0497835808757054,0.0217953134382731,-0.0084743806386516,-0.0003320467213606,-0.0034572974853798,0.1676475180091488,0.0284001452515201,0.0820082204009085,0.0341412924526327,-0.0292778841801377,-0.0105306245417156,-0.0101213654713309,0.0264692421464742,-0.0065347562356951,0.0741416375034194,-0.0348970599226909,-0.0709292531314336,-0.0501523727766121,0.0741466557143624,0.0728014069889615,0.0222020876669606,0.0570712155086552,0.0353743417906051,0.0670442156109525,-0.018022501591679,-0.0552771636819481,-0.0551433805654031,-0.0054209441639377,-0.0044660273719256,0.0048965508089597,-0.0847669671059191,0.0462517528175487,0.0002205712523981,-0.0509539232276493,0.0405714856616825,-0.004708444492614,0.0510866084289951,0.0092134956486937,-0.0810353049163185,-0.1238764836812945,-0.1178735939522859,-0.088155669196111,0.038161912705376,0.0270187833876236,0.0996628652642628,-0.2118412793323291,0.1324266479339213,0.0536217171628852,-0.1176664379170255,-0.0087680101002048,-0.0968497957414479,-0.1115108581782168,-0.0527956054033852,0.0990427606323194,0.0397618811344506,0.1415516638764897,0.0416637372115755,0.1147503900832698,-0.1250460072756157,-0.1203596060666565,0.1718896740201572,-0.1252044218913615,-0.1518069711616221,-0.1379978143222576,-0.0083014400579698,-0.1295780742181931,0.0491660998423031,0.0068482061823569,0.0890606793321171,0.0516464378586352,-0.1913129195603841,0.1915375384194277,0.0691974108488666,-0.1236338968198612,-0.1745903430259757,0.0304784349863824,0.0138966336118031,0.1717494492876623,-0.0295160777080933,0.0321674912792135,-0.130357358080374,-0.041334622135541,0.1552725671515489,0.0776714108527498,-0.1573103525639558,stop,724,17,26.60688937378076,-0.0680992938366035,0.021378472617344,0.0775226784811487,-1.0,0.3139309002034486,1.138377127186599,1.7777456879668436,647,0.5578473172675484,6,0.0683428315068871,0.2081912571255497,0.0410378982181098,0.0,-1.050528441263804,-0.4926811239962557,0.5535911706303087,0.1076789189728865,27.83385803887655,26.60688937378076,32.007707513433765,0.6083478145418708,-0.0578994502647912,-0.0183733180964559,0.0216489693247619,0.0219300347841564,0.4470563947904608,8.094953152237849e-08,1.0,0.0429132982396263,2019-07-11,3.0,11,0.1882596954985544,0.1023917615111449,False,False,False,0.0,0.0,0.0,-0.0393526063804722,-0.2400086934986165
MO,Falling Wedge,bullish,1,0.641908096929097,3,25,759,760,2019-09-24,2019,2,24.118088926084702,22.666406962385224,33.33388310036662,22.80989887080672,2.00847262477696,0.0640455263204502,True,-0.0077146666649711,0.0014760146603561,-0.0066433790601746,-0.0319659519386159,0.0845368002728952,-0.0024781082851439,-0.0011250186589768,-0.045486154096211,0.0020707291640595,0.0055952670494516,0.0222600322851729,-0.0234904353027094,-0.0185623900715202,0.0657308996581118,0.0050418779648861,-0.0083512684589627,0.0128982693293284,0.0206306016633384,-0.0652093917369216,-0.0030700928154487,0.05044570543778,0.015579189207896,-0.0116350257453828,0.01253575261413,0.0376405051854973,0.0629269499884062,0.0224700066068817,-0.0747547579034719,0.009721211934919,0.0111364970876628,-0.0102588217842903,-0.0129228083881953,-0.002544969114538,0.0400850306399325,0.0102106652642384,-0.0468673242416205,0.0155364990089152,0.0020707845644394,0.0346463599408626,0.0127967764687746,-0.0384967334788982,-0.0024955718390209,-0.0711273009967682,0.0526765841344094,0.0124847151149178,0.0111710629637522,0.1171648828023217,0.1068595735375692,0.0024202430508217,-0.0533580369150359,-0.0547195555909438,-0.0292585045293997,0.0692776677025099,0.05231445503146,0.0398654929781743,-0.0355473262724183,0.014594734831828,-0.1146154018011984,-0.0521557639054675,0.0084321307158141,0.0225863217992174,0.0996444981242166,0.0225953914303684,0.1383818428961953,-0.0608790570638282,0.0484512366842868,-0.1219275715879303,0.2194599132057872,0.1063867472630988,0.1313887258046322,0.077428426391706,0.0450580361234058,-0.0793701863137277,-0.1728559160931472,0.1038435643528143,0.2151267768555527,0.0757869553436205,0.0109456858194476,0.047739921545941,-0.0830293643700522,0.0691823501195936,0.0013852422444005,0.0333003755541239,0.0421847085556643,-0.1072200663143622,0.1213395757336859,-0.0414322135398033,0.0134049893837964,0.0283944920003393,0.1327912783547953,0.0245847084188821,0.1073306801158836,0.2381870438505244,0.1583449359151152,-0.1623076184286657,-0.073175684849898,0.0495608737912407,0.0769555720788879,0.0896441405217565,0.0814161412264311,-0.1298304262462952,-0.0078712930605325,-0.0212031540696551,-0.0296591195443451,0.1704527825943365,0.0958781577410892,0.1758394483364513,0.1091581637078262,0.0419089102930096,-0.0256707267656225,-0.0005138464628023,0.0689857107437301,-0.0212031540696551,-0.130357358080374,0.2202866678776787,time,819,60,29.86270523071289,0.2381870438505244,0.2391513860382101,0.0491803504831322,4.391270428521558,4.409049260078898,0.9067001095006404,7.0446905914780205,732,0.978475597445174,5,0.0220143916606572,-0.0810101752433034,-0.0904563437761635,0.04,-1.3735129530959258,-0.3950373556507497,-0.0188820216808835,0.2873186809843926,22.666406962385224,22.80989887080672,33.33388310036662,0.5603931653328422,-0.1580750502198803,-0.097109118824598,0.0236632407807726,-0.2605952781508027,0.2419322090211536,0.0022017858279146,1.0,0.0320705713353535,2019-09-24,3.0,11,0.0433578640728018,0.0388778533969251,False,False,False,0.1,1.0,0.1,-0.1130873965998463,-1.234430719246681
MO,Falling Wedge,bullish,1,0.6848132131027052,5,44,1315,1316,2021-12-07,2021,2,30.35369230169154,29.434287930042245,34.528442579210775,28.912203580417405,1.2264497555699423,0.0312358285627458,True,0.0186224043927221,0.0300158465158029,-0.0395754034566163,0.0057102715149686,0.0110750152009073,-0.0116327678866487,-0.0028140747031346,0.0201908085000463,-0.0068134415380638,-0.0025183806031812,0.0220318039508757,0.0369648276473137,0.0016412792727671,0.0311403247978814,0.0164593542123261,0.0126133083796491,-0.0055219125794313,-0.0197647022042298,0.0351533781012127,0.0094217626685093,-0.0109490295052127,0.0283039529121384,0.0120665856586182,0.0717972771612103,0.0803596838547205,-0.0075771944155179,0.1176000665263778,0.0082554849707381,0.0046044867763499,0.0324138444201453,0.0177583122914013,-0.0063903357541384,0.0369511756560074,-0.0200136647116556,0.0784038655196468,0.0121950794702128,-0.0152918408998132,-0.0126087662143175,0.0318459945526625,0.0149178778039531,0.0385636850559716,-0.0061050469703435,0.0418257946515088,0.0232457846931612,0.0347850919555179,0.0505282923923168,0.1122726383774068,0.1094445856810484,0.0438969120566781,0.0510866084289951,0.0814360046417799,-0.018022501591679,-0.0209162041152108,0.0117712505426992,0.0101200031827046,0.0593864342073833,0.0074906414280468,-0.0831711706793706,0.017625490795933,0.0130427353893087,-0.0652270089157234,-0.0025419519605317,0.0355092931542466,0.1305623945902294,0.0342616208172095,0.0059894069787389,0.0171761450835172,0.1120328668607613,0.090197189832621,0.1529763508881594,0.1967804543608705,-0.0662776405418499,0.0386240292883186,0.0767783388371752,0.0382114796857138,0.0204068797295962,-0.0662159484102233,-0.14361115816875,-0.0192660532701517,0.0267625378514972,0.0940644280820688,0.0705431472202742,0.0221321321208012,0.031675059160221,0.0691590467645308,-0.0352943385661707,-0.1057918400848254,-0.0001840145928394,-0.0203017072352934,-0.0414947020662102,-0.0853835498139492,0.1577495445886627,0.2231797328381468,0.2978794687170293,0.0558635229695827,-0.0157524712528547,0.0657609980592859,-0.1916729334737927,-0.0498530754015673,-0.025703430000381,0.121617863407291,-0.0711160578299944,0.0337416946808666,0.137600427302452,-0.0868186131480114,-0.0196759981266405,0.0136017801640562,0.090641765400131,0.1058045653731289,-0.022097471487336,0.1319595962745943,-0.003580335443533,-0.0160117915979076,-0.0788160666469423,0.2144050343770254,target,1337,22,34.528442579210775,0.1375368187838743,0.1433724086703133,0.0098721398492291,2.8961380105902994,3.019019096787952,0.2078794588679842,2.8961380105902994,1269,0.8071059034120212,5,0.0309442912248302,-0.0070330109872491,-0.0408190341973122,0.0,-1.2168601363125884,-0.4097542329005674,0.154517861756362,0.1248992079583301,29.434287930042245,28.912203580417405,34.528442579210775,0.5141808264788258,-0.0514685126882933,-0.0256754102628747,0.0169701058538638,-0.0761336117153058,0.4444467991918544,0.000224910971535,1.0,-0.0013860190387613,2021-12-07,57.0,11,-0.07429522197667,-0.0195148142498218,False,False,False,0.5,1.0,0.1,-0.002807686532031,-0.1256198627789399
MO,Falling Wedge,bullish,1,0.7228212833695781,3,33,2037,2038,2024-10-22,2024,0,43.65143593863117,43.41171917355106,46.828400401602494,42.86454091885915,0.9258131263702294,0.0055219366945999,True,-0.0010000053022836,-0.0018773905662072,0.0201800562460348,-0.0469902551658432,-0.0097989418093192,0.0376772948807668,-0.0180861336663386,-0.0155689246706908,0.0112628168092738,0.023035245768558,0.019040527956426,-0.0022705216310165,0.0129122545647735,0.0123540857352861,0.0201765053402467,-0.0059095839291013,0.0022957684517608,0.0082958818583427,-0.0058962464144985,0.041844965093543,-0.0083122051456715,0.0144082190358283,-0.0065325457677016,0.0837999790090628,0.0916451552050066,0.008510551558279,0.076539850450803,-0.0018669973162918,0.0185097810911507,-0.0032590771715271,0.0133673350554193,0.019417462527616,-0.0414095600550871,-0.0097576829050884,0.0451249425456825,0.0406978447063999,0.0841201101070041,-0.0135451531711696,-0.0623959412820531,0.0347953695379017,0.0035278962214986,-0.012287345246961,-0.0508113389242464,0.0605963506130713,-0.1127256390775203,0.0789425410458188,0.1172000723801613,0.1016477029470259,0.0094144330256564,-0.0023299399051478,0.0671926901662329,-0.1155719203346768,0.0963097855487984,-0.0037293455920113,-0.0024731950206018,-0.0121332153252023,-0.0046845215232772,0.0788200261144589,-0.1199023399826607,-0.012110260886025,-0.0391485413667225,-0.0608790570638282,0.0545078660777582,-0.0132805039980522,0.0020451112787149,0.0690169734615762,0.0064808452421689,-0.0158048083590763,0.1181130683022572,0.0650000389609086,0.0563635861445046,0.0068204684858026,-0.0960211485929771,-0.0281141611472518,0.0497116771362839,-0.0464256941945914,0.0474808094086496,-0.1004614192710369,0.0550568431415123,0.004440592706373,-0.0078338382507116,-0.0348220293529374,0.0332815569998103,-0.0748685870442591,-0.0280654315750792,0.0418262993936946,0.1137561086296485,0.0944566085853511,0.1430612435105385,-0.1612102992444575,0.0911293561948942,0.0598400911849458,0.0494188459405733,0.0084396033147744,-0.0143663496098683,0.0111457648938189,0.0679221299832306,0.0306651375532653,-0.1904871786592551,0.2807455830845284,0.0465521061328089,0.1184318411269516,-0.1898224326625253,-0.0139745940578994,0.1688785813409565,-0.0461253316771826,0.0205181636987847,-0.0153508343026546,0.0032387240775619,-0.0136564435885635,-0.0091895270512699,0.0559249999300253,-0.0120042371461889,0.0603904317749877,0.0314470191984977,target,2044,7,46.828400401602494,0.0727802967911013,0.0967999127997436,0.0082000521707351,4.037342190692435,5.369782609206633,0.4548815827147877,4.037342190692435,2004,0.7125068930965062,7,0.1535747135230057,0.0897588364674797,-0.3095403131129217,0.0,-1.0382889259981345,-0.325782032901622,0.2333745642357702,0.062234034137214,43.41171917355106,42.86454091885915,46.828400401602494,0.6192279212872001,0.1252424324657934,-0.0179376183382705,0.0141687370019581,0.2167108338371677,0.9375024835292284,0.0077457191421557,1.0,0.0210399071672278,2024-10-22,61.0,4,0.2534155719044202,0.1649098710243344,False,False,False,0.0,0.0,0.0,-0.0281568338065566,-0.82399843729161
MO,Falling Wedge,bullish,1,0.781590369195629,3,37,2101,2102,2025-01-27,2025,1,47.517448477994144,45.90145654363846,50.60486887128138,44.74444629854716,1.2366923592235253,0.0352056787744712,True,-0.0101142281940505,-0.0053691263772629,0.0015927122724115,-0.0124969108304884,-0.0445044398196016,-0.0201507012187278,-0.0133104653083873,0.0084340514960663,-0.0119985110534746,0.0034008320165408,0.0111611716804136,0.0285420100270143,0.0428919855985618,0.0173480414997775,-0.0057994077112266,0.0005274552138867,0.0018010465734745,0.0044205726067236,-0.0138779463479845,-0.0255991479755024,0.0276479659222921,0.0182282539182734,-0.0110271566220526,0.0084285883616472,0.0013860025190086,0.0789033772802514,0.0360958490353824,-0.0508113389242464,-0.0049568869934373,-0.0068149340066956,0.0033370448488561,0.0202785408218826,0.0277642086511284,-0.0153539305302298,-0.001469952146697,0.0171061398820755,-0.0327360528396204,0.0190222183128365,-0.031395585445647,0.0550209200305285,-0.0245061577866179,-0.0366012164883831,0.0711959589028616,0.0054228368818036,0.0035679733112059,0.0017751377217853,0.048885657261338,0.0595081169927904,-0.0158048083590763,0.0167831237796269,-0.0710893450038883,-0.0567003068768318,-0.0503860891593069,0.0763610737087081,-0.0347365894347795,0.07198020546941,0.0244504914177075,-0.0060564011693928,0.0613131438145639,0.0485775701275932,-0.0906972320709276,0.0940748218650795,-0.0164372454856362,0.007880179489305,0.0017322450304753,0.0391037050393492,0.0740973033783791,0.0880246890575402,0.0357621305304431,0.0813156166021218,0.1203235145276662,-0.0305071233305929,-0.0230984305428935,0.0494193756229608,-0.0345263444256485,-0.1223715682883602,0.0525976216823105,-0.0671539831023808,-0.0427827020330034,0.0687253871998356,0.0282199833489937,0.1002086645611359,-0.0100689144078176,-0.0203017072352934,-0.1588301852917916,-0.0251160516041785,0.0592531692382329,0.0116712904505491,-0.0442981617492889,0.1155363927984276,0.0135295675419326,0.0853103025804653,0.1165904556940682,0.2224633645759017,0.1416348668838338,0.174861316271111,-0.2112019436178319,0.0521055080509864,0.131354750532098,-0.1415313464886318,0.1339822188736195,-0.169425738223459,0.1977252214465128,-0.0039988676658323,0.0376600173112617,0.057116258683761,-0.0295160777080933,-0.0639339507170191,-0.0156422258233596,-0.0173180521536208,0.1096619966474243,0.0313740902465318,-0.1017848379316253,-0.0555729509239248,0.1037129430093811,stop,2104,3,44.74444629854716,-0.0583575563980711,0.0033714236230293,0.0619965136304751,-1.0,0.0577718436329315,1.0623562304011112,1.1133854910647634,2063,0.6297363911030254,6,0.0977124998614623,0.1477205191551549,-0.2513621606846775,0.0,-1.285437120955946,-0.6557007298529309,0.5021300329953486,0.0687702603015964,45.90145654363846,44.74444629854716,50.60486887128138,0.8245272757859284,0.1066198769911968,-7.276214289941851e-05,0.0173326158631335,0.1156525702772979,0.7410073521945444,0.0071084311048905,1.0,-0.0032097241768145,2025-01-27,24.0,16,-0.042219582510606,-0.0462489056310125,False,False,False,0.3333333333333333,3.0,0.2,0.038282630962384,0.2029672481514271
MO,Falling Wedge,bullish,1,0.6555410140746492,3,21,2268,2269,2025-09-25,2025,2,61.21028960356557,60.59061957216568,63.14232784596595,59.30875512081073,0.8967851918124554,0.0102271611641442,True,0.0061208021979941,-0.0086021169986927,0.0145375876101261,-0.0134504775811746,0.0136307322020106,0.0431684576167445,0.0219953799682055,0.0012370876423324,-0.0015327282161315,0.066623133652961,0.0219703897556693,-0.0376260688291163,0.0037067774982468,0.0112628168092738,-0.0531646708959451,-0.0062141921160913,0.0165321061515582,-0.004879526588855,-0.0296671570844915,-0.0100084329578623,0.0201765053402467,-0.002684464629297,0.0023401394305736,0.0056618067326354,-0.0120028032587187,0.0242237797978197,0.0513121562784226,-0.0083280680488161,0.0732132768913127,-0.0116176893582297,0.0464850529311293,-0.0711296196750048,0.0152216482133875,-0.013690579606103,-0.1230933649132191,0.0441115784775372,0.0524146833735679,0.0151959610472378,-0.1081635525670667,-0.0672720792970856,-0.0015225822660976,-0.0030211237328572,0.050665151190683,0.0098810537820994,0.0873584878420246,0.0025495982145984,-0.0119357615712158,-0.0305101728392713,-0.0537128501783636,-0.009374959970366,0.1332033893144533,-0.079866848388617,0.0415116647290694,0.0404039429022635,-0.056583732152634,0.0553196568935068,-0.0327937357314435,0.0142281117708498,0.0611637940229468,0.0176958131825732,0.1116370656432901,0.0683664886872736,-0.0120749399225822,0.0678842912480184,0.0680031240000167,-0.0383726781551589,0.0608383895221966,0.0925833058692335,-0.0394387262355422,-0.1097169397385182,-0.0991333865001919,-0.0575105902157659,0.094229395708119,-0.1130026092511707,-0.0254651675828984,-0.0368007414208551,0.0567567149179601,-0.0018156010884907,0.0614955737065143,0.0516912398186941,0.0605744807201724,-0.022962640851302,0.1208019092928944,-0.0757273119879471,0.0193563820146698,-0.0986444650234844,0.0715601035084847,-0.1176664379170255,0.0070563132131127,-0.0575950832481294,-0.0329304746060532,-0.1048869892238932,-0.1114001723962064,-0.1464126865057972,-0.0104422381514112,0.1547388848938271,0.0957294746774166,0.1370137863984581,0.0611132896122219,0.0663410793503054,-0.0640826764567042,-0.0560728405759198,0.1179960676261984,0.0665774193543653,-0.0847022110147803,-0.1540558417976945,0.1049076562128035,-0.2115975639227446,0.106703770110087,-0.0788160666469423,0.0488789806399554,-0.0449934523484223,0.0339688912397795,0.2547206239436264,-0.1385965240534277,stop,2286,18,59.30875512081073,-0.0310656017978401,0.0270850550611125,0.0367253327192635,-1.0,0.8718664211744216,1.1821864246588296,1.0160416547384137,2245,0.4449381419523082,6,0.0656002059159799,0.1308489009752118,0.4827362373661452,0.0,-1.0101270976682288,-0.5651889557159387,1.14047945676696,0.0385703165837842,60.59061957216568,59.30875512081073,63.14232784596595,0.9576926769789148,0.1522820986678361,0.0285170441511839,0.0156843435014129,0.1669757994285496,0.1397901507009926,0.0095194302339309,1.0,0.0204821705538806,2025-09-25,24.0,16,-0.0916962268922231,-0.0612263340255719,True,False,True,0.6,1.0,0.0666666666666666,0.0284895361291637,-0.0303000181204102
AMZN,Falling Wedge,bullish,1,0.7902092089592915,8,76,790,791,2019-11-06,2019,7,90.18800354003906,88.06883152323766,101.42434605794074,84.1148248375009,1.2005088300792377,0.0240626789313338,True,-0.0280802448363192,-0.0297978275940472,0.1127396744414286,0.0044742804259161,-0.0453669082199962,-0.1656034403833849,-0.0790270006334459,0.0435119554618794,0.0002435537484974,-0.0464302468166651,0.0196509274015819,-0.140193388286751,-0.1203697411615272,-0.0464302468166651,-0.0201827502643022,0.0054260946435691,0.039453676608359,0.0389970654545237,-0.0791423123327114,-0.127298726663961,-0.018619684229464,-0.0821964685221605,0.0072379394709447,-0.0322826378071388,-0.0394123234519103,-0.0376537491337222,0.1020963071014464,-0.0470450759823237,0.0084825705426452,0.0157544414157888,-0.0637878095756997,0.0520872651925434,0.0311985562046996,-0.0011494515788134,-0.0136371543002373,0.0063940565825395,-0.0292708652345154,0.0877723720139374,0.0115061983516775,-0.0807541993213253,0.0002162500573419,-0.0713637929280335,-0.0767453630083877,0.0306322375228438,0.017996841054654,-0.0294191195559917,-0.0350822874512249,-0.0462628999965412,-0.0957843659770092,0.0497792231572138,0.0295851023897901,-0.2428761737404513,0.2067633788701477,0.0335670601368851,0.0076133219401042,-0.0507751333902589,-0.1457122121966076,0.0505427713005841,-0.0543415860459386,-0.0299008592600754,0.0653025694352966,-0.1057781925830689,-0.0004599891330588,-0.0841165244212031,-0.1445677859112339,-0.0518327887228147,0.036046752804062,-0.0378390279242938,-0.0068430644876284,0.0549518057592162,0.0009568439833198,0.085696228417804,0.0738760503054096,0.1198603766294212,0.2062047138977121,0.2386598718196826,0.111215346771887,0.1192984713040867,0.1624986319318722,0.050751392322607,-0.0601558633769091,-0.1045983814910491,-0.082845469943907,0.0628863247958095,0.0401097203254192,0.1366145017736144,0.0612571538217676,0.2888921251695029,-0.0737322470999716,-0.1160982678289468,-0.0725958664018573,-0.0074379348979815,0.1363318135114417,0.0646853954351345,-0.1267658874634152,0.2201953938697203,-0.048615534742706,-0.0176997788933053,0.0371996202348594,0.1267523212492654,-0.011486581313624,-0.0211838776798322,0.057120396936219,0.3244341185153332,0.1412379334735307,0.2926294502679369,0.0356439922926377,0.0711011509053032,0.1056671048954926,0.1030052384436723,0.0853735292075259,0.1547186243245555,-0.0472540149256685,0.3647557395341763,0.0439903665548578,target,848,58,101.42434605794074,0.1245879948203232,0.1396859790466588,0.0449339749644746,1.8501583879304724,2.074366685025886,0.667279145181485,1.8501583879304724,707,0.6774006120434634,6,0.0800338864893643,0.1278335780057946,-0.1294961508155708,0.0,-1.0452057087419335,-0.3678050966984701,0.456807224142041,0.1260300906278914,88.06883152323766,84.1148248375009,101.42434605794074,1.4952141898018982,-0.0039765831797633,0.0110569343133017,0.0166526250506395,-0.0547932421105858,0.5165194133251485,-0.0003940653237166,1.0,0.054348588199921,2019-11-06,24.0,11,0.06645482479087,0.0573944367231264,False,False,False,0.1,1.0,0.1,0.0072720057170126,0.6609443080082396
AMZN,Falling Wedge,bullish,1,0.7167044169362046,3,27,1326,1327,2021-12-22,2021,0,170.42799377441406,170.1632859697222,191.53206168109023,163.17409220049467,0.8553666345466414,0.0015556105606644,True,-0.0104647892784145,-0.0262726550530397,0.0151505851065127,0.0435440463908887,0.0098478617601909,0.0002317402858562,0.0059747062879991,0.008093007846031,0.0411129942275172,0.0030483543651254,-0.0382012245226185,0.0433731553515936,-0.0685985971807214,0.0097023374881242,-0.0023643305815733,-0.0343775353862053,0.0114318227046723,-0.0408709644658805,0.1246291063228541,-0.0236541778661044,0.0360369414711896,0.0486254698090715,-0.0201015542491407,-0.0420940000102066,-0.040365889837853,-0.0418053459811009,0.0274192271062814,0.0084825705426452,-0.0277903205802407,0.0396323354928966,-0.057148731599442,-0.0136371543002373,0.0114204719859882,-0.0041987531289039,-0.143243448588092,0.0434010422326887,-0.0027830037756211,0.0201995362621711,-0.044051679800997,0.0509753355924984,0.0248821520345869,0.0903488668562926,-0.0432548167511773,0.0080773485224698,0.0630025153083786,-0.0425904073817609,-0.1630306605621242,-0.0973880111215478,0.0790320860004334,-0.007053706861513,0.0592828793919351,0.0683596194291933,0.0566824400876326,-0.0051678343326191,0.0204146470480817,0.0222645942652748,0.0450373653049558,-0.168555789322128,0.0538251274418948,-0.021107085579836,0.0078513075464405,0.0106984827953324,-0.0640429511068435,0.0827206617798079,0.0115418287100772,-0.0293639692903372,0.0993797011796786,0.0332932352139914,-0.1807852925471968,-0.1045983814910491,-0.0309556725688394,-0.0042528751631893,0.0436282652165174,-0.1014544517301601,-0.3456980431037834,0.0675259548463045,0.0664080325944513,0.0749065782635991,0.045662937807233,-0.2305357108648544,-0.1050932025116526,-0.1043317843295882,0.0865651934106999,0.1266049971973897,-0.0240135440639522,0.1106661141804978,0.0620368463412046,-0.0933473006253512,-0.0284093764909419,0.0286019508016699,-0.076203609923057,-0.084561730083701,-0.0524355930150219,-0.003412885345303,0.1197032653280196,-0.2282412456245939,0.0455343902442713,-0.0086136853616985,0.0444822842489742,0.0921809420025503,0.1018990105868711,0.1715382704959815,-0.0125715707985065,0.2969445347688157,-0.0720196831889785,0.2876275441981448,0.0849413331654058,0.1408727660021671,0.0061249031647998,0.2110794036929788,0.0737203573040663,0.0640544783705274,-0.1593519357022147,-0.0368478167290421,-0.1135884703234489,stop,1336,10,163.17409220049467,-0.0425628525764433,0.0147569617757596,0.0498216116167639,-1.0,0.3467098862618762,1.170542118324513,2.9093402621498923,1299,0.5447171105741917,6,0.0706524820044721,0.085553401696913,-0.0956657676058175,0.0,-0.9390344031421596,-0.3943172925679679,0.5638426539491471,0.1099802202135325,170.1632859697222,163.17409220049467,191.53206168109023,4.93449946812221,0.0132153333813191,-0.0096744205863277,0.028850479101976,-0.0082166388174779,0.7146075144011693,-0.0067305675121048,1.0,0.0024415501065921,2021-12-22,36.0,14,0.1948850416187162,0.1463548372335148,False,False,False,0.0769230769230769,0.0,0.0,-0.0300213055263074,-0.3110999973598144
AMZN,Falling Wedge,bullish,1,0.7091435238367535,5,45,1794,1795,2023-11-02,2023,3,138.99000549316406,127.65199279785156,153.2570037841797,117.42357314722926,1.3172072491419855,0.0888197077602013,True,0.0115835710966336,0.0099676391939651,-0.015668807185334,0.1312578749472235,-0.030263206250377,-0.1371595441203291,0.0081880442005031,-0.0725814789899531,-0.0245667978185386,0.0002317402858562,0.0319069219573635,-0.0414991431245517,-0.0565284382213245,0.0525254256066982,0.0307625960979616,-0.0662241558362632,-0.0879379050997174,0.0593923819092572,-0.0112627963241943,-0.085887920573612,0.0458839262627779,0.0250111795999481,0.0238045762304639,0.0276278594584233,-0.0118280840985538,0.0084187039045791,0.0075637698630988,-0.0338084074576054,0.0157466289589225,-0.0637878095756997,-0.0467622310769091,0.0079494721341126,0.014574297467941,-0.0296523664150005,0.0388050353031868,-0.0417986346619342,-0.0284776886245855,0.0244424249080732,0.1288011158396409,0.0941003501754753,0.0233095608994484,0.0046028721216428,-0.0228881035660909,-0.0385694443042732,0.0163498498405962,0.0236818896716924,0.0578458376025334,-0.0020884262459344,0.02715097371207,0.0702255527376141,0.0408128801222145,-0.0928320465671871,0.026630563498178,-0.1148367516886977,0.0927892144161466,0.165122637442602,-0.2711249818711576,-0.1245987722110029,-0.0618306788523496,-0.0323307707971824,-0.0014893552090259,-0.0158349443059132,-0.0818141073341631,0.0927892144161466,-0.0802202557206249,0.1088914076714047,-0.1871195239086223,-0.1240707236992217,0.086030361009972,0.0787106032825881,-0.0169310923123238,0.0254981649565622,-0.0344772678524023,0.1551035505679143,-0.0003747738307379,0.1235360797617424,0.2092681559147167,-0.0182402312976257,0.0612628218742983,0.0550900232097868,-0.1707888547413777,0.0808241868378658,-0.0560797449530359,0.0049801263324584,0.1241421928735651,0.2131443613583279,0.229140089091679,0.0703750890678072,-0.2869927013976218,0.0802380152710398,0.1635015355074029,0.0272530623549698,0.116627029386479,-0.0027286953441703,0.0236046097440749,-0.0037038208522206,-0.0087806512299829,0.0609228004390278,-0.0463870119184577,0.0322404792563846,0.1559178260453693,0.0177424317479799,0.0274614951349443,0.1219007880011522,0.0157783607422181,0.2105321209171813,0.2541530054820475,0.1125567701817591,0.1734113272062865,0.0324491778225926,0.1926725295743931,0.0921852206006461,0.1944660117446621,-0.016216474066609,0.0344816795578065,target,1825,31,153.2570037841797,0.1026476561418463,0.1141089285814267,0.011079994848965,0.6615372474300278,0.7354021451462333,0.0714076635495143,0.6615372474300278,1746,0.5303492473337534,5,0.0289089247779706,0.0465718415966831,0.0087038232320439,0.0,-1.0644276012680862,-0.534078353934333,0.8017477357787508,0.1724904240019677,127.65199279785156,117.42357314722926,153.2570037841797,4.350001198904854,0.1695000546292151,0.0440502454906528,0.0315057649608875,0.3275962242713341,0.6837643621946607,0.0126277060404311,1.0,0.0147467757670938,2023-11-02,25.0,15,0.2103054771157881,0.1099694789865457,False,False,False,0.0714285714285714,3.0,0.2142857142857142,0.0735688448186824,1.331277541627048
AMZN,Falling Wedge,bullish,1,0.7070846593383645,3,27,2458,2459,2026-06-30,2026,1,239.75,232.6833241780605,289.47333653767964,222.5243559761302,1.2675336891130111,0.030370357853972,False,0.0161417940237227,0.0156048485014912,0.0317583532141358,-0.0154992074041728,-0.0081331346025947,0.0385220646511064,0.013423147938929,-0.0192008669698267,0.0013594995015202,0.0288715831114392,-0.0704046853189941,0.0291341085129668,0.0483591685699682,-0.1069521606787504,0.0115835710966336,0.0419065849142548,0.0564661879114303,0.0034942180443358,-0.0304354536009457,-0.025880333870356,0.0132301005267925,-0.035908736349454,0.0158570935638018,0.0634411124665992,0.0502733305087552,-0.0500992757155387,-0.028107284918064,-0.0329473952376785,0.1093964826901026,0.099838494321681,0.0593767463316659,0.0230306647610842,0.0748931864370556,0.020466027718732,-0.0304714957714798,0.0202955380752116,-0.0998937584490349,0.0759188324782453,0.0664863056119731,0.0478990928586684,0.0284213393208647,0.0422856482006857,0.0229432927928376,0.045802621257464,-0.0166192779263975,0.0394953232246952,-0.0546402757185218,-0.0337812448093355,0.0071532429610692,-0.1531113186181636,-0.0540504436163908,-0.0082929224149201,0.0349610563996549,0.0242014361912183,0.0086862439197825,0.002488586463428,-0.0500448800744988,0.0377602889125803,0.0691538910410192,0.1400695768268864,-0.1319852330682301,0.0655943385460735,0.039005353486615,0.2375107731405739,-0.0492881056235224,0.0993797011796786,-0.3118572840219492,-0.0410469649715226,-0.0529546425514909,0.0856308603933133,0.0573355354405029,-0.0804767007132754,0.1299663937626427,-0.1114020792402967,-0.0114290303211719,-0.1480259589844627,0.0576723960282781,0.2497743479798471,-0.1852763632653525,0.1554546846924041,-0.0549814355419737,0.0700057192394854,-0.2229641085351227,0.0261323733918901,0.0508767088402248,-0.0808093633655149,-0.1046373518672988,0.2291483504915112,0.1248544459672515,0.1009014235726046,-0.0572965513697947,0.0787564653552195,,,,,,,,,,,,,,,,,,,,,,,,time,2512,54,246.6750030517578,0.0288842671606164,0.1979145451805266,0.056684030606426,0.4020170765262389,2.7546146977889,0.7889398108459008,2.8865879539120507,2430,0.6538964382395724,5,0.0267018279393784,0.0414424218471149,0.2408444535043947,0.0,-1.520681791774303,-0.8667853535347435,0.416013105100757,0.1333338321905268,232.6833241780605,222.5243559761302,289.47333653767964,8.6335699898856,0.0235395912092299,-0.0678672878858144,0.0362237564929972,0.0250300703530437,0.2677344339227417,-0.0116181947748147,1.0,-0.0129803329852635,2026-06-30,21.0,7,-0.014361176890517,0.0209590868914864,False,False,False,0.3333333333333333,2.0,0.3333333333333333,-0.0262677166669723,-0.2253771143392612
AMCR,Falling Wedge,bullish,1,0.6915235230182643,8,64,1224,1225,2021-07-29,2021,1,44.850999426436985,44.49460584649034,49.64172203506372,43.05777872505978,0.907151518404162,0.0080098154184402,True,0.0042992939491581,-0.0044923725590175,0.0,0.0,0.0457515592092001,0.0110252574838067,0.0,-0.0076336184975217,0.0,-0.0062631585044914,-0.0115361460274852,0.0338984170238227,0.0,0.0110356569789806,0.0257730905531152,0.0209204170962153,0.0243493149739382,0.0,-0.0161943023835673,-0.0189819711817149,-0.0087176506345482,0.0044395324074084,-0.0010940259756997,0.0361135854754028,0.0196718744491153,-0.0511105166241571,0.0204501081585573,0.0039359205927087,0.0111585874037902,-0.0274094040760619,-0.0461931330931967,-0.0210528474866704,0.0454105339767845,0.0198020857045102,-0.0011735872387068,-0.0455286504223889,-0.029277484269487,-0.0388171922069178,0.0,0.0544611919140285,-0.0397590263078702,0.0234985613594429,-0.0568294942535188,0.0553235875483049,0.0,0.0422691234414453,0.0877043238934929,0.0686366428888543,-0.0632189492213369,-0.0508475107561851,0.0,0.0362238216617427,0.0,0.0046727851756203,0.1176470587354152,-0.0166521475800806,0.0531137648827066,-0.0173536201413764,0.0618865714048237,0.0632034930236606,-0.0986394846842994,0.0477224278993895,0.047493986099834,0.0643332033236934,-0.0403070790606769,-0.0614791645843021,-0.0286918958862633,-0.0882638309407385,0.0861621524259115,0.0232802432159417,0.006331576374934,0.1421515076132886,0.0123894038055949,0.1286305479359513,0.0754717060160774,-0.032052402804325,-0.1318507547768077,0.0139488342678399,-0.1055163033671462,-0.0321517999831364,-0.0408162865086446,0.031443685409082,0.0886809648427295,-0.0760456385399886,0.0467589042803964,0.0203908667680772,0.2137020893992895,-0.1380825655829363,-0.0808468283453645,-0.0806301407701649,0.0318332521935704,0.0189097911232726,0.0553933247728548,0.0173454089471236,0.1737556138201319,0.0482482889743205,-0.0450796788933406,-0.1043226130842889,-0.02263792855525,0.0114873442919467,0.1048889493077906,-0.1058730764682579,-0.0036082060430344,-0.0662174056130843,-0.0022282771279243,0.0818717875323362,-0.1114122762161142,0.0559534815643689,0.1229351217984575,-0.0352015523058866,-0.1068980929409132,0.0476691590329847,0.0998674427220214,0.0900298370704886,0.0437319288295172,target,1243,19,49.64172203506372,0.1068141773849278,0.110919997312232,0.0163371572993537,2.671574449786042,2.774266844014564,0.4086155329905467,2.671574449786042,1159,0.6296227137709864,7,0.1589832671041094,0.0710119749674329,-0.2046916038370773,0.0,-0.93498311151482,-0.3053603977438348,0.4145375961197466,0.1100285131793616,44.49460584649034,43.05777872505978,49.64172203506372,0.7547706574512445,0.0196096181572387,-0.0023935742958812,0.0168139433180077,0.0625155697510853,0.5999984741211025,0.0086356454527769,1.0,0.0294116839398079,2021-07-29,8.0,16,0.2041180497325283,0.1115999461503034,False,False,False,0.0,2.0,0.1333333333333333,0.0087098320251443,0.7470914367514533
AMCR,Falling Wedge,bullish,1,0.6794506162209402,5,35,1282,1283,2021-10-20,2021,4,46.907244639478456,45.50232771834624,49.67321597613957,44.65449358321136,0.802234316089018,0.0308757154101759,True,-0.0016597257115533,-0.006463039962518,0.0965391639930055,-0.0327613993235064,0.0,0.0352536406958559,-0.0512822066518647,0.0031745883392988,-0.0339685314585213,-0.0269637195316893,0.0183725752831478,0.0188680091081565,0.0048252100667181,0.0179323745391708,0.0078191903541138,-0.0043864144509823,0.0,0.0032822670063614,0.0081744290614111,0.020512648615397,-0.0071431075304811,0.0102247428480666,-0.0060833987597362,0.0207468988535346,-0.0079182782784821,-0.0396312501693326,-0.006839270390368,0.0,0.01333339354877,-0.0400422946139179,-0.0461931330931967,0.008107857740939,0.0020635831365174,-0.0403070790606769,0.0,0.1020995227749008,0.0220882366798129,-0.002659857134413,-0.0027002558648343,0.0629699696157366,-0.0305029048468549,-0.0564320152173016,-0.0105350212579036,-0.0381203810950603,0.0527661555436154,0.023273636038713,0.0082987560230931,-0.0279366159837137,0.0123455909371652,0.1123800425837351,-0.0194871989966448,0.0810466754242817,0.1042312215298832,-0.0372671049776274,-0.032921609237374,0.0506743008700951,-0.0035448216676491,-0.0430769324709066,0.0,0.0657396199021702,0.0393121660979358,-0.1229329709700759,0.0043290764253158,0.074251060401981,7.382662192689794e-08,0.0245184698475635,-0.036604822442553,0.0539998869727942,-0.0080508801797424,0.0092970113948473,-0.0231977149070035,0.0523515840734958,0.0324484747807465,-0.0358970932861901,0.1022037756297338,-0.1723848245149212,-0.0207469071551145,-0.0960083846780324,0.0511021435002612,-0.0594373064041554,0.0941448860670428,-0.0816429309238899,-0.1318507547768077,0.0006381388487828,0.1023773447804405,0.0593369626876505,-0.0563819169209932,0.1421515076132886,0.0794634877951505,-0.0335258415218184,-0.0348636021122648,0.0096230742207271,0.0369604365489528,0.0046812687292041,-0.077132594588117,0.1048889493077906,-0.0383183178484389,0.0386799385470626,-0.0482742653397201,0.0766666749145721,-0.016174866077079,0.033860125708744,-0.0396923084676303,0.0215200462940863,0.1820910191071467,-0.1924462591755963,0.4577756654936891,-0.0169493407010866,-0.0813964294850458,-0.0297949802877494,-0.041303954282222,0.1824574077836624,0.0314281699763585,0.1589061488729164,0.0016208950612857,stop,1310,28,44.65449358321136,-0.0480256530431788,0.0365145985645271,0.0527362921505143,-1.0,0.7603144621833182,1.0980858938680187,1.2278193495753775,1243,0.7585957686488358,6,0.1479321159936257,0.1237926833589349,-0.3045002031277991,0.0,-1.0470229980136865,-0.2884272293648498,0.280561547500877,0.0783936400906004,45.50232771834624,44.65449358321136,49.67321597613957,0.7896659784969994,0.0387969886643946,-0.0034483990670758,0.0168486070417838,0.0535966739746336,0.4615389129835304,-0.0033275348152947,1.0,0.0332297543130815,2021-10-20,8.0,16,0.0700420995587829,0.0750585364506442,False,False,False,0.1333333333333333,2.0,0.1333333333333333,0.0083161681200422,0.5617783953934318
AMCR,Falling Wedge,bullish,1,0.7230124801000539,3,19,1587,1588,2023-01-06,2023,2,50.25166334369321,48.8603251498792,53.52538911144296,48.01802699967163,1.1868875944663797,0.0284758275665597,True,-0.0122150561106036,-0.0330413448938046,0.0,0.0,-0.0022247898582284,-0.0043243195433912,0.0095653345198798,-0.030769030096761,-0.0284359541025037,-0.0245010657200033,-0.0260961093562615,0.0497472312410349,0.0076193551761503,0.0445724157328144,0.0257984443282048,0.1031213518189042,-2.3523498704491885e-08,0.0194548844396404,-0.0050709386017446,-0.0020040131800829,0.0095653345198798,0.0,-0.0195159615003053,-0.0228013446387924,-0.049083941042274,0.0,0.0643114067201131,0.0,0.0249035949363265,-0.048780610432316,0.0086124595980896,0.0382111514489924,0.0119696042821739,0.026070859711283,0.0318468427787408,-0.0156758701751729,0.0116524671046172,0.0,-0.0514182384430941,0.0708448282745839,0.0540241624611994,-0.0217166671630608,-0.09461812680605,-0.0230414635231217,-0.0008626995151205,-0.0271180297017016,-0.0285016421675307,-0.0783517396874377,-0.0595880960575361,-0.0567952882953609,-0.0154986814654655,-0.0143635616612114,-0.047247861837394,-0.023198925690045,-0.0071064324643906,0.1249999837754087,-0.0604079271356524,-0.0868792541558699,-0.0561574959329818,0.1486485250377236,0.0522513457336484,-0.0755337175395495,-0.0203583260359583,0.0123455909371652,0.0715667444130045,0.0870111634222166,-0.4120388163042235,-0.0871848924713586,-0.0022248459811391,-0.1009894224395618,-0.1212265604861139,-0.0502794469579099,-0.0709736439099063,-0.0642201572383215,-0.0708282809694117,0.0419508937700763,0.0308421944673293,-0.0922288752480678,-0.0708538168718564,0.1013067676306935,0.0319846355329545,-0.0436270121340451,0.2790917899221017,-0.1144704045799861,0.0653879591402546,0.0181482407293784,0.0232802432159417,0.2442194445197427,0.0432962984041866,0.0020681043480277,0.1002018291783697,-0.1212042605870394,-0.0762912708386028,-0.1271653100495716,-0.0453344979175585,-0.0838836687318423,0.1308490542948834,-0.0176890296420026,0.0315853191891324,-0.0448333514053789,0.0732481556429933,-0.0798061315555997,0.1119632802636652,0.0489534591425788,-0.10585046671476,-0.0498127172567717,0.0855962630900784,0.0188699608822977,-0.0749993051467805,0.191025734150902,-0.0285714225707053,-0.0304514056254767,-0.0544182409603882,-0.1239014731352816,-0.0739182466383021,stop,1595,8,48.01802699967163,-0.0444490031851235,0.0073289403429823,0.0496743733516372,-1.0,0.1648842452654881,1.1175587705476953,1.4656485047407204,1566,0.7607665877867871,5,0.1004778743928473,0.094111597113712,-0.3378343132574246,0.0,-1.0334932913193515,-0.2727267035325658,0.2452813205278935,0.086008329617272,48.8603251498792,48.01802699967163,53.52538911144296,0.8535064287432996,0.0276997911088665,0.0287878989595062,0.017096015462904,0.0010090896853029,0.956522316023421,0.0083892772538975,0.0,-0.0083883299296686,2023-01-06,43.0,7,0.0684223714775853,0.0312950506750531,False,True,True,0.1666666666666666,0.0,0.0,0.0319998781507742,0.3328784038885709
AMCR,Falling Wedge,bullish,1,0.6294702815505205,3,21,1620,1621,2023-02-24,2023,1,46.732408115248255,45.41837460703766,52.484158868563895,44.85203902204583,1.164915220830807,0.0289317598786764,True,-0.0058447156688296,-0.0166482478448305,-0.0542570702723173,0.0432759317604312,0.001229881846869,0.0254370072001466,-0.0329775651481164,0.0412795290022023,0.0,-0.00598799856451,-0.0327613993235064,-0.0245097007579145,0.0,0.00630080359609,0.0189800816874361,0.0965391639930055,-0.0224414359882916,0.0125448234934799,0.0187501143950998,0.0419727222023837,0.0,-0.0011975758735285,-0.0124535813312775,-0.0492228453434071,-0.014311459607028,-0.0381203810950603,-0.1306210548918881,-0.2870801020005601,-0.0055432273261007,-0.0217166671630608,-0.1118864806146955,-0.1118421353132187,0.0315008626289707,-0.029824373862983,0.0326087478644594,0.0032950891096181,0.0145849779489688,0.0085136584339922,0.0610619589005938,0.0879851097023738,0.0,-0.0105350212579036,0.0287889333780924,0.0129175244414603,0.0099636966328688,-0.0264254011192035,-0.0324027992240814,-0.0258766074836123,-0.1002548411653118,-0.0922288752480678,-0.0544301994426982,0.0618865714048237,-0.0279662772830244,5.5895306827480347e-08,0.0668382196093018,-0.0546185132577156,0.0205067111748034,-0.0799069430980211,0.0082987948473549,0.0325300195543512,0.1653543002492572,-0.0580912397371365,-0.0292622021009992,-0.1179881308294107,-0.025912092014372,-0.0818713424329016,-0.0011001055588715,0.0350701816079286,-0.0157455038328112,-0.0200090595497048,-0.0558578863231942,-0.0578512732279224,0.0963951260849977,0.0199778345726171,-0.0592572926949344,-0.0556483328459396,-0.0887850103086789,0.0711111359729264,0.1199158816772461,-0.065010251383804,-0.0983475200516259,-0.0067275913736117,0.0583177333475533,0.0076204124987737,-0.0671518228958811,0.0477219927368015,0.0023413633092568,-0.0603016925485317,-0.0521812720925085,0.254091212136585,0.1173115768658226,-0.0291861700386619,-0.0908303708114859,-0.1421429038640767,-0.0621060473267264,0.0301681408737177,0.1625552713855635,0.0855796189439754,-0.0896394709789077,-0.1338758253910956,-0.0798061315555997,0.1258585751665315,-0.0279068318096631,-0.0905967760648769,0.1128643763398529,0.0561630111414648,-0.0435030400851905,0.0707146555008422,-0.0351547271450534,0.0086397876250328,0.1272553113436252,0.107389268859771,-0.0069726026925669,0.0408895930906307,-0.1087561786725523,stop,1630,10,44.85203902204583,-0.0402369398248253,0.0078809242550751,0.0492228453434071,-1.0,0.1958629132678904,1.2233247746399842,3.058841359448176,1598,0.8061625231677192,5,0.0607970241863278,-0.0200333785892721,0.0924618406138633,0.0,-1.2301574845847087,-0.4239949614169706,0.1223070767501515,0.1081717324527913,45.41837460703766,44.85203902204583,52.484158868563895,0.9996555479814172,-0.0539275712634885,-0.0491123250494839,0.0216565469754103,-0.0912778371513175,0.6538482982038675,-0.0097345529239137,1.0,-0.0206794471602517,2023-02-24,43.0,7,-0.029821983895108,0.0077228015750192,False,False,False,0.3333333333333333,0.0,0.0,-0.0142135413291488,-0.3941507943679315
AMCR,Falling Wedge,bullish,1,0.7271183990492655,5,41,2283,2284,2025-10-16,2025,4,38.367375172143646,37.25533717955784,45.89107989864738,36.66749700661862,1.195841548698071,0.0298490921509089,True,0.011056498935505,-0.0075333734555662,-0.006849137376428,-0.0169795143373931,0.0076193551761503,-0.0576238990657362,0.0,0.0,0.0146444361528654,0.0258398056363975,0.0,-0.0151924773685453,0.0382326367792582,-0.0052124318754495,-0.0020061669346949,-0.0152467882461111,-0.0253431459027748,0.011866259132985,-0.0133470261960119,-0.0279168223632984,-0.0347648787452211,0.0191225029497548,0.0162143635647177,-0.0356264798974468,-0.0664528519761129,0.0189800816874361,-0.0554700377277805,0.1137441508115959,-0.0517240743967003,0.012671585248954,0.0931623941211059,0.0,0.0,-0.086637311207406,0.0223301324675202,0.0,0.0419890563773499,0.0038096775880751,-0.0163785145350517,0.0,-0.0115968250279278,0.0311112077438269,0.0172414055879739,-0.0614114173176025,0.00118184244588,-0.0392766475908092,0.0540540710157015,0.0350397115651874,-0.0042375282554354,0.0726609334002907,-0.0751006846516657,-0.0563819169209932,0.0949278965825988,-0.0168104010956178,0.0329436807387519,-0.0396312501693326,0.047388979952047,-0.0693693962796639,0.0082987948473549,-0.0137338736015703,0.0715667444130045,0.0766662791095054,0.0505244242259019,0.0393121660979358,-0.0595880960575361,0.0497571970993981,-0.0041426227903705,0.0265485316458116,0.0424740781011808,0.0265380508677239,-0.007214753101729,-0.0855855818545084,0.0378193290125303,-0.0952284532967705,-0.0578512732279224,-0.0563819169209932,0.078412562983144,0.0605727014817092,-0.0207469071551145,-0.0114833884963969,-0.0922288752480678,-0.0958024791860667,-0.0413008986958118,-0.0402248570912897,-0.0010310475957834,-0.1208380024910443,-0.0726355552547239,-0.0668387485631838,-0.0552814165169628,0.0883936823219693,0.2190600720220541,0.0479981035563856,0.0913982070646997,0.0363261494109761,-0.0500982446151643,0.076732333056297,-0.0019194628215885,0.0603447022823813,0.0563653042053478,-0.0749639061616679,0.0800000675490828,0.0143986239205586,0.0348072820841967,-0.0794567202824658,0.0726609334002907,-0.0549819182272915,-0.0019194628215885,0.1169130203652415,-0.0784766237841608,-0.1282514837819721,0.083917361468244,-0.0749993051467805,-0.1098047415898348,0.0408895930906307,0.0922903394552118,stop,2294,11,36.66749700661862,-0.0443053025623502,0.0331694121188535,0.0577395370901398,-1.0,0.7486555829784652,1.3032195640439148,4.426025864141823,2238,0.8887642320573289,6,0.1311486636474808,0.081610379667814,-0.2267827546485906,0.0,-1.2758154961849772,-0.3870512641276424,0.0977149179813484,0.1431439144141704,37.25533717955784,36.66749700661862,45.89107989864738,0.7676171120011921,-0.1006583825997902,-0.0275222187189813,0.020007027418528,-0.0936628071537886,0.7058831449177135,0.0012421054298787,1.0,0.0003195248407501,2025-10-16,57.0,8,0.0260604859632551,-0.0453506644981345,False,False,True,0.0,2.0,0.2857142857142857,0.0187478111443788,0.6984029202224051
AMCR,Falling Wedge,bullish,1,0.7727535525308467,5,63,2436,2437,2026-05-28,2026,2,38.39830129564379,37.24490417112804,48.57172355647276,34.95012944001631,0.6838408332764492,0.0309679176301882,True,-0.0336329412229201,-0.0352072010610131,-0.0060245339286311,0.0008762794277279,-0.0193726080581763,-0.005015072758024,0.0,0.0,0.0282290993826359,0.0435233715413712,0.0,-0.0036713465415398,0.0142700723473161,0.0315903386914668,0.0155994057136854,0.0158589655612033,-0.0129034227398806,0.0124353998013009,0.0066413267736276,0.0099276699273775,0.0,-0.0334820617299704,-0.0385570853934946,0.0249035949363265,0.0489015062111128,-0.024999902757172,0.0419706737612164,0.0349532867402939,-0.02034687600059,0.0415928495893289,0.0403948154275368,0.0086662213823203,-0.0318283872118589,0.1055555830485741,0.0134916263371638,-0.0216131650784834,-0.0221052048232405,0.00118184244588,0.0045208054557972,-0.0216826813129898,-0.0367645935811689,0.0,-0.0118381861223652,-0.0242324247762458,0.0529157850548565,0.0184119915573838,0.104749634932195,0.1378651238627445,-0.0539871115755919,-0.0614791645843021,-0.1057494221122831,-0.07198489868109,0.0296498624347698,0.0080561251944355,-0.1066860353117267,-0.0759742250685442,0.053397978698789,-0.0277824542422565,0.0183485458917946,0.0526809627367386,0.163151194318434,0.0622008426886662,0.0618647534482359,0.2535962199608608,-0.0104586462918971,0.042964396523383,-0.0430866454354906,0.0282466305289197,0.0939011894761027,0.1614891108958198,0.1812085736792476,0.078412562983144,0.0572816364567341,-0.0387453546968328,0.1072188865705068,0.0202290930183572,-0.1208163712310474,0.0721490293929745,0.0961745913874387,-0.0307809686761521,0.2278342460179778,-0.1010178562696284,0.1059828289455631,-0.0470382173746133,0.0936201372958016,-0.0279588502312374,0.0810525427483412,-0.0116668750444078,-0.0187755158754492,0.0749961886370567,-0.0281520762846297,0.1319891280073249,0.230038478222976,0.2174219824845822,0.076732333056297,-0.0289537863232018,-0.0900022116751074,-0.0922288752480678,0.0486866566929669,-0.0205122258647193,-0.0084643533875181,-0.0028180619407037,-0.1903030047442179,0.0729941954208099,0.0622079093340028,-0.0460893894089702,0.078412562983144,0.0272859063874932,-0.0248965198052673,0.0637992711839674,-0.0845773768221461,0.0028183307898519,-0.018303866939095,0.0572833056074255,0.2358849382581288,time,2496,60,47.231388092041016,0.230038478222976,0.2564826054426149,0.0397946141404835,2.5616724357811425,2.8561500914765405,0.4431465854047779,2.9503814446561774,2371,0.7478122757797157,6,0.0662667121500911,0.1973764209412714,-0.3566664226475414,0.0,-1.009734167082558,-0.2619218913028435,0.2735561894700627,0.2224404034036269,37.24490417112804,34.95012944001631,48.57172355647276,1.142343147696972,-0.0340078144452622,0.012739377209832,0.0295224499002332,-0.0307782964331265,0.9124094704806238,-0.0125576066772098,1.0,0.0604569659431009,2026-05-28,9.0,16,-0.0013497432543102,-0.0503176529731759,False,False,True,0.3333333333333333,3.0,0.2,0.0831922075620563,1.4553533937807026
AEE,Falling Wedge,bullish,1,0.7822231737524116,3,38,1013,1014,2020-09-25,2020,0,66.35113918111978,65.32049591417882,71.07026806397434,63.15101560677668,0.6830697495768219,0.0157782523313212,True,0.010636870465212,0.0087764264106748,-0.0660360441591141,0.0359209120115833,-8.453417188469815e-08,-0.0145307305845021,0.0263572491076065,-0.0311953484627697,-0.0023541619743187,0.0430468980795319,-0.037965389108225,0.0152291180055395,-0.0311157226648222,0.0116326256727163,0.0237339664459528,0.0174727351357164,0.0324394866351533,-0.0090548179029655,-0.0477471231903727,0.0003540227372633,0.049353498649189,0.0237088116258963,0.0086743753889676,0.0390019778796291,-0.0019018360311455,-0.0141709565407186,-0.0352229998261643,0.0349005259389434,0.0446809592193382,0.0052482496367489,0.0176888054676942,0.0100493488602899,-0.005429994932472,0.0033277321515641,-0.0752592745912661,-0.0122023793892677,-0.075576997521805,-0.0281090305311439,0.0460587314709701,0.0147117513739774,0.0195785587679098,0.0453633092160499,0.0205787946321724,-0.0617552918384858,0.0033602939628045,0.0411109711032721,0.0559703338848402,0.0182775993943127,-0.0800486311820658,-0.0533320734806727,0.0040993905121637,0.0099681032697267,0.0028667405839999,-0.1712392346898573,-0.0485509489171714,0.0409414342068765,-0.0261538654913306,-0.0278543842902784,-0.0664888786505621,0.0970816980592839,-0.0225369477330518,-0.0476001029573132,0.0149246695381362,0.0003197113457846,-0.0732896626618071,0.0984949098357761,-0.1206118219329136,0.0143154417592248,0.0787050565286428,-0.0065849127720619,-0.0729372591231468,-0.0994649521282529,0.0172977392381388,-0.0229157457444305,0.096117861684585,-0.0722353298728977,-0.0023427590145613,0.0579649193854199,0.02107126120041,0.0192980535710127,0.0576454672208128,-0.1615436170585412,0.0866096479860578,-0.0567629141606003,0.0883943179947381,0.1823605278801789,0.0781308653286172,-0.0734301839698969,0.0202036387174555,0.037296359270736,-0.0025592901458856,-0.0201417061412167,-0.0174627362782285,-0.1261238125993115,-0.0803760719162874,-0.0392386738566571,-0.0946545951997731,-0.0320573706758688,0.0341020354673711,0.035912555629689,-0.1035851647870182,0.0447227521558792,-0.1092109366053517,-0.0375999988317241,0.0932734554877487,-0.0356076938942145,0.0987109796900069,0.0503078978283886,-0.010370508126428,-0.1200471940844024,0.2367413401158855,0.1069996234538925,0.0762434763267185,0.0503452322009401,-0.0256932932971683,target,1035,22,71.07026806397434,0.0711235547889039,0.0818033542427863,0.0112700946674813,1.474670828554888,1.6961050461808302,0.2336733574483774,1.474670828554888,975,0.5466140686415907,7,0.0694154853270822,0.0959362409897577,-0.0568507593717153,0.0,-0.9226295443851544,-0.3760154757435651,0.6368712285960842,0.084236414043358,65.32049591417882,63.15101560677668,71.07026806397434,1.402247709126571,0.0324428683273854,-0.00928563909672,0.0213391066923498,0.0669603454377862,0.957545353452836,-0.0024771046826513,1.0,-0.0524905138571177,2020-09-25,1.0,26,0.068034830885266,-0.0175582582971447,False,False,False,0.12,3.0,0.12,-0.0036263263733705,-0.3166682470860797
AEE,Falling Wedge,bullish,1,0.6985337410647299,3,26,1065,1066,2020-12-09,2020,2,65.72532381725773,64.61962647861293,76.10661696906539,64.03551177620129,1.0067361589143475,0.0171108593301874,True,0.0037318967997075,-0.0094054459896317,0.0178241880800986,0.0414293935421821,0.0536837247321033,0.0202272913788035,0.0340621293463363,0.0383016923225167,0.026553063443824,-0.0307595152185802,0.0005944211218145,-0.0762972618292475,0.0476529291724143,-0.0035186916219505,0.0233994494131561,-0.0361527178904307,0.0041727804583155,0.0067304256260332,-0.0199106027112061,-0.0163163587041608,-0.0053962558124658,-0.0032024078268773,-0.0024219870514264,-0.0256081316936753,-0.0359175823539459,-0.0112060838639863,-0.0145096197137782,0.0022950298862884,-0.0205911438907272,0.015574597805287,-0.0036700834154368,-0.0261295291884264,0.0129341590644382,0.0406400351275499,0.0242162465813402,-0.0009169610541459,0.0549245675978469,0.0068838519000666,0.0233401271176556,-0.0072267405401643,-0.0267696197479005,0.0096484660477689,-0.0513277207372158,-0.0021077721327655,0.0540271728861154,-0.0296095806801658,-0.0348731716895127,-0.0828114562155639,-0.0351176973270905,0.0453515265837904,-0.0432888495553519,-0.0024460428202248,0.0585646677602527,-0.0311775714052866,-0.0095205932093411,0.0076164309010284,-0.0210014615589457,0.061812031759296,0.0426831972533461,0.0697929209785228,-0.0255337013169447,0.0160509433416338,0.0061292289101659,-0.0198865845247468,-0.0246871110115451,0.0269337353806675,0.0803485826868839,0.0043402201743101,-0.0452213653395337,-0.0658859707910444,-0.1392486352269226,0.0860495982537097,-0.0324526776475723,0.1957831474573415,-0.0503461814556547,0.030098124068367,0.0109778628266119,0.1428098652567628,0.0357717587132375,0.0551081815939176,0.0657612399884122,0.0206282775569432,-0.0763300873842192,0.034767898998697,-0.0061931044067399,0.0128827686907411,0.0562279176150493,0.1542111709056011,0.0366606949590395,-0.0061931044067399,-0.060852650024392,-0.1011545058690001,-0.0312952383454252,-0.0954779130625467,0.0593453507681525,-0.0024652230140062,0.0174276949507865,-0.0623451729028161,-0.1200471940844024,0.0157487592748641,0.0612362023821591,0.0779160481896672,0.0396184423124343,0.0090976521494658,0.0437659343673146,-0.035343902273335,-0.0118742566590066,0.1954936700779956,0.0151910484776451,0.073092263857629,-0.1058308457007028,0.1049304007281619,-0.0136155320802635,0.0077623952011496,-0.0497504251465698,stop,1075,10,64.03551177620129,-0.0257102124860546,0.0250936001217843,0.0279244395493067,-1.0,0.9760168312648256,1.0861224723231346,6.143460278172386,1037,0.8992291738760718,5,0.0133685004627844,0.0604954357787683,0.0963767464251517,0.0,-1.2253521301376302,-0.3261229562615602,0.0692918885113683,0.1318929685913332,64.61962647861293,64.03551177620129,76.10661696906539,1.177861494993066,0.0249220460746952,-0.0326151560131641,0.0179002395985369,0.0970186410693454,0.7980779811466127,-0.0005178883928549,1.0,0.0361823938186502,2020-12-09,1.0,26,0.0914031432439161,0.0566773695137792,False,False,False,0.08,1.0,0.04,0.0135528823985111,0.1908468832898837
AEE,Falling Wedge,bullish,1,0.660661791036547,3,36,1755,1756,2023-09-08,2023,1,71.72141328985354,70.68183041189991,82.22594730857804,68.76618944110191,0.8714748537757387,0.0147079224164887,True,0.027474418575893,0.0348502106141244,-0.0033127011509095,0.0051621789385847,0.0418529526940461,0.0150022540834948,0.0563675659391389,0.0223649608864928,0.032930845842837,-0.0135793237308247,0.0085930862715644,-0.0159612105084857,0.0497632960506204,0.0063076069177201,0.0292151701783829,0.044014447012509,-0.0266721821646959,-0.0284976004606927,0.0119047944213428,-0.0236821147567568,0.0211194624031916,0.0169752189648817,0.0149809831842709,0.0203506703181179,0.0567190019772186,0.0640806120137273,0.0474767239009346,0.0187181603398245,-0.0213068463281671,0.0123893470091536,0.0234602497456961,0.0224099918783535,0.0001313283356492,0.0204598305284033,-0.0316061597287686,-0.0069980732086437,-0.001522693617774,0.0057066048143192,-0.0551705287362516,-0.038025269340247,0.0080876159020961,0.0205787946321724,-0.0835933833129758,0.0067708181149144,-0.002595757493196,0.0198781020456569,-0.0586466854514268,-0.0203080817056924,-0.0561917146399593,-0.0024285247757496,-0.0432348914626217,0.0344747317167457,0.0517775444294867,0.0877742645819679,0.1430412763540065,0.0030331024597427,0.0678354986864211,-0.0496253809236202,0.0181525825419015,-0.0269881052461871,0.0066510748671131,-0.0461244005828495,0.0559019493305332,0.0107039810581424,-0.0495074761145776,0.038364462231728,0.0556883658206537,0.0001919100687706,-0.0736211979715092,-0.0012749180534079,0.02553356581088,0.0275629738819525,-0.0261744365062811,0.1121179665246638,0.0318088474555031,-0.0626472916325003,0.0265702353864345,0.1095373369523824,0.0587025567183161,0.0776205093710358,0.0831038930315934,-0.0152417096354509,0.0876196601408918,0.0085263684228205,0.1184075048713273,0.0680705152389706,0.0869876748078724,-0.020244150747475,0.041958213520836,0.0784436332414293,-0.1085568349174236,-0.0404835913597529,-0.0010204680797997,-0.0234658889224043,-0.0732488398372807,0.0863109044493228,-0.0849764809298632,-0.019103757241434,0.0327472688748184,-0.0045682797755322,0.0404750897022292,0.1596981825104213,-0.0869377374026976,-0.0443045488211615,-0.0177918748082922,-0.067283500236561,-0.0467243639947185,0.0824156133688709,0.018440858600325,0.0880605237437597,-0.019103757241434,0.0219417069828591,0.0080110877624846,0.1319446704295914,-0.011320606386585,stop,1769,14,68.76618944110191,-0.0412042054554675,0.0386689529685019,0.0544486348030422,-1.0,0.9384710259804514,1.3214339216391129,3.554564579993462,1718,0.6830622117842347,5,0.0608528366797178,0.0517607313295853,-0.1489970754542418,0.0,-1.575152700606112,-0.8920904888218865,0.3826624107597101,0.0907049411980762,70.68183041189991,68.76618944110191,82.22594730857804,1.059629722548948,-0.0603069117133268,-0.0352912859180435,0.0147426149344607,-0.0246413520457156,0.8314674164623566,0.0010165487483597,1.0,-0.0008747031901837,2023-09-08,55.0,16,-0.035886098876109,-0.0670895843952477,False,True,True,0.3333333333333333,9.0,0.6,0.0122020820339698,0.6385136749797783
AEE,Falling Wedge,bullish,1,0.6386006363724442,5,63,1868,1869,2024-02-21,2024,4,65.24915345087244,61.74161935556685,82.07709257879094,61.0886489636184,0.6909365413014028,0.0568098817607274,True,0.0077527298758819,0.0032884605217426,-0.0352096460709856,0.0005066917183305,-0.0252340451422279,-0.0085836370355365,0.0051406097331205,0.0119223492064042,0.0357349781580964,0.032930845842837,-0.0056346250451601,0.0136165545223405,0.0018996327518336,0.0129647948302091,0.0287762576456327,-0.006114370333197,0.0144567350789157,0.0219302275649009,-0.0107803611504855,-0.0030865291803082,0.0026433968623649,0.0338005870252449,0.0016687075267654,0.0307300750220493,0.0193414939177087,0.009932263259047,0.0023797079678657,0.0275434422909999,0.1153904660450928,-0.0025749210519403,0.0374434429002557,0.0005292046236777,0.0109411770378131,0.0127101376380398,-0.0789407600820308,0.0243500605614208,0.0129651183854531,0.0046117520715829,0.024328270124041,0.0156865990858443,0.0080655588417062,-0.02680938869504,-0.009532521915308,0.0071586208726655,0.0298354016063844,0.0194293934436708,0.0249711813110982,-0.0109150632357184,0.1000258618939762,-0.0927386623587683,0.0135594743733049,0.0535570018373181,0.0545511507876106,-0.0159972414779666,-0.0225845926066876,-0.0511645208311504,0.0921403906172808,0.0118357770499981,0.0696842679081697,0.0035407686544337,-0.0545738314707718,0.0092466047287651,0.0994264562032174,0.0140481462973081,-0.05196277445773,0.0373070404834574,0.0136739794701963,-0.0103166092121714,0.0113082469166086,0.0315152405233294,0.0373444671735994,-0.0385305048364355,0.0717500052085755,-0.0054370979721392,-0.0823255989514987,-0.1068516035207319,0.0202148052388257,-0.0163933520732305,-0.0059906324522325,-0.039077426366499,0.0395478662399584,0.0862006031196802,-0.0073029403093757,-0.0277876576579354,0.0100803457014968,0.0280289228665546,-0.0703017017293421,0.0435215631257368,0.0219911478180108,-0.0156087624384048,0.0861638622905496,0.0319206483582512,0.0655147190988565,0.0132884236905537,0.0813477670229219,-0.0524128944782609,0.0661493355856921,0.0765674921030481,-0.0209660085285889,-0.0916466931173446,0.0995608281251143,0.1579075803404135,0.0407385602643761,0.0163078537364587,-0.0303523391152401,0.0690174759582651,-0.0018663859689249,0.0101604483404442,0.0505638877179441,0.0178482315656747,-0.0169349215868258,-0.0292029173828248,0.0417301260337032,0.1352422581250152,0.0345267348618034,time,1928,60,69.52393341064453,0.0655147190988565,0.0832970545578359,0.01592907887679,1.0274667345914743,1.3063469373727556,0.2498155969178403,4.044687171825412,1801,0.9388768709572096,7,0.074482461530756,-0.0521933373283558,-0.2261285636080346,0.0317460317460317,-1.4092254044874328,-0.4703485335302272,0.0481960037247936,0.2081468380203974,61.74161935556685,61.0886489636184,82.07709257879094,1.3415636149867929,-0.0773510944824019,-0.0012117562073497,0.0204281685876644,-0.0938345043692907,0.9050624354158014,0.0055819607459264,1.0,0.0254713184337234,2024-02-21,28.0,24,0.010105033594979,-0.001548059710661,False,True,False,0.0869565217391304,14.0,0.6086956521739131,0.0043307660610084,0.4944411863959504
AEE,Falling Wedge,bullish,1,0.6477269264511805,3,38,1958,1959,2024-07-01,2024,1,66.46193875397809,66.47997049538253,71.72227395330333,64.52768020982438,1.640590203083688,-0.0002712357010702,True,0.006062329189445,-0.0162292841022273,0.0101523341212177,-0.0220618914916543,-0.0462555018707142,0.0258668648386797,0.0309305602693259,0.0300871125603729,0.013710857537845,0.01611867151288,-0.0207740971014207,0.0139788058532732,0.0032369010294164,0.0136954773386221,0.038050022162136,0.0155569854520138,-0.0190075974872481,0.044014447012509,0.0002703509581261,-0.0163951960532827,0.0208461309823839,-0.055595286660639,0.0012410316412528,0.0422953859856707,0.003376857424596,0.0118629990961569,-0.0501748916264768,-0.0240160790485386,-0.0282951093424074,-0.0010703554228471,0.0090883281368967,-0.011013504038528,0.051515522700924,0.0101582643348656,0.0160362974474066,0.0052482496367489,-0.0288096336224087,-0.0230281259458214,-0.0316827541532398,0.0074987209812564,-0.0003448548282354,-0.0238257261143772,-0.0198461803368595,0.0279019559946447,-0.0145734759089406,0.0481639035886597,0.1211053294134383,0.1242319690506666,0.0463881874425182,0.0074100524756806,-0.047078117843589,-0.0489994830286345,-0.0689904254260823,0.0662427094321524,-0.0525198268672223,-0.0908197125516987,-0.0560695875365252,0.082839625284202,-0.1452561402544553,-0.0183187582092116,0.0036964890641708,-0.0105513532218816,0.0070489212319,0.0590927870493604,-0.0084071108065304,0.0638320075256209,-0.0230554986218909,-0.0160263580467705,0.1335824090588827,0.1511349487505955,0.1182858469995917,0.0862006031196802,-0.0746115297893071,0.0521721877070728,0.0315638745728128,0.0807542212642489,0.1052455368019542,-0.0218875042471023,-0.1267808326849103,0.0405064683164937,-0.0116571337249188,-0.0501381992566992,-0.0435720755825386,0.1029739890467413,0.0539881358008949,-0.0689972073197221,-0.1615436170585412,0.1360718415480808,0.0249510243947219,0.0206282775569432,0.0373881655735481,0.1404721374486228,0.2269377632428013,0.1752761504086126,0.0489074575521899,0.0629771143569155,0.0564982584711946,-0.0799625137319409,0.0002879419764822,0.0853452569196797,0.0713023285895571,0.0033767135577118,0.0201530701379328,0.0696715811134203,-0.0245948875189261,0.1174178089955704,0.038155446155754,0.0234306695800505,-0.0545390506343177,0.0044947652336757,0.0260861844947897,0.0163078537364587,-0.0913585102029336,0.0708181449852274,0.2036989815543767,target,1974,16,71.72227395330333,0.079148085324405,0.0891018516153072,0.010996787272318,2.71956156803577,3.061577172721542,0.3778542451795664,2.71956156803577,1919,0.5549162998500206,7,0.1959709711313124,0.0233427360160589,-0.220753839074727,0.027027027027027,-1.0538151663550384,-0.4988988665050119,0.7072275968622176,0.0685274400661607,66.47997049538253,64.52768020982438,71.72227395330333,1.0767806035927674,-0.0226931406671609,-0.020496782929641,0.0162426788116494,-0.003109005169973,0.1707315560297213,0.0023908250016626,1.0,0.037410723518358,2024-07-01,28.0,24,0.0343010132439722,0.0380551614082458,False,False,False,0.0434782608695652,8.0,0.3478260869565217,0.0201358829939577,1.1399867307768772
AEP,Falling Wedge,bullish,1,0.6154600299536743,3,25,1745,1746,2023-08-24,2023,2,70.89822293680807,69.6997120667952,81.83057335087983,69.27733575022086,0.7582030983719765,0.0171953489400975,True,-0.0075948143039763,-0.0341973317921622,0.012082426033751,-0.0141696252872448,0.0115538224537155,0.0222412364455384,-0.0005820191289374,0.016887723758246,-0.0515041218809625,-0.0172917475388491,0.0414235375248224,0.0381366265617888,0.0367338117572588,-0.042829845136877,0.0174348694978907,0.0128113496060948,-0.0902776141877139,-0.0226169638770787,0.0114908307316321,0.0179426054209621,0.0076210147091082,0.0009536845697173,-0.0079968944056195,-0.0159492645185616,-0.0315415176687775,0.0190144712931334,0.0343035592710285,0.0439308137365122,-0.0008269804224715,-0.0381193170490768,-0.0133431402929973,0.0115988625868659,0.0088237290402342,0.0076021815094344,0.0318696148566073,-0.0310961343239445,-0.0479160454017117,0.0284845614967421,0.0043793270869254,-0.0061795217851344,-0.0254538560201911,0.0158850866520501,0.0011979611789578,0.0065122595511362,0.0742946209479493,-0.022197367214164,0.0021520084095334,0.0175201483473483,0.0795385593677351,0.0013881629529648,0.0179649808716464,0.0269925541222535,-0.0033588720250686,-0.0602254336299724,-0.0060715675982043,-0.1243399823895422,-0.045781301606792,0.0216438312596212,-0.0182563406354915,0.0221384153489421,-0.0016830948430646,0.0935093756336347,0.0801764604349506,-0.0915056579602296,0.0129943013451205,-0.0074003670735031,0.0591867404551,0.0261476253643599,-0.0020009110601895,-0.0715189058320107,-0.0350361816054655,0.1497681094843788,0.0061891602528738,0.0236383012572021,0.0465714640844439,0.0849527400247174,-0.0249863408650102,0.0055440924484375,-0.0546642081943171,0.0045597531264114,0.0658109765024541,0.0022901767477192,0.103286179688155,0.0775585490181538,0.0055440924484375,-0.0184067267499458,-0.0342315684590864,-0.0503417288810567,-0.1733757822076829,0.0273664378287872,-0.0223932900961382,-0.0827529252049574,-0.009223069059462,-0.040453369417685,-0.0726576303704954,0.0997218013553795,0.0109779042437234,0.0288826349594999,0.1743734372541594,-0.0139781253121402,0.0869792239380506,0.0851806614066936,0.1489262694704975,-0.0822180516029484,-0.0593215120792343,0.1159360313243418,0.0903178842523853,0.0794749003924948,0.0151859058888683,0.0417594445598792,0.0313404853711765,-0.1352095930026041,-0.0693881025050651,0.1616035837941811,-0.0461174267264042,stop,1751,6,69.27733575022086,-0.022862169451439,0.0130379085455812,0.025189744470607,-1.0,0.5702830859195023,1.1018090179110902,6.744670760887376,1718,0.9053045092719704,5,0.0730279555756672,0.0117100297156309,-0.1818728253401196,0.0,-1.5708821372089288,-0.6655776279369559,0.060416677667963,0.0985744865610677,69.6997120667952,69.27733575022086,81.83057335087983,1.036113366946712,-0.1020550725068759,-0.0489508105731593,0.0146456105354049,-0.1139681678198195,0.0238100644411218,-0.0008813998613844,1.0,-0.0344758425131584,2023-08-24,55.0,16,-0.0549999258712314,-0.0644171273396837,False,False,True,0.2,7.0,0.4666666666666667,0.0060023336187306,0.4595573441702574
AEP,Falling Wedge,bullish,1,0.6150649020349247,3,34,1863,1864,2024-02-13,2024,1,72.39332889161696,70.43490828837486,79.38453005143907,68.59721189410251,0.6849567701296555,0.0278046873465629,True,0.0470515232359125,0.0462061307534125,-0.0019029876906493,-0.056350145213741,-0.0122386689172053,0.0255906469987212,0.0290886876050575,-0.021406235617312,-0.0216018712102897,-0.0087144757951862,0.0531779930432017,-0.0007376013734696,0.0250588361614723,0.0967907614390102,0.0243200186391685,0.0117239046907879,0.0158654378944329,0.014940260236959,0.0165863786279041,-0.0164991177013344,0.0240648035922435,-0.0198692118997559,0.0381571525604117,0.0566900016195932,0.0376275563311485,0.0075057339082147,-0.0156391940124271,0.0788041992937795,0.009907411050648,-0.0253830164994716,0.0188698437929539,0.04241331869048,-0.0096487513742391,0.0007009596733591,0.0040886327698836,0.0040886327698836,0.0169210446862015,0.010698432531859,-0.0285947329346754,0.0256097668702013,0.0028818618724131,0.0653068900315536,-0.0372030844413311,0.018532636767014,0.0686501756665569,0.0437644635639503,0.0526315063425171,0.0140236419293648,-0.0116524308754163,0.0305995465849719,0.0059404002246643,0.0173942663322781,-0.068676938845167,0.0330616349560553,0.02412039872661,0.0308249821170107,-0.1524055046005283,-0.0183878336387227,0.1074510643249977,-0.0417361405185622,0.0431132252749155,-0.0322389680871801,-0.0183257802995931,-0.0060456274354294,0.0665257362933049,0.0118991842834053,0.0006536818155313,-0.0394769875968303,0.0534996108907013,0.0514902587352605,0.0055565404549628,0.1066124405891257,0.0565925322857703,0.0775585490181538,0.0677681651789186,0.0412190605205875,0.015962918619498,0.0619066740071734,0.0916132342329254,0.005720922289683,0.0197231844351157,0.0300751608326075,0.0280281984394406,-0.0900482770529137,-0.0337934852689352,0.0385977173211724,0.0026633082286531,-0.1972155743564483,0.0764625203658324,0.0815055581738437,-0.0017693104614467,0.0275310838653227,0.1647718093671411,0.1144565262648487,-0.0067023320495541,0.0072319242640239,-0.0242195750837962,0.0621600225943446,0.0578849639808465,0.0455704030523398,0.010393366040738,-0.0409054531707264,0.0667941621991139,0.0439180200639599,-0.1113768281825569,-0.1174748627771822,-0.0179886861691781,0.0864855407176059,-0.0069420129397246,-0.1722586238036534,-0.1329148351667746,0.0904952355104895,0.1054035158980402,-0.1136891362074147,0.173178568928594,target,1912,49,79.38453005143907,0.0965724503467568,0.0981611454209285,0.0098921850905663,1.8416716777695965,1.8719686694293145,0.1886475599110911,1.8416716777695965,1828,0.7091174470407461,5,0.0603903226364153,0.0214708362207123,0.0782496225169644,0.0,-1.1301325365435706,-0.4210150895028237,0.3272504780638214,0.1025918435838386,70.43490828837486,68.59721189410251,79.38453005143907,1.3911436435872926,-0.0045097747032264,-0.0058079301360662,0.01923353800858,0.0074291186041659,0.6256144860866774,0.0225544736143499,1.0,0.0403218209992159,2024-02-13,28.0,24,-0.0381399797433511,-0.0397907592963203,False,False,True,0.2608695652173913,10.0,0.4347826086956521,0.02838237363315,1.8294556430287767
AEP,Falling Wedge,bullish,1,0.6188890714369286,5,33,1964,1965,2024-07-10,2024,0,82.23570171385093,81.27764519835745,86.27000297729109,79.21084028103184,0.7817629591348292,0.0117874541413613,True,0.0543402066413893,0.0623552771887041,0.0007146236789385,-0.035134167798028,0.001175205142696,-0.0061157255761251,-0.0250451613776543,0.0093537780802841,0.044720405890577,0.0192966594169927,0.0158654378944329,-0.0046195993596632,0.1313322102469878,0.0025141963841059,0.036659710791028,-0.0148192705529747,0.0302750533329234,-0.0080527451778036,0.0028793086957827,-0.0176664604496067,-0.020293942930337,0.0122938680056501,0.045573537424479,0.0712512761108257,0.1072479446510222,-0.0226890002474955,-0.1526136704133318,0.0423521081049733,0.032783061577738,0.0610262470299514,-0.0188860522897664,0.0320410448609274,-0.0535985203546023,-0.046658092837497,0.0478213260646505,-0.0302465997454992,0.0309619381663823,0.012119814032411,0.0042580326874666,-0.0155627901590598,-0.014358674367296,-0.0525793261489451,0.0269005632710113,-0.0203102144536344,0.0158610852378222,0.0773201621100154,0.1225478126433958,0.1987448809376277,-0.10742039091533,0.0230009805356739,0.0038854124667067,-0.0590575167575273,-0.0065077325811566,0.0318888223323476,-0.0075870874515956,0.0159433684493308,0.0253667353153066,0.0108130423903283,0.0325980869580089,-0.0151369241018523,0.1545214350012369,0.0631430824830232,-0.0471498824750798,0.0139964592448382,0.0222289893834408,0.0468537963906818,0.0221384153489421,-0.0031225469404191,0.1115279853895506,0.1728724411671125,0.1939432908797507,-0.0001154078229029,0.0337910061932857,-0.0752808430190977,0.0735718903251607,-0.0817937331602947,0.0190911750075652,0.0737082669630375,0.0505106728749866,0.0469885271132943,-0.0222735530264569,0.0169039362104546,0.0770880481733249,0.0469894507618422,-0.0690303837544454,0.0658109765024541,0.1349218363046456,-0.0323862316367312,0.0383114721348221,0.0390571380104634,-0.0887307648860979,0.155515767203647,0.1531918606361746,0.1387260586407752,0.0248447154265119,0.005705009027459,-0.1459477885274933,0.0657486284930239,-0.0405196605968214,-0.0272664260255373,-0.070505336763798,0.1054035158980402,0.0961645620648501,-0.0839075608962691,0.0837388204637552,0.0828901104132284,0.0175176584915988,0.1256483193127491,0.0140991947419772,0.0319449936854949,0.0023620802779087,-0.0039941620507808,-0.0112169223010037,0.0613949368336481,0.1364866262377475,target,1969,5,86.27000297729109,0.0490577836555465,0.0617810580365018,0.0010146148927507,1.333714404127362,1.679616991751215,0.0275839305461728,1.333714404127362,1931,0.5041279515255672,5,0.1003588309030309,0.1392039467837644,0.0003834639393249,0.0,-0.758595671542296,-0.2544677200167305,0.622964597987234,0.0627052078316603,81.27764519835745,79.21084028103184,86.27000297729109,1.1867156096866782,0.0896182664842621,-0.006337208885262,0.0145042460750466,0.0666379023620944,0.9367050711271084,0.0035352716279608,1.0,0.0512844846480513,2024-07-10,28.0,24,0.0206531535154674,0.0521901891683973,False,False,False,0.0434782608695652,8.0,0.3478260869565217,0.0011708117568056,-0.1691464458853757
AEP,Falling Wedge,bullish,1,0.7209305449379737,5,43,2342,2343,2026-01-12,2026,2,113.95407163413044,112.05289938083432,124.63228062297594,109.4083213351426,0.9924235093911316,0.0169667386011547,True,0.0227331043915357,0.0484847126865713,0.0082124884984065,0.0060955544775562,0.0261265901753595,0.0152175829158038,-0.0290856236944679,0.0020817205774472,0.0180415696661024,0.0271834932220924,-0.0038039877153889,-0.0082126416437203,-0.0018915783595895,0.0136650864064671,0.0468891245632419,0.0354955500697891,0.0347636908500004,-0.1525522131161928,-0.0073185501628503,-0.0310062383166317,0.0229178589131506,0.0087554391282884,0.0211543585687925,0.0245345680488544,0.0245345710822111,0.0081600814698543,-0.0476511093172015,-0.0223161122772059,0.0253673079954153,0.0030744334672825,0.0110086770763999,0.0400763665637422,-0.0044269211839285,0.0041391807695316,0.0029163385257002,0.0508847067935516,0.0148943613747904,-0.0120737356270093,-0.0032945338756475,-0.0675278310620722,0.0245345680488544,0.016480505624933,-0.0462060568846636,-0.0356184143718852,-0.0107094653329965,0.0269489506599821,0.0481988388904131,0.0530443283951385,0.0696085599565765,0.0315140601022601,-0.0471549162696161,-0.0779777417300755,0.020703412025842,-0.0372030844413311,-0.0790861985368543,0.0492138132755171,0.1074510643249977,0.0590220943195158,-0.0369176992469388,0.0067023574035989,-0.0360419772144994,0.0409527462374987,0.0290230490939999,-0.0813925144049763,-0.020633851128148,-0.0010719886870029,-0.0647787852408459,-0.0246029397909923,0.0528323658879868,0.1349218363046456,0.1624706734862523,-0.1326278895953812,0.0613341931310804,0.1000367661634114,0.0421666829438478,-0.0989083831671276,-0.1535521806905899,0.0580201497580561,-0.0289094770403203,0.0131727563610826,-0.0894603104959854,-0.0219198628884322,0.0419591724648331,0.0732576927811268,-0.0169441036863521,0.111300599531571,-0.0205369550443772,0.0032708930370568,0.0321303016853629,-0.0072122810756858,-0.0687489455688268,0.1400303953744281,0.1858488865042658,0.205580558819414,-0.1113768281825569,0.0605169043432594,0.0242522294767209,0.047446587777759,0.0478870266659443,0.122345699855378,0.0646307574367572,0.1588283308771438,0.108253901900466,0.1344118329098509,0.0400147347002335,-0.0032915885932656,0.0252690443291443,0.0085360417401563,0.1015885304983446,0.0726945132506549,0.0444759400139278,0.0070285162234502,-0.043543462369722,0.1056378696299349,0.1350685573800867,target,2364,22,124.63228062297594,0.0937062523147902,0.1146894072910478,0.0086643138465044,2.3490531345778307,2.8750644172052424,0.217199312717418,2.3490531345778307,2297,0.6878552734886543,5,0.0397519879761454,0.1054089611103406,-0.0959344498218492,0.0,-1.1529084093492394,-0.4650531358605769,0.3523666881575124,0.0873800318903612,112.05289938083432,109.4083213351426,124.63228062297594,1.5124248941593277,0.0645314578269875,-0.0132449076246141,0.0132722322273428,0.1279550581720998,0.5170944350978843,-0.0112052496239475,1.0,0.0116721920686029,2026-01-12,13.0,27,0.0604541655576436,0.02156365047061,False,False,False,0.0,4.0,0.1538461538461538,0.0067327566448609,-0.1975415488446447
AEP,Falling Wedge,bullish,1,0.6641316041406794,3,14,2475,2476,2026-07-24,2026,2,134.15857932792264,130.82797198489857,141.8877363709821,128.38117517585383,0.5399859104587966,0.0254579146377695,False,-0.0542238861428169,-0.0570699430205282,-0.0529229247581855,0.0125197811047026,0.0122946034040314,0.0197844954150021,0.0091603407348848,-0.0135471179246597,0.023202095488396,0.0531009179086872,-0.0039859352281871,0.0183895869512424,-0.0014762438989486,0.0165249484058274,-0.0487178442573915,-0.0610694863553724,0.0218497764480196,-0.0104219017874526,0.0028793086957827,0.0052271401521748,-0.0214935365969582,-0.0028425690859178,-0.0531466578836008,-0.0699066775722317,-0.1079650170268885,0.0787781804268006,0.010698432531859,0.0161726614724673,-0.0216286909851924,-0.0147981144462188,0.0187911396475501,-0.0311333316632548,0.0131028096999474,0.0214799124944935,0.0396065159562732,-0.0014211874219427,0.0118359383068991,-0.0190598470908889,-0.0229145766111951,0.0602770475332832,-0.034122176128537,-0.045798751614515,0.0299497719031429,-0.021078635167025,0.0792026212000069,-0.0783036635744294,-0.0985294936241562,-0.1264657521101949,0.00575088501004,0.0831138841167566,-0.1281620358104986,-0.0563510979463661,-0.0288902951136267,0.0517899674454462,0.1168357853210941,-0.0971176210741302,0.0183598429438205,-0.0143601859678134,-0.0650031001852314,0.0018410352337216,-0.0072048937276676,0.058590306567386,0.0166846500448472,0.0522287969410579,-0.0671166814328187,0.0220853216284118,-0.0910752836623156,-0.0580210089695083,-0.0892284071922864,,,,,,,,,,,,,,,,,,,,,,,,,,,,,,,,,,,,,,,,,,,,,,,stop,2478,3,128.38117517585383,-0.0430639932310785,0.0059921927068349,0.0454948341610323,-1.0,0.1391462392881507,1.05644717889746,1.33782523078151,2459,0.6463549260427197,5,0.0773350184360592,0.0624655723523097,-0.2878787878787878,0.0,-1.275646597336545,-0.6292916712938113,0.4366277584616519,0.0600662040967186,130.82797198489857,128.38117517585383,141.8877363709821,2.574688452478373,0.0862484034579309,0.0317706528930894,0.0191404067707933,0.1742944265241772,0.2896514711453455,0.0037799783358778,1.0,0.0063053315535637,2026-07-24,13.0,27,0.1248008131946272,0.0698729257506172,False,False,False,0.0,0.0,0.0,-0.0190283986999418,-1.0829600789646292
AIG,Falling Wedge,bullish,1,0.6653151243523772,13,95,851,852,2020-02-05,2020,0,44.673386419384336,44.03492849862438,49.24147004846839,40.96035365836319,1.0488424047907383,0.0144988976371314,True,0.0266693295700803,0.0161576142043984,-0.0686476366684888,0.0015571058376744,-0.0625830432309567,-0.0039590921755059,-0.0110222607548999,-0.1036952768644167,-0.0165145752952197,0.0142480904018145,-0.0099100929041234,-0.0134163118230438,0.0313022050422251,-0.0246052320230482,0.0373756096146604,-0.0176262213244879,0.0519169838533948,0.0063507289949713,-0.040142232952668,0.0078307082087625,0.0258088909602181,-0.0117824157358724,0.0370450330120309,-0.0580668027247146,-0.0671710807777958,0.0186665879922547,0.0066214670135003,0.1108271925885198,0.0436780489365731,0.0756746224837945,0.0058500668300118,0.063666621081899,0.0328015674304968,0.0311729925353312,-0.0155239432824096,-0.0076836878216274,0.0560707153121156,-0.0628952312182575,-0.0074364779934181,0.0500138804124288,-0.0221669231689632,-0.003400054035308,0.0456760876612576,-0.0110114892368388,-0.036028088822091,-0.0767955004596781,-0.2311328255222438,-0.1369459239155187,-0.0640177029312972,0.0515881985925801,0.0088119672001618,0.0402616901462824,-0.1809573532366699,0.0598385626547883,0.0096384778576075,0.0451139291208182,-0.0370286134143984,0.0441548141804626,0.0794593245244392,-0.1094166617004152,-0.0124586625211986,-0.0690345838607606,-0.0405137292509738,-0.0994188631206018,-0.0779241745963146,0.0356727748703562,0.1510237759445938,-0.0518528496963396,-0.2202798415603998,-0.5929970203107646,-0.3516170618885581,0.0298963538129193,-0.0471239330845952,0.0735672652658472,0.0210914737860672,0.0176141388910155,0.2890269389168449,0.0636720470632972,-0.0306750864183276,-0.5044845322169805,-0.0210169510465019,-0.1249613738768531,-0.0197095128565979,-0.4794718375346959,-0.0021585654113759,0.0588544147098362,-0.0087250704643478,-0.016219444982626,0.0216472050767559,-0.0258189317927841,0.2632866715544832,-0.5709115837803337,-0.542241440501465,-0.3941264380793914,-0.0556705666832076,0.0329531456453535,0.0093275071274394,0.3240129524444779,0.0980182018212161,0.4315786103252084,0.0206014308651956,-0.1088797819880501,0.0728318106567651,0.053944737001627,0.1687211791767255,0.0867568988083855,-0.2869752658582821,0.035931124015375,0.0403772026237558,-0.1116140580313383,0.102421049886004,0.3035369917097368,-0.0746818801428428,0.0703078375533881,-0.6029163968493118,stop,858,7,40.96035365836319,-0.0831150951074981,0.0671458343103949,0.0866274934564404,-1.0,0.8078656978440658,1.0422594517205266,1.2302836853579904,756,0.3617105537702519,5,0.0045424510772388,0.1248139209711418,0.1894639440496843,0.0,-0.8135092312599278,-0.4517986774896758,1.3281191394066318,0.1108764464216506,44.03492849862438,40.96035365836319,49.24147004846839,0.9493827495802424,-0.0033306256542604,0.01859212187112,0.0214095664618313,-0.0234005457273717,0.8768102521291822,0.0144129875799858,1.0,0.0313885119104553,2020-02-05,6.0,9,0.1197310242401628,0.0703128193779223,False,False,False,0.0,0.0,0.0,0.0008360207360998,-0.063837837674425
AIG,Falling Wedge,bullish,1,0.7825984997350992,3,23,961,962,2020-07-14,2020,2,27.418239955733807,24.855899842671192,33.462173185185634,24.13122399550437,1.149459899778401,0.1030878032692961,True,0.007566219135686,-0.0004980757262096,-0.0185530990971668,0.0895285656720534,0.0207006890084509,-0.0074548719906744,-0.0344314259731551,-0.0170601613063612,0.0281075111214559,0.0692439317720818,0.0128465995283948,-0.0150686985917846,-0.0563199138733687,-0.0399197094799655,0.0120855794644298,-0.0420361798374837,-0.0237576493682034,-0.0335036375302193,0.0010515248890556,0.0261106379407338,0.0219519953578346,-0.0057696830460108,0.0081786189026811,-0.0242748434407055,-0.0204288197090914,0.0582617504180473,0.0639771304544956,0.0042186242659583,-0.0320227373098628,0.0220149628880101,-0.0026816152548627,0.0107544887059565,0.019336635005648,-0.0077815915186224,0.0004703395818652,-0.077812672818133,-0.0260755894079924,0.0697644554364433,0.0597045574994885,-0.0438823216862136,-0.1080894001922385,0.0107244542341289,-0.0362544092599178,0.0284391659716198,0.1790781171688644,-0.0338820606498396,0.008196616759255,-0.0240291445795688,0.0860213252911694,-0.0241219586044464,-0.2187646366013819,0.0695637291212469,-0.0804134529804603,0.0179519502736495,0.035994066615379,0.0549393280644576,-0.020047947857166,-0.1070440054882223,-0.1676660681603899,0.1432286989545343,0.0162774367305287,0.0432570055694299,0.0221797031682273,0.021395051556228,0.0216506238040044,-0.0632839695320994,0.0132576556996977,-0.0154187576628587,0.0157488278611786,-0.0810213425650338,-0.1349276908359927,0.0881331312854882,0.0976888307607188,-0.0649559770701849,0.0612254492128614,0.0898280743529593,0.1004850453234171,-0.0899527920268505,0.0926006801547101,-0.0968191052787167,0.1845947232685685,-0.0031276172162998,0.0197964364821903,-0.091415686409234,-0.0426142798685644,-0.0226301721454603,0.0334506751604446,0.0181498140990541,-0.0567578159990451,-0.0807352509736832,0.1176826112938735,-0.0987526812853461,-0.0576724914535333,-0.1188183786372614,0.173195474606155,0.1255057741542447,-0.2120410178571468,-0.2009734932595913,0.0769024765643329,0.0292122489920421,0.2022966108848392,-0.0548340117626945,-0.184380496354114,-0.0236273869304128,0.1112642435900241,0.1857110065558163,0.0716200672891993,-0.0025678699327787,-0.0038797745397548,-0.0194311582382981,0.1380090735822419,0.0269335236614292,-0.0479623081203366,-0.1415096254452004,-0.0701446593255332,stop,1009,48,24.13122399550437,-0.1198842801557013,0.0416143712375336,0.1549017192763025,-1.0,0.3471211670411367,1.2920936679531452,1.8387295049914991,936,0.8449974428851582,6,0.0855053568057803,0.6919775140073645,-0.1103663736925618,0.0,-1.3244660789660143,-0.4794686360808584,0.1319818150744822,0.1841809874560132,24.855899842671192,24.13122399550437,33.462173185185634,1.3657254287520193,-0.2334346896350326,0.0224378009532286,0.0513153534161592,-0.4014153077786717,0.9791675221033784,0.0050470439691931,1.0,0.0432286725439625,2020-07-14,6.0,9,-0.2548438523785536,-0.109208329196683,True,False,False,0.875,2.0,0.25,-0.0664522715415411,-0.6078715971638423
AIG,Falling Wedge,bullish,1,0.7237248356539655,3,27,1084,1085,2021-01-07,2021,2,36.12723912733774,33.19079908400843,36.40433680748255,32.221406797319254,0.9493009248344062,0.0884715078988291,True,0.0073170097705004,0.0129136266829632,-0.0045944837360248,-0.0026106408985031,-0.0302455348357265,-0.0197695949165114,-0.0213266780130648,0.0100611098180396,-0.0860120940726527,0.0146735389590386,-0.0034493793115083,-0.009388914877379,0.0281067775149135,-0.0127201138599233,0.0267140982435749,-0.0065999898991134,0.0173529213919492,0.0351357025670722,-0.0686476366684888,-0.0085169708779645,-0.017552325129214,0.0061514910262585,0.0149789456492618,-0.0224388468686727,-0.0284556082209832,0.0398452689038009,0.0208229604906284,-0.0098533552968129,-0.0005489571248629,0.0145631154804495,0.0578543860203961,0.0856002858499092,-0.092312831249595,0.0064706808741754,-0.1182194387326829,-0.0109580180326213,-0.0427192234568921,0.0023068319808168,0.0406431769689621,0.0119592539292099,0.0108923638626186,-0.029274806866174,-0.0163337496024174,-0.0499012868216011,-0.0232914389407347,-0.0173161077805013,0.0165854368624391,-0.0021222496117778,-0.0385878554029903,0.0720085053927961,-0.0478166593017533,0.0350787544683637,-0.0318803346196884,-0.2169796439991159,0.0390407188782075,-0.0341990038359881,-0.1199929351892299,0.0422637594181836,-0.0213313782394106,-0.0523132414712012,0.0662619133533715,0.0577652797479599,-0.0715390294411433,-0.020047947857166,0.0026447958034407,0.0861287098702343,-0.0923499276478895,-0.0356794196867584,0.035661683850428,0.152194825467818,0.1492259897704613,0.0244259122262344,0.0417780945629642,0.0193389564257415,-0.0712540263792028,0.0787362336484658,0.0106426635606395,-0.0261556788008111,0.4528927037611052,0.1820666611153376,0.0435174094744545,0.0951544604846557,0.2114284691814481,0.112873754213707,0.0381676876278154,-0.0091802316794888,-0.0330811328592912,0.1087025071570673,-0.0137451285817622,-0.0328088342434328,-0.0532873027120975,0.0931841665586405,0.1456168471529233,0.0750419202578132,0.0286618086794052,0.1493441855522459,-0.1223112906256855,-0.1100159692041051,-0.0446151898530414,0.0164904668876983,-0.0235456949988362,-0.0110978083334621,-0.0491559513815073,-0.057930887845744,-0.0479623081203366,-0.1110095061230687,0.0347818795376455,-0.1081192174335045,-0.1359231513758376,0.0167952089830483,-0.0581229111997284,-0.2017742704130377,-0.0016720653719058,0.2588972257058712,0.1745311194996177,target,1089,5,36.40433680748255,0.0076700486070393,0.0109755834097407,0.0314635189814351,0.0709445917622125,0.1015193415647385,0.2910237762368199,0.0709445917622125,1055,0.6243196876349844,6,0.0885419032790811,0.3619141794278508,-0.0712760676757829,0.0,-1.1226032587736352,-0.4982835711386491,0.5424196642121067,0.0769586984518979,33.19079908400843,32.221406797319254,36.40433680748255,0.9088454435448438,0.3369558832804771,0.0998580894008014,0.0252244680541844,0.4886875488801347,0.7826072534276869,0.0141756339461267,1.0,0.0284894833384392,2021-01-07,8.0,16,0.4225865105201274,0.2453821460639762,False,False,False,0.0,1.0,0.0666666666666666,0.0099935103118876,0.3104624069009316
AIG,Falling Wedge,bullish,1,0.6844296093508999,3,28,2322,2323,2025-12-11,2025,1,82.06184516901239,75.47792504140915,80.73140151490571,73.46159019440657,3.4343253455584577,0.0872297446437633,True,0.0372534818835594,0.0542551283959082,-0.048266479020592,0.0042427627876708,0.0039270997642466,0.01242454454735,-0.0232814463250204,0.0100508632937195,-0.006193382417895,0.0490144025716856,0.0041667056134029,-0.1035185402485548,0.0048954734555013,0.0372471265838805,-0.011409277243602,-0.0114025861605008,0.0163072013122949,0.0156962180157709,0.0033240375669496,-0.0199492769379462,-0.0085169708779645,-0.0179361318002112,0.0417123646595501,0.0407435306476196,0.0346696685192844,0.0475066650949216,0.0105997854948545,0.0123337968028549,-0.0090444672154564,0.0177606485927297,0.0388527815020329,0.0028019129306475,-0.0946690848213435,0.0403695142110021,-0.0069525229125035,0.0451333676187259,-0.0032685523868429,0.0024846515686325,0.0159560714148183,0.0249678455007942,0.0094364630578598,-0.0117520748903112,-0.1355312773465384,-0.0066610033452687,0.0656982717295087,0.0374423910175636,-0.1083639892089812,-0.1215063232444654,-0.0125835505695643,0.0446082863714218,-0.0083270947956775,-0.1430893226017241,0.2200881754957533,0.0129223300997061,-0.0265617799982588,0.1226816165182438,0.0730243995200212,0.0088143140049061,0.1209335912631091,0.083799798721482,-0.0741199602612796,0.0371858208551219,0.0957130173489964,-0.0670764442433476,0.1040232647929699,-0.0001728889477842,-0.0248004959568572,0.1198503218325648,-0.1427096591814714,-0.0974125306162195,-0.1061243040362361,-0.0779590914220765,0.0616169489106335,-0.1387829492856611,-0.0044535201945172,0.0881331312854882,0.044640562763226,0.025681103082505,0.1239243046282405,-0.0516016823738834,-0.0727756115337768,0.051438488357949,0.0245376395433818,-0.0115078604288061,0.1125530163991914,0.1484060577634087,0.0519521116216719,0.0408359358836745,0.0503635736548817,0.1536852733978517,0.0029135277015526,-0.1285925786039663,-0.06167009509189,-0.0473692269007858,0.0552289032630179,0.2114371416640927,-0.1925994189161708,0.0505723170135676,0.1275934001979868,-0.0442710514475412,0.4416731273832772,0.0919896669041993,0.083787401729366,0.0133500874549792,0.0665740172795514,-0.032426328084718,-0.0853381707161673,-0.0465231225036428,0.0440468189137905,0.1493898758016676,0.0149447266714726,-0.0700881728515164,-0.0655125837726781,-0.2109886839765993,-0.0918120926922868,target,2323,1,80.73140151490571,-0.0162126948445593,0.0174787394446187,0.0065844059667291,-0.1546981639538719,0.1667784983455746,0.0628270329853112,0.1546981639538719,2293,0.5868359370480098,7,0.1839659681414994,0.0037227427451476,-0.177167891692581,0.0,-0.890377591572118,-0.3035416545241102,0.5823356579736421,0.0713243577733364,75.47792504140915,73.46159019440657,80.73140151490571,1.82099245900842,0.0304036351487984,0.0558228240593856,0.0223726212059873,-0.0235872330319009,0.5305675401042804,-0.0081402789904563,1.0,0.0084726027236889,2025-12-11,10.0,13,0.0378573340447401,0.0403592857363139,False,False,False,0.0833333333333333,0.0,0.0,0.0625824691409753,1.5509308692479855
AIG,Falling Wedge,bullish,1,0.688545052626972,3,30,2504,2505,2026-09-03,2026,0,76.08000183105469,76.64672087245884,82.05754159589975,74.69835289016251,1.7559691852824173,-0.0073939111152215,False,-0.0098580439267794,0.0001418675259554,0.0132150496922565,-0.0400069064254751,-0.0018794328730268,0.039693211975609,-0.0011636688601963,-0.0041117315748259,-0.0241339846626951,-0.0148372482730682,-0.0279597212565516,-0.0148372482730682,0.0131032228770442,0.0048925515676387,-0.0165833378211953,0.0082842564185563,-0.0357430625479048,-0.004804862855266,0.0660846645468358,0.0109062610554448,0.0041236883753887,0.0228102013472357,-0.0097106390484162,,,,,,,,,,,,,,,,,,,,,,,,,,,,,,,,,,,,,,,,,,,,,,,,,,,,,,,,,,,,,,,,,,,,,,,,,,,,,,,,,,,,,,,,,,,,,stop,2506,2,74.69835289016251,-0.0181604746009378,0.0082807207972596,0.0186645391005457,-1.0,0.4559749114063363,1.027756130315109,4.326381027719795,2474,0.4739168241970775,7,0.174007281160824,0.0392235688545004,-0.1214006838518805,0.0,-0.9981370632508312,-0.5242202390537459,0.7583957580429341,0.0577972460305779,76.64672087245884,74.69835289016251,82.05754159589975,1.2685721261160714,0.000973744185809,-0.0128105888792853,0.0165049715852489,-0.0280112425885354,0.4836093253620832,0.0061736665921399,1.0,0.0059982114164236,2026-09-03,1.0,14,0.0884142549703583,0.0808839558165033,False,True,True,0.0,3.0,0.2307692307692307,-0.021422354060227,-0.179319405268386
AXP,Falling Wedge,bullish,1,0.7775521063397133,3,26,961,962,2020-07-14,2020,0,89.76062707080281,85.9238496688447,106.89086329068756,81.56564877277157,0.7615798016774189,0.0446532297696771,True,-0.0034139016801512,-0.0114781965420468,0.0060506570940108,0.0184693725381845,0.0501133720784097,0.0004144529644403,0.0164715929987944,-0.036522390649982,0.0083816552465607,-0.0176892597858049,0.0315521056161207,0.0164148837380515,0.0037143167207507,0.0816735594474791,0.009788922886702,0.0212898799754446,0.0267257795644146,0.0199485235669911,-0.0556161943966178,-0.0008867168820474,-0.0015407495331193,-0.0089124690201665,-0.012905966388582,-0.0231738614722867,-0.0193278377406727,-0.3234572088284387,0.0270929013427989,0.0974886510980568,-0.0283679457447743,0.0074612534653963,0.0175756465050302,0.0203936037698655,-0.0099316133574389,0.0460921627990129,-0.0026002047011066,-0.123431953746349,-0.014620042813439,0.020914162210333,-0.0005830321527899,-0.0178102236520685,-0.0363830461406233,0.1197763325341796,-0.0377171356469526,0.0089151776628062,0.1307932604853945,-0.0182538987267313,0.0682806566217422,0.0360548952829182,0.0282393603243198,0.0074310482869626,0.0151850578873047,-0.0654921280924639,-0.0223944639142112,-0.0162597848202461,0.0137335684171913,-0.0498747888433156,0.0954989894651761,-0.0695869898349225,-0.0712615296488923,-0.054276290894257,-0.0164673030042676,0.0614270759664434,0.072845074903211,0.1565856500630005,0.018219413861525,0.0081524900611362,0.0915811681450353,0.0527953665264955,0.0554766073789809,0.0736600391666904,0.0197536908957314,0.0992003655009223,0.194834587664445,0.1227983302034425,0.1239421387961974,0.1216771175520305,0.2289207678339275,-0.1409813479880406,-0.0208169507696187,0.0841725000255073,0.1222097860240156,-0.0931483306518822,-0.02883720425248,-0.067714998080932,-0.0396774990896957,-0.0792316848898325,0.0850322004076953,-0.0619131067813699,0.0476950404183857,0.3029706817299085,-0.0253253752871954,0.0248696882484188,0.0695222095114078,0.0083763223276798,-0.0169286182291126,0.0310672246763092,-0.0430178106817926,0.1786329833828714,0.0393139730755516,0.0911729751473759,0.1105052086153282,0.2303231820566931,-0.0300446843104758,0.0383618245475725,0.142416001052422,0.1322215775853139,0.1301456217951699,0.0095235185174196,0.0221969348899515,0.2056430058236908,0.138837529225084,0.153075527806312,-0.1025779743303701,0.0380486747112334,-0.0054236242564195,time,1021,60,96.00098419189452,0.0695222095114078,0.1279743718261728,0.0458308111916996,0.7614854968671343,1.4017193757387982,0.5019906340348483,2.090333323274338,935,0.6181821787367731,6,0.0480169702718955,0.2703170429718107,-0.1837280179720629,0.0,-1.2817923703336973,-0.6636101915969236,0.4309946404845496,0.1426510513180649,85.9238496688447,81.56564877277157,106.89086329068756,3.177043031970535,-0.1192658386439624,-0.0007383862619628,0.036073847819532,-0.2547104602575293,0.8703055142549889,-0.0039545259617279,1.0,0.0432286725439625,2020-07-14,8.0,9,-0.2237281489021858,-0.0772016514411758,True,False,False,0.875,2.0,0.25,-0.0681864687277223,-1.037305636152415
AXP,Falling Wedge,bullish,1,0.7171498252720431,5,46,1262,1263,2021-09-22,2021,0,159.49558414197213,153.35071481137862,170.33926081469224,145.82252082558787,0.9970838627344524,0.0400706924526024,True,0.012094996144208,0.0243718424398374,0.0128852380995438,-0.0003338463644062,0.0321906416706965,0.0016203063460225,0.0069140616795397,-8.466668894879792e-05,-0.0332495523670403,0.0095515504510359,-0.0135799634576951,-0.037310018195996,-0.0162756941271516,-0.055502958343213,-0.0105618314461749,-0.0192811386465335,-0.0131586632939562,-0.0031966115100555,0.0304373489585134,-0.0339066466862073,-0.0125674045022764,0.0264361364164964,0.0185436817445984,0.023068904459025,0.0343225149242614,0.0436761383216279,-0.0105888038509509,-0.0282016092972381,0.0487393872184811,-0.1351558338315397,-0.1839508681747607,-0.0016093250543177,0.009141660910527,0.056629150682018,0.0163957130306207,0.0382786440424547,-0.0414251021372927,0.0069714558474918,-0.0027846428136825,0.0838698433189184,-0.0107441576382911,0.0778104304460569,-0.0547818525387668,0.1323432430570341,0.0472535922438663,0.0184755512699122,0.0622838343766425,0.0337284800195494,0.0544325104902052,0.1288222062364146,-0.0874666732240045,-0.0693906975999018,0.0721340937138845,0.0676167314305282,-0.0778143403875668,-0.2709180855319291,-0.0285669246324513,-0.0428660644212024,-0.0240945461630482,-0.0819130359373392,0.0094697875358642,-0.0255911150553691,-0.0297348281184355,0.0734800745910391,0.0314956303216811,0.0285014397424197,0.0207760194927904,0.0507672831333689,0.0723268610957951,0.0623429578419807,-0.0019746663810704,0.1137647355082558,0.1227983302034425,0.1203614026167345,0.1702559669603696,-0.0463037838867023,-0.0250461956945768,0.0031387066818711,0.0101554604979487,0.154449090910014,0.0269407765902651,0.0734869637633983,0.1624908389498318,-0.0299251861654301,0.0890733627002455,0.0623338188700233,-0.0838347802434291,0.0496538864166631,-0.0174270641078968,-0.0245145537284632,-0.0474967161624166,0.0181252048079733,-0.0359007250665199,-0.0963763310982324,-0.1363296107380988,0.0438856196536372,0.0607910001076719,-0.0162720112379153,-0.013286097465994,0.0091218878880265,0.0140862599702342,0.0849525277919498,0.0928168593925269,-0.0132531212968991,0.0669735193079503,0.3473259693101427,-0.1324094995791966,0.0209379440047727,0.2178467195635727,0.0752757453866648,-0.0402223321155312,-0.0110061461134639,-0.0544094957279168,0.0440685158049758,-0.0689454377618754,target,1284,22,170.33926081469224,0.0679873159564581,0.1180595717633182,0.0122722213702012,0.7930685627504019,1.3771588652981512,0.1431548344996225,0.7930685627504019,1216,0.5183247242570403,6,0.0380668930944992,0.0495393185081121,-0.1415835550384794,0.0,-0.7926290538076827,-0.2743043295506436,0.6776456470173768,0.1216473572876773,153.35071481137862,145.82252082558787,170.33926081469224,3.6754043681265216,0.1300228063413659,0.0088765692047882,0.0233190856657414,0.2168170720185731,0.6962394480586078,0.0143933921648184,1.0,-0.0194369788037029,2021-09-22,12.0,16,0.0882087463752714,0.0580518724651624,False,False,False,0.0,0.0,0.0,0.0576919796269724,0.9579459058328388
AXP,Falling Wedge,bullish,1,0.6267162787015185,3,27,1432,1433,2022-05-25,2022,2,154.30857584494282,148.11433374359922,190.30968107186615,138.62697649162078,0.8080059742538109,0.041820679638383,True,0.0395822607492502,-0.0073737397207751,-0.071716236134606,0.0282030835594482,-0.0460174670090629,0.0243260718693854,-0.1256516716316938,-0.0048166124998394,-0.0170329240719142,0.027558041233114,0.0323685843574619,0.0213001117613045,0.0164138501176642,0.0477417411710956,0.0203696816070304,0.0407345146762616,0.0283809924617868,-0.0336853694761669,0.0083220182308292,0.0212374531584447,0.0156275965748666,0.0257782526292034,0.0366101751200195,-0.0105714715277766,-0.0175196691080065,-0.05636734338686,0.0268332555168331,-0.0106861351678707,0.0379649678345237,-0.0283679457447743,-0.0689565190291784,-0.0705111510718589,0.0284532357679541,0.0436019000896339,0.0421760736348308,-0.0169526932394566,0.0074357367815724,-0.01384114501323,0.0428635450938743,0.0244183930638248,-0.0157093158263692,-0.0111250828122605,0.0435929542653767,0.0578543771536324,0.0582110813324765,-0.0166158809899103,-0.1017208093704906,-0.0844007890140152,0.0167135501398079,-0.0830952756498821,0.0765562074982895,0.0977553044726668,0.1068212854748302,-0.0944237168448219,0.2340982595485043,0.0056965235779709,0.0114437015729138,-0.0830952756498821,0.014192309778269,0.0656744032691176,-0.0277500370843187,-0.0371788858444704,0.0772233717785928,0.036368421290601,0.0980511609556527,0.0506492178409798,-0.0222163629760018,-0.0461147048514478,-0.1265892822853592,-0.0512259241667558,-0.0477359989008192,0.0960974499208562,-0.1418927366180421,-0.0212349101280322,0.1251133358997511,0.0554992429820249,-0.0359699826062794,0.1347702242921309,-0.0034080270057187,0.0841219763135581,0.0512431432183646,0.0577191517858146,0.2110884485012476,0.0724598997148622,0.0722117992210416,0.0922272862815336,-0.0718074152435821,-0.0322786385112988,-0.0237346160279412,0.2208394944719043,-0.0052318996220801,-0.0981175855087616,-0.0271039401258523,-0.0684050314612181,-0.0758275503590306,0.0424961210882219,0.1973085487399379,0.1371508431416745,-0.1399863148399114,0.1766656232630397,0.0159355436793673,0.1685929512470743,0.1526237953520217,-0.0222947718437184,-0.0199963172935507,0.1882046888392434,0.0865382537118686,0.1578488211145787,0.1759175844055809,0.0821033121117418,-0.1176886286787889,0.0712933231387347,0.1697449313282517,0.1333461845707193,-0.1061027872617052,stop,1444,12,138.62697649162078,-0.101624937353318,0.049661900883758,0.1064536539059493,-1.0,0.4886782927215903,1.047515075318997,2.295754687757455,1403,0.6116749724954589,5,0.1204992413652675,0.1252719660294861,-0.0218110554666391,0.0,-1.5623654065450236,-0.9506904340495644,0.5743049924608722,0.1526886671092213,148.11433374359922,138.62697649162078,190.30968107186615,5.786748648008384,-0.0683412965111404,-0.0891419736083951,0.0380128072483548,-0.0554895164809988,0.7803158496000273,0.009702540783965,0.0,-0.0476910448791666,2022-05-25,26.0,8,-0.0925600170073425,-0.0741213995304778,True,False,False,0.4285714285714285,2.0,0.2857142857142857,-0.0440077789853595,-0.859348202659839
AXP,Falling Wedge,bullish,1,0.6021502805808924,3,28,1532,1533,2022-10-18,2022,2,138.97399041677366,130.03956371399022,159.86010690677722,123.61624153799278,1.23127754704861,0.0687054496924788,True,0.0109329992109004,-0.032238962653371,0.0294687263468569,-0.0936202939112353,-0.0307393543079346,-0.0120115050075756,0.0233978391468601,0.0004144529644403,0.0184693725381845,-0.0240981062958355,0.0280728246629771,0.0088384863500508,0.0206461996455191,-0.014092561366114,-0.0076594673693017,0.0004793720988103,-0.0276605601994687,0.0262553051682539,0.154733653479133,0.0081343314749975,0.0430476672963524,0.0335470236932511,0.0016518288904893,0.0113456126008226,-0.0307421009929265,0.0958777232160412,0.0706197211447696,-0.034674758241267,-0.0365728681650832,0.0599760857920881,-0.0263579371848694,-0.0026289659723034,-0.1123781946126618,0.0505444565374662,0.0690866313494185,0.0130011167471071,-0.0152310802798586,-0.0156121792701792,-0.0357294049943744,-0.0173936861748797,0.0343339623419614,-0.0223343634166146,-0.0090488500850793,0.045886945410632,-0.2534339662161838,0.0184490932045162,0.0581720719447138,-0.0217757873612909,0.0013074622064619,0.0689985346113637,0.076545681357296,-0.0303985603613958,0.0737339832960981,0.0678378719021146,-0.0610422770007105,0.012591477122664,0.0133421557319173,-0.0022222354564482,-0.0225394724751359,-0.0292036789994919,-0.0336400596513454,0.0417419697802856,0.0579564071960418,0.0557580746523627,-0.1468893524671684,0.0242112491417259,0.0814675660995509,0.0112482758183756,0.0451318183194857,0.0596850609050989,-0.0227291634362081,-0.0857997759246043,0.1488771915234399,0.0623338188700233,0.1419376947257535,-0.0864510658619098,0.0442055814685349,-0.0921682853863793,-0.0462009366351222,-0.166453967331052,0.0344358485235163,0.2175379105706978,0.063590055022064,-0.0471592900376345,0.0118466518337303,0.057233253101314,-0.0369629836424785,0.0873205185271523,-0.0894329051874492,-0.4128445829057808,0.0613306445773651,0.0663262921135399,0.0747429243291237,-0.0101913647935334,0.0221969348899515,0.0977466654012231,-0.0476535067601429,0.0367958559969041,0.021279522159221,0.1478077958237016,-0.2468152576281445,0.0535486808019303,0.062305816840612,0.142909200844929,-0.0521120397934632,0.1018370407848689,-0.1056260935657886,0.0705824088390478,-0.0771354317089443,0.1110219706669652,0.1338789789257539,0.0919626465886382,0.1328750700417533,0.1292750918256113,0.0334088567803923,time,1592,60,149.36131286621094,0.0747429243291237,0.1108436832858894,0.0909031212188863,0.6763570970866035,1.0030369099221732,0.8225925294678447,1.3599725229822566,1502,0.6648826178050911,5,0.0491804014867446,-0.0232680031901253,-0.0162108962134418,0.0357142857142857,-1.3899914601851762,-0.7251088423800822,0.4503097064997843,0.1462397868011164,130.03956371399022,123.61624153799278,159.86010690677722,4.850765782790765,-0.1037280583433094,-0.0286453087259176,0.0347702364324046,-0.2141061807987004,0.6971435546875019,0.0324291323192835,0.0,-0.0337420409122736,2022-10-18,26.0,8,-0.1359571941860378,-0.0482818653281788,True,False,False,0.7142857142857143,0.0,0.0,-0.0462738758270942,-0.922433600751856
AXP,Falling Wedge,bullish,1,0.6196315384402923,3,27,1677,1678,2023-05-17,2023,0,146.53640853748558,145.6365106080109,166.0922093341685,138.18313548778008,0.7419718284229952,0.0061790681863891,True,-0.0100494583913496,-0.0008666205194348,0.0069140616795397,0.0163478985114193,0.0017452487829601,0.0870225077499473,0.0004144529644403,-0.0040809522391673,0.0407533705804947,0.0571081046348316,0.0198529022615008,-0.0191253564729878,0.0223447674915484,0.011144668685499,0.0188889659223734,-0.0458111618142997,0.0659104387491464,-0.0069813802847542,-0.032180247738073,0.0094996047009345,0.0015025212370682,-0.0599611148832074,-0.0196149234173103,0.0687683776158223,0.0520894797166173,0.0272598438419484,0.0417391554157742,0.0149487118617741,0.0100180180206246,0.010084642016839,-0.0092292599848904,0.0014332844839735,0.0242040126956326,-0.0055120576413441,-0.0132048615193526,0.0001164433374569,-0.004639765135106,0.0401990697282264,0.0489543974450823,-0.0334088706615562,0.0376096365988047,0.0379831516765984,-0.0109526406858019,0.0031249968141615,-0.031820393127759,0.0593230018567679,0.1416089618361693,0.0748456770975016,-0.067404222991127,0.0547456382350675,-0.0055769897277085,0.0294947103701386,0.0607600891790289,0.0433330845690114,0.0533546335798287,0.017952224549864,0.017571340098508,0.0355259178942897,-0.0160099845595576,-0.0142662350455243,-0.0348179082425549,0.0670296226018856,0.0510253047506732,0.0848373803845761,0.0011288380477798,0.010020326201982,0.0050037358715473,0.1232749812575861,0.1157598374849045,0.1559369972942292,0.065277284479398,0.1296027314684533,0.1155658907078256,0.0417025720209636,0.2414149348190921,0.180624396454464,0.0664332700501506,-0.0748991650751794,0.0321831951274826,-0.1050997874389272,-0.0127177942514703,0.0710669140409729,0.0552478881271023,-0.1201971085906241,-0.138689341574134,0.1593225111746308,-0.128176734788076,0.0192509301636749,0.1392526621776713,0.0537370709542863,0.1193294735455294,0.1136892718385348,0.0945780637789224,0.0105226614907509,0.1938613894334082,-0.0425374853437708,0.0161363732728854,-0.0158788984053309,0.0438811953354134,-0.1102500642416547,-0.0715333467264908,0.0276083520852401,-0.1930320391488927,0.0279033170475917,0.0871372709038547,0.0440362658078195,-0.0344851995508601,0.0555037001531262,-0.0579620088837398,0.0393139730755516,0.0239354535886933,0.104247677915793,0.1911643745604576,0.0027357432117762,0.0779887615743788,target,1690,13,166.0922093341685,0.133453528661311,0.1339898669534935,0.0189165539383094,2.341094404590588,2.35050306232629,0.3318416457275056,2.341094404590588,1650,0.4036027435779671,7,0.0740014989091601,-0.0774755830763544,-0.1804389498346389,0.0,-1.230214307640468,-0.82661156406249,1.1106195768148288,0.0913284431978159,145.6365106080109,138.18313548778008,166.0922093341685,3.6759623010276425,-0.02199096811539,-0.0440866213881681,0.0251120509579895,-0.0061469123870737,0.7771576969830887,0.0095009091480704,1.0,0.0026320771621475,2023-05-17,8.0,7,-0.060626029742242,-0.0245450958721286,False,False,False,0.5,1.0,0.1666666666666666,-0.0762073328762332,-1.5174332441619227
AXP,Falling Wedge,bullish,1,0.7334999031979129,5,51,1754,1755,2023-09-07,2023,2,151.64562461609674,154.06495268738854,180.23935173405343,151.84292061218235,1.747885147397542,-0.0157032993493388,True,0.0303146344932092,0.0180422414584777,-0.0063609974119546,-0.0166301009808517,0.0038233207701736,-0.022943514031226,0.0686273679617397,0.0593469098387546,0.0071039662728007,0.0386398341133471,0.0707744537657262,-0.0387755192564974,-0.0477372176844712,0.0128971023708266,0.0504742433428602,0.0179026542375182,0.0086957625735908,0.0421126714267758,0.0233978391468601,0.0143288084464554,0.0336698859699715,-0.017671807505659,0.0152308513248722,-0.0147115125239714,0.0122345586580157,0.0442841817070909,-0.0494814019786211,0.0793971543911429,-0.0029979068229929,0.0468947988284662,-0.0390392211358688,0.0238535339259835,0.0609520388453501,-0.0293647127578163,-0.0092292599848904,0.0471827311047938,0.017891226494846,0.0435929542653767,0.0616327244260777,-0.0149465530884125,0.0144851931744731,0.0678951542674517,0.0310864318097996,-0.0327021160604146,0.0077256581196372,-0.033167143000545,-0.0593916226823981,-0.0169043114979706,-0.0433916239701683,0.0942530639743639,0.0253179800643141,0.169733692414882,0.0038294530231564,0.0334223581650539,0.0600724591082673,-0.072592451068863,0.0240979373195542,0.0113144595302958,0.0377552670262291,0.0043614599791745,-0.1730769729968369,0.0465025524812461,0.062617467143849,0.0256421738203271,0.0599224078691409,0.005279269367056,-0.0330536266460322,0.0311772026671499,-0.0780508491460061,-0.0353471423777025,-0.0069800561093853,-0.0129169168714767,0.075956061978889,0.0769496745887865,0.0730614550893284,0.015015366164506,0.1203614026167345,0.0233103154727218,0.0895373415939659,-0.0731889469086354,-0.1629880521647736,0.1336223073165643,-0.0129169168714767,0.0243103287752586,0.1299166630184338,0.1355368072939837,0.0299240313095978,-0.0157230828060237,0.0267971605778161,0.0214489036564899,0.1231856849380406,-0.0764071218161391,0.1111571560225133,0.0755998522881686,-0.0170494845546547,0.0634315468197816,0.1182824755678164,0.1955323130213131,0.1800049113648005,0.1088610554990585,-0.1591303411525525,0.0486608025268091,0.0970175009266236,0.1820061871628191,-0.0597795989719893,0.0449093528972233,0.0221969348899515,-0.0390196571110188,0.1934608843035636,0.0123399477976879,-0.0550547929124619,0.1165822628770933,0.2531673522777913,0.0211772469435151,0.0447773110138547,stop,1755,1,151.84292061218235,0.0013010332252254,0.0049037638053797,0.0019742551914331,,,,,1701,0.8390858363433802,6,0.1164007661822404,0.0367221798500545,-0.1897033322201247,0.0,-1.2025753495948543,-0.3634895132514761,0.1216688803731447,0.1264929746080815,154.06495268738854,151.84292061218235,180.23935173405343,2.291640155849292,-0.0304285571639029,-0.0580079725198191,0.0151349457383686,-0.0968344790080982,0.4551234398841895,-0.0046835406713606,1.0,-0.00201901359201,2023-09-07,8.0,7,0.0173480146987314,0.0222551916269662,False,False,False,0.1666666666666666,1.0,0.1666666666666666,-0.0037621917452101,-0.0506216531529548
AXP,Falling Wedge,bullish,1,0.6946810941255228,3,25,2434,2435,2026-05-26,2026,1,312.9633025756987,309.1237264954261,337.8690621340993,301.5397216770328,0.6679839686266447,0.0124208391371387,True,-0.0090816041443428,-0.0206547387471929,0.0238027925951258,-0.0169231098214812,-0.0456326205950117,0.030502652761764,0.0214884279925029,0.0300969600351976,-0.0375308526379357,0.0032895444285507,0.027558041233114,0.009691028680522,-0.0332495523670403,0.0383000440689911,0.0368360474913298,0.0073800927361722,-0.0428883517567456,-0.012002740410801,0.0028204703577188,-0.012438521066877,0.0176213687286836,-0.0245785722413582,-0.0102887616549639,0.0145306546955734,0.0329490316888857,0.036363345006954,0.1197763325341796,0.104214483700437,0.0059871587555535,0.048277363317664,-0.3234572088284387,0.038757163575986,0.0222095812727511,0.0040786248993138,0.0075557413325824,-0.034679389267787,-0.049487316438025,0.0509789488499141,-0.1637177425202006,0.0307237441712902,0.0529671762923149,0.0046133626199025,0.0100394817612003,0.0370143702484819,0.0113882368064408,0.0138504817910476,0.0915811681450353,0.1125578939333542,0.0609944549961405,0.1986855407735688,-0.0078864416402202,-0.0442403041860381,-0.0625825742318585,0.0841422158602775,0.0187712295299735,0.0580202494787327,0.0356043336252012,0.0371967562256712,0.0613218183394654,0.0332339839780257,-0.0529833237879134,0.0365467241838985,0.0492399869873909,-0.0018088178173234,-0.0006349791214104,0.2691840859498016,0.0806330712232425,-0.0312739560839495,0.0504729654309015,0.0890733627002455,0.1034541888796883,0.1084758830452607,-0.0360151685605459,0.1734277229597574,0.1101108092696876,0.0568554410659218,0.0407121978699951,-0.0724853537934576,0.0368701120296091,0.076771284563506,0.0436935864692216,-0.2021887450974278,0.303524230115715,-0.1453677172745491,0.1108793855375822,0.0414128688603856,0.0236713491625466,-0.0898754838573753,0.0114802510309175,0.1992294083843913,0.03319001940731,0.0478547586408229,0.0581112583204119,0.0398864820459399,0.026161833853193,0.1725548297201165,0.2303231820566931,0.0202792822941322,0.0549992220921151,0.070930994817937,0.1764581092628991,0.027993647292527,-0.3929755296280113,0.0474254517003884,0.0814182964081549,0.1684221633936637,0.1783777336523391,0.0677236199441579,0.2197050920294883,-0.0199382147783987,0.0904425751322521,0.256529660793102,0.2493652732310249,-0.1023321260742526,-0.0230819965392641,stop,2440,6,301.5397216770328,-0.0365013431435875,0.0172710467449968,0.0439423908069466,-1.0,0.4731619512481146,1.203856817928255,2.180205994891584,2408,0.5786164459167494,6,0.1104855235555033,0.1158235719396876,-0.0828468071648048,0.0,-1.2939317786094622,-0.7153153326927143,0.5899997424759931,0.0617872207845216,309.1237264954261,301.5397216770328,337.8690621340993,5.689428642962436,-0.0735438893919646,-0.0042481516224942,0.0183605906799937,-0.0913474367975956,0.2253510748693595,0.0072487501012543,1.0,0.0495267657810623,2026-05-26,61.0,9,0.0807327757084368,0.0322563807492914,False,False,False,0.0,1.0,0.125,-0.0203537149897057,-0.2053155032182457
AWK,Falling Wedge,bullish,1,0.6580251436789794,8,142,1474,1475,2022-07-27,2022,0,137.9242686944928,136.2605312247208,171.71482219780484,118.454558628717,0.9733121936010296,0.0122099734590654,True,0.0384007013723719,0.0071481202384058,-0.0353392022281953,-0.0058495578897438,0.0012617667949967,-0.1999506740244652,-0.0337399426344372,-0.0106254368340138,0.0097736583158953,0.0006667765445358,0.0298147039518341,0.0196349475986901,-0.0412116773840184,0.0114398895073086,0.0006667765445358,-0.0480386298613683,0.0209040630939785,-0.0123369368652084,0.0020251732889209,-0.0380748623991248,0.0130171872586382,0.0049845280963869,0.0539495738286146,0.0369682428018003,-0.0080691050927406,-0.0117686852256894,-0.0114191289669377,0.0041815752980602,-0.02042305699649,0.0033973473139012,-0.0469621664815301,0.0146458836161598,0.0057541491407295,-0.0627230066489584,0.0427558010673696,0.0110524699065537,0.071309540909952,-0.0200711362503871,0.0087908581499411,0.0424496246455528,-0.0060790616474472,0.0164170742574645,-0.030303203106585,-0.0216351304550428,0.0406017375818044,0.0354696684963792,0.0221516781600836,-0.0071598254259219,0.0858259215532173,0.0135922325402906,0.0768951655406671,-0.0425063468638984,0.0248822568996931,0.01592525094422,-0.0376080786573743,-0.0622050396569111,0.0248822568996931,-0.0009211758871461,0.0132861285940693,0.0739571006506085,0.0300699978623506,0.1082591131518129,-0.0703676137796603,0.0251295627083034,0.0440025517793953,0.1006484613159892,-0.023276665296873,0.1033277323834944,-0.0030382624740134,-0.0555037728380781,0.0095207239136778,0.1326708859451,-0.0315465021742528,0.1184456978716086,0.0565253382546686,0.1061824359737995,0.1128336760308557,0.0934838721992765,0.0281442675992145,-0.011063176565809,0.0618283963185459,0.0197027018597129,-0.0763575198953668,-0.0467178466290389,-0.0605441188615474,-0.0331071996396299,0.1497323423359313,0.1366108000352821,-0.0817698631903651,0.0456650917626275,0.0479893070828338,-0.0939392021537505,-0.1405672295779798,-0.0535313572262367,-0.0864553898147363,-0.0160937136645011,0.0534563541238062,0.0907540026724869,0.2438379563633226,-0.1119087537729163,-0.0243590585226736,0.2499262765252474,-0.0896754192668879,0.0868248190182083,-0.1050674455496989,-0.1071215337693076,0.0315597940525351,0.0212991877037376,0.068753884700595,0.0282218751293572,-0.0234680612696374,0.1694898519931549,0.0521130533493008,0.0704102583098669,-0.1706921264935428,stop,1525,51,118.454558628717,-0.1411623222661554,0.0580025063405583,0.1670255576687257,-1.0,0.4108922650847093,1.183216278872249,1.7355447712962933,1332,0.4449495217681184,7,0.1468092389422776,0.1895328449447493,-0.1323348046215758,0.0158730158730158,-0.8668099023635578,-0.421860380595439,0.978385518075904,0.2115999442277503,136.2605312247208,118.454558628717,171.71482219780484,2.7137361471665207,-0.052535208087173,0.0280210782298284,0.0197470927593574,-0.0284754470006791,0.7983573204732168,0.0011956877640642,0.0,0.0535662406714612,2022-07-27,57.0,16,0.0736543536005558,0.0344749268539377,False,False,False,0.0,0.0,0.0,0.0238741722046446,0.8006955415096741
AWK,Falling Wedge,bullish,1,0.601341916605303,3,36,1633,1634,2023-03-15,2023,1,129.49305072602849,124.61976918612164,157.1731953129572,121.87892160849104,0.7959509078455371,0.0391052043486659,True,-0.0305656513020045,-0.0481098686232881,0.0068537769144445,0.0017936140859544,0.0212418709517552,-0.0117146915409098,0.0170136390995874,-0.0317715318182741,-0.0058870938664336,0.0168450213916322,0.0313993174670146,-0.0216918562651976,0.0830966592344848,-0.0200148495897243,-0.0265139255802691,-0.0325731088289467,-0.0078615942832773,-0.0005377432697256,0.0072427322493513,0.0217299397546384,-0.0023185130748049,0.0647128100496958,-0.0361178749560542,0.0245948854906397,-0.0169275933559032,-0.0138787147536563,-0.0003398095605444,-0.030148789577328,0.019491431117365,0.1432862473216312,-0.0025790850894857,0.0029943081264551,0.0805026268784092,0.0307185476028304,0.010537773610552,0.0015672509741218,0.0197707267610149,-0.0769794993199683,0.0107300906512457,0.0036680141510758,-0.0002837485230895,0.0582928536049618,-0.0099651046578556,-0.0269093646692257,0.0343789980558246,0.0118521478554229,0.0804662607761872,0.007491636180438,0.0282037181846535,-0.1252565990824933,0.0487823989030775,0.1416898805814979,-0.0703676137796603,0.1012117193541919,0.122822350755825,-0.0194617049338341,0.0249674916824771,0.0048893896552033,-0.0182830859209652,0.0083327922542633,-0.0644573362770101,-0.1027283063911298,0.0909985500905314,-0.0842387665187764,-0.0693603901073977,-0.0321687868451489,0.000347514930959,0.0364741830901818,0.0793463907948649,0.0672171503799909,-0.0022798981554497,-0.0112797456861315,-0.0729467583205166,0.0729278448903414,-0.0826611387323473,-0.0385575251994873,-0.0274391036482661,-0.0346371375478582,-0.0399558020706594,0.1120657501760384,0.0876224304632122,0.1425234898974186,-0.0221954436297773,-0.0216208488973931,-0.0633293809243503,0.1181383763126693,0.0482464048601904,0.1404623523813941,0.0287388280495537,0.1919750808492202,0.1015121655843815,0.0357376584396093,0.0475044471365142,-0.0681065404934129,0.2398127468145465,-0.1362403232502818,-0.1783272910849089,-0.0421736183627746,0.1595035680394838,0.0453398243928251,0.1164368436003318,0.1161764028737695,0.1205856029858414,-0.004502193005328,0.0240943685020602,-0.0451171796573649,0.0145662126615817,0.0843560297485404,0.0594798879744784,0.1866041471321369,-0.078827432528257,0.1386008808688748,0.0046637964293405,0.1171889444425231,0.0003933862076433,time,1693,60,135.64454650878906,0.0475044471365142,0.0906313031402756,0.0366079084211452,0.8079053674821448,1.5413612973646935,0.6225885677765252,3.6353657995073583,1596,0.8227642305372177,5,0.0209391225006817,-0.0014495594447161,0.9898174929382116,0.0,-1.4452127461793145,-0.6224485156421017,0.1478919590704398,0.1531511004574259,124.61976918612164,121.87892160849104,157.1731953129572,3.414979329383563,-0.0418149409457044,-0.0582627628567686,0.0263812924605789,-0.067378755343221,0.8720949832182519,-0.0021065597332914,0.0,-0.0566108587615079,2023-03-15,55.0,16,-0.0949401100622492,-0.0252261457944354,True,True,True,0.5333333333333333,5.0,0.3333333333333333,-0.0648916696193018,-1.5298790758283527
AWK,Falling Wedge,bullish,1,0.6761250680884807,5,50,1891,1892,2024-03-25,2024,2,109.99862064214896,110.8050867862038,125.72875959111354,108.85777861080874,0.5740004643473542,-0.0072782411660475,True,0.0220550386350597,0.0266401465783493,0.0132867993985805,0.0369299705654178,0.0022074569629728,-0.021822367551021,-0.0391171586550673,0.0531995400276372,0.0078746654719235,-0.0342893828013094,0.0154219482429105,0.007134064483476,-0.0102288629625355,0.0477242865979552,0.0421325433140507,-0.0313313278328838,-0.0947231780662397,-0.0082823128040901,0.0076353109960851,-0.0248234101190018,-0.0559808845075198,-0.0127811598229156,0.0270467115881384,0.0416310620317017,0.0452953608827388,-0.0202978918214095,0.0298764824370409,0.0098031209960927,-0.0407908526844742,0.0778467610089062,0.111129419841585,-0.1063977673274843,0.0291030165246022,0.0384369477780472,-0.0148271252019743,-0.0531070329536776,-0.0700569281546346,0.0360591442870241,0.0551941866603267,0.0171869799019326,0.0094062232113631,-0.0116529524254168,0.0098718667189872,-0.0119310029739451,0.0045293095048226,0.036661966765316,0.0247050380182682,0.054595740381511,-0.04517259433592,0.137493682355609,0.0240115681018486,-0.1157915118253065,0.0222838485110006,0.0341161718066695,0.100136895099764,0.0388709914384404,0.0188403740362332,0.0341778575241773,0.0468896305813577,-0.0009211758871461,0.0389968907566693,-0.0968807751064415,-0.016873983096779,-0.0239763722935084,-0.0056023833356451,-0.1659516827626408,-0.0169044061597662,-0.1263470481260595,0.0306352391541404,0.1550938578807554,0.1356589805983878,-0.1216621017708997,-0.0252074133355317,-0.0146987462827949,-0.0014628979868986,0.0038123674426764,0.0306443642045011,-0.0723651372966621,-0.0844719177907682,-0.0147708043372856,-0.0327831419671409,0.0200741463575406,0.0055809049183057,0.0949601010416116,0.0461723564022773,0.0738191106082879,-0.0853419687680901,0.0276549143495674,0.0477516259932695,0.0364915432723647,0.0340811380418164,0.1566799357259481,0.1198460293009087,0.0704050658931065,-0.0526696569835731,-0.0298344659717728,0.0098138326552694,-0.0245152280168795,0.0669986837270157,0.0651675240633959,-0.0545548323042294,0.1367933862660493,0.0392420638879682,0.0569662844255383,-0.1176518331100463,0.0142671127642151,-0.0368007702912627,-0.0116338127457772,0.185753288215662,-0.01048230728532,-0.0081477303565744,0.0527989716608019,0.0676709142697966,0.007523963126544,0.1020107599010676,stop,1905,14,108.85777861080874,-0.0103714212476504,0.0471874629382597,0.0158148310450321,-1.0,4.549758592531327,1.5248470452990996,13.788183216290934,1839,0.7888416085032491,6,0.0866316040252645,0.1347673068493611,0.6582323151476346,0.0,-1.1584393291813169,-0.3695977206780738,0.1916207130396696,0.0975820003744975,110.8050867862038,108.85777861080874,125.72875959111354,1.9887762762250585,-0.0991172335928811,-0.0349880111649933,0.0180553159719706,-0.1039683314977173,0.1000010172526038,0.0011890466491459,1.0,0.0304253795988431,2024-03-25,35.0,8,0.2536882998713914,0.2059285093094229,False,False,False,0.0,0.0,0.0,-0.1018621817814891,-1.8924474699936111
AWK,Falling Wedge,bullish,1,0.7281218892015126,5,62,2057,2058,2024-11-19,2024,0,132.55641591654995,131.043381152572,147.87602123105307,123.60647689252876,1.3757187805142672,0.0115460601723664,True,-0.0075020885808589,-0.0248977533099894,-0.0320290320370088,-0.021822367551021,0.0190827574745444,-0.0594432181643405,-0.0076759551366426,0.0154219482429105,-0.0018256054888727,-0.0362466383352422,0.0149477875929258,0.0165111687434393,-0.0141784478392179,0.0124079205370775,0.0115206379358825,0.0347434292960018,0.007100555493084,0.0134959084147068,0.0237034842294514,-0.0577599881702236,-0.0351616473787466,-0.038352649443748,-0.0007240910016069,-0.0549667124089608,-0.0842359899943349,0.0119819909245448,0.011686393273903,0.0026683405773164,-0.0001128885726248,0.0388756014239382,0.0012941344428529,-0.0170670486686022,0.0169061193208714,-0.0042076059545236,0.0202887638159063,0.0342690971363961,-0.0807115198712834,-0.0017067403148227,-0.0012493441647389,0.0216881553039409,0.0632832469112745,0.0704815481768665,-0.0095795898670208,-0.1035109590212977,-0.0206217932229964,-0.0576995074914559,-0.102431106013743,-0.0954865976587902,-0.0244357654178972,-0.0677947360546495,-0.0413344029651236,-0.0373889976232486,-0.0092211691154554,0.0467138293305045,-0.0081169296107519,-0.1317450258724165,-0.080872280252074,0.0173202125942306,-0.0001499877310499,0.0039828710632354,-0.0208676003945131,0.0245432149675084,0.0860733546461118,-0.0081169296107519,-0.0989556657430391,-0.0817563412114702,0.1449242332474791,-0.0295245690389823,-0.0865949717741253,-0.0887255088988763,-0.113624173518346,-0.0684598323026185,-0.0986136234936632,0.081143743775347,0.1108999859475696,-0.1525426941299271,0.0322062435683989,0.0511371063950705,-0.0747729250876096,-0.070899469328699,-0.0163353975971802,0.028064734821223,-0.0503479261175009,0.023588661969911,0.1247764759024216,0.1058737128619704,-0.2079824275642449,0.0618283963185459,-0.0296178112992536,0.0156107721236491,0.0114209557788473,-0.0825744430259892,-0.0719626612095363,-0.1136527091367585,0.0538896205600443,0.1836517846281173,0.1161764028737695,-0.0850710456533089,0.0643698214304928,0.0024187553693695,0.0795904246857541,0.0760309529138798,0.1867958372847076,0.0534045444138808,-0.0770896152270176,0.090974860301793,0.1205856029858414,-0.074237815881048,-0.0486378355431412,0.1382417483878844,-0.0357521027260927,0.1575998042625961,-0.0828705561824824,-0.0790701021598475,-0.1140127155457959,stop,2071,14,123.60647689252876,-0.0675179617835743,0.0077904970958174,0.0711968073006728,-1.0,0.1153840680319929,1.0544869160726575,1.7116994063742823,1995,0.4562048037668202,5,0.021508595977735,0.0777477508248936,-0.0524323214007451,0.0,-0.9022653548632934,-0.4460605510964711,0.8738047092427135,0.1197956014309135,131.043381152572,123.60647689252876,147.87602123105307,2.728368469265446,0.0562257209501488,-0.0121905524670106,0.0206467391149515,0.0400328044423623,0.9095032934255776,0.0100242255745517,1.0,0.0119659565343768,2024-11-19,35.0,8,0.075390885542329,0.1475022240124595,False,False,False,0.2857142857142857,0.0,0.0,-0.0065452085694943,-0.0618229432207402
AWK,Falling Wedge,bullish,1,0.602068175093125,3,38,2095,2096,2025-01-16,2025,2,120.5466576518798,114.78563308891512,136.43810586566815,112.95717726150724,0.7170974846412426,0.0501894218634668,True,-0.0352184965279577,-0.0536619861033905,-0.0246230446945319,0.012648692257428,0.0078742875451989,0.037749052968683,-0.0046576887689813,0.1521632359941769,-0.034769898991033,0.0200151607485536,-0.0037621610593547,0.022479489554652,-0.0568614102536104,0.0057876321411147,0.0103675872246942,-0.0126118738069939,-0.0046576887689813,0.0079647437054291,-0.0080813339889266,0.0259680427917017,0.0245343454626447,0.016288919940758,-0.0449093010280888,-0.0113428610867049,-0.0194842167593697,0.0070147486240468,-0.0079668922400507,-0.0411633639612407,-0.0401012538307903,0.0340976468065821,0.0981410004265612,0.0531051911039077,0.0258857432923129,-0.046317137506681,0.0453510051019514,0.0648848040746203,-0.0321076169280015,0.0252401930870469,0.0190558792745438,0.0108437077244041,0.0947089128882352,-0.0066484752613291,0.0368727919384548,-0.0185306558306664,0.0084331186667516,-0.0278828284592378,0.0029364324207763,-0.0184049450397272,0.0091609067291316,0.0669572703502736,0.1006484613159892,-0.0318031850142527,0.0136178093449881,0.0128229406035877,0.0031269400305784,0.0374184272913737,0.0364741830901818,0.1006484613159892,-0.0489633406656182,0.0956272361038319,-0.0070693237640523,0.0858259215532173,0.0075634906235766,0.0343350966796922,0.0512938342074056,0.1171717050712735,-0.0483558275995203,0.0206736295147549,-0.0299222994183437,0.1558591805994151,0.2057955913348105,0.0498947653172052,0.1425234898974186,0.0249637620886042,-0.0033220726368283,-0.0497953301459852,0.0321333237303493,-0.0063726279418045,-0.002359546184269,0.0909236063077376,0.0951936941003828,-0.189365980404093,0.0856072918272676,0.1066349725752724,-0.0327831419671409,-0.005705074074448,0.0637414939378733,-0.0100036954295728,0.0062217683029055,0.0957881264402444,0.1328209709135099,0.1245221907666837,0.1878642863042072,0.2820384645535035,0.1258367452800439,0.1177674969669999,0.0737443989456396,0.0746915681590318,0.0072522423857814,-0.0013812874623653,-0.0566325679269448,-0.0943809087366724,0.1487558193485489,-0.0305429114148799,0.0841048132195043,0.1368994878815397,-0.1391532589055625,0.045459154812905,-0.0997724106758726,-0.0741444762820989,-0.0402659108547008,0.0949618029875385,-0.0563351694991174,-0.1154675436524876,0.1777944320753657,target,2126,31,136.43810586566815,0.1318281943550887,0.1341497918510737,0.0431504948737399,2.0938782889467698,2.130753121499072,0.6853760291221436,2.0938782889467698,2055,0.8055859179467523,5,0.0351433066821573,-0.0633064743336901,-0.1714086804312368,0.0,-1.9906106832546675,-1.1850247653079091,0.2086658776360022,0.0825175346490656,114.78563308891512,112.95717726150724,136.43810586566815,2.135715431561189,-0.0493368815750897,-0.0286805498982892,0.0176762576151319,-0.1035782744565647,0.9888886298661204,-0.0023476646687581,1.0,-0.021685822118629,2025-01-16,1.0,28,0.0851936342039916,0.0408852845473739,False,True,True,0.074074074074074,6.0,0.2222222222222222,-0.0209038909720731,-0.1864170023789621
AWK,Falling Wedge,bullish,1,0.6773024009765399,5,48,2444,2445,2026-06-09,2026,4,126.11116507239738,122.0001022522199,143.59229457990205,119.0154613647802,1.640873370591756,0.0336972079882225,True,0.011973239596303,-0.0111250038297725,-0.0263691425091536,-0.0203367667577684,0.0373097052215025,-0.0047227873336445,0.0005592471805091,0.0190676890537135,-0.0047274755998412,-0.018290752411449,0.032643706358187,0.0233029285691921,-0.0002737858459098,0.0219683414511582,-0.020186430300636,-0.0089366923028282,-0.0272163985937805,0.0271887088753921,0.0114052376478404,0.0261101409310628,0.0131981158015122,-0.0004564902714455,0.0079113846381223,0.0211894098079048,0.0188182663145182,0.0135000791773778,0.0066849889514128,-0.0243529095508011,0.0539607566720938,0.014716197947316,0.0021425244305695,-0.0254883568867757,-0.00696626435578,-0.0152304299704415,-0.0449467671443029,-0.0165916349551272,-0.0251871149211215,0.0212013848914891,0.0077330245975588,0.0951613744689852,0.0539172506640566,0.0144510036875129,0.0177398151011296,0.0289180873203001,0.0127389070813688,0.0119843139475637,0.0283576228578739,0.0007371379749889,-0.0619206831055474,-0.0376080786573743,0.0716728990113997,0.075318002618874,0.0058014594468021,0.1069986283894499,7.608234567979544e-05,0.039220915925406,-0.0037100623359229,-0.0450736333250719,0.0254817762549244,0.0322397148861568,0.1001811536310073,-0.1279265699028481,0.0021375111729438,0.1033277323834944,0.0909985500905314,-0.0025867775516134,0.0064824884438345,-0.0295232636582009,0.0107782305546776,0.0619929537903036,0.0113378151503138,0.11484268449232,0.0677252594231982,-0.0737060650529841,-0.1445756359675789,-0.0566899460740369,-0.1141342234877473,0.037004258980327,-0.0511856445386986,0.1032075512160985,0.0053968639118628,-0.01476207130434,0.0337041308630103,0.0591864687985901,0.090241500576933,0.0922041737884979,-0.1347202285584855,0.09497364773057,0.0461723564022773,-0.0144517424376254,0.0456650917626275,0.0526880322640628,0.1171889444425231,0.0602317541552186,0.1174196250271515,-0.1082377381160251,0.120277554432471,0.0571077631815268,0.0793252203928593,0.0558812396788845,0.0170603002836402,-0.0427659084112598,-0.001260980561109,-0.0869277828426927,-0.0955704265511417,-0.131211565737953,-0.0536440288924571,-0.0419869091508904,0.034799621795533,0.132669985807333,0.0710921375390083,0.0029860902914127,0.1529996796401769,0.0563167838539691,0.1003724113595012,time,2504,60,140.88999938964844,0.1171889444425231,0.1281317097561279,0.0285151203105666,2.0827862783202327,2.2772708480932176,0.5067961111009737,2.463621682616034,2392,0.7687732663677997,7,0.1825126955307804,0.0161418725333664,0.0910324199687004,0.0,-1.5220775078320292,-0.7533042414642236,0.2736741891310809,0.1046353949751049,122.0001022522199,119.0154613647802,143.59229457990205,2.8467782886678035,-0.0428467772809104,-0.0227438271983572,0.0228289159425666,-0.017103029684183,0.745761807778098,8.164793373910406e-05,1.0,-0.0030433968576589,2026-06-09,13.0,27,0.0924733442032788,0.0366650588153119,False,False,False,0.0,5.0,0.1923076923076923,0.0041968077502137,0.5743715979675232
AMT,Falling Wedge,bullish,1,0.7023423309346021,3,27,665,666,2019-05-10,2019,0,159.5720746482651,157.99985185497775,163.8265756401413,154.75854269729103,0.9433275620595728,0.0099507865028281,True,0.040664093079973,0.028554350850404,-0.0295255245255073,-0.0335789135996571,-0.0089056398861659,0.0109278510199946,-0.0439177255149475,-0.0223406448499465,0.0858159754503979,0.0716116781954669,-0.002444022626559,0.0301096511668848,-0.0540228624980408,-0.0119988773537373,0.0407414977673197,0.0773619407865022,-0.0139121984796517,0.0008539544734691,0.0222167685849745,-0.0028176620590428,0.0071789932071946,0.0058718693418382,0.0342027876499337,0.0435944654013897,0.0423198073767776,0.0300296186638626,-0.0180546222517871,-0.0775052378553781,0.0454748804595706,0.0549744688656668,0.0044510289373798,-0.1226186985156887,-0.0133952579853909,-0.0693447774007892,0.0415029186228794,-0.0019337807270712,-0.0163233009977831,-0.0122520424344291,0.0784409801752719,-0.0559960788677288,0.0787809831353385,-0.0295871476565476,0.0213428752908186,0.0091192834371236,-0.0014103924374226,0.046309680378495,0.0788097091664554,0.0556170236866182,0.0405811241806026,0.0664062351358694,-0.0314696135734583,0.0872638791391156,0.071958037723717,0.0737273890411349,-0.1337301191921071,-0.0359817267479688,-0.0411581981644759,-0.0463848418865605,-0.0048332755700726,-0.0498724036198273,-0.0115534477115485,0.0498618075726988,-0.0703400154183405,0.015007343318294,-0.056076017864189,0.0206896393976232,-0.0239834804801968,0.0220696206000647,0.0817006123724367,0.0910034813333582,0.0335876070609315,0.1425750121293161,0.1011871788860194,-0.0534231725948022,0.0901410020863986,0.0647014135646106,0.0745570721199897,0.0098359068759286,0.2359245178262194,-0.1084766061359909,0.0533593662083156,-0.0977572398639425,-0.0716437842915157,-0.1357717703168885,0.0623524847888345,0.0732897457242489,-0.0197416644202297,0.0322506511480689,0.090068874443776,-0.0653886550331862,-0.0666979476887249,0.0704363620605359,0.1201229386815316,0.0961168041078128,-0.1184862504200984,0.1509288547224172,-0.105233880404823,-0.066112342174792,-0.1121996096859085,-0.0918483402065629,-0.0378285359127608,0.0306375934257823,-0.1581792531906576,0.0232453552210003,0.0118965613341051,-0.0639307880570523,-0.0575763643592525,-0.0383152568209811,-0.0663874378716773,0.0869483251237586,0.0135106542066707,-0.1929713816093671,0.1253305139548446,-0.0915779567745171,0.1580304156565252,target,667,2,163.8265756401413,0.0266619394480778,0.0301253921221354,0.0022619907039996,0.8838626262811567,0.9986785939062648,0.0749866320923172,0.8838626262811567,638,0.4759176760323906,7,0.148186779159241,0.1265588122710357,-0.317879291797133,0.0,-0.7423757103923191,-0.2664580343599298,0.8677366562623597,0.0437870079234248,157.99985185497775,154.75854269729103,163.8265756401413,2.279371956659562,0.1906899856587465,0.0244064060318467,0.0142010531370359,0.2656264485171185,0.853847959622832,-5.223702723822221e-05,1.0,-0.0003815838984322,2019-05-10,4.0,5,0.198671744111669,0.1452028516029719,False,False,False,0.0,0.0,0.0,-0.0083076915622553,-0.823471398085338
AMT,Falling Wedge,bullish,1,0.7418448502999369,3,23,928,929,2020-05-27,2020,2,213.33707123253964,193.6505479458044,216.3533815205966,186.3234567664898,1.4216217718844688,0.1016600443198578,True,0.0460449757723639,0.0213279553802683,-0.0119905546225846,0.0243455902061529,-0.0081524890888471,-0.0240723788445764,-0.0609856279530588,0.0090621513648603,-0.0410854554502021,-0.0385840995312556,-0.0065071212808713,0.0226147031135464,-0.0190398241998762,0.011296518883322,0.0062902027293418,-0.0086973016099416,0.0126731292792974,0.0097852874916122,-0.0239999029084588,-0.0100138490508051,-0.0174502270834426,-0.0229466964419118,0.0559178730222489,0.0380253113336042,-0.0090778212545064,-0.0069421083713976,-0.0304996825196426,-0.0687905267138488,-0.0297381679305811,-0.0017872728923676,0.0144823834370138,-0.0177951142835082,0.0104513873707166,0.021456998724193,0.0293414313899931,0.0233905312909781,0.0158340418719131,0.029582756561123,0.027804906995843,-0.0519910298427873,-0.0057044923077594,-0.0100656117494708,-0.0261432309679352,0.0109433602437092,0.0527229791017704,0.0386976343632064,-0.001472349616435,-0.0040264634114248,-0.0966451201100709,-0.0121055729019453,0.0424608863199147,0.0377594514951249,0.0705754994383534,0.1825661602948045,0.1308006416695166,0.0488761736824543,-0.0206181516326294,0.0345044512575838,0.0537947259631297,0.0941720982161027,-0.0843128525367182,0.077366999783921,0.0546010158006946,0.0599160687093878,-0.014427016158351,-0.0478295768329769,-0.0364450351010203,0.0713043268744841,-0.033788108328023,0.01314142802872,-0.0516252101873968,-0.0310037397643284,-0.039757787866593,0.1238499670282664,-0.0377982686789126,-0.0439027668628277,0.0251539042300155,0.1645200273614249,0.0503394359823405,0.0024379955748545,-0.0105562016288063,0.0522121851280417,0.137766976385653,0.0510927199047337,0.0451893161480774,0.1635330080654571,0.0547389492608572,-0.1084423377823928,0.0435055837826436,0.0689342195647597,-0.0252578620827076,-0.0211863381588077,-0.0270071757624084,-0.1422825205909745,0.2850621877410961,-0.0610862723671083,0.0276805465575262,-0.0800741666971742,0.1251164651338738,0.0574719097454174,0.3059469265505827,-0.0724764953110963,-0.1119687704638887,-0.0889434841173836,-0.0645708406348642,0.0587059715665576,-0.1516185811825278,-0.0195660387158317,-0.0462855715448294,0.1014189292359288,-0.0992467994074854,-0.0302499521218915,-0.0443188750585111,0.0869177435467847,-0.0359029173851671,target,929,1,216.3533815205966,0.0141387067452949,0.0150614434592668,0.0082152839560295,0.1116588930314303,0.1189461054970157,0.0648793081994147,0.1116588930314303,903,0.5837771714464841,7,0.171198929239485,0.162731981013718,-0.1002784891212202,0.0,-1.1549409825725974,-0.5711638111261116,0.6385048712342782,0.0930954059091395,193.6505479458044,186.3234567664898,216.3533815205966,6.289807243232354,0.1127377880374176,0.0842698169143851,0.0299052923178032,0.2098109450972176,0.9162909195789086,0.0068872853517059,1.0,0.0622963858714233,2020-05-27,2.0,5,0.2450705354274465,0.1403939964383393,False,True,False,0.0,1.0,0.25,0.063029458340604,2.1502396020837318
AMT,Falling Wedge,bullish,1,0.6395644020021161,5,30,995,996,2020-08-31,2020,2,208.21242050911,206.22614215736095,237.51053821586092,201.7031197153236,1.018799183911396,0.0096315546175196,True,-0.0065609751408156,0.0419813247510466,-0.0039366518879719,0.0076053973672802,-0.0141754591699582,0.0289762493051581,0.0258465646347845,-0.0397645611063537,-0.0057682677533004,0.0037877060913091,-0.0271955528300903,0.0013218270343906,0.0240728910083618,0.0099548585501787,-0.0278129058022337,0.0248158730694239,0.0431305634934409,0.0078517275607064,-0.0095178030142889,0.0013156357663461,0.0062339267308866,0.0071540312963476,-0.0097557776580365,0.061624521315295,0.0902930815269477,0.0488399158980432,0.0464445294125772,0.0292646093258441,0.014577552600514,-0.0565155255500673,-0.0419368493314369,0.0301794454285031,-0.082274965271945,0.0986015841728018,-0.0660216931021765,-0.0043880170178913,0.027312036711629,-0.051886253305468,-0.0022818837171778,-0.0091297957092028,0.0517461853922081,-0.016169042804066,-0.0132186156654472,-0.0358980718350628,0.0232483155951293,0.0620998482539296,-0.0288012022944005,0.0183406588594502,0.0731644368050816,-0.0494389077749343,0.0949279991373495,0.1528626248278228,0.0223827524456048,-0.0133130858553557,0.0607436396027705,-0.0465362483777176,0.048206388161317,0.0746927830305472,0.0343689796314801,0.0331373490211182,0.0622358651662036,-0.0870443647524815,-0.0260067460017944,0.0628624233685848,-0.0040462585334323,0.1097798350394576,0.0565776413510938,0.0763640728956644,-0.0655972612538195,-0.0448180176898963,-0.0144475459146033,0.0344118006089153,-0.0664641261094893,-0.1244830036825106,-0.0010727771080371,-0.0688341753790101,0.3195869321615463,-0.17861446040697,0.0667330340116556,0.0302465701596863,-0.0304431306825389,-0.1090439180717817,-0.0353299800089675,-0.0861172842743657,0.0918513263157514,-0.0690644107219058,0.0386366539480753,0.1567758826198979,0.0157731483581957,-0.0695627960979301,0.0912264266325786,-0.0451286033035361,-0.0775795856106096,-0.1188803512226235,0.2733655069923728,0.0527641051010432,0.0900136786136254,0.0681566500933363,0.0411526510189055,0.0050205128251554,-0.2705725633391608,0.3147415754486287,0.1004122044095197,0.0205672615777936,0.0038173026276635,0.1255130350953217,0.0236544017973112,-0.1141880682680608,0.1740970865425648,0.1506602503510181,0.0071345769933492,0.1506602503510181,-0.0962837067884909,0.0411526510189055,-0.1356715537337006,stop,1009,14,201.7031197153236,-0.031262788155818,0.0813879888726369,0.0408549076452783,-1.0,2.6033502983479213,1.3068222655526376,4.5009623360343145,963,0.7401452579549228,5,0.0134695943262427,-0.0311846211423326,-0.1435400968590274,0.0,-1.1056675322873026,-0.3655222743323819,0.215977526474694,0.118009543117029,206.22614215736095,201.7031197153236,237.51053821586092,3.801883800419144,0.0444279099309998,-0.0286420506577167,0.0182076061578321,0.0353918135345099,0.6311767879832232,-0.0023638727210358,1.0,0.0624105310571059,2020-08-31,2.0,5,0.1396757976162417,0.1236497251414134,False,False,False,0.0,1.0,0.25,-0.0249495583345865,-0.3860733740527552
AMT,Falling Wedge,bullish,1,0.6279285724282272,3,52,1372,1373,2022-03-01,2022,2,197.164268598154,194.6771637660904,276.1819852666649,187.96288205088672,1.223715549055919,0.0127755345514068,True,-0.0014892016445192,0.0357937583741616,-0.0909746716489301,0.012311644936076,0.0043740088283281,0.0234718332330567,0.0747785892467374,0.0136088889597676,-0.06599335833559,0.0432920344955192,-0.0202941940883881,-0.0138951873598578,-0.010655029005078,-0.0186490786834161,0.026500302192171,-0.0729480350592328,-0.0804274742424389,-0.1435755044556197,-0.0167456046884783,0.0115591400572834,0.0006696298679644,-0.0196005807768534,0.0156704306818297,0.0346020526801773,0.0489417637100596,-0.0037716651258403,0.006291973163379,0.1110787212529795,0.0201940067655246,0.0209620024736396,-0.072209808636397,0.0014581692852264,0.0407612652033109,0.0155774590397363,-0.0225738366652272,0.007935727583491,0.0131708532266638,-0.0913710876002921,0.0014581692852264,-0.0338876930646433,0.0584607584075171,-0.0253327587538193,-0.0069094807762557,0.0233202800305285,0.0160043261607409,0.0305711836174028,0.0974113975628525,0.026606947491677,-0.0331821077644211,0.0397269489180676,0.07377556191518,0.0181922848862781,0.041377629285622,0.0248964461081546,0.0506832112603099,0.0122803241855178,0.0486312093647467,-0.0205444749582536,0.0814017808502534,0.0834487494951279,0.0549208023602809,-0.0300747942956985,-0.0223221647879872,-0.0026513956650082,0.1674612184902806,-0.0621628779238773,0.0739667377261006,0.066163156211858,0.0641119852797259,0.1134053827064771,0.145331069744239,0.0858659526473981,0.0154945011841045,0.0723320119992221,0.2090338879604558,-0.04839157320417,0.028677140175211,0.1252346843904475,-0.0508510360503139,-0.0107786335038886,0.0660610601528453,-0.0638137972452229,-0.053208166378953,0.0533593662083156,0.0778207376576824,0.0272794021909419,-0.1125181410997003,-0.076171128222938,0.0889468526846826,-0.0642300764029953,0.0547389492608572,0.092161282986278,0.1461667237478987,0.224260886291511,0.0310838806890367,0.0535214552355431,-0.0523724676859261,0.0184980132087557,0.2677757435015158,0.0411526510189055,0.1213538800153763,0.0424138649392478,-0.0680597193966359,0.0768754329382785,0.1029520281115563,-0.1055536101698181,0.0515051729686011,-0.088269941553443,0.1094837347618959,-0.1929713816093671,0.0347979294562001,-0.1476072079722351,-0.0051140677800131,0.1522965809775243,0.1239786251651487,time,1432,60,225.98312377929688,0.1461667237478987,0.1956610789048972,0.0223522916814198,3.132012228059456,4.192560905602523,0.4789575156114491,8.58758799693927,1318,0.8353830350239635,5,0.0409296223544826,0.0094810716594031,0.0767554439819773,0.0384615384615384,-1.764846402859982,-0.9294633678360265,0.1740353701833372,0.193380876762926,194.6771637660904,187.96288205088672,276.1819852666649,5.748988867513488,-0.1477931188214876,-0.1010732063730555,0.0291277482667772,-0.2088712263492872,0.4410396116211296,0.0049809896897807,0.0,-0.0442977118354123,2022-03-01,52.0,9,-0.0638396730197197,-0.0399093854666823,False,False,True,0.5,1.0,0.125,-0.0481484856192273,-1.074278040386994
AMT,Falling Wedge,bullish,1,0.6685946343024309,3,19,1426,1427,2022-05-17,2022,2,201.9167273819247,200.9304866222751,242.26873376818003,190.43579024373048,1.2057347437644663,0.004908367944699,True,0.1115791608837937,0.1353956796240919,-0.0841567975907562,0.0578282064294788,-0.017012367605387,0.0126814876086329,-0.021712703986037,0.0007928616994286,0.0251535831459612,-0.0550171271331763,-0.0269071630625872,0.0071789932071946,-0.0179459572990198,-0.0073710936260759,0.0305899272053982,0.026611469473013,0.0177441950887873,0.011916772182708,-0.0067166015653304,0.0399772342394004,0.003929938116157,-0.0333188728090728,0.1133668616978578,0.0859524133565659,0.0708594523115593,0.1322203062445219,-0.0513126773265234,-0.0394328651681722,-0.0247918577037965,-0.0871750261455133,0.0422178527200767,0.0102092637051645,0.0077074329502944,-0.0614109363614643,0.0288917940229989,0.0961057701171992,0.0793567544209037,0.0102770750411711,-0.0186859485395136,0.0259991585556631,-0.0525930064373734,-0.0022261825158463,-0.0102735911485725,0.0180904090051665,0.0275598084712977,0.0794157366611817,0.0379669305245935,0.0981897588744977,-0.0262982382534026,-0.0159472428901629,0.0140813625060487,0.0675863242956464,-0.0717599830266689,0.0221215363504236,-0.0289967261241586,0.0698799022370129,0.0081725902264231,-0.0093715465673701,0.0098538338962517,0.0723341316044718,-0.0362733348529324,0.0335847165590879,-0.0841296022577104,0.0551852669715431,-0.0702263313845948,0.0457359406572657,0.0661463962897919,-0.0220211049012735,0.0329840359578089,0.1124934788368474,0.1538971760345321,-0.0141330145626752,0.0361543921534599,-0.0303092056399286,0.0667330340116556,-0.0292703753780497,-0.0176161507962721,0.0600004713565236,0.0466446097569759,-0.0730055313376965,-0.0762113429772688,-0.1289564050772075,0.1338495097665299,-0.053208166378953,0.0666168398489535,-0.0247269210884734,0.0540940744257747,0.1206058660757602,0.1149614022683405,0.0196538176223701,0.12489924168817,0.092654671549948,0.2012507864427162,0.138190280003505,-0.0226999324080068,-0.0770524167538564,0.1411851003064406,0.0375422180013342,0.1321884004941866,-0.0316000583487204,0.0767650637484851,0.0120589983200263,-0.0822351650928222,-0.044666468886603,0.0272857503029444,-0.0513475689564905,0.1029520281115563,0.1234273952529636,0.0043426737360334,0.1756373350563833,0.0891700711934075,0.1436799477998478,0.1824732926214389,0.2487274088709605,0.1418590827742407,target,1484,58,242.26873376818003,0.1998447920064081,0.2109830161890158,0.0144474884787689,3.51469622214151,3.710585612417547,0.2540898497576755,3.51469622214151,1405,0.5337865360892846,5,0.0642887431724879,0.0525182301691633,0.1036898378551933,0.0,-1.629084783304061,-1.095298247214772,0.7748076375125349,0.1090508113202262,200.9304866222751,190.43579024373048,242.26873376818003,7.022481831145417,-0.1079696000661127,-0.0509650452963199,0.034714919199177,-0.0963189729895243,0.8510630622831048,0.0129441289171656,0.0,-0.0825094641007874,2022-05-17,52.0,9,-0.1099864750716187,-0.0999422365906457,True,False,False,0.625,2.0,0.25,0.0635735349399729,2.210433192878136
AMT,Falling Wedge,bullish,1,0.6521753443234475,3,34,1634,1635,2023-03-16,2023,2,182.04400736915773,173.00309348479277,217.95765327202344,166.4079663143516,1.1610143310937806,0.0522586833694951,True,-0.0671340144191566,-0.06700701138851,0.0443176588340039,-0.0079481508346861,0.0255262403782319,0.0596412446936773,-0.0149146624079437,0.0179583967869643,0.0113018476939132,0.0004372066538635,-0.0022677026563525,0.0131478690949691,-0.0373449211595525,0.0112716633891665,0.0637096635689973,-0.0186656657729562,-0.003264377476312,0.0396602109598673,-0.0258861384953922,-0.010906540155491,0.0002655889243956,-0.0219107153224737,-0.0743404502540011,-0.0205930500416343,-0.0472447381824351,-0.0133108229546898,0.0745513653612031,-0.027336502710601,0.0169018598287393,0.0006547217494612,0.0185616914291886,0.0131708532266638,-0.0486749658470505,-0.1984245271482022,0.0093423937078078,0.0043999310190745,-0.0428326134848581,0.0214351506369061,-0.0418492864563427,-0.0203047049637669,0.0361253007124349,0.0226685760399636,0.0079339858768567,0.0028598475438492,0.0204197696124064,-0.0134076512005865,0.0146980321650371,-0.0342313503546334,-0.0330683826054933,0.0236562103346906,0.049259568776101,-0.0546564407610246,0.0062447249660173,-0.0353888216059536,0.0924517995163418,0.0674117891800532,0.0174472849702882,0.0574767148112094,0.0624634651940678,0.0380170205755479,-0.0166395846683081,0.1171242659881135,0.047297801535806,-0.0185023242879649,-0.0627096622792716,0.0763654332897676,0.0711584537034974,0.0345450924335422,-0.0122996882883142,-0.0176721174114725,-0.0643890852751861,0.0561137927271961,0.0076783363683348,0.0399976700686355,0.0170586776821648,0.1867016853027359,0.058101354041514,-0.0267533547667003,-0.0711115953045818,-0.0720374539028367,0.0212584006491172,0.0969407162203659,-0.0382773864895955,0.0566328046972723,-0.0336614325700741,0.0745815756435783,0.0393463605856425,0.1455291617959964,0.0888364062958388,0.0542454338103632,-0.0273167280743741,-0.0513653386505022,-0.0752020346876435,-0.1784013131803637,-0.0439275060327447,0.1099175262962144,-0.0992467994074854,0.0943638509300852,-0.0050900403447095,-0.0574360773794102,0.011611835476482,0.0208437794159317,0.1331316075938169,0.1230482649599604,0.0873128248366521,-0.0542634586468316,-0.0182070886719163,0.0142442293086126,0.0087220701088497,-0.1114801678880015,0.0142442293086126,0.0026292726358896,0.0289673401932075,-0.0419401569798519,-0.0860743114733117,stop,1682,48,166.4079663143516,-0.0858915450213013,0.0395148934439651,0.1016375283783368,-1.0,0.4600556834105771,1.1833240204624376,2.296850320166354,1598,0.7558355960142965,5,0.0416590423054769,0.0053413627803593,0.3243258059321539,0.0,-1.463824747040322,-0.7079891510260203,0.2841261253270605,0.1563086976035816,173.00309348479277,166.4079663143516,217.95765327202344,5.31431907286864,-0.0992493991429657,-0.0344599901046622,0.0292437487029937,-0.1737233449284926,0.7679339428277134,-0.0016311834955027,1.0,-0.0431663323161605,2023-03-16,44.0,10,-0.1045625941070073,-0.0545483245197219,True,False,True,0.6666666666666666,2.0,0.2222222222222222,0.018886285577399,0.2917633679765446
AMT,Falling Wedge,bullish,1,0.6166309277924081,3,34,1754,1755,2023-09-07,2023,0,164.63058476167427,161.64952652003353,182.2043565941367,153.9270715976537,1.4713396258165186,0.0184414907102823,True,-0.0098966286669186,-0.0221690217016501,0.0581988789824676,-0.0270786193155494,0.0011251091757864,-0.05022741432769,0.1845228015233475,0.0030780535404946,0.0152498051864722,0.0396191202249025,0.0020677761312972,0.0381972235586514,0.0207465823890791,0.0121390120685411,0.0432850882629531,0.0115866729453428,0.012714429484997,-0.0116260907036371,0.0064208604315432,-0.0026386255885161,0.0013878428050901,-0.0286212269789178,-0.0264039926567514,-0.0741974174915971,-0.04725134630961,0.016158430529384,-0.0334517219462413,-0.0614109363614643,0.0050818125905207,0.0214388642863792,-0.0021832279072486,-0.0394328651681722,-0.0231026349772843,-0.0282734495020785,0.0233198938339056,0.0109433602437092,0.0231957081473699,0.0197428210094676,0.0254924977278299,-0.0032205192249975,0.0396937492623952,0.0316678930987901,0.0396937492623952,0.0086860847692034,0.0075501555212862,-0.0782769007513546,-0.132210454550718,-0.0897231433662905,-0.0698650068736321,-0.0221017483329137,0.0404080750743875,0.0429032239436319,-0.028021656642749,-0.0128140864622675,0.0808164835434803,-0.028016847302831,0.0133835742841952,0.0423036651273756,0.0627369093810017,0.1117167127713927,-0.0163824516382508,0.035237803905437,-0.0008167864737895,0.0115308000958185,-0.1292051189773055,0.0399453258858599,0.0534935981016,0.0863201557335398,-0.147889085807917,0.0170586776821648,0.045425763950482,0.0785266702267317,-0.050040848195645,0.0822466100383609,0.1324167400814866,0.0647014135646106,0.0251510774782224,-0.1187316351375074,-0.0688646340601054,0.0788356697782646,0.1424784817796125,0.1078733255493655,0.0549014575851583,0.0901518930939888,0.1109508282419593,0.1223712125721834,-0.0425510914299599,0.0014387624891436,0.0956916438871045,0.0147061746972607,-0.3162987082207641,-0.0132390745188087,0.16242382418219,0.1268665204478454,0.0919494363457997,-0.0258753411365075,0.1269310721558172,0.0657668982895789,0.0824938511653694,0.0449071528092008,0.1190670465410506,-0.2705725633391608,0.0120589983200263,0.2508689932199925,0.1489400754722778,0.1318665575487378,0.0540395689832127,-0.1052218194823952,-0.0150735406815076,0.1559853142495981,0.0168977969563177,0.2256258377550981,0.0893870818725246,-0.2031611083102276,0.1125797587454498,stop,1764,10,153.9270715976537,-0.0650153383073709,0.0022418047103596,0.0751270115362996,-1.0,0.034481166578895,1.1555275030812588,1.6418695023925385,1720,0.5198599671120867,6,0.1373343604535244,-0.0249609780522914,-0.3663450654310408,0.0,-0.8865610389514328,-0.3667010718393395,0.6407133274924357,0.1189746742155945,161.64952652003353,153.9270715976537,182.2043565941367,3.0701961840835303,-0.0800372568554541,-0.0208603455754519,0.0186837335082614,-0.0528875776634588,0.8416808819034287,-0.0021907675040285,1.0,-0.00201901359201,2023-09-07,44.0,10,-0.0352477658673748,-0.0268225230447092,False,True,False,0.4444444444444444,3.0,0.3333333333333333,-0.0147844226847029,-0.0240736779213292
AMT,Falling Wedge,bullish,1,0.8098291333072692,3,52,1875,1876,2024-03-01,2024,2,184.60212780023767,170.555787225642,210.87602098871207,165.87297040487647,1.688551288637815,0.0823562823817445,True,0.0291914754357029,0.0297969960590741,-0.0428507343109947,0.0317407084745857,-0.0063847304759007,0.0145457838754201,0.0327961645820209,-0.0027527203225981,-0.0429355670895906,0.0014383640068693,-0.0254859480658278,-0.0068296515540875,0.0020677761312972,-0.0234800897880144,-0.0078389846915246,0.006302040781045,-0.0609856279530588,-0.0184836352465016,-0.0039789613817783,0.0089599722601705,0.0345010561485101,-0.0078075086532813,0.0350645900993649,-0.0203047049637669,-0.0191017094912702,0.0122808254752646,-0.1107360343642304,0.0475777338481209,0.1526426051107681,-0.0762287582447969,-0.0072106499606948,0.0104898828607273,0.0173466747798778,-0.0163409632493106,-0.0430614530651074,0.0338087352772227,-0.0025362315253578,0.016158430529384,-0.0035898633018706,-0.0037728332641181,0.0749812719830187,-0.0471584566392255,0.0274534778085191,-0.0024290815146534,-0.001182248255395,-0.024229358178174,-0.0418009995408485,-0.0647532779655746,0.033366627132745,-0.046873195574515,-0.0261715102394618,0.1116823841169818,0.1289993537805651,0.01056668944023,0.1249042669805486,-0.0553947141236913,-0.1133721933148731,0.06495329096432,0.0794638964840288,-0.0246832158899119,-0.0096591493770857,-0.0394490990980508,-0.0641285479120442,-0.0341835028669087,0.0429079865135848,7.085457384858884e-05,0.0596210632830951,-0.0497191718393897,-0.0514461051925493,-0.1234574762576166,-0.1227050275370347,0.0050625733459293,0.0603164363177142,-0.038226345461377,0.0211336632965297,-0.1112434494409339,-0.0092293993983721,-0.0301625340593032,-0.1084766061359909,0.2577945926598437,-0.0419138915479964,0.0514946553483075,0.0828850238925262,0.0308490663859033,0.0115147590922262,0.0917593969545673,0.0136331094885266,-0.0697263210084284,-0.1518358825055653,-0.1256023849033994,0.0528452823671257,-0.1231010634920082,-0.0731662113499604,-0.1111054626857852,-0.1248313402035712,-0.109398587676144,0.0348806160214254,-0.2355823337305777,0.0050205128251554,0.01738233570779,0.2176779554098147,0.0124634404970278,0.090618776178645,-0.1133706832579535,0.1100906670743884,-0.066081754073888,0.0246459210807674,0.3130291791564228,-0.3090429264385806,-0.0788151403035348,0.2733655069923728,0.0313714956841759,-0.0956010480909967,-0.3090429264385806,-0.0576051946706684,stop,1902,27,165.87297040487647,-0.1014568879489218,0.0406097044604116,0.1037083529631797,-1.0,0.4002656229792553,1.0221913470812498,1.4028337011563443,1821,0.8019161372512897,5,0.0120851518116464,0.2594767765477148,0.202567235987491,0.0,-1.5399702392613257,-0.7380541020100337,0.2230321665941101,0.1377313806874138,170.555787225642,165.87297040487647,210.87602098871207,4.705358396474255,0.0795844886543839,0.0026431974696141,0.0254474962812334,0.1269069011261252,0.9508460856094344,0.0002011530857117,1.0,0.0483441960699813,2024-03-01,30.0,5,0.0995350643049455,0.0933109673542589,False,True,True,0.0,1.0,0.25,0.0147967800310886,0.4862653815984869
AMT,Falling Wedge,bullish,1,0.7120473470052247,5,56,2269,2270,2025-09-26,2025,0,187.32374021343333,185.4487712516716,235.40176112833456,175.9901644048889,0.787284166934548,0.0101104415473167,True,-0.0137401005447796,-0.0210403658640263,-0.0333188728090728,-0.0229553277542812,0.0321010470724578,-0.0012754347112392,-0.0271137512961592,-0.0030533391195405,0.0018648493431105,0.0647677236799804,-0.0266174368516427,-0.0454911551131713,-0.0017006302149485,0.0055606904038267,-0.0356975929558824,0.0103504253854149,-0.0045281605974746,-0.0548331808311146,0.0427957740871998,-0.020372428558791,0.0090803466477484,-0.0007609685807974,-0.0081802294060608,-0.0320436023647587,-0.0149744940677537,-0.0012377764546055,-0.046405368533936,-0.0107374388309017,-0.0195687974306288,-0.0303267307914147,-0.0652261686419597,-0.072341583769574,0.0409384187557766,0.0221835171700837,0.0706725018626028,-7.248636861101332e-05,-0.0272904405296345,-0.0847183928612625,0.0589252504794701,-0.0020459879326242,-0.0917366835518312,0.0466221510936692,0.0307728428456115,0.0241202290930921,-0.0708810220820699,-0.0206259040408213,-0.006947582410698,-0.026349721760062,0.0822767417904011,0.0653567153614336,0.044920303124962,0.0222916927088128,0.0517412382886768,-0.0239834804801968,-0.103017175445185,-0.1043974993740807,-0.0469925315208814,-0.0957692105972202,-0.1004184030386109,-0.0624152253650697,0.1566862343500952,-0.0158087362519626,0.0642259543838694,0.1620711411401441,-0.0446153694137452,0.0400914564010366,0.0383042339813635,-0.0204969457845471,-0.0124501391236628,-0.0689616079982403,-0.0609388230653689,-0.2059447202167922,0.0081978935133479,-0.0929765458504245,-0.1042019206212176,0.0507863541910222,-0.0511562469163081,0.0965852509724771,0.1238292230233601,-0.1044825897542666,0.0341380964423041,-0.0897176990392228,0.3280305674567496,-0.0887750793609172,-0.0446625089620847,-0.0267533547667003,0.0647014135646106,0.0941781938565391,0.0948255776045849,0.0070605111830333,0.0504715309094465,-0.0761683053597174,-0.1054128662710911,-0.1392703743383383,0.037146256526483,-0.0513893625235561,0.2445543176124571,0.1357054509889763,-0.0846484919562527,0.1862777901617363,-0.0883184089487236,0.2125934537048184,-0.1054128662710911,-0.0518134551289065,0.1320975568028386,-0.0665810462665515,0.0327819698330313,-0.0616428081504124,0.0824938511653694,-0.1186970191455601,-0.1032870711215332,0.0145951258504779,0.0208437794159317,0.0250620326807387,-0.1250309190326047,stop,2291,22,175.9901644048889,-0.0605026132599698,0.0085040469544961,0.0796946828359991,-1.0,0.1405566883194884,1.317210588798273,4.242087557102238,2213,0.5602936350899195,6,0.015489213071314,0.0580969131812332,0.4247882614938889,0.0,-1.662033755618218,-1.1017401205282928,0.5616811350347868,0.1231317921665574,185.4487712516716,175.9901644048889,235.40176112833456,3.539004498973694,-0.0473350898320015,-0.0558472576302339,0.0189206526959402,-0.0776959776133714,0.4299530440295274,0.0032006339970043,1.0,0.0227067141196448,2025-09-26,2.0,6,0.0261557592587655,-0.0120154838166502,False,False,False,0.2,0.0,0.0,-0.0497539395138434,-0.695212780163738
AMT,Falling Wedge,bullish,1,0.6427559218384048,8,77,2328,2329,2025-12-19,2025,6,166.70324887726076,175.5662406397821,205.63910320831636,167.0018050532679,1.4160542313126208,-0.0504823235391022,True,0.0344397870347921,0.0287229005070945,-0.0016198414417201,-0.0373449211595525,0.0021922615850409,0.0192684052811873,-0.0490461793610815,-0.0299669132877204,0.0080092328757135,0.0227733027844971,-0.0274505711495109,0.0152498051864722,0.0011003544763019,0.0483230780052295,-0.0010712662288058,0.02007767368347,0.0195400127190212,-0.0292371056051219,-0.0021199484556643,-0.0475840364354981,0.0150000517415282,0.0799153898836257,0.0331393477799215,0.0343809315449725,0.0228740334186248,0.0593861150048831,0.0160601817616181,0.0169373905856682,-0.0156875148164992,-0.0708810220820699,0.016523360594933,0.041973660768326,0.0166792358849316,-0.0279118607152309,-0.0223308827633956,0.0426482991878949,-0.0220383700195043,-0.016887112835056,-0.0409890492299237,0.0210323368103542,0.009804376879561,-0.0468398394124233,-0.1107360343642304,-0.0107456467608304,0.0737151954129915,0.0378952905503726,0.048206388161317,0.0460716328293631,0.0395164022906757,-0.0131184740296393,-0.0071813799324119,0.0161023013995706,0.0176404549804525,0.0580870809990679,0.0626554445573879,-0.0406699302807088,-0.0268482401771097,0.2740756825743491,0.0533852665117278,0.155431401121606,-0.0287870702592792,-0.0327160548517496,-0.0122400749283034,0.0011122103287517,0.0294072829429135,0.0890211324458194,0.0406927496569646,-0.042252424174765,0.016540700102551,0.0871530703398311,0.086363498216377,0.0310278224557574,-0.0518612920541969,-0.2421714247082258,-0.0638943571721359,0.1170344683275008,0.0201877271180199,0.1363290936809729,-0.1128766963887464,0.0087171663523359,0.075962557389857,-0.086178211128901,-0.1809604936515095,-0.0430920954949035,0.1557608626138835,-0.0737660434861429,-0.010355993947517,0.0638714242971838,0.1485231425823927,-0.0768946305571786,-0.0094457324264866,0.0968572056497331,0.0752100740712777,0.1105055753186917,0.3215986790611211,-0.0381770932213836,-0.0121312138308675,-0.0184310432162206,-0.0913935703436905,0.0972353058921544,0.0413691922898444,0.0339169953369573,-0.1218190092551719,-0.0643197476218375,-0.0225366605995362,0.0125114226637601,0.049112321237908,0.0190960835623261,0.063319907254836,0.0940990201858964,0.1071386259291944,0.0221728046808238,0.0739717186251867,0.1470694673045571,0.0395199137744848,stop,2329,1,167.0018050532679,0.0017909439559091,0.0101380305591848,0.0050107824149906,,,,,2245,0.6056359456259535,7,0.146563202293989,-0.0458532742612262,-0.0572658724287782,0.0,-1.2935519899451238,-0.6879160443191706,0.6082697552227869,0.1110023553205589,175.5662406397821,167.0018050532679,205.63910320831636,3.3863479154516267,-0.1450466282975467,-0.0528619000266296,0.0202217275789884,-0.2152243844374847,0.1591719069266468,-0.0004589044680586,1.0,0.0460837976740242,2025-12-19,2.0,6,-0.1649485583524342,-0.0983144413053649,True,False,False,1.0,0.0,0.0,-0.0194044206668469,-0.3949372715538656
AMP,Falling Wedge,bullish,1,0.6733350017292428,3,43,1219,1220,2021-07-22,2021,1,229.75371948519668,227.61962194678017,253.77043117860435,218.3554490855088,0.7796020798136697,0.0093757186668006,True,0.0443593704021039,0.0372056381696173,0.0012144608778654,-0.0214311317315833,0.0315911357299747,0.0378797175423626,-0.0051926932820545,0.0398639373767488,0.0208896471797233,0.0627666189773192,-0.0362703100304401,-0.0362326595069294,-0.0327825347037369,0.0332057290481648,-0.0076360277858692,0.0364113481280181,0.0224904076423764,0.0321281709390588,0.0297650965275733,0.0066080253078193,0.0256913789786323,-0.0273566787540762,0.0336791884790565,0.0543513079411217,0.0446603130136979,0.0598509223125862,0.1351161135754748,-0.0134739367299201,0.0331310488637033,0.0409155970239798,-0.0450228848419608,-0.1055035321989388,0.258369859648478,0.1203400340775373,-0.0656063488284033,0.0257181404380193,0.070676945265619,-0.0071167374781808,-0.1282453940627687,0.0651797324688687,0.0036807699433207,0.0352683455506019,-0.0423183040456137,-0.0037881192944013,0.0338794529889789,0.0307987227072727,0.0535419908866152,0.0481937018894929,0.0102616340340744,0.0334803422582026,-0.1020654568981469,0.0210434638569527,-0.0314446405546513,-0.0236400608215167,0.0014296368758797,0.0926948357813639,0.0770493881510201,0.0600554886483968,0.0949537872998316,0.0024240554474275,0.0305016084424443,0.0042850600751156,0.115483758959602,0.0529836847541196,-0.0910460516768473,-0.0698220766881241,-0.0192171294588288,-0.0458172187835833,0.0428622854014786,0.0907290668464679,0.078629023157571,-0.0872601480420579,0.0790119665502937,0.1491156896304799,0.0373698006489875,0.069798066435053,0.0246749258069416,0.1100287036214824,-0.15822133692281,-0.06742780070657,0.1004079603526189,0.0855138816868938,0.0481161878793361,0.1790851789324348,0.0890957083413317,0.0785090470130651,0.175949618520981,0.1034950059276205,0.1076650867961155,0.0723049598577598,-0.0014797592150733,0.0309414296907237,0.1729534480847974,0.1506038273248977,0.0265736712615083,0.1645725069602286,-0.0633596012197587,0.1510081435628278,0.1600836842478172,-0.0137700874592933,0.105764287744748,0.1787562545081333,0.2375650231075026,0.0547628788870271,0.003758887040038,-0.0845179534104727,0.1330417362839202,-0.0974117266441155,0.059055380714607,-0.1265846171969682,0.19814551268529,0.0698607795866512,-0.0799453779348307,0.0796691549210324,0.1151020212025027,target,1234,15,253.77043117860435,0.1045324173520292,0.1054181189659964,0.026027450221598,2.1070487759322947,2.1249017688011578,0.5246325352390057,2.1070487759322947,1175,0.6197493534455467,7,0.1567494787625342,0.1054458709356278,-0.0348638615608283,0.0238095238095238,-0.9420749742647436,-0.3223256208191986,0.5385064410184991,0.1133459304866584,227.61962194678017,218.3554490855088,253.77043117860435,5.466138254698109,0.1342892408731877,-0.0203026325167141,0.0239184986120705,0.175558315284424,0.0471224056113945,-0.0039025983091778,1.0,0.030430736967453,2021-07-22,14.0,5,0.1418703591872054,0.0913514685934104,False,False,True,0.0,2.0,0.5,0.0295143078478256,0.5350971351195861
AMP,Falling Wedge,bullish,1,0.6319357555704224,3,39,1468,1469,2022-07-19,2022,0,223.2687827489597,216.54646937137116,270.9798452725222,205.9882054554962,0.9627047490535628,0.0310432832135443,True,0.0179504844047293,0.0219760321864981,-0.0092140638067379,0.0193145546820678,-0.1250071988733558,-0.0439897301143175,-0.0483328133944157,-0.0436393202856462,0.0263408355039767,0.0098828829377692,0.0185676113847017,0.0225038351990003,0.0213304254118664,0.0045266538666932,-0.0601073376793107,-0.0044076757119698,0.0052983054742139,-0.012498915018227,-0.0125287773768026,-0.0206256021161616,0.0004163142405946,0.0369749724175527,0.0287102365676547,0.1128854508757444,0.0731623854412555,0.0151520391410753,-0.0037881192944013,-0.0148246219716308,-0.0218798824151538,-0.0562146324936011,0.0121569870445856,-0.0010542879778812,0.0320577290211236,0.0130811431974822,0.0458354424017453,-0.0125651822195224,-0.0226593553938021,-0.0233533480032814,0.0292186813995554,0.0210571947180497,0.0678732708994283,-0.1593658808812084,0.0182899816988957,0.0360654633308172,-0.0414882277414199,0.1162057311527016,0.2236732559126699,0.1288122954829238,0.2606534478866367,0.0280708315787292,-0.0483193710577508,-0.0335656215019695,0.1326242153768397,-0.0008614400296101,0.0535285121636042,0.2749419087144693,0.0402151088008977,0.2236732559126699,0.0181836182420584,0.0223968676166421,0.0600554886483968,0.1123905790054398,-0.0315156807949364,-0.0306620557277399,0.1440372986225877,0.1187628197077883,-0.0141235623020452,-0.1379834846887163,0.1640481191039703,0.1766830096769416,0.1712556742426565,-0.1542604917122377,0.2151654818756601,-0.0790103137979807,0.0130394740665453,-0.0711331575296244,-0.0653438951809186,0.1317306796845643,0.1438602600250789,0.0258112779750965,0.1030916822920862,0.0825086064546969,0.0779363832328703,0.0499907431811239,-0.0858481702456605,-0.012449281379662,0.1812236048219668,0.1578721837477061,-0.0911531749737741,0.2129848771211626,0.2183023167368367,0.1239670553571647,0.1150469251120345,0.2028123183140454,0.0605906919185736,0.0341711635096579,-0.3885046479286749,0.3624668553020675,0.1616531365647158,-0.0888302187907612,0.028093277327015,-0.0359131436022308,0.0841078911689201,-0.1785448387872132,0.1036514953227287,0.0751544427467947,0.0104251343482759,-0.1832780561440553,-0.097041650283582,-0.0611856381571592,0.0003326191445942,-0.0788359738906023,0.2897540630960533,-0.0166570868317011,0.1109664493103636,target,1486,18,270.9798452725222,0.2136933875668956,0.224434901293712,0.0066576849076871,2.7609646201813787,2.8997472924231613,0.0860187237973637,2.7609646201813787,1429,0.6595841412805264,7,0.0571226257017759,-0.1719328396771562,0.1383005842625377,0.027027027027027,-1.3584431828037893,-0.6988590415232662,0.3994831975263271,0.1535716342883943,216.54646937137116,205.9882054554962,270.9798452725222,6.808648609454936,-0.1610907140888825,-0.0527264560852432,0.0303979559417697,-0.2694797196641487,0.8252436964830571,0.0158571988504445,0.0,0.0721863442252068,2022-07-19,16.0,5,-0.148645226910295,-0.0739967264635647,True,False,True,0.75,2.0,0.5,-0.0208422480428424,-0.3476497905897808
AMP,Falling Wedge,bullish,1,0.6805434227443212,3,48,2269,2270,2025-09-26,2025,0,493.27103409507055,489.0504444755529,535.3458799907467,477.4979243099394,1.17284008516785,0.0086301723415131,True,-0.0156456932695303,-0.022945958588777,0.0386563802852613,0.0302747955932727,-0.0052944380803756,0.0772261127161733,-0.0137338988230154,0.007263088748179,-0.0770226766547407,0.003484757166992,0.016175727048068,-0.0434352472701758,-0.0233773422906912,0.0239848230900865,0.0184926917151415,-0.0116834861083136,0.0401484360455297,0.0180799389048078,-0.0221545159843112,0.0274268219484628,-0.0297405304638144,0.0294883207764589,-0.0208586811876801,-0.0407947555448701,-0.023725647247865,-0.0252785945010939,0.0209554765878641,-0.115370527332962,0.0654972410525653,-0.1066432553367949,0.0583257509478813,0.0356639535974077,-0.0053242366973318,0.0342586705667471,0.0407915484805148,0.0874876171527641,0.0138382896553093,-0.0197599413105413,0.0345652016352329,0.0441863747029671,-0.0022596001777431,0.0708941026452243,-0.0371737633377621,-0.0811185350153028,-0.0226585106971966,-0.0453386186757575,-0.0412950183206307,-0.0606971576699947,-0.0813821413896821,0.0676164806512216,0.0331276409338878,0.0994075802224274,-0.0639902944175555,0.0565460395144314,-0.0452074688323338,0.0965762953944355,0.1508010025662896,-0.0243029407460739,0.0944074597223847,0.0080854336612963,-0.0999595882925522,-0.011170112388102,0.0992132017894895,0.0367502347418018,-0.0213006596976507,0.0116633957767087,0.1400228357173683,0.0615354236194056,-0.0717170092479906,-0.1014419348000909,-0.0934191498672194,0.1247244399472695,0.1018778877800845,0.3994319608089718,0.1457545383486549,0.0256578964683447,-0.1546496498701267,0.1692039296075589,0.5107822252239032,0.1100287036214824,0.0296543830729831,0.1978805374220376,-0.0196857125154688,0.1192572795845243,-0.1072785936361178,0.0980555931900148,0.0931712570824561,0.1127602472405462,0.1229536982138834,0.1107944191068848,0.1039482130300903,-0.2161580974864898,-0.0043504947819431,-0.0382080028491903,0.0988793100754834,-0.008854566006751,-0.1082779938240717,-0.1491032320724912,0.1097348510613898,0.1516312907917854,0.0962738360826322,0.2897540630960533,0.2818883158174878,0.0654478177836119,-0.0808561534155394,0.1373486729295687,-0.1221892113889705,0.1076136562286695,0.1731876649944796,0.1258792276737246,0.0846636455635687,0.0063177557505644,0.2000776473297534,0.0473152766655495,-0.0796870885387681,stop,2272,3,477.4979243099394,-0.0319765579060762,0.0038213348601467,0.0373134339782007,-1.0,0.1195042590691297,1.1668996421628757,2.6675047894067747,2221,0.5674652267394452,7,0.1867226970058434,0.0595686956765579,-0.0480453615690048,0.0,-0.8984622537564457,-0.3309970270169935,0.3950928257145089,0.0775783638331843,489.0504444755529,477.4979243099394,535.3458799907467,9.052659095146996,-0.0215393569445683,-0.0152503125216614,0.0183717841898022,0.0074325955415532,0.2658099835977132,0.016363389616169,1.0,0.0227067141196448,2025-09-26,7.0,12,0.1611648135067711,0.1226015674053204,False,False,False,0.0,0.0,0.0,-0.0546789514953519,-1.206350143475245
AMP,Falling Wedge,bullish,1,0.7128562571111989,3,39,2391,2392,2026-03-24,2026,2,449.3996058585153,420.28248844056,577.0096027539494,422.1784971297948,2.737775510510285,0.0692798729873165,True,-0.0177920410373619,-0.0051454274046994,0.045477266361662,0.0343449138522555,0.0241034991926603,-0.0007338764191667,-0.0305848850358395,0.0349900994908021,-0.0274140060005173,-0.0394882137870069,-0.0149184837548081,0.0036457195122254,0.017937315526763,0.0226091377532455,0.006547502657987,0.0625084234220996,0.0689998349763842,0.0255787436149994,0.0037235162399047,-0.0104979142834215,0.0038202193844389,0.0206196834975338,-0.030355465847472,0.0014366305262609,-0.0248892745442519,-0.0809896626729227,-0.0079831755782294,0.043487439715208,0.0409357699660164,0.0136023643084868,-0.029951475119712,-0.0642800045031153,0.0451416248557157,0.0533517026696106,-0.0104453797855904,0.0560265285459329,-0.016697958352591,-0.0306043778437923,0.0871933073263051,0.0811444188868362,0.0502463089796672,0.0284871707312515,0.0438146952904352,0.035106738118624,-0.062192269923877,-0.012333057754452,0.0354956764769835,-0.0442712705943566,0.129235641592929,-0.0458172187835833,-0.0371690740357323,0.001461530683648,0.1444650139379724,0.0313449804341225,-0.0581918715807125,-0.0841889456341582,0.0006619905281695,-0.0150227276020443,0.2190261246879585,-0.0439849435058449,0.131046759675419,-0.0374440784795039,-0.0943488007699493,0.1308424697203036,0.0029256522607936,0.0154598715383058,-0.0407344927399726,0.0280076418227599,0.0166169002894395,0.0143440698495553,-0.1110298759764263,-0.0441555770532909,0.1085594905260005,0.0194533749223102,-0.0658459842899084,0.0681703268204572,0.0309687164795777,-0.346605520556139,0.1967102400689937,0.1600735381523235,0.0403013276001291,-0.0302248584074608,0.1028126931308996,-0.0054610262208906,-0.0012532136210136,0.3833568267675771,0.0403013276001291,0.0327937632032804,0.02264743257126,0.0810223073552491,-0.1149515489919235,-0.0195896119533226,0.0368816673888834,-0.0997479381998218,0.095897127507357,0.1628295093866225,0.1730703738066141,0.1694450315759614,0.0273864040567037,0.1682922478781399,0.2069699890133047,-0.2857181560857615,0.0897150333409813,0.1668439966414332,-0.0236659415570741,0.1124944605965214,0.1761549939438575,0.209474487984788,0.1604881174420476,0.1426489842818528,0.170910972060384,-0.040598884556612,-0.0872317554598263,-0.0309505030851425,-0.0513411570497242,stop,2398,7,422.1784971297948,-0.0605721686754006,0.0113382124584561,0.066482423391218,-1.0,0.1871851826738498,1.0975737677065824,4.687905925036583,2350,0.9940670842171018,5,0.0680229556364213,0.0951109483212921,-0.1995885215852348,0.0512820512820512,-1.629103919287463,-0.6350368350703622,-0.0198257342698851,0.1906018647952748,420.28248844056,422.1784971297948,577.0096027539494,12.690287600314369,-0.0864946821943296,-0.0711570405707254,0.0285079869797923,-0.0875907788197537,0.8336780109653611,-0.0082408669748449,0.0,-0.0471173434841297,2026-03-24,62.0,10,0.0027651924968552,-0.0005977058361813,False,True,True,0.2222222222222222,7.0,0.7777777777777778,-0.0021964029352183,0.5785214067599751
AMGN,Falling Wedge,bullish,1,0.6532221380150764,3,39,682,683,2019-06-05,2019,2,140.4550275034157,136.0208801213405,155.41775807271745,132.31625975411757,2.092303678958848,0.0325990199307606,True,0.0046916861673336,-0.0133105312431158,-0.0029948756223798,-0.0314191087527909,-0.0252214595087845,0.0537767584359574,0.0791936306130953,0.0061929404952001,0.0558120776893431,-0.0147264401513397,0.0151478261298791,0.017391099722924,0.009610628113474,-0.0080003517109388,0.0401763838762361,0.0400021101324603,0.0358545432107957,-0.0239263521247292,-0.0123457579820512,-0.0170351076097655,0.0614404731038074,-0.0016981138562087,-0.0091698590428755,0.0457147948298457,0.011227402750658,-0.0214676715917182,-0.007074157237502,-0.0570503083620248,0.0422249299579617,0.0035987223899938,-0.0351583312201569,0.0001756256950944,0.0276311553495216,-0.0555842906815065,-0.0261550840198667,0.0255669477932125,-0.0266304864066522,0.0649571232360244,0.0008519300787492,0.0307057766607112,-0.0477436920023758,-0.0753219333591521,-0.0208637015448879,-0.0338322873840762,0.0061362054006894,0.0559664711922438,0.0789570144087841,0.0190778974369221,0.0227459321128229,-0.012166488410874,0.097761816953154,-0.0702964183844973,0.0017791619713434,0.0426429075783343,-0.0144793424773814,-0.0300124077288732,-0.0334007166528161,-0.1438511356892358,-0.0298996565413918,-0.0072106112927579,-0.0265216269780005,-0.1582424390604181,0.0084552661250227,0.0473296220440995,-0.022138747835269,0.0086457864114835,0.0398984405478368,-0.0261403080558544,0.0942120626769477,0.0641951397115532,0.0183624705870708,0.0741948055156449,0.0723162657230191,-0.0932633981545246,0.0539087556181374,0.1453692834214992,-0.1238270964296911,0.1497741323547698,0.181289713570627,-0.1496104116671573,-0.064949066299489,-0.1153056386779448,-0.0017194450973734,0.0897141011098596,-0.0604945185593197,0.1305436648518718,-0.0468396764933902,-0.0575210552771237,0.0296517286210362,0.14010939796398,0.1731487767369419,0.0378706237699845,0.1926214180420988,0.15480521960162,0.0367337296450747,-0.0646502173189832,0.0651712747411452,-0.073556710016764,-0.074726706753628,-0.0363648614388837,0.0918890108950156,-0.0046399058765705,-0.0688121216223255,-0.0526701225371183,0.0015202546155246,-0.1563384429333609,0.0033983978320593,0.0015202546155246,0.0911692729652973,0.0262656422617033,-0.0670833384814987,0.1415363150897188,0.1278778581459458,0.2158831817287609,0.182415279764267,target,728,46,155.41775807271745,0.1065304021882582,0.1442957884379992,0.0094975877643066,1.8384515973676872,2.4901888784618573,0.1639049044945212,1.8384515973676872,641,0.7322204878100014,6,0.1726886962458703,0.0599118269130787,-0.1228270723980234,0.0256410256410256,-1.2678035008597404,-0.535583013049739,0.3306906738886576,0.0957479556976994,136.0208801213405,132.31625975411757,155.41775807271745,2.67314997661461,-0.0717437879039909,-0.0208419058152709,0.0190571436041897,-0.1480717196139093,0.544777011677497,0.005436875972802,1.0,-0.0172613999908697,2019-06-05,32.0,10,-0.1404458101105037,-0.0806628595487054,True,False,True,0.5555555555555556,1.0,0.1111111111111111,0.0298020425954919,0.7256877374517416
AMGN,Falling Wedge,bullish,1,0.7315257273344218,3,29,768,769,2019-10-07,2019,1,159.06863664710465,157.17890737070223,173.5637750982354,152.5905308899969,0.8013664296455824,0.0120227917855768,True,0.0322565746280474,0.0153859811231069,-0.0111422002066559,-0.0037705829483571,-0.0090317835606165,-0.01592310439855,0.035626510938435,0.0607476917351146,-0.026390807993249,0.0007693243229467,-0.0351809139839556,-0.0241135230237707,0.0400594650140506,-0.0619666172209536,0.0047482455132856,0.0130096795895555,-0.0089128319670469,-0.0002952772889587,-0.0002213446091207,0.0262046461511136,-0.0100138511007166,-0.021955637533174,0.0346442202565786,0.0324597455102251,0.0017077865637493,0.0401848407314262,-0.054706655362306,0.022196282104048,-0.1379014322622161,0.0506307923288085,-0.0158321787793805,0.0034915107807922,0.0096769432523389,-0.0057571621548799,0.0153137580565396,-0.0048543936539844,-0.0109741045315696,0.0582343597738483,-0.0201642979688539,-0.0175520712375299,0.0015528348754028,0.011376556452662,0.0787575326436702,0.019782678577376,0.09027178744417,0.025773366456707,0.0908674411777439,0.0347582920999707,0.0151307687568702,-0.0838751249911216,-0.0038607916863271,-0.0356574221397358,-0.0264394957632211,0.0309389532499264,-0.0350849371484663,-0.0261403080558544,0.1115761169000995,0.1694965483830652,-0.0727010651087765,-0.0184889912993004,-0.0594125893685906,0.1195549267112456,-0.0470558902444462,0.0416711904084974,-0.0409445534769365,0.0493705122448935,0.1033992655305455,-0.1516838129434637,0.0888777761797987,0.1921480300174429,0.1285485155683816,0.0065486074256513,0.1148355040650601,0.130111118595591,-0.081887829165488,-0.1171577693448935,0.0666529171671423,0.1133702020420874,0.0408216090253692,0.0339465463113062,-0.0074684357116828,0.00043599998448,0.0726918497181612,-0.0319433822336483,-0.0822197047074235,-0.0720988198055906,-0.04787829710471,0.1072218633380037,-0.0380183767832323,0.001307292196917,0.119231322162058,0.175722919158685,0.2296890784568201,0.1079627334330666,-0.065262226178577,0.0007200647579079,0.2091631937926312,0.120086805652475,-0.0911661087023489,-0.1126898086129331,-0.0191298436700624,-0.1175101939491487,0.0783679294882675,0.1298573701388994,0.0219773721831237,0.2027050648288555,0.2279547848511807,0.0325013767956434,0.2774800425887698,0.0507968786165062,0.2176535367171868,-0.0524472113956688,0.1156565727364595,-0.1606773274298271,0.1763871647963531,target,787,19,173.5637750982354,0.0911250561811776,0.1161539211975774,0.0078860494921978,2.2375581681769745,2.8521371182990625,0.1936404233412139,2.2375581681769745,738,0.6050838778217105,5,0.042741003518073,0.1323305596949942,-0.2551417416550953,0.0,-1.1639536489777562,-0.5588697711560455,0.5386866464040089,0.0813455616948398,157.17890737070223,152.5905308899969,173.5637750982354,2.8210050346181554,0.0638958045894368,0.0034785477153536,0.0176787484581782,0.0276910171527091,0.6224244307647179,-0.0053683852131458,1.0,-0.0126314278984752,2019-10-07,32.0,10,-0.058807781203696,-0.0232078680914408,False,False,False,0.4444444444444444,0.0,0.0,-0.0259092689500855,-0.5883845611917767
AMGN,Falling Wedge,bullish,1,0.650930307013073,3,31,944,945,2020-06-18,2020,2,192.77603265819045,185.91471396663644,207.51157345061063,176.57450945003285,0.844022839880537,0.0369057324466814,True,0.0074129830721403,0.0291208973484843,-0.01592310439855,0.0526186212982158,0.0126856818752816,0.0084205915424364,-0.0481710994296341,-0.0051441986874057,0.0070974545589552,0.0050947264762739,0.0313750664689653,-0.0203637033377461,-0.0232429400032896,-0.0254768805092117,-0.0011182189382014,0.0131139513797775,-0.0011160799088927,0.0309027318932673,0.0072972836006477,-0.0267029556098111,0.0079825552085068,-0.0305353580328006,0.0084732767998011,0.1065212454862347,0.1126961013410818,-0.0103681479826439,-0.0100711012439286,-0.0143360089226091,0.0293600073725277,0.0552659163481705,0.0806195987529883,0.0612227932478854,0.0410568072429999,0.0743205100308666,0.0481122682713917,0.0543704206795612,0.0481897017836858,-0.0568099542533144,0.0448598074951136,0.0382410813336233,-0.0382064543005957,-0.0416228010390218,0.0112441305589832,0.0432820092051258,-0.0401028294762164,0.0855898577310051,0.1074639569593802,0.0834323503704348,0.0893615080581684,-0.08833932784864,-0.0480294580570859,0.0361251671828384,-0.0171278001570114,0.0539355845689943,0.0083219512172978,-0.0727224407931976,-0.0674862782382614,-0.0192665643517399,0.0947268474408724,0.0243093934434803,0.0732829446070653,-0.022138747835269,-0.0329962294581204,0.0373830811252751,0.0696569552446084,0.1582359908224389,-0.0528550824319467,0.0690172461175986,0.0927942199265119,0.0340034622380176,-0.0381549729483796,0.0336863009836865,0.0237922650392532,-0.0492806729965481,0.0720567335906992,0.047184165143568,0.001835586374796,0.0645050128677151,-0.0124164538411042,-0.0203132743553279,0.0092513469056931,0.0120404499112136,0.0125392436881484,0.1140699087213423,0.1774767748258503,0.1891132500910637,0.0513779611208855,0.054654202461208,0.0710692561537493,0.1192682553662443,0.0324022340277672,-0.0162121650659775,0.0643708029196483,-0.0129441874340814,-0.0804369075455168,0.0720306214872796,-0.1398705468309146,-0.0730394644536881,-0.0278791811235291,0.1711165986013265,0.0772323182188114,0.0876248727105828,-0.0739944347001283,0.1120314375881308,0.0599982817634596,-0.1158625794186732,0.0090043913875088,0.0306815852396105,-0.0903023930475636,-0.0968817720274698,-0.0169119238561199,0.0723473241634093,-0.0364239503564858,-0.0421723183284331,0.0694562049460685,target,953,9,207.51157345061063,0.0764386557251526,0.0979090491066231,0.0145683949951432,0.9095157660855444,1.1649841688099605,0.1733440339700337,0.9095157660855444,911,0.5336669704341335,7,0.1834417697151399,0.1621051989400892,0.0251692493575237,0.0,-1.0036885176363537,-0.4700215472022239,0.8133817326124333,0.1098796242146474,185.91471396663644,176.57450945003285,207.51157345061063,5.050509262768486,0.0611945294193492,0.0080289069250267,0.0265469192664808,-0.0383587653934967,0.8000021046594489,0.003938672435364,1.0,0.050011568137225,2020-06-18,52.0,9,0.0079690773518195,0.0429526229830883,False,False,False,0.5,1.0,0.125,0.0513663345396388,0.6433667464514529
AMGN,Falling Wedge,bullish,1,0.7890830380069814,3,36,993,994,2020-08-27,2020,2,210.7149804398585,201.01557495102784,220.3025604925272,193.16845634728068,3.444483362521892,0.0482520097817977,True,-0.02166521287714,-0.0100749237153261,0.016145241115955,0.0740526409555051,-0.0144807889037109,-0.0411536129297157,-0.0036452518813437,-0.050312129369837,-0.0047846257491388,-0.0805575580555699,0.0142272722837759,0.0092895407397641,-0.0359022818036787,0.0112160510196059,-0.0079502810512137,0.0406246833051076,0.0266282297597488,-0.0673234070252039,0.0249827812937037,-0.0131644992075928,-0.0335422994311064,0.0122307424720429,-0.0154942352539949,-0.0402130632879889,0.003800439296291,0.0691437202460927,0.0469389718363579,-0.0622361566478432,0.0516762671008834,3.419780944313722e-05,0.0743205100308666,0.0656581078048466,0.031188669983803,0.0121072145744789,0.0556644593303461,0.0500406195165912,-0.0263444338892409,-0.0190528570179897,-0.0046911299070959,-0.0744848500242006,0.0853431330020746,0.0818622915204132,0.0109754059333935,0.0002932315210446,0.0663541736898813,-0.0659526406086962,-0.0378058653519104,0.0176946302292774,-0.0231942791700037,0.0229715508861634,-0.0589118302207645,-0.0455238979224118,-0.1113674815530574,0.0564196394957297,-0.0842894845002864,-0.0602649953495637,0.0736976428705797,-0.0809088734437177,0.0743553497776603,0.0005913202086222,-0.0479448483777433,-0.0026866427595635,0.105690411187461,0.0465206472940971,0.0436429751259588,-0.0494343479096256,0.0138879867358743,-0.0490857670492267,-0.0290141191182195,-0.1035517257857231,-0.0970386858215535,-0.0233427036686098,-0.0977794415857861,-0.1163756222643124,0.1354931541435369,0.1164497487951834,-0.11149448540687,0.0550964746112883,0.0145219848542625,-0.0500234459185479,-0.160947163368151,0.0602163085040243,0.0118223557614463,0.1747227907939985,-0.1729183263679056,-0.04787829710471,0.0012601135927641,-0.0417454751642177,0.1668570954274804,0.1501316417849179,0.1279174248139667,-0.113150932397411,-0.1133149909843204,-0.1342406616488144,-0.0263025917065949,0.018505890846308,-0.0063744663487544,0.0898482728527712,0.0550578489512663,0.2057815137171987,-0.0649902571424302,0.007250896495514,0.0674306626465719,0.0076146813573303,0.094289576189376,0.123884729887387,-0.0356380079712785,-0.0264723244356824,-0.0281485066795549,-0.1024503674823879,-0.0048875846452559,0.0986042714739234,-0.0016461795485142,0.1899984027659529,-0.1463828140454777,stop,1029,36,193.16845634728068,-0.0832713652154687,0.0262826775535431,0.0923047067575644,-1.0,0.3156268362544003,1.1084807666923853,0.5464090780648813,955,0.6096590172027568,6,0.1021253756684539,0.084059598765912,-0.177092811943505,0.0,-0.8911234360279614,-0.2814644188252054,0.5946983392175204,0.0994119904165287,201.01557495102784,193.16845634728068,220.3025604925272,4.440682154087479,0.1124976013868603,0.035373747720119,0.0211235385177939,0.2828624690045227,0.3692298302283684,0.0082339682401741,1.0,0.0752250463533805,2020-08-27,52.0,9,0.1220696338668947,0.0490500109999836,False,False,False,0.125,0.0,0.0,0.0279547530551858,0.4560060542909878
AMGN,Falling Wedge,bullish,1,0.6462861984936819,3,50,1267,1268,2021-09-29,2021,0,184.6976087374837,182.8135909052164,212.1068050129592,179.30275261655828,0.7260088230238909,0.010305677072139,True,-0.0269244270468022,-0.0243558117275675,0.005216645672422,0.0180225657294885,0.0354489497940355,0.0206653175159865,0.064648026740413,-0.0346125289858139,0.0040758721791875,-0.0165653559287562,0.026591146569064,-0.0258278535027861,-0.0805575580555699,-0.0286844411118106,-0.0520272462414289,-0.0089031473236599,0.0105928586807617,-0.0099012896961008,-0.0214556634471301,-0.0237274782396138,-0.0233634360629257,-0.0373231177650611,-0.0180400403728372,-0.0564437504141627,-0.0545171770888972,0.0451787556001901,0.0431670467790579,-0.0354734607475683,-0.0283383789764529,0.0121153665572326,0.0766341028371215,-0.0224643145197437,0.0043638046370497,0.0559373350232716,0.0441574368375359,0.0382686574095341,-0.015614719346371,0.0167006300305097,-0.0146524258726683,0.1215999469069524,0.0744577289527963,0.0855897715557749,-0.0167354008214617,0.0288255792961258,0.0499037815170062,-0.0846248125969573,-0.0426805906068736,-0.0837795646193644,-0.0014930110005771,-0.0029365773490765,0.1468254886625368,-0.0174837851218465,0.0748108268689398,0.0874608732491024,0.002724562145441,-0.0699855441167934,-0.065656426389571,0.0448291518399934,0.1137070944512463,0.0221155658368881,0.0138879867358743,-0.0012688199899896,0.0857525729829293,0.0010035044497467,-0.0183431992180466,0.0093157456526187,0.0352464972475832,0.0340516727136888,-0.0674087995894081,-0.0468396764933902,-0.1234873683819515,-0.1051580588761469,-0.0259906822238008,0.0212170967822862,0.0490435110968681,0.0518336659449254,-0.1042294348287506,0.041314840228249,-0.0178215945304111,0.0772757634285543,-0.0233491332561706,0.0593186539455239,0.0017401856549348,0.0801181584810131,-0.0130844619469261,-0.1209921268624687,-0.0702099384357745,-0.0537225313415991,-0.1264236032632016,0.1650658052459317,-0.0202114360296087,-0.0401264104540616,0.0457798938200175,-0.0373203163755675,-0.0968817720274698,-0.094808374804153,5.4093371383512334e-05,-0.0127023748941994,0.0932151527313556,0.0133744780880271,0.0812102420320404,0.1208288637437031,-0.0281701398383716,-0.0076909881121043,0.0806899239771044,0.2053467567120737,0.1046103377228508,-0.07798108609117,0.1926214180420988,-0.0260144805772841,0.1110472645899407,0.0982017520008444,-0.144395213306519,0.0981792886809296,0.0102431367179635,stop,1272,5,179.30275261655828,-0.0292091281408699,0.0040780615885446,0.0316048775821675,-1.0,0.1396159984261399,1.0820205734913866,5.080616732142569,1217,0.6271001220955008,7,0.1111252087918316,-0.0164137677424739,0.0395059300000253,0.0,-1.442616471120539,-0.815516349025032,0.2757133539166534,0.0774664142334203,182.8135909052164,179.30275261655828,212.1068050129592,3.213956220858205,-0.0849278030222786,-0.0483701428328053,0.0174732494230258,-0.1234994155047108,0.6161595299673647,0.0010833882441496,1.0,-0.0348087142614594,2021-09-29,41.0,9,0.0650942479619116,0.0230948369770433,False,True,True,0.0,0.0,0.0,0.0063078047221413,0.4771113822445298
AMGN,Falling Wedge,bullish,1,0.6380240288333312,8,126,1716,1717,2023-07-14,2023,0,205.70028455756628,205.78190935901264,247.6534468064982,186.7037196694721,0.7749669785308336,-0.0003966568378171,True,0.0350420648350706,0.028251105266096,0.0424935879640457,0.0404158403303096,-0.0526598015722559,0.0259131916531552,0.0185127325937435,-0.0179101188677365,0.0024151904073803,-0.0217060983965708,0.0039415734857124,0.020729985047909,0.0037930995329076,0.0247931074089429,-0.0130129101174902,-0.0010036675006924,0.0260553669839267,0.0057965664998482,-0.0044416475066304,0.0129142134867439,-0.0025541629042187,0.0462173075857093,0.0270068970293336,0.0418743135645038,0.0245294313163308,-0.0153358397430882,-0.0504025067589187,-0.0063179454223395,-0.0024934427753204,0.0874582060833322,0.0215151722135664,-0.0159109361069402,-0.0346340425618647,0.0691437202460927,0.0687252128690181,0.0339544391382404,0.0353032054043975,-0.0141164369089028,-0.002252161986561,-0.0757163086066519,0.0320295037533633,0.0273907650668245,-0.0395660371293237,-0.0678387949144688,-0.0350841451449736,0.0410817322287298,0.1570943311558779,0.1648426452792857,0.1636572727726384,-0.1574367736587792,0.0829904197332669,0.0892426803564228,0.0271899884516271,0.1005343213947975,-0.0595070688431987,0.0707712596115148,0.0268094794647677,-0.0232253571840274,-0.0448529310112545,0.0397606104272565,-0.0072387827066372,0.0197079578915542,0.0056026842266905,0.0219236171761594,-0.1199902444231157,-0.0179763838852619,-0.0516257834399069,-0.0049053331313561,0.14902274949472,0.1629590538258785,0.1644729659838426,-0.0756769427387812,-0.081887829165488,0.0175656215936617,0.1089612790900851,-0.0977794415857861,0.0065486074256513,0.0588883276030214,0.1149161280084267,0.057938516663085,0.1056743146878242,0.023103172818147,-0.0135887981426673,0.0170696890610089,0.1344651600005073,-0.0439743735111849,-0.0462694320962505,0.121183583117661,0.1839801599864101,0.1586227214756945,-0.0674503627252698,0.1288445487475906,0.2065946052118179,0.2406941538978335,-0.0275600930276072,0.082894193341096,0.0953762813276559,0.0033983978320593,0.1792886709344279,-0.0155036934728925,0.0272155624618453,0.0395356235334296,-0.0365626393352092,0.0876248727105828,-0.1860833361843248,-0.1157323907804259,-0.1193842874039465,0.1043655867943464,0.090480857152452,0.0262656422617033,0.0187930785575578,0.0511246926179509,0.137955604943412,-0.0284790577777159,0.185843926887498,target,1763,47,247.6534468064982,0.2039528644268409,0.2134373255863533,0.0111517557797364,2.2084604504062444,2.311160931829052,0.1207544285359696,2.2084604504062444,1590,0.4283236325535773,5,0.0687867610315047,0.1197860349630459,-0.077698735965193,0.0,-0.9411438146270128,-0.5128201820734364,1.001157050412442,0.1569388315420558,205.78190935901264,186.7037196694721,247.6534468064982,3.7420300782833857,-0.0672735521229483,0.0131571986736012,0.0181468721553491,-0.1513672585138342,0.5444398605231943,0.0007905769998948,1.0,0.0314947436033938,2023-07-14,50.0,8,-0.0707787579932726,-0.0253623991434479,False,False,False,0.5714285714285714,1.0,0.1428571428571428,0.0377861902579666,0.8976027874769943
AMGN,Falling Wedge,bullish,1,0.7931994868925462,3,36,1882,1883,2024-03-12,2024,1,258.26853786125173,252.25138886795003,327.616988965749,248.9901326747654,0.5902912869051643,0.0238537794392545,True,-0.0231863712464116,-0.0235775266198855,0.0286424960784217,-0.0434921356026239,0.0181999058927655,0.0067505634369531,0.0108445198157429,-0.0394871301521788,0.0098034342358925,0.0354489497940355,0.0231549625501454,-0.0172758537430626,0.0246920243177195,0.0301638926281668,0.0071851868457211,0.0428983246614838,0.0224393259657211,0.0037102775624706,-0.0266722779221556,-0.0191742954660646,0.1206599596099928,-0.050312129369837,-0.0325953713033771,0.0129052677741912,0.0065006637639131,0.0308513925607258,-0.0299405278545343,-0.0059236966177738,-0.0704417933562473,-0.0226538010037383,-0.0226194455406595,-0.0312084258671758,0.0327750076924575,-0.0121721892535637,0.0346281998329203,-0.0380070038851764,0.0148740107010321,-0.0043450197918272,0.0129390946573597,0.0019979126215763,-0.0095929744133417,-0.0138277217989375,-0.024098464793737,0.0624531418709779,0.0251698035011758,0.0163623928111155,-0.0421668242028663,-0.0394736188345599,-0.0313884990015554,0.1355022012836879,0.0248087617461054,-0.0007031811652697,0.1057520607287563,-0.0769028202375529,-0.0315109767448479,0.1617027132399142,0.0433539899768598,0.045519431370552,-0.0040764012377064,-0.0470558902444462,-0.0382646386874558,0.030983009347635,0.1546996717312057,0.0167215679532288,-0.0192665643517399,-0.0229353580879311,0.0575645335825798,-0.0665791916895357,-0.0640630451784905,0.1047163503739565,0.1014542888260328,-0.0030290137382462,0.1343698718258481,0.0134402385592842,-0.1745531147354154,-0.0539252822393313,0.0425668930268126,0.0930443209256348,0.0627362583681212,-0.0315262300605393,-0.0193268204807849,-0.0883644694715064,-0.0716708691858343,-0.0285078085637412,0.1520220053219376,-0.0480327763999414,0.0039350101649047,-0.0146594346424311,-0.0865458472701422,0.0278194488295704,0.0160013676598484,0.1084266629792541,0.1066976941111286,0.0695464522173359,0.16536437639227,0.070852138601436,0.0508462635085584,0.1490041428606654,-0.0792770919657067,0.037323302976804,0.0492305284324365,-0.0353936318525376,-0.037135106548108,0.1809810271888345,0.0799240562604881,0.1817672533710057,-0.0710689439200898,-0.0692876200099629,-0.0369445687723265,-0.0893379205167324,0.2080804390949058,0.0749148844228122,0.0475807998263388,0.0256552235998812,0.0615437164635799,stop,1885,3,248.9901326747654,-0.0359254180293184,0.0013660395888188,0.0359837186044122,-1.0,0.0380243199314775,1.0016228224552932,7.474177912115842,1845,0.8845343209756359,7,0.0769792398192751,0.1467689381689843,-0.059034597005218,0.0,-1.3844856520611937,-0.4999513310855566,0.0677306940478325,0.1832838659288569,252.25138886795003,248.9901326747654,327.616988965749,5.3994391876132175,0.0582836158288917,-0.0621228943264644,0.0210302781083143,0.0732584629727481,0.5985053158699843,0.0054113762495828,1.0,0.0315382223997724,2024-03-12,33.0,12,0.054667383247611,0.06582594863211,False,False,False,0.2727272727272727,0.0,0.0,-0.066494072412036,-1.564498393830104
AMGN,Falling Wedge,bullish,1,0.6630709206735719,3,39,2046,2047,2024-11-04,2024,2,297.673163756295,300.5071966430535,326.7354866654223,291.4528393811404,1.6934555292399578,-0.0094308320014204,True,0.017870823643346,-0.0312236443373328,0.0424935879640457,-0.0264879560297965,0.0117255273361485,-0.0223567051303213,-0.0038545308805909,0.0080147699478065,-0.0030309122913331,-0.0719271515766033,0.012345612752,0.0224393259657211,0.0101038825360397,-0.0533582150443886,-0.0543992129663859,-0.0037046140519857,-0.036309082509403,0.0079033240667028,0.0363323155265464,-0.0257781371601428,-0.0222931143596702,-0.0101980749478585,0.0269877916860194,-0.1112434973226814,-0.1417479550857465,-0.0128325352377356,0.0073350262399516,0.0267266405895771,0.0127345590226477,0.012510688265009,-0.0041750075056841,0.0390827232542616,-0.0235606517100602,0.0467942434781607,0.0414435561694208,0.0076787043581842,-0.0285799855870351,0.0024218168553189,-0.0639544943643465,0.0067874740262898,-0.0704063674325278,0.0627438364044998,0.0231905209158855,0.0624127188310263,-0.0370534958020387,-0.1168084958612217,-0.1126463867662337,-0.1707641079920978,-0.0193112233451822,0.0719579892116242,-0.0831493463599357,-0.0810355626034048,-0.0069997718419124,0.0030764861555632,0.1246804898044107,-0.0669052846827602,-0.0397188209837077,-0.0296335528082263,-0.1281644984887608,0.0153645583832175,-0.0546444004534447,-0.0563262038605465,-0.0190918936639107,0.076972685264367,0.0177166092696354,-0.032453752029776,0.0598258459293414,-0.0225897042568932,-0.0991249191982186,-0.1733505735199064,-0.201152682730708,0.0510523049354234,-0.0443025727676004,0.0540919428952297,0.1864088871692584,0.0309220228307163,-0.0328831000902715,-0.083583876647309,0.1257059740071933,0.1519788992497002,-0.0240951213738539,-0.0160494237661908,0.1538813897123685,0.0006732338446602,-0.0807654465761807,-0.0400480626845543,-0.0327080160000847,0.2357782891373583,0.1672936233709037,-0.1562829010320292,0.2654041173839154,-0.2189741816998391,-0.0790104617782878,-0.1298953270773255,-0.0808267450168613,-0.0236468692052759,-0.0508779281579783,0.0599462223380886,0.0784255954068451,0.0629245836049725,-0.032779087704519,-0.11144837747403,-0.1032012290004402,0.0540317101219602,0.0643708029196483,0.114811166934984,0.0769198695955974,0.0350762203358037,0.0388289522493912,0.0350762203358037,0.0878956122415945,-0.0066828209651962,0.0259197101890664,-0.0308272186206751,-0.0937072812847268,stop,2052,6,291.4528393811404,-0.0208964902870694,0.0382401289033642,0.0707237479046489,-1.0,1.8299785455850932,3.3844797347816997,4.672155527002528,2005,0.6590290890971185,5,0.0863444589188029,-0.0222868391399913,-0.2608230489643601,0.0,-0.9134346529662885,-0.2544055638691702,0.4784764291571264,0.0926977912946735,300.5071966430535,291.4528393811404,326.7354866654223,5.087605021578087,0.0421240743988182,-0.0222761082242431,0.0170507938388962,0.0731373090277682,0.3852626198083079,0.0042604360680997,1.0,0.003539876209647,2024-11-04,33.0,12,0.0928918149183151,0.030582264594293,False,False,True,0.2727272727272727,0.0,0.0,0.0109616086680503,0.1190109497944254
AMGN,Falling Wedge,bullish,1,0.6749562642929551,3,29,2081,2082,2024-12-24,2024,2,248.8520430194504,245.0330995101267,308.14232527103377,237.85038235420848,2.9410020498231653,0.0155854189371091,True,-0.011174081144983,0.0136132560388703,-0.0240544490305766,-0.0476563977966753,-0.0083873621941953,-0.0055936948151219,-0.0192774028487614,0.0252311041683728,-0.0214724828469476,-0.0082090082209859,0.0071649952108328,0.0258150687052387,-0.0582459086198492,-0.0089894142450245,0.0172877053905167,0.0323098910434536,-0.0046552067614269,0.0190565219417411,0.0365724740598119,0.0027232481911843,-0.0010618245832121,0.0242859112366662,-0.0103162695442351,7.624786348570112e-05,0.0317861082935733,0.0346255269324142,0.0354246215746711,0.0707203676116763,-0.0126191489457184,0.0518819809452053,-0.0532535657270563,0.157271571185146,-0.0087188588921121,0.0251203584641179,0.0652645066995878,0.0410937990407753,0.0016711003412013,-0.0704063674325278,-0.0062193380271652,0.0399977134462721,0.0959315627271553,0.0172210164854893,-0.0335083001566294,-0.0302629586019358,0.0159134906619817,-0.0217812060531417,0.0790971181215041,0.0793138987870295,-0.0368514942743301,-0.0736850174499799,0.1206895876102165,-0.0426805906068736,-0.0034120532495137,0.0373963386131599,-0.034302518707308,0.0221155658368881,0.0468675192989553,0.0593827710923671,0.1372585087435516,-0.0679106832604605,0.1068214189533762,0.1513415744595168,0.0187159809805361,-0.0107937184573901,-0.0052514600356659,0.0102133312158856,0.0941237958817933,-0.0482984038620137,0.0550100954823685,0.2134547880782229,0.2222287808750245,0.0573922795056487,0.1456868633341319,0.0939970003370511,-0.160947163368151,-0.1303721139152642,0.1513771302028697,-0.0776364473286704,0.1856944128334858,0.1737883377040612,0.1825605074508238,-0.1595727412851205,0.0423792987573317,-0.0432716303741294,0.0263671142414279,0.0322211692326925,-0.1120788283471768,0.0464098934372521,-0.0825217613774904,0.030288938820616,0.1134420946210386,0.1876945703541015,0.1797380770948473,0.2169505409693387,0.1150779735262188,0.0634588574521968,-0.0356803613279337,0.0929123721001534,0.0328649194309,0.0619357264615914,0.176299112564543,0.0726160714346393,0.0295666305357802,0.0050677362333191,0.1155781051127484,-0.0851406254500888,0.0696752293298703,-0.0440185951563196,0.0513222095581706,0.1046103377228508,-0.1193842874039465,0.1279954594395971,0.032752737548231,0.103097500325342,0.1312077216229541,target,2129,48,308.14232527103377,0.2382551556828054,0.2617424081473569,0.0196789818075022,5.389212052222441,5.920481915797052,0.4451286925083364,5.389212052222441,2050,0.8158704694084998,6,0.1558591317862979,0.0154843410068301,-0.2220594432960725,0.0,-1.3148355575876711,-0.4989650881791809,0.1834197676983045,0.1513182556842125,245.0330995101267,237.85038235420848,308.14232527103377,5.490290528936898,-0.121860760060409,-0.09877070126966,0.021872283270332,-0.1418021293620354,0.9811920022960012,-0.0057576609981094,1.0,0.0096961648058218,2024-12-24,33.0,12,-0.0391852902217809,-0.037150391618441,False,False,False,0.4545454545454545,0.0,0.0,-0.0809499938110864,-1.4542861553588375
AMGN,Falling Wedge,bullish,1,0.8073673628038984,3,48,2272,2273,2025-10-01,2025,0,290.25815244692006,276.5163678106437,300.4415199216989,261.44190758001946,1.77689746661473,0.0496960984446555,True,-0.0123696691710443,-0.0163371773388184,0.009554590941105,-0.0022566083615924,0.0263133301183697,-0.0150900156866736,-0.030820778358045,-0.0171826119818659,-0.0386853622893382,-0.0168602944558535,0.0037930995329076,0.0433240108656933,-0.0055369854522405,0.0189758300929334,-0.0428829768950885,-0.0487716470817295,-0.0214556634471301,-0.002258106107421,-0.0198790209583948,0.08352597676059,-0.0149789107540457,-0.0274901531773247,-0.006436554336287,-0.0033185306383296,0.0045567499753836,-0.0207594165437774,0.0197695191183062,-0.0350841451449736,0.0806195987529883,0.0233638436027241,0.0350693901146017,-0.0133586374898599,0.0120468629150345,-0.0598241511677783,0.0107252449657955,-5.66590365693731e-05,-0.0130462315664794,-0.0798281496572128,-0.0586741435636722,0.0066914710664338,-0.0102989301393301,0.0408402014552229,-0.0472644458805684,0.1226966908975928,-0.0160485870679755,-0.0031974969198547,-0.0219234793420424,-0.0471901999918651,0.1380570929186195,0.0438111364891093,-0.0940315192072961,-0.0674528223256601,-0.069950690524859,-0.008881301037494,0.006162781132494,-0.0296335528082263,-0.0452204290253478,-0.0532648442926571,0.1203354150758142,0.051135519291573,-0.0121549786327644,0.0187159809805361,-0.0170411629519388,-0.0920973495523931,0.0225294482513482,-0.0047602370771927,-0.0252595723967278,-0.0445845973403485,-0.0137441951903718,0.163312018190046,0.1495450658467734,0.0068803752303805,0.1091532099060594,0.0322211692326925,0.1647438232258904,0.1884600110709731,0.2152410464448777,-0.0498520764157305,0.0369483960052452,-0.0255854190569837,-0.0052933559637147,0.0258702876127492,0.0945729200097449,0.0309327421425591,-0.0936038779328571,0.0432033079254863,-0.0240326826287977,0.0749271807022471,-0.1599368098615317,0.0017401856549348,0.1984194377608605,0.1200615246367917,0.1240139464659613,0.0913495674975337,-0.0120477312536858,-0.0647318482354534,-0.1650861431159727,-0.112036541240862,0.0736742430363937,0.0076146813573303,-0.1132016029851634,-0.0921193139914257,-0.0857187047818889,0.1404609798302518,0.0296422950847994,-0.0082247775091774,0.0599959178975058,0.0977655122703597,0.1929327436090122,-0.1282539732117262,-0.1622155874980707,0.2003429764729272,0.0672047577524597,-0.0256948398632516,0.1289987942847432,target,2297,25,300.4415199216989,0.0350838293048156,0.0826993503656497,0.0345612538537605,0.3533898161198609,0.8330079355088377,0.3481260565412636,0.3533898161198609,2224,0.4002031961913276,6,0.0128249953005325,0.1185425493065235,0.2223068738029368,0.0,-0.8527607332693096,-0.4525575370779796,1.3425600018241728,0.0883213146082438,276.5163678106437,261.44190758001946,300.4415199216989,7.221808106881737,0.0506314210486302,0.0396361797381639,0.0248647988046848,-0.0108794306000705,0.8306536419107987,0.0079731373726603,1.0,0.0412639543120214,2025-10-01,27.0,16,0.1260069365512812,0.111802689899412,False,False,False,0.1333333333333333,2.0,0.1333333333333333,-0.0026668494279961,0.0495704814148905
AMGN,Falling Wedge,bullish,1,0.662546902960397,3,38,2403,2404,2026-04-10,2026,2,347.42079400995414,336.3921295001419,410.4751119624652,332.87065167222227,0.9954602472970552,0.0327851443082218,True,0.0091169033213835,-0.0391995497156905,0.0074129830721403,-0.0069906057233534,-0.0681152651867049,0.0628837581785008,-0.0121229569160953,-0.0055961703543361,-0.001387442530488,-0.0031630518837745,0.0287552144521776,0.0163661926651905,0.0191715342079763,-0.0065014770208496,-0.0494382709861055,0.0485930809080641,-0.0254768805092117,0.0081765927402279,-0.0044537447561356,-0.0008965001219725,0.0002123431610323,0.0099777145167629,0.0082465509257313,-0.0214150108814722,-0.0753410456387208,-0.0043450197918272,0.0096633614626469,-0.0160485870679755,-0.0658410786548988,0.026213370965004,0.0736103226777447,-0.0033543716605505,-0.057718895525343,0.0046947669643442,-0.0678387949144688,0.0208237924731284,-0.0717701682087043,-0.0035061202595629,-0.0058599165902285,0.0717829428382288,-0.0555842906815065,0.0039743048681217,-0.0480602996032911,0.0052977867041936,0.0081891392894266,-0.0126311231456963,-0.0579112875819516,-0.1467939801878977,-0.0439173207135438,0.0429163313516984,-0.0868674891939804,0.0022215045752864,-0.0529535618188239,0.0080774677310677,-0.0685628076754559,0.0353782972332428,0.0156876704664741,0.0099643801651738,0.0379432786403044,0.1016829322866061,-0.0494343479096256,-0.0348344974042668,0.0903518506162559,-0.0163168388074682,-0.0776399453296066,0.0236425628883019,-0.0195980889380595,0.0442353644878819,-0.0560101247145247,-0.0106485020895547,-0.1018930382623163,0.0687958124756862,0.0838851091466104,0.0891496461170118,-0.0464432867961742,0.066844287366746,0.027561591820254,-0.0581198502683339,0.0161024001312413,0.1175416013258034,0.0927938276642172,-0.1320783718628683,0.0081924560498269,0.0875266161701735,-0.0232917384433996,0.0744184227047475,0.0178721932326906,-0.0285375496575033,-0.1556108910677556,0.1072218633380037,-0.0389116747864635,-0.0293941253225804,0.053051328587014,-0.050151113345741,0.1009245524343935,-0.0739944347001283,0.078561732781976,-0.0044730071580568,0.1781067752382072,-0.0421723183284331,0.0008282924297704,0.1988746810219508,-0.0991967015008251,0.1685923381829743,0.0656250244687477,0.1650035843104953,0.1114080712594827,0.0783689101131175,0.0222561405097745,0.0695111509845489,0.0772931860741723,-9.596402130740422e-05,0.0110558765660837,-0.0436244537157359,-9.13432605464254e-05,stop,2416,13,332.87065167222227,-0.0418804590531072,0.0136613397070476,0.0526570755942076,-1.0,0.3261984232246385,1.2573184913621642,4.333587705805237,2363,0.9077346364584828,7,0.1583721658299428,0.12444391460049,0.0313217009758874,0.0263157894736842,-1.3874121541609628,-0.4796775177024781,0.0726529223618878,0.1447301936744919,336.3921295001419,332.87065167222227,410.4751119624652,7.678244435504873,0.1054639371613905,-0.0321443745861951,0.022168075089879,0.2082452718248912,0.164719898987095,0.0052304456183303,1.0,0.0229042914627675,2026-04-10,12.0,11,0.2254916922976539,0.1309025209170971,False,False,True,0.1,2.0,0.2,-0.0341994651558906,-0.5674000228016675
AME,Falling Wedge,bullish,1,0.6512526340207039,8,99,1473,1474,2022-07-26,2022,5,113.65030954079724,107.9736198904178,141.03153716419217,102.71017219578916,1.287700076033767,0.0525747831381469,True,0.0683959513108556,0.0336559900604751,-0.0449109102791165,-0.000602364363954,0.0690452883466965,0.0148186412794553,-0.005790572195654,0.0062487390913676,0.0051209265654801,-0.0055182504520246,-0.0105112349252289,0.0032653865057703,-0.0389090275776861,-0.013829744713689,0.0189993442791154,0.0726715346412791,-0.032520315003186,0.0168289990057517,0.0055547899617811,-0.0435197312865295,0.0231620447152078,-0.0200770740551933,0.0674196278338734,0.0686525909576001,0.0255700033953991,-0.0076971079774517,-0.0199868897747821,-0.0063748867389085,-0.0027025381780632,0.0380439230559446,0.0286714691482667,0.069533959976717,-0.0344208549397831,0.0231302430026456,0.0588305568263618,-0.0297197664142481,0.011957264401206,-0.0003546515482067,-0.0232430297149259,-0.0229586942951736,0.0075621612157312,0.0385288870244933,0.0304815882396756,0.0557161533021155,0.0605927056031276,0.054873066346863,0.0818353298091509,0.0362171037112022,0.0337682260361338,0.0962927180702999,-0.0056591942355981,-0.0454546172668109,-0.0675815289742135,0.0437854793358487,-0.0863239860820994,-0.0206106991652479,-0.0089074101771284,-0.0267525155628628,0.120931266440494,0.0224063843108288,0.0261460274549478,0.0881753795236208,0.0892861777417757,-0.0644876288236403,0.010816063099742,0.0160812724091743,0.1049546406421537,-0.0493659122325924,0.0679603226819096,0.0080832176302652,0.0471837282274035,-0.052900097110735,-0.0428421815292507,0.0050607355671297,0.0762623122880736,0.1009962766025178,0.0404503042658599,0.089131908638552,-0.0082738798213027,0.1018668600765968,0.1579818852242143,-0.0718902379389262,0.0884454972971824,0.0188960192929212,0.137277057641981,0.0341030789538669,-0.0643699577531625,0.0789989220885178,0.0601986652517287,0.028492089899553,0.0708765341711799,-0.0343548720250597,0.0117704909435643,0.0735065144977323,0.1523251311751297,0.078389224952291,-0.021011743167316,0.1074950181774863,0.0793864356130584,-0.0335317542173329,-0.0076841134337017,-0.1944735936386816,0.1839770566625929,-0.0064094143281092,-0.0118973770056478,0.1669022886035616,0.1586161552152658,-0.0440871849429617,0.0405278693433608,-0.0983072533620408,0.0677331092412056,0.1353228427301245,0.0048999307262391,0.1839488673412612,-0.0353355838407249,time,1533,60,114.98802947998048,0.0117704909435643,0.1293443857740883,0.0492838525536253,0.1222763386781099,1.3436786958892235,0.5119794131870109,2.5028230231395456,1369,0.744194531778426,7,0.1225476724969652,0.0181051776348877,0.0116047026100578,0.0515463917525773,-1.416303793681312,-0.6721092619028853,0.3030154459475173,0.1829551674292485,107.9736198904178,102.71017219578916,141.03153716419217,2.277897570004682,-0.1010540957150175,0.011003440161529,0.0201621250154661,-0.1451680461495531,0.8716202632135125,3.445561325143842e-08,0.0,0.0059188128207445,2022-07-26,8.0,5,-0.0947214804985501,-0.0701006246079209,True,False,True,0.5,0.0,0.0,0.0179587453478478,1.2573777330816642
AME,Falling Wedge,bullish,1,0.6439920528443642,3,59,1778,1779,2023-10-11,2023,0,149.3649087723904,148.83874717401693,164.30006150964056,143.29585200018056,0.6365695612618133,0.0035351117122632,True,-0.0544497612775924,-0.0390247074450709,0.0053922654797804,-0.0092742973023105,0.0043855892837216,0.0251561828595965,-0.011920480694791,-0.010268669753517,0.0251707241047869,0.0459977504774151,-0.2131415719545171,0.0749191991176412,-0.003641456988024,-0.0068810917682241,0.0158508751738688,-0.0251010607487499,0.0377255083044469,-0.004924965830131,-0.0028668755997709,-0.0152514122437893,0.013029341074082,-0.016999609039083,-0.050817558475214,-0.0826927126779335,-0.0382940021553215,-0.0072505764008353,-0.0343586387957578,-0.0324200478158727,-0.0502585426072895,0.0038250082023676,-0.0317791196741708,-0.0203206308283334,-0.0346753988732007,-0.0080837604466764,0.0099600468061065,-0.0047949397842643,0.0208735471994516,0.0257609088944545,0.0130360066266213,0.0075621612157312,-0.0090583431921099,0.0482395599839009,0.0054312682527328,-0.0032433603312529,0.0375910702631214,-0.0794945236126697,-0.0285713540967964,-0.0292579708719513,0.0311862043183397,0.0218934349615105,0.095206930447165,0.0484237941412115,-0.042075970387421,-0.0237233341662034,0.0682614632527152,0.0248666180185683,-0.0451486897969845,0.0191784295090564,-0.0646422529452962,-0.0779473581115611,-0.068072521050885,0.0255724856338024,0.0127798979978015,0.0525511783085144,0.0745997907955076,-0.030646408765486,0.0075788984865918,0.0480676090501541,-0.0374668640816515,0.0256783146692429,-0.0230229255493055,0.0695799577267306,-0.105248190633545,0.0764005029426706,0.1194159297054233,-0.0794429578171536,0.0183201447158833,-0.0974263280545043,-0.0744858808841181,0.0396431146339653,0.1082543933222786,-0.0208378153922914,0.0407366881953417,-0.0033529989658368,0.0429190197986988,0.0413424240699333,0.0252303472864001,0.011031651346482,0.2039105005239663,-0.0776543449820598,-0.074602663489625,0.0124916399668109,0.0649529793952563,-0.0256164119995927,0.2284684971801838,-0.0090829498509032,0.0998600627767101,0.0503849760407446,0.0688112087248391,0.1168806269433808,0.0766073786940468,0.0560752763518332,0.2314946144661869,0.1306544076353306,0.0181988651728939,0.0003176711357883,-0.0796917883701772,-0.0482127212050961,-0.0841631008527923,0.0311286255840128,0.0177471833101268,0.0208575274123261,0.2180477325075629,0.1008488840261092,0.0026913305111009,stop,1783,5,143.29585200018056,-0.0406324137449055,0.0025615723458025,0.0546468978402046,-1.0,0.0630425837333801,1.3449089730008008,2.4608688463153072,1719,0.4406350121380875,7,0.140860772988081,0.0910376210415768,0.2374913141481933,0.0,-1.2293439557686494,-0.7887089436305584,1.0001949639153571,0.0718660928306437,148.83874717401693,143.29585200018056,164.30006150964056,2.4154842375032013,0.0314206177141684,-0.0127316174214873,0.0161716944110824,0.1026875244375959,0.7480897358244444,-6.600282047297679e-05,1.0,-0.0193746781824096,2023-10-11,41.0,5,0.0974398545853016,0.0459998515004602,False,True,False,0.0,1.0,0.25,-0.0148390530469403,-0.7193093768468111
AME,Falling Wedge,bullish,1,0.6980462270836415,3,32,2398,2399,2026-04-02,2026,1,217.73577472015072,213.91345540963263,253.24427949952724,204.13737361706285,0.7851739437296426,0.0178685314731534,True,0.0756937430198552,0.0397104611080336,-0.0020558162904473,-0.0204110180673718,-0.076141657640179,-0.0341009514878468,-0.0053872837948298,0.0207360453914471,-0.002223723328525,0.0172270748005132,0.0641569138593152,0.0139050759016179,-0.0269299539857206,-0.0144891445336604,-0.0106684529547056,-0.0332497591643301,-0.030418500099124,-0.0186238563993114,-0.0364628954486456,-0.0157067398679019,-0.0075200059714134,-0.0032720592279651,0.0867755784353094,0.081875585679892,-0.0008860207306855,-0.0255538812992708,0.0078831805549017,-0.0401540663139553,0.0032319687219166,0.0086209423228484,-0.0524880263644313,0.0633052471198978,0.0041345942876949,0.0265759304867776,-0.1163669460073169,0.0519383205798567,-0.0413677146899462,0.0204188511401013,-0.0151490380449521,-0.1358574958979902,-0.0019583171931768,0.0389345069468911,0.0522919364510485,-0.0388104703838394,0.0102643566339406,0.0908808917273422,0.0554080037653816,-0.0433783300274384,-0.0394403591514942,0.0764806899786283,-0.0798353695258587,-0.0504921217614318,0.0373163931859263,-0.0109751751565263,0.0490721007110932,0.0150301266732431,0.0257075472873427,-0.0336542782240929,0.0301644444418065,0.0340670571866732,-0.0642614468927927,-0.0471468531398945,0.0563529970651299,0.0679653610749051,-0.0192179987915153,0.1388291052859607,0.0020968538418864,0.0926519195815884,0.0413724540818528,0.0228042709494875,-0.133753484866355,-0.066643327040986,0.0984670527658411,0.1386453595740002,0.1117447771290587,0.0044923210910858,0.0453302407130484,0.08027279423311,0.1452742356949188,0.0078943102457458,-0.0216868873166364,0.0479449087187313,-0.013899651527645,0.0709256046304236,0.0202166653453594,0.1569638880938182,0.1143431811202257,-0.0283534060626234,-0.0626770181532383,-0.088828523561219,0.0659107903221609,-0.0185125948512714,0.1095463605458173,-0.0319988904828463,0.0466020041207826,0.2044127686190926,-0.0335317542173329,0.2206645606569544,0.1781814022220518,0.1458798051076708,0.0951707866857212,0.0164189356794339,0.208987347255233,-0.0965832818188741,0.2212907516622317,-0.2257566970127494,0.0351254068876583,-0.0026000958563172,0.0708919763754212,0.0848244131660713,0.0432403615166709,0.0221914865781074,0.1949236406927159,0.1326481634425993,0.0313972614576601,time,2458,60,241.5879364013672,0.1095463605458173,0.1222496795848175,0.0142412010310727,1.75404163330645,1.957445474059896,0.2280282009582672,2.6112264603897737,2365,0.6172744609057148,5,0.0563684195278888,0.1190882317522079,-0.04047018889382,0.0,-1.2883212942000857,-0.671046833294369,0.5187733486080504,0.1251347009738754,213.91345540963263,204.13737361706285,253.24427949952724,5.490895960195293,0.0992522782525879,-0.0268872360096015,0.02522856054708,0.168252659347053,0.8290581942038335,-0.0243333635062368,0.0,-0.0347696124896711,2026-04-02,34.0,12,0.1547595143954316,0.0889794314145941,False,True,False,0.0909090909090909,6.0,0.5454545454545454,-0.0065788631824966,-0.1973545182616649
APH,Falling Wedge,bullish,1,0.8192790481208061,3,29,683,684,2019-06-06,2019,2,10.814242365129424,10.091135373151168,12.288699194342918,10.117276763550294,1.324888887583316,0.0716576445800321,True,0.0468934625420631,0.034127908259653,-0.0716091462821787,0.0130976101079811,-0.0208116989063066,0.0119277021446728,0.0153712999488471,0.0046385513603359,-0.0070527059759532,-0.058414007716403,-0.0454031214962999,0.0015602639639977,-0.0018049780026478,0.010088107993758,-0.0299443030645474,0.0132694008645226,0.0269737407197356,-0.0270290619476549,0.0180649124886895,-0.0347425341316159,-0.0046286830733994,0.0725923873606182,0.0525862757242555,0.0385351980439301,0.0038063668490493,0.0480094250541935,0.1134750994867135,-0.136133188892918,-0.0022739678950359,-0.064633535244755,0.0243787271849427,0.0018092920357672,-0.0654294640664456,-0.0317701173075473,-0.0431447603511915,0.065579725582384,-0.0527069868267208,0.0625288751631407,0.0498824875344612,0.0194690787984561,-0.0535688610805549,-0.0084690558670861,0.0498824875344612,-0.0304267286322421,-0.0149925738914078,0.0419619001279993,0.0649642774866705,0.0160653143308679,0.062302685225376,-0.0483560863867151,0.0014654112386722,0.0471042804842511,0.0383469675210288,-0.0456281727962645,-0.0484212105738305,-0.0001156266359213,0.1668854994908162,-0.0089050066992243,0.0274661325935776,0.0431473610288082,0.0895284457915148,0.0471745594119972,0.0540986337547986,0.0047195164343392,0.264572185451029,0.0813656628129355,-0.0403627503473263,0.0407765331905245,0.0261060264371511,-0.0350117797549283,-0.0633866682820556,0.1200367152260752,0.0954916547085884,0.0791934997395291,0.1099682118183478,0.1146043397988654,0.0369607777546969,0.0313007025484903,0.0437840183965132,-0.0193266161157145,0.126701731146914,0.0439040199283098,0.0341759470341289,0.0175287521205003,0.1057920303804316,-0.330456810352664,0.1115386916934009,0.0285379845014732,-0.043151400495083,0.143599935709271,0.0497213837398986,-0.080007058219027,-0.0518006219945127,-0.079578139418536,-0.0886607803869695,-0.1073232107327876,0.0838208711195904,0.1310454954460969,0.1688234851320635,0.004394185674599,0.0618008308439219,-0.0240080780707145,0.044186590903517,0.0527551849599641,0.0099722505287067,0.0392193040514134,0.2885601294613065,-0.0209237405978717,0.0605029257252092,0.1766839265395015,0.28980379150584,0.2274758410471047,-0.0318713284702588,0.086223226092152,-0.124424667033132,stop,724,41,10.117276763550294,-0.0644488608676367,0.0756874618781005,0.076604731612002,-1.0,1.174380134251639,1.1886126547578644,2.115537446715857,652,0.9870063261461608,6,0.0618745753038733,0.1185368290732464,-0.2368079113543529,0.0,-1.806469912775808,-0.8194635866296487,-0.0217719828106408,0.0953878446288325,10.091135373151168,10.117276763550294,12.288699194342918,0.1932155403159404,0.015228744380247,-0.0476239412544762,0.0179872666165577,0.0292140607612987,0.797752327395533,0.0053973394187212,1.0,-0.0094940630138775,2019-06-06,38.0,9,0.0220306574119095,0.0092780554635341,False,False,False,0.375,1.0,0.125,-0.0024723906902333,-0.1394036687484983
APH,Falling Wedge,bullish,1,0.726591706631213,13,123,1442,1443,2022-06-09,2022,8,16.343542550663738,16.856527618646723,22.077070414293928,15.818765209125132,1.4063144727297998,-0.0304324282906,True,-0.0796523843681858,-0.0081625902305056,-0.012658443353902,-0.0159465880020437,0.0734818402822135,-0.0652823985336473,-0.0143844771690964,0.0403365225597545,0.0339137620638272,0.0214821426412081,-0.0205940212858956,0.0202283437057015,0.0477550453104869,0.0641491353988441,-0.0394016426745575,0.0661380303375702,0.0460543379714102,0.0107991624610928,0.0051688485234679,-0.0230562246853045,0.0251882842142876,0.0350632883520594,-0.0945741317740597,-0.0273648395825527,-0.0194766386302902,0.008038719994913,0.0490960263038162,0.0093878652075509,-0.0109720349862333,-0.0005812580877659,0.0110049695491867,0.017667328598401,0.087260860830046,0.000434857622092,-0.0167919351925268,-0.0239456825088206,0.0022216360537823,0.0409604028895767,0.0061573013736597,0.0479606482003067,0.0398192448224297,0.0270760761908057,0.0224972296663608,0.0068432999910073,0.0548026489827648,-0.0463117498576204,-0.0403627503473263,-0.0175957042798808,0.1847434235180574,-0.0278004788935647,-0.0428836488876611,0.1979126099026054,-0.033528172610624,0.0827374656555486,-0.0236148939196909,-0.0382061704343784,0.0194665389791683,0.0899074992127964,0.0288348541341065,0.035570550444185,0.0934711140819495,-0.0050893266647099,0.038560964903892,-0.0772626575699638,0.1266411974311188,-0.0608728926806259,-0.0235128670815494,-0.028645170162003,-0.0671842473152592,0.1458930028021443,0.0955130417976508,0.0103001717483379,-0.0077478397532286,-0.0860997560961923,-0.0096294841602464,-0.0853371004725084,0.1744748652787384,-0.073094912617585,-0.0342928597772164,-0.12749775386386,0.1708349060068381,0.0327510517958946,-0.050084160954234,0.11656001199449,-0.0016913946736754,0.0147472232381391,0.1522329595093121,-0.1161307464660992,0.0894917118372711,0.0998614769252275,-0.0656795670345522,0.1356945626789018,0.0755852120903957,0.0817439945800483,0.118580201171998,0.2358571321595013,0.0722608045251123,-0.0800396803118939,0.2960131027031529,-0.073848146909857,0.2662757155020341,0.1290774142807171,-0.08243174294818,0.0772630437456214,0.0327686648153606,0.1589153831624894,-0.094285099832407,-0.0136783816503668,0.4184419165458852,0.1346676715266563,-0.1019770991389855,0.1010135232203128,-0.0643463221592837,0.0734150355609033,-0.0046119447080428,stop,1444,2,15.818765209125132,-0.0321091550324439,0.0064782457783903,0.0435805145502872,-1.0,0.2017569684360901,1.3572613326713954,10.925639142154916,1311,0.6280344209777444,5,0.0568633898326351,0.173742743715253,0.0990192473317097,0.0084033613445378,-1.6667061950873938,-1.0386717741096512,0.5275430158786378,0.1569050196553944,16.856527618646723,15.818765209125132,22.077070414293928,0.4054604939527181,-0.0970563737999951,-0.0280998503702256,0.0243708408754095,-0.168192933038627,0.0727288700645938,-0.0048227045080154,0.0,0.0221263879777053,2022-06-09,30.0,11,-0.1093403316382084,-0.0544576209206905,True,True,False,0.5,0.0,0.0,-0.0103170818552637,-0.4997168825593193
APH,Falling Wedge,bullish,1,0.7039925654654382,3,49,2401,2402,2026-04-08,2026,0,68.24204813764825,66.9556458959438,83.28598365885125,59.16326669013904,0.8082787947244278,0.0192127523301568,True,0.0752797923226265,0.0380858023686621,-0.0063447934158109,0.0454122026056627,0.1249507445697797,0.0215538048256345,0.0061886040330245,-0.001382588325602,-0.1124025846458133,0.0307906704909002,0.0173911772015731,-0.0182148688870577,-0.0040076631885013,-0.0059385370388461,0.0493083551004898,-0.0010004765186391,-0.0266581716551432,0.0723553316917575,-0.0113837104924832,-0.010199364488274,0.0109377287337388,0.0421701470852218,0.0641034919385459,0.0836930044451889,0.0297986877302749,0.0720675389172296,-0.0786818420892359,0.0300739496691291,0.0841978248714427,0.013328226065765,0.0228063781128882,0.0274252986258258,-0.0851843772272057,-0.0259833863391417,-0.0148776442495777,-0.0047799833827548,-0.118036573890269,0.0160939519561105,-0.047011151015065,-0.0428532516232336,0.0199742742460158,-0.0090398600044986,-0.0502252049231159,0.0083350342808057,-0.0349905248762663,0.0945610705889465,0.0130221567744954,-0.0743911468124269,0.2769182447365281,0.0596210777307244,-0.009235566225939,0.0538498378834515,-0.1313405550962767,0.094988311561651,0.0769557250906118,-0.0405896073354985,0.1533045849167167,0.1237215188451659,-0.0728361227316222,0.1820952602541783,-0.0161082163156127,0.1590040796013279,0.1006760698008872,-0.0056405638931877,0.0490653566110392,-0.0702946318547562,-0.0772626575699638,0.0118173877143619,-0.0329133199116938,0.0737434501038676,-0.0481373206938711,0.1238563596062385,0.0841065514608494,-0.0199883264644512,0.0603491267842597,0.1542563256552314,0.0023104383151506,0.0625379421438021,0.0155889487431475,0.1165936652138848,-0.0053103569900625,0.0539956687502936,-0.0379951709271612,0.0823605423368782,0.1498336090166829,0.0863526834471752,-0.0476491151820955,0.0058167219941254,-0.0584711702188195,0.0304396175598018,0.0625292170912987,0.0276677861870561,0.2221936629314531,0.1060542811979854,0.1483906387794,0.0410486326076608,0.1016404726871766,0.3443768457982816,0.1026953777355399,0.1098211560608091,-0.0759902757674025,0.2132609282408686,0.0526016667069353,0.0447258914665902,0.1959590054289617,0.0475784962287402,0.1233935179033025,0.0821336919324864,0.0459559083118321,0.058945936083208,-0.076957961893343,-0.0390929007241102,0.3621661038112604,0.0737275701161879,0.1243746278557338,stop,2430,29,59.16326669013904,-0.1330379391485551,0.1373180229601185,0.1366595807926075,-1.0,1.0321719040369697,1.027222622864057,1.6570434708867603,2352,0.5128363605705126,6,0.0892569781029576,0.265733879318043,-0.1438388605711331,0.0,-0.7643254293625816,-0.2514890687920679,0.7111716092671746,0.2263444251214039,66.9556458959438,59.16326669013904,83.28598365885125,2.857291672969666,0.0691777303698875,-0.0151334608950896,0.0422938538784341,0.1008826171472283,0.7322177602134949,0.0593550155440951,1.0,0.0009986166518081,2026-04-08,22.0,10,0.2122988975981163,0.2031672340840367,False,False,False,0.2222222222222222,0.0,0.0,-0.0286363493556085,-0.7035275738433754
ADI,Falling Wedge,bullish,1,0.6900878036599479,3,30,742,743,2019-08-29,2019,0,97.39148276212826,94.46315500920616,112.00507721496712,90.55174676368614,0.771390747347862,0.0309996818615332,True,0.024645535899779,0.0116280380919602,0.0645972566246455,-0.043811543965214,0.0541173962138359,-0.012655599883508,0.0263676858139845,-0.0637406185396626,0.0009189301883032,0.0093360514564255,-8.595337025218974e-05,-0.0229650144228313,0.0085438971274491,-0.0094998219711723,0.0182439323856113,-0.1161393163510547,0.0144291221670214,-0.0027482084995714,0.0222962798498891,0.0385323775190922,-0.0215079380012988,-0.1189008757662756,0.0323791339710081,0.0596581971803051,0.0363081984439586,0.0499781464996895,0.041307874153724,0.0037043082186023,-0.0337636421763327,0.0397123276051982,-0.0465674513535533,0.0266788480209201,0.0987373925252563,0.0577724536802144,0.056945816373809,0.0455915986858648,0.0278785641329477,0.0851912349017505,-0.0265589376050885,-0.0646021843881221,-0.0730310241732647,0.0369834801893795,0.0600744071370928,-0.1244036613544757,-0.0034935146705598,0.0467513953601525,0.0098219866732931,0.0011750832243482,0.0309358994798187,-0.0094914668506717,0.0059768885841022,0.076057388853264,-0.0303259058863676,-0.076851710343215,0.001358675321049,-0.0111551549106456,0.0166094278858952,0.0223787458136786,0.0069030608516742,0.0508149267833002,0.065154653081781,0.1062407096415154,-0.0816228214274308,0.039190576466995,0.0460149339556115,-0.0477472609779277,-0.0069371255670308,0.0494375510266362,-0.0028251129158084,-0.0284648641439807,-0.0582820099281075,0.1478867875610574,-0.074367982919735,-0.0228821604852323,-0.1669791518303554,-0.0134841312641472,0.0816539820180637,-0.0139854473464567,0.0436818025029575,-0.1562668683413763,-0.0456274738219887,0.0233029563128788,0.076455509470642,-0.0135803500131685,-0.0101639280183262,0.0960190701055385,0.1675284660487539,-0.0783137647897941,0.0052280239886794,-0.0349022589753881,-0.0098199363823519,-0.0285340213349932,0.0062751830206519,-0.0555015821939668,-0.0072439209708631,-0.0294967248522112,0.1338414091427082,-0.0830254370739472,-0.0579788741314712,0.161630880499106,0.1254073153853361,0.0297609241115599,0.2383457410943306,0.0589869534114815,-0.1038437228336056,0.0450000184695071,-0.0371852060121399,0.1046262114382514,0.0397616824421611,0.0642378859139489,0.092863349248357,-0.1120502236592331,-0.1615453766672446,0.2410539471023121,-0.0308821585822652,time,802,60,98.00263214111328,0.0062751830206519,0.077300980264876,0.0489266869828283,0.0893527731368899,1.100694104081947,0.6966705429831653,2.136572881784819,712,0.6051223151544437,7,0.1627115053409207,0.1030711969967554,0.0550964411490915,0.0,-1.1729766824617334,-0.5678543673072888,0.4322173302193732,0.1267752636034402,94.46315500920616,90.55174676368614,112.00507721496712,2.6296171899108245,0.0643707649075391,-0.0313205299629689,0.0272332885738271,0.0159910450147917,0.1176467654993175,0.0164665148001821,1.0,-0.0076651561197783,2019-08-29,23.0,12,0.1084785005042334,0.1269559323470559,False,False,False,0.0909090909090909,2.0,0.1818181818181818,-0.026049148073943,-0.9781872258259948
ADI,Falling Wedge,bullish,1,0.6768856589644958,3,25,1016,1017,2020-09-30,2020,2,107.58723783292116,102.60683362912624,114.63836918759034,99.88484260312,0.6358253759242719,0.0485387184034609,True,-0.0026054662799208,-0.0116966628442209,-0.0302333344536718,-0.0196616421289442,-0.0117291140594565,0.0058090623041864,-0.0373152456399562,0.1406377473846207,-0.0139607724792899,0.0302558926930525,-0.0090221740184757,-0.1296313372867558,-0.0026054662799208,-0.0411194847868627,-0.0176328469371642,0.0275910765868188,-0.0130823686185003,0.0347098838667416,-0.0193818404308575,0.002645791682635,0.0109703963262792,0.0100805784929693,0.0015282936092067,0.0341233634987854,0.0037996484561837,0.042115011835764,0.0351565480801676,0.0135588199657865,0.051919724255498,0.0271707378953287,0.0075735959110201,0.0131684765586956,0.0566809135165142,-0.0577879171082315,-0.0600132148775504,-0.114153647804031,0.0863765887311593,-0.0985351238005829,-0.005538961186335,-0.0348968970017825,0.0404399157215915,0.0218876387269333,0.157779337249863,-0.0503421861981328,0.0486842130808291,0.0250611848211601,-0.0210959654869851,0.0115671985691626,0.0424874329721656,-0.0395919636956797,0.0167759662598721,0.076057388853264,-0.1020278503289108,0.1577692342528605,0.1026614389928444,0.0715858569734668,-0.0705291058039923,-0.0097518384058815,0.1859480825163495,0.0035001110849874,0.0128793397819053,0.01952701382262,-0.0921459576761651,0.0632737015127407,-0.0096274272003208,-0.0014299184286989,-0.0002582113811373,-0.0024553258843028,-0.0423283638978844,0.1426288467880336,0.0686853801367393,-0.1498427566000244,0.0477611466014304,-0.0621005844428481,-0.0052793946177777,-0.0053696424138575,0.0003485076624516,-0.0219229194522995,-0.1769875669710154,-0.0413283588406568,0.193084347566113,0.1613602470217576,0.057057151280458,0.0017476996659209,0.2406307669156526,0.0387402674458825,0.0937120298134426,-0.03106044552598,-0.0002936000538282,0.0077687629278768,0.0710848692154306,0.1216733204281272,0.2196134633902544,0.1222374213701997,-0.043317081761468,-0.0405431676523472,0.0237917104681619,0.0918104166469475,0.2519535300611937,0.2095782689483984,0.1582048144542904,0.0508018238921919,0.0316083077688453,-0.1489740650032669,-0.0410943517100178,0.2077954025506561,0.2895483504311393,0.0458176204907652,0.209010804699868,0.2523246498272691,-0.0516396371680948,-0.0468513178448484,0.0048516869504224,0.1744164370248373,0.1381587532365072,target,1042,26,114.63836918759034,0.0655387339306852,0.1006049090394456,0.0418557318819866,0.9154465778888904,1.4052517370321518,0.5846418479326113,0.9154465778888904,989,0.7117573062126408,5,0.0016209825420538,-0.0088843268297423,-0.2016239614981314,0.0,-1.0972632785692102,-0.3855059723565727,0.3487743527471412,0.10085603964927,102.60683362912624,99.88484260312,114.63836918759034,2.4014235066811693,0.0469839292390377,0.0065158122875028,0.0227489957398464,0.4030395329105951,0.2598032065881987,0.0005145921241449,1.0,-0.0464248970347376,2020-09-30,24.0,12,0.6054142016874038,0.1452165466519905,False,False,False,0.0,0.0,0.0,0.0112818278350771,0.5938448740651774
ADI,Falling Wedge,bullish,1,0.6974281997175458,3,27,1223,1224,2021-07-28,2021,0,150.93802082264853,149.58491635938265,162.22848350053164,142.67608253443208,1.3857510729613731,0.009045727979785,True,0.0473358092802851,0.0492453868745748,-3.201228117000188e-05,-0.0070342635254845,-0.0150550253285555,0.0313093953590741,-0.0022987745034469,-0.0363843368337845,0.0545161923756614,-0.0197479511642179,0.0835412092235659,-0.0520995770446012,0.0292231778125546,0.0124928424808661,-0.0064940157760337,0.047229852466702,0.0609736333760648,0.0396098556591362,0.0172510791390463,0.0240546993353523,-0.0007605980022338,-0.026041562550777,0.0356231182693991,0.0344705020297444,0.0254666492278736,-0.0393771708098281,0.0305295256107389,0.0025300265171368,-0.0714334554078776,0.1681120092836419,-0.0517532815446514,0.0554868541747279,-0.0345208239797191,0.0601077732705912,0.0483192246582377,-0.0633909171084752,0.0254187509300989,-0.0487958046301829,0.0262909526129282,-0.0332104274697629,0.0626203133165856,0.047017613091876,-0.0316450951488009,0.0040941478101517,-0.0139496115052115,0.0273479718461341,-0.0047335956771449,-0.0254012175826444,0.0010151330247449,0.0043674638447483,0.0647232962395092,0.0282625544449015,0.0190489244696769,0.0103380080455721,0.0498817538399323,0.036186602902851,0.0722982232685613,0.1315721069736666,-0.046669686362363,-0.0291965328498603,0.0043363723600742,0.1005920364823813,0.0444269736491755,0.033878932059177,-0.0725419287183536,0.0856134946821491,0.0564761405268596,0.0098623495657708,-0.0349572065996037,0.0800996713810788,0.0692321099700967,-0.0045983090731354,-0.1065659502174416,0.1696148145144773,-0.1779795304322337,0.3286267937556022,0.1208554019881249,-0.1384120407572391,-0.0014085194258423,-0.0447540840745969,0.0875310263310509,-0.0148575818078966,-0.0422652187813021,0.1507765728346188,0.0710848692154306,0.0031714246546992,0.0489889020897937,-0.0468624349272012,0.0286682332363166,0.1272517786377696,0.0698570939222886,0.0486635092969146,0.0897284837499892,0.0551161580967267,-0.0108649610869167,0.0437250146936905,0.0491986328786973,0.1302239990082407,0.3057775957899911,-0.0021397663073453,-0.0102087835194848,0.1633343577220518,0.2470445901945217,0.0824170413233951,0.0759104981639031,0.3960297872396123,0.0139672860438342,-0.0558545041251208,0.1795834971461596,-0.1210611165699723,0.1450782897333729,0.1028960740265629,0.3998753865840012,0.147390889646817,-0.0243877066793114,target,1263,40,162.22848350053164,0.0748019790927916,0.0835124863311012,0.0211795843741876,1.3665634242252926,1.5256963875865592,0.3869315450885911,1.3665634242252926,1196,0.4105900589097075,6,0.1042482862638773,0.1164284548793082,0.0034389879821148,0.0,-0.7397547793005992,-0.3291647203908879,0.9844971818813436,0.0937394621828029,149.58491635938265,142.67608253443208,162.22848350053164,3.1516866159729893,0.0904435764113147,-0.0019559120389408,0.0209748564516682,0.1217750454322439,0.662982633619961,0.0044901465754929,1.0,0.0260229025239162,2021-07-28,31.0,16,0.1650682114565533,0.1290273161919433,False,False,False,0.0,1.0,0.0666666666666666,-0.0269391735094018,-0.7529178545592391
ADI,Falling Wedge,bullish,1,0.620634423417904,3,19,1280,1281,2021-10-18,2021,1,159.8177798528555,155.3521766585933,166.95095881879183,149.4544529351801,0.6547999764117778,0.0287450313881081,True,0.0390236854187981,0.0242551455546036,-0.0088562919150956,0.0013943409862677,0.0066023025421779,-0.0156755925586679,-0.0039378693068587,-0.0133933857440509,0.0061293673009503,0.0226345611177642,-0.0217597790956932,0.0212856403404013,-0.0542025529611115,0.0418069345374263,0.0569088273400779,0.0711758622083651,-0.0104813621646571,0.0511862141792986,-0.0135676520927146,0.0058090623041864,-0.0998982595201245,0.0126582078365709,0.0362327566520725,0.0071945091480709,-0.0175759429547259,0.0110129351490615,0.0652917655587148,-0.0189423520436168,0.061861383237791,-0.0546489760831401,0.0034307968136506,0.0629184773131843,-0.0695589135570627,0.0283403210054316,-0.015111297544062,0.0091819189566848,0.0133764464840895,-0.0241445436988215,0.0238615271327369,-0.0413139206490698,0.0065722522046016,-0.0060779653624449,0.0542515682711228,0.0414961867626191,-0.0091660554173668,6.29314213657587e-05,0.065154653081781,0.0239225497370778,-0.0842163087211009,0.0799729176888073,-0.0182399718591007,-0.0001341450871727,-0.0043255313956525,-0.1647619789891743,-0.0154484365023331,-0.0853982741792288,0.1562112861754288,-0.0279744647082329,0.0852317053147966,0.1114740518549934,-0.0217256463275957,0.1230147196869613,0.0403953569935493,0.0447682588885178,0.0862904406548712,0.093484172878226,-0.0588922704900751,-0.0454854658411619,0.0504426322800148,0.0185056661462961,-0.0136601673701846,0.1307778949793077,0.0424605354076232,-0.0988302879563756,0.0200443034477595,0.2813897773621665,0.177862064802432,0.1886185077403903,0.3251002007534651,0.0738659790581071,0.0323002327915784,0.0894485430035436,0.1072755470311963,-0.0771969966760486,0.2551419137222674,0.1918745675100592,0.0876523610981792,0.0307987269369844,-0.1098494621126832,-0.2213234427031776,-0.0653654956790074,-0.0545966073795922,0.0038876920988899,-0.0490276522327082,-0.019218576302922,0.1383114043664102,0.3101078650727167,0.1585808681841454,-0.0118998536632829,0.1903547417274302,0.161630880499106,0.1465175366053446,0.1046262114382514,0.173430029835705,0.0665684734101192,0.1862266721181904,0.0547928955057503,0.0781939143579018,0.1437015243327837,0.0102355475426063,-0.0300645437762859,-0.0227105678444472,0.0289649990833735,0.1525452981633457,-0.0971570739339221,target,1286,6,166.95095881879183,0.044633200214043,0.0497871550471947,0.0068493289040045,0.6883097505850349,0.767791332652213,0.105626749750893,0.6883097505850349,1260,0.5053726651596248,5,0.0620017718032944,0.0213399648584085,-0.3226761510642423,0.0,-0.7657446298219983,-0.260371964662375,0.7704496182488679,0.0869320727471339,155.3521766585933,149.4544529351801,166.95095881879183,3.410733507700485,0.0827354653411012,0.0290708213365711,0.0213918679106387,0.1316005183066988,0.916243241987205,-0.0096487037655168,1.0,0.0302966813285483,2021-10-18,31.0,16,0.0445681684613794,0.0289723796036325,False,True,False,0.2,5.0,0.3333333333333333,0.03855008092662,1.107263570820387
ADI,Falling Wedge,bullish,1,0.649602438329219,3,29,1464,1465,2022-07-13,2022,0,138.66729004160712,137.14548563657763,157.70274181272805,127.49000598394446,0.6668873339394457,0.0110962777809699,True,0.0966050294560274,0.0399686823810276,-0.0009416065616427,0.0084560374327564,-0.0414085127124439,0.0786341519095943,-0.0141740600502899,0.0059885766599236,0.0229538528305262,0.0071473499780079,-0.0095894431543407,0.0027448624440777,0.003346436725903,-0.0068484639693636,-0.0640836016442205,-0.000608111295773,0.0057043626754986,-0.0253450061973821,-0.0106060058631484,0.069032789651442,0.0355735654530613,0.0006225754993558,0.0932750419654503,0.1316300651423039,0.058211261268575,-0.0105894848833753,0.0133764464840895,0.1018359554530432,0.0271093256061549,0.0696022118810424,0.0650761517910116,0.0176687878767629,0.0451427888531772,0.0498358870146049,0.0149185097522877,0.016378155307112,-0.0869789746951428,0.0705093872782218,0.0558648848462439,0.0118768781185798,-0.0213184377199917,0.0537510096218252,0.0513087165758854,-0.0222765693728813,0.0899727954575124,0.1009768438799957,0.1770084361023984,0.0528681942975763,0.0948031868447103,0.1030177384952959,-0.0594168752728351,0.1324178029678537,0.0788010964353975,0.1092109837725396,0.0311672357944228,0.0240949481548191,-0.0432437143506095,0.0830167674857851,0.0377427958300005,-0.156143888762904,-0.0942544247395715,0.1552998500199214,0.0062373702979092,-0.0214091221259914,0.0833531757808418,0.0330051382283871,-0.0521410863552967,0.0137879003531879,0.1490410921597052,0.0276446728102897,-0.0440075430576538,0.2707545446258983,0.0771419131421615,0.1535234004395607,0.1474980941506494,-0.0467337188307673,0.0816539820180637,-0.0928983292852235,-0.0580024865251774,-0.0771969966760486,0.0767355283821189,0.1486420887856352,0.0330129848859366,0.1559659844364866,0.0884054778934169,0.0989498695011084,0.3133588392766273,-0.0284648641439807,-0.0275000450569196,0.0770733094947495,0.0639621149705782,-0.045149411763954,0.0198089163746837,0.0168030479842675,-0.1013963249202307,-0.1074435821474382,-0.0479994884392469,0.0350711794535301,0.0464275997140277,0.1296923094413442,0.2165359266008983,-0.0664276337338374,0.0017191189334739,0.0478373592022147,0.2088607946082663,-0.1449857005996239,-0.0263954390189223,0.0334205768732824,0.0347521988773804,0.1656730207823822,-0.0319794106467953,-0.0762180317716352,0.0313109177864978,0.1483149397471326,-0.0050296001624513,target,1474,10,157.70274181272805,0.1372742754647427,0.1403695799177055,0.0102857060793068,1.7030480457433712,1.7414489200641632,0.127606221764057,1.7030480457433712,1435,0.5096249783504107,5,0.0650707662622935,0.0897520309599044,0.004124285035725,0.0,-0.8237966958367507,-0.3141717174863387,0.7592381893053024,0.1425152445455338,137.14548563657763,127.49000598394446,157.70274181272805,4.140379194269586,-0.0890826842828217,-0.0373941378475589,0.0297703087915562,-0.1161029588104438,0.8368202973868529,-0.0172915333178265,0.0,0.0145769940212623,2022-07-13,29.0,15,-0.2812664197823383,-0.1899685299483865,True,True,True,1.0,2.0,0.1428571428571428,0.0331834848609915,0.8392166849116897
ADI,Falling Wedge,bullish,1,0.7338563582715169,3,34,1523,1524,2022-10-05,2022,2,141.75135265011886,134.50035319592985,167.03595624780655,130.55969256795242,1.445259081790988,0.053910635042172,True,-0.084186768907579,-0.0334439675577488,-0.0032644973879408,0.0079850939200323,-0.0210214573197603,0.024203178984905,0.0427236467749725,-0.042139299318315,-0.0025891993643274,0.007017132218704,0.0027817866876371,0.0053837254703172,-0.0046318313570602,-0.0033617266047675,0.005918102045094,-0.0175450801280198,-0.0324355163372178,0.0292231778125546,-0.0280958874775348,0.0678446888275159,0.0126582078365709,0.0224826114695799,-0.087843611745226,-0.0660807064968337,-0.0471255396282409,0.0137651571493235,-0.043502182428782,-0.0133237755015979,0.0109636589310431,-0.035943620492339,-0.0018178563002914,0.0242717363864133,-0.0169136956928065,-0.0257584563768048,0.0023285038309779,0.0013809827341737,0.0385096527233008,0.0106655732435947,-0.0782059861936081,0.0283973016729273,0.049912722701511,0.0222580301674242,-0.0027140116099516,0.0364713981174691,-0.0546802073493681,-0.0643839527824642,-0.0666751208119555,-0.0646787536936154,-0.0342172360479364,0.1164035107909664,0.0582612624843161,0.0632737015127407,0.0992286619741373,-0.0118215330457451,0.0061096130795763,0.0339512389872118,0.0706206087437801,-0.0355471465265259,-0.0419156531241821,0.0463505626065228,0.0887993512083795,-0.0382009255670005,0.1324178029678537,0.0639763379976652,-0.1452706389717787,-0.2327037592783148,-0.1261622447853706,-0.0516740656161419,-0.0697690932814633,0.1331526121222452,0.0485988882222041,-0.0090302019369838,0.091107269965335,0.1268375154974454,0.1272033743207536,0.052825846461685,-0.0883247930002586,0.0613779874757955,0.3564114110092038,-0.04724238675054,0.0221858710249232,0.0593710807477654,-0.2477798009783964,0.0605130561267308,-0.0071660410415661,0.0649241854177311,-0.0797867534893235,0.0669494529532999,0.1794366620715954,-0.0600670828787529,-0.066384472267179,0.099984503085782,0.0887481835245227,0.0659428736459726,0.2087443284546719,0.0033344670262149,0.1958343999336023,0.004222917466274,0.2314923087413096,0.1362535261153339,-0.043816115476802,-0.072944796514268,0.041683750188761,0.0198089163746837,0.181441396640368,0.0147625777256763,0.1846151879490423,-0.0146233941724882,0.2010799237109639,-0.0268821328477484,0.2526417937498491,-0.224631142760012,0.1030076760614155,-0.0811361450951871,0.0230037113609396,stop,1526,3,130.55969256795242,-0.0789527568727369,0.0151324473562709,0.0820721045412129,-1.0,0.191664584691612,1.039509040494989,2.2592362001753363,1487,0.8066643283234138,6,0.122961413977716,0.2114618506371821,-0.0180324615105587,0.0,-1.3534185435930102,-0.546754215269598,0.2032120439878728,0.1391354240903758,134.50035319592985,130.55969256795242,167.03595624780655,4.208476997605847,-0.0411858547972178,-0.042388031200046,0.0295796847357972,-0.0415575412702921,0.7402901384768659,-0.0116010251813398,0.0,-0.0481195952187228,2022-10-05,29.0,15,-0.1314709368745337,-0.1113282591747156,True,True,False,0.6428571428571429,7.0,0.5,0.0219086983789068,0.4997115705320609
ADI,Falling Wedge,bullish,1,0.6597843395903882,3,14,1961,1962,2024-07-05,2024,1,224.5507662167715,222.0076719814688,232.2521824644357,215.74789352744097,0.4837046134637959,0.0114549835715362,True,0.0274787724712313,0.0192870241747558,0.0039107916114942,0.0284901075491754,0.01438367650979,0.0278898116753076,-0.0285024766224351,-0.0255299358990268,-0.0663386685462916,-0.0035217189406595,-0.0043381538597717,-0.0101841173438058,-0.0098472620516844,0.0059860657330712,-0.014608792531953,0.0473725567525746,-0.0175450801280198,0.0059102584642833,-0.0236187997490907,0.00289956044982,0.0511862141792986,0.0487470280135893,0.025841719207948,-0.0041347755702567,0.0074775804819899,0.1408108994678676,-0.0153116114349641,0.058605641697045,-0.027027072198439,-0.0359862423286138,-0.0292425573177709,-0.0147387934312204,0.0444712961543993,0.0722428988299777,-0.1402115970443425,0.0185909852623864,0.0155969009300367,-0.0226267292114508,0.0221576601512623,-0.064063971430765,-0.0269548751864887,0.0796199855460217,-0.0365090674772554,-0.0353217748340201,0.1206920360447483,-0.0103744761796774,-0.1043156039045452,-0.0637354594674495,-0.0027712358413986,-0.0478588679699849,-0.0632550672853488,0.0525975202102195,0.1294474237805869,0.1348211064877802,-0.0644496133246941,-0.0237565609878079,-0.0523130756300066,-0.0189748460992511,-0.0215931276030159,-0.0133349814904406,0.0133276610674262,0.1435762846465258,-0.0036281076391986,-0.0917520805922968,-0.0245826901778051,0.0051425269523561,0.043581464697207,0.1444711745828928,-0.1162503492937324,0.0114565889814255,-0.0033786727587015,0.0978493311379324,0.047349818713319,-0.0208195635909489,0.0099860365071979,-0.0784389096761256,0.280628750863394,0.1451869543017505,0.0970080215703512,-0.0653654956790074,0.0012504096199472,-0.0060429996177771,0.3311164082935998,0.2186710132070151,0.1499745240124013,-0.0543491984244052,-0.1737686384991373,-0.0610350378266832,-0.0684466167376333,-0.054282564140094,0.0572166843646335,-0.0312278574385609,-0.0047581039802575,-0.0409096399171091,-0.0574272099053669,0.0570529098904593,0.0799991040513794,-0.16819193625617,0.1626494565466272,0.1652172873365591,0.1749254473297232,0.0109790506588585,0.1379324349099275,0.0432643368867744,0.0763452113728233,0.0252297093532682,-0.0210890363382012,-0.0294058873737672,0.1285119674612451,0.0632342839627353,-0.0612546473377548,0.2990967169720366,-0.0938744195128229,-0.03360670045682,-0.0527375079578332,target,1966,5,232.2521824644357,0.0342969938487298,0.0429840117820284,0.0054699211640757,0.8748753412052216,1.0964707909980298,0.1395311544181783,0.8748753412052216,1946,0.3447380093642294,6,0.0634177211273493,0.129510400389355,0.1272186118327658,0.0,-0.8385818880241286,-0.4938438786598995,1.4863601745673969,0.0454077580377456,222.0076719814688,215.74789352744097,232.2521824644357,4.117947065769106,0.1951306336649718,0.0444729916467965,0.0184410590270473,0.2325398711704838,0.8025492873561012,0.0060865034914707,1.0,0.0406968169727066,2024-07-05,11.0,19,0.369035972278708,0.2569603919942498,False,False,False,0.0555555555555555,0.0,0.0,-0.0518649551502988,-1.223117656695391
ADI,Falling Wedge,bullish,1,0.8381194125510528,3,36,2481,2482,2026-08-03,2026,1,371.2588898214861,364.4116251010846,467.62288522999097,353.5353979232077,0.8642600573829538,0.0187899184569155,False,0.0309888986883475,0.0146865909507334,0.0022871919982743,0.0155156124724349,-0.011683330683839,0.0678446888275159,-0.0206935226732033,-0.0022987745034469,0.0208140890408095,-0.0536446750951347,0.0016601948484713,-0.0246094506496685,-0.0047903882770539,0.0434364735106087,0.0495473310268022,-0.0056026989907728,0.0095685580621145,0.0494321623802007,0.0433934235349553,0.0083056683569582,0.0219940132198046,0.0396507313126572,0.0184825338024231,0.0480409321014319,0.0322119772218532,-0.0736434684635047,0.0072434452349916,0.0245788380282068,0.0665160929427213,0.0302034910681898,-0.0317174674171967,-0.0893760217997197,0.0762954464126655,0.0390449991244308,0.0360092848088369,-0.0008185910740675,-0.0836228545744219,-0.0463955435945026,-0.0865175965673092,-0.07215769838772,0.0078953522204701,0.0402734934328883,0.1472069389162786,0.0504806135477169,0.0454297077916434,0.043694509018902,-0.0275249470294914,-0.0359652963043605,-0.0142315201919952,0.0403953569935493,-0.0415482381814615,0.1446325030747457,-0.1035524861871598,0.0856818258759148,-0.0701503155308101,0.0394798629293298,0.098123939097616,-0.0131080518675334,-0.0084164155897482,0.1392872877061675,-0.0314380605564404,0.1782698271352041,0.0744580373057992,-0.0692798955233007,0.0073947038336465,-0.0118215330457451,-0.0290097033366842,0.1262304114439372,-0.054594823798743,,,,,,,,,,,,,,,,,,,,,,,,,,,,,,,,,,,,,,,,,,,,,,,stop,2502,21,353.5353979232077,-0.0477389023783388,0.0659522960242468,0.0608709630367182,-1.0,1.3815209973108251,1.2750809089472894,5.437077296143061,2444,0.8220943385653946,7,0.0440797484366346,0.0811637029162506,-0.3527330706325329,0.0,-1.1610559799972164,-0.338961641431825,0.1488273305622872,0.2081249636208264,364.4116251010846,353.5353979232077,467.62288522999097,13.754526098855557,0.0945380769194537,-0.0878001072535001,0.0381243303270028,0.1708936765651307,0.6949288206745302,-0.0120029836953801,1.0,0.0085054218987581,2026-08-03,25.0,5,0.1661785118619796,0.0715379124227042,False,False,True,0.0,2.0,0.5,0.0355812504292496,0.2254210920579561
AON,Falling Wedge,bullish,1,0.7287539183810762,3,54,1532,1533,2022-10-18,2022,0,270.17507317928204,271.192693930961,301.5425832823096,257.8705328059251,0.8881369200563135,-0.0037523899959415,True,0.0069771294125766,-0.0361948324516947,-0.0150614749111401,0.0398863485315872,0.0147269003369912,-0.0128756742132672,-0.0110872420549912,-0.0271115407208558,0.0079776504739397,0.0507793213946856,0.0273951698995214,-0.0015360226509211,-0.0191119843601782,-0.0884657234546577,-0.0083664246325227,0.0108851860209695,-0.02662072562612,-0.0709851042574359,-0.0002172617688197,-0.0086114246129224,0.0080581269481412,-0.0382572772795303,0.015407088259453,0.0251095415688942,-0.0169781720248549,0.0147012243130315,0.0194677511326442,-0.0662367569713793,-0.0035740548998233,0.0294071761980097,-0.0508021259445549,0.0181860899700119,0.0193051149262646,0.0116446812101216,0.0171588058801375,0.0118566476918666,-0.070686948321777,0.0280291587403773,-0.0139487083776068,-0.1372379824732521,0.0520316072732842,-0.0082556187358249,0.0611026819486644,0.0145066643978104,0.0820933208063474,0.0236721051306765,0.0517744482549888,-0.0281734110510158,-0.0156666714350968,0.0643845662491191,0.0613328722659864,0.0180765588497917,0.1235682564183333,0.0399687525489231,-0.0046396029197155,0.1732059060750572,0.0160553180849662,0.0389641434433722,-0.0299162293072153,-0.0434389397548279,0.0214978567973329,0.0714244440759543,0.0191117702731968,0.0445044946945629,0.0263083486088,0.0298450938838523,0.0359996898390138,0.0219387245697542,0.0161481805919308,0.1031217914926503,0.0207075671513432,-0.0136496172587095,-0.0063375555015049,-0.0370699274200159,-0.0617862158334783,0.053030764590791,-0.0632048946500317,0.0876988250735346,-0.0252354724548008,0.0477909782100072,0.0455615439443621,-0.0366424352971531,-0.02565237299207,0.0317876389190956,0.2592763837164642,0.1183248622944996,0.0370867705843669,0.0531733525898467,-0.0195993120674693,0.0259305151387421,0.0414771427621496,0.077523742775219,0.1428665280555585,0.0579322389329013,0.1777168669094813,0.1271680567344693,0.095483417698917,0.0209565693381112,0.0548879428744963,0.1119683177150006,0.0379494894800271,-0.0487492964483226,-0.0086412664710904,0.1502470568100464,0.1195652957628157,-0.047798047786808,0.0032746861126302,0.2730630869087747,0.0284119252056156,0.0335061181814115,0.1402005193989373,0.1177409852814279,0.0310179481730021,0.0533095229101934,0.0693025683161016,target,1563,31,301.5425832823096,0.1161006814355991,0.1170306881311752,0.0276556543460934,2.549263048536761,2.569683529059424,0.6072448226473862,2.549263048536761,1478,0.5299209621683478,7,0.0563589913069243,0.0419572882594092,0.1258186371029876,0.0,-0.9443469195829338,-0.414425957414583,0.7822364312216147,0.1114638506952011,271.192693930961,257.8705328059251,301.5425832823096,8.074350769365282,-0.0189869365641737,-0.0113435014648154,0.0296436188890011,-0.1494219836615776,0.4882259290492617,0.0240710969784425,0.0,-0.0337420409122736,2022-10-18,45.0,5,-0.0890073989458012,-0.0001365889473762,True,False,False,0.5,0.0,0.0,0.008601567173156,0.4504206913328757
AON,Falling Wedge,bullish,1,0.6459895694824684,3,26,2500,2501,2026-08-28,2026,0,340.0,353.6950653335607,383.27552544571336,339.5828560483726,0.7905619358192731,-0.0387199785234357,False,-0.0497353048885569,-0.0534624956511562,-0.0275500722687535,-0.0391484462777145,0.019776381739289,-0.0164699122158793,0.0535577537535636,0.0109914847625187,-0.021706147893551,-0.064300632437461,-0.0154826829410665,0.0319525208130671,0.0116419479343563,-0.0163168876601939,-0.0048045398613693,0.0484763353137986,-0.0098419549372599,-0.0293524709145989,0.013305314819525,0.012024429850058,-0.0111207390924608,0.0021871761994685,-0.0471262478228237,-0.083705857220818,-0.0753000708402807,-0.0226232817491203,-0.0019596033964519,0.0211690068655308,-0.0365770046160089,-0.0128110847378236,-0.0095024251163743,0.0171588058801375,0.0026864293343531,-0.0639574414715349,0.0021823727406176,-0.0551832519904278,-0.0235713828816612,-0.0307036582718149,0.0171460749349423,0.0381808082495618,0.0003173686075921,0.0416497412821657,-0.0197370484508115,0.073420244824182,-0.0717530771061801,-0.0769824368673616,,,,,,,,,,,,,,,,,,,,,,,,,,,,,,,,,,,,,,,,,,,,,,,,,,,,,,,,,,,,,,,,,,,,,,stop,2501,1,339.5828560483726,-0.0012268939753746,0.0095882640165441,0.0582059074850643,,,,,2474,0.4710347430963999,6,0.1599655275685024,0.1343940282757709,-0.5605214754377783,0.0,-0.7862833834914567,-0.3152486403950513,0.7963724726366238,0.0896772872903136,353.6950653335607,339.5828560483726,383.27552544571336,7.267854963030142,0.0557248827431864,0.0097744457375836,0.0204497892173487,0.0646252343602231,0.630167113917749,0.004005017468424,1.0,0.02987824506877,2026-08-28,3.0,5,0.0931347770178641,0.1058335495885325,False,False,False,0.0,0.0,0.0,-0.0430565944702652,-1.2376952790221234
AMAT,Falling Wedge,bullish,1,0.6711954924383643,5,56,1434,1435,2022-05-27,2022,1,113.44923510453722,105.70158964791015,147.0470452443302,96.47392829402868,1.1015483712920866,0.0732973409617991,True,-0.0216928547434397,-0.0174371667557786,-0.0589820646365936,0.0551534354712393,-0.0240862985072578,-0.0393393878343538,-0.0671041407487678,-0.0113119209050505,0.0014467086346128,-0.095116509647836,-0.0373918962976441,0.0117980119546456,0.1675436484086154,0.0008616619604693,0.0318982649441532,0.0494215027548672,0.0588730070502634,-0.0053252009480524,0.0392591126571642,0.0542798045230383,-0.0710589155620072,-0.031146697919579,-0.023176461011036,-0.1806039587634136,-0.0873867939917407,0.0286242358574844,-0.0337906947034665,0.2864230227267637,0.0623198642570419,0.021239177637266,0.0626573272486017,0.130818752830444,-0.0591087173272963,0.0298149169312531,0.0025372873932683,-0.1059713407622325,-0.0087375656479713,0.103026715106498,-0.0498704189336968,0.0199511966412426,0.0327736929365796,0.0544013147362087,0.1419200118634658,0.0128828637558147,0.0067649372687275,-0.2175377877542134,-0.1916630575763181,-0.1160840857909446,-0.0777801599366837,0.0269119137027891,0.0581331699282672,0.0238158644872537,-0.0020894384116858,-0.0674110024516768,-0.1250053828761264,0.0582929216448961,0.0792156995019957,0.497321377309099,0.0214869131229649,0.0891956404980847,0.0907696719818118,-0.0908316673887991,0.3084158507610381,0.0081728059471919,0.0201868260973405,-0.0424870785156102,-0.1801861298591851,0.0505038735513549,-0.2289946410310342,-0.1198639521759028,-0.0938027396696336,-0.2202330375648349,-0.1717651016339335,-0.0706300092041478,0.0507652471351867,0.1240312374714081,0.3921865960090309,0.1352321696725569,-0.0368758018329028,0.1735981472186902,0.0563433425016304,-0.0074835930153248,-0.0763953112646416,-0.0224892784203951,0.153582348675122,-0.1773733517795949,0.1512896082295161,0.1060670485302188,0.0392232579527307,-0.0040780941623425,-0.0763953112646416,-0.1457939578385694,-0.1345000472968325,-0.1391111485704625,0.1423235567290235,-0.0163817403055184,0.1752993092651658,-0.0662188513501126,-0.0452899509228861,0.0439590903119897,0.1983446588485056,0.238248963246493,0.2312621961653092,0.1600373570890574,0.4457478909424945,0.2583157537078406,-0.0765867182080776,-0.0151354599989879,0.1649021232018563,0.2795543718206763,0.3807519200998728,0.140448085068747,0.0261580687704392,0.1094481848917334,-0.2732594877655136,stop,1444,10,96.47392829402868,-0.1496290988199854,0.0096129070530133,0.1863036457340214,-1.0,0.0642449037575131,1.2451030394706728,1.9792166654092087,1377,0.6693512430881791,7,0.0856313141368334,-0.1786166859657528,0.052841542323865,0.0188679245283018,-1.1614618544800837,-0.4921106113919016,0.3872707911727835,0.2765496573071636,105.70158964791015,96.47392829402868,147.0470452443302,5.375892710026005,-0.1095400580532142,0.0118165275977708,0.0466204545465,-0.1626205389267073,0.9333351828860867,0.013469932788503,0.0,0.0079125656162828,2022-05-27,29.0,15,-0.1148401157326242,-0.0502618085842317,True,False,False,0.5714285714285714,3.0,0.2142857142857142,-0.0064073983285285,0.1677546249536798
AMAT,Falling Wedge,bullish,1,0.6516295635644668,5,54,2155,2156,2025-04-14,2025,3,143.3529188575667,136.59353404601006,198.8052440200654,121.8530976062973,2.5015462713376366,0.0494853937176835,True,-0.0460094896663386,-0.0229954605387842,-0.0217663671385617,-0.0453950531420476,0.0378191187094043,-0.1114229373610604,-0.087813605808241,0.0117364996756648,0.0542147594136876,0.0939508915390037,0.039812489697111,0.0303722444464906,0.0293844330267805,-0.081733186959985,0.0449230003381557,-0.053182164356212,-0.1106569248651639,-0.0200574754991659,0.0226463717230258,0.0061702027001797,-0.0053769989777494,-0.1388329165941758,-0.0307491086946957,0.0315928854104621,0.0044464582314927,-0.0858919646124061,0.075419365783854,0.0560061070644017,-0.0727117198310517,-0.1248828756377405,-0.0324872961847094,-0.0555050932312635,-0.0033556483043073,0.146741789523727,-0.0957990642927987,0.0947022236489214,0.1003521765640274,-0.0810256396510441,0.0129239007807853,-0.0281301307684007,0.0361656343271301,0.0748011443956364,-0.0716119478931965,-0.096721000470167,0.033102881249343,0.037488243287425,0.1935574554876118,0.1061521449786948,-0.0642616576684739,0.0244151832890664,0.1803448778410017,-0.0204680994919331,0.2520415930476487,0.1336780065188068,0.0176262800566751,0.0310018598419541,-0.0370503552200236,0.0298536809951712,0.0989011195555149,-0.0313229682801061,-0.0649010607811955,-0.0414567086846904,-0.1105725418856427,0.1206022855577433,0.0234605561859302,-0.031980972727279,-0.0911730378558309,0.0990181704632249,0.1676696449497337,0.1952909719074538,0.0809803396241093,-0.121992864562232,0.1164175058849583,0.0869896752113146,-0.3135955756901214,0.2395378259776039,0.0437509525922232,0.1947030828644727,-0.0185622861555125,0.1351068793125205,-0.0087874928473223,0.3652925744105622,0.2929507543787175,0.2733828572237975,-0.0751496079954878,0.0091201036079817,0.1266383915982554,-0.3135955756901214,0.1443805571241589,-0.0935273948669078,0.2178072810283569,0.1302475897370929,0.3691993061964451,0.210225117230723,0.0576013073411711,0.2143303275221082,0.1694828915665898,0.1195685625244413,0.2004704306382785,-0.0447870046580999,0.3712256363286608,0.2391743862594411,0.2104325705948884,-0.1717367900849272,0.0308101853618603,0.2324218775805566,0.3267928162234967,0.0539090791968792,0.0877376576493143,0.0367268016525841,-0.1207678365032806,-0.2793022787846735,-0.1074990864980172,0.1755050532583952,0.2790944768379617,time,2215,60,196.2787170410156,0.3691993061964451,0.3795065245876728,0.0839482714376042,2.4616854979817124,2.5304102480350488,0.5597362695709545,2.579199357726041,2098,0.4263856632933478,6,0.085323337382066,0.0778230656569847,0.1235112321735614,0.0566037735849056,-2.2646134992159346,-1.8382278359225976,1.2584318514022588,0.137147984031148,136.59353404601006,121.8530976062973,198.8052440200654,9.75001661887304,-0.2089989338376079,-0.0840779565890255,0.0682211346333605,-0.2880782681466155,0.4298561940830971,0.013384895427918,0.0,-0.0465629543261868,2025-04-14,18.0,13,-0.2962138039016267,-0.2390350191587008,True,False,False,1.0,0.0,0.0,0.1035499618304016,1.7373677019048737
APO,Falling Wedge,bullish,1,0.7988739888620092,8,78,1020,1021,2020-10-06,2020,3,40.39997916214507,40.69304046118708,48.954127415733936,37.16872421212556,1.1872373791190012,-0.0072017547895328,True,-0.069270324317233,-0.1047901257761105,-0.0149676715614218,0.0026953971925425,-0.0008418110247261,0.0290477027514612,0.0955078550223882,0.0716735596902398,-0.0049174611014597,-0.0684444279116792,0.0119313350643435,-0.0848607339942788,0.03807742244823,0.0147394534681626,-0.0583756499356317,-0.0164189252542779,0.0208040805475717,0.0483118077238595,-0.0495427078420203,0.0577698859980351,-0.0359771924568977,0.0046699486019246,-0.0723144176885512,-0.1322827348688582,-0.1478394875598492,0.1303962569701602,0.0314360535309483,0.0839916261561373,0.0398433719023516,0.0448706222318044,0.1383803932304668,0.0354763443677379,-0.0825295085891627,0.0815271711628287,0.0706223038876698,-0.027874595035416,0.0568484102351656,0.0173819196291111,0.1040034315318305,-0.1023619497006668,0.0841919950086302,-0.0336142222345209,0.0047650199607229,-0.0223975758602064,0.016518291631357,-0.1658565028697057,-0.1514888012755515,-0.1453074392889658,0.0030968574215139,-0.0056497371627762,0.2021848968959647,-0.1322832857327393,-0.0115972241753709,0.096763023317427,0.0099857952562023,-0.0804681177892505,0.0590397162197215,-0.0744865797557926,0.0264160385173282,0.0833372153565701,0.0237227920544285,0.0286288053112118,0.1462285959046678,-0.0086677471389824,0.0955321718449859,-0.1380984486040887,-0.0641139565708778,-0.0289737263739827,-0.1630186555153595,0.003948295148177,-0.0808441302243385,-0.3149709049150461,0.0804284433792155,0.0883641336880447,0.0393683184401512,0.0688328220720075,-0.1529292357954798,0.1483454902195828,0.1553253500826632,0.0412010524866932,-0.1035577234766402,0.0660393684427611,-0.1509239331126332,0.1090697709192234,0.069767232767018,-0.1077908265273283,0.0801908451413313,0.0979104372227324,-0.1081678108227919,-0.0297357869147206,-0.0838464498726201,0.0043022654769688,0.0689867453395753,-0.0414882012334405,-0.369437971324822,0.4131596426212414,0.0125474225365769,0.1599103465239968,0.1429257840541935,0.1041054061935196,0.1841756339733131,0.1175120574153947,-0.2984761949287999,0.0909556184024806,0.0551884636330903,8.224931689304604e-05,-0.2492402658374058,0.1041054061935196,-0.0056191241316115,0.2145037466765449,-0.0204377870891585,0.0560575451653104,0.0429420403665989,0.1335167638914669,0.0245629061569582,stop,1025,5,37.16872421212556,-0.079981599422388,0.0332328773799869,0.1022872216702612,-1.0,0.4155065367533087,1.278884423529414,2.6473145529841924,939,0.5592594798137438,7,0.1143491485346965,0.1238028240370345,-0.3299196652537022,0.0135135135135135,-0.8828489515998219,-0.3235894717860793,0.6734583313797902,0.2156145421948169,40.69304046118708,37.16872421212556,48.954127415733936,1.4503323996436055,0.0473537978582414,-0.0066721775472662,0.0357604218544764,0.3534353037551003,0.0809245240998521,-0.0031191715510682,1.0,0.0091856722488332,2020-10-06,15.0,3,0.3439224937367788,0.0809947360419922,False,False,False,0.0,1.0,0.5,4.515559124287871e-05,-0.0256534303029617
APO,Falling Wedge,bullish,1,0.699334834144462,3,34,2258,2259,2025-09-11,2025,0,134.27798832049848,130.81386587545512,151.643354460291,126.55615328497868,0.8116836778984446,0.0264813093157989,True,0.0512088175267773,0.0441222186943413,-0.05648479754845,0.0363484631015624,0.0043106747133225,-0.0148337392048136,-0.0312195895363379,0.0412825434057568,0.052424468892964,-0.0419644257205205,0.015900562285132,0.0161390165259385,-0.0026389840138337,0.0143644915459399,-0.0172727707474265,-0.0394770690742634,0.0218109055010586,-0.0004883688257399,0.0514454728536257,0.0223305483296507,0.010167165815021,0.0316847755822211,0.0455173503327369,-0.0027106963710683,-0.0061694951690578,-0.0045856356921697,0.1344503378162609,-0.0469126866204766,0.0236042609390936,0.0127204635626267,-0.012792198679944,-0.0504987663921622,-0.0252339167801265,-0.0618842691456092,-0.026228100512644,-0.0068023928054032,0.0361952881646245,-0.0545164589901691,0.018853689543673,0.0174065878985527,-0.1468520588972751,0.0409101089306545,0.0252667418555017,0.0051869429345579,-0.0832154868609222,0.0075356811154994,-0.0949450831645066,-0.1183952579658615,-0.1238975162600654,-0.0715959006211298,0.053997702439136,0.0657971746405454,0.0315200488265832,0.0799403423492548,-0.070459693822797,-0.0249999622339007,-0.1076945343806892,-0.0466516450748798,-0.1043453180972735,0.0192064264808224,0.1424782500720838,0.0572278074104188,0.0053860983341604,0.1135455227922015,0.1454288746764362,-0.3508733200502676,-0.0269395167334226,-0.0778541258181824,-0.0804059189109584,-0.0550916381090554,-0.0772456471988946,0.0997799793132188,0.0921259532027021,-0.116459828718365,0.1370867137907354,0.0183661309125702,0.0486033407349102,-0.232340537640118,-0.0986185832163426,0.121302318884062,0.0690003036982584,0.0648571410741305,-0.1551875459769901,-0.0497224757489764,-0.0083316670537684,0.1979433525683445,0.1306898081104517,0.173053074105276,0.0939336763035398,-0.1540967670171373,0.0190878814156565,-0.0776452515461634,0.0159085324330092,-0.0296983621037927,-0.0759275897886699,0.2403721476700044,-0.0462244986654473,-0.0124367085608757,0.0598290013443771,0.0680338970858625,-0.000554404301498,-0.2075547101281547,0.0163979431654468,-0.1214568520741528,0.0992421506507101,0.0304418329480107,0.122681932932988,0.2296622376956838,0.0231673569656958,0.0723425745175716,-0.0409088336218639,0.0241730526143919,0.0410357025536913,0.398628921741939,-0.0301387253042762,stop,2273,15,126.55615328497868,-0.0575063354173068,0.0857874121789171,0.0723077369247237,-1.0,1.4917906271784256,1.2573873191537472,2.248865206251269,2224,0.6611086683187267,6,0.1074557610062221,0.1181242608753347,-0.0272142719057548,0.0,-1.0823664016820924,-0.4212577333633635,0.3346564391908406,0.1142490596768428,130.81386587545512,126.55615328497868,151.643354460291,3.3734566006189604,-0.0649084917215286,-0.0376571947119326,0.0251413559597498,0.0182884689763145,0.5632901001477585,0.0017957330770996,1.0,0.0197552384482084,2025-09-11,62.0,4,0.2246812309597508,0.0697155738732615,False,True,False,0.0,0.0,0.0,-0.0257699188070563,-0.472192373983633
APP,Falling Wedge,bullish,1,0.6301550442680958,3,14,433,434,2023-01-03,2023,2,10.979999542236328,9.174499829610184,12.681500434875488,9.003120233846268,0.5941175395469126,0.1967954380247514,True,-0.0555555266036928,-0.0748676585282952,0.0043635007093809,0.0803594021768621,-0.035681811246005,0.0622549831002507,0.0115273666972159,0.1014354487046866,-0.0002482535617567,-0.1167111782111125,-0.0375567430990603,-0.0161545768741847,0.1619789835027845,0.0894675453237459,0.0136261375371402,-0.0410686080454063,0.0495037686892325,-0.0296191597873884,0.110711745720583,-0.0177233137429949,0.1704786668237423,0.0059375371741596,-0.0838995986832866,-0.0255008874903981,-0.0471877715092838,0.3462224794602599,0.0064497571611406,-7.00689170524127e-05,-0.131051354777092,0.1801751898652726,0.314685269381072,-0.1138476166739846,0.3117950859320517,-0.1300298841213277,0.2424256034378193,-0.0116009284849561,0.1109412838173411,0.0282036178346809,0.0231368191413086,0.0817207853847492,0.0551889693939413,0.3869426348972655,-0.1185031556012852,-0.1300298841213277,0.0304878048780488,-0.0996630078847944,0.2167577608073538,0.144676756603423,-0.0451991947053248,0.3934514554222248,0.1918093425117966,-0.0623523708109169,-0.071848358588196,0.3001812456550994,0.2712911878727213,-0.0732500076293944,0.16520073617009,0.0117432350345303,0.019108275330572,-0.0007562082349769,0.0581064717476802,-0.1056179775280898,-0.0716923053448016,0.0266138389282366,0.1296525061818405,0.0881689909638188,0.0017589433456515,-0.2105354865165644,0.165966044817054,0.2477231676163456,0.2095426220471086,-0.2378941625574365,-0.2800359734195178,0.639245847103862,0.042656401120225,-0.2577111265673496,0.7893685424086381,-0.2969331867078407,0.0062186007843547,-0.1471428644089472,-0.4553665653351815,0.6777950635359591,-0.0258698295704714,0.5975796278927015,-0.3445717925128785,-0.214131818586731,0.1680868356745923,-0.2969828641598293,-0.0552981990962679,0.5453453532575854,0.2841876960983129,0.1907958883686566,0.3661202755337189,0.3085474898696723,-0.3539106935558821,-0.1009130800979263,0.6011738652768341,0.3317890896964333,-0.1856861424916303,-0.2718229099408302,-0.3539106935558821,0.6193860309079142,-0.2510243548173267,0.748727954114949,0.7190938377885767,0.545411771886489,-0.4221311228725733,0.2229665039457933,0.518078041106417,0.0842187091772284,0.7283725655199613,-0.4878133189505188,0.4223259652900124,-0.0299150150190815,0.211899425363271,target,452,19,12.681500434875488,0.1549636578848718,0.1575592502764613,0.1607467635002246,0.8607004410526385,0.8751169019617742,0.89282101449371,0.8607004410526385,417,0.8659503309015235,5,0.0355906926066852,-0.2423580770871481,-0.5035347830551584,0.0,-1.2814374223011245,-0.4154870913995994,0.0723148839318647,0.244119814689037,9.174499829610184,9.003120233846268,12.681500434875488,0.6440716470990868,-0.6353688939803113,-0.199002703184515,0.0600253191590398,-0.6965497919393377,0.3880585755238803,0.0265907591401715,0.0,-0.0598196959906062,2023-01-03,26.0,16,-0.1887582418914837,-0.274064749366072,True,False,False,0.6,2.0,0.1333333333333333,-0.0525363674891895,0.2118184704212613
AAPL,Falling Wedge,bullish,1,0.6901928066335044,5,60,582,583,2019-01-10,2019,1,36.24212643871853,35.74701409070639,56.00723293128581,32.0332761693862,0.8893901915461282,0.0138504532645948,True,0.0194920231805111,-0.0009984360199422,0.0128671001739342,0.035721687373011,-0.0417005097456683,0.0190160700117421,0.0224764682718998,-0.0025411781905007,0.050539342068534,-0.0036831892014688,0.0176144396866246,-0.0561716893464121,-0.0018443281684967,-0.0136634020519192,0.0181216474388516,0.0157856522476773,-0.0455081079156041,-0.0217841869884115,-0.0098583891948111,0.0192700465081294,0.0392498361868445,-0.0186984309376426,0.0177315792691954,0.0319205333891869,0.0004859789831179,0.1295202673691227,0.0541271555657225,0.0649504709655168,0.059645115571778,0.0412637072658745,0.0248789456308564,0.0393705642567925,-0.0058813965021989,0.050363155684578,0.0045099295380102,0.0876597118898909,-0.130564856552303,-0.0089261277036253,-0.0076167564603317,0.0351300362845032,0.0491117725661287,0.0462720157207054,0.0919147995267908,0.0278009499531193,-0.0212854636124308,0.0003083335412619,0.1194457527634516,0.0698104914589361,0.1034068121643108,-0.06686509139753,-0.0849257411820666,-0.0648060255303427,-0.0539559121133125,0.0035411904883695,-0.0313340204167371,0.0171193902610184,-0.0064230516162336,-0.0185843476018602,0.0294070553296272,0.1275815370850743,0.073437011521835,0.1433581041261742,-0.1167505768485868,0.0504300283543455,0.0162758359624188,-0.101521252139813,0.0547364903896074,-0.015955541146772,0.1165371579789752,0.1752177963341228,0.0946528047671049,0.0891386161726444,-0.0450752834880731,-0.0154534049076171,-0.0025182539914243,0.1664360334800696,0.1568699889850626,-0.0215938106575646,0.1782334301428985,0.1465137222570498,-0.0253692794012347,-0.1405464854919598,0.064610963693994,0.0013630839409723,0.1516491808558977,0.0319096824763951,0.0719393530657259,0.0627062745614175,-0.2052915246230116,0.1200723307446265,0.0230361333971758,0.1347862587734705,0.3144832324212485,0.1888154594963027,0.1959767309926161,0.1473954782890145,-0.0912149240187216,0.3211162080712428,0.1525676004236622,-0.1323956907208063,0.3482110353637018,0.229252443677725,0.0682149392867597,0.0324975832432292,0.0949286402893578,0.3281777564559647,0.1948966174431086,0.1160000959397791,0.4255887687157591,0.1966706082835261,-0.1074028875627089,-0.077604886374908,-0.1188811436018734,0.0485958469278835,0.1958536913650329,time,642,60,47.63966751098633,0.3144832324212485,0.3153371513415668,0.0239405197973043,2.7079939515348554,2.7153469898940688,0.2061502049204968,4.69608211928687,521,0.3586617673817566,7,0.0718622976232864,0.1150365717551042,0.121885333292635,0.0175438596491228,-3.135108597942896,-2.776446830561142,1.6022660294870794,0.1190562000147869,35.74701409070639,32.0332761693862,56.00723293128581,1.4687715418584786,-0.1971651823403898,-0.1290751277257552,0.0402842116954318,-0.1756547313585379,0.9453382200699698,-0.0052833096280018,0.0,-0.0141530262429546,2019-01-10,40.0,9,-0.0602010897855589,-0.0614258465217559,False,False,False,0.5,0.0,0.0,-0.0998429910979825,-1.5459116276591314
AAPL,Falling Wedge,bullish,1,0.6471123648129822,3,27,1273,1274,2021-10-07,2021,1,140.48269778280476,137.96169364570335,157.79402541921127,134.02903226547443,0.934994160015136,0.018273218242562,True,-0.0018747358427553,-0.008746226494273,0.0321703091316147,-0.0231941214513857,-0.0023976583358051,-0.017338058450663,0.0117729562209252,-0.0217612345586469,0.0198372755105578,-0.0121065696470693,0.0361076261833526,0.0275029776033683,0.0094778337807719,0.0224418733474407,0.0388180498515746,0.0187588047898636,0.0043328839650991,0.0136809094175298,-0.0377808554803666,-0.0451714663251451,-0.0139626691209282,0.0341751214143886,-0.0066429352350791,0.0378393885791212,0.0057334006411906,-0.0060110019102049,-0.0174262173891671,-0.014267357779101,0.1045294101916789,-0.0282442278905645,-0.0298025482845459,-0.0208548290836431,0.0358604003777949,0.0682626222383659,-0.095136512460915,0.0560674897757464,0.0222282416066195,-0.0277826151946951,0.1149266169675304,0.0067392174113953,0.0080916297271296,0.0211440264647639,0.0560028414103699,0.0661549135482715,-0.0521145713438591,0.0244210121599727,0.0481150863130133,-0.0142995967606036,0.0723312292592077,0.08303443345871,0.0962049057951837,-0.0722399450551354,-0.076428803838917,-0.0964694296041687,0.0950086188792798,-0.0936766699367933,0.0027699276239765,-0.0041201421064029,-0.0777663976518302,0.1172613542244325,0.007690957444606,-0.0343654964428785,0.0464325769811113,0.1304962211182911,0.0459698816596796,0.0182317197815955,-0.0495689092732902,0.0717697613498538,0.0339867966296877,0.1252947489880962,0.0935755746729745,-0.0038108099034478,0.1059729760986036,-0.0560140802775067,0.0812286071766417,0.1041311215711902,0.065830700423483,0.0561830796721734,0.0653971559439281,0.034029397162461,-0.017612241779545,0.0390646893931805,0.1924405063559819,-0.0465117298345986,0.0210560043279437,0.0797370896939118,-0.0261324234237088,-0.0202959171440437,0.0406204755858008,0.1158950870541353,0.139991654869342,0.0767346818397999,0.2655390965684325,0.1747311234379549,0.0991251966659689,0.0796499103658803,-0.0018278483053236,0.2326358257023206,0.0478313010217366,-0.0185469905235041,0.0624115762217856,-0.0540249658312936,-0.0046687360348725,-0.2460159114577244,0.0874638493965789,0.0183242201191413,0.0244370310338073,-0.1452536006690715,-0.3347466452490168,0.2385473703282807,-0.0825747905125569,0.063067901227682,0.1212406642110812,0.1344938763283678,0.2494606348664691,target,1305,32,157.79402541921127,0.123227471493827,0.1521339483125778,0.0335344790104305,2.6824023634196053,3.31163544591968,0.7299749371075103,2.6824023634196053,1245,0.6780309630665078,5,0.0185223312344006,0.001767869263521,0.0360240235225748,0.0,-1.250129282202065,-0.5720983191355551,0.3656100921088754,0.1013459337621408,137.96169364570335,134.02903226547443,157.79402541921127,2.972781661804155,0.0614541688554213,-0.0282414208602259,0.0212704778218416,0.0808152407285713,0.3799947102864638,0.0074647879385325,1.0,-0.0198553458566056,2021-10-07,36.0,14,0.1603781923309519,0.1259731832376982,False,False,False,0.0,0.0,0.0,-0.0200756055343061,-0.3026163810328381
AAPL,Falling Wedge,bullish,1,0.620262235259533,5,77,1458,1459,2022-07-05,2022,0,138.44895512148898,136.73505685412897,182.45896365216583,121.95270176109614,0.8766425814573586,0.0125344465917649,True,0.0319065149954682,0.0352561602936866,-0.0081569792352966,0.0582877015648846,0.0310925074570731,-0.0139173775407436,0.0099875846651169,-0.0349740515677146,0.0669526733388752,0.0010489878079917,0.034895065593465,0.0210422115766502,0.056989025001229,-0.0314394242985722,0.0515351165069457,-0.0052137645703467,0.0069503816447433,0.0182596284373173,0.0370734870091187,0.0514230454848114,0.02283723926697,-0.0193507525994081,0.0141403997183127,0.068270429002762,0.0416809331220922,-0.02197533433933,0.0573339603607185,0.0298618318751924,-0.050943629142009,0.013797239143493,0.0013596213758579,0.0918737896220245,0.014103810639638,0.0897742715460889,-0.0049473154250517,0.0232533804760888,0.1295202673691227,0.0061217076644772,0.0427729027186927,-0.1017191418203967,0.0285109261133671,0.0261942621344297,-0.0430294931067049,0.0344523593223051,-0.0267669252356205,0.0512930044381428,0.1320127517646381,0.0641002243868413,0.136467344789305,-0.001950779682373,0.0932506982080483,0.0869565077011413,0.079768735335632,0.0469665810684638,-0.0567001112544616,0.0288596290364535,-0.0350530676552012,0.0929920270691004,0.0528969552955371,0.084968292742761,0.0511851388081647,9.445887183545665e-08,-0.0985957461547453,-0.0030851696574775,0.0854666141824154,0.1204972033624522,0.0094753670058955,0.0925071294730974,0.088669079557984,0.1257923649518102,0.0836579281501004,0.1581738636299792,0.1269999638765808,-0.2002542528728086,-0.0148715999308889,-0.0475698337179117,0.0292676233958881,-0.1283988185823906,-0.0343895586532294,-0.0326651392929547,0.0057830387040944,0.1512918892180164,0.0055486525462773,0.0362822073307946,-0.0284693646757931,0.0838964407714035,0.1647936500207023,-0.0105740211169953,0.0850887281040506,0.1279368886978493,0.1544309022778256,0.0941773019652857,0.0615361218549197,0.0878580321643095,-0.0546724331120831,0.1493881998441846,-0.1135903552109052,0.180457869786291,0.4055489196638984,0.1976974461499678,-0.1606025534109032,0.0657645213578062,-0.0634629923875148,-0.0230129797800064,0.0557490076545901,0.2472785724753921,-0.1092706397717154,0.2586062660798045,0.1626133101108344,0.0858198586093408,0.1892953822009231,0.1097057234926262,0.0095200144102491,-0.0622231145807447,-0.014994379324182,time,1518,60,146.96856689453125,0.0615361218549197,0.2479284699698544,0.0019101822483347,0.5164573789523432,2.080802038031888,0.0160316849284413,2.667879037087534,1381,0.5511864382104623,6,0.0358603817423865,-0.05883699979635,0.1143509834370821,0.0,-1.1873902704594774,-0.6362038322490137,0.6964585306213436,0.2444289268608309,136.73505685412897,121.95270176109614,182.45896365216583,4.171164386316741,-0.1037303263587864,-0.0291188423652629,0.0300831264566105,-0.2006048113956143,0.9893156053457842,-0.0083497212607122,0.0,-0.0655965961380021,2022-07-05,27.0,13,-0.3436579274496173,-0.2242496907031187,True,False,False,1.0,1.0,0.0833333333333333,0.037908227158535,0.3658434082108841
AAPL,Falling Wedge,bullish,1,0.7748328525219895,8,77,1797,1798,2023-11-07,2023,1,179.91661457451394,175.77061955212963,195.50083582264244,162.2884894845122,1.133604381902545,0.0235875314824995,True,0.0292676872896091,0.003716247940757,0.0276365727966552,-0.0052690582226592,0.0553964654465046,0.047102632974459,0.0249386923123349,0.0319529190096092,0.01936995477619,0.0136664758712763,0.006646330620079,0.0263982548666881,-0.0097415485080943,-0.0264271497264743,0.0091785312871046,0.0292222539989421,0.0617472477424208,-0.0215194121170307,-0.0139626691209282,0.0695686904926644,0.0324861948501833,0.0386340496136237,0.0084164158414317,0.0468393717933317,0.0109120609426704,-0.00290502075234,0.0692709200653574,0.0394623831761391,-0.0058945864999305,0.005173669353653,0.0662977416350343,0.0324971622345668,0.0058377761792864,0.0102372763947786,0.0451215505096576,0.0250065377156678,0.0402958610180026,0.026668158906717,0.024867682040822,0.0545968464576342,0.0265778592636236,0.0485557047518112,-0.0029632970206098,0.0095511112583146,0.0096443847884761,0.0204443857194986,0.0560647012215658,0.016732007210896,-0.0412717009394271,0.0054916161590776,0.0449257090228987,0.0618070854332486,0.1044708784802217,-0.0487412064240503,-0.016738633158402,0.0473271999115405,-0.0424135191166139,0.0853596064453816,-0.0211840813127666,-0.0724348105473415,0.1316790007636599,-0.068923501384547,0.0428250667258127,0.034648099828219,0.0549374742184503,-0.0395148772977602,0.1750077870835735,0.0458635572868948,0.0319086636626623,-0.0051073000470653,-0.0788522984339015,0.0382416927559323,0.1679071218413816,-0.0755872679836795,-0.0381367719576888,0.1087848052450097,-0.160763994878197,0.0627062745614175,0.1438874920530091,-0.0064148799393821,0.1817961358388187,0.0279929387278459,0.0287849067173839,0.212180569228336,0.0977335048534293,0.1920518893773195,0.0445683544667401,-0.0763743465088258,0.0826378140720409,-0.0257250597844359,0.1119304404814858,-0.0610173810054624,0.0305853855256765,-0.0996787003200572,0.0097474215956887,0.1342735055101314,0.2354585987899324,0.090088379087867,-0.1088488315630846,0.1854472407867695,0.2307589711004585,-0.0943112843982673,0.3685395607570836,-0.1620025883105784,0.2326358257023206,0.0494603173268102,-0.0651279207398981,-0.0273535048066169,0.07035250255022,0.008101434650682,-0.0672159535154879,0.0170996249147126,-0.0355167322478175,-0.0743283229633482,-0.0192775266857023,target,1822,25,195.50083582264244,0.0866191334523702,0.087254418371095,0.004167862572999,0.8840543829001709,0.89053824384872,0.0425381440350184,0.8840543829001709,1719,0.3794229574957872,6,0.0188949188624794,0.1865046779986907,0.0763122352020844,0.0,-0.775134432327732,-0.3957114748319465,1.3959828764473354,0.1203719865542315,175.77061955212963,162.2884894845122,195.50083582264244,3.325027199461638,0.0591923247455159,0.0293672952881305,0.0185348039792573,0.0614038603903726,0.8213271184204722,-0.0002788083434324,1.0,0.0055001276312041,2023-11-07,25.0,15,0.2261314513567063,0.1348569876916014,False,False,False,0.0,3.0,0.2142857142857142,0.0056159621358487,0.2639560414093705
AAPL,Falling Wedge,bullish,1,0.7773841066285788,3,30,1847,1848,2024-01-22,2024,2,192.67104017695664,182.03733070674616,202.73500191221436,177.01335866716795,1.5406389344627351,0.0584149933913329,True,-0.0168700528024724,-0.031869684555028,-0.003461052511668,-0.0104307324024573,0.0381878469704881,-0.0393793283858192,0.0101470423843041,0.0477978835214658,0.0220486030253326,0.1685470583568318,-0.0215194121170307,-0.0009558138810751,-0.0093783260185064,-0.0287114501510897,0.0051115957832239,0.0559078221647508,0.0158795294301783,0.0326667355889205,-0.0260122828627137,-0.0934910701312436,-0.0242300324140737,0.0301718030285278,-0.0253148737713897,-0.0376372420917355,-0.055281524772711,-0.0218228934362149,0.0280495629267736,0.0145313289907544,0.0037951328041261,0.0170524575527792,-0.046599954926712,0.0039853901859729,-0.0093827311963384,-0.0189981551146111,0.0740595877562566,0.0188286416739966,0.0413865838756888,0.0576751395698433,0.0069620851915459,-0.0235082457620168,0.0146287885207248,0.030079269170578,0.0271172951340794,0.0355751778987163,-0.0341513755642098,-0.0486003963543222,-0.0678305851450408,-0.0941730647124602,-0.0001800340541778,-0.0798468939605872,0.0218239021355546,-0.024147766036678,-0.038412694422522,-0.1666548050131242,-0.0166373436574834,0.1279188405934208,0.0292992725825389,0.0597746846851194,0.1189326679260101,0.0114841971331856,0.0612738489565913,0.0304901999571711,0.0493858900724915,0.0975363745852344,0.0572984312178779,0.0362786349064023,-0.0798468939605872,-0.0175346790867717,-0.0817423768730241,-0.0959660975319632,-0.1647710861705497,0.10038023995795,0.2064620287000376,0.1111852840279787,0.0622907817155413,-0.1269082620780366,0.1679071218413816,0.2461806143172931,0.1875686093901762,-0.0322350338020955,0.0198732447087039,-0.093362353696851,0.1812510804878053,0.1476688457411905,0.1201770920025584,0.2891896511651393,0.1534655084275877,-0.0102012329122773,0.0624405228613544,-0.0218430240261935,-0.1092549356303397,-0.1790778866919085,-0.1374505825867893,-0.1748366037632036,0.0263320873490264,0.267189723606628,0.1760759114551298,0.0451403543264341,0.2466558067903337,0.1813755934995766,-0.0454847991249312,0.0295700505063325,-0.0623833865772364,0.0787786458047625,-0.1433329300868534,0.1837460523884508,0.1596593330548281,0.1195467397703482,0.1717493069756079,0.2726793271675258,-0.0880856736214031,0.1708901321766496,0.4047179484249261,0.0788216260930616,-0.2511326750857492,stop,1875,28,177.01335866716795,-0.0812663983928672,0.006973745735726,0.0892917384781202,-1.0,0.0858133973405933,1.0987534853760343,0.642749166213786,1815,0.6940387059396478,5,0.0629995011541894,0.0964134944904684,-0.0966093790846722,0.0,-1.1231678536608294,-0.4291291477211818,0.3928137701742571,0.0951847850196044,182.03733070674616,177.01335866716795,202.73500191221436,3.784573609772565,0.0713304884283705,0.0202921403954281,0.01975715063435,0.0128560676003099,0.5309449492037431,0.0038629861591619,1.0,0.032439292517796,2024-01-22,4.0,17,0.2232709031811297,0.2475533653032124,False,False,False,0.0625,1.0,0.0625,-0.0528496594149879,-1.5665406280331289
AAPL,Falling Wedge,bullish,1,0.6965918047772369,3,18,1905,1906,2024-04-15,2024,2,169.89781183493915,166.1684950435897,178.18745260044193,165.1494662084478,1.499172387794963,0.0224429834931776,True,-0.0344104940631363,-0.024072606881321,0.0118711255629564,0.0057682433929628,0.0365148247733018,0.0376512707734701,0.0751941942411562,0.0250795018521556,0.0136840776493516,0.0238010361500622,0.0088464637922778,-0.014347623211768,-0.002356436690115,-0.0047851240137157,0.028881638082802,0.0115467764943704,0.0117729562209252,-0.0017640678379766,-0.0174480384932704,-0.0099019136737182,0.0250795018521556,-0.0035779705466174,-0.0474860158816746,0.0101894820793104,4.970126061443203e-05,-0.0625721421403282,-0.0382684752213825,0.0170500810988367,0.0152743061405289,-0.0146106374892989,0.0136545769285616,-0.0764156418813588,-0.0102749714015071,0.0354021596424065,-0.0089205421950649,0.019155622365002,-0.0320272522259226,-0.051085459696785,-0.0160355674992761,-0.0279271989044541,0.0128390678972261,-0.0324474883087471,0.0397137533679274,-0.0027261771705781,0.0524185781290977,0.0185796525075663,0.0860710073520676,0.0544436436258484,0.0367724672136793,-0.0081113324954417,-0.0322083470721922,0.0294070553296272,0.0589263205479562,0.1413202920084131,0.1045388443138908,-0.0152722375397704,0.0223264264609055,-0.0543616662356658,0.0988182253715783,-0.070691526816819,0.0090324086093624,-0.0567001112544616,0.0897250683867412,0.0809653516540338,0.0589356668493252,-0.0290509084401694,0.0425192296629686,-0.1059324947540234,0.0660230707620707,0.2077494275482707,0.1443558921052292,0.0042091918945179,0.0801888387642981,-0.0064148799393821,0.1116042764383604,0.1217590521255191,-0.2377791319497328,0.0094645206966055,-0.0802059044245574,0.0991984232397626,0.0027800208333361,0.052463140666493,0.1425771200530647,-0.0602129895569732,0.1116618434373688,0.1814020823578299,-0.0826227930860219,0.1269999638765808,-0.0511639683825935,0.0317388111131311,0.2599915651857754,0.1668674683811016,0.3268046314350696,0.2211777716721943,0.0047544495713718,-0.0632669332018373,0.2805248760719556,0.2284967137797822,0.3968812237740542,0.1121338679493415,0.1857481909463287,0.1669227784692926,-0.294816390173428,0.0249912813256452,0.0110001656287395,0.2629479747243006,0.0481656027350514,0.5594706398793676,0.0586659203873067,0.2849490475448617,0.1717493069756079,-0.3185171488845029,-0.0254634689582424,0.3995238504210012,0.2020615339867697,stop,1908,3,165.1494662084478,-0.0279482447431667,0.0117030247850709,0.0302765302255035,-1.0,0.4187391692257299,1.083307037838438,1.7457955712520772,1885,0.8444688821285803,7,0.1161203001661987,-0.0611334847993293,-0.3373095070157088,0.0,-1.1791639242763707,-0.334695042147771,0.1183886871756006,0.0563750346051147,166.1684950435897,165.1494662084478,178.18745260044193,2.875073419628541,-0.053009270072494,-0.0230789494034907,0.0168302562819117,-0.0419008278325356,0.0460053793633448,-0.0067404948830501,1.0,-0.0105524677289418,2024-04-15,4.0,17,0.1686643343153366,0.0751910152454633,False,False,False,0.0625,2.0,0.125,0.0180764489974948,0.7151522784812681
APA,Falling Wedge,bullish,1,0.6101280602290764,5,43,684,685,2019-06-07,2019,1,23.826820615378622,22.98493152761162,32.562199075229955,20.80622215432152,1.0172887238856791,0.036627870165967,True,-0.0484596941503865,-0.048079181422818,0.0595707836425167,-0.0490436687063462,0.0569168411369624,-0.0360123115235561,0.0010682487368991,-0.0539199236701385,-0.0396008391024942,-0.0116571562866032,-0.0556759835948088,0.1796916105937198,-0.0420121737131723,-0.0159004178682619,0.0589702335312729,-0.1193065536798592,0.0592816017242494,-0.0485460105955526,-0.0006525968851553,0.0418502251358006,0.0156614383860727,-0.0080375375371688,-0.0480919846366053,0.0259605234143434,0.0050190367496769,0.2519282218434686,0.1175675373419546,-0.043355194557761,-0.2730789620760259,0.047238852773743,0.2490911077189979,0.0770665455649159,-0.0683970791394348,0.1261198162812851,0.050692993978948,-0.0313303210417649,0.0083368440558979,0.0468817440267628,0.12268717417413,-0.0710022348542936,0.184362327786022,0.0096930892852578,-0.0585186425456226,0.1530293535822082,0.1892139385902422,-0.0284508322251031,-0.0827275472230754,-0.1134614725605051,0.059796345598609,-0.0246588521852301,-0.0461615268624615,-0.067696861422988,0.2259649834274373,-0.1324234046860821,-0.0010179616047356,0.291862770041998,0.1370398949250337,0.0430475046840104,-0.0478705419412531,-0.0336554753374821,0.7638194122958513,0.0390916510863359,-0.2062416858285931,0.1263913246926913,0.028535797377847,0.1557684146191902,-0.0421160702586722,-0.0460386340380403,-0.1438994014522487,-0.1865881731435301,-0.1721785219190098,-0.1137600735275489,0.516844624147448,0.044603798525749,0.2834559332633863,0.177980458233856,0.3365900131685568,-0.2410175124831851,-0.0325079877367919,0.143771741475253,0.0728327740361878,-0.1059242851985035,-0.0257347137676572,-0.0919382010183159,-0.053560675255176,0.2815028039989962,0.2579049156656448,-0.1476119604001614,0.0266989632138912,-0.0181314073182764,0.1108183946081504,-0.2577290533251053,-0.2509615740819887,-0.2605823067921221,-0.8646509023889297,-0.6095552652353489,-0.0113383359412017,0.5795715541726258,0.0295929754439707,0.1350023055612581,0.53365005768338,-0.1789909475864449,-0.8027044618234576,-0.1577899200740014,-0.2613844073557051,-0.1406654538583501,0.2856285850569402,-0.4640347466509018,-0.1346564797972793,-0.1616895876200871,-0.1649047562535345,0.2220926373651532,0.0774429247930064,-0.5722893372119642,-0.117877895995945,stop,710,26,20.80622215432152,-0.1267730390813246,0.0377293068722761,0.1291104962881737,-1.0,0.2976130188696734,1.0184381255177584,2.8919363405867102,640,0.5820531116627377,5,0.0911782596779613,0.0930228975321609,0.0308717422551727,0.025,-1.4283137527978025,-0.8462606411350644,0.5582370852637586,0.2224828992130046,22.98493152761162,20.80622215432152,32.562199075229955,0.9290139863783168,-0.1742601829598618,-0.0927737891474146,0.0389094575197572,-0.161542160372424,0.5000000000000043,0.0031204648630118,1.0,0.0034534167878448,2019-06-07,14.0,15,-0.0591073922958983,-0.097240814405789,False,False,False,0.5,2.0,0.1428571428571428,0.0021062677433972,0.0987634910664701
APA,Falling Wedge,bullish,1,0.7217074783282602,3,25,1327,1328,2021-12-23,2021,1,22.34680879063195,21.725666376655056,26.171314734434645,19.572840031102945,1.063123197788083,0.0285902583243353,True,0.0366228506388222,0.0304795592749884,0.0363861019380917,0.151115751740851,-0.1150087984943695,0.0509048691796705,-0.0177778461115807,0.0290512810735381,0.0826469646328054,0.6138614580066006,-0.0694404557318738,0.0245436804430587,-0.0928009413457867,0.0826469646328054,-0.0695925276650116,0.0349910854848558,0.5957889715763938,-0.0409307232227437,-0.1762196070962154,-0.0171339353053405,-0.0270928641769975,-0.0054079200511951,-0.0169037248365556,0.1437931696545367,0.1564399876501951,0.0445803927625814,0.0213928062131514,0.0610026501263258,-0.8182562434842902,-0.0043636391311667,0.1589674423916454,-0.0592784714173878,0.0254978009295008,0.150131126594688,-0.172151807039447,-0.0320323187191701,-0.0680185998318942,0.0315403889848977,0.0169788645316568,0.148780299093822,-0.0436001899999221,-0.1089496935026905,0.0220917678106993,0.0866300868457721,0.041863239611724,0.1686528745160118,0.181895061358801,0.2501490795318097,0.1459895525274364,0.0183234317063192,0.0526084167683154,0.1928261736394214,-0.2423207943892509,0.0911996436354631,-0.0543819548006275,0.1952227988651131,0.0747688437200551,0.1828237253565521,-0.0773519116554012,-0.0318977929650879,0.4473470823346444,-0.2497579544423436,0.0245940714477252,-0.0716736147966138,-0.122758659148495,-0.0309184289401107,-0.0276439523860266,-0.1552830370898005,0.1638092793894366,0.2012447398074928,0.291254602088542,0.0400666044581075,0.1796649396004206,-0.0255350108874721,-0.0454545321229403,0.0173659359848783,0.1909381783816166,-0.2298670711542065,0.2970569394736893,-0.1666928695472066,0.0237503111337176,0.2330826919790649,-0.0590536978545261,0.0452173091467329,0.0944870190593116,0.2623731168072802,0.0914557336633377,-0.1502695950147635,-0.028467065500661,-0.1782928253739222,0.0379519541290995,0.1697558364894149,0.5681197779812612,0.61276094107012,0.293160167240021,0.0296149653313018,0.2270564277869222,0.119191535629872,-0.1609117309764447,0.2869485857271217,0.0917243656313953,0.1641162184286813,0.1067198591795304,-0.2816507270023637,0.1324824076848816,0.3348312615431952,-0.2406569080084195,-0.1411170251277842,-0.0970337898044633,-0.2285789736528157,-0.1311528409306844,-0.3501010332608002,0.0181120045510805,-0.196125871777598,0.5692883330716297,target,1339,12,26.171314734434645,0.1711432705955748,0.2390129621872106,0.016576726920696,1.3787126948221495,1.9254639931082056,0.1335404177133601,1.3787126948221495,1301,0.3775631863739879,6,0.0316657320050836,0.132270927394531,-0.0785803629252434,0.0,-1.1201476304291438,-0.7425844440551522,1.4366782387748571,0.1430925793696005,21.725666376655056,19.572840031102945,26.171314734434645,1.000548035303609,0.2018924242878887,-0.0357179899175593,0.0445503833104053,0.1787038687814215,0.3454547976654124,0.0027099950905324,1.0,0.0059931566803486,2021-12-23,2.0,16,0.0416856212005118,0.0939095604562607,False,False,False,0.2,1.0,0.0666666666666666,-0.0111511591758842,-0.0233772782094324
APA,Falling Wedge,bullish,1,0.6200724280396556,3,21,1464,1465,2022-07-13,2022,2,27.17140176079271,29.60260235133728,44.76765980665687,25.078041947475185,0.658000724790565,-0.0821279346217594,True,0.1171402005770911,0.0605038535020914,0.047223923199841,-0.1019048007723423,-0.0047857145348816,0.0030571564675987,0.1210782196380608,-0.0273020997640288,0.0447624199024745,-0.0213297905609537,-0.0432990140925504,-0.002241200020006,-0.0155120229478802,-0.1021436982239771,-0.0307567029528744,0.0478736338456566,-0.0843031697494215,-0.0175862237978594,-0.0882352914082834,0.6138614580066006,0.1537484850593975,0.0679314949898419,0.0891333474628705,0.127230375616375,0.0538115717426461,0.1123190569793035,0.0138477650040371,0.0504936086726632,-0.0021094975275862,0.0314433861956244,0.2293205475169977,0.0281754619189045,0.1313129992969717,-0.1596562064023109,0.1043613154404248,0.0702274370176017,-0.0796342495214329,0.0711388498148766,-0.053304430365578,0.1589674423916454,-0.0818397834745605,0.0980958554825464,0.1018004898947604,0.1768134649314128,-0.1036057556290022,0.08232198773451,0.0641259445644157,-0.0600142972404063,-0.1246986440473121,-0.119092114969373,-0.0289119804999863,-0.0947733333772149,0.136644115059914,0.0173249419812826,-0.2026045792665793,-0.0527755488483046,-0.1094352120320756,-0.1183228408492592,-0.2503616265174431,-0.2373072669888498,-0.1194229588418889,0.1552005820350004,0.0496562319077653,0.1109110129091524,-0.0046232550287867,0.3058436231478547,-0.118470947499446,-0.0922906463242343,0.109001466966905,0.1829674296436998,0.1113152137757562,-0.0978270019958827,0.278834543122592,0.1290163671521373,0.0234979408689941,-0.0905273942497058,0.0323155497111522,-0.0940875543790995,0.1255169292595344,0.1024914513081902,-0.0373859562169095,-0.1673991494639433,-0.8612321151440947,-0.0080375375371688,0.0450127604189223,-0.0246324116583658,-0.166740877272899,-0.1251777561635888,-0.1118793918030089,-0.1384689678633744,0.0137645986545908,0.2416147283062962,0.351779362219798,0.3487734938293818,0.2631661914034213,-0.0303704993108119,-0.0788169283191837,-0.0613320188738748,0.3362888698074491,-0.0656902576661645,0.2601811091909056,-0.1557462066395507,0.0252485377754212,-0.2934862146348302,0.0655801762107988,0.6154627937883104,0.2883464035561416,0.389687828426005,-0.1356371771737197,-0.1410483597070265,0.026994853457072,0.3933880713729243,0.027944650052242,0.3629390681596305,0.24712431767604,time,1524,60,36.729740142822266,0.351779362219798,0.3658739893009317,0.0342143274632945,4.566027455586651,4.7489729638808535,0.4440952919637846,8.405749424403963,1441,0.4693759692370223,5,0.0918320508202578,0.3689139574998554,-0.0224803269191878,0.0,-1.6188972334927427,-1.1495212642557175,1.029036454356726,0.2010334693910757,29.60260235133728,25.078041947475185,44.76765980665687,1.9816986797069325,-0.0369689185859175,-0.2040335448933836,0.0694528516661062,0.1257950622044596,0.5756105140441257,-0.0101758110708609,0.0,0.0145769940212623,2022-07-13,19.0,12,0.1575024607666486,0.018099476354312,False,False,True,0.0,4.0,0.3636363636363636,-0.0507761964795576,-0.9933762460794632
APA,Falling Wedge,bullish,1,0.6751958605058084,3,36,1780,1781,2023-10-13,2023,0,37.16263090018661,35.784338499341345,42.47576575813446,32.97614805484733,1.4300445471044383,0.038516637686921,True,0.0178788737095487,0.0469922560027116,0.0157387816116933,0.1112783933332248,0.0541072759142871,-0.0025647513797067,0.0920323209587825,0.0671086700315877,-0.0190304525077874,-0.0094278433980722,-0.058501440243964,0.0218353890629396,-0.095884523813665,0.4934945759391951,-0.0218228086969325,-0.0782499775636126,-0.0273020997640288,0.0047916638127349,-0.0276976106833902,0.0638082219553661,-0.0782003223452362,0.0468512322865186,-0.0097393610159479,-0.0311318967075002,0.0222083566169417,0.1520692549171236,-0.0585765694122404,0.148780299093822,0.041863239611724,-0.1171222284443204,0.0268331575445508,0.0969141928246937,0.0555066560267756,-0.1758529566510399,-0.0121440313373293,-0.6209321924277527,-0.0138776329965903,0.0075574569145973,-0.0563228029300179,0.0059171740460726,0.01967224771661,0.0338285609654018,0.1768134649314128,-0.0008569876214697,-0.0721896372436045,-0.0130259299839212,-0.1086316959892678,-0.1242833079997683,0.1230690135485899,-0.1264131145441496,-0.0968650094654633,0.0489165656405417,-0.045814498118492,0.0014359790029472,-0.219816401856177,0.0908296153176428,-0.0335835684747999,-0.1665361590186904,-0.1248125530025497,-0.0727582230814464,0.0893772665735486,0.1485758211201817,0.0481878142002896,0.0970848920613332,0.1692233201690065,-0.1250381313082913,-0.0464221592007766,0.057880692960079,-0.099457754115434,-0.1622297873069824,-0.2271645566337823,0.0768110102419525,-0.2442174989072744,0.015415432139775,0.1449182713451906,0.3387404433183543,-0.0382038648486643,-0.0293279208218363,-0.1536575133178312,-0.1596805103094515,-0.1983470388478125,-0.1015779803575565,-0.0179552490869905,0.0933385735938496,-0.808838628368346,-0.092267521607381,-0.2337102900308639,0.0395065912324485,-0.0956689053630903,-0.1961483141214165,0.0381891515996792,-0.0810956991811192,-0.213654753458214,-0.3166286789980739,-0.1301574036622291,-0.2034900853144611,-0.0811036221265177,0.2086569252555752,0.3636277037768214,0.2140318222817887,-0.2148869628297146,0.3180064322759337,-0.1884357927013902,0.1710459165901976,-0.1606300273684258,-0.1887962791030536,-0.1161078597408984,0.2126114091717281,-0.2099648617292012,-0.2174516299933778,0.0234404445815694,-0.0406177991538233,-0.1630526933548638,0.1848261017655796,-0.2027323403892759,stop,1798,18,32.97614805484733,-0.1126530265465748,0.0460873692916727,0.1153918444005124,-1.0,0.4091090200103818,1.0243119775641825,1.2691165960139632,1744,0.358545110098891,7,0.1708478739350324,0.1486454514351682,-0.0802004530083992,0.0,-1.1975269857887891,-0.8389818756899012,1.4016813696709265,0.1267967047240455,35.784338499341345,32.97614805484733,42.47576575813446,1.2221039138797782,0.0694897656973465,-0.0232894942484874,0.0332121485970837,0.0248237623577238,0.9116023613168872,0.0198878897111878,1.0,-0.0267721821790749,2023-10-13,15.0,19,0.0848744164679993,0.0950951406852143,False,False,False,0.0555555555555555,0.0,0.0,-0.0113206919837606,0.1423607186860448
APA,Falling Wedge,bullish,1,0.7415378818654916,8,91,1871,1872,2024-02-26,2024,5,27.00223250186209,28.455736322192507,40.34834080771674,26.164836765360235,1.4907852948568556,-0.0510794661530805,True,0.0060300804429045,-0.0050217013483748,-0.0246416874316613,-0.0193027786798157,-0.1324453016085435,-0.0502152999897398,-0.0429468639865353,-0.0193107177700331,-0.0140280724112893,0.0434234351169924,0.0647178226790168,0.0497056542891654,0.0796852494489908,0.0956423600061968,0.1089968374847276,-0.054794576251629,0.084106478121976,-0.011090837924423,-0.102118200413702,-0.054794576251629,0.0443547367174279,0.2735407034155903,-0.0098941377851495,0.0452260328343041,0.0361873624278179,0.0114503792731874,0.1363505903021884,0.1469407795720363,-0.037590201318062,-0.0722636691493153,-0.0119453011659139,0.1283703451952251,-0.0375419064312758,0.0481393962418983,-0.0967094562400571,-0.0860926775412815,0.0230079666704323,-0.0407803269591965,0.071713891083347,0.0139710998530091,-0.0650406186208801,0.0538313787113513,0.0645548849818025,0.0082871049431152,0.0195823385461859,0.0313142329369143,0.1587938140617038,0.1298123983631696,0.1846519440501344,-0.2503616265174431,0.1868171700152332,0.4018786464822641,-0.1086516492837671,0.0853245906743593,0.1953389214838141,-0.2415584299384612,-0.1116302491745556,0.0242250889689186,0.1749999462201876,-0.1086316959892678,0.0573066475599335,-0.1230160678296772,-0.0955508560232064,0.126275243236666,0.0974137251322371,0.1230690135485899,0.0219881274232498,-0.0141297585708141,0.127505877488284,0.0823808671037134,0.0813525757407183,0.0259334772145019,-0.1110637338447844,0.0935112724197444,0.1935834372646652,-0.0393263913763664,0.1161213785810348,0.0750524661007003,0.0775761500354441,-0.1367403147264828,0.0988238322541814,0.061122742669833,-0.0336892139355072,0.0655776840972324,-0.0291941512493092,0.0036114030006246,-0.1382441955803642,-0.0366634884933392,0.0713801880379667,0.2499998374163878,-0.1401367445589519,0.0590190853373528,0.0371408853619499,-0.0147850737519039,0.0633492662958079,-0.1409826178445796,0.126606088205639,-0.0152363411402545,-0.0442117431851325,-0.411422014923778,0.3688529995101945,0.2053829245747425,-0.1904075305216175,0.4148190410195551,0.3019888788979696,0.5681197779812612,-0.5570239683943163,0.0922436966314452,-0.0660940418786143,-0.1312403171025883,-0.0101781311085596,-0.2242769332607577,0.0680840623526009,-0.1832749179496595,0.025385976453982,time,1931,60,28.00511932373047,0.0371408853619499,0.2077052438632795,0.0243043182820175,1.1976258991451878,6.69755653412002,0.7837045550193598,15.937635844202916,1775,0.6672837213336401,7,0.1222167601639075,0.1809844105120102,0.4010655306553063,0.0112359550561797,-1.5560696292008225,-0.8887859078671864,0.4492080896267763,0.2204091922054614,28.455736322192507,26.164836765360235,40.34834080771674,0.8541987519244879,-0.1861901546951463,-0.087671466028471,0.0318800155930446,-0.2887339190195938,0.0277784400522409,-0.0019979460432991,1.0,0.0381198668477238,2024-02-26,24.0,21,0.005012058665869,0.0371097977814984,False,False,False,0.25,4.0,0.2,-0.1149010841378371,-2.2024729601385595
APA,Falling Wedge,bullish,1,0.6930173144292273,3,22,2048,2049,2024-11-06,2024,0,23.061809238036943,21.793479520107557,25.40532576455439,20.932283744842607,1.9739177650693651,0.058197669479955,True,-0.113883255587751,-0.1208130607225389,-0.0776979886953271,-0.0473545949351157,0.0527751533777869,-0.0415474307627115,0.0049199639546948,-0.062887836683694,0.0671086700315877,0.0541561242943549,-0.015276536276492,0.0874571051426074,0.0710198896810996,-0.0061627595480571,0.0112545252901596,-0.0739348273808266,0.0345394378306105,-0.1001032351552113,-0.0691489450288677,0.0515555135688938,-0.073415601411269,0.0773549135464677,-0.1111138326297855,-0.1094568336286379,-0.1051064975927031,0.036327618972995,0.1302567482529766,0.0601324622797621,0.0217756400287962,-0.0391924540931226,0.0966570828680306,0.1014830370769388,0.2887267827197934,-0.000281439576953,-0.0820830377488806,-0.1607681119139312,0.0610026501263258,0.1435791881873842,-0.0276438808500022,0.2031186551525663,0.1939983899629282,-0.0668539331160106,0.0305954513954043,-0.0181245054824646,-0.158288824588603,-0.1501777096113346,-0.1211266418952834,-0.1440240176077054,-0.1347370659652484,-0.1380052286820999,0.0964508277677533,0.0108891527667067,-0.1068756581131935,0.0333334127395923,-0.0051798489138783,0.0219881274232498,-0.0460283933112551,0.1368746061083288,0.2983638031917393,-0.0260439002356192,0.0730794209967746,0.144163687301176,-0.0027794304639314,0.017838403274818,-0.7148289434362199,-0.1665112135843982,-0.7997438495354915,-0.3309484602229098,-0.0391916143505781,-0.0478873056611449,-0.0551102392374799,-0.0176123837769341,0.3744979188863766,-0.1848495012404691,-0.1275852867049438,-0.2147212377236026,0.1270373852217485,0.0454689152418987,0.0223663023532545,-0.2094947155347093,-0.010299044258286,-0.1802596494319704,0.1879465415196932,0.0313432641272075,-0.0922114844579682,0.0225896570655099,0.2282947573717717,0.2012447398074928,0.1389725820596414,-0.1870128109352302,0.216489032736971,-0.0664975547775175,-0.0975223663509839,-0.1197343403401755,-0.1824437818014906,0.773349371755516,0.0680840623526009,0.0633492662958079,0.2440622948440318,-0.1007189876827973,0.773349371755516,0.1206013243905266,0.3223122984936475,0.1302952676782012,-0.2851834784109314,0.0295929754439707,0.5155175569052879,-0.8376163295154389,0.2609041497833957,0.1248532928561487,-0.1570644661939791,-0.0096890400598977,0.1550093788729232,-0.1558439004363543,-0.1901583977173182,stop,2049,1,20.932283744842607,-0.0923399144973416,0.0016096180106514,0.1183098788300192,-1.0,0.0174314435898446,1.281243105693207,1.1004876598129474,2026,0.4669704685001518,6,0.1392682775300114,0.0822633061565587,0.0019820381715016,0.0,-1.663612693881534,-1.1966422253813886,0.8494453544573471,0.0756668460248794,21.793479520107557,20.932283744842607,25.40532576455439,0.6733636915441864,-0.1425411588152676,-0.0118546452985981,0.02933989673859,-0.1748504256301682,0.8253958883020518,0.013152360247439,1.0,0.0240841338731268,2024-11-06,24.0,21,0.0797860126919365,0.0919739802618258,False,False,False,0.3,0.0,0.0,-0.1079154940283037,-1.483593634848489
ACGL,Falling Wedge,bullish,1,0.8093077416688329,3,23,961,962,2020-07-14,2020,2,28.175122785466083,26.269479159231423,34.08563553106353,24.81562851590365,0.8353665647573728,0.072542116830093,True,0.0269996952405267,0.018935400378631,-0.0104745963511531,-0.0223713522671671,-0.0202332234274773,-0.0141955865114951,-0.0036003567136914,0.0141122249526111,0.0194913231510052,0.007270572187157,0.0263320642840467,-0.007498804831061,0.0325944662707606,0.015655554516748,-0.0210887327969047,0.0218604001520064,-0.0232074176811574,0.0051173555189236,-0.0283018364655766,-0.0757775914840765,-0.0414506720299394,0.0288503056953792,0.0318454904320797,0.0158623170839287,0.0197083408155427,0.110896950982126,0.0373770291688013,-0.1108149968336603,-0.1029930795104177,-0.0008022764139907,0.0257648947263113,0.0131880501169929,0.0061021882629983,0.031927927436689,0.0042081643474605,-0.017461663347761,-0.02068203182963,0.0363636690997015,-0.0091548367258228,0.0599223945327589,-0.0175331694682279,0.0078784112695846,0.0040685628684244,-0.0026423586220588,0.0535343463021389,0.0104049082658077,0.1086735986336562,0.0764478372948322,0.0205792105845576,0.0283718074224252,-0.0608419428757464,-0.0466226599644881,0.0269637182740227,0.0746882632602161,-0.0192094704751757,-0.0490570183290912,-0.0164400589786306,0.0201684013567937,-0.0001221802640979,0.0225438976436747,0.0745363258524698,-0.0605481405924726,-0.0036585831498217,-0.0729792136604793,-0.0961347632512296,0.1539973475306868,0.0450309930240682,0.0287329965351093,0.1051736521365166,0.0647992201694078,0.0108928718984488,-0.0407198253822652,0.0343160180754575,0.0018153790350619,0.2389077039224059,0.0426626379360277,-0.0154095504069831,-0.0286383270059805,0.0056596316679302,0.0806839507060663,-0.0349619691828172,0.0858711533632896,0.0685892785128632,0.0487881725663712,-0.0003539505819667,0.0432771195131722,-0.0965315762548367,0.0233903225909171,0.0327777438693577,0.1807885484886227,0.0522518862250402,0.0286410027865211,0.0205872407759899,-0.0405586464077381,0.0487261553580506,0.0613810356652289,-0.0402751288587251,0.0192813275408898,0.2680209395432313,0.0374906504889025,-0.1299318541089001,0.156311123584051,-0.0219622320976144,0.1954634393593837,0.1158649685233919,0.1823819448151331,-0.0291881179672155,-0.0710461525952378,-0.0719864769091069,-0.0871979303713017,-0.0627684391204123,0.0164118076092005,-0.0237777860345737,0.0764580330801838,-0.011395624599238,time,1021,60,28.755170822143555,0.0205872407759899,0.1366858104951837,0.0749240621473051,0.1726593320705446,1.1463450105049162,0.6283667960717103,1.759345982265148,936,0.6962131676553076,6,0.0228855984600751,0.5222031811291568,-0.2347756766091826,0.0,-1.3994645935023453,-0.7032514258470466,0.3738920542853214,0.1575913813330535,26.269479159231423,24.81562851590365,34.08563553106353,1.1037215941293483,-0.2023295571269117,0.0205378530769437,0.0401631285929674,-0.3385213798772311,0.6930693256283865,-0.0010605126085215,1.0,0.0432286725439625,2020-07-14,48.0,10,-0.175052999570497,-0.0794678680869285,True,False,False,0.8888888888888888,2.0,0.2222222222222222,-0.0773336079210928,-1.1253894940190912
ACGL,Falling Wedge,bullish,1,0.640554709122711,3,31,1432,1433,2022-05-25,2022,2,44.45450564213747,43.62031328870842,49.47074097746122,42.16795814731256,0.5593069265323546,0.0191239422767968,True,0.0154010684592797,-0.0315549320107455,0.0189059893521816,0.0158836930384185,-0.0521712801677537,-0.0197812911923795,0.021907139129226,-0.0158869093375904,-0.0154228259163746,-0.019494465694922,-0.0341081929618108,0.0248380300840027,-0.0020296790722396,0.0560403398244546,-0.0204284861488017,0.0308048882312266,-0.1430570917025931,0.0140309706440988,0.014285865257251,-0.0045092873456437,-0.0022871226899137,-0.0322429101729907,0.0236371998013874,-0.0201069455909603,-0.0270551431711902,0.0512480292815162,0.0122119142308403,-0.038538172251137,0.0099744415715485,-0.0570752870006816,0.0260869731073793,-0.0299669995929843,-0.055859293038842,-0.0021745456549736,-0.0081033816884007,-0.0205447360747926,-0.0486111463539444,0.0430169321707702,-0.0192584290583965,0.0220316224937688,-0.0113636669784773,-0.0698296773025476,-0.0184835109038402,0.0916237106171764,-0.0840308770546419,-0.0097246406169273,-0.0404278249197617,-0.0231078045632863,-0.063895817235005,0.019020595732264,0.0866585013091321,-0.0109823267477221,-0.007002090192157,0.0425153230667827,0.0334439268400266,0.033446317338674,0.0149269921212731,0.0425153230667827,-0.0235269439351699,0.0752306298113583,0.0859163229954385,0.0339078912839836,-0.0281132164631067,0.0147114306265592,0.0085093274869505,0.0284424068449502,0.0884146872597217,0.0042708179844161,-0.0643483298795193,-0.0571122803655322,-0.0536223550995956,0.0955101822273811,0.2314967404716708,0.2449274844542317,-0.0068628071176892,0.085654789616651,0.0309729057467673,0.0612973595252914,-0.0260621925792102,-0.0745879283877735,0.0619300270369096,-0.1164471434590348,0.1328485935049523,-0.0998573783646414,0.201524396356753,0.0806896609821845,0.0858711533632896,0.0833333382493648,0.067586784030593,-0.0473157599557212,0.1129031774239366,-0.1173829495218276,-0.0068449007388352,-0.048145992074201,0.0856081201078908,0.1047452899961964,0.0238630199647906,-0.0140828310620997,0.0038732338855209,-0.1661305943685023,-0.3956767206922376,0.047067507055212,0.0307814681282396,0.0837129789926727,0.0733707728010883,0.0161307446441067,0.1337037104025666,-0.0848720807574033,0.0833700559347856,0.0987915664601921,0.239453676623027,0.2807052976919535,-0.0175496161704005,0.1596876288020803,-0.0461725621608192,stop,1444,12,42.16795814731256,-0.0514356747824801,0.0252406429766803,0.0652405985525773,-1.0,0.4907225011321862,1.2683920027972384,2.1938032543285813,1399,0.7006375028953884,7,0.1685706490316125,0.0311342947323536,-0.1371693204827969,0.0,-1.0759594011574711,-0.3753218982620834,0.3812305671401719,0.1168437348905375,43.62031328870842,42.16795814731256,49.47074097746122,0.9848596829422094,0.0508772716224461,-0.0137912382615625,0.0223166310426324,0.0610424139835257,0.7777777777777757,-0.0075872984827068,0.0,-0.0476910448791666,2022-05-25,59.0,7,0.0935888009345484,0.0760203998195341,False,False,True,0.0,0.0,0.0,-0.010931395978969,-0.3649416364228842
ACGL,Falling Wedge,bullish,1,0.705659721909157,3,29,1700,1701,2023-06-21,2023,2,68.63585971978024,67.42414416039452,75.92019560435062,65.38291838368295,1.7780629368932692,0.0179715378589484,True,-0.0069271617154915,-0.012549867893201,-0.0204918175670804,-0.0060494622720734,0.0450487938848818,0.0583153027330558,0.0103744062169324,-0.0640383070367551,-0.0165307767678291,0.0129221584493708,0.0134544569392704,0.0029857560900514,-0.0129577853977137,-0.0104745963511531,-0.0186395934334908,0.0154010684592797,0.0165288485173571,0.0708374743724837,-0.0046055328487879,0.0248380300840027,0.002210274743625,-0.0472015694268553,-0.0105235181849201,0.0234136271081695,0.0102555988365746,0.0490582944607032,0.0449412193680334,-0.0094025297682793,0.0023766920049128,0.0083858018185989,-0.0231579039984237,-0.0378787872839839,0.0160284748177839,0.0097302934114471,0.004881928885521,0.0442689021994002,-0.1062433770660216,0.0917875155844201,0.0274633404638511,0.0653932484175401,0.0215471899882542,-0.0309329624848861,-0.0673499813658801,0.0662231211425985,0.0065154319402305,0.0142318314813784,0.1291215743034461,0.0871122585479584,-0.0126015693225068,0.0433466048452879,0.0269637182740227,-0.0024187857971178,0.0469545705479022,0.0152648166708502,-0.0172544013741653,0.0522052807232167,-0.007002090192157,-0.0069396127255454,0.0025298154835935,0.0229770027703348,0.0771342692465921,0.0149253006036651,-0.0581313053380525,0.0109976299521232,-0.0639868391268274,0.0596278420207827,-0.0558166566140385,0.0540059164959623,0.11898249894625,0.029232391776637,0.0238401367541414,-0.0068628071176892,0.0519729037785678,-0.0762985516221417,0.1136021236463564,0.0227020526365684,-0.0661383832031236,0.0185022058146993,0.010352891976167,0.1880076468953579,0.0870047662319393,-0.0600996023993832,0.1968382483803936,0.098970493490347,0.0462864595687557,0.2333332721142855,0.1563677521801252,0.0586381155369377,0.0304777755587539,0.1024652953694882,0.1024652953694882,-0.0361970059336576,0.0944859909262179,0.069174711836909,0.0114745452916997,-0.0672722984112056,-0.4451335608512431,0.1402714449414248,-0.0633608900190823,-0.1097438832544296,0.1737967475267776,0.1322144378251646,0.1894512942883826,0.1090201552355567,0.0002573970570418,0.042343123062662,-0.0356251211599938,-0.0936859665874608,0.0024348207827444,0.488283109636654,0.0274393588327555,-0.0569366933805897,0.0929535206058627,0.105996573869834,0.0622770851615901,target,1717,17,75.92019560435062,0.10613017618356,0.1275976111886104,0.0228595734687545,2.239307485732202,2.6922624287555195,0.4823285499940288,2.239307485732202,1669,0.6992302573382911,5,0.1233484053485949,0.1269961612278269,0.0097247978539247,0.0,-1.1083477100280137,-0.4091174526897196,0.3808287488225624,0.1040416687864312,67.42414416039452,65.38291838368295,75.92019560435062,1.0840243989075102,0.1503132589835574,-0.012360288676506,0.01588407535061,0.175979030165533,0.8333282874460294,0.0038140595666493,1.0,0.0424213082192996,2023-06-21,61.0,5,-0.0044221430611051,0.0138080952911356,False,False,False,0.25,0.0,0.0,-0.0091087627120794,-1.160221561549161
ACGL,Falling Wedge,bullish,1,0.7950066955050861,3,23,1750,1751,2023-08-31,2023,2,73.61856336009505,70.88701454240868,80.50873140403041,69.67263514177228,1.6273902230195294,0.0385338391709557,True,-0.0020666027491315,0.0148145578833315,0.0416925564248529,-0.0344040725829298,0.0052782502354726,-0.0104201435044677,0.0296647289470837,0.0471549117721794,-0.0004445040168563,0.0121797172052307,0.006169025149338,-0.0431424119122887,-0.0117032100963593,0.0026626152476627,0.0448590121935987,0.0406698762408159,-0.0234007835281209,-0.0032678980158046,0.0139235625352291,0.1790035000797325,0.2384428683283019,0.0054797052980537,-0.0290864680491677,0.0204082164851902,0.0385826839477315,0.0134211987528851,0.0649951270369186,0.0381325761073314,0.0767037218009114,-0.0275706490554378,0.0391305370228562,0.0046372476529967,0.060606033662615,0.0184286710268906,-0.0091548367258228,0.0358217667315163,0.0398742080956924,-0.1290322464399468,0.0270908000506377,0.0150146972834801,0.0390567154090126,-0.0262590726132665,0.0079884748989698,-0.0419010735088143,-0.0118577379346914,0.0086519085224534,0.0295789027992183,0.0829409344065457,0.1035965230078466,0.0110304637798899,0.0942934195639999,-0.2370006185936433,0.1460966920824646,-0.0022598646823249,0.0389404865747178,0.0625732847402529,0.0763433540757847,-0.0622177710206921,0.0203943247246947,-0.0079814777861426,-0.0340452729305688,0.0949076452663371,-0.0245570686366437,0.017147259925007,0.0113378916105262,0.107501730858968,0.0706643938052826,0.0546556740118266,0.0025078492803391,0.0508912581854148,0.1414565168794878,-0.046696374095668,-0.1471330381781623,-0.0077902694036579,0.1687886572761938,-0.4259505229066077,-0.0003539505819667,0.1152561613587366,0.1276174998271415,0.0311397276152616,0.0617021313016052,0.2321739225120311,0.1540973203658546,-0.0026011731769051,-0.0197705692204004,-0.0764292239878884,0.09664150646425,-0.0474336646434088,0.1295221581574916,-0.0571122803655322,0.0064969171862903,0.0362830114101819,0.1237406508137444,0.117312301009925,0.0586403332600671,0.0776667306749645,0.0465902517400473,0.0253715689413509,0.098893905098814,0.0064783724423185,0.1872075463284797,-0.0268969944139251,0.1217062022724264,-0.1192835913571364,0.0447291567119338,0.0875273796604858,-0.15789478315793,0.0990070622072674,0.0340530369179106,-0.3384650301960281,-0.0623165958137943,0.1216666327582467,-0.1369818428974265,-0.1044380997029325,0.1205775887399874,target,1781,31,80.50873140403041,0.0935928077030388,0.1159907772621235,0.0224748073714309,1.7461463216540816,2.164021723813278,0.4193089531625835,1.7461463216540816,1725,0.8001264658713586,6,0.1102814336953367,0.1186464889437248,-0.1877615861668652,0.0,-1.2391440739246735,-0.439017608053315,0.1954631922951747,0.0980384898311604,70.88701454240868,69.67263514177228,80.50873140403041,1.4718554533394876,0.1097562685653283,0.0054366213476519,0.020138662037505,0.0840619891690397,0.4545486071976665,0.0010377496226645,1.0,0.0033641817821241,2023-08-31,61.0,5,-0.0342417745460109,0.0032477446938272,False,False,False,0.25,2.0,0.5,0.0114997392081742,-0.5253059583056678
ACGL,Falling Wedge,bullish,1,0.7537264166180134,5,32,1985,1986,2024-08-08,2024,4,93.56842015990868,91.55725570305684,99.6208873803613,89.41562199387852,2.751207831429328,0.021966194174436,True,0.03302841064919,-0.0108742905372074,-0.0060627804041948,0.014199425716695,0.0094339713651552,0.0218219464868527,-0.0089095922734291,0.0080897993437416,0.0055124185354125,-0.0258412084929992,0.0232900967757057,-0.025838008725873,-0.0104597763965614,0.0216131452560661,-0.0071412783428295,-0.0385893713495013,0.056794593167994,-0.0472015694268553,0.0037538496031754,-0.0039344602209409,0.0288043287811237,0.0116859245594278,0.0314773379512817,0.0824186686048678,0.0325703301176296,-0.0128126694913157,-0.0092735890664995,0.0257648947263113,-0.0064668394422929,-0.0124191902246346,-0.0091548367258228,-0.0097596759731218,0.0700972884108044,-0.0189113722529545,-0.0302581823906095,0.0076627444708445,0.0750852609106715,0.0128915456939302,0.0659290788267763,0.0245527969587535,0.0708499672138485,0.0403970162496118,-0.0499729071897536,-0.0038859916102857,0.0154411303111485,0.0701308451345973,0.1224592747033781,0.1025463243534741,-0.0277951057002452,-0.1446664838248645,0.0229983988722075,0.0727623619615334,0.0248778263722466,0.081697569193101,0.0590693532160275,0.0277528615778879,0.0255675528922463,-0.0453267527969042,0.0041864008301524,0.0044291202707251,0.1228680728732789,0.0737167303010835,0.066416992163127,-0.0042982393333828,0.0052857361178924,0.0929393187886353,0.0363636318055997,0.0745751297586736,0.093788250936427,0.1672763847855702,0.0824770106603127,0.0963292239444337,0.0161934972521951,0.0675211804501931,0.1118573038555972,0.0012348406468463,0.0950929508012563,-0.0233459342437114,-0.0032244564768741,-0.0622182894965827,-0.0299219174565267,-0.0070226079925099,0.0343878384637574,0.1050889544431519,0.2524917059025855,0.1430266792313135,0.1120648950693603,0.0007664168619339,0.1026926107743118,0.0858711533632896,0.0375268412910034,0.110455740451319,-0.0241870621804028,-0.1053136487915803,0.105408366279935,0.0734694304382159,0.3145060976426426,-0.0595621686399463,0.1097946129265869,-0.0818395767438798,0.1370751462019361,0.0889559791748006,0.1265669009410286,-0.0270327189657838,-0.0855647791468705,0.0766576320512899,-0.0652818824606356,0.1544342631536404,0.2190876627287701,0.1083793191703852,0.0688888549804689,0.0914522382950553,-0.0242740236286286,-0.0258991417591383,-0.0894481728123965,target,1995,10,99.6208873803613,0.0646849354740513,0.0827235342334005,0.0161586539579167,1.457443145193454,1.8638783053746864,0.3640773431082142,1.457443145193454,1949,0.6807885413393937,5,0.0131370759498584,0.0424503423814477,-0.2096471499992401,0.03125,-1.0842260886850543,-0.4034375473456585,0.4229822348273728,0.0763717850243813,91.55725570305684,89.41562199387852,99.6208873803613,2.524636486411635,0.0983688058071894,-0.0040989284641392,0.026981715362351,0.1656007036828826,0.8789070881911107,-0.0038223169464673,1.0,-0.0464167823122836,2024-08-08,21.0,11,0.0847723996671701,0.0807353701820521,False,False,False,0.0,0.0,0.0,-0.0140108870491576,-0.1378273271676589
ACGL,Falling Wedge,bullish,1,0.7973470044096325,8,122,2134,2135,2025-03-14,2025,0,91.9499969482422,92.34617182837854,108.77003638287836,86.35609253736037,0.8549628760121486,-0.0042901061548346,True,0.0003263339824608,-0.0048027122662908,0.0024018537357737,0.081586021528037,-0.0209790520401651,0.0208333918859322,-0.0454640181008652,-0.0111627466693657,0.0022928360309035,-0.1167859315517421,0.0038327580971047,-0.0066651688124375,0.0063694333479513,0.0078791932387987,-0.0245551392716699,-0.0104745963511531,0.0503962151152668,0.0253031882058625,0.0225537976311722,-0.0246062561593344,-0.0062977816322326,0.0389005070440178,0.000558408718868,0.0338227375048436,0.0435215846793695,0.0311680297813807,0.0050184103321802,-0.059795492247027,0.0468748530083951,0.0124444305973046,-0.0039652834717196,0.0405489355160177,0.0710262381552446,0.0220316224937688,0.008527375521359,-0.0096739508867115,-0.0067839607352451,0.0121062867631243,0.0084737775150534,-0.0130453567010485,0.0037286478038762,-0.0065139468226751,-0.0026423586220588,-0.0108881086821115,-0.0008073414804361,0.02643109711291,0.0019575890282745,0.0503660593451961,-0.1070574252734498,0.0278652062576807,-0.014741762503429,0.1777453223714964,-0.0096953298123992,-0.0643101763053048,0.065060617433907,-0.0491474085272723,-0.04079043912224,-0.0372965643269475,0.1051360754898902,-0.0522131655329698,-0.0304509575234169,-0.0077500868870258,0.075357165140266,-0.0177165175755996,0.048220292419667,-0.0740078553876778,-0.0303413184637384,-0.0023568959817331,0.0038821502337894,0.0291462794358143,-0.0098626771409724,-0.006035947796487,0.0444659787309966,0.0281283128707803,0.1094599577111852,0.0282258372730928,0.0086035551459557,0.022147230266287,0.0166057380217248,0.004866708347047,0.0279649352893853,0.1163218706503683,0.0087950524845983,-0.0692632135679764,-0.0955290658179695,-0.0563003305271551,-0.0071343599491899,-0.0735547885941522,-0.0231122767519867,-0.0240681691609166,-0.019047611317211,0.0270693087703955,-0.0237085413543068,-0.0985220571990376,0.115044305595465,0.0502896759098383,0.041052423838215,-0.0729871106576881,0.1717200693846605,-0.0404878528107272,-0.0125128088320239,-0.0156149634702957,0.0413297424453871,0.0909917869416647,0.1085633888371846,-0.0871979303713017,0.3893862736146061,0.0469897360808613,-0.0461733352266011,0.1028623148812601,0.0617297325992591,0.119465634075103,0.0762068256526768,-0.02215426072471,-0.0796337237424486,stop,2150,16,86.35609253736037,-0.0608363740787353,0.0592713948724159,0.1028819945453355,-1.0,0.9742756002470832,1.6911263385320126,3.0068514224011564,2012,0.5966898646918442,7,0.0363356127477337,0.2052882000280032,-0.0079495829135394,0.0265486725663716,-0.8810722485034894,-0.2843823838116435,0.5385426185500148,0.1579193738194376,92.34617182837854,86.35609253736037,108.77003638287836,1.9807145254952536,-0.0414252940007801,0.0083284835371562,0.0213969377986937,-0.1129837953858593,0.9084250210297156,0.0037606052883405,0.0,-0.0769520865596177,2025-03-14,10.0,13,0.0889898450362975,0.0877336027801181,False,False,False,0.0,0.0,0.0,-0.0384289998658971,-0.6012163271862392
ACGL,Falling Wedge,bullish,1,0.7084598917272105,3,14,2202,2203,2025-06-23,2025,1,91.36000061035156,89.875,97.94250106811523,88.2814252035958,1.648688872206198,0.0165229553307544,True,-0.0033931431318164,-0.025765122225375,-0.0323856226845163,0.0263455027496988,-0.0069228133109592,-0.0474692373656224,-0.003877368883854,-0.0090175828605399,-0.0039338734431633,-0.0637118157411342,0.0464532831806026,0.003187697077128,-0.0096471611107685,-0.0230823989257121,0.0519103693307991,0.045086315806287,-0.0964031919651083,0.0248849305099516,-0.0274922901399516,0.0129408986177106,0.0211128133519939,0.0070833105393217,0.0008537686315753,-0.0125875822919883,-0.0390798187372283,0.0091185377614773,0.0084248710674099,-0.0536879606282807,0.0393164365501528,0.0804880297388785,0.0277301530575777,0.0133771007808323,-0.0215346551236255,0.0789951235870272,0.0414507812094488,-0.3195876771053118,-0.0652545259710425,-0.0440889036703141,0.0102935002688084,0.0403970162496118,0.0712453170876521,-0.0232654329572964,-0.0113636669784773,-0.066185548133457,-0.0135495109745615,-0.0027035315828138,-0.0258318804135839,-0.0664223837424602,-0.0287955669967433,0.1364670410296078,-0.0329901777030223,-0.0131768062582801,-0.0826670189328595,0.0018656839670871,0.0974461691672254,-0.0165306337818557,-0.0470858869943584,-0.0108279743099123,0.0384833967680318,-0.0398308689178636,0.029886616937927,0.0260586619748603,0.0565440571477295,-0.0210317414260979,-0.0423076691029776,-0.0119885250775909,-0.0160264845800069,-0.0042982393333828,-0.0267915820924598,0.0052538936551262,-0.053455775550665,0.0309729057467673,-0.0337606294507639,-0.0341391046260527,0.0495905726030523,0.0316588159510342,-0.0231265617320737,0.0430420532949604,0.1430266792313135,0.0133819390578686,-0.0235131876517474,-0.046017338545103,0.0372839305962147,0.048658276821369,0.0644220086161222,0.0231671930116355,0.0733977527956248,0.1336218449717441,0.1572242344373502,-0.0260807760396443,0.0818155375718894,-0.0319774136779517,-0.0438923173099904,-0.134653992204789,0.0861268989273906,0.1076787165286181,0.1443670856989058,-0.0084525226442879,-0.051856328160016,-0.0002393894469124,0.109797407148821,0.0443951172890295,0.07187990726359,-0.0368750095367431,0.0809582255738796,-0.0334988720379657,-0.0016825864497188,0.0764580330801838,-0.4719899411872997,-0.0521681469505681,-0.0152933940345453,-0.0835242533557676,0.0173904103796387,0.114562572098481,-0.0487940138192261,stop,2209,7,88.2814252035958,-0.0336971911798229,0.0065674088234748,0.0386383401457301,-1.0,0.1948948441556542,1.1466338526418718,2.138164439083982,2187,0.6597858650592958,5,0.060064883935834,0.059886281434561,0.3674296769514327,0.0,-0.9991233219970538,-0.3393374569377619,0.2991227950386864,0.0728226893659034,89.875,88.2814252035958,97.94250106811523,1.9842861720493885,-0.0469418426537827,-0.0159057893771672,0.0217790161206951,0.0064067363180759,0.975410861245216,0.0031052321723714,1.0,0.0323007531630534,2025-06-23,10.0,13,0.0809263392802239,0.0447653939727337,False,False,True,0.0,2.0,0.1666666666666666,-0.0183082041176366,0.0248458502689879
ARES,Falling Wedge,bullish,1,0.6889817561694331,3,23,1100,1101,2021-02-01,2021,2,39.45857609181655,38.68878275600079,41.97127674027939,37.16534114347688,0.6908657237880875,0.0198970678573846,True,0.0471215282418866,0.0185163402116463,0.0589083795741309,-0.0391177062378059,-0.050100046658461,-0.0239969141891442,0.0135196451600128,0.0362567935789974,0.0315776462921941,-0.0256904196886168,0.0907462065187065,0.0362961148050788,-0.0198129835613403,0.0877614040587086,0.0047165067828878,-0.0057898199165494,0.0456731604172813,0.0136634856006183,-0.0501355353333717,0.0471316332227902,-0.0180436342207732,-0.0589566675445543,0.0383911658088471,0.1238807246888702,0.0905605253593586,-0.0013009368223197,-0.0237267065746659,0.0699231455167437,-0.0461964456176556,-0.0361058589194102,0.0009556125370679,0.0316300792590513,-0.0096609997925226,0.0405977318251393,-0.034391713884099,0.0611638012276556,0.0407606469675789,-0.0045561965335759,0.0578950739112482,-0.1629865072634062,0.1002022740308612,-0.03749543918589,0.005176546368893,0.0442347108247549,-0.0155553441386191,0.1198525510020287,0.1087421333182261,0.0905938560538281,0.0348000287425229,-0.0367664297599436,0.1997244990076765,0.0266482288048717,0.0839543915470435,-0.012473210604317,0.0240232083757725,0.0343082713716793,0.0472915593857146,0.2237095036539029,0.0141182293831967,-0.1265308649522538,0.0403152741700731,-0.0086019334939473,0.0509911837175016,0.0552885373686853,0.093561849557846,0.0055098073959314,0.0599772604689115,0.0584571975275998,0.0653268037348027,0.1425304916698013,0.0994042115560491,0.0641373490766361,0.0472965532170237,0.2469760387217692,-0.1464380485306401,-0.1578510798853942,0.0342483560959081,0.0405129497713578,0.1520439004185145,0.0284947329824531,-0.0070759175923044,0.0335814623060266,0.2071691758060991,0.0904822295023344,0.0779956776652532,0.1193333833756846,0.0091837981778695,0.1039874338301045,0.046886724566761,0.1476537852741584,0.1344420107769524,0.0788774658919729,0.2070435459623685,0.1040090499417589,-0.0025302976517203,0.0071807119113254,0.1980797462369945,0.2284345393913143,0.0043649598134645,0.009455180324376,0.1045263478616449,-0.283501944398656,0.1693777921352144,0.0323493992436572,0.1374625516944696,0.0596033673379279,0.0281063334865208,-0.3527645368872134,0.1043410633275989,0.0942239695525117,0.2063266370619576,0.0862166917178328,0.1499650872277649,0.3520498876534257,0.1403801716103479,target,1106,6,41.97127674027939,0.0636794557060551,0.0660980920429619,0.0,1.095701358590432,1.137317655257883,0.0,1.095701358590432,1075,0.4631891837860091,6,0.0911463400281729,0.1016988615624565,-0.1603221670139445,0.0,-1.0629623950497438,-0.5997732112637332,1.0650778831060526,0.0714603988288969,38.68878275600079,37.16534114347688,41.97127674027939,0.9738455320318457,0.1403106894885892,-0.0052679737306237,0.0249353986083716,0.1834592125982068,0.7560965397891657,0.0101862294259809,1.0,0.0062851589235648,2021-02-01,55.0,8,0.2641689222607961,0.17219772670505,False,False,False,0.0,0.0,0.0,0.0074768466937517,-0.0020178030940293
ARES,Falling Wedge,bullish,1,0.7802209979533985,5,38,1180,1181,2021-05-26,2021,3,46.66940256830844,44.54312058006926,50.86947388741808,42.78624311058307,1.1397378233959945,0.0477353620615117,True,0.0216358415797186,0.024967948689247,0.0458862612111514,-0.022075136608752,-0.0812209875021036,0.045860434327519,0.0337434741116271,-0.0187540456893812,-0.0029303129194714,-0.008807809448752,0.0270017834867291,-0.0291110186930363,0.0233768755867069,-0.00915034912271,0.0612641282841157,-0.0028766004542893,0.0041458346831926,-0.1136391010864825,0.0362567935789974,0.0167723315653363,0.0538709323345543,-0.0100531786662061,0.0191578261307813,0.064181499656865,0.0559943332951842,-0.0191312783430598,0.0182562621656705,0.0753428917639977,0.0042401474287634,0.0442347108247549,0.028187343381874,-0.0725631889303937,0.0558521673886416,0.1096554010949346,-0.0661905986645506,0.026008640472044,1.989580444838879e-07,0.1655685125567674,0.0132290037599767,0.0441719797156492,-0.121443529461196,-0.0369833672992327,-0.0270273183242337,0.0493250727902294,0.0193237690520224,0.0486786586403298,0.1098039666617123,0.0947607321892092,0.1199053307151092,-0.0175197710819934,0.0691670035631772,-0.0359687734069336,0.0819452088074903,0.0094298507184578,-0.0139191597555111,-0.133589690639247,0.2293724322561867,0.0197605607829089,0.1735720443191915,0.0391065084262645,-0.0007504874981297,-0.0133432099716775,0.0533206283904199,-0.0118517589952352,-0.0284666664144257,0.1364164839370585,-0.0799729115904459,-0.0796976958445143,0.0839581703258047,0.2190429444032251,0.1685649315345547,0.1266263071691349,-0.0020454387109712,0.0767606162872616,0.2649267914619,-0.0151945197121932,-0.0040994311166226,-0.0440809097598349,0.2781265350838908,0.0823511364955564,0.1458889828940894,0.05408265583307,0.4143871620481969,0.0121769775003024,0.04301321176298,-0.1042706577921696,0.0579386614445276,0.0268749618861443,0.1475552133410989,0.0939325911278521,0.0072623334433008,0.1359322853688493,0.3042717450858738,0.2456276847302594,0.1019472604753328,0.0642516853823753,-0.0447717959955061,0.0679757817313897,0.1257353475229603,0.0893096653945826,0.0013926181479217,0.2395613064520994,0.1031382237509264,-0.1250322191112532,-0.051654034808704,0.1399383947661401,0.0831871186777049,0.3262454489465156,0.0713712346977386,0.1503250213345905,0.0073792824138858,0.046937497840312,0.2639999255492538,-0.0537870265696904,0.223899208255945,target,1195,15,50.86947388741808,0.0899962521046233,0.0905586785711039,0.0087274921611261,1.0816118588057948,1.0883713306907408,0.1048905793113995,1.0816118588057948,1139,0.683995118716042,5,0.0141317513361098,0.0940008551087352,0.0824868495885613,0.0,-0.9483829073132628,-0.2643877885972239,0.3850514354999835,0.1408405564732013,44.54312058006926,42.78624311058307,50.86947388741808,1.1121861428938142,0.1595345151637495,0.0061065862825671,0.0240057593683486,0.2406316666033332,0.5161262536147226,-0.0025717981851247,1.0,0.0040013037612161,2021-05-26,55.0,8,0.2038018024772543,0.1685246514822709,False,False,False,0.0,0.0,0.0,-0.0757943466479755,-1.1511522646056993
ARES,Falling Wedge,bullish,1,0.694023250743007,3,49,1352,1353,2022-01-31,2022,0,69.1598443066771,67.0564427003859,77.7400472832764,60.00420352233871,1.1402141885766093,0.0313676288449922,True,-0.0122682962284489,-0.0046798269830246,-0.0437956074589996,0.0221497029644879,0.0157662194337948,-0.0064135099353721,0.0424938914578847,0.0776533670671588,-0.1209344063190462,0.0124414145402478,-0.0104812880196486,-0.0044867976496838,-0.0967079752944859,-0.0183759424410729,0.0171164544219164,0.0182542761012058,-0.0032292377351273,-0.0447235465981628,-0.0118724140390622,-0.0067148455383154,0.0300054947131243,0.0301911465159938,-0.0071851160377908,-0.0155230412109831,0.0103489128580037,-0.1697345570753794,-0.0737465901245639,-0.0130158897770522,0.0629206883141078,-0.0280483217075628,0.110369009937743,-0.0137214672702692,-0.0620328362569372,0.1041419603423012,0.0039332947360928,0.0070754534496286,0.0520250064809595,-0.0023264139362381,0.0442953479554759,0.0986442347625276,0.0588587638108419,-0.0282831640995557,0.0563643824957675,0.0348146619493474,-0.034391713884099,-0.0259301337161399,-0.0087629147017066,0.0371675743891187,-0.0523119247373601,-0.0332307668832632,-0.0680503548280083,-0.132573068481537,-0.0318517511553736,0.1253118383748914,-0.0505213533299685,-0.0136983671359151,0.0926459031829909,0.1209580498416726,0.0448483100821914,0.0048547344290501,0.0468358364781937,0.0505287827595053,0.095711346410817,0.4101753672221411,-0.0457255039245041,0.0659101167313294,0.207418071351469,0.0020615825417702,-0.0507277571482112,0.0443682819474906,0.0170677491283155,-0.1781452585590353,0.0683298502401139,0.0198563792945276,0.0887910530953797,0.1192977652079056,0.2439487043068819,-0.1578510798853942,-0.1373576903607746,0.2897672986494226,0.0557085272651376,-0.0099027442032082,-0.0107161018831252,0.096209583145161,0.2397897282579832,-0.140494459514863,-0.3731687597375743,0.0269295827217457,0.1344420107769524,0.0939325911278521,0.1481801426404181,0.0134909258182153,-0.1125835873709186,-0.0413276334463343,0.0439306894810627,-0.0548881362345134,0.1290417303168678,0.0426136925025391,-0.0981277030580468,0.0587955496062277,0.1959000634440375,-0.1177755818721546,0.1684941673676872,0.3640099787000574,-0.0243126175480079,0.2080012486504752,0.0652422566165094,0.152571285007101,-0.0468842944134884,0.2505761766480157,0.1452871155116284,-0.0077334222315246,0.1101514145932385,-0.3166851522221292,-0.1759940104141978,stop,1376,24,60.00420352233871,-0.1323837680105136,0.0481975783826825,0.1509761045617112,-1.0,0.3640746830748522,1.1404427206643717,0.9371493682098762,1303,0.3515404518420489,6,0.1005911216209685,0.1287168798655222,-0.1085215643331897,0.0,-0.8277827113044475,-0.4762422594623976,1.55435520711264,0.1516060871790297,67.0564427003859,60.00420352233871,77.7400472832764,2.42892940926089,0.1306478937630639,0.0155009042806302,0.0351909920872978,0.1382405605014729,0.9963708415604402,0.0044496123074415,1.0,-0.0527413132422628,2022-01-31,38.0,4,0.1610268778125232,0.1260398616528821,False,False,False,0.0,1.0,0.3333333333333333,-0.0053142567636692,-0.2765794791997573
ARES,Falling Wedge,bullish,1,0.6026246578895909,3,22,1426,1427,2022-05-17,2022,2,59.39998029272498,55.479207507306455,79.36179152389536,52.76464169014923,0.9927895279786626,0.0706710308524536,True,-0.0238164623591471,5.638115108119735e-08,-0.0107238076555632,-0.0361440003427006,0.0543304461084526,-0.020247460879808,0.0425583177160997,0.057264862704589,0.0427808878722622,-0.0365339149498569,-0.0018417184002438,-0.0659817322865243,-0.0389803482253559,0.0915502570121242,0.0264372702339203,-0.0087314151164402,0.0749611607041413,0.0082873414484276,0.0763966976798031,0.0353357239824501,-0.0026878512591831,-0.0082417530923845,-0.0378059105218576,0.0267569355289754,0.0116639744839688,0.0137303143219196,0.0575175543278017,-0.153018520457522,-0.0144804768218128,-0.0067358120185149,-0.0023424070922843,0.00080018022878,0.0095693391609275,0.0648032594258709,-0.0656552444758881,0.1109554270539143,0.0926965804624659,0.0272209865098602,-0.0210523251351344,-0.0134292201632457,0.0111050364825993,-0.1787894902009659,0.0701915073505585,-0.0638709810600024,0.0740611183998329,0.0260930942140173,-0.1286109191097307,-0.0683880907598265,-0.2372416639584317,0.0576162295515174,0.0497120135734912,-0.0700153196377113,-0.1160587622029747,0.0982433392188704,0.0637875877978948,-0.0104568455218762,0.1421039747681762,-0.0475841361125325,-0.0459680540328991,-0.0231892886103255,0.2188207282191594,-0.0066934897661494,-0.0065750121396577,0.1249942721851584,-0.1483784437306615,-0.0363991324256224,0.097657862683014,0.096509909185817,-0.1386552075619436,-0.0984555987792794,-0.0570519015815947,0.4143871620481969,0.134761678086634,0.0246229854356896,0.0728792077797748,0.1127446444117268,0.2750894545297881,0.054681387492824,-0.0180117840208465,0.1832837576213817,0.1465809133290485,-0.0490363673804055,0.2496484139937516,0.1980359181857454,0.2642349716981744,0.1710912492058385,-0.1476485267878133,-0.0151945197121932,0.1549833032074032,0.110182639227703,-0.0130571378155642,-0.2146685663061223,0.1159009172397651,0.052840410800554,-0.1813349356654598,0.1715541978539141,0.2319332859287266,-0.1438700728579806,0.0359617391400834,-0.0828999723363422,0.1224904297947673,0.1312352971397912,-0.0786323963013889,-0.0032055323011688,0.0788924547752714,-0.0729281238434383,-0.0349298273456646,-0.1484768114161528,0.1174420188683131,0.2468174897797124,0.0004813245415493,0.12313866650386,0.1756271275566134,-0.2045525813179203,0.0916637283149108,stop,1444,18,52.76464169014923,-0.1117060741413816,0.1090856265322738,0.1408409176090789,-1.0,0.9765415835329482,1.2608170029395398,3.008408828363555,1402,0.7657154866328779,5,0.0542898065537306,0.0957147277354382,0.3581896145509375,0.0454545454545454,-1.6613145074686544,-0.8955990208357667,0.2466059146105615,0.2067582377080177,55.479207507306455,52.76464169014923,79.36179152389536,3.17945791741021,-0.089303311684645,-0.0627774673727608,0.0521687276552278,-0.1810725392616698,0.8842101318142392,0.028991719457442,0.0,-0.0825094641007874,2022-05-17,38.0,4,-0.2429012430219118,-0.125865356501417,True,False,False,1.0,1.0,0.3333333333333333,-0.0832310961764676,-2.007542142256733
ARES,Falling Wedge,bullish,1,0.7298763568281742,3,30,1588,1589,2023-01-09,2023,0,64.260869178209,61.68279119179306,70.90446154938871,57.74606000234789,0.7253666168710057,0.0417957413502869,True,0.0897545112300841,0.0625885311231584,0.0166207805034204,0.0351721082719487,0.0028725431335432,0.1167695552572958,0.0233376984131752,-0.0256880696403825,0.0749611607041413,0.0280377614816291,0.1054215432421743,-0.0225078055121421,0.0078196997212938,0.0631579717243948,0.0427808878722622,0.0018411376102889,-0.0287205250390542,-0.00915034912271,-0.050100046658461,0.016753905409818,-0.1018508929167513,0.0432786016955055,0.0727141279225146,0.0965943976798131,0.06315351117285,0.0990632195404175,0.1073319290497034,-0.0318007676425414,0.0199667596422599,0.0827790951234264,0.0071426177749978,-0.0586954810184655,-5.3315122872099614e-08,0.0112993747892726,0.0252098039844568,0.0527422079822772,0.0575915817159895,0.0298299788905564,-0.0127761117842959,0.0536624388548285,0.0629206883141078,0.0675916604699622,-0.130378703145359,0.0527422079822772,-0.0533722862673677,0.0744518896327441,0.1983534248884535,0.1262035460688075,0.010468041542839,0.0785614116566129,-0.1587531618429583,0.0021544330801543,0.1286244809852899,-0.043687195631923,0.022346203695251,-0.0266199062603841,0.0616526177503236,0.0486500026892497,0.022975928903711,-0.1136295356596744,0.1901261174287252,0.1362493829468296,0.0304713966690544,0.0171612384422932,-0.005539578727618,-0.0745858834519052,0.1098039666617123,0.014342966331001,0.1758147785280243,0.1626188737945357,0.1324833240687735,0.1054137685811522,0.3005319739705849,-0.048644403655162,0.1712306635969509,-0.0131787484304907,0.0150766782875324,-0.0186668354538896,0.0430104913519193,0.0806954269234376,0.1805575740763889,0.039352784607942,0.098922629222163,-0.0972617806767733,0.0821388072012705,0.0773131146215415,0.0277012764638302,-0.0352865075352155,0.0437569794261403,0.0870732234254925,-0.2559248752891178,0.1184282617587508,0.1172224532784771,0.060655335608194,0.0593266846861793,0.1019533403925665,0.0462731119313177,0.0967198704544181,0.0547994494060202,0.2121302256738451,-0.1822239026811652,0.0626223847650566,0.0198330056257278,0.1649590566124581,0.1982680839012116,-0.2271015039364362,0.3129359581625799,0.4244649233138706,0.2198604286430128,0.0713712346977386,-0.0376062675791977,0.34401412899862,0.1868521640232905,0.1392736543918349,0.0037861517043296,target,1594,6,70.90446154938871,0.1033847262905147,0.1066447414464108,0.0050251341906569,1.0197677617014114,1.0519239464486536,0.0495669914669556,1.0197677617014114,1558,0.4737567994627755,5,0.0240895186429466,0.1805138913607726,-0.4238410883515842,0.0,-0.9203791422984166,-0.4466223428356421,0.8293492940881,0.1235800656048501,61.68279119179306,57.74606000234789,70.90446154938871,1.7993796243038152,0.0318246201907796,-0.0244211435544682,0.0279348720247545,0.221748589375806,0.7979778259573969,0.0111387484630416,0.0,-0.0166537819741722,2023-01-09,38.0,4,0.1070560667537574,0.0059216890591717,False,False,False,0.3333333333333333,2.0,0.6666666666666666,0.0067450684083771,-0.1322511578007394
ARES,Falling Wedge,bullish,1,0.6038524542299382,3,26,1955,1956,2024-06-26,2024,1,126.91481897259769,126.20249455584144,140.8929602641026,120.73886132669736,1.0633636726573692,0.0056442974385189,True,0.0243594442717285,0.0131924812004178,0.0024647839242708,0.0406151263078002,0.0124414145402478,-0.0331378734758056,-0.083204257139213,0.0003813903383538,0.0222512877691742,-0.0164387743337454,0.0051010767412777,-0.0286971156632875,0.0043810966990831,-0.0135009067088418,0.0763091173928385,0.0205424915302092,0.0320618469989273,-0.028653242130189,-0.1478275913344665,0.0280377614816291,-0.1195035049242925,0.0167595692558217,0.0348402594082389,0.0447208764621387,0.0243493384445545,0.0556032060587039,-0.0105819365089493,0.0655607718729449,-0.0252000605650557,0.0591585305155446,-0.0093458306357268,0.0077790571390998,-0.1048737541267338,0.0863975023374328,0.0507462974982346,0.0732711601362694,-0.0796282932010908,-0.0558563537036476,0.0559442117352746,0.0919669191819063,-0.0178895244980373,-0.0310229147890346,0.0043558901022568,0.0091109635684949,0.0043558901022568,0.0332282898511315,0.075818120123313,0.0885801419725095,-0.0968750652044423,0.0421628998588419,0.0478720916291759,0.0314012276206376,0.2106668616236573,0.021164019364396,0.09299141146841,0.0833334013860216,0.0103166992805894,0.0047847073346865,0.0428520185105112,-0.0291805639475314,0.0347271460060394,0.0325077508585784,0.1428218890968056,-0.1092259728668951,0.1209580498416726,-0.2014066792004133,0.05545872285672,-0.0188929279944243,0.0498962357471611,0.0624906612807614,0.0425957118295481,-0.0610821214512009,-0.3059652313668006,0.1882128721463485,-0.0776177456989875,-0.0473681146088186,0.0472965532170237,-0.1401271492352955,0.1804318522154722,0.0090041019954556,-0.091589420864916,-0.0047863963098432,0.1988622129830355,0.1551198218353293,0.1395567883072765,0.2684211239436596,-0.0058039017480229,0.0311030146065496,-0.0049018453689991,0.0233479722930578,0.2245266462598718,0.0261586096232516,0.167293798334946,0.1221445811421251,0.2080012486504752,-0.2477178036531808,0.0514499463493705,0.0682200929040086,-0.0102844239702518,0.111110834591324,-0.0187446815774959,-0.1646257071278376,-0.0835910890422664,0.1853237512110284,-0.0506142958355297,0.0730321741182526,-0.0077334222315246,0.1318509846199083,0.1451952118380992,0.1841355864064875,-0.1325026700299371,-0.0108678659492047,0.3244372266473603,-0.3807711690525638,0.1485286018916199,target,1972,17,140.8929602641026,0.1101379760429943,0.1167627909074707,0.0139198633081774,2.26331560106857,2.399454355162865,0.2860506877104889,2.26331560106857,1928,0.5049539138760176,6,0.1564337476153219,0.1165588074903394,0.1417879774175794,0.0,-1.1242375669977458,-0.6192836531217211,0.8280419216704243,0.0881349518816357,126.20249455584144,120.73886132669736,140.8929602641026,3.3668052512535547,0.1182681820841933,-0.0090630589084805,0.0264516921699934,0.1860660691574913,0.7744677259121184,-0.0072406044096905,1.0,0.0329550381874013,2024-06-26,12.0,4,0.1837891791745671,0.1541706185441334,False,False,False,0.0,0.0,0.0,-0.0667498489521014,-1.7664273848005043
ARES,Falling Wedge,bullish,1,0.739429988936784,3,36,2379,2380,2026-03-06,2026,2,104.86163889387284,112.88814349276936,173.92769943607573,103.60300387254348,0.5888394385484423,-0.0711013960417431,True,-0.0521609850553651,-0.0460084660403791,0.0145272060705488,0.0077702547051423,-0.0052907211583143,-0.0212826887929524,-0.1631134788238657,-0.004127861314197,0.0278416799277168,0.00274721071234,-0.0887179349575453,0.0068649921561672,0.0764597614523792,0.0125827418619632,0.0053764212391034,0.0814037644603804,0.0166661929906501,-0.1115723920317668,0.0443041155641781,0.0623228186461759,0.0171164544219164,-0.0138263002322082,-0.0505635969002557,-0.000453182524453,0.0236298619357209,0.0591585305155446,1.466383574566521e-07,0.1064546307409624,0.2226109780896825,0.081639743949087,0.0068431798349097,0.0185675799716931,-0.0264533100018655,0.1248578971052354,0.0110194599382302,-0.040000341352243,0.1208620150282531,-0.0814367238633436,0.0629206883141078,0.0171420063260427,0.0085340048120237,0.0581414688394907,-0.0277006833035654,0.0671570581000757,-0.0207407271600512,-0.0389320626505844,-0.0291546383991427,-0.020660496790161,-0.201790978640272,0.1388619278125242,0.0926459031829909,0.090989777428261,-0.0202251043745025,-0.063548832938912,0.0255535217396294,0.0781671253184161,0.0004886908673988,0.0958780173556901,0.1071836726430257,0.0833333196358225,-0.0138564900443449,0.0004886908673988,-0.0729807205794689,0.0254346775733287,-0.0110831473132374,0.0302331532668742,-0.0756214965855375,0.0589774837505152,-0.0476110979474228,0.1327630877491836,0.0523583484479213,0.0558728637565377,0.1625862779773277,0.3018870155941058,0.2101367696798244,-0.0630181073028427,0.0133253238244266,0.166693502765135,0.175696686721408,0.0449581933437277,0.156804605078807,0.0551258544896238,0.1616285983473919,-0.0385285562009541,0.1129708598911538,0.1178426244068515,0.0357145658757964,-0.2227343222570711,0.0899446819626286,0.1415816603753903,-0.0843103365599311,0.0530541496607167,0.2111255525969397,0.0681845458597099,0.112033581525601,0.2529268383322305,-0.0474502054590856,0.1283958380890311,0.0917439846973451,-0.0340989413619943,0.2262181161021936,0.1395271536133573,0.0816867273370791,0.0256193713156953,0.1378660121468564,0.163238483951281,0.0948452396712351,0.0774149048908972,0.3763458956094363,-0.0359594105979275,0.0977839906776083,-0.3298239280343935,0.051712322480985,0.0889725303715467,0.1261756273289908,stop,2381,2,103.60300387254348,-0.0120028166125001,0.0331594018149352,0.0176043529622947,-1.0,2.762635045211127,1.4666851565457526,54.87377942912745,2341,0.7643064659176464,6,0.0283910768448254,0.2408171469236657,0.5406643905139799,0.0,-1.3668168662540054,-0.6025104003363597,0.2720319211940073,0.2526980838781417,112.88814349276936,103.60300387254348,173.92769943607573,6.810941804316964,-0.3173706057527511,-0.246281760393671,0.0633871003460198,-0.3811836566579665,0.3308420144459415,-0.0324675375003032,1.0,-0.0077330085069522,2026-03-06,40.0,4,-0.3084384338346635,-0.2602544216524391,True,False,True,1.0,2.0,0.6666666666666666,0.0114085411244581,0.3062590248855622
APTV,Falling Wedge,bullish,1,0.622418274579654,3,24,1255,1256,2021-09-13,2021,2,149.47000122070312,148.05726346102642,173.67182090065717,144.5190564492591,0.823421926910299,0.0095418335220587,True,-0.0400749678480258,-0.0117578714608199,0.0094479672273695,0.0312414868567554,-0.0769640332454683,-0.0037645005334635,0.0750153329573142,-0.1086256850064347,0.0149472378124819,-0.0618638126239888,-0.0299435790097418,0.0325275841743895,0.0319679789101261,-0.0168266699914593,-0.0142833519918347,-0.0182028683432164,-0.0660928724756192,0.0040601991154678,0.0532324063163101,-0.1377542596841555,0.0252711023569103,0.001805324129904,-0.0273347171956082,0.0316451173406688,0.0407096048649895,0.2384700982703262,-0.0555341669268193,0.0160065023372411,-0.0779594936681049,-0.0488752773745764,0.1452709127676039,-0.0233317063764882,0.0098155647211837,0.0232861165277868,0.0001037532990841,-0.0349371294366607,0.0236898016289104,0.0411877564073217,0.1978825529995085,0.0390249599138816,-0.0168205881931092,0.0013501440326395,-0.0436050315947168,-0.0197116506699327,0.110522551002177,0.005353333857306,0.0714524157928617,0.0983144820111474,-0.1375381699765571,0.0512919088205021,-0.115634888353922,-0.0196460373229104,-0.0682516057249708,0.09992527803267,-0.1292231593433926,0.0640077632407836,-0.3868271692470987,-0.156771228057536,0.0608350395569636,0.0506265894372013,-0.1771157834052367,0.0714524157928617,0.0422404478601508,0.0895711711110511,0.0457092080222711,-0.0212215859074562,-0.1180438329238328,0.0791641400158253,0.1052248907114934,0.1589616264989026,0.1091707302492079,0.0480887708335924,0.3676303235310971,0.1218586043540874,-0.0539096220192559,0.3127283925105086,0.0378848988844742,-0.1135549565212301,-0.1881882601868301,-0.0147996449709731,-0.0220144615680177,0.0991271629035541,0.0343427196525067,0.0511356659779513,-0.0472720956269639,-0.0415060828784406,0.1076272640786559,-0.1594997145932495,-0.0144602209134497,0.1305922695894483,-0.0574209504845013,0.1290421233712544,0.1214290074814719,0.0730931414006976,-0.1703727631612513,0.1696265821711158,0.0649378267395262,0.2165861450444446,-0.5111339788927445,0.1823515632122694,0.2654254708970966,0.1173885855383785,0.2950999450683593,-0.1892792951918835,0.0785362140673562,-0.0149961320082842,-0.0237232361513479,0.1509476226855233,0.0598269440389331,0.0549575091127712,-0.1134950416620118,0.0651941492039998,0.0695976379818474,0.0646450966408598,0.0798229652147239,stop,1260,5,144.5190564492591,-0.0331233339868218,0.0367966813078355,0.0593429788234919,-1.0,1.110899081670796,1.7915762600196432,4.888323501313298,1229,0.7763067049153669,5,0.0262260441833616,-0.0013761257735815,0.1922696989728087,0.0,-1.317766742773364,-0.5414600378580023,0.2344777228709063,0.1166798875480327,148.05726346102642,144.5190564492591,173.67182090065717,3.0578580583844865,0.0144371711297066,-0.0575034134889586,0.0206263612707216,-0.0299679498539666,0.7427521008403362,0.0127014516480616,1.0,0.0014800021410679,2021-09-13,34.0,6,0.1137770283780015,0.1291089101966769,False,False,False,0.0,0.0,0.0,-0.1150110071564248,-2.1988969325203893
APTV,Falling Wedge,bullish,1,0.607665410449459,5,46,1534,1535,2022-10-20,2022,2,85.30999755859375,85.70525236190485,112.90154840123957,75.66836957749683,1.2699029330085518,-0.0046117920712965,True,0.037510311443144,-0.0031885411083425,-0.1052811283375996,-0.0214507549138444,-0.0009756055027765,-0.0241180057014483,0.0888141959563086,0.0410714149475097,-0.0440013306488412,0.0118385622854189,0.0403655973234713,0.0200530907766334,0.051389764836915,-0.0184627526212806,0.0323828195959801,0.0242184053376599,0.0232218681771032,-0.0302507428748538,-0.0006135256428639,-0.0503549488596278,-0.0160515595931185,0.0514611175472632,0.0338474873387436,0.073965600381765,0.0578339701663812,-0.0274387063985376,0.0857972586776452,0.0302297459461857,0.1309297669140436,0.1213561480196074,-0.020829923975337,0.0086969103467495,-0.1207909880384887,-0.1932439489292021,-0.1024698582103517,-0.0581478634925988,-0.0705642119359822,-0.0123521677002489,0.0940409017450378,-0.1080228721059508,-0.1470470907861307,0.0416852422637246,-0.0010088677636573,0.0649538894079579,0.0145543181646214,0.0874492162743106,0.2509671114150984,0.1712127286762363,-0.0445132026354708,0.0930232330590226,0.0905044394350174,0.1928460164325911,0.0307473982850956,-0.0030714028915642,-0.0759964722328899,0.0863110521471897,0.0744901899913286,0.1538684447598397,-0.1177225825219652,-0.0789966845537141,0.0642044035261377,0.0553064587558422,-0.1491551353619866,0.0821870310921404,0.0771450530143262,0.0779816082603042,-0.1907120740840208,-0.0718531577379372,0.233637380578134,0.0957684448733973,0.0412385706186042,-0.217391323540995,-0.1881882601868301,0.0113458876701706,-0.0034911314075248,0.2201598796028401,0.008211214250545,0.1428407973527694,0.1378595193888523,-0.1619562008490422,0.1590153948713493,0.059204722605932,-0.0092940199296047,0.0984021313670298,0.0121163163410658,0.0256224713768309,0.0751357985079463,0.096950599504149,0.0849889315498324,-0.0359270015876134,-0.0094194551673273,0.0704591312873785,0.203141511276587,0.1259952856360202,0.0796745278426536,0.0916230348192976,0.1844258474309077,0.1377063587988982,0.0388428432100573,0.0787155465092777,0.1437733202604207,0.2137016816047285,0.1100203518284492,0.0872474438189974,-0.2706198713371088,-0.0782985648697167,-0.0143106670279777,-0.1232213504233288,0.1278093831988334,0.0719029103947137,-0.1223586462421691,0.0495969002914575,0.0752404681828409,-0.1104560960374498,0.1645907401638979,target,1550,16,112.90154840123957,0.3234269327424961,0.3277458666584628,0.0137146665388393,2.861710791656861,2.899925110084125,0.1213486115870862,2.861710791656861,1486,0.444632755640494,6,0.1497566656616053,0.0997828724911455,0.2372516118651664,0.0227272727272727,-1.3281275465359168,-0.8834947908954189,1.1023700949541833,0.1717823215425297,85.70525236190485,75.66836957749683,112.90154840123957,4.122857230050223,-0.2148810568262208,-0.0817966242570749,0.048698996594722,-0.2265667424610937,0.1116520405839075,-0.0015124753697925,0.0,-0.0235421949810624,2022-10-20,22.0,9,-0.1320597361391482,-0.0597722689516582,True,False,False,0.875,1.0,0.125,-0.0152964197215646,0.234530998340017
APTV,Falling Wedge,bullish,1,0.6344655325981466,3,34,1645,1646,2023-03-31,2023,0,111.12000274658205,110.31001196967236,126.28999582926429,105.423904003426,1.4226160175006537,0.0073428582088486,True,-0.0610151749559776,-0.0628740957143053,-0.0731962864929345,0.1205512754297846,-0.016845831351544,0.0314668096768546,-0.0048268591070532,0.059964896747634,-0.0489642207106048,-0.0463435289181352,-0.0619805407865505,-0.0162683155648699,0.0742123093046771,0.0535389951830502,0.0202727728379843,-0.0173791761678713,0.0989287791439752,-0.0043635523660406,0.0730323471847944,-0.061156172451407,0.0307901719891938,0.0473604287068425,-0.0739548900703666,-0.0316775034688272,-0.0441271557211708,0.0788990200661237,-0.0061739632190309,-0.0679054162384283,-0.0466733607143025,0.068459293495104,-0.0511677110338809,0.1060628077319616,-0.0700102665399989,-0.1080228721059508,0.0108762302469864,-0.0041328615826391,-0.4119293916498299,0.0200680878266528,0.0892515703337761,-0.0100249184413649,0.0074260054613974,0.2269566841718564,0.0263756186727606,0.0329401514049598,0.056568256937181,-0.0290696517099939,-0.080363571674322,-0.0966530805134178,0.0472878112673493,-0.06867857559237,0.0103581230127718,0.0021436827810277,-0.0032529716032096,-0.0764908874245575,0.2215049236092403,0.0131343017364622,0.2786149906324235,-0.0510868999440499,-0.0750522758504913,-0.0005861799059138,0.0049110392947222,0.1475728101917708,-0.0589830430887513,-0.0238247333919368,-0.1407322747205538,0.0071906164321764,-0.139602009383484,-0.0030543306526309,-0.0849322775443218,-0.1789956704285651,-0.206707463640186,-0.1452004570220793,0.2501209043200354,0.3823589943711463,-0.3116150609309261,-0.0725090083417832,-0.078975860000609,0.0077619795586618,0.1190662866754261,-0.0538218104355049,-0.0357633917917785,0.0723332722981771,-0.008701055197797,0.1720877085441012,-0.2557932456738716,0.1002658971078018,0.1507390694361825,-0.0480643719654483,-0.1554479714455963,-0.0703300124680315,0.0520649239568613,-0.1825245099783135,-0.0895428755552543,-0.160867451458865,0.1754652900424209,-0.0099516654655136,-0.1236633451858369,0.2967201615386534,-0.2375106080452964,0.0011961996761384,0.0812709265337079,-0.0037943572343761,-0.1174106084331144,0.047736178110548,0.2024574373782888,0.1521948052221369,0.1274548328562901,0.1843791526585447,-0.0718744309877946,0.136149921603363,0.1809476355538355,-0.2103985560273358,-0.2564023739381411,-0.0701917538572945,-0.1137816176552155,stop,1648,3,105.423904003426,-0.051260786558352,0.0131389403202434,0.0637149177110911,-1.0,0.2563156206213667,1.24295630225186,2.66322508908562,1611,0.5400127256332447,5,0.1461174308926739,0.2024305083400399,-0.0311124255929615,0.0,-1.0234304334108593,-0.4834177077776055,0.5794834750799228,0.118066850538406,110.31001196967236,105.423904003426,126.28999582926429,3.4514285496303074,0.1227123076937652,-0.0078950808544668,0.0307641365052371,0.3945308476964158,0.9408890692884604,0.0077342899210146,1.0,0.0167308950854756,2023-03-31,14.0,7,0.2146609829332992,0.0846798708272749,False,False,False,0.1666666666666666,0.0,0.0,-0.0729305218813455,-0.8050054688775301
APTV,Falling Wedge,bullish,1,0.7366472021262624,5,48,1691,1692,2023-06-07,2023,3,98.47000122070312,91.36031631624166,115.9075425601776,85.81311404627536,1.176527510439347,0.0778202746130107,True,0.0257946672493116,0.0010418683435529,0.020929368075673,-0.0024021858713246,-0.0316124765175156,-0.0470874526992306,-0.008116883116883,0.0198057298388398,0.0330213297898334,-0.0070422535211267,-0.0260788700841265,0.0473604287068425,0.0694339885865902,0.0537396078561769,0.0581073893945363,0.0687654879104502,-0.0239546801056257,0.0999009633173264,-0.1229694273362722,0.0676496525684462,0.0220021286853648,-0.0457279286082441,0.0135084714058251,0.0013201711364521,-0.0256629946823752,0.0214631662306388,0.0470256341304302,-0.0808946692454315,-0.0422756763447115,0.0896432295181213,0.0352270924003206,-0.1124622935449769,-0.0810550303608189,0.0519206140464105,0.0482467795694709,-0.0478762423200425,-0.0251748820097736,0.0218106574684537,0.0194602392745528,0.0061579496369232,0.0231228132921752,-0.0598790169772259,0.0564390433099186,-0.0408601946671532,-0.0083218433879815,0.005234302635487,0.092210843084113,0.0604282931483413,-0.0196460373229104,-0.0322412911189567,-0.126557065763417,-0.0156808725928839,-0.030317427618335,0.0867288986879839,-0.0030714028915642,-0.0542044167172635,-0.0977634625706513,-0.0820599900986259,-0.0417880760719726,-0.0103374185919522,0.0615704149443239,0.0790604981355302,-0.0682516057249708,0.0992165790858707,0.0299971873693274,0.0877336033163933,-0.1140471653253214,0.0506121113727522,0.1022631900589452,0.0845943102243336,0.0333781970886131,0.2002443202573047,0.2785769499461619,-0.091514390024417,0.0560535384914633,-0.0962501749445563,-0.0131537275425391,-0.2152209171781127,-0.1502726052945274,-0.0141267318864348,0.0473226479638155,0.0753900067560475,0.0393104934640196,0.0541215441450195,-0.0141267318864348,0.3323857624118429,-0.0909588647494411,0.1712584449599143,-0.102595438484017,0.0652967655988472,-0.0807570352685963,0.0620451173875656,0.0611353363302356,-0.0003855384823348,0.1666277563239768,0.2215935069884875,0.2296735219152088,-0.1111485805068925,-0.0633509668422011,-0.0341686417700176,-0.2158403258004871,-0.1731067618763546,0.1057441407128634,-0.1222786664489872,0.1521948052221369,-0.118864644819965,-0.1641104330372776,0.1006732650312227,0.1339477109036031,-0.225205493475238,-0.2322907092312101,-0.2949431770951921,-0.0744423974818062,0.1721351310732402,0.0884933843409801,time,1751,60,104.48999786376952,0.0611353363302356,0.1536508283320394,0.0369655666144457,0.475630110318856,1.1953963913012455,0.2875904114088005,1.3777116836994203,1640,0.4320905777532389,7,0.0338609893897023,0.0442322773044094,0.2937705708947138,0.0212765957446808,-2.328705417935918,-1.8966148401826808,1.2178991690039285,0.0942520298537594,91.36031631624166,85.81311404627536,115.9075425601776,2.562857491629459,-0.0406570509154632,-0.0336459399685067,0.0266714287574476,-0.0545114736322696,0.7832132015173422,-0.0011524422615877,1.0,0.0380111563353153,2023-06-07,14.0,7,-0.0044766048018941,0.0229831685040766,False,False,False,0.3333333333333333,1.0,0.1666666666666666,0.0309393845094269,0.5033172584673302
APTV,Falling Wedge,bullish,1,0.6576572203631192,3,20,1778,1779,2023-10-11,2023,1,98.9499969482422,97.0399932861327,108.0114331926618,91.90520182312288,0.5416616691581075,0.0196826442112134,True,-0.0701363822743907,-0.0547113284418692,-0.042258067797589,-0.0575488157391049,-0.0202500343322753,0.0189634031775807,-0.0370308155692318,-0.060262137515206,-0.049222387337708,0.0484200925839741,0.0542964573884705,0.1109683611107448,-0.0385390718538225,0.0021195638405275,0.050502412055096,0.0235555890183638,-0.0423510989594797,0.0391659435952489,-0.0070176459565375,-0.0220264607010967,-0.0152611975991046,-0.0092498193674098,-0.0674850957764628,-0.0968165184145602,-0.0524178078919482,-0.0672167393085482,0.0822222391764322,-0.0079316913829651,-0.1091340432580362,0.1066071646554129,0.1328857632817859,0.0398118909394797,-0.1100936728138958,-0.0186239808389191,0.0436093051472616,-0.0429797668323964,-0.0290871800567811,-0.0088012415421101,0.023373273455949,0.0827255566126718,-0.0673288913677715,-0.0853108820401545,-0.0316764499031573,-0.0136071662921268,0.0557950172165471,-0.0955784436569942,-0.252551780035335,-0.25323839681049,-0.012569506192636,0.177723590567955,-0.0775109327481751,0.1892697335263502,0.0949597387916729,-0.102427521646391,0.0807747475860594,-0.0214541480217089,-0.1313623493965583,0.0422404478601508,-0.0659780670038278,-0.0083694533311496,-0.219025875839573,-0.1315016345744413,0.0325648983004569,0.0368234970990348,0.0901362579950553,-0.1138763350541184,0.0125557008988956,-0.1033313750552624,-0.2410338507234245,-0.1829206572243623,-0.2316218974429108,-0.0360784401964033,0.0417864992692702,0.0251884496958292,0.2423263268213147,-0.0160605690696022,0.2116000366210937,0.1390452942059921,-0.2173300095595116,-0.2055944162648875,-0.2517399247170729,-0.20190385791075,-0.1309751319849691,0.1863824881745743,0.072415073981962,0.2821414733485601,0.1112027902683534,-0.0773448362521608,-0.0147986824879506,0.1721849201106224,0.0937181388369416,-0.2042289383689226,-0.1454269816418026,-0.2359963730366517,-0.1109476312110496,0.1885953971494931,0.1357299287653151,-0.3196583152751899,0.0812709265337079,-0.0407333374023437,-0.0196831816595328,-0.2138254065901538,0.0544171104118658,-0.0420349800340321,-0.1148952880876755,-0.2835678415413983,0.2198536360266656,0.2633321866497602,0.1713297315237349,0.1041583212842347,0.0355778980407395,-0.2552673927131088,-0.3145815164021673,-0.0221442595990442,-0.1212732809352937,stop,1783,5,91.90520182312288,-0.0711955062394217,0.0036382073921626,0.0725619052715225,-1.0,0.0511016436898105,1.019192208950742,1.2862597255823105,1757,0.3923529503632286,5,0.0062040104161718,0.0325857171258692,-0.3152411585752314,0.0,-1.084682628094876,-0.692329677731649,1.2938530197538056,0.0886665681087628,97.0399932861327,91.90520182312288,108.0114331926618,2.791428702218191,-0.0451603997928202,-0.0103507151795056,0.0282190533146868,-0.0505807097511551,0.8538446189419908,0.0048919253373722,1.0,-0.0193746781824096,2023-10-11,14.0,7,-0.0145254467998875,0.0044163838989197,False,False,False,0.1666666666666666,0.0,0.0,0.0196794642417845,0.266709521424254
APTV,Falling Wedge,bullish,1,0.6038623184683569,5,54,2417,2418,2026-04-30,2026,0,60.290000915527344,58.97831598540802,86.90451375422026,52.50838802706812,0.8324985683249857,0.022240121783807,True,-0.0527450697775124,-0.0670674642618094,0.0019873953256375,-0.0252916696598357,0.0259843377951143,0.0042029118192368,-0.0364506925080753,-0.2414141447673794,0.0235736332716987,0.0273195064520597,0.0334153868956075,-0.0604668019394845,-0.0169474948951312,-0.0264834230327477,0.0206462263166453,0.1118335517521278,0.0032311939677807,0.0205560446852428,0.017443888198537,0.0225873248914547,-0.0463588956261299,-0.0030137153520974,-0.0455627979570255,-0.0452811328707947,-0.082605251429682,0.0146859824753422,0.0507109439712327,0.0757253821159769,0.0420006921433271,-0.014652760178346,-0.0004616285797848,0.0209955610385457,0.0316451173406688,0.0431349879543683,0.0505343409127496,0.0098155647211837,0.1231486174399656,0.0215234679360889,0.0215234679360889,-0.0808946692454315,0.0366207258584383,-0.0557247722542512,-0.0500546849789758,-0.0136071662921268,-0.0240286271716527,-0.0604131600279651,0.1268867375967926,0.07804097067467,-0.0837565691573734,0.075919103674088,0.1408614211799372,-0.1659201591850194,0.0884257123246037,0.0002512152850799,-0.0610771997495982,-0.2282793700205476,0.06729643070869,-0.0415783752919539,-0.0477314709843008,0.031904666551543,0.0552925552739216,-0.1099273213380482,0.1251237515050516,-0.1227921777061124,0.1349966344100808,-0.0005861799059138,-0.1496463716130397,-0.0033727583025948,0.1416165607138679,-0.0175817110166607,-0.0476115260135039,0.0001289101263377,-0.0944142328123085,-0.1478461632361778,0.0163879297748026,-0.1056674246340922,0.2407341926076629,-0.0025476769873673,-0.1251623493835183,-0.2508539417668421,-0.0572475585683768,0.108042949224222,0.143063514987491,0.1076272640786559,-0.0737713922579216,-0.1872911020023877,-0.194886733858842,0.2038157149193415,-0.3108016401470628,-0.1658464167107969,-0.0902658482327672,0.0317583892273366,-0.0147619733974696,-0.044597160509796,0.0838857038259552,0.0384460914444177,-0.0990829880538798,0.0314591595725459,-0.0301515508145902,0.1223892132094246,-0.1796985020960865,0.1288892377213601,-0.4062611335508611,0.0681657215180482,-0.0223692935539119,0.1172966408110351,0.0413181878745458,-0.0549378220897424,0.2192841211819813,-0.2128855392714824,-0.0571555054665914,0.158202923049844,0.0498723974058112,-0.2032408776412854,-0.0044332826512965,stop,2420,3,52.50838802706812,-0.1290697092435291,0.0122739733377405,0.1311991993248574,-1.0,0.0950956921626128,1.0164987594208517,3.4201794949430666,2363,0.4204983962206665,5,0.0218007540450822,0.072608606277891,0.2899879622315013,0.0208333333333333,-1.9417857202809543,-1.521287324060295,1.0698541972883926,0.1494438077638733,58.97831598540802,52.50838802706812,86.90451375422026,1.8164283207484628,-0.2077771110689569,-0.1017741179096962,0.0301431857176037,-0.3044783154888509,0.8832470992827599,0.0048002532231672,1.0,0.0967889400184873,2026-04-30,48.0,10,0.090454575069766,0.1015077287882619,False,False,False,0.2222222222222222,1.0,0.1111111111111111,-0.0634426558213933,-0.4670400644979285
ADM,Falling Wedge,bullish,1,0.6833573259923071,3,18,923,924,2020-05-19,2020,1,29.52131114412297,28.476587439285595,34.010718683555865,27.477077823964308,0.874321717972561,0.0366871103170212,True,0.1088995250887385,0.0828367020843736,0.0167984841946913,-0.0567955222545598,0.0341881459496218,-0.008850889343611,0.0107783737833462,-0.0252896032754608,-0.0092688627261882,0.0510666302222273,0.0041114679136977,0.0417584903295673,-0.0413975313084072,0.0262760938492949,-0.0049961441745309,-0.025235764278527,-0.0131542215974446,0.0118502729532832,0.026321846299655,-0.0612244303607963,0.0344048930626428,0.0293370790617368,0.1068655846737266,0.1518337674733676,0.0965299948705897,-0.0446868290492271,0.0139510857496656,-0.01418306211382,-0.0185708849904447,0.0391421035348606,0.007330440590566,0.018917044545212,0.0258232658091486,0.0267202618560538,0.0768665457551118,-0.0342351804714962,-0.0313310377935297,0.0102851042292679,0.0087371914733997,-0.0515595887843549,0.0198969621068649,0.0002304399246324,0.0028735111517357,0.0183451341137195,-0.0928580258637075,0.1527490433846847,0.1506966453525506,0.0971506939228916,0.0110185244258176,-0.002031830701614,0.0180805322929966,-0.0623618511259524,0.0048474515831797,-0.0566014950410622,-0.0060996546182719,0.036933040809286,0.0214497040102299,0.079826985567261,-0.0241580830650537,0.0889378722130347,-0.0057720474004048,0.1186574746648589,-0.1271205452219966,-0.051490967019663,0.0234636733841357,0.0013135157248378,-0.0425017259320177,-0.0005439210595199,0.1494043126780465,0.1646285880457454,0.0754475745266554,-0.0115641633743428,-0.0047970166605926,-0.0887057606991857,-0.034918911872851,-0.0094481791813444,-0.0714856242824324,-0.0760485537772058,0.1081882339939714,0.006608666597363,-0.0346481425965647,0.0353873718578305,0.0817389321517265,-0.0286863426038159,0.1682997838794304,0.054901371466449,-0.0362566874050538,0.0465908327437247,0.1474121080551509,0.0376401311580483,0.1084702362085785,0.1446946737628012,0.2632924102610727,0.1196504445632551,-0.0361635410924618,0.0405533863658107,0.1636302749808564,0.0662220737447518,0.1783280847878621,0.1315625909189104,-0.0444543009424843,0.0854647881481722,-0.1003730137294659,0.2585447119373341,1.934046647633636e-05,0.0583494802427393,0.1475898426367636,0.006973808772047,0.1323292133801745,0.1422864180861809,0.077791794096385,-0.0189426946887079,0.0370402182207769,0.1451847093344196,0.1896955509777456,target,933,10,34.010718683555865,0.1520734467895284,0.1552458440329773,0.0102360706312504,2.1961326503984666,2.24194607354008,0.1478217887451866,2.1961326503984666,904,0.7110542910629529,5,0.0699243512192448,0.0952972317778553,-0.0880246547068719,0.0,-0.9846428579122656,-0.2735885668493187,0.2500998869721924,0.1698403414552071,28.476587439285595,27.477077823964308,34.010718683555865,1.0373150860841007,-0.1168588261985531,0.0058805264917953,0.0354910309085047,-0.1662983183141292,0.0882372740634368,-0.0002821750370326,0.0,0.0693306038615086,2020-05-19,43.0,6,-0.191557962738656,-0.1352354765556583,True,False,False,0.8,1.0,0.2,0.039032225907903,0.7338995784712662
ADM,Falling Wedge,bullish,1,0.7356514729197913,3,45,1220,1221,2021-07-23,2021,0,50.24671212316601,49.44947303501528,63.57649574324137,48.611774672281086,0.8798430557745642,0.0161222969471528,True,0.0257644352303849,0.0275853277131271,0.0312624990969729,-0.047665751717183,0.0312266483371648,0.0140754829483455,-0.0661224943601815,-0.0066780137923611,0.0017563251141847,0.0178092150463327,0.0300447478243259,-0.0019855413173269,0.0477617756778472,-0.0089487138770143,0.0159944325917793,0.0290250961358859,-0.0442007738221453,-0.0350282976177559,0.03562232355127,0.0017879068281991,0.0285465177915515,0.0113264972865048,0.0214839411440651,0.0355546897525138,0.0283161736068584,-0.0006504771314322,-0.0152776193038381,-0.0231264163268638,0.0628497144126332,0.0399800705617399,0.1233981527038174,-0.0391141470007516,-0.0476888198981685,-0.1122427070809435,-0.0868039261700746,-0.0285406838428882,0.0470452440628952,-0.0294252541804215,0.0350154873329688,-0.0418848178569705,0.0515808720494701,0.0122254959684247,0.0487792735073357,-0.0257423459181336,0.0511555768045652,0.0344780561178456,0.0183783943951476,0.0091594704742914,0.0312652611727435,0.0869846308605741,-0.0520468802548074,0.0091529297968158,0.0877004612832803,0.0712348047271571,0.0613699166304941,0.0032429301623304,0.0283126903882469,-0.0075081723199201,0.0425863512059725,0.0450971660500587,0.0226956611903081,-0.0056045977520775,0.0454067164046629,0.0327350127682286,0.0354286741531242,0.0589637434448853,0.028853384589486,0.0817744129944033,-0.0170038604796507,0.04567800242307,0.0545088472011874,0.1474121080551509,0.0379239528149302,0.0192781284295964,0.1690252439965229,0.0913155858427761,0.027823584398535,0.2195010154431251,0.0379239528149302,0.114548793196878,-0.0041443293232372,-0.0722146670289916,-0.0384205421414786,-0.0021176994888033,0.117230110195863,0.006608666597363,0.1174471098208322,-0.0205692839359641,-0.0112551231119172,-0.0344618792776801,0.0636253457300646,-0.0036460012283547,0.1023503479202423,0.0811520566599157,0.055370996222597,0.1450592482801285,0.0575213174680311,0.1485735305524662,-0.2329843167545154,-0.1869528306031951,0.0314824506903768,0.0940938199029259,0.2971761425802077,-0.0924665399652201,0.0747632128239681,0.0760574014679995,-0.2976657576998816,0.1268013663402218,-0.0507818899402457,0.1063506135671457,0.1581606182721409,0.1594396704863989,-0.027295291302709,-0.0477649712523552,0.072603408363418,time,1280,60,55.38948059082031,0.1023503479202423,0.1154817652271296,0.0118518350296395,3.1455444762554823,3.549113765607316,0.3642437467826198,8.15308476349384,1175,0.8077332862387543,5,0.0277001882792626,0.1836857219410288,-0.1145776254017151,0.0,-1.7433732050426065,-0.935639918803855,0.1279850993311659,0.1287750989040221,49.44947303501528,48.611774672281086,63.57649574324137,0.962915959077706,0.0377556851962856,-0.0830031873703648,0.019233136146082,0.1120185435246574,0.8372056918791407,0.0027869283981063,1.0,0.034909624726066,2021-07-23,57.0,11,0.1367802500106762,0.0748754398332274,False,False,True,0.0,1.0,0.1,-0.0376406961277709,-0.8119270752535231
ADM,Falling Wedge,bullish,1,0.6148817740423805,5,57,1640,1641,2023-03-24,2023,3,69.55148016258407,68.75439004245237,84.54785842669077,66.32442176184446,0.7700284040721208,0.0115932978190851,True,0.024434318150837,-0.0038736816731819,0.0896525615907215,-0.042405138859091,-0.0018182483854957,0.0316607113027993,0.055863633546763,-0.0109288223631588,0.0510026761053989,-0.047665751717183,-0.01139293334333,0.0193883951067763,-0.0283520671578072,0.0047441501820846,0.079276582326303,0.0110662530173692,0.0181430647604705,0.0469453101560102,0.0391858778251934,-0.0408341961741393,0.0071670579345992,-0.0165165822115214,0.0117251914686989,0.029449647034534,0.000589081937959,0.0436283667066739,-0.0211146266244286,0.0179402806859692,-0.028429892241527,0.0771704817486804,-0.0245457143016453,0.0360627373303714,-0.0411571123049926,0.0275119180317899,-0.0179551118631111,-0.0253517585813464,-0.0064412636534623,0.0230667201422833,0.0033928585233076,0.0268356075856766,-0.1232941574303346,-0.0274047627105228,-7.531813617234207e-09,0.0199787134482787,0.0243102492487383,0.0302394707241047,0.0390947296608286,0.0026483913341617,0.1386492855372612,0.0029756709688333,7.292329629149386e-05,0.0449410071282863,0.1480745440856758,0.0244697237600917,0.0239155615849422,0.193490472600033,-0.0246430345762923,-0.022741954333416,0.0593264106713524,-0.006079241276659,-0.0091206090082814,0.068750155430898,-0.0662773557410546,-0.0117274925392026,-0.0580754175572214,0.0013135157248378,-0.0247979166851314,0.0867992112624487,0.0106289566441439,-0.0499346252660712,-0.1018535898444434,0.1084702362085785,-0.068721310927736,-0.0733977630217574,0.0048275471441319,-0.006016639380042,0.0837651731138724,0.1495133446472358,-0.0764723743475285,0.0376401311580483,-0.0127876902172936,-0.0540510870282338,0.1266287514291011,-0.0139097936954649,0.100300860497805,-0.1817871234910268,0.0943783885252094,0.0687596688236535,0.1388486706465954,0.1521843231776884,-0.0199185605266901,-0.0778473629028786,-0.0496757469352052,-0.1462184901316831,0.0032181338106198,-0.0199566146232837,0.1921033607960658,-0.0235738162134673,-0.0513723137269906,0.1346183032753449,0.0314620038001312,0.1439761792206821,0.0377653006639058,-0.0522870733790885,-0.0693093287515397,-0.0735493950254191,0.1981831398247597,-0.2206830809052223,0.1267723962760565,0.1078069423214078,0.1700890789455862,0.063557644277064,0.0052215355444993,0.201420941043203,-0.094948913793921,stop,1668,28,66.32442176184446,-0.0463981268722968,0.0667438960853715,0.0514403246597191,-1.0,1.4385041074841904,1.10867244277555,4.647073712911325,1580,0.6958943342882212,6,0.1709070490552574,0.1273253308400097,-0.1170023242019034,0.0178571428571428,-1.7484699143529467,-1.0525755800647227,0.3865787277729332,0.1021559896196514,68.75439004245237,66.32442176184446,84.54785842669077,1.9537057802710456,-0.0929285338734272,-0.0557753073765227,0.0285117318769601,-0.1012252512290888,0.9420844416558386,-0.0055903183153152,1.0,0.0022210285768209,2023-03-24,18.0,9,-0.0655486179707737,-0.0756060005359461,False,False,False,0.5,2.0,0.25,-0.002523168910971,-0.0789338540613357
ADM,Falling Wedge,bullish,1,0.6576368769325484,3,17,1674,1675,2023-05-12,2023,0,67.69103810336385,66.54803915448451,74.11717082921211,64.62314196040961,0.6938908734835983,0.0171755466186762,True,-0.0266140788328436,-0.0421397375072202,-0.0006935370623155,-0.0134822005848995,-0.0334307298162104,0.0042736780344689,0.0007475256018329,-0.0036270536811948,-0.0900320832421612,-0.0295787941529745,0.0316284368804193,0.0119812447278311,-0.0009305791776373,0.0415222043960179,0.0015126659836124,0.026900594843688,0.0130781293576374,0.0324818818670076,-0.0132237873604782,0.0393828600521581,-0.030576528908195,-0.0223896746501494,-0.0248912914882665,-0.0332600823590819,-0.0521818669991273,0.020815439480426,0.0342977432560174,0.0608374533924553,0.0200140739708116,-0.0305806334521834,0.0171699443158486,0.0240513696630284,0.1064168249705883,0.0586494523178136,-0.0465484506459953,-0.0514694264117272,0.0384831275329287,-0.0374002921867018,0.0571997141849653,-0.0136898818481683,-0.0183155504267416,-0.015765815398085,-0.0138922695412249,0.0010150181892845,-0.0206718899318434,-0.0427908799306568,-0.0274113828545613,-0.0797621506804205,0.067862156106921,0.1032154093182045,0.150154830546741,0.0767679655056301,-0.0770809441310476,-0.0520573901277637,0.0135782653283298,0.0333655816508335,0.0219172344200071,0.1165628144865094,-0.0005994156558516,0.0123044433064305,-0.0519999421310191,0.0638205602112365,0.0152778845026368,0.0806713099200415,0.0631978950078848,0.0194531831227049,-0.05067239208752,-0.0546665171090045,-0.0549650294641566,0.0464929743374846,-0.0395213300357195,-0.0972882599808316,0.0940595685751417,0.1788257893462685,-0.1173371359777769,0.0021436213501899,0.061252851609773,-0.2092162899593127,0.054830451084465,-0.1162641258606822,0.1136818386365978,0.2324506798418417,0.1892104862354287,0.1024793869127977,-0.1040602592801327,0.1825057398551042,0.1472420159334437,0.1469976526468175,0.0384442174615347,0.1439749740267712,0.1154244418415615,-0.0114749078774653,0.1411330969662778,0.055776328734822,-0.1217637735055889,-0.0033845206188111,-0.1947098980985142,0.1258795851180436,0.0632957769596109,0.0746598116191434,0.2295019098176418,0.0156368112438727,0.1895148110014348,0.1172685543263651,-0.0550961280497552,-0.0551495485634073,0.1481165854678618,0.1856037923448699,0.0978498203390165,0.0956778835679212,0.0760574014679995,0.0393072868539399,0.2454496167722455,-0.0669056466111209,0.0807925903936393,stop,1678,4,64.62314196040961,-0.0453220430490307,0.0072674821556547,0.0462866495240627,-1.0,0.160352042113207,1.021283384643284,2.094638288394013,1657,0.5049766467016716,5,0.0350709505889908,0.05483339179813,-0.0779548934331525,0.0,-1.02131417224372,-0.5163375255420558,0.5143391032986128,0.077318251141266,66.54803915448451,64.62314196040961,74.11717082921211,1.611262911156277,-0.1127463978022746,-0.0369483618365035,0.0238979295646865,-0.1820808411290639,0.8571389645776603,0.0012012518516477,1.0,-0.0021092122051556,2023-05-12,18.0,9,-0.1334572374486075,-0.0981639988329834,True,False,False,0.75,1.0,0.125,-0.0080282121933863,-0.1623923150041024
ADM,Falling Wedge,bullish,1,0.6809785975274155,3,29,1757,1758,2023-09-12,2023,0,72.50899922714935,71.06616488224029,79.73599075842208,68.89816461645592,1.1092290309488924,0.0203026904195533,True,-0.0132237873604782,-0.0088571563612175,-0.0126427007870444,-0.0075980238191368,0.0030097223016536,0.0146813294621697,-0.0039566449088797,-0.0493976475836933,0.0049735391993295,-0.0042731172280099,0.0045102213014363,0.0051083403576448,-0.0106509128471317,-0.0510835833715369,-0.0562166035934483,-0.0106810598312505,-0.0235633832322706,-0.0300224613518304,0.0802271676504089,-0.0109165676629813,-0.0069055668273875,-0.0356455548650624,-0.0031716119786271,-0.0510232188711683,-0.0088067584464197,-0.012082763856469,-0.0057238085611701,0.0239246587553467,-0.0258703152846923,0.0383765239077869,-0.0363476864958156,-0.0240569156266108,-0.0347504383114687,0.0055896635103469,-0.0140968870933881,0.0131970768403439,0.0220987496393725,0.0017452398888839,-0.0365553592964854,-0.0168617935070835,0.0033845410079276,-0.017562033098369,0.0189447545986722,-0.0934923292027835,-0.0206718899318434,-0.0404826682652934,-0.0749749661388484,-0.0522343710099015,0.0874591295912876,0.1015528600012163,-0.047204242578948,0.0131052494859906,-0.0457699171019968,0.0912343176021317,-0.0402140990409319,-0.0048779899470863,-0.027857400634392,-0.1099957008266875,0.0560525883869991,-0.0317476805767567,0.1212698956676909,0.0990774699386143,0.0248544532342747,0.083263745666783,0.0701040764671909,0.021977667688855,-0.0519999421310191,-0.1228067588494494,-0.0893488522410368,-0.1004245196417535,-0.083058975968392,0.0476315151138782,0.1750443273858186,0.1076283239160094,-0.0154952875881649,0.0257755665347096,0.0727074677379375,0.0353873718578305,0.0108226130757185,-0.0239479809192905,0.1094291240881921,0.0321382397305782,0.0315851612760549,0.2033522574575574,0.1825057398551042,0.1609453974199797,-0.0792754381723481,0.0588196876526116,0.1232407730524685,0.0744630283685452,0.1036261501066069,-0.1722437215392435,-0.0812911103389245,-0.1040243478332579,-0.2749933141258674,-0.0977924509681689,0.1776309535193967,0.0140195431251257,0.1441715753021217,-0.1685122668437475,0.0914006902336721,0.0367942512958225,0.1004249436851414,0.2417828911297359,-0.0667837398553014,0.0959261266906332,0.1469158011867652,-0.0477040450464395,-0.2111556389750483,-0.0535395626843834,-0.17979335406601,0.1679169974069763,0.060928089620355,0.148344750175521,-0.0975902223792395,stop,1767,10,68.89816461645592,-0.0497984339761985,0.010104602617961,0.0540172033742773,-1.0,0.2029100477896666,1.0847169089713768,2.0014739832918704,1728,0.4151892205387928,5,0.0483370854491319,0.153992690526471,0.2401632954498831,0.0,-1.7870706188100758,-1.3718813982712863,1.0763279075466894,0.0546974045710823,71.06616488224029,68.89816461645592,79.73599075842208,1.202408418002525,-0.0111912347761568,-0.0222986447738531,0.0166785996980776,0.0437885178567325,0.5699996948242146,0.004952891890614,1.0,-0.0047309441211348,2023-09-12,18.0,9,0.0764106422496524,0.0233566105930544,False,True,False,0.375,0.0,0.0,-0.0583236893854837,-1.218861344471173
ADM,Falling Wedge,bullish,1,0.6369044783575862,13,132,2127,2128,2025-03-05,2025,7,43.720389323650274,45.795939219589314,61.27908481768711,42.10051660543212,1.1956645479556018,-0.0453217016903372,True,0.0268268256458628,0.055689734495948,-0.0223896746501494,-0.0049961441745309,-0.0172176139268865,-0.0026016280403053,0.0365444604045892,0.0130556795237106,0.0298118476314497,-0.0061827304154912,-0.0549861408179807,-0.0039451150197634,0.0254167553987318,0.0454223810823581,0.0258239712984018,-0.1041667742507833,-0.0306870460507046,-0.0041669349943899,0.0240373556205735,-0.0368708460905978,0.026585248079828,-0.0229263536115695,0.0310487907960383,0.0235551323791294,0.0380648033808148,-0.0187065790322678,-0.0305588629073315,0.0257556637006326,-0.044952693909915,-0.0138700739196743,0.0651060864375749,0.007967700229595,0.0139767122749965,0.0307349317226282,-0.0316353402312113,-0.0021169966985844,0.0141071144993625,-0.0498042117601067,0.0900655519328388,-0.0066462140274495,-0.0066462140274495,-0.025877370155884,0.0136299681546254,-0.077014234804813,0.0093345138376084,0.0254126598133706,0.0462378078857788,0.0623319510379993,0.0645500115237134,0.0218620273655882,-0.0593557759314453,6.251150248104409e-05,0.0372388091008883,-0.0425753126735657,0.0797766840608562,-0.040173913973669,0.044980512171191,-0.0633251442565264,0.0438179439035617,0.1532757697341167,0.0305194949474447,-0.064002656417062,-0.078253962487467,0.0838203380764714,-0.0064457467920641,-0.073080090377998,-0.0373792392211871,-0.0033369797465312,0.0416390438603389,0.0377320336076369,0.0643708777567703,0.1608548633784059,-0.0239479809192905,0.0305992685591443,0.0294264608360717,0.0175986252584985,-0.0299258968113086,0.0464037196492914,0.0787825775904393,0.0108991011863184,-0.1198900718820061,-0.0121536323034289,0.093741546733141,0.1241637395745234,0.0431247993415753,-0.1374794783500403,0.0638747128568097,0.1366064394215831,-0.1013956936651415,0.1994034833514912,0.1692836312909771,-0.0012664771472157,0.0635948748925057,0.0363428956242772,0.0538242992569726,-0.1464039615491535,0.1390067108443939,0.2703701928012616,0.2703701928012616,0.0845549053161436,0.054232068716854,0.0686597519561376,0.0170864584228491,0.2702149118155581,-0.0846033511545325,0.0749348669529466,0.2026888464226937,-0.0617242702458951,-0.0896606816917658,0.1750761721156013,-0.0896606816917658,-0.1131712864179657,-0.0430447517581542,-0.0564281330503227,0.0137787618993497,stop,2149,22,42.10051660543212,-0.0370507386433975,0.1419848288080947,0.0619410926267673,-1.0,3.8321726909322105,1.6717910329111694,10.839552575063578,1988,0.5763495100493963,7,0.1981285597951042,0.0952213959747534,0.2249295498125894,0.0314960629921259,-1.5845719108849656,-1.0082224008355685,0.6561920117944462,0.1724798184993742,45.795939219589314,42.10051660543212,61.27908481768711,1.1169751438050697,-0.16843227316662,-0.0563429373671628,0.0255760413203461,-0.2334957279846964,0.4757266451364424,4.164258937677801e-08,1.0,-0.0311079090023409,2025-03-05,12.0,5,-0.1292289163569882,-0.0884214560416377,True,False,False,0.5,1.0,0.25,0.0535176455782654,1.158227848597485
AIZ,Falling Wedge,bullish,1,0.6525096888859884,5,38,657,658,2019-04-30,2019,2,83.16743432969707,81.48972873169703,91.49213767762332,80.2904922389612,0.5613439420933335,0.020587939414105,True,0.0118884483443784,0.0349270797647951,-0.0161394800280045,0.0435900777926265,-0.0027972054368801,0.0030690263247985,-0.0384852614038715,-0.0191637190879319,-0.0027891111969352,-0.0091947489695247,0.0277894981196717,0.0103026599128632,-0.0082900158034255,0.0058722492505962,-0.014005665306888,0.0292388593491539,0.0466667686831072,0.000314323269662,-0.0032663931989096,0.0081574107624773,-0.0270775592837774,0.0062612622290521,0.0098857995454853,0.0075746847741897,0.0459843588643397,-0.0451394135553062,0.0425607926799553,0.0137235268786184,-0.0305499620566107,-0.032027917519538,0.0191074643514221,0.0227051676140468,-0.0242840973250741,0.0490567658037162,-0.001087460888253,0.0056560576503281,-0.0070755040091581,0.0222957989624577,-0.0024040815619094,-0.0494258402286305,-0.0250966993860081,0.0083806792258747,0.0222896550908764,-0.0308738147087909,0.0165625867788388,0.0088559995843469,0.0678350006323027,0.1236508996799912,-7.607677786614087e-05,0.0362812090741018,0.0057150878016012,-0.0559632772525422,-0.1444079156508942,0.0152563797232545,-0.0283160102142927,-0.0864661077513707,0.1045847568317137,0.0227058622197293,-0.0765316401843168,-0.0894503085320458,0.0813781845663537,-0.0963094611494629,0.015094293347073,0.0614185203675903,0.0811339058607627,0.0597003197232481,-0.0564572379086263,-0.1142992089271818,0.0810854368739613,0.0875214088953699,0.0971483503786282,-0.1902346989198761,0.0247130896958649,-0.042438652337535,0.0356274521143646,-0.1563885733021546,0.0736538500375456,-0.0291680072491307,0.0441843106853796,0.0835690662500292,0.0346864310867176,0.1846917048311311,0.0613440970477972,-0.1865954165792203,0.0380630856377095,0.0003046916962334,-0.0790067316299374,0.0205436084151349,0.0043272257694308,0.0423286193191407,0.1371831260264857,0.0824519949656144,0.1998195250857637,0.176953386910138,0.0696810943264074,0.2194593379753757,0.1101299001638578,-0.1404090530335578,-0.0334348820183256,-0.0272900479958982,0.0967798814327429,0.1758745305735951,-0.0206296735343981,0.0762723284857798,0.2535944978715809,0.1052918854398132,0.1935931806360962,-0.0329146738076953,0.1961840314794112,-0.1072111487513812,-0.3411572594184072,0.1190278523260031,0.1091144139376427,0.1200753335112625,0.1427179486057684,target,682,25,91.49213767762332,0.1000957095168404,0.1051969758157133,0.0225143282174072,2.89359433918844,3.041063150352898,0.650850401031021,2.89359433918844,617,0.7641904549605585,6,0.1883577528915574,0.1288450208258327,-0.536693715571877,0.0,-1.3083321331440327,-0.5441416781834746,0.2052658150859566,0.0775454368064355,81.48972873169703,80.2904922389612,91.49213767762332,1.123106400683371,-0.0357793236370184,-0.0202016227864028,0.0135112702206617,-0.0006004550469594,0.910110240540396,0.0011656761266389,1.0,0.0286534190629081,2019-04-30,8.0,10,0.2167276907958186,0.1418738028495401,False,False,False,0.0,0.0,0.0,-0.065777893687423,-1.099322853257962
AIZ,Falling Wedge,bullish,1,0.6524447480196597,3,23,961,962,2020-07-14,2020,0,93.16783359755952,89.17627379236353,104.62959545746104,85.17074114985053,0.5648251393816524,0.0447603340602666,True,0.0095458264821621,0.0014815316202665,0.0239327095199834,0.0164142934927227,0.0243962207159382,-0.0134378913620731,0.0070128928074104,-0.0556632781253143,0.0607717683565562,0.0311444805798715,0.0206813932895828,-0.0017542528468388,-0.0552492287358773,-0.0073854163884041,-0.0207898628777363,-0.0350033363011978,0.0038219905234528,0.030417354810176,-0.0063749187039389,0.0053383005003899,-0.0116644551400767,0.011941468561015,0.00811831484838,0.0218879304096604,0.0257339541412744,-0.0597604571367037,0.0101673928838219,-0.0465792779765688,0.0033237202461713,0.0746793766188513,0.0340971468175779,-0.042092748451445,-0.001666882788368,0.0175218173076523,0.0387351547890391,0.0441894751804485,-0.039740818806514,0.0141201535708916,0.010693262130337,-0.0265292291367351,0.0241126596692049,-0.0061643318739971,-0.0566889514070036,0.0007450110858573,-0.0578472787534216,0.0251221707112056,0.204898325837785,0.172672564498961,0.0202259573666789,-0.1171736648448953,0.0077544564644547,0.1549153213097669,-0.1707672550524858,0.043791916684529,0.1360958683437545,0.0042075384231858,0.0996717808464318,0.0002581602689586,-0.0187016858556154,0.0302744920308311,-0.010477322329378,-0.0162043615651301,-0.0287200810098807,-0.0296293892653416,0.171039753983488,0.1018111353755077,0.0998412684113734,0.0201292976355293,0.1799811664766968,0.1760815218973501,0.1221751736263911,-0.073950724451006,0.1577801972568593,-0.055064878343602,0.0602313506180884,0.0514499280363296,-0.2661973702806545,0.1299248202590506,0.0940850074316417,0.10699155658791,0.1542405725908664,0.0470031270126041,0.089364264964779,0.0440242224989335,0.122346712154246,0.1996290742235009,0.1268063495797706,0.0378142087401482,-0.0214169158391395,0.0497455395321406,0.1134275722342788,0.1176697911570128,0.199922685391795,0.138776798208067,0.2466832842870305,-0.0062522797080688,-0.0529311217607314,0.0004995227788553,0.1564116615116237,0.139262224593059,-0.0350984478763154,0.1649978595419114,0.1036033195050856,0.0213217904783737,0.262234667737548,-0.1225719045775652,-0.0044975301229651,0.062231392770421,0.1882453255731275,-0.0782107025311515,-0.1574138900824575,-0.0186484398796213,0.0090896255201944,-0.0449923868310819,0.1582244868454314,target,977,16,104.62959545746104,0.1230227366819631,0.203451690582596,0.0158133198739365,1.433241135431052,2.3702556119345286,0.1842285510982142,1.433241135431052,938,0.5649283921249266,6,0.138842248700413,0.2369252336388547,0.0027852627685076,0.0,-1.1752871021223512,-0.6103587099974279,0.5392485658589729,0.1112133359055555,89.17627379236353,85.17074114985053,104.62959545746104,2.7463870755033213,-0.1304366550953185,-0.0075702186338429,0.0301107759361997,-0.2253078209669152,0.7374296199370032,0.004093247219294,1.0,0.0432286725439625,2020-07-14,48.0,10,-0.175052999570497,-0.0794678680869285,True,False,False,0.8888888888888888,2.0,0.2222222222222222,-0.0603106949709518,-1.668737905403496
AIZ,Falling Wedge,bullish,1,0.7181933944648032,3,38,1280,1281,2021-10-18,2021,2,150.1786689917589,147.99261970741037,162.34609242533463,143.81907622493338,1.2097807921338288,0.0147713398726943,True,0.0078384365574792,-0.0069301033067152,0.0079508406289481,0.0043297836429445,0.0047729209080771,0.0306160396837542,0.0031168646109818,-0.0014619926448163,-0.0004565241609187,-0.0334915925516916,-0.0216957568866219,-0.0182078363431038,0.0388468063164491,0.0122672806051808,0.0372127708096012,-0.037316016475286,0.0236731124681073,0.0452665446204887,-0.004076896942845,0.0756327404046453,0.0286541804116442,0.004307847886616,-0.0021586192921284,-0.011328897922169,-0.036099350024966,0.0301978784129608,0.0005326406836709,-0.007469258873886,-0.0254435155263094,-0.0169357203265577,-0.0050923812565362,-0.0122127867381932,-0.043744751473863,-0.0249070016848708,-0.0284604921314414,-0.0837846089609748,0.0354259225516639,0.066991361679787,0.0278220727533888,-0.0149463884328888,0.1258066375807931,-0.010242263039507,0.0121099255606997,0.0267263414266731,0.0267263414266731,-0.0152838956037331,-0.0195348625116632,-0.0607669658563664,0.0594151025669806,-0.0085970298924333,0.0302386199428554,-0.0563476806033959,-0.0383367665663451,0.024510634868808,0.0011529237923353,-0.0085970298924333,0.033816624486461,0.0724678779186247,0.048577576125272,-0.0269167420108464,0.0819286540539312,-0.0541001251225989,0.0473351120783271,-0.0069278659700845,0.0070786179370903,0.106925026951604,0.009449911285198,0.0351943436816855,-0.037448251793215,-0.0559866017526138,-0.0881524352690945,-0.0825688082002955,0.0969526273769214,0.113333943852957,-0.1221821755199397,-0.0293199519717354,0.1067420269119072,0.0843223949097506,0.0392894040635576,-0.0529179582864779,-0.0391079928042438,-0.0925025311955353,-0.0250764158124335,-0.0498045551365525,-0.0658347173419094,-0.0142503370040857,0.0405918403992817,-0.0527062654490785,0.081781694669166,0.0313407188791536,-0.0159192966625348,-0.0535947840365074,-0.0340328726800491,-0.0869482170116473,0.0065899742940862,-0.0066233987944592,0.0139628158436415,-0.0007721032903582,0.0467326792425364,0.002205370116832,0.0650587224143015,0.1348907619551513,-0.0656627863562335,0.0201775591898054,0.160095066294585,0.0551297444597604,0.1407296013666406,-0.0146112298326784,0.0415393287190384,0.0757581282008403,-0.0290559398079075,0.0579487595003902,0.0176123924812521,-0.0818946239098495,-0.0660234137844179,stop,1308,28,143.81907622493338,-0.0423468446585747,0.0311085096299706,0.0467622632806297,-1.0,0.7346122215429707,1.104267948595811,1.9132393975045736,1240,0.6905066177915116,7,0.1648501975187925,0.059748528525408,-0.0973662200760623,0.0,-0.9738922976870896,-0.2833856798955785,0.410101200247015,0.0948710310073452,147.99261970741037,143.81907622493338,162.34609242533463,2.7523784663764337,0.0778581867488126,-0.0087605611408283,0.0184232564994875,0.0631943330639932,0.6739090773389795,-0.004000553597145,1.0,0.0302966813285483,2021-10-18,47.0,7,0.0542034550502306,0.0688144407109829,False,False,False,0.0,0.0,0.0,-0.0047194094812682,-0.2402248114731419
AIZ,Falling Wedge,bullish,1,0.6037896640796825,3,14,1307,1308,2021-11-24,2021,2,144.62439378171948,146.1628780811875,155.5187824454681,144.60868083725163,0.9038458812355584,-0.0105258210543272,True,-0.0233077485291566,-0.012622970042588,0.010079391823238,-0.0495513113932771,0.0252447253151901,0.0007011636275022,0.0305810689873078,0.0469835349395382,0.0004022718287373,0.0192839192711231,0.0455850706224181,-0.0442013168911168,-0.0035795876859845,-0.0134869748395918,-0.0147117140163585,0.0158232964241171,-0.0153124419102443,-0.0021688749531898,-0.0375503420285713,0.0230518660123271,-0.0191637190879319,-7.62121640234259e-05,-0.0242044392232171,-0.0056192957322075,-0.0142924465587318,0.0466169025322948,-0.0265740322846793,-0.0153617852548837,0.0040201471716685,0.0006663559452757,0.0228000184773609,-0.0724908064452483,-0.0162893065056992,-0.0237402315502734,-0.0116738718019147,-0.2212012686482866,-0.0162486482147341,0.058463701140639,0.1016733061829264,0.0273175411689716,-0.0300300963396343,-0.0790996467353244,-0.0094934596583885,0.0591826295867898,-0.012998531244437,0.0051037583916713,-0.0275865577552382,-0.0490281179117918,0.0116758304334971,-0.0082691691668274,-0.0396451099254246,-0.0149155402548312,0.0492182671218697,0.0281306814180839,0.0266543657127853,0.0082248928264241,0.0244739950660852,0.0384044027703391,-0.0641858936778798,-0.0639065090293887,0.1233395935043777,-0.0162043615651301,-0.1126761010792913,-0.0482119637361644,-0.0594178146263567,-0.018505416637341,-0.0307740927471569,0.1229275988573077,-0.025403440518487,-0.0446998955456191,0.0006233687208991,-0.0877132635426661,-0.0158931087386881,0.1174386094665731,-0.0536094843686536,0.1578290663876593,0.1654133969502893,-0.0263685916365354,0.046270854900174,0.0248648277199632,0.171309983773308,0.0946624117637722,0.0979226558301222,0.0582618657008211,-0.0493762841840303,-0.097516481204385,-0.0343539594403514,0.1456781263345428,0.0470031270126041,0.0118923549868121,0.0126713476908104,-0.0840192683157262,0.0544059987507841,0.1220205297802292,0.2088842577447927,-0.0757528347793645,0.0958392282171378,-0.0938848593061498,-0.0876012994975359,0.1583063312389754,-0.2454281687684703,-0.1644148114017916,-0.0815483740980821,0.0890892791427189,0.0745662018652595,-0.028340538264301,0.0826094632624896,0.0326691647607579,-0.1040922752384467,0.0389667067740338,0.0647241047202742,0.1723571987046253,0.0041665102702996,0.1542736584979505,0.0396365515585254,stop,1308,1,144.60868083725163,-0.0001086465710034,0.0109194852390223,0.0101533303621242,,,,,1291,0.7535839023080283,5,0.0848670349112346,0.0109409499071855,-0.2033429075682596,0.0,-1.053384032850608,-0.2998001305425784,0.2322070916423107,0.0554603022323225,146.1628780811875,144.60868083725163,155.5187824454681,2.769457748745785,0.0478345259236838,0.0024367127219866,0.0185982552833427,0.0119622625505038,0.118540540039146,-0.0011536445299086,1.0,0.0341453778780151,2021-11-24,47.0,7,0.0629925256625019,0.0779312610899443,False,False,False,0.0,0.0,0.0,0.0007469726043469,-0.082843613733615
AIZ,Falling Wedge,bullish,1,0.7167752181032131,8,85,1970,1971,2024-07-18,2024,4,167.19044394971928,161.82351934986707,187.2216863614701,153.9815737225851,0.8585836940527721,0.0331652940278031,True,-0.0186331173074358,0.0067281213066818,0.0357213576567621,0.0567383683389817,0.0002404388697323,0.0165729633157303,-0.0075837337745739,0.0163014341439495,-0.0025606638937467,-0.0228017200230818,0.0245967221510392,-0.0320977915370429,0.0107520578351183,0.0366733593140748,-0.0207340518624131,-0.0167808502224382,-0.0125509495266686,0.01871454060305,-0.0064145400795851,-0.0027155792987325,-0.0274152873869469,-0.0009291112426577,-0.0218194654764634,0.0100110555847787,0.0270451243757677,0.0352844507609606,0.012476461309175,0.0348940712355212,0.0045610300848122,-0.0640371762918526,0.0339367643830277,-0.0431744236216095,0.0150230574837801,-0.0414793815548257,-0.0610189792352029,-0.0542309284558444,-0.0210647693601661,-0.0018026579767759,0.0635501709394281,0.0823055102751386,0.0121080915144613,-0.0204685361754228,0.0906267680055914,-0.0264779882892242,-0.0210455162249884,0.0085127546444795,0.0651005316479613,0.0639238576152929,0.0089329260871258,-0.0276308250917945,0.0034775750075319,0.0019434140668161,0.0097132538060937,0.0873413055669103,-0.0454644297936623,-0.1444079156508942,-0.0338318626756785,0.0345474766304454,0.0916765369853636,-0.0084818710624827,-0.0280637714794413,-0.0614158884062155,0.0050850429187698,-0.0363202478382921,-0.1541113523326341,-0.1375754364479839,0.0347612190804695,-0.0144270571818883,0.0858131270385334,0.1165300619359632,0.0991701200711405,0.0442968470838749,-0.1060715679791601,0.0620379039933254,-0.0600919337679776,-0.2338018677501088,0.0176994944502109,0.1049722688411254,-0.0759636401327326,0.0561943319923918,0.077272008793334,-0.0328690790805568,0.0406287364893516,0.0306008619853401,-0.0442583205237295,-0.0180134711060525,-0.0531450047308527,0.022251458830458,-0.2334246423820022,0.0081554243419217,-0.0198029158129559,0.137196717259203,0.1144972049164534,0.0621136109098379,0.0766101531789364,0.0591638879066398,-0.2597302039380625,-0.1545419994506625,0.1605218770048526,0.0555869184709958,0.1351153844948278,-0.0307756732649997,0.0046024818235859,0.1538005618331732,0.0483586644309319,-0.0539982679134865,0.0043511044203006,0.103462255412198,0.1570093402645662,0.1396508626545136,-0.1237359399872247,0.1922839276745247,0.0826974331738394,-0.0780428452073417,0.080877708767348,target,1996,26,187.2216863614701,0.1198109290132336,0.120826570368563,0.0473351398047601,1.5164992968590052,1.5293547134216106,0.5991415542960415,1.5164992968590052,1881,0.534616354520576,7,0.115624539337397,0.1032862612471392,0.1188327651641749,0.0,-1.354853017090882,-0.8202366625703105,0.7824766646451655,0.1039604591248817,161.82351934986707,153.9815737225851,187.2216863614701,3.1284209711448745,0.0278275480532397,0.0151660191753484,0.0187649280738198,0.0460348487284021,0.1102059627685052,-0.0006981335256204,1.0,0.0108532069758111,2024-07-18,21.0,11,0.1768728516437199,0.1222239109890523,False,False,False,0.0,0.0,0.0,-0.0202546333469006,-0.6257599769923563
AJG,Falling Wedge,bullish,1,0.6350263293969167,5,40,1920,1921,2024-05-06,2024,3,238.6639167384031,229.30947651594445,257.830222947681,224.31057733785167,1.0807555170087697,0.0407939539376525,True,0.0204498400611141,0.0139772127365813,0.0047500389884456,0.0043622554891813,-0.0223379148611905,-0.0042894557858855,-0.0088504307087037,0.0203988888434591,0.0224626350761227,0.0117785187401291,0.0219631978536634,0.0302405262782803,0.013694154115494,0.005501538324302,0.0179002106034094,-0.0024674140395982,-0.0137316505442446,-0.029745216771961,-0.0154098151320718,-0.0006414837704442,-0.0475556862899346,0.0307223983382152,0.0185125753237807,0.0486299301669963,0.0244782245289134,0.1387896683021618,-0.0232650347956945,0.0017887707158079,0.0516725462118923,0.0700451979971736,0.0181364067330693,0.0438888259505372,-0.0514110531420465,-0.0074806141451302,-0.013976672749287,-0.0804142226829175,0.0379345254432059,-0.0638523140911666,-0.0051751823389598,0.0365997346685846,-0.0004727969496903,0.0216979302109525,-0.0072896213508574,0.0040056399043457,0.0401410294329511,0.0380617920007497,0.0438445823885893,0.0229192445058694,0.0526451740425892,-0.0042060765378143,0.0286093883334186,0.0066829140971642,0.0068946986305222,0.0297536383340035,-0.0475299700073655,-0.0227535158284232,-0.0816566720381635,-0.0073671686117219,-0.011561545340137,0.0375254963923952,0.0704325836120496,0.0117673646552833,-0.1338947520688111,0.0336145617177523,-0.0509094226953287,-0.0045378285503645,0.0650849230773493,-0.0253727548533136,0.0461835305705351,0.0767187222204579,0.0077814230628971,0.019598167600608,0.017207385189667,0.1176978143671769,0.0905557603515876,0.0519030107545808,0.0145591334650034,0.1852741154638333,0.0439602463940247,0.1052499399541997,-0.135012109628674,0.1125443391102056,-0.0065358810992016,0.0112229109285237,0.0808891729234917,0.0213391318187734,0.112256372247647,0.1698977370557761,-0.0175628911640284,0.0019612476194776,0.2211007276877121,0.0158134056684386,0.1771213898040515,0.1245634780603905,-0.1357506050412308,0.0508755275211865,0.0388579238894524,0.0564005382049328,0.0806150893379975,-0.0027266827618956,0.0382415798313202,-0.0732020003826652,0.0376673949388892,0.0588924461497331,0.0304682228039405,0.090772493708914,0.0031509403777769,-0.0299785836450899,0.1106937485638834,0.1929686922558122,0.1004956772705318,0.08606835372907,-0.0008973905035294,0.0083487035681495,0.1400232863131925,target,1950,30,257.830222947681,0.0803066775707277,0.083401299073208,0.0078527532472202,1.3353203512028435,1.3867769821647282,0.1305737149286525,1.3353203512028435,1877,0.7423509599086815,5,0.1042782962004983,0.0876056798884141,-0.0385580250199627,0.0,-1.1847219574245471,-0.4423709975158629,0.2797181539535699,0.0954935642112163,229.30947651594445,224.31057733785167,257.830222947681,3.640268042305692,0.0355223649667773,-0.0021056153341635,0.01534621700197,0.0080657528916845,0.9902655622918508,0.0072050909975729,1.0,-0.0041446591036314,2024-05-06,36.0,5,0.0433724880384684,0.0315359283658709,False,False,False,0.25,1.0,0.25,0.0418363629799466,1.250972084805232
ANET,Falling Wedge,bullish,1,0.6869349351337548,13,118,588,589,2019-01-18,2019,0,14.375,13.81851492404813,20.64830318880728,11.256094376939032,1.8803802583806943,0.0402709754999379,True,-0.0638260551120923,-0.0598233532954413,-0.040516783300018,-0.0011265587616421,-0.0042340660959637,-0.0638260551120923,0.0026486140311328,0.0456103278592952,-0.0383102887149293,0.0336716848692266,0.0341333607281271,0.0597802466088599,0.0263946559062746,-0.0115765095307066,-0.0270065777874087,0.0506410517244257,-0.0500320043319311,-0.0162705124720039,-0.0560767323310236,-0.0089413450710317,0.0423106266902728,-0.0171264122272359,-0.0618333912461737,-0.0503043796705162,-0.0772662498580045,0.2446135204555588,0.0096166782069271,-0.0255310975573276,0.1037505097861442,0.0093522285471823,-0.1398774264764228,0.0406970685254897,-0.0503043796705162,0.1373827233820987,0.1718883444926213,-0.0146772072328508,0.1263694423019505,-0.1805021853853096,0.018357446703429,-0.0248602098034275,-0.1289723467041174,0.1381250108991349,0.0218432107414785,0.0671105008604739,0.0905787584226041,-0.0810524091952723,0.1720868981402852,0.1228832488904552,-0.0018908691406249,0.0496174414892685,0.070099668893333,-0.1544013698507262,-0.0159714320621888,0.1287499655472153,0.1241378986550896,0.0499787658196999,-0.0004345445963512,0.1274406813251418,0.0172115981218181,0.294554035201533,-0.0394447931637884,0.1446825103568887,-0.1267692683293269,0.2663947396518009,0.0298840354154314,0.0173868033132986,0.3214131037417864,0.1170872398607529,0.1011005876277826,0.2833912725033967,0.2123095649540149,-0.2317439363602059,0.2378119051074327,-0.0539636230468749,0.0187814588576118,0.2135774431317536,0.2648129704856334,0.32525495392035,-0.0994214775148502,-0.234984717368724,0.1888247893234089,-0.0701926744130363,0.0513476890906561,-0.1110436442129264,-0.2008893301079216,0.3444191578588185,0.1613318391841254,0.1188469672565828,0.3168456088360865,-0.191472844560017,-0.0182462295613107,0.231896457208067,0.4284348197605299,0.3279207791349361,0.1343797575787337,0.2297321071152458,0.0172831748449406,0.2688432397629192,0.2110771127162549,-0.0700521923436224,-0.2343430158536459,0.222975142229713,0.0625092341011301,0.0286499786376952,0.2733630072035078,0.3780128747431652,0.4128784740345401,0.2157356301644368,-0.0218722653827746,0.2812669848964224,0.0242914594976813,-0.1375547534357892,-0.092309058302422,0.1881611120417072,0.3087834195480379,target,648,60,20.64830318880728,0.4364037000909408,0.437086951214334,0.1089782051418138,2.011379614189963,2.0145287107275927,0.5022792890334762,2.011379614189963,470,0.3950733711462806,7,0.0782035989347854,-0.1229507939353767,-0.2074443270981412,0.0098039215686274,-1.2283574012543184,-0.8332840301080368,1.166514541100038,0.2977557595089214,13.81851492404813,11.256094376939032,20.64830318880728,0.4291919299534385,-0.0789688456967616,0.0427356334098782,0.0295892400253167,-0.1598913960866799,0.8676468938280469,0.0369180821932559,0.0,0.0666880525979196,2019-01-18,25.0,14,0.0090725862387293,0.0591935213849119,False,True,False,0.2307692307692307,1.0,0.0769230769230769,0.0136461591689382,0.6910897296365195
ANET,Falling Wedge,bullish,1,0.6666354771763177,13,127,776,777,2019-10-17,2019,0,14.97624969482422,14.983886487851237,20.807826236760327,12.210974027944165,0.7243663858760484,-0.000509667036867,True,-0.0012519313875374,-0.0068763664508562,-0.0381621128915922,0.1560604478434513,-0.0945298410531342,0.0271216952870121,0.0051872080833266,0.0272131956225258,0.0452682867282776,0.044204446371497,-0.0562315844488903,-0.0321100917431192,-0.1562817285695622,-0.0310019923564062,-0.1360180641245383,-0.033658393749719,-0.0014403229839913,0.0438750267028809,0.054165831999273,-0.0379938461892862,0.0751756583220506,0.0104921490103579,0.0051812702194418,0.0206577594019663,0.0051234627174292,0.12939196238439,0.3355992271164945,0.0610100554135,0.1901627000805266,0.0754953188532947,0.0078898671934728,-0.2186206871791012,0.0004651446675145,0.051746025287285,0.0022084317829813,0.1049837394751134,-0.0937215639901537,0.163739096041029,0.1901627000805266,0.0028619452312936,0.0120850282628468,-0.0745379349005338,0.1377543631908975,-0.0489780390383062,0.0935419662931107,-0.0355042079103427,-0.2047408336462101,-0.24109960437067,0.0254643075848142,-0.0319832743213163,-0.2049366751132598,-0.0522480454555777,0.0984895215809436,0.107358855620371,0.0610782776009311,-0.0329131257833753,0.1138888700508777,0.1428047656129514,-0.0392435512376901,0.152693839956677,-0.040873777519152,-0.1184064492862403,0.1693362250317853,-0.0377420296831527,0.235840605108256,-0.1143793192008856,0.0418840256656907,0.2537266179606003,-0.2412328168548725,-0.194891903429859,-0.2572643706706328,-0.0143210328655478,-0.0268461374136117,0.026699459369107,0.1810325328113553,0.3040605861530581,-0.1295487971845311,0.2418241906367435,0.2178125381469726,0.1198748147406123,0.1380373518043589,0.0546959215325324,0.1866914543520561,-0.1499524070818261,0.2776760693414011,0.2197777642144096,0.3665824981309715,0.0095242628109988,-0.0476589986656836,-0.1240764271396562,0.1105218641877121,-0.2930122788239306,-0.1108838686539306,-0.2125611282742707,0.1431274998276954,-0.0783949292585088,0.2987692025991584,-0.0961041094496168,-0.080926797170549,0.228427927582975,0.0697651960248235,0.2171993768151094,0.1051481719276832,0.1130565890713697,0.0101589002850841,0.1600210343016255,-0.0028860188686142,-0.052043192657733,0.1405357539713188,0.0160768488903497,0.0218794600343708,-0.1661767204306196,-0.0265172419206241,-0.0347240044239413,-0.1602035160114984,stop,787,11,12.210974027944165,-0.1846440679895804,0.0505801294672807,0.2767298176688656,-1.0,0.2739331407610401,1.4987203254451786,2.10885902327258,649,0.3956527886319347,5,0.0504121273316004,0.3420611969662956,-0.2859502837328754,0.0,-0.9385532064528744,-0.5429004178209402,1.1294420493094133,0.2549947273852302,14.983886487851237,12.210974027944165,20.807826236760327,0.4203661509922575,-0.0638131465276913,0.0375923475832788,0.0278491928651248,-0.2531696738814908,0.9287646264532388,0.0047264717841646,1.0,-0.0013884577712042,2019-10-17,25.0,14,-0.0172396248036236,-0.0100830636167968,False,True,False,0.4615384615384615,3.0,0.2307692307692307,0.0106894732438494,0.2129959231949088
ANET,Falling Wedge,bullish,1,0.6467592046714158,3,41,1018,1019,2020-10-02,2020,1,12.859375,12.894271013304916,16.55437435690807,11.750671775252728,0.888959906257074,-0.0027063192071044,True,0.1062454464658642,0.0741381406116445,-0.0116072649756796,-0.044969970377007,-0.0102419084118258,0.0145686629883441,0.073902791440334,0.0065218231291341,-0.0111475459864882,0.0419170826001198,0.0162384919717686,0.0007868966305781,0.0411964466835523,0.0015245932260015,0.0510271658600656,0.0169519808697964,0.0706800543789429,0.0526457801541033,0.0168227676376886,-0.0741188104834879,0.0665029119854188,-0.0205630205544292,0.0913135000275176,0.0957472512672767,0.0623303428013861,0.1483142000288944,-0.0329710300641233,-0.007699704405861,0.2114190284101555,0.0377155303051373,0.0561015065178063,0.0397069310008653,0.0320587050944729,0.0686799520828724,-0.1161784534225978,-0.0299203943654668,0.0731971227504553,0.062287355497913,0.0377155303051373,0.0978524585409685,-0.1771487036089344,0.0050819271900615,-0.1508282902264835,0.0882570983310111,-0.0984525070379769,0.0784878381210614,0.0153098123765946,0.0436379072014659,0.1622221857054619,0.2368066708291902,-0.0069827043508464,-0.1573668776884549,0.2040438480028175,-0.1962679630261289,0.019144021119589,-0.1073208884706207,-0.2112515848182705,0.0467343498345416,0.3181180230683291,0.0561946141008142,0.1396731707005718,0.0439570241157776,0.043992609028266,0.0985756343085537,-0.0705689642964975,-0.0004499795316701,-0.0283144069674688,0.1496621386070211,-0.0217202336369541,0.3156744214193498,0.2383072532344019,0.1487085520129629,0.1443154573403353,-0.0070375333395262,0.1726128615279487,0.1050470920300368,0.1839882500373288,-0.4491227763187508,0.1283820883257633,-0.1903667633641104,-0.1641740643549134,0.0913231231033477,0.2976018599183154,0.0541308788706424,0.3609410194355738,0.0153504228623153,-0.3119258302591727,0.0796948888875712,0.3706910250836559,0.0790335469865444,0.1842760608839611,0.2510009134358584,0.3973268529769138,0.2872769772267034,0.007624875143126,-0.1844027068526467,0.0863578699439648,0.4126470229204964,-0.1851756074602798,-0.1610758328757622,0.1372318800939231,0.0910239558230054,0.1287215839732776,0.2803775059243942,0.5224958258109411,0.6367013451373595,0.1372529829626547,0.6367013451373595,0.0799009344459893,0.0435768714317907,0.3547465025772462,-0.1851756074602798,-0.1143550114124994,-0.1202909563188285,0.2670826140296522,target,1044,26,16.55437435690807,0.2873389536356214,0.3147509587636695,0.0262454138346748,3.3327217549586705,3.6506618904028008,0.3044093414693585,3.3327217549586705,976,0.5876356865429272,5,0.1099836168546448,0.140838362996974,-0.1620737759279163,0.0,-1.1636544793578276,-0.5760187928148989,0.618723188496538,0.1813353919459119,12.894271013304916,11.750671775252728,16.55437435690807,0.3608036041259768,-0.0477438378496528,-0.0713016548392762,0.0283122012693457,0.0475749822023909,0.1300710862503425,-0.0171456314872422,1.0,-0.0295713236489899,2020-10-02,32.0,11,0.1761311858233714,-0.0041764342704943,False,False,True,0.0,2.0,0.2,-0.0309414818362909,-0.2129531204926404
ANET,Falling Wedge,bullish,1,0.6458016664391225,5,57,1274,1275,2021-10-08,2021,1,23.3125,22.534166336059577,24.47929191589357,21.32301829560254,1.178094906601694,0.0345401579243214,True,0.0449865919016001,0.025062417356092,0.0059064006247715,0.034965961946614,0.0016325231058604,0.0237698818862215,0.0145686629883441,0.0039704074796842,0.1738562490425856,0.0154210140830592,0.0435094734356988,-0.097372441821658,-0.0183686618484069,-0.0604083613984773,0.0339002816850226,-0.0370910042316305,0.0144538665812199,0.0303016691639781,-0.0333831842076359,0.0702196641369334,-0.0712970430382126,0.0673184528031163,0.0341929012807457,0.046970479929415,0.0104620386917124,0.0282091724135795,-0.0291270099619707,0.0206577594019663,-0.0809268260528557,0.0887263371565578,0.078684397734255,-0.0002437983923443,0.058561854372175,-0.0598325650366866,0.0297522448438853,-0.0239999624399038,0.0116898705423706,-0.0560089932428882,0.0313799623847192,0.0186248233202734,0.0142797092750206,0.1661230219182157,0.0635786576071038,0.1477348931964162,-0.1019553190265103,0.026675068428746,0.4223591904218331,0.3506004435763852,0.0491475896366124,0.0837372964965637,0.0173042752126348,-0.1301467288345987,-0.1471422631815588,0.0294985830223468,0.0913645207300255,0.0716232361756217,0.0905657798323009,0.0346213454603421,0.0179548539987057,0.0506153595753207,0.1399495945169355,0.1874168423916395,0.152451010311351,0.0523719748711686,-0.0188378677132191,-0.2085070113061179,-0.0741827388149002,-0.0265279429986962,0.3991953049527092,0.3045576571139829,0.2550791815366706,0.0363135903568592,0.3002005443219375,0.0468689643229673,-0.0855168792538804,-0.0540190144620184,0.1310081479784071,0.059047824710517,0.3152527526184752,0.3951020468203154,0.2835370213690398,-0.0136150716553441,0.016990291262136,0.254475432238691,-0.0963279508832777,0.1921547246297126,0.013795709334357,0.0458201635785435,0.4173202379748413,-0.024057033781468,-0.1162220436857111,0.1986511842242279,0.4869705486553284,0.3907408340037082,-0.001958173443922,0.0637309511254158,0.135500372891872,-0.0277328222196724,0.0094087893102334,0.0854839238237066,0.0841597314377611,0.2254127175581244,0.307490127069018,-0.326223534583381,-0.1087353358577,-0.1123249301271085,0.0957418601884905,0.056509406481068,0.1116853402795976,0.4501245228575179,-0.0666199122901578,0.2924475130113557,0.0812966423829875,-0.0658620900121228,0.4224937936611742,target,1278,4,24.47929191589357,0.0500500553734506,0.0598123258943532,0.0031635192380194,0.5864803447624302,0.7008734206150512,0.0370697262876635,0.5864803447624302,1216,0.35726453930203,7,0.174142610689882,0.1506466427802522,0.2123799999999998,0.0,-0.919541713958957,-0.5622771746569258,1.602622032458237,0.0869049873384555,22.534166336059577,21.32301829560254,24.47929191589357,0.5141517094203404,0.1163894598634478,0.0231648434536022,0.0221188079525703,0.1844208842429358,0.5747391550164473,0.0128254792111357,1.0,-0.0138677959993955,2021-10-08,33.0,10,0.0032502769690503,0.0231296217491459,False,False,False,0.3333333333333333,0.0,0.0,0.0953039021751342,1.1048667100261422
ANET,Falling Wedge,bullish,1,0.7708062932072685,5,69,1383,1384,2022-03-16,2022,0,30.6875,30.51251291306042,39.01126144524713,27.16053493204778,0.6736422343772949,0.0057349287303269,True,0.0847250011933553,0.0579976220943332,0.0342107644040572,-0.0049846003605769,-0.0319662659278854,0.1550223257304803,0.0117166496719938,0.0231945326212794,-0.1111961985318855,-0.0284537187392404,0.0164907645075749,0.0707022087337319,0.0437987324402591,0.0230886620962136,0.0515179750810652,0.0226199630744285,0.0223351403170133,-0.1043300646428673,0.027732310241926,-0.0323289799967464,-0.0415879640254908,-0.0235515770529287,0.0785234682112352,0.1257841339422098,0.0645858512486163,0.0043033552758486,0.074237178178649,0.0493539308469725,-0.066032953985238,-0.0724136633049863,0.0331275856152313,0.0256172801464955,0.0283602873362673,-0.0280784855736824,-0.0203634620137778,0.0469164442405116,-0.0187262856478703,0.0125409736007939,-0.0415837214543268,-0.0416933813247409,0.0568415906574286,-0.0448452402469078,-0.046143941899912,0.0654069171799551,-0.0441333007812499,0.1271495785999368,0.0702239928080448,0.0446302518824117,0.0541164593419138,0.0796703296703296,0.2359806197836063,-0.0710560872221803,0.1280796848951713,0.052606671104346,0.0134380603682739,-0.1048433452462905,0.0103252306203907,0.0726412158809226,0.0752792150868728,-0.0684920761393014,0.1384638607179142,-0.0339625833926602,-0.138245558788393,-0.0903508906952965,0.015641076383551,0.0219757828573354,-0.0178847727294549,0.1392255319840973,0.0445935715839874,-0.1717311758130728,-0.0794064247221556,-0.0268004638687182,-0.0619875650101993,0.1767517711566482,0.1369814353493954,0.1883125305175779,-0.0696213979557704,0.3247789677217705,0.0366881641784966,-0.165551095422277,0.0520199981941333,0.1309479286913164,-0.2583445987185915,0.1215407122573679,0.0584857574568866,0.3347682715560376,0.1953487083379188,-0.0367393452831955,-0.0844791200425889,0.150669234960648,0.0165736716874942,-0.2327483541012903,-0.2263951194747645,-0.1281937765963429,0.1372529829626547,0.1475279895807542,0.2150293268832876,-0.0871508152569251,0.1362309167075814,-0.0199786576036617,0.198227275489303,0.4151776002294238,0.2854881588576021,0.1862136539634102,0.0339614704985891,0.3361186545733448,-0.0493916477960377,0.0053538161057693,0.4374802210938557,-0.1096724859181327,-0.0354355723820679,-0.093318613414098,-0.164147368560162,-0.1326238509711869,-0.3185122722269297,stop,1420,37,27.16053493204778,-0.1149316519088299,0.1696130942909877,0.1707535566963148,-1.0,1.4757735704132589,1.485696532333546,2.360035125065745,1314,0.5818543073614606,7,0.0798533978592253,0.3536972616445584,0.1020745127476316,0.0,-0.8397112081288639,-0.2578569007674021,0.5691960456583267,0.3038535820466276,30.51251291306042,27.16053493204778,39.01126144524713,1.3166431699480317,0.1425395042515267,0.0014918987125747,0.0424073804352885,0.3841952825648098,0.8875745082896263,0.0083360389262829,0.0,-0.0234924338962436,2022-03-16,31.0,8,-0.001722500483593,-0.0293609148109934,False,False,True,0.4285714285714285,1.0,0.1428571428571428,0.0220393513626627,-0.2749616145579451
ANET,Falling Wedge,bullish,1,0.6593754245516317,3,63,2155,2156,2025-04-14,2025,0,73.16999816894531,72.9029202097704,142.1723912745215,54.46764320895932,0.8420296834362504,0.0036634740886432,True,-0.0615006165451823,-0.0384865874176278,-0.0472198897748991,-0.0660761954348461,0.0213688621544103,0.0456103278592952,0.0203516642851735,0.039492505173476,0.0160109600532283,0.033895082563127,0.0982763497274858,0.0994618899762125,0.0213688621544103,0.0224999564034598,0.0377749122137636,-0.0409619316213193,-0.054078603578503,0.035814864774585,-0.0579257625368953,0.2952724314837214,0.0423106266902728,0.0267006649333201,-0.0909979954201563,0.1033211066991237,0.0761746795201543,0.0436242317439807,0.0884812392015099,0.0337681548865027,-0.0248602098034275,0.082307668832632,-0.0171511525538337,0.0166561430302314,0.008708703243857,-0.0311883172103938,0.0161619947981321,-0.0580376101680071,0.0009529752569816,-0.0565604137564563,0.0336086770762567,-0.0797677880506094,-0.0266393231918745,-0.0561594202898551,0.0397069310008653,0.016136561735254,-0.0713427436072023,0.1054007915903965,0.329096657559774,0.241691347050857,-0.0850401556974091,0.0053424573924443,0.2484398283592808,-0.0181016485641174,0.2175426634977348,0.0486455982193463,0.0430242833334164,-0.1012022912072763,0.060211027813428,0.0049007986936382,0.0128205128205127,-0.048973733811061,0.0216972640157699,0.1614357693816439,0.0615156138131638,0.0851312129457573,0.0716306823631924,0.2112438347243026,0.0348538404319718,0.329096657559774,0.2608859467554983,0.2875495618702517,0.1732389295869072,0.0953147712013813,0.0195389831666512,0.4106059989543875,0.1046449559680102,0.1559369269061452,0.3090500734256673,0.1252759481455481,0.005891872096706,-0.0844791200425889,0.1417684661842289,-0.0947081569567728,0.079823953388076,0.0903424604348035,-0.0579276541661986,0.1463704004835544,-0.0180568604672689,0.4062307322282694,0.1874973188559987,-0.0305384709284856,0.2298826372726841,0.1764263000627118,0.4838048710093219,0.3248306820435997,0.1175104038349326,-0.0644011449990431,0.1980623172007289,0.110776992447505,0.0807535807291666,-0.1051567452320068,-0.199377453280794,0.0677240029822163,0.0240860506211484,0.1327468933273896,-0.0434272528891107,-0.1463142809673471,-0.1507529466216352,0.2085652919815319,-0.1210666910807292,0.0240860506211484,0.1828889921219469,0.3233034196764885,-0.052043192657733,0.1529342888632421,0.4467599421753696,time,2215,60,108.56999969482422,0.4838048710093219,0.495831620707827,0.0899275932173982,1.892809841413972,1.9398625925408088,0.3518274487428301,3.689502913039987,2092,0.3651010167818534,6,0.0627860564715418,0.1377777716126105,0.2076936343681406,0.0,-1.550608702741231,-1.18550768595939,1.130308440752764,0.3084626217005933,72.9029202097704,54.46764320895932,142.1723912745215,5.9841444832938055,-0.2311036176073353,-0.1794578273950029,0.081317363515245,-0.2816283230764005,0.1138878351371914,0.0527040309282875,0.0,-0.0465629543261868,2025-04-14,22.0,10,-0.1903605465485496,-0.1619998836439524,True,False,False,0.7777777777777778,0.0,0.0,-0.0292062894913009,-0.5786308794626602
ADP,Falling Wedge,bullish,1,0.6381730379063442,5,39,771,772,2019-10-10,2019,0,139.02903482806005,135.39543012139438,156.92794181160502,130.47761471163946,0.7968778132520496,0.0268369818937597,True,0.0087435645258011,-0.0014154812555593,0.0346184728281309,0.0222979610136075,-0.0129228750971737,-0.0233223781630691,0.0176368212244344,0.1467836639921886,-0.0009923464217334,0.0231918683782064,0.0324190489754572,0.0004847142503616,0.0447754993867732,0.0433441408687365,0.0789581742727323,-0.0160727863073683,0.0356241476578238,-0.0194148897688786,0.0142625486167335,0.0408762361443635,0.0214742737994868,0.0188837549595326,-0.0164017380047161,0.000800005273287,-0.0130382793429253,0.0275920865574919,0.0136378048662044,-0.011034399191107,0.0226543407214481,0.0156350803881453,0.0156892136131581,0.0006871974542039,0.0083030960369787,-0.0151645953100576,0.0100713876496414,0.0340521005366678,-0.0311274933665705,-0.0289643199402802,-0.0426703247979414,-0.0319316371750496,0.0332062399633195,0.0498850189112245,0.0069200881869888,0.0104104601276646,0.0494612261027676,-0.0060656232934578,-0.0019085775471228,-0.0421079457909359,-0.0690122533712688,0.0187825699423382,0.0835101092507593,0.032265304977928,0.1983384099859115,0.0514474540056246,0.0514948513360198,0.0209001461528979,0.0483048165078219,0.0333872221799023,0.0743864193087666,0.0672767176990716,0.0429561507991236,-0.049191834245449,-0.0651074452410545,0.1619408107605482,0.0886434917964729,-0.0305943389801528,0.0498369547595871,-0.0424628069200543,-0.0402637150823625,0.0466106037844189,-0.0161697677420551,0.0057059411417996,0.0179265929931924,-0.0162720042740945,-0.0010022064857212,0.1958814119196399,-0.0281806671372568,0.0913864236656643,-0.1151930547307099,0.0132617572354414,0.0820232889765339,0.2705326211856746,0.0929018086211919,0.0927977415516458,0.0178167354695595,0.1156812486343079,0.0977066150377861,-0.0856480554917725,-0.0112609177857463,-0.1199792954249692,0.1018426410903625,0.0057141724747924,0.0408834969837128,-0.0537822105349472,0.0642783433179456,0.0456451194077733,0.236637071932233,0.0004920087609832,0.0124095881516124,0.0389090404279159,0.082392046497818,0.0371170330567443,0.1123301709004407,-0.0163622111208734,-0.1850381346352178,0.1177964358855747,0.0464610606865749,-0.0150414138613399,-0.1409633009108851,0.1098460041114637,0.0120428810225816,0.0421334374746913,0.0688155730435282,0.1314386485390566,0.0008165268492817,time,831,60,144.71302795410156,0.0408834969837128,0.0648422968165374,0.0339883520176438,0.6646841166330971,1.0542064148067178,0.5525828122203512,2.093091760183221,732,0.6405783787325534,5,0.007862668338145,0.0064633710271384,0.3190270867882809,0.0,-1.0123746877441198,-0.3717963090115641,0.3609495742266547,0.131868524034743,135.39543012139438,130.47761471163946,156.92794181160502,2.573617402368291,0.0303669355987858,-0.0160680298901231,0.0187060223392148,0.0038209709080285,0.919614163686051,-0.0033450633324116,1.0,-0.022224074502658,2019-10-10,43.0,5,0.0904851787988338,0.0807043002539154,False,False,False,0.0,1.0,0.25,0.0020125790275718,0.1694442977787966
ADP,Falling Wedge,bullish,1,0.6899072317310304,3,31,1522,1523,2022-10-04,2022,1,214.4979411012584,209.34610170905037,237.57853756472764,203.455714306348,0.8684774143302181,0.0246091966850574,True,-0.0389073738052875,0.0030057519065599,-0.0142478756064271,-0.01719535931889,-0.0020610509338165,0.0468935363183975,-0.0279072019334324,-0.0115867821711518,0.012515219091421,-0.0051440419708695,0.0116582338391346,-0.0448912062374609,-0.0301952191563595,0.0200944162893041,0.0345421405223678,-0.0038180013526957,-0.1034246907492476,-0.0118099700184678,0.0503219628449467,0.033614778176453,0.0110411031597381,-0.0268153099141463,-0.0349866078492274,-0.0017413019189651,0.0043112703832863,-0.0527128785133962,-0.119356106617773,-0.001513238591862,0.0539848167264069,0.0251648703826481,0.0094968523740803,-0.0048070640821457,-0.1108539787804597,0.0319111053729739,0.0031534226852967,0.0093416034226234,0.0340823821900038,-0.0205551596776096,-0.008354449836304,0.0316193025704742,-0.0015398960492346,-0.0100357355707064,0.0275559799648756,-0.0100357355707064,-0.0200590354877676,0.0049343452354639,0.0348724605247907,0.0050645652863066,0.0184804303594954,-0.0112704017758461,-0.0554577757835023,0.0399543318631494,0.0086708463911431,0.0309851888074916,0.0147486188904837,0.0715596184418434,0.0191923304983363,0.0444125411909752,-0.0239286737830493,-0.0441357922217641,0.0714106864984318,-0.1842550238885191,0.0573990503571912,0.0875065000807009,0.0044387070521059,0.0253542233074013,-0.0256251457366052,-0.0081341213735304,0.0278071535659941,0.1219470603638555,0.0301126526262391,0.1172496541943963,-0.0515789865060567,-0.0279367111272087,-0.0205715663774365,0.1366559721521107,0.0659096008933037,-0.027790513154104,-0.0529961870582762,-0.0289756974355513,-0.015795166169494,0.1912498615677242,0.0033890241497465,0.0514688186982439,0.1633411393703314,0.0341269993984565,-0.1954868593322093,0.0303046332727032,-0.077306844871493,-0.07290575887649,0.1135196606014883,0.1051535066943462,0.026997071362222,-0.0046340773855431,-0.1277520178102558,0.0078272734936046,-0.0467371824588076,-0.0453770626455102,-0.1263607136688643,0.1496393142561183,-0.0203477009178387,0.1131314422773033,-0.0778787923415778,-0.0226756850706182,0.1133130296609228,0.1651940799967128,-0.0661333939950785,-0.0970813893408301,-0.0702624380638319,0.1910702062158935,0.0592178673026539,-0.13995368401959,0.1215929148803918,0.2125451406000733,0.0123485109446785,stop,1529,7,203.455714306348,-0.0514794069267903,0.0242110707401708,0.0706366824873701,-1.0,0.4703059375684289,1.37213473705755,2.0902121367501354,1490,0.6121693656319798,6,0.0920559999793607,0.2009939767920345,0.2737001686844746,0.0,-1.5496359422666064,-0.937466576634618,0.528145515746246,0.0719988549867354,209.34610170905037,203.455714306348,237.57853756472764,4.845698154780645,0.0640502008414953,-0.0215599446426646,0.0224772678868505,0.0152703829549698,0.6225322690874453,0.0117115991430609,0.0,-0.0287574273577226,2022-10-04,46.0,21,-0.1413027879544457,-0.0692822816327217,True,False,False,0.6,4.0,0.2,0.0245274139110145,-0.0746260842038135
ADP,Falling Wedge,bullish,1,0.7091125111365228,5,37,1610,1611,2023-02-09,2023,2,204.18505240780024,206.0981939864828,251.69508581332863,195.32870460363552,0.8796628921281257,-0.0092826702732194,True,0.0199523948853423,0.0139897482407209,0.0904363524223721,0.0368612164133645,-0.0009354283682339,0.0176102911404334,0.0232613495823184,-0.0267757382206045,-0.0088949260971863,0.0363675016114428,0.0406620762985974,0.0211810407411041,0.0152566762891106,0.0191422125392342,-0.0040682415485281,0.0199647183746076,-0.0010488820488949,0.0396946855936506,0.0040147366254648,0.0094870819073087,-0.0181310704307697,0.0246213023523931,0.0030170471264831,-0.0065013473281009,0.0168564928544989,0.0027188693873072,0.0993257185980733,0.0158434497942083,0.0774020291161841,0.0289945341861117,0.125711393946643,0.023015830375709,0.0025193975118242,0.0216213534549583,0.0172324751247998,-0.0378415159652436,0.0708625027031146,0.0013013426448125,0.0016348697407149,-0.0124773628652167,-0.0195802264046697,-0.0181932979693211,0.0636684783436429,0.0594611304139065,-0.0145670139944348,-0.0319340452352571,-0.037037899090089,0.0121170530537157,0.0625794446615635,-0.039121942500623,0.0595168052519163,-0.060000228883783,0.0493544702975963,-0.2613627465312075,0.0706021787883626,-0.0306627487634202,-0.0811511951138306,0.0160328572797743,0.0138317955434905,0.0559998370067993,0.0743864193087666,0.026358040436792,0.0484908506103169,-0.0541549439243953,0.060483841515434,0.0286417295015466,0.0075877429051081,0.0260867162749138,-0.0407128452733451,-0.0340618437498018,-0.0471532595436025,0.0359047588899745,0.1815420451658125,0.1657500354103518,0.0261802795241932,-0.0103658335682269,0.0699681155243974,-0.0878002157541915,-0.0343145810226553,-0.1009585926412857,-0.0537064537857473,-0.1342439837317659,0.0689697386104633,-0.0638966139935025,-0.0739722437719324,-0.0067868521331692,-0.0623388802633251,0.0213753482540761,-0.1670808558601442,0.0676803999308492,-0.1403750450686578,-0.0191383722355775,-0.03383638274735,-0.0546692362224388,0.012225867373075,-0.0077094304680619,0.1294247075191179,0.1465427135772057,0.0108954638952531,-0.1564927792304956,-0.1679811149659222,0.0741350788474346,0.1395352426583158,-0.1939941122113992,0.2918371240749564,0.0814637611178197,0.1567945219942921,0.0502842929546134,0.0712348000594007,0.1981429574431312,0.1641584657798789,-0.0470692388714512,-0.2139711797099842,0.0254217020275095,-0.0720803249405845,stop,1632,22,195.32870460363552,-0.0433741241081484,0.026498683572918,0.0498887075328299,-1.0,0.6109329956000177,1.1501951580264322,5.364517570457957,1571,0.5575200978996238,5,0.0004328064040777,0.108136105188469,0.3898630348777616,0.0,-1.5301248148878748,-0.9726047169882508,0.6482256377497575,0.1140754802126714,206.0981939864828,195.32870460363552,251.69508581332863,5.229490233181297,-0.0354740437383749,-0.0743666324225491,0.02551086675508,-0.1049741491029534,0.0263758891173017,0.0087508430417568,1.0,0.0292525534546026,2023-02-09,53.0,6,0.0017583583806182,0.064861337417714,False,False,False,0.2,1.0,0.2,-0.0933482586854234,-2.5722224801156357
ADP,Falling Wedge,bullish,1,0.6678223462443924,3,37,2095,2096,2025-01-16,2025,1,288.1036868890374,279.582735328386,297.68333817144696,272.3130942978659,0.9937230540481936,0.0304773882072622,True,-0.0132517907393779,-0.0316952803148108,0.0182088717207522,0.0448151654947777,0.0079856807382474,-0.0107325625598494,0.0582403073875832,0.0622095805168398,-0.009578446330249,0.0434175932662002,0.0108764919440238,0.0199647183746076,-0.0037075510250291,-0.0024695610988142,0.015740232750484,-0.0080879111793191,0.0298592385678626,0.0215443977718514,0.0084536368569425,0.0104552245100788,0.0449017359376313,0.0079856807382474,-0.0317559169585214,0.0063768727917807,-0.001764482880884,-0.082206590477015,0.0529838244179887,-0.0124017282731662,-0.0728154457772083,-0.0099326764948842,-0.0105516236119187,0.0071980409704366,-0.0574142470196256,-0.0222334762827414,-0.0270521181156379,0.0428149445510899,-0.0192397276995133,0.0518386703759119,-0.0970160704846089,0.0436714496026664,-0.0042030082514005,0.0013506825652569,-0.0056528015941096,-0.0315002696605346,0.069143640841456,0.0155377993126586,0.0234481726993507,0.0021067952388471,0.036612653927103,-0.0530718022769102,-0.0315187911549341,0.0324380036804028,0.0117185894617859,-0.0116140756643727,0.031093456976454,-0.0729560087500016,-0.0041349650350204,0.1256974926647598,0.0866611759893958,0.0554305810541781,-0.0074953200221177,0.1015674994564488,0.0087053048744485,-0.0047339026467846,-0.0081993971586507,-0.0530886171660223,0.0658605179255238,0.0010476106568562,0.0079471723597236,-0.0097300797509564,0.0402063309844389,0.2015682505556943,0.0279429593516651,0.1030611222066597,0.0667893392684173,-0.0415217511827704,0.2454774075780748,-0.0083954207648945,0.0291908321270284,-0.0588157626015872,0.0921686666277203,-0.0193094112130659,0.1693946586747126,0.1205027105752012,-0.1979524249420582,0.0349146649649556,0.0413364476230198,0.1333987445719511,0.0151262241233989,0.0584470785826665,0.0557113956372259,-0.0631818663391571,0.0068979211977135,0.1010720994470099,-0.0428816670988057,0.0004920087609832,0.2250996458197636,-0.0077094304680619,0.2250996458197636,-0.1454554175900961,-0.0459939956160273,0.0732209028865051,0.061851665981875,0.0023494685148126,-0.1028502443390738,-0.1103186941977301,0.1852789607963658,0.2353437829194209,0.1595541269111697,0.068854808552325,0.1546458866273399,0.2313896759264437,0.131161593759401,-0.0874546548887662,-0.0536859822561668,target,2103,8,297.68333817144696,0.0332507070140311,0.0351391047943712,0.0260719309896107,0.606668256881348,0.6411225916181733,0.4756895220400421,0.606668256881348,2057,0.5432180146644824,5,0.0395812416650835,0.0623394746965937,-0.0489343734431767,0.0,-1.0027480459254383,-0.4595300312609535,0.7413744029277041,0.0602856758941505,279.582735328386,272.3130942978659,297.68333817144696,4.15828003060603,0.1111496154379279,-0.0034485819926485,0.0146700689813922,0.2006815091834719,0.7620728845486027,-0.0052152422670682,1.0,-0.021685822118629,2025-01-16,31.0,10,0.1477010433436598,0.105092953265049,False,False,False,0.0,1.0,0.1111111111111111,-0.0007630195997991,-0.4595306384811392
ADP,Falling Wedge,bullish,1,0.6185967730021449,3,27,2221,2222,2025-07-21,2025,2,291.5791462534744,287.82573902777085,316.4020619995181,285.2605675894679,0.7550921881465814,0.0130405544632037,True,0.0175398127911996,0.0050776439290272,0.0259189498545364,0.0468935363183975,0.0140002542123689,0.0013578683393904,-0.0487924309372905,0.0165021163024576,0.0399181514919118,0.0335554267639186,0.0107866750939349,-0.0368908591394748,0.0088371681683416,0.0032364065364554,0.0395349549105379,0.0005060946861004,0.0157038084976521,-0.013926688981169,0.0209738877927352,-0.0435014513998964,-0.0120790063259728,0.0114191088993707,0.0108421142369843,0.0021883522049432,-0.0011019525200128,0.0608209979778269,-0.011034399191107,-0.0325643869314759,-0.0309273560233154,-0.0130967601223965,0.0087353618340699,0.0414277982296888,-0.0792279549332899,0.0160996343467134,-0.0006633554252294,0.011234935735378,-0.0027456104589589,-0.0243625213399548,-0.0818268255137152,0.0498673076893707,0.0073126823589897,-0.0059933192138609,0.0506143229281397,0.0230772459038317,0.0177095834495526,0.0019654831399304,0.0034813601755083,-0.0190904591463594,0.0725955428761444,0.0588639900115182,-0.040066886849353,-0.0275918938056549,-0.0022893436718046,-0.371630483525959,-0.0023923808114978,0.1814479282669969,-0.0244318405064535,0.0914019265893355,0.0328124924507566,-0.0206902603328809,-0.0135788700704089,-0.0842544876927031,0.1298899289131347,0.0512663445995063,0.1071482428715686,-0.13235840267336,0.1103114752897733,-0.0484255840567416,7.998828191251852e-05,-0.037833248315087,-0.0869508948201488,0.0213868547025792,0.0416539237639017,-0.0747340038205022,0.1693946586747126,0.128980189657264,-0.030972676158453,0.129794298433336,0.0861277976391963,-0.0213684223690118,-0.0649896890388276,0.0474046813529522,0.1841253728511052,0.1339322015147952,0.0514050583516962,-0.0209570919191526,-0.202947820412822,-0.0133676542611661,0.0066649598119932,0.0182657825498651,-0.0485455549933296,-0.0648958916315936,-0.047065266613583,-0.1026461835386759,0.0777346238808942,-0.0489451434226479,0.3135069756929731,0.1885022241802336,0.1608570875810659,-0.1243565949379413,0.0659830799609884,0.1302434234138727,-0.0246707958605728,-0.2435510113139707,-0.0029648007230507,-0.0335248702827586,0.0784901393638259,0.0659350510480614,0.0410073257138143,-0.0078458851523062,0.039135210857188,-0.0584715819319866,0.0298022282641696,-0.0417507537808982,-0.0773210632411307,stop,2252,31,285.2605675894679,-0.0216702008535056,0.0476790974463,0.0232425961904012,-1.0,2.2002148373528687,1.0725602567103658,3.928560055356481,2192,0.8557974636713973,6,0.1360492305888251,0.0871923533690939,-0.1397769604162634,0.037037037037037,-1.1938367445765798,-0.338039280905188,0.1252229690326708,0.0733187583790548,287.82573902777085,285.2605675894679,316.4020619995181,4.065970083776989,0.0063276521415258,-0.0335947211788635,0.0139770934062228,0.0262796910359048,0.0588214174585411,-0.0003313756202718,1.0,0.05803656310433,2025-07-21,31.0,10,0.0430195576899183,0.0294361053707077,False,False,True,0.2222222222222222,0.0,0.0,-0.0231545805667208,-0.9952810278106994
T,Falling Wedge,bullish,1,0.6365567813880894,3,29,1373,1374,2022-03-02,2022,0,14.095696635784163,13.773854932812256,16.061149313059985,13.217833138310574,0.6720897013683175,0.0233661313075987,True,-0.0288099733863804,0.0008402736171247,0.0267965990030183,0.0148544466775681,0.0054927674964793,0.0131613963314654,0.0074858093741272,0.0975437900539439,-0.0066625661442994,0.0043173094145183,0.007286719199496,0.0189295386884789,-0.0511363741920862,-0.0036148619079638,0.0185778521358099,0.0025919349412437,0.0434866795387478,-0.0013132478167685,-0.0120608229038753,-0.0202559573155669,0.0274770955384717,0.0879290650663322,-0.0428543320453375,-0.0317327612083149,-0.0207218385735975,-0.0042736422065018,-0.0215247495994057,-0.025896395148244,-0.0780367855508934,0.0610687981132749,-0.0785294797423103,0.0009714843927999,0.0080543858419153,0.0607163367005443,-0.0192754243087355,0.0060075502003598,-0.0419085242728776,0.0038651524775656,-0.0558114898548439,-0.0199581307467557,-0.0048192430570025,0.0023192616160119,-0.0269952983134101,0.0236576271154493,-0.0190113156658584,-0.020263767107869,0.0079332583343616,-0.0366893420259335,-0.0282838939876446,0.0328858431631846,0.1149982322238547,-0.0052634004323081,-0.0281355044306992,-0.010366977883147,0.0041846251336439,0.0279625706070782,0.0011897574729096,-0.037661306624081,0.029411768294042,-0.0620041107651376,0.0211265880449182,-0.0962320726332237,0.0126517348888819,-0.0758917729912496,0.0141048881558318,-0.0915424886419615,-0.0010473650277922,0.0182671039014568,0.0159155474109337,0.0890517161616215,0.1147765810822861,0.0144323770966627,0.0374028758664046,0.0091501780675833,0.1516439552120918,-0.0882368622798914,-0.0419823095268464,-0.1333157912397669,0.1658937645837481,0.07558433538037,0.0082581200197742,0.0338516559597357,-0.1861365714337565,-0.1794749690236008,-0.0067394872430726,0.0389236610725429,0.023330678875755,0.0211874486116108,-0.005262844865766,0.0197096645118264,-0.0329431615180808,0.0927878802552553,0.1956016755817335,0.2725669550083308,0.0284870013624563,0.0117193568714726,0.1217986784084363,-0.0778187633087079,0.0002099290439416,-0.08031374914521,0.1214208609457925,0.0869975100126516,0.0030391257067736,0.1552053330048377,0.0565688437791516,-0.145489261349202,0.0715128585239359,0.0729780557454222,-0.074892237880546,-0.1264984196523548,-0.1175707079936213,0.0181060903624123,-0.1413371365357802,0.078911732273659,0.1924499205729575,target,1408,35,16.061149313059985,0.1394363633143329,0.1412047824606134,0.0475989553767673,2.23890466220798,2.267299851075748,0.7642878842804663,2.23890466220798,1344,0.6504815968365942,5,0.1438961632665253,0.2267431629492213,-0.4274383601279263,0.0,-1.0122531614567476,-0.3617715646201525,0.3782891453009864,0.1261777516508779,13.773854932812256,13.217833138310574,16.061149313059985,0.3131909964784859,-0.0637160122867612,-0.0396180981108994,0.0223401652648197,-0.0846892733532989,0.5576912803826811,0.0012751246348494,0.0,-0.0332485259432062,2022-03-02,56.0,7,-0.0840396436741597,-0.0241929712638115,True,False,False,0.5,0.0,0.0,-0.0327030673289291,-0.406764533114925
T,Falling Wedge,bullish,1,0.7476126129023634,3,32,1638,1639,2023-03-22,2023,2,15.225032948642252,15.159132975046475,16.975299749387133,14.914190077933242,0.9085925759278596,0.0043472125816335,True,0.0320475751271018,0.0162031916764053,-0.003042598722471,-0.0757575175905561,0.0113990779951924,-0.0293879152910493,-0.0343857226451514,-0.0673796738411899,0.0034803170061035,0.0485343384294627,-0.0088736468791331,0.0011397854363652,-0.0093168014062399,8.048293165252575e-08,0.0139963897261343,-0.0594496542848966,0.0299710589860557,-0.0005115538751115,-0.0137064402045122,-0.0588588186374394,0.0272179912710059,0.0711297382782518,0.0397376534154142,0.079847632859217,0.0481840581336368,-0.050838166802287,0.0120813102542021,0.0935525449734082,-0.0026575490575048,0.0089028907994337,-0.0421494164054734,-0.0148873532184344,0.037587479292606,0.0220037924935445,-0.0501549791506806,0.0056480577645365,0.0013504503637689,-0.0119646567949859,-0.0236175471889809,-0.0191083324710314,0.0176993332137107,0.0136625424345055,0.0011614616103641,-0.0717598859926266,-0.0555205228564191,0.0862980601961342,-0.0276851931326388,-0.0701817600864754,0.1043233393915541,0.0558040953162328,-0.0057543419010056,0.0378832293792719,0.0811192164230187,-0.1048443636717395,0.049436300952776,0.0241138940161225,-0.0333972772728666,0.0232318818015637,0.0357360167324107,0.0338915363700422,0.0582188511344243,-0.0343373001358263,0.0690058182422639,-0.1080285944669461,0.0230464835756636,0.0474414453833698,0.00286054029047,0.0491531709096166,-0.0481303902561597,-0.0882826868732634,-0.149382459886007,-0.0488135193585063,0.0701219725380888,0.0257534532507166,0.0569888061040344,-0.1376252707441327,0.0650148255157836,0.0987662619095823,0.0612941099273411,0.0332056686120227,0.1094028369706345,-0.0155294775802222,-0.0077062921536216,-0.0354734846462931,0.2081817753765587,0.1132793246221386,0.165476450401788,0.0233399859395193,0.0433260447636172,0.0964799138125425,0.053289698392271,-0.1372213410559566,-0.1152760902783078,-0.2317112453318506,-0.1110639328369543,0.0021828107698749,0.0013113760390828,0.139319930428053,0.1286115314127509,-0.1130419650131417,-0.1661633085307758,0.1356511301454086,0.1537060216601309,-0.1157445522130559,0.0500890016995361,-0.219661289615468,-0.0315534345670895,0.1126126598154431,0.0264426968511437,-0.1087830571524319,-0.0999761133141049,0.002896425785926,0.0599395997202336,-0.1627075043054052,-0.0994794916172656,stop,1658,20,14.914190077933242,-0.0204165647297814,0.1012221460454119,0.0326431808308173,-1.0,4.957844151800924,1.5988576561658785,5.630712381315522,1604,0.7685556468262011,6,0.0579170061759208,0.1083593868657262,0.0368257077571463,0.0,-1.484371814532755,-0.7158161677065628,0.2604812728922425,0.0710230248044395,15.159132975046475,14.914190077933242,16.975299749387133,0.2835423425003264,0.0104164120622498,-0.0394660400195979,0.0186436863745438,0.1465517693831288,0.0294124246878097,0.0037755318053778,1.0,-0.0123788874769482,2023-03-22,63.0,12,0.0618092853275689,0.0001267003440166,False,False,False,0.0909090909090909,1.0,0.0909090909090909,0.0056859886711296,-0.0341506288400979
T,Falling Wedge,bullish,1,0.8862959897312713,8,130,2360,2361,2026-02-06,2026,7,26.464946485535563,22.964230256899924,30.575006840932986,22.4709931535687,2.0408723246301426,0.1524421323716609,True,0.0586715850411849,0.0697968224683865,0.0234805219753395,-0.0007969556123518,-0.0948850476487788,0.1023426448230664,0.0334544376497687,-0.0098858076059152,0.0021428608843345,0.0472638655017381,-0.0276841755410504,0.0136590030172436,1.051385467576438e-07,0.0548522214417497,0.0192970224206026,0.0185077170246252,0.0133236040594035,0.0147119556456436,0.0120667172230815,-0.002660436771844,0.0005183290680648,-0.0405883266696767,0.0497155722400053,0.0523985466622585,0.062595407844661,0.0204547116240856,0.0149899505275894,-0.0442297162024504,0.0555107918584578,0.0276719781461667,0.014905728860868,0.0177761377209093,0.1265581550694254,-0.0589632975718275,-0.0013294307239342,0.0238095427787996,0.0407770731887329,-0.0091455895863123,0.0737886911365648,0.0028329910828526,0.0800329885166917,0.0286136625986459,-0.0040218977694659,0.0054216833529427,0.0721209122781867,0.028019793317912,0.0158671790199445,0.0320401452098516,0.0149249778364508,0.0117929729819408,-0.0641237401390972,-0.0995298144033671,-0.0057515761336821,0.0175604559368938,0.0446235743403771,-0.0179902629441129,-0.0168471632929372,0.0683467041132042,0.0111870492771339,-0.0129227808553267,0.1159718092307782,0.1050833407883697,-0.0372714177910131,-0.0772340930520467,-0.0326084327870045,-0.0030441135043008,-0.0052634004323081,-0.0170050622886257,0.0158722276758781,0.0346862941567238,0.0758798501097557,-0.0910941010545763,-0.0189438982984296,0.0910697146369321,0.025101647045451,-0.0943453227590155,0.0284037638820897,0.0890866411026687,-0.1420730131919152,-0.0419235869342847,0.0123021041337634,0.1935929725778109,0.0012881251938459,-0.0505392319721995,0.1431378650701527,0.0492936582838832,-0.1175800068444841,0.2184222043557473,0.0273497799319517,-0.0591936849004901,-0.2022187510283849,0.031629450195198,-0.0342778494508456,-0.0869695564378477,0.131788074131085,0.0658292072313002,0.0515114760633255,-0.1452029614293757,-0.0056760744170101,0.0548613679764256,0.0476650233516937,-0.1127657763085471,0.0512128270306475,0.0355685088441801,-0.0272877460461424,0.0234368733011991,0.0574702997717426,0.0261129829253783,-0.0778944755988647,0.021857068924407,0.2190753549034652,0.010897575870552,0.0565536073695545,-0.2422840499621604,-0.0464143076474884,time,2420,60,25.557785034179688,-0.0342778494508456,0.0863468235951392,0.0700728984760471,-0.2271337133799544,0.5721559256467292,0.464320775461264,1.029070701077366,2223,0.9097368673844876,7,0.0397929728236963,0.2927777824818161,0.3101839577941747,0.0,-1.2740892698572677,-0.3643524024727807,0.0907634150967134,0.2236781038825692,22.964230256899924,22.4709931535687,30.575006840932986,0.6201191268473932,0.0339127496974762,0.1057655345603165,0.0234058077045675,-0.011276643192463,0.4444430315900086,-0.0018308382229114,1.0,0.0016098296250297,2026-02-06,8.0,14,0.0365456120978517,0.0607938726527554,False,False,False,0.2307692307692307,2.0,0.1538461538461538,0.0473295269768666,1.1701423936415642
T,Falling Wedge,bullish,1,0.7160327150424216,3,47,2432,2433,2026-05-21,2026,2,25.005185722529056,24.3975486543834,29.64294376077561,23.39487956330055,1.0838235413505042,0.0249056606773683,True,-0.0213102625651352,-0.035032406980377,-0.0171932030773134,0.0505111134691205,0.0940395165969831,-0.0045249649478908,-0.0104989357363962,-0.0219632425033371,-0.0304689698879933,-0.0021110871200046,0.0940395165969831,-0.0137363120479199,0.0013482191597431,0.0784145120393309,0.0262870495382898,-0.0186157931200025,-0.0099133594113292,0.0132659970247688,-0.0046083297524012,-0.0087609381446454,0.0113826530439324,0.0193080962770095,-0.0336203394649816,-0.1022100007863706,-0.0905649833081211,0.0537817048178808,-0.015846835374538,0.0158987295198838,0.0429710893616219,-0.1462697574433344,0.0132730065252681,0.014474552102226,-0.0126249466415062,0.016219814753863,0.0333928446073685,-0.0603626713217483,0.0628887155322217,0.0047137943916197,-0.0189841338542319,0.0016345532179591,-0.0587156753073477,-0.0005786321852198,0.0199708612587161,0.0654924537559389,-0.063427501563503,-0.1006050990940275,-0.1278611131097966,-0.1279519094484051,-0.0282895131341672,-0.1080691474491339,0.0723933026297398,-0.0990784369119492,0.1650002214185275,0.1018833011467343,-0.0103449337051536,-0.0398137473902765,0.0475338048529347,0.002280681189783,-0.0398572300439475,0.0232318818015637,-0.0549909784581155,0.0137968585158232,0.0188109259448987,0.0662933380336541,0.0993237699334461,0.0763196444624303,0.0113128291999358,-0.0269090516103295,-0.1424024891311165,-0.1097846472371477,-0.115101692949026,-0.0812353370193468,0.0516625538339026,-0.0838409124733837,0.0082581200197742,0.0302583650275427,-0.0054756078590645,-0.0021885925774085,0.0321526973986709,-0.0771847571906968,-0.0561039708559106,-0.1023816075092599,-0.061140075667058,0.0521545357768067,-0.119288156190358,0.0425845959770621,0.1244119554829958,0.0375057551951036,0.0025153336787402,-0.0661815699740887,-0.1106816205522392,-0.0905747324632369,-0.0042065715954274,-0.035278561754633,0.0180631469726255,0.0799463679763472,0.1616003032054658,0.0546473030298253,0.0591620325866004,-0.1021407120514685,0.0556287406436533,0.1510942418233394,0.1143619093009071,-0.2694663378746219,0.1232586638026198,0.0813490725001309,0.0690324569875331,0.0256296455119922,0.0069221892709101,0.0994733795525868,-0.226654120660956,-0.039033182352375,-0.0384822608792184,-0.0311452886587335,-0.0238689491297856,stop,2440,8,23.39487956330055,-0.0643988881785293,0.003551702922097,0.074585670422744,-1.0,0.055151618646752,1.1581825794255094,2.880047382088191,2383,0.7084806021124403,5,0.0485495419458641,0.1214535575120945,-0.1495788306444824,0.0,-1.4137568261599311,-0.7052762240474852,0.381439945338106,0.1357593495936032,24.3975486543834,23.39487956330055,29.64294376077561,0.532159780291802,-0.0284725694632136,-0.0440713624864195,0.0212819780329387,0.0119298866368997,0.9137944075215324,-0.0028079094395176,1.0,0.048373130487892,2026-05-21,8.0,14,0.0657693491380675,0.0208929700653033,False,False,False,0.1538461538461538,1.0,0.0769230769230769,-0.0406809211787252,-0.8552497090778954
T,Falling Wedge,bullish,1,0.6784326912367411,3,23,2456,2457,2026-06-26,2026,0,22.084294666141822,22.263883624163213,25.074323242318428,21.466846800023475,1.5593045157617145,-0.0080663805584431,False,-0.0804289168897868,-0.1004552558213861,0.0175909151525048,0.0257009583652041,0.0209158944527731,0.0095275097304907,0.0114389113674038,-0.0258467229633131,-0.0006665658996929,0.0348735661629353,-0.0076642668508796,-0.0247132554318157,-0.0336134872459943,0.0240652564486947,0.0095275097304907,-0.0372511339115469,-0.0121808744591925,-0.0035404091737095,0.021285029021836,-0.0018991761912195,0.0461648398545291,-0.0304689698879933,-0.082591193303362,-0.0241934568053207,-0.041354948001203,-0.0127080143097687,0.0442552473939459,0.0220037924935445,-0.0236221049478915,0.0169242332417265,-0.0587156753073477,0.0487929235329738,0.0369878964913794,0.0317853673677384,-0.0960340640580412,-0.068537835357257,-0.0241934568053207,0.0384369522892631,0.0020332914079936,0.0257893450215471,0.0165937654577543,-0.0092222405373673,-0.0683864533978203,-0.0012578304760489,-0.0005234188514374,-0.0202135428377989,0.1057631880692604,0.1022874335762118,0.0137968585158232,-0.0647834812915041,-0.0526956291023663,0.0347419194299181,-0.0224718337690236,-0.0090357397553442,0.022393156958868,0.0150262340787667,0.0588387552023823,0.0258435670044705,0.100307009328,-0.024081761108765,0.0003633421567372,0.0383407201938581,0.0113910931588876,-8.496469912033788e-05,-0.0118817864177446,0.1043478266890907,0.0106471207892624,-0.0463299311434071,0.0955295642583209,0.1632701393648683,0.1266932988632418,-0.049620314145271,-0.0323867527659181,0.0405877274862949,0.0026831057742786,0.0414256661353986,0.0182893102688341,0.0422502539562905,0.1472340972075563,0.0912603306648005,0.0328999749046994,-0.0559025874853088,0.2039138749967772,-0.0930379409860943,-0.0511235537933678,-0.0262303156859058,-0.0375459943680646,-0.0603493073527461,0.0174935457013674,0.1504495461868096,0.162606581604576,0.136025276949618,,,,,,,,,,,,,,,,,,,,,,,,stop,2457,1,21.466846800023475,-0.0279586862724204,0.0022341888420098,0.0491509613659616,-1.0,0.0799103656101952,1.7579853676617896,4.8425603848528045,2433,0.5964337976085508,5,0.0258434720014485,-0.0358778618633081,0.1709813574881269,0.0,-0.9630914656282064,-0.3666576680196464,0.4579408827566033,0.1018010043458654,22.263883624163213,21.466846800023475,25.074323242318428,0.5497816010408952,-0.1104858813790098,-0.0733792582050647,0.0245221437772905,-0.05041102503764,1.0,0.0022301355687539,1.0,-0.0314496978777363,2026-06-26,8.0,14,0.0514189164892602,0.0085726217189223,False,False,False,0.1538461538461538,0.0,0.0,-0.0937109224437329,-1.782279090011037
ADSK,Falling Wedge,bullish,1,0.7099148962381804,8,57,1362,1363,2022-02-14,2022,3,229.94000244140625,241.5024312337241,332.6366780598946,223.00908314098024,0.8003197504170356,-0.0478770699460487,True,-0.0621466834530597,-0.0302352013247998,-0.0233028654954329,-0.0438861505928602,-0.001066750470851,-0.0224643973188535,0.0295775302180476,0.0498616817178414,0.0388332767581707,-0.0273075748123473,-0.0261997296957997,-0.0456981508958579,0.0121674748088997,-0.0514868115184286,-0.0258917460553051,-0.0053324842418236,-0.0663932206336099,-0.0185075155703943,-0.0310477928643727,-0.0149999709356399,-0.0051981321245643,0.0675375757119107,-0.0516063957524961,-0.0693224418203096,-0.0383350812082554,0.0339855960801727,0.012514843900681,-0.0321913333109156,-0.0037643116650531,-0.1065617097158502,0.0364242399281147,-0.0078524902809188,0.0408894186252226,0.0856709666066355,0.01495099563133,0.0159013531272989,0.0723519171815489,0.0381738408676399,-0.0087529908545207,0.0431417461402869,-0.0220442402405931,-0.0584223353910675,-0.0052884063225547,0.0138870853728143,-0.015898138053798,-0.0766782442016333,-0.1631295527848981,-0.1235558219576891,0.1453711016585226,0.0642321662722529,-0.007095340148797,0.0268647781557367,-0.0034094635262091,0.0299347555258731,0.0834100281059895,0.1021696950837849,-0.0743223208627933,0.0264341625627899,0.0613247601873079,-0.1883810606517745,-0.0205393492660505,0.0735066353339206,-0.0631904965355284,0.0381583793508304,0.0510000110782711,-0.0365593295851569,-0.0593608995944563,-0.0868110495251605,-0.1712664109658658,-0.1469948799377385,-0.1378036448912117,0.055244005303777,0.055823373450317,-0.0352841697054284,0.4381351329000442,0.1244671044658347,0.0995457166410314,0.0063081773669999,0.0510444376078804,0.3320153293168937,0.2068072737672068,0.1451485836168025,0.0015611593795714,0.0155103553632762,0.1659511202759278,-0.1074016253836388,-0.0327562044838439,0.0032137829687215,0.0605064968901307,-0.011746283306199,0.0654828638277678,-0.2289737114508921,-0.2142298392737363,-0.1020895815087851,0.5893038918238416,0.1405806876901267,-0.144084753479437,0.1513619572385405,0.0323989056759532,-0.0238933575732307,0.3165068708467373,-0.0713252791439192,-0.1088996943062055,0.1344026909168114,0.088807405879004,-0.1674491117284533,-0.0003234192093105,-0.098635914315045,0.199047633579799,0.2434640959773384,-0.0257306312722563,-0.1443586096191973,-0.2219061237736534,0.0915208686221362,-0.2632692449652153,stop,1365,3,223.00908314098024,-0.0301422946283222,0.0212229487300976,0.0337044442798719,-1.0,0.7040920073203778,1.1181777862459952,14.81717953521347,1302,0.7148822398423313,5,0.0665361154626815,0.1447618624864719,-0.3040560833559258,0.0,-0.972769239014028,-0.2578869991716986,0.2761272429366735,0.2585610616917547,241.5024312337241,223.00908314098024,332.6366780598946,9.9249997820173,-0.2117397856508058,-0.1274540376096199,0.0437417366637094,-0.3127990825316667,0.4109035348831606,0.002333459991648,0.0,-0.0553022256845316,2022-02-14,32.0,13,-0.2186101241315265,-0.1736172531474533,True,False,True,0.75,2.0,0.1666666666666666,-0.0365464543892687,-0.4244001292040797
ADSK,Falling Wedge,bullish,1,0.7644514442568475,5,80,1434,1435,2022-05-27,2022,0,209.69000244140625,193.07228592638265,252.46034053065875,173.592874362112,1.3490960608998042,0.0860699216114313,True,-0.0051981321245643,-0.0009424441369032,-0.0104761631214985,0.005056476651793,0.0745968577809457,0.0436167954807362,-0.0673728648635098,-0.0324029730942213,0.0578392738253692,-0.0705496119620784,-0.0076273070584548,0.0089941919829601,-0.0660842357695458,-0.019175542908528,0.0248519946775962,-0.1175211501802306,0.0583951121301382,0.0585658976694472,0.0432169615549256,-0.0268271154657963,-0.0368140171383879,0.0375740543534339,-0.003090963851819,-0.1744956646090696,-0.0812784998373967,0.0490532656952131,0.1768242166039968,0.0199928007566263,-0.0580885745611841,-0.0326364219232723,0.0324601818467329,0.0492853405285835,0.0430206043014094,-0.0040000167547489,0.0111102885788507,0.058476833318243,-0.0292579462165967,0.0096153513535435,-0.1059618935419157,-0.0260232051484897,0.0199199829101561,0.0281830569751773,-0.1250418490002227,-0.0360664737872367,0.0406150146105053,-0.1805696924363382,-0.1568029209785534,-0.0812239491931798,0.0189538710335033,0.0656970542145796,0.0260714316854673,0.0268647781557367,0.1505110455731062,0.0280342767451704,0.0270951581089693,-0.1192498191028196,-0.0266856135814329,-0.0592198592593181,0.1405773881978282,0.0384314338997366,0.1194954502972331,0.113753696928851,0.0256815855969418,0.1973530930167204,-0.1088536219125949,-0.040352649150285,0.0684984357871916,-0.0144321609158473,-0.1907141697444903,-0.0299489661222724,-0.0038877536160032,0.067123145149945,-0.0271955908086073,0.0217509523260319,0.0250920065713857,0.1090533310698149,0.0115957524790266,0.0444221459038127,-0.1220739315659378,0.0341560958505533,0.1243033649308016,0.0996230579466368,-0.0302381243024552,0.0142795998467917,-0.0668641877903943,-0.062731958379961,0.0050133208713123,-0.1140417969600665,0.1530357263252895,0.0497312861838905,-0.0695842070300212,-0.0432714655531649,0.0226047507233899,0.0179936494497598,0.2854995152231108,0.2063901314183451,0.2209165129564254,0.158551034223165,-0.1219870718520126,-0.0731707220507116,0.0329511754953144,0.002654198670581,0.2204322475810638,-0.164095357328416,-0.027367463512981,-0.0223361624576583,0.0022382868923989,0.175997071795938,0.3287853810660845,0.1714837650892557,0.1593744266962928,-0.0880005568849178,0.1025928335968744,-0.1770139187697,-0.0470900156690326,stop,1444,10,173.592874362112,-0.172145203200047,0.0216987123791428,0.1789784841544074,-1.0,0.1260488934677265,1.039694867050228,1.184868169991233,1354,0.6040051775509003,7,0.0202019942361244,-0.1695687522251547,-0.1241959889600946,0.0136986301369863,-0.9024172326864868,-0.2984120551355858,0.4900534522721955,0.2388265184841506,193.07228592638265,173.592874362112,252.46034053065875,11.282145908900665,-0.1716665756818368,0.0616658390608606,0.0533737612275834,-0.1683518652649576,0.9566819395105404,0.0645514522882371,0.0,0.0079125656162828,2022-05-27,32.0,13,-0.286756770884606,-0.1959319705377132,True,False,False,0.8333333333333334,0.0,0.0,0.1265151319905856,1.7076195345939214
ADSK,Falling Wedge,bullish,1,0.6298639455940468,3,34,1522,1523,2022-10-04,2022,0,196.13999938964844,191.6074128389844,235.82341274040004,178.29285409109912,1.44036126347002,0.0236555907911193,True,-0.0260528226075912,0.0158603031042562,0.0267607585886022,-0.0075820194735553,5.365313990468579e-05,-0.0188202509271477,0.0774451334588248,-0.030822792899527,0.066777897073593,-0.0313994243448125,-0.024538170463293,0.0149157074391292,-0.0211082590910069,-0.0458838193211941,-0.0770964826798337,-0.0676328920595057,0.0235081668948651,0.0136724476129623,-0.0644023970288409,-0.0078677727064853,-0.0060871450118419,-0.0190261005493656,-0.0160961344901648,0.0232486875333111,0.0293012598355626,0.0416448739629029,0.0350627054781633,0.0321491227173691,0.0273540181055205,0.1602020742301733,-0.0516150320529159,-0.1099063951545219,0.037010281797597,-0.0311528793191367,0.0408894186252226,0.0043196905226934,-0.0157652582230527,-0.0711205600597886,0.0458380659251373,-0.0657464237121288,0.0565034278856355,0.0671739760419571,0.0174721409390057,-0.0515872874374352,-0.0523707654946936,0.0174309277944258,0.0913123468840726,0.0615044516455884,0.0166269938151042,0.176798430771861,-0.0465210950279312,0.0443234267545833,-0.0222343036071845,-0.031293930830936,0.0307108802253035,0.0480658355922256,-0.1182914406630265,-0.1819244070151419,0.1043036622963,0.0449183065695875,0.2704717720839871,0.2519968101200092,-0.0149720280633188,-0.0990702861064187,0.1149794658651384,-0.1041632301745522,-0.0392818091496429,0.0724486091908898,0.0654177637517307,0.0296216864314948,-0.0622127213061214,0.1522096053470638,0.0584754906944942,0.1200238320820308,-0.005098690575268,0.1334383210242056,0.0047026714153131,-0.0874657598745024,-0.1817439291479879,-0.1090414894952638,-0.0149758257535728,0.1141944928884404,-0.0930808537421711,-0.1469948799377385,0.3184765340466819,0.0605064968901307,-0.0302381243024552,0.0675174676092493,0.0937412276165217,-0.032943451487896,0.0750859400821848,0.0047822326625218,-0.0408891827134583,-0.0725203314612235,0.1228414935789592,0.0905742748021802,0.0201456187326465,0.0826036626366237,0.0795497156224767,0.0647995401414862,0.2839147166925844,0.0837204540147253,-0.0779824198209278,0.2948531610297229,-0.0847269511174516,0.0026071274572339,-0.0511585395949637,0.2748626990828975,0.0397512711102692,-0.1959193209211934,-0.1692477291450441,0.1864985075704759,0.0453153566794519,-0.0223361624576583,-0.094422506518183,time,1582,60,188.1199951171875,-0.0408891827134583,0.1914449024605206,0.0741817227339385,-0.4493718260428367,2.103978110987308,0.8152566031353182,2.2235160126127966,1488,0.4339800668085585,6,0.1237871787614709,0.2992270311443734,0.0784441614643185,0.0357142857142857,-1.195972282248638,-0.7619922154400808,0.8298482068512452,0.1256596907831155,191.6074128389844,178.29285409109912,235.82341274040004,6.442143031529022,-0.0552759441320329,-0.0402795371229729,0.0322123248891516,-0.0858435727592151,0.9149660570076198,0.0270705147736167,0.0,-0.0287574273577226,2022-10-04,32.0,13,-0.0995604585319483,-0.0084131844996802,True,False,True,0.5833333333333334,1.0,0.0833333333333333,0.0157510125661478,0.2704471672434273
ADSK,Falling Wedge,bullish,1,0.6477466313317186,3,22,1590,1591,2023-01-11,2023,2,199.5800018310547,187.1538543701172,219.0876922607422,178.3341017503003,1.0652268968270566,0.0663953595973687,True,-0.0176871367216693,0.0025563487434917,-0.0058148419415509,-0.0230523979970809,0.0237881641793629,-0.0426321302415629,0.0109022991624083,0.0031393787147768,-0.0487325470022809,0.0454214054316299,0.043655800321958,-0.0438410198594081,-0.0350999959309895,0.034231979132647,0.0225707809942119,-0.0083256244218316,0.1481249327058416,0.0184457398240325,-0.0006597520813471,0.0577810582389322,-0.0134598457731274,0.0338711852449482,-0.0287028651567478,0.0444934602732867,0.0241239489461346,0.0430206043014094,-0.0349816659181635,0.0510631590232972,0.049246713078406,0.034052151293584,-0.0026888203820746,-0.0496594070161595,0.0250494928643254,0.0958823430472173,-0.0113807283180313,0.0351400754039992,-0.0337745546307979,-0.072068878855835,0.0131206265286809,-0.0300532082708502,-0.0827045593635027,-0.0313615652342547,0.0018884224953057,-0.1204326162765651,0.0417389699115002,0.0484386325892121,0.1256137480480212,0.0993452420029232,0.0940066729660478,0.0321158679122184,-0.001040420091221,0.0934662578881442,-0.0425224049548748,0.0112569854980875,-0.0779970816635746,0.0559509557664523,0.1091219152265392,0.0702890921994019,-0.0072341616381993,0.1493977406646267,0.0670129325222101,-0.052367096005787,0.2456484147176931,0.0450445972337008,-0.1000000069106833,-0.1724105145897279,0.1076947413591864,0.0010925516052537,0.0941873960627465,-0.0278584903676889,-0.0007325493787895,0.0952509095848332,-0.0608340876353035,0.0888053144901779,0.020876018706424,0.1275065525295631,0.0044006447878182,-0.0621329066898972,-0.0496939613302157,0.0811234599549171,0.0334109385699252,0.0345129286409944,-0.062731958379961,0.0069702603218937,0.2335127558747876,-0.0700991647352137,-0.1731819760055977,-0.0965160985752338,0.1566911931855135,0.1027708288567172,0.1253260736880093,-0.0546568766596965,-0.0072151639853437,-0.0437777038595381,-0.2632543740152312,-0.2272976590945886,0.0521297149986745,0.0076105376817103,0.2308953498111143,0.1076602751507558,-0.0083230799407978,0.059163667249807,-0.1268687689106244,-0.168034673427675,0.0211319703010701,-0.0615126311847984,-0.0913010485247148,0.0307266676068616,0.0378893750673834,0.0263818786796414,-0.2248564380920399,-0.0131932747464219,-0.043991081400689,-0.0026406558022179,0.0256690484442953,target,1604,14,219.0876922607422,0.0977437130509741,0.1223068616001545,0.0196913914145418,0.9181861138167812,1.1489277257884325,0.1849772388852701,0.9181861138167812,1566,0.6489381680876707,5,0.0343364755988886,0.0047498485071455,-0.1391270535627491,0.0,-1.10651783157828,-0.4575796634906097,0.4709343686138357,0.1415546561654501,187.1538543701172,178.3341017503003,219.0876922607422,6.610002790178561,0.0072070368852683,0.0042262245520345,0.0330615867169952,0.1695232304468144,0.9437289333078204,0.009977811134002,1.0,-0.0040452117957777,2023-01-11,25.0,15,0.0218773691977982,-0.0313812337085875,False,True,False,0.3571428571428571,4.0,0.2857142857142857,-0.0080245338287768,-0.2474941817837502
ADSK,Falling Wedge,bullish,1,0.6525136437125602,3,22,1666,1667,2023-05-02,2023,2,193.5800018310547,191.86890326605908,216.4844394259985,188.3251224529347,0.8921918521971801,0.0089180609044441,True,-0.004390980966399,-0.0033458488511197,0.0745968577809457,-0.0816092983671501,0.0600377478168761,0.0498616817178414,0.0076259515074215,0.0226664816880926,0.0177132579441929,-0.0466474411804551,-0.0006131181216334,-0.0173565963915313,-0.0036350946510491,-0.0111020849042093,0.0771865121980672,0.0151125179289235,0.043655800321958,0.041024567650967,0.0161234659981766,0.0789191239861633,0.0292706186902214,0.0072506340706306,-0.0233950602506214,-0.0017047310049241,0.0009935138017459,0.0017806578544106,0.0262528221171367,0.0700524967747344,0.0663591661358398,-0.0544862363226208,0.0344314400667757,0.2045045002536185,-0.0086992396776069,0.0821708214523464,-0.0060906855508402,-0.008069843375135,0.0385193196111393,0.0805026143456171,0.1028984194005471,0.0159013531272989,-0.0497962059510861,0.0393154973170879,0.0523642382145543,-0.0244600213178344,-0.0696945022922275,-0.0313925616141119,0.030013418243814,0.0142363432882841,6.558505726084185e-05,0.0142173039303448,-0.0679413826390321,0.1227166890409401,0.0370886726938484,0.019819003299466,0.0576923076923077,0.1526042408993524,0.0003407378224897,-0.0533742358536493,0.223028639897618,0.1240742654075317,-0.0517247054634109,0.010369463536209,-0.0831686646558587,-0.0889762511660514,0.0791453439702425,-0.0126470355446657,0.175682063394523,-0.0402331197508681,-0.0009255278346158,0.0650893208262446,-0.0038952126873932,-0.031598990751134,0.0730574134157042,-0.1370957860871543,0.2588529727681301,-0.0533525764597633,0.0654828638277678,-0.1055614905463381,0.1425658619668699,0.1339829063966449,0.0546691058427908,0.1243033649308016,-0.0807660283097418,0.048255671532551,-0.0397364048916321,0.2049231480982345,0.1287812900755522,0.1049742816304482,0.0192185034342562,0.0584139501103118,-0.140181579893913,0.0236298969717252,0.0837379445280988,-0.0311429580265647,0.1975683778573538,0.3021002405051896,0.529322308721695,-0.0439344947299772,0.1364333668455111,0.090335445960668,0.0618132768650867,-0.106440436025391,0.2430316072589278,0.2434640959773384,-0.0105375638900873,0.1798904264261105,0.2687136556756977,0.0126654934347494,-0.1586380225167291,-0.1299101885057502,0.1032246625988595,0.0391019881692153,0.0513353508782985,-0.0285808879435869,-0.0153099906500601,target,1697,31,216.4844394259985,0.1183202674774921,0.147587518313818,0.0208699685231316,4.358699019869454,5.436850212849419,0.7688109001594712,4.358699019869454,1642,0.7939221389528803,5,0.0267060601957378,0.0029998556978403,-0.1160674314960945,0.0,-1.1157092499782693,-0.3217871110254007,0.2023162067308393,0.1067563768284002,191.86890326605908,188.3251224529347,216.4844394259985,4.459995814732153,-0.0544346376618057,-0.0359101277177261,0.0231784422470281,-0.1107722227843852,0.1219046456473214,0.000458066561467,1.0,-0.0002676183429743,2023-05-02,25.0,15,0.1772034049833495,0.115192663924871,False,False,False,0.0,1.0,0.0714285714285714,-0.0838665630996721,-1.11459156655751
ADSK,Falling Wedge,bullish,1,0.8085528680978078,3,37,2312,2313,2025-11-26,2025,0,300.2900085449219,295.7403323844371,326.8524501586692,285.95813443419115,3.426996076768105,0.0153840232875999,True,0.0185154264223945,0.0133307073882986,-0.009543697255033,0.0026339623632154,0.0225665518935749,-0.0171272764583113,0.0621946240022373,0.031046679754082,0.0578392738253692,0.0372617651661544,0.0595286206141834,-0.0011139370767014,0.042263546808396,-0.0309665619592365,-0.0386263797149296,0.0034551860742335,-0.0177149126510409,-0.0761516405992251,0.0091210780972552,0.0162397587331828,-0.0186803356705047,0.1468657949601315,0.0044608213770429,0.0021312201959713,-0.010073940087236,0.0440099349089615,0.0313661423356916,0.0510165794805628,0.1920222014552608,0.0058538715340734,0.0450176256996457,-0.2058976623292955,-0.0920882091254946,0.0012722775567222,-0.063501442948142,0.0840716183004643,0.0418135939719106,0.1523167869949184,-0.0160569769977131,0.0164560905669517,-0.0333153101784456,0.0477560192765762,-0.0037643116650531,0.0005689181916723,0.0552923159475902,-0.0155792829528715,0.0013985910226961,-0.0154768606091688,-0.0002137306924776,0.0185025160929723,0.0564148619458371,-0.1512310030108968,0.1888436530446717,9.043522937135506e-05,0.0449183065695875,0.0770531824173779,-0.0257598893526342,-0.0030806023648077,0.1427476650006682,0.0296162944841242,-0.0117507676193853,0.1884818605303815,0.0177972302956423,0.0259078018340273,0.0803964511347412,0.0818125040229145,0.0203121746018271,0.0755413349931193,-0.0414214229351569,-0.1072297155774808,-0.1317356296760321,-0.1569439354902079,0.053889989400498,0.1154104565275939,0.0322462224504869,0.1002763885976243,0.016491981197916,-0.2171258980145224,0.0191615928149966,0.0722703665938595,0.1084487807996534,0.0580960566367905,0.3736257535423375,-0.0014805438762114,0.1367753466070513,-0.1779413255644267,-0.0708682355541626,0.0649019877115886,0.1490524740041112,0.1078129467333632,0.0840526096967368,-0.1506373663182347,-0.2513570509790596,-0.2724160604795645,-0.0919298746943658,0.0305001850851434,0.0442518296844196,0.0480636660284896,-0.1986175031227703,0.0453846466846954,-0.1372101731815825,0.0675939256179032,0.0016482988600046,0.0744753618586533,-0.0408891827134583,0.0128424682126651,-0.079968473705912,0.1459301429412585,-0.042147528738207,0.0531794997779018,0.2872511660846248,-0.2219061237736534,-0.0455620169211,-0.1345867176371397,-0.2422722307964381,stop,2336,24,285.95813443419115,-0.04772677645912,0.0410602624842948,0.0592094251335607,-1.0,0.8603192071742926,1.2405913310377483,1.8533822868189416,2275,0.5415317071725669,6,0.0672332080434631,0.1166235093772147,-0.0003340597595197,0.0,-1.2002737460497208,-0.6587420388771578,0.6968884863949333,0.073645492266261,295.7403323844371,285.95813443419115,326.8524501586692,7.637141636439736,0.0296950588125595,-0.0183765177642468,0.0253405717456582,0.0147474911879208,0.1078102791766832,0.0663655504907709,1.0,-0.0112163674826599,2025-11-26,17.0,12,-0.0971314917470829,-0.062482425486831,True,False,False,0.7272727272727273,0.0,0.0,0.0969480060326841,1.9589451270759608
AXON,Falling Wedge,bullish,1,0.6539125149561761,8,70,752,753,2019-09-13,2019,2,64.83999633789062,61.08701445654757,80.08104633420771,55.61737340833706,0.7533198802239292,0.0614366558053451,True,-0.0200492827851009,-0.0194403022476052,0.057014001019078,0.0269392402004029,0.0440195545217181,-0.0166346609382869,0.0935601221537418,-0.0612192195438757,-0.1008152635220737,0.0701878353419001,-0.0620938160814021,0.0024528503417968,-0.0148020233837133,-0.0010933194628867,0.0784082694296062,0.0296025769161933,-0.0435976400134087,0.3622775181362723,-0.0271523583014279,0.1048646053880539,-0.010580846848555,0.024571392596941,-0.0478447236826047,-0.1007093666472598,-0.0904506723002166,0.2296263211030573,0.0344239687590006,-0.0256987676475032,0.0209862194871792,-0.0949964903503376,-0.006332050664197,0.0207941233641166,0.0173023890157919,0.1082428446493282,0.1642969642421845,-0.0143680569217765,-0.0043778277707601,0.069539844389324,0.1611727506038831,-0.0256987676475032,0.07518473900021,0.0814830530077641,0.213805614322043,0.1305218767853275,0.1381880551908314,-0.165414206793158,-0.1801356747402075,-0.1728259017307081,0.0322226688144999,-0.0097594555695245,-0.0316765534204226,0.0589333935156792,0.083162089110363,0.0856521440588908,0.2969662546912173,0.3610990044729911,-0.0938984845951811,-0.0580756857633179,-0.0084974003048876,0.0395497917809515,-0.3046677347416487,-0.0535565820798066,0.2823970299653748,0.0760208294369801,0.1364718238560323,0.1662883389833915,-0.037713687796173,0.4974838604806237,-0.2560557569850092,0.0069402313857589,-0.0281674559770788,-0.2686633138452464,0.0775994150797492,0.1580166756009189,0.1250827772950085,0.0345047508022118,-0.1884395598298897,0.2898434871509325,0.2111041527988264,0.3375987233720718,0.1176470451687243,0.0986066542140446,0.1569252423413389,0.1065662148899007,0.0255163688594326,-0.0592427562809541,0.1092286590395399,0.1394487688757186,0.0228290163562401,0.4328674708049567,0.2192246658417227,-0.1003729915410034,0.1145897705863054,0.0629308113110997,-0.2313492184593564,0.2706860960645141,0.2111153577725495,-0.1398605536330722,0.2823960121958384,0.0178303625525715,-0.0808122222714934,0.4702588430625203,0.1481056793530879,0.0913043644117272,0.4351343987549458,0.0357012185846461,-0.162143702794228,-0.0872238071046153,0.505036053915761,0.0680115685081264,0.1764458917342262,0.1283581332027172,-0.1039920455853414,0.1730854281098437,0.004185377667557,stop,764,12,55.61737340833706,-0.1422366355712474,0.0302283594165136,0.1679518227947118,-1.0,0.2125216143865554,1.1807915880475357,1.652572170925224,680,0.5953888888797192,7,0.1743464129986323,0.238934768397437,-0.3820021471875565,0.0461538461538461,-1.1074102329672622,-0.5120213440875425,0.5356109785757488,0.2324578588760723,61.08701445654757,55.61737340833706,80.08104633420771,2.191429138183593,0.1228020619617853,0.0292248662836194,0.0336573355496972,0.3575896966902012,0.6764696642626659,0.002019531581034,1.0,0.0577550901666306,2019-09-13,37.0,20,0.0794212768185831,0.0898724814980975,False,False,False,0.2631578947368421,0.0,0.0,0.0924381854107752,0.9369763114449544
AXON,Falling Wedge,bullish,1,0.7057436423088783,3,30,977,978,2020-08-05,2020,1,92.5500030517578,88.27272588556457,108.45454822887076,82.90731509715468,1.0933726858062784,0.0484552518717755,True,-0.1381955752975462,-0.1561756751760278,0.0383624947045404,0.0502481032116932,-0.2118925977873321,-0.0464670329750654,-0.0569273174076092,-0.0397428400568304,-0.063829731500712,0.0460584007578885,-0.0957264875057659,-0.1104139316550399,-0.2425234825967216,-0.0156863126421095,-0.0398143765575,0.0464091451071189,0.0215668807330635,0.0492305758910047,0.0927592214486119,0.0488079146833608,-0.0030653360229558,0.0268676737846336,-0.1129066234782599,-0.1252296443556412,-0.1425761285963013,-0.0980600002167577,0.1600711899718281,0.0883498069459252,-0.0556709471761203,0.2319291186932521,-0.0118336773825943,-0.0053920215247046,-0.0229318409413489,-0.0051594276705695,-0.0245313854764401,-0.0093896179696962,-0.1143096250636492,-0.0303545888770475,0.0805505802236103,-0.0120090945221972,-0.0429431289926355,-0.0075179068518381,0.0357739786119324,-0.043859649122807,-0.0074676209048735,-0.1304918514433046,-0.0477580297416951,-0.1268580456511604,-0.1524156592445598,0.1752043504033911,0.0444412500334456,0.0143368655616249,0.0716092746472958,0.4150229230712401,-0.0139314536997101,-0.080288446866549,-0.0589156356522354,0.024074503308457,0.0830177442561945,-0.0127371019807006,0.0593013417833057,0.0573027440325468,-0.1319513099512512,-0.0503281772857296,0.0969840161973814,0.1142687161105775,-0.0556774830982516,0.107873076072662,-0.0831176066266519,0.0330631816066229,0.0122196149067277,0.0742992513662457,-0.2078753774204604,0.0601178284255645,-0.0189743433243189,-0.1960915886201676,0.4490349478782725,-0.0811598428049703,0.4313583556571936,0.5385814410368366,0.4684082819527784,0.2458628849807416,0.0700896189562154,-0.1582930665298559,-0.1238137981722392,0.0195683709067804,0.1668777280364319,0.0140941263476979,0.3694711212775738,0.6178678476572541,0.0542356585000465,-0.1066197906987581,0.1172339072539343,0.1177740185777647,0.3713450198903374,-0.1344801632168509,-0.0487804993437032,-0.1833171684561909,-0.1016100205747977,-0.290842076351768,0.197779144119105,0.126436798408849,0.0628019445071292,-0.1668092364881891,0.0777318543253902,0.049805093587294,0.2687447270061511,0.3750000245961395,-0.1580301533414763,0.084194150826711,-0.1097477606205968,-0.0752247383750014,0.3372595502020998,0.457275074797673,0.0602573289790191,stop,979,2,82.90731509715468,-0.104188953394313,0.0125337222524578,0.1085899807711234,-1.0,0.1202979955564269,1.0422408252836015,1.6493891798625109,946,0.6719581853496943,5,0.0860491824091653,0.1080497877377868,-0.5886542455826728,0.0,-0.9831543211856304,-0.3111961358359416,0.3889753167418045,0.2071255765631761,88.27272588556457,82.90731509715468,108.45454822887076,3.073570796421597,0.2087714155505973,0.0073857538467179,0.0331775779001682,0.132379930989462,0.8706190093300699,0.0054742246908203,1.0,0.0503829284509886,2020-08-05,31.0,12,0.2843023544865026,0.3315043064890908,False,False,False,0.0,0.0,0.0,-0.1055384410356436,-0.8417697925743721
AXON,Falling Wedge,bullish,1,0.6924895599679971,5,31,2228,2229,2025-07-30,2025,2,752.6199951171875,732.5499921526225,891.8900408063619,695.5149716108267,0.9463717641382846,0.0273974516136279,True,0.1475246871159554,0.1579709229525281,0.0128720710767391,-0.0377833597842501,-0.0234680969211616,0.0391544610062635,0.1363402292428206,0.0191184596011513,0.1546941284133516,-0.1238404777123894,-0.1819796609434504,-0.0430790992006044,-0.0222325805109703,0.00473126418013,0.0514847867186776,0.0168917797718111,-0.041821232162853,0.0008435237670003,0.0537189881804813,-0.0054132485559271,0.2478326076665491,0.0154096135631205,0.1338509792461309,0.017140156384038,0.0086484299779199,-0.049117375499938,-0.0723815058110156,-0.0321500206940021,0.040213960890661,0.2352333577473959,0.0253097399146156,-0.0301929757774626,0.0089908599340324,-0.0156047161659211,-0.0382937607399483,-0.0324254952731717,0.016594651465613,0.0724746646609384,-0.0835042106010617,0.0741957151041108,-0.1529183523995534,-0.0082580019387004,-0.2199535131277445,0.032068699701647,0.0180855688589451,0.0277217918715661,0.0226674785008036,0.0114547777349436,-0.000701667118248,0.0425917233579455,0.036390334926478,-0.0192245026371062,-0.0766452028764612,0.1237404459014679,0.0091091116875485,0.0153237723796229,-0.0298945311236474,-0.1181954724049707,-0.1935783380650672,0.321486173593809,0.0648857303185619,0.1927757118138069,-0.0016334460204159,0.3791054541911554,0.1268988260211665,0.0685044964948742,0.1827700787462725,0.1396362557554304,-0.0404997692463075,-0.0537721173576096,-0.0856966491268064,0.4657354918314069,-0.0376922900860126,0.0812016546391747,0.0946634953247094,0.1718528722042225,-0.0643573577780041,0.6724002700113723,0.0570613770821284,0.0694380068840554,-0.1202209641261654,0.0971363343156923,-0.0592427562809541,-0.1977898026248915,0.3026147312605347,-0.253654882993272,0.253627477907667,-0.0376689783011651,0.229094003490563,-0.2378768680667562,0.2069095670404783,-0.1384336864443489,-0.0481384771914128,-0.1015624218667607,-0.2473070028825424,0.4485564738765608,0.0817277467413368,0.3064692952120054,-0.2006049087247351,0.2065385084885818,-0.2350973246619825,0.0148556563192474,0.345813776815935,0.636009344967714,0.3183294996887269,-0.0005382280331871,0.1565736262436285,0.5701662393747602,-0.0940362795193942,-0.2081117408087762,0.0958427239855816,0.2939847232535175,0.2005653589842195,0.0161959556563746,-0.1834351494402914,stop,2268,40,695.5149716108267,-0.0758749752555659,0.1771145978817811,0.0771704412142283,-1.0,2.3342952967722845,1.0170736920084509,2.438840528165817,2195,0.6686302314625993,5,0.0589102177281751,0.2531959683580216,-0.0083409945674884,0.0,-1.0093276522019314,-0.3406974207393319,0.3508599580905103,0.1831928883444466,732.5499921526225,695.5149716108267,891.8900408063619,23.435006277901785,0.1979693654561303,-0.0179366522106765,0.0313051122658118,0.174219160172832,0.951612387189502,0.0,1.0,0.0272159792516075,2025-07-30,16.0,8,-0.0584396058970025,-0.0142493659951249,False,False,False,0.5714285714285714,0.0,0.0,0.0199462520100473,-0.4210600137369096
ATO,Falling Wedge,bullish,1,0.646792435156269,3,25,654,655,2019-04-25,2019,0,84.6898624794503,83.81304326973626,87.6002102914791,82.00951198727402,0.5707267735876318,0.010461608068474,True,0.0058133887213471,0.0089627456951335,-0.0023645090570006,0.0279276678698212,-0.0076169116647764,0.0117834681866058,0.0108698240269111,0.0012242764501806,-0.0180640604570629,-0.0356974179614655,-0.0092341855126626,-0.1244805678014208,-0.0170539878749385,0.0477246771901087,-0.0182820096672347,0.0110093940351474,0.0131493212229234,0.0284360199651003,0.0120133332523473,-0.0017188946215602,0.0004174430476473,-0.0318841328329859,0.0109054513315629,-0.0077839638855565,0.0108394299914424,0.0101438482317663,0.0048477907427626,0.0027745211067931,0.0791265180400531,0.0122216407416362,0.0074697438604285,-0.0323134574691934,0.0395629541140889,-0.0198923102705262,-0.0242874265432431,-0.078264767800239,-0.0096991250466743,0.0203096344344828,0.0478365181767808,-0.0228680057295157,0.0262084649748837,0.033992668705775,0.0201030128805992,0.024824002794817,-0.0264056537337513,-0.0135684924961427,0.0184255577873757,0.0525230467056881,0.0479607781326494,-0.047509023197753,0.0557143392484174,-0.0644044338500891,-0.0460290905173321,-0.1024728863477616,0.1050589977442659,0.0432166261192257,0.0121868975302505,-0.0040836653740231,-0.044626148636238,-0.0149382726699909,0.0549319769695402,-0.0247727739742756,-0.0264020527006985,0.0745512748717314,0.0316763504332877,0.0834869491520955,-0.0345360939421227,0.0046612230350349,0.013242009186065,0.0642291152769694,0.0528288311499216,0.0995217656021227,-0.0365916268662365,-0.0405186316702863,0.0306759620835794,0.0197716809146779,0.1263542174273266,0.0265481139750836,0.0706359971655345,0.0676088639886445,-0.0989062129548928,-0.0081819270868038,-0.0347795475059619,-0.0092439979647834,0.0150194384568311,0.0427588742182625,0.0994344677477208,0.1079242392353412,-0.0173268852997646,0.0976980106649438,0.0259112671340713,0.0350134118136988,0.0640311056369873,0.0392145245456823,0.0855491715826433,0.0406786945794404,-0.0334763900777275,0.0214098680112719,0.039007068269947,0.0590746510806723,0.1134455443588737,0.0738354683990172,0.0879641051954083,-0.1816126633152232,0.070870965758724,0.1139291532716917,0.0935326265604323,-0.0226342862356873,0.1260345566541529,0.0286082243978254,-0.0703903243036943,0.0268997493846863,0.0814368989659548,-0.0404029595245806,0.0283430994862958,target,683,29,87.6002102914791,0.0343647719670696,0.0377869016000353,0.0124151771920659,1.0858086733521877,1.1939362069895492,0.3922769250227319,1.0858086733521877,629,0.4401470269242096,5,0.0493408231166232,0.0504888513924346,-0.3911613562498386,0.0,-0.9236305964008432,-0.4834835694766303,0.9993319190396914,0.0426392747695675,83.81304326973626,82.00951198727402,87.6002102914791,0.9006221525820562,0.0633966024693601,0.0070955724300754,0.0106880643523086,0.0575687910657289,0.8132548947513518,-0.0028972823560063,1.0,0.0443406441624001,2019-04-25,1.0,25,0.1204723933698064,0.0902201359222392,False,False,False,0.0,3.0,0.125,-0.0088293593017607,-0.5223110841038167
ATO,Falling Wedge,bullish,1,0.7770656567898548,3,35,1095,1096,2021-01-25,2021,0,78.67651981723205,77.88765061773069,92.06727264645951,73.52254576314317,1.583380323490132,0.0101282962477979,True,-0.0234634434748918,0.0003552511427534,0.0234145633878495,0.0346720923346348,0.0063362419205847,-0.0281244966181013,-0.0542971467443283,-0.0049578809832676,0.01575291137762,0.011836540036556,0.0096502481948603,0.0139496940195298,-0.0044195005052699,0.0191764689918678,0.0131475879147382,-0.0012220552455435,-0.002149885836846,0.0217961315987154,0.0062872365286992,-0.0083605363473343,0.0219094445347969,0.0030255405210082,-0.0283346034289303,-0.0187266676803637,-0.0319593626377051,0.0688150273137253,0.0395293100527938,0.0434526893409907,0.0071774030560898,0.0304128487271602,-0.0367887457871365,0.0183935135160091,0.0017230522126254,0.003467274713526,-0.0184671011351965,-0.0625978094582314,-0.0071347883587027,-0.0286994113778054,-0.0492309202522007,-0.0047804508271226,0.0143313927903516,-0.0077411110141802,-0.0195754207655711,0.0319363112676285,0.0471116245110669,-0.0222934021066548,-0.0060373411430378,-0.0114603093637841,0.0732400551786898,0.071686856199183,0.0207194640491872,-0.0558528724600835,0.0122131377263847,-0.0287481007941079,-0.0779188602582596,0.0009505086249996,0.0212075071583319,-0.0335637030453531,0.0114923788671341,-0.0582743557784568,-0.0774789517895238,0.0121868975302505,0.0275164978600914,-0.0197434855843404,-0.0842164500867608,0.0369903790179289,0.022311576819076,-0.0048458977707711,0.000469029783782,0.0444203225061103,0.0304980022936005,-0.0148753264717461,-0.0696188581024536,-0.090092128270134,0.0071888116155836,-0.0031933871918691,0.0157273392724917,0.0848357221810214,-0.0325631964932393,-0.030397462271882,-0.0611090947558203,0.0041098230351153,0.0536111102351568,0.0247718093528495,0.050199359005201,-0.0311711270600354,-0.0644699447665476,-0.0263389668957645,0.019070375309687,0.0536113228584447,0.0448430509471784,0.0477133609294485,0.1465558444903147,0.0634683835011185,0.0427810863472399,0.0425411401146427,0.0945553630355262,0.0053007468318158,0.0594519289066615,-0.048885697884073,0.0477803292046044,0.125240415536056,0.0798012725414747,0.0471295802017224,0.0798083459886849,0.0851772559896584,0.0321668464856472,0.0606603633830207,0.0349148811955648,0.1154374928466157,0.0190097368331447,-0.0197354137204708,-0.0235577137464949,0.0053007468318158,0.1023119091441719,time,1155,60,90.20702362060548,0.1465558444903147,0.1642992201795385,0.0619290725308364,2.237206412443185,2.508062849512421,0.945360580224436,2.598141296152624,1060,0.5205091857587634,6,0.0422594509220102,0.0244324033434446,-0.1518102036447989,0.0,-1.279145066224232,-0.7586358804654633,0.7565217661873248,0.1215743209845976,77.88765061773069,73.52254576314317,92.06727264645951,1.8416786915083012,-0.0724987034057544,-0.0456130486773199,0.0234962433512888,-0.1113621437061077,0.6611847141111115,-0.0032554453751029,1.0,0.045759993962724,2021-01-25,58.0,16,0.0010202114615518,0.0208768323264634,False,True,False,0.1333333333333333,4.0,0.2666666666666666,-0.0510956620569251,-0.9787452609891408
ATO,Falling Wedge,bullish,1,0.6925699835510976,3,23,1589,1590,2023-01-10,2023,1,104.6478255975896,103.2539886848366,112.9890108337795,98.89872588928267,0.885058019645574,0.0134991096276912,True,-0.0270223092225484,-0.0251355159799411,0.0026559557263186,0.0145419438985701,-0.0024558510462519,9.31182635022232e-05,-0.0401697733173135,0.0173465214886034,0.0214443582271566,-0.0005556438524856,0.0219094445347969,0.0192835527961707,0.0179713053868828,-0.0157942284301163,-0.0262220734248049,-0.0139061357752947,-0.0164416651487022,-0.0479593132480549,0.0264569814672195,0.0190125325101631,-0.0028568393761212,-0.0039622423394387,-0.0265419066395884,0.0036610338001898,-0.0170409109652969,0.0744247635467469,0.0047209701323127,0.0291827005864553,0.0086031267008783,0.0272009327115789,-0.0418905574201372,0.0314549924172775,0.028501538002724,-0.0116323672694049,0.0131969581319335,0.0647353248508759,0.020510103229028,0.0353597929944495,0.0169655520224396,0.0096399128252573,-0.0339513483968817,0.0207348299199818,0.051534104473381,-0.057268706569494,0.0118190328844427,-0.0115310489885023,0.0150802110129575,-0.0318820784666069,0.0252017636834673,-0.0485096366248486,0.0882640224468296,-0.0132630088838405,0.0567783406301873,-0.0295586333458633,0.0165215900095734,0.0663993522072561,0.0134512234807429,-0.0246923879105291,-0.0250620024131897,0.0021952145091412,0.0476822950681652,0.0010650254127559,0.0587848313472589,-0.0815640014824657,0.0327545668457667,-0.0197434855843404,0.1304523721380026,0.0062924965832915,-9.228589291053817e-05,-0.0303863114887268,-0.0286781268343832,0.001304687767091,0.0429650691457583,0.0590182602672104,0.0253659730806021,0.0679566730011345,-0.1036226480282488,0.0042482647814832,0.0450530160267028,0.010356891914574,-0.1059110329272213,0.0324782122666584,-0.0058886643206811,-0.075038466361867,0.0907416308932134,0.022211073597669,0.1097690594590332,-0.1143236363445384,0.1547430372958285,0.0301717342449689,0.0886485479826013,-0.0493986956758254,0.012510659197443,-0.0347107958190779,0.0274984902591541,0.0087546147800079,0.0167267014929877,0.0670390624108083,0.0985323735904832,0.1376177734724224,0.0256020972126347,0.0165251846408716,-0.0405023580810307,0.0782237449660707,0.1275183551182221,-0.0718656556904807,-0.0001361580298304,-0.0298318002611128,-0.0828855325560681,0.0038885267391792,0.0893512964707305,-0.0104760577135837,0.0046259036815186,0.0501332535074483,-0.0133063316030785,stop,1638,49,98.89872588928267,-0.0549375935474701,0.058577499158606,0.0589845614026179,-1.0,1.066255279419742,1.073664818457162,1.450868076637746,1565,0.4315784631439934,5,0.0434275917841972,0.1131141914916986,-0.3771381643267765,0.0,-1.0761859401202465,-0.6446074769762505,1.1155909208477683,0.0781477411409664,103.2539886848366,98.89872588928267,112.9890108337795,2.0759140285086377,0.0196444950749437,0.0108638447055795,0.0199100336739685,0.0342779878487224,0.9403026714340892,-0.0009666236450327,0.0,-0.0023048235307066,2023-01-10,55.0,16,0.010900023492752,0.0058812404705534,False,False,True,0.0666666666666666,0.0,0.0,-0.0499448463535001,-1.7657396019289693
ATO,Falling Wedge,bullish,1,0.6357270161302416,3,23,1741,1742,2023-08-18,2023,1,108.97233058807252,106.58124217141676,119.75604847781165,105.77754437412553,1.0919640042968424,0.0224344206160604,True,0.0042660324178307,-0.0012645484500728,0.0252073789649343,0.0113529734720387,0.0222447054604542,0.009853585710517,0.0297118776232414,-0.0001970904646604,0.0604960117197248,-0.0287612982435281,-0.0063653111301337,-0.0025975169051531,0.0065546819486264,0.0065378901437795,-0.0175302283776001,0.0202089041143616,-0.0518412129804808,-0.0371370577958616,-0.0011379787916546,-0.0111507732897807,0.0370090395035935,-0.013794535617541,0.0013328301645868,-0.014761187983609,-0.0459346065437541,0.0222326833361066,0.0169124152805968,0.0064325622938348,-0.0276470903666579,-0.0128587610908977,0.011018914725813,-0.0492561781381921,0.0048004563114321,0.0068433180773832,0.0019445750456537,0.0041801173442175,0.0188248675032389,0.007379520981918,0.0169655520224396,0.0191207075453121,-0.0069648958204916,0.0205156595536037,0.0135986240780587,0.0447878309731326,-0.0200888510593679,-0.0196982894134657,-0.0230376122855401,-0.0405093817289522,0.0631709973881109,0.0264569908263276,0.0172914289309704,0.0031246940259668,-0.0004963823060205,0.071686856199183,-0.0095273472211492,-0.0562964068172957,-0.0364995017245216,0.0006318754947722,-0.0558484901238448,0.0437268631542915,0.0214292933728466,-0.1049369262242867,0.0198276904999168,0.0305344958401641,-0.024142733398476,0.0060033033872282,0.0510305446786729,0.0544784722080711,-0.0291198981950865,-0.0422354524614888,-0.0422994620003914,0.0113853437221789,-0.1357401229937327,0.0494940374485475,0.0455508070995562,-0.0433628860145776,-0.0311711270600354,0.0499281951664767,-0.0300080904693538,0.0883768623103411,0.0113414529137703,0.1027271125972488,0.0518660649420301,0.0530570319985275,0.0387493918652586,0.0797191513279107,-0.0013502241384367,0.0465844520198022,-0.0882562558135153,-0.0306912781097538,0.1154029489498567,-0.0614155958495938,-0.0518770449961447,-0.0614592117393242,-0.0660574189812234,-0.070510244610332,0.0136992925422276,0.0730957590917849,-0.0015421302253675,0.0257412424237877,0.0277326414205041,0.0427901852095287,-0.0456442646493054,0.0983157413867019,0.0172140015038435,0.0189169255488428,-0.0081608936056837,0.0356007597652268,0.0823732372338639,-0.0907365661239455,0.0398536403033726,-0.0779980565940343,-0.0390117507835409,0.1538660988297191,-0.0633539549804433,stop,1752,11,105.77754437412553,-0.0293174074254102,0.0073377095121363,0.0441981505629944,-1.0,0.2502850748588566,1.5075736377933178,3.375411425860741,1717,0.8426611794088268,5,0.0354131621385131,0.022379727349286,0.1619387279303348,0.0,-1.153758487207105,-0.3110973077982816,0.0835238415770222,0.0942838752098819,106.58124217141676,105.77754437412553,119.75604847781165,2.055794827974258,0.0280050479683264,-0.00627806452091,0.0189040063710139,0.0239560532711131,0.7934793425439123,-0.0037951205120724,1.0,-0.0346763612010332,2023-08-18,55.0,16,-0.0549501895809534,-0.0582106655659475,False,False,True,0.3333333333333333,2.0,0.1333333333333333,0.0316103441385644,0.4904942864384259
ATO,Falling Wedge,bullish,1,0.7783401294880696,3,35,2091,2092,2025-01-10,2025,1,132.03598531204167,130.51544064605673,151.3152190658509,129.5857488370437,1.2263296796440062,0.0116503048103595,True,0.0583909885719584,0.0205114262980796,-0.0253594852514287,-0.0112325661176966,-0.0008669165378043,-0.0199988615732397,-0.0203230570177359,0.0240403525604435,0.0010057575837127,0.0071423204222946,0.0119999389456562,0.0131422591361958,0.0251049673667858,0.0184355488693646,-0.0655410725438427,-0.0160432812588304,-0.0293683139158056,0.0561855916775637,-0.0291812475583248,-0.0551411122678237,0.0044136046620675,0.0044468648304789,0.0637479239713569,0.0399709067911233,-0.0010175642808638,0.0030930887350273,0.0332585563275258,-0.0141254642529558,0.022230481405872,0.0177505347779303,0.0152621557074921,-0.0323689255672182,-0.033651481560334,-0.033311439071223,0.019872571797521,0.0211905415072406,0.0007899198183454,0.0051289728438284,0.0157297829426805,-0.0012780365486627,-0.0331533599678861,0.0168931887501928,0.0621279817728095,-0.0461434310035394,0.0408733348205485,0.0359624581293636,0.0358937601189282,-0.0146122803997759,0.0024990394884147,-0.0435985896315229,-0.0450660265398208,0.0513603808374525,0.0172643977067541,-0.0108151564747537,0.0172685273750472,-0.0252409933012311,0.0721393740101368,0.0119661168580083,0.0059472670168521,0.0331966673380357,-0.113017284215216,0.126823518976135,0.0299273094727703,0.0245772948672131,0.0191848012972033,0.0029051489530769,-0.0095687628532625,0.0923729647800803,0.0228874603208595,0.0886485479826013,0.1231243795890947,0.0480842817149882,0.0337396711188087,0.0202099344197828,0.0161388382458806,0.1038000062816806,0.0385666535607709,0.1196785957768689,0.0527815592285456,-0.0177818272560743,0.0265060699036341,0.0549945703793839,0.0194544495227457,-0.090092128270134,-0.0060999825879919,0.0659509541933389,-0.0294233923125823,-0.0162783993645753,0.0637696780490955,0.068495701805411,0.0273503929272389,0.0586562666157605,0.0753938920749837,0.2105112925542529,0.138452387138364,-0.0045232122074556,-0.0612551366960398,-0.0046517574778713,-0.0416070793733821,0.0578960368818814,0.0211569818888279,0.0738641509634989,0.0472581013756592,0.1387542603443188,0.0064876335510504,0.004137389223471,0.0620832589466928,0.0806380222660043,0.0801039917540287,0.0941907621478459,-0.0864473568581819,-0.0869541709920641,-0.0687686039170595,0.0262113950569768,0.0515425393741554,target,2148,57,151.3152190658509,0.1460149951412599,0.154263352294513,0.0051693242250901,7.868315548532974,8.312795081446751,0.2785595694218671,7.868315548532974,2055,0.8813745722923327,7,0.0954875487689678,0.0425242451666472,-0.0942633970584282,0.0,-1.375535238699268,-0.4941606664069449,0.0697575951220252,0.1029570708657158,130.51544064605673,129.5857488370437,151.3152190658509,2.125179051602018,0.0701663421597711,-0.0350501736065399,0.0161318635288941,0.1570656304836895,0.1244190052948768,-0.008600806685749,1.0,-0.0337697731153108,2025-01-10,1.0,28,0.0566641110523162,0.002464620014003,False,False,True,0.1481481481481481,6.0,0.2222222222222222,0.0143700827481453,0.2297413225098995
ATO,Falling Wedge,bullish,1,0.6057296997235185,3,36,2200,2201,2025-06-18,2025,0,148.0988922160867,147.82825962508196,164.25382592405165,144.45823182998322,0.5018028846153846,0.0018307229733416,True,0.0039390842870969,-0.0186051306605341,-0.0053383733987156,-0.0262220734248049,0.0168067671031142,0.0294273617534757,0.0088375430596461,0.015982362200458,-0.0327531795866241,-0.0180640604570629,0.0153084882837906,-0.000690382615006,0.0168109550029209,-0.0195499915118227,0.0007736975226124,-0.0103599841596737,-0.0112414192871539,0.013380535995078,0.0221176241912517,-0.0184335472097627,-0.0127868578087485,0.0092311396261157,0.0042772540231425,-0.0002626262554091,-0.0453176262045665,0.0381852173463941,-0.0376301024213943,-0.010030951290336,0.0123469391811819,-0.0287678367779609,0.0014011750043432,-0.0151335319628028,-0.1952197981219954,-0.0500369529809732,0.0162308377715583,0.0207348299199818,-0.0083181971552338,-0.054025846968205,0.0488852802210773,-0.052936027733677,-0.0012369569166144,0.0201544794125578,0.0121466094977547,-0.0383328939802802,0.0422106726886144,0.0137060265078912,0.028492627427425,-0.0203058164224507,-0.0017674741406703,0.0128956920579481,0.0319480884288803,-0.0282816400411332,-0.0403721502095322,0.0795874015951541,-0.0124228189372322,0.0242724691780489,-0.0187811577521884,-0.0295106584063908,0.0225747708587256,0.0359916580315113,0.0958135977040675,0.006148114715599,0.0805393626393753,0.0001722397086802,-0.0079010742207048,0.0533746359005484,-0.0570676938696768,-0.034498558210775,0.0178568871759133,0.0856747747357393,0.0103713908666798,0.0385666535607709,0.0645979002612948,-0.0362912517319731,0.0395398860667493,0.1447272889808979,-0.0268701961724159,0.0799271328392359,0.0914145210838712,0.0401383706179423,0.0477449605131108,0.130558604164537,0.0901764495936299,-0.0242815664282443,0.0687757528245649,-0.0317767009746005,0.0538693660564528,0.0799271328392359,0.1033086098417195,0.0333643449513922,0.057032038483366,0.0334523098671624,0.0942229544905299,-0.01027584723346,-0.0354111137453418,-0.1241441058365495,-0.0717230991631322,-0.064147522618349,-0.040348687074409,0.147842980143332,-0.0358186801126367,-0.2708005497014766,0.0902986737073945,-0.0257417731296165,0.0582185325369737,-0.157405823354515,-0.008238955306242,0.1885424945023011,0.0013084849272042,0.0208051064108918,-0.012875585750915,0.0136503098241855,-0.0108397177992064,0.065224678689028,0.1078031721330839,time,2260,60,162.05320739746094,0.0942229544905299,0.1085870859002612,0.0153623785442307,3.832907687472928,4.417228037030255,0.6249281731657997,4.437363553499464,2164,0.6872154351565489,6,0.1828806703793686,0.078621949430486,-0.1073470989243773,0.0,-0.9829594550646074,-0.2957440199080599,0.2934646741256554,0.0967803870234077,147.82825962508196,144.45823182998322,164.25382592405165,1.8570705027626613,0.0524716435142182,-0.0187402247608343,0.0125336355222552,0.0963875201361064,0.2358495998157423,0.0013131204311847,1.0,0.0077423468895048,2025-06-18,1.0,28,0.0234699327364962,0.0003856987980137,False,False,False,0.1481481481481481,1.0,0.037037037037037,0.0018914475518091,-0.6374672812335868
AZO,Falling Wedge,bullish,1,0.6629541026053516,3,43,741,742,2019-08-28,2019,0,1102.81005859375,1079.1837329444047,1222.536093549406,1026.461222010334,1.2371661368701816,0.0218927740736825,True,0.0287719360387503,0.0078615455275852,0.0038094773677836,-0.0578611317686362,-0.0006643552653298,-0.0404770170960905,-0.0099770786702545,-0.0156280742145008,0.0062169045973632,0.0087223522998329,-0.0259162110261967,0.0181928198166816,0.014678225028023,0.0091367756266873,-0.0153839038796862,-0.0516209476309227,-0.0318755582892757,-0.0763257307388872,0.0066750627733276,-0.0409139010784255,0.0045214983075241,0.018314673823657,0.0425907420396166,0.023811795594971,-0.0089933172697176,-0.0014006402238712,0.0729052782511294,0.0301544005278591,-0.0655142647879464,-0.0547510387478318,0.0089315669783744,-0.0010783844807806,-0.0440337798709566,-0.0658019603849863,0.0390742450559853,-0.0058824815947168,0.040098675550801,0.0462925017944118,-0.0007500549712049,-0.0289663667547515,-0.0109511118625752,-0.0040883666484337,-0.004031064333183,-0.0572549796129249,-0.086591412210249,0.0334937575112635,-0.0155240850898029,-0.0383252615283128,0.0277805714328285,0.0715698663699269,-0.0212657078488537,-0.0703702711206205,-0.0689881598066467,0.0798004394304709,-0.048173200381047,-0.0394314812627411,-0.0180718994140625,0.0137379086354525,-0.1424124957846223,0.0384445138194764,0.0043458655170505,0.0040907736602242,-0.0696036435237846,0.005592738138785,-0.0001155047761357,0.090624517185315,-0.012555669802177,0.0025168426916295,-0.0078998852478263,0.0190150339486971,-0.015391204642444,-0.0052293434027255,-0.1677053919703188,-0.043646255230681,0.0858756881016957,-0.0212468938145231,0.1290175069412842,-0.1759875460065635,0.2259638556962666,-0.0426798245562636,-0.1102977255180601,0.0796356983317509,0.1674979713422584,-0.0573331828987108,0.0492612066102502,-0.1091871961137095,0.0787715331638576,0.0717798381917345,0.0069562565960432,-0.0114844816077449,0.1705543730164309,0.0029892296050836,0.0540799316377063,-0.0144202395111068,0.0787523238396683,0.0709721089550774,0.0777150667484514,0.0628881261622271,0.1029937554590449,0.2207927466319166,0.0860426248817467,-0.1446115541064049,-0.0287214358754626,-0.0897029965979201,-0.0267260407748287,0.2008474925012282,0.2610305719500545,-0.1078420142644307,0.0188509427584133,-0.0412630457153072,0.0618782999646605,0.0049987061453895,0.2679850818518277,0.0453492989140864,-0.0020315713337656,time,801,60,1162.449951171875,0.0540799316377063,0.0772662166739353,0.0571903274438745,0.7811499853434521,1.1160610266065116,0.826077661189597,1.5681448508366935,698,0.5450701417365698,6,0.1010358647290945,0.0518512192877345,0.4068255095906878,0.0,-0.8575580586470919,-0.3124879169105209,0.578631905129978,0.1326823852561882,1079.1837329444047,1026.461222010334,1222.536093549406,24.872881208147323,0.1173304884377794,-0.0162203308948133,0.0226592959176456,0.169036258512369,0.8271791307369839,-0.0007419669920988,1.0,-0.0287127932019778,2019-08-28,35.0,14,0.1118385563092398,0.100563823410541,False,True,False,0.0769230769230769,1.0,0.0769230769230769,-0.0249162256280836,-0.9297600521822786
AZO,Falling Wedge,bullish,1,0.6062069584326675,3,38,1198,1199,2021-06-22,2021,1,1436.5400390625,1382.127158203125,1592.0088769531258,1359.3376428326992,0.7440953110847907,0.0393689397798362,True,0.0383977547506249,0.0277406326367661,-0.0046138960021664,-0.0430137740619359,-0.0427078312446443,-0.0301004900314298,0.0598645507995763,-0.0112568450344828,-0.0426037480027936,-5.065104166668277e-05,0.030248416876941,0.0081237453212399,0.0067726454544991,-0.0344351416496681,0.0365128490766006,-0.0944443020396911,0.0120584227549176,-0.0035416334038468,-0.001886249296322,-0.0101254773770093,0.0033195007465756,-0.0243558397940805,0.0477095421480942,0.0784871962730546,0.0518562867754233,0.0152980167488605,0.0784871962730546,0.0050463543385752,0.0349748812817236,0.0192886829022771,-0.0005962739207454,-0.0097304665374182,0.0563200800671506,-0.0287698846711046,0.0938289991717413,-0.0913330998467691,0.0343897251716991,0.0210876487024282,-0.0004310949093632,-0.0082679248672685,0.085868860463627,0.0911428707594748,-0.0131775662823563,0.0195688938932487,0.0271983020539512,0.0569774862334153,0.1076962400842409,0.0808526090881933,0.084720410641617,0.1232647767063679,0.0891880300837728,0.0523973843926153,-0.0073689942402496,-0.0203865669132424,-0.0172877478257794,-0.046533142970852,0.1195536978044422,0.0496598757204922,-0.0906215210353837,-0.0956934004668218,-0.0026918728751822,-0.0688625746958132,0.1047702196962345,0.0433053774575435,-0.0966855708136358,-0.0684624435530348,0.0447297517243805,-0.0362414424211839,0.0996585277634266,0.1233937133289417,0.0856093149212555,0.0323145295600002,0.2481153049738631,0.0063474467399415,-0.034458055163705,0.1261568566555482,0.0998590246604502,0.1342236717268181,0.0254210354989035,-0.0606046188044444,0.1656328558483366,-0.1051731982043694,0.1044257794505447,-0.1963383640299959,0.0800645458776223,0.0817044425681694,0.0814808623841465,0.0104818632182834,0.0575254806635958,0.1441856116137136,0.0472721466814471,0.0709618522329982,0.1189524832139941,0.0622876437089598,-0.0754162775202278,0.0098795837117009,-0.0208540555838108,-0.089312515258789,0.198886006687545,-0.0075079357200147,-0.0596926805449695,0.1218665010804178,0.1186645359305222,-0.18678200596712,-0.0193992068048612,-0.0886314359968998,-0.002989533607042,0.1811677019881492,0.1193680030357671,0.0922387137501539,0.119045076559034,0.0581395156148185,0.1994962665729425,0.1500087638474925,0.0780437321252536,target,1214,16,1592.0088769531258,0.108224507262663,0.1136550427357399,0.0127250398873704,2.0137825441046795,2.1148309832930594,0.2367805947688803,2.0137825441046795,1159,0.8070428839973202,5,0.0922436144589723,0.1930260512702315,0.1618360585484313,0.027027027027027,-1.2923383592397455,-0.4852954752424264,0.1738761840762029,0.1056862619409187,1382.127158203125,1359.3376428326992,1592.0088769531258,23.18430001395089,0.1313699555052225,-0.0102962282597167,0.0161619379672017,0.2137236402132796,0.8059995825932883,0.0021192427604828,1.0,0.0127016010386671,2021-06-22,30.0,3,0.2480361312129448,0.1509706459794484,False,True,False,0.0,0.0,0.0,-0.0029856246029269,0.0295599040971435
AZO,Falling Wedge,bullish,1,0.6625387111759748,3,32,1843,1844,2024-01-16,2024,0,2676.199951171875,2571.481272881343,2785.861545442991,2509.2435610774864,1.462546283110225,0.0407230958260858,True,0.0344182456850958,0.0067806606182649,0.0065192647622944,-0.0302187936841302,-0.0040068422961929,0.0774647887323942,0.0024564832840772,-0.0494693242435119,0.0051129026042742,-0.0038937094386706,0.0193015012380954,-0.0110252349324044,0.00353248507031,0.0493425980676145,0.0196292257360959,-0.0649827628300108,0.0003105242503123,-0.010101724496346,-0.0118913707215169,-0.0159895091719191,0.0214150014290896,0.0405055137983807,0.0322176948271841,0.0607054644277833,0.0202874429701349,-0.0117110768225286,0.0247748547592012,-0.026497886898699,-0.042866438913291,0.0001750716092072,-0.028264986348951,-0.124024351456481,0.0427441937013397,-0.0283682330328673,-0.00558258731941,-0.0400186901683063,-0.0192530562237995,-0.1160236592977,0.0570523979941222,-0.0360998527185895,-0.0539104290081863,0.0615948278190916,-0.0190215231047486,-0.0211842222934898,0.0838853599574269,0.0758354788161163,0.0186645064207562,-0.0285145056144178,0.1144333637305548,-0.0956686128882403,-0.0686750146763756,-0.0580072795313811,0.0521683957943599,0.0693456367638558,0.0329436860055709,0.0744572843319277,0.0272964416411216,0.035446287628817,0.0232438994616996,0.0558235682843455,0.0099689614511826,-0.0125419524526827,0.057018849348948,-0.0584858841337444,0.0307860362122025,0.0234722298806366,-0.0307346931205882,0.0960071323626381,-0.0002504103839862,0.1543382582013854,0.0607644236975155,-0.0115863598466554,0.0643628503635207,-0.0450733055578964,-0.1943010387368327,0.1820615011934616,-0.1805755503527879,0.1022968516760369,-0.0650492081953303,0.1058768772105642,0.1242321104574091,-0.0663000007096554,-0.008265866192762,-0.090109728493482,-0.0711556916597691,0.1652300476434363,0.0424730030862761,0.0011774695995279,-0.2387117266111057,-0.1425151789999116,0.0510415277981606,0.1680828290177752,0.123518445790645,0.0222310531875056,0.0526582874977006,-0.0446029671163644,-0.0089753930553511,0.0564825782426787,0.2292782715790493,0.1118873777891149,-0.0332386201577917,0.0150059795077903,0.0735354216236634,-0.0219236950783379,0.2353154288699248,-0.0835024810482709,0.2388065940302242,-0.1102372725751336,-0.151147396216566,0.0070520656435619,0.0124643817267413,0.0298559939581668,0.0312841668169268,0.0881032898388709,0.0871133451968151,target,1852,9,2785.861545442991,0.0409766072311212,0.0487669128416493,0.0076414137751255,0.6568277752598685,0.7817011956945246,0.1224867832870227,0.6568277752598685,1811,0.5681182337752944,7,0.1688515465871471,-0.0103521608405257,-0.3146336733506574,0.0,-1.05706644381123,-0.4889482100359296,0.5401723584638134,0.0681951143637791,2571.481272881343,2509.2435610774864,2785.861545442991,42.4178466796875,0.046649242176656,0.0177141367817534,0.0158894521002206,0.0492605146103612,0.9809144645869106,0.0037444524079273,1.0,0.0102657096501321,2024-01-16,51.0,3,-0.0266384514761813,0.0157180747253173,False,False,False,0.5,0.0,0.0,-0.0043946503764751,-0.3565175188824731
AZO,Falling Wedge,bullish,1,0.7258489083374844,5,65,1946,1947,2024-06-12,2024,0,2822.60009765625,2808.2977885584696,3328.3817414314544,2692.3671877892684,0.9856051283518874,0.0050928748211998,True,0.0657655623857726,0.0586773098380881,-0.0100946307513646,0.0019279308017834,-0.0161814502906143,-0.0033451140397225,0.0209038455875438,-0.0130360180573618,0.0824659766409219,0.0297064908298156,0.0834274266580623,-0.0344351416496681,-0.0196480537502872,0.0290381871356866,0.0667363745987918,-0.007871417103708,0.0652112578069725,-0.0174921734309382,-0.0233959139191082,0.0176718957738328,-0.0305299067056366,0.0256292354938361,0.0534311223043308,0.0470487494129157,0.0378753792773587,0.0009454017505416,0.0085711378794706,0.0253246753246754,0.0492967329827152,0.0316802621029748,-0.1079391198457297,-0.017953530272046,-0.082485418887395,0.0382188343222287,-0.0314150436488256,-0.0485441716982666,0.0382188343222287,0.0446421257931206,0.0346244224492737,-0.0228725085140339,-0.0603651650991419,0.0328336491267815,0.0061478312369798,-0.0154166064534427,0.0033396356296488,0.0507061504878278,0.034801238953515,0.0004709735899126,0.1553207660169213,-0.0372830778696796,-0.0584038888118095,0.0479696551856267,0.0181648154155917,-0.1028730034294812,0.0021613066847181,-0.0735387105736536,-0.0077835757742344,-0.0287140930117009,0.0173336540197552,-0.0067431327703229,0.0566140722653198,0.0292573102174429,0.032561399225603,-0.0245211185958301,-0.0837090128867381,0.0336410567245775,-0.0321005730937732,0.0187961566583578,0.0369937386736805,0.1054523815084198,0.120992640237447,0.1482065078127583,0.1132464616694968,-0.0103940475086959,-0.0074172110791869,0.1078407310103244,-0.0346800214889194,0.0030795592745347,-0.0886337842338883,0.0151360247576142,0.0175469021099188,-0.1131397604169015,-0.0111250522628217,-0.2521143986744633,0.059458793262697,0.0294366501257712,-0.0726977954601012,-0.0115962300540107,0.0439566381615281,-0.0450714865338507,-0.02187102695681,0.1119940088326701,0.1055409523265842,0.096293492889975,0.1082660235482877,0.0680550494258172,0.1857084732156366,0.1195890728569928,0.0100652280061142,-0.1494321417442972,0.0779270164797265,0.0258394245258748,0.061806440224126,-0.0479159141976525,0.1581299647848899,0.0725791283234402,0.2498096769203361,-0.0372262994213837,0.1059219638486697,0.0238332852984679,-0.0029657271295655,-0.0837059104592405,-0.097002282498687,0.0135542830066568,0.0623991145758737,time,2006,60,3120.5,0.1055409523265842,0.145759196358217,0.0107915411408855,2.287439500875943,3.1591087252463272,0.2338902287389317,3.883669990110826,1881,0.5642653726731027,5,0.0118914243982943,0.1606522182371992,0.0766459913839259,0.0,-1.4716523952535652,-0.9073870225804602,0.5813617767834085,0.1030437560991142,2808.2977885584696,2692.3671877892684,3328.3817414314544,41.704258510044646,0.0228600685703379,-0.033370494333672,0.0147996080533358,0.0700322504805865,0.7216097093580326,-0.0008039792325484,1.0,0.0345117953001823,2024-06-12,51.0,3,0.0634494017675402,0.0125299089829336,False,False,False,0.0,0.0,0.0,-0.0053891535012901,-0.4267129256464867
AZO,Falling Wedge,bullish,1,0.6286308037148873,13,159,2417,2418,2026-04-30,2026,0,3720.0,3596.363590225832,4346.954546857049,3165.050720058646,1.7768048060278994,0.0343781730273842,True,-0.0443871282762097,-0.0587095227605066,0.0433333333333332,-0.0429384390758627,0.0199981190620914,-0.0030058746807654,-0.027320926926147,0.0106838457893427,-0.0114809554255302,0.0733947609535741,-0.0158013240966861,-0.0168596825752902,0.0427483888057445,-0.0328915087299352,0.0087223522998329,-0.0432471906225477,-0.0200191907755044,0.0235428315662578,-0.0077150346505755,0.0324226383321033,0.0035060598829348,0.0294808260741814,-0.0477147797032373,-0.091526876470094,-0.1288509950289813,-0.0359026049453763,-0.0122107163915093,0.0374316547880257,-0.0453031747309378,0.0283770178988,0.0513809142062882,-0.0284687189994983,0.0120925309865249,-0.0378285896665725,0.0463553666345237,0.0101886485357705,-0.0317685324879545,0.0872087827154663,0.0642997311495008,-0.0912222212266528,-0.0265233634244627,0.0674795085003538,0.0188044330976513,0.014149606073313,0.0380210518698604,-0.0998549426992498,-0.2109704458585349,-0.2598162127806575,-0.0178286317933049,0.0556373361315578,0.0560143546351619,-0.0961123497445001,0.0470719273761595,-0.0566093127384857,0.0566140722653198,0.0461205898500711,-0.0906215210353837,-0.0624339368030046,0.132518479926365,0.0308364740682949,-0.1030906736047306,-0.0797680205280093,0.1234184912914144,0.0293712745974681,-0.0262124859200643,-0.0197980294597125,-0.0131589685394606,0.0129203156530812,-0.2122149151399468,-0.1522526566700268,-0.18228247166687,0.0029002284336321,-0.1513570068641487,0.0760054249502022,0.0264905935453581,0.0019295428954479,-0.0505192874778811,-0.2645738961999007,0.0747448566685615,0.053454195605932,-0.0900241251793654,0.040575044969191,0.1242633584104937,0.1757307579490954,0.090862522348065,0.062485754082413,0.0113631465397006,-0.1258793798958984,-0.0616672239300543,0.1048048037574405,-0.0956794546771523,-0.1525481494665834,-0.1616128900999663,-0.1914480772122927,0.0585020035846597,0.0898966394869007,0.134278986240186,0.2468887596054161,0.1107636269206748,-0.0097176402341508,0.02188942852263,0.1524732749880726,0.0480985710186967,0.123518445790645,-0.0912878539265206,0.1748714282419685,0.2973754477263288,0.0635470333071286,0.0776119872242542,0.1791415249458023,0.010490231537636,0.1122374383478819,0.1233131369564199,0.041228482346211,-0.2598689377315085,stop,2434,17,3165.050720058646,-0.1491799139627295,0.0026398033224126,0.1932795698924731,-1.0,0.017695434005091,1.2956138984016392,1.129751077293594,2258,0.4019104076696218,6,0.1462555715120357,0.2246026813533153,0.1610403510649685,0.0303030303030303,-0.7343650552396361,-0.3324546475700157,1.0499577899621009,0.1933851884417326,3596.363590225832,3165.050720058646,4346.954546857049,82.8878173828125,-0.0176119510008374,0.0430351697434474,0.0223777390375387,-0.026024183724198,0.9185607215272272,0.0226163142052568,1.0,0.0967889400184873,2026-04-30,5.0,3,-0.0526846870604914,-0.0442273031514437,False,False,True,0.5,0.0,0.0,0.042331778060057,0.9501653746170464
BALL,Falling Wedge,bullish,1,0.6184135650772005,3,27,1082,1083,2021-01-05,2021,2,84.6630926244949,86.39711835471559,91.93792907514968,84.06876325609092,0.6598415191905911,-0.0200704116438398,True,-0.0084606837424117,-0.032966358226977,-0.0065974851473026,0.015445050426696,0.0987385855354998,-0.004132898342779,-0.030253717141023,0.0071691553354791,-0.1334362729455808,0.0301566979669576,0.0053532781169527,0.0265687614767848,0.0072083792634654,-0.0144071429263377,-0.0829839802275138,0.0506566093489662,-0.0220640408858168,-0.0262704086017011,0.0077450997089327,0.0026660732323606,-0.0137063789357521,-0.055504126495228,-0.0015782456805647,0.0137347626272412,-0.0246198297708857,-0.0568236702948334,-0.047017279402708,0.0667818388314658,-0.0154142158962206,0.0122400470034218,-0.0138084117597219,-0.0216334417738481,0.0111078859526358,0.0639773407796484,0.0317821854802804,-0.0314636981709468,-0.0417398485954123,0.1380996933506635,0.0163800665515265,0.0273003220625329,-0.0034316866416034,0.03159474668022,-0.0524056873596793,-0.0312312595171028,-0.0271567729404469,0.0108778549102476,-0.0005495988086903,-0.033386083792489,0.022752778771677,0.1340843216079474,-0.0094302954928366,0.052426070264004,0.0156306794176799,0.0180414863388016,0.0276180771232501,0.0731515763658308,0.0542885089994584,0.2115867595458926,-0.0124461413325894,-0.0354689265617834,0.0575174450680782,-0.0572538904494974,0.0890773325868297,0.1990298836631727,0.04875621229137,-0.043715501448428,-0.1043670449411742,0.0374609530317355,-0.0394866130511612,-0.0809204327629217,-0.099827192402559,-0.0266070925348391,0.1058916913611085,0.0294087247514365,0.0520759589841892,-0.0291881513935329,0.159918581472003,0.0434829281852739,0.0621793127677599,-0.2297595877834423,-0.1342751187222763,0.1279773387971881,-0.0367031529227652,0.1510382854810152,0.0755511063546818,0.099679731518298,0.0535789237792676,0.0533014940575473,0.14157194795466,-0.0004610723694465,-0.0207162907598311,-0.1148177107118365,-0.0504312741756213,-0.1375591514925324,-0.0861130476996789,-0.1520266817318393,-0.0597275919506691,0.1786389686260552,-0.1209007881507623,0.1034220564978465,0.1439438458994582,0.0017133928945849,0.0636841911610046,-0.0529815577510491,0.1268698094712006,0.1868602369614096,0.1828483979384365,-0.014999778989989,-0.1404586846890175,-0.0738465282828741,0.1373996491760556,0.024872675167251,-0.1199509880651011,0.0205029619405783,-0.0679188010967663,stop,1084,2,84.06876325609092,-0.0070199345426701,0.0214261828642008,0.0079113528691269,-1.0,3.0521912610385997,1.1269838516354165,12.240412198022062,1053,0.5912720823024895,7,0.1725279569395232,0.0709176157936417,-0.1188279167426855,0.037037037037037,-0.8845166347124757,-0.293244552409986,0.6286291739211854,0.0667819121708858,86.39711835471559,84.06876325609092,91.93792907514968,1.8724865530173835,0.1572941686545825,-0.0306258594751751,0.0222121001846519,0.2511173472807744,0.725929233047182,-0.0001113340999214,1.0,0.0082814092415661,2021-01-05,53.0,9,0.1733930904136593,0.1415098032547788,False,False,False,0.125,0.0,0.0,-0.0392299503337841,-1.0135045407031225
BALL,Falling Wedge,bullish,1,0.6661331492685365,3,37,1642,1643,2023-03-28,2023,0,51.1873541267592,50.52512819631886,58.71617635556481,48.30165946396761,0.5788083761766991,0.0131068629428749,True,0.009302130097619,-0.0125517852826186,-0.0442398470587946,-0.0725775160134559,0.0397465209472038,0.0191151809511513,0.0047383076389371,-0.0005163119198655,0.0039258856819146,-0.0226213969231616,-0.0081182802642143,0.0100370739208273,0.0036651687602993,0.0020664546163715,0.0032048278952878,-0.0666197973240019,0.0069476854041243,-0.0041075608909501,-0.0240814693841732,0.0524966328170464,-0.0744348833385335,-0.0087362993191175,0.0183076112877742,-0.0558139224036809,-0.0761173379002563,0.0964342852362092,0.0070610288470718,-0.0409370241171237,-0.014216787153232,0.0303054802800533,0.0967859435925826,-0.0243357119898519,0.0605549092553059,0.0531349844408493,0.0059111685522252,-0.0487446841058175,0.0371429172969763,0.0605549092553059,-0.0524938728456074,0.0329839135207199,-0.0645100579576891,0.0550999251468495,0.0303054802800533,-0.0671188115021578,-0.0042785844449674,-0.0682958929830687,-0.0466977480872276,-0.057774643843338,-0.1979071496146217,0.0363138083971006,-0.0527359595044908,0.0384586704730218,0.0569781374613311,0.1152158433027852,0.0080123920515984,-0.172717766897975,0.0313252393765635,-0.0206228770979181,0.0609834478733373,-0.0250859014754859,-0.002964106943475,-0.0231550251102569,-0.0135083418783729,-0.0712984259803681,0.0255970027470198,-0.0184565917259877,0.0987655302736922,0.0997987084623788,-0.0453475797967214,-0.0011163548354705,-0.0290212186413499,-0.0482391228966196,-0.1417330908646424,-0.0380915601730202,-0.0579930681253034,-0.0682719434121978,-0.1100927507024527,-0.068606486036244,0.0578495963112226,0.0563094750798711,0.0972657077776149,-0.121911482739708,0.0287543837836059,0.0881951514786958,-0.0265046467437624,0.1731240168581223,0.0019123971497994,-0.0077019461323563,-0.0291112042276527,0.0768810777596356,-0.1801032897390291,0.0147870844442505,0.0423337204577636,-0.0449044959694557,0.0529944745569876,0.0102031755667642,-0.1160790277069933,0.1928868989848449,-0.1505183031990801,0.0549611997307779,-0.2545763068533858,0.0535738407299462,-0.0403862879135658,-0.2565773151905142,0.4555995800578656,-0.0708399593563904,0.1293115580253441,0.0208436668061109,-0.0847715810121758,-0.1505183031990801,0.2732635445268512,0.1251408023657163,-0.1023118371042112,0.0320516572359741,0.0336211466051743,stop,1652,10,48.30165946396761,-0.0563751479641929,0.0325581370871756,0.0593487806913864,-1.0,0.5775264147928303,1.0527472270065203,2.6090155434263096,1605,0.5749350609107677,7,0.1927210895840447,0.1180683820771089,-0.1280946333528346,0.0,-1.167638936942852,-0.5927038760320756,0.5512915327846184,0.1082839400319745,50.52512819631886,48.30165946396761,58.71617635556481,1.3679440848726867,-0.060869773394266,-0.043053255276508,0.026949885844598,0.1112990542432108,0.968082429712357,-0.0034187447015341,1.0,0.0021443794649569,2023-03-28,42.0,7,0.2139115520139174,0.0443939599706761,False,False,False,0.0,1.0,0.1666666666666666,-0.0192537432059069,0.2423915537900695
BALL,Falling Wedge,bullish,1,0.7437949920565112,3,24,1849,1850,2024-01-24,2024,2,54.488776301081536,53.839492347028965,58.39110989275628,52.03659884261128,0.7348621689129585,0.0120596225140372,True,-0.0199716925588087,-0.0103323687955674,0.0264337441036934,0.0432595847830648,-0.0524399202727478,-0.0129467198424055,0.0044936442662055,0.0119885093132199,0.0070529289731573,-0.024352920234004,0.0054499446396742,-0.0598777965504474,0.0359753822257229,0.0059279834264636,0.0333770456984818,0.0698074185788293,0.0031418989654339,-0.0180711046956321,-0.0543716710777308,0.0262786696500023,0.0198244780840968,-0.1964212207782961,-0.0136981865216478,0.0337575893411685,0.0121815535462082,-0.0524938728456074,0.0492649627638246,0.0532261558580102,-0.1070442892435682,0.0221065103437707,-0.0116392974750523,0.0777301275045039,-0.0286425645209335,0.0422813013064842,0.050383114882488,-0.024514686001705,0.0488559623668214,0.0344066753836664,-0.0559528968433362,0.0076198636398756,-0.0493447902785435,0.0666298477858167,-0.0792146370940777,-0.0353226074525553,0.0953645187615579,0.0285726193990965,0.0890773325868297,0.0482224316818096,-0.0924883230529195,0.041746060666038,0.092445394957713,0.0561324028696839,-0.1072829177864821,-0.1494185003230648,0.0464141493061851,-0.0115177397633691,0.0038172983987507,0.1020469594914252,0.1209738039906409,0.1469836890185396,0.1103572639402667,0.0685988260733856,0.0975697287175958,-0.011189612452327,-0.0767037980476978,0.0250253447971491,0.0183839169507826,-0.0371047126780653,0.0668378708331181,0.1618822093764889,0.087550833519304,-0.0226511987354945,-0.0124365894732709,0.1075791695672365,-0.0428215364618133,0.0396548008460972,0.0872823359797292,0.1618822093764889,-0.0731059106794962,0.1025484657616142,0.1727510809233101,0.1669512482395203,-0.0233536309159435,-0.0806947775384689,0.1929873790120944,-0.0090384266870939,0.2968587865212266,-0.0721099642875851,0.0717525563026937,0.1654358919997258,0.1804413218738456,0.091386548795268,0.1515983274805104,0.1328967865349362,0.0653797692988824,-0.2834269142302802,-0.1453097286485166,0.0367275190373395,0.1085276881664472,-0.0448361317901034,0.0189926943090024,0.0375937204690199,-0.1098582705491389,0.1218617878255192,0.2352189786651928,0.1047447649876387,0.2132222674786839,-0.1404586846890175,0.0778682159467725,-0.0116612931750006,-0.0549375545096554,-0.1700226933108699,0.0705910887256311,0.0011169316346468,0.1450316196984007,target,1862,13,58.39110989275628,0.07161720002872,0.0721101628748807,0.0305762333150165,1.5913748730522714,1.6023287875646208,0.679421275763197,1.5913748730522714,1823,0.5694785885815609,6,0.0693008747458094,0.2160734684735132,-0.163308047700627,0.0,-0.981709720854048,-0.4122311322724861,0.6828259262921771,0.0780142348226729,53.839492347028965,52.03659884261128,58.39110989275628,1.1563339347225197,0.0467128198635249,0.0035555322244731,0.0214911937964266,-0.0494603190520495,0.0359267211841519,0.0084611561046072,1.0,0.0247863626253619,2024-01-24,63.0,20,-0.0044585841380148,0.0569661979689104,False,False,False,0.3684210526315789,1.0,0.0526315789473684,-0.0244487557710755,-0.4368617445960892
BALL,Falling Wedge,bullish,1,0.605568827974901,3,34,2094,2095,2025-01-15,2025,1,52.08931308367702,51.813845797081285,62.80218715774561,50.293242090092576,1.0154457321473656,0.0053164802256628,True,0.0329464208235108,0.0067249182278008,0.0035821176419041,-0.0332182400623398,0.0448143457223624,0.023791965188576,-0.0245364924835451,-0.0161346481076991,-0.020176816730535,-0.013160875614993,0.06013208488305,0.0253268971095448,-0.0017441673485849,-0.0567945307483841,0.0040247020466042,0.0101566203288909,-0.0176889250782712,-0.0103414481898883,-0.0260263730403336,-0.0120635525114956,-0.0187335026888225,-0.00383669756026,0.0370777976857218,0.0490452560905592,0.0307508030663503,-0.0088971710852547,0.0049976289464821,-0.0088720149912973,0.0273003220625329,0.0678643849522131,0.0208299965366127,0.011117177100729,0.0373442218384127,-0.0942313217236683,0.0505692569369795,-0.0167043969360422,-0.0282726453755657,-0.0365584037687307,0.0449473527164496,0.0076455976271958,0.0909676001549006,0.0057501362494989,0.0993827370715405,-0.0168149988009824,0.003152624839392,0.0359693518729892,-0.0765629789264199,-0.1027507338351443,0.2197144265126327,0.0186826279061336,-0.0049275155832143,-0.0196526764260589,-0.0025423925902863,-0.0168410587647747,0.0837968710135064,0.022752778771677,-0.1094444977608209,-0.1051094325563593,0.0246725385655617,0.1152158433027852,-0.1315454853780977,0.0130229421674132,0.0184456669787556,-0.0506136189358036,0.0488879573869471,0.0884135201067886,0.0579432447869503,-0.0755992583933665,-0.0863266029819384,-0.024939828694149,0.0278397053392823,0.0368981324524613,0.1182189712512813,-0.0505117557591771,0.0332019815933926,0.1391706959043421,-0.0229282959753122,0.0829733740031242,-0.068533503076409,0.159750092900452,0.0936887431749211,-0.1143429938533953,-0.1311751939294217,-0.0458515753266499,-0.0715925202377028,0.013291210237063,-0.0754410744184154,0.3923012238281189,-0.2110676741230659,0.1233144887857813,0.0527928630915974,-0.0476476882202983,-0.0963452535980331,0.0023198506794376,-0.0892928683072997,0.1515499956697386,-0.0657496873230464,0.1875189136376418,-0.0806333127147769,0.1045591163560026,0.1121523868514606,-0.1142893746209625,0.1359358565215747,-0.0058045170967434,0.0240984913779789,0.2101143408964356,0.1906638673739376,-0.2214192428341552,0.0484823885176934,0.1905660328288405,0.0166073564842395,-0.0896307563393624,0.1126907407028479,0.1783348338265009,-0.1461679816884604,stop,2107,13,50.293242090092576,-0.0344806043170353,0.0673904354973832,0.048858063948165,-1.0,1.954444732979592,1.4169723795712676,5.96461616068347,2059,0.6656847051283628,7,0.1245196271457009,-0.0504214968961729,0.0044631389673772,0.0,-1.990786650730882,-1.3251019456025217,0.413847221270838,0.0878649301876279,51.813845797081285,50.293242090092576,62.80218715774561,1.0746882141092755,-0.1401957525875358,-0.0656905527790852,0.0203122456228936,-0.1206713742162062,0.1358009574425502,0.0093784449402791,1.0,-0.0156151901845196,2025-01-15,60.0,15,0.099498273255034,0.0601328277407271,False,False,False,0.0714285714285714,3.0,0.2142857142857142,-0.0483327099650694,-0.6466887275814281
BALL,Falling Wedge,bullish,1,0.661381380521146,8,74,2304,2305,2025-11-14,2025,7,47.70345104209016,47.73505669985184,58.99522203528841,44.18977769767355,1.2398344356268496,-0.0006621057970122,True,0.0310108876900698,0.0469433602931573,0.0140145786514149,-0.0276009132343699,-0.0010914819203449,0.0767218771104871,0.0265639881113139,-0.0796517242361364,0.0056424993338293,0.0002834034539056,-0.0459903475483715,0.0059192620878907,0.019110449696869,0.0263298046856053,-0.0913825048888741,0.0151986968854018,-0.0088834137747836,-2.441025814814424e-08,-0.0791423870790362,-0.0148345317570015,0.056883015477352,0.0501463950543192,0.0335990556051092,0.0177544542309107,0.0019712080238141,0.0705233518367172,-0.0280528798198882,0.0015667534603149,-0.026292533076288,-0.0086977097649901,0.0243103400429518,0.0338358604712798,0.0131913609360652,-0.0131887282722649,-0.0424731317946055,0.1164028304875621,0.0103981232002667,-0.0707032665652677,0.0714792222104452,0.017048202078955,0.0553372875492519,-0.0176554011159647,-0.069755775287478,-0.0514026348967444,-0.0903721642717297,0.0179794988604812,0.0706869466580775,0.0542168912059932,-0.1467809855787984,-0.0376631996043306,0.1584875023155798,-0.0270227872506163,-0.0246378411186252,0.028208739842239,0.0314201722856581,-0.0705902546323422,-0.119268294918167,-0.0122322985654194,0.1140546656657441,-0.0473287058744155,-0.0689218608057302,0.0155701940845149,0.0674883629827887,-0.0698794262502865,-0.0666666964099652,0.028255868815358,0.0852840301761477,-0.0340674426989439,0.080501459535058,0.1630589559527282,0.1291632983708914,-0.07307180494271,-0.0865264582728077,-0.1001224223917414,0.0184167293298442,0.0875128530358215,0.0586888374080254,0.0810654561236927,-0.1127020826445038,0.0535792306131124,0.1039407409517099,0.0727077169198424,-0.022397917141721,0.023897661668349,-0.0367031529227652,0.0256119605757683,-0.015690755326172,0.0120773452915301,-0.0421697985985145,-0.014829818310194,-0.0879212828163494,0.1657908040252174,0.3849599161162942,0.3646774904278165,0.2004196164368545,-0.0818631547367553,-0.0106731361089795,-0.1525017507658084,-0.1525017507658084,-0.0516355888222793,0.2004196164368545,0.1121523868514606,-0.0788912950472264,0.1239523493273142,0.0844802260423358,0.0547719598286604,-0.1802284501107478,0.1583290566418549,-0.0661848682782697,0.1605562955484492,0.1493103408975715,-0.3206827584871207,-0.0426424345648392,-0.0952146010644804,0.3843913131533422,target,2357,53,58.99522203528841,0.2367076332325555,0.3029666348261282,0.0316490244902725,3.2136655534987044,4.113232112137228,0.4296835654061924,3.2136655534987044,2223,0.5034506869855735,6,0.1526546568949881,0.2686746060191745,0.1224332027713792,0.0,-1.5341706426978374,-1.030719955712269,0.9594500752260576,0.1236089072657218,47.73505669985184,44.18977769767355,58.99522203528841,1.4581960179885105,-0.081022025152623,-0.0249618372369189,0.0310624172312845,-0.1080423659624999,0.4257419759334733,-0.0027116025973884,1.0,0.0113488212170465,2025-11-14,60.0,15,0.1100002173355323,0.0640100712015059,False,False,True,0.2857142857142857,1.0,0.0714285714285714,0.0033940808870718,0.476084919802053
BKR,Falling Wedge,bullish,1,0.6417125328969528,3,31,1006,1007,2020-09-16,2020,2,12.737379081571122,12.159319565549566,16.383600441497293,11.548726363586582,1.275054258633344,0.0475404493569973,True,-0.0858109140434584,-0.0569452345857338,-0.0111909338068406,-0.0061065038049742,-0.0116275787270754,0.018297812834279,-0.0063593862403915,-0.0399680372012887,-0.0111394921418698,-0.010060034337667,0.0407973962828092,-0.008938309298403,0.0444943308785474,-0.0102584892559028,-0.0427462447898144,-0.0401768891277343,0.0297222249380693,0.0933837503566419,-0.0189587490049744,-0.0064568663592426,-0.0250731070431869,-0.0432296171020102,-0.0825311778959069,-0.1020270877551834,-0.1100335446641198,0.0605125086720552,-0.1070297171455264,-0.0129148614021431,0.089634318072223,-0.0861467377413527,-0.0084770411593486,-0.2460425149019726,-0.0017134394961483,-0.1334894292756071,-0.1800671333291539,0.0440468228489612,-0.0561568776050674,0.0912579824676169,-0.0157508046089467,-0.0494787307356078,0.0687472347204081,0.0451225178919734,0.0640657452033837,0.0205315434567161,0.0363264168147401,-0.0831759778925435,-0.1114862790860321,-0.1587426558892718,0.3074655017069985,0.1188030097251526,-0.0682600072611689,0.050043777183875,-0.0885244860353514,-0.0796459212728997,0.0440715058161178,0.2259066005671808,0.1776397037618193,0.0571918854639066,-0.0675609668462531,0.2790935509902617,0.1058885348858389,0.0759302167423741,-0.0700098497534196,0.075312526432222,-0.0383762524666384,-0.0763686268446063,0.1963255069031193,0.0513603123324697,-0.1753006051875821,0.2002206473736176,0.1266572461468564,0.2492059133270487,-0.0239661002496872,0.018038580615685,0.1531059781139414,0.043753918641614,0.3808249326088342,-0.1575061209475499,0.1602257097175492,-0.0417617502816362,-0.1812866196715228,-0.039389964795293,0.078163481028586,-0.1494355985291584,0.0495886497394786,-0.0293712989994812,0.0461925755984253,0.0759333136678339,-0.039389964795293,-0.047385184654147,0.0272923326272922,0.1715790082354916,0.5802452950458474,0.4764015647074837,-0.0565066401837939,-0.0627973958748678,0.0538878090218679,0.1506453113100025,-0.0838298826219188,0.0013907249932243,-0.0881243787440742,-0.1183481407549114,0.0874854564704843,0.3084420217259598,0.1101986434789188,-0.4125317397680811,-0.0131627149459767,-0.1865722944068752,-0.0298557022694491,0.303292865742103,0.0453749297946364,-0.290566498080915,0.1226269225615643,-0.0280963737831987,0.5895976488626125,stop,1012,6,11.548726363586582,-0.0933200394188098,0.0547297969134713,0.1148647456943979,-1.0,0.586474215552462,1.2308690224497003,3.067524521467164,973,0.8102253270290698,5,0.0259600367727055,-0.0478260645720749,0.1092114329721405,0.0,-1.089750745014194,-0.279525417985124,0.1944108671995998,0.2874162243850279,12.159319565549566,11.548726363586582,16.383600441497293,0.5090032322391759,-0.1071689143599397,-0.0312801161839417,0.0394022905589817,0.5826868217733572,0.6666671273791748,0.0027192254366721,1.0,0.0005314622521865,2020-09-16,10.0,16,0.9311402837093044,-0.1327122606862918,False,False,True,0.0,0.0,0.0,0.0093795989785526,0.2843169568132953
BKR,Falling Wedge,bullish,1,0.66155764658966,3,33,1158,1159,2021-04-26,2021,2,17.844689801689125,16.83747023775601,22.55821770882679,16.30880789506257,1.094696933995608,0.05982012438392,True,0.0668963817178645,0.0662502515208083,0.0267803478054777,0.0975185090705348,-0.0337312854515693,-0.0487804219172571,0.0153704982497444,-0.0107623814911836,0.0177673704274781,0.1113320110109947,-0.0243278785814168,0.0322366695697169,-0.0260918747898726,-0.0403587479180241,0.0462680593634636,-0.0665280956399709,0.0735058349459274,-0.1141440140908479,-0.0665357432672895,-0.0467354596751485,0.0390756224492312,-0.0288373895522149,0.0692453001919758,0.2115100179544584,0.211485704609692,0.0554342496973891,-0.1796000144290734,0.0016719006124281,0.0504924894478919,-0.0588642364930495,0.0260203121092621,-0.0206215079352802,0.1684511815086262,0.1705395903574516,-0.0135138926526647,-0.0929305526762798,0.1053874525496372,-0.1131919340347235,0.09272157909829,-0.0135408300452887,-0.0344538411465964,-0.0106775556539479,0.0430000907957921,0.023038509943718,-0.0249504044540533,0.202789388624482,0.2458687565780239,0.2429015321379313,0.0336802934120796,0.0146839731422734,0.0711529083099042,0.0112513139609351,-0.0961959409967476,0.0043738448202963,0.0234588117045209,0.0289821033397121,0.1399795212108965,-0.0243055885134833,0.1668374938409342,-0.2056121502077784,0.1048081469346273,-0.0479357578619427,-0.0126230111827001,0.0023246882152652,0.1122688305079213,-0.0126476705480804,-0.0039473138932792,0.082537494233875,0.2262151570565625,0.1834515714100444,0.1677450574302543,-0.0710942829487346,0.0150216469099866,-0.1769339630493845,0.1470954348953592,0.1091470550668081,-0.13934434314817,-0.0684083395856696,-0.1502494890248268,0.0038095581372639,0.0095139853962555,0.0845511605442232,0.1665316955166551,-0.3166387386281977,0.0419262470009318,0.0590686641286417,-0.0444027246207601,0.0148329082122931,0.2274642626214904,0.0003170394092295,-0.1162278975959857,0.1936525774481739,0.0021438429661888,-0.0410252949896505,0.1399838080985933,-0.0424021721235686,-0.1478374359689827,-0.0050177397939277,-0.1730475772044408,0.1666256603643707,-0.0797661107063238,0.1603232037797639,-0.0528703120522224,-0.035111033913609,0.0329410830922556,-0.0556467194004105,-0.0185218763362829,-0.1012656577716781,0.5588547854818515,0.1856905598936935,-0.2349729312924575,-0.0385672818992577,0.0969809896375779,-0.2804404058151936,-0.0016527988372986,target,1173,15,22.55821770882679,0.2641417676361903,0.2980816936145686,0.0373831889687134,3.0689390159498435,3.463271059555143,0.4343376974925325,3.0689390159498435,1123,0.7881048437968324,5,0.0366015418421934,0.0734644818291356,-0.093666178395941,0.0303030303030303,-1.9650400853536765,-1.1769352415568404,0.2304162032874804,0.1320829671353786,16.83747023775601,16.30880789506257,22.55821770882679,0.5811971550567423,0.086132071476265,-0.100908862546017,0.0328770112764101,0.4205108190268596,0.3076900504714628,0.0099952824679614,1.0,0.0546239909911945,2021-04-26,2.0,16,0.8733531337009732,0.3405338506950397,False,False,False,0.0,4.0,0.2666666666666666,-0.0716260106106304,-0.8517570517297065
BKR,Falling Wedge,bullish,1,0.7514456356375462,3,31,1212,1213,2021-07-13,2021,1,19.99566709087692,20.219267652354745,23.764148882519464,19.1556591548094,0.8294022250161118,-0.0110587863676547,True,-0.1140583432385455,-0.0995638589097759,0.0914930039760095,0.0631727151192556,-0.0533752440707773,0.025859287422602,-0.0499999360073449,-0.0700842025692854,-0.0887593199177159,-0.0583524219168627,0.0193134047890559,-0.0453917590276826,0.0226113670456,-0.1104140101341958,-0.0013590403413663,0.0609909723690371,-0.0780361297366436,-0.0392246378644803,-0.0089113316660947,0.0079786852339089,0.0582009131906109,0.0022115541519842,-0.1014545367408263,-0.0862068312771707,-0.0898878168108169,0.0028012270370396,0.0216740469640484,-0.0201827051398868,-0.0871867042649597,-0.026471993063195,-0.0369750042172156,-0.0172705350853433,0.0067569473166644,0.0332980177679889,0.005352809651254,-0.0107220754624676,-0.0345454371186989,-0.0153289491529072,-0.0067282956428124,-0.0461631472051279,-0.0196079256105972,0.0025639027502046,-0.2036177583809851,0.0590846863963407,-0.0034353170625417,-0.0663716208010108,-0.0476126164392319,-0.0596839915843622,-0.0058118855559533,0.1154604816181137,0.1072349776617322,0.0822287339856022,0.0024556917325049,-0.0841037636755311,-0.1783934667213927,-0.2684259348598988,0.0521684514138598,0.0793441920065627,-0.0382341590746246,0.1077585534505125,0.1488640283718623,0.0222612085252316,-0.1281356701167286,0.0913570471050051,0.0177777762066417,0.0416260968461805,-0.0366017409623877,0.0969388644101161,-0.0589010905576024,0.0125802298230188,-0.0183068903873606,0.0621018670244106,-0.0591940000903448,0.0809030026468458,0.2734533254187614,0.220938258699735,-0.1401277407781458,0.0952591010681285,-0.0367103258934343,0.0787615284673337,-0.1967011401574889,-0.1674379752451139,-0.0114603979488057,0.0469408642650002,-0.1077301068843586,-0.3203246977184301,-0.3111849724668459,0.1382784105482808,0.1457734999836408,0.0585338914929909,-0.0775265980093767,0.0239529401018797,0.104876321695938,0.107406386346059,-0.1511237245159168,0.0579144987642106,0.5723189034128728,0.1606567586108278,-0.2063119446656235,0.0954887510877557,-0.1865722944068752,-0.0179131606914957,-0.0128324617952568,0.1070053212965267,-0.1029905006573599,0.2015466083369308,-0.138357494710626,-0.0494182102610818,0.188428565807931,-0.0699706328283563,-0.0229575041699212,0.318583449710891,-0.064815701722424,-0.1052477008343895,0.0762047454075071,stop,1213,1,19.1556591548094,-0.0420094979702266,0.0088416820588231,0.0486295464481958,-1.0,0.2104686436645718,1.1575845653442698,4.4862454624948,1180,0.556071930612045,7,0.0633666975282489,0.2231935902160708,-0.0551354268947419,0.0333333333333333,-1.2645350887768525,-0.7084631581648158,0.6823073049885895,0.1227402822962074,20.219267652354745,19.1556591548094,23.764148882519464,0.6629865703863117,0.0754438479215227,-0.0728381163399713,0.0335270585181095,0.0028232512948043,0.0862088810110268,-0.0099911550031908,1.0,0.0276420294177823,2021-07-13,2.0,16,0.3642723635590825,0.2916734729553449,False,False,False,0.0,0.0,0.0,-0.076858757105398,-0.8595315739183849
AVY,Falling Wedge,bullish,1,0.7062588298849403,5,48,1223,1224,2021-07-28,2021,0,192.49271033575403,186.7283561347342,207.44350353088151,178.64427283112008,2.5235773742362637,0.0308702669500315,True,0.0061000793980279,0.0080096569923175,0.0042248307245373,0.0254378464031157,-0.0081171399083553,0.0034450743542548,0.0684952843252066,-0.0225390869847683,0.0486849285584913,0.0088429560171308,-0.0163309706492075,0.0040523452782084,0.0118411065566255,-0.0026371355644807,-0.035901699919481,-0.0139465189538238,0.0303309288435076,-0.0200996714574948,0.0185982591503772,-0.0115799971183055,-0.043860241349932,-0.0159078785954597,0.0044484184125205,0.0285146229043404,0.0195107701024697,0.0156782731115066,-0.0396354218922995,-0.0514471913928602,0.0855237156196349,0.0361221349641771,0.0050717455708997,0.1043654291069406,-0.1710785318622494,0.0172538512059516,-0.0319182242164153,0.0979831597583198,0.0211949144862457,-0.0285205679528189,-0.0226245120981373,0.0193786919831193,0.0543397524803839,-0.055929337760943,-0.0456754873978692,0.0173377727169716,0.0437251567973804,0.0249573567429435,0.0589679594377661,0.0383003375322665,-0.0098709819677906,0.0884482196663696,0.0443835274216106,-0.0819728925579014,0.0038990352653993,0.0332422574529969,0.0289854275183134,-0.0532448190142404,0.0122665582638785,0.0505344968400469,-0.009164230158281,-0.0748596919044074,-0.1102788255675069,-0.0845261152366264,-0.0581716345732951,0.2074989680237857,0.0461280166394399,0.063647421647154,0.0437460437056314,-0.0111865159982336,0.0524927461644489,0.0364005844540373,0.0255330230430552,0.2038164084975451,0.0425215863838404,0.0768195222429213,0.049912074968802,0.0911879199810006,0.0925910341500209,0.0284430243631881,0.1520368097016762,-0.0347121568499602,0.0805919456712236,0.1162914701576383,0.0509026841507844,-0.0582916129848996,0.1343887492867366,0.102568740918894,-0.0558773894310699,-0.0685491097786402,0.1303406913368487,0.0618774379505047,0.1010595598962897,-0.0284953850766298,0.0262502913937598,-0.0083620342595025,-0.1585149045756991,0.0831230155377455,0.1821888361860844,0.1968055152477341,0.0142635786563387,-0.0649510470203299,0.0800812723287678,0.1050593523869956,0.0505912349567161,0.087883060779784,-0.1851768435197965,-0.1982792460345297,-0.0589948844543792,0.1122907624151752,-0.197742968953905,0.197308982610715,-0.0485649773488622,-0.076331449563353,-0.0139923662546118,0.01693180799641,0.0200513548249099,target,1245,22,207.44350353088151,0.0776693993712784,0.0785925099602215,0.0166454071600787,1.0796014489089234,1.0924326480348785,0.2313704732258467,1.0796014489089234,1175,0.4004316406892886,7,0.1896369919040722,0.1972511182557623,-0.1576668068467533,0.0,-1.1626782640542597,-0.7622466233649675,1.1331148187898634,0.0776341524157657,186.7283561347342,178.64427283112008,207.44350353088151,3.96353175391716,0.1739247862413093,-0.006470076959811,0.0207356782760759,0.4217650871650154,0.4337799729680132,0.0099975050623217,1.0,0.0260229025239162,2021-07-28,53.0,9,0.1711840386067316,0.0703077528581272,False,False,False,0.0,0.0,0.0,-0.0047345010628834,-0.6609965991121926
AVY,Falling Wedge,bullish,1,0.6035207412654716,5,43,1282,1283,2021-10-20,2021,0,195.89317318452268,192.6814997327249,211.38507628593845,182.9719153863848,0.9566803585254786,0.0166683021268405,True,-0.029735189472679,-0.0345385037236437,-0.0086325678065165,0.0170124069464929,-0.0226002717875869,-0.0139465189538238,-0.0066829693039646,0.058146699610758,0.0345452962133558,-0.06252655945818,0.0382802895670741,-0.039109903692007,-0.0064525636123021,-0.050592575861015,0.0511328619506736,0.0347190099279748,0.0218401448572627,-0.0152183433073578,0.0121822884300175,0.0293556274871615,0.0239598096482938,-0.0307033760824835,-0.0329706287113704,0.0124909109835049,-0.0161742661485118,0.0373318991686184,-0.0117631429797917,-0.0160580951492653,0.0404767718104761,-0.071045462350896,0.0677415805799568,0.0649381358145537,0.0128840468773874,-0.0247700693718696,0.034648168211673,-0.0436612653954375,0.0424449576450998,0.0384427433676395,0.0006135813343175,0.0484439183669949,-0.1199867002461038,-0.0396354218922995,0.0546610392929121,0.0102226740972806,-0.0021097354778158,0.0062999297983334,0.0389636126550343,0.0027282406482274,-0.0539092102791508,0.0129431875663823,-0.0396134388225581,-0.0189279222025567,-0.0428199965889107,0.0368834464953182,0.0128716341695658,0.061742152096865,0.0639163468489167,0.024635221297115,0.0283489709645188,-0.0075523359779423,0.0268866835939116,-0.0529671667733029,0.0127579009889144,0.0011785138712472,0.1038539198431915,-0.1245838524864216,0.071904648648255,-0.0003236899357136,0.033102361989152,-0.0140874141644958,-0.0465821404663467,0.1264598469074616,-0.0066118407916416,0.0526968076196818,-0.0627808085119899,-0.074823180811944,0.0070783653938304,-0.0263254741471679,0.0189334875623685,0.0490355775493156,0.0093885619016955,-0.0786517432006292,-0.0471926705126249,0.1158230531526449,-0.002462417007111,-0.0090400241334381,-0.0073316657022993,0.0839040946974143,-0.0009010167643506,0.0490633777290865,0.1101288524975163,-0.0294069733358868,-0.0224564389130451,-0.0547356067327938,-0.0785690313759213,0.0078784576423931,0.0765878873943743,0.0242892705789414,0.0934952875493622,0.1260172098693286,-0.0663882022686099,-0.087504323720856,0.0811890558002865,-0.0670168390243197,-0.2714678945215063,0.094313331812621,0.1640799253974114,0.0447951407952893,-0.0457917898360731,0.0497960468703753,0.133751490519635,-0.076331449563353,0.0230764176281621,0.0622777653447157,-0.036880326757658,stop,1324,42,182.9719153863848,-0.0659607355789096,0.0684193507971196,0.0852008717900794,-1.0,1.0372739205624633,1.2916907466587064,1.198946986697252,1239,0.4048019256171309,5,0.0332871081331441,0.0325874484171042,0.0103035266775868,0.0,-0.9225418870777772,-0.5177399614606487,1.1830946799111854,0.0913484939354463,192.6814997327249,182.9719153863848,211.38507628593845,3.986545716912868,0.0778982977843785,-0.0081043195824032,0.02034018086797,0.0799103190966399,0.7879407920616186,0.0022718955464571,1.0,0.0332297543130815,2021-10-20,53.0,9,0.0100379062472735,0.0378845777887588,False,False,False,0.125,2.0,0.25,-0.0246195998372652,-1.164384178922396
AVY,Falling Wedge,bullish,1,0.707581172785179,8,123,1699,1700,2023-06-20,2023,1,157.35441732136647,160.3361786439624,185.90640455941724,146.45640560532595,1.456641920707629,-0.0185969339410111,True,0.0171313432937147,0.0171083776682943,-0.0327363664149942,-0.0041826743934144,-0.0044421929457227,0.0339155527861438,-0.0159522393956919,-0.0036541138305812,-0.0170371125041856,0.0153134234231511,-0.0125601014877017,0.0557662533520206,0.0221887170641241,-0.0098414368085107,-0.0166273484278381,0.0105298109142124,-0.0115080227667508,0.0148461958834005,0.0080440825109397,0.0192772254903059,0.0687987678069399,-0.0018257568282771,0.0112157101223363,0.0065658860882185,-0.0094144698047169,-0.1000155113762016,-0.0042913744275963,0.0387459870361275,0.0045568551442312,-0.1291183223273392,-0.0036312728125003,0.0476088839067811,-0.0170502238821765,0.0374564138897905,0.0479479440995869,-0.0522140624565742,0.0299843351108783,0.0775714362055834,0.1102807813485013,0.0412630561047044,0.0240616110329927,0.017210283340785,0.0411349952588273,0.0034991464282478,-0.0164620704318877,-0.0033610584714195,0.0590343800303401,0.0153806613880853,-0.0227682375052947,-0.0131615661404697,0.0322019901077261,0.0590504759151793,0.0005874370245855,0.0113622353840554,-0.0477334662629332,-0.0161841655943173,-0.1725547817609154,0.0689688138451571,-0.0364693370492129,-0.1491205925351079,0.0142875723626398,0.0270417896417529,0.0440909562575564,0.096454887892629,0.0218832248619336,-0.0525769620255324,-0.0775518002773607,-0.031595575648479,0.0712237351056605,0.0642270712138297,0.0562482516514601,0.0179753973279814,-0.0367824931155347,-0.0915561238108942,0.032390435351373,0.045524297460874,-0.0868391621306113,-0.049335247530576,-0.166855753836828,0.0483674614849001,0.0480575798405249,-0.0095570665331987,0.1303711825500269,-0.016858037037687,-0.0833024063301751,-0.014489388511329,-0.0774796374951767,-0.0146399823989645,0.0351844129827958,0.0418332863855741,-0.0827455524459657,0.0807639111034743,0.0965032314460925,0.063946485220786,0.1953271951313071,0.2667600777326977,0.110423790127119,0.1030454583437261,0.142320149944455,0.0329507599779024,0.1713156793548951,0.1206517888299025,-0.0433050776987578,0.2419885785822992,0.091801797793688,0.0478341852701671,0.0370315758961461,0.2101873137640486,0.1610745014198653,-0.1347828419587938,0.1311376184314034,0.0309831886963058,-0.0584755331526294,-0.071564272006661,0.0071679347221381,time,1759,60,172.5396270751953,0.0965032314460925,0.1479137644216597,0.0220855784695425,1.3933926801967105,2.135700054361513,0.3188896673844674,2.619926274810827,1575,0.3772212402534889,6,0.0510591519709455,0.0733949655808736,0.1742642366539895,0.0,-1.042479400259485,-0.6652581600059965,1.5000963102198674,0.1408175588373626,160.3361786439624,146.45640560532595,185.90640455941724,4.008097724979619,-0.043890563457729,-0.0124891196212426,0.0253944806496841,-0.0648408539790438,0.2146725158807774,-0.0087089797679681,1.0,0.048215535381918,2023-06-20,43.0,7,-0.0152534263895692,0.0150090048068738,False,False,False,0.3333333333333333,1.0,0.1666666666666666,-0.0201393647095067,-0.5496558358725304
AVY,Falling Wedge,bullish,1,0.6075626766363703,13,192,2174,2175,2025-05-12,2025,0,176.94786924742598,169.4554215104091,225.78251392192453,152.8866415751204,1.789564230677721,0.044214859992288,True,0.0033340740025245,-0.0162747585288651,0.0198884938373629,0.0334523909078627,0.03731617931618,-0.0100572270758226,-0.0200957842920406,-0.0063484490144209,0.011714532315846,0.0069419827414742,-0.0192003380378142,-0.03517119515717,0.0206533898107639,0.0143756005657706,-0.0010950266536948,6.394620588601185e-08,-0.0645024649524926,0.0317304403670484,-0.0321006462592673,0.0143756005657706,0.0212808594184783,0.018476323873416,0.0012523376913516,-0.008799805982106,-0.0220666928864813,0.0967501495708682,-0.0556721587907526,-0.0597326125986529,0.0677890124633533,0.0528072791438147,-0.0636237209846291,0.0021153721147832,0.0035940644328018,0.0260861252878876,0.0323385677722205,-0.0376190731445265,-0.0272263569358478,0.0397066912938255,-0.0344261719815941,0.0335529594109937,-0.0516523297481152,0.080655931243073,0.0947047229434154,0.1174245759238907,-0.0834526033470969,-0.0205058271855917,-0.0105091213758616,-0.0442248284278983,-0.1384422848632017,0.0121410749792472,-0.0587837865657165,0.1028553600275363,-0.0535860010759773,-0.0168342181841686,0.0509925293405255,-0.012530745705988,0.0759336403211072,0.0138621507459248,0.0332422574529969,0.034333534966257,0.1143475621567449,-0.0016948708166751,-0.0001500954537125,0.0702172588338201,0.0984449322374727,0.0432981852654141,0.0081292187079666,0.0856989499639679,-0.0335828539925387,0.0144355695711506,-0.0614290015625722,-0.1089770543405062,0.1714052998880919,0.019303005594724,0.195118111801259,-0.008246333267178,-0.0749386172469184,-0.0580432978870838,0.1347258112276568,0.1507472267391496,0.0155958378858755,-0.0298986406976058,0.1402942922052401,0.0154384045738753,0.178486830096743,0.010461801165126,0.1613155138409592,0.1706178428284663,0.1533416827779843,-0.0841302858290249,0.048786066556377,-0.0456346053245099,-0.0659480437887611,-0.1528665415967534,0.0039871867214662,0.1135974603233007,0.0447220438267199,-0.0512113958200547,-0.0121880176611139,-0.1751248572144992,0.0805141374779718,0.0493835358726197,0.2230842578123744,-0.1279832449360596,0.0684102963136774,-0.0452892487106287,-0.0107040153016564,-0.0827255775210202,-4.288203738289642e-05,0.1070053145509539,-0.1357935096198979,-0.0627343994832428,0.0264153033485072,0.1217127481476256,-0.0726998005932442,time,2234,60,165.27850341796875,-0.0659480437887611,0.0251496800219825,0.0978704823057552,-0.4849863019620002,0.184952420248553,0.7197460388172225,2.029599043722407,1982,0.4124848581138634,7,0.1938009933283746,0.0522742163333598,0.3999731983392212,0.0058823529411764,-1.5900690041522507,-1.1775841460383898,1.1339167148054752,0.1615053529873364,169.4554215104091,152.8866415751204,225.78251392192453,4.200145792407071,-0.0578087405239726,0.0491141867514832,0.0236874323096164,-0.093535107306181,0.9475807443989605,0.02508709777012,1.0,0.0918644441095668,2025-05-12,57.0,8,-0.0783032272486389,-0.0357272651158627,False,False,False,0.4285714285714285,0.0,0.0,0.0458145183712051,2.250125895993928
AVY,Falling Wedge,bullish,1,0.7593352773879228,5,64,2286,2287,2025-10-21,2025,0,162.8576795513307,157.1429075647742,181.3561510152032,151.7650133693063,1.805918542928104,0.0363667191546706,True,0.0755793144108327,0.0531686163705042,-0.0139572016584225,0.0006638782144523,0.0092368424064774,0.0190621024139812,0.0287055341780921,0.0121715605614167,-0.0001161913408838,0.0297424298038579,0.0201265570374831,-0.0014359269401647,0.0015450063332784,-0.0366985908547587,0.1089627216703301,-0.0368863557939173,-0.0066829693039646,0.0188703391823348,0.0008810635919527,-0.0032508170802162,-0.0257488195398624,0.0011146027250015,0.0692640261305093,0.0468844932028627,0.0420630238555492,-0.0536611692644142,0.0106370444972663,0.0154583278565496,0.0034991464282478,0.0933613669913908,-0.0748919173653978,0.0167276706482406,0.0285635938617196,0.0091409139324856,0.041882156378354,0.0109161045205683,-0.0682599920042525,0.0033071308933998,-0.0633199257429656,0.0626347165148843,-0.0967111223072872,0.0150514660415297,-0.0696176143287478,0.0005582025404293,-0.0376190731445265,0.0545016418554889,0.0129067352389511,0.0306448320090133,-0.0933881733603243,-0.0658939529979526,0.0229672465747245,0.0520429766552856,-0.018803938993949,0.0394920674884085,-0.0478723725606955,0.0586642847662668,0.0179262439263465,0.0098669410416019,-0.0509923649992323,0.0127661735498347,0.0435392048460203,0.0047845581934942,0.0399748970930584,0.0350397472591965,-0.022855662116114,0.1168520019629151,-0.0106908930566117,-0.0711302025586572,0.0092922961032703,0.1097914010938472,0.1106842537903348,0.0362172662874711,0.0985074675799535,-0.023659575432377,-0.1226988964754708,0.0721361572929257,0.0720643245806929,-0.0645246962073398,0.1522178212377856,-0.0772798020131249,-0.0108228152516618,-0.0930498451040878,0.0911879199810006,-0.1208329207367499,0.168300523130682,0.0479330416374965,0.0154384045738753,-0.0802000041213092,-0.2425788673930352,0.0333618843093046,-0.076283566369681,0.1160197100185297,0.1387040608751533,0.106406810944017,-0.0076030960376558,-0.0124217913692601,0.0556204222617451,0.1834791064145675,0.1469485019269132,0.0633247827974659,-0.0463410720169609,0.0254297026765986,0.1920958508293098,0.1806868247533282,0.2412469982295249,0.0926571416694506,0.0212188085631244,0.1521988061686878,0.0333928082422112,0.0771209976821816,-0.0556615358470664,0.0416779179533008,0.0028528554819942,0.1031816680207546,0.0641487759551425,target,2288,2,181.3561510152032,0.1135867311559108,0.1360309030902164,0.0027013863806927,1.6676307715677172,1.9971463001784453,0.0396605748619856,1.6676307715677172,2222,0.6565367464000494,7,0.1562727928302437,0.0695493808994272,0.0097282086551131,0.0,-1.1946497081593068,-0.5381129617592578,0.4041483664926062,0.1057873439747931,157.1429075647742,151.7650133693063,181.3561510152032,2.6103405641378026,-0.0619325039454966,-0.0160936565748932,0.0163272985877937,-0.0544647196072972,0.8567618215007023,0.0036193898187208,1.0,0.0121829865219105,2025-10-21,57.0,8,0.0261003449787109,-0.0278152112507278,False,False,True,0.1428571428571428,1.0,0.1428571428571428,0.0136993858059705,1.0963636695655472
AVY,Falling Wedge,bullish,1,0.744258328234991,5,73,2444,2445,2026-06-09,2026,0,159.443370429077,154.84685600822422,193.1426457017924,150.8861082180515,1.4616631569379006,0.0296842605613423,True,0.0096651892339147,-0.0134330541921607,-0.0107366343976699,-0.0417492913057125,-0.002507901941163,0.0446374598883738,-0.0097652318039805,-0.0425912672585098,0.0164787316517183,-0.045696597391964,-0.0326266774886172,-0.0456372603274605,0.0046496416335826,0.0187432318744287,-0.0318885375479887,0.0122928403770612,0.0583145615190612,-0.0314324491922566,0.0203827667177451,-0.048566921973814,0.0130652815737164,-0.0234741472306407,0.0185706093651193,0.0173349037447472,0.0149637602513605,0.032972104467337,0.0345963275213982,0.0133014085170608,0.0608668160058747,-0.0074332594943636,0.0023868343379749,-0.0014442273637937,-0.1345405028884511,0.0275541667634291,0.043815488963453,0.070792720880862,0.0203168689981421,-0.020935183671277,-0.0015371329512823,-0.0104313765516262,-0.0204258003113337,0.1531509525830534,0.0329296469361706,0.0065268741378734,-0.0308020912564928,0.0037518719635467,-0.0081061775134315,-0.0357266623963165,-0.0549677317046668,0.0100816872884668,0.080654548569905,0.0251415105459484,0.0629489057321148,0.0390217860032062,0.01246201153358,-0.0762281594776653,-0.0616781725712516,-0.1925339354408822,-0.0582592524442497,0.0052896076652106,-0.0817318166092374,0.0760415608782547,0.0206302876804749,-0.0788553734122486,-0.0394678752570945,0.0282845904723145,0.0790115468164214,-0.0263795288252434,0.0034205126144005,0.0849287428448881,0.0342736042048983,0.0595024670897417,0.0840246813116349,0.0579642899969339,0.1807513273358902,0.1343887492867366,-0.0069825154478099,0.0459069435924268,0.107491671870656,0.0643197881795365,-0.0449800419708688,0.0488918452356808,-0.0361952978488055,-0.0684459471323981,0.0512767237617524,-0.0546340638287293,-0.0772798020131249,-0.1086285570216329,0.0206706133301424,0.0412929707856903,0.148424993276776,0.0525407008553766,0.08521287723445,0.0282556869471455,0.1126086455609667,0.1060983910075707,0.1321847878496682,0.157630502911529,-0.0568733117264019,-0.0377515442706586,0.1982941328026299,0.027017414514973,0.0347999679939079,-0.040016262845304,0.2465922118401975,0.0964514206630136,0.1176317339889647,0.0193383087426224,0.1474319916657109,-0.0595863868107369,0.1815093646526622,-0.0820499772086247,0.06593745352812,0.2038271637932653,0.0066590768017462,time,2504,60,173.02999877929688,0.08521287723445,0.1717279438527653,0.037164021573215,1.5877307502292468,3.1997245718918923,0.6924594236106993,3.9380907633397073,2371,0.7654214178542929,7,0.1644288264621339,0.1786606363939191,0.0106688945209294,0.0,-1.076052691286686,-0.3106312734323865,0.1453982189638848,0.1607515494157159,154.84685600822422,150.8861082180515,193.1426457017924,3.7741343826660585,-0.0686512827371146,-0.0212180821495844,0.0238222031278785,-0.1012887462844102,0.9929589194184454,0.008169377680524,1.0,-0.0030433968576589,2026-06-09,9.0,16,-0.0160871494271872,-0.0459582246535928,False,False,True,0.3333333333333333,4.0,0.2666666666666666,-0.0095007688973434,-0.241309686072093
BAC,Falling Wedge,bullish,1,0.9115863598149968,8,106,1466,1467,2022-07-15,2022,0,29.723463796569803,28.504317150574,44.327167031967264,26.041834319260943,1.642057102237771,0.0427705964523081,True,0.0105803554384174,-0.0066963855867676,0.0200705443775566,0.0432729286675497,1.1046725290064785e-07,0.0317071655296654,0.1767884882035957,-0.0267084105278464,0.0083367602369939,-0.0080607042037917,-0.0624798666695735,0.0568475743255423,-0.0014275561236376,-0.0276639023854204,-0.0088095431707361,0.0219446287502429,0.0110802014054609,0.0487737668495471,-0.0074918737463923,0.0175807272917554,0.0500001306977573,-0.0278514189944604,-0.0052151321106356,0.0220675191079635,-0.0387233047566708,0.0081723052665438,0.006462675648662,0.024037364889599,-0.031300530103835,-0.0009146757776471,0.0203574689588175,0.0107816082224234,-0.0020134472531025,0.0097267688097466,-0.07955626882347,0.073679138470762,0.0889677623321809,-0.1006594865399318,0.0346533985249553,-0.0382029834199098,0.0362237309370581,0.0721598778707526,0.0179313853098226,0.0151799173907545,-0.0561191967911366,0.0165891784118112,0.0973394608232778,-0.002356553009889,0.1213417646277517,0.031960091945778,0.0061562714609895,-0.0067166093327565,0.019061805301787,-0.0017549397421379,-0.0282006359332824,0.0978177309970698,-0.13864871410542,-0.0170941923673026,-0.0254943544939906,0.2050374347106258,0.0166422434228281,-0.118900355388906,-0.005448983138554,0.2049613016307607,0.0334354937318293,0.0830809393958296,0.0240496225207496,0.1467348176516627,0.0649384241785122,0.0732281730240091,0.0150635891582309,-0.0419249448226376,0.2109855955694113,0.0425710470490454,0.0687082974103889,0.039716945050138,0.0988049498118099,0.0827422591009334,-0.1412705388726066,-0.031695464939967,-0.0481610207697673,-0.3573430789617163,0.1509844063773924,0.2034402999084152,0.0525844380601583,-0.1305365260887883,0.0286285032605302,-0.0610548072842055,0.1056061611254706,0.1674062443725616,-0.225537223293496,0.0624953959208556,-0.0670493771217015,0.0021640670512163,0.0939990242814543,0.0922107521737678,0.0383117104279566,0.1642613986127399,0.0410766760630418,-0.0237755086015204,0.0455719214008836,0.3164748778868733,-0.0921637445830183,0.3201278083081957,-0.2406934352126665,0.0481137743303836,0.0042949746413041,-0.0299050328799406,-0.0349921925815659,-0.1470854660204517,0.056164226389294,-0.249879575253776,0.1088985303420739,-0.0117397836782237,-0.0920129239240418,time,1526,60,27.73052406311035,-0.0670493771217015,0.116686693932472,0.0819594950441149,-0.5413200176016135,0.9420645787469308,0.6616961589273259,3.966641218353197,1360,0.6349911564627921,7,0.0490012549079612,0.1419390246558174,-0.0957588242219784,0.0,-1.617966250037575,-0.9829750935747829,0.3965429971813308,0.1988734585440333,28.504317150574,26.041834319260943,44.327167031967264,0.9408925349641978,-0.2199275294751286,-0.0489553854069422,0.0324695624424226,-0.3329033893751927,0.8118807019796747,0.0172585644615947,0.0,0.0200250992681341,2022-07-15,15.0,13,-0.2676748336776079,-0.1551282673721823,True,False,True,1.0,4.0,0.3333333333333333,0.0019832293798572,0.2973648629996344
BRK-B,Falling Wedge,bullish,1,0.623118118263773,5,49,2358,2359,2026-02-04,2026,2,505.9100036621094,485.4959182739258,521.2249603271484,470.4681558586142,1.0401639748287137,0.0420479032259661,True,-0.0116424158561833,-0.0278259533106034,0.0442755173408093,0.0315320884863075,0.0108646863811054,0.0077749810302341,0.0079860169019556,-0.009962695130783,-0.0131831777149344,0.0048896340593571,-0.028891487847538,0.0069474506603428,-0.003569314353672,-0.0495717988874934,-0.027481508780035,-0.0087866251539531,-0.0130766981669018,0.014028280827157,0.0034722280988803,0.0451199424275572,-0.0043000054412828,0.0102142654854473,-0.0130565048673113,-0.0177304286449611,-0.0229291045849548,0.0065450550696819,-0.0418479928596143,0.003381182002039,-0.0615798563821908,0.0309468214519532,0.0149165886847149,0.0608537332159759,-0.0075213440463073,0.0004174033414559,-0.0053174126531627,-0.0380577720474893,0.0204480254830308,-0.0269399060209551,-0.0244093614900455,-0.0470146678488548,0.054927051000456,-0.0088612302277588,0.0307501818190307,-0.0033880593918491,-0.0128421181126646,-0.0150007446943333,-0.0108912844690556,-0.0114346066465311,0.039159610560755,0.0366636082678517,0.0389653887843599,-0.0467420100267772,0.0053458147587441,0.0365826526142858,0.0658983697304422,0.0011458535578932,0.0803708236871034,0.0483845083255189,-0.0376847772327196,0.092101606429003,0.0464203374215141,-0.0239122887594402,0.0665031676082825,-0.0184703166074278,-0.0012628938345021,0.0636939732351327,-0.0103513509739102,0.0547551817014551,-0.0377696474314338,-0.0564527235118058,-0.0222075420980424,-0.0434030792160315,-0.0192702842219903,0.1312268184723106,-0.123545014204648,-0.0117897292339176,0.021491690822329,0.041403881068196,-0.0518930034452703,0.0411935430323235,0.0103338101264074,0.0740980006644711,-0.1330230167364434,0.0812249871943036,0.0416200369277786,0.0572234379236713,0.0537054871310929,0.0625433949376805,-0.04429633436979,0.0028999040337855,-0.0166587374375372,-0.0652070131852419,-0.065031317147976,-0.126238053823909,0.0208922347753841,0.1595738884384256,0.0469545855539634,0.0166729737583191,0.0044312099550767,-0.0286699868188116,0.0648111297413114,0.0182984103866545,0.0525582763008631,-0.2230398004705255,-0.0092753093176246,0.1007850140817741,0.1379609302951459,-0.0669589807422783,0.0127825967221317,0.0220460914359827,0.0466093848265547,0.1006987810529038,0.01577876814813,0.0416986533939665,-0.0917617597238434,stop,2394,36,470.4681558586142,-0.0700556374591208,0.0074123855485264,0.0764958429896525,-1.0,0.1058071244138174,1.0919298683748295,0.432115073400003,2307,0.3839170415566727,5,0.0140900677473684,0.0209169631469423,-0.1614244368838285,0.0,-1.3191958331528382,-0.9352787915961686,1.445256158459712,0.0507236847655541,485.4959182739258,470.4681558586142,521.2249603271484,7.808576311383921,0.0192119266556831,0.0145148488586259,0.0154984350266812,0.085396031630093,0.4957458918980052,0.0041722315375263,1.0,-0.0081235878779192,2026-02-04,1.0,14,0.098774526773695,0.0559751910129204,False,False,False,0.0769230769230769,1.0,0.0769230769230769,-0.0045827098151819,-0.1400532497465013
BAX,Falling Wedge,bullish,1,0.7159357414274184,3,27,931,932,2020-06-01,2020,2,80.32785666207249,77.79192584124996,84.49600165080241,74.01471116227273,1.6437154252365964,0.0325988949804072,True,-0.0141633215355952,-0.0684779181312246,-0.0628750598294439,0.0086228659227438,-0.1245530703008938,-0.0558829257123943,0.0044695467535202,0.0734681392739655,0.0312738897132232,-0.0171647814297891,0.0311114939135195,0.0140390379976262,-0.0843525335902883,0.0155984598961971,-0.0235924342162715,0.0197957132290063,-0.1424909047727409,0.0311111793836715,-0.022389398238632,0.0152151830996991,0.0260808307308604,0.0396039797430931,-0.0030177821139289,-0.0696849127400531,-0.0713162493676193,-0.0449227062880688,0.0464148560141335,-0.0109071678852342,-0.1158238371513565,-0.0454798503163819,-0.0145320802758516,-0.0100634866360603,0.0344677267403741,0.0468780536051076,0.0128323968932979,-0.0128962004810158,0.0062647857655542,0.0017613790021986,0.031879460525461,-0.0781407613670363,-0.0765436801273797,-0.1405533545359741,-0.0255362824226366,0.030778762288403,-0.1249313165933796,-0.0452322475777608,-0.0646874452520364,-0.0622402067731239,-0.0940839395586932,0.0405706563817434,0.0250261214625022,0.0147697506954265,-0.0067879697908267,-0.0559000408710848,-0.1420680311611316,-0.0238163099145749,0.0223002434864534,-0.026033713970882,-0.0498568324853307,0.0306452776301966,-0.1420680311611316,0.1069768583990908,0.0660219882742427,0.0122169215465581,-0.000772053183735,-0.0847621032993595,-0.0263094795945226,0.0402003299711934,-0.0500009273948431,-0.0088331454436952,-0.0611359243908328,-0.0391754668621427,0.0148572763034871,0.1038627093602111,-0.1939669567716075,0.1539213741498153,-0.0547443691285937,0.1043234951442377,0.037287409120942,0.1028712209263662,0.1260592771309419,-0.0225821406522831,0.1122310448080023,0.0536968851200276,-0.0404516549804083,-0.2126174787435529,0.1217534460907201,-0.0312064038263238,-0.1233655939536502,0.03286848276003,-0.0448660521996845,-0.018870970633522,-0.0605789736339444,-0.1880765452014602,-0.0042585800242274,0.0708333845650759,-0.1968576181890602,-0.1008551601018438,0.1193031611230674,-0.2860196768997837,0.1512720771220508,0.0522405249243764,0.5311069310783896,0.0340891254767858,-0.0058606673909832,-0.1320893010084399,-0.1278193707671095,-0.0932402514681817,-0.0272367269055869,0.1621421771296896,-0.1429900291395727,-0.1161488059906846,-0.226064662663101,0.0251926379358298,-0.044915932074279,stop,940,9,74.01471116227273,-0.078592231414293,0.0141752110904976,0.0808997648858125,-1.0,0.180364023713414,1.029360834143461,0.6602326825608765,902,0.367943979280448,6,0.1090825023238193,0.2473831472054912,-0.0369790411948928,0.0,-1.0560830436597104,-0.6881390643792629,1.6171455906035892,0.0729957713014779,77.79192584124996,74.01471116227273,84.49600165080241,2.101284403325234,0.0590498145085462,0.0499208858541682,0.0261328011228758,0.1018868319060379,0.6538450252357279,-0.004444123647429,1.0,0.0804835886603339,2020-06-01,56.0,13,0.036358381418639,0.064496098765429,False,False,False,0.25,0.0,0.0,-0.0366667342475292,-0.8546090038952358
BAX,Falling Wedge,bullish,1,0.6856159068131061,13,99,1073,1074,2020-12-21,2020,2,70.23965230297483,71.86257325580398,80.99324955932104,66.64267464348738,0.708176089815778,-0.0225836743564992,True,0.0221029012944669,0.0132766582107721,0.0215057350503844,-0.0139021296345039,0.0173303548342131,-0.0481348606686162,0.0070376650279682,0.0114044529744081,0.0048263364905505,0.0092217615626424,-0.0254123345986979,-0.0347913347493122,0.0534706352149452,-0.0388495275699838,0.0249195486012243,0.0107625101288109,0.0310104835742786,-0.0182755253123206,0.0449139641561009,-0.0298303741644556,0.01715790515984,-0.0211855662921648,0.0209439163052013,0.0341126313753914,0.0196102176335681,0.0573105623842775,0.1055934599088719,-0.0302631141539659,0.0068968562949491,0.049691236527803,0.0304811770481343,-0.0372926307718786,0.0055791941291718,-0.0296980565851314,0.0342458179494005,-0.1094447914016839,0.1000605775684162,-0.0346268513337627,-0.019068355385141,-0.1354354388397024,-0.0515610436017018,-0.0299638340493927,0.0050999784263139,0.0567767876571119,0.0871395872874856,0.0310365754224126,0.0222306378033272,-0.0213041320853739,-0.0775140659697519,0.0639391152750501,0.0752238845731196,-0.0333373736297102,-0.0521920995154846,0.0021656485676326,0.0296528019922579,-0.0377567152573157,-0.0070712549418932,0.0150296414474517,-0.0130377864814545,-0.1331683858857451,0.0695030612082303,-0.0162671701717287,0.0963878037448022,-0.1836854881409344,0.040106548927254,0.0671150335399743,-0.0449061325213293,-0.0946372815674744,0.0339531485436796,0.0021722042304339,-0.0570870900690505,0.1409105260057861,0.0563158154253309,0.0492140132315919,0.0109658477137071,0.0317186470202415,-0.0032271936974076,-0.0540188257923197,0.0940774237994761,-0.0787450515753833,-0.0550203051087492,-0.0905786841413318,0.1038027589810446,-0.0122458562485768,0.1852334554384147,0.0450000342819383,0.0846822869236088,-0.1440692929796605,0.0690247355059567,0.0365774085821803,-0.1374466720435108,-0.0144363493356829,0.0291473090713647,-0.0320829174885006,-0.1250860275879332,0.053927041850398,-0.0722518129671587,0.1688674002348045,-0.2780875338986327,0.4503195203897896,-0.1333717665463473,0.0210720990813573,0.0457351389053963,-0.0526030257983805,0.0356766142827946,-0.2048169388405544,0.0409199165652183,-0.1014913495505094,0.0086110962304792,0.0356766142827946,0.0114135821706553,0.0293815952185756,0.189336063977435,-0.2851581285915364,0.0372438041009324,time,1133,60,72.28694915771484,0.0291473090713647,0.0590265712950169,0.0419061403060509,0.5691714123772845,1.1526359729989335,0.8183183225208371,2.9896202518751647,972,0.4382106243896257,6,0.0801229010971178,0.2309068990161769,-0.0670837774326063,0.0,-0.7883289802725455,-0.3501183558829194,1.0284512501881995,0.1272142987595252,71.86257325580398,66.64267464348738,80.99324955932104,1.498338826457676,-0.0443186946617119,0.0016614793066866,0.0211213232435077,-0.0474267447094796,0.4880393953442521,-0.0101411217157844,1.0,0.0396761259210172,2020-12-21,56.0,13,0.1993034770186166,0.1419538102652695,False,False,False,0.0,2.0,0.1666666666666666,0.0136557289153534,0.5879841019448832
BAX,Falling Wedge,bullish,1,0.7347948762114422,3,21,1184,1185,2021-06-02,2021,2,73.28560699542072,73.70479292124168,81.32329676484187,72.9890047607268,1.3996401555456677,-0.0056873631850358,True,0.0150376395296958,0.0059432878411553,-0.0057811206419324,0.0031685195230444,0.0069754283574072,0.015566757064255,0.022586110043854,-0.0008783687905834,0.0018443805360406,0.0298569511039246,0.0019931268065775,0.0081622794229303,0.0219046628841002,-0.0057811206419324,0.0271027675054105,-0.0193503817497127,0.0405408117523209,-0.0002149699823432,0.0028497090546943,0.0273322661328436,0.02471811884921,-0.0145436233005665,0.0056350243332186,0.0078885443290142,-0.0023066016975854,-0.0292831390407495,-0.0098643056255842,-0.0992297916220226,-0.0360930689605092,0.0082364854919361,-0.0759172363923306,-0.0489751965620114,-0.0682187788933204,0.0143519459141183,0.0273168214833376,0.0228616541297579,-0.014097762079585,-0.0117341112480252,0.0224698327551142,-0.0233781318241813,0.0104371002105421,-0.0145064833668547,-0.0192450344032993,-0.0144434458203595,0.0164861591112663,0.0250298686661522,-0.0077655089552368,-0.035551647986566,0.1076244612190597,-0.046541018297989,0.1229640420758966,0.0633256996467033,-0.0588806887430828,0.0102845143562033,-0.0709660973214234,-0.0489367758698996,-0.0777971283499475,0.0026499369748931,0.0100482378645485,-0.0137203336385653,-0.0336829145912417,0.0812556450482171,0.0654245079507049,0.0556946744786244,0.0090861965783883,0.0118825163860614,-0.0311194263901696,-0.1409212891678578,-0.008649246965693,-0.0462222943046163,-0.1042373544148503,-0.0171666038042245,0.0144452845836899,0.0132506699381775,-0.0013152327209093,0.3302564165168904,-0.1215266978920334,-0.1677678089373957,-0.2038408544084906,-0.1299290106391267,-0.0122458562485768,-0.0392156438184869,0.1217713089246852,0.0349569251660946,0.0289252404540487,-0.1737331922886867,-0.0713947158939309,0.1429814968211271,-0.0768627847966648,0.2011543729779166,-0.2063439767771602,-0.0295422611624634,-0.0907187283909998,-0.1622037606114341,0.0714710576990034,-0.0539988095258129,-0.0720950120056123,-0.0489257416883965,0.0507003690331588,-0.1966864481113397,-0.1757186463602195,0.6016226021460689,0.0100109788784328,-0.0591849558146287,0.0666779097034302,0.0359549279339233,-0.0586199765080989,-0.2298649638200699,-0.1419982576271189,0.0269193024259255,0.1007000120791017,-0.1521626159795754,0.1718891032086515,0.0121078190450967,-0.0886586611265958,stop,1185,1,72.9890047607268,-0.004047209907294,0.0091212315816131,0.0057930926564748,-1.0,2.2537085524461067,1.4313793426020236,27.09922188454057,1161,0.835858101352534,5,0.0046741818029684,0.0119754991340488,-0.0971466909615336,0.0,-1.24021300909581,-0.4043549077432821,0.1394050627012845,0.0761440802204657,73.70479292124168,72.9890047607268,81.32329676484187,0.9124295732149038,0.0105436786949482,-0.0372181686381397,0.0124212358403154,0.0795183073372303,0.2654833199424722,0.0018259670832712,1.0,0.011332468739118,2021-06-02,42.0,9,0.095833096466515,0.0648141189271267,False,False,False,0.0,2.0,0.25,-0.061486503207885,-0.8150608476126778
BAX,Falling Wedge,bullish,1,0.6477480401291328,5,33,1315,1316,2021-12-07,2021,2,72.85264479494685,69.70642411256796,78.57477631216551,67.15432449453397,1.1850820252566978,0.0451353045638678,True,0.0306020442646921,0.0419954863877729,0.0155929517908373,-0.0267648094042349,0.0542046301035021,-0.0263045880262772,0.0031685195230444,-0.0135134106089149,0.0191292808319285,0.0041770396514841,-0.037579712919704,0.0056875971877274,0.0087411932550998,-0.0077270626925161,-0.0719066479287156,0.021220195642301,0.0017068341934951,0.0158183213261724,0.0208745392218026,-0.0169397517509435,0.0169814937867529,-0.0235679066911895,0.0324521089401095,0.0475893714892823,0.0561517781827926,-0.0304586201960933,0.0341126313753914,0.0462087756360738,0.0233772649631611,0.0196722339116446,0.0453373404889769,-0.0039910842264645,0.0412081070185523,-0.0060163882768589,-0.0117971828446168,0.024943956955935,0.0342598409441896,0.0019122009422112,0.0495279921851423,0.0915152894403981,-0.0886251629798031,-0.1848893061978186,0.0585217325938378,-0.0391606167272239,0.0450015610122276,0.0400563431883391,0.0974267259363856,0.0945986732400272,-0.0554734376519477,0.0861235553662327,-0.0120213176908198,-0.1341933711990071,-0.0754499799522799,-0.0970901970899907,0.0179499650082217,-0.0458237555204696,-0.0496221773938057,0.0945154207406773,-0.0818436285893762,-0.0678067089362843,-0.0617656063572592,-0.0219711385316094,0.0819166199038576,0.0086450136757036,-0.0103497479754693,0.0523627503601216,0.0488217665059569,0.0727190178759973,0.1099445738089632,0.0754432430427549,0.119247346515466,-0.0679788881149673,0.0399443664714933,0.0109255117335278,-0.0367423541712245,0.0670685091933014,0.1207168800584268,0.0770670199167369,-0.0670329026449961,-0.0331863559624093,-0.1611602909571278,0.0489988481475291,-0.1304336298412721,-0.0865202602916375,0.0171129924103536,-0.220955652815407,0.0560000039890427,-0.0653852783048201,-0.0542894274807944,0.0552575104289687,-0.0424770405473489,0.0990967649818861,0.0779642553555917,0.1526639912344741,0.0711537466287826,0.1307805858785713,-0.0174328978171415,-0.0911866877545292,0.0645344179797735,0.0559503454195269,0.0356766142827946,0.0186012566171458,-0.2176076388554408,0.1371487629518695,-0.1734349789497381,0.1445060101710897,0.0100109788784328,0.025997903998927,0.0353735940000745,0.171986802990899,-0.1002633078672666,0.0749928898383214,0.0736600887499085,0.2971444923076978,0.0405846063831067,target,1328,13,78.57477631216551,0.0785439091926494,0.0825630922602102,0.0029977250947815,1.0041786378354411,1.0555636251562923,0.0383257153002074,1.0041786378354411,1280,0.6051050119090722,5,0.0530754875021396,-0.0547697233538273,-0.3208793885951044,0.0,-1.0563278881707607,-0.4512228762616925,0.50236883053205,0.1076834214349667,69.70642411256796,67.15432449453397,78.57477631216551,1.4116710163174897,-0.0031022564114012,0.0103628698005535,0.019420734546299,-0.0228370101018057,0.2933298746744808,0.0035337422504544,1.0,-0.0013860190387613,2021-12-07,42.0,9,0.1800301531425328,0.0934839312995763,False,False,False,0.0,0.0,0.0,0.012866735111402,0.3770648514091986
BAX,Falling Wedge,bullish,1,0.8025664446686378,3,41,1394,1395,2022-03-31,2022,2,70.91850298327054,71.35131681832269,84.74361817800019,69.09689263160348,2.104991543971349,-0.0060659544119443,True,0.0042482141094017,0.0142635106420546,0.0222845749829621,0.0194500998053595,0.0664242876226459,-0.0500508555148128,-0.1286103676252096,-0.0417536235791227,-0.0129412278666092,0.023638219036203,-0.0307731645007537,0.1558649857465623,-0.0186564225339513,-0.0442456404720907,0.0183162717182125,-0.1106144812724445,-0.0156264266744764,-0.0707700698738851,0.0994949061700698,0.0748592219851709,0.0153706754030993,-0.0158658911848168,0.0064584605407961,-0.0159626851749433,0.0182743414352666,0.0019122009422112,0.0246042040616709,0.0510735350511617,0.0461774540991881,0.0284639728477547,-0.0142470812358936,0.0328880586019131,-0.0712790814290826,0.0159469728668371,0.0074790983514125,0.0421826868642936,0.0374253184459818,-0.0812385269965004,0.0382194994802924,-0.07310267382652,0.0493642957896529,0.0247554223774453,0.0561777959466827,-0.0837031997466223,0.0244079813450044,-0.0238380818667875,-0.0852213422145253,0.0059082120516293,-0.0463853348435902,-0.0246870468683397,0.0418341108278275,-0.0064966619243547,0.0006823459314684,-0.0061271061880873,-0.0623637076903272,-0.0805739042700184,-0.1039559386814404,0.0662431827495593,-0.0302048060123575,0.0513397542582665,-0.0223997549250157,0.0109225792846296,0.0450542032651981,0.0584851123846692,-0.075459176682546,-0.0898732615581811,-0.14395306089147,-0.0275330116049566,-0.062948768042572,-0.0195674673008919,0.0643705899266934,0.1268302759389299,-0.1034265336047908,0.0318194706454109,-0.0146478668588986,-0.0537975562996208,-0.0133550451218382,0.0478183909086749,-0.0785913953914222,-0.0072469603070001,-0.0681279946984247,-0.0032781481568486,0.1160443580341668,0.0322082050897767,0.2151692481784799,-0.010622918318012,-0.1479083592332729,0.0016562638590686,0.0981321614083683,0.0786320510580214,0.012942531659696,-0.0325799762404152,-0.1567316971258743,-7.131655120140579e-05,0.0714074082702791,-0.1981591319628037,0.1121458181646357,0.0297009442510864,-0.1429900291395727,0.1325127519755204,0.151919338938935,-0.2730288233986068,-0.1508927347718271,-0.2058125032849296,0.1577046084363376,-0.2276617071205516,-0.0942699261070183,0.1492669232898757,-0.0629607648823302,0.1097299131098217,-0.0505099921180948,-0.0098616138813263,0.1217642913226406,0.03591837428325,-0.1395278543946403,stop,1396,2,69.09689263160348,-0.025685967343343,0.0121009582609852,0.0290939248289582,-1.0,0.471111642370027,1.1326777940679136,7.589501883362423,1351,0.7487429479349044,7,0.0880174983797669,0.1402404509520185,-0.0614401605095917,0.048780487804878,-1.3476916550668896,-0.5989487071319856,0.3029969214246038,0.1249145431226303,71.35131681832269,69.09689263160348,84.74361817800019,1.4529048354434195,-0.0378404029677877,-0.0647518785124999,0.0205239476510926,-0.0291520770259785,0.1405617567844964,-0.0041569631510296,1.0,0.0397811405654442,2022-03-31,55.0,8,0.0666920083289883,0.0238459726194866,False,False,False,0.0,1.0,0.1428571428571428,-0.1181911432354741,-2.204661810571493
BAX,Falling Wedge,bullish,1,0.6392876358473695,8,88,1510,1511,2022-09-16,2022,7,53.32682909987362,53.88237801411197,74.5468879850273,50.103944590178514,2.1405475245046643,-0.0103104008158816,True,-0.0428396223359858,-0.0054045377722927,0.0321604134303283,-0.0154346571225036,0.0149679811477556,-0.0734513980378237,-0.0181726851077363,0.0167891029546738,0.0333568272019526,0.0576611708291787,0.0208829607301106,0.0015123578568783,0.0222845749829621,-0.0240175906950701,-0.0010327601494858,0.0042467598887758,0.0144256327794713,0.014114339544279,0.0225466582140023,-0.0109745188451393,-0.0593918697897908,0.0095296655317753,-0.0459397706032155,-0.0696146953439369,-0.0040047921867187,-0.0487451757344689,0.0100049388407794,0.0534275373921095,-0.003784638836408,0.0102501319448644,0.0004694051051357,0.0059455130293635,-0.0071247972230307,0.0290487761930124,-0.0342088531794918,-0.0099932755539301,0.0049642060482868,0.0849660108431009,0.0608567114490425,-0.0016356195633518,-0.1120109423225268,-0.0464581370075072,0.0045461718312669,0.0056945697384502,0.0325371709257569,-0.0715521805399596,-0.0585589981076463,0.0058737844480353,-0.0008533211150243,-0.0012650759054553,-0.0453416922248717,-0.0622440990004643,-0.0004294470338068,-0.0035857414631963,-0.1559309957713558,-0.127044211615702,-0.0379662248588547,-0.1004903740122857,0.1270717834723034,0.0583248610164097,-0.0735887722714795,-0.0877870779556556,0.0106394120059101,0.0545515261979951,-0.0166252802615305,-0.1075739804676048,-0.0615554109594008,-0.026033713970882,-0.0256726062978987,-0.0519950109551723,-0.0945054048399269,0.0310066899926029,-0.0501904402909847,0.0803224295347202,0.0769447680622241,0.0398438279463779,-0.2095924385943658,-0.0223993367528954,0.0173803861541104,0.0544103743052302,-0.0310326263209331,-0.0695675325824942,0.1554819208620539,-0.0075953359505408,0.0769447680622241,0.004970902000855,0.1188213700192712,0.025821468922422,-0.0865552699890181,-0.0570331100504257,-0.0577078740531107,-0.0565087580190385,-0.0861740268386176,-0.129835539658493,0.0100109788784328,-0.2145775360108319,-0.2381796061167678,0.1351186030496052,-0.0472749820797934,-0.211868420867077,0.1152801131476757,-0.0772058760844555,-0.0102517302542655,-0.0038303947618345,0.0279319295201008,0.0471290063633942,-0.0174328978171415,-0.0772058760844555,0.2005352048194284,-0.109081405543408,0.0345193128017338,0.0192935985822555,-0.0233564829447696,-0.2257294617368013,-0.0528652306816688,stop,1516,6,50.103944590178514,-0.0604364550470288,0.0119191993208007,0.0703055647754701,-1.0,0.1972187037033492,1.1632972966525172,6.5841822197845845,1415,0.6340136694592264,7,0.1287275256670981,-0.1819707709849072,0.0277344805528882,0.034090909090909,-1.9394556890478591,-1.3054420195886294,0.559329729404107,0.163405011469076,53.88237801411197,50.103944590178514,74.5468879850273,1.4494586228327968,-0.2071460964418048,-0.0375163221778956,0.0270451765865073,-0.2610306482080808,0.1095910454312752,-0.0040699030623214,0.0,-0.0952258132668656,2022-09-16,55.0,8,0.0025406197414867,-0.0038890939971293,False,False,False,0.1428571428571428,1.0,0.1428571428571428,-0.0077613160232593,0.244474835169201
BAX,Falling Wedge,bullish,1,0.8205050322560309,3,66,1771,1772,2023-10-02,2023,2,35.19109357684388,35.223476870895695,51.27314451441936,34.94649185242986,1.0623771999498348,-0.0009193667669579,True,-0.0193494245111794,-0.0363589375721827,-0.026524785120135,-0.008687306151128,0.0203529552708774,0.003641910342617,0.0496454057923854,-0.0486351083063737,0.0469816835751717,-0.0128367256147676,0.0194254629397581,-0.0304483500789886,0.0050595113679643,0.010032018539219,-0.0436332603776646,-0.0818816209997973,0.0791515679458982,0.005021010779548,0.0052675502489962,-0.2090236710847683,0.0165309267656401,0.00833487241499,-0.0097381269236516,-0.1405533545359741,-0.1663851529370849,0.0405994088227439,0.0080393276145813,0.0538705201045639,-0.0329247128254961,0.0204238294330922,0.0062647857655542,-0.0577438203883353,0.0070943264675726,0.039465050172238,-0.0041991591721064,0.0263621368088875,-0.0316261059875346,0.0511617786984319,0.0048421590975986,0.0946797190402448,0.0332360552770663,0.0372569782802829,-0.0125074874375632,0.0172067141052627,-0.0872850405776634,-0.1512641777009452,-0.1389409118392938,-0.1166617732573579,0.0820311169973138,0.0005381581518371,-0.0654382147180266,0.0092161836417559,-0.0510019178772166,-0.118091203237835,-0.0001577118982598,0.0450542032651981,0.0361935398378387,0.0127035858444179,0.0092161836417559,-0.0924401506669387,0.0451054370956012,-0.0397033117773826,0.0580022953152801,0.016095737545275,0.0949885524395197,-0.0493396079663357,0.0401203301963073,0.0009625686615681,-0.1406437005638775,-0.0233805854526344,-0.0936530124979914,-0.0582005899074641,0.0943353413495973,0.1388700149755597,0.1044871158825839,-0.1709894546991804,0.3775671271900087,-0.0154262924083548,0.0069703257672031,-0.0426568802420944,-0.0631694719446621,0.0840086791531671,-0.0011904812115286,-0.1156462670706629,0.1054181716862945,-0.002906709792613,0.110343376455779,0.0087139995205163,-0.0570826001175776,-0.1509237538365838,-0.208137888598304,-0.0305997735602186,0.0473122627546056,-0.0782748537099691,0.0604509375436363,0.088986018115833,-0.174487226415947,-0.0390359564146491,-0.0147242480992179,-0.2480335612369215,-0.0694886524441122,-0.0508760737817564,-0.0642307647187502,0.0236796683687816,-0.014536400168496,-0.0306433599286052,0.2667233512754421,0.1896241103731719,-0.1967722757069032,0.0502494324014084,-0.0331725099689076,-0.0497656260236997,0.1175224352307635,0.0771448137326638,0.0528815571479189,stop,1772,1,34.94649185242986,-0.0069506713077815,0.0048374176190423,0.0147809527168211,-1.0,0.6959640881919815,2.1265503808636845,65.74790499168434,1703,0.9573925348333024,7,0.071924466950427,0.1499155996976025,-0.3098637078246929,0.0,-1.590912299234026,-0.6335197644007269,0.0286778400877803,0.2366043358281472,35.223476870895695,34.94649185242986,51.27314451441936,0.5505595886416644,-0.1264735024790996,-0.0938710580160707,0.0155862121224591,-0.0660838501392324,0.2553162132329136,-0.0076843979294566,1.0,-0.0495860660793232,2023-10-02,52.0,9,0.0085514112189208,-0.0334252650504576,False,False,False,0.25,1.0,0.125,-0.0253394588762353,0.0649192643342743
BAX,Falling Wedge,bullish,1,0.6650768881819998,8,63,2092,2093,2025-01-13,2025,4,30.063375424767205,29.01078646876624,39.91007448914985,27.35132821376166,0.8879970486818227,0.036282675657008,True,0.027079915468438,-0.0049037530071818,0.0103437480147583,0.0971127370884998,0.0152847555701005,0.056767142324799,-0.0050955889927238,0.039863382542844,-0.0604027118536859,0.0319608485788005,0.0159943998891207,0.0109697914617707,0.0091783235211855,-0.0331013132796965,0.0177641427810932,-0.0179894540375435,0.0565446764579209,0.0435713698426958,-0.0353544800825713,0.0275379749123578,-0.005212463362446,0.0287015744778529,0.0118579726756813,0.0665579164564416,0.0320584731510649,-0.0992297916220226,-0.0276085911674708,0.0261814038257002,-0.0483644027334954,-0.0132379287616893,-0.0012303350677002,0.0081624484149498,-0.1114340119694864,0.0276814651449381,-0.0434244531396412,0.0422773372409936,0.0388246680848667,0.0877753027891796,-0.0337252617134259,0.0561777959466827,-0.0114257423892293,0.0639401937113692,-0.0387788319709545,-0.0527059975630256,0.0198501717843819,0.0720726445141955,-0.0016313406744022,-0.0374825309049012,0.2029711735426003,-0.0350189603491265,0.1927329275271063,-0.0429412374852822,0.0270187639253816,-0.1046247906030077,0.0377857973681086,-0.0690469676762943,-0.0213359110396069,-0.033155513282353,-0.0080361057494007,-0.033155513282353,0.0834142242060109,-0.0200175959191311,0.0069805988545668,0.009951248833268,0.0149615472284212,0.0072854048222807,-0.1141195717124695,0.2667578941768944,-0.0200517113436829,0.1281393269300859,0.1717596798690834,-0.0035955513201061,-0.0462222943046163,-0.1488064255561587,0.1087037005628297,-0.0553441225735279,-0.0251148409793519,0.0601499284413717,-0.0424770405473489,0.0846822869236088,-0.2348083619229364,-0.1010292736605114,-0.0282127832387992,-0.2113031824598139,0.1029779875084486,0.0577936334018163,0.0317186470202415,0.0505309991620486,0.1374398721861789,0.0467026351697346,0.0306746534671527,0.1374163035660728,0.0081454199242847,0.0664820091927123,0.1374990825187725,-0.0501274786216697,-0.0669085487819783,0.1108770129032046,0.0264788486963414,0.1937537918422165,0.0568112343041307,-0.2252090236279345,-0.0495331791043385,-0.0950307609638756,0.0131810901186801,0.036973358160673,0.0731968705555561,-0.1682536418242191,-0.0307907246338913,-0.123259233383611,-0.2293563075450125,-0.0541411250447679,0.039961879038399,-0.1949535139114324,0.0380869383895225,stop,2150,58,27.35132821376166,-0.0902110016818427,0.23731411545108,0.1108648925974172,-1.0,2.630656028940266,1.2289509098725775,3.63072553620178,2025,0.670042304614217,5,0.006467440625249,0.0361871105103204,0.3243105498612604,0.0,-1.7501408431242311,-1.08009853851001,0.3976847880480241,0.1645529374990182,29.01078646876624,27.35132821376166,39.91007448914985,0.7104231237835487,-0.1340443544524092,-0.0419492874315764,0.0237470660140295,-0.1253901518518348,0.7455620300051786,0.0020393658438599,1.0,-0.0396951154924442,2025-01-13,37.0,10,0.052961192837831,0.0126323617254884,False,False,False,0.0,3.0,0.3333333333333333,-0.0108752477665579,0.25100201167668
BAX,Falling Wedge,bullish,1,0.7407023930381925,3,17,2192,2193,2025-06-06,2025,1,30.14994881090851,29.65953724942807,32.0539922337216,28.795999214536156,1.1239516665371094,0.0165347003682565,True,0.006574615824862,0.0111100373946597,2.3544975191747147e-07,0.006221610390009,0.0462773423629392,-0.0355427612943387,-0.0239113747441903,-0.0133970004993038,0.0201620260947987,-0.0500508555148128,0.0276992792769925,4.7748275555647985e-08,0.0304597450709782,-0.0214804617903918,0.0162193814583286,0.0026167312572555,-0.0469537824039653,0.0011736555126049,0.0236075304923082,-0.0464475594550822,0.010032018539219,-0.093267883635135,0.0139037196090499,-0.0141354930326995,-0.0178109284987562,-0.0092772997044763,-0.0063922207327147,-0.0295265983968994,0.0400408016938598,-0.0678137744879789,0.0681290051028127,0.0761719746351865,0.0665579164564416,0.0430327248796797,-0.046934252019376,-0.1174964846989892,0.0593825298390497,-0.1073189937208792,-0.0339492307713868,0.0143777589132461,0.0169306002876941,0.0166280639732046,-0.1113842804802147,-0.0261653457414363,0.0320943523766912,-0.0079898554028752,0.0078895182673719,-0.0295511690835297,0.046669336718405,-0.0405686709577765,-0.1538306712813968,-0.0640107804777629,0.0314023342285425,-0.0600271310790262,-0.2298650936032392,-0.0053858916918126,-0.0096289971076776,0.0323001929845532,-0.0310775710901906,0.0851822829512403,0.0617306593829354,-0.0620242401557871,0.0452794473075188,-0.0239505059984268,-0.0325504280186377,-0.0397033117773826,-0.0064067867815131,-0.0096289971076776,0.0311942594451275,-0.2491782426961275,-0.299379047105514,0.0083688864404578,0.1086906355633727,-0.061754436910833,-0.0348284152011866,0.0775442982639569,0.184711967959545,-0.0542786946830197,0.027828127585012,-0.0867995646800661,0.0263927067745133,0.1156965519075985,0.0981588825283732,0.0225984920915884,0.0065146843634449,-0.1273476102857167,-0.056087837019086,0.0503581600485556,-0.1739145286223258,-0.0500599423897248,-0.1939939547128621,-0.2435681631472074,-0.2207376968038116,-0.2973119279936679,-0.1429431850643864,-0.0779283176294203,-0.1883434001485776,-0.1320893010084399,0.1238662422063323,-0.2367608976917168,0.0343992742787484,0.5564267990619525,0.021970110569504,0.0138667055967238,-0.0204297893049031,0.1509286230719355,-0.0202956802937563,-0.0906072334467247,0.1856058026854559,0.0370608891834818,0.0133418114937899,-0.0326488782189016,0.2103913864338003,0.1432100328369647,-0.2481887465344047,stop,2215,23,28.795999214536156,-0.0449071938683519,0.0532543927997049,0.0627876220936443,-1.0,1.1858766538791832,1.3981640063663268,1.4062882605930132,2174,0.5446051269065584,6,0.1090381260953319,0.1451149352382126,-0.1073703397756674,0.0,-0.9365215018167596,-0.3919163749102025,0.6201700967972369,0.0717954895845277,29.65953724942807,28.795999214536156,32.0539922337216,0.7165450857301311,-0.0801886290607645,-0.0015753217282619,0.023891712677674,-0.0770726273588362,0.3571434410260397,0.0122718713483969,1.0,0.060312194636791,2025-06-06,37.0,10,-0.027485129221425,-0.0211128229467076,False,False,True,0.3333333333333333,0.0,0.0,-0.0260114531902754,-0.1951106929537798
BAX,Falling Wedge,bullish,1,0.8009807069983033,3,42,2396,2397,2026-03-31,2026,0,16.98461651779762,16.312773218524057,24.27733234228714,15.495407061202483,0.9888746191231648,0.0411851063135388,True,0.0141176604488839,-0.019694865721058,0.0318584859754014,0.0232286261124932,0.0236075304923082,0.0099104788963997,0.0994949061700698,-0.1130568356327492,0.0099844239267588,-0.0467353237133847,-0.0734513980378237,0.010014278094538,-0.0782327167328317,0.0125173261122613,0.0035710426327235,0.0029831949358314,-0.0165778024664026,-0.0651450271304417,0.0114104316434771,0.033413113607315,-0.0289678653569481,0.0139486557380281,0.0209288841855327,0.0352941440838521,-0.035114129413085,0.0490244941667592,0.027210844720054,-0.0163787116262724,-0.008690422270441,0.0365442473222592,0.0362320046379569,-0.0934979081740442,-0.0082690200196779,0.0232515787046418,-0.0484747644478391,0.0530330463933497,0.0587767221176158,-0.0338474966680995,-0.0403185050331599,-0.0756324134843456,0.0055791941291718,0.0036844803883375,0.0057516052787522,0.0571868376763555,0.0116246135889372,0.0331546227138365,-0.0058823830670856,-0.0940915701210917,-0.1233111813254651,-0.0705372776711357,0.0423824927101446,-0.0405686709577765,0.0194409973262892,-0.0036047941864101,0.095043925815289,-0.047900489307424,-0.0306783930548275,0.0026676424916356,0.0106394120059101,0.0686028765756872,0.109353174870024,0.054972582471237,-0.0136782806381,0.1301956359285296,0.0688484795848336,-0.0284075723142303,-0.0166252802615305,0.081020807019553,-0.0212751874211973,0.1323529244704075,-0.0216460883442921,0.0858835167074028,-0.162903922007237,-0.0579197530080434,-0.1791433384440415,-0.0929993764834234,-0.2073760504645132,0.0257226120447719,0.01359865516582,0.0257226120447719,0.0054492150026146,-0.0266381010090978,-0.1554549571425331,-0.0570826001175776,-0.2001438815318083,-0.2383505484228609,-0.0004683812489991,0.1433612235571366,-0.0867995646800661,0.184711967959545,0.1184745419826516,0.1754707309751819,0.2971444923076978,0.1794383997972264,-0.2230547000090081,0.0378818453031846,0.0104547297209869,0.0803694126241398,0.0844789271845205,0.0470022431067538,0.1575213707399276,0.1121458181646357,0.0598159056588276,0.6383801626501464,-0.016790785239213,-0.0270148270694369,-0.0542877205847125,0.0679410292630964,-0.1249071244868762,0.0638566932927451,-0.0074396153813333,-0.1847995299504039,0.0477224230849655,-0.0061199264069775,0.2589866757243994,time,2456,60,22.03150177001953,0.2971444923076978,0.3053840308587593,0.0488234684540609,3.3889693822928706,3.482942330123429,0.5568376463690818,4.897038352928056,2354,0.6960209014057496,7,0.0477923088246622,0.0864538122561076,0.0808561317723104,0.0,-1.3379964079974622,-0.6419755065917195,0.1972820523783953,0.2517705803709609,16.312773218524057,15.495407061202483,24.27733234228714,0.8092667676729376,-0.2371180730470506,-0.1233083350692941,0.0482142755378691,-0.2485635505033605,0.8571415596281949,0.0177214359436916,0.0,-0.0414709939612747,2026-03-31,54.0,14,-0.0431803095448145,-0.0671642682002398,False,False,False,0.4615384615384615,4.0,0.3076923076923077,0.0276983676769801,0.8599417162543155
BDX,Falling Wedge,bullish,1,0.7050298407722788,3,39,952,953,2020-06-30,2020,2,164.7912946915019,159.57321841305577,194.6630457442529,152.91762979564947,1.2826215258413665,0.0327002007626311,True,0.0572708634275505,0.0359190557713877,0.0121220041587564,0.018212653097632,0.0196987399157086,-0.0017946525302783,-0.0456122035989881,0.0138762605088853,0.011820924511114,-0.0089191190962245,-0.0022335582986018,-0.0297667508944829,-0.0022099312031107,-0.1988066358039975,-0.0006159680011076,0.0301941987313099,0.0262086730937143,-0.0403461037948772,-0.0015241272289253,0.0196238746739418,-0.0543427598827135,0.0052695225465284,0.0687281113823363,0.1168006922146753,0.0771328202093022,0.0330057840389739,-0.0216277530393022,-0.0031668122516375,0.0754126637339198,-0.0864861279667599,0.0231379256490444,-0.0272413268409531,-0.0032012665554372,0.0442174314344958,0.0121188895799324,0.0062310181675901,-0.0160895921376863,-0.0073503152668917,0.0089219848993247,-0.0138639867125079,-0.0203307731644533,0.0300946127289449,0.0363582564727711,-0.0378964294917834,-0.000476268346488,0.1152122964681205,0.1562918392039256,0.1060609512445887,0.0295558813583725,-0.0463995693647597,-0.1240606578219816,-0.0623376513521948,0.0202763923952529,-0.0102508446195671,-0.1049578165434118,-0.0305507847393665,0.01126928832052,-0.0720232677927057,-0.0746273942091518,0.0204599661774198,-0.065176584407276,0.0256541830415837,0.0634186309843931,0.06180298380393,-0.0438360136598935,0.0267012560655681,-0.004532267574333,-0.0499775092435424,0.1777714281629828,0.0625001451922087,-0.0602503855225051,-0.0544200670621086,-0.0298305540584898,0.0734254506341873,-0.0196566330322808,0.0101402782464645,-0.2101870145170634,-0.2738086003145069,0.0197344232691882,0.0573721556902682,-0.0598723854204158,0.040487908889476,0.06592656913876,0.0706667370947711,-0.0349919869461949,0.0342179867245546,-0.0029905126124449,0.0916477892860094,0.0826563976018808,0.0359597107378244,-0.0141175818851193,0.0683821416189706,-0.0716662337742007,-0.1208468896680682,0.0480991020331824,0.1431330901005338,0.0552555028555841,0.0123598904633404,-0.1761711489178902,0.090386471245627,0.1009491139434586,0.0101779794232954,-0.0093726515416684,0.0845413431265078,-0.0180094139503429,-0.0569886227705522,0.0970158895527752,0.1070483446689234,-0.0939218733692154,0.0574331825228273,0.0605430335560048,-0.0004811461935273,-0.0152639641375406,-0.0258261570833433,-0.0952116320505997,target,975,23,194.6630457442529,0.1812702006418032,0.1904281993485651,0.001171326616862,2.515798728932088,2.642900047430438,0.0162565165340595,2.515798728932088,911,0.7348358183021795,7,0.1821513714601596,0.0913857176246468,-0.230493520502117,0.0256410256410256,-1.2628223694408152,-0.5279865511386379,0.325954655572189,0.1564363912356484,159.57321841305577,152.91762979564947,194.6630457442529,4.533706901682066,-0.0449438979759582,-0.0306436853421766,0.0274853587227266,-0.1096799942875389,0.8411891803746517,-0.0016310732786497,1.0,0.0053137154554205,2020-06-30,56.0,13,-0.011943511032272,0.023521469120707,False,False,False,0.5,3.0,0.25,0.0090198696100827,0.2475574916553817
BDX,Falling Wedge,bullish,1,0.647506466267928,5,49,1294,1295,2021-11-05,2021,2,170.0143986961335,171.0620040227683,188.26235652056704,164.64569683475355,1.3680446172930354,-0.0061241263518423,True,0.0062685306197363,0.0114422257386336,0.0052447355997384,0.0071452454054841,0.016458061637266,0.0223739092261725,-0.0223429631082913,-0.0311326072366424,0.001983449874723,0.0114316353156898,-0.1815537033200372,0.0210002053151541,-0.0069050078433904,-0.0205928763380091,0.0474437379220638,-0.0937499442178781,0.013674233453224,0.0023023058653548,-0.0039256642411986,0.0367206399934973,0.0145209473020662,0.0514511746924892,0.0116911548548624,0.0252802691071709,0.0270046795648041,-0.0045634034086809,-0.0070496592641402,-0.0362922941673965,-0.0786479393108648,-0.0576984036901414,-0.0379801590705168,0.0138328025665939,0.0007308654230815,-0.0181433765657641,0.0439161819215436,0.0222667679556842,0.0468901624712621,-0.003651250004956,0.0342248863629366,0.0261860659091053,-0.0049520629110807,0.0273814734606312,-0.0688182038656353,-0.018090705411527,0.1237055813771028,0.025117902618309,0.0150938257570938,0.0383215051731784,0.09386982599429,-0.0820261289746301,0.0204622114854651,-0.017221730975938,0.0577795329608072,-0.0742493555238733,-0.0768138440532431,0.0598447965979325,0.0017270699094771,0.0058484536730603,0.0366349135903245,0.0144838519945253,-0.0009815248384552,-0.055589631344347,-0.1098372021012143,0.0056104856819376,0.0744797414684275,0.023349944756037,-0.0086649893149092,0.0105399615408023,0.01613150663077,0.0420321928215561,0.0217474826617944,0.0783586071494917,-0.0559500425321419,0.0017730673129308,0.021835600302076,0.024727844205979,-0.0365400578298537,-0.0330458330349733,0.0053901582115261,0.0007749714012352,0.0370865832964975,0.0316064356268548,-0.0739914881010889,-0.0751054977593242,0.0892609012683249,0.0070986962353745,-0.0335031989216946,0.0164363145378607,-0.0169121912123527,-0.0092921589867689,-0.0258264042578505,0.0443230774759509,0.0622700955502004,0.0851426393838077,-0.0521991440828022,0.0720226321771768,0.0845168580739872,-0.095233427541737,-0.0644445529820895,-0.1629720719707427,0.0779154924771434,-0.0033711379668911,0.0289919785792249,0.0102280058416379,0.1376490181208214,0.0713544026823456,0.0902948427351442,0.1059704179134954,0.0843393171970257,0.1042464717028743,-0.0646545222620498,0.0936566439531305,-0.0129247728283575,-0.0650921348313122,0.0402553797007991,target,1345,51,188.26235652056704,0.1073318375642293,0.1114373030646269,0.0267239153526052,3.398951607967139,3.5289622262580926,0.846284728932913,3.398951607967139,1243,0.6005611843144745,5,0.0943838599980629,0.025619681793074,-0.0782591274595511,0.0,-0.9066594623108428,-0.3060982779963671,0.5631638119864002,0.103168833885289,171.0620040227683,164.64569683475355,188.26235652056704,3.026959214443853,-0.0116060765778945,-0.02092736394667,0.017714281549785,-0.0052015899249675,0.7251253044546003,-0.0129873944611285,1.0,0.0700452164310425,2021-11-05,42.0,9,0.1230388992392461,0.0739017565088551,False,False,False,0.125,0.0,0.0,0.0104479297000205,0.6447548322643329
BDX,Falling Wedge,bullish,1,0.731789419427398,13,97,1478,1479,2022-08-02,2022,1,176.43647113378557,176.82531691099007,206.78872358210327,165.65507005769052,0.8874289077234123,-0.0021990390516321,True,0.0505741964272472,0.0480151584935968,0.0406467946625288,0.0052695225465284,0.0082263794251904,0.0165887723951529,-0.0199578438103789,-0.0167127760605363,-0.0012307437208554,0.0147231689681683,0.0211765207888332,-0.0581863575048137,-0.0175124461628057,0.0134533586559979,0.0015098551963992,0.0176164503251494,0.0176787698373444,0.0462429993023125,0.0038414055638631,0.0280915133785206,-0.0304709981304808,0.0251156670511529,0.0447686957918836,0.1019301639072214,0.0546478382669743,-0.0103314689647584,-0.0193189506662003,0.0393818183729763,0.0642784610784577,0.1462326124581363,-0.0361727395972003,0.0008687591994069,-0.0531266201233631,0.0432864031626925,0.0060214144476846,0.0026632573516505,-0.0161144187513632,0.0105292884363596,-0.0371140300271518,-0.0723682906978362,0.0417040891546058,-0.0174959705963169,-0.0008239254701797,0.0092411784545214,-0.0413905239776474,0.0989326467449977,0.0418092114853148,0.0712756713869409,0.0775532831488123,-0.1260867398140368,0.055400455034426,0.0320595260229201,0.0693402412195181,0.0644769818704391,-0.0105129280364395,-0.0151011748613716,0.0078767738530562,-0.0409903676863714,-0.0579676912529526,0.0669521376583484,-0.059542262676424,0.02832347775204,-0.087284033583271,-0.0644750787817227,0.0476420443948764,-0.0655047447587916,0.0440060426210888,0.0602393609882052,0.0404889463296973,-0.0488186001387715,0.0444008445580209,0.0632555253538158,0.0359956211042034,0.0760718207322981,0.0008908011644561,0.0688296800836398,0.0359597107378244,0.1838396519208174,0.0488370416302745,-0.0768411850326881,0.0747501516239854,-0.0580419579133679,0.0811546972678067,0.0510927888817556,-0.0909542365593613,0.0958454391290779,0.0879173271960542,0.0888971018897952,0.0309852097447269,-0.0519168423308564,0.0480710674053472,-0.0885505708402518,-0.0384551463744361,0.0266454264649034,0.0234893034812839,0.0372396149011668,-0.0226939898512434,0.1343206924832012,0.0718236632630313,-0.0081267741385268,-0.0309273716933476,-0.0529825083137183,-0.001622275561069,0.0424622835780892,0.1294718312723004,0.0130743911199278,0.0059015556430155,0.0975745639348661,0.0660986130967924,-0.0736792665024005,0.0056760462485789,0.0307051387693568,-0.0016877194191506,0.1009491139434586,-0.0668084916872168,stop,1517,39,165.65507005769052,-0.0611064198167956,0.1071974235801438,0.0617010833263608,-1.0,1.7542743283199127,1.0097316044917708,2.8152419369330315,1380,0.5123275526067068,7,0.0746788130169252,0.0447770305312253,-0.1685346721253645,0.0,-0.9763002385121496,-0.4639726859054424,0.710407053720389,0.1496846173517211,176.82531691099007,165.65507005769052,206.78872358210327,2.9726417092232538,-0.0233596172982416,-0.0097465980822809,0.0168475313316231,-0.0132943182125563,0.0924554676136715,0.001715983361602,0.0,0.0683317571656627,2022-08-02,55.0,8,-0.0470910610587282,-0.028928353836938,False,False,False,0.2857142857142857,0.0,0.0,-0.0200892519030762,-0.5593311060180326
BDX,Falling Wedge,bullish,1,0.6838516850330606,3,34,1634,1635,2023-03-16,2023,1,175.44118740916656,170.31150356911576,192.30182870837805,166.47351681969428,1.236425307083595,0.0301194207822201,True,-0.011003810132164,-0.0108768071015173,0.0224193178022518,-0.0022686424577477,-0.0236507758479491,0.0133315993249309,0.0005523755793557,0.0139442827242004,-0.0071814536115379,0.0456799493435562,-0.0092424894942393,-0.0976245041250299,-0.0023887621683762,-0.0116660243312264,0.003023157884801,0.0449999207472231,0.011109748677696,0.0030257072830963,-0.024503407132786,-0.0808651218005609,0.0020009088914736,-0.0620413053495323,-0.0029365342291439,0.0257729798085084,-0.0008787083322923,0.0275062866494155,0.0251806951037025,-0.0058766028444595,-0.0543939135083234,0.0144871146534826,-0.0313265601056439,0.0149943533617,-0.0058766028444595,0.0030837394925991,-0.0064222413775925,0.0207377369861276,-0.1214884591399033,0.1156598786801799,0.0130837101110599,0.0040707756619657,0.0330003028331553,0.0575218466875462,0.0436340736562785,-0.0135725209167322,0.0423635459290674,0.0169546218550501,0.068992963779165,0.0200635812594944,-0.0270269962056838,-0.0760000530439317,0.1220562073023501,0.0145686582123543,-0.0348571174009896,-0.0321061846226854,0.0567356044509412,-0.1617489354787874,-0.0457763007141158,-0.0220491852137894,0.1319963551836551,0.0401299692973973,-0.0579831371594087,0.0108032254352068,0.0089766908806268,-0.0008689270969299,0.0324156900944934,-0.0126751953141122,-0.0599592057027913,-0.0310192982781577,0.0762123705478829,0.0564829114089417,0.0097659435452281,-0.0087212084645498,0.0581549794899154,-0.0245319450048729,0.0904795432795848,0.0065118027521613,-0.0682251467914657,-0.0449357756326742,0.1306051850270717,0.0158345149501155,0.1028316901424086,0.0690923445924418,-0.032836312471862,-0.035361502835861,-0.0364371376301903,0.0339820519750817,-0.0733628454783535,0.1998734933731913,0.053376950170914,0.0423642775191228,0.0845133817679157,0.028322494372437,0.052749995346107,-0.0504492831466132,-0.0245832094815962,0.025052383460018,0.0507837364199799,0.2507986031294069,0.0359894886872931,0.1121850571010283,-0.0402303837694636,0.1444442287817324,0.0052617311161002,-0.2374703198055873,-0.0736268551865424,0.2632521911687291,-0.0654454813683559,-0.0402303837694636,0.0039787224287721,0.1091226504030284,0.0985354361975952,-0.0613106412820826,-0.0198415732191971,-0.0183761640829518,0.0268355344996848,target,1658,24,192.30182870837805,0.0961042361158261,0.0987824780507991,0.0189113026214453,1.8801584124873243,1.9325548448219687,0.3699758319909137,1.8801584124873243,1599,0.7007489935838924,5,0.060108257479655,0.0049273491544781,-0.2747074381644367,0.0,-1.3775655667740752,-0.676816573190183,0.343100709677381,0.0832622905375838,170.31150356911576,166.47351681969428,192.30182870837805,2.89519304217333,-0.0161228799444913,-0.0263678566042389,0.0165723876774073,-0.0739150593216786,0.9308078967058732,-0.0052457416060437,1.0,-0.0431663323161605,2023-03-16,52.0,9,-0.1240040021264961,-0.0862195028300425,True,False,False,0.75,1.0,0.125,0.0234669558411149,0.3904593279237844
BDX,Falling Wedge,bullish,1,0.6890634638941893,3,16,1680,1681,2023-05-22,2023,2,183.65499607728103,181.92913080178096,202.0562541806844,180.9336336226222,1.2018061803491424,0.0094864701870118,True,-0.0472022408148768,-0.0546347728413962,0.004101827282438,-0.0457297366129189,0.0020052782533088,0.0151330451208335,0.0061309711210766,0.0350266602819362,-0.0327606832077588,-0.0322110388670084,0.0339906494984993,0.0070779244014524,0.0006890218844139,-0.0400654923379818,0.0068312302177286,-0.0175091906192893,-0.0101937987091947,0.0013975511739672,-0.0214144802325109,-0.0228643094380615,-0.0092424894942393,-0.0315139501053985,-0.0396461902954415,0.001039312289214,-0.025214721216775,-0.0806131369059269,0.065768020077813,0.0613940779833446,0.0064212267716117,-0.0137197812835546,0.0004650022647694,0.0482238605295795,-0.0064222413775925,0.0488375247010768,0.0107880716212533,0.011648058957804,0.023475611965565,-0.0338102848770215,-0.1077688861584097,-0.0288811078463964,0.0442174314344958,-0.0103314689647584,0.0392620355342125,-0.0435357814144911,0.0498225391704005,-0.0032227263199747,0.0321409714853118,-0.0145542559328188,0.0448097526219266,0.0238519680825415,-0.0951804296784207,-0.0623376513521948,-0.056349278616662,0.0206136619718622,0.1331201359011544,-0.0900912036060699,-0.0030061988882839,0.0010883858156411,-0.0588576069312938,0.066421518795261,0.0932395332004227,0.0083190670452888,-0.0028751869346802,0.0152787562582961,0.0099721450286018,0.0620839138692377,0.0068776052488224,0.0825540279408287,0.0221643256966978,0.0566098699373187,-0.031573862617289,0.050003752282183,0.0358653991691519,0.1413155909937333,0.0391603672451184,0.0679661259477208,-0.0665191842915164,0.1270667532449836,0.2783627549506975,-0.0952400272912202,0.0377560365066815,0.0327153966638835,0.0175098974687657,0.0915240613599179,0.1310554689146073,0.0778135698349109,-0.1236407000048331,-0.0328893695058798,-0.0022950648374986,-0.009457110245892,0.0420321928215561,0.0146045743759651,0.1052665937178076,0.0553225287181069,-0.0423756969878795,0.0147352552524291,0.0203823132636833,-0.0199578204844776,0.000793752917505,-0.1267289283509332,0.0292209636846496,0.149180637790028,-0.0387407327960561,0.0629175157795349,-0.0145583695601061,-0.257190122503776,0.0273617092837026,0.0530403241165884,0.2561774080307974,-0.0357959429348037,-0.0081267741385268,0.0076773445379618,0.0009668542209559,0.0100173965348038,0.1008167393350036,stop,1681,1,180.9336336226222,-0.014817797025863,0.0037968915524923,0.0183853486918739,-1.0,0.2562385991564908,1.2407612723932018,6.761781427498372,1662,0.8715738180630954,5,0.1084437324085209,0.0716331225129274,-0.271778598093748,0.0,-1.3329062357220445,-0.461332417658968,0.0756403881927241,0.0746037280325646,181.92913080178096,180.9336336226222,202.0562541806844,2.6891794753969718,0.0279460196256748,0.0023373113005706,0.0145935651723706,0.1502377306478757,0.1034468072160787,-0.0014690063941167,1.0,0.0149285357857367,2023-05-22,52.0,9,0.0511137729955313,0.0275493955421179,False,False,False,0.25,1.0,0.125,-0.0513108080915103,-1.3468128598036
BDX,Falling Wedge,bullish,1,0.6754967598387172,3,25,2398,2399,2026-04-02,2026,2,151.62066245866137,152.32855250081047,182.76860142976648,150.16456848933,0.7774952383801518,-0.0046471264285488,True,0.004101827282438,-0.0318814546293835,-0.0049363143449405,0.0379239992205446,-0.0189128908470207,-0.035169712756867,0.0011205916735024,0.011109748677696,-0.0472441576715476,0.0326908818362823,-0.0340722851528567,0.0484982417723145,0.0001211016992181,-0.0928521995057041,0.0243377010579137,0.0262756583490832,0.0159183865561121,0.0942313535646526,-0.0253924576572395,-0.0067778952682978,0.0659062322080026,-0.0115570500370822,4.088061374971606e-05,0.0322286181299289,-0.0505329882806486,0.027591429084242,-0.0991482711195501,-0.0782347137450508,-0.0268794739014363,0.0485875071175327,0.0027093612897428,-0.1001821673364213,-0.0323838916579156,-0.0371740683712898,-0.0346133904738558,0.0103143680918074,-0.0468636135222613,-0.0014107459275355,0.0354581561657596,0.000545064266179,0.0098527919990452,0.0702129564722948,0.0490316776358978,0.0076151053516366,-0.0210343807798741,0.0430289330979815,-0.0278665144898986,-0.1266528482827187,-0.0339744272947406,-0.0419635618654409,-0.0154115961245072,-0.0818333255345054,-0.1062584024552356,-0.0026850984166093,-0.0084800504846537,0.116151571978629,0.060479202454416,-0.0952359880662706,0.0628476225594365,0.0022146342780762,0.0031664415806258,0.0875847760405592,0.1096467383602575,-0.0188232931628434,0.0199803041218769,0.0039296897741609,-0.0818333255345054,-0.1364913851135689,-0.0200170408446564,-0.0537795728713458,-0.2103373286871884,0.0604922670238587,0.0667822063491416,0.1886849073595398,0.04583002814399,0.0251208887937686,0.0231059314794901,0.026812471276632,0.0591723405601063,-0.1153534258021314,-2.0653327770236987e-07,0.0130015644519194,-0.0514134831914196,-0.0270801574256657,-0.0134973268209257,0.099444804833678,-0.2602620624902027,-0.0538390442483085,-0.1011529548414544,0.0107079325716703,0.0514966304135819,-0.0561822384665453,-0.0077684161312034,-0.1493136671598671,0.1178802355590589,-0.0286213469674185,-0.0707018418249918,-0.0283913372227108,0.0331580152715103,-0.2209396863542836,0.0112923939583839,-0.0533332711670596,0.0901678487861283,0.1358177284214068,0.0481726900391785,-0.0066661684839224,-0.0435018117215311,0.2293233770602196,-0.0357085606150391,0.0771769932631205,0.0536184369092795,0.0918392680142519,-0.0272770808274434,-0.067688869028287,-0.023049266784696,stop,2413,15,150.16456848933,-0.0096035325642266,0.0414089271581406,0.0099615957223895,-1.0,4.311843259884383,1.037284525852164,21.391434637565467,2371,0.8667574173414556,6,0.1418418068844391,0.141291531553688,-0.1829019908674025,0.0,-1.3116126382312456,-0.4448552208897902,0.1075763308083696,0.1244632849901428,152.32855250081047,150.16456848933,182.76860142976648,3.4960193312916936,0.0236076561616009,-0.0645997171108413,0.0229203778917217,0.0415233713987246,0.291664900606113,-0.0113853126104422,0.0,-0.0347696124896711,2026-04-02,54.0,14,-0.0583397809607051,-0.0716905705688195,False,False,False,0.5384615384615384,4.0,0.3076923076923077,-0.0253365019960572,-0.310278671173172
BBY,Falling Wedge,bullish,1,0.7460170241860983,8,62,1224,1225,2021-07-29,2021,4,90.12828604574965,88.52106878970926,103.4408779530641,83.86816753899029,0.8096821997366034,0.0181563245678664,True,0.0176413351696023,0.0088496686614265,0.0293668898093621,0.02706382855853,0.0463371971874115,-0.0028571484647575,-0.0096770899193445,0.0275869336690792,0.0200085895115731,0.0656503565142898,-0.016288074930821,-0.0375192405938756,-0.0340090460519516,0.0311470385821885,0.0260598883201386,-0.0370070807345044,-0.0313678893371031,-0.0205639940121094,-0.0198840707960794,-0.0237724796600707,-0.0184496492696709,-0.0151616591778418,0.0173081702093801,0.0419862793273837,0.0255445683010961,-0.1003206973872655,0.0143454659887545,-0.0043577731158813,0.0248599073416562,-0.026736468010164,-0.24926493560559,0.1496850859201763,-0.0451119761385542,0.0059026076238331,0.0427735595578837,-0.0004571402355396,0.089491177330067,0.0028847474191562,0.0665088286704476,0.0002789407257508,-0.0726643313909933,-0.0687351394204949,0.0505147221526802,0.0892984643635248,-0.035268455360214,0.045304949805922,0.0416335411537589,0.0225658601491203,-0.1419231556098048,0.2772014490457988,-0.0552032480461089,0.153636726529952,-0.0907801718712355,0.1084825853207869,0.0487532878148433,0.2201268817427175,-0.0978204575908412,0.0411694163414575,0.0692255923565503,0.1183046727050989,0.033579086220475,0.0392777298025395,0.0288306968802374,-0.0622322561617854,-0.0609052545227627,-0.0405509031167331,-0.0382287249658491,-0.0272174519767288,0.0154472161088285,-0.0702779139154901,-0.0872265807564978,0.0932372046162173,-0.0893207872132424,0.1531663479092206,-0.1324696686335404,0.1882039937644799,0.1484577184775779,0.3416778563002385,-0.2555555992201062,-0.1537610658937847,0.1559445377538362,0.175137779387053,-0.122588549061931,-0.0579011874160965,0.1472953539732264,-0.0422642273589952,0.0886784734305647,0.0462464146186456,0.0113743986033301,-0.1014751163127528,-0.0375592617903324,-0.0981041447121705,0.0508861673428384,0.0128382515171072,0.1773940609089137,0.2251840902740138,-0.1796266312673015,0.109500962948374,-0.3963779674554154,0.1885934328985599,0.0777485526599859,0.2630565862628462,-0.014514169618085,0.0971539778890642,0.1768859038175885,0.2191992683063612,-0.0438813403938659,-0.1136194250365983,0.1571577992872344,-0.223554613533,-0.3223548291187706,-0.1571925697101023,0.3431269900984002,0.2071443404373281,0.0113349463600619,stop,1264,40,83.86816753899029,-0.0694578670183707,0.1017904369217104,0.0749824354045113,-1.0,1.4654990325975343,1.0795384111734878,2.126571868078887,1158,0.6062819602596345,7,0.1159141569853195,0.0933839188946799,-0.0692835515098246,0.0,-1.0556058294204669,-0.4493238691608295,0.5429848359122044,0.143010261788674,88.52106878970926,83.86816753899029,103.4408779530641,2.083446853078385,0.0184271003726734,0.0127194591689556,0.0229364008924458,0.0300452090485925,0.6728408143658493,0.0080488600065879,1.0,0.0294116839398079,2021-07-29,28.0,8,0.2141284313202529,0.1565452289895212,False,False,False,0.0,0.0,0.0,-0.0389734176144983,-0.3524029679126033
BBY,Falling Wedge,bullish,1,0.7008916963138151,3,36,1275,1276,2021-10-11,2021,0,87.62635491973215,85.58413591644603,101.01727712946456,82.00881030210448,0.7838647249927756,0.0238621209575555,True,0.0555102599819563,0.0290681918402924,-0.0242267071017746,-0.0283794304498289,-0.0447998173746883,-0.129725667594705,-0.0091296530397978,-0.0059934497923755,-0.0084091871131096,0.055142960762444,-0.0474998717504515,-0.0203368178728456,-0.0011183903516931,0.0255127931252503,0.0311470385821885,0.0165699937372802,-0.0059527929034811,-0.0882240533541824,0.0311470385821885,0.0100698723151981,0.0079172931862048,0.0317238952757912,0.0657385076385757,0.0999728566453439,0.0543420593231065,0.0092721342590564,-0.0380581987991023,0.1902183053655184,-0.0721072016434183,0.0092721342590564,-0.0112371839915058,0.0191305268782728,-0.0161333976937063,0.0590001582410948,0.1056250861853529,0.2215599467794806,0.1843071402436726,0.0443823154266751,0.0106792571418599,-0.0167287460058213,0.0279293157999707,-0.0579488824054346,0.0517548051382048,0.0118119200593371,-0.015731404547061,0.0641229551107687,0.1877113219887838,0.11136908508717,-0.0174050577832451,0.0028713790396754,0.0177899619576591,-0.0307528486593594,0.0578992969915521,0.072642364882701,-0.0017497648868903,0.1669789252497777,0.0434694442300827,0.0714352795342863,-0.0774000578093683,0.1267542916890871,-0.0983052763642795,0.0137571822919548,0.008048467142699,-0.0227872159153386,0.2887163087134827,0.139884759919834,-0.0174176363588197,0.158829323835937,0.1425483656037124,-0.0260200420895999,-0.1008704481586451,-0.0897047696196869,0.1090178466450404,-0.0470744606189103,-0.0871006017362093,-0.0373783503501984,0.2586307477986862,-0.1104488360087251,-0.0006689701682554,0.0932372046162173,-0.1180811856546842,0.0462464146186456,0.1264667811513673,-0.0986108866084083,0.1078282567306867,0.0628104661946493,-0.1052752872815043,-0.0896479391772209,-0.0125967505382249,-0.0785131405584553,0.1518760830597414,-0.0300706732143274,-0.0532347708114759,-0.1320916567102481,-0.0058487941535736,-0.0529115344016698,-0.0261906728747208,0.0047991535639888,0.3135768809800225,0.3647184855889569,-0.0252170290345594,0.0160865174335302,0.0017569352679862,0.1580692551202123,0.071488614400466,0.091121957384213,0.4270746788962474,-0.0461725086480575,-0.0649058956846112,0.0111276973794871,-0.0240997866382507,0.0475016677924076,-0.1329213861037753,0.4449564954409675,-0.1319353073969393,target,1293,18,101.01727712946456,0.1528184325594601,0.1760250349419568,0.0131467754775375,2.3837678418631745,2.745760512196165,0.2050725169907478,2.3837678418631745,1239,0.6290399769017041,5,0.0006549857139268,0.0147929910238362,-0.2288452521279297,0.0,-0.8818464550596018,-0.2528064781578956,0.3247700685699833,0.1671371741874935,85.58413591644603,82.00881030210448,101.01727712946456,2.398352771854031,-0.0269371421872379,-0.0223492564419266,0.0275336121679913,-0.0874839201600731,0.6230754107404309,0.0037297752253269,1.0,-0.0235061927919743,2021-10-11,28.0,8,0.0602122776112605,0.0631358841097933,False,False,False,0.0,1.0,0.1428571428571428,0.0395676364584186,1.0930391934613302
BBY,Falling Wedge,bullish,1,0.8515389300771893,3,43,1532,1533,2022-10-18,2022,1,53.53522862349919,53.94659431867444,71.18407890546041,49.94410071802116,1.1742124159320375,-0.0076254247440575,True,0.0217762830752721,-0.0213956787889992,0.0405068116104831,0.0250752606893314,-0.0052584017719419,-0.0202666072581662,0.0645821416021201,-0.0775691041052157,-0.0142020312184399,-0.0478179990960367,-0.0269182042703441,0.0176413351696023,0.0057241330504009,0.0288042627987605,-0.0197006570472602,0.0019824745979555,-0.0011361888900428,-0.022006285404745,0.0241534148765265,0.0137089313686578,0.039863242315929,-0.0124683811200716,0.0210413756803969,0.0713952818022516,0.0293075682085024,-0.0260925317802008,0.051255956251861,0.0106792571418599,0.0363464260624981,0.0330087192925752,0.0258025921727942,0.0740976032940907,0.0135442428772274,0.0394139077627213,0.0182760825573511,0.0133451647201945,0.0376930997484161,0.0150375194390419,0.0082029964127237,0.1178097704499274,0.0191305268782728,-0.011624547810293,0.0232019157404641,0.0563296702928763,0.0889965998951165,0.0391725332322756,0.1759213883285528,0.095973529022548,0.1226002207154355,-0.0159393358782495,0.1388800548487552,-0.055976518179566,0.0692255923565503,0.0503951223254335,-0.1539012996789388,-0.0096792782295376,0.1379419262304597,-0.1230266432543216,0.0391551471147659,0.3705737374034605,0.0830199321491509,0.109517389197584,0.1522627454886729,0.0369760653678363,0.0880826645274175,-0.0438069395737545,-0.0100035823185633,0.0164789990703035,0.1257825883444081,0.2707854890368264,0.1883712646955193,0.0932566739929148,-0.0747057886683768,-0.1216961813112896,-0.0238458783561841,-0.0931204477096597,-0.1795728479408643,0.1369885834555735,-0.0243642053718788,0.1083623134644942,-0.0566759437908319,0.2507606868125667,-0.0885272709205245,-0.103875389997648,-0.0299501446506521,-0.3796077146741541,0.1397069132948512,0.066316240795923,0.0143189036952215,-0.0456123672505338,-0.1004489460700048,0.2964001295968793,0.3487747123163327,0.2638404231936755,0.0814777314868062,0.1583243304457724,-0.1492156171995213,-0.2050171715710571,0.0704986650718284,0.0237617040002764,-0.0711107061483978,-0.0364481750690192,-0.2994094290270498,0.090340069469236,-0.2445022743706992,-0.0986415438861604,0.0121157141981487,0.1322075286742341,0.5369206378196807,0.0379307639425661,0.3301215201342811,-0.1112004053172466,-0.1094700905288843,0.4233741390737306,0.3201718427564065,target,1562,30,71.18407890546041,0.3296679725808491,0.3322446118322237,0.0379532333788614,4.914570225983621,4.952981826748994,0.5657929985837994,4.914570225983621,1488,0.6331327744971169,6,0.0295543358847255,0.2405078463053227,-0.203793561113411,0.0,-1.379671081784798,-0.7465383072876869,0.5059848589426797,0.1704701462427326,53.94659431867444,49.94410071802116,71.18407890546041,2.234648523664604,-0.191921861962393,-0.0687832345667729,0.0403180698541909,-0.286355081503451,0.2411348860866342,0.025918751260189,0.0,-0.0337420409122736,2022-10-18,34.0,9,-0.1023341174121287,-0.0761795440486279,True,False,True,0.375,1.0,0.125,-0.0550593489043109,-0.4297930989399041
BBY,Falling Wedge,bullish,1,0.650434304574509,3,23,1587,1588,2023-01-06,2023,0,70.12778825610737,68.70559778628188,72.78479571378949,65.63416319454356,0.6808546295760569,0.0206997757919142,True,0.0296483659480131,0.0088220771648122,0.0227170308061888,-0.0211384910669164,-0.0061655913515603,0.0060529784613367,-0.0059934497923755,-0.0374544378675363,-0.0207971433179989,0.0067364975687842,-0.0061655913515603,-0.0520325108814763,0.0969747745793976,-0.0256277703676579,-0.0530620146356705,-0.0020634922925012,0.0236817656562258,0.0192575122825391,-0.0347537889961839,-0.033058648063405,-0.0124046896335112,0.0036382798943757,0.0362313049664884,0.0111631731901928,-0.0151194232132887,-0.1737520757901839,0.0401296885479702,-0.0216244546329898,0.0371806436863908,-0.0342154895692958,0.023064062350425,0.0139816990377628,0.0056435560029968,0.0457922875931036,0.0162471560832648,-0.0435511664447354,0.0593479787080968,0.0516384713734148,0.0295438232961049,-0.0244936228573146,0.0945548434124605,-0.0127791578054373,-0.0429592618669986,0.0061014689788809,0.0870933862514615,0.0033159813724239,0.0559356303583775,0.0060855328384705,0.1802151368669373,-0.006473965454898,-0.0069496795143092,-0.0111260593717047,0.1084825853207869,-0.1281504703961317,0.0364302879136253,0.0059547661258181,-0.0608268717770109,0.005426163472548,-0.0269224723776201,0.099834270057219,0.0165974571933933,-0.0240122017289253,-0.0671307743167537,0.1240988817739667,-0.0595184953286184,-0.1385787777126527,0.1014382078496793,-0.0510303289144353,0.0510477473743318,-0.0126034721290776,-0.0328406101756296,-0.2397905255053454,-0.1763432166159164,0.0400524336049694,0.0035100531489733,-0.0812362998160068,-0.0125967505382249,0.2278191000033647,-0.0576419403738777,-0.0216231181681971,-0.0136454160557406,0.2154962960998434,-0.1616797123459756,0.1610676573634855,0.1741310094252253,-0.1826365117307734,-0.3162086309031536,0.2290424447957908,-0.0113045280183784,0.0087202591941306,0.23770824056069,-0.0137455143353217,-0.0544730125029399,-0.1053470517139086,-0.083213909068617,-0.1044226181896065,0.1515520062961504,-0.0834058217412958,-0.2294331506076005,-0.0234794472127652,0.0360254042304122,0.2542816688295868,0.0069242748606292,-0.1468039633792534,-0.1785870118430209,0.1457454161749072,0.2328665758118275,-0.0285545796342021,0.1377336627165273,0.0970589668221961,0.1890452251639751,-0.0198719565858185,0.014113188608313,0.3081536587090292,-0.0882593920010086,target,1590,3,72.78479571378949,0.0378880829376611,0.042972189442691,0.0172847779883673,0.5912837455907981,0.6706266234614684,0.2697473051746378,0.5912837455907981,1564,0.3634665325565961,6,0.1174084170243453,0.2911882884992258,-0.37771127355585,0.0,-0.6721538892103325,-0.3086873566537313,1.39242169361465,0.0731802879076913,68.70559778628188,65.63416319454356,72.78479571378949,1.597554644744743,0.0913823734853176,0.0818365073763485,0.02285469137699,0.1939367248720593,0.8176099421798865,0.006624921458016,0.0,-0.0083883299296686,2023-01-06,34.0,7,0.0720953681759872,0.0386127081425866,False,False,False,0.0,0.0,0.0,0.0249529179546632,0.2349762451822302
BBY,Falling Wedge,bullish,1,0.738191459652459,5,79,1803,1804,2023-11-15,2023,0,59.59564101829957,58.57200577422293,73.28581984101766,54.15614294773934,2.3064038194193497,0.0174765270634991,True,-0.0032233809398773,-0.0161347270904854,-0.0090417345595318,0.0242295569396095,-0.0456404218064271,0.1060555302690207,0.0117591284600202,-0.0098406102457089,0.0153432733571017,0.0716116546890683,-0.0598501245688433,-0.0537208040992415,0.020262063972533,-0.001757931465526,0.0608858918798718,-0.0336577722188621,-0.0096610139069609,-0.0016700857728758,-0.028479203581596,0.0242295569396095,0.0164549421692987,-0.0247006724792574,-0.0068639421384425,0.0394139077627213,0.0234307388653547,0.1260838281414464,-0.03774222891207,-0.0912512499311171,-0.0002189475555901,0.019947182645319,-0.0399645379833476,-0.0217103252054803,0.1316068205235068,0.0917815694740853,-0.1347614886573802,-0.0259360274961081,-0.0149558803145373,0.0797796958129297,-0.0342345673694012,-0.0237440201064653,-0.0096874688204925,0.0590001582410948,0.0464636714258011,-0.0886881616163407,-0.0692413379722307,0.0412875735465402,0.1498283467445638,0.0990959735361098,0.1185913848884794,-0.0343891966643199,-0.0121402212132775,0.0213788465925879,-0.0101696668423885,-0.0445494883579159,-0.1052897184596088,-0.0017382925031146,-0.0227872159153386,0.060402459301077,-0.0047479493782832,0.1107713527643436,0.0662109557209,-0.1482053733702503,0.0425089435881123,0.0105173790619734,-0.0047497451738357,0.0672316170840381,-0.0764579047698299,-0.0206274827405434,0.1492403125639235,0.0661504265271719,0.0046315398553657,-0.1147216407651573,-0.0144571235809042,-0.0702779139154901,0.2214116980914717,-0.1225664740728847,0.2106456854226506,-0.0666017160263086,-0.0389473618565729,-0.0513309767116634,-0.0794848934130861,0.1335665736713613,-0.095097631023767,-0.0788681347887,0.0439280610384937,0.0056501529295573,0.1118403594859696,-0.0821827850991608,0.0126191762595175,0.202016843122589,0.4882898849666006,0.0353788373404461,0.0815804693582353,-0.0227407918492386,-0.1525192941594388,0.0770245611720159,0.1384113494172238,0.3166829081235751,-0.0544730125029399,-0.0475707639433505,0.1104960286994551,-0.0398804750097667,0.1498758778451407,0.1534080731221148,0.3356333937923526,0.1583243304457724,0.0759835352832916,-0.0211771057678192,-0.228240385678781,-0.1880329728333671,0.0148829750750854,-0.0240997866382507,0.3349450480133804,0.0126328753875493,0.0254651113660732,time,1863,60,64.45748138427734,0.0815804693582353,0.1800946750129489,0.0780952867099513,0.8938031235439053,1.973133818994742,0.8556191419897129,2.516809206498736,1724,0.3885261094914964,7,0.1526277890971579,0.1645531530467678,-0.1019621180794292,0.0,-1.7000316673883182,-1.3115055578968184,1.3131886255764096,0.1071339727914486,58.57200577422293,54.15614294773934,73.28581984101766,1.6160367532629325,-0.0747399133987106,0.003755279621546,0.0268686714073316,-0.0450857974323606,0.7894732145645635,0.0231650112208705,1.0,0.0452569261603814,2023-11-15,34.0,7,0.0965993918471412,0.0469383624015973,False,True,False,0.0,2.0,0.3333333333333333,-0.0715688327313905,-1.1402884649417138
BBY,Falling Wedge,bullish,1,0.8051060292408003,8,63,1941,1942,2024-06-05,2024,4,79.1309348832951,66.94813911584782,76.50227784192992,62.12142177264301,5.584884634502221,0.1819736280700203,True,-0.0230716698948693,-0.034997055920558,0.0027018736540118,0.0408008724341339,-0.0438051869765458,-0.0197349584832071,0.0820383331095431,-0.0925226863678164,-0.081034352660235,-0.0309179760309084,0.001624239724052,-0.0538018982023281,-0.0449694139458826,0.0136801527646046,0.0382091307399521,0.0107314970145773,-0.081034352660235,-0.0340090460519516,-0.0734111242030743,-0.0977162507758031,0.0721956364497815,-0.042422196302827,-0.0014017845563613,0.0552676821076307,0.0327996735595095,-0.06377388963003,-0.0232169831487693,-0.1148011621233173,-0.0160449039241026,0.1045426488319203,0.0112098571518843,0.0155801658412841,0.1130290603129895,-0.0234876084652685,0.0092721342590564,0.0505376882620016,0.009525635805005,0.0384288538701573,-0.0144842713808721,-0.0257097652951415,-0.0537058917946164,-0.0452767328747747,-0.0324366268467047,-0.0234876084652685,0.0264864874469514,0.0581583277160115,-0.0580619564496484,-0.0981554067478477,-0.0688724341119703,0.0066155024705321,0.0093357049125415,0.0066155024705321,0.0252832969335852,0.0281058711839119,0.1115219967436398,-0.0271816945432972,0.0712987462157064,-0.0765200856656337,0.0865409693642034,0.1301159140443959,0.3057075572501986,0.164106600007448,0.1926190559693297,-0.1213193620954561,-0.0673629166680813,-0.0016105444716999,-0.0813941812110479,0.0892755033194712,-0.0972060065555638,-0.0590901240480882,-0.0584156818806524,0.2172538897441305,0.1686129831677729,0.0407476868145046,0.2149193126330595,0.164031558231473,-0.0813026917519215,-0.0001605332933304,0.014887659299712,0.0151872944406701,0.2743994776928757,0.1328116689088239,0.1610676573634855,0.1011480886912383,0.0066910153774821,0.0021916315570216,0.2796232233961411,0.1150915807560508,0.04710942406365,0.1761037635399751,0.0320317837612607,-0.163212447767792,0.1470052226087788,0.0899593337141893,0.0008333978054153,-0.0541274322722026,-0.0059706825746441,0.0702762155016221,0.0471281539486401,0.010604271134688,0.0386347470364107,0.3390197768696468,0.3700392613010168,-0.1319000924533812,-0.0556721548135025,-0.0024391712810807,0.1438531787182173,-0.228240385678781,0.3936181836817243,0.3388020096983684,-0.0251022337681084,-0.2559778960671023,0.249634096672465,0.1313123734330887,0.0782889417641537,target,1942,1,76.50227784192992,-0.0332190823379251,0.0059941052960009,0.0057678638022755,-0.1545404047878945,0.0278855222237035,0.0268330111499638,0.1545404047878945,1874,0.4754183082303067,6,0.0577410758840076,0.0965100086706405,-0.3473216706785385,0.0166666666666666,-0.9126936508772504,-0.4372753426469491,0.969860899959857,0.1370853596843833,66.94813911584782,62.12142177264301,76.50227784192992,2.4112394267228217,0.2212114441034725,0.1587548789616857,0.0302933555764843,0.2204462408585104,0.9915980394356796,0.0017074012233342,1.0,0.0338979496774829,2024-06-05,49.0,5,0.2264637637383901,0.1646588249700431,False,False,False,0.0,0.0,0.0,0.2238000536991573,4.122593598498122
BBY,Falling Wedge,bullish,1,0.7308761781449735,8,86,2114,2115,2025-02-13,2025,7,83.0223926501879,77.58415194815552,94.56919443232522,74.62167329290575,0.988241452905408,0.0700947366888329,True,-0.0024446119183066,0.0139502940919538,0.0483977670182318,0.0125794245958783,0.0455942753905753,0.0265487616974362,0.0016180329032635,-0.0058807419851132,-0.0085735851034774,0.0450789610481803,0.1502087737841144,-0.0193526291391887,0.0098268790793558,-0.0084707283156767,0.0450726017960863,0.0912839776838918,-0.029940195410004,0.030235799490738,0.0150222503918113,-0.0176280532406196,0.0135346559169793,0.0176940382987853,-0.0255871252133691,-0.0010001046136085,0.0248384147515688,0.030533423395429,-0.0055979154331605,0.0252333407962483,0.0332750253234468,-0.0342598995520607,0.0229107736788831,-0.0746616382899313,-0.0308772630675676,0.0056749410416303,0.0176643626372268,0.0493204312242316,0.0917815694740853,0.1671625036526987,-0.0114748006405739,-0.0781282783084489,-0.0130007254472874,-0.0629807741158637,0.0630897696316692,0.0181524481999899,0.0514551616419418,-0.0142637274057379,-0.2056669126659958,-0.1283970158429243,-0.0775413719435895,-0.0602777103634922,0.1659607695987337,-0.0108171261711612,-0.0006385937074934,-0.0174176363588197,-0.062857117727493,-0.0856285235431034,-0.0858708039882356,0.001549435642743,-0.0037470867886054,0.1968620961741363,0.0322005595753203,0.0281344931224634,-0.0071220030600013,0.0911003974935062,0.1245645300421902,0.0202976821950811,-0.0305446939356129,0.029640328525464,-0.2180592939050973,-0.3200188398546872,-0.1980497431231659,0.2154962960998434,-0.1377523996187882,0.213529216352253,-0.0150740878014404,0.071530394443624,0.1026186252347647,0.066316240795923,-0.1178761675233901,-0.0644421262827371,-0.0558376155202765,0.2567430900884515,-0.1485148788429855,-0.0234364807121655,-0.0195372858617838,-0.0788058999401467,-0.084943925022885,0.0401167262602231,0.2192552932634437,0.0959558695608657,-0.3544694618383553,-0.3290624110114091,-0.174413027346162,-0.1331037514544203,0.1065330752611481,0.1143011364668697,0.1601999946071699,-0.0560592037956305,-0.1310722159178298,0.1233372002157455,-0.0617796945137646,0.0647537812738106,-0.1755253006695605,-0.1981337453503211,0.1226098866062899,-0.1193003249868389,-0.0167294249793954,-0.1595814937962714,0.3268637693011169,0.239527491843837,0.315879333714385,0.0762281161594109,0.0426344701287393,0.2818687807350253,-0.2272408089613588,stop,2126,12,74.62167329290575,-0.1011861871131357,0.018666497736947,0.1897779641726435,-1.0,0.1844767380756834,1.875532319055107,1.3745015505282898,2021,0.7960608871939248,6,0.039462893584911,0.465190083162013,-0.063284699098737,0.0348837209302325,-1.1025949487955646,-0.3065340616016382,0.2415785135571939,0.1614925507016847,77.58415194815552,74.62167329290575,94.56919443232522,2.148698782243451,0.0329848509508698,0.0376588559303412,0.0261218602426156,0.0944186804756035,0.8051470485112793,0.0028806382912496,1.0,0.0285939239286192,2025-02-13,47.0,10,0.1160850135111106,0.0624170984133898,False,False,False,0.2222222222222222,0.0,0.0,0.0437631595452,0.3758142445970536
BBY,Falling Wedge,bullish,1,0.7450402625512355,8,83,2400,2401,2026-04-07,2026,5,64.59046422126714,61.82234687545417,80.02484605285849,58.51427808433317,0.766073574394848,0.0447753520485003,True,-0.05179521116327,-0.0785105548621849,0.042205543077971,0.0248140248021855,-0.0053251591889529,-0.0264107744628169,0.038139556475583,-0.0084812997053176,0.0938023125383771,-0.0102775121987732,0.0258059364942428,0.0122444413983668,0.0132954898770563,-0.0696176442339279,0.011051973234351,0.0305707314008887,0.0258198933787574,0.0292164003948287,0.0016090823672956,-0.0055817242260004,0.0275081302940716,0.0213174863426388,-0.0653805555663113,0.0174178656374726,-0.0235200345747115,-0.008163137292273,0.0807319552559366,0.008136258092944,0.0499058554497278,0.0289804523021166,0.013898169991787,-0.03774222891207,0.0336040510178001,0.0657843433281182,-0.0781282783084489,0.0401596408013185,0.0755125421057845,0.0419216991556639,0.0078593139575593,0.019186176531275,-0.0254417762511616,-0.0369503730736667,-0.0833331263368031,-0.0275090987088911,0.1600782475581335,0.00099333130423,-0.1249808836090292,-0.1950292065984568,0.2070247750263358,-0.0811054875024946,-0.0255382939495185,0.0228791757806061,0.0694918609090191,0.0380136496826841,-0.0834953130218794,0.1358322998919496,-0.0005352050508579,-0.3950754094876606,0.0094174756789944,-0.0846451430429034,0.0282352732238282,-0.1266029674133131,-0.0712943186503823,0.1025946501989827,0.0666549953599036,-0.0971330334448951,0.1166860767198274,0.0154880208702989,-0.1173255376979555,0.0959511630426999,-0.019145071469272,-0.0659833508735612,0.3735259897820073,0.0392183099538512,-0.2800245125779894,0.1237607815566321,-0.1106003419632771,-0.0588866220801999,-0.0630710314242601,-0.010845835428328,0.1451249479304706,0.084674249744685,-0.0150601458916316,-0.0753878399692422,0.117792752965036,0.2401679172911341,0.1574279340047497,-0.0574898257044653,-0.3134443489350114,0.1654217090002725,0.1133999687957036,0.0704651277338711,0.2074537442028547,0.1035067404574563,0.3405063935516201,0.1018130963710091,-0.1124933117916872,0.2302902502948438,-0.0975719234860917,0.0962307345782633,0.2868459257269475,-0.1336765628135723,-0.0694855875364051,8.892978993402245e-05,0.3960144843381015,-0.1112004053172466,0.189635780465573,-0.0017641019566594,0.4104395350464129,0.0306703136138961,0.2168829388743034,0.0200227138124593,-0.0587221482167387,-0.1049264190664923,0.1259737123889312,stop,2414,14,58.51427808433317,-0.0940724952234252,0.0421696275746703,0.0954927010919292,-1.0,0.4482673439724977,1.015096929927616,2.5401430245485384,2312,0.7760331491843638,6,0.0558409492608632,0.2246296255319066,0.0923584482333368,0.0,-1.03348357503904,-0.2574504258546743,0.242028671970762,0.2185058289394874,61.82234687545417,58.51427808433317,80.02484605285849,2.286985402135729,-0.0743804572553027,0.001492645637942,0.0361983676822711,-0.1432077912873616,0.4720473495034961,0.0017134245500745,0.0,-0.025431899005892,2026-04-07,50.0,15,0.0139817459693427,-0.0276568118240343,False,False,True,0.2857142857142857,4.0,0.2857142857142857,0.1144747528425663,1.4368573492028969
BBY,Falling Wedge,bullish,1,0.696923516448771,3,25,2429,2430,2026-05-18,2026,0,57.30738465473168,56.35857940857432,70.7738960319673,53.89676601305854,1.4512242493912704,0.0168351519167819,True,0.0886860709176484,0.0671694467156354,-0.0256277703676579,-0.0515110544344683,0.0434489075748529,0.0079172931862048,0.0709542381681243,-0.0235530860248303,0.0263741446906453,-0.0760319788298397,0.0450726017960863,0.0237627586305777,-0.0506657440214551,-0.0057622603080899,-0.0210117202729575,-0.0285544316049096,0.0121327624791003,0.0159114278968537,0.0435758379701076,0.0243007898273963,-0.0203368178728456,-0.0105525105425575,0.0886939015206315,0.2533149771873362,0.2195770301601953,-0.1449078352839428,-0.0365224042649351,0.0673154069933423,0.0262640862223448,-0.0397965690407906,-0.0746268614566481,0.038841550755382,-0.0005387897447673,0.024416399223563,-0.0220611110437657,0.0763144724542517,0.0770892484691199,0.0852690115099348,0.0455254211816515,0.0499567694802995,-0.0538635983508579,-0.0372855974269253,0.0114450620088963,0.0281167736984377,-0.0365111614220091,0.2490929634892071,0.3015326612914919,0.2803698933121974,0.1335425129775325,0.036742189653983,-0.0261480259084969,-0.0187797191005576,0.0261453586381643,-0.0017382925031146,0.1213155621119845,0.0283083415946407,-0.0366760339365012,0.0191103321680243,-0.1106391285003706,0.0935377357162496,0.06403519098818,-0.0015580820532781,0.0295715793220061,0.1364140208194404,0.0738989325578496,-0.0195751215545409,0.0588591538248191,-0.0580619564496484,0.2741174337731736,0.4882898849666006,0.4639643135920579,-0.0535500712594717,0.1172142175600605,0.1883939490608142,0.0492985344240708,-0.0794848934130861,-0.1763432166159164,0.1018821075859486,-0.1584881134852444,0.0968850195351986,-0.2274113408578079,0.0025299974063961,0.0681735276771622,-0.102708158325969,0.10495085698456,0.1067329623178274,0.0432108698645345,0.0960430916212715,0.1433077885230362,-0.0490510789789574,0.0737489860403552,0.4710231331833615,0.4893368278511036,0.4279525413559233,-0.1892892277736833,-0.2173416548000079,-0.0276356112973069,0.257521105448413,0.0304166649659041,-0.1194304788590386,-0.2571793053936021,-0.0771362746952255,-0.0333161794803531,0.0488357537443804,0.0072551537145,-0.1282268550798864,-0.268012758718511,0.2022635705497673,0.1741957678008043,0.0738915847586589,-0.0408010796083745,-0.1247377248981668,-0.2633573576168713,-0.0895118442181127,0.5414166654239393,target,2436,7,70.7738960319673,0.2349873660850048,0.3277079197064942,0.0182538502426556,3.9484072516033,5.506356993289959,0.3067128070268692,3.9484072516033,2404,0.6954281050723574,5,0.0160660184722634,-0.0217497879222143,-0.141276882619637,0.0,-1.080773347812616,-0.3853452427402432,0.2654075864656443,0.1954577556572914,56.35857940857432,53.89676601305854,70.7738960319673,1.7234926428207535,-0.1535849526187671,-0.0600552509939744,0.0301732535575267,-0.2184660515568219,0.7772933984108192,0.0035536917782714,1.0,0.0422311499996115,2026-05-18,50.0,15,0.0020436022095962,-0.0539580195652672,False,False,True,0.4285714285714285,0.0,0.0,-0.0334047110216631,-0.1450088824398709
XYZ,Falling Wedge,bullish,1,0.6436153864800059,3,12,1219,1220,2021-07-22,2021,2,261.8500061035156,238.37751388549805,260.2474937438965,223.5582789759485,1.314426827873879,0.0984677280814847,True,-0.0250907281690934,-0.03224446040158,-0.0111972539435994,0.0330385235896479,-0.0540815324186761,0.085119895342393,0.1348485079678623,0.0590125762424038,-0.015505861921341,-0.0144251844650422,0.0559169880245917,0.0394830743008809,0.0412638687828401,0.0026283778987388,-0.2041394612370917,0.0150745863025425,-0.0258572332150254,0.0083333333333333,-0.0979004525651501,-0.0528882618078421,0.0174053778625287,-0.0546540066059905,-0.0231645212424936,0.0762268130220604,0.0665358180946367,-0.101422408531452,-0.0109474900220608,0.0500256938828018,-0.182732987945971,-0.0601884565651191,0.0733172479396606,0.1857330522599836,0.1053472208004213,0.1140002218238065,0.0773907626098231,-0.1033741174464402,0.0591795643048742,0.0970048397635492,0.0725863530288213,0.0595200946815226,0.2177957001944521,-0.1577288298843299,0.0568312013707457,0.121729352170796,0.0209109897896049,0.0414779128107859,-0.0171854110945525,-0.0225337000916748,-0.0349168546956559,-0.154957358047428,0.477948479281733,-0.0049092582194744,-0.1989938996446162,-0.0874885547469558,-0.035603861946538,-0.1037160957338111,-0.0296684250834319,-0.1368595934389528,0.1381839287365065,0.0160093649996395,0.0249670171932774,0.2332745144936459,0.3235820025338176,0.2421153141902043,-0.1989241695637225,0.1819521887987876,0.1236940679784466,-0.0676807074020191,-0.0525858160787251,-0.023143069223329,-0.035243112912226,0.093055525490427,-0.2053380499890068,0.8218390804597702,-0.0903134582420319,-0.34443053732421,0.0038517806806575,0.0769231153765248,0.3337257706279626,-0.2116716062470103,0.1338872960725057,-0.03928845106884,0.1730331807583047,0.2432265628417926,0.2154651087085854,0.1882072957155405,0.1401284000722207,-0.4090778547854352,0.0508518623621283,0.026375283198877,-0.3801461361227972,-0.0641582776526273,-0.0490739194347611,-0.0714235401946608,0.2427427673968241,0.2307132553930144,-0.3332602420181773,0.2064587775207202,0.227113680643795,0.1586021308905749,0.8004778170270097,0.7266583739573917,-0.1260694314303094,0.1785407718295242,-0.3594172155477697,0.3773583861991667,-0.071147063391003,-0.0135694064443849,0.2711864579810579,-0.0956174662055365,0.3697044594204621,-0.3332602420181773,0.0028656833071847,0.17426866171688,-0.1807914272461735,target,1220,1,260.2474937438965,-0.0061199630409236,0.0226082977741689,0.00217684670969,-0.0418500934752941,0.1546021387448547,0.0148859131456723,0.0418500934752941,1205,0.3396770614173197,5,0.0731477755750438,0.1438774747269755,0.1079993988496166,0.0,-0.8515116416149671,-0.5118345801976468,1.6986416534629332,0.0973471249532562,238.37751388549805,223.5582789759485,260.2474937438965,9.24493081229073,0.1713784172035521,0.1433056420817071,0.0354769213792206,0.186549504287357,0.6739159949514505,-0.0012439546130952,1.0,0.030430736967453,2021-07-22,37.0,14,0.159769856805205,0.1740281954884053,False,False,False,0.0,0.0,0.0,-0.0012922182788929,-0.2296926459969689
XYZ,Falling Wedge,bullish,1,0.82493817091325,5,65,1958,1959,2024-07-01,2024,1,63.97999954223633,63.7329325177592,85.72180918047547,59.66145648451209,0.9726448114934114,0.0038765990315647,True,0.0082838793026913,-0.014007733988981,-0.0634625757595063,0.1166242582229739,0.0222422313143033,-0.0910419827379753,0.1625920777963161,0.0644822205161064,0.0513852292750527,0.0239382821831666,0.1247892198176423,-0.0201380029356489,0.0035889489700724,-0.0076019770782042,-0.0388260653764174,0.0754690831895641,-0.1145399698288363,0.0795963125536991,-0.0266962238223296,0.0041404058576997,0.0307907334890045,0.024646382513165,-0.012815050105301,0.1264457675909684,0.0875272390298937,0.0282921928848514,0.051662643943092,0.0963026547324263,0.0217226228983817,0.0212299051775279,0.0703291774442125,-0.0905733011619908,-0.1859053121621566,0.1040096870131395,0.0693711010381403,0.0017155428203319,0.0284037698105099,-0.157866748707092,-0.0245398921369028,0.0393120010842362,0.0764861446359912,-0.136953593879346,0.0109000801936947,-0.1252067960105518,0.051436064228348,0.1289393703986263,-0.0608002409734382,-0.0576736013362099,0.1266353467346812,0.3026753869271998,0.0362053586881916,-0.1285030940505638,-0.346125272431157,-0.0958588983228105,0.0780747409507289,0.0118459497180858,0.0399879908100575,0.3369404048902713,0.1048642778331763,-0.0172772043730065,-0.2054846314408391,0.045057167548778,0.0015987576345022,-0.1784939617965226,0.0905677172343411,0.0763977372967976,0.0077192741527891,0.0102500957969489,-0.0756540981635207,0.0415754902538896,0.0087263885028858,0.1958930333035005,0.2633114257208397,0.1618155760577724,0.3238356080773759,-0.0125745140868609,0.1408083328504865,0.0946266823833725,-0.1942044898726206,-0.117714732219662,0.6886859774887282,-0.3443653537856721,0.1782258150108651,0.1651964251668145,0.1312775084616535,0.1397694178365851,0.3805881949032053,0.0156528815184286,0.2134158924615992,0.2568057900317329,-0.4390335138453745,-0.0705253076192488,0.0196936281736204,-0.0319679846605682,-0.3256653920073569,0.439536676807241,-0.2332920987236061,0.2393406459263392,0.4457462771851725,-0.0149133668544362,0.6557597270721685,-0.0175439080555858,0.1179916828746077,-0.0894780469100066,-0.0302856387554045,0.2408062991738473,-0.2991209338784903,0.0662441343208994,0.4454679698080046,-0.2935958315973791,0.3793798638868702,0.245821911190613,-0.3223204217563018,-0.1504461774775159,-0.0552780404378635,stop,1980,22,59.66145648451209,-0.0674983289875355,0.1466083328419381,0.070568918755116,-1.0,2.1720290715494794,1.045491344950888,5.03452422440278,1892,0.7039797893511988,7,0.0161952320928859,0.0527638776149246,-0.1365905905142029,0.0,-1.2663688104122703,-0.5623890210610681,0.3330802285196849,0.1944532837576479,63.7329325177592,59.66145648451209,85.72180918047547,1.8574989863804412,-0.0189049781900358,-0.0591896940385481,0.0290961619978182,-0.1970821476874568,0.4800947689470908,0.0020158921866786,1.0,0.037410723518358,2024-07-01,2.0,20,0.2152592758628269,0.2205345126758033,False,False,False,0.1578947368421052,1.0,0.0526315789473684,-0.0211514099763158,0.1500889433479545
XYZ,Falling Wedge,bullish,1,0.6545124078252665,3,12,2436,2437,2026-05-28,2026,2,74.97000122070312,67.33333587646484,78.05333709716797,66.8014540723575,0.8556441679542892,0.1134158176604991,True,-0.0544217922451891,-0.0559960520832821,0.156655872807091,-0.0252771477590951,0.0862445387568668,-0.0656400466739423,0.0789196766726312,0.1384568706546598,-0.2014640823373651,-0.0837373816548998,0.2238232794743999,0.0102915855171057,-0.0869515853783778,0.0344901598060347,-0.0747210514275222,-0.0304248383653431,0.0266195640870356,0.014187779310427,0.025999995640346,0.0037021341277472,0.0443713348517786,-0.0035442883455301,-0.0680219107333915,-0.0784314364021742,-0.0544335251273878,0.0157820107844834,0.0698653127702528,-0.1600429059903397,0.0612244753523256,-0.0795868396293185,0.1318210847856327,0.0612244753523256,-0.182732987945971,-0.0586893916850899,0.1002457720549578,0.0290697670734472,-0.0836888133543701,-0.0793275671650255,-0.0359281716635624,0.0093217294274887,-0.4921573589621355,-0.1087235531614143,-0.0015948567902864,0.1061023925088284,0.0706214675736369,-0.0470717384689675,0.0380151851102552,0.0711306740408047,0.0679851498726469,-0.0256328941824116,-0.2385714394705635,-0.1121032014845833,0.147655679657793,-0.124649038738027,0.288774667096551,0.1110769418569712,0.0592255315610554,-0.0443147939798241,0.104543333785108,0.016648014469794,-0.2514057981610442,-0.0643962839887468,-0.1228875633997153,-0.1240241062000226,0.023949009597681,0.0795527533312467,-0.0152167539951573,-0.1075669858117699,0.0545830740194061,0.0836334072425615,0.1033528700259892,0.0317676897523397,-0.038696315728728,0.2827543424317615,-0.2967785316825713,0.0923499743712568,-0.3300849024116219,-0.0160295684777115,-0.1025403856028076,0.1529361806017286,0.1624672621866569,0.122931462334012,-0.0424169986880199,-0.0595368209228345,-0.3842520417400132,0.2183954223905584,0.3764925537249595,-0.1102908600533317,0.9919416382076576,-0.0949412877210759,-0.2404472274429482,0.0478323279660981,0.0855008127029977,0.0728843169646038,0.0740436521576615,-0.1342696289424712,0.0978378089698586,-0.024275387224008,0.1148791465427507,-0.1392037631641248,0.3723744277400094,-0.1915572448789357,0.1032166052279515,0.0810965195735251,-0.2013581890415862,-0.1211514059478028,-0.3607163781817777,0.1085000356038412,0.3363370999382955,0.2957014643363249,0.2592022469422501,0.4223293319763428,0.2522449104153379,0.0783598748779339,0.0143212563569288,stop,2444,8,66.8014540723575,-0.1089575432218328,0.0354008174656448,0.1227158120293069,-1.0,0.3249046960757025,1.1262718339698872,0.3774644156995913,2422,0.8578443275432659,5,0.0104883311888641,0.118838745033333,-0.2163301631847001,0.0833333333333333,-1.1855557801339436,-0.3277114525906772,0.0685699458919846,0.118173071566485,67.33333587646484,66.8014540723575,78.05333709716797,2.9682137625558034,0.0981763543839564,0.1109019104921578,0.0399221765093774,0.2019074966138858,0.9683974311503164,-0.0078409069301439,1.0,0.0604569659431009,2026-05-28,19.0,18,0.1233492495044441,0.0969429180561947,False,False,False,0.5882352941176471,0.0,0.0,-0.063961772869505,-0.919501069407062
TECH,Falling Wedge,bullish,1,0.7005477825905154,3,26,996,997,2020-09-01,2020,1,62.870667572047616,61.25895437690463,72.12956535946296,59.715115880784026,0.879164202641435,0.0263098384805378,True,-0.0314918379079031,0.0104628068658454,0.0093967325227179,-0.0135185987017792,-0.0416668302495621,-0.007151164374476,-0.0154132860919042,-0.0118232359530801,-0.0772219708529647,0.0137267425114151,-0.0445357271223523,0.0083617042049584,0.0264077285704744,-0.0378257100895765,0.0013866149352679,0.0313439179207049,-0.0278888203009745,-0.0161822599017045,0.0610141739805967,-0.0397112735712432,-0.0533265150333213,-0.0203084909665814,-0.0187450244797338,-0.0525253589611723,-0.0078358915918347,-0.0087397441335755,-0.070285472781161,-0.0021337094609176,-0.0276718159373522,0.0090481924000604,0.0404994018402893,0.0135137554012989,0.065902767725871,0.0016874597736586,0.0267379895376824,-0.01924378669079,0.037163046060505,-0.0375726204431275,-0.0054380976550688,-0.0520075872606786,-0.1064596312633611,0.0096845012687489,0.0107188881546824,0.0227149846248937,0.0067350498244593,-0.0482680375104782,-0.0404010971002946,0.0115893281651596,0.0155762379683621,-0.0086612763530889,-0.0817474538338474,-0.0275409267539782,0.0418961634322414,0.1465153675419028,-0.0607258385691792,-0.0130175469012098,-0.0658216383157377,-0.0343246492733738,-0.0650933463590573,0.036830193775305,0.0561827910873196,-0.011957231347295,0.0036076199189738,0.1107903467938022,0.0160028404749299,0.1167912326701456,-0.0183681536887552,-0.1899295466251188,-0.0387513563824116,-0.0019756050938664,0.0733124814139846,0.1431842513067989,0.1796370698021958,0.3749761838099379,-0.0020970320015673,-0.2421477501273538,-0.1120420304967106,0.0282309422924291,0.0432144471463724,0.4151353963368029,-0.2032010409199434,0.0625826949464014,0.0464082314924252,0.0412904721770195,-0.0466699078441998,-0.0874107996540779,-0.068012725248186,-0.0561609181013842,0.2844266512241413,0.2053846236642162,0.2133264423570127,-0.0629783652019829,0.1700824645661578,0.1434614561140896,-0.2272773423341566,0.0402195322001595,0.1856418892777049,-0.256281983260571,0.0562904211518249,0.15752506508302,-0.0560548376062643,0.0031875739931104,-0.0190691169293155,0.0806977782542064,0.1449800185742036,0.1672954193797062,0.1279718942493553,0.1221108900245973,-0.1052574299395248,0.2107637076864044,0.1208966764877683,-0.0327692790822959,-0.1993252254602392,-0.1751733815608815,0.1527638510567172,stop,999,3,59.715115880784026,-0.0501911592977351,0.0158428737212283,0.0587230892045619,-1.0,0.3156506831660935,1.1699886997272817,2.93416134270574,969,0.7236504724267658,5,0.0255249405519047,0.047961103861827,-0.2040835514047981,0.0,-1.404219010018042,-0.6805685375912688,0.2755839431450576,0.1087812613382566,61.25895437690463,59.715115880784026,72.12956535946296,1.322971958482649,0.1219636283166041,-0.0307661991019646,0.0211016023885601,0.3054245491893481,0.6760136901649467,0.0091991339384509,1.0,0.068290652867553,2020-09-01,57.0,9,0.2634305707855646,0.2164472725159618,False,False,False,0.0,0.0,0.0,-0.0875812477606545,-1.2510877317858025
TECH,Falling Wedge,bullish,1,0.6461667177621137,8,83,1453,1454,2022-06-27,2022,1,86.47444568265249,86.08479790340743,125.71511203976934,76.03500472927169,1.2658791239359828,0.0045263250740539,True,0.0261420116082782,0.0473346401647744,-0.0468378622822178,-0.0378497157243226,-0.0338322299927393,0.0014661897158652,-0.023110371261648,0.0153918921562337,-0.0227851476224882,-0.1000144389663835,-0.0432204266868044,-0.0718752356205542,-0.0678332941534179,0.0169172618892441,-0.020886187897989,0.0545644152690669,0.0035143782757418,0.0004908188374435,-0.0062304581433526,0.0080428855924867,0.0404413929129032,0.2335216889777591,0.0311482338445369,-0.0007648892687478,0.0233234340683824,0.1307450976495285,0.0064131747228997,-0.0605015150256604,-0.0091467909929195,0.0115630934224089,-0.014951715587313,0.0506573735770918,0.0173310319412252,-0.1877269660551557,0.015559957571549,0.1752094521147187,-0.0434723977699914,0.1089681537808147,-0.0661189534813628,-0.0251375047495014,0.0375717906317076,0.036165345812777,0.0673289538358747,-0.0102838728495091,-0.1259399127114748,-0.0064765790606332,0.0497350122257993,0.0480437401907474,0.1109702404994468,0.0557934199251217,0.0320081378646572,0.0536222837922795,-0.0037759332841734,-0.0329115114380414,-0.0054294144231505,-0.1497676127775182,0.018860563800793,-0.118730272030061,0.0794133206938538,0.2878321817432572,-0.0879612761500476,0.0539132148076118,-0.0246123445727126,-0.0053366743558422,-0.0058448576362146,0.0626151643149022,-0.1296871554907248,-0.0014239901432371,0.0402576379687893,-0.03015661980709,-0.0868410124379076,0.060222688003189,-0.1762468498241854,-0.0683354163579047,0.0286103837293947,-0.0741171191834103,-0.0070436883176721,-0.0934352352373698,0.1120795422992984,-0.2152692804018693,0.2172865780977331,0.0303420855686202,-0.0219262124242426,0.0750253311857878,0.0172580154834471,0.0652790481253977,0.1309110234352131,-0.1847710796933606,0.0646724216620815,0.1410592541944197,0.0324770465078141,-0.0368605466497091,-0.1602137724079401,-0.1312828184478955,0.1569612611862061,-0.0138052269588548,0.0561292896705962,-0.0670465494842377,0.166407732590615,0.2791348299773113,-0.0541649214887297,0.0541046949422494,-0.0853680890372912,-0.1170093000372597,0.2016305394119466,0.0769915192578571,0.1086408726036045,-0.0748186251655567,0.0231748843844707,-0.0235613627411942,0.1836857191451,0.0354946997785738,0.1780570227234383,0.3782173507708866,-0.2333565894844267,stop,1510,57,76.03500472927169,-0.1207228432743228,0.1253857048530309,0.1454730895715921,-1.0,1.0386245175497777,1.2050170922584096,3.758885799761991,1369,0.6223105882413094,5,0.0144869247884773,-0.1650843839626181,0.1796628525463937,0.0,-1.1568033473405064,-0.5344927590991952,0.4713917260995507,0.3104775526621102,86.08479790340743,76.03500472927169,125.71511203976934,2.5419344950270037,-0.1859831547807979,-0.0358283109813821,0.0293727537451304,-0.2844812256688763,0.8025541145488087,-0.0015308039495732,0.0,-0.0371108755994544,2022-06-27,28.0,22,-0.3617956127576933,-0.258898933080539,True,False,False,0.9047619047619048,1.0,0.0476190476190476,-0.0450378253915455,-0.926129834588542
TECH,Falling Wedge,bullish,1,0.6561848213328897,5,72,1540,1541,2022-10-28,2022,2,72.3822817430907,72.18739633775317,102.4573762297964,65.68270612213524,1.168609654956576,0.0026997151195991,True,0.0280750936488161,0.0541851179735803,0.0135282826926577,0.0107178318485388,-0.0474596590008601,0.0223635099007757,0.0412477529979935,0.0146002890727794,0.0086302298198008,0.0414850050138682,-0.0086380153374048,0.0269329219030514,-0.0163718820609078,-0.0384944457792589,0.0749817632837976,-0.015092656511526,0.0356352725667588,0.0344835325486889,-0.0344859861093672,-0.0419253185538364,0.0356352725667588,0.0119529508025759,0.0195887610655718,0.1864268391411774,0.1551928623061207,-0.0152775187563991,0.1387242347633732,0.0271694597201108,-0.045293583887035,0.0089987032926754,0.1003535290527979,0.0438046272506518,0.0327733136658967,-0.0335075041317027,-0.0922839163703873,0.0110175987841361,-0.0097760668342076,-0.0142603731185709,-0.0470740076022003,0.0371673677731614,-0.0398182234430651,-0.0491801973352868,0.0039200135581958,-0.0041808076163203,0.0011089693091372,0.1837075582374293,0.1200827122832954,0.0955768646100434,0.014215331849203,0.0979258850450843,-0.0138440735497569,0.1167912326701456,0.2092832649238141,0.0296459132664439,0.0683369789066017,0.1265274012222448,0.076503773887421,-0.0226981447093771,-0.1485620476817274,0.0175240201476885,0.0098986504058786,0.1644535448265491,0.1074348321394598,0.0041647299556706,-0.0354871447057857,0.0608564061335781,-0.0347086304961208,-0.050007514208065,0.0801699917818479,0.1147944795306179,0.1233043545069325,0.0139849412879256,0.1823643539922446,-0.1261336015809754,-0.0264796152717612,0.017142177669176,-0.1976026838404426,0.0151142075709302,-0.0962599153811073,0.2302198068525149,0.0044091213541914,-0.0084749176898901,-0.0473550063315511,0.1817122928938963,0.0793671354904748,0.0767672191791515,0.074661984663189,0.0509994180121518,0.0701346935123818,-0.1228259990152965,0.0893049368057214,0.0917419520219716,0.0891653495143478,0.03697446002955,0.2673002581990038,-0.1504390924611273,0.0793417341794286,0.5884159792687678,0.0762891296656924,0.0480497505843333,0.1259753743397325,-0.1914821002818654,-0.0235441061566398,-0.1710892912414949,0.0364980468776323,0.0695615936113025,0.0727682794480537,-0.272174572023503,0.0668895831344114,-0.0623532495526341,-0.1012241389240398,-0.1757958243587457,0.0496953545713272,0.0298805410544924,0.0710371870176414,time,1600,60,78.83627319335938,0.0891653495143478,0.2290062549513508,0.0572000244482749,0.9633433243265996,2.474185859619382,0.617989633907028,4.489104413216036,1466,0.6773387377154338,7,0.0863099643737414,-0.2040960690955615,0.5129615423584073,0.0,-1.307625801872032,-0.630287064156595,0.4148509157554624,0.2630378392842356,72.18739633775317,65.68270612213524,102.4573762297964,2.8473702732629,-0.1927142893966635,-0.0462192479689999,0.039308662729709,-0.2203527397195591,0.8157534469832777,-0.000811545555636,0.0,0.0891429881497376,2022-10-28,28.0,22,-0.1041861543764721,-0.1015965325729788,True,False,False,0.5238095238095238,2.0,0.0952380952380952,0.0083495511507955,0.2952251193798149
TECH,Falling Wedge,bullish,1,0.770347892930889,8,69,1648,1649,2023-04-05,2023,3,73.0830577322646,71.51541509143414,91.36064509555382,67.54129689488968,0.7763516546425621,0.0219203459677357,True,0.1232861345997335,0.106814701963642,0.0011426022484304,0.0110201541295893,0.0317341259134611,-0.0034122658184605,-0.0001383804150441,0.0436106748604223,0.1294727182833446,0.0153292267363509,-0.0341310674791668,0.0271775856554157,-0.0323436081827727,-0.023751309931676,-0.0099781214726206,0.051527911831871,-1.69189014354032e-07,-0.0446896107937535,0.0282651904179791,-0.0424171920790427,0.0178279674927868,-0.0472546635368216,0.1173365461661696,0.102984943848541,0.0904224803990045,-0.0828172342973635,0.0377235921086664,-0.1555877305195107,0.0176420162926118,0.1298466352749214,0.0889584545237875,0.0169911797849018,-0.0512259384767838,0.1072225204673593,0.0038806511945272,-0.0146013239290383,0.0785808309687066,0.0013846366736416,0.0571677940606478,-0.158607025910886,-0.055662118130315,0.0892975239149636,-0.0439956078797058,-0.0171497074196481,-0.0336805333614884,0.1022165130815412,0.129739530581886,0.1337711533018453,0.0151807777554084,-0.0075755943926507,-0.1506875552828507,-0.0101727463596599,-0.026389783323382,0.0240963118761809,0.0161027080360511,-0.1868509803884707,-0.0669823970943845,0.0797685460072108,0.2096774952118925,0.0157854732446653,0.0868037304075379,0.2301359777408183,-0.0023397892356733,0.0065783834451635,0.170625875872904,-0.0972580513453705,-0.0312538197494484,-0.0990996237543128,0.1209322836483045,0.1169821256836536,0.0649871441567633,0.0482638653825706,0.0508815021382487,0.0143288994321328,0.0058121687096317,-0.0375883393347399,-0.2085435731651974,0.0041978638844504,0.0290434661111489,0.1123963084253822,0.1150250570116677,-0.0334405724632468,0.0102077874604462,-0.1281728667296062,0.0707079730218187,0.0085456559985561,0.1071551851556036,-0.0312098297389878,-0.2733300941785666,-0.1966049643399579,-0.0873500634790491,0.1379658542185383,0.091951075261178,-0.0031111950911801,0.0945260789722555,0.0319043673948378,0.2024350767136442,-0.207288524239753,0.0659601353750338,0.1887277543105026,0.0843776605213109,-0.1054118497538402,0.0718110176190862,0.0741415097938018,0.4057567898940304,0.0730269132339034,-0.0277306677662363,0.2411539090037511,0.1140149811614381,0.0602383658373488,0.1486428387962186,-0.1297324797480294,0.0134760844591816,0.158935892531566,0.0140027825556754,time,1708,60,79.8031234741211,0.091951075261178,0.1723581417574143,0.0059153255946228,1.2126228357843958,2.273006792304984,0.0780095162211551,3.298155207280133,1576,0.6514772169863299,7,0.0802996999289929,0.0811809162882377,-0.0259378549352579,0.0,-1.3785333939286726,-0.7270561769423439,0.4237431604665355,0.1678887472853135,71.51541509143414,67.54129689488968,91.36064509555382,1.6949227911945794,-0.0856923558641277,-0.0158261187177994,0.0232982278573792,-0.0381901383027772,0.7373748660999814,-0.0008129206194854,1.0,0.0256583397704865,2023-04-05,48.0,12,0.0934680541976766,0.0259401321982142,False,False,False,0.1818181818181818,1.0,0.0909090909090909,-0.0050216919746059,0.3510760552529309
TECH,Falling Wedge,bullish,1,0.7406095090298399,3,37,1966,1967,2024-07-12,2024,2,76.2721157619776,70.2380351619372,84.63098186739353,68.90434223388087,0.847503822682946,0.0859090176160044,True,-0.0225385245346013,0.0006630835346091,0.0266702834642895,0.0331025130290556,-0.046149634820801,-0.0923913377736442,0.0046890588256407,0.0052685413577175,-0.0182834058244274,0.0726707406521782,0.0320280728484543,0.0364841188412121,-0.0316703724222076,-0.0559747653118144,0.0359294469916278,0.0312320127013883,-0.0462033278981033,-0.037123989449057,-0.0412138187986421,-0.0375568802131897,-0.024399712355101,0.0133933437952677,-0.0155635689165935,0.0440416256632429,0.0753389733897615,-0.0866783324631722,0.0330307875231377,-0.007095482922734,0.0083412611381263,0.0312693222078324,0.0109139391951842,0.0078353888634394,0.0051483264757574,-0.0023092989976429,-0.0220847476909148,-0.0149201514866995,0.0827861062746624,0.0358556916719663,-5.351233800521271e-08,-0.0562212591940132,0.0641233082751546,-0.0419255804519708,-0.0181817240039416,-5.351233800521271e-08,0.0592800720492998,0.0395832496913032,-0.0703366007249569,-0.0186666127444204,0.0638707569920817,0.1037391795607487,0.0033976701466769,-0.1916940392248456,0.0676290916109445,-0.1519717803802419,0.0698894281883628,0.0292800515767057,0.0492768024060286,0.0792831831909302,-0.0824098117821248,-0.1745560224883634,-0.0066155805017236,0.1070055461340981,0.0129118667056855,-0.0459205323205081,-0.0125367810349593,-0.0189551441280637,-0.0606842587822727,-0.181238364481439,-0.0533216637943429,-0.0651880275931529,-0.0373960470927443,-0.0024429157487365,-0.1172504356820062,0.0092692431188412,0.1881590685877419,0.0206319181368426,0.42593872663841,0.069796367256085,0.2740717522488813,-0.1057087877918309,0.0378220182137951,-0.1172504356820062,0.2286021350820215,0.0370775741877302,0.0633083044145761,-0.074803879083904,0.2302271482414497,-0.0574267895685467,0.1030611630545264,-0.0558643465557405,-0.0915899235855223,-0.1184694228672833,-0.046644721903078,-0.0600099014480876,-0.2018548510373569,-0.045747729776385,0.0721643046094175,0.285054316293825,0.075732300200064,0.4486180462944802,-0.026801252571705,0.547671141997403,0.1664660845306393,-0.0168794076319603,0.0904065131896407,0.2602223900019038,0.1797833237778707,0.0762891296656924,0.0818226990453905,0.0898087030969796,-0.040837977227119,0.116237381760591,-0.2754144996076103,-0.1424030022306098,-0.1336616026221355,time,2026,60,72.71442413330078,-0.046644721903078,0.0831608185708839,0.0914506619719402,-0.4828720121634703,0.8608912253764379,0.9467087241259364,1.134517242358183,1927,0.8209974613958696,6,0.054270182239612,0.2075118096501378,0.1629467014950258,0.0,-1.6400892534172704,-0.819091792021402,0.1851108179052295,0.1035018087212667,70.2380351619372,68.90434223388087,84.63098186739353,1.8828088773283125,0.1000705672431456,0.0054096476220648,0.0246502906260689,0.0591786353528862,0.4999983557337196,0.0047137830115671,1.0,0.0377504729837692,2024-07-12,1.0,9,0.0436421242056543,0.0438875104782636,False,False,False,0.0,3.0,0.375,0.0200472899611441,0.4043909731403691
BIIB,Falling Wedge,bullish,1,0.711224661327145,3,35,1014,1015,2020-09-28,2020,0,280.8399963378906,274.06238035171714,310.72071402413485,261.4246789629792,1.4484614009135686,0.0247301945545224,True,0.0118928798655593,-0.0054441757603254,0.0581887239164065,0.0152050987260679,0.000890382823854,0.0201413617857668,-0.0444021010345166,-0.0198591802230945,-0.0261110896952667,0.0025122422892365,-0.0761158810243309,0.0378052745386867,-0.0358643385869003,-0.0351972857864723,-0.0156990539318817,0.0056614598710882,-0.0487162615801837,0.0281348250992283,0.0293520244159672,0.0414353684190837,-0.0935810262611035,0.0293520244159672,0.0182362514566791,0.0378863936304714,-0.0173881133868445,-0.0589819085559069,-0.181498449481843,0.0733556555421559,-0.0300738965681425,-0.0185124594842354,-0.0731770879364784,0.0314316096815781,-0.0036214771374954,0.0487663375901197,-0.0598765093768783,0.0525100812715266,-0.1311163494102354,0.0956586000955626,-0.0593651836689522,0.0262612755837605,-0.0068450456343911,-0.1001309348981758,0.0809763898753157,0.0983324978641102,-0.0134096960440337,0.0493522211651033,-0.0857427249902609,-0.1019719958874991,-0.0241854918287331,0.0187221254308487,0.0101803912633995,-0.0550175181606358,-0.0289165706871669,-0.0314867094281396,0.034378698711881,-0.0715754931998873,-0.0340218467936608,0.0233948204350207,-0.0499534311188059,-0.0043463285735976,-0.01832881095865,0.0081896590541028,-0.1480597066980943,-0.1065272011396727,0.0157770453986771,0.0532177655887764,-0.0168807381111146,0.0769054627805634,-0.0683160310885164,-0.1333855289259027,-0.2037214213738112,0.0411769967126254,-0.070038068599768,0.0550570955936891,-0.0401285124364656,-0.0163336803086142,-0.0886552714792936,0.0877776762971132,-0.0470213488697166,-0.1027708136011261,0.0545738194009177,0.0510166767851336,-0.0337047158127963,0.0575412499553726,0.1833181297450594,0.0888439863984014,-0.0385195264554623,-0.2342350841475594,-0.1072128860997343,0.0543875911792302,-0.0406097616263266,-0.1261087065574367,-0.1173978124577224,-0.2217051110512262,0.0778663929123932,0.2194742875712394,0.0085916212517398,-0.2882554479105822,-0.0352237565839169,-0.2976785107302426,0.4471269851800405,0.0270798217379981,-0.0824605934613567,0.0646628424364617,-0.248110556423835,-0.0655668805471726,-0.1266042636303193,0.1339384120756703,0.0731973593699797,0.0143315736834506,0.0267522052687501,-0.0849263289708589,-0.003838798410313,-0.0935744914602725,-0.1057369061256651,stop,1031,17,261.4246789629792,-0.0691330210371889,0.0445093297357856,0.0731377610481425,-1.0,0.6438215641096107,1.0579280342573094,1.539028031798037,979,0.5146124404956742,6,0.1213575322724745,0.1640329961212476,-0.0223446236825177,0.0,-0.9935821333454082,-0.4789696928497312,0.665608503978748,0.1034457193547227,274.06238035171714,261.4246789629792,310.72071402413485,7.605002267020089,-0.0426642747372535,0.0089764917109951,0.0269642676096033,-0.1078353709276269,0.3261128277935527,0.0319086697147765,1.0,-0.0429353253017879,2020-09-28,52.0,9,0.0791972090852071,0.0090648304595855,False,False,False,0.125,0.0,0.0,0.041419057456391,0.4518691282908247
BIIB,Falling Wedge,bullish,1,0.7509996796927425,3,46,1372,1373,2022-03-01,2022,1,210.33999633789065,210.1383662651142,271.60661765216673,199.98927132914355,1.155609297548896,0.0009595109943991,True,-0.0396025576499171,-0.0023195976312362,0.0025122422892365,-0.0450467820555712,0.0484749774156192,-0.0057982780345805,0.003452323257777,-0.0256723547525115,0.0742569510474717,-0.0240328682636409,0.0017577175928458,-0.0435362336606139,-0.0269202261739655,-0.0019570309229997,0.018102270332382,0.0060140260807657,0.0476341947925125,0.0056702661812053,0.0036827684037781,-0.0482071614065939,0.0071809069600163,0.0177649824947416,-0.0403691922288109,-0.0617095937697363,-0.0473698827398541,0.1279664041868031,-0.0348521683715261,0.0376151873746932,-0.035753378771713,-0.1120724125891738,-0.0209103582035273,0.0932830234743513,-0.0419556203607994,0.0029505032619467,-0.0479193982510106,-0.0225305214463167,0.0204841307137662,-0.083670125467298,-0.0811813694071504,0.0009171133945871,0.0074526969194352,0.1687898621270684,0.0262612755837605,-0.0394433970555693,-0.0257858868881695,-0.0586918717809442,0.0219168997366816,-0.0488875503344938,-0.1398218065492382,-0.0083201283684047,0.032100455647299,0.0225259126127741,-0.1239507049184341,-0.1146480248391808,-0.0824540185254439,-0.0431354001180706,-0.0026240939198156,-0.0740854952973951,0.0096292342481949,-0.0720650937824485,-0.1248436709049221,0.0187221254308487,-0.029740830917024,0.0623471724016451,0.0450583024697146,0.1012646765644795,-0.1817152914313098,0.1366195050819014,0.0503737584924231,-0.0161642766743356,0.0157614103634262,-0.0943272973904777,0.1431463297197717,-0.0703951816842062,-0.0847963620460406,-0.027802425592101,0.0839695026969813,0.0398839031033777,0.1505606982894836,-0.0382931068906491,-0.0248921556112451,0.1162643386273363,0.2642031442583401,-0.1601633964628338,9.469678743068144e-05,-0.072317508686395,-0.0122987144167516,-0.24053068533956,0.2547843739688131,-0.0947504831337111,-0.0309482733362862,-0.0212338465173994,-0.0379385559878017,0.0401556065558106,-0.0824605934613567,0.139670164249726,0.0,-0.0290985648671182,0.0347668099904456,0.0274853492254818,0.0118772883254152,-0.2660073778425976,-0.0865826464074803,-0.1190244803086946,0.1606998394034948,0.0156597384888295,-0.1929240354362837,-0.011678851628266,-0.1806525956536659,-0.035266120139748,0.2296234701056618,-0.0174835370339619,-0.0227822191451031,-0.123691679608463,-0.0105450539006174,stop,1379,7,199.98927132914355,-0.0492094950506687,0.037463178758233,0.0732147673509788,-1.0,0.76129980036696,1.4878178952170311,5.919065694673696,1325,0.7217787187548181,7,0.0718449805400343,-0.1248648430859525,-0.4095585732169662,0.0,-1.421727068160919,-0.6999483494060993,0.3252285143299638,0.1762418018561445,210.1383662651142,199.98927132914355,271.60661765216673,5.577855791364395,-0.2628187613325315,-0.0714818748207318,0.0265182841517412,-0.3892921777554491,0.21184346357182,-0.0020377834556426,0.0,-0.0442977118354123,2022-03-01,49.0,13,-0.0388196670155718,0.0096688539086393,False,False,False,0.25,1.0,0.0833333333333333,-0.0536840577414018,-0.2496308996917743
BIIB,Falling Wedge,bullish,1,0.7556766148563295,3,26,1589,1590,2023-01-10,2023,2,281.8500061035156,270.82645089285734,313.5221470424108,265.3170445814317,3.6012051334047914,0.0407033920590693,True,0.005747720709974,0.0076345139525814,-0.0192201523696093,0.0544121860376276,0.0634388342270899,0.0303246376762569,0.0058402163009789,0.049833216167672,-0.029254887235963,-0.0096819439569816,0.058352960324755,0.0347497893026835,-0.0061371791438736,-0.0044326902211493,0.0633158936639064,0.006686213429023,-0.0106536659377579,0.0237587039356004,0.0038569876596796,-0.0056336505817203,0.0086904678980899,0.0043964573856436,-0.0103843990181235,0.0372183431158852,0.0165163983503984,-0.011554891847883,-0.0706856516841987,-0.0192759081665496,0.0166572268259026,-0.0678516034195718,0.0547117079839265,0.0353609612069307,0.3094668032958618,-0.0586249738310377,0.1133918216233165,-0.0037975391326315,0.0059485857384991,-0.047806749362695,-0.0780876538318113,0.0344424622586265,0.0003152236003174,-0.035753378771713,0.0524802579604875,0.2160868536827664,-0.0603725431459708,0.0179657925667566,0.0127727728421387,-0.0341895166374257,0.0479182321042197,0.0265237988622253,0.2782501566788069,-0.0601232841347539,0.0034712651638599,0.023691364067812,0.0104963645080831,0.0366131318315221,-0.1031856510877807,-0.0983853620861696,0.000578968268166,-0.0611424733170736,0.1161789624661984,-0.0827032413228885,-0.0598499476543941,0.1024457738507258,0.088840801792529,-0.1008540000201506,0.1743391673211027,0.0031245993707185,-0.0045386584909991,-0.081107026340616,-0.0793988416862724,0.1565738979547581,0.1647122890585932,0.1282198531610527,-0.0114961453649693,-0.0227148832950777,0.074869655292177,0.2306975506141066,-0.0125778560197515,0.0273352530384176,0.0289310007154834,-0.1125702812834082,-0.1155183110197625,0.0236751711572977,-0.0556657621257414,0.1133092903903745,0.2229698404035642,0.1647122890585932,0.071439510707145,0.0947037518351923,-0.0253930661001946,-0.1384176787495085,0.0175624679164816,-0.0296589871000394,0.1041394049405413,0.0093343701220087,0.0548591296178666,0.0769634833606367,-0.0731279956966969,0.2395252815337167,-0.0824605934613567,0.1607576222152849,-0.105178863941204,0.0592415540831388,0.0025513829981111,-0.0701696028781805,-0.0018905715562811,-0.1962201747739166,-0.0160496968294416,0.110336715091373,-0.0174679987658992,0.1629754936249259,0.0688135179422668,0.0426578130574542,-0.0089170456177357,stop,1627,38,265.3170445814317,-0.0586587233069345,0.0498491661831243,0.0633670941365214,-1.0,0.849816759943549,1.0802671889899491,1.9156967671272325,1561,0.7429388244494485,5,0.0729280423463923,0.0611390606782187,-0.323824326728839,0.0,-1.6940597872042014,-0.9511209627547484,0.2942363891818419,0.0831605915439735,270.82645089285734,265.3170445814317,313.5221470424108,7.402851649693089,0.2035935548169039,-0.0221834690555877,0.0263016125717271,0.3055941602396503,0.7617848623679527,0.0076804941110473,0.0,-0.0023048235307066,2023-01-10,51.0,5,0.2126279274667755,0.122604282713205,False,True,False,0.0,0.0,0.0,0.0284169914253991,0.2916814194042351
BIIB,Falling Wedge,bullish,1,0.6642991895383068,3,26,1633,1634,2023-03-15,2023,1,259.4599914550781,259.7470092773437,304.90899658203125,253.70875004359527,1.163438675144291,-0.0011049899017668,True,0.0067833570630857,-0.0107608602581978,-0.0911256018350289,-0.0316830286409979,0.0185342147762082,-0.0394389173171848,-0.0543371062428138,0.0143961122799654,0.0761966070628628,0.0025344197555998,-0.002616208431775,0.0101499237261135,0.0493333247669953,-0.0306825976878112,0.0112732308636542,0.0264886961197834,0.0047302245026825,-0.0643405244590398,0.0127340823970036,-0.0254279333265234,-0.0428400356647771,0.0157136650329952,0.0138037296791901,0.0560780805894152,0.0145556017428722,0.0486331560976909,0.0963854672217363,0.0005335722801935,-0.0282283795825984,-0.1027836454314155,-0.0805765387360407,0.0631351495026437,-0.0171315022646122,-0.0152483024853189,0.0142476055598625,0.0364417798098533,0.0257965605137711,-0.0342835578229216,-0.1210093291192361,0.0492828032264904,-0.0045170966744383,-0.0093057251079429,-0.0022040342393497,0.0339399094954928,-0.0618482879617755,0.0615151003753109,0.1165498410077177,0.0435752164119684,0.0667744351204515,0.0304628656400136,-0.1779768432451125,0.0092863859953704,-0.1124574760706653,-0.0699154342788782,0.0608371536694516,-0.0776259708706663,-0.0410377214539725,-0.0657811356787326,-0.0483495198826128,-0.0259999593098958,0.03794054088026,-0.0081907401246618,0.10154561168662,0.0813737044166813,-0.0180387383029748,-0.0549314316759806,-0.0939877774848854,-0.0332202225768611,0.1385144546850703,0.1969475363694477,0.127450487834007,0.0771148778557928,0.031981347691711,-0.1437733225872822,0.0287533695905863,0.0831737179110378,0.1577259463504237,-0.1050547464314527,-0.2684936307175989,0.0899834757200155,-0.0306890951127478,-0.000388220643208,0.142222141665905,0.0778369485023999,-0.0558209281568542,-0.0087274219771184,0.0583125783450242,0.1309245007328483,-0.0212098085415797,-0.1375234624993508,-0.092939670419756,0.1962771065055079,0.1904725778744611,0.0748615902445339,0.0343487464571941,0.0735677381533972,-0.0871637580251869,-0.0395334007259581,0.0262794195202118,0.4751376415885637,0.0010695268322886,-0.2006468904644016,-0.1050673360486011,-0.0602292429449331,-0.1183642278784958,-0.0784943193198929,-0.1083302909081136,-0.2653072932578998,0.169680320400714,-0.1421403316183181,0.1347444202338421,-0.2078908664888608,0.1601951495313689,-0.3007264364330164,0.222416149444266,target,1664,31,304.90899658203125,0.1751676814296896,0.1774455024326671,0.000346860174418,7.902468680276618,8.005229697539562,0.0156481586237954,7.902468680276618,1606,0.6674460614520002,5,0.0804895071128501,0.0276449452275815,-0.0774433996586737,0.0,-1.9119413858328964,-1.2444953243808967,0.3829985318496151,0.0768748341093581,259.7470092773437,253.70875004359527,304.90899658203125,5.613570077078681,0.0502351023277793,-0.0581818773056638,0.0213956251917121,0.2866950635337624,0.869748357108511,-0.0082714441671412,0.0,-0.0566108587615079,2023-03-15,51.0,5,0.0894497874523179,0.0248038159001771,False,False,False,0.25,0.0,0.0,-0.0424000427323136,-0.6106159043879932
BIIB,Falling Wedge,bullish,1,0.6297830080779536,8,80,1763,1764,2023-09-20,2023,0,258.79998779296875,257.52074583332137,327.81004363164334,240.87635967651656,1.625557269928399,0.0049675297246745,True,-0.0049458996896121,0.0172024197967998,-0.0628346534062035,-0.0470716820692934,0.016722463612449,-0.0440372995919106,0.0125236729832047,-0.0215844846128063,-0.0148601700074483,0.0076231979251699,-0.004372146179144,0.0005242132371472,0.0166714747577396,0.0036827684037781,0.0268627391031328,0.0032340007980564,0.0340013211731353,0.00755176999225,-0.0194707816160533,0.0622789143961828,0.0143024146590438,-0.0201473863016669,-0.0035259170524503,-0.0063368787025265,0.0190016224451403,0.0017563565140599,-0.0251669343958212,-0.0221497973712336,0.0096849129670397,0.0015411933390621,0.0034481568439936,-0.0588082989097505,-0.0005242132371471,-0.047142839257097,-0.0121453545626643,-0.0121453545626643,0.0097198058689509,-0.0337985875065148,-0.0273311651893044,-0.0589676878908966,0.0178571428571427,0.0293775735145813,0.0166108361020709,0.0570482123798701,0.027274138170148,-0.0001437834862177,0.0181607899100486,0.0307612406823957,-0.0780023666037932,0.1105901244877471,0.05906253778161,0.0180186035594385,-0.1034417546050099,0.0169893826466374,0.0041539457272785,-0.0434587604037778,-0.0548756893574904,-0.043002609135327,-0.0281596775038258,-0.0002834708793508,-0.0036029815673828,-0.1139269931886807,-0.1096360008069938,0.003719797025713,-0.0289720856447425,-0.0066417362074731,0.0192500855527404,0.0014672019540802,0.0371984122684787,-0.112712458601394,-0.1447986763192367,-0.0023800905671219,-0.0432642660120758,-0.2371911111620563,0.3033652789687546,-0.1233944581229585,-0.0280851323553855,-0.141886328869232,-0.1261738325366018,-0.0470526444284539,0.1004750762848825,0.0044902540752911,-0.0319712299737552,0.2124572738153798,0.150125370477693,0.1272886966027602,-0.0953604514934026,0.0762561991644965,-0.004135959297119,-0.0707469609579732,-0.1620539932599251,-0.1057505431190538,-0.0087325322822456,-0.092069727655499,-0.0040961158935802,0.1706586826347305,0.0343570780664794,-0.1434117382777042,-0.1699797198087494,0.1615311934576975,-0.1716821580168992,-0.0982435723738999,0.0907214298903853,-0.1579999651227678,-0.1597085759293127,0.0692611357444572,-0.017873762688059,-0.0874380631487041,0.0845691280906182,0.061421525226994,-0.0770248991822373,-0.1324404440100167,-0.0863860376659835,-0.1013893577877356,0.0280251795574687,stop,1790,27,240.87635967651656,-0.0692566806872899,0.0410742093671045,0.0967542290077847,-1.0,0.593072162273618,1.397038206965948,3.8502280559665274,1683,0.4854091663196156,6,0.1929582760042102,0.0650584026874019,-0.0525351283430229,0.0,-1.59245583801491,-1.107046671695299,0.7768514891045498,0.1281251541767994,257.52074583332137,240.87635967651656,327.81004363164334,4.122140066964287,-0.075808830497113,-0.0246471997998057,0.015822132139402,-0.0211158942178045,0.6782156777825898,0.0025324107316002,1.0,0.0046499367652848,2023-09-20,51.0,5,-0.0019751871801885,-0.0352613116790063,False,False,False,0.25,0.0,0.0,0.0160635826534233,-0.0061224411431775
BLK,Falling Wedge,bullish,1,0.6185559556695033,3,34,1273,1274,2021-10-07,2021,0,744.017100019298,741.9009223257062,873.6867421235629,720.1540258674158,0.7737426681642331,0.0028523723719846,True,0.0625623727933231,0.0556908821418054,0.0161935743207495,0.0347912089153417,0.0482907600645716,-0.0919580369586418,0.0029806485636412,0.0299904230854626,-0.0617277454293699,-0.0045995247182972,-0.0118377345327106,-0.0475595559737047,0.0138770445968612,-0.0093300480682736,0.0266038454713808,-0.0343491554823273,-0.0018551495749924,0.0213132387512455,-0.0228216195234449,0.0348255039289369,-0.0265361361833401,0.052366375234931,0.0641294769689221,0.0759080100427374,0.0438020221048067,0.0397697105257961,-0.0172995833009703,-0.02419166637368,0.0646568471719681,-0.0506096356007472,0.0544207792499213,0.0544207792499213,-0.0787473971530274,0.1244796209180791,0.1248012274974745,-0.0228582645600735,0.0149096199044647,-0.1304861728835803,-0.0186696660895607,0.0658447538953557,0.0495014785338905,0.1006943652825183,0.0581778519613707,-0.2038073860051497,0.0530794436124089,0.0630036747509183,0.1358156743410448,0.0734009912674278,0.0833924636790746,-0.1440824560879605,-0.0299930169658032,-0.0282525743808214,0.2496752447249157,0.0795476295809096,-0.060480795585783,-0.0202597761225458,-0.0516856678088383,-0.0063485891243993,0.0443162580082703,0.0148836005004941,0.0681683552704834,0.0740311752215343,-0.0334907781251324,0.014552149787989,0.0473789386958671,0.0014291842233196,0.1129407734625902,0.0039768615975286,0.1148307253134601,0.0709675573973551,0.0392483830822334,0.0652632315524208,0.1427538162412263,0.0937291425308237,0.1678251587548149,0.0180962149924563,-0.0304463085337477,-0.0611899505792208,-0.0732377475286909,-0.0362924474011918,-0.012056697043466,0.1138931646814842,-0.1222106292411722,-0.0052828670366041,-0.0700847237450349,-0.105483768336234,-0.0592685866600742,-0.0800311560612454,0.0510180641765887,0.0373299640695783,-0.0730182643266804,0.0729022768720536,0.0904506963922018,-0.0003572767382757,-0.051641395914631,0.1657762126276514,0.0267792806479383,0.1377825122193956,0.141786850388677,0.1383751444962859,0.0624088492864496,-0.1810746974796762,-0.1429690284994843,0.1979948910528111,0.1305778480109132,0.0485957814987052,0.0871297473403565,0.0058302300058918,-0.1394408020415088,0.0844354301801775,0.0446366415983443,-0.2447562975192031,-0.0190062984020406,-0.0382693294921993,0.0677031178919591,time,1333,60,811.31396484375,0.0904506963922018,0.1585786173472827,0.0100007909860081,2.820125537729344,4.944258323669889,0.3118106015993775,5.433903497887646,1239,0.6911194683158868,5,0.00878393368233,0.0031525994561745,0.6066772762672266,0.0,-1.3371063578180071,-0.6459868895021207,0.3192577371668288,0.1127429265706138,741.9009223257062,720.1540258674158,873.6867421235629,17.811676947968472,0.0352567608249949,-0.0576420899256101,0.0238719554562229,0.0515013492708398,0.0654378831533671,0.0095159595799052,1.0,-0.0198553458566056,2021-10-07,13.0,6,0.048748196464796,0.0422080719896857,False,False,True,0.0,0.0,0.0,-0.0664681451245786,-1.9903286872005248
BLK,Falling Wedge,bullish,1,0.7287386709399236,8,147,1469,1470,2022-07-20,2022,0,572.2120881281364,564.9209743460683,833.8618808060601,487.4247841299041,0.9393644776140282,0.0129064313650384,True,0.0143164148597301,-0.0031384225490911,-0.044097037457726,-0.1266663036879898,0.0065996633379361,0.0022266371977548,0.0378406582963615,-0.0158319013889779,0.0013474165756366,0.0108690740494281,-0.0307761537196946,-0.0234652173160604,0.0205482612748468,-0.0062086309512123,-0.0349347528067486,0.0297640452733267,-0.0101806569262813,0.0144810350696791,-0.004408938923773,0.0097886853969246,0.0027339690173859,0.0570752057751962,0.0194811619554294,0.0887675992363896,0.0372908498919852,0.0653443319647062,0.0098430988045359,-0.0310100194543773,-0.0554023681229526,-0.0609714292231474,0.0522627906574466,0.1046413119867955,-0.0182818300579621,0.0380007173311434,0.126751361822645,0.0399264676234247,-0.019144705650732,0.0071413668717021,-0.0023677587414683,0.0754446795680083,-0.0568779964476705,-0.0033732303919377,-0.002364366680544,0.0154831916202191,0.0423458504507447,0.0723980260398606,0.1718276308009787,0.0893991714909208,0.0491998529232486,-0.0608813259906089,-0.0729601429418419,-0.0981594541197271,-0.0680519249302105,-0.1843116996102086,0.0755269047442401,0.0609790616645709,0.0379526277086044,-0.0750230385012543,-0.0544437839142176,0.0292448854111431,0.0908655162342384,0.0015971492542994,0.0585508644363546,0.0638851717149837,-0.0545081063328924,-0.0255989082572833,0.0358081407613037,0.2496752447249157,0.1688602790519958,0.0044529707789577,0.0147024813437055,-0.0798153093899913,-0.0702739708376194,0.0994938276211301,-0.0638708689250635,-0.0307975674895399,0.0469988595418922,0.0571883732466182,0.0333101423007229,-0.0623123366678919,-0.0592685866600742,-0.0615955920254369,0.0579654120030135,-0.0973660043361337,0.2750789437638146,0.0385027213961679,0.1053134451415456,-0.152696716785452,-0.0464203515771577,0.004063771042452,0.0171179051574736,0.0039221659529342,-0.1008784489368677,-0.03317338665956,0.1268210964647751,0.1362309042671721,0.2650826899502276,0.0866540231664838,-0.1427458860942696,0.0942765794479418,-0.1915814039821308,-0.1229126512543149,0.0624367472826341,0.1134829362433613,0.1404604789116337,-0.0447215748489063,0.0759075939850302,0.1281055438124549,0.1658893681448368,0.0338488713706623,-0.0246782444599129,0.0901208043036998,-0.0525999432310324,0.0079920409176392,-0.148281947656767,stop,1527,58,487.4247841299041,-0.1481746117520778,0.2040709008011436,0.1629717681768991,-1.0,1.3772325662819358,1.09986296741293,3.085954858092652,1322,0.5177908751264211,7,0.0572631996357073,0.0558443807803028,0.2131286803023016,0.0,-1.2957189153685895,-0.77792804024217,0.7210740965017104,0.2255581060699857,564.9209743460683,487.4247841299041,833.8618808060601,15.83299823200742,-0.1680071550800287,0.0236632808726056,0.0276484493017708,-0.2265248458715741,0.6432468231695394,0.0010025369266055,0.0,0.0525231869270648,2022-07-20,12.0,4,-0.2508248322431394,-0.1703822320858526,True,True,False,1.0,2.0,0.6666666666666666,-0.0126492398532487,-0.1782226218750559
BLK,Falling Wedge,bullish,1,0.7098671910002082,3,30,1532,1533,2022-10-18,2022,2,528.7586113812058,487.29279677946215,675.5458370897941,453.12554661275954,1.3715513767629282,0.0850942490342416,True,0.0931874680730766,0.0500155062088052,-0.0143198514594174,-0.0927113562561472,0.0609228110576434,-0.0225179558248677,-0.0088393104396939,0.0095897469512087,-0.0165058697199746,0.0529066669866871,-0.0522763849900116,-0.0041061216585045,0.0173068891026102,-0.0673219357446124,-0.0112984587583535,0.0153124167398124,-0.0134068459868714,0.0036975513798467,0.0238962604680714,-0.0163929372413649,-0.0343121533177093,-0.0238078673400885,0.1028967033756635,0.1207946481085116,0.0787069345147624,0.0380007173311434,0.0669595195977263,-1.6324437246417745e-08,-0.0099418964740346,-0.0762374668295865,-0.0435373439167224,-0.040120158394325,-0.0058325333182058,0.0018913157079829,0.0753837416424965,-0.0028782509010418,-0.0444094747978446,-0.0294804767781258,0.0413031682320288,-0.0255962887782692,0.0250639845170126,0.0352147181066406,-0.0187751507356471,-0.0213177994087836,0.0434006483996407,0.1203401002646292,0.2726007787329367,0.1926529194269319,-0.0204208495117333,-0.0258177708519184,-0.0272301726448629,-0.009914625634215,-0.0087562804750571,0.0036706821818728,0.0394309296277477,-0.011048757776377,0.0100041167049071,0.0228940007979046,0.0298869590771233,0.0645851002518134,0.0373501723448659,0.3258229393480507,0.0812335544473952,-0.0415944132981185,-0.1721226458107483,0.1721937170968768,0.0758663040065275,-0.0151455902317318,0.2460564102504206,0.231542304212879,0.1491280798715719,0.0295070453531476,-0.0680124011795093,0.2686551003802848,-0.0635002198310076,0.0989105158498129,-0.0033068414813961,0.0333101423007229,-0.1618663674527414,-0.1238349816940665,0.0536850313438446,0.0232537062656912,0.1646055927725076,-0.0221861238864943,0.1213479336872633,0.1583090675180816,-0.0156171820635524,0.1328959406050045,0.017854045371298,-0.0340144915891275,0.1394822561939721,0.1940684157896922,0.3050521377794646,0.2201178486568074,-0.154571696522022,0.0193710992045339,-0.0586404403328731,0.1778640233880541,0.2330675031668856,0.2152430664732201,0.2004042487142538,0.034063952094834,0.0904506963922018,0.0446366415983443,-0.134273394661454,0.040328137058204,-0.1436976682319624,0.1858816844967064,0.1143560753710541,0.0289015070394771,-0.0009412843174404,0.0862409828345689,-0.1436575639685336,-0.1229237085779613,0.26944694471846,target,1549,17,675.5458370897941,0.2776072531947149,0.3102642604744109,0.0214016190805571,1.940781140602769,2.1690896703965,0.1496209418590956,1.940781140602769,1500,0.5925853881985823,5,0.0045329753521884,0.0492550117416192,0.0393665230067181,0.0333333333333333,-2.061094693052552,-1.4685093048539657,0.6312698320241377,0.147195219834968,487.29279677946215,453.12554661275954,675.5458370897941,22.35089175735906,-0.1442476478537201,-0.0911538796406534,0.0423192490539999,-0.1596102967041526,0.4619441893374449,0.0364512716624789,0.0,-0.0337420409122736,2022-10-18,12.0,4,-0.2154229162798783,-0.168902694996388,True,True,False,1.0,1.0,0.3333333333333333,-0.0083193847841452,-0.110914383375338
BLK,Falling Wedge,bullish,1,0.6846190603916191,3,27,1627,1628,2023-03-07,2023,2,623.733507645142,626.5468379579424,746.6093647436028,617.4678600570346,1.209503883010804,-0.0044902154832824,True,-0.0573288452028869,-0.0406116164552049,0.0233140740653885,0.0298407019824908,-0.0443593529380723,0.0092426622569203,-0.0151012867456278,-0.0453279729072446,0.0222908315923633,-0.0015978237485959,-0.0135260236124079,0.021206979763944,-0.0208876308893672,0.0253989147519457,0.034232947891519,0.0262081083905936,-0.0324774001528748,0.005416033010845,0.0205381873412933,0.0746589954769727,0.0263235895044717,0.036591604046251,-0.0664281521569273,-0.0213855022398737,-0.0265122242260437,-0.0213855022398737,-3.023444932237496e-05,-0.0003362743048596,-0.037550930355098,-0.0073523786641299,0.0350667329056217,-0.1072286336773842,-0.0805205891899447,-0.0165065962983826,0.0714755504266029,0.0153206502840059,0.1057171473176672,0.0852384264470165,0.0429031553438423,-0.0795423163823052,0.0355721645696287,0.0128628082234378,-0.0604443392635761,-0.0209340055742481,0.0194549467230957,-0.0209744913319634,-0.0258785913556975,-0.0555975228609175,-0.085089619603775,0.1105149702359635,0.1117759296992491,-0.0005528265324091,0.0559804102499561,0.1106450470171731,0.0743520068808754,0.0663091101319435,0.0279839382396103,-0.0247677232605652,-0.0688411790127087,0.0471980965333695,0.0763557653555115,-0.0162132731844744,-0.060405382841037,0.0483479513481241,0.10979091885185,0.0968958906778176,0.0853945356531908,-0.0297569157071058,-0.0626744738923255,-0.0505601487304012,-0.0786411003748963,-0.0324723487868597,0.0571195129897497,-0.0921606626903516,-0.0852366006998598,0.0375645536002111,0.0643351569972132,0.0887818488239167,-0.0674023471110507,0.0285860925865077,0.0781755475218479,-0.0382238852854732,0.0252308267854795,0.1078661946588541,0.0623275647722074,0.1455476732152938,-0.1013854643519212,-0.0459289466181722,0.16735715728182,0.2159028569932912,0.0175885978626102,-0.0822388151576669,-0.0114981815378972,-0.0743509156733112,-0.0576142990829314,-0.0213788993224586,0.2732567584376744,-0.0597404593329328,-0.1621644249195265,-0.0572532649100416,0.0126210646385216,-0.0752339151689277,0.1477107196599447,0.0446366415983443,-0.0447215748489063,-0.0774840089152482,0.0827946136132014,-0.0207152808956544,-0.1753083072289909,0.0023203039543993,0.0785345023659767,0.0086060694260858,0.0705615909664179,-0.1473035623833246,-0.0026043949204784,stop,1629,2,617.4678600570346,-0.010045392000444,0.0054831692817676,0.039342278028894,-1.0,0.5458392546080076,3.916450251732829,19.61103866289683,1598,0.852212844024169,5,0.0915121020256989,0.0569906066824543,-0.1554477363336449,0.0,-1.4645854706039787,-0.6123726265798183,0.1299559373170453,0.1146897023418294,626.5468379579424,617.4678600570346,746.6093647436028,12.892390696359175,0.0198188278430644,-0.0628525495640245,0.0207297592516353,0.0475392666066427,0.0942435461392673,-1.8700401249738266e-07,1.0,-0.0282068454756642,2023-03-07,39.0,4,0.0544215283305347,0.0226278571131925,False,False,False,0.0,0.0,0.0,-0.0001480677432006,-0.0335780084297105
BA,Falling Wedge,bullish,1,0.7821127811573775,8,66,683,684,2019-06-06,2019,1,346.0251495499244,341.79512182763176,430.8690902122927,322.4928984132578,0.6464851274356739,0.0123759160156353,True,-0.009764394913131,-0.0225299491955411,0.0034788256075877,0.0281983645333583,0.0004545246370932,0.0326808437391628,0.0400874233601431,-0.0207011071360811,0.0856074029601519,0.0809536699820034,-0.0121354263071649,0.0379243353197049,-0.0864349297041346,-0.0091568640823745,0.0289596258027664,-0.0053882988130872,0.0136407126778039,0.0233170330088792,0.0621343513228889,-0.0176222736642557,0.0557680805958509,0.0512222079446587,-0.0294138200023788,0.0640931834249907,0.0293643522301099,-0.0415277834291811,-0.0103243387904851,0.0130718954248365,-0.111228195875659,0.0086585830817835,0.0311165500164607,0.1629936072477111,0.0252517590419851,-0.0297218575382863,-0.0186171398593879,0.0485754822068629,0.1288682847938602,-0.0855037565066169,-0.0141594275250865,-0.0033436538915088,-0.1260713525052693,0.0107607057245691,-0.0491576379286048,0.0342369299681466,-0.0004204452031878,0.0654202730023436,0.0101049850574406,-0.0387939780983619,-0.0104177507273657,0.0035463822778001,-0.0014001063794155,0.058314634173104,-0.0898412918926543,-0.0449784529543713,-0.0402599625356263,-0.0537932899894703,0.240880787700688,0.0856721461473337,0.1327949976250393,-0.1297083536783854,0.0344508492735395,-0.1301498312397346,0.1813535112441773,-0.0898412918926543,-0.118068745857179,0.0748234103458711,0.0689368879198508,0.0909956392086033,-0.0030605233810168,-0.0361622980447018,-0.0645371865718291,-0.065557094599129,0.0634214550669463,0.1213690576973354,0.0648183373740451,0.3501630036727241,-0.0295884466536294,0.2361188780139129,-0.1296970267072621,0.0929018896318047,-0.1436988685538447,0.0077504205766196,0.1088749832139652,-0.070554305984553,-0.0488214587007764,0.0282207380434043,-0.0523360894808471,0.007626523713119,0.1410603186474199,0.0329188989373983,-0.0362320804699025,-0.0701002547166393,0.0399146994729635,0.0121371820489402,-0.0157683876447645,0.0062836348893091,0.2843514414318948,-0.1160933974632462,-0.1563707418256513,-0.0035006477332568,0.0193916604915422,-0.1535310807317841,0.1814157180339972,-0.0179728695289845,0.1356479063749798,-0.0158072093602057,0.1423554386900007,-0.0390200580746032,-0.0740625381469726,0.087782238167922,0.0401095192084031,0.1387221082121386,0.1222375300899667,-0.0194082099853698,0.0125765967181977,stop,724,41,322.4928984132578,-0.0680073433022859,0.0856657166872843,0.0719273667979911,-1.0,1.259653921584741,1.0576411796926255,3.605432398695147,616,0.6232591214322818,7,0.1224562413352127,0.2302300396603258,-0.5297024720368796,0.0,-1.249108225412793,-0.6258491039805101,0.4342981325087948,0.1481451627336626,341.79512182763176,322.4928984132578,430.8690902122927,8.61029009250808,-0.0268673664264346,-0.0392067088557723,0.0250012215857281,-0.0153734366558569,0.8349842628729724,-0.0016343345123984,1.0,-0.0094940630138775,2019-06-06,22.0,16,0.0485816151972609,0.0458446802821519,False,True,False,0.2,3.0,0.2,0.0005969443525279,0.0378857036741037
BA,Falling Wedge,bullish,1,0.6584841310937265,3,28,735,736,2019-08-20,2019,2,331.56089531934066,320.63709054754327,401.73474528708016,313.51636059866473,0.7703932759446861,0.0340690615460086,True,0.0573804193570284,0.0765611711234149,-0.0040615469594682,0.0197289911062874,-0.0441392053449738,0.0217124412109201,0.0288686309747818,-0.4415614196560271,0.0264804183460793,-0.0650928279408949,0.0204767794271309,-0.0041865626285553,0.0721360542004538,0.0633087343213709,-0.006820859004192,0.0141243481531092,-0.0018322894916381,0.0084427804287632,0.0043241279122188,0.0110084048821326,-0.061357855475505,-0.0158406238032556,0.0750944933240915,0.0627458324885354,0.0574120834358113,0.0456858095542802,-0.0919705979523906,0.0266286401400783,0.0120210052922247,0.0925342904290886,0.0291097202873762,0.0564296362276008,0.1051407918881832,0.0189552024565811,0.0327730390787146,0.0184650053146764,-0.0562802527861582,0.0555610954111485,-0.0333727719798178,0.0062384246710576,0.0514962293581102,-0.0085289184466548,0.1332544920124045,-0.0802095611347042,0.0339383811923272,0.0403523494378291,0.1518122611328911,0.1223400533561083,0.0643338997854252,0.0030150377874398,0.0748794739504894,-0.0881219048635979,0.1236530081220081,-0.1346011254646203,0.0619544812956001,-0.0094610888087106,0.0072623768097153,-0.1189460008774477,0.6708295055009041,-0.1086573614737698,0.0885785078707463,0.0439343851774425,-0.0922153422218525,-0.0168929708446156,-0.0522076673892144,-0.1441329425767319,0.5006921807308611,-0.1002571264433899,0.113130294829557,0.1101406372977109,0.0851886773844627,0.2793086505881625,0.2072429748896471,0.088497152282569,0.0205895636919233,0.0036088717688174,-0.08804443359375,-0.0980400959507288,0.0228602021936747,-0.0490991007612917,0.2050952800554859,-0.0673188782092019,0.1629010179303445,0.0346411030285958,0.1333047983388064,-0.1386122238978521,0.0132286858665569,0.0768031608048211,0.3350918490251804,0.0037137052933866,-0.067349126737096,0.0562194794673083,0.0868470698323868,0.0251424843717056,0.0294006540196174,0.0419786422647892,-0.1635152058720834,-0.0407671584488297,0.0897516279843315,0.2155406042423753,0.1222338804829383,-0.1135714091951884,0.455134068799325,-0.0131640733248531,0.169012591880493,0.0065304600440945,-0.1328197620551423,0.3350426017734171,0.0088140357391237,-0.0775570387798519,0.1431985131603874,0.2552546426433393,-0.1418403317868209,-0.2109959361545195,0.0379639994615397,time,795,60,360.3559875488281,0.0868470698323868,0.1654941020588207,0.033027479997115,1.5957791472724012,3.0408859800535515,0.6068663452672762,3.8889254311075354,705,0.8506121183066413,5,0.0278245909269197,0.0092035376539119,-0.1366728509585653,0.0,-1.2946231785077664,-0.4440110602011257,0.1336374047966444,0.1741767417398248,320.63709054754327,313.51636059866473,401.73474528708016,7.767037740451514,-0.071937784505942,-0.0526302755784681,0.0236890606274987,-0.2035631313093875,0.6212117208761451,-0.0039246491530777,1.0,-0.0331295892135969,2019-08-20,22.0,16,0.0090374928077048,0.0270899424569377,False,True,False,0.2666666666666666,2.0,0.1333333333333333,-0.067531668345529,-0.9259152231205572
BA,Falling Wedge,bullish,1,0.726954695418527,3,21,923,924,2020-05-19,2020,1,133.27000427246094,129.2957997519586,154.93816289958158,113.41976361011903,1.3899692349403834,0.0307373056829878,True,0.1219329142271057,0.0958700912227408,-0.067291497139848,0.0088697115937177,0.0316352891575906,0.0024156891897824,-0.0161894103512733,-0.4415614196560271,-0.0081151668143996,0.0098101139919446,0.0347489791068347,-0.0126614366069475,0.020633178525768,-0.0651769722457481,0.0523489932885905,-0.0165933413291251,-0.0037599223478647,-0.0222090593749323,0.0121586168069223,-0.0701867364086185,-0.0124012048745379,0.0404325213308156,0.1480875679349735,0.2993171614829111,0.2440133888801332,0.1282051282051282,0.0041663115036356,-0.0011348646874024,0.0195808504018655,0.0952689481881705,-0.0577443133724556,0.0417373032158092,0.064948485069668,0.0148351480672648,-0.0581188704000833,0.0501256783100978,0.2222972560573271,0.0156582009113044,0.0692849837122508,0.0260153145098733,0.0245936453272233,0.068234233190795,0.1067075077810988,-0.02874995202602,0.0119075435332804,0.2584262346079695,0.4447361530243419,0.3911902015946829,-0.0797896173609558,-0.0139873936789071,-0.0646772317480225,0.0110522802312207,-0.0064814867447842,0.2262246955217799,0.0828505380192814,0.0190307364841872,-0.0245658980816252,0.0336589241785647,-0.0916388486810374,0.0090312480232779,-0.0068726750289382,0.0158508943067492,0.035820249040039,0.0390341922755232,0.0564988809284641,0.1206486882390203,0.0937250463471497,-0.0021392670436878,0.4220724552629769,0.3408868554014816,0.2517058418823916,0.0147417811720584,-0.0571622638085315,-0.1322314049586777,0.2031055261826324,0.1211463454819541,-0.1433919361412332,-0.0502714959744414,0.1163426366432569,0.1404656136533477,0.006574065596969,0.0376895749604575,-0.111486615069406,-0.1214624337056881,0.1712601506663791,0.0905084067035504,-0.0769037426147967,-0.1060251790850393,0.184355838230344,-0.162122326235529,-0.0638429025003833,0.3378223734416204,0.3110976973506818,0.1674557316528642,0.1047434240884499,0.1736258740947145,0.0088140357391237,-0.1006850537406415,-0.1023570452111666,0.290313012466151,0.0684713375796177,-0.0284937136342834,0.0801802822316797,0.0072763804729563,-0.0145266506592001,0.0129365038019892,0.2782733133349639,0.2886883583725741,0.1093939102607577,0.1414688271680111,0.2996718135219391,0.1944621850646566,-0.0575887277518373,0.2501149768269077,0.2108585451493136,target,929,6,154.93816289958158,0.1625884139901552,0.1758084484478616,0.0147070357247088,1.0915816586661111,1.1803379653844976,0.0987396952615057,1.0915816586661111,901,0.3458631803137695,6,0.0782218722764886,0.5760925334454592,-0.2265417997232692,0.0,-0.9027117302456426,-0.5568485499318724,1.6159532331284885,0.1668870146392401,129.2957997519586,113.41976361011903,154.93816289958158,8.427858080182755,-0.5511141627169309,-0.0547045003726593,0.0646109929656629,-0.6469649074234982,0.0236692000189606,0.0115179971239931,0.0,0.0693306038615086,2020-05-19,23.0,10,-0.21683340303397,-0.1423159625270135,True,False,False,0.7777777777777778,0.0,0.0,-0.0950396823317415,-0.2393326376334991
BA,Falling Wedge,bullish,1,0.6900897158756185,3,26,1089,1090,2021-01-14,2021,0,208.9600067138672,208.4627056637328,242.95135023787248,197.63003344868517,0.8547736962809158,0.0023855636361957,True,-0.0149311364650214,-0.0312827491766959,-0.0073577582219872,0.0441391781333182,0.0002086449883254,0.0026257591293976,-0.004106626689563,0.015450409672558,-0.0079518098315528,0.0047608162919272,0.0195765400846705,-0.0176295997602546,-0.0223926718604725,-0.0531575679870437,0.0661593515439207,-0.0008879007555826,-0.0767441860465116,-0.0156221170029881,0.1430711176956018,-0.0247673308138729,-0.0002548445545428,-0.015375455537319,-0.0174183338889228,-0.0706834025550438,-0.0530310595125885,-0.0013778673478375,0.09640522875817,0.0446930056649022,0.0058792416221418,0.141867182587942,-0.1358377049627388,-0.0577090761688577,0.0658192918005722,0.0127080786151667,-0.0093758061411713,-0.0523451888529936,-0.1102902566087999,-0.0572049971853751,0.0271293120846278,-0.0170468333817902,0.0320007858505657,0.0531834409131826,0.0228626445439654,-0.1732876921353273,-0.1822648535384881,-0.0559737993609366,0.0096668690121064,-0.0325928227850749,0.0865560090021615,0.1362683285313759,0.0813915503954603,-0.0561925080602712,-0.0623226053912073,0.3764705839543285,-0.1757890109931417,-0.0478933084925586,-0.0174771017807439,-0.1480913640334266,-0.0488243086531954,-0.1691405959895037,-0.042167762908597,0.0970015118848039,0.1980849548102821,0.0532700827595722,0.0362516130798038,0.0226764024865682,-0.0450284049925496,-0.0043457405102348,-0.0038680472428398,0.2712002122326911,0.218933065227858,0.4484326903882143,-0.119563471202629,-0.0323695154662007,0.0303112550639994,-0.1604175905430486,0.1432003278711258,0.1400536307335651,-0.1283783461537273,0.0027226087333778,0.0895733474639179,0.4263060965662846,0.0163642196968856,-0.0598655706734999,-0.0199416802853954,0.3723846505278949,-0.108826560861583,0.1033631600450002,-0.0600670178310785,-0.0035315953410269,-0.0396680046691944,0.2191960805295469,0.212050134642598,0.112527363287626,-0.163974370711889,0.1228747468833801,-0.0434461388221153,0.2149818747301306,0.0118962159885975,0.0786428985530032,0.0364891345418756,-0.1300755950004205,-0.1306605933665255,0.3607411585882367,0.166101528117897,-0.1497830839920051,-0.1634383461028233,-0.0986441057280632,-0.0775674356504091,0.1656940868313274,-0.1459680506301062,0.3570237855678981,-0.164160967858875,-0.0615423648868419,0.2027909157899844,stop,1097,8,197.63003344868517,-0.0542207738378205,0.0317285098152874,0.08188170013691,-1.0,0.5851725744488715,1.5101536614329043,3.000125660354691,1063,0.4921288201927674,6,0.1078627251996817,0.5500814033836081,-0.2855530635897432,0.0,-1.249583607052518,-0.7574547868597524,0.7975281030460337,0.1025128345427321,208.4627056637328,197.63003344868517,242.95135023787248,6.183570861816402,0.2072837489311414,0.0041964881796905,0.0294581999615895,0.1746502923718944,0.2842806292341208,0.0076250495684186,1.0,0.0283646033255566,2021-01-14,20.0,9,0.4692562873754764,0.3897726502996923,False,False,False,0.0,0.0,0.0,-0.1663662584683764,-1.3251303967480983
BA,Falling Wedge,bullish,1,0.8328155581729384,13,165,1294,1295,2021-11-05,2021,0,225.2400054931641,223.9667678198769,277.26686228399365,199.04397381774675,2.1060858535614804,0.0056849401617975,True,-0.0190019475888656,-0.0138282524699683,0.0995675576699746,-0.0276299005664197,-0.005483601559771,0.0300198190693963,-0.0541909962614255,0.0260001484719329,0.0387524648716242,0.0996074382158109,0.0615857438065015,0.1061667477324157,0.0538094838460285,0.0044086415280577,-0.0263268171210345,-0.0380776137028477,-0.0125447413320515,-0.0353873769108591,-0.0205215149798235,0.048873830954274,0.0218251758285115,0.0167613736401326,-0.038362740748887,-0.0493251657760627,-0.0476007553184295,0.0332548774486636,0.0023783763027744,0.0504282070696056,0.0417373032158092,0.0353563240818903,-0.0311546173664963,-0.1324677603400472,0.0757898607245575,0.0535989122010118,0.048537039223256,-0.1312824183719676,-0.0083991240243006,0.0176724390658209,-0.0349921574533517,0.0599625438841839,0.0278910292403811,0.137445676129418,-0.0317242287804101,0.0198540231385271,0.0112100476115972,-0.0615799834261088,-0.0859527621124088,-0.0627250826963242,0.1397847397757421,-0.0110793774852917,0.0182923301970943,-0.0267883351347283,-0.0490530113963944,0.1841592504389062,-0.1100865306895252,-0.1476774154170866,-0.0261348796186023,0.0090523189002225,-0.0171694231880882,0.0464070139009118,-0.032167217007415,-0.0843180468441435,0.0447577253837416,-0.0268006091139001,-0.4768067367938386,0.0955575459687778,-0.0471010643837357,0.0919631200328794,-0.0646923319886851,-0.0515450200994775,-0.0718297302592392,-0.081768953721611,-0.0861812250478234,0.0861385787340849,-0.1502205328680297,0.1242260382275031,-0.0652565212330533,0.2768021809201515,0.1232213217284687,-0.3084938904217895,0.365109520236941,0.1556300495755354,0.0629065930664707,0.0926599998810839,-0.1444770172777301,0.1716582303808795,-0.0355547309858529,-0.1256217581691006,-0.1462299171455394,0.0525047060214298,-0.0422435862773318,-0.0677854743807119,-0.0786716426413911,-0.0557990988077838,-0.6259234638444944,0.0678623958653255,0.0447141107743884,-0.0399118105920961,-0.1530257358945581,-0.4177690472947725,0.561055680842683,-0.0799131292250453,0.0057257225773359,-0.0544047885470919,0.0994596967677117,-0.2375063653682607,0.1197074666908628,0.2868640826612154,-0.1068732097158791,0.0664780926273058,0.3786073481025374,0.1168476138556431,-0.0497654546777536,0.1237701118982983,-0.0839716085165589,stop,1308,14,199.04397381774675,-0.1163027483419786,0.0386254516785038,0.1386965225150121,-1.0,0.3321112547136799,1.1925472483864823,1.9860587067335145,1129,0.482896055560174,7,0.0963491868280069,0.5202312789901062,-0.2741310521314954,0.0068027210884353,-0.8596188071576989,-0.3767227515975243,0.8323787793669867,0.2065446030229318,223.9667678198769,199.04397381774675,277.26686228399365,4.908574785505032,-0.0198186631766901,0.0338633592914636,0.021868371374337,-0.0363627966695708,0.9825588616241728,0.0219217865826657,1.0,0.0700452164310425,2021-11-05,20.0,9,0.0920191699146233,0.1111654671243485,False,False,False,0.125,0.0,0.0,-0.0695017025372045,-0.6823198118663596
BA,Falling Wedge,bullish,1,0.6870814343563885,3,36,1643,1644,2023-03-29,2023,0,208.97000122070312,205.00083160400413,225.2058334350581,191.05735104360556,0.5784484943287855,0.0193617244654213,True,0.0049289312976987,-0.0037573651645692,-0.0047328994255607,0.0199780430879068,0.0062593803015067,0.0449863021056469,-0.0343476934242573,-0.0010169408443144,0.0235408353337349,0.089777065789542,-0.0725722336083583,-0.0353638713847219,-0.0599107061113629,0.0375143976650587,0.0190356558211386,-0.0163646405653058,0.1147823636954956,-0.0460271803581525,0.0021010429780052,0.0698705909513845,-0.0120864500224826,-0.1308195226348877,0.0041987543301979,0.0221084131224564,-0.0011044968488045,-0.1370239928521245,0.1587562316691246,-0.1760368146626506,-0.0519024360470654,0.0243292996590771,0.0170948058901554,-0.0217162059705814,-0.04730252625037,0.0504282070696056,-0.0593751741429647,-0.092972215950037,-0.0491334492340872,0.0902521386490924,-0.0846367793999999,0.0269840727599419,0.0273723707413893,-0.0204588185223379,0.0186326998802504,-0.1510306690757766,-0.0654091746270233,0.0492658346432755,-0.0140211892494358,-0.0346108362950218,0.2867597867656686,-0.0917520626874172,-0.0236578967338462,-0.3223368022371641,0.0386611761177404,0.0344508492735395,0.0137672022511663,0.0474526812897155,0.1346793639121881,0.0766004348430975,0.0407287901603334,-0.1291315898082872,-0.101388693162278,0.0416714326496274,-0.0661227333782719,-0.0914389651085394,-0.0645524981090754,0.1420197540341692,0.0176828821815488,0.0012602543221069,-0.0132888575782369,-0.0387615737005275,-0.0648942996258641,0.1062736347728678,-0.4333097452828852,0.0606349561580275,0.0281556614633491,0.1066794160107131,0.0794601337780012,0.022826887933308,0.106420388106913,-0.0383470843786895,-0.0837254742391748,-0.0165041675182074,0.4435137004905047,0.3706938694315507,-0.0298578807362606,0.030475595281814,-0.1268007031822284,0.0901284335290353,-0.1023765172220243,0.0674630801232609,-0.0681857286078594,-0.0694424964961283,-0.0162224212559012,-0.0878715128169969,0.0655007562859157,-0.1250608170432141,0.2931223674273233,0.1217575744736767,-0.1517375127244407,-0.0710000417567512,-0.0681117122278441,-0.0565178734915595,0.0177773199527566,0.2724389755745906,-0.5657328751654113,-0.2165076832531419,0.0659010841393499,-0.0642454568715795,-0.0120148905495053,-0.1009376721144768,0.0414427292173305,0.0983350381103715,0.5417418407198717,0.0138312721691555,-0.0212215423995221,time,1703,60,205.5800018310547,-0.0162224212559012,0.0714935270810826,0.0751303864503532,-0.1892516939778546,0.8340475749650893,0.8764753843245158,0.9063891749035278,1607,0.3504406101923972,7,0.0840837928546101,0.1197076392835423,0.2406514615268968,0.0,-0.8204980426727841,-0.4700574324803861,1.615754681409208,0.1091493752900507,205.00083160400413,191.05735104360556,225.2058334350581,6.959286281040734,0.2118450516185575,0.0019540980834928,0.0334629333086138,0.6310093148497475,0.7545143058600515,0.0075136281990988,1.0,0.020625582598182,2023-03-29,9.0,10,0.3359057963803438,0.1366624834181009,False,True,False,0.0,0.0,0.0,0.0464481593587734,0.4158072683504622
BA,Falling Wedge,bullish,1,0.693073155738105,3,43,1792,1793,2023-10-31,2023,0,189.69000244140625,181.41107588257591,231.45184743486857,175.14409307044343,0.8222977539677946,0.0456362794749596,True,0.0090674321185397,-0.0332273482008445,0.0381639092450005,0.003781760572431,0.0607239736151372,0.0052698759505338,-0.0323017396524011,-0.0040572477435512,-0.0145307594275341,-0.0188791339746065,0.0090864678788036,0.0496059474099446,0.0187802836940222,0.0043987628291159,-0.0002548445545428,0.0268724533962756,-0.0201206749008616,0.0110338408726091,-0.0246728594654197,-0.0142578530497479,0.0219831472458136,0.0144678329757397,0.0023127749727016,0.0937318706861685,0.0232882364011981,0.0323823855404656,0.0308647949717766,-0.0696278111597975,0.0994156093272793,-0.0026298216152512,0.0727462160908887,0.0804628712471555,0.0651287727370784,0.0317524617539421,-0.0648995722473226,0.0314610219067506,-0.6007983103519727,-0.1021658686751885,-0.0126261096247043,0.0940859024039302,-0.020213784824772,-0.0805917099705753,0.0932949889303835,0.1288682847938602,-0.0117595161112447,0.1039743304300344,0.1831408602839039,0.0986705390580164,0.031745195821996,-0.0495897718112364,-0.0908848040616098,-0.6988087238286899,0.0624022579377703,-0.0196114105223319,-0.4758741669735763,0.0229629940456814,0.0472656530070121,-0.1019700448188107,0.0870401993683693,0.1458378147434542,-0.0550230313019532,0.0690376625999409,-0.14232526359274,0.1751623131327131,0.1734945105935688,-0.0971467721192294,-0.0100386591365669,-0.1229068969456618,0.2356024074769989,0.3725025185970763,0.2307500205007666,-0.2056359064064602,-0.1092449635940588,0.2055115597553887,-0.0024577739789595,-0.5682597958250162,0.0015655571337851,-0.0331562214995333,-0.0504871673182533,0.0795965493900032,0.1556300495755354,-0.0062126440147377,0.0119733541530886,0.3462590279339028,0.2601946547153781,0.0206926796452342,0.1274184459021512,0.1975502335841756,0.1881604122093276,0.1005174110528726,0.0109793406519398,0.3359727784437881,0.0817122663319476,-0.0949617711975123,-0.0265486757615239,-0.0390556149532766,0.2000475928896949,0.3173686825849227,0.067210325711368,-0.2269691058570859,-0.354703436488317,0.2897837568135721,-0.1503542034762431,0.218105779453775,0.1044644432416814,-0.5951719446313248,-0.1637397650733215,0.1892405736865414,-0.2806997723503756,0.0809703734364468,-0.0791097196276801,-0.0406010497658393,-0.2109591905638035,0.1431985131603874,0.1095883882104677,target,1813,21,231.45184743486857,0.2201583871367296,0.2283198745383108,0.0115451653393421,2.8710370681140875,2.977469228912636,0.1505579600116324,2.8710370681140875,1749,0.7445092192662347,6,0.0547819806325781,0.0763334181123593,0.4665514655614931,0.0,-1.297275027376701,-0.5527658081104638,0.2182209712324715,0.1528752437001254,181.41107588257591,175.14409307044343,231.45184743486857,5.432144165039056,-0.1051655227347123,-0.0664796787007473,0.0290768865864124,-0.080836372328567,0.9212751981474712,0.0056484713179125,0.0,-0.0080407494207271,2023-10-31,9.0,10,-0.0034621825322997,-0.0326758503683302,False,False,True,0.4444444444444444,3.0,0.3333333333333333,0.0030028089249966,-0.1183896959253182
BA,Falling Wedge,bullish,1,0.680544648760361,8,65,1899,1900,2024-04-05,2024,6,182.13999938964844,190.04221846099563,266.0200101412265,173.47555923461914,0.7724739114035455,-0.0415813872061752,True,-0.0691226330299754,-0.0531349322786531,0.0089285714285713,0.0105388892624906,-0.0041748474016742,-0.051372817357058,0.0077528479670476,0.0392872790897744,0.0077324425477796,-0.0192899326259938,0.0498733884818913,-0.4415614196560271,0.0412801797013628,0.0533285405224621,-0.0087349424435148,0.015704192355227,0.0312439999124758,-0.0308076076832362,0.0241449598606942,-0.0092470312142187,0.0820540701441949,-0.0359845983548618,-0.0576574412568448,-0.0676402333738552,-0.0214300605285682,-0.0538112833112337,0.0608338599510196,0.0553648611034827,-0.0242072401466234,0.039991031129003,0.063134388710363,0.0346231576109523,-0.0050608214478259,-0.0840210497552288,-0.0269091057054924,0.0374044689545918,-0.033639534490754,0.0342369299681466,-0.0170468333817902,0.0486341157188183,-0.0126241048177083,0.0543126686622918,-0.0025243339662225,0.141867182587942,-0.0223892941704428,-0.0820486865340197,-0.0129021967244454,0.002237856125411,-0.2376995344094487,0.0510576488691907,-0.0460354120973218,0.0705882352941176,0.0141925508598446,-0.0197680242988331,0.1193204959515352,-0.0331167842622861,-0.1398700504903939,0.0524417683583353,0.0676516244183345,0.0354389657211811,0.1126409472953307,0.178488256390165,0.0553541318553025,-0.0374280975725649,0.2072939237019897,-0.0854320724265723,-0.1728459639306216,-0.0594170195464081,-0.0195449762084893,0.0133414293549647,-0.0033203762859921,-0.0992677673063877,-0.1098924938992724,0.007539093207548,0.1494329386290527,0.2008937849316285,0.0460324220869226,0.0969677444115881,-0.0753503301341063,-0.0838489668639616,0.2165098113685089,0.0408769857268176,-0.131822082382915,-0.0283397072158048,0.3882207842772835,0.0236326915299394,-0.0192265505713273,-0.0375692691928286,-0.0144560758014951,0.1479074823907666,0.0031005903242167,-0.0227256249208439,0.0180081189759973,-0.0429205754988235,0.0110039212611723,-0.0775570387798519,0.1157611903859607,0.0542848724478568,0.2817085409720932,0.0552311732531172,-0.2116985514139834,0.3516654050572287,-0.0692363848360164,-0.061583065467989,-0.1328197620551423,0.050322372653166,0.0723404255319148,0.3777360264439147,0.2149818747301306,-0.1328197620551423,-0.2868595687139325,0.111326670213731,0.1754851627408338,-0.0434031087213975,-0.0247854007063859,stop,1902,3,173.47555923461914,-0.0475702217199069,0.0132316002535703,0.0532557207683479,-1.0,0.2781488034989176,1.1195180270951262,9.680949865282376,1828,0.6772278589699399,5,0.0967467142603668,0.3252742912141839,-0.3439307223320688,0.0,-1.3391798541069595,-0.6619519951370272,0.4311738012446382,0.2098652474871461,190.04221846099563,173.47555923461914,266.0200101412265,4.45499965122769,-0.1359839324233819,-0.0731865844608233,0.0243256506829468,-0.0192256007070702,0.3153137672692321,0.0047466332470118,1.0,0.010160544195088,2024-04-05,9.0,3,0.3201994184194661,0.1308038451785989,False,False,False,0.0,0.0,0.0,-0.1024106319303813,-0.7515518413996627
BA,Falling Wedge,bullish,1,0.6364154992084512,5,54,2036,2037,2024-10-21,2024,3,160.5,152.32546678423205,194.37854281103185,145.56682072685717,0.8938034781129817,0.0536649149242203,True,-0.0611214801158489,-0.0607428833725961,0.0207963740603143,0.0207797519767394,0.0091041213656697,0.0467682674172635,-0.1050682987182753,0.0291083269058518,-0.0460271803581525,-0.0086280140424019,-0.0410733515931396,-0.0564114844125902,0.061860628275457,0.0108816557213742,0.0217545521333677,0.0124284245360366,0.1304292148073014,0.0331396280621358,0.0059450722782281,-0.0777047817399501,0.0266561995634022,-0.0486194963539907,-0.063427460610081,-0.0338317300671728,-0.0144873863891866,-0.0415277834291811,0.1339682927207341,0.0952825069128542,0.0332548774486636,0.0485749906286181,-0.0131904965355283,-0.0393201542523421,0.0527070757424805,-5.912935467622393e-05,0.0012624746937293,-0.0443673335025612,-0.0752488441572105,-0.0285382038115932,0.0394237476414831,0.0389719720616765,-0.08264843785722,0.0181513120276892,-0.0012051096827077,0.1051930434039889,0.0064128524688666,-0.046186612725561,-0.1036137375876168,-0.115833054468354,0.0705882352941176,0.4885818716061687,-0.036473981211065,-0.3650836434667251,0.0766448746600523,0.0279688903776749,0.0258637052729866,-0.0474829822871708,-0.1036137375876168,-0.0173619773211791,-0.0624371934823363,-0.0303777678996872,0.0100368104906938,0.0660896546292002,0.0472656530070121,0.031451199651286,-0.0532441373945308,-0.0037020584113596,-0.0750202379728618,-0.0209652929121334,-0.1050501318397431,0.0780685282199182,0.0380719893988104,0.0742181276716789,0.3520610329917966,-0.237354966506012,-0.0675587926131255,-0.1609416652546591,-0.1782629165291226,-0.1528392184192664,-0.1110022015539695,0.2850558437279245,0.402807565671845,-0.0906478823180342,-0.186421042994449,0.1343125343322755,0.3263022942069025,-0.0643837045385919,0.129613598819944,0.0145802021685332,0.3527181591172259,0.1894363326115202,0.102235145646919,0.0223721059079515,0.065981285594334,0.0340713301297794,0.1680198140663675,-0.1199320092947104,0.0994596967677117,-0.0462680462709407,-0.0476551193425676,0.4146538979893384,-0.0069669306307093,-0.061583065467989,-0.113525057096499,0.0598793159105692,0.0883052962078769,-0.573107902422143,-0.173019874589428,-0.0137272921475498,0.1536545551599402,0.1814157180339972,-0.0742238596000206,0.1985781585731834,0.1463346995753371,-0.1345221499034686,0.0586927933184192,stop,2048,12,145.56682072685717,-0.0930416154089897,0.006043621312792,0.1019937390478972,-1.0,0.064956109008057,1.0962163393182285,2.268675825245196,1979,0.7518715681185949,6,0.11529194505804,0.0768970008923877,0.3673757881345203,0.0,-1.3134350283526106,-0.5615634602340173,0.2807545913361048,0.1617617540502131,152.32546678423205,145.56682072685717,194.37854281103185,4.081428527832031,-0.119302699688769,-0.0061624723621553,0.0255376569940473,-0.0625292624969154,0.2874027928379835,0.0338709677419355,1.0,0.0245054613183135,2024-10-21,9.0,3,0.2588004107813064,0.1318734506359633,False,False,False,0.0,0.0,0.0,-0.0072786419299714,0.404842956938273
BA,Falling Wedge,bullish,1,0.7675547123793378,3,29,2448,2449,2026-06-15,2026,0,229.47000122070312,219.3529983520507,253.4860107421873,206.0369459178355,1.2746078571656283,0.0461220176822709,True,-0.0556063731161243,-0.0303196248266677,-0.0438755613615793,0.0073298368212217,0.0211795475239746,0.089777065789542,0.0251753361902122,0.0437313098812577,0.0591389199095833,-0.0602558637913415,0.0864581213873976,-0.0458575458744928,0.0096429459311633,0.0096141794698687,-0.0102312127565609,0.0114970263655593,-0.0595535512977896,0.000761157396345,0.0388834684797863,0.0871140622133714,-0.021056611567877,0.0062844367837515,-0.068394226490794,-0.0566522854004636,-0.0488911919410492,0.0683663949976514,-0.0890856531210962,-0.0788806920618344,0.0362020018875846,0.0836976030590739,-0.0357380829659834,0.0321017065656428,0.0500000173395329,-0.0897324546031491,-0.2206156513376173,0.0466666588416466,-0.062693678866201,-0.0011329838795028,-0.1154515021465135,0.0623298054469796,0.0403059170364163,-0.0491576379286048,0.0425972744731988,0.1079416059719455,0.141867182587942,-0.0551316769653192,-0.0494618296210285,-0.0523835150598208,-0.0384364518424327,0.0938863597873858,0.0383824064347477,-0.042178528683634,0.020430642451966,-0.0506800269152581,-0.0403886795316972,-0.0052956280976529,-0.0678130572922003,-0.1302484541338351,0.047844434988985,-0.0058333079020181,-0.02625002179827,-0.1113744946625716,0.0039647291931685,-0.0229733820590559,-0.2947553985380607,0.0114583084060826,-0.1325077153988637,0.1163643030687653,-0.017641631494806,0.007539093207548,-0.0188741306452722,-0.016390607825643,-0.0486508054360906,0.1330184454194751,-0.0191029548080259,0.2600346574125918,-0.0781003011285986,-0.0610973914611223,-0.0234862161338874,-0.1562008316363224,0.0128692894257371,0.1047619562405923,0.041211525234297,0.1353123754610623,0.1006450576616937,0.0816415505290577,-0.119563471202629,0.111695142134494,0.2165098113685089,-0.0144560758014951,-0.0571622638085315,-0.0226353513747101,-0.1075085982381541,-0.1144430062006757,0.0878569502275037,-0.1334028023743959,0.0483239997189011,-0.0827086584055182,0.006948457991138,-0.0908481919082424,0.3581485738707493,-0.2809275307755414,0.3848102575670131,0.2684239097263501,0.1126786594134576,0.1323408107456543,0.1319567028079518,0.3095624923706055,0.0957637740315311,0.0491204625066175,0.0106016160646642,0.0433656831684892,-0.0820668693009119,-0.1694995715527973,-0.1675310345328151,stop,2472,24,206.0369459178355,-0.1021181643709925,0.0349064996044164,0.1114307194325833,-1.0,0.3418245893806126,1.0911939136289068,1.0248774310938975,2419,0.5349879812838392,5,0.0300868017145031,0.1386087793620403,-0.1280042761808772,0.0,-0.9267956682832342,-0.391807686999394,0.6758352626659495,0.1492054041125515,219.3529983520507,206.0369459178355,253.4860107421873,8.039997645786837,0.0463979886150742,0.024106178098717,0.0351168279229303,0.1407004598163062,0.6094769123366881,0.0285322981644662,1.0,0.0211859123956221,2026-06-15,46.0,9,0.3663872132894561,0.2626246258444289,False,False,True,0.125,0.0,0.0,0.0193063680680093,0.6077344627735126
BNY,Falling Wedge,bullish,1,0.7206200295988631,8,58,693,694,2019-06-20,2019,4,35.34976595591372,36.23568676944711,46.249365940167735,33.55864412136529,0.6041642309777121,-0.0244488484286263,True,0.001847140794406,0.010789037911587,-0.0234951988965808,0.0347537807153714,0.0148252635479249,0.0384796875735149,0.0394088271390855,0.0021970113829705,0.0104032227286936,0.0295523698207043,0.0249130179229772,0.0057752185580715,-0.0230688385278895,0.0058033812051447,-0.0218013589036786,0.0004145784563533,0.0439258412570766,-0.0439024320042312,-0.0043730266327897,-0.0295128964964201,-0.0281045814054805,-0.0030828950080531,-0.0018084078272321,0.0281687261962826,0.0134472637089357,-0.0550267901193075,0.0758199834916169,0.0106019756620925,0.0133025480089821,-0.1440241030741605,0.019213883238156,-0.0754134504967968,0.0023739328162362,0.0289171539088286,-0.0573046598844867,0.0438322782328375,0.037484923680237,-0.0112058827215359,-0.0149818724365027,0.0154951383310775,0.0284761938516944,0.0966508182403478,-0.0316048929822808,-0.0568321022581526,0.0200587434713812,0.0308770352482694,0.0452550140548424,0.0349195027139352,0.1244272292024462,-0.0069789117785298,0.0394078518361693,-0.0089574169270811,-0.1025333923881509,0.0872066570910219,0.0172925449353293,-0.0377835492439341,-0.0286702565918359,-0.0291620785181186,-0.1025333923881509,0.0569402246084438,0.0839954872259181,0.042057552035984,0.0406490574530902,0.0381808281450213,0.1148628828047704,-0.0023124880358804,0.0808667459726515,-0.0192521497201911,0.0258698427688937,-0.0161784213168154,0.0017730217899158,-0.1449556486423168,-0.0383850156477368,-0.0327047901688014,0.0741163782328737,0.1028385461959604,-0.1170707847969428,0.0138990085895214,0.0735119640456813,0.0410246756354459,0.0862778912898758,-0.1483919154797583,-0.0290541475904293,-0.0609894614836267,0.0173927020467541,0.0948360971635882,-0.0187643725617759,-0.0330106632881508,-0.0304905049014186,0.123631047636739,0.1663329784689302,-0.023180620554036,0.0865498439856182,0.0660485144714557,-0.0168593615436926,-0.1178815806789312,-0.0315629103228704,0.1141438511384387,0.1655375443506372,0.0436443373547303,-0.1524352669081722,0.080284924424399,0.0201489612889873,0.1148177818865645,0.061751982490279,0.1635314045547846,-0.0635787229744415,-0.0210326333336556,0.0231623009024521,0.2078981741597221,-0.0678942183799113,0.0110430740095395,-0.1564811927661987,-0.0033533627589327,0.0678055896409318,stop,738,45,33.55864412136529,-0.050668562750379,0.1077001090931407,0.0524354068542902,-1.0,2.125580502919141,1.034870618150659,6.085348173426737,631,0.4846923630680414,6,0.0623892056258038,0.0903055012264766,-0.1899658548845689,0.0,-1.6695762356133514,-1.1848838725453112,0.9208771453820588,0.1362622308664734,36.23568676944711,33.55864412136529,46.249365940167735,0.7409966351292719,-0.120790034023412,-0.0778113462130353,0.0210542164258251,-0.067035743679867,0.93396239995394,-0.000233997672661,1.0,0.0358154568980351,2019-06-20,12.0,9,0.0980802556583884,-0.0166222324774965,False,False,False,0.125,4.0,0.5,-0.0408763062388407,-0.8267972982984749
BNY,Falling Wedge,bullish,1,0.7047850038730966,8,70,1423,1424,2022-05-12,2022,6,38.5253067309083,39.74599469079493,60.98195269509654,36.82186638418344,1.086715695993917,-0.0307122257068418,True,0.0002309091226044,0.0185065141570062,-0.0142859447816364,0.0127658652935038,0.003992155302672,0.0336677784904069,-0.0122875270105652,0.0384531219274413,0.0316617162557839,0.0636519281709437,-0.146063752477479,-0.0846570805782183,0.0192957333632031,-0.0192531368850364,0.0520992713007983,0.0293085272744799,0.0134349707132477,-0.004621627606981,-0.0795294026619093,0.0107809219636458,-0.0927009222084803,0.0053635628963919,0.0071771011854938,0.0542598607447806,0.0325816858703695,0.0410379149989854,0.0575936788299198,0.0342476837764373,0.0321951195620138,0.0164751234763083,0.0060478376744135,-0.0119370437658531,-0.1180017355002497,-0.0704481080690658,0.0493486652403489,-0.1281941091663413,0.0378840597917167,0.0115301313611957,0.0117147900300678,0.0404753276509364,0.0060478376744135,-0.076668558933488,-0.0096003302428275,0.0094447769784515,-0.1080750034460932,0.0627039578487161,-0.0120064234510144,0.0054121698746,0.0217512569867537,-0.0056046730117031,0.026579412659029,0.1084761799303883,-0.0204591021071292,-0.0021103510308475,0.0224232012924616,-0.0467347448668706,0.0598941215968098,0.0302356809523693,0.1405534922225453,0.0198501651110925,-0.0109649434795364,0.0256112837388355,-0.0251108192110114,0.0062803944606484,-0.0206676817032555,-0.011465212003523,-0.0145189233104815,-0.0528986280380864,-0.0245624289604388,-0.0355574490710628,0.0003250804904399,-0.0959768373163638,0.0839832379229981,0.0441188393781044,0.0856724079015607,0.0588308484302371,0.0774331305782118,0.0383246035955691,0.1888377003533636,0.1093323083025121,0.0452686672299249,-0.0116155578813037,0.1269208470987606,-0.0359928005598418,-0.1113273521360952,0.0389064483669243,0.0289248617110438,-0.0965343910275298,0.0616328474231264,0.0118788792209771,0.1548491895288195,-0.0757308429771128,0.005787896033558,-0.0355946203260073,0.1110687392766627,0.0187114018379981,-0.0441537562467736,-0.039145041258238,-0.2109652544785616,0.1522202046587337,0.1935319331475746,-0.0195174983204806,-0.0353506237533252,0.1063282757976746,0.0544562174660885,0.0417380079252085,0.1204484733309512,-0.0389159569351665,0.0441233881590075,-0.0497249896665191,-0.0963358907829249,-0.2217871285001444,0.1085510814383445,0.2369491470094029,-0.0158236404717176,stop,1444,21,36.82186638418344,-0.0442161397603673,0.0847379504490956,0.0503348324605429,-1.0,1.916448403418736,1.1383814311546954,13.183112638704824,1347,0.7456132830009183,5,0.0004532275908788,0.0363688745727246,-0.0553374770326834,0.0,-1.6399430801091714,-0.8943297971082524,0.3028584570258707,0.243413533105085,39.74599469079493,36.82186638418344,60.98195269509654,1.1817633165078634,-0.2045049801893284,-0.1030262879681201,0.0310332607077863,-0.2663635185765904,0.7165372069133289,-0.006363731181347,0.0,-0.1149758304005685,2022-05-12,17.0,8,-0.1672646677870242,-0.1424552065567756,True,False,True,0.7142857142857143,0.0,0.0,0.0285750113767342,0.9471282604277388
BNY,Falling Wedge,bullish,1,0.7291190002275606,8,74,1473,1474,2022-07-26,2022,7,38.06645448519284,37.66031726015117,47.35161769881958,35.238185415437684,1.1029927532223267,0.0107842220827865,True,0.01225560388208,-0.0224843573683004,-0.026356229147409,-0.0551534620393228,0.0125903183612043,-0.0084148012516067,0.007055127288011,-0.026356229147409,0.1053734031878941,0.0254238068586405,0.0103843715077762,0.0080902224260432,0.0034959530962004,0.0188714527180653,-0.00375390677177,0.0635471500591249,-0.0387580769913058,-0.0194851168006658,-0.0216073241982249,-0.0186133736105111,-0.0005163470137822,-0.049282135997774,0.0129288637554211,0.017911642283368,-0.0251709452788329,0.0152760895304089,-0.0750589033395022,0.0523838003705583,-0.0574108335116478,0.1403514265789203,0.0180764118707859,-0.0842962417329457,0.015403356929373,-0.0309276943292329,-0.0014842673528848,0.0121873280882531,0.0298407489269709,-0.0536025576651397,-0.0355419655785248,0.0483085030203673,0.0836020021336421,-0.0267651204820439,-0.0741705483992376,0.0360993913125999,0.0035611342164738,0.0171200392540083,0.0127268986607207,-0.032891327437228,-0.09878008357006,0.0849999496791296,-0.0587568819337911,-0.054195004324675,-0.0155555642363851,0.0317819609694465,-0.0222034418315751,0.0530287304951202,0.0718482636861164,-0.0728567931533835,-0.0826445232020238,0.0104529194318256,-0.1157812206838174,-0.0310378297972782,0.0810051185164597,-0.0376565639534076,-0.0112709571509609,0.0104357503181895,0.0046890375330623,-0.0416987972506228,0.0274366951836522,-0.0030638313944624,0.0360366792026759,0.073852511799394,-0.0761086511305669,-0.0197027611222484,0.1052031692391137,-0.0627384373238409,0.0364901601220764,-0.0772100194418184,0.0368641329375873,0.0124099694312251,0.0395278874784559,-0.0013260250368842,0.0603179064345824,0.0344248650824385,0.1283541906675778,-0.2087328072678279,0.1051014319527663,0.0083021065842057,-0.1506452364533189,0.0529133690046401,-0.1111112424824162,-0.0023731574182194,-0.0803673987817753,-0.0186313752276072,0.1635314045547846,0.0690120260030413,-0.0652056110753493,-0.014107589432574,0.1039665105510654,0.2056330701325677,0.1102598719386036,0.0904584618053578,0.0906339817113781,0.1767035562311376,-0.0039984648616727,0.0588368946027806,0.0937798953458612,0.1353362613398816,0.1669869709101035,0.1368620085418981,-0.0038370544666785,0.2087303304753027,0.0761737880992108,-0.0632773152232786,-0.1671913486409464,stop,1516,43,35.238185415437684,-0.0742982005549086,0.0711762815942648,0.0751826952606598,-1.0,0.9579812305368468,1.0119046585131972,3.2829843924399134,1392,0.7333419173243189,6,0.0195920285493827,-0.0548902830276588,-0.1714355261508978,0.0,-1.012868097796738,-0.2795261804724209,0.3451930991287075,0.2027911657533614,37.66031726015117,35.238185415437684,47.35161769881958,1.1102328527508525,-0.177478961265187,-0.0184863374542236,0.0293872815727559,-0.2689527893168678,0.1650500538870916,-0.0079031891561789,0.0,0.0059188128207445,2022-07-26,17.0,8,-0.1671778135704322,-0.1252382942386932,True,True,False,0.5714285714285714,4.0,0.5714285714285714,-0.0281919421484962,-0.6055972612092684
BNY,Falling Wedge,bullish,1,0.6251923073878657,3,23,1679,1680,2023-05-19,2023,2,37.76732969994191,37.14225197822918,42.867345010885344,36.16297106094109,0.8926921512339872,0.0168292897824051,True,-0.006335539688708,-0.0096317057477702,-0.053408675724841,-0.0065284449347101,-0.0333455583193212,-0.0165083685280158,0.0145914432330847,0.0138509064642931,-0.0215788386410757,-0.0105072314315701,-0.0259862487969356,0.0375484464549085,-0.04207468839688,-0.049282135997774,-0.046711656343418,0.0409526570057574,0.0002123245644769,-0.0372918918640606,-0.019547028745244,-0.0002357120641577,0.0272427660041534,-0.0375434762319504,0.006972030925956,0.0360623084579123,0.015853922770304,-0.0971767122524643,-0.03696071737497,-0.0188386090268946,-0.0004874272844286,0.0443767008981332,-0.1859007369900588,0.0049961477904729,-0.0267651204820439,0.0071590562373864,-0.0422445216551224,-0.0144296578623157,-0.0013671034510196,0.0461949783725212,-0.1364534631245235,0.0379617078063034,-0.0702988963743299,-0.0028020560045547,0.0265462934938003,0.0284561966928211,0.0166370686518475,0.0571321520548843,0.0808964023962763,0.0327310543215775,0.1371109886311305,0.0269480804222554,-0.0461410839690809,0.1377886381906823,0.026564603647371,0.0778323226059092,0.0337582566096001,-0.187109482911339,0.0007737967366323,-0.0202435401820888,-0.0273847077248046,0.0957294354212023,0.0247338916002233,0.0845766346898959,0.035482096681104,0.0166543053439445,-0.0474518896562542,0.0216091408321921,0.0216091408321921,0.0577101121845151,0.0573688653970122,0.1111109004746588,0.0197415195665953,0.1562377835277495,-0.0801961213881478,0.0057436149457434,0.2296577362494636,0.0122505409489745,-0.1449556486423168,0.1112817471216192,-0.0456444656997383,-0.09915395290028,0.1456236416786107,-0.1087131983426284,0.0846215453791607,0.0331919655261392,0.0429354483766462,0.1440518033274822,-0.0460767377663243,0.0770577835433212,-0.1957900970204529,-0.0353074074198497,-0.0542871521811689,0.0994844590114587,0.0850382222526708,0.0309747904609711,-0.3261076559808062,0.2234751715841056,0.0937591062829437,0.0122355975224193,0.0762407096499953,0.0660143944709157,0.2091639314609907,0.2176639323500382,0.0445423446092481,0.0915628300913469,-0.240931760053412,0.1028811143196497,0.1889036237270409,0.2035827354133632,-0.0198424786183573,0.0690120260030413,0.0978191730845947,0.1063282757976746,0.0952760744059846,0.1117057604096589,0.013873976926149,target,1732,53,42.867345010885344,0.1350377522441381,0.1438149531895482,0.0277779090592548,3.1788499073496883,3.3854691967589416,0.653904572402371,3.1788499073496883,1654,0.7386364779071795,6,0.1319884313657777,0.0137764780047808,-0.3434688136515329,0.0,-1.2738054718784908,-0.5351689939713145,0.2949830772514835,0.1016680060198428,37.14225197822918,36.16297106094109,42.867345010885344,0.9182866417613538,-0.0690682391312565,-0.0512837321078414,0.0244035109485201,-0.0511374135465376,0.0816306670663047,0.0073027165427934,1.0,0.0155750701380301,2023-05-19,17.0,17,-0.1347478340723868,-0.081397936358041,True,False,True,0.625,1.0,0.0625,-0.0072694640591032,-0.2217389106067524
BNY,Falling Wedge,bullish,1,0.8243450813562401,3,36,2095,2096,2025-01-16,2025,1,79.4998099035767,74.37519887101325,80.74978476289698,72.56508717575683,2.428930619941856,0.0689021489737582,True,0.0418996712838366,0.0234561817084038,-0.0957498508285685,-0.0316027548900412,-0.056933365538041,-0.0068214110519574,0.0394186214947405,0.0169099997166157,-0.0459474357333719,-0.0024023583726164,-0.0258567348061631,0.0430083883071239,0.0376665158119109,0.0180144777235751,-0.0277780227111467,-0.0212649809226125,-0.0194972238405455,-0.0376062630655613,-0.0255986472165433,-0.0032434563218821,-0.0006696372198065,0.0131146993678987,0.0535416432886863,0.0493486652403489,0.0412073095676841,0.0139639222546836,0.0490575867080333,-0.085121603500477,-0.0333554623860233,0.0730207897864732,-0.0340617275404124,0.0132943531110913,-0.035706888832491,0.1045824977563401,0.0167363445724499,0.0442013918069097,-0.0484663612372471,-0.0287236098672737,-0.0347558819227166,0.013971573210856,0.0254407503938411,-0.0428088450577062,0.0014948066015429,-0.002751809905909,0.0379700852835585,0.0469495696785728,0.072672883717193,0.0513315062566894,0.0531922288134418,0.0581858859091704,0.1474967473275952,-0.1649796563747407,-0.0405797979841214,0.0231160001485224,-0.0113831664698028,-0.051123877178289,0.0019565830552901,0.0738350604699813,0.1038383088309324,0.0452550140548424,0.0237313797037419,-0.0725780152880217,-0.0098531219120644,-0.0160589890590534,-0.0936359085963629,0.0405119997610126,0.0645893806236206,-0.0625922974031143,0.067026695795564,0.0064855686321989,0.0564219793675943,0.0643534848472231,0.2121025077699097,0.1055939921893498,0.0688484639113116,-0.0579464819168266,0.0862778912898758,0.0031868812298088,0.0968491263686508,0.1466903312864573,0.0213628241211847,0.0757953055095965,0.1290000117256466,0.0002635345064962,0.0855795621490129,0.053245851617736,0.0563586891537331,-0.0557127142468205,-0.0276679502832772,-0.0809629132715965,0.0321346505890309,-0.0442820837951262,-0.0533515798706972,0.040822598378599,0.0620829365793826,0.1616464926764604,0.1299821357672168,0.0205778953213424,-0.2211672083266481,-0.0323749252897127,0.0544562174660885,-0.2196744863148846,-0.2298499728856415,0.1011348233031577,0.2005831878030206,-0.0510210677501828,0.1998028618828373,0.0021298555457145,0.0884715782962983,-0.325358039070824,-0.1737338656616384,-0.0686672926936315,-0.0759681356603191,0.0941523402863162,-0.0392118464344149,target,2096,1,80.74978476289698,0.0157229918013179,0.0161525612121342,0.0119018189352054,0.1802487148196681,0.1851733077472672,0.1364427072274722,0.1802487148196681,2058,0.673857006463283,7,0.1135571122048945,0.1063301012989996,0.1005676618420594,0.0,-0.9529151539078434,-0.2790581474445592,0.4015502330402872,0.0840327823318612,74.37519887101325,72.56508717575683,80.74978476289698,1.637913132107409,0.2248468207849869,0.0465575301365757,0.0206252732110185,0.3010213185027444,0.8402757173737948,-0.0039005871753234,1.0,-0.021685822118629,2025-01-16,7.0,12,0.2240283439216674,0.1611072142728951,False,False,False,0.0,0.0,0.0,0.0240131546910705,0.3196212288525088
BNY,Falling Wedge,bullish,1,0.699385790551455,3,40,2390,2391,2026-03-23,2026,0,114.98409731313038,114.13164967307762,133.45046397489023,108.42450762760626,1.0763575681039148,0.0074689855311347,True,-0.00621228769719,0.0234966619631683,-0.0364021805835179,-0.0080343248923341,0.0044092233619832,0.0213629831784216,0.0057752185580715,0.0304966961103803,0.0506297618513531,0.0312942798773467,0.038518867663785,0.044033351621874,-0.1586188506568336,0.0077889506607837,0.05883916439119,-0.0007667296414448,0.0066323686502334,0.0474715856032486,0.0238897255632053,-0.0225930942496289,0.0573885397781286,-0.014549526195372,-0.0155905882297337,0.0752372556790159,0.063108164772984,0.0359596730240463,-0.0842962417329457,0.0719055956924499,-0.0353280650161418,-0.0251581033789806,-0.0068522435627632,0.0280618202869258,0.0314237353811859,-0.0680822951661047,0.0346786589180694,0.0158197349554425,0.0500328855158844,0.0094080427975518,0.0222372090521902,0.0667768120119225,0.0360623084579123,0.0295756286430035,0.00630993052892,-0.0569333336321674,0.0285715958559806,0.0657285882473968,0.1899913233425449,0.108986589744177,-0.063444712158776,0.169763866216432,0.1624320740775753,-0.0075882358794616,0.0453561208342006,0.0560793470100586,0.072646443501311,-0.1134807793000645,0.0168450792859935,-0.0308874118164231,0.0510776106465884,0.111522920525203,-0.0487327713698174,0.023336068600539,-0.0270861098960626,-0.0484443105047152,0.118771221327679,-0.035347923471877,0.045184956873866,0.0755354303334367,0.1613143791007606,0.1808552200348321,0.0543275798669335,0.1025526455528382,0.0388102916417469,0.1517196068923183,0.1463042986643681,0.0074034280049906,0.0356594625003707,-0.089511896570001,0.0199613199810666,0.0090256201117275,0.0740404784055657,0.1022396197583455,-0.0957465361133076,0.0868334617350483,0.0395278874784559,-0.0420462931998888,-0.0197027611222484,0.1369798083550282,0.1635501181797172,-0.0018067653121759,0.1382620471763254,0.1306524279288175,0.2653134165527233,0.1276852361639475,0.0962202731645569,-0.0556652161540899,0.1307628908450764,0.2119787066966572,-0.1841333967576742,0.028003451300713,0.1767850451143953,0.0548751785973566,-0.0789292550072966,0.119982957790623,0.0905104787774075,0.1587091960979749,0.119982957790623,-0.0030335546698788,-0.2033852917738903,-0.0522186397729581,0.1010586093897711,0.2054271792086803,0.1226829840376002,-0.0363628646536178,0.2151508320516218,target,2407,17,133.45046397489023,0.1605993097590818,0.171699716795488,0.0138050567590533,2.8151710010935496,3.00975181240652,0.2419910491199339,2.8151710010935496,2350,0.5748568075798676,6,0.0628409906715188,0.0450140351843815,-0.1037859309590083,0.0,-0.9313663824068044,-0.3565095748269385,0.4786290930057476,0.1511694668931088,114.13164967307762,108.42450762760626,133.45046397489023,2.774329973677465,0.0803563600215564,-0.0217137973025361,0.0240325616230991,0.081326385007487,0.5475111247665418,0.0174003714048767,0.0,-0.0369585881062768,2026-03-23,62.0,10,-0.0017724014711821,-0.0080047155613806,False,False,True,0.3333333333333333,7.0,0.7777777777777778,0.0375100757890124,0.6389635295043192
BSX,Falling Wedge,bullish,1,0.6028142529404387,3,56,1071,1072,2020-12-17,2020,2,35.54999923706055,33.75823091980027,44.69688038403896,32.47293361387132,0.9976791074868946,0.0530764873762785,True,-0.0270041942355898,-0.0216938362857208,-0.0279685287975197,-0.0646303144214762,0.0085320657225667,0.0412259425494365,0.013165054515275,0.0181768355358398,0.0037338972766478,0.0423595966714822,-0.0764468381141123,0.0290247676304633,0.0028868654449945,0.003397514283334,-0.019108312496596,0.0061455674418993,0.0435413633318018,0.0183548544939555,-0.0346310269064809,-0.005139014567759,0.0022684107452448,-0.0085653252630808,-0.0268203629893856,-0.0078761964924314,-0.0019996270909203,-0.0664990849869429,0.0468383612912763,-0.0488898102876569,-0.014145535764294,-0.012673255240563,-0.0049493066924876,-0.0090220140115445,0.0315093994140625,0.0093142763633076,-0.0039525911122213,0.0694712175862992,0.0482931373138599,-0.0057279090608218,0.0612311354232477,-0.013925448630332,-0.0031158685913641,-0.0331361001951665,0.0207704363261755,0.0653418845560351,0.0030634439236589,-0.0148660148736578,0.0202531993292571,-0.0004493007045829,-0.0980789123152698,0.0339916534854687,0.0465863399672044,0.0654630412582613,0.0283041579286551,0.0220014264278289,0.1109341897909064,-0.0371706536747609,0.0634957264558275,0.0821119292138585,0.0065928273225692,0.0508414737839213,-0.0180296918171267,0.0393106922042538,0.0143684666191465,0.0203539408746706,-0.0957894576223272,0.0796599922809233,-0.0286253738465255,0.1254555892565729,-0.0053356685504457,0.0548523433133183,-0.0028881465909691,-0.1021276868411317,0.000928437769964,0.0501084537499412,-0.1818973189052118,-0.1498225285456731,0.1036340391829626,0.0923943318111797,0.002260982368023,0.0360000219100562,0.0405993959889547,-0.0517055839976122,0.1038356415212971,0.0255804652669635,0.1616959568284608,0.0544898253532597,-0.0271871966582774,0.0133333790058991,0.1169496179663307,0.1438528018138691,-0.0238095289583972,0.0343966679817754,0.0936709395926846,0.0228026010760646,-0.037499997463632,-0.0345600320625563,0.0187158144829582,0.0022136258340839,0.01528686980677,0.0468085268710523,0.1238139079247881,-0.3784080751471883,0.0662331399248765,0.0911569982716464,-0.1760579095061238,0.0756555653281287,-0.0913088151378554,0.0330033377253611,0.0955217523822307,0.050514497946656,0.0932516710128237,0.076849013982047,0.0369880925153685,0.0159208624301803,0.0874659972366038,time,1131,60,38.880001068115234,0.0936709395926846,0.1288326843697953,0.0390998430233263,1.082200459411491,1.4884316397216582,0.4517288741498373,2.972598659595086,1013,0.8378157416331832,7,0.1509294528705811,0.0823188450025476,0.4934920946138805,0.0357142857142857,-1.2283101485255217,-0.3904944068923403,0.1722659390814677,0.2342372778564636,33.75823091980027,32.47293361387132,44.69688038403896,0.7428569793701172,-0.027692510459885,-0.014486155121553,0.020990590341389,-0.0327958665737961,0.9487166947063655,0.0017078723817121,1.0,0.0447961271505046,2020-12-17,56.0,13,0.2087054998409614,0.1496351036439964,False,False,False,0.0,2.0,0.1666666666666666,0.0033409763208846,0.8917282969143129
BSX,Falling Wedge,bullish,1,0.6273272678965671,8,59,1473,1474,2022-07-26,2022,7,40.630001068115234,37.33296260127324,47.01333363850932,35.35117030004311,0.9021835681259454,0.0883144073524331,True,0.0204282056248521,-0.0143117556255283,0.0603540792294639,-0.0004731596296918,-0.012446157801741,0.0300390499398746,-0.0580052276373124,0.0140845070422535,0.0190321040286023,-0.0170883142293779,-0.0506270805759783,0.0101868816625292,0.0159713505783107,0.0165542222331032,0.0066606461521592,0.0548986694202937,-0.007808317724641,0.0323469675596737,0.0322269427340387,-0.1025785931370919,-0.0115398377247291,0.0682176459226966,0.0154278867227303,0.0098448855689434,-0.0332377019932574,-0.0185135126974556,0.1003683413486766,-0.0226260654197963,0.0410599837258838,-0.0212717355720335,0.061397632145318,0.0091428920200893,-0.0145041488010059,-0.0206767030896485,-0.0733428223550213,0.1110517872152445,0.033055618718077,-0.0050683018250946,0.0044813075992136,0.007942715965004,0.0516787901758859,0.1247649372156427,0.0182440839132516,0.016450693909551,-0.0204632741356445,-0.0093137254338634,0.0056608303270959,-0.0399573957708527,0.1297770528143211,-0.0541777267663678,-0.0862943860533117,0.1391883088845191,0.0047619229271298,0.0368487466918288,-0.1377728747534086,0.0883292983228902,0.0922167547817887,0.0236381345626257,0.0428750950467304,-0.0334117216222425,-0.1005838876016873,0.139886335893111,0.0264255988467834,0.0504813692926993,0.001190458025251,-0.0394186505514677,-0.0256772705064237,-0.0308941043226578,-0.0077085923685096,-0.0214128162370336,0.0176876943601047,0.0746050930980772,0.01472696317635,0.0514625931574808,0.0167209657007765,0.0239396885207956,0.0188353057468801,0.0653595663971446,0.0366871203563279,0.0450321045803334,-0.0509333292643229,0.0787214502839002,-0.0503693737974993,-0.018120028176054,0.1095342729551298,0.0543331818167396,-0.2697430690330192,-0.0378582162999512,-0.040833314259847,0.0212765927672864,-0.0814085433908455,-0.0245112674538177,0.0081220282471612,0.0698580518013293,-0.0272215762363159,0.2528815921531555,0.0839477445431911,-0.0175062441988219,0.1537957943628527,-0.0412278760598648,0.0866551139611311,0.1364441479210238,0.108844818606997,-0.0164092371938291,0.1968503931376644,0.0183140394725094,0.0912730475751399,-0.2637438092912946,0.0048661987923281,-0.0553607690722725,-0.3860040139763981,0.0507304055777861,0.0024741478321348,0.2055984734582581,-0.0211380913211075,time,1533,60,40.959999084472656,0.0081220282471612,0.0711296902208646,0.0711296902208646,0.0625134676325189,0.5474696038994048,0.5474696038994048,1.2092322809441638,1407,0.7646646526358234,6,0.1405629413982126,0.0943307962879023,-0.1781336283470118,0.0338983050847457,-1.0667411483902545,-0.3020764957544321,0.2855973452794225,0.1894035194211258,37.33296260127324,35.35117030004311,47.01333363850932,0.7442858559744704,-0.0879231722666601,-0.0077217999573349,0.0196071094290125,-0.1101734828821048,0.4905640006909656,0.0047368501362048,0.0,0.0059188128207445,2022-07-26,36.0,4,-0.1203556691452314,-0.1177324119059048,True,False,False,1.0,1.0,0.3333333333333333,-0.002757950984917,-0.4867183384910147
BX,Falling Wedge,bullish,1,0.6269582595114982,3,32,778,779,2019-10-21,2019,2,38.75566708016721,36.1208764290445,45.87818673770403,35.38100686504281,0.4345007497312725,0.072943707672721,True,0.0649583294700275,0.0559089280254145,-0.0319637092103542,-0.0580605440263337,0.0237974741535709,-0.0044934285703579,-0.0082405139241347,0.0068129360621203,0.1121557499476122,-0.1073756209459634,0.024569216442341,0.0542322143118905,0.0075841092896642,0.008738964517035,-0.0190480136688629,-0.1057785378219898,-0.035352351111311,-0.033743032451001,-0.0546324967850053,-0.0069264365517881,-0.0638339579858066,-0.0138066365870469,0.0802265602158136,0.0823998232437246,0.0598098973993377,-0.071820434379111,0.0490803196602209,-0.0672672139191017,-0.0368594826178877,0.1518652861709213,-0.1407045778293958,-0.158615830790917,0.0385563027020896,0.0690432377362033,0.1206074709788698,0.0160150747382961,0.0408789219043925,-0.158615830790917,0.02675106891789,0.0176149344319167,0.0152829350982017,-0.0339911962164358,0.0432950718029276,-0.0372046597340297,0.0350340960020649,0.0864525485504146,0.0661107409481618,0.0280508071120382,0.045665482454386,-0.0098817579737069,-0.1937779207911966,0.0626724221386902,0.1131561274263117,0.03060294473697,-0.003261850011084,0.0823599028367783,0.0080798232630983,0.1244911430091451,0.053896471711355,0.0287975871342849,-0.0790018323781109,0.1213824838984849,-0.0835859661460798,0.1059115085902739,0.0024615627581023,0.2200764975365536,0.27469501449299,-0.0158959727620197,0.0216685573519004,0.1113126736374843,0.0481343064619281,0.063147706826762,0.0456414488387852,-0.1390135214800398,0.2211590803374619,-0.094235141126351,0.1324405792122633,0.0214104308678673,-0.2092302786129569,-0.1781145490870882,0.1763122701439587,0.1679507439310261,0.1059261634812165,0.1277223123212141,0.2203515843935544,0.1983940020756034,-0.1206750876297706,0.0916708700856145,0.091942155217696,0.298044806626583,0.0623066130254172,0.0471550641650434,0.2247243140932058,0.1183729960065749,0.2276232221412926,0.0297709498771363,0.0125538508670384,0.1131929098428699,-0.2960670973432097,0.3141893572351859,-0.0867129179091881,0.2207665430572249,0.0973715267352233,-0.0286274408749284,0.2224584078013993,0.1241265929443768,0.0388936293191346,-0.0406331890354373,0.1334726091238876,-0.0741140069460002,-0.0959180452999756,0.0772443419895099,-0.1083863294458239,0.1026231660118246,0.1755329100886287,target,833,55,45.87818673770403,0.183780081576294,0.1890922764631248,0.0129110226667049,2.1105886825628937,2.1715956116683164,0.1482742748122464,2.1105886825628937,744,0.8814334835716505,5,0.0832446370284166,0.077905486872313,-0.2486064118476403,0.03125,-1.1515196560519905,-0.2700861724803408,0.0990619463133342,0.2155441033497306,36.1208764290445,35.38100686504281,45.87818673770403,0.9912576629720828,0.1976089658260198,-0.0033136314816099,0.0258272011499792,0.25924208937726,0.4606743017813441,0.0099190026313373,1.0,0.0059691618127082,2019-10-21,49.0,3,0.2423687133243661,0.1960690816657853,False,False,False,0.0,0.0,0.0,-0.0566502101100515,-1.8870584125605432
BX,Falling Wedge,bullish,1,0.6389018412352406,8,59,1020,1021,2020-10-06,2020,3,43.95478673265521,42.457662204175946,48.26095806836818,39.796950044340406,0.8123029529975211,0.035261586501859,True,0.0178340359294257,-0.0176857655294517,0.0098233081779661,0.0069047914828468,0.0139681891626111,-0.0352697990502438,0.0056598276877406,0.0419704116503256,-0.0023794790907505,-0.037285569897294,-0.0520710645358453,0.0198157558299065,0.0285439035876677,0.0281564210351168,0.1072336803937723,-0.0262003147752675,0.1052553706756129,0.0285106423579561,-0.0109233077022699,0.0169776824032934,-0.01529216870961,0.0116275991684573,0.0055827419368261,0.005147968853403,-0.0104087838375879,0.0587034234106518,-0.009913193038864,-0.034546967941626,-0.0731248920601957,-0.0316006258827255,0.0181322458693102,0.0211918783531908,0.0043061360304841,0.0712499707528697,0.1336050938355004,0.0402350111020668,0.0207947036978255,-0.0425924240059185,0.0088286546145499,0.0674050519055569,0.0110147469823118,-0.0573435441953351,0.0364703830861448,0.0298764140187617,-0.0577682307272353,-0.0055982229369631,-0.0443095108990461,-0.0381281489124604,-0.012237716168484,0.0441766324572159,0.01562418927691,0.0502515038282955,-0.0474857997525743,-0.1401099890819562,-0.0318415972204625,0.1224327674970473,-0.021198195245854,-0.0791625477825292,0.0326910348495785,0.0802648982165954,0.2521052674174411,0.0985365171389049,0.1104465909529657,-0.0575493326291277,0.0634323401257823,0.0846862083190924,-0.1711766237497652,0.1111162955984166,-0.0695596331014207,0.1433075925451261,0.0585151671726105,0.0691582744662564,0.0122533169614769,-0.0584140805201327,-0.0709812172624632,0.4161650596133175,-0.0203970720351978,-0.0831853942954322,0.0935542128531836,-0.1026012281413158,0.0712590575993026,0.2006747808414555,0.1278367230600683,0.1191927323286776,0.1373861966595195,0.1643786656352888,0.114488292625327,0.1899764560598882,0.1166075097645853,0.0807633061765318,-0.1853333333022143,0.0736684795907199,0.2028858938074405,0.0924109472344245,-0.2664993878300001,0.2315262588595406,0.0732321391646393,-0.0283045006720511,0.1312453067245838,-0.036495466027121,-0.0233494792046591,-0.0292196764382464,0.2976443768187895,0.2021531935054057,0.1705000260260316,0.1614811457507277,0.1818071203816307,-0.1702282518909061,0.1947559703707411,0.2212314902422634,-0.0094558863209129,0.2481853803298181,0.2434201683245256,0.0262333067380649,0.1118927320647972,target,1054,34,48.26095806836818,0.0979681999574759,0.1039600667856927,0.0917446640092028,1.0356759195990195,1.099019251314025,0.9698834857359602,1.0356759195990195,958,0.5083801437571276,5,0.0811994757077352,0.1606182080993856,0.0239025253051334,0.0,-0.8874356196355392,-0.3790554758784122,0.8003343531949352,0.1397154923009097,42.457662204175946,39.796950044340406,48.26095806836818,1.2277961691664332,0.0131964382389624,0.0224542827438549,0.0281140842924437,0.2013468166809415,0.1690150304235102,0.0060782829658911,1.0,0.0091856722488332,2020-10-06,15.0,3,0.3439224937367788,0.0809947360419922,False,False,False,0.0,1.0,0.5,0.0302263529280641,0.8403822812995371
BX,Falling Wedge,bullish,1,0.6137568338092751,3,47,1351,1352,2022-01-28,2022,0,106.44697173628263,100.58859670518814,127.46572771130616,90.5130753253186,1.2334781276946762,0.0582409460215915,True,0.0629332593100167,0.0460263470311135,0.0242683303700839,-0.0179664995011404,0.0029795317516108,-0.0351403640749106,0.0216560210575604,0.0020949592068659,0.0216627274813119,0.0257401764112839,-0.0069393102758237,-0.0305515002603198,-0.0208997547290454,0.0321918866406536,-0.0174731155722265,-0.0262753636291069,0.0012497944697131,0.062654074971874,0.0320132843055578,-0.1228073361411672,0.0598784539140333,-0.0275076136607537,0.0638918401732139,-0.0068304898170217,-0.005062903560787,0.0514371834809512,0.0998133157456224,0.0131537390118747,0.0144205481252583,-0.0016552339853002,-0.022919979603915,0.0875074657209631,0.0421976058614927,0.0307920499989373,0.030293827133617,-0.0212196121101191,0.0251822326220847,0.056361834366045,-0.1178000480716247,-0.0475462565232646,-0.0477670927006487,0.0787764804255932,0.0092325967864812,0.0296092071479792,0.0490803196602209,-0.0247779989716341,0.0245149934830453,0.0349626116774516,-0.113923805509299,-0.0975448753777843,0.0107022514772872,-0.0618976718543715,-0.0145168737128603,-0.1011253688718687,-0.0762744395524573,-0.0919233982427212,0.0645500336862348,-0.0077819349016388,-0.0491218023964706,-0.0163009136168281,0.2122910509164828,0.171436631303758,-0.02562106346587,-0.0035179561607244,-0.2048376731402086,0.0040361270603479,0.0180210846673687,0.046957086028752,0.0413346690661889,0.0008852729396013,-0.0355718886028184,0.1229510346426563,0.1838126269511111,-0.0397885008365139,-0.0334532179458537,0.2926585661660141,-0.1185204049545679,0.0482445410405316,0.1693003131096899,-0.0108037896844109,0.235491610201769,0.0746389438515475,0.0347179326234039,0.1149244507227424,0.0441176412741892,-0.1794957547954547,0.2294589425462243,0.1972898834251348,0.2105168164138704,-0.0371726878669733,0.0112706086765537,-0.0766227048384818,-0.1377581364577615,-0.0837119658231352,0.0423573966464247,0.1468427737787576,0.0280466155452989,0.1797330747557912,-0.0131539272935869,-0.0115990962319706,-0.0753873953056151,0.0609343257845631,-0.2893428091403554,-0.1125011781117805,-0.1257784378484526,-0.0053269460172035,0.1614811457507277,0.2557653189410407,-0.0809513539409231,-0.0581124545360437,-0.1257784378484526,0.3237944944165534,0.1490346117824859,-0.0799184520927646,-0.1562650999094863,time,1411,60,91.78303527832033,-0.1377581364577615,0.1114786641888445,0.1494121966925209,-0.9202982170683702,0.7447372513318935,0.9981535883113234,1.319122167793222,1304,0.4175470359242307,5,0.1045598574298986,0.2686463944388035,-0.0871170923383659,0.027027027027027,-0.9294082067000092,-0.5118611707757755,0.834421947489289,0.1787308816334674,100.58859670518814,90.5130753253186,127.46572771130616,4.600215226456554,0.0880514166181691,-0.0313041391792604,0.0437376211778408,0.0866629513990981,1.0,0.0148689415667613,1.0,-0.0718454713618933,2022-01-28,38.0,4,0.1014711058195687,0.072492279782276,False,False,False,0.0,1.0,0.3333333333333333,0.0423686600795943,0.3908231169552217
BX,Falling Wedge,bullish,1,0.6119174849136532,3,19,1426,1427,2022-05-17,2022,2,91.4952161122059,87.96720868250122,112.33008242580354,80.57589863690987,1.2456013217774429,0.0401059381392703,True,0.0213933599169329,0.0452098786572311,-0.0144153601048098,-0.0379109790479194,0.0163879317855841,-0.1476142903271459,-0.0204521151202524,0.0219534508272052,0.063645207002067,-0.0577083705655115,-0.0172042738964196,-0.0250441337434019,0.0126829476330045,-0.0509688979320008,-0.0125269543871816,0.008623373467443,-0.0527753888843121,-0.13339744284303,0.0387440397988192,0.034796975730047,-0.0444602095333218,-0.0426905158016702,0.0444101102140732,0.0989209001454025,0.0838279391003959,-0.0681065453303617,-0.0354107221852688,0.0556505737022068,0.0316806320666442,-0.0134940568332204,-0.0276627339988256,-0.0518792454951899,-0.054635217332147,0.0225491935623407,-0.0301799677684624,-0.1407045778293958,0.0179428500784308,-0.0135611011688521,0.0155581750981208,0.0012041172036418,0.0154743127121317,0.0711645724950105,0.0800129993591034,0.0945932559865938,0.1335143181513967,0.0937353585217076,-0.0836803195843208,-0.0234574912344166,0.0054088901963802,-0.1060122406926074,0.0597527889157292,-0.132947972962053,-0.0041065998897253,0.0460804196632904,-0.1581222032160718,0.0315000929024782,0.0427664478004095,0.027017982687068,-0.0412868885252646,0.0603218915401619,-0.0020938773046138,0.0121951600846079,0.1662633122672752,0.1004618177122711,-0.0897779223147335,0.088463220109795,0.0220047539389549,-0.0595001894008392,-0.0870997637599465,-0.1196515852998153,-0.0782478881021306,0.0047579892085731,-0.2792392225650831,0.0677419009474737,-0.1055342446540656,0.1448908297094244,0.1635318108589707,-0.1306755546063498,0.011396036435457,0.123396229804676,0.0788006294524885,0.1091427934328326,0.2894390384106122,-0.0824105081553138,0.1075916920568791,0.0656671750730835,0.1767924277711949,0.0773459051068818,-0.1449740166973286,0.0174227966815339,-0.0242167846790757,-0.1531949314794586,0.042740521331114,-0.020319985108097,0.2877773814033091,0.0988861092696584,-0.0241074874974238,0.1933299853216192,0.2021531935054057,-0.0089707818877741,-0.1998717484275713,-0.226876703605835,0.0584525452133053,0.1488653997988063,-0.242867921468052,0.154474057569409,0.3786670657574704,-0.0517670500400545,-0.0039537937436082,-0.0248624503708551,0.0180031528219974,-0.0013140230165105,-0.1702282518909061,0.3193766722019595,-0.0025177462146034,stop,1447,21,80.57589863690987,-0.1193430426122501,0.1660355150575573,0.1727563221725108,-1.0,1.391245869246125,1.4475608999998628,1.9080740495671689,1405,0.5480813219601276,5,0.0272529206033836,-0.088400365965127,0.2408918224844536,0.0,-1.3161105571971436,-0.7680292352370092,0.7285179828141305,0.183034158725375,87.96720868250122,80.57589863690987,112.33008242580354,5.168870897519534,-0.1107639655440237,-0.0474529038600368,0.0553973591286081,-0.2279300376283792,0.6395350212617452,0.0319961291600527,0.0,-0.0825094641007874,2022-05-17,38.0,4,-0.2429012430219118,-0.125865356501417,True,False,False,1.0,1.0,0.3333333333333333,0.0140998800323783,0.0211214576482609
BX,Falling Wedge,bullish,1,0.6077285087139511,13,126,1549,1550,2022-11-10,2022,0,91.9149046280997,84.41466104292488,109.69640258007333,67.29305035148886,2.208148125300588,0.0888500112718684,True,-0.1280347102616638,-0.1246219657994327,0.0391197564107566,0.034285581463904,-0.0080390348095922,0.1016546465897938,0.0629332593100167,-0.0101370837823896,0.0092057205435125,0.0285886748262147,0.0165885641806362,-0.08413020099466,0.0285529813269445,0.0393286538708013,-0.0291942076387183,-0.0236267367525694,0.012111876068938,-0.009375003103494,0.0241158822409328,-0.0341634151397621,-0.0607327165600175,0.0297944552082474,-0.1363787929246385,-0.1329480238566193,-0.1499858968904613,0.056420814572929,0.0430943072770817,0.0196945956134864,0.0165137183386356,-0.0316971449552656,-0.1476217582679612,0.0043672558625174,0.0379982840450023,0.1251938416765257,0.1444604406407901,-0.0056490934987164,0.0998135981114736,0.0211509147774311,-0.1315198200711516,0.1113779307920384,0.0920053971446406,0.0525933247352146,0.0177538354141792,0.0223905509506088,0.0420241617715404,-0.1624662816031693,-0.2439306582098571,-0.2380911956446939,-0.0213238507833075,0.1529486754841487,-0.0102808014862737,-0.0371109912702685,0.0275262747878612,0.0450877136150384,-0.0005966117523076,0.103749802602225,-0.0944296085310062,0.0767792923864394,0.0376939826655635,-0.2396128389056279,0.156453693035359,0.0497575792763771,-0.0171166309424155,-0.203841036468669,0.0506687027532988,0.0302194239892652,0.0614553660125365,-0.0371107030544416,-0.2504765298805469,-0.2241812840668375,-0.2160504569016946,-0.0446301257012194,-0.0369721133182681,0.1882651377457873,0.2174325306299911,0.0009858043524297,0.1048510223355736,-0.2817707815454595,0.012268292029163,-0.0128978746780598,-0.0503147090719998,0.1071709207567481,-0.1146415117272106,-0.0293150928588677,-0.070130040257362,0.1195195869693657,0.2013974396837794,-0.1745759182778993,-0.3261301743540481,-0.0470045694478347,0.1179683027666524,-0.2182550903684006,-0.0800705334011523,-0.122907108297721,-0.0374030408580696,0.0932442269455817,-0.1346181320478888,-0.0322583873699845,0.1476232856098707,-0.0867378317438128,-0.158533589362782,0.1966368377986325,0.0680236788460078,-0.0665317932077176,0.3070455647824326,0.0008149388809439,-0.1870710766172599,0.3354880037762104,0.0940505156710125,-0.1133513213014839,0.1219019069615756,-0.0897429278697355,0.2873656534443312,0.0480804120773807,-0.1197718796219145,stop,1574,25,67.29305035148886,-0.2678766232335685,0.059633859634139,0.2894028092540187,-1.0,0.222616885767381,1.080358583591973,0.722183542807532,1423,0.3548082969541961,5,0.0476559350526507,-0.240636951511752,-0.2352160485212512,0.0,-0.7183082977877671,-0.3635000008335716,1.3710545905820428,0.3438647996213706,84.41466104292488,67.29305035148886,109.69640258007333,4.063710716176305,0.0044978923673337,0.1549172471610205,0.0443312543427624,0.0645573463810673,0.9921868247911594,0.065673897861197,0.0,0.0784765070730924,2022-11-10,38.0,4,0.2188564444288354,0.1101487989600769,False,False,False,0.0,0.0,0.0,-0.0969009551983787,-1.581903961792808
BX,Falling Wedge,bullish,1,0.6427056774815473,3,32,1582,1583,2022-12-29,2022,0,65.15508075566859,64.76866355860079,96.13814733936351,59.99409391044878,0.415012026755412,0.0059661134850834,True,0.0766516086876698,0.0571054807014919,-0.0244127926516924,-0.1099645531272439,-0.05054881826222,-0.0230712859082897,0.0559373549595354,0.0198499563867897,-0.0135048408615749,0.0375309989878507,-0.0223325816558416,-0.0379493719960084,0.0954912587553036,0.0127388338057083,0.0005999493903705,0.0507295199021429,0.0266816124852793,-0.0112833228248648,0.0065127679463838,-0.0497454442069388,-0.0052923439633765,-0.0344084190745683,0.0804736847833326,0.1557488530090225,0.1088278499333827,0.0290627049515952,0.038809371727956,0.0241666776649567,-0.1009857229433349,-0.007803285381859,-0.0225397473499547,0.1089136793489726,-0.0276529261442791,0.0408102296851256,-0.061713478373524,-0.0034471096247877,-0.024509811862756,0.0363011644767201,-0.0364822608393231,-0.0223971904313848,0.079484653994275,-0.0746494731725351,0.0257979639689549,0.0298062939016807,0.0554456548568684,0.1514279835863541,0.2897528455346589,0.2373409530348,0.030104713225951,-0.0759468317060929,0.0845651170842582,0.0699397336832372,-0.2280241213600903,-0.096680098800471,0.0128778389320196,0.1534327686602159,0.074345771851144,0.0614677962785668,-0.0402415572388958,0.1235948885255207,-0.0727707875934271,0.0399384109582567,-0.1436122953543401,0.1255462223433832,-0.0371107030544416,0.2102829910926884,0.0883882958104047,0.0985535068944725,0.265820262523041,0.2453607260283683,0.2043243639686793,0.0952883413183249,0.0660110003124534,0.1760336736254451,0.1171287421341544,0.4343974399169057,0.0595619302677334,0.1748041197818639,0.2385551096709053,0.0483277349476041,-0.231499816183716,-0.0076937258794995,-0.06046266679032,0.0567984073437657,0.0162772624093878,0.0787134945838894,-0.0561856156123058,0.1690658759388801,0.233061194799333,0.2505674246771876,-0.0989535352835666,0.157370906429447,0.1474324661345991,0.1041637270778357,0.0668956366989017,0.1401993381059041,0.0291347742795291,-0.2563968371909298,0.0784119128689491,0.307977671675061,0.1759774961375413,0.1527584393527254,0.096043895082579,-0.226876703605835,0.1040201894499566,0.0355572501709846,0.1153143412790713,0.2976443768187895,-0.0753304633181232,0.122436529792165,0.4057962147820628,0.1396748491103434,-0.0422883912013568,0.2146961668433327,0.0533501317780165,time,1642,60,74.76105499267578,0.1474324661345991,0.3867899322036642,0.0069312601731305,1.861266948569032,4.883044662582545,0.0875039657845974,6.003322138360407,1550,0.6502667500557038,7,0.1966939630048481,0.2698316055804837,0.1752101714016058,0.0,-1.681840039841579,-1.0315732897858714,0.3936588329671835,0.1754983405159012,64.76866355860079,59.99409391044878,96.13814733936351,2.892423167988292,-0.2305863200027711,-0.1322682398136071,0.0436980468293845,-0.1622929051674061,0.981817803501886,0.0067904323249561,0.0,-0.0551395509824588,2022-12-29,38.0,4,0.0934368644043333,-0.0497433760819225,False,False,True,0.0,2.0,0.6666666666666666,-0.0839806225765986,-0.9843532184125436
BX,Falling Wedge,bullish,1,0.7762670357720011,3,58,2310,2311,2025-11-24,2025,1,137.48155579148693,134.0739087283664,194.07113929312072,130.97523207610402,1.0034831145570418,0.0254161834725383,True,0.034837854030687,0.0155445059135781,0.0107387117960142,0.0446187912447164,0.0124239873855329,0.1301859005720123,-0.0192937804224371,-0.076538492345789,-0.0222220119508154,0.0012410255294987,0.0503830105822062,-0.042343472634005,0.1029805123683929,-0.0070362467473051,0.0036842949039157,0.0337077971968071,0.0474860944770907,0.006964403396479,-0.0002668598997797,-0.0492747116480657,-0.0489489974013225,0.0126423123669532,0.025281240592182,0.1002820907974517,0.0787305366841513,-0.0052394210619206,0.0711645724950105,0.0211981220715444,-0.0121425005801102,-0.1041383308049108,-0.0005881851786552,-0.0273818770006114,-0.0237553933978554,0.0517920476547706,0.0530069199028682,-0.0335927823142219,-0.277176136260262,-0.0143355915686738,0.0251882832382435,0.1444604406407901,-0.0108865477166554,0.063909352455721,0.0529490943891317,0.0787673092736327,0.1014902218399553,0.0925476108935622,0.094217157043102,0.062266902565027,0.1455582668673374,0.0127146800198922,-0.0831163518254123,0.02995747669924,-0.0284149524490028,0.10975154803774,-0.0827931514972718,0.1376497323979622,0.0460912966557398,0.0492485901617123,0.0021812261398914,0.1604224916437471,-0.1190902890902058,0.0351002142239007,-0.1358771525103626,0.1606616732802246,0.0802648982165954,-0.0548673268906806,0.0536115177035698,-0.1125230585202876,0.0738905905798855,0.0612129074198337,0.0273576971845475,0.0798062833913266,-0.0251425105540253,-0.114940990821313,0.1324648534299641,-0.0584140805201327,0.2524236631982741,0.2060524255254447,0.24721350041194,-0.1094332605519408,0.0719554219562617,0.1152492636334769,0.2434217172304984,-0.1313556198930274,0.0408674247540015,0.0490352909451652,0.1544170192049521,0.3338306778252629,-0.1317579809911691,0.0069121808187246,-0.235697309906002,0.0048675089654496,-0.1887758483863574,-0.2123710628191787,0.0464082565007453,0.1095432473824693,0.2389728034621345,0.1217996660292239,0.0353658718026488,-0.160574406279953,0.0546536038932661,-0.2726925109755792,-0.093341056935341,0.0817932955639042,0.2124027024166388,0.3526949667497854,0.2081723521166396,-0.1797177218994106,0.4429923514837122,-0.0969922105290345,0.0008151651008811,0.2436742651043104,0.0742956820692792,-0.0904155405563518,-0.2552683875113559,stop,2357,47,130.97523207610402,-0.047325066100145,0.1645980003730083,0.0838504329299786,-1.0,3.4780300153136743,1.7717974815405813,8.697628027305038,2251,0.8787947865160675,7,0.0608754851838112,0.2064578326647332,0.3369855238243491,0.0,-1.6791384527885087,-0.8003436662724457,0.0986833970727714,0.2117269777990103,134.0739087283664,130.97523207610402,194.07113929312072,4.075552651407469,-0.0674526568644164,-0.1011822484728893,0.0297240146962945,0.03045773818104,0.1309528855411153,-0.001682223408656,1.0,-0.024093731302856,2025-11-24,62.0,4,-0.0173822218681959,-0.0593189709864053,False,False,False,0.0,0.0,0.0,-0.0706780341784688,-1.2297302947224558
BX,Falling Wedge,bullish,1,0.7204118503208256,3,39,2379,2380,2026-03-06,2026,1,106.17312149174552,111.55026353902304,171.11478457794965,100.63438345481109,0.8985445939668677,-0.0482037592443379,True,-0.0135796916328782,-0.0074271726178921,-0.0853642272091702,0.0098233081779661,0.0014742088770889,-0.0376241320818644,-0.0084325035043599,0.009189268775902,-0.0084729048734994,0.006039743800994,-0.0776081832108792,-0.0234505333395157,-0.0139997485082955,0.0107387117960142,-0.0234213606019642,0.0078703445876864,-0.0051915655074608,-0.0120839285328789,0.029259890990132,-0.0349150247260872,-0.0349150247260872,-0.0224104713447356,0.0020950149251725,0.0201385532786164,0.0442215977387904,-0.0080742301909241,0.1164682334201812,0.0395818121387694,0.0054766668274337,0.0029587180435051,0.0143433630430707,-0.0350983155160486,-0.0835337255837236,-0.0023647893467578,0.0880942767810948,-0.0362984548730158,-0.0737319957436953,0.0906531985172494,-0.0395539144916859,0.0787673092736327,0.0543645071781837,0.0972769777445983,0.0294284355193701,-0.0042043469346075,0.0957719681762996,-0.00137773142053,0.0368590615366837,0.0453532031456654,0.0641445408438519,0.0957209341290272,0.059831563061222,0.1376091876563758,0.1615215594766028,0.0462137120579984,-0.0716364530884271,0.1282499111551254,0.0234485711457799,0.1076235075287002,0.1128204858898629,-0.0075208508847324,0.1954771967015609,0.0498982139237405,-0.0028333190788212,0.0135483126284061,0.0985535068944725,0.1565192815594573,-0.1969244180950212,0.0303368271854365,-0.0232710519978472,0.1476261770951614,0.0672214377938991,0.1104120535776405,0.1412204331171689,-0.028801398465091,0.0160370800356401,-0.0053847179841676,0.0674885260051068,-0.3300461031110381,-0.1017706731679257,-0.2241812840668375,0.0129626865265439,-0.0944278724276398,0.0838461726221151,-0.0272180891586208,0.1409870110498181,0.0694970843289028,0.0963355909378436,-0.0727539582056419,0.083482229229427,-0.0067465162954112,0.076207405314715,0.147268894102034,0.0713602000115407,-0.0715808067256891,-0.0094558863209129,0.1303776651697474,0.1954622610512073,0.0819306636186385,-0.0536908872281871,0.3036304479023608,0.3506333525696765,0.1172576017582203,-0.0723317795435668,0.0533239124094937,0.1760422530337706,0.054243271040264,0.1658166445752447,-0.0889998642591776,0.0696892130745494,0.1947009369827956,0.2011702063518523,-0.0694051441604567,0.0958960852136068,0.057837677130359,-0.0263462315069335,stop,2383,4,100.63438345481109,-0.0521670452852329,0.0377828631186223,0.0602309681487484,-1.0,0.7242668798287805,1.1545788690815133,11.724992706488043,2339,0.5799172384664237,7,0.0334366107572309,0.0639373293705398,1.1905838639612163,0.0263157894736842,-2.0124293685417274,-1.432512130075294,0.6359540392811771,0.1885701716049476,111.55026353902304,100.63438345481109,171.11478457794965,6.032706189240708,-0.2679254258247696,-0.2056726983933081,0.055712989873411,-0.3368197747768796,0.4090914608031339,-0.0303765429834157,1.0,-0.0077330085069522,2026-03-06,40.0,4,-0.3084384338346635,-0.2602544216524391,True,False,True,1.0,2.0,0.6666666666666666,-0.0393461316649002,-0.7235855452579438
BKNG,Falling Wedge,bullish,1,0.6042518442996833,5,57,587,588,2019-01-17,2019,0,68.26240258268096,67.10070536933392,82.38096467343519,62.5250994634567,0.7765495713155588,0.0173127421977585,True,0.0315851369887125,0.0285659552283568,0.0497335615976386,-0.0186414321644051,-0.0449922827868658,0.0203779729885118,0.0218926725283026,0.0142377433545062,-0.0095567640214987,-0.033981432931382,0.0637540389896613,-0.0641559555881465,0.0203779729885118,0.0058231786956648,0.0412119389863951,0.0290555953687785,-0.0021853906813557,0.0136918192116068,0.02639835476151,0.0424837430769229,-0.0385840617375627,-0.008257838243702,0.0251509652690579,0.0514820004340277,0.0323108070475366,0.0749377062557858,0.0275295936122708,-0.039484978251126,0.0655775319111813,0.0328543793942366,0.0618678684495297,-0.001573669671364,0.0098005421679028,0.0289502213898009,0.0161397944396568,0.0011483523561768,-0.0730736262668846,-0.055517476891204,-0.0005174469093748,-0.0692879703786671,-0.1400053429563964,0.022087546371533,0.0081531855971297,0.041964250977863,0.0098005421679028,0.05041445024573,0.1067817638694448,0.0600235639129653,0.1064901689511901,0.0384913700216693,0.0472730327755148,-0.1200580428544751,0.0955850666575277,0.1820005762073082,0.031552157846312,0.0914625725677669,0.1040962443066382,-0.0154162767123011,-0.0534369267117167,-0.0834780658934856,-0.0421503698232487,0.0153280271735998,0.0002943540419768,-0.0113185953170167,0.0613143923459107,0.0307548512485074,0.1372744597581767,0.0805333229419094,0.0719521478928566,0.005329141074851,-0.0648404059152838,0.0394932324200631,0.0088000436385191,-0.1112535733853882,-0.0648248882381685,0.1007335952978638,-0.0112446966957534,0.1526747536154442,0.1714778833101071,-0.2901135062310938,0.0190530710299545,-0.1029023732384791,0.0024591881065498,-0.2004228154299966,-0.1670051869257269,-0.1098166159486991,0.0389644340886774,-0.0089207762463721,0.0033827221082414,-0.01011788471729,0.2250861511576998,0.0210540031890434,0.0567881883363199,-0.0423406186884096,0.0299739980033912,0.0599352346690837,0.2327834753729689,0.0007886176930562,0.103659442966306,0.0102379509035666,0.1886115438811666,0.1009207858409935,-0.0422827395855679,0.0789331238914354,0.0167481476704158,-0.1108815744373971,0.0431119178125216,-0.0451848028112062,0.2446960931013579,0.1112084741866892,0.022255616223163,-0.0868541737737538,-0.0298390439027831,0.3141628299923853,-0.0053610575485697,time,647,60,72.13890075683594,0.0567881883363199,0.1174741885821026,0.032958945052469,0.6756655685779963,1.3977072829210266,0.3921453562970026,2.460836005587096,530,0.599367106412446,7,0.1042701208443508,-0.054296549839599,-0.0178439037541283,0.0192307692307692,-0.9863887416905536,-0.3870216352781077,0.4928027122822513,0.2022873067306843,67.10070536933392,62.5250994634567,82.38096467343519,1.7709839146606856,-0.1167776941494169,-0.0367591175265488,0.0262824100960082,-0.1479312649584655,0.7816513134176206,0.000690186267473,0.0,0.0369124002584109,2019-01-17,37.0,20,-0.0399121783888359,-0.0038682759567828,False,True,False,0.4210526315789473,4.0,0.2105263157894736,-0.0471693111453045,-0.5475626203396725
BKNG,Falling Wedge,bullish,1,0.6156714628914807,3,43,811,812,2019-12-06,2019,2,75.33707815971059,73.71824893539844,86.19350529944344,71.5572092353953,0.9689926913794878,0.0219596809160615,True,0.0236089490221502,0.0144497494487898,0.0573816062704946,-0.0343876974264737,0.0286391735536928,0.0027650901327758,-0.0150484841128633,-0.0093683192931288,-0.0977062808815709,-0.0112995553918047,-0.0081490016432431,-0.0119799670113528,0.0296686407923543,-0.036575685151199,0.0428875708421607,-0.0266118098113665,0.0141988806188508,0.0483320513733767,0.0168262477279648,0.0157569302026396,0.0077328221815957,0.0047206597201217,0.022719805387499,0.0493651797828962,0.0243464962878321,0.0027070809179507,-0.0001880825745554,-0.0264592127861448,0.0592575344537267,-0.0730736262668846,0.0293762137065922,-0.0546153934361764,0.0774274800820267,-0.0942170948274461,-0.0159565604770058,0.0043364695835657,-0.0189010149020494,0.0332751602906529,-0.0522809087522863,0.0118204056617694,0.0703925548569692,0.0162352324751247,-0.0677001483248623,-0.0494258530969757,0.0182859858393085,0.0558503686617312,0.0725954300776952,0.0411849964306241,0.0555326288709865,0.0308414913640551,0.1103572235321201,0.094997296383045,0.0565144244854274,0.0001632595299707,0.0211431625193594,0.0746090828022087,0.0399481950843887,0.0347961601902018,0.0894598173461127,-0.1790056641140606,0.0350195635897561,-0.0037366460044296,0.1226050315111251,-0.0499248626354642,0.0946245462438304,0.0185022308378688,0.1053740542832812,-0.032296132992504,0.0366191869363312,0.0058140683127387,-0.0579708040154312,-0.0927878579039668,0.078217773197043,0.0096454466309685,-0.0900820602924211,0.1627403896514017,0.0004741497463625,0.0973767144895603,0.0462316361003554,-0.1495278840289451,0.0346724365816728,0.0309518976023592,-0.0325628255372792,0.0846999708026923,0.0611560575789813,0.0379386062810098,-0.1072565767259525,0.305218703851815,0.0405457618683613,0.0488694976116241,-0.023812806142846,-0.021321383255401,-0.1455540680184937,-0.1121839528427144,-0.0165981923460867,0.0001024770808033,0.3944748182273867,0.0566458085815066,0.1152362869290928,0.0317098506951258,0.0809977867547211,-0.1147606900038434,0.1356804402885367,0.1312722127904806,-0.0484954395370444,0.1945053383766908,0.3159546390703203,0.0386980975166482,0.0259573944788158,0.0167767487034664,0.0153049085661409,0.1802666149183291,0.035906553861994,-0.0201601315528228,-0.2240278441885068,stop,848,37,71.5572092353953,-0.0501727571157214,0.0860544196483086,0.0558275736768389,-1.0,1.7151622632542916,1.1127069127988107,2.872170267570717,766,0.7928290086113763,5,0.0862273609638218,0.0966397168633135,0.9846830080072032,0.0,-1.061706079596244,-0.2688770709848688,0.2319733201453626,0.1497494075514708,73.71824893539844,71.5572092353953,86.19350529944344,1.057722242702201,0.030269418067059,-0.0106044404640245,0.0140239345189328,0.0837395064707242,0.6403569477326378,0.010004217370483,1.0,0.0217083416622188,2019-12-06,37.0,20,0.1028143791810094,0.0751619149864337,False,False,False,0.1578947368421052,0.0,0.0,-0.0054646366806168,0.1542217644973719
BKNG,Falling Wedge,bullish,1,0.8599301219540731,8,105,1247,1248,2021-08-31,2021,5,90.09830299664326,85.16452109357635,101.21825662503824,79.9122448386165,1.4402331447910628,0.0579323624405261,True,0.0043757840179179,0.0080217222571447,-0.0037719272107414,0.0178061074390161,-0.0178087455762846,0.0262200934694261,-0.0512547787575921,-0.0264358488310531,-0.0031175834121356,0.0092376161356058,0.0264329324414749,-0.0046886205344817,0.0089154214063023,0.0567083758997242,-0.0364744571991909,0.0126136503216474,0.0459655118581407,-0.0024367180678482,0.0168262477279648,-0.0062868535606491,0.0415609627819659,-0.0427512732351077,0.0010127783631087,0.030405211169757,0.0407461261101217,-0.0825829668351929,0.0475329297779336,0.0197139272530091,-0.0656417765666929,-0.0334973070042217,0.0005209335415254,-0.0562648438905606,0.0455935211566354,0.0385640515511205,0.0197592913562545,0.0595639429695276,0.0371091614246703,0.0128916201586657,0.0047287892767184,-0.036608057247498,0.0497277698234426,0.0922203779061656,0.1286033377944158,0.0273046139954373,-0.0287231127200234,0.0163794009836903,0.0312074558445738,0.0681488415646208,0.0814108266110402,0.0621480209728717,-0.0578720845951962,-0.039900152058512,0.2204677225918418,0.0882711653348826,0.0048284594436367,0.0566137974630733,0.1067992921462082,0.0192345005040723,-0.0255947919357144,-0.0140066709417217,-0.0225758241956838,0.0782552040869917,-0.0272580775879349,-0.0091499510543131,0.0450814048525498,-0.012766358326247,-0.2132825721020035,0.0489795121193354,0.0117232846781149,0.0530084591166406,0.0467457337147436,0.2500891717009892,0.0602157005689134,-0.056628351771473,0.1472806650074094,-0.0108339802028089,-0.12804722822749,0.0159986962824105,-0.1112535733853882,-0.1258503231125167,-0.0736354945801326,0.1030114839636442,0.0897157793470282,0.2453099167564962,-0.0865481697620194,0.2519998066644027,-0.0718939896494413,0.0709666571013694,-0.2537331351332076,-0.1268671323718675,0.0099902948086241,0.0430441194163935,0.0074855194451886,-0.0331364269601175,-0.0480868629195364,-0.1750045691907394,0.0597575170266462,-0.1967959850304796,-0.0092949812522556,-0.0490971674109154,0.1413280892845065,0.0781050606547373,-0.0288188574999698,-0.0451848028112062,-0.0866157303391774,-0.0359548617775041,0.086492749569649,0.0197258993927351,0.1053014300715555,0.0648633578123856,0.0938411966334991,0.0855136119375101,-0.0027145645626238,0.0814278993646218,0.0005460979975166,target,1294,47,101.21825662503824,0.1234202338839753,0.141300907483564,0.0133094389086614,1.091683697057267,1.2498428517338305,0.1177254086815653,1.091683697057267,1137,0.6494698762803527,7,0.0743732641440318,0.3364530696217673,-0.1938622042722372,0.0,-0.98407614014651,-0.3346062638661561,0.4957253706548185,0.1787546257256163,85.16452109357635,79.9122448386165,101.21825662503824,2.1054847914222523,0.0324449410141129,0.0493939455521228,0.0234316481731563,0.010844182751545,0.4862234112434175,0.0036484933745839,1.0,0.0235974565548322,2021-08-31,6.0,8,-0.0812275903741273,-0.0147290581679423,True,True,False,0.4285714285714285,1.0,0.1428571428571428,0.0472260382525061,1.3436411191088842
BKNG,Falling Wedge,bullish,1,0.6316866581605418,3,29,1462,1463,2022-07-11,2022,2,67.69114928870339,69.48061952259195,102.67207169610106,65.43440956055883,0.7156908865415045,-0.0257549550678187,True,0.0036887006458756,0.0081198245419603,0.0196729444372061,0.0605696608946131,-0.0580465412769966,-0.0221275447825156,-0.016954542552673,0.0741246454619728,0.0120012208919817,0.0168260136324123,-0.0191181974896844,-0.0070611260028187,-0.0079822107514323,0.0313086527476949,-0.036575685151199,0.0233220693742923,-0.0136188097498148,0.0054470680368039,0.0091156840098947,0.0044325468184134,-0.067855307539568,0.0745272974472508,-0.000411691276916,0.0590337265107021,0.0279639577574608,-0.0918463899333579,0.1053433520731081,0.0849081026665576,-0.0241886255629708,0.0224297524826728,0.0077478527897796,-0.089435860581349,0.0966124588654917,-0.027687633139155,0.0558841617638219,0.0036806928489336,-0.0094820983212096,-0.0498649400695643,-0.0600515730541825,0.1117979584046489,-0.0342693340566877,0.0705455059817268,0.0525926912409826,-0.0249304192090366,0.0613179157299303,0.0459785479646951,0.1289541537648411,0.0524783292728137,-0.0211486739466781,-0.0906928095073894,-0.0425443745194161,-0.0532719365842775,-0.0188516301957872,-0.0969500863297213,-0.0506822403355626,0.2537652549409928,-0.0080861968505195,0.0654130984191123,0.1226050315111251,0.0408781362720795,-0.0004369050802767,-0.0225758241956838,-0.1147159229234301,0.1433743824200501,0.0927758282489061,0.1214787456966193,0.0157693412116799,-0.0407990191164289,0.1141889438080714,0.0475928721565366,0.0290604517450672,-7.677781595072375e-05,0.0654367278741481,0.0146625022536359,-0.0552497298592959,-0.0782624740697685,0.0432611299140552,0.028448581921864,-0.1494889721771388,-0.0276942801295982,-0.2245225504566979,-0.0353280685772487,0.0129321034989964,0.067717984811471,0.0381168292481697,0.0958933511064226,0.0797369444806628,0.1897682305734747,0.0498153886921641,-0.0959921349363662,0.1228364462580715,0.040492310525983,0.0153775145655843,0.0261354662455831,0.1821041061541253,0.0945973214357875,0.0705394585317991,-0.0215537607777309,0.4134483265824138,-0.164072521140733,0.0674300039919222,-0.0938739521076712,0.0869929319233375,0.1060699558148512,0.1198030352183088,0.3656072975815314,0.0084774700038374,0.0527730938699759,0.0241906754816587,0.2406889241182601,0.1058469978690166,-0.0716729315493581,0.0211343112367152,-0.1497866982897238,-0.0575596877318318,stop,1465,3,65.43440956055883,-0.0333387710484798,0.0172766773113695,0.0364002866171463,-1.0,0.5182157820468694,1.0918304866191553,15.500645453766309,1431,0.800282323230772,6,0.0204780870208795,-0.0929379280053778,0.3379606767261087,0.0,-1.3554380357378517,-0.5551557125070843,0.206470783312421,0.2951591996500962,69.48061952259195,65.43440956055883,102.67207169610106,2.925999447418689,-0.2403063049991881,-0.1593294515777784,0.0434224906506493,-0.290299757621301,0.2609473038637552,-0.0179824711893871,0.0,-0.0387364640769171,2022-07-11,21.0,9,-0.273654042970861,-0.2355848417498789,True,False,False,1.0,1.0,0.125,-0.1076778841033907,-1.7916957639649589
BKNG,Falling Wedge,bullish,1,0.6619423252059594,5,62,2160,2161,2025-04-22,2025,0,186.4371703401372,181.07227964041567,221.04244562966164,159.12410773578495,0.7649353381998284,0.0296284484316176,True,0.0401285565756188,0.0144266329338549,-0.0470623439894728,0.0266058939001541,-0.0125429669164743,-0.030985808285629,-0.0634917694179689,-0.0365421240015998,0.0389566211314862,-0.0187496543702012,0.0152168773015188,-0.0195232083264439,0.0215896264402937,0.0282332911545453,-0.028998169280222,-0.0081035402816218,0.0253284887024993,-0.0233435464538344,-0.0085448925029866,0.0094163652170662,-0.0205241702689993,0.0207969185427876,0.046741962160874,0.0937618371188937,0.0597703277373828,-0.0299678556650435,0.0644815377748817,-0.0863634504797288,0.0288065480406183,0.0170409391370434,0.0161765803100228,0.0280605676706062,-0.0018990939841084,-0.0182017095047237,-0.0417536960049941,-0.0051216373133216,0.1188836590272313,-0.2065782388515177,0.0061309379403697,0.1791165607799638,0.0352612474278779,0.0159276948096673,0.0304354173147778,0.0314962462503738,-0.0067127841995774,0.0850008635948727,0.1251845835016769,0.0281878246576019,-0.0258281697749013,0.028903398064638,0.0781999669089918,-0.0436166155715183,0.0571027348900681,0.161098382047659,0.0443964811931927,-0.0162122833918786,0.1011796039421555,-0.0200338940173836,0.039084032864241,0.0213822698637999,0.1037859435602046,-0.0558714487682547,0.0092382623520153,0.0731197626969555,0.0231213767812903,-0.0094658153464277,-0.0729814946719773,0.0002943540419768,0.1003397411184345,0.1219441286382536,0.0164540403505453,0.1093351952143248,0.0192068870460426,0.1506558344566522,0.0329136631802959,0.0939703659065014,-0.0168492660197097,0.2102517780255546,-0.1065798049533421,0.2364054343477841,0.0259411859563063,0.0054579403437415,0.0823348606563596,0.1106561963103427,-0.1772232048674047,-0.0759774334354197,-0.0868382916576107,-0.0538926387343557,0.0626706988653007,0.0766265121826756,-0.0763820099164832,0.0908099334928758,0.2103709062917149,0.0456774100221712,-0.0326388311657898,-0.0511892836037682,-0.0960594152354129,0.0001024770808033,-0.0742282504323424,-0.2484115080059885,0.3774942034041364,0.0975176636779124,0.1748961764954033,0.2805382557200759,0.1510543466418235,-0.0051134581254884,-0.0533300544101532,0.0559910792636888,-0.2639763200645314,-0.0350029664498053,-0.1973655222145944,0.1784447988364301,0.023197779051814,0.0698958142179728,0.1927800570576056,target,2191,31,221.04244562966164,0.1856136049822594,0.194894740715341,0.0116168991035217,1.2669862692003726,1.330338691764026,0.0792961898253898,1.2669862692003726,2098,0.4120519931014703,6,0.0537510944923483,0.0642371385530029,0.0899859415120425,0.0,-0.9238573050131296,-0.5118053119116578,1.2311622176361594,0.2184384651228261,181.07227964041567,159.12410773578495,221.04244562966164,8.906587087280561,0.0297738772705133,-0.0205294990125283,0.0490375329724786,0.0559091613514908,0.9311975318583448,0.0061678049524083,0.0,-0.0815740330348645,2025-04-22,45.0,6,-0.0973436687984353,-0.0843973910319916,True,False,False,0.8,1.0,0.2,0.0601956558146871,0.6119673227318595
BKNG,Falling Wedge,bullish,1,0.6056776867337208,3,23,2268,2269,2025-09-25,2025,0,221.11376758709312,218.86246509011755,228.8547215206444,211.82883167350963,1.2271658075171412,0.0102863800608687,True,-0.0275882481449626,-0.0423111673416495,0.0339158426889614,-0.0540021301583879,0.0090966541225354,-0.0378369693892356,-0.0414380608452871,0.0055451276040534,0.0081875205191603,0.0774018139910632,0.0792325703536109,0.0313086527476949,-0.0520874805043816,0.0117850682086173,-0.0087411167732637,0.0722277643959714,0.0828274832268745,0.016866672179415,0.0722277643959714,0.0184713939582004,0.024769949895717,0.0011939167518533,-0.0451358700134198,-0.0692879703786671,-0.0869525803700214,0.0636378401718698,0.0605203205427571,0.004617442659778,-0.0157792933666114,0.0616460760069854,0.0646775319885855,0.0563400271360474,0.1284057311785966,0.0338055098942693,-0.1776365167282566,0.1182620009588049,0.1148097627442645,-0.0004319183530223,-0.0617896909736087,0.1288165678180983,0.0444365572004867,0.0118204056617694,-0.0221551269450943,-0.1186203790041777,-0.0164091999543064,-0.0932366528105289,-0.0869380673669616,-0.1055124786350171,0.0219367945930084,0.0743374280174695,-0.0185673249686203,0.0450029892213736,-0.1147159229234301,-0.0630439480098994,0.013804644025515,0.1363159168296253,-0.0926865029159804,0.0056758094360982,-0.0346966578669304,-0.0924057464204667,0.1251758305067785,0.0264974371887369,0.0976324448016556,-0.0076687564074684,0.1439082650861787,0.0191314498562913,0.1574240395850494,0.0558945285596628,-0.111885703276694,-0.1784275479225596,-0.1678439946842334,0.145823941443512,-0.089073995982272,0.0530207121041383,0.118731641125803,-0.0437929166554745,0.1139861425111827,0.0583095859521223,-0.0440911542103449,-0.0542913018133367,0.1077920523763298,0.1089260367849931,-0.021198642039317,0.0305155124390579,-0.1471383643824027,-0.0481233231120403,0.0464148962476429,0.0141438211206734,0.2397478439954772,0.1560134178521162,-0.0082829668660346,-0.2152991948671509,-0.0312613779292026,-0.0662738920387934,-0.0463831583753593,-0.0665065514211024,0.0742584651844018,-0.0350566917880111,-0.0421039386113578,-0.0247555391293394,-0.0008386792459056,0.1011206410686011,0.3631867419386745,0.2225348375849247,0.018953911487832,0.1020618548219096,-0.0024464035291832,0.1589428321129011,0.1253821117454536,-0.1464985527708214,-0.0929239308731328,0.007987817130348,0.0365319033608517,0.0156041813431724,-0.0697139705309455,stop,2272,4,211.82883167350963,-0.0419916679766505,0.0014645532568922,0.0588783158798684,-1.0,0.0348772346387045,1.402142823014501,0.8337110784175196,2245,0.3634642991509555,6,0.0938662334812248,0.0157306371026129,0.1885660522428829,0.0,-0.7189868813523524,-0.3555225822014031,1.3924363945031235,0.0533860124547816,218.86246509011755,211.82883167350963,228.8547215206444,4.761949990938559,0.0839167662865527,0.0043612939953365,0.0215467018575553,0.174387796098387,0.9496074895400012,-0.0004723412985203,1.0,0.0204821705538806,2025-09-25,45.0,6,0.1270796424130018,0.0581978352563603,False,False,False,0.0,0.0,0.0,0.0147289370599812,-0.0667713228554734
BKNG,Falling Wedge,bullish,1,0.6138452791003812,3,13,2287,2288,2025-10-22,2025,2,208.41206918662635,202.6986656731933,229.0312974483813,193.44287401078373,1.2457309454394003,0.028186685365974,True,-0.0346405239237501,-0.0634826935017929,-0.0405041924581399,-0.046874961467366,0.0090966541225354,0.1384308267196321,-0.0455472783544045,0.0412632890654849,-0.0321716417639443,-0.037483853990475,0.0479211806997974,-0.0912297928080524,0.008994057546801,-0.0193212059716756,0.0290618043300161,0.0398645155176957,-0.0070749588083315,0.0424837430769229,0.0160405031346317,0.0607675401564109,-0.0405832765821608,0.0317244919126691,-0.0398833961276525,-0.0659661605461864,-0.0801253738331054,-0.0549230937408202,0.0074523243917206,0.0697965768306418,-0.0180364855913848,0.0089791793088531,-0.0113695450094876,-0.0457994057740036,0.0179882648665303,-0.086619149778524,0.0265829951449967,-0.0366826819994804,-0.0090694416592281,0.0475256423044716,0.0343097196102701,-0.0230894461127404,0.0249571206415357,0.10266795164293,0.0647228120566203,-0.0104375821803514,-0.0001038403455787,-0.0714087562765349,-0.1078794217420407,-0.0996623387236361,0.0960366752218551,-0.0010775666689425,-0.004351959009649,0.0572924260144942,-0.0335146319778533,-0.0449897648237666,-0.0974094028563923,-0.0605069732067138,0.1325424233315237,0.0156878066746806,-0.0845647514423164,-0.1089461154168061,-0.039900152058512,0.0615929731199336,0.1342602474429597,-0.1036014769451827,0.0482031996351441,0.010272567320511,-0.0079343560234399,0.1367512323622572,-0.11317154177673,0.0185806462675457,0.0060830131503541,-0.0359087504171772,0.0248789160467028,-0.0901212982449403,0.0738473685173268,0.1412230639668044,0.1194890558372689,0.1590121801300013,0.1051758949854317,0.1588024980782256,-0.0247510261460941,0.1752168065323855,0.2118976628357509,0.0236043477334049,-0.0670121556765632,-0.0222254801919244,0.0403100942873277,0.1228859976959575,-0.2755645965647519,0.0359501478035466,-0.0738726417221885,-0.021561258006779,-0.0421039386113578,-0.0592597807392184,0.1082270868250632,0.2770957343990352,-0.1696055289928537,0.3223853005960662,0.0642713358891637,-0.0888204957089662,0.1030660888793717,0.1087576847905025,-0.0709805507665075,0.0458555599669572,-0.0119083506197504,0.1838439092257395,0.1085302987776273,0.0296778174135432,-0.0145378015772736,0.3423642680920111,0.4021600371002265,-0.1092980873707264,-0.0215537607777309,-0.0729996001592234,-0.1189304859104716,stop,2298,11,193.44287401078373,-0.0718249918743342,0.0041383917623925,0.0765690847373887,-1.0,0.0576177129213338,1.066050726066976,1.3774440121557376,2272,0.526991077082883,5,0.058807804563684,-0.0399749904629036,-0.1457645810531944,0.0,-1.1268601449061504,-0.5998690678232834,0.7515987712478048,0.1017092944073676,202.6986656731933,193.44287401078373,229.0312974483813,6.510823445570543,0.0131203464444882,-0.0386131719841605,0.0314038533453841,0.1094075938122072,0.1972797031259771,0.0079379279949578,1.0,0.0101347354204963,2025-10-22,45.0,6,0.2284783370697445,0.0759093745970198,False,False,False,0.0,0.0,0.0,-0.0711189083973153,-1.847884422614476
BR,Falling Wedge,bullish,1,0.7324345923589414,3,27,1016,1017,2020-09-30,2020,0,120.03972659825232,118.3619471830325,133.16833941303162,112.972018726922,1.6724008341890475,0.0141749899790457,True,0.0307321504995297,0.0216409539352295,-0.0462773354265386,0.0102371432096137,0.0206771037159176,0.0753157439921865,0.0173835521739738,0.0421011987717927,-0.0416694248139127,-0.1013250840254804,0.0167990774812598,-0.0148351623669736,0.0208532016536893,-0.0102402197642378,-0.0093589012325357,0.0793114066147822,0.0498722935997906,0.0087227556686597,0.0181327055647986,0.009675953182654,-0.0020356787054343,0.1592597674225431,0.0156021456637022,0.0621392818003829,0.0318155667577813,-0.0046019790359358,0.0384898334092,0.0424798867465656,0.0367352860035705,0.067685817443662,-0.0144104055499665,0.0044493793786413,-0.0632414995453,-0.0015097331964277,0.0074581740066965,0.0253598013257094,0.0741248462689121,0.0106075955841102,-0.0328610934388855,0.0373329638785115,0.0298459384513165,-0.1077293028665975,-0.0185553931069371,0.0196322155522732,0.0404541659486477,0.0525519569374946,0.0155160371535656,0.0481792012097134,-0.034250330436779,-0.0179523679817817,-0.0005762992522468,0.0628309033469263,0.087309113539254,0.0665998044455871,0.0032491968024046,0.0289807238800836,-0.0186522567249654,-0.1497466366842157,-0.0346646259206304,0.1140818999867776,-0.0480295507186734,0.0349629708893153,0.0379858295120039,0.0965669341281261,0.0755918478004396,-0.1834911472607968,0.0789310600794244,-0.0047843291637884,0.0057689001402424,0.0963944133311058,0.0224509466798115,-0.0343343010180218,-0.069884563626226,0.0575678053429227,0.0397870666066453,0.128235163628728,0.042578199754504,-0.1177047111474158,-0.2236766729861052,0.1162383542221132,-0.0566247832135972,0.0737600841547327,-0.0034620172867307,0.0842880452802892,0.1173795532129262,0.0819640910382417,0.0285146967351526,0.1013199289790673,-0.0429307290115362,-0.0078102596126978,0.0117111758025991,0.0800486069883263,0.1288251340919468,0.0314490920718921,0.1609835376859167,0.024144135266271,-0.0114436875591568,-0.0385568755718709,0.1205850768532743,0.1528968056857493,0.0925376722700697,-0.0074726164349573,0.124836712839994,-0.19597103364099,0.0432477676959317,-0.12084279560455,0.1715242624984301,0.1737137024025501,0.0490276970139069,0.0900540669948295,0.1029804804787448,-0.0174382960086982,0.0072042225080337,0.0700906352307735,0.0792200605617342,target,1044,28,133.16833941303162,0.1093688996703399,0.149388936193226,0.0163407284915364,1.8575488763527732,2.5372592336733395,0.2775350391174415,1.8575488763527732,989,0.4530564160939696,5,0.0140052889865638,0.0583821395322374,0.1626121911757345,0.0,-1.197252726324439,-0.7441963102304666,0.961982784732308,0.0896453273041117,118.3619471830325,112.972018726922,133.16833941303162,2.3995267884581293,0.0963658806506775,-0.0214543954520457,0.02020296022111,0.4581420451171369,0.5749969482421886,0.0015183522888524,1.0,-0.0464248970347376,2020-09-30,28.0,23,0.7253852700468404,0.2524864560011906,False,False,False,0.0,0.0,0.0,-0.017010704576474,-0.0745250686862522
BR,Falling Wedge,bullish,1,0.6032807132361692,3,33,1109,1110,2021-02-12,2021,1,133.91404478408512,130.86994434418364,147.6125621919748,126.49442919222496,0.7429657963465792,0.0232605007601713,True,-0.0050590101998071,0.0125317486005436,-0.0109916946168265,0.0261617209663618,0.0014755978062943,-0.0098883823197448,0.0018010642801857,-0.0440511664422783,-0.0088801925065628,-0.0349474461215469,-0.0069931086407561,-0.0258674995487425,0.0494929337673406,0.0079457348224964,0.0612872039568577,0.0172549472647012,0.0099716448488871,0.0014623767105352,0.0077083159699751,-0.0643819262503796,-0.0658737802683039,-0.0207484339681162,0.0003440943146739,-0.0119393300456194,-0.0008216044556613,0.0533489371410544,-0.0011179219644291,-0.0160281045467771,0.0079636383267562,0.0051573764099344,0.0665085475634981,0.0032489805060833,-0.0205457456615483,-0.0418495598663258,-0.0058569101330491,0.012773041400417,0.0404541659486477,-0.0564364985377795,-0.0139783129764855,0.0295245622293545,-0.0334716769705492,0.0454721358162453,0.0247478473720368,0.0438838666115899,0.0582793651520157,-0.0220432167366539,-0.0086009796681522,-0.0148200644112393,-0.0741871183046611,-0.016377428591084,0.0489943300950634,0.044673497352053,0.0520264771052216,0.0441068068778254,0.0520941874760991,0.0429774938074707,0.0748181864680237,-0.0222275933308107,0.0488734080402457,0.0227102445127327,-0.0207202902090266,0.0058667873751963,0.0370107363634337,0.0319055623975166,0.0496858838944866,0.0408849209302832,0.0617322719307678,0.0451583102860149,-0.0371013133919948,0.0549230491763985,0.0035162844625884,0.0340338249492728,0.1124726776316002,0.0820472126629918,0.0017438347135247,-0.0633012775337071,0.0444259876560153,0.0283399050108013,-0.0353522484243592,0.0487390067749171,0.12696666380352,-0.0276645461631452,0.1585642894134868,-0.193899287532012,0.0293487379562584,-0.0564762264777728,0.0503700376266331,-0.0027370800345389,0.1527119509684309,0.1433564604482757,-0.0041160610828554,0.0234443560580316,0.1092369319013957,0.0543922207943146,0.1311054448970237,0.1024175236606577,-0.1692448585974864,0.1706631549571589,0.0205441057349895,0.0423292257683505,-0.152995236869624,0.0729427501162858,-0.1198654286496402,-0.128722219368749,-0.0806164239851269,-0.2084950525618789,-0.0078146398833831,0.0497839280325682,0.0949042467192444,-0.0771095145443139,0.0971858676911401,-0.0598750455536214,0.1368088226584447,0.0700906352307735,0.110035067628755,stop,1122,13,126.49442919222496,-0.0554058060438924,0.0192917846287586,0.069746915945814,-1.0,0.3481906682031783,1.2588376729067086,1.846257024813784,1075,0.6581193899510862,5,0.0445118621571699,0.0075324244084726,0.2728644315708248,0.0,-1.076278364508283,-0.4181589745571977,0.427391372656199,0.1097458830014393,130.86994434418364,126.49442919222496,147.6125621919748,3.1338020096009447,0.0886205402468025,-0.0059352612216658,0.023430041463665,0.0752484451249506,0.9640912156466008,-0.0052978440105336,1.0,0.0374677013803848,2021-02-12,40.0,15,0.0846918135522387,0.0831165544983743,False,False,False,0.1428571428571428,2.0,0.1428571428571428,-0.0417880430218223,-0.9091524531615928
BR,Falling Wedge,bullish,1,0.673258605119956,3,33,2287,2288,2025-10-22,2025,2,228.918246239532,224.591827747558,256.8735163961892,219.4698832106542,0.667089544349297,0.019263472475218,True,-0.0609437841584404,-0.0897859537364832,0.0061516019417924,-0.0231811561535405,-0.0058788052108803,0.0312455583344726,-0.0411538641352072,0.0315534247396542,-0.0046011099063607,0.0040355024955378,0.0666902930304198,0.026731845541718,0.0324216039035243,0.0013151199258887,0.0386179936190576,-0.0483860333195786,0.0420137828478162,-0.024392191014305,0.0145719646828677,0.0201040812617994,-0.0185195528129077,0.0085830830203237,-0.0688399412980451,-0.0664957676209248,-0.0806549809078438,-0.0164519920675272,0.0247508270393919,0.0003044161966423,0.011421720254374,0.0144826070943555,-0.0152780205112105,0.0050477589504669,0.0320080433894289,-0.1015948607594798,-0.0146533339146145,0.0403491529861474,-0.0360520989421542,0.0848134839928016,0.0100382442899198,-0.0233739732213165,0.0920063194031872,0.0056621420904248,0.0133420955087764,-0.1029068799738421,-0.0326776377101507,-0.0660576683257058,-0.0333973662160779,-0.0251802831976732,0.031644986971175,-0.0359958352386847,0.0823876975937067,-0.0273513331956138,0.0827316219788021,0.0696443921094664,-0.0125346604003274,0.0278374234076832,0.0061126665760806,0.019049786669371,0.0240663565222849,-0.0620921718243638,0.065625355201365,0.0155226560731249,0.0545057581105803,0.0606467738591078,0.0338182431141431,-0.1391396521370251,0.0527481673034782,-0.0046655593098854,-0.0506254998853013,-0.0281082742663978,-0.0406059073835893,-0.0108510848667038,0.1589871180439996,-0.194230078837699,-0.172273617322434,0.0092693377764538,-0.0274490051448985,0.0478774532622876,0.0017033514499755,0.0717626389728773,0.0971925074350692,-0.0919987540626916,0.1667883391054867,0.075562167808469,0.1539748212705634,-0.0002668072720228,0.0083116875331343,0.0008336592477888,0.0394397153251546,-0.015887801397454,0.0128220539480361,-0.0446866593801674,-0.1024337173131652,-0.1195895594410257,0.1542496596113443,0.1142405091527958,0.024201895096598,0.0582369271424736,-0.0111855593510156,-0.2112110169060768,0.0240899775159904,0.0003800188876097,0.0528945012502031,-0.0001242085511405,0.1642730002422903,-0.015307027662312,0.2003590086151598,0.2487369778856738,0.1761008712981995,0.1064392290321649,0.1653078721656131,0.0560808815319104,0.0757448067679347,0.0755774987424293,-0.1753880084365575,stop,2292,5,219.4698832106542,-0.0412739621418879,0.0079863780684244,0.0694426334690474,-1.0,0.1934967629463247,1.6824804274986678,2.958742172714485,2252,0.6606203950388114,5,0.0438553312143384,0.0447911137672127,-0.1510877947199301,0.0,-1.9479933216401872,-1.2873729266014022,0.4678580573341522,0.0660522559193601,224.591827747558,219.4698832106542,256.8735163961892,3.652244236517516,-0.0247728751940744,-0.0482904800661552,0.0160365467344083,-0.0065263540592174,0.5297151306062055,-0.0042614205889494,1.0,0.0101347354204963,2025-10-22,31.0,10,0.0056796681945514,-0.0433848171103153,False,False,False,0.3333333333333333,0.0,0.0,-0.0019350865764549,-0.2038655138665962
BR,Falling Wedge,bullish,1,0.6316143272844345,5,87,2431,2432,2026-05-20,2026,2,145.7288511194647,147.00751879475865,222.0308716251216,137.62976442906984,1.1941833537665167,-0.0086979746735208,True,0.0142256648740377,-0.0073815729805297,0.029108358917647,-0.0112728359812841,-0.0097242843043928,0.0059003884357591,-0.0311921437641392,0.0221214872659203,0.0082171127002745,0.1014205538268113,0.026731845541718,-0.0219705418291622,0.0723119790561086,0.0102509004800714,0.0153760883682778,-0.0349474461215469,0.0500000184413735,-0.0068586247647199,-6.830001101398864e-05,0.0182635904800227,0.0319941756102035,0.0105222327036886,-8.356287854312597e-05,0.0438965109845657,0.0189181573107917,0.0067505308214381,-0.0210407521329822,0.0356934065445946,0.042896294877067,-0.1106414545199256,0.0527871565684914,-0.0507884051392815,0.0422898765811423,0.0019811833182288,-0.0094701336334862,0.0246026312452536,-0.0168612480253201,-0.0147982510324387,0.029527762631659,-0.0152780205112105,0.0198477683212405,-0.1077293028665975,-0.0059870714040869,0.0577941393482923,0.0454122023542478,0.0435470953172493,-0.0615606355286701,-0.0751311935811784,0.0822385794009341,0.0728444839765296,0.0135197383965333,0.12115102217283,-0.0665941056341838,-0.151531182581486,0.0042247124958956,-0.0359943135253291,0.0457727733758197,0.1752326132613069,-0.0233420633969743,0.0634130497531646,0.0394817359845129,0.0951046327077329,0.0051966004316952,0.0512404847431231,-0.0111132898902167,0.0558629786909665,0.0396063833635855,0.0211621004235835,-0.0914344822361714,0.0231443733163361,0.0158853373980614,-0.0589472979566599,0.1128645407035386,-0.0030391234998229,-0.0025980810544822,0.0320828625601332,0.0618960934251464,0.0062192582841074,0.08080058104205,0.0088489424422599,0.1396443275179544,-0.0008511254803051,0.0504154730603174,0.1478658141597815,0.0313234086931599,-0.0626264798049175,-0.0520755514742637,-0.1628313937326461,0.0351430289507306,0.0522031937099984,-0.076586373649833,0.0061567684215237,0.1446776650864258,0.0959116206659782,-0.0270005851209574,-0.0061193814023193,0.1596981431574953,0.1887551045989814,-0.0434063250095692,0.1215222352804621,0.0848360748217362,0.1425047338540013,-0.0771095145443139,-0.0137106012679488,0.0871401667573261,0.1049045302485869,0.0569985520526474,-0.0084389902777165,0.0556104557027139,0.0873710284534829,-0.2764754054369531,-0.1849942969421413,0.1358707412482309,0.0200970125211432,0.1142749811516814,stop,2451,20,137.62976442906984,-0.0555764121392506,0.0838639454181023,0.0726091925071104,-1.0,1.5089845168121905,1.306474990238357,9.421064796867457,2342,0.7944157484489686,6,0.0691938173179723,-0.121092271406406,0.1533752648523887,0.0117647058823529,-1.3688359892301276,-0.5744202407811592,0.2153802882991746,0.2416807417013397,147.00751879475865,137.62976442906984,222.0308716251216,5.046653796089893,-0.2798297132836129,-0.0666452780462636,0.0342637083508549,-0.3297381260634821,0.8080353949748151,-0.0064912503134475,1.0,0.0422378170385209,2026-05-20,6.0,13,-0.1180365269109923,-0.1206361943937881,True,False,True,0.5,1.0,0.0833333333333333,-0.0532706179447463,-0.8354122062184428
BMY,Falling Wedge,bullish,1,0.8506078145336681,3,33,649,650,2019-04-17,2019,2,34.96340170411038,34.22067835131287,41.7684011425859,34.220163586445,1.107452158303951,0.0217039342462075,True,-0.0089035467049969,-0.0156247568312006,-0.0076808435389255,-0.0499999682718675,-0.013054232472111,0.0014673297326346,-0.0142290055157955,-0.0393850724213181,0.0056339196590702,0.0586560119573944,0.0321400212178719,0.0745667115865045,-0.1032653264446545,-0.0161345010577068,0.0467811197527727,0.0013515088120377,-0.0283018065485759,0.0037855858422302,-0.0832653310317778,-0.0270002558009186,0.0411866614666898,0.0077974968442977,-0.0034560478933895,0.0180238936658894,0.0143012794540111,0.0100554861572355,0.0170863347624454,-0.0408983271146824,0.0249266516515929,-0.0293995260673268,-0.028042838715539,-0.0277527171619538,0.033294257164893,-0.0696077190415065,-0.0274681691954944,-0.0027928283256638,0.0587295368548912,0.0722140673111988,-0.0376551664244496,-0.0212931390658891,0.0288947840945883,-0.020454927085977,0.0020967741416497,0.0196490673331692,0.0154591635939205,0.0191718554225343,0.0232357513456362,0.0315086915687874,0.0183736697508793,0.0059770895483504,0.1040665400501885,-0.0619824273057493,-0.1429325253751742,0.018042846184183,0.0900003693195747,0.024341048130454,0.0519617488645536,0.132708104148248,0.027307758664689,-0.0475426253986284,0.0544887551819754,0.0108504445091985,0.0083913656001235,0.0107463995849714,-0.0592652041368515,-0.1830430567026543,-0.0930545247968953,0.1342601905260816,0.0180509530282603,0.0327905509949097,0.0356863432736151,0.1554160757723948,-0.2217458888421393,-0.0015470804395844,0.0514937854067456,0.1708210394611407,0.0809166671646022,0.0065417324781882,-0.0181252380098855,-0.016071905823655,0.0340830869974093,0.0462886585953263,-0.1711809244896578,0.0119979186120187,0.0242276805706029,-0.1343264297135306,0.0448068780743713,-0.0502348814757546,0.0290952201392655,-0.001529599236947,0.1419795260170986,0.0236452349320092,-0.0318878074321032,-0.0736412628603663,-0.1415452319673014,0.0280570381672609,-0.078440592788658,0.1829181862239071,0.0314473753494948,-0.0351365128557665,0.1999707909216284,0.054519074018287,0.0488845535579007,-0.1461860057273821,-0.0120863554027357,-0.059889578798879,0.0822564495292004,0.1861417373976688,-0.1133890188567019,-0.0413215671145363,0.0661137629734687,0.0387086058926144,-0.0658276944807495,-0.0651578521207515,-0.0398896656280017,stop,650,1,34.220163586445,-0.0212576031347089,0.0017372819192211,0.0221498474411001,-1.0,0.0817252024234348,1.0419729496659162,9.155880567389328,614,0.9695790842506672,7,0.0569048023288552,0.0678956936259163,-0.1893429599887098,0.0,-1.7284914440164694,-0.7589123597658023,0.0001215841474091,0.1104043914273458,34.22067835131287,34.220163586445,41.7684011425859,0.6912506569984548,-0.1353301296603188,-0.0653175114942887,0.0198786149751322,-0.191664063308469,0.4805178076898304,0.0032593349182099,1.0,0.028058913379835,2019-04-17,32.0,10,-0.0744001238836171,-0.0697446390294618,False,False,True,0.4444444444444444,0.0,0.0,0.0020398537867402,0.3695090337702077
BMY,Falling Wedge,bullish,1,0.7502902876923819,3,32,718,719,2019-07-26,2019,1,34.46893555573559,33.12638198762522,39.11889559601889,32.35542421258409,2.6199789157093467,0.0405282281841674,True,0.0220001345252034,0.0526744641062814,0.0088479562219427,-0.0096627764810703,0.0411747346449169,0.063164895319157,0.0197665629327459,0.0265871116726834,0.0074794826203334,0.0578765452763028,0.0157816877694496,-0.0258205154207149,-0.0245482470519048,-0.014002586471602,0.0012026463146801,-0.1216987029497611,0.0170134136343322,0.019661014362917,-0.0520378101892134,0.0205437169380433,0.063164895319157,0.0222873352625918,0.015161066538954,0.0515555996400454,0.0855428504792644,-0.0082231693815818,0.0060883485814058,-0.0227400883555941,0.0190237940704089,0.0261813040165102,0.0118990001702796,-0.0109265786616847,0.0173904316903672,-0.0028335302109984,0.005879800939279,-0.0094978164808108,-0.0434999809394885,0.0250856425375725,0.0165639810827984,0.1172461937818261,-0.0239393089982418,0.0590243035558475,0.1130965667620496,0.0643709525362949,0.0119733666118324,0.0329474389746418,0.0351112787416483,0.0915244839355046,0.0640753016848678,0.0523528860134876,-0.0476492330181774,-0.0496654604347543,0.0272861851586165,-0.0293244040103394,-0.0258749029208023,0.0505267214339846,0.006121996824137,0.0545940864086951,-0.0053031300168141,0.0732529816717417,-0.0993068915119097,-0.0065718798779456,-0.0059496422446165,-0.0836702721838905,-0.0393500586410885,-0.0218824347090605,0.1081174181417681,-0.0133706117130568,0.0346908459389061,0.1226669840941407,0.1302622696690646,0.0618311058604028,-0.0199833915554239,0.0100018142816042,0.0451782121016812,-0.0310916449301019,0.0546116237552818,0.0206818209252046,0.0483178149842045,-0.0224697983646863,0.1107550116755837,0.0748183491026699,-0.0540669468266061,0.1224318695650317,0.1601292413375317,-0.0160385185988042,0.0577434324350072,0.0470138817257497,-0.0199185652908598,0.0852508230918631,-0.1233076551110545,0.0920725600859268,0.1921550524060327,0.1938265136568588,0.0342906008630485,0.0472607656704648,-0.084619217512432,-0.072377903801128,-0.1861973617026476,0.0559927073064703,0.2181059187009597,0.1181103958926947,-0.0556428694662216,-0.0960472868840022,0.0935747696052864,0.0940236389275983,0.0970125828402133,-0.145009431320887,0.1015092906144832,-0.0029655059865139,-0.1654049458201909,0.1240749876823796,0.018858321520176,-0.0050983096095312,0.1826824950300216,target,763,45,39.11889559601889,0.1349029195509794,0.1428892091008226,0.0222218834969111,2.200111229755524,2.3303584132944164,0.3624133235263111,2.200111229755524,685,0.7696597498997071,5,0.017233702531138,0.0026151794051829,-0.1509411293831188,0.0,-1.3045915292942163,-0.5349317793945103,0.2180707125741783,0.1232734234464773,33.12638198762522,32.35542421258409,39.11889559601889,0.733695954410371,-0.0623877860261415,-0.0083899557399748,0.0211121203725869,-0.0562867192521662,0.5999995876008122,0.0127753313745206,1.0,0.03605502597895,2019-07-26,32.0,10,-0.0734826087107127,-0.0640372099600283,False,False,False,0.4444444444444444,1.0,0.1111111111111111,0.0384301921393909,0.9306393302725876
BMY,Falling Wedge,bullish,1,0.7037201340577703,3,42,1592,1593,2023-01-13,2023,0,62.411835937552674,61.34319664803883,72.3993822857567,59.7165787137083,1.031655868035675,0.01742066517409,True,0.0020518861402607,-0.0033433851986328,-0.0006445540505464,-0.0415923579798463,-0.0018557304900166,0.0333686068934675,-0.0126971524671813,0.0035346368670985,-0.0151804427988583,-0.0147475408678099,0.0618441659940651,0.0349869257969803,0.003076428436691,0.0172483722778402,0.0177608892276488,-0.0080373777041318,0.008477135816671,-0.0171201096504594,0.0502268551525986,-0.1256686567499015,-0.0212044217926316,0.0253185333892487,0.0021971758752144,-0.0147720780978721,-0.0200671513679906,-0.0052609513600354,-0.0892076214446487,-0.0087531217793718,0.0327725772777645,0.0702714911407667,-0.070913306321713,-0.0258403179311507,0.056256906544742,0.004691899283072,-0.0153542346538013,0.072366122906512,-0.0186614370722467,0.0439269499023444,-0.0531296508911918,-0.033968910906626,-0.0041380109612327,0.0142904924312539,-0.0220094057110846,-0.0441057370151704,0.0489092689287247,-0.0123792282162175,0.0008207793931191,-0.0351907287047135,0.0129640438842508,0.0198017557907683,0.0073796556123792,0.2121287589557026,0.0025334131319119,0.146882801656863,0.0444154895607586,-0.0432449714812771,0.0279682853836262,0.0737805224168637,0.0328580801848961,0.0469901342134677,-0.1039788043506187,-0.094474158561608,-0.036008768373654,-0.0170912094279308,-0.0522599388699117,-0.084136524067907,-0.1884404664811172,0.0452569362995236,-0.0018454723807301,-0.0908219218265865,-0.0738824749654081,-0.0907001342269868,-0.1703076985253885,0.1837433893613862,0.0016067564744413,0.0139971463591781,-0.0291473068740085,0.0145024236792601,-0.1126473499849207,0.0266588455740102,0.1389059054734871,-0.1403756987254055,0.0179279210857481,-0.0767957015914362,0.1228844180869608,0.0468291632915525,0.0100066498938637,0.1373090464287452,0.1665221048630005,0.1320843229139676,-0.044960694581733,-0.1082240972753726,-0.0317617423852305,-0.0596858807001441,-0.0693865375762328,0.0838456566482142,-0.0387374389841813,0.168431163103542,0.0238650322212801,0.1325816075557437,0.1779723761562008,0.1630169123259341,-0.1391151530031787,0.0661137629734687,0.1569777261851734,-0.070211806703335,-0.000379086754051,-0.2014848129085766,-0.0771512893598167,0.0603223352232917,0.070021205596964,-0.0880768329485472,-0.0904813661065778,0.0900530418553942,-0.052670567160266,stop,1605,13,59.7165787137083,-0.0431850334693112,0.0258514314651571,0.045274192134763,-1.0,0.5986201558354246,1.0483769143524342,3.705600437630335,1550,0.7467226097989563,5,0.0444667862898024,0.0976403593385462,0.0194538897652392,0.0,-1.0741992611089806,-0.3274766513100283,0.2116439128654487,0.1447444147602196,61.34319664803883,59.7165787137083,72.3993822857567,1.0434602103503277,-0.0128695637027829,-0.0427122638266385,0.0168572906889646,-0.0265672338568909,0.9908306968670392,0.0004189917287147,1.0,0.00232818889911,2023-01-13,50.0,8,0.0889284370494498,0.0904171323463138,False,False,True,0.0,0.0,0.0,-0.0253115372657448,-0.6229818437114084
BMY,Falling Wedge,bullish,1,0.6335160957613919,5,47,1722,1723,2023-07-24,2023,2,56.00814638555193,54.97327015834753,59.2365220776808,53.47571412240596,1.1662573375318177,0.0188250803385625,True,-0.0358137433808604,-0.0443394979946151,0.0310138056561017,-0.0224867350600274,0.0038244048746458,-0.0165512987050278,-0.0315530106115531,-0.038861325791633,0.0652398413572057,-0.0224867350600274,0.0094726886629916,-0.0070699520678059,0.0119961842660429,0.0389095798105527,-0.0015904341944537,0.0098770639986067,-0.0761979963083726,-0.0035694215646714,0.0417424452112906,0.0037402015376457,0.0242272899178916,-0.0104535204898121,-0.0362748971528399,-0.0624804563147198,-0.0554086802220146,-0.0626623485773347,0.0185369765977416,0.0137319200836785,-0.0395125927884328,0.0101881752140224,-0.0252782229240098,-0.0036215546793729,-0.0786222813241981,0.0066070769949346,0.0421559726297386,0.0080592730175999,0.0009981099894225,-0.0037629866528831,0.0280668581186507,-0.0595768206312383,0.0349665125908007,0.0334346448777347,0.0563349047818511,-0.052148445765056,-0.0251821060853261,-0.057616109588136,-0.0401550547686206,-0.0080349871724644,-0.0335570363754463,0.0048300211951413,-0.0262680734771713,0.0360551272157667,0.0189365236313836,0.0380933313983637,-0.0033643941892607,-0.0082251188737553,-0.0439961217181699,0.027137598536693,0.024341048130454,-0.0579157297548279,-0.0521089906285427,0.0088670208556858,-0.1808483485457004,-0.008086660353288,0.0429601616413601,-0.0545671722980365,0.0705973438816383,-0.1014284536112301,-0.0252276586016735,-0.091007585322578,-0.0697517822815023,-0.1048781001949443,0.1425343074519931,0.1351469179486519,0.1875116219130868,0.0660737778828357,0.0485356384125221,0.0448068780743713,-0.1285801700375191,-0.0670709706035613,-0.1625688493686189,-0.0152949360684849,-0.1760544397673225,-0.0979144741133855,0.0136188861496278,0.0649555627590618,0.0724630813912627,-0.1128936248891573,-0.2100660647511247,-0.1313210960391495,0.1750987315469241,-0.0782127192074314,-0.1015150028063015,-0.0654688770553012,0.0323350110852542,0.050264441154167,-0.0499894743149864,0.0101381578146886,0.0260558805005706,-0.2009099382888307,0.2193599122661818,0.2460053676675919,0.0562308243399625,-0.1083945927270744,-0.0556428694662216,-0.1271908660386386,0.0876409017735317,-0.116358118010965,0.196122945315017,-0.0627232005038289,-0.0651670240052961,-0.103655210260576,0.1133101202029107,0.1556961066025155,-0.1166714215616002,stop,1725,3,53.47571412240596,-0.0452154271579187,0.0023256050523862,0.06387598970166,-1.0,0.0514338843745503,1.412703444746143,1.2748122582036403,1673,0.5942788814671857,6,0.1669433767429891,0.0471898113882962,0.038933741563546,0.0,-0.973298387092706,-0.3790195056255193,0.5753045278248667,0.0689679363603318,54.97327015834753,53.47571412240596,59.2365220776808,0.7945651444015976,-0.0657214260269071,0.0068192371667232,0.014136188219152,-0.1120352810084351,0.0441270518013169,0.0003092138737188,1.0,0.0484522646194183,2023-07-24,50.0,8,-0.0103604183205504,0.0058368217354634,False,False,False,0.2857142857142857,1.0,0.1428571428571428,-0.0028435369312202,0.3132286768048609
BMY,Falling Wedge,bullish,1,0.7637509331450738,3,29,1779,1780,2023-10-12,2023,2,49.44532903271296,49.1804934444088,55.02456747349879,48.735090885079785,1.1615306572155832,0.0053849721659162,True,0.0019515555866462,0.0221256624751743,-0.0644582490751655,-0.0349384094295484,0.0345130113450886,0.027974399036232,-0.0132874637977775,-0.0049126670714346,0.02285200106372,0.0724521273710359,0.0108852253143671,0.0503658689650361,0.015694744170543,0.0606131309265103,-0.0014580512727668,0.0080745357803715,-0.0114829036137344,-0.0027154791722339,-0.069039895900415,-0.039591809004844,-0.0057080712826919,-0.1239514842125238,0.0053575275796578,-0.0603157397176267,-0.0082488642967957,0.0371622483914633,0.0048589341099158,-0.0226533894848599,0.0284902402536921,-0.0580123568933258,0.0756812377244693,0.0440313865975536,-0.0156772281329472,-0.0193662768035726,0.0600326480384636,0.1022643813714969,-0.0044508881344785,-0.0347852191536808,-0.0441057370151704,0.0266040989847404,-0.0413377814036293,0.0019688380847879,0.0740177338611074,-0.0344375898555,-0.0103489941185926,-0.0688125540387233,-0.1057300468733498,-0.1025822192538783,0.0444715297847622,-0.145774146961335,0.034435411627067,-0.0040620429319201,0.0338446232421456,0.0079573919626139,0.001540098959835,-0.0011870294453116,0.0086941244681988,-0.0331724942650001,-0.0021738839383345,0.0928247746021482,-0.0351573065960909,0.0824785574455087,0.0195453806577585,-0.0174985461921572,0.0415265313532511,-0.0255062338850079,-0.0447406299470672,-0.0355221442439924,-0.1068562451582034,-0.1075038750841647,-0.1649244562635415,0.025349446455269,-0.0578489235115126,0.0334662123708111,0.0218419232894166,-0.0807193431346803,0.2273970288524265,0.0303868507321354,-0.1676230245817382,-0.001454966777857,-0.0693803865999598,-0.0118909979918176,0.0215349208309332,-0.0269577786430157,-0.0173121144382167,0.0591191124780889,-0.0073470092917404,-0.0150750020829127,-0.0301153823637401,0.0215685245802725,-0.0291624861567495,-0.1037927052849353,-0.0797388191669278,-0.173007214516892,0.0259138391264579,-0.0289167911444933,0.2300131532428189,0.2992169398384869,-0.0690367945036843,0.0461307299611537,0.1229282479770439,0.0077948920157637,-0.0755596300329242,-0.0898023328122059,-0.0097840172153692,-0.1921687874393518,0.0551716458946369,-0.1098756045099779,0.0238650322212801,-0.0905461816003374,0.0417340286207681,0.0189944605051175,0.1507396406170207,-0.0090030892116929,-0.0971292882444534,stop,1789,10,48.735090885079785,-0.014364110048965,0.0227070259239993,0.0612027904939166,-1.0,1.580816761121611,4.260813255070142,7.855447443055941,1748,0.8122220925089245,6,0.0249748935111623,-0.0144267416385017,-0.2812559831095597,0.0,-2.0113674237715613,-1.199145331262619,0.1887355075467706,0.0514028872623836,49.1804934444088,48.735090885079785,55.02456747349879,0.7194551576166595,-0.1304891047624903,-0.0507662242024896,0.0145789671937046,-0.188910690977835,0.5287352289917294,-0.0003531387007644,1.0,-0.0336849155258816,2023-10-12,50.0,8,-0.0001087180112792,0.0280136959676373,False,False,False,0.2857142857142857,1.0,0.1428571428571428,-0.04015193689178,-0.525426409403967
BMY,Falling Wedge,bullish,1,0.622543138432002,5,58,1956,1957,2024-06-27,2024,4,37.441333434941534,37.072183661018016,47.98672989781738,35.029044237675066,2.3221759559473334,0.0099575945484884,True,-0.0346910021917615,-0.0483615656982717,-0.0119946081813477,-0.0217243813161334,0.0061134942980991,-0.0023332971824657,-0.0731022709989726,0.0077303930446868,0.0358972660380823,-0.0488545970774677,0.0121305929893831,-0.0317152051169798,-0.0205693084395008,0.0069579173665961,0.0373677075789937,0.0010842580153551,-0.017450050543929,0.0040431186262004,-0.0015751953639921,0.0360853871331974,0.0416100047082719,-0.044540399303154,-0.0304490435055077,-0.015219214845192,-0.038667504511758,0.0245510416158774,-0.0679612000939549,0.0010151111051741,0.0649671968940919,0.0144743951181036,-0.0259626231566734,0.0042713380421828,-0.0157077867156182,0.01170534381953,0.0586262323303998,-0.0673655821125601,-0.0407664752474236,-0.0020711358039274,0.0270120647109641,0.0380019923843897,-0.1335797386012565,0.0469957428679115,0.0576011540501546,0.0167089842331096,0.0372833474459077,-0.0177091849895112,0.2279335019350268,0.2329047585180628,0.0442633061220694,-0.0041192901319472,0.0112882649648995,-0.009950987586934,-0.0635856238396637,0.0036953576048119,0.0244946203234699,-0.0347281202282538,0.0122227972909219,-0.0117838693516503,0.0043317072130792,-0.0082645091206365,-0.0388781167200541,0.0796820351172571,-0.069915011942207,-0.0548162926750459,0.07178064190518,0.0031091151893207,-0.0467164880687348,-0.00063599397269,0.2323598248303672,0.1709787582810127,0.1436192411227184,0.1064014401144461,0.0086477261109623,-0.0147236750135907,0.124674199815169,0.0204007097244238,-0.1697684948467176,-0.1665612041766501,-0.1040280549761658,-0.0036159606349999,0.0226922968180449,-0.1454054854654939,-0.043386270047557,-0.0740546653880463,-0.1214086075760824,0.0191623198286929,0.1641222937516315,-0.0175843742263274,0.0860432643863489,-0.0172062470443917,0.0016067564744413,0.1871783598996058,0.2172238966328299,0.1728907575172635,-0.0918317393813261,-0.1985708850208591,0.155907244794027,0.0847403353701057,0.0167557087709095,0.1544736665516723,0.0008176410133136,0.203064783597151,0.0055638718119712,-0.0578316228538663,0.0810302210443822,-0.0564449660878775,-0.0653799174375281,0.0665755264272447,-0.0531514451936284,-0.0616811862679513,-0.1421002214757086,0.22074823419779,0.1081634066491972,0.2562302669754004,0.1858699504586089,time,2016,60,45.574485778808594,0.2172238966328299,0.24594478446895,0.0422363152558575,3.371549461434101,3.817328657078754,0.6555532248578854,4.371530774513094,1894,0.6924394767092862,6,0.1335934586248712,0.0382924297337374,0.1112312369262782,0.0517241379310344,-1.550898428271295,-0.8584589515620055,0.4192700643817449,0.1437279304651903,37.072183661018016,35.029044237675066,47.98672989781738,0.973959107326536,-0.1591322442920288,-0.0433942642876086,0.0261382766497932,-0.1743401897724396,0.0294105547390034,-0.001647153642529,1.0,0.0418793486064801,2024-06-27,33.0,12,0.073167125131085,0.0640840832795117,False,False,False,0.1818181818181818,1.0,0.0909090909090909,-0.0203870934935311,0.3623697693517108
AVGO,Falling Wedge,bullish,1,0.6715706607060266,3,36,1467,1468,2022-07-18,2022,2,46.543459117532,44.906184714836286,57.17158528932231,43.47067535753686,0.9275573826493738,0.036459886607886,True,0.0328303045710831,0.0082502083998741,-0.0084309127897953,0.0051118128679854,0.0147753671788835,0.0331991659879908,0.0475078255941039,-0.0241940297255748,0.0027032869398824,-0.061639360788497,0.0739130803036429,0.0286149037723659,0.0172497577864891,0.0161427445631219,0.0286509229800944,0.163182190300144,0.0787905359799705,0.0257973951243595,0.0356569773249844,-0.0455410532478171,0.0848218873309205,0.008153553651218,0.0066070020143594,0.0796498975773849,0.0156995266755028,0.0375203567347639,0.0390621155237467,0.1068669058926445,0.0576227226053485,-0.1801578991395848,-0.0320391953926318,-0.0187344874752185,0.0238336452458511,-0.0059012591303188,-0.089604935937085,-0.281148481498915,-0.0464850803871104,-0.1607559065237833,-0.0966822727556252,0.0009756418455657,0.0303570107744644,-0.0696648402975612,0.1095247370562171,0.0067819872978429,0.0147830110318099,0.1073422088038639,0.1251208404254042,0.014314909385257,-0.0527995719513757,0.0775529661217839,0.0745209681745777,0.0453865009166714,0.0660311041891485,0.0504683037168205,-0.0149856325183878,0.0636329256225021,0.1756306041632656,0.0388177250342054,0.0782015676176315,0.0609043298650433,0.1511228768152144,-0.2260935896113548,0.0385459314985792,0.1871997158360507,0.0235912720460855,0.1257297337769132,-0.008015420740424,0.0235912720460855,0.0761691612944524,0.013788397030882,-0.0043941212229217,-0.2074164441182068,0.2040403097761673,0.2515207062202902,0.0219206904185103,0.0591393538332005,0.0972487322102102,-0.1095274249977276,0.0677231164866862,0.1514667687202502,-0.009017538156143,0.0227137381867386,-0.0233749767780397,0.0867354610662138,-0.0327351128410745,-0.1415500245849746,0.1059161284010044,0.033548288957923,-0.0567942225090443,-0.069800184320541,0.0403974720951072,-0.0108193448724454,-0.1256602262176896,-0.0560619815460147,0.2329271238282546,0.125929089965713,-0.3009987832948987,-0.0772705456929573,-0.0246341045824723,0.2274761459902103,0.1878830120135342,0.1039481563318958,0.0780561938667103,-0.0515540854922156,0.4769749542790029,0.0610224960375453,-0.1312240689699229,0.0705870184299144,0.3030779721219856,0.1224250026924633,0.5977374349995856,-0.0105611110548631,0.3674940522978733,0.2109147733904626,-0.2541707625755808,stop,1517,50,43.47067535753686,-0.0660196688912982,0.128341527669948,0.0733937751647342,-1.0,1.943989266005909,1.1116955961348045,3.458794045373084,1429,0.8284098089798875,7,0.0809560084529608,-0.1373553754248687,-0.2100127037813152,0.0,-1.2287741957455418,-0.4003643867656578,0.1736005678390408,0.1922790359938726,44.906184714836286,43.47067535753686,57.17158528932231,1.2867172801746043,-0.1225696971077809,-0.07149716437754,0.0279686519371322,-0.1652921459528585,0.2018274051758586,0.0115275419157463,0.0,0.0462290537648879,2022-07-18,29.0,15,-0.2517625504324073,-0.1542970639150953,True,True,False,0.8571428571428571,2.0,0.1428571428571428,-0.0465028884714578,-1.2242484760052066
AVGO,Falling Wedge,bullish,1,0.6761946339203103,3,21,2066,2067,2024-12-03,2024,1,170.7982660227075,158.30156245170565,191.8034099450292,154.6168379400309,1.1841552696878277,0.0789423893072081,True,-0.0093980230859496,-0.0047253964990768,0.0064421482165188,0.0261229364155126,0.0262626788399675,0.0271179221381216,0.015063936429235,0.0162156509311397,0.0938953473925736,0.0310046960786765,0.0172497577864891,0.0298578515045984,0.0193846489585074,-0.0089343888623317,0.0531411921679467,-0.0793525219202068,-0.0147245821808555,0.0342994949465449,-0.0259053341080345,-0.0111162341784835,0.0342439171764088,-0.0175911405523611,-0.023031921944948,0.3850900796338694,0.3873026383533552,0.0384027298175211,-0.0342666367802461,-0.0830941067325509,0.0300660412347948,0.0715766999400617,-0.0767091889864848,-0.0061573327509142,-0.025757088372848,0.1774286802276152,-0.0426075896546366,0.2718526255816231,0.0624872399881459,0.0141950539711332,-0.0408616152462892,-0.0173816861076304,0.1068669058926445,0.0642004748002076,-0.0093764039395518,-0.0023902859054039,-0.0846530620095473,0.3643990068854872,0.3411068883371941,0.3725159755843967,0.0672248543586646,-0.0167955845378111,-0.0088976831173186,-0.3625876563783572,0.2562303539119859,-0.1013333096869779,-0.0213011123686457,0.1535422976389828,0.1054668994127943,-0.0010937333793723,-0.0630906355718516,0.1125012633265332,0.1153044289512681,-0.0670533478453992,-0.0022980562263136,0.2887294457551133,0.0915865248142604,0.1073113085490036,0.0941412214557309,0.0395334427837084,0.3017508422448942,0.2587256544577858,0.2683817723464005,0.1357482960902143,0.0816262793421593,0.0573003574249793,-0.0086803825852733,-0.119240813524996,0.1032721902760407,-0.0289869315261621,0.3699102951777118,0.2474241233464273,0.2674272667207045,-0.0729929756710161,0.0105690092852082,0.0285752935739056,-0.0326342473368529,-0.1558252054080213,0.0702158689933536,0.0470171421624689,0.032071074830642,0.3334538167518692,-0.1030675290430548,0.1955665080137704,0.0838464532422205,0.1281449014692576,-0.12190493584944,-0.0991524843326197,0.2823048494950555,-0.059914451522838,0.1613273584239589,0.0502745509233875,0.1135264843209555,-0.0584264938133516,0.0417279325176784,-0.0147108312240686,0.1796875091492735,-0.0101638132388852,0.2489092532772148,-0.0713144778580502,-0.0561352073656185,0.0768477182375506,0.1527354315385038,0.0639247909925906,0.0985806564207278,0.1077110501829559,0.0295547087284714,target,2074,8,191.8034099450292,0.1229821848397985,0.3186117414976919,0.0281365591220003,1.2981019854983775,3.36301176288264,0.29698710678249,1.2981019854983775,2044,0.7805977793432,5,0.0217395538827718,-0.0123333671672585,0.1203502813758647,0.0,-1.128911423564828,-0.3483136442216256,0.1590628729730356,0.1606009069110072,158.30156245170565,154.6168379400309,191.8034099450292,4.585506481203557,0.1052817001419803,-0.0304300586665511,0.0276921207423897,0.271687560430474,0.971695702713108,-0.0121913570558489,1.0,0.0598446125156744,2024-12-03,11.0,19,-0.0664871612822733,-0.0426213549570925,False,False,False,0.6666666666666666,0.0,0.0,0.0030108376794654,-0.543662674588928
AVGO,Falling Wedge,bullish,1,0.7943503449708105,13,96,2408,2409,2026-04-17,2026,8,405.0589200627321,322.30001836596966,426.2113351020817,288.13536417473927,1.2755383173841104,0.2567759757394436,True,0.0420508204463161,0.0347706770415872,-0.0242884518900847,0.0250201978668973,-0.0334250066082498,0.0808797406770231,0.0377998103341707,-0.0092246273439184,-0.0116072196330436,0.0411692159761927,0.0217930147265545,-0.0143366909163975,-0.0177157706125268,0.0250201978668973,-0.0557637751626647,0.0467283883552978,-0.0058792096326392,0.1157696688548195,0.0388739830439099,0.0733288595269126,-0.0233915742910778,0.0151664538656945,0.0257549601961277,0.0384027298175211,0.0216556275254609,-0.0197896271121732,0.0663447829754981,0.0303570107744644,-0.0688216423078494,0.034344632638301,0.0561693045673123,-0.0514846566046922,0.1235635543202398,0.0321482967806792,0.0306611468401092,-0.0028823179999606,0.0371427471305925,0.0173620861431402,-0.0073763842097219,0.0040628508862319,0.0668802298626363,-0.0230541049775472,0.035210756239125,0.0230967596815818,-0.1771781150454413,0.0280648642883948,0.0480404366250235,0.0051639269135479,-0.0691822488208814,-0.040425403484507,0.0194345319883857,0.0667646959043541,0.1635673884317496,0.1240823609715506,0.0155662023033726,0.1219385523002551,0.0661601382000367,0.0225215279878641,-0.0520148929102678,-0.0667196207516714,-0.0248888209433986,-0.0926488400379951,0.0700295002147119,-0.0211549201318265,-0.0065135408049146,0.2212072560036795,0.0100793559091287,0.1153885434163284,0.0158808483377258,-0.0289869315261621,-0.0939577316118374,0.1540619746366445,-0.3756056946707994,0.4038464645394393,-0.1663450568799424,0.286560762859642,0.0616688450630256,0.3876598957428816,0.0782434685033552,0.0041760914445112,0.0321882816253571,0.1390055212617589,0.0545675569861516,0.2800916174366052,0.2032094052762956,0.2189495932892182,0.1499545598010681,-0.0423238698042317,-0.0051743137163094,-6.765382597140324e-05,0.0165324092340763,-0.1230469244663009,-0.0266107490776055,-0.0942968657405642,-0.0963449788587541,-0.0808911871931995,0.1023389658861424,0.0965823900359656,0.3086115103117566,-0.0465057517480241,0.3745334919167371,0.0692979936387594,0.0021913665473762,0.2047132036730483,0.2541225878830873,0.0563557019237521,-0.1651890096040124,0.1400344472885883,0.3567986459142538,0.1656759172854225,0.1447850061688231,-0.0689745600422735,0.0139460238068465,0.0380361849879586,-0.1201166465687182,target,2412,4,426.2113351020817,0.0522205881457285,0.0581957240721108,0.0274340371569961,0.1809080717628236,0.2016077681344167,0.095039886354627,0.1809080717628236,2304,0.6280086936141057,7,0.1330312515700611,0.2344250121487952,-0.1729196117900828,0.0,-0.9729956149477116,-0.3449869213336033,0.5094005485999418,0.297261967770821,322.30001836596966,288.13536417473927,426.2113351020817,12.543002831646197,0.2242693877833887,0.2208354748092897,0.030901888588861,0.1617919217681207,0.9725430530749036,0.0060982962944584,1.0,0.0792353365352871,2026-04-17,26.0,18,0.2430825506019354,0.2872685504495953,False,False,False,0.1764705882352941,2.0,0.1176470588235294,0.0857493581042753,0.8753643546611626
AVGO,Falling Wedge,bullish,1,0.6377649703018446,3,27,2507,2508,2026-09-09,2026,2,360.0299987792969,356.53999110630684,464.8100193568644,341.9846106879145,1.457429783973031,0.0097885447917382,False,-0.0582173472381307,-0.0580589680873007,0.0024600377111492,-0.0354320382885972,-0.001852448410575,0.0176022832566682,-0.0728441442648544,0.0482169705360762,0.0155898096276312,0.015063936429235,0.0342994949465449,0.0972364985024833,0.0093116324459434,-0.0781223827056667,-0.0188577779157117,0.0828592343050274,-0.1297382929611519,0.072415933911391,-0.023136844281042,0.0295857975592666,0.0344579887577352,-0.011924512559181,-0.0625769060682493,,,,,,,,,,,,,,,,,,,,,,,,,,,,,,,,,,,,,,,,,,,,,,,,,,,,,,,,,,,,,,,,,,,,,,,,,,,,,,,,,,,,,,,,,,,,,stop,2511,4,341.9846106879145,-0.0501219013764585,0.0187484376937651,0.0614671137345376,-1.0,0.3740567931162131,1.2263523937942196,5.8064708859104766,2478,0.815571231205023,5,0.0093185733141974,-0.0556193030041441,0.3408873417679856,0.0,-1.0963716854261938,-0.2808004542211821,0.1807220830241594,0.2567928022174701,356.53999110630684,341.9846106879145,464.8100193568644,10.567145211356038,-0.013161052149531,-0.0500324448022968,0.0290003432398946,0.0675530155233243,0.58561634291129,-0.0063218650632186,1.0,-0.0105896661783442,2026-09-09,26.0,18,0.5049199929478538,0.2134725368295642,False,False,False,0.0588235294117647,1.0,0.0588235294117647,-0.1238354694416734,-1.2249700365087843
BRO,Falling Wedge,bullish,1,0.62542963618222,5,32,1919,1920,2024-05-03,2024,2,82.65965195671191,80.43388870223191,88.73276625020355,78.63490902754288,0.9437062639884408,0.0276719588023379,True,0.0359311382204858,0.0221305191161433,0.0667499897405163,0.0095748481267297,0.0307791627038218,-0.0744500589866908,0.0366166556216756,0.0058923823404397,0.0265605119414014,-0.0036029687675143,-0.0351541320791903,0.0278944337162365,0.0140348153934461,0.0352836747891751,-0.0048320664453439,0.0208977281347313,0.0225427232890327,0.0208738858518735,0.0013077993020707,0.0045907942050538,-0.0005431271804735,0.030678805605353,0.0241463453553686,0.0687686852668054,0.0382092247111116,-0.0353215242455269,-0.0384885223424086,0.0044582830326731,0.0391196276720193,-0.0403956614799566,0.0129847800301228,0.0480662229948105,0.0855844679796289,0.0605161171764117,-0.0106951652353305,-0.0582644112163723,-0.0449551493704264,-0.0554219958080731,0.023615759978063,0.0181491629565828,-0.0132619363963903,0.0460061426425062,-0.0366467276486467,0.0198261384177385,-0.0097577121663462,0.0680127904182515,0.0575848281676285,0.0302369852659125,0.0701156454020197,-0.0008009773508631,0.0240319885702329,-0.0141010706464609,0.0399338000395967,0.088748583532987,-0.0013448698262986,0.0410062799792105,-0.09468078222733,0.0412015851888014,0.0719672392542714,0.0191171116560593,0.0111090457438791,-0.0391136831018282,0.0582915477117682,-0.184110526760187,-0.008969143586632,-0.0098926334567598,-0.036745096284759,0.0471936717535232,0.051436942388067,0.0666271663065423,-0.0054528505620798,0.0119481796401204,0.011830400300671,-0.0813277717963496,0.0369196819877712,0.0033465285703351,-0.1980676420084366,0.0844537084879228,0.0552673569499611,-0.1260949354123521,-0.0148200354330223,0.0164847674374741,0.0684279438438235,0.1766101478057762,-0.0057669286125098,0.0547969420412732,0.033139289515206,0.0018998440009267,-0.1417345810723919,-0.1318715929972808,0.0579733345279136,0.0709564344177006,0.1829864448732931,0.1073914983616421,-0.0781029379051729,0.1154918727600229,-0.2119681431416376,-0.0702784079974957,0.1060602515241324,-0.167264038808123,-0.0146144035928466,0.0574212781167673,0.0841800305597899,0.129175614849637,-0.0317153728233979,0.0342122667437401,0.104798909875891,-0.0274205860878975,0.1839658794184311,0.1661155976690553,0.1203171633484192,0.2099387600188145,-0.0218121272070848,-0.036418026774926,0.1503822658459872,target,1931,12,88.73276625020355,0.0734713266960291,0.0767402356766756,0.0053540102474428,1.5089446457504605,1.5760810774117486,0.1099599729510339,1.5089446457504605,1885,0.6800304038079743,5,0.091733851127816,0.0933194463710593,0.2857471751840295,0.0,-1.043574173829238,-0.3635437700212613,0.332661002986427,0.0864087758633764,80.43388870223191,78.63490902754288,88.73276625020355,1.244430052428338,0.106000670811545,-0.0058012965351547,0.015154028936011,0.208825715787756,0.9243245918270568,0.0091877571363068,1.0,-0.0137721753393216,2024-05-03,36.0,5,0.0493016123980514,0.0192965653318981,False,False,False,0.25,1.0,0.25,0.0388449537641739,0.591162062679716
BRO,Falling Wedge,bullish,1,0.7596796720697051,5,45,2181,2182,2025-05-21,2025,4,109.89115294005794,108.88732020528118,132.3283574344623,103.64403213287898,0.9365081561215878,0.0092190048656195,True,0.0051291711084913,-0.0075541831793639,-0.0038167844205132,0.0396247659402306,-0.0404283506970301,0.0311951311008571,0.0077394754690951,0.0013719377681451,0.0524026356454621,-0.0022168919448856,0.0178763245697897,0.0403501826889296,-0.0013109518919031,0.0384458133691247,0.0109919729571947,0.0063432367906053,-0.0386482400787263,0.0445216472221143,-0.0274416151457475,0.0379780743679467,0.0113838387519915,0.1039254102783218,-0.0113852095285588,-0.0098982665159902,-0.0277304154684087,0.0403940954293056,0.0326795604025142,-0.03377774600651,0.0366670988893911,-0.0202301806796306,-0.0108204664123935,-0.0131679569427269,-0.1225157345778656,-0.0033171604891667,-0.0292324825882942,-0.0053409184752426,0.0448780992579955,0.068802031855425,-0.152602131434985,0.0119532722841417,-0.003250020012168,-0.0013885813564106,0.0230432180804203,-0.0221788271999227,-0.0579500477920986,0.0009694773724208,-0.0224062044343388,-0.0453646280498994,-0.0224062044343388,-0.0441584544876226,0.0700307883405235,0.0573248811364186,0.004977312472677,0.0301082258440763,-0.0374712286782482,0.0242307274775266,-0.0669534750900511,-0.0986863726719248,0.1025064782725557,-0.0886291659028962,0.0948933756021708,0.0198350159411611,0.02423699739284,0.0379746431162135,0.0204790925130611,-0.0161375102124012,0.0266203031883192,0.0184993356101805,-0.0302699427058508,-0.077746817613075,-0.160074232333906,0.0296167419287867,0.0839253127369932,-0.0908071925457258,-0.1818661166605816,-0.0121797651551484,0.0502512628303617,-0.0426678728776159,-0.0102257367805026,-0.1884192431090277,-0.1319173381341877,0.0047784034734164,0.1205125528100625,0.157556360702527,0.0522926209261933,0.1064420854311514,-0.1074109470495583,0.013491939511935,0.0586613482764375,-0.0436896915815182,0.0441473506542475,-0.0733714213824873,-0.1442406429519409,-0.2515790686851804,0.1121001334243867,0.0881246405509683,-0.0018740887883597,0.0155590437347814,0.1587004574763371,-0.0085791980909571,-0.0144703141751827,0.165262273651398,0.0532670666505596,0.0365296010916849,0.014457414516813,0.1443642668065772,0.1480428137438585,0.1934598502476912,0.0194914669983512,0.0264446040894941,0.0769569726709278,0.1192240119701593,0.008759149323213,0.0405971373659896,-0.2140615081148755,stop,2194,13,103.64403213287898,-0.0568482597556015,0.0243858254908611,0.0636191214989968,-1.0,0.4289634475303041,1.119104116335383,3.591607267882569,2132,0.7142899577493742,7,0.1093978693302952,0.1637569187838272,-0.0787895954302979,0.0,-1.1779684261925003,-0.4636784684431245,0.3688807565748498,0.1680016467533505,108.88732020528118,103.64403213287898,132.3283574344623,1.9082864303891875,0.0231272200011365,-0.0424839892691218,0.0173871465916336,0.0113346334577213,0.1184212177413493,-0.0016006655722335,1.0,0.0886033163198953,2025-05-21,29.0,5,0.0307342745217062,0.0312941456172815,False,False,True,0.0,1.0,0.25,-0.0568967853190165,-2.1096922161187472
BF-B,Falling Wedge,bullish,1,0.7795315863558374,5,75,1244,1245,2021-08-26,2021,4,62.12525942623587,61.33389543237371,75.83551667011167,60.79752636851205,1.7785442715478383,0.0129025555654576,True,0.0165354227687788,0.002959372873946,0.0418056123937469,0.0453525109410697,0.0044343598970766,0.0281036630313586,0.0474097794813688,-0.0193950190937696,0.0158527728137254,0.0016029558500527,0.0072227809935845,-0.0099679245543721,0.015808224516973,0.0113376591344001,0.0337222261004357,0.0054253495322476,-0.0137728575676173,-0.0715739214247116,0.0262791919946676,-0.0309566712077036,0.0536114129913161,-0.0538461379737436,0.0096126243762735,0.0258549118596482,0.0296120662767224,0.0506971701982128,0.0052491156262897,0.0134324438269255,-0.0279780352220558,0.0625837421995478,0.0468769068752887,-0.0140172339100185,0.0510390462180134,-0.0180438455158689,0.0454626767845021,-0.0712120896453742,-0.1546184513204658,0.0255489786315961,-0.0279728811076624,0.025641816211684,0.0080241288460436,0.0224871583991088,0.023661404028493,-0.0061701418750735,-0.050097067201475,0.0253251697572627,-0.0158674783031123,-0.0118688222064251,0.0127099463163171,0.0780505255014314,0.0364744534104293,0.0228006983496718,-0.0380836179131531,-0.0460831093556008,-0.0649523902848591,-0.0328229698206261,0.0093085272879573,-0.0243434175001857,-0.0123161248307309,0.0754687368447555,0.0681954367437431,-0.0233280570102877,0.0544419133395952,-0.0843567871782853,0.0018144900412406,-0.1150982998150197,0.0441860509897602,-0.0096103445999691,-0.0134902613289215,-0.0036806997206453,-0.0203466858319221,0.2188958200738329,0.0585337521833553,0.0334690357533864,-0.0134607101721255,0.0993616276992508,0.0566262668250607,0.059523616209516,-0.0209988388833084,0.0118914288885159,0.0980219159083291,-0.0157691960909288,0.1005134296025898,-0.0496806921236574,0.1047529938481401,-0.0576165980271409,0.1334725239644216,0.0576991904679096,-0.1220862991177417,-0.1919317205352443,0.0376666946210721,-0.033624911775407,0.0786177419994571,0.0265684370772605,0.1042947209009581,0.0515936447035927,0.1491384375289439,0.0067573058605472,0.2194676372359254,0.0551101001674065,-0.0211849128006292,0.026136857049783,0.0766835535824588,-0.1130400934466354,0.1318174487636279,0.0336413958552781,-0.0680048118642994,-0.1341338100812443,0.1413947818695287,-0.0170926504543711,-0.007669890173111,-0.217731269031183,0.0244109297540147,0.0544122521432663,0.0538176606212642,stop,1261,17,60.79752636851205,-0.0213718714414431,0.0532396279099069,0.0257603226139939,-1.0,2.4911074379133478,1.2053377115136907,10.326064538439525,1165,0.9238044055564768,7,0.1214889068338948,0.0258701536979382,-0.2245230415364334,0.0,-1.699584786274874,-0.7757803807183968,0.0680471544973018,0.1250315056695345,61.33389543237371,60.79752636851205,75.83551667011167,0.8485361415377781,-0.0659434746611116,-0.0307225353872586,0.0137055183828918,-0.0217935770283582,0.4126986049215296,0.0041791037757767,1.0,0.012731361412565,2021-08-26,53.0,9,0.1247535114541391,0.0690331743156629,False,False,False,0.0,0.0,0.0,-0.0395859649092971,-0.5192447007002706
BF-B,Falling Wedge,bullish,1,0.6980442113206503,8,54,1377,1378,2022-03-08,2022,7,59.14031136269657,59.18282257791935,68.73753607281122,56.77422343855336,1.1649715137842696,-0.0007183032740084,True,-0.0242554372793769,-0.0266781217668422,0.0256933050336092,0.0047642133965872,0.0348447430538638,0.0345607837757007,-0.0146599143535655,0.0122641766728746,-0.0054525523564102,-0.0045207148404271,-0.0035815173209885,0.0090243577195525,0.0366312967451831,-0.0006255122831094,-0.007780218467146,-0.0020217159407162,0.0082279968902041,-0.1587716115552626,0.0626703541521176,-0.0747402473433929,0.0144349410586277,0.0371431731572551,-0.0246607041391048,0.0150445100332354,-0.0457512240017179,0.0246115699739821,0.0496891674642692,0.0009014867643233,0.0361334304137801,-0.0791599895678958,-0.001598658402787,-0.0081871940101049,0.0265605089958806,0.0189267671808637,0.0278325186910504,-0.0367282325422784,-0.03608425113814,0.0236282684600821,0.0801596621235214,0.0278882235754582,-0.0358670173470938,-0.0147973632122425,0.0105608250152589,-0.0363219682692671,-0.0111237126929575,0.0116933079594503,0.0385324462699199,-0.0256609250056358,0.030130605551274,-0.0041487800891785,0.0656661759193164,0.0305682764130263,-0.0440591424023489,0.0895522257775038,-0.0693712062813679,-0.039143597881406,0.1542700090526316,-0.0842940199547108,0.092714421418041,0.0780678996247028,0.0331673605056312,0.0184762123710775,-0.0024634292636379,0.103980165423188,-0.0916936338834457,0.0528684411162188,0.0185747662071358,-0.067153300560952,0.0202469738167849,0.0323916158378305,0.0200357859929429,0.1142478893842435,0.0188320152880958,0.0496187136140182,-0.0006389465756444,0.0211136930709803,-0.1197411247631958,-0.0602216690927698,0.0363762413129615,0.0673395527870119,0.0825765354709948,0.0817052146492898,0.1399363788778973,-0.0873094113892171,-0.0116909580507839,0.0292737965474938,0.1817476870571219,-0.2238654001642721,0.0782152990726503,-0.0308139621139216,-0.1420681955715066,0.0211599483672581,0.0158120251463247,0.0309914299262491,-0.0036365853281907,-0.0703942085830638,0.1518885115416894,0.0404381263699449,0.0001791887990945,0.0395481362034815,0.1435880221314376,0.0001791887990945,-0.0586245496348948,0.0083829425019972,0.0798322740075385,0.0555546770076171,0.0572504498892052,-0.1510862210016645,-0.0557169361292742,0.0973156350104313,-0.1160949005537628,0.0138189010624492,-0.2629182712064787,0.0391184889017994,0.0153808816569021,stop,1380,3,56.77422343855336,-0.0400080396877254,0.0036843393616559,0.0417561990713155,-1.0,0.0920899746754235,1.043695202195231,4.056157259494038,1316,0.6565012180317251,5,0.0533922746421414,0.0442359750681755,0.0391145541341759,0.0,-1.2891698157686136,-0.6326685977368868,0.4950185232315157,0.1140212174566603,59.18282257791935,56.77422343855336,68.73753607281122,1.9995740590370985,-0.0829320546401786,-0.0506029500723612,0.0343860705418727,-0.0696231047146453,0.0289861749453612,-0.0026567326940767,0.0,-0.0693332391583805,2022-03-08,53.0,15,0.0556669901794484,0.0106570287220026,False,False,False,0.1428571428571428,1.0,0.0714285714285714,-0.0095259797539356,0.1380439929815208
BF-B,Falling Wedge,bullish,1,0.7133996417110148,3,25,1589,1590,2023-01-10,2023,2,60.21823331963331,58.38888510119125,68.78174485766874,57.22536467664565,1.144303160502429,0.0313304187136249,True,0.0138341276930686,0.015720920935676,-0.0020217159407162,-0.0341365527717294,0.1279451958837505,0.0076335809652428,0.0075111167482828,-0.0458515374771109,-0.0250454918875677,0.045510002426419,-0.0458515374771109,0.0208852868944369,0.0095729992531545,-0.0127294784768391,0.0418129842789936,0.0129150852874619,0.0004254673523633,-0.0111229977660547,0.0484220946918616,-0.0087902318477115,-0.055036126890355,0.0021099260546568,0.0096262242279972,0.0390694515087906,0.0183675067433037,-0.1122899961286713,0.0516105992933322,-0.0616503642983182,0.1881768419552418,-0.116809157514683,0.0140741311275176,-0.0487668844862194,0.0495868506573731,0.0035323636591488,-0.0984835769445922,-0.0492346209959753,0.0465515842009616,0.0108343297269035,-0.0464607878564659,0.0403112836464905,-0.0239010787090883,0.0401113511359509,-0.0047330943815278,-0.0317677250983806,0.0105299309746933,0.046008352510606,-0.0114016395577954,-0.0583639290373599,0.2907027257349714,0.0044785789733849,-0.0245976820175976,-0.0376117681321948,0.0161641534195911,-0.0058675165943112,0.0078477050417962,-0.013058075663021,0.1437891181663779,-0.0128326747966029,0.014449535208707,0.0592474181180198,-0.0759706367790281,-0.0468308382780997,0.0510368676490387,-0.0637942567368654,0.0566686030153971,-0.096852119187127,-0.0341975411414381,0.0295832616188502,-0.0245193824387879,-0.0501471018530753,-0.0484389171987317,-0.1003300642121792,-0.1052879987970563,0.0069177820997421,0.0192484050690153,0.0466992154464307,0.0015338023333573,-0.0667129421410257,-0.0964505549123336,-0.0057347489143015,-0.0176648779844961,0.0350957396606228,0.1352004073291728,0.036605406073471,-0.1260258552071224,0.0293708120317717,0.0236837420036548,0.0889587427850635,0.0545914256067623,0.1446623088933174,-0.0471543408417147,-0.0530074221691829,-0.0445052765379666,-0.0917267315544877,-0.102012332962331,-0.2176282162086763,-0.0165110350280719,0.0109095944487658,-0.0774669779698979,0.0741857937543313,0.2013219572309985,0.0560798250576035,0.0359142873831042,-0.0879928370855945,0.0484949734598574,-0.0680048118642994,0.0977852869179003,-0.0754388852772094,-0.0012036278565693,-0.0850813385316948,0.0798322740075385,0.0917892631176224,0.0461957412245706,0.038473461690041,-0.0469873963133661,stop,1628,39,57.22536467664565,-0.049700372760884,0.0468226910926186,0.0525871291327101,-1.0,0.942099394664296,1.0580831935751227,2.861305509715529,1562,0.7430728081138405,7,0.1655116605905296,0.0959027755957597,-0.288963881100694,0.04,-1.9376487383276328,-1.194575930213799,0.291932620218995,0.0772471064975197,58.38888510119125,57.22536467664565,68.78174485766874,1.110963529423722,-0.050384364899748,-0.0437825275869911,0.0185959586041591,-0.0635698558306112,0.9722269317170306,0.0020095275449818,0.0,-0.0023048235307066,2023-01-10,57.0,15,0.0367774676274401,0.0375768926337221,False,False,False,0.0714285714285714,1.0,0.0714285714285714,-0.034553165763393,-0.4775128716041362
BF-B,Falling Wedge,bullish,1,0.6081965808526825,3,30,1901,1902,2024-04-09,2024,0,46.87927108631178,46.82265597476601,58.80824713978939,45.39915563064454,0.474894400159647,0.0012091392589153,True,-0.0323796700917662,-0.0130021784668148,0.0267245234230741,-0.0008821218550292,-0.0691861131649729,-0.0107689907286127,0.0149806300324941,0.0050267512083004,0.0068337649885954,0.0014170415242669,0.0016197289277013,0.0222469488351275,0.0101395544819307,0.0316479786270871,-0.0200088678921152,0.0667199811050729,-0.0190546108636439,0.0182244794455941,-0.0257103995246904,0.0013809783716576,-0.0715739214247116,-0.0306957565731585,-0.0303337490389646,-0.0188716235540464,-0.0036228583282685,-0.0605530694622764,-0.127099826528395,0.0848574835611524,0.0427443424757365,0.0165456538267381,0.1285615783796583,-0.1546184513204658,-0.0636026043851537,-0.1325139802417055,-0.0001301172224046,0.0471154640881867,-0.0246048943051446,-0.0086438068138779,0.037293809712618,0.079894012119783,0.0423603068641915,-0.0066787386150169,0.0931281130042278,0.0096087446274302,0.0657329528570571,-0.0223414721851634,-0.056217667327534,-0.0633455322741316,-0.0750862295288405,-0.0015939363811194,0.0801968376500614,0.0420154747125591,-0.0587230932896384,-0.0482060790742383,-0.0214735024227746,-0.0039690380770052,-0.0146616345508406,0.0327890137229447,-0.0460831093556008,0.0514303647112597,0.036471144371303,-0.0264054558410341,-0.0909842942046796,-0.0614282719913739,0.2435079191629998,0.0641140584206501,-0.0137887783292629,0.0877193602643204,-0.0650097048260185,-0.1450138571277555,-0.1862812917591036,-0.0690986495837422,-0.0157691960909288,-0.0933050668611337,-0.1128049999375286,-0.0787784009813561,-0.0088045251386896,-0.0486261486546472,0.0254838989166441,0.1140138024030417,0.1011906263083299,0.1306939419045711,-0.0962799598936504,0.1282072178483242,0.0408574975657249,0.0435529457014425,-0.0267575434802816,0.0828265009492492,-0.1824673190289769,0.0609932048315038,-0.1272453131926978,-0.1384079828070154,-0.1537254657001534,-0.2373691705383336,-0.0870954917942058,0.1776667164002863,0.0244797989645537,-0.0715284388186389,-0.0096663047143615,-0.0850813385316948,-0.0072253032316286,-0.1110608478373553,0.0432280961258504,0.0306525137141453,0.0730430974798803,-0.054961380415529,-0.0016450857386889,-0.0710704104677477,-0.1308117226710281,0.1379181252517358,-0.1567716917562708,0.0072697998641919,0.189875568214453,0.0395107735622199,-0.1505617893801618,stop,1906,5,45.39915563064454,-0.0315729195733893,0.0097338327091719,0.0375445164556771,-1.0,0.3082968835538393,1.1891366703800457,8.059490229496996,1871,0.707113343980094,6,0.116693800929711,0.0549695723846321,-0.0806184199618668,0.0357142857142857,-1.6240674684697127,-0.9169541244896056,0.2727803932170218,0.1256143665149655,46.82265597476601,45.39915563064454,58.80824713978939,0.7616324108414853,-0.1420768190480739,-0.075256713990223,0.0160616208282559,-0.0976095425200139,0.4864784056581384,0.0051332161549337,1.0,0.0188812421605115,2024-04-09,53.0,9,0.0889509355554813,0.0073108932910042,False,False,True,0.0,0.0,0.0,-0.0436493929433104,-0.5283603759943173
BF-B,Falling Wedge,bullish,1,0.6581969653060786,8,53,2290,2291,2025-10-27,2025,7,27.369273977821567,27.01984588774769,32.1499457110352,25.505322657444765,1.1617654253130243,0.0129322754661722,True,-0.0278954116384453,-0.0224955883219946,-0.0001379207756082,-0.001956494095928,0.014479864318081,-0.0538461379737436,0.0344190747954444,0.0024584119541131,0.0267245234230741,0.0010994055909652,-0.0044683207400216,-0.028363390518711,0.0408102592090124,0.0081146834244927,-0.0378838058226113,0.0073161468081797,-0.0257121497179195,-0.0238985134582064,0.0090284880814415,0.0037846304129438,-0.0075580165080726,-0.0102515653642548,-0.0256033702905788,-0.0353106439200996,-0.0271453573976085,-0.0346723871362592,0.0266470357176835,-0.0573938828270298,0.0338643857424449,0.0729448003135448,-0.0363282470813257,-0.0257034512729592,-0.0101513332219009,-0.0439719136787007,-0.0012477642350349,0.0126036858897531,-0.0822801649155946,-0.0139718574791282,0.0067857639668025,0.0103705921492136,0.0057297174402639,-0.0354549793298294,0.061314352554892,-0.0557284332431333,0.0383317205759232,-0.0288950259165809,0.0081214706949681,0.0347861779580018,0.0182373366413381,0.0228787404937111,0.0288574020646834,0.0730257418721569,0.0330368119344337,-0.0375660395680158,-0.073076677511074,-0.0397330253268172,0.0406672870241724,0.0192823296161521,0.0315143542988081,-0.1863965636635564,-0.0047529841110286,0.0548147199630755,0.1034482249124477,0.0774192661023813,0.0414563414724149,0.007762047148645,-0.0577970764923174,0.0574953699923852,-0.0024072096482316,-0.0519482943366452,-0.056231623006519,-0.0118497498633947,-0.1028653129925428,-0.0056790880439835,-0.0132333217845628,0.1403581177797537,0.0364324934197892,-0.0756212708452598,0.0595911871712082,0.0159251708010608,0.0763230849746448,0.0005285918229103,-0.0301343524662045,0.1224760608993038,-0.0130393304388866,-0.1386570473389212,0.0185949484350338,-0.0133436545740952,0.0978306316657158,-0.0597339285316048,0.0339375025479804,-0.0588403309685425,-0.0188518862262617,-0.0249890981628136,0.1527820605958971,0.0310673827227745,-0.0101511656383787,0.1062720781843902,-0.0436597722039318,0.122852470483086,-0.0449504620167503,0.0262516064270157,0.1530054838261672,0.0644353108385715,0.0311481565015225,-0.0125583756134041,0.1218916090283539,-0.0544404909298813,0.0662225009582768,0.0316308387337218,0.1747087495502195,-0.0219707045503874,0.0441785017608777,0.005688670574858,-0.0660721086879117,stop,2294,4,25.505322657444765,-0.0681037912034947,0.0130650015261482,0.0713277522546291,-1.0,0.1918395627507705,1.0473389365578945,2.5648050359207923,2230,0.6895334185585407,5,0.0198411494315157,-0.1968949688876798,-0.0256128022471835,0.0,-0.9877235214159454,-0.2981901028574044,0.4228927113101304,0.1848444312931395,27.01984588774769,25.505322657444765,32.1499457110352,0.7324154123052035,-0.0715217088359804,0.0116579706289015,0.0265914821666647,-0.1510523876974384,0.7500000000000026,0.0003578906434487,1.0,0.0324854841063737,2025-10-27,24.0,16,-0.0629007330642164,-0.0384624030954782,False,True,False,0.5333333333333333,3.0,0.2,0.0464407367874777,0.7984464776242695
CHRW,Falling Wedge,bullish,1,0.6090154482055515,3,29,861,862,2020-02-20,2020,2,63.52998485391527,61.696722994033166,77.06431015214736,60.85774552350863,0.4548435115808578,0.0297140880571469,True,-0.0569576739404835,0.0561970731733457,-0.001929939831417,-0.0061104465666783,-0.017037785983992,-0.0406316392472235,0.0383405238199077,-0.0104665819811526,0.0383979266535241,-0.0160519459976978,-0.0122578948002447,0.0354537153856726,0.053617542791772,-0.0120941911187562,0.0141807132125992,-0.0137164225470675,0.034200671663503,-0.0233971929698548,0.0332972179413324,0.0187400191544686,0.0383922512230101,0.0128729490786909,-0.0651476484345033,-0.0975610018733529,0.0008382187966357,-0.0299111357406783,0.0386837593851669,0.0101650387078751,0.0233534588070176,-0.0056822897633768,0.0322451302933808,0.1663815024864259,0.0053932940689627,-0.0788632405298552,0.0104000070977068,0.0641622506689194,-0.0399999089081692,0.0227001180259402,-0.0030778582311831,-0.0239252574200842,0.0339006803270331,0.0354221619833423,-0.0231241236822221,-0.0032560399177852,0.0075010397093204,-0.1096844312417398,-0.1291014043480501,0.1539642013193866,-0.0092581060451636,-0.0125471951542472,0.027174402811853,-0.1437433368515525,0.1822150701421658,0.1845502989317535,-0.0048229634063294,0.0785304663371446,0.0583914564455299,0.2028410044640543,-0.0111733529128115,0.1312924755068876,0.1089724328256298,0.0214368888030436,0.0098916051278126,-0.0777067550470007,-0.026412813114458,0.002473116143479,0.1460523045065584,0.0300700896840395,-0.1740127588079696,0.0091600582810826,0.1496926337677979,0.2396766830358789,-0.1952276592621795,-0.0838257567599255,0.1947354721406509,0.0198499983982232,-0.1464099016119096,0.1405612723650877,-0.0934504631788233,-0.0933284709679912,-0.1048047455734892,0.1180716435926416,-0.0928283739984988,0.0099477301846548,-0.0865495303717024,-0.0552117372670066,0.1378801035728667,0.1263886376738801,-0.0118701422542739,0.03555863192754,0.1677698356898971,-0.0021866030856933,-0.0143593903619524,0.1272529210791757,0.0728576578196669,-0.0371315344389875,-0.0545668546413599,0.2502404192023972,0.3640189723592886,-0.1325286607681092,-0.0923203496701564,0.1213162382703734,0.0457609148702689,0.1110020659756836,-0.1815506205304032,0.379230254063533,-0.0497660339275073,-0.0149180078056374,-0.1442175956152848,-0.0946969353372901,-0.0303533700136513,-0.0487520632223121,0.07927414204887,-0.1005143928192021,-0.0364786026529614,stop,864,3,60.85774552350863,-0.042062647056368,0.0203806480073779,0.0487243121956501,-1.0,0.4845307995016542,1.158374843370053,5.064787851981993,830,0.8993746963506629,5,0.058523954201266,0.0188341859176957,0.1447814439639569,0.0,-1.2115359009005275,-0.31216120454986,0.0735428129088208,0.186677559626243,61.696722994033166,60.85774552350863,77.06431015214736,1.12328901994983,-0.067530634975778,-0.0245516223588432,0.0175087305877662,-0.0997940532143027,0.9176472700182244,0.0020413279368782,1.0,0.0169309183972374,2020-02-20,12.0,6,0.0757025775755859,0.0532657024358251,False,False,False,0.0,0.0,0.0,-0.0757898718921561,-1.1222148663795426
CHRW,Falling Wedge,bullish,1,0.6325445957622486,13,121,1273,1274,2021-10-07,2021,0,80.06382329084751,79.6815453796464,92.11431245186586,73.81117333186693,0.6091273960279565,0.0047975715001475,True,0.0477359982193597,0.0408645075678419,0.036044222716149,0.0117522278435937,0.0144775338699341,0.0009281745363611,0.0241720899977868,0.0226187425581005,0.0939680495007688,0.0430932322755674,0.0602623030014766,0.0334180874951459,-0.0061460215398048,0.0061741075953558,-0.0050554436882263,-0.0122353659126078,-0.0404820009555402,-0.0348763681446055,-0.0198573758165893,0.0186343927320702,-0.0003371084853132,0.0128670495966858,0.0347649717605442,0.1019408009832081,0.0698348130452775,-0.0083830825253453,-0.0854071806910834,0.031279411646917,-0.0103893530363819,-0.0305926973791422,0.0344274304433369,0.0506342251419342,0.0260856208202375,0.0320704449801756,-0.0542910996050147,0.0456552170916904,0.0851510122964438,0.0274851709975552,0.048739723065404,0.0727189009134341,0.0674058611934536,0.0196521784337666,-0.0105766594741849,0.0263649647407404,0.0153375147941352,0.0827724207908045,0.0712690692943998,0.0088543862207828,0.036624671318687,0.0979971226891895,0.0107882849465705,0.0306656409220689,0.1716780500628327,0.0646527467297666,-0.0205444864142745,-0.0683948820929482,-0.0219703005325768,0.0563016312560686,0.0140875424697657,0.0496092664510683,0.0565756076536159,-0.1485605048086667,-0.0857007047751632,-0.0518716957486963,0.1819004588316894,0.1716780500628327,0.1111269872395763,-0.0885002816056114,0.04286190906161,0.0818649022266597,0.050145727911538,0.094357126973154,0.0528162866274029,0.1458729294793737,0.0158520973865838,-0.1174359778825135,0.1496783403930843,-0.0564977477051302,-0.0625899601988745,0.0404120114428092,0.0631232487021677,-0.2041759174222848,0.0385605305378049,0.1402725538501579,-0.0108966986510112,-0.0470793962183568,0.1785458602067346,0.1674032168739512,-0.0361020913700981,0.2189562712786001,0.1141316978815445,0.0376046831174047,0.2097728452809604,0.1189648721504827,0.1010753754492883,0.2400060041310838,-0.131930020837945,-0.0458984242994177,0.0761032393753922,0.0312605449412493,-0.0861144774699321,0.0743092125846751,-0.114161994581889,0.0232281493910539,0.0442799016379436,-0.0781718472714871,-0.092293864613309,0.0465778455691945,-0.001322081201138,-0.0368857537577401,0.1077676566345642,0.1139558264884021,0.0796547700416101,-0.0584183297769623,0.1951217586592285,target,1318,45,92.11431245186586,0.1505110381406917,0.1689717191182061,0.0021191438059971,1.927261119697004,2.163646125943764,0.0271351756973958,1.927261119697004,1152,0.3964733462620984,7,0.1648474421491759,0.0915690980265462,-0.0725870769914354,0.0,-1.0156518433382489,-0.619178497076151,1.2095635585856443,0.1205127069679171,79.6815453796464,73.81117333186693,92.11431245186586,1.4427850304018068,-0.0335342898440206,0.0066017684008523,0.0180244579477451,-0.069888436618888,0.5043487491126675,0.0048466294561255,1.0,-0.0198553458566056,2021-10-07,25.0,6,0.0014649685794163,0.0069327332644202,False,False,False,0.2,1.0,0.2,0.0713127537481472,2.00642520770453
CHRW,Falling Wedge,bullish,1,0.7390141744920483,3,31,1655,1656,2023-04-17,2023,0,88.32202925044466,87.71903383117706,100.1979352202584,83.32205862941453,0.93905119217055,0.0068741685006257,True,0.0297745986865967,0.0368729572031714,0.0130413374715898,0.0375414931151647,0.0094689338055737,0.0111964003561164,-0.0088702359285026,-0.0104568685961975,-0.0067336880037219,0.0016648546771853,-0.0129870126218178,-0.0004592199881965,0.013578840410938,-0.020804798242645,0.0114482842763607,-0.0158848803735294,0.0327503053439282,0.0193342349040006,0.0447168046170878,0.0584928121919652,-0.0101593775982546,-0.0157544338105452,0.0222184093862717,0.0910990265622206,0.0912675581134651,-0.0099585075999276,0.0542537557453,0.0122201839986924,0.0824081352289096,-0.0916355354317521,0.0099619550445497,-0.1528547527840369,0.0386004211277124,0.0356824387304297,0.0906522697510259,0.0363144702864051,-0.0224433511452185,0.0468604871613096,0.0171428858162505,-0.0362119788763045,-0.0221586720769065,-0.016351741817058,-0.0017031765243253,-0.0148386211684509,0.0127699747747347,0.0876634945501537,0.0449225551562202,0.0511066581997693,-0.1263938251608086,0.0825860590773124,-0.0090842630596491,-0.0622069400386919,0.0544404606779724,-0.0664178776453563,0.036855264537454,-0.0459547106432024,0.0615888111103919,-0.0063188330775612,-0.0037358698314886,-0.056695844624337,0.1217373932302063,-0.057292211611694,-0.021990419129796,0.0053204587903019,-0.1197487444090014,0.0429229273746649,0.0871967475195059,0.0660071984410302,0.0457817660798575,-0.0395612868265592,-0.0902856468820344,-0.0514525655001824,0.0677104142675995,0.1833732372593135,0.04913999939599,-0.0254007551794737,-0.0393925253157377,-0.0568778702815885,0.0652584495888894,-0.0956818931742304,-0.0506329946910135,0.1843292603753847,0.0788380262948078,0.1560557666650461,0.3272530050370903,0.10347510970074,-0.0169713704800746,-0.014487920838447,0.1947354721406509,0.0702684944667577,-0.1015248135936061,-0.090962013133455,0.0183762929057433,-0.067407278071397,0.1208813998846749,0.1170245514322694,0.2303439969616791,-0.0338244943326727,0.0022846334407531,-0.201769492885155,0.1488512424335482,0.0912317948746761,0.0085970047430035,0.0188224540139914,0.2821817854469686,-0.0039810988167128,-0.0864563328104631,0.245043919051664,-0.0226707457562647,-0.1277152336093043,0.2506706885562324,0.2636068867789347,-0.093890591950389,-0.0778320514846102,-0.0381937228928978,stop,1693,38,83.32205862941453,-0.0566106855046579,0.1088591302014644,0.0594346078868896,-1.0,1.922943155184145,1.0498832041523187,2.375195150120096,1624,0.487210708897711,6,0.0167235550060849,0.0394211129356638,-0.3311272852189409,0.0,-1.0891274007470222,-0.6019166918493034,0.7876613260533495,0.1067637635257688,87.71903383117706,83.32205862941453,100.1979352202584,2.0530348018280287,-0.0344732303239754,-0.0316785009620428,0.0232327425109339,0.0173302690262744,0.7465733023280073,0.0059642130152834,1.0,0.0614119167679025,2023-04-17,37.0,6,0.2134018308892815,0.0786407907814683,False,False,False,0.0,0.0,0.0,-0.0279493702040944,-0.4298235331403207
CHRW,Falling Wedge,bullish,1,0.6516179656515246,5,53,1806,1807,2023-11-20,2023,4,76.48897842997741,76.64918700172058,87.96350544757178,73.44711149979645,0.9650267672228516,-0.002090153568616,True,0.006843268215487,0.002981731390441,0.0311298478403296,0.0114261322274993,0.0386599618723051,-0.0639603511249758,0.0022440431786812,0.0356298086934934,0.0519847544328428,-0.0413489305558654,0.0586465289951771,0.0248896464850183,0.0583170691224035,0.0375414931151647,-0.0517760141819307,0.0322441882040542,0.006631836823709,0.0724900548816294,0.0906230567895511,0.0187428148148092,-0.036243684588107,-0.0293990277083689,-0.0105803932503839,0.0474272219093279,0.0398805172381404,-0.0084809630873686,-0.011796980930781,-0.022806564588755,0.0744242733431967,-0.0193033999836214,0.0726559822839874,0.0328095742647616,0.0135463912127991,0.0679675618033224,-0.0829871306066762,0.0965421902294128,-0.0065514643220313,0.0096596283657786,-0.0635519117576077,0.010751132689075,0.0545441066427212,0.0305055912955529,0.0412973529631011,-0.151827028477958,-0.0214652115191087,0.0416305654183378,0.0473040368120827,-0.0047398140934766,0.0228645072842867,0.042823926181253,-0.0645598016714997,0.0812291740940911,0.0111223942601772,0.0691949877596644,0.0169288648871981,-0.0129189333025641,0.0009425422581237,0.0355664890310627,0.1278536126631542,0.001635928964359,0.0798774171275513,-0.2414006785836199,-0.0015583463950057,0.0030247547489039,-0.051495041581798,0.0383355589724359,-0.1317240842141814,0.072534985809157,0.0422901238974452,0.0619557819979637,-0.0069042113321273,0.0283572223785173,-0.0122967626853863,-0.0317686663963996,-0.1432947127532975,0.0530281238531136,0.0542693692264502,0.0092948130635157,0.2527574534030898,0.0492240093889375,-0.011885726438124,0.0500514953101918,-0.0320399928218029,-0.0452462672670952,0.0830292882099579,-0.190144633027269,0.145550962148367,-0.0072985266162234,-0.0109393853791273,-0.0733271827455117,0.1260751903287009,0.0472859784389334,-0.1104196680754048,-0.2171218153573393,-0.1747705046019516,0.0276124105170523,-0.0556448717072119,-0.1097822815563666,0.1847284304904162,0.3500762260345813,-0.0233856569948545,0.2341961091836264,0.1321593511748864,-0.084345212523628,0.0929228267216595,-0.0348070279812321,0.0560737365878711,-0.0646516677849948,0.4368977053804139,0.1689352267823247,-0.0951695618275348,-0.0821254074162595,0.1800413532632385,0.0945048612418999,-0.1720929703246016,stop,1855,49,73.44711149979645,-0.0397686959954062,0.1045571996740953,0.1187921021995962,-1.0,2.629133217900151,2.98707561880626,3.7721988768626895,1749,0.561929196488434,6,0.041603118848752,-0.0076554720549942,0.1412303438095701,0.0,-1.4812251814125443,-0.9192959849241144,0.7460065816172564,0.0852763002217001,76.64918700172058,73.44711149979645,87.96350544757178,1.8480951267961905,-0.1189853318220308,-0.0275576354839631,0.0241026847649358,-0.1779763854158725,0.6224474702415641,-0.0035109449070651,1.0,0.0803884635106007,2023-11-20,37.0,6,0.0383224870611857,-0.003626994280411,False,False,False,0.2,0.0,0.0,-0.0552036917126827,-0.8257901348078346
CHRW,Falling Wedge,bullish,1,0.6429601279648781,3,25,2398,2399,2026-04-02,2026,2,166.60833176460736,161.29909771706434,202.2020198553978,159.5490393234145,0.9957367695611756,0.032915460301309,True,-0.02626556806103,-0.0622488499728516,0.0230218277446099,-0.0129639874196639,0.0101948573288777,-0.0255978564569954,-0.0090576815504207,0.0060052937565306,-0.0026914131082391,0.0192187386562436,-0.0082736026495725,0.001580478380242,-0.0159736475854573,-0.0397617233492187,0.0279751049798591,-0.0006321654652829,0.0504221505909563,0.0575081535604573,-0.0108662453826838,0.0486881842041639,0.0090649012344168,0.0291392760709285,-0.0341156002380176,0.0854080707656246,0.002646464355047,0.0542114685565544,0.0044137276443727,-0.0036126598747865,-0.0219048458984691,0.0545696871118466,0.0055146828721042,0.0151822643352423,-0.038571267071041,0.0456552170916904,0.0015156745121929,0.0282514323001201,0.0007405391786954,-0.026582198458283,-0.0073643371782317,0.0679675618033224,0.0392392330364101,0.0128056126608586,-0.0173086641982912,0.0227486421962495,-0.0214652115191087,0.0746077428105521,0.0559857243275936,-0.0428006094652264,0.045999081210404,-0.0377192637646212,-0.0217228831709483,-0.0571730004033201,0.060190136448841,-0.0540344426854978,0.0224240360293521,-0.0070010205704772,-0.0030552186267995,0.0060309898993236,0.1006315137335183,0.0236594347649614,-0.098321911465668,-0.0361284993128883,-0.1584123501329891,-0.2893087606426564,-0.0257663870457175,-0.0749091073809934,-0.0647346510619309,0.013646276400768,0.0887710257164606,0.071411533662304,-0.0851462221535386,-0.0247184304178199,-0.0350093720571875,-0.1327830853320863,-0.0254007551794737,-0.105435537539702,0.1216325034116261,0.0979558444099324,0.0502918615059406,0.0527947405342381,0.2212535819388386,-0.0185177523735731,0.1213169602354919,0.1402050300733752,-0.0402057812824983,-0.1057778582779872,0.0946609112093939,0.0728191918972382,-0.0370422792789676,0.140911994731177,0.0277741462736256,0.0405752379382249,0.1255807314284913,-0.0159645196001723,0.3519828909756786,0.3666849003722978,0.0293548980591547,0.2571219670212863,0.212929209298295,-0.074784677120688,-0.0746732580579569,-0.0791375010503607,-0.0694644688863438,-0.0909822832543595,-0.0698631390922445,0.1123718978810819,0.1087964931131342,-0.0061970273557395,0.3423515725600734,0.2331278590399095,0.0103253880168692,0.0869007136766095,0.151416046625062,0.1095580277303267,0.030189755950887,stop,2404,6,159.5490393234145,-0.0423705847506269,0.0416319547154912,0.0472900730584369,-1.0,0.9825673863251372,1.11610621700795,5.042104203403122,2371,0.9054903261261484,5,0.0483175766522206,0.0128498158659797,-0.1778463544223926,0.0,-1.2740174581250217,-0.3685271319988882,0.0601990681745519,0.1757340597626819,161.29909771706434,159.5490393234145,202.2020198553978,5.3442841264228615,0.162253518909669,-0.0678456236407328,0.0320883981343417,0.2745973786478173,0.5518671411024304,-0.0179821665978094,0.0,-0.0347696124896711,2026-04-02,42.0,9,0.2773816880261843,0.1538227302679762,False,False,False,0.0,0.0,0.0,-0.0546751799534902,-1.0371643977780558
BG,Falling Wedge,bullish,1,0.6851249414810563,3,27,1320,1321,2021-12-14,2021,1,76.4475361417658,76.6641580359568,88.87866749818386,73.80171790901264,0.928402301234044,-0.00282559542478,True,0.0151810925312334,0.0124474679252517,-0.0191968591565592,-0.0445044235567493,0.0388223719235003,0.039520779851498,0.0040581359120479,0.0044738565291135,-0.0011513774394764,0.0122603586483389,0.0363063100246838,0.0401778733402429,-0.0137607730405008,-0.0247323298207341,0.0317734734367691,0.0208790527459998,-0.0085348180082327,0.0796486601147536,-0.00033662547926,-0.1430397033797346,-0.0388716579982235,-0.0358025192650377,0.0162816032621114,0.0604944700992435,0.0265350436937927,-0.0284317532764147,0.0419169025526224,0.0841756847297996,-0.0820980965461818,-0.0438537463745174,-0.0167555836146382,-0.015151171549913,-0.1072793445656007,-0.0379157747298161,0.0644895436930834,-0.0180288045256777,0.1202519463024542,-0.0243771270292544,-0.1170233287856096,-0.0389004065297758,0.0436913392670157,-0.0102647333290623,0.0279092432990599,0.0112713072375481,0.0514471276260375,0.0652408089066856,0.1336400174538432,0.1136694058280567,-0.1145069205944506,0.0114405247547524,-0.1019800205282491,-0.1094609865765674,-0.0430773468937217,0.141023049082783,-0.0778809215622832,-0.1830756463539472,-0.0240208398663545,0.082736814031824,-0.0122258692106387,0.0062662184627395,-0.0309219090688389,0.028323413740434,0.0460577084367099,0.0665962276517857,-0.0297190721196991,0.085212034541013,0.0589922966889153,0.0802576951940106,0.1396381949633323,0.1392757718589985,0.1662954274475132,0.0355614908151959,0.0532524195128474,-0.064416551821418,-0.0676192080157602,-0.0162370396981397,-0.0468618879534262,0.1510566921165894,0.0919114446368971,-0.0716853843910465,0.0653666111384883,-0.0612706840133682,-0.115024384768446,0.0851342694663215,-0.0629405122162174,0.0490038462808182,0.2099350934655703,0.1320933230977827,-0.0386838416243787,-0.1098618819253115,0.0267819766340406,0.1270009823221465,0.2709070788570458,0.3612662335958708,-0.0386373438258073,0.0219778847928207,-0.0067524938956342,-0.1647007418968654,0.0059099076830728,0.0929244231505213,0.1751680231068706,0.0923475393658972,0.1307550035228053,0.3034316018641898,-0.0095751408603556,-0.1289807165327118,-0.0702696904586999,0.0156072722329609,0.1628976738548291,-0.0066692203915627,-0.3777820498534107,-0.0307196660532679,-0.1119053856976736,0.0738893895028047,0.2644612653765066,target,1354,34,88.87866749818386,0.1626099673554624,0.1630823598950925,0.0325472184346345,4.698407170428563,4.712056349083175,0.9404102771665362,4.698407170428563,1292,0.6873172863492121,5,0.0578707779901422,0.1299726132539778,0.0893451147577424,0.0,-1.0181828637898056,-0.3308655774405918,0.347159375030582,0.1388959987102355,76.6641580359568,73.80171790901264,88.87866749818386,2.182330222729275,0.0637223682955607,-0.0223681828836146,0.0285041577470913,0.0958153529512868,0.027626032709492,0.0003411581342438,1.0,-0.0087072515331587,2021-12-14,57.0,11,-0.0523528978016425,-0.0179144255664716,False,False,False,0.5,1.0,0.1,-0.0751507914847111,-1.7164710694971397
BG,Falling Wedge,bullish,1,0.6201662877404998,3,23,1432,1433,2022-05-25,2022,1,103.09316209713072,100.01604063228808,112.58838897453302,93.57828483198006,1.2256477923407678,0.0307662795426562,True,-0.0079231035424515,-0.0548791040124768,-0.0029735627796868,0.0807601272666167,-0.0001211460366952,-0.0026859440551377,0.0086567623237825,-0.0016488101948959,0.0124030124695631,-0.0171993368313738,-0.0067267068641962,0.0049917706771194,0.0125616500396921,-0.0238608879745151,0.0883660080586787,0.0180611298085271,-0.0677762118003445,0.0157439573427615,-0.0160189310457201,0.0829028832005469,-0.0008791981825161,-0.0130485190944913,-0.0164985058588372,-0.0510680081183979,-0.0580162056986278,-0.0419178569115504,-0.0553229710859045,0.0855336216479929,0.025054667034315,-0.0165642422361346,0.0224191286131529,0.0677394655049687,0.0926790038878311,-0.0080495954301936,0.0829362890089648,0.0373064131760625,-0.0443711255529073,0.0452843333942221,0.008718216625146,0.0166156514723847,0.1011503107698241,0.0355078222884523,0.0277581619884632,0.0514853338852194,0.083890367047327,-0.0819606578747798,-0.2388046348168591,-0.2214846144603837,0.0148428249528957,-0.0150430580845635,0.0211775545303622,0.0348260630731995,0.0858123189885329,0.0697760826133846,0.1017405779669988,-0.0983509380188187,-0.0542560535836113,-0.096041656406264,-0.0682958605377107,0.1416819851082766,0.0190793182514399,0.1616203940616305,0.0399644714542848,-0.0910612663448742,0.2126978345485106,0.0330376348646093,0.0152388685551227,-0.0094195968613158,-0.2647560097734636,-0.188770396257457,-0.1852804709915204,0.2189047988274088,-0.0291204587314433,0.1502822217836348,-0.0441254271153265,-0.1735765442859485,0.2175416277734465,0.1535771846666749,-0.1523231919478356,-0.0135661955040159,0.1240224967340184,0.1028871042902621,-0.0366177840440692,-0.0661205040913351,-0.0039326055557058,-0.0140413021128479,0.1155900865808259,0.1709038183281799,-0.0010725194207112,-0.0625894290890405,0.0691645088777617,-0.2250597905556537,-0.1394772423178474,-0.1807783336532131,0.196804627492477,-0.1062607142718354,0.1282082962688493,0.0846776663171107,0.038006204521569,0.127132862568905,0.1677328658196555,0.3190288491792319,-0.0340608514660278,0.1423007021929672,-0.2158202289798289,-0.0232147612971218,0.0293870410504784,-0.0467695211079819,0.031768500679107,0.170083479457952,-0.1638679831005186,0.0095826642509715,0.0371724341336074,0.3747662661416575,-0.2028101623104086,stop,1444,12,93.57828483198006,-0.0922939705369215,0.0247159592631666,0.1196177525754156,-1.0,0.2677960339053697,1.2960516475728323,0.9979347723359157,1408,0.4652025592075284,6,0.1531479907313779,0.1087646319812554,-0.2190718442843912,0.0454545454545454,-0.8745923596512291,-0.4093898004437052,0.9626793967261164,0.1213970547575856,100.01604063228808,93.57828483198006,112.58838897453302,3.683626448549501,0.2133090716799917,0.0165312412381242,0.035851457188697,0.2392620620665202,0.5708514029430324,-0.0005196242054033,0.0,-0.0476910448791666,2022-05-25,1.0,14,0.1843568111624698,0.1450316146167356,False,True,False,0.1538461538461538,1.0,0.0769230769230769,-0.0118028643008046,-0.472764296380366
BG,Falling Wedge,bullish,1,0.6247245541756422,3,32,1681,1682,2023-05-23,2023,0,83.52521086947932,82.08595452677332,90.48318913596428,79.5465192288728,0.8690119080083629,0.0175335275200652,True,0.0104709977147912,-0.0026952071997423,0.0014285094937618,0.0355477260129593,0.1525713784937903,0.0011124890264033,-0.0429000353085656,0.0044206624907483,-0.0240214600048732,-0.0257904521145574,-0.0350059932828005,0.0126305718958974,-0.0114002330366906,0.0505085272173062,-0.031686650021401,0.0980707593632395,0.0100354103425375,-0.0201909972613806,0.0121282563664975,-0.0213516957122658,-0.0066745846782466,0.0073982506472529,0.0021294757183105,0.0273778394608041,-0.0068832278117394,0.1152769226494385,-0.0081192095493963,-0.031169217603068,0.0518248723379739,0.0527787405779514,0.0018688606092431,0.0321766610068932,-0.1248443702790293,0.0746680717818062,0.0022659772406532,-0.0038701622269626,0.00146115281952,0.0302975687622424,0.0639977572566914,0.1355665044868665,0.0329271175915184,0.0305380747156258,0.0437275114237529,-0.00192113686516,-0.1473757973630055,0.0097740444921264,0.0173426876466231,-0.0450003287518938,-0.1206920561929584,0.0680451671157531,-0.0074440514911455,-0.0061152696672749,-0.1352231405591527,-0.0926481554517645,0.1858306198654769,-0.115468324180237,0.0125155711117113,-0.0140543975913851,-0.0256709557794083,-0.0629413564039587,-0.0339852991077364,0.0834175929269087,-0.0894133294507059,-0.0491099159011286,0.016388579660308,0.0721872048453511,0.026814993371196,0.0204191016306833,0.0307000587090965,0.1435425566056563,0.0430632848526335,0.0723667410795996,0.2511269534129954,-0.1046607566724974,-0.063986628856523,-0.1198458860172757,0.2177649031159552,-0.259655261998574,-0.0552041002564217,0.0880768023381215,-0.0260240660322164,0.0523253690113716,0.0471656556042174,0.0439459468369756,0.0492800700435267,0.1446139571543749,0.0563788356964443,-0.1855202203358273,-0.060775640066087,-0.1485284159215192,0.1055801953230994,0.1383213339326693,0.2347791977712929,0.172460542739828,0.1521791866682988,0.0038131698766488,0.0675851324467942,0.1189480632951169,0.0986756576289982,-0.0097849547244858,0.046858641459281,0.14064412052688,-0.096910030086424,-0.0889705812622932,-0.1021738851420528,-0.0822861890101023,0.0136336833966843,-0.3001921746748509,0.2687705063150958,0.1401936187285326,0.0999821563817313,-0.095297975972301,0.0466356618833925,0.0505415736507472,0.2111369287020083,target,1683,2,90.48318913596428,0.0833039293652049,0.0864962938469898,0.0301049305545301,1.7488106380177384,1.81582837666126,0.631996872317262,1.7488106380177384,1649,0.6315652272312606,7,0.1087334232038059,-0.0571079907895331,-0.0185001630674588,0.0,-0.9083092144219448,-0.2767439871906845,0.4349270050425957,0.1001591738115353,82.08595452677332,79.5465192288728,90.48318913596428,1.8178492251465237,-0.025829627554859,-0.0119722018925582,0.0217332673107106,-0.0761075076787828,0.592726273970172,0.0012158407418412,1.0,0.019725254213295,2023-05-23,18.0,9,-0.1412070926605283,-0.0916855907685273,True,False,False,0.75,1.0,0.125,0.0482469812187412,0.915948348829118
BG,Falling Wedge,bullish,1,0.6737238324935593,5,65,2019,2020,2024-09-26,2024,4,91.23773909245146,92.85332480170518,115.83258468658482,87.07055346133438,6.21436685952815,-0.0173993307477564,True,-0.0020646819146118,0.0076494620011282,0.0384581922927487,-0.0425446457088622,-0.0247296224953754,-0.0040954684597795,0.045715933885182,-0.0212484723452536,-0.0343511295629335,-0.0364112173116527,-0.0156092551889559,0.0318321983112546,0.029012316409767,0.0036469232527982,0.064228037311447,0.0387053406390522,0.1002932281282982,0.0222608170870777,-0.0285014925860769,-0.0112297061603251,0.020250140448133,-0.0122293504357737,-0.0102373202901503,-0.0083618478712139,-0.0131404170190747,0.1033501123566662,0.0331818582730909,0.0368568741172199,0.0472725010791492,-0.0043672172692016,0.0146594178377668,-0.0971472915330906,0.0922546466962224,-0.0015083815600027,0.0220258316195545,0.0283688258626406,-0.0250753351150858,-0.0419901028707684,0.0176573542132449,0.0736694947364644,-0.0249212144931199,-0.0701918447107941,-0.0426070202856398,-0.0441821242336131,0.0704981294524464,-0.0177520735798714,-0.068751875102782,-0.0789543755193074,-0.0122258692106387,-0.0087090196620133,0.138787932086966,0.1616203940616305,0.0546557414879547,0.0976862409575802,-0.0717707443752886,0.2748289017713405,0.1744837911745369,0.0677000721612581,0.0264900761787296,0.0405144296583772,0.0825888468037574,-0.101112828574331,-0.0080883647893981,0.004663397841655,-0.0193242100285466,0.1001035265907306,-0.0841572759625932,-0.0284578370121912,-0.1132657351607578,-0.080847742003008,-0.1162162449757648,0.1709038183281799,-0.0686954753329048,-0.1735765442859485,0.1830385761839021,-0.0607135639717871,-0.0995947343413301,-0.0322444675911965,-0.1015612675121405,0.1928084951566775,0.1633001798721685,-0.0410400903526462,-0.053218824798223,-0.0852160831060234,-0.1416132149426875,-0.0798905621424166,0.1135910671265298,0.044232491603751,0.0488659013356433,0.0321613369370372,-0.0850527111990393,-0.0771719583513853,-0.1772667300618873,-0.2117103326596834,-0.0581989253537414,-0.0578908967118543,-0.0021645399905768,-0.0866969551569986,0.1272658433672133,-0.075947333580701,-0.0655223360780667,0.0465398982212823,-0.1850491453626568,-0.0066675897528875,-0.2357487483316945,0.0305480188644198,0.0830543814953168,0.1277716693239521,-0.0897269489362548,-0.1324197643801076,-0.0086543830477346,0.3181325765156666,0.0471832157180938,0.0006786261454949,-0.1660910632102955,stop,2035,16,87.07055346133438,-0.045673924765874,0.0260143134306372,0.0888819760419104,-1.0,0.569565973670697,1.946011351061292,5.902027836360228,1950,0.7203978722832031,6,0.1051395740843994,0.0664257111468777,-0.2183244587749666,0.0769230769230769,-1.049933072682809,-0.3295352003996057,0.3667660920413045,0.2249350226312379,92.85332480170518,87.07055346133438,115.83258468658482,2.020959252053111,-0.0360909423510511,-0.0439717089679209,0.0223815215146994,-0.0511197421091147,0.7981223852369712,-0.0058066208147053,1.0,0.0282203309216453,2024-09-26,26.0,5,-0.0315706554799669,0.011954933479759,False,False,False,0.25,0.0,0.0,-0.0463755697972463,-0.7035514745419214
BG,Falling Wedge,bullish,1,0.6002448912968475,3,17,2434,2435,2026-05-26,2026,1,119.74497574654644,119.06876916612008,136.3650339259293,117.11344090829004,1.109044018914401,0.0056791263163469,True,0.0716183020854162,0.0600451674825661,0.0097058494061734,0.0323132635223939,-0.0025846111770675,-0.0364112173116527,-0.010311983763251,0.0388440100197975,0.0299775918630516,-0.0130073599660193,0.0050884160383684,0.022894128510335,0.0406050107707252,-0.0175879776269343,0.0007103824920096,0.0067022886443581,-0.0178635093056683,0.0114182377153282,-0.0311460132977859,0.0431099532519532,0.0395038042256064,-0.0185013634633752,0.0649453570579988,0.0512863071882518,0.0697046841815641,-0.0240170151852419,-0.0002454458868137,0.0077877636148495,0.0524637396967897,-0.0048413622984948,-0.0114810950413238,0.0156499159528344,-0.0480534479068515,0.0344197184225338,-0.0320923194723061,0.0079124280307765,-0.003189190454659,-0.030337189919754,0.0365782808785222,-0.0406298611565085,0.0068351127968175,-0.0018017528052697,0.0319518971160062,0.0330423503942569,0.1075862002792342,0.0444093708354819,-0.095518704780388,-0.0745419789920691,0.0300344420984719,-0.006993065529126,-0.0572535517151017,-0.0582343263611936,-0.0224159488330375,-0.0682958605377107,0.0281369435010807,0.0246715534006092,0.123667805975375,-0.1536606219451972,0.0967803868787777,-0.1284340300993344,0.0714664380359828,-0.0599257323028517,-0.0108716701028512,0.0136798134765132,-0.0563482624451283,0.0161157331352932,-0.1736095121029922,0.0422661132588717,-0.0780575371697105,0.0149377731962976,0.0293185993757404,0.0668223388562527,-0.0465573953587875,0.1545350625796573,-0.0805262133549831,-0.0176112737883263,-0.1592881374507462,0.2309093942655595,-0.0081962919285512,0.0676024205877292,-0.1800383202070478,0.1799628002663884,0.0723277530454675,0.1574139688410603,0.2666377165026914,0.1030086403623649,0.1486976107535451,0.2214507053466401,-0.00942630301902,-0.0372810931054534,-0.0931379286892354,-0.0369274995289626,-0.0265144823983464,-0.0447392586728184,0.1586149044275124,-0.098414765173686,-0.0495691597206621,0.1949909078848428,-0.0248704550358551,0.162830804108349,-0.066827984796928,-0.1177895982420852,0.1804783263119984,-0.073710818825708,-0.0943119262865378,-0.0641038940590416,-0.2719513590136644,-0.0833292150744204,0.1204719901040025,-0.0207984291047961,-0.1165274590942999,0.0623775034366889,0.204841416744526,-0.02163048798854,-0.0255529974284311,stop,2450,16,117.11344090829004,-0.0219761607687518,0.1192531076565564,0.0468049855806952,-1.0,5.426475939606504,2.12980720669134,6.315727969003432,2416,0.7659307352435809,5,0.1163851130986601,-0.0069968391871569,-0.1359318888518993,0.0,-1.0298369543181287,-0.263906219074529,0.1520009585407987,0.1187741185905605,119.06876916612008,117.11344090829004,136.3650339259293,3.43495324127706,0.1708540297297354,-0.0299301224702543,0.0287811122530833,0.309443562075949,0.1642223490060542,-0.0057161978042531,1.0,0.0495267657810623,2026-05-26,43.0,5,0.2905545158508567,0.1208919363140998,False,False,False,0.0,0.0,0.0,-0.0349682721973122,-0.7414983226485331
BXP,Falling Wedge,bullish,1,0.6581487104763482,3,40,1102,1103,2021-02-03,2021,0,69.29082251217612,68.60660906022179,78.93285714701176,66.42705349381129,0.7827174975562072,0.0099729962073149,True,0.0345317461115541,0.0159401211589367,-0.0092683711785812,0.0198906465380597,-0.0438353665430061,0.0296146273466604,0.0063559602463794,-0.036908022180498,-0.0636971326436817,-0.0007644387132067,-0.0547839460908403,0.0275022758281655,-0.0123387040228143,-0.0429665190517956,-0.0021982466663061,0.0117384923574075,-0.1378882192132193,0.0546470330108896,-0.0227439443224264,0.015988298413847,0.0208924312843039,0.0300213000717659,0.045068838387999,0.0017484210654452,-0.0185147454630922,0.1162087081423484,0.0270548767343923,0.0409884779267206,-0.0005530719170849,0.0662108095680891,0.0307297505085826,0.050979170527392,0.0314308153599487,0.0414460218609091,-0.061923634129009,-0.028589612548685,0.0630803076720676,-0.0350905316677472,-0.0002071231902199,0.0059033971531061,0.1118940148096085,0.1142387067804187,0.0007906368398344,-0.0782100075101699,-0.0214180830318758,-0.021999760428986,0.1028300371637636,0.1191765233258873,-0.0336532610253734,0.0243985193954774,0.0459659089514759,0.0217994124279821,0.0488259051596831,0.1444310676839213,-0.0261605574499151,-0.0379621683478174,0.0267801001974372,-0.0550969970556107,0.0209774657306247,-0.0614127811453799,0.016756886803126,-0.0639543408367778,-0.0816341465926345,0.0221056413859435,0.0157236797705029,-0.0696831530080306,-0.0032856099115848,-0.0336532610253734,0.1067666216083798,0.1502648409467126,0.100750597963285,0.0487806219475011,0.0752743284490373,0.01253853278923,0.0955202221488842,0.0494793879272565,-0.0859548899275588,-0.0334820252166361,-0.0107398683860726,-0.0065062938554414,-0.0056266568608901,0.0773827106348006,0.0129934621390226,0.0760368641953472,0.1538893746424365,-0.021664323944839,-0.0499569190032188,0.0102399721853281,0.1012679874079205,0.0892140968354588,0.0349340252687075,0.1190838104778989,0.206420878375438,0.1131823964383835,-0.0405323720433261,-0.0396922675903383,-0.0950758971170487,-0.031939941366421,0.0503293528395987,-0.0116636668346128,-0.1841475779121472,-0.0695074511331182,0.0729102286941996,-0.0153130099090748,0.1710978477520421,-0.1077604061948558,0.0445250283351397,-0.0232102763268754,0.0159163914773043,-0.1081189170063773,-0.324525153705524,-0.1081189170063773,-0.1451660235802895,0.0218568438635653,0.2528276876136648,target,1116,14,78.93285714701176,0.1391531271423614,0.1493826413466747,0.0059009827925094,3.3669037457291453,3.614413739926088,0.1427782578486871,3.3669037457291453,1062,0.6757250598036482,6,0.1428966159277756,0.3247799111735374,0.0034154637581345,0.0,-0.9441202149925954,-0.2683951551889482,0.2949053572976197,0.1212806923339743,68.60660906022179,66.42705349381129,78.93285714701176,2.158543984492064,0.0414639775324081,-0.0432254335639693,0.0313196531266656,0.0674121987501046,0.7888887633020034,-0.005746048300213,1.0,0.0283304761079519,2021-02-03,3.0,5,0.2789900624147539,0.1851668644515984,False,False,False,0.0,2.0,0.5,-0.0551187143382858,-0.5655919459737052
BXP,Falling Wedge,bullish,1,0.6290469746469773,3,37,1538,1539,2022-10-26,2022,1,59.81718479371599,59.38136860688917,71.58130132290546,55.82164163354798,2.583408808828956,0.0073392748778151,True,-0.0363859078417488,-0.0149800644067846,0.0104947653637126,0.0514995860283353,-0.0063255528285479,0.0306071151094209,-0.0216209610553839,-0.0578342648437203,0.0016084296132721,-0.1421242348240453,-0.0486846637514131,-0.0616241079650851,0.0074276609727446,0.0637638292598574,-0.0171111015517104,-0.0035212553590309,0.0226437393756882,0.0105996575680706,0.0155330745686861,-0.0266099909771676,-0.0102435102274255,-0.0063459914323049,-0.0269925189939465,-0.043013793928057,-0.0196760104815022,0.004863906338562,0.0286904869060784,0.0158317827878591,0.0734951272701929,0.0491849352240656,-0.0104776375625375,0.01039677007589,-0.0192111042341268,0.0739780877043045,-0.0188418912433839,0.0524128745504912,-0.0457445923511453,0.0505232119522109,-0.0069457216453018,0.0297442998724961,-0.1028373364544135,0.0482455350118986,-0.0066778346054393,0.023118616279824,0.0554202699553032,-0.0582722832196984,-0.0512648839454229,-0.1017779807469728,-0.0326775268646521,0.0792951746483985,-0.0416668102640894,-0.4312270496425318,0.0420420932718108,-0.1155031624574176,0.0223012021223776,-0.0236822588503912,0.1977245007616201,-0.027470887846705,0.1069316691786583,0.3858639368943197,0.073013146799485,0.0950465467353125,-0.1042358833607282,-0.019726806572726,-0.0355327803663519,0.1417934425921823,-0.0240384870358479,-0.0914986087526359,-0.0611024564949273,-0.0768294689863593,-0.0752587788235007,0.0803528740699637,0.0113495511916925,-0.2686968145745448,0.0692104699985425,0.0948223040134352,-0.0705923585695122,0.1632133147389811,-0.1655728283297741,-0.1229668964644704,0.3507028934831167,0.0118967298604903,-0.1561611024861022,0.3090137587408563,-0.0651610138112523,0.3360778115984939,0.0874698153830266,-0.0874684216947105,-0.0911755133397941,0.1992501013279974,0.1627995353277782,-0.11924767950957,-0.0272918716270498,-0.0768068580119019,-0.15128827788936,0.1150258583197998,0.0828931188570007,0.2597578799112847,-0.2137360684710681,-0.0044512105960335,0.02049818949113,-0.0785300037699362,-0.2376145898262145,-0.0116636668346128,-0.0140546890855742,0.2277200161883006,-0.0220768094648172,0.0872121794444125,-0.0639542179183764,0.0515042611454652,0.069244171005288,-0.0221002645769481,0.0864185369581411,0.1695983893721075,-0.0448120117400492,stop,1565,27,55.82164163354798,-0.0667959077971812,0.0401732075491439,0.0903556378993816,-1.0,0.6014321666399932,1.3527121777240765,2.944309711497351,1500,0.600213685925062,7,0.1495720359688153,-0.0660278275223609,-0.0203573247170966,0.0277777777777777,-1.1848971400332151,-0.5846834541081555,0.5760152894348586,0.152574448388509,59.38136860688917,55.82164163354798,71.58130132290546,1.9470546141765068,-0.2696125864588826,-0.0627481165722874,0.0330145165527846,-0.3894296301404085,0.4542123825546483,-0.0209745944831967,0.0,0.0310095664193534,2022-10-26,60.0,5,-0.2046565601343538,-0.1215149150525192,True,False,False,1.0,0.0,0.0,-0.0982126771242427,-1.5725127673147772
BXP,Falling Wedge,bullish,1,0.6790514057987811,8,84,2149,2150,2025-04-04,2025,2,55.544984127907455,63.45503149290619,77.4475575671081,58.32388794124469,0.7481550266360393,-0.1246559520797498,True,0.0302412061823074,-0.0612363352993678,0.0204081680497314,0.0256140359288716,0.0317162618241577,-0.0483406915276406,-0.0049620065714804,0.0054489067286238,0.0245580246027081,-0.0313481000098466,0.0061262123360936,-0.0329139409684532,0.0703339690887108,0.1159374717004815,-0.0033242713699077,-0.0148969725487965,-0.0170993770987989,0.0472335434391057,-0.0001513878098214,-0.0182609760848176,0.0436441031075032,0.0195457250977615,0.0182777712865981,0.0630309233797237,0.0125597985057077,0.0212006943905593,0.0077595644680306,0.0068197160739376,-0.0873838559681647,-0.0457445923511453,0.021055599349893,0.0230906594741118,-0.1137989317929318,-0.0754241521865513,0.0171311843024435,0.1162087081423484,-0.0134408428595891,-0.0399487283772731,0.0518908203328651,0.0198320650725938,0.0083940592808215,-0.0859999589276049,0.075426330567849,-0.0142835215027928,-0.0577835079776943,0.0712808579041383,0.0998979621484519,-0.0520266625551479,0.0729999130761451,0.0523996423928594,-0.0432366376476264,-0.0731427851081518,0.00726397046454,-0.0143102270616787,-0.0914986087526359,-0.0785256359123013,0.0337902713459472,-0.0279110019918656,-0.056789247441542,0.0578760063773944,-0.0530677654642328,-0.0285048034672131,0.1113322839768784,0.339885918790942,-0.0108540529345316,-0.013248473059317,0.0101675195198038,0.0267558281217115,0.0888288563871956,0.1957186933269046,-0.022805710457374,0.0178140711490251,0.0048950034122117,-0.0444167538423297,-0.0123726528934042,-0.1660816119646356,-0.0307830097199961,0.1781443323389919,0.0463928286212176,0.1156947338952145,0.0005373266570565,-0.0531397738320025,-0.087542321206911,-0.2696773717536367,-0.0267479758651754,0.0057018538882389,-0.1879856472815999,-0.0252051919708905,0.0366411949277345,0.0307468604208256,-0.1023907962833352,0.2242074383920746,0.1766805705223542,-0.0953900890449102,0.2319423782580674,-0.2335567917740474,0.2201703191533583,-0.0337070047715335,-0.1114842235883701,0.0144815489603014,0.0493617262122765,0.084233802993374,-0.0146142117657024,-0.3668806947186813,0.1981662291976753,-0.1152577395023805,-0.067364531922024,0.1701863895552804,0.0270154609612693,-0.1229613579675257,-0.0585202114117643,0.0985988438478089,-0.0144977822098025,-0.0854883067447457,0.1831893783842125,stop,2150,1,58.32388794124469,0.0500297885932967,0.0536867110880791,0.0411145422791072,1.0,1.073094902009485,0.8218012395242448,7.881731398575269,2063,0.4989853351051422,7,0.1268739833653349,0.2200392607463657,0.2932684915978054,0.0,-1.1714727045582671,-0.6724873694531261,0.86091927606604,0.1458548295266151,63.45503149290619,58.32388794124469,77.4475575671081,1.930716296360909,-0.1564439554956886,-0.1154166934092799,0.0338620450160513,-0.2247487916115356,0.5099327375501315,-0.0220446622394212,0.0,-0.1200166410640622,2025-04-04,4.0,14,-0.1177753016175372,-0.0774795695505873,True,False,False,0.6923076923076923,0.0,0.0,0.0145522216112589,0.3598107094763461
BLDR,Falling Wedge,bullish,1,0.7732786376746387,3,20,635,636,2019-03-28,2019,1,13.289999961853027,12.85750126838684,15.182499647140505,12.379047484624955,0.9103882251520804,0.0336378495664304,True,0.0684725244562927,0.0515104532472276,-0.0346020611538061,0.071190995842221,0.0146025670214822,-0.0153327883723378,-0.0147712059270322,-0.0787301441979786,0.0331550217427536,0.3004961607342062,0.0634211753016147,0.0418679147258524,0.0252004900990465,0.004100457343287,0.0109890381348465,-0.0192885812604293,0.0138470520038986,-0.0153327883723378,0.1023387801797883,0.137697562717423,0.006509351013374,-0.0300000134636374,0.0376045752506809,0.0790067865875645,0.0583972772192962,0.0267266107081476,0.1282984419269599,-0.0137780696815729,0.0377436675394113,0.0385896549690032,-0.0805938710802267,-0.0881326524871924,-0.0785515201939863,0.0250190210673821,-0.0140901639489542,-0.0051432547090384,0.1347823073617675,0.090625701052992,-0.0279411989099839,-0.4935658060610456,-0.1024978135721906,0.0289052464168884,0.058199971516927,0.0814249180170734,0.0514465288202152,0.0891334006499357,0.0489089255376975,0.0098855424394335,0.1284697029891681,0.0327497449288305,0.0265414301594579,-0.2041698077085856,0.1620071187174139,-0.1601992589353491,0.0677480982022511,0.0975717893616761,0.0438363574637146,-0.0777218108494206,-0.0677727165177796,-0.0412640334508971,0.078445723452494,0.1146179500675452,0.0153958968373322,0.3119633082042277,0.1565165740005607,0.1272629462599852,0.2876579250845725,0.0698362092529842,-0.0095657318383115,0.1331828790702931,0.1318021017558552,0.2594558677234078,-0.018418107372781,0.0300300736763543,-0.0881818224500109,-0.0375976794421154,0.2622659437113481,0.0405512087446677,0.126001496983944,0.0067045421458153,0.150081549981963,0.0841454901709268,-0.0460460509195272,-0.1497006438780912,0.2383824476552172,-0.155923216476408,-0.1778571265084403,0.1416619612351872,0.1697459922551956,0.0497920116957244,0.0116487559335463,0.0883457443269969,0.1565086478311803,0.1116128724581981,-0.1233491881786086,0.0553691509041345,-0.1575353380514742,-0.2028271328317397,-0.0318725550697517,0.0068996414745203,-0.0668998963926926,0.1382832927177224,0.3280173681409593,-0.1001546825776612,0.2294975635708163,0.136200759726367,0.2193500941947084,-0.1428803194829001,0.2990500261223827,0.2293345794754251,-0.2347405440938749,-0.2749311226444114,-0.3524545149369673,0.0530035499750443,0.1561406112290804,target,660,25,15.182499647140505,0.1424002777065174,0.2708803188960628,0.0135440410603796,2.0774955144160137,3.951906952105571,0.1975957140195746,2.0774955144160137,614,0.6274013254546542,5,0.0027128949251697,0.07349488531563,-0.5476875023240249,0.0,-1.3246660343765764,-0.6972647089219222,0.4344885219166599,0.1150504284459653,12.85750126838684,12.379047484624955,15.182499647140505,0.4264285223824635,-0.094718021437184,-0.0101983950242493,0.0323542118747148,-0.1340341607136693,0.5789478967723106,0.001529086993909,1.0,0.0117211047640988,2019-03-28,18.0,11,-0.1169436994714255,-0.0310418597763824,True,False,False,0.5,1.0,0.1,-0.0183954610954557,0.219616942667004
BLDR,Falling Wedge,bullish,1,0.8238880109086747,3,26,962,963,2020-07-15,2020,0,21.979999542236328,20.520463363411523,24.72134019910675,18.81000073750817,1.332922249004989,0.0711258879966225,True,0.0595996997531207,0.0374913794846776,-0.016557461437214,0.0001128781871297,-0.0023609941480438,0.0501961053586472,0.0639488550038474,0.0501961053586472,0.1424698624560376,0.1275720192295724,0.0186094032518693,0.0345610452134153,0.0060812614687646,0.0375830851126606,-0.0006269736051047,0.1020776046828,-0.0929390458790448,-0.0501354850706681,-0.051743534351208,-0.0069589024768123,0.0162132766950926,0.0402324788575212,0.0361731205577252,0.0782530144005693,0.0615855447430451,-0.0711814710840875,-0.108128249497703,-0.0994381099626604,0.0499510506343148,-0.0276793631403823,-0.0257687587363576,0.0020398724156442,0.0211640567611695,-0.1345757691090121,-0.1339866004136076,0.0228664545192363,0.0693500649673257,-0.0614821715342547,-0.1391329449526984,-0.0531750460515866,0.1858886743349384,-0.0392732127663673,0.0224146995857759,-0.0213446970872831,0.0288228394820251,0.1038864484823478,0.3812557435232147,0.3260630516006919,-0.1439303252320271,0.0193274056350907,0.0738539817725145,0.0622931003111566,-0.043725761230183,0.0209999593098957,-0.0715231719484855,-0.1033414835881206,-0.0315789270171068,0.1372344875003526,0.1444444420293147,-0.1491524979209945,0.0106583719122999,0.0991337535068641,-0.1373846578516471,-0.0894706123339165,-0.1424135549738,0.0542635658914729,0.1743485245809539,0.1077828708769945,0.3816647699616832,0.4203821639469447,0.37629034092633,0.0188892173527455,0.4185698498086083,0.2033058188216323,0.0562330562896564,-0.018418107372781,-0.0462486978865478,-0.1427303866109035,-0.2380377427586969,0.1805674057264112,0.0915649043626629,-0.0856744974872802,0.2021324118558058,-0.0887096882734785,0.1333332891049592,0.0991810896531975,0.2904841281843595,-0.141299650028472,0.1275017168112446,-0.0858999633789062,-0.141299650028472,0.3787099387396574,0.5409462983291173,0.4616248510242497,0.1852964704426181,-0.1256353014374792,0.2091873548848006,0.2323318609161004,0.2372229479161403,0.187956267046639,-0.1665391208200366,0.085647044462316,0.1711065611814302,0.0044101392722042,0.1288245065733655,0.2778345533837956,0.4033667636991966,-0.1980074381848596,0.2212709623857922,0.0560747477733658,0.4831781615821897,0.1866012472628275,-0.1220247896929085,-0.3370841678761116,0.434895359790548,target,974,12,24.72134019910675,0.124719777705305,0.1828935642168199,0.0163784672657141,0.8647765585216054,1.2681394238280803,0.1135643024426317,0.8647765585216054,936,0.5491332086892342,6,0.0258671533016876,0.38461539329699,-0.009274179423407,0.0,-0.823940424241955,-0.2748072155527247,0.6109304092661625,0.1927448468305591,20.520463363411523,18.81000073750817,24.72134019910675,1.217857088361469,0.0262887653750256,0.0919802656440293,0.0553068602653949,-0.1668558379300699,0.7459019340838732,0.0236486383859266,1.0,0.0329318336875767,2020-07-15,20.0,6,0.000457490671349,0.1092258552896536,False,False,False,0.2,0.0,0.0,-0.1336988821438386,-1.3756734682883092
BLDR,Falling Wedge,bullish,1,0.7553500480922372,3,33,1519,1520,2022-09-29,2022,1,58.15999984741211,56.58252841823708,72.14692335862367,51.899764443945855,1.1629303442754204,0.027879125823345,True,0.0968019443412318,0.06529280595186,-0.0462361019278951,-0.0081595788546449,0.0068684250942308,-0.0152284838980083,0.0660920078343803,0.0477272380482067,0.0223547333184446,-0.0474968164607749,0.1037437631549627,0.0227449953791294,0.0846647910914408,0.0113677784105354,0.0273069646871997,0.0189155099908504,0.0618854620107798,-0.0083857362710632,-0.0131965029798476,0.0084388103590489,-0.0197402491714014,-0.2303664652005662,0.0921369171104814,0.0723865043933624,0.0608606451102584,-0.0635013468544295,0.0408907129696989,0.0381212005182431,-0.008820590084697,0.1053843381469459,0.0367125347786956,-0.0947006122327314,0.0298147263548933,0.0377436675394113,-0.0253678347653447,0.0945910488681882,0.0975538268057751,0.2154500379746227,0.0192307384834189,-0.0175861020270405,0.0172030775842086,-0.0497592056514343,0.0072238264483448,-0.1322590104131783,-0.063280029296875,0.0581542541360266,0.0464236721118147,-0.0038252350070133,-0.0042527155964579,0.217635997001204,-0.0860214928797443,0.0655221253336808,0.0497669728426271,-0.1217228905879609,0.1191945940056102,0.1535649287748823,-0.1048979467275191,0.035798459042255,-0.0467334069915743,-0.2127179987000431,0.0045554296753342,-0.0950027253824229,0.1227027274466849,0.1517537469603764,0.0460472175029065,-0.0017808096088128,0.1691598166166612,0.0776699199922819,0.0194115746758162,0.0405777272445535,-0.0714456949766124,-0.1408823032862,0.1207815861010404,-0.0549741905327387,-0.2074401029679655,0.232421891370905,0.1446700577239228,0.3171378312164905,-0.0791212560801067,0.375049425028134,0.1616304347356605,-0.0105863287677341,-0.3431620842854496,0.3590577183226264,0.1697459922551956,-0.045488785743754,0.1468625387294919,0.2321032811674663,-0.0904942499695521,0.4024329274427136,-0.4699619777653908,-0.0204113929901842,0.1227648422124849,0.0595576211441903,-0.2494734939207087,-0.0991810896531975,-0.2048366156594062,0.0912025894373682,0.0651706751495189,0.2378938418735818,0.1850838570233324,0.3965441242337224,0.4189130257869109,-0.2859083485002013,0.1516830625242229,0.1598054566245124,-0.3091828821034987,0.3541243608234876,0.0315790019647366,-0.1828243045692102,-0.1429048666242313,0.2789644318980546,0.3505502141987267,-0.0564860813664257,0.0632289942554201,time,1579,60,65.30000305175781,0.1227648422124849,0.2035763442856117,0.0751375334138556,1.140532702714714,1.891302705012044,0.6980566464745278,2.2342488117087558,1485,0.4802421451914929,6,0.0298091944728733,0.3344729363720107,0.5330874154814862,0.0,-1.5261114806956853,-1.0458693355041946,0.9560839230787636,0.1363595558971711,56.58252841823708,51.899764443945855,72.14692335862367,2.415713446480887,-0.1244631189903227,-0.0729088519134977,0.0415071033473106,-0.1434878090241762,0.8757759707334641,-0.0174478356780303,0.0,-0.0781915677523795,2022-09-29,33.0,5,-0.1257865249213871,-0.1261396827458901,True,False,True,1.0,3.0,0.75,0.0373673799874899,0.1700709829181086
BLDR,Falling Wedge,bullish,1,0.7165259006449672,13,133,2201,2202,2025-06-20,2025,7,114.06999969482422,116.3008883032678,196.2514376619415,97.9397978487035,0.9282540838743868,-0.0191820427254716,True,0.0257736692318029,-0.007619052482761,0.0270833578926552,-0.0269027418469695,0.0074074356644242,0.009364571579191,0.0,-0.0702458253136286,0.0693750381469726,-0.0146610453977422,-0.0879807687899064,-0.0141721342235435,-0.0303272244644183,-0.0236578456621938,-0.0282948701270295,0.0553475746213278,-0.0305121733249852,-0.007261575141539,-0.0027367894447937,-0.0634849884351042,0.0434471167663459,0.0404556450779165,0.0331615313529539,0.0945910488681882,0.0515014660784605,0.0698822695753698,-0.0388817077036403,0.0204351843069057,0.2033359360536759,-0.0707692575978706,0.0849718211558361,0.0502941384707582,-0.1403303792318805,0.0291101088437222,0.061129572400957,0.0,0.0191913578342648,-0.0613797954950707,0.0516508011924201,-0.031770003186609,-0.0833932322168876,-0.1088735342059082,-0.0496894617702048,0.1223880888067243,0.0574866079200739,0.0853516231105564,0.0686420781274883,0.0119567701421721,-0.1092972005990362,-0.0382319574226892,0.0342547906088752,0.0692307692307692,-0.0744801132806934,-0.0588543648876249,0.0757610084769717,0.0091674061136641,-0.0530612701676569,-0.1403767742851916,0.1994779468678946,0.0265414301594579,0.0292778017316666,-0.1063382890653428,0.1385788910411776,-0.1625088657863591,0.0303326279689528,0.1428571050654128,0.0506455058925139,0.038753336287459,0.0635555889299772,0.1968090176005792,0.1157052503623501,-0.1059300659441878,0.1859195590167612,0.1616701893394052,0.1947387563125606,0.3944295770335,0.0832223676367391,-0.0202991012128678,-0.3591446352397324,-0.0500886164679436,0.3413333892822265,-0.057638379045554,0.1994453657688095,0.3628603340378078,0.2757991333669571,0.0897606004800202,-0.0906557176933914,-0.048264089934769,-0.0063291245357125,0.2258548906260173,-0.1441515609974867,0.1151823740091212,0.200929305335834,0.0917602294024777,-0.159087774423716,-0.1739130285586436,0.4641473558513216,0.0604160422532347,0.0075125338920583,-0.0339225438982694,-0.056586669921875,0.0313531450518977,0.2019601161847044,0.0955363562741908,0.4766957840792327,-0.0206362655852563,0.1224900220066418,0.0654691156465485,0.3215935215338785,0.1515016116353102,-0.0953455296746603,-0.1256100748551568,0.2585875241891016,-0.1137974413135384,0.1270111153174838,time,2261,60,136.99000549316406,0.200929305335834,0.3240115646826785,0.0063119244554165,1.4209373209952774,2.2913537869559564,0.0446368388673502,5.094879701513579,2061,0.5873277699376407,6,0.0610860529776139,0.1047924724499049,0.195281546821505,0.0078125,-1.6004811844308673,-1.0131534144932288,0.6258165660147497,0.2523435612459562,116.3008883032678,97.9397978487035,196.2514376619415,4.469287327357699,-0.2390934473932888,0.0041347727147382,0.0389242931478527,-0.2849224982410153,0.938111190359623,0.0260177708843878,1.0,0.0226073118584666,2025-06-20,41.0,5,-0.198028192990033,-0.1676451944078711,True,False,False,1.0,0.0,0.0,0.0353555171193762,0.6786936169390562
BLDR,Falling Wedge,bullish,1,0.6792902115094668,3,35,2392,2393,2026-03-25,2026,2,83.5199966430664,84.42727453058342,145.43863573941326,79.41579946139609,0.7966811127162278,-0.0107462652627541,True,-0.0305315556136935,-0.0354084266875536,-0.0814855863719159,-0.0179674174295257,0.1759816422200948,-0.0587292991228503,0.0576739998352078,-0.064930676229598,0.0035304467892656,-0.2326203534115563,-0.006372897907839,-0.0117334128727185,-0.0512280380516722,-0.1285762307631909,0.0113677784105354,0.0214668272615501,-0.0080763331572326,0.0080104193566596,-0.0880000276385613,0.0402552607285546,-0.0168589465780124,0.0083240026829283,-0.0085331135011997,0.0202347043741955,-0.022476047893257,0.0494699278298829,0.0397574222723307,-0.0312891097957983,-0.031855104409168,0.1521108175934824,-0.1709684466566826,0.124777019919968,0.1790165396353353,0.0113550212890203,-0.0022431411577276,-0.1379505554358268,0.0573783638857121,-0.0057192094926507,-0.0701205778303897,0.0642222661039344,-0.1459994698483355,0.0626959666251845,-0.0006250034679066,-0.11686443468794,-0.0266000366210937,0.0202072915866289,0.0792624881784116,-0.0072173556888031,0.0260533760684129,0.1077490787893333,0.0665688002954663,0.0382524508874393,-0.1372644667712053,0.0011255181344091,-0.1301807265683828,-0.0247778150770399,0.0013476754638623,-0.1515694742782479,-0.184491973544827,-0.0242747106114988,0.056687688018536,0.3337855701962942,0.0134030678446213,0.0292778017316666,-0.0956700905082151,-0.0042527155964579,0.0260533760684129,-0.1046502983390031,0.0871038815682328,-0.1156608766879876,-0.2546971518150556,-0.0239361268156906,-0.08454111136185,0.0876275526140735,0.2700191153065914,-0.0759731762579484,-0.0080213827040835,-0.0062647513322314,-0.1580278176616342,0.0878571101597376,-0.0990001655316021,-0.1382653540345532,-0.0678007487745228,-0.1625926344502317,-0.2128140234428917,0.0116260476444076,0.1519174104919927,0.1450353891558753,-0.1808995283191623,-0.0105863287677341,-0.2808946202861356,-0.0778841194696079,-0.0741139255364852,-0.2186524114521389,-0.1688469715464868,-0.1757930887156518,0.7822299564732391,-0.1281537007975975,-0.1371589972951895,0.0654691156465485,0.0670838633115493,-0.0549604394188896,-0.1619009452322082,0.5665650124811152,0.333770501809042,0.1523002671119424,0.3079526596702575,-0.2255704360830286,0.2654893436813896,0.0881635920996894,0.1057068192413626,-0.009894222548346,0.4073180835825916,-0.2951617524090765,-0.1633443585895978,stop,2395,3,79.41579946139609,-0.0491402939012334,0.0296935279766857,0.0595066306401868,-1.0,0.6042602845714855,1.2109539018994986,15.086662836980793,2355,0.8289928483129024,5,0.0115686957158784,0.0439861253356745,0.1750817912160631,0.0,-1.7340597792216663,-0.9050669309087748,0.1718177948163689,0.2987662196430271,84.42727453058342,79.41579946139609,145.43863573941326,4.264284951346262,-0.2758537925102394,-0.2093276965285612,0.0499272306346713,-0.2953551331801747,0.7093509739887172,0.0227543004188985,0.0,-0.0498250924154898,2026-03-25,27.0,5,-0.1919051692772848,-0.1483257051775088,True,False,True,1.0,1.0,0.25,-0.0258382845139944,0.0623991423321416
BLDR,Falling Wedge,bullish,1,0.7814784751603587,3,23,2483,2484,2026-08-05,2026,2,74.45999908447266,71.09131004696837,90.78642708914504,65.12022276737184,1.2501631764453225,0.0473853841669069,False,-0.027531499430152,-0.0304916897635358,-0.0598916958918241,-0.0309250839594464,-0.0384795736919065,-0.0288996309291791,-0.0200762893481111,0.017952158141522,-0.0258697556526471,-0.0014557601372876,0.0407971348538813,0.0164644350963059,-0.0303272244644183,-0.0080763331572326,0.0423990477935374,-0.0293131832150231,0.0580745688527286,0.2438423020475966,0.0132973425707976,0.0805844031225473,0.0312880345923747,0.0226315950092517,-0.0422323240118254,-0.0256513034676244,-0.0241581725276802,0.2161873970978847,-0.0310594379243482,-0.086526980987047,-0.134517782879819,0.0010187701318138,-0.0365580146668452,-0.0190607952100463,-0.065948058677154,-0.0020257046452051,0.0698822695753698,0.0233107385587221,-0.004361860001572,0.0312187425092018,0.0440080973855763,0.1723076880394995,0.1460176628920013,0.0624124846105909,-0.0138181513006037,0.0385896549690032,0.1045017655802815,-0.0514302277204896,-0.1526994234714647,-0.146142706882409,0.165056375051696,-0.0962992573806191,-0.0287474065247382,0.0899506465771835,0.0839976017224375,-0.1439303252320271,-0.0074418280211794,-0.0756459726000521,0.0473333358764649,0.0061016535354871,-0.0971239830836776,-0.2111006754203021,0.2405722244397918,0.0620271064392223,0.146296620231497,-0.2058264729481733,-0.1519653458796172,0.0755035586964172,0.0696939997721186,-0.174827498083312,-0.1423806413298956,,,,,,,,,,,,,,,,,,,,,,,,,,,,,,,,,,,,,,,,,,,,,,,stop,2502,19,65.12022276737184,-0.1254334734345767,0.0314263228049531,0.1631748302521173,-1.0,0.2505417568727731,1.3008874408411053,1.7480534276585664,2458,0.5834165925960857,6,0.0475089709761454,0.1663191075756545,0.322190707107675,0.0,-1.2306551865591124,-0.6472385939630102,0.6395175441858634,0.1710767663604323,71.09131004696837,65.12022276737184,90.78642708914504,3.69928468976702,-0.2015577275468897,-0.0096528213082185,0.0487646277353473,-0.3601551773576864,0.790244065828551,-0.0149927669050502,1.0,0.0327206235771906,2026-08-05,27.0,5,-0.1516009834867584,-0.0623963733513873,True,False,False,0.5,1.0,0.25,-0.0216094877839527,0.2378000652012938
CDNS,Falling Wedge,bullish,1,0.7217358407722531,5,50,767,768,2019-10-04,2019,0,65.73999786376953,65.77428763253354,76.67785862513958,63.231703136929184,1.7132194664748186,-0.0005213248215713,True,0.0024338860253836,-0.0071418273324932,-0.009973717157772,0.0359491325744465,-0.0454229098647388,0.0346389841291774,0.0052342271459957,-0.0335134970175253,0.0043030476356538,0.0554600815100172,-0.0138316760175135,0.0416981439170598,-0.0335647149792981,-0.0168040796214619,-0.0508175963374765,-0.1105809898406374,0.0159732037320849,-0.0284369039025197,-0.0792328057327453,0.0241892015611804,-0.0009848415310045,0.0181941007403956,0.0118100664782177,-0.0021295922451739,-0.0174636347032514,0.0593220045448468,-0.0130163412061058,-0.0290191394895478,0.0365529768309658,0.0436309552323641,0.0377026038346755,0.0882100329001227,-0.0532926922770118,0.0375162818472747,-0.0367925287580501,0.0151922383268106,-0.0942689534367082,0.0523492442772,0.0485783916224253,0.0462847703621545,-0.0236237482466377,0.0320897021728376,0.0486343316569728,0.0498690769960676,0.068726456252099,-0.0228618754173117,-0.0039548907101383,-0.0471285765021383,0.1526644764129743,0.018942365404339,-0.0226447627044042,-0.050286003344064,0.0050156931144691,-0.115378536629542,0.170428637298819,-0.0485699002613468,0.075491390257055,-0.031952133137418,-0.139718816924283,0.0389462918089047,0.0138965116098082,0.1567618121791081,0.0041702748304477,-0.0644258066860029,0.0477251029409944,-0.030508440093132,-0.0153113682943379,0.0074984439652467,-0.01259215229752,0.0264679882827165,-0.0354469790917906,0.1301632410656044,-0.1753082135002794,-0.0755939300176089,-0.041230098186307,-0.0784612736721045,0.1914274192253811,-0.0435622069907193,-0.2278889126247829,0.1487692495492789,0.0311930496408219,0.1671906929165918,0.1289664855013441,0.1039215536678539,-0.1162583751293301,0.183876216683104,0.0237645448858949,0.1321004345613587,-0.0031667460184073,-0.032646030305338,-0.0791662985556517,0.0080634481478813,0.0550654527565337,-0.0470661032743782,0.1756610358712378,0.0207239901857678,0.0892895138159339,0.0868603885914449,0.0911892938410423,0.0854014375784102,-0.1041717497125322,0.0291175263329839,-0.0116496127256503,0.1226766242084236,0.0949855543123068,0.1653710320248906,0.2930602272438809,0.2871972029073535,0.0991671927004824,0.0310590556706473,0.0938285604534816,-0.1981521114033411,0.1677265238055456,-0.0018782367984178,-0.0258077196886608,stop,769,2,63.231703136929184,-0.0381547734765399,0.0088226627609055,0.0386370122203778,-1.0,0.2312335248518842,1.012639014726019,4.360676057852368,717,0.5139133308091403,6,0.135813831012099,0.2027839203936294,0.0487427128316542,0.0,-0.8837781525204069,-0.3698648217112669,0.4010144451135033,0.1168196436816411,65.77428763253354,63.231703136929184,76.67785862513958,1.714285169328962,0.0510311186523677,-0.0363640126164831,0.0260094837517734,0.0266356198621908,0.9800033569335938,0.0047619845661213,1.0,-0.0078534102661803,2019-10-04,25.0,14,-0.0045811430698528,0.0059468619452938,False,True,True,0.4615384615384615,3.0,0.2307692307692307,-0.0384866022936269,-1.0632866712354252
CDNS,Falling Wedge,bullish,1,0.769047709302822,3,39,1518,1519,2022-09-28,2022,0,165.58999633789062,165.83386305358522,202.8013218604715,157.7455457068305,0.8186009909001231,-0.0014705483621025,True,0.0248203436273106,-0.0032049274780516,0.0096477520332072,0.046548098076703,-0.0166408785850071,-0.0316458259240186,0.1045423604674258,-0.0253201081615424,-0.0197349622558467,0.0200053482073863,-0.0051056972739392,0.0799068215550722,0.0279640444305826,-0.018128299850378,-0.0174229020425582,0.0032565570673026,-0.0412036163818577,0.0333476603340339,-0.0038779732351048,0.0120366630102812,-0.0105100465094908,0.0416981439170598,0.0153521866833451,-0.1064073646166007,-0.0784635593385043,0.0758360003311739,-0.0156914940566809,0.0125490076401655,-0.0106415231627455,0.0530699552104434,0.0484599707059454,0.0520969010627097,-0.0712886442720397,0.02076991726239,-0.0096490930138667,-0.1221530547824798,0.0013405416756533,0.0531851498286515,0.0032781935165091,0.0013405416756533,0.0182015252363303,0.0485586815390508,0.0028057693433916,-0.0092955249067158,-0.1325253904096306,-0.1074197361377961,-0.0998852204355541,-0.1413507933504273,0.0643458749018703,0.1582074814051151,-0.0262574322404546,0.0533355798837835,0.0223515498817177,0.0744874464477076,0.0657677811183283,0.0415433888953082,-0.0231557833514772,-0.0906983175344465,0.0525706564510541,0.0537988118895469,0.0219212329293798,0.0620722476850494,0.0470785299786185,0.1215562630240107,0.011551948417845,0.0745919354248239,0.1026142265531886,-0.0256561172456377,-0.1429865856613207,0.0115948922725228,-0.0854854875121162,0.2015122786375949,0.1074664986499593,0.1685666528803677,-0.0057008856269489,0.0768144194187512,0.0430155766528341,0.1233140728276436,-0.1245266257204925,0.0183338221531967,0.1187981108647369,-0.0289591146150329,0.0518638690983868,-0.0378917292148957,0.2175619943835116,-0.0761799159924262,-0.2160937309265137,-0.0738381956400682,0.0037629214437264,-0.0565392551947573,0.0937267197539828,-0.0186554819191549,-0.0231294275968185,-0.065817243445313,0.235112643158295,0.2021575222049174,-0.1169333437884124,-0.1868390488898617,0.148401182844603,-0.0078095178443331,-0.2006526269773845,-0.0245466736043202,0.0432378399568549,-0.0439769471787737,0.1915911814110766,0.1285386644531498,0.089854812043826,-0.1223121598965859,-0.132578153869005,0.1504219419351338,0.1453401437561612,0.2416121957280381,0.0497362943127259,-0.0414400144196934,-0.0605752243636391,stop,1526,8,157.7455457068305,-0.0473727326803806,0.0527809993746835,0.0776616999502216,-1.0,1.1141641275117469,1.6393755554318072,4.743649654093376,1479,0.6385074233761864,7,0.0833319575313184,0.2202400657465411,0.1393018738760678,0.0,-1.3006180156993925,-0.6621105923232027,0.445679234543645,0.1441968168110027,165.83386305358522,157.7455457068305,202.8013218604715,4.484999520438058,0.0392221316434184,-0.0519801224619422,0.0268611097062263,0.006025185230132,0.8761218071642249,0.0053331397728608,0.0,-0.0656885951501525,2022-09-28,27.0,13,-0.2837839268390524,-0.1781005502929346,True,False,True,1.0,1.0,0.0833333333333333,0.0511678529383705,0.4152429509713787
CDNS,Falling Wedge,bullish,1,0.7355152880458654,13,124,2050,2051,2024-11-08,2024,8,300.4800109863281,259.4134986504855,351.41963694036895,238.9674833227719,3.082665953193777,0.1583052252464802,True,-0.0358427154468522,-0.0124018882211177,0.035840041156957,-0.0269719485794329,-0.0467289950931919,0.0399642944335938,-0.1894893855004926,-0.0235169602573975,-0.0200440488287955,-0.0045611652233248,0.013923753239698,-0.0311367364599473,-0.0064309276092432,0.0363974217348561,0.0117508511160153,0.0337971893931023,0.0439783886297757,0.0114747522660363,-0.0121542467778259,0.0398534977392399,0.1022261743453121,-0.0314853245129668,-0.0346770467074506,0.037905962840828,0.0450749681540154,0.0511461123040106,0.095726254766107,0.0235235851587272,0.0198728141109836,0.1321428225172831,0.0770684770447893,0.0953845864922338,0.0019935003207356,0.0543948085569716,0.0054756515537406,0.05214933944336,0.0013467807962437,-0.0372753916739554,-0.0188789754700081,0.0603529986213235,0.0024115096577097,0.0717869514946711,-0.1170133817807977,-0.0954986526565332,-0.0425914538071224,0.0162300459683043,0.0308506012870641,0.0227315357421982,0.1486715249824679,0.0502096807959335,-0.0657066402968434,0.0979696595199901,-0.0637381231868974,0.0040260240781009,-0.0051720693303183,0.0263778325655124,-0.0070836658856359,0.0850316287471091,0.1797594615574085,-0.0284192399639331,-0.0196078386929301,-0.0915569642066774,-0.0017527660130549,0.0002211039642481,0.0568495057716749,-0.0057631824298817,-0.0558836793264776,0.0822656318024857,0.0115157070644501,0.0074880188955477,0.0213858481901473,0.1893154473468949,-0.0672263816550925,-0.064453389739349,-0.0011800571126618,0.1347233610287221,-0.1001166862843003,0.1259396396659451,0.1306780586907137,0.2404137415592802,-0.1854567270000612,0.1627563463061858,0.0679048234113932,0.1770634748598869,-0.0289312021987697,-0.1777875778021131,0.2306282037339893,0.1179674505207106,0.0445112644281602,0.0375620296167438,-0.093375413575759,-0.0395588013944782,-0.0026624676560706,-0.0076340075268472,-0.0957300700683502,0.1008452039050669,-0.2154515912455897,0.1903787937220202,0.311426818139618,0.1514167357670854,0.1157216950194701,0.0709090790191253,0.0250196712589043,0.0802924710085273,0.2220049404581991,-0.1365976249363701,0.0189458611683144,0.2284556714794305,0.3158433582882942,0.0729299056050718,-0.061610561769715,0.0692757008045914,0.029472590210952,0.3914687190210923,-0.0969133359988576,time,2110,60,299.67999267578125,-0.0026624676560706,0.085563067475553,0.0513179341850997,-0.0130057785126728,0.4179635016089623,0.250680861499863,0.8281179117310207,1918,0.7320294580069817,7,0.1204709023603381,0.0779488761273177,0.1901766692414983,0.0416666666666666,-1.024405463728224,-0.2923760057212427,0.3109819678126747,0.3117951135891424,259.4134986504855,238.9674833227719,351.41963694036895,10.098569597516752,0.0452558507728912,0.1153664696441938,0.033522222730346,0.0478989442306885,0.2942152678994784,0.0058332551985427,1.0,0.0321095026154012,2024-11-08,4.0,17,0.1823581721440548,0.132098036894954,False,False,False,0.0,0.0,0.0,0.0052535412260949,0.358379483153387
CDNS,Falling Wedge,bullish,1,0.8333331871406547,3,25,2089,2090,2025-01-07,2025,1,303.0400085449219,303.6984484068739,330.31385306634866,294.4016904372975,0.9995871112652562,-0.0021680712081542,True,-0.0076557789691154,-0.0145863639545749,0.0292152795202544,0.0036742456847154,0.0457083245796725,0.0260738537029976,0.0756961165117391,-0.022081470057975,0.0427208110005044,-0.0220679637735642,-0.0021546751659097,-0.0063333129882812,0.0227248590124016,0.0433730242000007,-0.1071675449922059,0.0818000772965874,0.0197150085780857,0.103914018318959,0.0015087770926882,0.0577306815137861,-0.0333235726441707,0.0095546417464948,-0.0261698379259544,0.0708816653348458,0.0351249225439023,0.0407079672904906,-0.0360664918617692,0.0659395434155287,-0.0198533012648511,0.03903048331758,0.0626666152686403,-0.0113528449510176,0.1138355829944348,0.0324051483213088,0.0604519427335787,-0.014595308040592,0.0103797066861504,-0.1773214148855773,0.0853232230812663,0.0319117377786075,-0.131772198254549,0.0175074521310123,-0.010861903578627,0.0770684770447893,0.0404325161828031,0.0570898186643854,-0.0004290023731081,-0.0303594775176383,0.0316806844192349,-0.0645477919601716,-0.0020840958670185,0.0271493257300772,0.0997407059281105,-0.162294337735727,-0.0379320345374277,0.0131295823879555,0.0762141330585357,0.081996975922979,-0.1123781702845291,-0.0089958667100903,-0.1114345655119788,0.0102089616122638,-0.0326698820616755,0.040591084898399,-0.0892307574932391,0.0634573523341588,-0.1315790049319979,-0.06126077322666,0.0180829213283318,-0.1974326826293817,-0.1757237612796583,-0.0153708617941324,-0.0025718004096262,0.214189772018267,0.0692377746816073,0.1967841297791617,0.1232057416267942,0.0140624491265051,0.2108877057303666,0.224164743942149,-0.17482142545739,-0.0108442595897088,-0.1693488640641082,0.4093773405702916,-0.1608981634420352,0.0906328466001498,0.1091780477459465,0.0591467321305201,0.1329114778385942,0.1215268012515569,0.0848292805475545,-0.2737466560710049,-0.2315205968973863,-0.0924004663051184,0.2482827076377896,0.1482394866663714,0.2347254273611443,-0.0166863651763815,0.0547876414932444,0.1341462497383363,-0.0273319074613658,-0.0082319985029563,0.1383047219887336,0.0683333079020183,-0.1827514705515259,0.22321428373099,0.0446471722270822,0.0667697047695392,0.015472964683274,-0.1169333437884124,0.0716696203689879,0.120443718825731,0.3086462808788572,0.0301618606300897,-0.3093161000684637,stop,2092,3,294.4016904372975,-0.0285055367741776,0.0123085413264733,0.0400277340970784,-1.0,0.4317947570670989,1.4042090985404032,3.157309580594652,2063,0.6138674248689502,7,0.0462452287609975,0.1841430514211133,-0.1363970116299966,0.0,-0.8764176063552095,-0.262550181486263,0.4986949343278866,0.091699268426695,303.6984484068739,294.4016904372975,330.31385306634866,7.984281267438612,0.0449205087089861,0.0032445377158301,0.0264669370903557,-0.04310726358219,0.3064362458408454,-0.0030181837773339,1.0,-0.0282964543296759,2025-01-07,22.0,10,0.0521981078800652,0.141662820430704,False,False,False,0.3333333333333333,1.0,0.1111111111111111,-0.0015765276886054,0.1977966747854334
CDNS,Falling Wedge,bullish,1,0.6474384446871639,3,25,2465,2466,2026-07-10,2026,1,390.6400146484375,377.87611691864913,417.89332290216726,360.5100062889389,0.6575998971852386,0.0337779953754955,False,-0.1549509190740481,-0.1427511064128156,-0.0073415236812302,0.0263720375464084,0.0589920240924581,-0.1100549776238063,-0.0045237768264043,0.0290653934313991,-0.0244261909120564,0.0057775774397974,0.0133224636413376,0.0278741765015801,0.0135500366866851,-0.0129684099872532,0.0101752484081707,-0.0366078310498062,0.0193860523117812,0.0064453384197602,-0.0185807717647822,0.0121717192976584,0.0224772481444606,-0.0696947657261375,-0.1530214724915491,-0.1648577257811653,-0.1468636814278847,0.0384962038886278,0.021668939685663,0.0007225948462117,0.0818758174023404,-0.0597425705344779,0.0129187689126968,0.0436309552323641,0.0315723737451758,-0.0663892979950859,-0.0086686639207744,0.0923030536826077,0.0071429438071419,-0.0727780861386616,0.049359694859751,-0.106825245779738,0.0172310930556989,-0.0400318521324903,0.0549097751499771,0.0920883669844185,-0.0888146559020034,-0.1698912362236374,-0.1315790049319979,-0.1592080663855378,0.0340189351124993,0.0329386168819527,0.0243117119476679,-0.0071313863488776,0.1333582336443786,-0.010107253158721,0.0628092114961744,0.0502768123851102,-0.0496547270247008,0.0536852841449873,0.1058764306769368,0.2162595559622495,-0.1204444037543402,0.0423280446495955,0.0030935777965153,0.0828093972094481,-0.0609191797803585,0.0569065052017208,0.0816451963450761,0.0761309351712307,-0.1719885798599252,-0.2507167693241791,-0.2742659240123365,0.0902482163971949,0.028226966565344,-0.0117815899106392,0.0657113896896568,0.1222753090519817,0.1083034452906208,0.1366400177932996,0.0057870223028071,0.1259396396659451,0.0815475085357486,0.1687893290952391,-0.0995638578597994,0.0219119770463787,0.1351418504855281,0.093167700504896,0.1942726058602486,0.0067426519634488,0.1130475886039676,0.4885222829705027,0.1371585032978994,-0.3513211971916925,,,,,,,,,,,,,,,,,,,,,,,,stop,2469,4,360.5100062889389,-0.0771298567214485,0.0009215270788029,0.0816609236582468,-1.0,0.0119477348717367,1.0587459529863004,0.9045237534804096,2439,0.56154071643767,6,0.1312517582829943,0.2619790854475508,0.1439466290190867,0.0,-0.8260075783737785,-0.2644668619361049,0.6383495854696594,0.1070410232357477,377.87611691864913,360.5100062889389,417.89332290216726,13.09928458077566,0.1717053263279715,0.0312032101202273,0.03409762376792,0.1985087763978614,0.4267265618063252,0.0051301474442961,1.0,0.0433742019336469,2026-07-10,26.0,18,0.6070425916530491,0.4032363443087976,False,False,True,0.1176470588235294,2.0,0.1176470588235294,-0.0210813634692276,-0.1677166564406516
COF,Falling Wedge,bullish,1,0.6676757303003428,3,29,743,744,2019-08-30,2019,2,76.14402576384454,73.48201272924706,90.76425631878504,72.98290151258291,0.7361558375316009,0.0362267299945358,True,0.0607579163636124,0.0344991101886371,0.0060934317174921,0.0053376380811196,-0.0706794383307261,0.0046974973739633,-0.0117640826415904,-0.0235313339855686,-0.0166965075274406,0.0272071240804647,-0.0012622116767281,-0.0280579913172742,-0.0417861691461219,0.1014000348474619,0.066078470649258,-0.0373505061903621,-0.0113041379452871,0.0478362150070932,-0.0131860205090416,0.0317312931455422,-0.0281529432990589,0.0400827131073353,0.0584232625915859,0.1001748716862747,0.0671705141652905,-0.0058561447782303,-0.0999605761360711,0.0147784702447053,-0.0219624356923962,-0.0192398198050119,-0.0294741897049248,0.062216989916465,-0.0081473078526548,0.0826458809501196,-0.0570150445049226,0.0347482190202521,0.0011181737833696,-0.0063386762587138,0.0046851987980536,0.1031430699585072,-0.1775067451733547,-0.0930833894624877,0.0282784297767373,-0.0060076345611971,0.0104772335199803,0.1092998865843634,0.0609913751160162,0.0349378784448468,-0.019956985741152,-0.0382539006386085,0.0851281589582229,-0.1525057602550791,-0.003773143444795,-0.0121208713049382,-0.0323404696753351,0.0307829969816981,0.0843643643065177,0.1119979047252415,0.0927381603860801,0.0008844130862089,0.0360039614396276,0.1451548658277119,-0.1385784500314509,0.0917486312327346,-0.0158800956053225,0.0978775565267049,0.0307829969816981,-0.0139512711430944,0.0419862219853827,0.1098538912065256,0.0612232121539424,-0.0327266799153983,0.1147391355207059,-0.1743638163488672,0.1012521031813795,0.0569583308721319,0.0958486334964117,-0.0622740796366851,0.1478300300039843,0.1112239694256163,0.0691970190735913,0.2824424569244559,-0.0361796114022854,0.0677237614091808,-0.1150221679899091,0.0120201611797874,0.0277576298046091,-0.0548912774020265,-0.1450164312547849,0.126948752507209,0.0208289985131733,0.0791390453084116,0.1693356744278251,0.0858888074683639,-0.158792614406051,-0.0798572807480143,0.0587370160859346,0.0914159893470067,0.0638095429442136,0.4022262469900906,0.0184309627654566,-0.0250825672965845,-0.0726596978985735,-0.1243919687930162,0.0837316217507078,0.0178206667821039,0.3083922133802375,-0.1216102609312778,0.0083562979081821,0.0830726919047513,-0.0040018308439769,0.2836533414183646,-0.2023033537680115,0.0575054191452457,0.1349130526409857,time,803,60,89.03792572021484,0.1693356744278251,0.1708579098080591,0.0235567214072374,4.078896914989742,4.115563974174434,0.5674258457346364,4.625009772743186,712,0.9289637930180472,5,0.0234723207955953,-0.0166187026973279,-0.4461952687054953,0.0,-1.2657010652637577,-0.3367372722457076,0.0393486254641935,0.1680029328866842,73.48201272924706,72.98290151258291,90.76425631878504,1.8755352792366415,0.0177107498341191,-0.0276659811857974,0.0243840301341011,0.0489577173985535,0.3867967985259447,0.0077706238425818,1.0,-0.0005808884578653,2019-08-30,12.0,9,-0.0761051863962617,-0.044657080992899,False,False,False,0.5,1.0,0.125,0.019343452909911,0.4553453367727663
COF,Falling Wedge,bullish,1,0.6845366109450683,3,31,1432,1433,2022-05-25,2022,2,113.13259141544846,107.87991990838168,144.60688298590367,100.78554460530904,0.7791242622455518,0.0486899833771443,True,0.0361593171803535,-0.0107966832896717,0.0309921323267596,0.1085931289959249,0.001320447727521,0.0390089945241762,-0.0270825383304507,-0.0077752227098483,0.0046463592042067,0.0166702021273281,-0.0445736438480068,0.0292716853523042,0.0100564816585011,-0.0191847792076576,-0.0210934238910421,-0.0489050178499657,0.0339481455135628,0.0081889641771895,0.0808108323217335,0.0753733314951361,0.0029243440095363,-0.0007540316433115,0.0225374975826736,-0.0214825302151242,-0.0284307277953541,-0.0321954486132992,-0.0107567277881681,0.0891165448423225,0.031377813258629,-0.0033775305618471,-0.0030339934555115,-0.1803938621903295,-0.0615468540221938,0.0226666536682553,-0.0254965150095713,-0.0356329058594522,-0.0192014661735729,-0.0021020833963573,0.0375362883236884,-0.0285430037872477,-0.1447622039096169,-0.0382490955182396,0.0385070546823218,-0.0797478080262092,0.0184852715027499,-0.0001150366134417,-0.0973271443474894,-0.080007123991014,-0.0809104569688526,-0.1018004988295485,0.092964995445445,0.1317910068126191,0.0449306774851383,-0.0449342458081057,0.0890400315866157,0.2494250093436971,-0.0636128133807379,0.0078177084879842,-0.0360577024591518,0.1848024052171324,-0.07348677027303,0.1417732595871066,-0.1425692676719663,0.0302722378948774,0.0646985289602544,0.1155295727190395,-0.0130998865276951,-0.0205033090909978,-0.1261306684739806,-0.0904396036970307,-0.0869496784310941,-0.0990328536834423,0.1122533041368196,-0.1137045783122664,0.1133474978615456,-0.0374870974072011,0.1018494590760619,-0.0277940829282036,0.138710000570867,-0.0734088112501363,-0.1947833666090094,0.0162426507221711,-0.20535684416304,0.0217534536539703,0.0591451373325369,0.2754164563598762,0.0289946212218654,-0.0467561981972912,0.1292657289360299,0.0952916386008773,0.3075676625765213,-0.1205152926219583,-0.1012194423904389,-0.1425205337258046,-0.0211826378885563,0.1606254226094505,-0.157608939456431,0.1822391911114469,0.2275581585886594,0.184958055064176,-0.133868051374724,-0.1546393133223098,0.0795303737645125,0.0452917611322261,-0.0037866716943066,0.1389893523406711,-0.0274412330354919,0.0421535211447301,0.1554039476956588,0.168795219884412,0.1459537973569402,0.0341984209890675,0.1715725426043695,-0.0677454612701941,-0.1597693152026542,stop,1444,12,100.78554460530904,-0.1091378413210589,0.0573138481307605,0.1285667866494668,-1.0,0.5251510148726151,1.1780220782565434,2.549135194385791,1399,0.7192409315940181,7,0.0536525767588242,-0.1249238621567921,-0.0178282353535887,0.0,-1.2864680545779767,-0.5672271229839594,0.3455045353705226,0.2315431221402779,107.87991990838168,100.78554460530904,144.60688298590367,5.09740787894157,-0.1830960233339033,-0.0646121461906794,0.0457090592857672,-0.2237672750368546,0.8281854561361437,-0.004022834853004,0.0,-0.0476910448791666,2022-05-25,26.0,8,-0.0925600170073425,-0.0741213995304778,True,False,False,0.2857142857142857,2.0,0.2857142857142857,0.0502243364213038,1.712121666698486
COF,Falling Wedge,bullish,1,0.6744541539460147,5,57,1760,1761,2023-09-15,2023,1,99.1775861196965,96.44781241161616,119.97851284551687,93.7354193559801,0.973429888084266,0.0283031168859519,True,-0.0540958290980779,-0.0255889821801617,0.0150824860282208,0.0419114153924451,0.0133519138147739,0.0458032642839234,0.0095737096800831,0.0001250492242126,0.0444390425253027,-0.0903036167556327,-0.0363850868542304,-0.0164230025864688,-0.0137408892943486,-0.0545945583966663,0.0440961423676129,-0.0248076607925911,0.0276852203575268,0.0162066872085275,-0.0215419226804034,-0.0285422283583078,-0.0210221047370953,-0.0465352417387723,-0.0493147600324835,-0.0658388284949255,-0.0306962467429081,0.0484161746124665,-0.0145045687546223,-0.0179860091286807,-0.0927983895488628,0.1048929942741394,0.0411193707521111,0.0592159147925694,0.0605038298594338,-0.1432114227997644,0.0384780143827589,0.0269480613955668,-0.0005527598198135,-0.0140422556037369,-0.0306764140072035,-0.0410205375354966,-0.0040727770170849,0.0018548572611589,-0.0563634838798731,-0.1014648786927473,0.0286167497523879,-0.0605064520096608,-0.0836461825772778,-0.0575768841989381,0.0709395884330126,0.0854445287088883,0.1242523769136672,-0.0637820231265294,0.0967281966924149,0.1770216432614761,-0.053265949827815,-0.1146081454208095,0.018848259473079,-0.0846240868421239,0.0413857758709272,-0.0048876273061758,0.0179044788768749,0.1077688686993456,-0.0203370042825359,0.04971106392557,-0.0021111126463632,-0.0651169883720451,0.0255996128057667,0.1178712134314983,-0.1098833160406839,0.0124552960309578,0.0179625654651963,0.0031516156590856,0.1392457353598943,-0.2082015654839845,-0.0103649419408403,-0.0945602329134172,0.0898213272267276,-0.1400156381384004,0.3618878163756254,0.104624310980862,-0.4622753285678357,-0.1856995584035206,-0.2986799113610917,0.0976952021051122,0.1373879480169444,-0.1494566809977582,0.1404143608724577,0.1294910298710434,0.2004399651921702,-0.0075347428884207,-0.0821514912669932,0.0241943350460748,0.1502180674447208,0.1074688864280326,0.3019228108350156,-0.1259173543702707,0.037184123853081,0.2819902911740073,0.1335093973785701,0.1251141213958113,0.1740142030550433,0.1397356282152071,0.2028525572411432,-0.1487130209536251,0.0983754049861349,0.2439753806927671,-0.0304056450591529,0.1410877008228157,0.0605158893322996,-0.0081662808051919,0.0999595237987061,-0.174228473406645,-0.0620674724733021,0.0345385135674207,0.0739542024807291,stop,1765,5,93.7354193559801,-0.0548729503977672,0.0007700628696188,0.060448663345048,-1.0,0.0140335605072581,1.1016113204568565,3.8221773842916287,1702,0.8046902704484264,5,0.0055699019326315,0.1306933831938816,-0.2452909889815063,0.074074074074074,-1.0855718378847277,-0.2808815674362978,0.1555061562821481,0.1991104581362247,96.44781241161616,93.7354193559801,119.97851284551687,2.100208224057013,0.0233177215507638,-0.0343553803073476,0.0210606871632772,0.1302244464586166,0.9556208142692364,-0.0033248338646888,1.0,0.0198121916767375,2023-09-15,8.0,7,0.1620107295709796,0.0536479057570309,False,False,False,0.0,1.0,0.1666666666666666,-0.0244631332597169,-0.2231434750061716
COF,Falling Wedge,bullish,1,0.760954807584371,5,46,2096,2097,2025-01-17,2025,2,186.41452270855385,179.82952453702433,193.46229403469133,169.10632372020325,1.7813741321797758,0.0366180035702299,True,0.060261860215544,0.062425969688563,-0.040235452199974,0.0009707155251614,0.0390461252805027,0.0127051815702032,0.0166861220827658,0.0455382892297016,0.0571137632569322,-0.0039641659817934,-0.10334919925217,0.0327540814263285,0.0220100859865093,-0.0671446349210376,-0.0370581958656215,0.0505565409004187,0.0293581117078978,0.0309921323267596,-0.0095923015548564,0.076878258430191,0.0391376475195661,-0.0310049083823916,0.0521919503612893,0.051884913773996,0.0567126984182566,0.0755598412449809,0.0477514321944609,0.0626582912135582,-0.0675595439197273,0.1101622246020079,0.1044598021467724,-0.1635448943565985,-0.0435085493862097,0.0621574436683216,-0.1693020904021366,-0.0141544253569035,0.1103115638496696,-0.0301151419302857,-0.0798183627754984,0.0373941345148682,0.021581636007943,0.0111715361495905,-0.0752871440409916,-0.0302863018111348,0.060833460910743,0.0503616681478245,0.0649409667856497,0.0469276825770379,0.0116677872638333,0.1328356680233444,-0.0024901678904178,-0.0594154696006441,0.1112608414789295,0.0564009450333222,0.0413875364581646,-0.042193192636159,-0.0777951611049485,0.1162177933545385,0.0807415346025268,0.0629305617482136,0.0698358829123328,-0.049647273840703,-0.0203817678456522,0.0324215504279359,0.1665609217659169,-0.0437604401316097,0.1918495387348182,0.0769864006925404,0.0221702923133356,-0.1137045783122664,-0.0476950491865224,0.1620260869294283,0.1971420517579176,-0.1739936624239444,0.0379434747730533,0.1397817665887679,-0.4144178681867267,0.073972372854401,0.0442219224719881,0.0653671313973776,0.162948557378689,0.0321374608486049,0.0109056325488747,-0.0719552801921872,-0.0941622301390282,-0.3316395149496532,-0.1360452045811814,0.051349251570119,0.0553133024495891,-0.0411000550028721,0.2569944065206104,-0.1150440584429578,-0.1412207273521056,-0.0389304189946784,0.1619696702336135,0.2164532322712107,-0.3844005819511091,-0.1461626473519049,0.3474788830699853,0.1410877008228157,0.0956921334959721,-0.1188431304232847,0.419969421602701,-0.0230166291582931,-0.1325195392516859,-0.0152306221595902,0.1388331862642335,-0.1825756718493032,-0.030942318477351,0.0090431349200155,-0.0019177240909309,0.1578622504964948,0.0732867513049064,0.0741926501923679,-0.1812337348501488,target,2098,2,193.46229403469133,0.0378069864071493,0.0583769644323901,0.0,0.4071926449933386,0.6287375115783365,0.0,0.4071926449933386,2048,0.3819580409410634,6,0.089500023686096,0.3738848804125996,-0.2632037801595857,0.0,-0.7028246540924094,-0.320866613151346,1.4473437092528416,0.097598450457027,179.82952453702433,169.10632372020325,193.46229403469133,4.500020180674746,0.247757741159821,0.0397894029915579,0.0241436491694681,0.2940161094355977,0.5809529622395838,0.0029717234156358,1.0,-0.0077755867973557,2025-01-17,6.0,9,0.2792586775938397,0.2505076263491743,False,False,False,0.0,0.0,0.0,-0.0177351488877591,-0.3189455692888824
COF,Falling Wedge,bullish,1,0.7119087930233972,3,23,2362,2363,2026-02-10,2026,1,219.4336490356088,219.50985166191185,255.2682362974301,209.27353332948317,0.4484478931609336,-0.000347149003683,True,-0.0545945583966663,-0.0400911319537404,-0.061391844479011,-0.0399999159264132,0.0509868928536858,0.0039082391694627,0.0366871796708527,0.0428828728113181,-0.0125348257820864,0.0097130231725397,0.0760358615545169,0.0077594220155847,0.0144679737193356,-0.0422154311061796,-0.1044586082612858,0.0068765508727832,-0.2404321718496624,0.0354751696446942,0.0732789198855703,-0.0089308854228088,0.0303970638276833,0.0133412817425646,-0.0491868968023236,-0.0694711957255357,-0.0648186501992675,-0.0311018660090771,0.0153805408870946,0.0584692139874118,-0.0987160723316443,-0.0544702520310421,0.0796204643840443,0.0210162052596114,0.0147385040502552,-0.1656397973268067,0.0229415522787694,-0.0775895481815761,-0.0494302631204859,0.0672794605320965,0.0389362694790484,0.0258491040348474,-0.0760253129984992,0.0331897674388619,-0.0706486207411875,-0.050115023760498,0.0273527414540772,-0.0560230490898008,-0.1769528803726074,-0.1481472129723307,-0.0607363397262412,0.1486796609038698,-0.035633453591618,-0.1254858599159851,-0.0221049006658407,0.163927902522966,0.0369781788504739,0.0571194367111806,-0.0889338564257749,0.0714293822480038,0.1065918788059341,0.1676473732507861,-0.0347474813528335,-0.0233563804307941,0.0019996523760503,-0.0347474813528335,-0.4805254620237832,0.0462397797667324,-0.0687952517860941,-0.0569545669647901,-0.1653824909325779,-0.1194816136996661,-0.0984830079859614,0.04052259401414,-0.0792634166294061,-0.2144161742978401,0.0509997302970874,0.2841935912797957,-0.1383885212868578,-0.0259418217106945,0.2414238136973956,-0.0156463049952626,-0.2702319328873479,0.1719310588589171,-0.0430920562137586,0.0147347451719914,-0.1678628954779222,0.0677237614091808,0.0423882424761477,-0.0445541299931838,-0.1136610728866782,0.0087228063414572,0.0416040311892678,-0.1120409161174875,-0.1291581243903151,-0.1825591732823283,0.1630002520499638,0.084442992819161,0.1996887807791589,-0.0028232500227316,-0.095756238042674,0.1703003463786694,0.0629253442165771,-0.1718037144056844,-0.4330034397987088,0.1794182244508408,-0.1365874978412856,-0.0545585574565801,0.27351943169976,0.1647938716818044,-0.1318174680551277,-0.1318174680551277,-0.111851964818188,0.2195391918706128,0.1215753892084432,0.2177958755028792,-0.1585071294984033,stop,2364,2,209.27353332948317,-0.04630153921597,0.007387384638056,0.0786035925902552,-1.0,0.1595494396762533,1.6976453465966788,3.526986138574804,2338,0.6127414420533535,6,0.0965039926828852,0.1228940032308607,-0.0349176949717978,0.0,-1.049040814168381,-0.4362993721150215,0.4900958472813213,0.1220697407190505,219.50985166191185,209.27353332948317,255.2682362974301,7.389292628134277,0.0209277515534367,-0.0608875960965089,0.0339913318714339,0.0629877208885465,0.206520737581964,-0.0012570243895181,1.0,-0.0043730880317873,2026-02-10,61.0,9,0.20380270280666,0.1354064050257788,False,False,True,0.0,0.0,0.0,-0.0424882832856971,-0.8660115076601185
COF,Falling Wedge,bullish,1,0.720147937112608,3,24,2434,2435,2026-05-26,2026,2,187.79682021870929,183.73512061351084,208.8981026616275,177.91905623300295,0.8440387342930811,0.0221062777308769,True,-0.024514529880431,-0.036087664483281,0.0285020163370135,-0.1403438756622623,0.008866817507857,-0.0140102284305203,-0.0353369504569147,-0.0122145041416492,0.0219845169702332,-0.023572388412074,-0.0275441628865089,0.0698031212328311,-0.0465613222174874,-0.0215542323842593,0.009061372917553,-0.0223142581209921,-0.0778870202191578,-0.0299998748155342,0.0283529033436731,0.0261081296344483,-0.0213966349653205,0.0149928314219001,-0.0112613427130724,-0.0271144993082536,-0.0086961223149413,0.0137786365020708,-0.0199849159333475,-0.046428469925548,-0.0810777183305551,0.0796741215000409,-0.0325529143883703,-0.0009774574568486,-0.0276270553776613,0.0023503192306844,-0.0191310688905639,0.0178884755099735,0.1240977358762807,0.1240977358762807,0.0387934114544281,0.0677633879807884,0.0361068630055825,-0.1118245719968864,-0.0571427465622227,0.0425602280033818,0.0077974120498132,-0.0350225697146196,0.0637801036320255,0.0847568294203444,0.0229991277907677,0.1501128038516135,-0.0028765022829061,0.022502649844196,0.0099110384981369,-0.0074359524235788,-0.0386820215552553,-0.0939201646888645,-0.0010410517033759,-0.1246029652697635,0.0606031407123821,-0.0467826436269467,0.0188974345617736,-0.026227457589543,-0.0084635617449962,-0.0154218510582555,0.05053466037702,-0.097251289027014,-0.0426575787484858,0.0269572579883563,0.0709223499367625,0.0610209623516728,0.0754017885311156,0.0731964032773671,-0.0083188715712406,0.0627661532454111,-0.1864521589813531,0.1209924818890053,0.00722559801772,0.0801180657242304,0.0452632913916781,-0.1093937707925505,0.2754164563598762,-0.0755346273601805,-0.0290140892075754,0.0132436730071383,0.1500440185248976,-0.0268351752830878,0.058622257525615,-0.1102271305419685,-0.0207950775566512,0.2623568435581636,0.0521280385388769,0.0292808433634042,0.1314355348513547,0.1132107585768826,0.0704944070959854,0.0632327768223954,-0.0385986334860481,0.087425771256232,0.0693593399063352,0.1998670359053824,-0.0013484645455564,-0.2372255125174757,-0.0677916551359008,0.0013560440346749,-0.1103239240147377,-0.0568943337733829,0.0369892715031681,0.1892047112793293,-0.0934094058042486,0.1482174010414008,0.2240268957365023,0.0797634030614313,0.0106589948906568,-0.1188067105131287,0.1086256642142039,stop,2440,6,177.91905623300295,-0.0525981428982803,0.0189429690027013,0.0605433143911793,-1.0,0.3601452058741916,1.151054220835594,2.1362408003929745,2408,0.6410378059215525,6,0.0786953170348195,0.1421696301662742,0.0929405936030971,0.0,-1.3727670702835009,-0.731729264361942,0.4949716295681128,0.085746435444056,183.73512061351084,177.91905623300295,208.8981026616275,4.494178116844091,-0.1146724265583695,-0.0096382915320317,0.0241929453656157,-0.0706331476950202,0.1600786461286087,0.0020235673377713,1.0,0.0495267657810623,2026-05-26,61.0,9,0.0807327757084368,0.0322563807492914,False,False,False,0.125,1.0,0.125,-0.0306525698166151,-0.0816442396273888
CAH,Falling Wedge,bullish,1,0.7811198630114333,5,56,1452,1453,2022-06-24,2022,0,50.28827224916864,49.802257661270176,62.13030559853661,45.51860527653997,2.6765424962884063,0.0097588866593978,True,-0.0175046565162676,0.0075816749959886,-0.0958154524088801,0.0330701525344738,0.0231512304465311,0.0294788811188195,0.0128143721985578,0.0230263500939609,-0.0121488400722532,-0.025140339018268,0.019044191726999,0.0546391050468191,0.0162980649010715,0.0185713198881172,0.0278045828108095,0.1000001547118405,-0.0003242965633953,0.044970379773243,0.0735898197194637,0.0158635535681748,0.0166935200201994,-0.0083261730800078,-0.0358676853870814,-0.019539889047813,-0.0020995033962174,-0.0028169954308073,0.0756133434317123,-0.0271431052998755,-0.1391186036239845,-0.0933264556030446,0.0756133434317123,-0.0001892375843159,-0.0180125381581431,0.1529914633255518,-0.0240413032822499,0.0782902085869949,-0.0486529797481888,0.0068446226971212,-0.0072527748198181,-0.0471393219760726,-0.0207211626092227,-0.0205124166692961,0.0587616998943658,-0.0550885052338268,0.0288065661720484,-0.018185181422846,0.0598368346633961,0.0482783290224435,0.101025460252591,0.0323467715349499,-0.0670678046555316,-0.0691988811262686,0.0084750196775129,0.1344766954994736,-0.1456783821097017,-0.0464851066492719,0.1092516901550939,0.0201953601028832,0.0210364377439642,-0.0876387283443129,0.0278221629029082,0.0905163538378495,0.0753751502078901,0.0636103148194322,0.0447267931024821,0.0872210136418245,-0.0188911504557962,0.0824181836785797,0.0366599669725685,0.2565209327746394,0.1994950154455068,-0.1157274800456806,-0.0912518897681797,0.025780908630332,-0.1685510227307867,0.0403902389073653,-0.1294572361288437,0.1123264061138353,0.3481580869003364,0.0013488004138499,-0.0381954538972152,0.2565209327746394,-0.0943112778235791,0.0955198383838851,0.0681150053288273,-0.1212797929600844,0.2881638400616599,-0.1255919975978379,0.0419807029316443,0.1011241188731906,0.0278683596506785,0.2303743783737375,0.2543005342867204,0.2680640788227701,-0.0185288377081666,-0.0333475865540207,0.0634970947164297,-0.1679831451936586,-0.0493434616240683,0.1358858066448474,0.0759039455716603,0.0002243317090471,0.1048146496037361,0.0941321738059013,-0.0022445536856227,0.0212453127310339,-0.0169785044575068,-0.1372513465549408,0.36259749749603,0.1367809328528715,0.0644766370579046,0.0270262987355827,0.0703960659925084,0.2565445880261567,0.2049081393284341,target,1486,34,62.13030559853661,0.2354830026908259,0.286865757804078,0.0504395558554092,2.4827799125861314,3.0245263265131213,0.5318019332460938,2.4827799125861314,1396,0.5173200563090914,5,0.0569872271017114,0.108064643298589,-0.3041519090392381,0.0,-1.1321607083803202,-0.614840652071227,0.7604465061956611,0.1897201417675696,49.802257661270176,45.51860527653997,62.13030559853661,1.2893075022413505,0.0378927575350609,-0.0395402334262124,0.0256854205232103,0.1048159391836642,0.7476635014233795,0.008298688657349,0.0,-0.0141051253284434,2022-06-24,51.0,4,0.1408220121137298,0.0828677966053728,False,False,True,0.0,0.0,0.0,-0.0263548413368811,-0.0341761011673149
CAH,Falling Wedge,bullish,1,0.6970550892205417,3,21,1518,1519,2022-09-28,2022,0,64.41648676951216,63.247192487376026,68.19728206017334,60.382158093892656,1.385295257278228,0.0184876867438743,True,0.0096990794878784,-0.0183261916174839,-0.0001980786080311,-0.0269232090714082,0.0144155166125727,-0.0037367414372522,-0.0374450879573274,-0.0584837564759438,0.0330563964228696,-0.1091094992386753,0.0043589353233992,0.031910819119477,1.7723944756298238e-08,-0.0059960056903137,-0.0465030207189541,-0.0178833953879824,-0.010829795250829,0.0028923958057687,-0.0358584215669203,-0.0325925796401648,-0.0800910639633728,0.0454051060610427,0.0263796528847834,-0.0125642270791397,0.0153795781989566,0.0068445589655152,0.1162057182494094,-0.0538236610094878,0.0471167999434392,0.0642086766085814,0.0728380331889981,0.0229734528248335,-0.0146529329583092,0.0463369214885402,0.0313135226552141,-0.0500711174723793,0.0040121147070695,-0.0467503734663234,-0.0244421409231355,-0.1564008325446974,-0.0240385114578103,0.0035865269131831,0.0713992644495811,0.1455211574293631,-0.1123805682041741,-0.0200540575485102,0.0900207798401508,0.0485552069252777,-0.035399952982708,0.0223190255334053,0.0166652159015594,0.0087342720504179,0.1595796947519685,0.0872256078388218,0.0597094685743948,0.0127406445687801,-0.0305725633263321,-0.0193998641653342,0.0112252273237847,-0.1100987730827472,0.1138440524054853,-0.0222478897182989,0.0022700014063978,-0.0577708825603323,-0.0795495524751721,-0.1615094783213349,0.0349057189895465,0.0321493979141316,0.0877798113088291,0.1413860341719073,0.0443056543872681,-0.0626498749384079,-0.0394275097631524,-0.0191067475336135,-0.0582857948437607,-0.1022053893949743,0.0283537707278378,-0.0169193271503185,-0.0086093198370076,0.1201615500607715,-0.0377194719199482,-0.060704425149118,0.093838370735769,-0.0472465911145569,0.0245806692236061,0.060312678117407,-0.1092232293814957,0.1004382807626405,0.0556589678360712,0.1407443385459696,0.026340624982466,0.136969455673598,0.1722341805251213,0.1295463646766268,0.2236972628300821,-0.2444920685498741,0.36259749749603,0.0831884610449287,-0.0666879839250902,0.1389859295972033,0.0629281080343646,0.1472244298371181,-0.1621745494911108,0.0892616500326495,-0.0600933351730105,0.0061821180128185,0.0256701122445839,0.3440637483197091,-0.0880945383671462,0.0050999444741122,0.2209874079163729,0.2179639639727126,-0.0390154160490164,0.1463730699424146,0.1015508899151286,target,1535,17,68.19728206017334,0.0586929756692442,0.0647018163647936,0.0389016218679295,0.937155991654696,1.0330996884348111,0.6211456754904198,0.937155991654696,1497,0.446815784585128,5,0.0398710928364219,0.1553386028809309,0.2665304287922576,0.0,-0.7089463805127167,-0.2621305959275874,0.9183361168377684,0.0922953019150893,63.247192487376026,60.382158093892656,68.19728206017334,1.4987207212917286,0.2196892566658623,0.0562918244899119,0.0232459586641937,0.2243890091630875,0.8487813410644729,0.0445552901470815,0.0,-0.0656885951501525,2022-09-28,51.0,4,0.0482256648157155,0.0747429624613493,False,False,True,0.3333333333333333,1.0,0.3333333333333333,0.0231459351019623,0.3861364748485877
CAH,Falling Wedge,bullish,1,0.6383943060040325,8,120,1980,1981,2024-08-01,2024,0,101.33606169296718,99.01509083912588,115.06033767061834,89.15483544041311,0.9889369780018358,0.0234405769279379,True,-0.0488461552372319,-0.0393265428423575,-0.0251061612060018,0.0070831120543171,0.0252123090072551,-0.025087723312806,0.0776822993860992,-0.0398433691931737,0.0168597178307237,0.0656664705713312,0.0185713198881172,0.0066506934132906,0.0045434954838374,0.0709533549243841,-0.0584837564759438,-0.0132433091842475,0.0005521999917721,0.0157011071621522,0.0608336057074923,0.0220942190260893,0.020648292226393,-0.0063156291578764,-0.0610947676443921,0.0375961963963651,0.0052678739850078,0.0282045214393544,0.0026241179399606,-0.0141137244644893,0.0331661747098765,-0.0440929615851408,-0.0077039054432398,0.0729555469345824,-0.0092731412881575,0.0298412077110239,-0.1200675925530274,-0.0791717618964299,0.0018279986565894,0.0093300026384113,-0.1331645602464352,0.0281174808755442,0.0743553842424618,0.0006547716159233,-0.0745887531605923,0.026664345442495,-0.0222994282005106,0.0474329102279551,0.0788460675426285,0.0366625147921586,-0.1104600336497827,0.0478922191134578,0.1429591369427592,-0.0634017323016082,-0.0561044905479712,-0.03227633760708,-0.0554292815177247,0.1099173648522124,-0.2556259559309217,0.0852566148587348,0.0541114208983577,-0.0669291328870701,-0.050716652898417,-0.0074968790595835,-0.0997429652597409,0.0223190255334053,-0.1683211831406412,0.0513378312498884,-0.0827723567008255,-0.0179083886254629,0.1065156563765293,0.0556730831880278,-0.0142713237075087,-0.1409665381365301,-0.015806425718483,-0.0527768326047856,0.1319416024083199,0.0577775822611776,-0.0555198833308656,0.1561098947844399,0.2064669777545453,-0.0174439603912488,0.1696450924964498,-0.0965908529002019,0.0398030049905195,0.1165325638679173,-0.1044459063258029,-0.0787572130172765,0.019169461856759,0.0461645454201349,-0.1593468382694804,0.0751116123884176,0.3191372167600887,0.0248628279733231,0.0711541132861477,-0.0129634410585957,0.1710651446373741,0.1531738810036294,0.0050999444741122,-0.0645375650890157,-0.0936423616058517,-0.040783917486581,0.0794785380835827,0.2210970010986013,-0.243023043149279,-0.0119247011681344,-0.0489338179685971,-0.0694366318777562,-0.1584897316621291,0.2922991430692361,0.1336764018638443,0.1934883615729543,0.0961417433643294,-0.0219588168969511,0.2085753095594915,-0.220334557807197,0.0421025970853645,time,2040,60,108.54653930664062,0.0711541132861477,0.1158653701862131,0.0764422626037222,0.5919336415052309,0.963888204507058,0.6359259469083907,1.126674416278374,1860,0.3929038219450884,5,0.0584534769098598,0.1902013162793743,-0.0708569072693271,0.0,-0.8116192360473555,-0.4187154141022681,1.2694273174855653,0.1778063182135342,99.01509083912588,89.15483544041311,115.06033767061834,1.8805637553115837,0.0135115968297665,0.0560852900115071,0.0186671860285658,-0.0439641777281769,0.9745773122555202,0.0045621950645495,1.0,-0.015323057233393,2024-08-01,34.0,9,0.0499418955990256,0.054552727539423,False,False,False,0.125,1.0,0.125,0.0436062692457547,0.7474148094201382
CPT,Falling Wedge,bullish,1,0.7502947600647752,5,55,834,835,2020-01-10,2020,4,84.91158461826419,84.15459494978282,94.85825584390454,82.83158102377517,1.486723458042923,0.0089952268076756,True,0.0347195918056502,0.0176849371388405,0.0312829249166008,-0.0046244985372035,-0.0490446049606546,-0.0005769889724117,0.0177788259424656,-0.0024372177115645,0.0219507531292353,0.0603810395703909,-0.0341930080849559,-0.0034360424748017,0.0294236007165489,-0.0191344879393301,0.0173754346009746,0.0404567712923309,0.0115456732689247,-0.0102262888932458,0.0260616680252301,0.0289247167910817,-0.0020371142753934,-0.0323685438284752,0.0283644611768628,0.0403650227553613,0.0492197154313006,0.0317919964659711,-0.0030279300859831,0.0458637900165468,0.0149094882898086,-0.0632538981926066,-0.0634646448574433,0.0312794863731655,0.0325469615410543,0.030609691507474,0.0125499826068236,0.0428725473197109,0.0182718696693569,-0.0797305325234802,0.0872761266795094,-0.0522655395613504,0.0122426979430905,-0.0261280496112504,0.0030752686570201,0.028949694729051,0.0009153909089842,0.0351008028615887,0.0727323339123908,0.0473331934290619,0.016722472635835,0.0447525453833788,0.0264108748993923,0.0485195354946541,-0.0520241646719692,-0.0184984492829576,-0.004366067495789,0.0397753857535809,-0.0079093804690857,0.0208007239029122,-0.0610052757546202,0.0220045429292541,0.0644752046912653,-0.0888791720856402,0.0527152483806845,0.058844564583574,0.0761044919971645,0.0823400497105821,-0.010477278674274,0.0701408315078735,0.0537099997406,-0.0363190696111234,0.0800144036881381,-0.001865702345377,0.0184004885041348,-0.0371270731866392,-0.2735666858872844,0.0313204430034048,0.0436315026709737,0.0276896842751335,-0.0262962896259847,0.1022627618734022,0.0615684898686477,-0.0008549097679603,0.1478825406421129,0.0379212252552987,0.0588692612658439,0.0329427014898335,-0.0339483287695565,0.0873907255303489,0.0113356682452594,0.0467134643108668,0.084220135434367,-0.0572435747504647,-0.2352534143212863,-0.0523402997624415,0.0816039210024985,0.0337475604834831,0.0454462967274318,-0.0750719989735739,0.0381274872252284,0.1047560793020645,-0.0283883223729844,0.0427660886907896,-0.0154854602663899,-0.1893411285555692,0.1299559593478738,0.0091113368317996,-0.1313322001258126,-0.1073185909059043,0.0258195012979223,0.0717032664572285,0.0330697275509346,0.0016704716008308,0.018208065125403,0.0329913618709991,-0.241355385436999,target,858,24,94.85825584390454,0.1171415098464769,0.1186487332593533,0.0042341223812288,4.782045209918936,4.843574299916745,0.1728487594013628,4.782045209918936,775,0.7902087733143885,7,0.1261216358967322,0.1018014277093877,0.4200898105459334,0.0,-1.550189376265089,-0.7599806029506952,0.2424794750128099,0.0753551747389315,84.15459494978282,82.83158102377517,94.85825584390454,0.9935433875136376,0.0069977632211215,-0.0207037160048523,0.0117075263347708,-0.0084590649272343,0.8764037238328717,0.0003790624007857,1.0,0.041000565093326,2020-01-10,4.0,16,0.0277346403120233,0.0191571545311739,False,False,False,0.1333333333333333,3.0,0.2,-0.018178482611957,-1.0728527196493527
CPT,Falling Wedge,bullish,1,0.6415218677905038,3,23,1245,1246,2021-08-27,2021,0,123.88503329682976,122.65807764376086,129.1140641304424,118.45951851202868,0.9044342846997204,0.010003056273492,True,0.0409065574636557,0.0362278110021936,-0.0599337893257414,0.0066513666166658,-0.0068033482158517,0.0164855367612852,-0.041671797927088,0.0117364434718996,-0.0683485711612547,-0.0078538732699245,0.0134353566466527,0.0321099813349223,0.03593845362111,0.0375428994568201,0.0119515608836395,0.0239188527215938,-0.0008820155811936,0.0137671901447031,-0.0255432491132814,0.0091947224148467,0.0013914760478987,-0.0221832621087435,0.0418613607927078,0.0202156524461822,0.0299504339802715,-0.0557989363463518,0.0179238316405629,0.042309802818234,0.06038610084128,0.0429484832739666,-0.0132334074921407,0.0281562294214212,-0.0051448577420434,-0.0028177899515212,-0.0590200605687124,-0.0097641467304112,-0.0209161370753957,0.0461244346213796,0.1606064910335858,0.0101961378009254,0.0491849448398746,0.0215884099987739,0.0064026353771213,0.021729307493332,-0.0153910654334263,0.0039421320551595,-0.0012209173745855,0.0141061285364968,-0.0330587153665536,0.0540724147217992,-0.0748639548159549,-0.0077757636299918,-0.0097882721961761,0.0055288957588399,0.0063596746453702,0.096263717260435,0.0437628885748919,0.0739401401399642,-0.0221076435278148,0.0099663569334034,0.0041986594847693,0.0140595762578989,-0.0129070416124834,0.0533515556099544,-0.2133905193135171,-0.0345346639138407,0.0148901598554325,-0.0149666238744746,0.0011290405758168,0.0771998888037741,0.0638080502345483,0.1377427311435293,0.0399590275254018,0.1294652457071248,0.0444648964416174,0.0524651253083381,0.0739034630013639,0.1530468911935001,0.1294924866011442,-0.0025757225597654,0.08146400211463,0.0626020454338391,0.0147109340304161,0.0468001226257037,-0.0750482526519618,-0.1490945665049424,-0.0548651494639145,0.0442944099501521,0.0323764181543788,0.0009148030972649,0.0041252218012364,0.0388876821563213,0.1356647390695919,0.095533684994717,0.0530740799400084,0.0717525226246931,-0.0389384474194219,-0.0171602469529232,0.0764880090629671,-0.0882942070756744,-0.1260175881308194,0.2703352578050135,0.0636053765445516,-0.1521791195585448,-0.0522964949253407,0.0676201545645609,-0.0660450460766283,-0.0559378326341419,-0.0881713518819909,0.0370729320500604,-0.0641008305640017,0.0011901765916784,-0.0406451383017194,0.1495117860306645,0.1356215394849424,target,1250,5,129.1140641304424,0.0422087373628403,0.0436200367596107,0.008344148672213,0.963785196616016,0.9960105023603628,0.1905284893862292,0.963785196616016,1222,0.3708212807111612,5,0.0524275297634817,0.0962299823729737,-0.1428081755340419,0.0,-0.7669021715535518,-0.39608089084239,1.344971183217032,0.0593182670505124,122.65807764376086,118.45951851202868,129.1140641304424,2.031393393319622,0.2572857710273295,0.0291778931758623,0.016470033530284,0.430429040486356,0.4869062265326708,0.0051470371311546,1.0,0.0267721762965809,2021-08-27,4.0,11,0.2597260417064986,0.1628585766082606,False,False,False,0.0,1.0,0.1,-0.0019725315554045,-0.7800116334381901
CPT,Falling Wedge,bullish,1,0.8426071389307926,3,49,1537,1538,2022-10-25,2022,0,101.17416321194946,99.68092011550992,126.97240554434812,91.4846363951864,2.5203285016314965,0.0149802298645433,True,-0.0114784536297128,-0.0190774910820529,0.0013101871687675,0.0101010802725833,-0.001372610789704,-0.0068033482158517,0.0615185981544303,-0.038883765154991,0.0242481158698204,0.012131326737508,0.0036381059737493,-0.032165294932874,0.0143224397492025,0.0041192977194575,-0.0095713478715425,-0.0503817938874838,-0.0878678659137436,-0.0166309212890319,0.0582263519330847,0.0065246902993389,0.0363336784730838,-0.0248847644999281,-0.0096740616195066,-0.0590200605687124,-0.0600156970509365,-0.0185298793751462,0.0493681624373658,-0.0101131313451727,0.0544313873163615,-0.0052156835273726,0.0527316410636133,0.0291924266404339,0.0510850754470249,0.0508819392310937,-0.039893987104054,0.0200793768879614,-0.0905114255216079,0.0326525850877206,-0.0115626171305208,0.0078946494274452,0.0103121172599978,0.0035294696203358,0.0460673301026202,-0.030107079502824,-0.0288153946321599,-0.0676939086878682,0.0007709073564512,-0.0471300819070874,-0.0115110960536912,-0.0616949049092955,0.0337906383625958,-0.0471298077094245,0.0460960247802715,-0.0528562514428458,-0.0794642474200552,-0.0078486927074125,-0.0535761679012767,-0.0020318941011101,0.0652941334230741,0.0986214281800017,-0.0370755457407713,-0.0041194766228588,-0.020190286365201,0.0235279641559864,0.0597656947632105,0.0381218629878563,0.0401111733147374,0.0158308810450471,-0.0014121641454906,-0.0455983986351774,-0.0623259683131277,0.0165801080848524,-0.0583427359408401,-0.069220611176636,0.0190018528647653,-0.234799430163175,0.0149838179502628,0.1309418174196197,0.1857661124032816,-0.1619172917736898,0.0573166153333684,-0.0829339470034946,0.1247719428031921,0.0191938814039001,0.068240024126339,0.1240656753045912,-0.1022916813619297,-0.0081816544943881,-0.0004477722485077,0.0435815287920835,-0.0309725950009973,-0.0483651815013073,-0.0080337921556427,-0.0626684087558256,0.0272330374945586,-0.0747692609299655,0.0372577737014436,0.1197442438256468,0.0420953418026257,-0.2341156283224417,0.141300446787757,-0.2931870554922789,-0.1096155015855621,0.0717715114839767,0.0412121675120344,0.0636012360161464,0.1769153343894542,0.0925311273307272,0.103427823738998,0.0542617189225769,0.1512798351161002,-0.0122662762142798,-0.0588376314373256,0.0560896473882397,-0.0278302867320643,time,1597,60,100.3613510131836,-0.0080337921556427,0.0473701655777518,0.0757237621916244,-0.0838856441740464,0.4946203209066079,0.7906772353159777,2.662487324743989,1488,0.3455774034181269,7,0.0199623486608263,0.1679082387033426,0.2124132220959791,0.0,-1.8392871478586803,-1.4937097444405574,1.598431421706715,0.1056159879106868,99.68092011550992,91.4846363951864,126.97240554434812,3.2153168098707985,-0.1853699960785186,-0.0634988226379191,0.0317718487078214,-0.2725972860981379,0.8451318769980707,0.0057523444852731,0.0,0.0592768459845991,2022-10-25,61.0,5,-0.2639770954236946,-0.1678138953978769,True,False,False,1.0,2.0,0.5,-0.0069132687658545,-0.2027604616137005
CPT,Falling Wedge,bullish,1,0.6097496204818886,3,24,1589,1590,2023-01-10,2023,2,99.95945678965248,97.62966865520514,106.30587886603246,94.11218586055116,0.6554387713496127,0.0238635259807689,True,0.007429470860802,0.0093162641034093,-0.032165294932874,0.0218764208346458,0.06832402115253,0.1179544499371287,-0.0005769889724117,0.0099440044242058,-0.0063338533394754,-0.0025722337882763,-0.031854794319853,0.0157028181792091,-0.0226679735682777,0.0185761846271703,0.023090525049177,-0.030629953561252,0.0342171625941387,0.0347395581930578,-0.005272546689257,0.0094913264036951,-0.0288184427090918,0.0028638499173698,-0.0023649411107759,0.0424788525141204,0.0217769077486336,-0.0280711479328698,0.0669935999234048,-0.0164662802345502,-0.0233545605631074,0.0299262131681021,-0.0098835461980019,0.0047096858745541,0.0070071001410274,-0.0249502425485391,-0.0283719129631063,0.0127469349997555,0.1522727919116493,-0.0470410126138709,0.0071713870529279,0.0060186673365638,0.0167549668744411,0.0349626585201767,0.0251701385977449,-0.000215601033491,0.013027267031761,0.0325584971468918,0.0832967166942715,0.036334427214707,0.0416943759945562,0.0264611359030018,0.0731728800257276,-0.0187922642097183,0.0454285555181206,0.0394283026051744,-0.0137516737350499,-0.0133333482904527,-0.0021412732574145,0.0714283621115583,-0.0156471750708545,0.0248465111829259,0.0216244225748081,0.0066909787485267,0.0643063482078498,-0.0014757616704204,0.0283774243131884,0.0298721833655961,-0.0150898794940363,0.0122262424417465,0.0630303993310298,-0.0316405533412538,-0.0299323686869101,-0.0524604089933498,0.0851263249265708,-0.1042608509893001,0.0515447649036182,0.0236981990515106,0.1243222393659952,0.1249000473933876,0.1438521003204671,-0.0235127156039488,-0.0156568745677706,0.0329979378017812,0.1285049222586853,-0.0191300471914315,0.1768531746420936,-0.1226670331546276,-0.1357429851152344,-0.1153845629185087,0.0535421279328018,0.1668689294099012,-0.0049976528490899,-0.0575604351724313,-0.0771022527959569,-0.124323707812478,0.1670706797317376,0.0750851064564896,0.0434252398912702,0.0740121617472675,0.0773523658773809,0.0730662490211178,0.1499903698393982,-0.0451019925504622,0.0882162056869124,0.0843128250353117,0.0747654331575904,0.1549093660297442,-0.1339904315643033,-0.0338664915926201,-0.1777316486959083,0.1527565582133185,-0.0735824330153961,-0.360812972101322,0.0051584743776404,0.0992236749787436,-0.1018151898221525,target,1601,12,106.30587886603246,0.0634899616324939,0.0682631272315064,0.0117996542650755,1.085364805792466,1.1669623657874622,0.2017158166508869,1.085364805792466,1563,0.5093718273186365,6,0.1324774971450708,0.0392241982572467,-0.2196079428871817,0.0,-1.1074068105388293,-0.5980349832201907,0.8814023115060176,0.0725033372128236,97.62966865520514,94.11218586055116,106.30587886603246,2.217313309683008,-0.1294467155943705,0.0003829475277139,0.0223816668738355,-0.1308850475376586,0.6095890053039902,0.0084062984150612,0.0,-0.0023048235307066,2023-01-10,1.0,5,-0.1314604667931811,-0.1380240639351446,True,False,False,0.75,1.0,0.25,0.0116820392229744,0.6541938561750846
CPT,Falling Wedge,bullish,1,0.6557815580260328,5,38,2104,2105,2025-01-30,2025,3,106.8210526748171,106.32614528340162,119.31923573365373,101.68290986274576,0.9241992063547412,0.0046546161350657,True,0.0399363644743167,0.0418787435161998,0.0142354211036814,0.0044445923589857,-0.0049810893996029,-0.0253455411958569,0.0055573093575376,-0.0189986561082005,0.0068537205127356,-0.0317491590545082,0.0004858672707956,0.0141041041486096,-0.0323238542428386,0.0437994978355618,-0.0053453062637965,0.1130277040346803,-0.073166598819596,0.0107459135304497,0.007127008234522,-0.0091713656793774,-0.0034360424748017,0.0110556285815801,0.0385904067877886,0.0528361421863696,0.0491655639766523,0.2284237930153509,0.0139854634044369,-0.0411023266890461,-0.0238646597035145,0.0551399617396668,0.030609691507474,0.0166055789572512,-0.0044549371248533,0.018583558230367,-0.0237292055695163,0.0284764417383578,0.0518687501350805,0.0451664920670291,-0.0077291032522051,0.0249913201664926,0.0127469349997555,0.0284929133078701,0.0182334239473522,0.037825385359737,0.0064750284829899,0.0269989169503658,0.0961299939919417,0.118056021427815,-0.2404772312810628,-0.0793068953174958,-0.0051993245141958,-0.0565587797201946,-0.0059796367442851,-0.0461985655441652,0.0129404654763891,0.056032110778792,-0.0152767224651855,-0.0127844397417136,-0.1519093659904206,-0.0100243496429873,-0.0284054016982694,0.0163413592999182,-0.1050861669232572,0.1535651803400923,-0.1088925293918632,-0.0704581293103978,0.0205339387097036,0.0602405480528207,0.1269751907733307,0.080579595613327,0.1631615729115426,0.1229787972516727,0.0514697403633741,0.0405082365323394,-0.0299910590597206,0.1452889847068987,0.0772337918880223,0.0732127203849601,0.0808389060183056,0.0279878058176328,-0.0423193361834741,0.1019909416990987,0.0055342692550399,0.0405082365323394,0.0881788177416094,0.0857947465488968,0.0225092273082723,0.0635415246555206,0.0109305934837551,0.0143026903805876,0.1152931737430069,0.0257899551599201,0.0179283279310331,0.1084518523709252,-0.0051741683190483,-0.0352054838278671,-0.2153894316762247,-0.0221391776400114,0.1111510678640967,0.0925311273307272,-0.0327780897092288,0.2522914709456578,0.0916426911479633,0.1485428378512729,-0.2341156283224417,0.1845891728427262,0.0253094876153874,0.0266573447209572,0.023388494197434,-0.0012861222857817,0.0420435068591527,-0.1456464104528061,-0.021023242715107,0.0052690202665857,0.0033954045963609,target,2126,22,119.31923573365373,0.1170011223993774,0.1181302745036506,0.0155505728548747,2.4324320121024905,2.455906878570792,0.3232935756771053,2.4324320121024905,2063,0.548002627946667,6,0.0961664975064166,0.0586715732996256,0.028155356688895,0.0,-1.117538828524306,-0.5695362005776353,0.7287662006336679,0.0926752557182794,106.32614528340162,101.68290986274576,119.31923573365373,2.3736964799646336,0.0035999805397799,-0.0290794312974725,0.0222173164252052,0.0300613356137731,0.6441927980752221,0.0141073488287537,1.0,0.0285948069388006,2025-01-30,3.0,6,0.0168964771559529,-0.0025936952439425,False,True,False,0.2,3.0,0.6,-0.0012414278476506,-0.2793223406101434
CPT,Falling Wedge,bullish,1,0.748153259109225,3,23,2496,2497,2026-08-24,2026,0,108.5,108.15666961669922,118.87082926432343,105.88103792414802,0.7767051088034232,0.0031743801331671,False,-0.0248847644999281,-0.0260464209158652,-0.0054380938553169,-0.0211705743913558,0.0006670727023514,0.040019349874268,0.0369399105794689,-0.0079505635982436,0.0096087471966028,-0.007188649885192,0.0214318133607605,-0.0147922920272441,0.0119362210183913,0.0347195918056502,0.0082987677145276,0.0017734923806955,-0.0494506573542138,0.0340898319436382,0.0056882853663378,0.0133125281557304,-0.0345498687604624,0.0168888171908765,-0.0296264509707916,-0.0349308840140768,-0.0346699056559223,0.0602248846168256,0.0313890221082751,-0.0059206043048872,-0.0089516536707727,-0.0524541471358686,-0.0185506439821748,-0.0703418234642967,0.0267623868533464,-0.0053521023379786,-0.0409497618795205,0.0146238131733633,0.010484084259299,0.004231838929765,-0.0727795030502942,-0.0017458585309373,-0.028705154737058,0.0595101606307861,0.0135346602633805,-0.0093042897799276,0.073119036203342,-0.0338721012223101,,,,,,,,,,,,,,,,,,,,,,,,,,,,,,,,,,,,,,,,,,,,,,,,,,,,,,,,,,,,,,,,,,,,,,stop,2499,3,105.88103792414802,-0.0241378993166081,0.0055299398536506,0.0263594526299683,-1.0,0.2290978092632007,1.0920359010625105,3.959900511713093,2473,0.5846865564213448,7,0.0766196906908496,0.0229536120049504,-0.3580173052710533,0.0,-1.1365646005642955,-0.5518780441429509,0.4128714735257824,0.0695237112842648,108.15666961669922,105.88103792414802,118.87082926432343,1.9350008283342623,0.0331155587307103,-0.0250045433539803,0.0177279047300378,0.0291738019626695,0.8588245325865501,0.0034390069632499,1.0,0.0329864332649476,2026-08-24,16.0,6,0.0970550878854958,0.0732828527729116,False,False,False,0.0,1.0,0.2,-0.0383520038648985,-1.8772790499450007
CASY,Falling Wedge,bullish,1,0.740575353423012,3,27,776,777,2019-10-17,2019,0,157.0875679499721,154.19967059260273,166.4193947623707,151.1957200603872,0.7681270515164023,0.0187282978379328,True,-0.0024396424913665,-0.0080640775546853,-0.0725393934913417,0.0387493410987145,0.0241516466459907,-0.0136800307640487,-0.0046149700006431,0.0214090531874417,0.0185832549676261,-0.0112096406505219,0.0300216740285585,-0.0219428193254788,-0.0044564312238672,0.051580913838402,0.0054465338753357,0.0085439941692433,-0.0087610887214112,0.004344281921301,-0.0254264003726807,0.0247905995759196,0.0119468065625643,-0.0120368745391966,-0.0056846650304619,0.0439201496431045,0.0283858529585674,0.0207371785076044,0.0328640940441793,0.0180017452951706,-0.0010796551875675,0.0304371503984277,0.1173920762764146,-0.0049957155994418,-0.0151385652130738,0.0587210109739777,0.0532110073848293,0.022326473675347,-0.0530150730659922,0.0884261539022872,0.0208418562655503,-0.002570509174698,-0.0882055197621856,0.0121225979247341,0.0334021239253061,-0.0588020847841317,-0.0196204638251104,0.0306673555450231,0.04471462139775,0.0083558506732901,0.0904549532095986,-0.0214801250538747,-0.0045246667576035,0.0529248291148722,0.0897346531012417,0.0404120979890147,-0.0519490454083799,0.0458623467379184,0.0517794830362707,0.0739029277465299,0.0859788537691341,-0.0532890691336396,-0.0033555248090153,0.0853247748064294,-0.0496176476969003,0.107789123437908,0.0028403526401754,0.0521286323755625,0.0127351871552938,0.1430607398153287,0.0071789775939568,-0.0599768236473613,-0.122349290888135,0.1133865838865029,0.0932943589600059,-0.0804686733610074,-0.1020267899211498,0.1461995389558303,0.0832693057336391,0.0492510677130093,0.0275641015793313,-0.0312021269143066,-0.0284257177152436,-0.0544811002372527,-0.0501748731315528,0.0119160806301674,0.0624741019496268,0.0072397153023677,0.0843067248612718,0.1399196860459686,0.0206434954044545,0.1422858610382211,0.1420258055469336,-0.0988266809637022,0.0275410541864404,-0.0741362054338996,0.1090867163475599,0.01125437710327,0.2074725671143646,-0.0189787194803325,0.1868642961530044,0.1574383389166878,0.0647014893075828,-0.1033275133344239,0.0856977986239662,-0.0428134055575516,0.0344732326150911,0.1796613193867067,0.0708106097846759,-0.1093076219945426,-0.0299020123537838,0.1837213073350894,-0.0239999179342533,0.1178785300323994,0.0352979011810838,-0.1059780470801274,-0.0229615081218828,target,786,10,166.4193947623707,0.0594052536058773,0.0663496625081293,0.0114065486947503,1.5838539940745198,1.769004786448718,0.3041196966962945,1.5838539940745198,749,0.5735282040976923,7,0.0831988598593597,0.0190058852222689,-0.429782780058302,0.0,-0.98152609279049,-0.4079978886927974,0.4207057455818173,0.0622895082853248,154.19967059260273,151.1957200603872,166.4193947623707,2.369491547623444,0.1277648694881912,-0.0138524945606068,0.0151078524471662,0.2276105302633999,0.8073631247244355,0.0032807231935414,1.0,-0.0013884577712042,2019-10-17,34.0,5,0.1466199820267681,0.1231875757141707,False,False,False,0.0,1.0,0.25,-0.0147555686220076,-0.550445349148288
CASY,Falling Wedge,bullish,1,0.754510765113104,8,118,1290,1291,2021-11-01,2021,0,189.5358888023502,186.57974499690744,223.3148732904387,178.31502371043848,1.3689531751595885,0.0158438623950942,True,0.035110385987062,0.0161846271719052,0.0354262483034024,0.0189416281024821,0.0521798796972412,-0.0524826569837069,0.0983207598051769,-0.0254323355060366,0.0411406923485668,0.0045621471337118,0.0003810847583132,0.0458730070707236,0.0119026651046414,0.0245513713664289,0.0252941165998676,-0.0001755203658063,-0.0128434565147355,-0.0144305498748428,-0.0394057392290616,0.0406119314344353,0.0340206022859335,-0.0701333554649903,0.0241952599834748,0.0203054811811875,0.0046390938333282,-0.018374732430709,0.1106394325247985,-0.0460084756930786,0.0095312165614334,0.0211976417502712,-0.0388230591693897,0.030003863023972,-0.0263989589864056,0.0386517026755106,0.0439201496431045,0.1057486976438046,-0.0148440301616928,0.0270895881963726,0.0919967843177893,-0.014217956354521,0.0093253697632691,-0.0002543213498992,0.0179135168104338,-0.0090770696386184,0.0739919033081648,-0.0002950819405429,-0.0012336756671597,0.0088919494237604,0.0722771649520948,-0.0005519190044187,0.1179629322510786,0.1508278486182108,-0.0072212913216067,0.0031526055273609,0.0214130140779851,-0.090439526738826,0.0554748784023091,-0.020343145062099,0.0880011013906874,0.159077683192222,0.0087194165519783,0.1226355765926852,0.0377098487004197,0.1169146877151221,-0.0576626574480357,0.0325093921566772,0.023769814385715,0.0707492063581816,-0.0464825072320468,0.0223615256397309,-0.0187873233210271,-0.0428247776894045,0.060255095992854,-0.0686517895938411,-0.0960032943439619,0.0185141725319735,0.1381626648230578,0.0344930282044864,-0.0586682748511538,-0.0601704042186369,0.1083855830309212,0.019571395760866,-0.0623930620752121,0.1811771582006112,0.1533755593531578,0.0514003794113648,-0.0252103220540494,-0.0293467578664182,0.0145298606626005,-0.0771302254877076,0.0664417342466014,0.0060661394378254,-0.0466251702020751,0.0130527740031188,0.0642187296756455,0.110928271624086,0.0477374066746434,0.0553311942601133,0.0105367434846033,0.1081823007751265,0.0933099683067526,0.1519239184391947,-0.0556150111526708,-0.0138926070981767,-0.002290926832372,0.1820187576615879,0.0337610793501839,0.1335860084253708,0.0110580672162521,0.1126805957278735,-0.0377665520895759,0.0562134213359941,0.0930941394624071,0.0647014893075828,-0.1076110199298062,stop,1316,26,178.31502371043848,-0.0592017963606509,0.0472421719549012,0.0644116084072332,-1.0,0.7979854473858705,1.0880009115744511,3.0103725703321427,1172,0.6764348748134201,6,0.1087426071161833,0.2804196732795743,-0.219332488381918,0.0094339622641509,-0.948503368486998,-0.2720684936735786,0.3154710698794438,0.1585848735506767,186.57974499690744,178.31502371043848,223.3148732904387,3.333203816878515,-0.0447877495589373,0.0037680390841443,0.0176843148886946,-0.1239404097552725,0.667751843973051,0.0047511942510813,1.0,0.0732548964936383,2021-11-01,54.0,5,-0.0158654467934842,0.0424220359325222,False,False,False,0.25,0.0,0.0,0.0272848273486222,0.5165690351488637
CASY,Falling Wedge,bullish,1,0.6376712902726871,8,77,1645,1646,2023-03-31,2023,0,213.4998645371774,211.6881027208807,246.15830147668495,195.83329543870505,0.5289401814818078,0.0085586378875792,True,0.0032224923198502,0.0013635715615225,0.0559647736951225,0.0271158726952198,-0.0379844069599134,-0.0118645507049383,-0.0442998493000632,-0.0186204429529451,0.0083624421058208,0.0154505990914295,0.0317746065902775,0.0214777733732467,-0.0098577653745215,-0.0093322459530474,-0.1505676422226149,-0.0162249006365047,0.0626753116270011,0.0369545848069876,0.0161446194860128,0.0236978702139889,0.0169029291230844,-0.0289252867509057,0.0037802777222134,0.0507779858686345,0.0383283336162909,0.0128406058279375,-0.0399310139817664,-0.0248386831523256,0.0130434894934841,0.0385229662476764,-0.0970024810212668,0.0151595962561179,0.0451612549807782,-0.0010221325954492,0.0564777848669681,-0.0533588714827555,0.0019661475559726,-0.0725350983798714,-0.0573305351476542,-0.0629369521287311,0.0590352769384543,0.0307359125685342,0.0381939927161003,-0.0273533454096702,-0.0309727633968298,0.0585852283308494,0.0737042773791549,0.0574147685400592,0.0024913881825034,-0.010645624891484,0.0018241486040526,-0.0011359585781854,0.0120177237343859,-0.0095214105544315,0.0703638495644891,-0.0715082492762647,0.0274059041430465,-0.0818548311001379,0.0575045636592599,-0.0140132120575392,-0.0137415445253823,0.0785756602022209,-0.0086914798927819,0.1508278486182108,-0.0387558558244118,0.0146559488177391,-0.043151628321901,0.0120177237343859,0.0669710291672662,0.0580719775473992,0.0303601843357783,0.1277803711522283,0.0538259029463754,0.109724736597137,0.0030693174052911,-0.0597956058312864,-0.0446072767555063,0.0671724194939742,-0.0979521211148448,0.0649191785926421,0.0889968613561964,-0.0722027124109266,0.1164943843803021,0.1314537469561807,0.1784254775873865,0.0292663189984401,0.0784659082775516,0.0986146001810914,-0.0275964117744436,-0.0191660702837602,0.105046334109681,0.0114752095542137,0.0856940482329871,0.0143694723293763,0.046970835324106,0.1766823676780289,0.0777879340231908,-0.1603570374196938,0.0084857683405674,0.1820187576615879,-0.0095330761616306,0.1668286608497713,-0.0219006126665061,-0.0123352720689415,-0.0967231733600673,-0.0075544126597754,-0.0582755560653208,0.1275084104010215,0.0003738137501039,0.0455811691300347,0.1946343710679079,0.1286203666178902,-0.044114881543359,0.0182274737987624,0.0475477528981031,time,1705,60,231.7955322265625,0.0856940482329871,0.1125318920908751,0.0212687264896635,1.0356095508644712,1.3599439474409094,0.2570318095783572,1.8486009794811595,1568,0.354019932986401,6,0.0882207403802018,0.1678814367634153,0.1024206837329124,0.0,-1.1220831509684368,-0.7680632179820384,1.4578555868019445,0.1095641396502653,211.6881027208807,195.83329543870505,246.15830147668495,3.940627440890785,0.0038137012080114,-0.0048267935578565,0.0185220844164332,0.0630692525709311,0.6350021362304479,0.0048501385418386,1.0,0.0167308950854756,2023-03-31,62.0,8,0.1429803425321913,0.0185751859276555,False,False,False,0.0,0.0,0.0,0.0297996755018785,0.2316323618903273
CASY,Falling Wedge,bullish,1,0.7988927916574605,3,37,1759,1760,2023-09-14,2023,2,276.13796125633394,242.4000290684977,254.0468152683311,235.24691036988912,4.274143870776391,0.1391828718729342,True,-0.0050357265047804,0.0301880871913328,-0.0027438565708387,-0.0056536355093866,0.0203727848772261,-0.0245405434190951,0.000816906089514,0.0202314124890266,-0.0719918859792985,0.0892435511511959,0.0340590558689679,0.0066129620245336,0.011122002578908,-0.0134136104552423,-0.0223022437338021,0.0136398246015754,-0.0164134793577482,-0.0725393934913417,0.0139679424051564,0.0292533647443342,-0.0006089367154681,0.0248331478308141,-0.0067329949762319,-0.0210000498916632,0.0206423638571427,0.0087935443939217,-0.0149558883782529,-0.0638036564494559,0.0188821894708983,0.0420842308335174,-0.0256731197659323,0.0386517026755106,0.112532032808394,0.0087935443939217,0.0107229453753308,0.0394530327238593,-0.0288607495365835,0.0686006170251383,-0.0585768749942086,0.0227996715683493,0.0416399048268172,-0.0565423035572306,0.0240897690291663,0.1050900776339411,-0.0261539217927483,-0.0343783873058809,-0.0486787051791601,-0.0185314886431318,0.0278440317821313,-0.0409918784436559,-0.0558853782133157,-0.0105592629177957,0.0530912962416436,0.0506774829700973,0.0115007529576733,0.0347444739701918,0.0264512327449413,-0.0216727371567249,-0.0062702645230663,0.1411893572712641,0.0454152053043399,0.1158134478631278,0.0320307180825665,-0.0231266532946121,0.1569983642624646,0.1117605440737388,-0.0014575770893437,0.0378146660393916,-0.082947096275413,-0.0156146201765116,0.0141299248971582,0.0369042015961689,-0.0055783509879098,-0.1888250784093269,-0.0713708767324863,0.2002084681221989,-0.0405545195358983,0.0944356342028269,-0.0562816331569274,-0.01371200309231,-0.0408970952597255,-0.0507626685878394,0.0872317694187783,0.1542815015462286,0.1023109570062827,-0.0444811038557129,0.061599477133593,-0.0500847535571412,0.0542106376411222,-0.0045250057614237,-0.0025541152067309,-0.0266923923026999,-0.0412981356600349,-0.0705059916158504,0.0943717135701394,-0.0603358188016794,-0.0056046675259106,0.1978595859176504,0.1280678066347507,-0.0977135557165056,0.0496454650836442,0.2431988384222703,0.2059402414570141,-0.043396836231404,-0.0451144759758629,0.1258375244836942,0.0086956711476571,-0.2806548071947009,0.0174849185117886,0.1205767625088731,0.1774159552559886,0.1481911757609089,0.0121908336150433,0.1156660645140725,-0.0969142554319065,target,1760,1,254.0468152683311,-0.0800003950470831,0.0071428571428571,0.0068571908133369,-0.5402440267272746,0.0482358356221085,0.0463067260462175,0.5402440267272746,1720,0.4318737411628676,6,0.0402181817944319,0.1123078379034738,0.0829180940516973,0.0,-0.8810236948832366,-0.4491499537203686,1.2529107010607707,0.0510094982842655,242.4000290684977,235.24691036988912,254.0468152683311,6.251149365309824,0.2148671588805275,0.1274989218390341,0.0226410158113634,0.3528018786601465,0.9946225091675772,-0.0005444116823811,1.0,0.0243833761046763,2023-09-14,62.0,8,0.161339657393349,0.0713186307668274,False,False,False,0.0,0.0,0.0,0.1299473828404277,1.9831879848851248
CARR,Falling Wedge,bullish,1,0.6918043195713666,3,39,399,400,2021-10-18,2021,2,50.68008413621707,48.82383404580446,56.03439910288925,46.50363650934084,1.0801319704279144,0.0380193429436768,True,0.0036762709578022,-0.0110922689063923,0.0204081114717686,-0.0540068209429382,0.0066028828252424,-3.4789287783887346e-08,-0.0133333988315657,-0.007688933743111,-0.0112766214092773,0.1235136941320427,0.027495235983431,-0.0012753382231653,-0.0683283922299263,-0.0205303731262246,0.0382751051482621,0.0163336549115922,0.0572193952509971,-0.0249808592814595,-0.064064733805418,0.0294653346941113,-0.0509045116388261,-0.0132675959343193,0.0041934809347057,-0.0388232097556004,-0.0635936618583974,0.0333434264643734,-0.0601838698188099,0.0837003778084124,-0.0415410420910662,0.0130216496776713,-0.0431074245543584,0.0266867053714412,0.0112836597982481,0.0314876369374159,0.0050426057084518,-0.097281391613151,-0.0431036435040047,0.0199560248105237,-0.0488909740866777,-0.0551658410261287,0.0144799284421821,-0.0642230552599073,0.0515715043871203,-0.0385699826154535,-0.0344484273416567,-0.0270261031303318,0.0262135071393552,-0.0150185962053479,0.0541714880093227,0.0538286355063131,0.0952217799342711,0.1459514959769685,-0.0606109927186052,0.0838102806657858,0.0247185171539776,0.0094676275731553,-0.0543893331558623,0.3107141733236989,-0.0437045598101781,-0.1225388310577825,0.0606484989770652,0.026063738191139,0.0247700588543073,-0.0615206469297225,-0.1230545242796183,-0.0203173006564789,0.2341773959230517,-0.0133895754974847,-0.0049873891598109,-0.0133981592030293,-0.04556399271951,0.0802141914678638,0.3775196524706035,0.2184615221746377,0.0378962316522883,-0.0621470334938811,0.1067924614811679,0.1234718581202038,0.240892073213311,0.0948521089497156,0.0037663894770736,0.0048566140459691,-0.063710340842222,0.0312912327529322,-0.1202674086907824,-0.0667594866949231,-0.0053564839665877,0.3264220347669746,-0.0044760713808943,0.1758480447109458,0.1054444900484095,-0.0936487632161696,-0.02071336348447,-0.0736287078160682,-0.0337477209453778,-0.0790138584662388,0.240990204101537,0.0571910696079907,-0.103290919227189,-0.2305079450387103,0.1468011054395401,-0.1539750385147037,-0.1375970986688997,0.0296214814545909,-0.1541715549515735,0.1814537247098955,0.1290137290769701,0.1536478264544265,-0.2889361706402112,-0.1450018479355455,-0.1045588643817857,0.2328063745735584,-0.0651097696527055,-0.0585586054237774,-0.0015661695630596,time,459,60,49.63032913208008,-0.02071336348447,0.0680356330123283,0.0721704273988216,-0.2513511715989492,0.8255943599380317,0.8757689930508556,1.2820261248378075,358,0.5647580504261589,7,0.1201941974786903,0.174033219596595,0.4493496911995192,0.0,-1.2729321805768197,-0.7081741301506612,0.7252679685110042,0.1072290269424587,48.82383404580446,46.50363650934084,56.03439910288925,1.25362791726458,0.1687305762664857,-0.0143159170143762,0.0249285712736504,0.2763018990824657,0.9639631589799954,-0.0084221662578906,1.0,0.0302966813285483,2021-10-18,,0,,,False,False,False,,,,,
CARR,Falling Wedge,bullish,1,0.624154740245274,8,48,508,509,2022-03-24,2022,7,43.253297306390365,41.02238728575554,51.0015479501016,39.54269849272264,1.066275812048467,0.0543827448435569,True,-0.0069279648239727,-0.0079919013528956,0.0641373566177787,0.0316804454867487,0.0541727416771773,0.0114253313484817,0.0371960705924467,0.046448784521323,-0.0435110459818594,-0.0090373960014715,-0.026035651296162,0.038470839201806,-0.0172502015947154,-0.0426129685769145,0.076022239371623,-0.0073694620839982,-0.032156636752272,0.0183766852864026,0.0504902216327995,0.0218813914021429,-0.0179761474828138,-0.0101186450690974,-0.019139662438944,-0.0541242994817922,-0.0488267736575058,-0.0356246962461678,0.0519232698703975,0.0217759243602422,0.111532018165436,0.0043740036567054,0.0492973818203303,0.0606478313413751,0.0808938053054997,0.1850356789057545,-0.0491700517851299,-0.0309324218963601,-0.1223952035766281,0.0682272685347817,-0.0027348004505231,0.0932074599936927,0.1999999615891134,0.1518026992657681,-0.0299491695434169,0.0314876369374159,-0.0168411359139668,-0.0952521724985082,-0.0978565357117426,-0.0421778677942898,0.0477663079521806,-0.0473914381820558,-0.0594139704607842,0.0500823114068944,0.0161382139388064,-0.0197759851247207,0.0434361407241576,0.0254844926653856,0.1071147625860986,0.0399720837960726,-0.082160803790528,0.0269311601619406,0.0830647762230916,0.2123458452245468,-0.0573601832407453,0.1534499803626554,-0.0800461833080935,0.2196361335471928,-0.0829675581982821,-0.0407965061864752,-0.1256320147166096,-0.1751037787106171,-0.0387221018237152,0.0503574034997229,0.2424443899328048,0.1731335066159181,0.0261588462227715,0.0181709782590475,0.35593592919162,-0.0623789866750437,0.212354781273621,-0.1078741201965207,0.1214211952248092,0.060456462204808,0.1317840545625281,0.0878259322056478,0.4074415997208338,0.0171366985839465,-0.0301591585582807,-0.1720133772465906,0.1056074881012498,-0.1385228958707155,0.084819876993792,-0.2543088089129156,-0.2392090905817561,-0.0741461510746852,-0.1803991291216312,-0.0073133201804871,0.3110247818674454,0.0349896919821424,0.0689158578031952,-0.0391226591930701,0.2727003367606135,-0.0896981200948086,0.318948215611192,0.0759594215423418,0.6326377747685255,-0.1869370832042863,0.1696371867102082,0.110981204576563,0.1029544797393988,0.142251827276187,0.0443658101958894,0.1851161017905163,0.3099832844569747,0.5382541532105805,-0.3799715814066306,stop,521,13,39.54269849272264,-0.0857876519189557,0.0495779322093342,0.1010826249394236,-1.0,0.577914549475849,1.1782887476034098,2.088140225553652,453,0.7950622357241841,6,0.0970353324221905,0.0176339988575517,0.1439521538108188,0.0,-1.24161763206122,-0.4465553963370348,0.2315597731475568,0.1561520879355829,41.02238728575554,39.54269849272264,51.0015479501016,1.2186200822380588,-0.0990854325465033,-0.0032211316670142,0.0281862429748753,-0.13239864419526,0.1999989100876824,0.003654530487549,1.0,0.0550768653614444,2022-03-24,13.0,2,,,False,False,False,,,,,
CARR,Falling Wedge,bullish,1,0.603963864549768,5,66,578,579,2022-07-06,2022,1,34.228261745380614,33.7719166418748,45.00293864525834,32.01848386632074,0.8519170739473824,0.0135125615861546,True,-0.0146166658974119,0.0017160009857289,0.094499251896442,0.0137287572131106,-0.0121672646650674,0.0013487534132685,0.1604321995247146,0.0218721151460608,0.1484817711807302,0.0664822994197282,0.0400390638670751,0.0443927787962021,0.0125479126494674,0.0210190343903546,0.0212087727300287,-0.064064733805418,-0.0325788372495244,0.0064544029113422,0.0314971599470479,0.0564189672484247,0.0071429292560651,-0.0080185879178351,-0.0461535031950228,0.0311639206348013,0.0061070587910845,-0.1223952035766281,0.0418736653357738,0.0417094419872834,-0.0059253807386853,0.0608680550295801,-0.0052896442772772,0.0269565678271492,0.0329737575954443,-0.0127022353816803,0.0310608108985084,0.0842688487592009,0.049899021976032,-0.1010942857676219,-0.0384775772854579,0.036513016570588,0.0596760380974243,-0.0450084543359345,-0.0608408435290662,-0.0070922051200473,-0.0350035548305803,0.029565428673101,0.1241037148377126,0.0479454555999339,0.1147271416703816,-0.0031916388191455,-0.1349470474860693,0.0189743310744348,0.1147271416703816,-0.0800263753847182,0.0229453920585605,-0.0740308516864123,0.0894161898495682,-0.1452080791885354,0.0467064003571777,0.1499784300680622,0.0667910943587817,0.0513660851145829,-0.0848649736165854,-0.0440171140255156,0.0146284577599997,0.1701710581378348,0.0278630273075715,-0.0964912471186808,0.1128278437326289,0.078874911107168,0.0527530432224949,-0.0937672273684776,0.0102818890136751,0.0124435260006077,0.0009148789733686,0.0904950607865835,0.1106461810277072,-0.1537844698710229,0.1030737733974376,-0.1160005062852398,-0.0021591426658962,-0.0180896674441809,0.2137320780170355,0.0603078473445584,0.0171366985839465,0.4220732450844437,0.0308332405026208,-0.0730690484067957,0.3280200903067005,-0.1007108005133223,-0.0503204281016769,0.0392720501880644,-0.0176501896458699,0.0364620200243597,-0.0941180268704183,0.0802602616579093,0.2919070628117339,0.042986257560807,0.2031166758093412,0.1076387839339996,-0.0460227705760657,-0.0103437820888729,0.2834144787044896,0.0186571329889893,0.041880246586571,0.1856374062164347,-0.11302677352068,0.1773222125748796,0.113092348576965,-0.1381329372182936,0.2820829939809695,0.2426576663273734,-0.0249286630248267,-0.1017189256462635,-0.094768272085122,time,638,60,33.62412643432617,-0.0176501896458699,0.2300054913179082,0.0432982837650081,-0.2733918719973184,3.5626604077752795,0.6706669497773132,4.875909475780303,511,0.7603605983183619,7,0.1036948910787963,-0.105321770216598,0.0451341810974756,0.0158730158730158,-1.1467376571215917,-0.3863770588032292,0.2354584673002943,0.2043464879194561,33.7719166418748,32.01848386632074,45.00293864525834,0.9986951330916968,-0.2226911705853068,-0.0423126934477625,0.0292420105810158,-0.3055678818807363,0.640625372529387,0.0063765617684747,0.0,-0.0652869932932195,2022-07-06,13.0,2,,,False,False,False,,,,,
CARR,Falling Wedge,bullish,1,0.6348469799271077,3,30,656,657,2022-10-25,2022,1,35.27606826248777,33.69481799668915,40.2526437580687,31.414621480498436,0.738240939547262,0.0469285890178718,True,0.0669259160765367,0.0593268786241967,-0.0128440090699666,-0.0002355622597218,-0.0515091857502746,-0.0786207239936179,-0.0030692616669806,0.0886536217828524,0.001376107696887,0.0578823561774133,0.0458610408230617,-0.0262687025932848,-0.0575034461087676,-0.0274152267602322,-0.0721079096467878,0.036051843434812,-0.0410640210816981,-0.0171113604655199,-0.0103923879810305,0.0138549272104226,0.0349389374283206,-0.0748132868682245,0.0766427285611536,0.1126015178403918,0.1116058813581677,0.0198596977591729,-0.0040878079447345,0.0130216496776713,-0.0130122791628946,0.018909215912817,0.027475742299011,0.0071391686666122,0.063878591485355,0.0321881435761295,0.0295477301712303,-0.0251693485183231,-0.0052896442772772,0.0518217215289442,-3.563683000318285e-05,-0.0009919594534371,0.0069676092173307,0.0008353051717413,-0.0345068755361732,0.0049518830831654,-0.0265966411534953,0.1042562045567497,0.1832645494933091,0.1353635602297704,0.0171860148613889,-0.1103773476231716,0.0434098912883786,0.0786901244766171,0.0842886965797469,0.0137746455966938,0.0953035650823976,0.0924751099708531,-0.1703431764479276,-0.0292080968470693,0.0395312317808962,0.1016393036962777,-0.0446321201771268,-0.009079960221906,0.0410246279226198,-0.0497573369176143,0.1078429610374922,0.093557534113891,-0.0909783128988783,0.0608098382120774,0.1650066898190273,0.1359516243500729,0.1192240546721226,-0.0651447565949732,0.0684330524449472,0.1799343862988227,0.0656475386440378,0.1967177404276692,0.1415399217998385,0.0758121710837667,0.1731335066159181,0.0023238347549594,-0.0996769429498505,0.134986209605862,0.1699903944227541,0.0624664752532062,0.0628764739105867,-0.0053564839665877,0.3670641885577304,-0.0564102342732418,-0.1358206416449011,0.0871559696430068,-0.0681186008348466,0.0680739141901376,0.1680681858096462,0.1134335692094632,-0.1903212636150053,0.2134593593785592,-0.0194107667488345,0.2535862823065717,0.1654042742180941,0.1059903747821588,0.1618027515741762,0.0432442019325503,0.2062172794800301,0.0182362806002445,0.1239804790789547,0.0412139925880095,0.3208813178521545,0.004505245881563,0.0233396193635688,0.0193909721366369,0.4323756348021996,-0.0080949259596448,0.1618027515741762,0.0886252335956192,0.059756731068557,target,668,12,40.2526437580687,0.1410751180814833,0.1749354859289571,0.0077601581246674,1.2887852083816895,1.59811503085954,0.0708925651935154,1.2887852083816895,625,0.6178759429786493,6,0.097438489859647,0.04652311200114,0.3048430609374055,0.0,-0.907252768082242,-0.2893768251035911,0.5105513395357814,0.1689948853841753,33.69481799668915,31.414621480498436,40.2526437580687,1.269299453387246,-0.0890091430009961,-0.0308142925346099,0.0360590761499935,-0.061410317452487,0.9773464061647372,-0.0019525103162685,0.0,0.0592768459845991,2022-10-25,13.0,2,,,False,False,False,,,,,
CARR,Falling Wedge,bullish,1,0.6482451142243071,3,18,705,706,2023-01-05,2023,2,39.8624572622244,39.365800587119,43.91426573675261,38.61065094302823,0.87444814971885,0.0126164505153725,True,0.0807260190078176,0.0432204822737296,-0.0601951267851388,-0.0281559914089899,-0.022950892379308,0.0349389374283206,-0.0340707148253699,-0.0457813869934543,-0.0369528469700952,-0.0308294602761286,-0.0192792673916112,-0.0085545344555973,0.0061241819083632,0.0074625993970205,-0.0175392090964039,0.083197319417511,0.0260999221930902,0.0032972323252749,0.0361010439027258,0.0260353086945974,0.0651277054475472,0.0868315436939708,0.0771807008165014,0.0167184643229272,-0.0179645061078905,-0.0846237013372861,0.0890995787416533,-0.0381189841522486,0.0481300851232615,-0.0009603096543863,-0.0123990284364592,0.0012064322645952,-0.0345068755361732,0.0087430071174747,-0.015905271764857,0.0020845852098905,0.035101381079573,0.0703252529042761,-0.0165801463931302,0.0290018173555555,0.0416861220638236,-0.0789750295950565,0.0781205502639372,-0.0668749720563919,-0.0315958799762023,0.0155705336618347,0.1198948796889614,0.0421656251567286,-0.1350071476329206,0.0161939106007409,-0.088065840500193,-0.1437039744964218,-0.1421258927265386,-0.020995304334221,0.0686947664011281,0.1467653053808773,-0.1737636555475092,0.0559842842419382,-0.0228408184685194,0.1358430605967011,-0.1341835446339955,-0.0239459468114819,0.0742438329533345,-0.0683544310988429,0.0083096439452581,-0.0384614859851052,0.1918605353238689,0.0545738622462117,0.1318438217162459,0.1554813422454914,0.0983474707302169,0.3087805499693175,-0.0964757389247248,0.0362492691917677,-0.0565946497597162,-0.0012706959390431,0.3370364966998376,-0.2088140529410749,-0.0271853461175531,-0.1098700195967328,0.0755160371716101,0.0758671489575228,-0.0661317578553976,0.2071896406881033,-0.084658011443787,0.0940574747933433,-0.0325323044447264,0.4429142601471485,0.0507956230051778,0.0829199606983315,0.1005413412902658,0.0990645809660079,0.0912348334236394,0.0130654730955013,0.1086489803257348,0.2196223453189016,0.0165288508795962,0.2919070628117339,0.2402323193278399,-0.118278065444304,-0.0611035615139815,0.3445434227758324,0.1989805564564366,0.1057854713873034,0.1743691562408715,-0.0755736568545561,0.1445705845617408,0.0647790817136289,-0.1889278828196101,0.0250627922649262,-0.1685617410393307,-0.2046664825056694,0.0205570507874293,0.0517661232408157,0.0317227130278724,target,712,7,43.91426573675261,0.1016447242043931,0.1018628722072472,0.0033436683357979,3.2367694685628523,3.243716162557971,0.106475605763349,3.2367694685628523,685,0.7568016302270977,5,0.0885529961148785,0.048245549515071,-0.3876091031981353,0.0,-1.1302220794587288,-0.3734204492316278,0.2479418736994982,0.0932164272191559,39.365800587119,38.61065094302823,43.91426573675261,0.914786596671582,0.0464048681727056,-0.0114990528398926,0.0231364573673236,0.1507062321576822,0.4270818846137024,-0.0123721773883744,0.0,-0.0322674873235073,2023-01-05,40.0,10,0.1703775169421726,0.0802075406805857,False,False,False,0.0,3.0,0.3333333333333333,-0.0123151676288351,-0.2213571341578256
CARR,Falling Wedge,bullish,1,0.6432580322471315,5,37,774,775,2023-04-17,2023,0,43.0803895068842,42.23624244448395,48.28336009790945,38.91133902073699,0.7109058076133228,0.0199863201256553,True,-0.0733699759013495,-0.0662716173847748,-0.0153845713472531,0.0922384808492142,0.0442089254571484,-0.0065959023560359,0.0367936526848646,-0.0043252488454851,0.0183346637274575,0.0152081233743039,-0.0178470485446539,-0.044477253748552,0.0240040668975818,-0.0156805799935512,-0.0184849188330946,-0.0125185071728919,0.031952641172259,0.0016210269919354,-0.0958492113623667,0.0406727640496256,0.040303644082859,0.0314827385412461,-0.08065285018258,-0.0901657377532902,-0.0899972062020458,0.0663159412537157,0.0424414628345453,-0.066076187106583,0.0436426279312089,-3.563683000318285e-05,0.0792100902885715,-0.0027990667473724,0.003172823648837,-0.0029292520084956,0.0210236409551412,0.0682272685347817,0.054999091118099,-0.0803419127683383,-0.0956817243429002,-0.0022131092421601,-0.0375246043581324,0.0202416206819768,0.0447231924709838,-0.0120820176577197,0.0063101012125987,-0.097696955246728,-0.0496436235022759,-0.0434595204587268,0.0594733994372957,-0.0682284348800494,0.1648012510757051,0.0792593277180966,0.0854961699880101,0.1477834844514953,0.0631378566970741,0.0627851102871825,0.162457860279614,0.0509318749060785,0.0546113116432618,-0.091194203841239,-0.0834692432425069,0.0479087986737727,-0.0543893331558623,0.1333332359822259,0.014864686017475,0.0022924159169115,0.0830647762230916,-0.1484373827994787,-0.0879677715711836,0.0382658468670282,-0.0124585131884469,0.0732383948772774,0.0229217559355436,-0.0629134012743979,-0.1973015413319233,0.1376160272995141,0.0382658468670282,-0.0819521690373762,0.3099871700834595,0.0981833397501477,-0.1070893192350304,0.1030737733974376,0.158474200164874,0.0706016003317338,-0.011643311144566,-0.1196238200767336,0.2390768156452596,-0.0187349141037772,0.0472406137936807,0.2306108454178452,0.0978986762149392,-0.0131306823117185,0.183773714501604,0.0979901435244636,0.1480172692400154,-0.2164139689763874,-0.0194107667488345,-0.0513820539419999,0.1614546874414981,-0.1600000250328888,-0.0359933474954023,0.120025182377528,-0.0181588987662904,0.0166359826683868,-0.0241640255399986,-0.1305876312958591,-0.1191063197952818,-0.2185085641105365,0.0268722590812859,0.0422159179505143,0.0421939875646213,-0.0322930345752754,0.1486170610564403,-0.2058781930597226,0.2100669385995134,stop,781,7,38.91133902073699,-0.0967737416924005,0.0433151030514588,0.1071821393322778,-1.0,0.4475914880829734,1.1075539444673008,1.2479989408412089,737,0.4387909678928398,5,0.0033128112714329,0.0108971719043058,-0.1756025663823979,0.0,-0.7257604400037575,-0.2869694721109189,0.90942361886185,0.168177359323979,42.23624244448395,38.91133902073699,48.28336009790945,1.183605818178722,0.0803178896557719,-0.0027486737715635,0.0277689122593803,0.2956519742638472,0.736845979842325,0.0045147312723146,1.0,0.0614119167679025,2023-04-17,40.0,10,0.1953190041742758,0.0470822323507016,False,False,False,0.0,0.0,0.0,-0.0093108741466487,-0.1938362936822697
CARR,Falling Wedge,bullish,1,0.6701164580533794,8,97,1253,1254,2025-03-14,2025,5,65.0801193194412,64.22966262938874,81.46365936141606,58.47410148922592,1.1003973617936793,0.0132408711993345,True,-0.0048127229088589,-0.0099417691576105,-0.0147949444320256,-0.0286239016744643,-0.0037037121316856,0.0548405315266182,-0.0112904361137046,0.0379258028966447,0.0187815597301657,0.0197687018528918,-0.0165377663447919,0.0314827385412461,-0.0646563429913064,-0.0024535828491046,-0.0354626790192167,0.0194887736823992,0.0288549538344107,0.0410458322337536,-0.0101186450690974,0.0492417881348059,0.0522342286625034,-0.0193333360826248,-0.0121472011282297,-0.0475258825638239,-0.0378270353892981,0.0907897633445256,-0.0547840706226459,-0.0119452627000563,-0.0719345298782559,0.0531721274734275,0.0675844890564678,0.111532018165436,-0.0299491695434169,0.1518026992657681,-0.0827048662779669,-0.0102647847828672,0.1130938541024075,0.0808938053054997,-0.1643876443920828,-0.0437114200644584,0.0686317117209682,0.013039832113217,-0.0956817243429002,-0.043259254034999,0.0217759243602422,-0.0557105574772394,-0.1087381798819576,-0.0603297095650361,0.1165453617527831,0.0725099174192376,0.005535238655733,0.1113114248820146,-0.0256096560872578,-0.0060293485547123,-0.1068141777767656,0.0222356528750242,0.2650324307220879,-0.0035963942069905,0.3078087553994757,0.0894161898495682,0.0479087986737727,0.0332397722652304,0.0477663079521806,0.1048831745743639,-0.0615206469297225,-0.0508256590982001,0.1018021506992776,-0.0195707292485591,-0.1613396080728847,0.1080989439008854,0.0690899873240986,-0.0512595401168369,0.1209296848925898,0.0051531936326378,0.0196293956199908,-0.0157992007703432,0.1557694168650683,0.1148986360003643,-0.1419053269926092,0.0105358662546608,-0.0436691978942351,0.1396949729487437,-0.0831267190314607,-0.0669510135697086,-0.0816008776931935,-0.0102554497325814,0.0766372561414387,0.2420059519708253,-0.0551011109473327,0.087392949061408,0.2310900165856515,0.0753954987396316,0.082599486173722,0.0077859703289913,0.0781213310125406,0.1312052949737503,0.0193909721366369,0.0628597311697911,-0.2137092046228422,0.1164594504944966,0.013717027953541,-0.1222115633948579,0.1796282960612589,-0.1394709042106888,0.1815434684460009,0.2192825369614472,-0.0092810996559773,-0.1893923584972311,0.2642981015071932,-0.056650370267107,-0.0954068083172773,0.6146471048597606,0.0303613987524073,0.1598719596306035,0.0203362679240497,stop,1268,15,58.47410148922592,-0.1015059268375048,0.0316589561942487,0.1597232750341699,-1.0,0.3118926862756483,1.5735364427523733,2.4800932215226785,1151,0.3407322792464199,6,0.0798559020527309,0.2953343460411359,0.2316748173729614,0.0105263157894736,-1.8814512213634385,-1.5407189421170202,1.844086762462617,0.1117930587526798,64.22966262938874,58.47410148922592,81.46365936141606,2.2276002620300384,-0.0455752453748911,0.0007311012658322,0.034208000027275,-0.091493606202353,0.8466255084321342,0.01898856494367,0.0,-0.0769520865596177,2025-03-14,40.0,14,0.0220366956663715,-0.0475460146576669,False,False,False,0.1538461538461538,3.0,0.2307692307692307,0.13370843219931,1.9626811913932107
CARR,Falling Wedge,bullish,1,0.624678262037332,5,56,1405,1406,2025-10-21,2025,4,59.25857994821594,55.88020378325109,78.45320492628673,54.43738748468934,1.4813059559255328,0.0604574775365698,True,-0.0237659005666904,-0.0461765986070189,-0.0111523432594502,0.0173881224635612,0.0441177404149453,0.0074625993970205,-0.003432487796259,0.0836977969145109,-0.088329067947217,0.0231275204860175,0.0137298434330912,-0.0017322673557613,-0.0378078099054226,0.0572193952509971,-0.0572859682149385,0.0208980838097532,-0.0282149279549621,0.0398831477960632,0.0443927787962021,0.0777609515197255,-0.0238462737388154,0.0168781403093196,-0.0335036492876095,-0.0398655190215615,-0.0446869883688749,0.0167184643229272,-0.0283307026941915,-0.095696438001034,-0.0293573337144172,-0.0344484273416567,-0.0558335904207065,0.0074754193644226,-0.0006927588519444,0.0439075298617515,0.0477973943039715,0.0031252987976673,-0.0335529539443461,0.0984210209046811,0.1033603034645556,-0.0242112990517177,-0.0980479097046289,0.0481300851232615,-0.0980479097046289,-0.0055759540627021,-0.0468137870750553,-0.0307818416003719,-0.1322920679673055,-0.1145539711972433,-0.0443246413823644,-0.020995304334221,-0.0727124686296151,0.0329552476017731,0.1018021506992776,0.1165453617527831,0.0303886234233712,0.1051776555351633,-0.005844458492304,0.1461706498395159,0.0283815415891695,-0.0899985143840127,0.0789530158292297,0.0627851102871825,0.0719056084564164,-0.0559916635530949,-0.0084005756291619,0.0594733994372957,-0.0298698104886673,-0.0113909283034916,-0.1570425679300177,-0.1257854263778977,-0.12489257368141,0.0447608890572694,0.0451842639717465,0.1293271251772816,0.0766926465904926,0.0846000665437172,0.0325128665128502,0.1117016742618257,-0.0819521690373762,-0.1525474774041298,0.0836330263583966,0.040310670180039,0.0619668913017075,-0.0064386803947881,-0.1751037787106171,-0.1178483394142002,0.0691664809781125,-0.1913459421642798,-0.0371221916524009,0.4063078753492484,0.1699058306393899,-0.1554710127851119,-0.0625550143301477,-0.094852264261284,0.1167128204462477,0.3396626531885529,0.4837856674957144,-0.1047272254136498,0.0465872484848004,0.0353959639172414,0.1654042742180941,-0.2089247188447726,-0.1193940395406587,0.2716530413352511,0.0217270850405644,-0.2258371896007405,0.1614546874414981,-0.1123376871569759,-0.1147207390983117,0.0698620592392029,0.0703307894589992,0.095297633207015,0.2642852396781956,0.0820220177767769,-0.1294669933938,stop,1421,16,54.43738748468934,-0.081358555465549,0.0397981304622369,0.0825751832027621,-1.0,0.4891695806852089,1.0149539004257295,3.9813023693375498,1345,0.8717404925166078,6,0.1991506166083653,0.1489660081327735,0.0172934694423059,0.0178571428571428,-1.7272557188233446,-0.855515226306739,0.1266459061773486,0.1625436395083553,55.88020378325109,54.43738748468934,78.45320492628673,1.6634866459546829,-0.1006431646400831,-0.0328026145164962,0.0282359022243861,0.0121099270771198,0.9484900431609862,-0.0057222306694508,1.0,0.0121829865219105,2025-10-21,40.0,14,0.3929727280131545,0.13484879540846,False,False,False,0.0,1.0,0.0769230769230769,-0.0218219565687261,0.2249476763647839
CARR,Falling Wedge,bullish,1,0.6721558414567447,3,27,1520,1521,2026-04-08,2026,0,57.676420820259054,56.35374763812695,64.23745525716379,52.59648459055501,0.8604037489113339,0.0234709001187567,True,0.0079187222769314,-0.0292752676770329,-0.0217393166197922,-0.0840036029098891,0.0541788730712755,0.0095633981513998,-0.0093960421828547,0.0001896351897821,-0.0156805799935512,0.0075961390649119,-0.0683283922299263,-0.001368750222771,0.0661607172584155,-0.0364313278758765,0.0471490988244656,0.0635094376269704,-0.0184827784404089,-0.0131633028626561,-0.0296141230485514,0.0041630188765402,-0.0253568434552705,-0.021271907319768,0.0125350547318092,0.0440695870598235,-0.0098247296550904,-0.0313654979346161,0.0567233578630175,0.079577123568858,0.0257277557215647,0.0280545021339322,0.0155726010820871,0.0823410833528326,0.0050618317311093,0.1174565454750262,0.0059436595578956,0.0198815820723254,-0.0314222890971371,0.0509857239805953,0.073331902536567,0.0930233049181796,0.0083748408133974,-0.0878447464048247,-0.0687654697643461,0.0720154440265412,-0.0361017975565833,0.0201410141560024,0.173039290605689,0.0856259870187665,0.1147271416703816,0.0046913236953631,-0.0732872612696219,0.0602935948397982,0.0946020471467965,-0.0109265400624732,0.0689189085021471,0.1459514959769685,0.0748610898401351,0.0248628658536076,-8.262114360468864e-05,0.0541714880093227,0.044825462276518,0.1079364368867066,0.094994408391239,-0.0779832442121736,-0.0176170270285356,-0.0228408184685194,0.1700741707537552,0.0545738622462117,0.1274019514104878,0.1840958529378393,0.0622150821401006,-0.1513489144407805,-0.0814578339460714,-0.0698880523154263,0.0212076682989459,-0.0919994039405405,-0.1398835536140232,0.1948583423361982,0.2497137836171139,0.2547436126550575,0.0016667749944379,-0.0976205582326643,-0.1348699065827099,-0.0629134012743979,-0.0144090459916655,0.04933919789817,-0.0504807210460954,-0.0232982276042454,0.0895081294762714,0.08845370391151,0.2839688568328855,0.1683313303862408,0.2110464303088071,0.0949070485753393,-0.0685100480733865,-0.0103437820888729,0.2585808908283526,-0.141133749515895,0.0705635326836435,-0.0166735418927302,0.1561373012999334,0.0410732124981831,0.067207915586124,-0.1300774756976362,0.2054212865683553,-0.1379763105832945,0.130683800764537,-0.1360403362582813,0.0704613272369838,0.1352664525696278,-0.1903212636150053,-0.0090404790007805,0.3267798203772303,-0.19030862299422,0.1894589337741636,target,1524,4,64.23745525716379,0.1137559221532025,0.1187812541019602,0.0,1.291558425190502,1.3486148816364003,0.0,1.291558425190502,1493,0.45587397333404,5,0.025457785959985,0.1225379932451691,0.1632320765277566,0.0,-0.8308637905611386,-0.3749898172270933,0.8686126027810133,0.126410141495313,56.35374763812695,52.59648459055501,64.23745525716379,2.0552631069011693,-0.0420747052095821,-0.0305713534602773,0.0355121078595094,-0.0174697921294395,0.3854183637382386,0.0461760846332723,1.0,0.0009986166518081,2026-04-08,28.0,3,-0.0269332333283017,-0.0209547422975129,False,False,False,0.5,0.0,0.0,0.0107054601446976,0.3974042586322042
CCL,Falling Wedge,bullish,1,0.6438104958741901,3,38,978,979,2020-08-06,2020,1,13.404592761329564,13.436994457527843,21.665400291550668,12.205419168073805,0.730615296973819,-0.0024113797397697,True,0.1174743140582015,0.1068228762814751,-0.0956316936192066,-0.0059935889194739,0.0340467682567608,0.0170653440552968,-0.0077777829149535,-0.0150045761782536,-0.0361813384648272,-0.0456678593228772,-0.0317259579762058,-0.0294975612241872,-0.380263719065268,-0.034859912065321,-0.0074627106901673,-0.011409056581103,-0.0225209887531937,0.0254129544161376,-0.0308315787569896,0.1059810654079658,-0.0492219276794645,-0.0520446222785536,0.1511537511758958,0.0675477156284192,0.0525455773585128,-0.0179260791326927,0.1375943359194509,-0.0218707286136701,-0.02204409695667,0.0471121167868595,0.0469831279429451,0.0092673974748447,-0.0229937760796147,-0.0656250196961942,-0.0818994847996579,-0.0252836907574262,-0.0083249500082577,0.1299763809237235,0.0796737765237234,-0.0535931986955318,0.0982986864542951,0.0427885814140407,0.0138890155943494,-0.0541417454611586,-0.0617920066169719,0.0590432835175998,0.2907487908709565,0.2544133453148771,-0.0015450118879788,0.0523385100379696,-0.1120576249389696,0.0606015024524468,0.1174026454871197,-0.1021568178391093,-0.0786751247615293,-0.084171416771425,-0.0157863594846745,-0.1296064851038708,0.0385465909517814,-0.014555920978261,-0.0432252882377481,-0.2571677913664238,0.0610687219752195,0.0439862149168859,-0.1065216632006919,0.010517447085981,0.0652704265315569,-0.0203891808130188,0.3165551221681935,0.1130689945738059,0.1073793598871857,-0.0826702132243277,0.0377683089407434,0.2674801029064535,0.185290753336917,-0.0214066490159106,0.2149267783157502,0.1288993432358753,-0.1236855854743769,0.3252138787827132,-0.0423799321241328,0.6888167878950353,-0.1473127873384301,0.1021195042309761,-0.1781445843643987,-0.0128056495665183,-0.1103677473991591,-0.1085200590639837,-0.1729489427732661,0.0338803797636697,-0.1431133409112115,0.071016977266185,0.0066078896329881,0.0229090990814621,0.1150146593838792,-0.2774447078137271,0.1630840268834765,0.379144338085907,-0.0279388993960574,-0.4810195583750798,0.2476562168069878,0.0639486038514263,-0.5552193544783537,0.0057616547677332,-0.0086794291443882,-0.1495895025508288,0.0104969909972372,0.0063447004116168,0.3358396150477405,0.5000001197549004,-0.1646850812417447,-0.0278148718746885,0.0951633177376987,0.1495698051959795,-0.0123737425694975,stop,1036,58,12.205419168073805,-0.089459904870457,0.3891335628554356,0.0976504957187746,-1.0,4.349809709935669,1.0915559977419818,6.888750366652904,939,0.7342588409773521,7,0.1983361882560552,0.4729729762908581,-0.2634284611592818,0.027027027027027,-1.423828593341603,-0.689569752364251,0.2902376766640187,0.3189729582701944,13.436994457527843,12.205419168073805,21.665400291550668,0.7620399984804012,-0.5179532486060971,-0.1682460767190166,0.0561890945252429,-0.6815708043289801,0.6666657836352191,-0.0406562576946486,1.0,0.0634580851136494,2020-08-06,35.0,5,-0.5125908015045444,-0.300354647597884,True,False,False,1.0,0.0,0.0,-0.104849567411223,-1.0199435681716091
CCL,Falling Wedge,bullish,1,0.6859049615408264,5,44,1044,1045,2020-11-09,2020,0,18.246781734257084,13.901607246670425,18.521648373012724,11.985191715493038,5.416269212439242,0.3125663393078073,True,-0.0523193547746418,-0.0780062191525203,0.0671197713408386,0.0094900920247147,-0.0682540146281525,-0.071134004679453,0.0631944610243984,0.0786967438537564,-0.0394980230411695,-0.0076561709236157,-0.0097014113263955,0.0222223602616999,0.0570266896974909,-0.0198019644799474,-0.0504381795814735,0.1011131823850202,0.0130163018642881,-0.0188713891806134,-0.0498981105188754,-0.0794771822648052,-0.0080843670285533,0.0788912781608066,-0.0557171579226398,-0.0194174847511914,-0.0306485181225415,0.1337580652814149,0.0365647475083144,-0.0814576886491494,0.0915961772144164,0.0244068671380117,-0.0848991677030135,-0.0564563445269593,0.1782751731853582,-0.0798754960059058,0.1066614760509228,0.118308717818244,-0.0669184239056477,-0.0691526307984237,0.0565637833760821,0.0153373942701973,0.1367231625742666,-0.1403291150063931,0.12415924968515,0.0351351512770568,0.1598224471691685,-0.0513286620488469,0.2713051438805856,0.2241184300544341,0.0987654109996236,-0.0239251279248468,-0.0462904012564714,-0.0077398940391022,-0.0006265781434778,-0.1024095723061888,-0.0265111310672574,-0.0394460993154512,0.0030399635505946,0.0664740085337622,0.1309942361648581,-0.1302275209441941,-0.0241292704304562,0.0047081267553834,-0.0895983335054642,0.0134958320461877,0.4363636443718968,0.0276086658874765,-0.2265780363884727,-0.094105436304349,0.272812019546383,0.1186622218983834,0.0416416996364468,0.5717213028235755,0.0729416562554809,-0.0492130265139034,-0.0599160012802559,-0.2991035229662782,0.2897448282243544,0.0948541808682836,0.1243932800367302,0.2898047122597267,-0.1910012537574661,0.0330137176362308,-0.0851840451118308,0.1292658308850987,-0.068181881271481,-0.3531007768411306,0.0723474729172874,0.0050200825489254,-0.1246503750004771,-0.1934447073292423,-0.1277052283026651,0.1120819095943353,0.1494065785392222,0.0479250859800854,-0.0625317333231402,0.4633061629315285,-0.1379030081686658,0.0220420976200081,0.023148155054834,-0.1819804362966807,-0.051978255567371,-0.3547297760972208,0.0724638195650695,-0.084507006975662,0.2812463942237122,-0.1684071249360597,0.0069539265290574,-0.2709882816049364,0.2241244123388321,-0.2124838023588746,0.074428518490577,0.0158062241613956,0.1309590404850091,-0.1637612203959878,0.168146173255451,target,1055,11,18.521648373012724,0.0150638420932933,0.1019416619992304,0.1974110743769954,0.0438972589920371,0.297066280378179,0.5752718998349938,0.0438972589920371,1000,0.4850459293919756,6,0.1421228258954871,0.1590621386016941,-0.1090261255451016,0.0263157894736842,-0.8579049871032863,-0.3728590577113107,0.7336689990640779,0.2515738374455076,13.901607246670425,11.985191715493038,18.521648373012724,1.2091408949853055,0.0411790215465055,0.2603446185816471,0.0638218914921894,0.45943899258719,0.71627898724295,0.3379160763533564,1.0,0.0060438216874993,2020-11-09,35.0,5,0.7460512708327138,0.2411661065565389,False,False,False,0.0,0.0,0.0,0.0606587609127892,1.0185896703709836
CCL,Falling Wedge,bullish,1,0.7271833698867869,3,24,1855,1856,2024-02-01,2024,2,16.366988296699716,16.0829193918336,19.33513708970486,15.573631642232291,1.340653488225241,0.0176627699203888,True,-0.0565243771792486,-0.07423095881152,-0.0105223730466325,-0.0190890002824015,0.0095541687172053,0.0918367586714374,0.0412821222720425,0.0036267772492322,0.020344371636729,0.1178098162672094,-0.0100418895508387,-0.0194235298644889,-0.0404081539231901,-0.0232558956858506,0.006775017434615,-0.0670926912910846,0.0331434897825069,-0.0788873222366496,-0.0366102780421974,-0.088388126441548,0.0116635365445398,0.141745413477567,-0.0607274877636587,-0.0847865331328702,-0.1100291647074381,0.101149368230168,-0.0815513323237191,0.268722518468967,0.0380321406445973,0.0019452458960831,0.2403433940467774,0.0230710701921892,-0.147636018678444,-0.0999397689886743,0.1594203313676949,-0.0002246684155857,0.0305287895401868,-0.0055319084072587,0.1690948613709957,0.0085469446706889,-0.0105540790668349,-0.1166354691026477,0.0205501967442878,0.0384852837633153,-0.0541250649614736,-0.1139711248824359,-0.0378833435067572,-0.0852640768428211,-0.080000023352859,0.0176530896053117,0.0154380138639202,0.0830527450317775,0.0767693454394875,0.0139628492372776,-0.0168129844648963,-0.0466101964826891,0.0078802434594529,-0.0067857001229479,-0.0680845610918433,0.0975810041186659,0.0439522186210148,0.0311877722390054,0.0455509613508371,0.0367517029104464,0.2405928897684242,0.1424721380109617,-0.0843326942860367,-0.0362585055959073,-0.0635813589197274,-0.0222489469647195,-0.0919565460716029,0.2084287433382876,-0.1594048873684802,0.6989246419767048,-0.1398015644091603,0.1815851610001007,0.0783574958032176,0.0018676863355053,-0.0531752991645316,-0.0823163904022055,0.1115228322354371,-0.0545452997765877,0.1839988372432244,0.1233435581496993,-0.2159090891841607,0.2412369553083613,0.1077856379134971,-0.1090554772087676,-0.0619498079591311,0.0863729868604081,0.3510204335183304,-0.097163304675207,-0.0901984216995258,-0.1351178392881674,0.3143525609572379,0.0310095512668278,-0.0178042668711482,0.1221556050426704,0.431818194069524,-0.0985496417407086,-0.154784139199321,0.329853935148551,-0.2124838023588746,-0.0250967875242241,-0.0362126866637868,0.0946698486468549,0.4168550965986624,-0.4678993448405996,-0.0521393457140609,0.1585543065683332,0.1588963387934432,0.1467251399459037,0.177215299868348,-0.2409370320659583,-0.1440083631959095,stop,1857,2,15.573631642232291,-0.048472977440046,0.0018040101118156,0.0595309613784992,-1.0,0.0372168207337152,1.2281267733580066,3.741254045442709,1829,0.7923371600432361,6,0.1199705439260807,0.2992450782039815,0.0960927805592752,0.0,-1.0600209664881648,-0.2676838064449304,0.2095019414223126,0.1578172950676619,16.0829193918336,15.573631642232291,19.33513708970486,0.7184548854869052,0.136244399742077,-0.0102743886497427,0.0434523974322154,-0.0519187995867206,0.5686271209894288,0.0307598709276748,1.0,0.0435374594917834,2024-02-01,7.0,6,-0.0475275923974914,0.0804466858057226,False,False,False,0.2,0.0,0.0,-0.0482563353701339,-1.2954747601074987
CCL,Falling Wedge,bullish,1,0.6447311609309967,3,27,2431,2432,2026-05-20,2026,0,25.30745392508793,25.364014752982484,30.770604816143248,23.62497335178585,1.6999103266081168,-0.0022299635308288,True,0.0982704128980265,0.0766631750434589,-0.0424990639917221,-0.034532445661645,0.02169498566929,0.0458713658415088,-0.049466955917882,-0.0817525262582921,-0.0859423929860934,0.0099889567419946,-0.0352201568943273,-0.0321677515024905,0.1006886130187216,0.0037475875546899,0.058323741501518,0.0227470676180545,0.0352577494152557,0.1349891019382108,-0.0647058550007215,-0.0113130015668654,0.0202491974518757,-0.0088808549582999,0.0979165447973874,0.0947326826668764,0.0697543289931024,0.0137692895331182,-0.2437702831263487,0.0317288298625015,-0.0020537714605767,0.0860456839554208,-0.0642809936270846,0.0722336289951859,-0.0270968118267529,-0.0718057792506197,0.2635951501822569,-0.1303724862555139,0.024776360746858,-0.0426194515781132,0.1522347688954037,-0.0124999252073015,-0.0071205205160015,-0.008410844354977,0.0220540067988752,-0.1013535109975007,-0.2076412058882797,0.1073620759228489,0.2134434288282434,0.1998728707757351,0.1188016922392027,0.0330400217358177,-0.0509893597567877,-0.1021610066021271,-0.0663121268594939,0.0047081267553834,-0.1414609241300326,-0.0316324354782864,-0.1121244551487788,-0.1351830607417228,-0.127247099872958,0.0063828643105847,0.004610665992536,-0.2200772363274319,-0.0338926601200315,0.0112358843519946,-0.0419570047384738,0.1213525332130189,-0.1478148556225135,-0.010783595717697,0.2595186304541332,0.0235848880435378,0.0163258521252631,-0.232402938745771,0.0545361320396486,0.1162524764708159,0.1189433717880237,0.064472648064457,-0.0905623528934965,0.0503882959093819,0.0915128637383975,0.2101955569401647,0.0124869533493847,0.0605596225293898,0.0533025346815032,-0.2075471647571247,0.0770832818432172,-0.0883343257479999,-0.1873380316387132,-0.0190040008627776,-0.2156411139069668,0.1245699196706497,0.2430296863766401,0.0117597173010966,0.0957245886654314,0.0469585442449838,-0.0724468406184191,-0.1579999180014454,0.0839218391562983,0.0709374964313442,-0.1439322400576983,-0.0169067815711456,-0.1892908528339049,-0.0017523318179581,-0.1184454059074504,-0.1787683025319205,0.4126581784984811,-0.2114072243760808,-0.2662696831079936,0.1382709080604522,-0.0674263637980798,-0.0239703604767999,-0.0306531220206038,-0.0468452170521745,0.0302785634486584,-0.0432494363467836,0.1373894434115926,target,2448,17,30.770604816143248,0.2158712175166524,0.2244496146305906,0.0208333598867644,3.2470811121065184,3.3761152258770077,0.313370212890063,3.2470811121065184,2404,0.5015395283951947,6,0.1342628204545323,0.05875618450708,0.5205556152482262,0.0,-1.0891029539033628,-0.587563425508151,0.6984740057828612,0.1541260980646627,25.364014752982484,23.62497335178585,30.770604816143248,1.2069929754790392,-0.0812590148826629,0.0044669492756579,0.0466121586589589,0.0374800296691142,0.8927337261548374,0.00460451624922,1.0,0.0422378170385209,2026-05-20,36.0,3,0.0050154668500705,-0.1533921161403477,False,False,False,0.5,1.0,0.5,0.0752901380113435,0.9766594986966372
CVNA,Falling Wedge,bullish,1,0.6906975615944326,3,28,2225,2226,2026-03-06,2026,1,62.57799911499024,65.47783948192091,97.4769713452256,57.75832792889378,0.5386374994413317,-0.0442873556897267,True,-0.0407171908934205,-0.0345646718784344,0.0491369130623504,0.0070470203402162,0.0047727063618421,0.0019480656202257,-0.0135756450676535,-0.0119992703966443,-0.2129875021180974,-0.1251749339398044,-0.1734628046459471,-0.0149253712374806,-0.0285991353830397,0.2493581405982545,0.0548394371437963,0.1325843096351326,-0.0830730175163203,-0.0635576825915826,-0.2637692782175547,0.1382553093368106,-0.2555270359000144,0.0409516436843011,-0.01232928433186,-0.1010258986480923,-0.0769428541879183,-0.0584284852726086,-0.0799372744539461,-0.1407169204388035,0.0526380815830536,-0.1114500045776367,0.705449128446689,0.2285217616869055,-0.3198069791991744,-0.2736077456214159,0.1458333333333332,-0.2675305945004973,0.7131344328188443,-0.2119933956919267,0.0573118811188637,-0.0103026611075576,0.0272159243717975,-0.1541130001690275,-0.1214402532143192,-0.2719449046544557,-0.0320435705748937,-0.0948653363422534,0.0126562023090444,0.0211503439180261,-0.1177544515500254,-0.6560389970894331,-0.1113177500419387,0.1999999495410411,-0.0965718837196712,-0.0500682497239179,0.2065154964599564,0.6046445690187623,0.0690162974235377,0.0289348428173388,0.0600444859502113,0.2388059249059242,0.1249514492529142,1.1848582173622093,-0.139310020180008,-0.0796024642243815,-0.4144353840915555,0.1982149040447482,-0.0039363429399242,-0.2983114104539167,-0.0347757568290491,0.2034580623168826,0.1230533230156203,-0.3698547073356846,0.2261380110988926,0.3622098058544816,1.1377460104341184,-0.1104128721285533,0.3216189066288906,0.3172541893330201,-0.0336460359294865,-0.0948111865401604,0.0532334887065264,-0.017454138730452,0.0094637202405818,1.016379356855588,0.0295202808647028,-0.146511610499455,1.9966300026975248,-0.0938268795964509,0.0377388333301342,0.3346164775685682,0.1342795323580867,-0.0520574969436609,0.0482917223604062,-0.0946492843768236,0.5621997213188534,0.0769687974782415,0.3680591891243419,-0.005097396603398,0.1872239862576539,-0.1414739939900898,0.0036391277805729,0.1473947537702808,-0.7836333591124252,-0.2198275954204561,0.27512838028192,0.3834942284898417,0.1187121769593337,0.5778908469460227,-0.0546793317821836,-0.4828080311194307,-0.4546616783047199,0.8086003371833779,-0.4295352381590973,0.4322404317121975,-0.0202000452801356,stop,2230,5,57.75832792889378,-0.077018620829344,0.0612356515279056,0.0779506922726503,-1.0,0.7950759292819602,1.012101897349882,7.240944637657042,2196,0.5530496763254482,6,0.0508516379674569,0.0566842622616303,0.1900074441052797,0.0,-1.5566231082258588,-1.003573431900426,0.6790018479732842,0.2016482009536524,65.47783948192091,57.75832792889378,97.4769713452256,4.599784851074219,-0.1308492985521608,-0.208907239900284,0.0723919544349607,-0.1417456324254538,0.4514656205351061,-0.0306801129480261,1.0,-0.0077330085069522,2026-03-06,19.0,18,-0.0781425220519396,-0.0636473891679487,False,False,True,0.6470588235294118,0.0,0.0,-0.2787954344770213,-2.857606357602261
CAT,Falling Wedge,bullish,1,0.675725730639659,3,26,923,924,2020-05-19,2020,1,101.0292207078205,96.95733699992832,115.09682373467922,89.876113527533,1.248846652729923,0.0419966537230203,True,0.0803988658332859,0.054336042828921,-0.0144635979924659,0.0194334187384439,0.077558723130499,0.0058221718839843,0.0174370684571079,-0.0030021108941106,0.0183108270381686,0.0016308416264911,-0.0196267184282241,-0.0170444222217394,0.0321648800860108,-0.0011574922778727,-0.0222940815628723,0.027660250036277,-0.0521604675422734,0.0160978445445238,0.0143217765633905,0.0009170958313304,0.0653528874444548,0.0174250030517577,0.0711796709576418,0.1216133194989657,0.0663095468961878,0.0075510939609775,-0.0275219531754536,0.1026987026335291,0.0015419824850491,-0.0309111332676527,0.0408755852070594,0.0190097693288235,-0.0082930644887705,0.0868452752748358,-0.0817792761052799,0.0311403287930822,-0.0050873740029943,-0.0233300553730673,-0.0277835165394572,-0.0890954140118103,0.0508289339457908,0.1297375686366513,0.0015922535398693,-0.0237411528598178,0.0053255123079949,0.1136331161844977,0.1316741844456965,0.0781282330160375,-0.0065200900450957,-0.0654187883073389,0.0619256484991088,0.0871953240705833,0.0785090500738392,-0.1180310483498885,0.0886395130846886,-0.1082078538991134,0.131296018625121,-0.0801942219460177,-0.1355741011464899,0.0342023611158692,0.0200439745105347,0.1934019591444018,0.0788956693606337,-0.0287123294504024,0.0996365062792963,-0.0409710653453732,0.0155235890620184,0.0307433786952455,0.1148550097441155,0.222840224284782,0.1336592107656919,0.073183809183615,-0.0683101663272007,-0.0772765330835808,0.0417343489940329,-0.0118421931999145,-0.0978136144434349,-0.1207883313119434,-0.0126844517438237,0.0328892458587561,-0.0977380279530151,-0.0651433106996878,0.0732764696751642,0.1818050005013582,-0.0664842768813465,0.1897344085212742,0.0170225571821656,0.0777800702538462,0.1377715523028997,0.1513498612978658,0.1071488194479106,0.1995594624060349,0.2507592056924252,0.1071172399946076,0.0262225608486708,0.0116943049201976,-0.0778403809044178,0.1394588893386705,0.1171257784941195,0.2169820578934105,0.1803229991676493,-0.2291283667966478,-0.1066661639258337,-0.1257131175417555,-0.174498860663767,0.2139950228888929,-0.1976972183829274,-0.1641871278030319,0.0765512057825366,-0.0222479051124225,-0.0404477929228886,0.2245562163623722,-0.1319637546678269,-0.0527184848808326,0.2565692125877168,target,935,12,115.09682373467922,0.1392429133700106,0.2299887253966135,0.0162385969508129,1.2613169406031013,2.083328109629609,0.1470955823170642,1.2613169406031013,896,0.5353211187902667,6,0.1148370263819394,0.0298160507927585,-0.1654111615685154,0.0,-0.9932875717875272,-0.4579664529972554,0.7243424379798634,0.1526032890129849,96.95733699992832,89.876113527533,115.09682373467922,3.940316686345096,-0.1119320444750798,0.0266589621548543,0.0394297598105888,-0.2161418398377268,0.0204080724770182,-0.0006087418845472,0.0,0.0693306038615086,2020-05-19,22.0,14,-0.1340154043938105,-0.0532685781859083,True,False,False,0.7692307692307693,1.0,0.0769230769230769,-0.0459235756179288,-0.5920285916946509
CAT,Falling Wedge,bullish,1,0.701196072351258,13,145,1282,1283,2021-10-20,2021,0,184.9873534570955,185.48901722131893,245.398891013671,168.39465309654665,0.8547083191415654,-0.002704546995496,True,-0.0217610318398033,-0.026564346090768,-0.0107893428732501,-0.0992907704260732,0.0041431375078084,0.1375271130319864,0.0195473514717918,-0.043665911036915,-0.0628096581971439,0.0195153103756438,-0.064420996237256,0.0504657014476352,0.0151855758206251,0.0418334379253624,0.0647113463248862,0.0189935862830283,0.0195044589719139,0.0307335383776174,-0.0144134379684901,0.0262851769014764,-0.0086402196116154,0.0349732284506454,-0.0307304631667872,0.0152476906590059,-0.0134174864730107,0.1297375686366513,-0.0458588005514706,-0.0153493415835558,-0.0229203945359449,0.0135409892546378,-0.0059449403931848,0.076610183104486,0.0223666881360042,-0.0740669804037488,0.0174425640085729,0.0343639804988042,0.0500451239431949,0.1274831385666675,0.0278369864719498,-0.0257852923695257,0.1385086228528946,0.0560880625966391,-0.0010422891742672,-0.0120658899100974,-0.007100374173134,-0.0089467895897726,0.0124047426736446,-0.0238306293331622,0.1764575653713551,0.0362349863541673,-0.0070759311708697,0.1217703407824304,0.0199090988736863,0.0289821793506188,-0.0141972402054481,0.0291291896635939,-0.1082078538991134,0.1073054626683245,-0.0833993190215354,0.0231582994368639,0.0833942634916142,-0.0327286669584446,0.0600076512469589,0.0168551560573269,0.0512701686796293,0.0194960546353688,-0.0671867816332422,-0.1856829175675186,-0.0013698426341436,0.0283154686019304,-0.0041792576999204,0.2843333127375143,-0.0478965294365038,0.1143416588863284,0.0538017685930689,0.1290981757363889,0.0149045068259321,0.1150465699191767,0.0975194824843221,0.1243657585000177,0.0465902368267288,0.1377715523028997,0.0396572845133227,-0.0367741374278685,0.027854545935493,0.1388570653467842,0.1205700843063815,0.0864545190085472,-0.0532948813737499,-0.1115766869498187,0.1020540508859753,-0.0408684482791165,0.1418854088866292,0.1096062410668805,0.2108096763301419,0.1889101442119485,0.2304831474975637,0.0164056989309089,0.1746642363932049,0.0705479414126306,0.0918537296058028,-0.0341078892849303,0.0061830961401243,0.2262819755586642,0.3512873821413489,0.2304604960454559,0.1090894206101475,-0.0769276701095655,0.1912805379467923,0.1647007416020807,0.201508524924513,0.2454685221339032,0.0549659138199649,-0.0815243644260108,0.0132683458123947,time,1342,60,211.2343597412109,0.1418854088866292,0.1453767878197081,0.0455525516545181,1.5818405511932712,1.6207649537746465,0.5078525972675497,3.640850268122191,1137,0.5541995511955112,5,0.0303903758717092,0.5545205582791912,0.0953639735492044,0.0,-1.054806489526836,-0.5006069383313232,0.5430766985435764,0.2383847613160605,185.48901722131893,168.39465309654665,245.398891013671,3.754924974681917,-0.0422200098337739,0.0054627814416181,0.0200408111242154,-0.0990704764453881,0.787098594876983,9.939913655254706e-05,1.0,0.0332297543130815,2021-10-20,17.0,22,0.0365627259558554,0.0539606871752316,False,True,False,0.0476190476190476,3.0,0.1428571428571428,0.0269766333421408,0.7495084233488128
CAT,Falling Wedge,bullish,1,0.6698735270240476,3,19,1359,1360,2022-02-09,2022,1,187.81070685615703,184.80411651015172,223.13746675094444,177.44398794679887,0.5579281259887051,0.0162690658778703,True,0.0052818167775467,0.0157837711238182,-0.0123662581310866,-0.0134554377252031,0.0021893979818949,-0.0118785333509764,-0.0133829315809053,0.0219666593773661,-0.0180178991704909,0.1371306540322643,0.0395495352216554,0.014774648198311,0.019745854455915,0.0793047239188424,-0.0732247537811353,0.0202089006693579,-0.0100465403896615,0.0270511406094764,-0.0686296503431485,-0.0173197597592652,0.0060521075837487,-0.0052713067380163,-0.0009372107764003,-0.0882658831254776,-0.0372180181999565,-0.006453002222384,0.1792484871493971,0.0505840833467525,-0.135452535711002,-0.0402093093781198,0.0009838227561669,0.0959482665232176,-0.1156739663884982,-0.1083771753953392,0.0158458605447111,-0.0274589852193399,-0.0651486582487268,0.2345995147090596,0.0758810728585757,0.0032677307981869,0.0379146262471528,-0.0283480953856108,-0.0391392964000848,-0.0241124025261927,0.0502313735236232,-0.0959724537045549,0.0455149510082457,0.1028109244703002,-0.0015848867034374,0.0453472187346732,-0.0182519964390032,0.0582109377631097,-0.0146716309843969,0.0868803134768552,-0.0430841716724061,0.056926005158201,0.1795679264571579,-0.0238470676370126,0.1650450435421158,-0.137817082713803,0.1600662977426705,-0.0141601877253044,0.0340507275237695,0.1274049113180262,0.2465261641268563,0.03914150024208,-0.0070839996323947,-0.0869194021944945,0.0029276199890826,0.0658041649726521,0.068409444898155,0.0131445137523438,0.0535433323368099,0.2256818985993272,0.1429818925817407,-0.0398432411249028,0.1204912199789105,0.0966589076456869,-0.0637061908264133,0.2391035530545975,-0.0178121612759458,-0.0186269178721362,0.0573962999398585,0.0054404798635705,-0.0111302366905244,0.0609411361224405,0.2963069542627004,-0.0437635058426213,0.0189332715505057,-0.0118161108658937,-0.1825307815992192,0.0187344492931104,0.0647151492715909,0.1505087984429722,-0.0652797809344178,0.2061348496404793,0.1671631670932269,0.1481926706020191,0.0560071184925126,0.0634901570010941,-0.1090308748122046,0.1883205239515488,-0.2495396407323357,-0.1542276425768449,0.1714611059103552,0.0363631550685243,0.0295862321125714,0.0673465536533151,-0.2210326607640524,0.3230687653875499,-0.0186156614738723,0.1127754006444388,-0.1641871278030319,-0.0601333116860987,0.038321999332852,stop,1366,7,177.44398794679887,-0.0551976992307363,0.0206348053741789,0.0562277661202366,-1.0,0.3738345195860749,1.0186614098749731,3.4077088617592923,1339,0.6148148633588704,7,0.1678490496696547,0.0929191358972243,0.1525326773250115,0.0,-1.4579021492653397,-0.8430872859064719,0.4552947487591992,0.1159249391212433,184.80411651015172,177.44398794679887,223.13746675094444,5.889986917552558,-0.0297700042168844,-0.0189098725559822,0.0312026457017932,-0.0719228883036772,0.7512449896756882,0.0056577695373438,1.0,-0.0259926070966045,2022-02-09,3.0,13,0.0006540828357295,0.0226521409623703,False,False,False,0.0833333333333333,2.0,0.1666666666666666,-0.0413664307623592,-0.8520216744556423
CAT,Falling Wedge,bullish,1,0.7229923543085984,3,35,1433,1434,2022-05-26,2022,0,200.2909679057365,196.15568093034813,228.2557514444129,179.0476572159414,0.6368621900983092,0.0210816579758235,True,0.0367441145696672,0.030296731868701,0.0035164595194836,0.0104142330708612,-0.05514363648042,0.0070224037270092,-0.0345634314616566,-0.0126714511755988,-0.0760225634480145,0.0594968448219246,-0.0515184375064565,-0.0147252390731011,-0.0733990288846915,0.0071236286884204,0.0260295394568179,0.0069652402757862,-0.0472843594874574,-0.0453816356152515,0.1079725079126074,0.0848505233113392,-0.0708666683707738,0.044413853507262,0.0429326754302627,0.0008371097252573,0.0452344305773619,0.0062055875181381,-0.0088026362083294,0.1785204107848654,-0.0717297710246622,0.0400764186350235,-0.0371800849853732,-0.0138852407187219,-0.008057333033373,-0.0331417287937489,-0.0834298312701876,0.0559436973936973,0.0305874690080989,0.0151954142254162,-0.0982667102403376,0.0692886900062048,0.2013768318552313,-0.0147716512991716,-0.0632611011887879,-0.0433255269320843,-0.0921289444174406,-0.0006235882404655,-0.1274883890390635,-0.0842400271436921,-0.0315943796368066,0.1566827023253139,0.0346362373140574,-0.0274212174098323,-0.0709977422843299,0.1138356360174597,-0.0768976307834433,-0.0495123502905836,0.0834852373602825,0.0256993436040917,0.0791288085628441,-0.0943406048389853,0.0478947920665651,0.0681905079785716,0.047383947514582,0.0379963178666389,0.0334358805624415,0.0811179773515975,0.0666763247292456,-0.1024679457997418,-0.148634981149562,-0.1511987825270406,-0.1136132544935513,0.0926887220205394,-0.0833334367203858,0.097697204732988,0.1450735564710068,0.0228109647656657,0.1746596198645276,-0.1265815064519236,0.0437369728203134,0.0609142622616447,0.1818680122013818,0.1299691025775906,0.0870594102028192,-0.1093390817025508,0.1499062157492443,0.1110295418980511,0.0089907326544849,0.1262630411327094,0.0330191497874561,-0.0648663487066474,0.1633803665341697,-0.2134461076316949,-0.0763553514248905,-0.0916066370859428,0.0769599615063845,0.218341164705758,-0.0311769047867451,-0.0609895721794508,0.0737559953369597,0.131393765551796,0.3552666152675177,0.2207073560729817,-0.1187293196374673,-0.1511616336804717,-0.1421220017815452,-0.070656720839995,0.1242640945036646,0.2492852142546751,-0.0351688382330609,0.2465972174120589,0.2097054396481792,0.137814631559912,0.1774357810124756,-0.0354506319184011,-0.1551589321136519,stop,1448,15,179.0476572159414,-0.1060622498953267,0.0806975659479086,0.1122327222037126,-1.0,0.7608509722125391,1.0581778372085784,1.316404205871272,1398,0.3927643517179667,7,0.0916167233068671,0.1307463387993663,-0.1254066101581648,0.0,-0.924930190964146,-0.5321658392461839,1.2550780941298398,0.1533450458502825,196.15568093034813,179.0476572159414,228.2557514444129,6.527755013390627,0.0360738860726437,-0.0120299078536535,0.0328989228374523,0.0385373309603651,0.799384939977491,0.0107020629884357,0.0,-0.0525933718936183,2022-05-26,3.0,13,-0.1302972027854573,-0.0752183902466809,True,False,True,0.6666666666666666,2.0,0.1666666666666666,0.0538537269653477,0.9964908972808316
CAT,Falling Wedge,bullish,1,0.6733587508174246,3,20,1463,1464,2022-07-12,2022,2,160.46568874210777,165.42051430711308,215.4891312439163,156.14076168030783,0.6517962270075094,-0.0299529087172729,True,0.0492896398046474,0.0035149267465064,0.0010477470331411,-0.0163883800221366,0.0464955197962249,0.0367464783390356,-0.0340348177883086,-0.0397553933230311,-0.1153150783148302,0.0256312010326469,-0.0568758680466788,0.0052747121557408,-0.0106149764387409,-0.0319479681967985,-0.0191406409503447,-0.0398046357740948,0.0256432481398849,-0.0314688989256065,0.0372353228400734,0.0404922646924506,0.0221542348380214,0.0302000218715159,0.0555109351567391,0.0594614882465835,0.0173659867602813,-0.0038965308292281,0.1258176257158159,0.0313343201640132,-0.0039890923183725,0.0882903320656685,-0.0017377861598818,-0.0428077090293875,-0.0704327335580359,0.0189760022947358,-0.0535743005429698,-0.0119806068147143,-0.0197051275781204,0.0969866340243861,-0.0144105088243978,-0.0063403767523925,0.1293470665773495,0.0155720210537273,0.1295079235009515,0.0296345153823405,-0.1786347597226713,0.0465636428141427,0.0875220778724252,-0.0091189131629518,-0.1198204669404178,0.0124534141759111,0.0867583568092646,0.030588037738614,0.0929294908922846,-0.067673349841751,0.0895120342892117,0.0335425879198596,0.0741196847039082,-0.2652280043293142,-0.0180129331811113,0.1225802598092316,-0.1029912466405992,-0.0353741385407231,0.0905045148805443,-0.1275768880812511,0.0222348864394377,0.0383259337535513,0.1248846755824042,-0.022726003888004,0.0845705355948727,0.0572986510696944,-0.0031652714893188,0.0475962061324191,0.0510949147522752,0.1001640143259992,-0.0047090665782362,0.1920633512012928,-0.0374924426198644,0.0019264226038184,0.2121170271109469,0.0437341893920275,0.0162317651179655,0.0220989182959856,0.0398295490080227,0.0853702900072119,0.002293920798327,0.0047615682723129,0.1045299391505074,0.3483717494841081,-0.0054569141972331,0.2294860640545681,-0.0897692250841114,-0.0109134609917227,0.0428004626393243,0.0333656347779098,0.1040273774584084,0.0977513000480918,-0.1261252100997235,0.1920973219678714,0.2169820578934105,0.0723291247937567,0.0904074474583727,-0.0916490696586698,-0.1268667949947055,-0.1873652757521914,0.1835472963011921,0.0540725591350712,-0.0328300651942936,0.0733021879111073,0.2845126017537212,0.4134211660928764,-0.1718392247959498,0.0529846311008259,0.0628493917367098,-0.2144408787818031,-0.0045579345793795,stop,1465,2,156.14076168030783,-0.02695234785519,0.0174165457184324,0.0300146373933679,-1.0,0.6461977194717262,1.1136186559564696,12.722397792047149,1441,0.7481475979762975,5,0.0699563562302759,0.1320751961324069,0.0735865793878365,0.0,-1.0890883627118213,-0.340940764735525,0.2698029139834147,0.2040108203570697,165.42051430711308,156.14076168030783,215.4891312439163,6.318807209248817,-0.1474369298491766,-0.1374578729831984,0.0388724219455288,-0.2141594940128279,0.4073275082459944,-0.0015995571472672,0.0,-0.0187912534375963,2022-07-12,3.0,13,-0.2012533440513204,-0.136696996991615,True,False,True,0.9166666666666666,3.0,0.25,-0.1281094296985105,-2.4964091659807788
CAT,Falling Wedge,bullish,1,0.7238104096842903,5,28,1625,1626,2023-03-03,2023,2,242.57474399135972,231.30807132346308,258.19479355854924,220.2900530572672,1.1521441991972456,0.0487085150268762,True,-0.1120281202923834,-0.0647746694442522,0.0471066090227816,-0.0227155599454342,0.041312321531179,0.1170989979809957,0.0230152372561474,0.030868951468961,-0.017150197420092,-0.0220254139765421,-0.0657748524634765,-0.0650251187723524,-0.0214960850774248,0.0077326317289521,-0.0147652424114835,-0.0102849976709861,-0.0146565243708405,0.0174466161739268,0.0150868116198956,-0.0034257951887796,-0.0003140754545845,0.020889742943208,-0.1151743231410859,-0.1589672432207978,-0.1254612774225701,0.0126781482219755,0.0626410495434179,-0.0817792761052799,-0.0297188903876232,-0.0091677881093079,-0.0915685745189626,0.0733669199657123,0.0560880625966391,-0.0173960648691094,0.043201716711382,0.0656658529120957,0.0440400515791594,0.1297375686366513,-0.0404135469474487,0.0043209427326444,0.0441841231055306,0.0102420373333411,-0.037078720478356,-0.1083771753953392,-0.0631755450030672,-0.1623417877970006,-0.1048699589290632,-0.1194421721001742,-0.0279956590411754,-0.0041628693366467,0.0416389930327687,0.042181540367018,0.0015854321294721,-0.0848075880655389,0.0733898655986504,-0.1194933273633706,0.0090632701664292,-0.0050545300908865,0.0603994218220216,0.2678832126586488,0.0076389730086319,0.0468742704701476,0.1045991496670344,0.135743049931194,-0.0978510897069055,0.1565534283273502,-0.0540946805040809,0.0987084078330129,-0.137509922474252,-0.1455138300655134,-0.1752527882249641,0.1844842491138887,-0.0664529295223653,0.0717198091063957,-0.0688880277386203,0.3896624167862701,0.2139521345029813,0.0418530957245923,-0.022298678978582,-0.1077579825825577,0.03823463607312,0.1138351221386479,0.0701679222175899,-0.1660841239387369,0.1388722434402745,0.1582598419951519,-0.0862480429575712,0.157966306380799,-0.1580311991844024,0.0435202770000502,-0.0246854946194209,-0.1916179088133887,-0.174498860663767,-0.2158112642905437,0.0697289079468805,0.0547526502200796,0.2223400163786137,-0.3579165083168948,0.2960678837063941,-0.0118565181385075,-0.0604828837091356,0.0125366474785739,-0.0411782398464245,-0.1144459366408504,-0.0037436670629615,0.0191142328818447,-0.1117131570864706,0.0889356921610828,-0.0384423354484244,0.1835030373698805,0.1021434789372852,0.2191961587759083,-0.0604828837091356,-0.0438291726049616,-0.1957102308284059,stop,1630,5,220.2900530572672,-0.0918673171304524,0.000195591836306,0.1167611206571033,-1.0,0.0021290687745704,1.2709756233688796,0.7009318465930761,1595,0.5091178704263025,5,0.0489927776063038,0.0594783639596916,-0.3527195570968806,0.0,-0.9364198696418028,-0.4273019992155017,0.7537336532884312,0.1099400318987911,231.30807132346308,220.2900530572672,258.19479355854924,5.480992435184372,0.2196186597324805,0.0337277053680884,0.0226251519791458,0.3981058926863325,0.9836071952683836,0.0008331008778337,1.0,-0.0302076470862563,2023-03-03,23.0,12,0.2833269425821838,0.200858617005956,False,False,False,0.0,2.0,0.1818181818181818,0.0054706031086369,-0.046063552462816
CAT,Falling Wedge,bullish,1,0.8075846855979091,5,62,1688,1689,2023-06-02,2023,0,216.54968776551496,200.40221280502283,238.262333338076,189.53878591346324,2.8425287629956366,0.0805753326496574,True,0.0354200771324602,0.0316377174619437,-0.0008106896976443,-0.0035456173755202,0.0291227248732388,0.0414886344592544,0.0080820529823082,0.0146052883162337,-0.02684977507379,-0.013793254917817,-0.0027266403612281,0.0480429421417909,-0.0652321848931218,0.0044568550234027,0.0450594667045913,-0.0141779570615584,-0.0053574837133245,0.067796052554957,0.0205548455129036,-0.0221674090484134,0.0495281773154803,0.0243277163952533,0.0254998899256103,0.0805321830513106,0.050616329134062,-0.0187134728851029,-0.1186563032397043,0.0568419195920466,-0.0610831312660187,-0.0515603797945433,-0.0112048899044789,0.0398489438912292,-0.0329040173476322,0.1174568468886987,-0.1786347597226713,-0.0001219825974346,-0.0300229089199396,0.0562335478040285,-0.0049997552434877,-0.0194510213239688,0.0952276397592217,0.0314316381253034,0.050441755675507,0.0064295523763886,0.0085107954254388,0.0837786821866665,0.089607564393914,0.049544039835599,0.0139300070062642,0.002040860536228,0.1940085216510998,0.1349807266755025,0.1214132171978554,0.0811179773515975,0.0555845687951785,-0.0554415209806041,0.0111068627924959,0.0585742015710926,-0.0795804166946261,-0.1028658253787313,0.01974691195738,-0.0621755801559015,-0.038571096182894,0.0382092597766854,-0.0083530906597594,-0.0848075880655389,-0.1299146466344855,-0.3204566091254328,0.0971802273222437,0.2779392021323796,0.2081354770865784,0.1851211933215235,-0.1535605923551387,-0.1899023457687378,-0.0041328320008398,0.1851211933215235,-0.0020121166365041,-0.0494773401594462,0.1397630177926259,0.1049683374843317,0.1007965400932962,0.1149113791935543,0.1851709505368219,0.0430518681070641,0.1622151661329105,0.2494506551492012,-0.0457079115436138,0.1176039891121323,0.0561554928041281,-0.0494773401594462,0.0934806533121395,0.2157622042455033,0.2397758974688644,0.1871271707726856,0.2192541172746624,-0.094563419323344,0.2992351119346803,0.128719434688223,0.1316778980415864,0.2162799904862773,-0.1123737226917626,-0.024287904190565,0.1982380274147599,-0.0186156614738723,0.0938725644324156,-0.0835576197700309,-0.1234025218163535,0.0140186411293123,0.20336072525032,-0.0586077232801481,-0.051021542538687,0.0938725644324156,-0.0347763397512722,-0.0009387613901934,0.1899567045259432,target,1698,10,238.262333338076,0.1002663443970051,0.1052909610793262,0.0274902213408333,0.8038474868958065,0.8441304504065332,0.2203924504471952,0.8038474868958065,1626,0.5934235988531904,7,0.1227303114551498,0.1063523068277709,-0.1210518924991358,0.0185185185185185,-0.9110575975483772,-0.317633998695188,0.4405202478118876,0.1474079924704937,200.40221280502283,189.53878591346324,238.262333338076,5.446002796845816,0.042848303837184,0.0479926653001214,0.0251889254095467,-0.0315686132722875,0.916485581723146,0.0281244374012639,1.0,0.0562533967191372,2023-06-02,23.0,12,0.052224837464891,0.0875288885331906,False,False,False,0.1818181818181818,0.0,0.0,0.0266521299569814,0.577375589462166
CAT,Falling Wedge,bullish,1,0.7434380550865293,3,50,2094,2095,2025-01-15,2025,1,368.460241061293,359.3238471236782,421.6187963043294,344.08990863086467,1.188621006940462,0.0254266284042932,True,0.0839197086456748,0.0576982060499648,0.0519407827782139,0.0189940013887821,-0.0215558387381149,0.0212661096810822,0.0088643267017625,0.0004944718397568,-0.0272983591588787,-0.0414023045431561,-0.079547771758632,-0.0179434090012672,-0.0591630911635794,0.0061193765949929,-0.0333248139901432,0.0512152045240223,-0.0009086218362259,-0.0147243613189663,0.0349732284506454,-0.0222940815628723,0.0184872598446961,0.041312321531179,0.08714448713251,0.0001187556663246,-0.0181756973578841,-0.0271587592727934,-0.0672073189654546,-0.0661413338028781,0.1036588576242862,0.0088614163516427,0.0328426124095286,0.0897371898833485,-0.0923765619770562,0.1092366057362901,0.032174729826238,0.0251649565677354,0.1240126886826864,-0.0683438102152937,0.1439659834184221,-0.1049362883154287,0.0306922351290288,0.1680146644893703,-0.0430210417781804,-0.1184170948515681,0.045255843197824,-0.0161820230405627,-0.0566377237933868,-0.0828254787021112,0.1543557024672677,0.0561840784564295,-0.0653753602317552,-0.0977592342235089,0.1202613782483064,0.0144935838813196,-0.0073090650124704,0.0463526775387415,0.0231582994368639,0.0164463617354135,0.1262900515760734,0.2316520437554781,0.0067100052600506,0.0201702275399147,0.062221403479999,0.0842117200766643,0.0657346522909583,0.0298677764145773,-0.1039426318331635,0.181759560917339,-0.1049118853821117,-0.0941375627644327,-0.0413580287310013,-0.0398336767670213,0.1055088999962854,0.1402854883748581,-0.0121071118742818,0.1019240380937169,0.0423313750980391,0.1567667562193984,0.1389655820277309,-0.0518071123401344,0.1159701718483359,0.0201657469260021,0.0188338931726688,-0.05913078295832,0.0746370069077664,-0.1222404005720508,-0.2014097011284797,0.0859321725331956,0.0630253367213038,0.046752643668311,0.1991703340257764,-0.1353245957630878,-0.2173320567442264,-0.1186669524667556,-0.2457768920325705,-0.1247670193869109,-0.1176846704153218,0.2617432792613681,0.0639288035525729,0.0871902206478039,0.3867818576948414,-0.1441256379844238,0.1343227961878601,-0.0586255909543602,-0.0221289846693808,0.0860176844020879,0.2840209550326322,0.182959613120949,0.1433970210231319,0.1090894206101475,-0.0149915146870648,0.3790598417837576,0.2374060497996499,0.2242147672262173,-0.3099336567548757,stop,2117,23,344.08990863086467,-0.0661410098420207,0.0924278448877949,0.0675996634602921,-1.0,1.3974362518588817,1.0220536943986096,2.1812814985101983,2043,0.6949088410930598,7,0.1804417570763244,0.1117025470636987,-0.1800595969491418,0.0,-1.084016472833835,-0.3891076317407702,0.3814761638230993,0.148569366543607,359.3238471236782,344.08990863086467,421.6187963043294,6.993869215734122,0.0451979061604981,-0.0186798595590067,0.0190532393410966,0.0476709850785321,0.0998264691642776,0.0203729759162574,1.0,-0.0156151901845196,2025-01-15,14.0,7,0.0217971475230147,0.0274968135649977,False,True,False,0.1666666666666666,0.0,0.0,-0.0024103215162316,-0.5060973862853372
CBOE,Falling Wedge,bullish,1,0.7320911009384228,5,53,984,985,2020-08-14,2020,0,81.71985996561212,81.22976031420052,98.52032420525694,77.40596060754274,0.7728004308644217,0.0060334986772812,True,0.034311562906627,0.0297545507535854,-0.0158866102903288,0.0117397169235271,0.0151417187272009,-0.003555507286386,-0.0232947319153623,-0.003185374844539,0.0091618613710293,-0.0205115909069015,0.0205245167504397,0.0496457839180533,-0.0006099757020704,-0.0167480988588463,0.011855444577308,-0.0029057678480144,0.005753695626852,0.0261555920685119,-0.0018486281728966,0.001085820767952,0.0218355122577835,0.0079708835120266,0.0296953498728601,0.040342361279783,0.0029393185455397,0.0573374010330685,0.0067976328449605,-0.1576953748513299,-0.012590869879123,0.053928522264584,0.0217836746642965,-0.0484323955623796,0.0557760421657436,0.0547107437855165,0.0288887243358095,0.02788369874157,-0.0126155053638487,0.037399206809477,-0.0012599164290411,-0.045771250164235,0.0280525550518253,-0.0168179299263234,-0.023043235161964,-0.0135624990774139,0.0370969379061107,0.0364490531204178,0.0198190494298129,0.0182805156975649,-0.1005544899273238,0.0265711240997297,0.0472855561853127,0.0414352451334747,0.0543083426174755,0.0343890719849011,0.0445108655202737,-0.0062134277805113,-0.0059503712043484,0.0500256001988401,0.0021871973071641,0.038073124520028,-0.0277147682081316,-0.006444536519623,-0.076866805336944,0.0596781026302752,0.2054374394027529,-0.0354270980893355,-0.2405548508657543,0.080851932935243,0.0105676866996379,-0.0420912779474045,-0.0891431161195925,0.076525492653688,-0.0307778633110021,-0.0474111407607654,0.082877256108929,-0.0367766295212961,0.0715671102972408,0.1233645741637836,-0.0099192771248408,0.1128998989501897,-0.0323817532639202,0.2837083746758015,0.0512877889399672,0.009698810574815,-0.1053318296241033,-0.0249357559772878,0.1183303345815396,0.0301722430486299,-0.0066229208826289,0.026609885279391,0.1699664153325846,-0.0852338286544402,-0.0112495937612893,-0.0646296265409585,0.1533944322425633,-0.0680202757174353,-0.0130691415578505,0.0307916930730476,0.0075714181667339,0.0079118515910705,-0.0521303099003923,0.1066671245705617,-0.0209632074331364,0.1114468553568168,0.1223434218390535,-0.1720682130828263,-0.0354516044216025,-0.0687270247112953,0.0103732557004692,0.1236391736481596,0.0944922914560599,0.1038161314849053,-0.0109922864780563,0.0947827457542715,-0.0375400103403452,stop,1029,45,77.40596060754274,-0.0527888735967569,0.0639955023261332,0.0705518671110738,-1.0,1.2122914918583287,1.3364912396124355,3.8944961032108143,931,0.5738358189908312,6,0.0786336180034039,0.3777075449629377,-0.1308484891983061,0.0,-1.5004535193326043,-0.9266177003417704,0.5782569637273878,0.1076807575927398,81.22976031420052,77.40596060754274,98.52032420525694,2.4396043863886328,-0.1601575553874761,-0.0507084206785425,0.029968266045284,-0.2928887079557767,1.0,-0.0015072795991308,1.0,0.0469974054392352,2020-08-14,49.0,4,-0.0776064809859136,0.0132760200619945,False,False,False,0.3333333333333333,1.0,0.3333333333333333,-0.0780093947485077,-0.9942191846557276
CBOE,Falling Wedge,bullish,1,0.6176018836236137,3,28,1354,1355,2022-02-02,2022,2,112.45491586655808,111.40189037676885,127.7160704628792,105.9704166605634,1.2990140602790328,0.0094524921096745,True,0.0198419541391325,0.0052285551744117,-0.0275134842184221,-0.0287500329919763,-0.0034517308580478,0.0226501626285293,0.0175900066295391,0.0322038327222891,-0.0160207078929278,-0.0053879182376296,-0.0136477828025132,-0.0121086794436993,-0.0357492877086725,-0.061175643629781,0.0292179797477496,0.0402286727245844,0.0581775804055308,0.0588210955571111,0.0792735168838145,-0.0086785586283142,-0.002980441093157,-0.0239907012942562,0.014906560214145,0.0191692127512717,0.0288155282757482,-0.0204341232734287,-0.0120492511048724,-0.0874577221750054,0.0380223935490031,0.0482722119898417,0.0395680665643323,-0.0177408898895344,0.0161232486426892,0.0107845147028702,-0.0088871295179585,0.0198010280061862,-0.0261403621256506,0.055905434074454,-0.036208196693815,0.0263673965776995,0.0336187656297659,0.0401700089973808,-0.0098686984837116,-0.0458657937576792,0.0429969966792791,0.0138203178316793,-0.0093976688504351,0.0243976712711581,-0.0355495437240216,0.0182851006377562,-0.1479936338336384,-0.051363656476234,-0.0019147577360094,0.0348541540603417,0.1727091653790733,-0.0018796864026949,0.0047098563347076,-0.0753151061307503,-0.0298944529992876,0.0085853604021126,-0.0806439207816478,0.0322976729632473,-0.0330907242993523,-0.0023005851118674,-0.0149855090551452,0.0355219207422223,0.0925414662819781,-0.0301107055990735,-0.0041207895830209,-0.0340487288078729,-0.0386901120758899,-0.0358790926943148,0.0680162917708397,0.0586348122872804,-0.0807111562935762,0.1384956123301215,-0.1049418459403701,0.1329933693337623,0.0315885641115099,-0.0346458465968185,-0.0006189254369655,0.0574863453994811,0.1183939348155926,0.0457321672720321,-0.1650131507856262,0.0047216243920009,0.0845168087086822,0.0828766201920134,0.0340096458351486,-0.0901949146771496,-0.0698745805247333,-0.0478280429828184,-0.046205361077326,0.0373295141495364,-0.1386568133450355,0.0164074204833941,0.0638349135159221,0.1138701230722198,0.0398413563836814,0.0318866039822398,0.1847240064022253,0.0291015114256418,0.1737122347984208,0.1332974214408531,-0.2161046061637564,0.0510270963177776,0.0252599269778126,0.0791357086184689,0.1109537125864421,-0.0298603248525392,-0.0820629996581389,0.1275642788835942,-0.0648910839905499,0.1479003806532539,-0.0860524044539225,stop,1391,37,105.9704166605634,-0.0576631013062103,0.0527156383465327,0.0650313603426792,-1.0,0.914200539901507,1.1277811784236342,2.353482375664833,1324,0.452114252854459,5,0.0201384556365438,-0.0110985684232132,0.3335761348210442,0.0,-1.5383775920383749,-1.0862633391839154,1.1328363531952732,0.0858599014535795,111.40189037676885,105.9704166605634,127.7160704628792,3.466518872699337,-0.0081226413229297,-0.0439921593354307,0.0305535608533954,-0.0202461992752178,0.90697789953301,-0.0045421765713441,1.0,-0.0422992264449509,2022-02-02,48.0,6,0.0509808624555527,0.0358356217119717,False,False,False,0.0,0.0,0.0,-0.0037373817513812,-0.0994538575121848
CBOE,Falling Wedge,bullish,1,0.8684772753686051,13,111,1976,1977,2024-07-26,2024,7,182.5227518416374,169.39548830943602,197.648258961064,162.6584956940392,1.531640248945777,0.0774947648441597,True,0.041657816915136,0.0656861933079857,-0.0428275060351245,-0.0017630521826867,0.0232847526929678,-0.0122893316613651,0.0049132736006656,0.019239070725407,0.0607773705825693,-0.0034113667201759,-0.0150483116075293,0.0262977659941645,0.0109508444805477,0.0161824165073458,0.0158443426623327,-0.0021357883359097,0.0420206791334776,-0.0302233000812693,0.0165072285208771,0.0815693200973903,0.0238593508382112,0.0511512331767476,0.0274128672957038,0.0794454058977227,0.103309349043736,0.0026702966523206,0.0660832609572203,0.0944005219631358,-0.0247459277908401,0.0138875655832857,0.0387228540959154,0.0113406602075081,-0.0449103349476283,0.0393985956101807,-0.003012651655882,-0.0239399146497488,0.0054412799646093,0.0367302529432136,0.0224055550295687,0.0025231388962849,-0.0450445479565598,-0.0435294766076931,0.007930670309775,0.0244108624699102,0.0019696698788553,0.0703087893500511,0.126746938829475,0.0972426241986899,0.0054693892404076,-0.0757448415351833,0.0500044866264852,-0.0625778459963787,0.0610679780373948,0.0422702935091356,0.0699428513894373,0.0235030970641552,0.0461764848626746,0.0151555537692722,0.0267256574846528,0.0245186729872584,-0.0025005158024687,0.0512452032856447,-0.0412915002876573,0.0353256844980418,0.024690901160699,0.1056843823061677,0.0970322396198115,0.1078820040278039,0.0965179300171073,0.1299695277661767,0.0834561556943724,-0.0422438594549891,0.0810317182236124,0.0216531045682466,0.039248241445509,0.0948889078148285,-0.0147891144274112,0.0379581062244274,-0.0355071578704949,0.0730305900505743,0.1528124013796119,0.1295621849222423,0.0896279957532963,0.0238370647614345,0.0613744907170763,0.0798400665045113,0.0658087898388597,-0.0314293346669406,-0.1521904917407902,0.0921905967688032,-0.1121132861262707,0.0972399770318698,0.1452817575789868,0.0731230925487791,-0.1314884759385647,0.1115336104491451,0.0791574817814015,0.1040473701054727,-0.1141371056231398,0.1343098718536122,-0.0299752265253939,0.0199585756509415,0.0418475650869685,0.0640613646563608,-0.0031400252595676,0.0895909634174714,-0.2318870755603789,0.034455596839799,0.1737122347984208,0.0288344512213376,0.106256214260674,0.1659892334606454,-0.0020859343517003,0.075490268556509,0.1094552096349861,target,1982,6,197.648258961064,0.0828691599639586,0.0893894124155926,0.0253707620351797,0.7614434191262389,0.8213547700135627,0.2331192906783096,0.7614434191262389,1858,0.6676921332901757,7,0.0907507573009648,0.2065625030083833,-0.1218731330010171,0.0,-1.166906600719412,-0.4992144674292357,0.4167396900194457,0.1301717348784307,169.39548830943602,162.6584956940392,197.648258961064,3.7162462747832423,0.0512062457599589,0.0634747140097089,0.0203145894669678,-0.0058917706589257,0.2392034998960828,0.0040096222961789,1.0,-0.0035324221231858,2024-07-26,38.0,4,0.0838992777401317,0.0936036135864206,False,False,False,0.0,0.0,0.0,0.0579610061648082,1.0372189109147196
CBOE,Falling Wedge,bullish,1,0.670952962187633,3,23,2295,2296,2025-11-03,2025,1,247.478313086522,237.27700404790997,247.82819469461745,229.257108113902,2.505665540684996,0.0429932478267143,True,0.0394704720483696,0.0315871444288526,-0.0598052550186675,0.0053996756301322,0.0259782090854325,-0.0353002239146403,0.0355427776224659,0.0456680031174205,-0.0189202443846342,-0.023975914142952,0.0158443426623327,0.1281514885100703,0.0029279861585724,-0.0004317762913482,-0.0411057082038111,-0.0358029678144032,-0.0154154404234519,-0.0032305120272491,-0.0161047415919785,0.015411125104989,0.0480314625353612,0.0194550879382424,0.0348546033207754,0.0343761178329389,0.049817518593628,0.0280373820078494,0.0496223199031722,0.0708999646136263,0.0075848252395052,0.0161903466996133,0.003385768175562,0.0473254100268258,0.0402033617891457,0.0392995737769437,-0.0192421513269633,-0.0460532042814844,-0.0364516722082753,0.041987888177126,0.0127757201442995,0.015996470500373,0.0509281929726446,0.0026222151363008,0.0514851001146481,-0.0188679114121436,0.0189832599135504,0.0155404748348229,0.020256709174687,0.0122402165016675,-0.0028509022583838,-0.0390595501994853,0.054421309826945,0.0540797032374784,-0.1141817582331397,1.2813633598618426e-07,0.0884565014217364,-0.0070224964466253,0.033774452611611,-0.0010171555132102,-0.1114634158034973,-0.0082591208300085,-0.0315115107472323,-0.0030397650142935,0.0330804579883055,0.066458074524212,0.0193426133131264,0.055900373888519,-0.0419372047479069,-0.1219342452708542,0.0240948846805054,0.0068190428014855,-0.0047544950703213,0.0245410018748055,0.0311575258227474,0.0791314534509246,-0.1434106792535834,-0.0212665846571693,0.0534744898949932,0.0228262279532305,0.0611006181115687,-0.0805660174862453,-0.0956936299816624,0.1267193625183809,0.1067103801374491,-0.1220033969253008,0.0015441678843746,0.1476596063976847,0.0422920387393344,-0.0790097673148965,0.1005968746022931,-0.0241740727591965,0.0020227446388385,-0.0048635743809429,0.0632170781498773,0.0367351527537174,-0.0289534577751773,-0.0473147328013353,0.0542681444058197,-0.0842605268764277,-0.1923915566241022,0.0640613646563608,-0.062933871725496,0.0592051798474122,-0.0396750843095645,-0.0346208778625176,-0.0138531923339692,-0.1262116205094063,-0.0743034968607611,0.2420833323362792,0.0743269777135646,0.0686096434865273,0.0085999055298939,0.0164086074563765,-0.036510278979791,-0.0458649805515549,0.0731836042387707,target,2296,1,247.82819469461745,0.0014137869445274,0.0085438812593245,0.0133173176236565,0.0192018918957974,0.1160420139308246,0.1808742783637129,0.0192018918957974,2271,0.3998642397276516,6,0.1119238813570344,0.0394151851575343,-0.0546415981198591,0.0,-0.6751523992643685,-0.2752881595367106,1.2833836776270129,0.0586093915827887,237.27700404790997,229.257108113902,247.82819469461745,6.117114447298095,0.0884539475184689,0.035127754050743,0.0249560295137587,0.0687895059985379,0.7474955966534532,0.0063507457667586,1.0,0.017465569125511,2025-11-03,32.0,4,-0.0105212468162597,-0.0076076826408623,False,False,False,0.3333333333333333,0.0,0.0,0.0625961450084081,1.568196085249544
COR,Falling Wedge,bullish,1,0.7236497080375468,5,68,775,776,2019-10-16,2019,0,70.93402967383753,68.43801478400869,77.06934419942884,64.6517168890485,2.5066234570488017,0.0364711761103284,True,-0.00534190090258,-0.006009691132578,-0.0034269713291467,0.0295113549239007,-0.0116138666301695,-0.0056475030253042,-0.0211124100473026,0.0037343288688769,0.0116993686419801,0.0320281237528707,0.0193250260255231,-0.0823302740384648,-0.0230726851516318,-0.0324378235192391,-0.0455631292702495,0.0330857680949658,0.0426412717320439,-0.0407254586732624,-0.1110897512352102,-0.0034269713291467,0.0160636971806757,0.0011277515889511,0.0042196067693869,-0.0030193323657952,-0.0179021787917597,-0.0104791330943587,0.0634268897568373,-0.1518282112356874,-0.081012081862352,0.0408994053963247,-0.094066625454566,-0.0179028568132211,-0.1101063569676715,0.0312575467270965,-0.0071496523842395,0.0359945621566311,-0.0288732018852558,-0.0476192157963341,-0.007094148784484,-3.445514759725654e-05,-0.0300319567023769,0.0978312423273273,0.0082270999453124,-0.0436508666222221,0.0105845775837531,0.014062039577059,-0.0002324437228097,-0.031666197448568,-0.0053602668194683,-0.0189419150557402,-0.076802833189193,-0.025410319131314,0.0604703153222681,-0.039184982505348,0.0063506430815523,0.0960997277482451,-0.050901520608841,0.0703862813283024,0.044207552443175,0.0293945698715913,0.1247139209064196,0.0208060379118637,0.0198708609335875,-0.0170615985655405,0.0541176383628199,0.0128501780021501,-0.0619362588325084,0.0619055029076733,-0.0155111204283944,0.01259954846396,-0.0456294688709795,0.0781687243886699,0.0605149532961901,0.0353300001853749,0.3077006126913568,0.0383225126122042,0.1404831638097989,-0.0642969206705942,0.1846036557756125,-0.0150454554098552,0.1710130661573461,0.0354719331869921,-0.1015791804408213,0.040064553676252,0.126905383987439,0.1124165898600906,-0.0100202343249572,0.1520382050678161,0.0432939597703279,0.0524999164612425,0.0941999246397813,-0.0615047197720533,0.0197850553749994,-0.0799298496433835,0.0345880606680171,0.0197850553749994,-0.0867583103109926,0.1078774298358731,-0.0916275558492337,-0.0093862427169468,0.1105224404392248,0.2644413644953645,0.1393324901753634,-0.0183593313628027,-0.0665088667214026,0.1506438979158695,0.0897626550416954,0.0649240363460355,0.03706428912128,0.1577238211346112,0.0897355512628546,0.0530578361670823,0.1827118798027882,0.0193310655108791,-0.0426580229415285,time,835,60,72.33746337890625,0.0197850553749994,0.0595018676139987,0.0465681805667999,0.2233944334110151,0.6718397169270965,0.5258045588210775,0.976601251126236,707,0.4222878195867491,7,0.1536835270907239,0.2352037986324757,-0.1295073128354957,0.0196078431372549,-0.71353616186825,-0.2912483422815022,0.7412155490693974,0.1216366972483738,68.43801478400869,64.6517168890485,77.06934419942884,1.6881237819236898,0.0871783302682391,0.0346333994475804,0.0238150948364481,0.2381222201848163,0.4346903400875992,0.0109374586667496,1.0,-0.0043908401114551,2019-10-16,30.0,4,0.2340102016444909,0.1038130299744419,False,False,False,0.0,0.0,0.0,0.0286527106322484,0.5659444756729073
COR,Falling Wedge,bullish,1,0.6096806031150156,5,39,1017,1018,2020-10-01,2020,4,83.31009520147906,83.9461642906146,93.45182434753744,79.77930494085405,0.8608557247272194,-0.0075771072390339,True,0.0472091669918093,0.0107906897252245,0.0161981809967113,-0.0089081283673905,-0.0268129843565184,0.0041355125794511,0.0411672090687889,0.0002881436642974,-0.0370483552740684,0.0297913870305679,-0.0070680000480539,-0.0701366101614501,0.0031063442212928,-0.0106773231180564,-0.0269868392292533,0.0392023288661695,0.0018980254742038,-0.0512360042540123,0.0153879386317894,-0.0099757041848562,0.0254335852416049,-0.002218785113181,0.0509321709084075,0.056353348996373,0.0087198177356064,0.006086771363359,0.0037297897667261,-0.0622035859401556,0.0143385660326258,-0.0025707871200094,0.0181160239641644,0.0284199879529154,-0.0503793500958384,0.0093436731084408,-0.0304209120506431,0.0102379927692679,-0.012299922275477,0.0243385842056185,0.0060088709513861,0.004158620682036,-0.0139281796372427,-0.0160767806092528,0.0376844710906512,0.0176074637853691,-0.0100151760334297,0.0572445429008474,0.0057417929532677,0.0109270892329166,-0.032038438686213,-0.0579755294988195,-0.0835801539782131,0.0502785561895731,0.0592024554982977,0.0237027345718239,0.0498302790977542,0.0750581597633637,0.0621920891481773,-0.0161325632682106,0.0333357579014685,0.0614382358536631,0.0051492848229079,0.0419474304882501,0.0036715649874023,0.0991906641889135,0.0760864045786129,-0.0325329957110078,0.0153960182986243,-0.0665822873898606,-0.0126400903895577,0.1018585006111354,0.0054761475635449,-0.0948541690768669,0.1794763994913188,-0.0195653324969752,-0.0407181726218967,-0.1108202285788151,-0.1234845686336874,0.0543005533173672,-0.0055530086315426,0.0197781084239028,0.0587990245833629,0.1416936985160506,0.1565901269839831,0.0729339356032778,0.09766599506058,0.0462800828492393,0.1426907475235002,-0.0849645494519949,0.1023133633881416,0.1655588885739944,0.1184877445999612,0.0580280686399903,0.0335260911084445,-0.0932646837341006,0.0916669079747196,0.1723736528000656,-0.0848841510189785,0.2308986662991066,-0.004899068817636,0.0456888157896107,0.1005078331752056,0.0106389702337614,0.144691653854557,0.1729909154442177,-0.0303023540697988,0.1582949613917206,0.2005614470012837,0.0594001302722027,-0.1027462421146625,0.0443433024638104,-0.1081903308660265,-0.1273792401201927,-0.0177427183803751,-0.1721076896846599,-0.005664181972952,target,1041,24,93.45182434753744,0.1217346963958136,0.1416270186059236,0.0192449051152809,2.8723680528854523,3.341733587163721,0.4540895264092167,2.8723680528854523,974,0.4566584995591923,7,0.1048007617565696,-0.0084285408075184,0.1415731326756595,0.0,-1.1810057195804016,-0.7243472200212092,1.1336709495159163,0.0898523047305588,83.9461642906146,79.77930494085405,93.45182434753744,2.0346920394338213,0.0608552285858854,-0.0241819989630366,0.0240876014819984,0.1761176827386645,0.2172408894314283,0.0041271876549304,1.0,-0.0539861443338701,2020-10-01,53.0,5,0.1244965039711847,-0.0279917461180191,False,False,False,0.0,0.0,0.0,0.0724336449199694,1.0369396796884585
COR,Falling Wedge,bullish,1,0.7255632035201574,3,33,1079,1080,2020-12-30,2020,0,87.16257077734366,85.87823776365514,98.1571616611444,84.28893252023366,0.7119542260281864,0.0149552790920457,True,0.1382945861880389,0.1186056950180276,-0.028321736269208,0.0312181106157611,-0.0102234574165959,-0.0152020482303936,0.016005195568558,-0.0237960036293217,-0.0455605192851724,-0.0374883182016345,0.0311267639235848,-0.0112727552378074,0.0200928554189268,0.0129951275112272,-0.0785969000755234,-0.0319031237923704,0.004934652461674,0.0271554216885003,-0.0280301631362553,-0.0450826643247359,-0.0441614336974474,-0.0012116618830952,0.1511607190876054,0.0918863725703535,0.0739188468220546,-0.0307788817221249,-0.0081764345446386,0.0304588300630943,-0.0068564761699717,-0.0371737954536183,0.0178672098309025,-0.0259152673220287,-0.0105022996617081,0.0328609257082135,0.0361067783391331,-0.0278581673547493,-0.0538121152034574,-0.0060073427020974,-0.031376479961339,0.0102687891764439,-0.0330458302191774,-0.0547304796887764,-0.0008228223730185,0.0163057645947037,0.0466155469544573,0.0987149999558414,0.0770024895766221,0.0816021599812246,0.0447249676328369,0.0619014008155343,0.1211737022268071,0.0185969377466865,-0.0128860569899009,-0.0731982541199383,0.0621623534181217,-0.0202429055642195,0.0701702566910844,-0.0465669223720887,0.0130603435751197,0.0593520010471464,0.0218872996426104,0.0022580768882225,0.0138789700568171,0.0399353613471322,0.0310182576004336,-0.0565462299098564,0.0372210329484086,-0.0803304748124875,0.0616239836831986,0.0707899157456681,0.0229121629596527,-0.0326822516225104,0.0185021548708423,-0.0561795418727557,0.1089214265785591,0.0547032099394417,0.0684015753209195,-0.1617071022861395,-0.0602960108038341,0.0567923776410927,-0.2020598193604255,0.0106467686418261,0.0653203581591528,-0.0357437035712265,0.0548511805246827,-0.0574947107453697,0.0074481351148458,0.0622124594209856,0.0570317063629042,0.0899491543133921,0.1083236099463647,0.0629428669170307,0.2356067615228432,0.1675660841212265,-0.0939048624473714,-0.0598272724542189,0.1616414298861515,0.1659207102968896,-0.1819689942980724,0.041790989054192,-0.0339017889385788,0.0897355512628546,0.0101904623430988,-0.0236065608086263,-0.0178534566570525,-0.0356725764609133,0.1851196938664892,0.1742054128432619,-0.0045240734094735,-0.0408992624619248,0.2111968066455036,0.04397114187462,0.1237098826133062,-0.0476655537184332,0.2022238775712581,target,1084,5,98.1571616611444,0.1261389009726019,0.1409819468658695,0.0192248125100936,3.8260177169474128,4.276233757544126,0.5831228328569873,3.8260177169474128,1046,0.659400446980261,6,0.0881664750358323,0.1134968316482756,-0.0877244450963787,0.0,-1.2267400371281958,-0.567339590147931,0.2407965780561646,0.0861385753720152,85.87823776365514,84.28893252023366,98.1571616611444,1.6825042543276925,0.0378958091146921,-0.024892049335875,0.0192612550861531,0.0082565357563353,0.4827581670974727,0.0137656609490348,1.0,0.0206427368931163,2020-12-30,53.0,5,0.0852341095227804,0.0863388372662523,False,False,False,0.0,0.0,0.0,-0.0334371771302394,-0.8420194716082897
COR,Falling Wedge,bullish,1,0.7724594441422286,5,46,1468,1469,2022-07-19,2022,0,137.47672149741243,136.20326533956666,157.58676826339934,130.16424291508207,0.4821759276475794,0.0093496742142777,True,0.0149588735021974,0.0189844212839662,-0.0031740561065314,0.0143024791806154,0.0054690478235239,0.0052817639268587,-0.0047582260030297,0.010594700530347,0.0646392731210194,0.0523283698413528,0.0147017941914553,-0.0099551241384261,-0.0022469761086691,0.0355241910035011,-0.0132608004632102,0.1066455333985736,0.0052817639268587,0.001890230028787,0.0376124275072315,0.0203008996870694,0.0142365730345697,0.0113145383408139,-0.003377546633938,-0.0017476125462839,-0.0414706779807728,-0.0143429691985558,-0.0442240747587318,0.0887596465404791,0.0443143815858781,0.0028152507055483,-0.0040459254619579,0.0417468588486946,-0.0618544564669235,0.0187375557370752,0.0214023714038174,0.0042347194843535,0.0024515710731689,-0.0137095980475172,-0.0112829857741967,-0.0805521648359094,0.0108191869473002,-0.0034832815395621,-0.0584044944868096,-0.1615119401756578,0.0601427985621203,0.0061517649465853,0.0704268046060809,-0.0244341558236651,-0.0501899758708286,-0.0072362074487261,-0.1520227538827505,0.0444702644106145,0.0557448209689113,-0.0012408523443889,-0.1443320099190287,0.118498632726067,0.0808083487968025,0.0693049611347063,0.0468926129133908,-0.012229202457669,-0.0386028027085841,0.0645656258446492,0.0443342902340289,-0.1400319405052387,0.0963831369612859,0.061607228619942,0.0465471555517982,-0.0202429055642195,0.0622753832330428,-0.017571602776459,-0.0229989382107441,0.1320763480310041,0.0447011264548899,0.1644681344465155,-0.0047527475877304,0.0129878220863475,0.0953409521069958,-0.0806331148377885,0.0227381526879353,0.0703422331233889,-0.0286103548061738,0.0864736841262157,-0.0659047905530204,0.1627079908546429,0.172891680406239,0.0718031288181517,0.0126808139173022,-0.0280174919976166,0.0353300001853749,0.0353708046957357,-0.0956311972908321,-0.0583897615198379,-0.0257753398433034,0.0619900533587074,0.0645371387921909,-0.0313990006078933,0.1842132521893473,0.0303925724161973,0.0464047729721088,-0.0397483964978002,0.0982183157541474,0.144691653854557,0.1644918872494409,0.0216791628801669,-0.0304888432514823,-0.1442206398827024,0.0727010171168069,0.0604056853953391,0.0175976148442116,0.2787491763244785,0.1763906986368053,-0.06490308977014,0.1634074058105215,0.0566910433639589,-0.0892659112228165,time,1528,60,133.93321228027344,-0.0257753398433034,0.075265105807967,0.0524205071473119,-0.4845838763482212,1.4150058524120408,0.985520761627654,2.7500999202350065,1422,0.5660496854251,7,0.0789510520073298,0.0717605776742376,-0.2407336962345427,0.0,-0.997738720357277,-0.4316890349321738,0.4977944671408216,0.1175826199821697,136.20326533956666,130.16424291508207,157.58676826339934,2.876730080099246,0.0348805743041553,-0.0285990043587305,0.0209208235870862,0.0572209072804756,0.8658017808544919,0.0100428980809517,0.0,0.0721863442252068,2022-07-19,51.0,4,0.0799975943201301,0.0774833143876954,False,True,False,0.0,0.0,0.0,-0.062157209871112,-2.56735641237151
COR,Falling Wedge,bullish,1,0.7072765654352969,3,27,1756,1757,2023-09-11,2023,2,172.41252761345018,172.13209986467223,190.46470909139407,167.49495255763838,0.9443907116238492,0.001629142670068,True,0.0126702105492932,0.0165972224881907,0.05284881500012,0.0468505004995511,0.0381383648168542,-0.0091905161868117,-0.0512422572591632,0.0588849252470635,-0.0136835251745012,-0.0002804045528917,0.0031509929235322,0.0241008859499833,0.0531271479000894,0.0249356265846667,-0.0105418312659446,0.0128007308333686,-0.0118549425114957,0.0012079576849566,0.0380817048044492,-0.0048887102921592,-0.1277769160908863,0.0099589341771404,0.0059388363948971,0.0589965637609994,0.088519895314166,0.1262639001044767,-0.0107455915565166,0.144984862975871,0.014336477099657,0.0180852992473268,0.011544569416896,0.0477908337736019,0.002351374652975,0.0039985515390086,-0.0328616234127294,0.0340600111950561,0.0363809937504768,0.0038543686211116,-0.1330408454999467,-0.0056530613437749,0.017403758214149,-0.010219232267311,-0.0107455915565166,-0.0271105816247153,-0.0261313806306517,0.0487692091260772,0.053170236206637,0.0825586951120523,0.1101389475229421,0.0909863253541924,-0.0495775307798165,0.0168333912633031,0.0801781146103182,0.0630792010225302,0.0550042433947359,0.0788165536070686,0.0373480662017589,0.0266174725399428,0.0306513385498605,-0.003894178892223,-0.0803304748124875,-0.0603211812266641,0.0065296171731081,0.0845172139993524,-0.0781795753923381,0.0887855952024496,-0.0157386330631851,-0.0190998295610272,0.030053002370946,0.1136374677462883,0.1353919079931487,0.0360423638373814,-0.0293560954891349,0.1738529009100118,0.0986947805642515,-0.1111715247833003,-0.0718140364525485,-0.1209947480598272,0.1168267233139657,0.1469694376023074,0.0100040800077854,0.0052578689988911,-0.0788693873178992,-0.1563636274182498,0.0776395040392456,-0.0165140040813535,0.0710277679927879,0.0018123454448932,-0.074854834957599,0.1249502559942958,0.0312614118986183,0.1019174086440622,0.1553780206973827,0.1301838096400311,0.0994524003687402,0.0020262687436556,-0.100123858671593,0.1410332173427102,-0.0630522071299102,0.0275424669302615,0.0240211296038146,0.050253180662924,0.0670316245535118,-0.0726873011562206,-0.0030150430895375,-0.1740293254809546,0.0061113177883604,0.0618319067809147,0.1070215020876961,-0.0076640985915444,-0.0414529800548628,0.0620307688015133,-0.020110488525574,0.1282907519002882,0.140652459054173,target,1795,39,190.46470909139407,0.104703421078641,0.1255160132782529,0.0247750992157937,3.670951896628211,4.400651308756596,0.8686267986130112,3.670951896628211,1727,0.5376723716591596,7,0.0905544072989327,-0.0051630645121291,-0.5861898567069285,0.0,-1.6813540096833752,-1.1436816380242103,0.7909846473818545,0.0577550500115413,172.13209986467223,167.49495255763838,190.46470909139407,2.3907285145258674,0.044449259462143,-0.0413763581597621,0.0137929903218521,0.1945634991410394,0.2701147913323299,0.0036017207664937,1.0,0.0062830852838873,2023-09-11,59.0,4,0.1545058685803517,0.0348109783923349,False,False,False,0.3333333333333333,0.0,0.0,-0.0134164022044475,-0.8440203962502415
COR,Falling Wedge,bullish,1,0.6515579413025532,3,20,1968,1969,2024-07-16,2024,2,221.34800819825944,216.84698145340872,247.70491314320952,214.2442560595512,0.5201576713558225,0.0207566954111271,True,-0.0049693752937419,0.0040141202387444,-0.0072984395938774,0.0046989614711137,-0.0118092012587744,-0.0536330466097977,0.0011545118356912,0.0119919475460261,-0.0455605192851724,-0.0114515805142799,0.0175681586124762,0.0283661460097266,-0.0324378235192391,0.0261000070732846,-0.0074982174606277,0.0134032205628047,-0.0298815507247328,-0.007555344009575,-0.017185558760455,-0.0276961109190883,0.0512906651748419,0.0247076977066871,-0.0013330714605935,0.0250687536192024,0.0551331224366045,-0.0756177255344975,0.0326965262181977,-0.059780061564038,0.0347543711073219,0.0127664946888943,-0.0113373098450352,-0.0030084995412219,0.0055274169878731,0.0174061945846653,0.0887096146559089,0.0070275325320547,0.0188874739781099,0.034211619418228,0.0211537251106745,0.0107535557376445,0.0827355007374177,0.0098206160075138,-0.0059478416033521,0.0382441795942356,0.0074046525756163,0.0117483518268918,0.0507569683112321,0.0807497779958117,-0.0004807216686517,0.0425051733236523,-0.0672171650648133,0.0368909964115844,0.0481402311042236,-0.0166460630020398,0.015457344809826,0.0601600157673933,0.0383046899731398,0.0820186167369072,0.0157760884164896,-0.00925643949683,-0.0785760577707758,0.0392705603317153,-0.0322900530411121,-0.0035946544920196,0.022192351192662,0.0431016929857526,-0.012229202457669,0.0112037161767819,0.0390204122994212,0.0503569342036271,0.0581951481775192,0.0590089403363851,0.12936256103324,-0.0069257054184842,0.0636762903580201,-0.040526817173819,0.0105312634952989,-0.0070302196907643,0.1396281379517305,0.1846920311390258,0.0703422331233889,-0.0127609308126104,0.0691073661031063,0.0581383195980147,0.0158606115077524,0.0720537660939868,0.0503149752077367,-0.0667596952480436,0.0706493136496444,0.0445517221820341,0.0173675245382021,0.0042928498049348,-0.0166077965218856,-0.0525960852562521,-0.0337360867535113,0.1386277121445736,0.050539679089532,0.0680263843242585,0.174108599785818,0.0613003196559414,0.1253288198110724,-0.1173236652499495,0.1589149586757283,0.0137858350821926,0.0355066652276496,0.0548555432154922,0.0464047729721088,0.0496944645039207,0.084269054223236,0.0142427126279192,-0.0226049846068354,-0.0365424781250574,0.0792066151809902,-0.059197984102814,-0.0608781434059989,time,2028,60,217.67190551757807,-0.0166077965218856,0.0988552609590542,0.0277685906130296,-0.5174874642163149,3.080261625961609,0.8652500963785956,3.710279360865025,1946,0.8497321466523475,5,0.0476771744549941,0.0369469701191162,-0.0277446378089581,0.0,-1.188776417438039,-0.339044270785704,0.1179993645558738,0.1091032973032182,216.84698145340872,214.2442560595512,247.70491314320952,3.952290583773942,0.0339817417757513,-0.0048203509159662,0.0178555495541932,0.0316722451292847,0.912530616809222,-0.0003600229622696,1.0,0.0440366190585954,2024-07-16,34.0,9,0.0105691781389747,0.0290207984587469,False,False,False,0.5,1.0,0.125,-0.042023828610228,-1.2490111821402443
COR,Falling Wedge,bullish,1,0.6403079781606726,3,62,2420,2421,2026-05-05,2026,0,266.88657023596386,303.71833312577974,400.3259382900519,301.62397406677974,1.1946848893421649,-0.1212694752758393,True,-0.0264531918043168,-0.0402139427013844,-0.0228633664078882,0.0271554216885003,0.1205360129651669,-0.0094570029152354,0.0224928270671345,-0.0181818626310411,0.0468505004995511,0.0294944758267543,-0.015644278614922,-0.0535294012124742,-0.0165988484396719,0.0290140285876094,0.0260002019881759,0.0275889684274308,-0.0165988484396719,0.0241008859499833,0.0048511084581439,-0.0579513715954088,-0.0122381011376125,-0.0074547571752283,-0.0328315214487816,-0.0046150449829323,-0.0122645392849987,-0.0367590370359501,-0.0291248331006609,0.0564478241655421,0.0023189592168906,0.0662332155003126,0.0537342721592932,0.002196039414666,0.0894759971461351,0.0446993556621289,0.0912772660316112,-0.041063718057518,0.0105237273089926,-0.0460565219114639,0.0078436916577766,0.1272270055275592,0.1272270055275592,0.039047734138498,0.1513092971933376,-0.0482810658130333,0.0348045288314227,-0.0397690821610873,-0.0140764276391083,-0.0498927801452668,-0.0685047098132755,0.0234183641027627,0.0052434237141638,0.0163276467500508,-0.074283058354731,0.0377409943154753,0.0085550795782438,-0.0228573356742181,-0.0002324437228097,0.1371756202909246,-0.050568597587733,0.0050090692239355,-0.152581918862718,0.0871097767236923,0.0587330821630711,0.0870716180562434,0.115485939966111,-0.006314690235975,0.1075148718285232,-0.0140764276391083,-0.0290747428802397,0.1088460781197673,0.0833862806699854,0.0899491543133921,0.0861392513664249,0.0509757685523863,-0.0118967358837168,0.0180773506072251,-0.0582173401123926,0.267897375313213,-0.0070213591636839,-0.1130147544412821,0.0218557613034959,-0.1103445086346341,0.0792583221565714,0.0570317063629042,0.174210520148464,-0.0213058976457546,0.0747495728917859,-0.1063223195960371,0.0208036498088588,0.113784369567027,-0.0480179856148064,0.0799164830547952,0.1643052195660446,0.1357474811759824,-0.1088353255803776,0.0598436035427965,0.0080170212461607,0.0499153040540478,0.1974526165521801,-0.1393160343150742,-0.0386331083205176,0.0463873591890275,0.1408183598701087,-0.0047218123636111,0.041036184550522,0.3410833276957514,0.1699657977663526,0.0729805261338323,0.146421308720694,0.0703152078090425,-0.108101822746941,0.1481611048742022,0.1155058025282058,0.1728431829037979,0.0952482893605345,stop,2421,1,301.62397406677974,0.1301579311394474,0.0,0.0865606396553866,1.0,0.0,0.6650431433382886,3.8413742346430833,2358,0.8621792871402946,7,0.0970185780522059,-0.0956009848457246,0.2808688826425483,0.0178571428571428,-1.1493820701765185,-0.287202783036223,0.0289005864846213,0.2273143228259902,303.71833312577974,301.62397406677974,400.3259382900519,7.335990963373645,-0.0664994014863179,-0.0748537069513251,0.0240835102021178,-0.0914193271544805,0.9367783500634153,0.0033918865664648,1.0,0.0979188902233065,2026-05-05,2.0,3,-0.0197686042836279,-0.0097788044353545,False,False,False,0.0,0.0,0.0,0.0058984318074943,0.4963889181470689
CNC,Falling Wedge,bullish,1,0.7152068604816018,5,52,953,954,2020-07-01,2020,0,65.88999938964844,63.44417322497191,74.73059247624661,58.24610466598938,0.8198821760363776,0.0385508399014622,True,-0.0391561396305423,-0.0396016719818151,0.0474495378469541,0.0387111843425704,-0.0187943029074391,-0.0691074932408457,-0.0469346555104687,0.0027145693228518,0.0257774689760059,-0.0205588269179002,-0.0099109798073101,0.0172163594433676,-0.0090381518112683,-0.0150937692195287,-0.0292488629636495,-0.0843409207673537,0.0084472678727616,-0.027218008399906,0.0441301120333845,0.0292203070990861,-0.0487550391030644,0.0350000248398891,-0.0326394306869491,0.0021247441333325,-0.0187190576746505,0.0114370446274851,-0.0182776324504922,-0.086474494328151,-0.0908239924448993,0.0487298167378968,-0.0904897486442122,0.0700093490285844,0.1261187321250085,0.0324057500978842,-0.0755023581518345,-0.0308246162635987,-0.0337963323806794,-0.0186192834309492,0.0024482426522833,-0.1138739102979427,-0.0354394054070108,0.0936922513521634,0.012179448054387,-0.0301075135240104,-0.1061886999537975,0.0187946117634267,0.0139626373875767,-0.0169694653525609,-0.0465981165257842,-0.0489758913161113,0.0936966969986001,0.1145495053970235,0.101418323291536,0.1174094737422772,0.0105960165633653,-0.0683156882457129,-0.0019978062705955,0.0263342062790519,-0.2734750078939045,-0.0642633430692278,0.1272078851172158,0.0122657137418715,-0.0510922196703671,-0.0297111983486263,-0.0601888780318363,-0.0164135550659927,-0.0895145117872493,-0.1316309428013433,0.0278976042823672,-0.0819547391288942,-0.190438757084847,-0.1839797914280792,-0.1501763562835258,0.0796168769697898,0.0876607572840788,0.1109004825019592,-0.1295981729751177,-0.0426006019530569,0.1002238630172225,-0.1226339942016843,-0.0599516108258711,-0.0323619725725051,0.3378379164565084,0.1264983667199561,0.1359362355266433,0.1249546823369989,0.1006029119105602,0.1515899481561329,-0.041843087533184,-0.0434979394664293,0.0577136421002257,-0.1122993469159254,-0.1590529615922682,-0.2093520838433105,-0.019849163613363,-0.2069060449908603,-0.0571092913924021,-0.0848608264835391,0.1544170622757597,-0.0732455169709598,-0.0243388698408739,-0.1103148555658162,-0.0722308481066068,0.0495425262755047,0.1248019849475934,-0.1223690632724388,0.1925745979589306,-0.1178238689039395,-0.1915158126784585,-0.1806593674879806,0.4227679188382272,-0.0154882484850065,0.1065555918727294,-0.0812020257187892,-0.1436902555251537,stop,1000,47,58.24610466598938,-0.1160099376910898,0.0388525964836468,0.1353771171888442,-1.0,0.3349074851423783,1.1669441418831308,1.156556102118354,901,0.3716398047911199,7,0.0706647851554269,0.0819547970238296,-0.0248413904392278,0.0,-1.0302989178897537,-0.6586591130986355,1.2768116742215756,0.1300210436295722,63.44417322497191,58.24610466598938,74.73059247624661,2.5578569684709818,0.1037297292474472,0.0005048234900237,0.0391049812760168,0.0404009030281125,0.751297589823259,0.0066090006087309,1.0,-0.0009402689836724,2020-07-01,54.0,5,0.0009747559092596,0.0840814718432403,False,False,False,0.25,0.0,0.0,0.0376313396655497,0.5835239654789409
CNC,Falling Wedge,bullish,1,0.7083671684319651,3,35,1080,1081,2020-12-31,2020,0,60.61000061035156,59.23676308479094,72.39076226587446,56.51527536686388,0.4885837918972607,0.023182183732676,True,0.125391823091701,0.1095379588771756,0.0052323106493017,0.0131830025909163,0.0565461326451552,0.0259040338049278,-0.0217391743682456,0.065591901518802,-0.0017416182808314,-0.0257289534047765,0.045939022550669,0.0350404169203446,-0.0701062616025547,0.0172944913552037,0.0871720973766687,-0.0101075092188004,-0.061409753224639,0.0513581234306854,-0.0496419889838095,-0.0006592223731201,0.0690598447098691,0.0274034439813031,0.1124623060878475,0.055766392246793,0.0547271162768869,-0.001578467804345,0.0214049725162375,-0.0350756262439634,-0.0979504456631999,-0.0052239674833431,-0.0201126302383034,-0.0767263131843812,0.0526842259341286,-0.0189463091962798,-0.2068249395185318,0.0138561688111593,-0.0572687253459088,0.0313756801304849,0.0945610389698841,-0.0365106658315352,0.072636673741435,0.0479889672334854,-0.0258637668315232,-0.0277646054342857,-0.0391028581203199,0.0714884719247483,-0.0166639519231085,-0.0191153044977002,0.0723532440064944,-0.0764525991785259,-0.0561750866188761,-0.005752963813303,0.2878628715743945,-0.0805630329646099,-0.0643199824677068,0.2076991655307098,0.0974257063157488,0.1563766584774184,-0.0813221248085848,0.1656151379698951,0.0305239816822082,-0.0115752292010293,-0.0799386374920013,-0.1269531031721272,-0.0009390758986839,0.0656158250247274,0.0458140028839819,-0.0198131097811405,-0.042938034326558,-0.0242534434235274,-0.0541754437289766,-0.0102885713621629,0.2048030740377415,-0.0746080929738421,0.165558063867343,-0.0500854753021501,0.0095758815116429,0.0023584905660376,0.0986529236805873,0.1352941689371061,-0.0135539594992103,-0.1547786711458489,0.0514548275390656,0.0459244027509082,-0.0071942446043165,0.3012708191034425,0.1712706477210404,-0.1055335107290693,-0.0598170858594424,-0.04630852602437,-0.0777517552558634,-0.0535656137714593,0.0786998283291839,0.0235109830732507,0.0432161101261725,-0.168824083563026,-0.0771820014302457,0.299684535374096,0.0177633852923322,0.2054238142689646,-0.0939054873163093,-0.0972507256325322,-0.1189911871293798,0.1688644880755547,-0.1677724829217268,0.2357957674475466,-0.0367053073936592,-0.0154337893239642,0.1954136155202821,-0.0424258855941936,0.0017355728699552,-0.0345952429269356,-0.1609381870492521,-0.1334846514907776,0.0776804154690389,time,1140,60,65.37999725341797,0.0786998283291839,0.1592146746197324,0.0569213121299693,1.1649125055832945,2.3566908527565835,0.8425475600411496,2.877057911091641,1045,0.5406096776073032,6,0.0621101679003255,0.2192696813652077,0.2377660563026773,0.0,-1.3918301418059214,-0.8512204641986152,0.5326611100241865,0.1101056897458577,59.23676308479094,56.51527536686388,72.39076226587446,1.442143304007393,-0.0488775406684891,-0.0531516069843783,0.0240237103670366,-0.097564615022361,0.9599975585937556,0.0015274975455672,1.0,0.0236750557985145,2020-12-31,54.0,5,0.089711575547464,0.0915765242705368,False,False,False,0.0,1.0,0.25,-0.0636100986904632,-0.8637106941584024
CNC,Falling Wedge,bullish,1,0.6686251688047744,3,30,1538,1539,2022-10-26,2022,2,84.61000061035156,73.87651203953999,93.06430310981308,72.75627084840761,1.112508488724632,0.145289595765794,True,0.0053184841625817,0.0267243275975459,0.0029231144831731,0.109650925440059,-0.0109596845462154,-0.0150948934454595,0.0217726558394069,-0.0329264792076257,0.1980486044875475,-0.1158974476349659,0.0223940333291263,0.092592588231942,0.0849673202614378,-0.1090598473182091,-0.0337458019290395,-0.0330590745686881,0.0190524612535842,-0.0113236095034122,-0.175724600279589,-0.0220859270154334,0.0867872959222302,-0.0362247642067606,0.0032141406829263,-0.0086278613836138,0.0147099220629409,0.0126510221599482,-0.056892826939942,0.0377058414603301,0.1537415381191538,0.2480797429351677,-0.0363775185759058,0.02687235582458,-0.0569409377512264,-0.0312448859630055,0.002382157368691,0.0271190835211279,0.0782912635634123,0.016379912557753,0.0194623393397179,-0.0392952021562299,0.0641152531006739,-0.0892806242003452,0.0111567010597937,0.0644108540256522,-0.1025334743026326,-0.0261179911409495,-0.011582594845339,-0.0620956916468889,-0.004044536938295,-0.0561576666330505,0.1192852024007184,0.2201258433435993,-0.0002953277704443,-0.0702439284906154,0.1436994185037121,-0.0435783711465899,-0.0460295752121543,0.0734588525469308,-0.0943107597916408,-0.1158976446558993,-0.1226750667911104,-0.0581934361957874,-0.0538117157388391,-0.5026946748571473,-0.0079839807307702,0.1049353497043208,0.0622649950768658,-0.0873709282500598,0.0153933027359737,-0.0280109056788268,-0.0264402155159682,0.1716683330579094,-0.044782353108345,-0.1835793707462226,0.1731286228291149,-0.1153804102515149,-0.073746553333937,-0.0972419205857432,-0.4780757199338384,0.0372252605888761,-0.0596201594688381,0.0420574711569059,0.0751318830481286,-0.0967300595028085,-0.0505668159808044,0.0477774976000975,0.0259321555948404,-0.4930357251848493,-0.0832803244796623,0.0720010012027807,0.0433950415995534,0.026375201616091,-0.1045975465108122,-0.1541125328956643,0.1328224520505929,0.1929093872280789,0.1387905816038346,0.0385302931651894,0.1333332902554864,0.0187898403011437,0.0781870351898645,-0.114920192139301,-0.0091974785775399,-0.1073556175146076,0.1166922936072716,-0.1156029682017436,-0.0313838926735458,0.0605928375929774,0.0230614123153376,-0.1969254247273613,-0.094179483995049,-0.0679069933041122,0.2172065723914409,0.1769436604321688,-0.1341169267608185,time,1598,60,75.76000213623047,-0.1045975465108122,0.0381751058295571,0.1162983559425868,-0.7466003234301621,0.2724877141968317,0.8301188035242879,0.7132187648316222,1506,0.8938647842388436,6,0.0926012805610035,0.0070460870013973,-0.3179112449201419,0.0333333333333333,-1.2469701351863745,-0.3531053509475311,0.0814461915398245,0.160114237204624,73.87651203953999,72.75627084840761,93.06430310981308,2.870715550013951,0.0054481871615645,0.0105945886410903,0.0338527764941447,0.0505451160722758,0.3843550831447611,0.0004783082248123,0.0,0.0310095664193534,2022-10-26,50.0,5,0.1340445265934728,0.122983713637484,False,False,False,0.0,0.0,0.0,-0.02269195884946,-0.2786725895829279
CNC,Falling Wedge,bullish,1,0.6221829005087288,3,22,1601,1602,2023-01-27,2023,2,75.37000274658203,75.0974988937378,87.58250141143799,74.08670940914686,1.2108250563554883,0.0036286674903758,True,-0.0578479561027915,-0.0815569263688491,-0.0271037835820022,0.0490630499264581,0.0304492824877973,0.0315503696144816,0.027110910689799,0.0263430572844565,0.0208359318048207,-0.0407049955279041,0.0066790297302745,0.0544055909947149,0.050020551506078,0.0994685775879762,-0.0072189411113594,-0.005128663828995,-0.0059823845304898,0.0367985507660042,0.0037478262886967,0.1788393486099435,0.0635540975004316,0.0110398670507358,-0.0880363197658875,-0.0348945838791516,-0.0479035293652179,0.0553186045265234,0.1034034650214872,-0.0383587780780573,0.1218435227863392,0.022834404270037,-0.0317622547154767,-0.0246291095629619,-0.0506023835254615,0.0952554980543303,0.0021779083467379,-0.0185387213609109,0.0435381413550597,-0.0481020726126888,-0.1205111543127847,0.0147214969959768,0.0066213816561122,-0.0629702224798465,0.0274530659526819,-0.0766865212910085,0.0062656282930071,-0.0362581788451064,-0.0700544807785727,-0.0574675464590294,0.0197617061374943,0.0416351894162736,-0.0064844556231773,-0.0982707724030212,-0.0075536244928581,0.0428788156220407,0.1307986910717293,0.0300205967514988,-0.0311467602916716,-0.0143282901261867,0.1426520297209177,0.0596341388981516,-0.0787003720280065,0.0648796273170517,0.0675400017548384,0.1305853287434524,-0.0035347239599107,-0.06509555203088,0.1855072469109706,0.0523002685805464,-0.1032084352770354,-0.1409049006179535,-0.1289963003757754,0.0197677685591306,-0.1094071911174182,-0.1693202656588218,-0.0252321562216591,0.0205389138657596,-0.1466540790044308,-0.0526389016045464,-0.0355883656663668,0.0846986648441021,0.1267330480062647,-0.2162300078962581,-0.0723306316251106,-0.4510574629200433,-0.1256699161034506,0.1002955271328844,-0.1084210133691977,0.0288673931152778,-0.0613614081401688,0.0080720938721108,-0.0730300714107188,-0.0780064975508205,-0.0806687224292347,-0.0926591763570184,0.0264493503458393,-0.0439405638284979,-0.2208908485818547,-0.055801578070592,-0.0051405573465738,-0.0424258855941936,-0.156891320905821,0.008240039195273,-0.4589633059225783,0.0972572721337587,0.1706275741063274,-0.1056004623508641,0.1685292303487024,-0.0426678141312907,-0.0632759856213586,-0.1353583064948962,0.2342681407349331,0.1382023296240357,-0.0110606569232363,-0.0635030126218285,-0.0525714043339989,stop,1605,4,74.08670940914686,-0.0170265794171456,0.0268010689857379,0.0455088255298137,-1.0,1.574072415199815,2.672810810372546,9.51652931454024,1577,0.8415114660080781,5,0.0938642777873887,-0.0057233463831403,-0.0939736253574758,0.0,-1.3961657229209572,-0.5546542569128767,0.1343225768195204,0.1045423069471836,75.0974988937378,74.08670940914686,87.58250141143799,1.8571423121861048,-0.1039106438221447,-0.0713430669334047,0.0246796320556293,-0.1851651191841975,0.1813463309733603,0.0002610187039171,1.0,0.0770456678832818,2023-01-27,58.0,5,-0.0233444986100876,-0.0153237591801008,False,False,True,0.25,1.0,0.25,-0.0159479770080625,-0.0292882386500854
CNC,Falling Wedge,bullish,1,0.6500596279419024,3,41,1644,1645,2023-03-30,2023,0,64.44000244140625,63.668664042155,77.57397539187707,60.13365610710764,1.1421095500982217,0.01211488274264,True,0.0245188414307837,0.013324281325822,-0.0150286586796307,-0.0095611754044303,0.0104344833904121,0.0167055287101542,-0.0491976624400996,0.0094883322424195,0.0225251417820242,-0.0165467845450202,0.0005070575447454,0.0419115207390672,-0.0116596647756843,0.0705881753364119,-0.0305476613866997,0.0209969555787499,-0.0964341274527614,0.0281089896036828,0.0245188414307837,-0.0391561396305423,0.0149489854835334,-0.0477873466940736,0.0272781018891316,0.0563314263794239,0.0370559639522389,0.0097855640118806,-0.0207962200271154,-0.0036732393073037,-0.0808802510873443,0.0561519664528398,0.0278921172691768,0.0497599010898388,0.0503640192695249,0.0357317110387289,-0.0244551855893672,0.0697784777559391,-0.0202063062217306,0.0082369784407672,0.0490989871766562,-0.0616596145520769,0.0079506385733787,-0.0165310664019274,0.0838981628566857,-0.0089011939603674,-0.1397285328546408,0.0527405806827467,0.0696771833280449,0.0418266835959004,0.0580422724590614,0.0434815704985391,-0.0193653429994307,0.0548624920013485,0.3751297567304821,-0.0126272951243456,0.1145247120958325,-0.0058865079541869,0.0073520104815545,0.1236369308693179,0.0266258418780587,-0.0239937968060708,0.1239765807538608,-0.0901099124670902,-0.1016396042425241,0.0476905964637266,0.1208354167789007,0.0681387184084054,0.0649781872611898,-0.1037736238654433,0.0260832331669856,-0.0266915138972423,-0.0646491129518969,-0.1311787062395062,0.017949410910947,-0.0060131376528875,-0.0632945651967545,0.1803697229487901,-0.0986366938522741,0.0059811757568224,-0.0165837244648784,0.1342417254291241,0.1019649540134495,-0.0613312048410261,0.0495095307557043,0.0866346433615303,0.0722349975700236,-0.0442799639393399,-0.1002811387938524,-0.0852671643363206,0.1267330480062647,-0.0574254740019396,0.046137516219266,-0.0345647614798994,0.0325884294624378,-0.049283304578888,0.2391506375265659,0.1538914554824189,-0.5224315297784796,-0.0376696847979107,0.1854522934350835,0.1031272476355176,0.0403843629598796,-0.154595860931097,0.1501897758124926,0.1118735104170542,-0.5850961737731499,0.0046187718925301,0.1364716559649765,-0.0537760760664401,0.186548275500757,-0.0218268552867719,0.1195572928992074,-0.0999589677005238,0.3105307626698463,0.309517046361931,0.0037905324512435,time,1704,60,66.54000091552734,0.0325884294624378,0.096679011351743,0.048106799679859,0.4876520166051921,1.446701041650837,0.7198683171689831,3.0499109757761733,1603,0.4757749358958286,6,0.0580984496363873,-0.1271894768680859,-0.1576665554672897,0.0,-1.5823848657997652,-1.1066099299039365,0.8455128974680863,0.1012055584042972,63.668664042155,60.13365610710764,77.57397539187707,1.6242850167410714,-0.2072082236849,-0.0796472229659905,0.025328006959403,-0.1797135200423842,0.9032215723110496,0.0054987975762859,1.0,0.0186790632684963,2023-03-30,58.0,5,-0.0667799062090953,-0.0950090055776576,False,False,True,0.25,2.0,0.5,-0.0277155267722706,-0.0391046051496586
CNC,Falling Wedge,bullish,1,0.7443643682916461,3,32,1754,1755,2023-09-07,2023,1,65.88999938964844,61.84520481542188,71.78417783914153,60.61764430797263,1.8540250826433444,0.0654019108886181,True,0.0261041316836518,0.0138317386489204,0.0016536472625188,0.0384614652312085,-0.399852749313853,-0.0103403259129484,-0.0371561517812327,0.119587902184852,0.0513581234306854,0.0635510427034506,-0.0371561517812327,-0.0085239460370298,0.0154949751584256,0.0239030482016995,0.001179174895068,0.0209638296839702,-0.0413707596873369,0.0052323106493017,0.0506264257564921,-0.0504761953202504,0.0505653824921052,0.0032787404670782,0.0330551422695032,0.0553953795673025,0.0823414507492896,-0.02626915532888,0.0734238584564512,0.0234676544857552,0.0193909912637026,0.0634878300062695,-0.056815808232744,0.0435019668820377,-0.0072656631244522,-0.0281501390178458,-0.0635990266647282,-0.0461971659055897,-0.113587364187459,-0.0828719961644546,-0.0385690001782609,-0.094339652696199,0.033860030892159,-0.1123905448920129,-0.0445662630584874,-0.0200735723323511,-0.0569409377512264,0.0821205774447183,0.0475033735378922,0.0899906847223197,-0.0507695645864282,0.0013325089156746,0.1661568900147192,-0.0674712755001458,-0.0387619908502282,-0.014331374668315,-0.1501623789188746,-0.0649602828391717,0.1680182772919554,0.0143373788121234,-0.1173469821431337,0.003127286483713,0.1065310352573594,-0.0311467602916716,0.5024130843441506,0.1272443234664728,-0.0221311947920475,-0.092580228967258,-0.012399491868009,0.1237837743575047,0.0199592218619727,0.046137516219266,0.0745046024875832,-0.0584079038085342,0.0223795571940019,0.0177174264743757,0.0721371479952524,0.0297419711832704,0.1162516001873266,-0.2276379208694485,0.0961486558612005,0.0213390024241684,0.0997494939821448,-0.0427259568330361,-0.043313652806028,-0.076187294913611,0.0925254172428928,-0.15106578779747,0.072326569227981,0.0779696349308882,0.0728911440267345,-0.1328708891234645,0.2212262670389062,0.0321277921383885,0.1364394892555105,0.1008821855211659,-0.2223371204514371,-0.0480101877969882,-0.0842350547313164,-0.0066390294751687,-0.2432778536646933,-0.0092783661245449,-0.2381451604309417,-0.0016988511251206,-0.030425640619847,-0.0521137127311973,-0.0405619969132042,0.1659750879117913,0.0007823387232199,0.0874506873219196,-0.114920192139301,0.8200959510222159,-0.0543459949276888,-0.0674170893191461,-0.020471828802846,0.2730093076114122,0.1307677245886546,target,1780,26,71.78417783914153,0.0894548262876306,0.1069965566408154,0.0125967800689505,1.1179403432023094,1.3371639319704125,0.157425252699572,1.1179403432023094,1721,0.7440727483932883,6,0.0765255037904146,0.0434332206525864,-0.2329644606168495,0.032258064516129,-1.566088371290168,-0.822015622896896,0.2599574463980829,0.0842378616862521,61.84520481542188,60.61764430797263,71.78417783914153,1.3678569793701167,-0.0549182594778255,0.006984055323767,0.0205878526355629,-0.0068759203883532,0.8099186407477232,0.0060012803213309,1.0,-0.00201901359201,2023-09-07,58.0,5,0.0025046281605918,-0.0276799423627454,False,True,True,0.0,0.0,0.0,0.0386709440877649,1.165846703026223
CNC,Falling Wedge,bullish,1,0.6879159772806824,5,59,1978,1979,2024-07-30,2024,2,76.77999877929688,67.12777964274085,83.07416152954102,62.97793094736383,2.297516054624265,0.1437887442117984,True,-0.0174524141598703,0.031419866815382,-0.01576310751501,-0.0095127578173416,-0.0067971618259546,-0.0651109505062191,-0.0367016432108842,0.1832411623843237,-0.0503453902362396,-0.000140795834763,0.0102568370937705,-0.0754912606154207,0.0497528750140672,0.0739236263113085,0.0152764260479922,-0.0065540026063369,-0.000140795834763,-0.0171450802889994,0.1383802643434786,0.0252777278923832,-0.0108476206645578,0.005069225337869,-0.0277837930333054,-0.0056004208389194,0.0070410885710422,0.0380839002566011,0.0141436329204074,-0.0358883448330324,-0.1469980825786565,0.0774444580078124,0.0485890779273423,-0.025237891839421,0.0234082390314955,-0.0586323653771287,0.055903607104198,0.0106297387246088,-0.1075039502114663,-0.0477832475287465,0.0135273950896586,-0.0258232359628154,0.0669687435573362,-0.023827760787383,-0.0837524175529463,0.0032397738304676,-0.0061756047122969,0.0048837959077788,0.015889570722839,-0.0070258153108528,0.0890000237358941,0.0108564720147203,0.0687782405535326,0.0609756590238463,-0.0604956200839637,-0.0088757347242226,-0.1084591701351879,0.0339072524317052,-0.0251854902264259,-0.1125058562756379,0.2350711189740078,0.1496025985359457,0.1014633798986914,0.0667471959105303,0.0553922047149086,-0.0799386374920013,0.124759513737596,0.0088337455738858,-0.0588490581839505,-0.1387712444373756,-0.0047257589544859,-0.0346443875358863,-0.0761913500547544,-0.0748663416034304,0.0831664243938816,0.0433237976740965,0.0146341711525026,0.035708732474728,-0.0814781550542589,-0.08182967041596,0.0476430630245769,0.0203343649123695,0.1363354367883542,0.0070958705940422,0.1515899481561329,-0.5421577642540673,-0.1597761070886566,-0.1455026762837085,-0.0204240152351197,0.0556120516080271,-0.0465533327806081,-0.0540238946557519,0.1803697229487901,-0.0131044688536834,-0.2208908485818547,-0.2769637623178803,0.2518254709586816,-0.1753417190311943,-0.0600993809376605,0.2353138001375287,0.250720990716017,0.216515470313785,-0.0784913786776124,-0.1620895613485308,0.2211144485280036,-0.1872170964745442,-0.1135294297162223,0.0261383575543294,-0.0092783661245449,0.1194625991176818,0.0725208022385779,-0.0403264597054515,0.0117827741459834,0.0420690733083153,-0.030485756642637,-0.0968555497643107,-0.2455783030116644,stop,2034,56,62.97793094736383,-0.179761240575256,0.049622266464806,0.1911956308748227,-1.0,0.2760454161642924,1.063608763841279,0.4560304171003783,1917,0.6474622343799608,5,0.0119353086885311,-0.0656925088680733,0.1064415693321805,0.0,-1.1592877755183806,-0.5118255411384215,0.4659581547359798,0.1807045417414598,67.12777964274085,62.97793094736383,83.07416152954102,2.5814277103969028,0.048971718318153,0.1101064053413918,0.0334815533266627,0.0410478127969446,0.973753664514682,0.0020412886449632,1.0,-0.0061246136671102,2024-07-30,34.0,9,0.0880156367060698,0.0679729430869136,False,False,False,0.125,2.0,0.25,0.096478475751246,1.863980473403904
CNC,Falling Wedge,bullish,1,0.7406020715594671,5,43,2076,2077,2024-12-17,2024,3,58.369998931884766,57.46487336850885,73.65113876789792,54.74838740310395,1.174532911862459,0.0157509363602275,True,0.0421449879079256,0.0432314205731256,-0.0324140646193591,0.0420599419330982,-0.005294984602127,0.088709644138418,0.1871313183777656,0.03046514821607,-0.030453560921087,-0.0252964185631793,0.0297922267765258,0.0090328173172415,-0.0096478290299142,-0.0069463736688175,0.0416666282739821,-0.0164557348323775,0.0618455054409747,0.0073703066653596,-0.0050164653916563,0.0262486882865273,0.0409319115104178,-0.0506527066672045,0.0229911879758927,0.0366626593936676,0.0654257170284998,0.0275300096610646,0.0146403059113506,-0.0274147074443108,0.0246666802300348,0.0180466615288636,-0.0132414207889164,0.1738465843657084,-0.0445662630584874,0.0936922513521634,-0.0126393825148117,0.0296543003498022,-0.0305423564939023,0.041220114379276,-0.0537014138222133,0.0313756801304849,0.0234676544857552,-0.0164737408073322,0.0800615843092893,-0.1205111543127847,0.0378938772611883,0.0228123961575565,0.0664725225135438,0.0737388690198525,-0.1776226252922818,-0.0677277601041771,0.0063045735741893,0.0099371664787841,0.0960093514543238,-0.0166639519231085,-0.0730135803225623,0.0133686450152661,0.1402770501707282,0.0496644794455019,0.0498938832016893,0.1174094737422772,-0.0121674508753809,-0.087930024574693,0.0638373377223211,-0.0291942391191043,-0.0292836320090411,0.0653331566425963,-0.0101597830657086,0.0298785891329418,0.0595649895488157,-0.0418022729374444,-0.0576439549812418,0.1496471544725357,0.0375988423832596,0.0429335059909736,-0.0271724584517256,-0.0281857509947848,-0.2161225924203772,-0.0145519848245404,0.0940147375268438,0.2805455574993567,0.1665756038321058,-0.1364977682707441,0.0686695278969957,-0.0589167129658383,-0.0535828764352058,0.1978261201578484,-0.0978717004691077,-0.0099657882905952,0.0573466744237554,-0.2082400874111477,0.1398095933446717,-0.0609952527871584,0.0221004101273449,0.0901023059146335,0.04312023695199,-0.031946078156799,0.1948631937940774,-0.5254095698013717,-0.2087943270897873,-0.0672193594818689,-0.0688485889307669,0.1169721168427608,-0.1797663432074836,0.3298093262412431,0.1603999421286939,0.1344161120168627,-0.0956026913019394,0.3108255392113239,0.0033439345067496,-0.1490583205971484,0.0654084477594572,0.1735313354485497,-0.1685250346039259,0.0972572721337587,0.0153615529341261,time,2136,60,59.65999984741211,0.0221004101273449,0.1445948052279064,0.0548226969589928,0.3561952753009958,2.3304538765785936,0.8835847626144221,4.219430967284723,2030,0.7499828234761483,6,0.0175295862128297,-0.059587127231323,-0.2777103172609093,0.0,-1.2125940874022207,-0.4626112639260777,0.2713469458855565,0.1756985412029104,57.46487336850885,54.74838740310395,73.65113876789792,1.892857687813896,-0.1810234138760713,-0.0635478410189708,0.0327427372919665,-0.1292363020821961,0.1877562269074671,-0.005746093432686,1.0,0.0274419006603916,2024-12-17,34.0,9,-0.1287774215792495,-0.1307667594375391,True,False,False,0.5,0.0,0.0,0.1015743746128135,1.5110577511108654
CNC,Falling Wedge,bullish,1,0.7006839543420701,3,26,2202,2203,2025-06-23,2025,2,53.43000030517578,54.63145994479498,64.1090181288256,53.26621679357572,1.1463552912510102,-0.0219920836974387,True,0.0159086368943697,-0.0064633421991888,-0.0761755590669107,0.0031928478959923,0.0259089256052131,0.0153587383242277,0.0097391392795,0.0470839558919773,0.0218021562237127,-0.035272667185819,0.0456096382393544,0.0462504808304569,0.0303315530814285,-0.0320731277573658,-0.0544368037006024,0.0268138747669346,-0.0530356479408133,-0.0509690251000449,0.0040385546337788,0.0068176281124139,-0.0941894904950931,0.0092738191626622,0.0211051873543195,-0.3898559182496743,-0.4163481546949144,0.0945739539264161,0.1834966268564208,-0.0219405161681409,0.0396949316293457,0.0883138694619545,-0.0433571594155537,-0.0276381531459128,-0.0045155325306051,0.2741733680681002,-0.0126393825148117,0.0288091360982443,-0.0713370169165524,-0.0482694370811198,0.0566451721572949,-0.0440064286230811,-0.0327341495510721,0.04132095635786,0.0177441994939007,-0.0248255308300959,-0.0262959987236575,-0.413216563677121,-0.4780086238003123,-0.5185991271291885,-0.0321071945810369,0.0386111723170468,-0.092580228967258,-0.0355585906824722,0.0458629427044183,0.150705941419929,-0.0251854902264259,-0.1610208555082901,-0.0151308696989695,-0.1047052534929431,-0.0477042751193039,-0.0020915511386846,0.0283523769092213,-0.0780078701698231,0.0585714486929085,-0.00088518087451,0.0708121456115322,0.0904094732084119,0.0171715759136812,0.083764062774355,-0.4774728127549016,-0.4510574629200433,-0.5097671321258347,-0.0377476937437064,-0.0474414226761895,0.0886482458071888,0.0589915316011777,0.1742626640277189,-0.1466540790044308,-0.1464217680613933,-0.2230177685386098,0.1043315617049396,-0.1864614405901672,-0.153380597914606,0.0275111547250839,0.2154116178712759,-0.2062380861535558,-0.0981846496578332,-0.1501763562835258,0.1638967346637365,0.0065809661658402,-0.1088664205166496,-0.0564901821767076,-0.4149851634825227,-0.4007112057856027,-0.4914728806804013,-0.2168299219213999,0.3444067744885462,0.0855002162614486,0.0017355728699552,-0.0037847546569657,0.2648671838523262,-0.1148324840003882,0.0454044836188722,0.1706275741063274,-0.0726489313179912,-0.0643462692002624,0.3619490218354697,-0.090395122592622,0.3980237153554236,-0.0113990469203306,-0.016551060211065,0.0431773861040432,-0.0657987876756657,0.1539999961853027,-0.0949551596412771,-0.45661872511259,stop,2203,1,53.26621679357572,-0.0030653848149836,0.0151600480753235,0.0033688995722941,-1.0,4.945561158005632,1.0990135906679184,65.20203236163843,2174,0.7801699599411095,7,0.1496437095257607,0.0151784050068932,-0.1516277939368824,0.0,-1.2590654822946636,-0.4788955223535463,0.2324730647294298,0.1151254522520091,54.63145994479498,53.26621679357572,64.1090181288256,1.1271427699497758,-0.1382099552670069,-0.0896413175384377,0.021107541905285,-0.0762843754134485,0.2732563297315519,0.003492621716538,1.0,0.0323007531630534,2025-06-23,26.0,6,0.0381464241753912,-0.1021901181254471,False,False,False,0.2,0.0,0.0,-0.09867472151865,-1.1568843883555333
CBRE,Falling Wedge,bullish,1,0.6909718824761131,5,31,746,747,2019-09-05,2019,3,53.290000915527344,51.39999961853027,58.88428769792827,48.64273939262533,1.0647971646827918,0.0367704535218653,True,0.0268343081367656,0.0163707179332046,0.0713664634319428,0.0127238674128395,-0.0452449469828548,-0.0139476034092492,-0.0610874832429449,0.0118032115281105,0.0014869837868742,0.0260814030967395,0.0193951397471452,0.0524308655606764,0.0150231966099732,-0.0180050411147981,-0.0322828419040951,0.0284015533999282,0.0352159490332806,0.1213179388180094,-0.0607374025679072,0.0212111898083076,0.0184134799696802,-0.00729598992583,0.0170208114839742,0.0105084921931493,0.0007490801571414,-0.0226060035189833,-0.000285897843532,0.1153641753272227,0.2514881293654727,-0.0565153518707087,-0.1759061465158284,0.035888134880275,-0.0627891278353058,-0.0084799138338486,-0.0151608008033951,0.0835640506689354,0.1109802792549041,-0.0267106844038376,0.0100410458642918,-0.0509738742235932,0.0928030261980272,0.0066959549841785,-0.0694215560022292,-0.0025354583570742,-0.0349842528776422,0.0014857057702828,-0.0621129914885508,-0.0406187727744374,-0.0863582310287116,0.0955502062653805,0.0670441734821682,-0.0080128203168815,0.0298945043872933,0.0237648397047867,-0.0291873613177134,0.0576824624495195,0.0382592726161457,0.0088588661629553,0.1884741114237254,0.0771368310374824,0.1362987492257634,-0.0440094993482337,-0.0469876803651176,0.1035310460727998,0.0971921898794041,-0.05042411452462,0.0586358691103858,-0.0589056568489152,-0.0950348793919317,0.0048789325777145,-0.0171241336275225,0.0959147118480665,0.0827577569430029,-0.0076097998794761,-0.0192383845471025,0.0895299681562435,0.0882851531103376,0.0959147118480665,-0.225591161977712,0.0957103054897963,0.1621153352660049,0.0979116980483532,0.2177496067415958,0.1041101154182693,0.0006800225457952,0.132382016703743,0.032183943123653,0.080731967429029,0.1349593316071742,0.0019230802148522,0.0116858023420474,-0.0587263764438724,0.069994360633413,0.0109964351442386,-0.1868078963099945,-0.108937412807343,0.0066891829426303,-0.0631058095915904,0.1897237369768423,0.0748310611847509,0.0732545127486963,0.0658303808251152,0.2768570265952395,0.3193063688261235,0.0732545127486963,-0.0299772750663351,0.0523053472271146,0.0821631116928349,-0.0153333028157551,0.0385715293161188,0.0469935282225324,0.0724331965222766,0.0757878642818861,-0.1080971657417956,0.0232072357445108,time,806,60,57.02000045776367,0.069994360633413,0.0883842935551589,0.0850066150528853,0.802623119842652,1.0134998990828186,0.974768166514836,1.2037813570060372,712,0.577071260141391,5,0.0324015975361543,0.080935618635147,0.0733971024788773,0.0,-0.9728727109292676,-0.3958014507878739,0.6210889981568852,0.1378141784519009,51.39999961853027,48.64273939262533,58.88428769792827,1.1821425301688062,0.1018798603823687,0.0214475411160459,0.0222416273985094,0.0659847748747177,0.1445813034286166,0.0100798547135814,1.0,0.0342052890120625,2019-09-05,54.0,20,0.103741413884222,0.0845640763438329,False,False,False,0.0526315789473684,1.0,0.0526315789473684,-0.0062789612026253,-0.2227913774787704
CBRE,Falling Wedge,bullish,1,0.735056071953491,5,76,1439,1440,2022-06-06,2022,4,80.06999969482422,81.83485457711942,105.8880115504706,75.42436345817538,1.544542165117527,-0.0215660538705061,True,-0.1257649523317676,-0.0446573768553717,0.0390215534837994,0.034388525914849,0.0333512063903052,0.0054212289656745,-0.0773187634862168,0.089867794696697,0.0217272671786221,-0.0035788025270842,0.0063524872569176,0.0021687953808851,0.090041326873018,0.0180476510320644,0.064291215911528,-0.0608192533666374,0.0362064748268751,-0.0153913977569276,-0.0275382604742264,0.0297660823772709,0.0348937985991397,0.0029673640888323,-0.1419582671000369,-0.1127763059037526,-0.0358103462307544,-0.0454154006747814,0.0680414856678148,-0.0206670276616208,0.0605925383391203,0.0354650278747803,-0.0104754648709295,0.0506740369726255,-0.0299895602425088,0.0398897907367477,0.0537512713858518,0.0377460467828165,0.0033960754282038,-0.0349142904221462,0.0134357235298729,0.0199625510797798,-0.1036951120711415,0.0096829549036383,-0.0139399992876289,0.0281560370262632,0.1245334293113087,-0.127087811594156,-0.0586986008012436,-0.0018632200956685,0.0098552271675149,0.033253863592157,-0.031220030362964,0.0147171342174117,0.037184775327663,-0.0687011997267326,0.183343627890363,0.1896891996226832,0.0278480797060127,0.0620424583624406,0.1767372374168574,0.0499656257576606,0.0190968263045645,0.0480904170341962,-0.126304572633112,-0.0871954473148789,0.0422164028796769,-0.0589973203564241,-0.0890800192003743,0.0147321955852348,-0.0810623248647412,0.0440864093012487,0.0241394782309332,-0.021635764724202,0.0906321337938991,0.032011490837726,-0.0670855619220791,-0.0818635852695511,0.2309504571223841,0.0334356067940564,0.099871887276433,0.2149962115706454,0.2765048128887288,-0.0335983827503482,-0.1817992390465481,0.3745199065977167,0.1055922765502106,-0.1732860082402872,0.0372992916334213,0.0554569631423085,0.0515700193655119,0.1945234122971268,0.0482954407936939,-0.0202331591342936,-0.0138628776643209,0.0136130153382653,0.1629131344402237,0.0118057021863451,0.0885219956717187,0.0621978200167352,0.1585859302014411,-0.0418971108326446,-0.1285616075793265,0.0598732848549827,-0.0253563048662489,0.266964133626989,-0.0085444000045039,0.0373430208772107,0.1024435068573528,0.1060869678947495,-0.0348906737725444,0.0530702905900357,0.0882023203099431,0.1332304568639479,0.1217832762511383,0.0464688698991753,-0.0768749083386569,stop,1442,3,75.42436345817538,-0.0580196859542281,0.0084925728458537,0.0620707036298938,-1.0,0.1463739885209574,1.0698214340363996,5.557475992625364,1359,0.6445445665030713,7,0.117883747273674,0.0200154144313318,0.076094054874616,0.0131578947368421,-1.2843534572659003,-0.6398088907628273,0.5310688454286342,0.1743529629968057,81.83485457711942,75.42436345817538,105.8880115504706,2.8650000435965404,-0.1564866738637079,-0.0409949579509255,0.0354886649877796,-0.1807387598246648,0.5289284858573248,0.0097621872891233,0.0,0.0010940232749165,2022-06-06,40.0,5,-0.1668268407778023,-0.1375848720234578,True,False,True,0.75,0.0,0.0,-0.0391930866036321,-0.917173221321354
CBRE,Falling Wedge,bullish,1,0.7908129978619403,3,50,1793,1794,2023-11-01,2023,1,71.81999969482422,67.39199645996098,92.4920025634766,63.99379085998032,2.785611336766885,0.0657051796572611,True,0.029379011686401,0.0043661519591426,-0.0093072325058265,-0.0005662643809876,0.0189216961115032,-0.0437444222035316,0.0106236469161848,0.0325403473501983,-0.0132603088965471,0.0051684929816113,-0.0798229645281914,0.0111371569250766,-0.0185459590766721,0.04012265666512,-0.0057893191364191,-0.0258269008928846,-0.0378378378378377,-0.1109058997517628,0.0116456776997448,0.0826771364473455,0.0222990042239497,-0.0417656858626021,0.0369908606740274,0.0944026567544733,0.0402510941704727,0.0595540269114527,0.0155615900153425,-0.0017919188569998,0.04668298957163,-0.1363126585251745,0.024853163745264,-0.0254697532743082,0.0308969185429486,0.0952866669673069,0.0005596881886684,-0.0456248002527894,-0.0658615128877229,0.0087550679346808,-0.0170861615101021,0.012661127350779,0.0156335327502623,0.0681369226032491,0.0494986861348076,0.02382539643901,0.0545498846605101,0.0836872139290325,0.0994151966024443,0.0295104039287701,0.0200994690852378,-0.119266038227634,0.1419665529327474,0.0290009723227631,0.0044881188365817,0.0711821370341243,-0.0735985079551908,0.1238243971265795,0.0153846417188179,0.0141568808625589,-0.1510334386075661,-0.088875429565934,-0.1169824432908444,0.0044881188365817,0.0195748366218231,-0.1504573720217839,-0.0133220777314126,-0.002546207127515,0.1045140823299493,0.1139284013543697,0.1020888418757316,0.2961570138324472,0.1774053683542011,-0.0605906338970385,-0.0258941075584228,-0.0503193064884555,0.1026467488636648,-0.1640887128254515,0.151015731575375,0.0440864093012487,0.0924971357733157,0.0466580711757478,0.0168456007170196,0.2086760034988668,0.2364777668914115,-0.0479641868965839,-0.0409556440131133,0.0807652119191262,0.1129195997245502,-0.0546680328490042,-0.0410999828050719,0.109336626032487,0.0034834202066906,0.2601656279151291,0.2070454303782689,0.051622479242734,0.0754131734733527,-0.0529065326691431,0.0303436598061286,0.098027537721915,0.1030849061385279,0.3979684321403165,0.0724999904632568,0.0239613850911457,-0.1508333115350633,0.1238152726508514,0.1840301621512117,0.1712975095365001,0.1688099402251126,-0.1067762040934972,-0.1725898285024527,0.1176470120531358,0.1179917700145947,0.0923913153107196,0.1311299488944348,0.1519514848746794,0.1281825491909825,target,1826,33,92.4920025634766,0.2878307289959809,0.2900306588633392,0.0101643464221039,2.641381453637726,2.661569895543193,0.0932767540885783,2.641381453637726,1742,0.6855478716067693,5,0.0036814972723934,0.0400765724416136,-0.0729358002344248,0.0,-2.027172840228461,-1.3416249686217006,0.40033984461214,0.1458646232921359,67.39199645996098,63.99379085998032,92.4920025634766,1.707144056047712,-0.107059339298274,-0.0745989648107294,0.0243217551883235,-0.0526386029052867,0.8698219509552529,0.0027401564961206,1.0,-0.0047096500029844,2023-11-01,11.0,11,-0.0914728867432069,-0.0878856555938695,True,False,False,0.6,0.0,0.0,0.0216438174513696,0.4196079569452716
CBRE,Falling Wedge,bullish,1,0.6049868473029894,13,165,2462,2463,2026-07-07,2026,0,142.57000732421875,140.9300079345703,195.94100189208984,114.63045252474252,1.3857415597747351,0.0116369779132479,False,-0.0662131020302098,-0.0778795591304583,-0.0020291898660336,-0.0397310654072881,-0.0056388858726188,-0.0026151431118307,0.0204254184082333,0.0058027882602609,-0.0539438995297797,0.0010099586639666,-0.0136959646757992,-0.0210319686822553,-0.0151127946230469,0.0562653777051662,0.0101190140097779,-0.0661063371456048,0.0327939699633939,-0.004941051419976,-0.0163376724685498,-0.0020291898660336,0.0464699214084098,-0.0477669725140321,-0.0603084176920277,-0.0301606427078253,-0.0370502174122853,0.0432147393064086,0.0080057928866337,-0.0184850089696668,0.0342534944962951,-0.0188129926961151,-0.035943483227513,0.0573424145130001,-0.0103622665271985,-0.1320687965034217,0.0240014916277571,0.0798786586884596,0.040088394581589,0.0584042399675703,0.0528481759136192,-0.0681425713546338,0.0732873675466954,0.1245754393820199,0.0341155949414893,0.0353138540010162,-0.1163318483804685,-0.0434197772175021,0.0594795208802556,0.0215737603935644,-0.0880718438440821,-0.1652083207857826,-0.0194818478181755,-0.0447217224895948,0.0247196066390116,-0.1680564578452302,0.1704613075085879,-0.1379594658740532,0.0399338052669142,-0.0668130243675759,0.0312183257190088,-0.102458540847928,-0.0469876803651176,0.1564162207189117,-0.0014301841638992,0.058632933382053,0.0140679590306,0.0222981244992155,-0.0444568550763824,0.141630398234489,0.0707928840042071,0.0132566408960783,-0.0117986053836112,0.1136929681499339,-0.0066883676012152,0.015749803257085,-0.1788383665110369,-0.0285362228654101,0.1290322522270044,0.0646683191104915,-0.0358208887240855,-0.1717580619934388,-0.0181629833742038,0.097510734852803,0.2116697528379358,0.3733537710449917,-0.1226191744097305,0.0431398393161674,-0.0088601280353495,0.1181883040426252,-0.0501138489481938,0.0575707725444993,0.1113834427184579,-0.0224714549858881,,,,,,,,,,,,,,,,,,,,,,,,time,2512,50,141.82000732421875,-0.0052605734829936,0.0980570597555425,0.0666339307845866,-0.0268436632359675,0.5003657298004309,0.3400197343222551,1.910230672998111,2297,0.4257818158428109,5,0.114696181905236,0.2644928120856602,0.3198883683428746,0.0,-0.8968483904127591,-0.4710665745699482,1.0070031709877765,0.3492783957743171,140.9300079345703,114.63045252474252,195.94100189208984,3.725714547293527,-0.0379792054476326,0.0585037961977481,0.0259216214989399,-0.1027530211811306,0.5244555752740783,0.0135894957000179,1.0,0.0163870840775484,2026-07-07,59.0,8,-0.2044614471555718,-0.12125300999985,True,False,False,0.8571428571428571,2.0,0.2857142857142857,0.0731447635409699,0.6058326397426084
CDW,Falling Wedge,bullish,1,0.6252289312390577,3,30,581,582,2019-01-09,2019,2,73.0077139410184,70.05720028046079,95.09280918130683,67.00962800464143,1.1431163910254525,0.0421157803729776,True,-0.0014876877775124,-0.0199065897128286,-0.0823077052420803,0.0509962301245132,0.0362984005569235,-0.0021367270017784,0.0159012854919597,0.0257613812574035,0.0084954440769766,-0.0047653048960472,-1.172359964662917e-07,-0.014312992283348,-0.0099175062641732,0.0106465539569746,0.0090501875354314,0.0206568476738664,-0.0274999719371445,0.0162903082742147,0.0026866457426402,-0.0055097777652007,0.0204132864393857,0.0030783793968669,-0.0051789301725818,0.0063235687546754,-0.0221240202742578,-0.0656024589486852,0.0972676495344901,0.032434205784809,0.0114055133617148,-0.0426406266281457,-0.0245302620858972,0.0193994988347343,0.0318075172714351,0.0124880766958332,-0.0771313364151539,0.0830998153223696,-0.0001973022407323,-0.1522698586122861,0.0498313066113895,0.0035218574266686,-0.026051567680577,0.0215977557540263,-0.0188492966539387,-0.0605000896151702,0.0385769960491724,0.0096406990663725,0.1293245248314187,0.0751608738077798,0.0308624537826036,0.0716860985970997,0.0465373637013823,0.254352489187335,-0.0621240090328092,0.0712127365254005,0.1770578870679946,0.0587778718149856,-0.0070682587077727,-0.0358418045362698,-0.0210465742350949,-0.0034686675067209,-0.0787938428084263,0.0349748884578966,-0.070760180518772,0.0140688218473439,0.0297500810973319,0.0964798800212707,0.134504405028998,-0.0501999491128521,0.0947764402978725,0.1480163429689318,0.0769947743895889,0.1928560247843078,-0.0639999904748794,0.0991112888728975,0.1422802159125691,0.0924152595297516,0.1178439590968367,-0.351872954039204,0.1652691802525743,0.1506354798399005,-0.1193405171073366,0.1314838540900946,0.1180280732452563,-0.2447759386220844,0.0213650584599909,-0.0290109179986154,0.1102178768771904,-0.015850252000938,-0.1027768716878426,-0.019018618023644,0.01034718217285,0.1277559733099481,0.2536139808418312,0.122571449849121,0.1464771160546041,0.1843692762544218,0.0834618373918405,0.3700209521210622,-0.1230202508823489,-0.1561360133290493,-0.003284829570767,-0.0864400210117736,0.0861673490374641,0.1343509273947525,0.0177601219111558,0.07136793016172,-0.1200599027147515,0.0613161444537202,-0.0598928381193977,0.0465475449961265,-0.0923440160448865,-0.1197734372531772,0.1738969391601399,-0.0736058673200362,0.2265550327072902,time,641,60,91.52349090576172,0.2536139808418312,0.2584647466215914,0.0194669675404326,3.086947596473991,3.145990318468991,0.2369487220700731,3.682023811354152,549,0.8085313755801602,5,0.1040246139041881,0.057160283066864,-0.1271708857162049,0.0333333333333333,-1.299071176252533,-0.490539800672375,0.1955833698760784,0.2401147364122941,70.05720028046079,67.00962800464143,95.09280918130683,3.3765504118864342,-0.0145876550584578,-0.0551849198131579,0.0458625397630846,-0.0296825175133157,0.0474580545048969,0.1532324586987046,0.0,-0.0173953674940791,2019-01-09,37.0,20,-0.0352562682921309,-0.0135563793713223,False,True,True,0.5263157894736842,4.0,0.2105263157894736,-0.0885493894702598,-1.8694329249196344
CDW,Falling Wedge,bullish,1,0.7251295791269703,3,24,682,683,2019-06-05,2019,1,94.7563555411528,92.85449269563694,101.69909221768108,88.74818437536342,1.143080673665975,0.0204821844404436,True,0.0125889019351128,-0.0054133154753366,-0.0052372354301292,0.0050888286230119,0.0113064424422162,-0.0452063549937824,-0.0925489517962534,-0.0478241768254928,0.0752890304927396,0.0976865467070464,0.0107974118881872,0.0627856764650334,-0.0506377473536387,0.0610218299542832,0.0309154689121651,-0.046231926728966,-0.0076910849242893,0.0529236021235453,-0.001811749891783,-0.0199987433237731,-0.0425955608409803,0.02685508647792,0.0088445823362598,0.0092252691305663,-0.0252621229486214,0.0887770789342436,0.0077363429227181,0.0220896980077545,0.0058825155649786,-0.0169174005051162,0.0439044750169663,-0.0146986050621485,0.0102930939060534,-0.094046514652143,-0.0382502211922526,-0.0313976613570436,0.0344941711999213,0.0232050690644962,0.0351285802901035,-0.0432508365753792,0.0152071287051511,0.1798925362931405,0.0590353875271723,0.0139312886402123,-0.2724373442381212,0.0077963300060309,0.0911010159465026,0.0312218989746406,-0.0632256419970883,0.0055150093657501,-0.0195694905962342,-0.0365514169153724,0.015655624825249,0.1105184953409235,-0.0471362483991714,-0.0955377875035274,0.0261790967619917,0.0091245096502481,-0.0280966096387579,0.129322934081991,-0.0075124110920821,-0.0680243940082906,-0.100254634325496,0.0046682960395589,0.0179267613488294,0.1455575389944432,0.0787227191798214,0.1104902087803223,0.0817123879518472,0.1389578230957744,0.093125153971292,0.1180280732452563,0.0785487765405226,0.0343072346476358,-0.0614064461786365,0.1526682416294704,0.0340540728946126,0.1709741496352455,0.0213650584599909,0.0291239799668261,-0.0222787925196606,0.0277495922971222,-0.1220837614508777,0.2242656628966715,0.1458275363778394,0.0078733400140913,-0.0400865486775062,0.0644741850985319,-0.063709658569646,-0.1796637260831717,-0.0170121121583544,0.1088068801924762,0.1050461306259613,0.0672299321854825,-0.0623079406174855,-0.1589380117217497,0.1719881490465939,0.1473541276749268,0.1591202562012879,-0.001219812708804,0.1432870775755046,0.240312465094312,-0.0120449894368837,0.1837264430369631,-0.1772390617809105,-0.0653576681815798,0.1272292273485165,0.1498906273323055,-0.1945876614268857,-0.0579177132661977,-0.0153370652066237,0.0937232685578695,0.1606684031196026,0.1119729140775505,0.0578299788900457,target,700,18,101.69909221768108,0.0732693510306339,0.0915812251647429,0.0086487979780855,1.1555490822332657,1.4443501846313689,0.1364023350202614,1.1555490822332657,657,0.3910492228670946,5,0.0192038967226242,0.11029303030726,0.0161252072306887,0.0,-1.132130232222332,-0.7410810093552352,1.3441209266338536,0.0746817138979999,92.85449269563694,88.74818437536342,101.69909221768108,2.1214732814695827,0.1334489627709942,-0.0015658840278751,0.0225796755084265,0.119874700010885,0.7455356078487514,0.009562641461454,1.0,-0.0172613999908697,2019-06-05,37.0,20,0.1371609051679658,0.0623021405190109,False,False,True,0.0526315789473684,1.0,0.0526315789473684,0.0067893774975857,-0.0211734427025085
CDW,Falling Wedge,bullish,1,0.6405444935301547,8,83,1423,1424,2022-05-12,2022,6,157.6270886916874,161.9118469112807,196.06856405935844,147.89905263014043,1.6965679237896385,-0.0264635250683115,True,-0.0353799689228078,-0.017104363888406,0.0486703370850127,-0.0236331425984098,-0.0044740721139484,0.0012895095638492,-0.0412970812848733,-0.0278280005286531,0.0028646223881452,0.0715544416582687,0.0347888900018926,0.0064139381588566,0.0341462188002648,0.0193677817087269,0.0273440520120562,-0.0094068648310767,0.000141017576821,-0.0414189714039886,0.0456636774647687,-0.0352373349244715,-0.0130573692113126,0.0002223398997212,-0.0401856683938903,-0.0050746971427853,-0.0267528720171963,0.0450260487287896,-0.0101210195587705,0.0140993169014291,0.0201252146283461,-0.0045461175765153,0.0019557022297649,-0.034920581531647,0.0071605446838538,-0.0599689172121556,-0.0894445143443731,0.0249663704376437,0.0532632352790898,-5.035967272759567e-05,0.0028203118747802,-0.0841398195526776,-0.0302187132328726,0.0100391066297798,-0.1458887945628948,-0.0151159134414433,-0.0297328253925379,0.0111598890914716,-0.0001753960159801,0.0172431973096343,-0.0474859500260991,0.0175294178413265,0.0787227191798214,0.0250194718138982,-0.039827615617766,0.0514622761625653,0.1499280229530128,-0.0429983655139177,-0.1511612993170479,0.0762773774732046,-0.0800798176599801,0.1897190033625364,0.0283840292534469,-0.0612856911923399,0.0018607878084377,-0.1040057325141089,-0.0451606458182323,0.0873124702424987,-0.09420224938405,0.1133819030279705,-0.007844901619739,-0.0547853097080442,-0.0189027801465414,0.0226757170184281,-0.0412866257990897,-0.0406001579290812,-0.0318911446230889,0.0440871697222606,0.0781039719378422,0.1010471716236312,-0.0550012789306588,0.09980098319578,0.0987414688547125,0.0995793501253365,-0.0281691313538272,-0.0246219310170292,-0.1039353654957673,0.007285870795286,0.1054165371567117,-0.0018528873355502,0.1412628504465396,-0.0529217194523706,0.1621269874759363,-0.0837777015288443,0.0307739067137693,-0.010608609645796,-0.0838484097221322,0.1078260530604078,0.1769362704504191,-0.1002482133406408,0.0979069554698068,0.1585392974984134,-0.0864925319570466,0.1201561707653569,0.0509525472139549,0.071732845133031,0.1514240417399115,0.0130881042409034,-0.0649854644856864,0.2083426418767773,0.1747281726096343,-0.0374848877703516,0.1708290921153699,0.0607927434858706,-0.0812838783989817,0.0439484352402412,-0.0268690925474936,stop,1429,6,147.89905263014043,-0.0617155093219708,0.0322833522820711,0.0744533309910553,-1.0,0.5230995034594682,1.2063957959518898,3.951617276545957,1334,0.5092917050077591,6,0.1377710790819818,0.0456615978692938,-0.1495923232076278,0.0365853658536585,-1.137384213972333,-0.6280925089645745,0.9161977406307162,0.150425341234398,161.9118469112807,147.89905263014043,196.06856405935844,5.766017575120673,-0.1001226357460547,-0.0322431548246551,0.0368213616516946,-0.1116950105851495,0.7596546146340204,-0.0072970019454801,0.0,-0.1149758304005685,2022-05-12,40.0,5,-0.267852769130438,-0.2080358887023878,True,False,True,1.0,0.0,0.0,0.1063541340196146,2.064581215463784
CDW,Falling Wedge,bullish,1,0.7270778529817206,3,49,2358,2359,2026-02-04,2026,0,135.58330152391045,123.24860749371123,158.26814045551237,119.98211462249276,1.856238370340142,0.1000797841130058,True,-0.0200391086922957,-0.0362226461467158,0.0405066259115436,0.012821172690649,0.0261555909173087,0.0401117422094394,-0.0225136004151242,-0.0614418801604903,0.0322899535794718,0.0498274372402214,-0.006215671913215,0.0335415070485023,0.036951864777907,-0.0035261887082418,0.0008682722486439,-0.0198367712731463,0.0205340617913147,-0.0163224598401828,-0.0033247648437682,-0.0205706839459041,0.0018393905837719,0.0419304014055226,-0.0292204086575069,-0.0984534532370767,-0.1036521291770705,-0.0633941283943856,0.0287620973642448,-0.0076188365960828,0.0065628186246775,0.0092184138421804,0.14294038532855,-0.0128181030036627,-0.2211452328848321,0.0217926941028114,-0.0115893613732526,-0.0398965650372149,-0.007689727558196,-0.0327202996368902,0.0478765377041814,-0.0301885729824821,0.022659379841782,-0.0894445143443731,-0.0750360307076145,-0.0466715641590119,-0.0014952264018156,-0.0804586614235074,-0.0928844347113286,-0.0934277568888042,0.1740587455873554,0.0524646859456854,-0.0048486226147803,0.012781925161275,-0.0121345502488976,0.1329054557425217,-0.0847204292401212,-0.0358256997176708,-0.0661926102691456,-0.051059948830285,-0.0693983433716417,0.0556828091488657,0.1495231163503196,0.021721500500067,0.0589655967902271,-0.1640996542203616,0.0147479742208294,-0.0128065775764496,0.0891105366933078,-0.0038598219164955,-0.1057352391180589,-0.1096679624429711,-0.0754227810292077,-0.0015645318328779,0.0296616036813313,-0.1831403739280984,-0.0768923653853331,0.0804826125926809,0.1499773060375826,0.0197816713341691,-0.1070967174071252,0.0023191111173954,-0.0950706298732235,-0.2052575607276553,0.052722844729955,0.1072005908690603,0.0257622568184738,0.0943287317311296,-0.0993537586305052,0.1004183341030215,0.0026742762724136,-0.0355802548769548,-0.0346394340394724,-0.1010046480722695,-0.0073611621652557,-0.0685678988411887,-0.2362636225524421,0.1516877648184948,0.0790558757243633,0.246840923594342,-0.0433960283087072,-0.1449696976189588,0.1213557658468018,-0.067182940596951,0.0330596371153417,-0.0441533859655919,0.0321325185101815,0.1293843240244296,0.3097520176066508,-0.2012646392840584,0.0643461278384873,-0.0089303126228745,-0.0289824590218915,-0.2155097714064358,0.0438424075144336,0.0617820341894228,-0.0214904891355076,stop,2364,6,119.98211462249276,-0.1150671707066108,0.0488638729605125,0.1249545824394776,-1.0,0.4246552049593867,1.0859273037839523,1.45404571299255,2309,0.781965225558732,5,0.007690761122598,-0.1459551221758828,-0.2908631566555932,0.0,-1.2435521520222317,-0.4615869264635003,0.1483364660261662,0.1840388153438312,123.24860749371123,119.98211462249276,158.26814045551237,4.133132083177293,-0.1281717999727728,0.0082942591399624,0.0304068068993655,-0.1574878744570897,0.7722685154696667,0.0581800950062583,1.0,-0.0081235878779192,2026-02-04,24.0,11,-0.039318189887829,-0.0251544435658893,False,False,False,0.5,1.0,0.1,0.0714667309500052,1.938016367485435
CRL,Falling Wedge,bullish,1,0.6575645802212094,3,32,741,742,2019-08-28,2019,0,130.8300018310547,126.78667195638002,149.20952351888025,122.56212849317056,0.7557543426898673,0.0318908116467142,True,0.0202552461927378,-0.0006551443184272,-0.0026090476220395,0.0072718384404917,0.0026193299547709,0.0065678577127765,-0.0559101628698877,0.0178456669832072,-0.0130798571916587,-0.0044973386259901,0.0727698511602181,0.0146049981736897,-0.0372136406518314,0.0073288641367148,0.0289592504370928,0.0253521126760563,0.0225246378937391,0.0065325110577765,-0.0128165299441539,0.0242617818333159,-0.0221238715258903,0.0193384493532211,0.0148689111236569,0.0073377011514361,-0.0254674117132525,-0.0380383127364086,0.0118004636578878,0.0859797741156116,0.0753477962469546,-0.0564646530333601,-0.0666202699130724,0.0810486219080262,-0.009767133308797,0.0362467557030232,-0.0367716867181598,-0.1365399420537871,0.0776069715406602,0.0628840547547044,0.0450716795894463,0.0445719765594767,0.0798489410824971,0.0245769789626051,-0.0321824918675661,-0.056400977528084,-0.0843858606096762,0.001947066833837,0.0336313829771723,0.0108302065386625,0.0857229178643765,0.0256121442266366,-0.0140760670537535,-0.0226042288676975,0.0109633467358052,0.2695923301264105,0.3439208142182002,-0.0916261261750408,0.093554409953493,0.146768191878738,-0.0418088137009119,0.1511751761453208,0.0767367349395462,0.0204738573694052,-0.0532876758165425,0.0819520181296318,0.0979429439078352,0.0776016027021213,-0.0097492357096345,-0.0209618659034873,-0.0277637407713502,-0.0245356496181803,-0.0589418882093215,-0.0625478093386591,0.0879640893147717,0.0149214979241654,0.2471153925657832,0.2127800320417299,-0.1383432911997045,-0.2281060589405384,0.1525337788023049,0.0454095777985266,0.1597464102425536,0.071386615195238,0.1101369988428402,-0.0335636977739199,0.0529318289117186,-0.0651922959547776,-0.1829629621371251,-0.1988418020589685,0.2137754089578527,-0.1988418020589685,-0.0689296375564412,-0.0341042632970994,0.0706260442088504,0.0021258730600373,0.1375794617004264,-0.0255743266084819,-0.1106736046456714,-0.1623313061254414,-0.0303161549806632,0.2137494364030294,-0.0469782951388484,0.0987826921302592,-0.0268178547262826,0.0532284185955092,0.1999999347682719,0.0721353221980483,0.1419655635439116,0.129730929036195,0.1766050579265394,0.0871804239982927,-0.0288115291649662,-0.0554990866821715,0.2251463865135166,0.0711334766608944,0.014614296938732,time,801,60,140.07000732421875,0.0706260442088504,0.0783459440231161,0.0551861279496622,1.1175794688127991,1.2397383923425118,0.8732597762015087,2.2230047482233357,709,0.6710498484840226,7,0.166553168756474,0.1030793633227062,-0.1189072819998328,0.0333333333333333,-1.2483853298821366,-0.5773354813981091,0.350495797066813,0.1195826794157526,126.78667195638002,122.56212849317056,149.20952351888025,3.059288024902343,-0.0225610082601201,-0.0416981108661267,0.0236585575954102,-0.0904550944360961,0.9248377501689192,-0.0032306646464291,1.0,-0.0287127932019778,2019-08-28,37.0,20,0.0598458973596736,0.071958866862293,False,False,False,0.3157894736842105,1.0,0.0526315789473684,0.0093912511014152,0.222705324260371
CRL,Falling Wedge,bullish,1,0.6358661582666753,13,89,1360,1361,2022-02-10,2022,1,337.94000244140625,335.891155154206,480.1332532306051,297.41279187174314,0.630141417875959,0.0060997357499921,True,-0.137036152050757,-0.1095555022696264,-0.0072836144878212,-0.0318757964571639,-0.061803749498096,0.0904385962635767,0.0165858453422282,0.0718492417270237,0.0355383891523055,0.1096192933795279,0.0034771119854251,0.0188908636771838,0.031255250398954,0.0362496400002911,-0.0055704522569741,0.0989870107294679,-0.0592443327713291,0.0735125790082091,-0.1297703176356782,-0.0850565146004456,0.0587791741472172,0.0438497480652142,-0.1524575503592128,-0.1236314093550996,-0.0976860258646831,-0.006138199716059,-0.0438592059366801,-0.0358112917722914,0.0328032431086853,-0.0272834453395975,0.0183140228495413,-0.1224996381562258,-0.1032439370373046,0.030081276001969,-0.0367659158909574,-0.0367153313741801,0.0493096070298482,0.1968437506046969,0.2232322468682301,-0.0409134351290187,0.0342015534074766,0.0320088474030964,0.1256284047068505,0.077029134696648,-0.0615673625671113,-0.1388641255429804,-0.2319938253242978,-0.166708009937521,-0.0244074372361,0.0207714890503076,0.0662777463307278,0.1026476794512336,-0.0743464492973657,0.03500000418049,-0.018141275837838,0.07965726949326,0.1275245058811307,-0.0856366177186422,0.0911916248478119,0.0197463275795317,-0.1944434746723411,-0.015021029349408,0.0793461427325696,0.058290426589473,0.209937338871047,0.1215490011839679,-0.033785622137848,0.0360822307761428,-0.2621058193602053,-0.1051666221464384,-0.1041659058612212,0.1246755172551383,0.0136624313520361,-0.3451915376749832,0.1557323600672469,-0.0850243545160061,0.094212066531728,0.0293043937250201,0.0738949768375485,0.0464708503725559,0.1023875411419905,0.1422560768063259,0.1433787976348428,-0.2423838605784405,0.1573784406795058,0.0108911977058778,-0.0631633744114676,-0.0846324717114378,0.0230898305485312,0.0892917316160075,-0.1030650637325886,-0.11932489962891,-0.3228087694554752,-0.2115449293885477,-0.100859391383594,0.0788301654553922,-0.0065985904047635,0.0039780087295071,-0.1179053261695619,-0.0700094210554134,-0.1554860186634079,0.1999999347682719,0.093650206334521,0.0159704008712251,0.089179082019539,-0.0864516227476058,0.1223142371365386,-0.0554990866821715,0.0753903898131687,-0.2187405847891141,-0.0993268885660618,-0.2093299273340872,-0.1589186075178899,0.1625887367073331,-0.3009475542815665,stop,1364,4,297.41279187174314,-0.1199242773181015,0.0194413424772283,0.1508255928640486,-1.0,0.1621134845420812,1.2576735606584537,3.5085871637965247,1270,0.454686873460845,5,0.0714804944709609,0.1244497345256512,0.0013225772490392,0.0,-1.5387540335752323,-1.0840671601143912,0.9027787909086236,0.2035348697738166,335.891155154206,297.41279187174314,480.1332532306051,11.73714120047433,-0.105196563079935,-0.0268509829739803,0.0345616636911857,-0.167197981460298,0.2483110938132292,-0.023316798873446,1.0,-0.0460702168069341,2022-02-10,44.0,12,-0.0555790098495264,-0.0296916877435416,False,False,False,0.4545454545454545,0.0,0.0,-0.0068391406857063,-0.2345851916912948
CRL,Falling Wedge,bullish,1,0.6305692527726553,8,91,1473,1474,2022-07-26,2022,5,234.6499938964844,220.87038069423463,334.1246170843692,195.5452238586556,1.0483301144660606,0.0623877821867195,True,0.0383976560834673,0.0036576948330868,0.0456884655403497,0.019704544751387,-0.0497431399211861,0.0153600260416664,-0.0072836144878212,-0.0176761719382551,-0.1313750654329968,0.0438497480652142,0.0133117546796377,0.0356451465237526,-0.026194124578006,0.0165644544501852,0.0243835191200632,-0.0296120025248011,-0.039416380602904,0.0038416842092223,-0.0819073843552825,0.0332927196371939,-0.0647692166841947,0.0533492863693823,0.045546943640337,-0.0859578039360331,-0.1290403914982341,0.0128532698389647,0.0185991529506543,-0.0124153328788418,-0.0393932161028851,0.0671707768671603,0.1131339680217036,-0.0497461225459114,0.0117935717013455,-0.1383530129398217,-0.0742424686204792,0.1125031337390423,0.0516398591818128,-0.0142737514562119,0.0231636174862179,0.0316485681961713,-0.1776899151944515,-0.0698974817026077,-0.0915125576538513,-0.0524850922505619,0.1419236733581057,-0.0791788359358108,-0.1015981119028184,-0.1472163380007671,0.0019161197825203,0.0851231682749902,-0.0920188843734726,0.2193383113352871,0.0137175151994954,0.019714145491994,-0.0653444090160053,-0.0279501370510336,0.1125248495678283,0.146768191878738,0.0057375734912894,0.0450013833957232,0.0818878466929888,0.0570843337715476,-0.0096896426361685,-0.0171223479460506,0.0534255030697006,0.0133723144670963,-0.0077999146679208,0.1147541462523076,-0.1391201152518612,-0.1868314403503912,-0.1477309297532528,-0.0316032423489471,0.103014529107025,-0.1081725764395621,-0.0002090824257006,-0.2107804221569477,-0.2216467109123234,-0.0996847084459844,0.1500124022414328,0.0397044214709052,0.2804207198953794,-0.1135446718160955,-0.0880565796795597,0.2372694537343329,0.1124874652650125,-0.0003943575577392,0.1029219615762002,0.0550556352107269,0.0409114527027145,0.1699976171105723,-0.077793423511608,-0.2038269345013829,-0.1493713560820763,-0.0876353325279082,-0.0486160232031892,0.0200620092499344,0.1816832630774221,-0.0287340160998574,-0.140609718197933,0.0788492011796497,0.005363606274128,0.0377934721568173,-0.1582424279415246,0.0065439922434176,-0.0847795423991465,-0.0668449220826852,-0.2121027386475875,-0.0281536996036013,-0.0276780961160345,0.0483376013111609,0.0142962087250493,0.2839499098321039,0.129730929036195,0.0337463971926876,-0.1516011263814266,stop,1511,38,195.5452238586556,-0.1666514854250531,0.0689112032743871,0.1684636684743981,-1.0,0.4135048847517057,1.0108740887890857,2.543797677154373,1377,0.6826224578849467,7,0.0893965471808147,-0.4279664619510384,-0.1810818983311115,0.0224719101123595,-1.271885313248529,-0.5892628553635819,0.4166439381869228,0.3354977310937891,220.87038069423463,195.5452238586556,334.1246170843692,8.631431579589849,-0.2359343753892191,0.0313577195451972,0.0370877486273613,-0.2949498672801062,0.8714278070733401,-0.0067992778077351,0.0,0.0059188128207445,2022-07-26,44.0,12,-0.1373519721510718,-0.1364607289857563,True,False,False,0.7272727272727273,2.0,0.1818181818181818,-0.0042252727834967,0.295182894879354
CRL,Falling Wedge,bullish,1,0.7281898107459334,8,64,1673,1674,2023-05-11,2023,0,196.9199981689453,189.67772089445657,258.1411429097045,173.8950042724606,2.0853139854891167,0.0381820133663384,True,0.0118829796854003,-0.0021702607160922,-0.0720913363620984,0.0279899918840995,-0.0463437928064505,0.0571608882801246,0.0546819241945351,-0.0038762163371998,-0.0731942987377752,0.0396545006590345,0.068419799349831,0.0381928108151903,-0.0025813689222943,0.089965454085378,-0.0118871301316484,-0.0341333007812499,-0.0619045392481408,-0.0039558446848948,0.0220537340705504,0.0059443543750756,0.0362304358938665,-0.0170962626731288,0.00622148953926,-0.0103087487211698,-0.0132836156889831,0.037832546604021,-0.0045308033745967,0.0434848903682918,-0.0039614904483796,-0.0052316663593874,-0.0434256064945227,0.0055511254112672,-0.1720341749837294,0.0185551703806852,-0.0017123316255017,0.0161898827251656,-0.1044285529543985,0.0825247564195434,0.2232322468682301,0.0492618695420048,0.2456322509187836,0.0661286863914232,-0.0541161330862222,0.0727868596036087,-0.0914525860715542,-0.0293230957129064,0.0038594074441535,-0.0360029438145541,0.1208456750916893,-0.1203242946315455,0.1885700884727108,0.014935308731004,-0.0373955985630977,-0.1032550725565989,-0.008823506972369,0.0018253968046721,0.0283011860467801,-0.0490212947764296,-0.0619377621853053,0.0829413800307443,-0.1122132408522234,0.0006297264424308,0.0686438010355448,0.1079752751318312,0.0267183646422437,-0.0812151558791535,-0.0067405572244315,0.0069034936358562,0.0004912468229359,0.0578407449500202,-0.0163778687681159,0.1640182564792023,-0.190564448343225,-0.0532039160867339,-0.1233822161082216,-0.1396542403570294,0.0419741621126665,-0.3062872852223562,-0.1252942349580885,0.0684341261510022,-0.0312921982653345,0.088104527645654,-0.0016669285333006,-0.1883435416260426,0.0817236255572064,0.2124148700827177,-0.0625090905071895,0.032515177948579,0.1720985073676364,-0.1289679873914698,0.1178163174978135,0.0764440707778459,0.047328902147474,-0.042160870584746,-0.0017057148854034,0.0147999877929687,-0.0180328703153943,0.0927296934852064,0.1733313671061367,-0.0822061367739029,-0.1879454740633097,-0.0135705371150636,-0.1934767171737197,0.0420974009818517,-0.0104088661597129,-0.1326023062082966,0.0101102798094392,0.0053647836539163,-0.0079983210465602,-0.239326636447303,0.1299988057580476,-0.1489295029028674,-0.2023429086016077,-0.2131810323871142,0.0964936374221085,time,1733,60,206.2400054931641,0.047328902147474,0.0939975354405371,0.0575360650843303,0.4047778412502288,0.8039087693161954,0.4920740427550966,2.658899499213591,1609,0.5799573699436815,6,0.1217840620043174,0.0647945605487543,-0.2547406993929916,0.0181818181818181,-1.1442989561688082,-0.5643415862251292,0.4548483108024612,0.1957864358598052,189.67772089445657,173.8950042724606,258.1411429097045,6.754286629813054,-0.0954314088109492,-0.0187104235944461,0.0345046571127103,-0.1201456141714153,0.6231080018043071,0.0166397788188192,1.0,-0.0032410608607066,2023-05-11,48.0,12,0.0564921427320999,-0.0093700069522757,False,False,True,0.2727272727272727,0.0,0.0,0.0280186507561125,0.6779627088394493
CRL,Falling Wedge,bullish,1,0.7538308515042345,8,72,1969,1970,2024-07-17,2024,7,221.4600067138672,201.3957804614206,274.089759092004,195.624562229126,1.025548798992885,0.099625852172658,True,0.0042896998078283,0.0352289702522227,0.0722347550656221,0.0889418875082384,0.1123107592729466,-0.0642768144382494,0.0229331852100309,-0.0047189583204988,0.0739623814281411,-0.0172244284806203,0.0350388421305887,-0.0190128950547515,-0.0360687806853758,-0.0049159375135254,0.0297363029042212,0.0579561520177482,0.089965454085378,0.0331794934395031,0.0355168362780198,0.053219489263657,-0.0079065452855422,0.0326391834936452,-0.0248858183081305,0.1022306452780883,0.1160172321733612,-0.016397164273246,0.01076213633839,-0.0993581801376324,-0.0151056404904641,0.0196013086261939,0.2473193529161335,0.0583394724939738,0.0852323722239982,0.0735747590604598,0.0311744463187024,0.0684343094548438,0.1011876934481299,0.0829157287504724,0.0478579117330462,0.0511994891953968,0.0429811958668933,0.0746040891543629,-0.0514602427669157,-0.0331891858899915,0.1674899435120969,0.0548724555013461,-0.1034498463269251,-0.0770224852070061,-0.1801679890831661,0.0528603924802839,0.0819520181296318,-0.0550014664595905,-0.1155070219557264,0.2000099894621116,-0.0044988490772075,-0.1210294569673293,0.118245512144288,-0.0449135426639591,-0.1332452738060141,0.1439846422630919,0.0738573267051285,0.0056694981410567,0.0082139927863744,-0.2469958804798067,0.1127871846210875,-0.0555590811785183,0.0519623202740724,0.0149030675255561,-0.0988262154699933,-0.1225503412212667,-0.1235889987821936,-0.0410247711515024,0.0423932091223819,0.1145774658911564,-0.0369711099804713,0.3831299799506797,0.0825950409191251,-0.0352212353150258,-0.198486309023081,-0.1655965806545544,-0.0085895897778848,-0.0141187315229008,-0.0070910593575735,-0.0039312517459614,0.2875685534253496,-0.0677211548633243,-0.0415884974736671,0.1671746809375796,0.0990016344316004,-0.2130488558608609,-0.0155982625535211,-0.1389229989911439,-0.1356001676496181,-0.1703125787005863,0.0261780101494606,0.1715529237567283,-0.2253906928975169,-0.0226353157486884,-0.2108164088156362,0.2769992134111998,0.070925287248188,-0.0071341510449215,-0.1582424279415246,-0.1613334696089643,0.1590152561716806,0.1316138238198325,0.0485737582108045,0.1007270312964132,0.1294990097855535,-0.0025914521127524,0.0770077052049345,0.1702032183532134,0.1362758241850754,-0.1817592541580867,-0.1620335621128678,stop,1984,15,195.624562229126,-0.1166596392192894,0.1476112444304837,0.1337488010385841,-1.0,1.2653154545850545,1.146487353583972,2.0371142601870376,1890,0.8522522343731913,6,0.0536093731591492,0.333121384983952,0.0191613765452722,0.0,-1.686079772663774,-0.8338275382905813,0.1570648586640162,0.155979709471608,201.3957804614206,195.624562229126,274.089759092004,6.1349988664899495,0.0158324362288249,0.0367525348741044,0.0274927135751384,0.0809959880537494,0.0143534818692414,-0.0033434275438765,1.0,0.0212700554625431,2024-07-17,1.0,9,0.0814121877254676,0.0650076625070508,False,False,False,0.0,3.0,0.375,0.0481734080937091,0.7690206959096513
CRL,Falling Wedge,bullish,1,0.6922032285682517,5,39,2118,2119,2025-02-20,2025,1,162.38999938964844,156.39777628580714,208.15944163004545,147.64552866617805,2.006428008328112,0.0383139917084938,True,0.0153334903782429,0.05648673125472,-0.0131431100235289,0.0735125790082091,-0.0092498600963648,0.2129336381963251,-0.0633417443384097,-0.0656953636344093,0.0281365591220001,-0.0067685926260763,0.0403669145219061,-0.0263945910395407,-0.0654041446340175,0.0334615854116586,-0.0018162867971293,-0.0314793108282479,-0.0426788728725473,-0.062499957876575,0.0132647009189819,0.0329675089661751,-0.1395947757511713,0.0152890969698269,0.0192401917483897,0.0423671710614654,0.1037444568272335,-0.0052410053574226,-0.1766024566444534,0.1826116009851943,-0.0808390592107372,-0.0497163462242145,-0.0118421009860274,-0.0293627102244135,-0.0115009475187007,-0.0096093334278717,0.0017217439470413,-0.0765608985626813,0.1266581189836724,-0.0304269006096883,-0.0380383127364086,-0.0855583847839407,-0.0007601124090704,0.0120666764917518,-0.1101494028852024,-0.0250607486795155,0.0547416051041489,0.0605406197988924,0.0182277647945843,0.0914380713211877,0.0767367349395462,0.1042640138576171,0.037220493887087,0.0289977856426475,0.0105182487556092,-0.0811092847547575,-0.0683425363645118,-0.1313469821335852,0.0921257738797167,0.0262923989518966,0.0130760116826391,-0.0825867157120414,-0.1325911853161485,0.0080795429563931,-0.2735499238126271,-0.0828655121265999,0.0375812656996616,-0.0601222378060536,0.0584954816131804,-0.0110862873385374,0.0397384104695277,-0.3469425244759379,-0.2122786900170018,-0.0362195270817454,-0.2099836345623449,0.1840538923164263,-0.197392692626565,0.0259343026433351,0.0204236598906417,-0.0693897573124106,-0.063479805315414,-0.2909207947028716,0.0452456744997626,0.0680937405406163,0.1041666996069878,0.0759888886204418,-0.1248263856397431,-0.008354311881226,0.0786650598994513,0.0085540865961533,0.1099344585760522,-0.3060367853817121,0.0537150562927162,-0.3203511157248654,-0.1319046631532331,-0.1086771738781712,-0.1058816719120842,-0.247530690201014,0.1926110809184822,-0.1457216097431087,-0.1392895650319002,-0.0784245367067542,0.2091274964224214,0.0992701212294129,-0.212562787188196,0.0915294407736673,0.1116869300893919,-0.0199418524657943,-0.0226353157486884,0.2619597969988669,0.5302714796122217,0.294992720510874,-0.0326108133851602,-0.0340602638779639,0.2724773827771813,-0.1160247733791229,-0.1773667916378697,stop,2145,27,147.64552866617805,-0.0907966671524618,0.1173101984319125,0.0969887311977167,-1.0,1.2920099614992515,1.068197041140921,3.104176684181736,2078,0.6155853800607506,5,0.0102405498469999,0.0041898368674857,0.203554367052466,0.0277777777777777,-1.666892070643977,-1.0513066905832174,0.4578577180428184,0.152994224361757,156.39777628580714,147.64552866617805,208.15944163004545,5.18071528843471,-0.1821757152807936,-0.0752509212559238,0.031930448619012,-0.2047348465725874,0.1190837276155998,0.0,1.0,0.0064968892915364,2025-02-20,34.0,9,-0.0992454084227777,-0.0631846962729081,True,False,False,0.625,1.0,0.125,0.0595221041973205,0.9854609655620872
CRL,Falling Wedge,bullish,1,0.6514720382337283,3,16,2271,2272,2025-09-30,2025,0,156.05999755859375,149.5937442779541,168.69375038146973,144.06617376372526,1.1677313093992745,0.0432254257144935,True,0.089965454085378,0.0809934516691133,0.0115528164663476,0.1115753478083323,-0.031971686799759,0.0155679074273518,-0.1387316683165664,-0.0456250054495674,0.0072385471041809,-0.0517123873404726,-0.0403858573437763,-0.0017023649900489,-0.0652622862998137,-0.0250284718980169,-0.014010112829523,-0.0835556543009083,0.0281686195796402,-0.1094776705834499,0.0639269514629274,0.0236860822514248,0.0190678863359043,-0.0029593991296806,0.1064473744276517,0.0901576800226213,0.0915751517489008,0.0746163097873098,-0.0250529344481905,0.0104091089537894,0.093304172576681,-0.1333560614997083,0.0086849883142239,-0.0039030943287364,0.0291965059517937,-0.0738778590673626,-0.0042334695388644,-0.0625532434341755,-0.0016021193322222,0.010709750440085,0.074022346368715,-0.173644647743496,-0.0529997733234122,-0.0159066127558304,-0.0343261477702813,0.0264679323477015,0.050092395337757,0.1003553026808325,0.2042162989604155,0.1681923916763463,0.1045802461820319,-0.0153836472105076,-0.0750168309067235,0.0262923989518966,0.0232493431730722,0.3135753313644138,-0.0004544581045567,-0.4167689837341289,-0.0223319251502548,0.0776016027021213,-0.0495830007691759,-0.0010122756534797,0.0246799078965114,0.0555415162199912,-0.0210464388545554,-0.1139727238972159,0.1106666454370473,-0.0653444090160053,0.1808332838024593,0.1545500574985556,0.1896835169638406,0.1409073807328991,0.1230387449762759,0.2213103444487776,0.063036323773979,0.2812315100136737,0.160229127665477,0.1716776673733231,-0.0853023266649237,0.0463697023421907,0.0975903751969298,-0.0431244204354436,-0.07887205475326,0.1093761549460228,-0.0089866452724373,0.0328954557741747,0.1089880799209173,0.0290651590186361,0.118235355508683,-0.1558770437718477,-0.1320507052038615,0.2329857087263416,0.0375664615569379,0.0805901692246845,0.3018070411402613,0.2577007098275996,0.1344595217124677,0.1464189866676728,-0.201902685679861,0.0629495119138028,0.0905272904395242,0.06146148744429,0.0804937857168692,0.1183414366187121,0.0895890940952903,-0.0180328703153943,-0.1386076693706375,0.0974860852415593,0.6281572037917262,-0.188190664710337,0.2352625153328065,-0.2908149561640788,-0.0719206820812298,-0.1621266039111946,0.2243958005332973,-0.0228972166232962,0.2580545726076619,target,2272,1,168.69375038146973,0.0809544599546245,0.0935538019474462,0.0,1.0533548798908716,1.217293696590922,0.0,1.0533548798908716,2255,0.5705631511049789,5,0.1100912728658365,0.0891488101191804,0.2169625876975691,0.0,-0.8359902924196201,-0.2654271413146411,0.4240316754183482,0.1145883924332752,149.5937442779541,144.06617376372526,168.69375038146973,4.98785400390625,0.00575003226813,-0.0187863841753146,0.0318794183169632,0.0394632093595617,0.9666343182375712,0.0037416679530251,1.0,0.0433518351025481,2025-09-30,34.0,9,-0.0148584954717424,-0.012238387921938,False,False,False,0.25,1.0,0.125,-0.0358022689060318,-0.3371602234540933
CNP,Falling Wedge,bullish,1,0.799807434764854,3,24,1077,1078,2020-12-28,2020,1,18.61996433422855,18.40745727159046,21.947533287414984,17.80776981312563,0.1698976111508748,0.0115446180046858,True,0.0009280814766299,0.0075623577590421,0.0022113770769938,0.0234454551066813,0.0476709682060245,0.0279885336363325,0.0058616797708661,0.0043335888940465,-0.0328276759103945,0.0064564575508634,0.0082612260752594,-0.0029430252198804,-0.0102652555456985,-0.0157762372510305,-0.0301883923099637,-0.0352082427263295,-0.0172833014661956,-0.0949998273922422,-0.0063716205238751,-0.00324637825347,0.0024925196960772,0.0273828963060924,0.005578344190622,-0.0394429452092013,-0.0527117553594485,0.0010536248351948,0.0135002154202656,0.0682557052778884,-0.0100166250445259,0.0782611641048496,0.0410752831370964,-0.050024541032942,-0.0290301689190898,0.0126152879382444,0.0327164331278355,-0.1245328728156792,0.043953002557397,0.0132729476965562,-0.0422597868561805,-0.0211810532300439,-0.0099318103254902,0.0111960258286945,-0.0003091509155359,0.0184269350294619,-0.0394690750007995,-0.0398215222498612,-0.0320185098517454,-0.0336236710389133,-0.1227857185121662,-0.0348383351088903,0.059841010160156,-0.0050576962487753,-0.0296298609986951,-0.0178984936323511,0.0299718023684567,0.0540096219757562,-0.0200521610588483,0.0546574042227971,-0.1127499822344936,0.1240798159915044,-0.0077740341793298,0.0072313540550392,-0.0133376199103636,-0.017124322641256,-0.003851540390228,0.0251075937696025,-0.0360500709296893,-0.0269116732848029,-0.0273603645224165,-0.0766679674151392,-0.0994603163255368,0.1620195049818611,0.0243030646400941,0.0214531895986791,0.0406614209242834,0.0123501260668363,0.1698180078836693,0.0169367367946273,-0.0238275326993504,0.039699330084669,-0.0146551592077398,0.1051027699062243,-0.0336137133020553,0.0601769264083407,0.0109392677619437,0.0106264234778714,0.0750059118473502,0.0559573751656308,0.0279098980153813,0.0036663512125825,-0.0142866925526392,-0.1141801277655522,0.0425469795669304,-0.0033757219159193,0.1207659835929169,-0.0218554553974785,0.1917450326112804,0.101341754725426,0.0328105108795107,0.0445599046015143,0.0578429637985011,0.0619127042946958,0.0648149717244557,0.0310478604769801,-0.3854665049715046,0.0295670830832877,0.1457239607093998,0.3124321075768903,-0.0526191057867361,-0.0863585826188845,0.0366046934032562,-0.0230046957812025,-0.1057550176524367,0.1889490889656366,0.0052940166551549,stop,1085,8,17.80776981312563,-0.0436195529982773,0.0296986515216519,0.0477958599818445,-1.0,0.6808563930681457,1.09574391979056,4.097009850137592,1052,0.6254638937063569,7,0.055475169074282,0.1045208155319072,0.1337748867756545,0.0,-1.719028700278982,-1.093564806572639,0.4655788701642318,0.0932474338938329,18.40745727159046,17.80776981312563,21.947533287414984,0.478306088526919,0.1195863675164634,-0.0473832484713644,0.0258557800056173,0.1653688724152431,0.0,0.0046340019817288,1.0,0.0277352346199564,2020-12-28,1.0,26,0.0962058624494517,0.0393995443352412,False,False,False,0.04,3.0,0.12,-0.0726047368942925,-0.6827895731436365
CNP,Falling Wedge,bullish,1,0.6613764599650436,3,42,1866,1867,2024-02-16,2024,1,26.21453368528752,25.86942388410445,28.523737831744043,24.94867806446949,0.9712938142580844,0.0133404517521984,True,-0.0211544068652638,-0.0377701325822203,0.0116664520284666,-0.0112464937048798,-0.0044811642658838,-0.030661995197172,0.0080898176681596,0.0279885336363325,0.0141872038912589,0.000752478119171,-0.0159663360220423,-0.0132597783315794,0.0142695010399529,-0.0755031551265706,0.0137936783600312,0.0385985256427676,-0.0119260947913723,0.0113245326054596,0.011018322601084,-0.0302706392656405,0.0162141842554985,-0.004354198052947,-0.0196660756197685,0.0017929005512495,-0.0275006181238581,-0.0061516441024865,0.0510272822892898,-0.0419288017180263,0.0494590884327199,0.0619740392904375,-0.0109527995702894,-0.0061850187876797,-0.0075190548479114,0.0073410182673059,-0.0199731869999014,0.0126152879382444,0.0773561807987357,0.0243254943803177,0.0327274580147685,0.0136741079518272,0.0374998305931664,0.0320026423643742,0.0565168007762666,-0.0081152332126459,-0.0938903536634415,-0.0112972563585039,0.0017929005512495,-0.0318272542426929,-0.0274571149804254,-0.1457076131972864,0.0120316753666229,0.0149198534778851,-0.0328123043431718,-0.1227857185121662,-0.0150302906528566,0.0884224885625617,0.0731414682143878,-0.0108872262091269,-0.0131741989150603,0.120240002126333,-0.0550685954775683,0.0209394136499494,-0.0349484925962088,-0.0118285116556358,0.0609727615166093,0.0106638694112368,-0.0886699971438363,0.0619328449749991,0.0065481848703874,-0.0240228657668311,-0.0388393531141271,-0.0391462843851045,-0.0116052112508059,-0.0090611477783497,-0.0868339022904769,-0.0408160947723327,0.0032311859152187,0.0218592934776955,-0.0146432505045176,-0.0155699338567117,0.1227574107935267,0.0666427057148115,-0.1582891226623588,0.0540801869976841,0.036148673407413,-0.0402435856887367,-0.1136949328556552,-0.0581976777164897,-0.0214782493213572,0.0876783302490733,0.1430273408419582,-0.0203151524825553,0.064180935790673,0.0095200194536027,0.0539245698803536,0.0031357378037191,0.0690703171969835,-0.1557379203475288,0.0393408113286199,0.0619127042946958,-0.1057550176524367,0.0573143299832639,0.1457239607093998,0.0994068987021554,0.175214963115172,-0.4299746643481793,-0.0470467823889344,0.0475307742612047,-0.117946276512311,0.0444868021924593,0.0580079153430999,0.0946921725738236,-0.0765938807055391,0.0868425125017593,0.059003439394084,time,1926,60,27.89700698852539,0.064180935790673,0.0763716242483058,0.0354965025408336,1.329119431606757,1.5815757212213213,0.7350950979427266,1.8242239545172323,1823,0.5437562443627987,6,0.1006907158325338,0.08078889644001,0.1142798747714226,0.0,-1.1779779377904227,-0.634221693427617,0.7514850859266798,0.0774377514241551,25.86942388410445,24.94867806446949,28.523737831744043,0.4491337196575262,-0.0054030041655086,-0.0091554126157376,0.0171391477680356,0.01032760877261,0.7073149173326894,-0.0028704013150886,1.0,0.035404219624634,2024-02-16,28.0,24,-0.0043455489133862,-0.0174686956663696,False,True,True,0.1739130434782608,11.0,0.4782608695652174,0.004394028081178,0.091106731184708
SCHW,Falling Wedge,bullish,1,0.6561041942244704,3,28,683,684,2019-06-06,2019,2,39.64290439745487,38.55492131410945,42.97950241874935,37.291782293883614,1.2951742505749366,0.0282190456175892,True,-0.0348599228011333,-0.0476254770835434,-0.0308459280471651,0.0251199231137171,0.0092411540501287,0.0299080810474738,-0.0046962347419988,0.0210101242421349,0.039203470772211,-0.0055332640789678,-0.0150554480685156,-0.0033014801738295,-0.0695826704934835,0.0012598500671123,-0.0044758876275557,0.008625158788484,0.0173801139275597,-0.0056283259004696,0.0785847741027545,-0.0095547490780221,0.0176010226760876,0.0207619337478994,-0.0408610037174111,-0.0879470149746953,-0.1226758461695761,-0.0431749035195612,0.0159127147335209,0.0614984778201495,0.0493878789044854,0.0748044062798127,0.0215169089845639,0.1189676944764777,-0.029943410194272,0.0001967111572427,0.0471564691717885,-0.0142521545546092,0.0471696511856902,-0.0949728360428839,0.0699553661562093,-0.0497830905464419,-0.0331021251636405,-0.0191042407507713,-0.0572880193583869,-0.0020441918273069,0.0744066391245068,-0.099812412276524,-0.0690362978583037,-0.1179352610141063,0.0186618051176994,-0.0035742192652328,0.1437979355794927,-0.0957712778236553,0.1729717384077949,0.031519696196296,-0.0368703081805823,0.1306236897780768,-0.0184390519593052,0.0829872732656664,0.1179537180767293,-0.0398766357358765,0.1535523713170299,0.1705220905553794,-0.037769372439345,-0.0987391961972385,0.0018030086727414,0.0268951649923145,0.0148419562575548,0.0593552872879576,-0.1087585815534786,-0.0715425166077451,-0.0999174051348724,-0.359258335249065,0.1043696818876103,0.1285477923125204,-0.1025242291665214,-0.0697191712484134,0.0447296451471403,-0.0233302135336496,-0.1066844175037711,-0.0361606153910736,0.0543948564843321,0.1121361139565779,-0.0610431631552501,0.1128193136160899,0.2526010012620745,0.0472810126218177,0.1713196124255691,-0.0655346220874514,-0.1420339472364542,-0.0826342041856053,0.0151008409864874,-0.0712613642048933,-0.1240849668875909,-0.1518624843116143,0.1507181107953132,-0.0041420523800596,0.0339680579103303,-0.2274502943372335,-0.2780147784934864,0.3010152674904467,0.0991995607836251,0.1590766156133189,0.1181218712852885,0.3072461582818211,0.3734883364788184,0.1639208617027974,0.0121414402415565,-0.0612360550620283,0.0065627496906328,0.2450851422717646,-0.0405417885180336,0.0692068599039508,0.0217028540776011,-0.1669573914612409,-0.1882405432013501,stop,689,6,37.291782293883614,-0.0593075138995669,0.0034175479272779,0.0745046496485547,-1.0,0.0576241980580283,1.256243007837475,1.4191513134202278,653,0.562043272539832,5,0.022638186918992,-0.0083608191710954,0.2533604800196753,0.0,-1.408993213522013,-0.8469499409821799,0.7156787767037542,0.0746741094668835,38.55492131410945,37.291782293883614,42.97950241874935,0.8554914112195533,-0.0353091663787598,-0.0070618428580979,0.0215602896955222,-0.0262835352122946,0.6716409412595336,-0.0013706192851562,1.0,-0.0094940630138775,2019-06-06,12.0,9,-0.0089704618347146,-0.0088614085641847,False,False,False,0.375,2.0,0.25,0.0179460880807878,0.7625572935326664
SCHW,Falling Wedge,bullish,1,0.7830863937013555,3,30,840,841,2020-01-21,2020,2,43.86139239324324,43.07292642104204,47.79460418857633,42.472300777365305,1.6517323900947942,0.0183053727182098,True,-0.0384215354818914,-0.0223183943512595,0.0369600122912665,-0.0318330975179175,0.0206701537799223,-0.0471197603448445,0.0437795567777257,-0.0327655938064388,0.0173503048992293,-0.0154315149423009,-0.0281210024134476,0.0242377218095941,-0.0396578297267287,-0.0035422478480374,0.030559122672142,-0.0321655508429736,-0.006981161603513,0.0002196055300838,-0.0472858334256364,-0.0359998880181881,-0.0777667208944136,0.0681872768540552,-0.0305862131433703,-0.0222221106888462,-0.0126505916431857,0.0103149726887392,0.0774242537301785,0.1748079973786698,0.046373593539978,0.0427969736621334,-0.0793725280381386,0.0193548975940041,-0.0437351715592507,0.0079925223024204,-0.037268758145985,0.06304211990774,0.1440265041669925,0.0936607819870594,0.0513022180365694,0.0298549596701873,0.0428108418067687,0.0619324735944004,0.0315083535094622,0.0429693815260674,-0.0302796756475606,-0.059697946274368,-0.0110205982078642,-0.0293808656438149,0.0943393623518742,0.0369055579841675,0.1104447425828516,0.2435858375019628,0.0544205994511637,-0.0092419597915843,-0.0884805965721272,0.0393377040232383,-0.0057739468703998,0.0719114753506273,0.041803872208413,-0.0027375566622671,0.0985865136177854,-0.1140031214267116,0.1131400899879526,0.0647773395556514,-0.0087088676854791,0.0683218239735941,-0.0344467885234341,0.0056685606324602,-0.0500131302923512,-0.3241419440609603,-0.0465110604635067,-0.0007657066267892,0.0643274892312064,0.010746467124135,0.3572856624653182,-0.017404113103972,0.0528674737375325,0.0204622238806841,-0.142750545202,-0.0704159654945373,0.1056653643762057,0.3156062632413516,-0.1313431911987125,-0.0325265532332161,0.0979033869142087,0.1936654064382514,-0.0663333112824545,-0.248587085516211,0.1362542306568381,0.0278205270912046,0.0320164278017576,-0.3593666666260003,-0.2786953914881229,-0.1236903540805942,-0.0828700812606112,-0.1309152517433325,-0.3261013872632874,0.3644434646845909,-0.1958284818638522,0.3227472670264155,-0.1221254209160351,0.382848744808919,0.1890382130288554,-0.1323974740456316,0.0582867625735756,0.4798960608532807,-0.1965392672670289,0.322192893820411,0.0532929499978154,0.0585704196597967,0.1044833002124026,0.0492872765774417,0.1737752094714746,-0.0311559258843882,-0.3457418551116635,stop,844,4,42.472300777365305,-0.0316700300670783,0.0182761625240032,0.0531670375458913,-1.0,0.5770806811769219,1.6787807726510329,2.8314991972989536,808,0.8114808550298638,7,0.1907222717613688,0.1938607513652077,-0.3895219245826966,0.0,-1.2199568972060226,-0.4084760421761573,0.191237797755673,0.084405424117193,43.07292642104204,42.472300777365305,47.79460418857633,0.7879562785976211,0.1335006704416865,0.0169982330279367,0.0178534518530131,0.1321360304255614,0.5943398602958883,-0.0062061664386752,1.0,0.0374843100686896,2020-01-21,8.0,9,0.1266377140684742,0.1122361007813417,False,False,False,0.0,1.0,0.125,-0.0106053443311205,-0.037122834439983
SCHW,Falling Wedge,bullish,1,0.682538687063345,3,55,1230,1231,2021-08-06,2021,0,66.84546082183124,65.22134124385488,73.025273711301,61.06393172856525,1.4940865822352487,0.0249016586749415,True,0.0355743116521212,0.0277544741121076,0.0824612093785535,-0.0041834006866672,-0.0798894797379897,0.0499166398649808,0.0265740511110961,-0.061448916823795,-0.0623854830349039,0.0572969393992852,0.0480319579246208,0.0399793874991492,-0.0408602206865639,0.0495248873660272,0.0231444628528036,-0.010289389449237,0.1136690808824745,-0.0448528436761944,-0.0074509142322839,0.0139266239417683,-0.0420635516178506,-0.0759972573916375,0.0318191225079394,0.0070295359766594,0.0049955679838626,-0.0741702911156793,-0.0566698075874498,0.0112222634914165,-0.1557398342788758,-0.0016880963702912,0.0263623665876255,-0.0036127588080026,-0.0197757048976663,-0.0668341119165789,0.0328836407184807,0.0297466457920174,-0.042705048034227,-0.0147626146456169,0.0566139509866308,0.0214083174352697,0.0174862716765447,-0.0516721523136076,0.0127403454742858,-0.0175160211202994,-0.0855295666249381,0.0261401462542075,0.0087084591552104,-0.0152937034479048,-0.0261758014213077,0.0284209099475518,0.1475857690757285,-0.0167363559053415,0.0834394594631451,0.0337613968446919,-0.0055713547693915,0.0616823777232062,-0.0305374676444353,0.0593552872879576,-0.0079903248799861,-0.0152251688500097,0.1530714373608743,-0.0243444553311462,0.2062369405923365,0.0072463464149319,0.0393677472222235,0.1451917742317332,0.0393677472222235,0.1547884312854124,-0.0429382756383094,0.0246599413737196,0.0527908226661762,0.2658393956944556,0.0732667845869334,0.2372504283065666,0.0048101504655873,-0.025660471672943,-0.0269016864792053,0.1311166729208863,-0.0919476414420528,0.0964912401554756,0.054652408050281,-0.3576397198607468,-0.2843466782154764,0.217915380086064,0.2048380377047161,-0.0155924371243403,0.3853830060069569,0.1100597797719808,0.0540823646967312,-0.0051044385497287,-0.2936279969105486,-0.01208428753586,0.1455538237112226,0.1024905333073946,0.1422832171353489,-0.1095862363449886,-0.0440098163985562,0.0988569778472787,0.076206561703964,0.1449081757600734,0.0156417550911946,-0.3275382524252687,-0.1965392672670289,-0.1209590819984529,-0.3648581302158602,-0.0232747956658545,-0.1402211514313078,0.0781729482843991,-0.0589406395142914,0.0874215045091857,-0.0805736753134422,-0.1231212715762106,0.0852491283505483,-0.2085573823099693,0.1990257953001845,target,1275,45,73.025273711301,0.092449252551962,0.1045564237430259,0.0581745665277252,1.0688890066587522,1.2088709084117168,0.6726085166959423,1.0688890066587522,1175,0.361114850406852,7,0.1345090873772813,0.0809370677993468,0.1075283525718235,0.0,-0.7555788512978644,-0.394464000891013,1.1146634174031078,0.1187033819752252,65.22134124385488,61.06393172856525,73.025273711301,1.7301889424750467,0.1707259507811962,0.008790759884429,0.025779054844152,0.2980198311253541,0.7824281272545,0.0121215616427521,1.0,0.0160038523863665,2021-08-06,15.0,8,0.2779320242919703,0.1940388520851677,False,False,False,0.0,0.0,0.0,-0.0293722405184901,-0.9856330149270952
SCHW,Falling Wedge,bullish,1,0.6482113102763294,8,80,1462,1463,2022-07-11,2022,5,58.836959593938936,59.98477301360833,93.59863966544958,52.57431241487279,0.5000051034084859,-0.0191350798211572,True,-0.0192185961076851,-0.0147874722116004,-0.0448528436761944,-0.0250131506684834,-0.0133296282819793,-0.010201749431757,-0.0234760112216803,0.0090496665833343,0.0267164840898355,0.0343353216315245,0.025348500150897,-0.0034796501934978,0.0102103467922276,-0.0022358672493102,0.0200384507965756,0.0310227209372435,0.0761333240471526,0.0261167266321473,0.0868687081847763,0.0084626686826625,0.009271738117327,0.058080414533953,-0.0341719046305229,0.0195386302442139,-0.0115311385090273,0.0614984778201495,-0.0098020954154778,0.0772913018057765,-0.0467795122363762,-0.0049763754988957,0.0220827404988406,0.13774786959861,0.056390275049704,-0.1074938006797635,0.0219003885490205,-0.0119185281972221,-0.0549364957977892,-0.0104650845108922,-0.0044964256782557,-0.0718201497868243,-0.0687397757842382,0.1377921622381654,-0.1570328411845479,0.0116433888869038,0.0927148680314899,0.0160086108587951,0.0962520458950775,0.0197762214030501,0.1676683943486243,0.0549673269958039,-0.0109198310168994,-0.0817321390706838,0.0584530968231198,-0.0860825485193996,-0.0763283552743083,-0.0797979460168362,-0.0974284380316203,-0.05626023908019,-0.0531366708026384,-0.0498777284963932,0.0768808671171885,-0.0223133712209193,0.1526735023171883,-0.3288070422988358,-0.0438488155267288,0.0406424078284397,-0.058864827945296,-0.0224845543345819,0.1220818915053258,0.1321646992271079,0.1136322788156385,0.122246685107626,0.0351996773788474,0.1312087522232148,0.2087581888223186,0.1692781172848245,-0.0802144016050238,0.253096211907108,-0.0131703318230361,0.0897172762556119,0.0304877550327296,-0.0593868148240128,-0.0147709455078756,0.2107403443986031,-0.0180065475491181,-0.0480229359642225,0.2874384016073854,-0.3241419440609603,-0.2500762637163292,0.1523896488715648,0.1213523110484851,0.0819585399827208,0.2245436246932086,0.2353015763732074,-0.2786953914881229,0.1108807110875946,0.1651561526370411,-0.0203250102677357,0.2338166074205971,-0.1030081766375726,0.1630235561353352,-0.4029086109758582,0.185848122134099,-0.1330230992499211,-0.1105524521182603,0.0894314024785369,0.1021328700563646,-0.1906545747681032,-0.3635855212707934,-0.1587572508791844,-0.1055657727185265,-0.0828700812606112,0.2989415772254205,0.1135038537695385,0.2489041791277167,time,1522,60,72.04842376708984,0.2245436246932086,0.2436621889357477,0.0456438562837199,2.10956545936553,2.289182506225917,0.4288195791794936,5.550636827778976,1377,0.6608215620358417,6,0.0337252651734153,-0.0740905956410903,-0.0176625495121454,0.0,-1.3684141019781362,-0.707592539942295,0.4565202700631573,0.3325153974544945,59.98477301360833,52.57431241487279,93.59863966544958,1.8098806847630595,-0.1970495439966163,-0.0341222032820232,0.0305165862790842,-0.3027576463733559,0.2499989633997195,-0.012274786687197,0.0,-0.0387364640769171,2022-07-11,17.0,8,-0.2445550178998206,-0.1611545337144786,True,False,True,1.0,3.0,0.4285714285714285,0.0541637322150559,0.996468279277484
SCHW,Falling Wedge,bullish,1,0.6895808704556325,5,74,1793,1794,2023-11-01,2023,0,51.41197487143901,50.27955274833295,66.04461779466453,45.33356463849304,1.270218401110171,0.022522517826963,True,0.0246360365660893,-0.0003768231611689,0.0066361293238084,0.0265030026541635,0.0608277930538863,0.0675438675436026,0.1274476143919165,-0.0362627290242525,-0.0010918180472213,0.0192022666061657,-0.0258226837576671,0.1136690808824745,0.0828062828512139,-0.0961536755417209,0.0336660527445209,0.0155332238895391,-0.0117903716118794,0.0053928640505827,0.0145702699210867,-0.0179057482363076,-0.0131633942951215,-0.0367231867792767,0.0078917945351136,0.0514472604530704,-0.00270430213093,-0.0228652365037068,0.0673699361089747,0.060442300227127,0.0259187284780331,-0.1184614642180114,0.0427823932022568,-0.0985099434070373,-0.1124951972169514,0.062642215402777,-0.0882882613046279,-0.0979778769240541,0.0449634402977323,0.0425367529263998,-0.0119376365569339,0.0040829555429255,-0.0103765097706158,0.0161136152216971,0.0089336512395938,-0.0074572065079122,0.0475394616898383,0.0586994545566952,0.149692160947541,0.0797873682738667,-0.0149293540499263,-0.0466613071101303,-0.0246701570599907,-0.075200114763399,0.0465317645062797,0.0889523468030721,-0.0757475957474101,0.1515968645611614,-0.0052610453355166,0.0656971464490476,-0.0027484509184855,0.0941898000722851,0.0816667896518719,0.0228157074897044,0.0936364634066577,0.0191167458638619,-0.0191090202311826,-0.0719300380972479,-0.3232306694655483,-0.0149391090597295,0.1502033225992722,0.2899351833927863,0.1711835379145403,0.0410345285044866,-0.0143608373652727,-0.1128466165367831,-0.0671627782416143,-0.0476580451545319,0.1632365875965788,0.1453453764311685,0.2208678363201803,0.0288049026796683,-0.0338130849270907,-0.0330107216181786,-0.1133970851620427,0.0725284853701599,-0.2334313428676226,0.0652821763608582,0.0316240158470066,-0.0163355261051181,-0.046422253193162,0.1283697031284314,-0.1399121852090405,0.2879980265998823,0.2070641614687598,0.0516412103332248,0.4633100821458562,0.0105169930641246,-0.0497024257088126,0.0577811474225498,-0.3215919082797501,0.1034637259179724,-0.1221254209160351,-0.3513939215492271,-0.0651351862972987,-0.3349767571675838,-0.0592460973105862,0.0270451978817094,-0.068754286739839,0.6211599834035011,-0.088694270212871,0.1880580710128681,0.027068853959574,0.112556687820853,0.016979762497008,0.1906874671368088,0.1892137765647187,target,1823,30,66.04461779466453,0.2846154608885569,0.3343704354493808,0.0013065230893835,2.407314143411092,2.828148112132942,0.0110507401879963,2.407314143411092,1719,0.3712328682640952,6,0.0884203838564675,0.2836244417846447,0.1603414191013672,0.0,-1.7887927420377754,-1.4175598737736752,1.5117184175865936,0.1301818965508247,50.27955274833295,45.33356463849304,66.04461779466453,1.7155141214392349,-0.1106959178178885,-0.0381393417551041,0.0338481041680453,0.1097915070725112,0.5783127546483023,0.0003843001250856,1.0,-0.0047096500029844,2023-11-01,17.0,17,0.0265987098904294,-0.0584064578137735,False,False,False,0.125,3.0,0.1875,0.0343758075772903,0.7224660701982305
SCHW,Falling Wedge,bullish,1,0.7032001539547648,3,45,2391,2392,2026-03-24,2026,2,95.3289532637475,92.08708693658627,113.54453658078684,89.80258533127,1.3974596667885664,0.0352043531292682,True,-0.0205314489017343,-0.0078848352690718,-0.0428392872860893,0.0149905367405875,0.056203689452968,-0.0185716823239466,0.0233196043023542,-0.0651136016933223,0.0473998658043226,-0.0462936375959711,0.0112102615723181,0.0305949349458305,0.0083914740713864,-0.0724694692019342,0.0267768424746506,0.0159034059838161,-0.0185599499678059,-0.0363458852721538,-0.0735594344903169,-0.0155724303605407,0.1405206539390264,-0.0308357465931652,-0.018288956126835,0.0078165488073536,-0.0185093562631593,-0.1377355605229335,0.0595334157508413,0.052002312332239,-0.0040995381745909,0.1151767363888349,-0.056792459851381,0.0233675087719642,-0.0020742800124845,0.0427969736621334,0.072177167191421,-0.0166222114287138,-0.0390978866094101,0.0530450500407855,-0.0385338476839566,0.0144286118765428,0.097413907790006,0.0241933365922522,0.0779122804098024,0.0717137969173935,-0.054256147727325,-0.0099109094783174,-0.0441896343887182,-0.1239565814600585,-0.0609125564906035,0.1162572742637704,-0.0367615828248222,-0.0135524592098577,0.0178911347730963,0.0767253296030106,-0.0151026386415697,0.0287971227705108,0.0599356285276726,-0.0112288502748619,0.0943393623518742,-0.0184390519593052,0.1266847834206641,-0.0625753612943377,0.1079244945769541,0.0301692764794356,-0.0069475234279453,0.0960406993558167,-0.0451999327820696,-0.0204110256553605,-0.0673713405668218,-0.0574950828048522,-0.1828690286308339,-0.0245811409713899,0.0796824577873267,-0.0460744676340698,-0.0420022463331609,-0.0013453643115024,0.0600209810125533,-0.105172388536995,0.113819361891341,-0.0220905610872074,0.1258825358337632,0.0786200729823412,-0.2120724397362278,0.073083004747406,0.0998697482638366,-0.0987620098555019,-0.003434668109331,0.0366732621580814,0.199467639111873,0.1281076099938336,0.1026010552279728,-0.0846097049265994,-0.0408645327932685,-0.1774941383819738,0.0489823288108968,0.0568120464962886,-0.0196603639335283,-0.0749890334973175,0.1239223341602793,0.0626947921953302,0.1015339404116471,0.0581004169902004,0.1430033254095575,0.0543754264554934,-0.041089711694063,-0.0551073379572826,0.3458808386895833,-0.0486108218882086,-0.2479765131943764,0.1228134985202238,0.0159338829295601,-0.106394069669605,0.0824257656916911,-0.0297743008333258,-0.0705083549979207,stop,2397,6,89.80258533127,-0.0579715578874305,0.0072955143293473,0.0620114516327576,-1.0,0.1258464425522909,1.0696875138869268,3.2961220714222685,2344,0.838171378455846,7,0.1711341969594994,0.0693597127187592,-0.2407154386192758,0.0222222222222222,-1.3112695024977372,-0.4730981240418872,0.1665606854520875,0.1585444846550234,92.08708693658627,89.80258533127,113.54453658078684,2.0970539154207453,0.0078009181154401,-0.0223675315779399,0.0220601565869961,0.0195457317524716,0.3116903062159733,0.0029379465857855,0.0,-0.0471173434841297,2026-03-24,62.0,10,0.0027651924968552,-0.0005977058361813,False,True,True,0.3333333333333333,7.0,0.7777777777777778,0.0619301636987039,1.39712686998071
CHTR,Falling Wedge,bullish,1,0.6425376396919619,5,29,1120,1121,2021-03-02,2021,2,612.010009765625,603.2307880108174,701.4961453951323,580.6306866610355,1.3512960977298991,0.0145536698877017,True,0.0045097461178484,0.0009324124185303,-0.0068505095537818,0.0037716605348701,-0.0251438497639387,0.053381466928011,0.0203684547501787,0.0135185885332695,-0.0051645920758278,-0.0203803447190369,0.0345262679172364,0.0316170119859999,0.0825342880467163,0.0417895130630208,-0.0476461849497097,-0.0130659897706535,-0.2333007315965156,0.1415516820447198,0.006910294319927,0.0178586571739221,-0.0827429097334601,-0.0211208112811625,0.0048891480251592,0.0451626839551571,0.0189307276433812,-0.0457268619806636,0.022380912383572,0.0864350251321235,0.0193314137864133,-0.0458515517798873,0.0599950257929418,0.0078490059330778,-0.2811509012676133,0.0212390624978973,0.0116820647666067,-0.0111181827435486,-0.0209687120769207,0.0330234644957283,0.105565584470417,0.0041999816894533,-0.0348028823807904,-0.0109239509658293,0.0093872249646469,0.0050068174432704,-0.0172910308083885,0.0492496084875317,0.033790285037496,0.0072657801723643,0.0759762237817189,0.0471367160544107,0.052358086821598,0.0858871413032387,-0.0374863123298875,0.0491699882763365,-0.0080611674304168,0.0472378624936649,-0.0073318490730305,-0.3502925622673747,-0.0502322509174086,-0.0851158789425093,-0.0136324082274553,-0.1196123953499506,0.0473931700447689,0.0693985244570367,-0.0138531248609038,-0.2654151820698149,0.0295984942025493,-0.072249828133151,0.059746622645825,0.0665184560512175,-0.0189608013146698,0.0272823934328749,-0.0926378851890759,-0.1071575101599338,-0.1266249812765468,-0.00024644149571,-0.0025794355859311,0.132684496492061,0.002302451220409,-0.027541503889834,0.0648921170680643,0.2321195866502781,0.1421274291216918,0.0633395361772561,-0.1354746266319775,-0.0185025849088973,0.1360659065468688,0.1887467069876185,0.004261854380714,0.0915048864668788,-0.0122538533098918,0.0384030289463716,0.1331514010131669,0.0433288114120593,-0.0182370538727667,-0.1779216955479909,-0.2262061601893874,-0.0815981830901675,-0.2608210177347944,-0.3782818815262891,-0.1173561409728167,0.0514852764147428,-0.0034830383366583,0.0274755310358245,0.1532137605110772,-0.1691989840025841,0.0708123189713165,0.1948670988156762,0.1874629758085841,0.1103716434935413,0.1291515235308566,-0.0046749287034139,0.118827253835068,0.1240547365188715,0.1466542492652324,target,1168,48,701.4961453951323,0.1462167843688975,0.1504713392769167,0.0228754428466969,2.8517548110022544,2.934733981143256,0.4461536647344817,2.8517548110022544,1089,0.6793508473560832,5,0.0498240684060859,-0.0847141166973235,-0.2203170448669688,0.0,-0.9443905339548736,-0.2650396865987904,0.3197182687372176,0.1497177744588126,603.2307880108174,580.6306866610355,701.4961453951323,16.123570033482142,0.0248509917789265,-0.0209131971326479,0.0261716523151512,0.0006984482255052,0.3637741376768867,0.0044054681464895,1.0,0.0274034721588281,2021-03-02,11.0,7,0.303401696141313,0.244591709321025,False,False,False,0.0,0.0,0.0,-0.0367622584924789,-0.6925882212572623
CHTR,Falling Wedge,bullish,1,0.7823839018042054,8,74,1328,1329,2021-12-27,2021,5,652.8200073242188,643.1174905466492,825.7524194052053,593.8437711811498,2.853472056908406,0.0150866939870075,True,-0.0080266998186111,-0.0080057602357024,-0.013678188981681,0.0094895777649612,0.0747747747747746,0.0124293325535547,-0.0790507193689823,-0.0262284395761076,-0.0492571676373712,-0.0014822015664087,-0.0031821468077821,0.0369110658422153,-0.0276956052013866,0.0013754885472725,-0.0641051731152562,-0.0195578159677506,0.0355589588524671,0.0154412329487738,-0.0300000324341409,0.0011858835733526,0.1592706771542711,-0.0178550314306783,-0.008743923314816,-0.0725927730718301,-0.0470338525888864,-0.0240630099603037,0.0818736841601019,-0.0188590440174076,0.0153599074463179,-0.0014126702860914,-0.0117091052467165,0.0057706243912705,0.0477214416520004,0.0100082297423504,0.0495287083984645,-0.0179558930770978,-0.0487927228465255,0.020178882270099,0.0495287083984645,0.0339437116492249,-0.0412934824572457,-0.0318049852061589,-0.0150584616856268,-0.0231082364320013,-0.088529016741687,-0.0721591365794016,-0.1367605592586176,-0.0462262358529155,0.0313160776181227,0.0855901358344566,0.0443338195708977,0.0287528731995321,0.0039929114919714,0.1608617341230671,-0.0673499548549113,0.0040611540787056,0.0854643097349221,0.0134604837833618,-0.1007204227297869,-0.0809398337782485,-0.0582053030106646,-0.0148296840836917,0.0247537218198625,0.1648210440533828,0.0028736338612216,-0.0186904220225011,-0.0117692084706512,-0.0090858473240224,-0.1511951204033689,-0.125945943469602,-0.0092038757401898,0.0342060985457781,0.0872083634653055,0.1681178567114469,0.2033271215399514,-0.0700176107386236,-0.2977948154765582,0.0892836041774016,-0.2321864749591535,0.2099276328995254,-0.135629519514223,0.0598725695272801,0.1209744062622883,-0.3977131232174403,0.262812265414402,-0.0806205119733105,0.3094685040627556,0.0304863184781059,0.1300454568725566,0.0761897678979086,-0.0371544403922322,-0.1524861169487603,-0.1421984866400399,-0.0740805645404812,0.0482969945208535,0.0428655153544244,-0.040939981185387,0.1569799178200763,0.0601998367591012,-0.2486989261695125,0.1853629507089917,0.3704742148224733,0.1473368700350268,-0.1549245755625253,0.2258630023047181,0.0818505422622817,-0.0043430338992923,-0.2291899729042738,-0.1028511117467941,0.0146549287625339,0.11654008111092,-0.1450168979901107,-0.2602912551291761,0.1025919393996706,-0.1605365386037399,stop,1343,15,593.8437711811498,-0.0903407301880973,0.0261174406447089,0.1109647400947829,-1.0,0.2890992865602277,1.2282913793561852,2.932238870949211,1249,0.4333284650808342,6,0.0098923770358104,0.1676503691553583,0.24002529990679,0.0277777777777777,-1.950124690524221,-1.516796225443385,1.2141620889836495,0.109445934990749,643.1174905466492,593.8437711811498,825.7524194052053,18.700701032366077,-0.0692683817290804,-0.0335879487715502,0.0286666693220448,-0.095666534278294,0.8326544761244475,0.0054450553190543,1.0,0.0435032876075067,2021-12-27,11.0,7,0.0364814060890583,0.0267049906074356,False,False,False,0.5,0.0,0.0,-0.0523697697532032,-0.8773048032761693
CHTR,Falling Wedge,bullish,1,0.7430291409113384,3,38,2095,2096,2025-01-16,2025,0,352.82000732421875,344.9500154194084,436.5299714740959,327.25113775022555,0.7661536097523497,0.0228148762226945,True,0.0418343034455055,0.0233908138700726,-0.0040660461057077,0.0260856246162053,-0.0090814712899086,-0.0653039871300964,0.011090805885042,-0.0006850126424922,0.0089808228801238,-0.0536319880333547,-0.0388888888888888,-0.0119108706826784,0.0235737472812134,-0.009871571418245,-0.245859316680463,0.0024127907517492,-0.0509972428603398,0.0517324716221463,-0.0383317279701105,-0.0281891396721231,-0.0454103532781687,0.0165225261480144,0.0649257448189096,-0.0207755142499839,-0.0289168699226487,0.0235830602149718,0.1034675067909167,0.0312390629930618,-0.1410204206194196,-0.087946572105076,-0.0238946528066468,-0.0486177568078519,-0.0916473354569189,0.0837595742447254,0.0050613419281539,0.0116099679950258,0.0588846059945911,0.009061106529397,-0.0298967870143882,-0.0594979826924378,0.0532003729443057,-0.0458515517798873,0.0827535624876882,-0.0093606285640248,0.057673950280928,-0.0199035354778396,0.0211155306807957,-0.0002258467797078,-0.0164488779940326,-0.0786577263134438,-0.1886982788809528,-0.0744641273258265,0.2599216238469304,-0.0689541205400865,0.0624465500916571,0.0758710600535916,-0.0731638695612438,-0.2984144568302983,0.0755009568541638,-0.00531096753958,-0.0163636742104379,0.0445078514065742,-0.0173418560148378,-0.0373746708382511,-0.0318241871468094,-0.0095484745188227,0.0272726426696936,0.2649629353765679,0.0264196140515679,0.0035711672294396,0.0535075779648349,0.1795544220158533,-0.0631717147173256,0.0826185262441618,0.0953282183339145,-0.1640922713153931,0.116659146715917,0.1047619047619048,-0.1115849510894002,0.0274711838278098,0.1873514980332866,-0.0881496543117636,0.0593205917222032,-0.2453218685662732,0.1476936131083321,0.0287844992613401,-0.1420325650618151,-0.1556229273774493,-0.038625499428377,0.0647228998294713,-0.029536330761265,0.0007647311681829,-0.035202123377094,0.0589720548722022,-0.2022668746366281,0.0184737217954027,-0.026484515663687,0.2592592636063253,0.0213532529256221,0.1919902137523927,0.1001928892278656,-0.229016596621036,-0.136108309139539,-0.1579943626117748,-0.145709586250605,0.1172665404775685,-0.1015739452544016,0.0653394249898304,-0.1542796085243213,0.1919902137523927,-0.2470505895282571,-0.2236994663852393,-0.1389676266997914,0.1234689948433311,-0.0015112750798665,stop,2104,9,327.25113775022555,-0.072470010325965,0.0515843243343298,0.0737769917775014,-1.0,0.7118023593802062,1.018034790469294,3.27390164463981,2057,0.6196439894342453,5,0.0215545468819234,0.1688737934414828,-0.1226002898377669,0.0,-1.42342310227027,-0.8037791128360222,0.4439530720247651,0.149582758940088,344.9500154194084,327.25113775022555,436.5299714740959,8.142139979771217,0.0660113197685856,-0.0722627936934721,0.0234860394363335,0.049591297269679,0.1316527328990785,-0.0038505641893408,1.0,-0.021685822118629,2025-01-16,28.0,5,0.0582425644251816,0.0419593486485807,False,True,False,0.25,1.0,0.25,-0.038228845937696,-0.1858235370436907
CF,Falling Wedge,bullish,1,0.7823557708535536,8,128,610,611,2019-02-21,2019,1,36.8573596607569,35.266968329127764,51.33465477447584,32.46772883917911,1.1858661324702544,0.0450957767842947,True,-0.0452492859501018,-0.047298603303361,0.0158348937490631,0.0036077309329725,-0.0630032973027422,-0.0067430685721524,0.0571488635041355,-0.1135696537826652,-0.002850593864891,0.0081911441672213,0.0340050098012114,0.1578618461655223,0.004921727350059,0.0324342569380882,-0.0267595616510921,0.0375701149483627,0.0201560260123354,-0.0276077441106015,0.0190642928217701,-0.0155639768774156,0.0179064977044711,-0.0103410889032521,-0.0523624569016218,-0.0889143457783243,-0.0777675549921644,0.1943050902542364,0.0333870538216329,-0.0026363969795671,-0.1177034153452234,-0.0655508854391011,-0.0335655090522527,0.0477070723745365,-0.0010649932322323,0.1173185545115758,-0.0394381012456397,-0.0323156592597754,0.1465467407308081,-0.0417624720032426,-0.0457249022629218,0.0048456997813211,-0.0011382879433644,0.043051264422925,-0.0220611993946562,0.1462435394588659,-0.0609503195814382,-0.1023889894591486,-0.0699098723607708,-0.0982226709538988,-0.045598065041978,-0.0436099953035604,0.0142894539150333,0.0264595540518781,0.0264595540518781,-0.0458092003380445,0.0960811613297434,-0.0099737399320333,-0.118518457091671,-0.0159916134565677,0.0035777609545246,0.0209923014662507,0.048375760096464,-0.0780386221302348,0.0771899459221703,0.0813596970752636,0.0392653189554588,-0.0248632760933849,0.0679900053473996,-0.0184872959805953,-0.0749673847506705,0.0212668885059823,-0.0261511957085163,0.1449552305205135,-0.0318055612766384,0.1159764096845961,0.0887571176223382,0.4761428254966597,-0.1275539100085188,0.0445487471351451,-0.1238240229469617,-0.0636525200621141,-0.006666369147266,-0.1235093712480952,-0.0006095374009095,0.0039826247640462,0.1748963517986874,-0.027786305835812,0.1290992504567765,0.0908003293004537,0.4690585649380117,-0.0900563173247155,0.1909317771159142,-0.0454173771731231,-0.0320264697270334,-0.0643483926781162,0.0649202938188644,-0.0277129799247574,-0.2594697071092807,-0.397136575126896,0.1348198179269899,0.2891029762861441,0.0602098712035239,-0.0209337049894122,-0.3426538712872518,-0.3686286369851044,0.1789300409072458,0.3895908160699388,0.4609229836459756,0.2193426056780509,-0.0930750439095629,-0.0028435024355825,0.2010407163794074,0.1287322341187387,0.1214820289655169,0.0694978127778025,-0.072333378527551,stop,621,11,32.46772883917911,-0.1190978100976548,0.0113120577106123,0.1199094872568411,-1.0,0.0949812402204288,1.0068152148097498,3.2980666717013998,481,0.749587115426517,7,0.1068330576672464,0.1111465110963094,0.0465937749992917,0.0163934426229508,-1.12346732747028,-0.3738802120437625,0.2611109243281406,0.3488526305210326,35.266968329127764,32.46772883917911,51.33465477447584,1.1634202423173343,-0.0252176223668912,0.0382287701303243,0.0317161726531851,-0.0868345894542818,0.1627920902751841,0.0053837947319541,1.0,0.0531870006470254,2019-02-21,45.0,4,-0.0607044548803175,-0.0327604470538404,False,False,True,0.6666666666666666,0.0,0.0,0.022994800939644,0.1724367578426907
CF,Falling Wedge,bullish,1,0.7453777936621979,3,44,1045,1046,2020-11-10,2020,1,26.599019832177483,23.6830505678833,32.76752052794211,21.899713909296167,1.5838835849770787,0.1231247324298898,True,0.0705240243778553,0.0586830977549264,0.0397325192332178,-0.0172023580708232,-0.0384615333493445,-0.0735714055603056,0.0276926092069904,0.0548617569156122,-0.0430596921899976,-0.0735714055603056,0.0549376867157112,-0.0688428585367719,0.033664310517798,-0.005843736965758,-0.0041570479600929,0.0509156554217238,0.0758258947656866,-0.0271961115575641,-0.0572832607093424,-0.0609188917792253,-0.0013007744933604,0.0161938905761138,0.0764032620468572,0.284163476403374,0.2650277467135846,-0.1154232537371503,0.0624011328480065,-0.0156690790664865,0.017166043465534,0.0860637700330022,-0.0754105458746492,0.0264910544959628,-0.0255413643105346,0.0946790493508782,0.0386073488405231,-0.0650690433154747,-0.0426334301167736,-0.0661997891169314,-0.0215375106779048,0.0124586224692824,-8.223440010746152e-05,0.1689145858197449,-0.0102696749739001,-0.0420131201234369,0.1036529620027337,0.2776342002227581,0.2977858894380951,0.2684648109931309,0.0723905417631274,0.1552602229360777,-0.1038008535487066,0.1723305689138445,-0.0359522363032706,0.0429981445819296,-0.1109654136222192,-0.0425925870385064,-0.0883084777967895,0.0031196805131112,0.0474306469879919,-0.1442208507984657,-0.1172841216514529,-0.0013216431683054,0.1267543093610501,-0.0613833436054072,0.0569636378930242,-0.0215153021592107,0.0274160743205071,-0.0456932040894277,0.30120459976365,0.4340105934451299,0.3596973174966507,0.0922217865719339,-0.0493356744660404,0.1192359075781024,0.0409248383072509,-0.1944525939878433,-0.0057681716748919,-0.085096933541433,0.1618874196399546,0.2800964280278115,0.0786397829035443,0.1734658097209707,0.1871856141182353,-0.1732502628765118,0.0887571176223382,-0.1663365608513217,-0.1342026933606296,-0.1756616599897024,0.0553245918916565,-0.1233710330215474,0.0146770753184652,0.4247635540486128,0.4609229836459756,0.3605454353322224,0.1776772117561524,0.2038314932881579,-0.2178952411917725,0.2869209873399752,-0.0744242029594067,0.2782677583049171,-0.1947939255576712,0.2425009128542519,-0.078352089511432,0.301097736143586,0.4285713455506124,-0.0342298437486653,0.1727698524550132,-0.0612569943167461,0.3193046505040993,-0.0894997727889377,0.184994260632705,-0.1503718095174724,-0.2356437724472413,-0.1944981296852799,0.3976744622907333,target,1055,10,32.76752052794211,0.2319070678048986,0.2881504942416695,0.0220395244545987,1.3126408020660414,1.6309899454867829,0.1247481559362269,1.3126408020660414,1000,0.6211486542662645,7,0.1587701736972106,0.2006374651271314,0.0946909923672665,0.0232558139534883,-1.6983519081111316,-1.0772032538448624,0.5367423691402977,0.1822448222740748,23.6830505678833,21.899713909296167,32.76752052794211,1.151207559902213,-0.0131132439668909,-0.0044373003639944,0.0436969255965903,0.2503339803230868,0.8310812465284345,0.0127760450531742,1.0,0.0111674250254241,2020-11-10,13.0,8,0.5370125766972564,0.2526630716749443,False,False,False,0.0,1.0,0.1428571428571428,-0.0227680536111366,0.388294816078206
CF,Falling Wedge,bullish,1,0.6536558566721389,3,53,1233,1234,2021-08-11,2021,0,43.11033293349679,42.92877138031244,52.35672855941448,39.09075801505784,1.097643082274162,0.004229367562744,True,-0.0439739894156281,-0.0339651875533001,-0.0359713543717467,0.0258677725828233,0.0428752817247624,-0.0057199632742808,-0.0061639930485162,-0.0035646881342151,0.0473606850182783,0.1276035017678813,0.0707219437836341,-0.0087370945155016,-0.0059830211672973,-0.0951810664767243,-0.0534253261414054,-0.117233346731973,-0.0072103821160093,-0.083886885993229,0.0363782342208907,0.0250970697325878,-0.0686374442913766,0.0923920441758157,-0.042803087752848,-0.0460627213466476,-0.0579871175735723,0.07878679331908,-0.0115218457138681,-0.00439569486363,-0.0451770830120132,0.1184583869147644,0.0022456355650144,0.0071221485488275,-0.0061350041581401,0.0282702603138251,0.0062736313638549,0.0531816959564026,-0.0689038677313909,0.1334754078584812,0.0542974833439171,-0.0420131201234369,0.0586892243068688,-0.0136909479579157,-0.0623324200945649,0.115708623199989,0.0868000930650976,-0.0705196913517058,-0.051702430290665,-0.0637847061512075,0.0981486535770623,-0.0694473232629733,-0.0520185469322792,-0.0520285577455964,0.0192268550317189,0.0310078385973957,0.1084186827017616,-0.0002757693487286,0.0313841851464344,-0.2614372565079115,0.0346604686639491,0.1073653571522124,0.344704550286292,0.0053386626787721,0.1378919493702197,-0.0822955894067778,-0.0702844034640407,0.0521386482860439,-0.0686427192588396,0.0602133321958135,-0.0704058811786914,0.2670427521856007,0.2750557199476097,0.074611107675661,0.0593549136517628,-0.1322392622274104,0.2210077565133625,0.0480640153804676,0.1815214560902984,-0.0689052355004948,-0.0873545232104386,-0.0240856547224281,0.1773200597549007,-0.1547422027678454,-0.1908790929479871,0.0775420598512781,0.1187443126610221,0.0105038348442263,-0.0960262807629049,0.238568692700074,-0.1829334850446452,-0.060968055579494,-0.0117663473795195,0.2571758487366064,0.2219254345808339,0.1660537518642868,0.1273790103177485,-0.0747610212184711,0.0544209871014635,-0.0542287788771697,-0.0502183948199128,0.0341661982187335,-0.0572373470309679,0.1465753031354033,-0.1004253026753432,0.0381737732009783,0.1366925618904158,0.1661063311024939,-0.0140559963436874,-0.1058081003193124,-0.0391228898950595,0.0637808405919557,-0.119572211297277,0.2175961384459919,-0.1050921760673934,0.144639056647478,0.2014750354754305,stop,1239,6,39.09075801505784,-0.0932392455571998,0.0368611123298228,0.0978640128486963,-1.0,0.3953390239221693,1.0496010801445117,2.3003416564029706,1180,0.3974145151682672,7,0.1318399928634873,0.081340326709201,-0.0019239448702884,0.0,-1.248489718291359,-0.8510752031230893,1.2788809738744074,0.146985152564376,42.92877138031244,39.09075801505784,52.35672855941448,1.3469181526275358,0.0851022158920731,-0.0328133852068276,0.0311529696771819,0.1314089065374482,0.4522312338725741,0.0089920786347119,1.0,0.0172842237690298,2021-08-11,23.0,7,0.2616468158995102,0.1993510445927397,False,False,False,0.3333333333333333,2.0,0.3333333333333333,-0.1267099804562108,-1.5698784081170178
CF,Falling Wedge,bullish,1,0.7190583849853057,3,43,1468,1469,2022-07-19,2022,0,78.06509094024793,75.91376729880744,100.11169105816076,69.50807337190042,0.7106918500587159,0.028339044655399,True,0.0560747775272041,0.0601003253089729,0.1638978483240352,0.0226444728212416,-0.0131402166452373,-0.0214886985268684,-0.1141479349047157,0.0344831121391897,-0.0676835445159484,0.0304753006141196,0.0649495319852557,-0.0267355304064029,-0.1513872163281252,-0.0305467883140381,-0.0131851798942184,0.0603898791443187,-0.0019564504974829,0.0800001665903855,0.0621227361008862,0.1165554218880613,0.0893866599095374,0.0465598628364016,0.0395151059111843,0.1468457511618495,0.1071226857273606,0.0850429283164984,0.0403663552484632,-0.0522145132648489,0.006539778601033,-0.0635020598783132,0.012274122478308,0.0205279325387377,0.0604511263765563,0.1740756709590449,-0.0171466034677401,0.0861120839363733,-0.0382000863401584,-0.1074462199557066,0.0925928422605664,0.0057785049247465,-0.0217544314005803,0.1042894754504186,-0.0061952660242452,-0.1249147216509412,0.0956762972361195,0.1292280903446329,0.2106885557767732,0.1158275953470271,-0.0630884104998728,0.0860693305468947,0.0115909286743125,-0.0040787699355065,0.3054654530825664,-0.0987530786799202,0.0032966911232084,0.069095456165471,-0.0807892032382312,-0.0436099953035604,0.1033300451098353,-0.1364339283684603,0.0799388773800258,0.0423032074852871,0.0619063956072338,0.1757537839395198,0.1182132380625216,-0.0782122996351223,0.1102849246319077,0.0671258755791179,0.1742181296904118,0.2090468671834173,0.2036195317491322,-0.1123706791037665,0.013256412122232,-0.1977632202031807,-0.0926232790783981,0.1241940572017301,-0.0987319880104644,0.2169311790053616,-0.1445885501937459,-0.0027425582186002,-0.0432062664648612,0.046351108495745,0.0146844852879364,0.2141710582281686,0.1601329213814968,-0.0312358685278655,0.5588367507724448,0.0241026659649341,0.0798526381749915,0.0422509245055948,0.0272188113034415,0.1691108370512576,0.2027135926319658,0.2904789858339768,-0.0423653254188836,-0.0200896842276424,0.0108437626425661,-0.1561600473907045,0.3441435392026866,-0.1737803401144636,-0.0778168463383476,0.0448287889755234,0.2165388149302609,0.0860788843566602,-0.1624338455991855,0.141891449148453,0.2613488477275583,-0.0349208347406267,-0.1285628412927477,-0.0091887488055006,0.0457983138501865,0.1856105514797232,0.0443254908013281,0.1230955794522938,0.1677543172000089,target,1493,25,100.11169105816076,0.2824130459898857,0.3012292359412484,0.0258177948875283,2.5764350653507417,2.7480938901655394,0.2355339917995265,2.5764350653507417,1425,0.5700636559722781,7,0.0661980408277672,0.0744574995006284,0.1885248592870545,0.0256410256410256,-1.1848606717276402,-0.6147970157553592,0.5502144733737031,0.1849347335749086,75.91376729880744,69.50807337190042,100.11169105816076,3.683076440779885,0.0882969575842311,-0.0519709976223446,0.0464684156291073,0.3185787725675391,0.8167067903419961,0.0001195292381717,0.0,0.0721863442252068,2022-07-19,1.0,14,-0.0408978867926795,-0.0592594501624796,False,True,False,0.4615384615384615,2.0,0.1538461538461538,0.0408343983696687,-0.0098729253698373
CF,Falling Wedge,bullish,1,0.7283520442662599,13,140,1700,1701,2023-06-21,2023,10,67.25324557012439,61.58010998410174,102.58622522153468,54.786869328442265,1.0416470609124888,0.0921261035013951,True,-0.0573205224954321,-0.0629432286731416,0.0010487288096467,0.0071297881856275,-0.0706277131670874,-0.053754671063159,-0.0628003216616732,0.0250970697325878,0.0088689247777173,0.0221682688420175,0.0265441987590595,0.0436120661296743,0.0061038669359168,0.0114888801009873,0.0882859112186402,0.0062366245802547,0.0779724862810771,0.0206803695557908,0.0053724417344716,-0.0109610687221731,0.0411494063861996,-0.0313531787289438,-0.0654336264297638,-0.0440607642157321,-0.0572187924873269,0.0334805358607495,0.0029808449743502,-0.0034181554796663,0.1134176871927494,-0.1046670945663307,-0.0621829381592348,-0.0224484473352669,-0.0365522368358907,0.0363493304148563,-0.0416815815758048,-0.0188945948468973,-0.0478530728523731,-0.0210804975422185,-0.0226179990356484,0.0941532584880422,-0.0975785904914187,0.209731417629537,-0.0625460900021983,0.0011261231673327,-0.0213976914287581,-0.0404767745945276,0.0914364158061398,0.049427100050652,-0.0380291912437753,0.1570042775936251,-0.0374997272338747,-0.0217971266521274,0.0810127786163219,-0.0510228664905654,0.0599726410761911,0.1316838574555532,-0.0706964897719484,-0.0160275684908169,0.0404633885067187,-0.1194132676321731,-0.0780383695308347,0.132771494113733,0.191003585925422,0.0994916564767953,0.0440775333867582,0.0165048970734069,-0.0564922730037773,-0.0290072993603535,0.0696383192654258,0.0806871460470348,0.0752948910245392,0.1547187362637447,0.1588892258896055,0.1383083767591972,0.1727536386067356,-0.0460485398542241,0.0092774318641644,-0.1739406277300546,-0.0318494079920494,-0.4438864653639317,-0.0887484682055623,0.013256412122232,0.1892683403844464,-0.1375850414848032,0.0445426683779459,-0.0338343129264575,0.0334285910069473,0.2555264038875973,0.0787489534852758,-0.0293225630367119,0.1628015931891684,0.0593718987848715,0.1396839666093332,0.1143726875200243,0.1050171049828403,-0.0414377636857382,-0.0427945625368005,0.1002218341627516,0.118344843973382,0.1662282403870163,0.0595814848315481,-0.0912386541676691,-0.1210157679252451,-0.0930750439095629,0.1899658732239115,0.0543311477289372,-0.1235520696379584,-0.0285626666717356,-0.1361064110974724,0.2506823194114833,-0.0286208179298933,-0.0687293350419273,-0.0746333500499201,-0.1457200362633569,0.1372396481201037,time,1760,60,76.64744567871094,0.1396839666093332,0.1834112789300259,0.0664365859549181,0.7535630183514305,0.98946185668364,0.3584101701605549,2.834262256041351,1550,0.6892217488459906,6,0.0395708460152913,0.0517928585712881,0.0055778347930857,0.0,-1.746604737291436,-1.057382988445445,0.4198208779829071,0.2440537572697825,61.58010998410174,54.786869328442265,102.58622522153468,2.3023737927932566,-0.1493917196860713,0.053812012451601,0.0339949228723257,-0.2249279987538934,0.6808527043698421,-0.0016725718053903,1.0,0.0424213082192996,2023-06-21,18.0,9,-0.0729447653513346,-0.0409627085728313,False,False,False,0.375,2.0,0.25,0.0577636689901384,0.8936754638382329
CF,Falling Wedge,bullish,1,0.7601540844069039,3,28,2135,2136,2025-03-17,2025,0,75.48009254917899,74.10142521145735,90.28228492502058,70.28473989895042,0.635479124808176,0.0186051392910115,True,-0.0143681387516458,-0.0338564676520998,-0.0963174287805066,-0.0078497784149537,0.0176259231255588,0.0161938905761138,0.0372128360032095,0.0065287331927932,0.0696528183447746,0.0236266736711274,0.0406877102791778,0.0043842432986511,-0.0631015359453515,0.0598884044982157,-0.0432901055028057,-0.0487852343542232,-0.0035171487065539,-0.0226279748000239,0.0235195363954159,0.0411240126888294,0.0758258947656866,0.052283939839558,-0.0235214092603805,0.0025658011898175,0.0091649518311551,-0.0604476506889581,-0.0322675365770839,0.034962557421722,-0.0525569520901855,0.1319279649366389,-0.037887682315512,-0.0412252030243207,-0.0402097851922911,0.0015423678543022,0.0078330848382486,0.0427604650676323,-0.0938953381414673,0.0241225940029869,0.0256606530986005,-0.0220560173231569,-0.0673629882743682,-0.0487173037490243,-0.0447742870449811,0.0261756899947944,0.0515358400956746,0.0123097775453549,-0.0710710070125987,-0.0284750871520812,0.3881510637655525,-0.0344193089597757,0.1108107396931938,-0.0516836703737972,0.1715119244166261,-0.0525021130258033,0.009873663210957,0.1144457034612196,0.1104576777055159,0.1397919112747638,-0.1011259701663551,0.0635628481167773,-0.0186374417739401,-0.0351340944653464,-0.0456932040894277,-0.0714855654893691,-0.0024460181508618,0.1494925191542593,0.0459770044200518,0.0942320759976833,-0.1203299942486949,0.1254653109325332,0.0833169863513474,-0.0683055635010512,0.0140309701358618,-0.0519786637768735,0.0493796317120565,0.015618165623304,-0.0305374671525587,0.0040411967551172,0.1912829235389053,-0.0174813925350421,-0.1327039470499493,-0.2631028024174646,-0.027900495957447,0.2216468808326974,0.4752127392116836,-0.1547422027678454,-0.1583259188374244,-0.0218176413469612,-0.1437190782003816,-0.0917033808212903,0.0965375651194015,0.1301937350042963,0.2289564855413934,0.1610226183124394,-0.1246049473349319,0.2631067909245492,0.1748807840200077,0.383220652960931,0.514684797614575,0.0391760579077227,0.2103831257852697,0.1856105514797232,-0.0538658649202102,-0.0534594924799162,-0.2002389395059609,0.5980989761373221,-0.0849614651893637,0.3013060428604994,-0.0091887488055006,-0.3220212882328788,-0.0773233593109844,-0.0322088631547177,0.2393097588862713,0.0448287889755234,0.1291198176104969,stop,2149,14,70.28473989895042,-0.0688307668256175,0.0422067385100839,0.0753045112114344,-1.0,0.6131958200758463,1.0940530620880355,2.8491217771695165,2107,0.6213078357882923,7,0.1050754936373695,0.1057704751062609,-0.0302156411465119,0.0,-1.1512348761366171,-0.5299270403483313,0.4370608117702659,0.1385905721303729,74.10142521145735,70.28473989895042,90.28228492502058,2.4380774325458034,-0.0435969460577456,-0.0849624836925059,0.0323923468376564,0.0124689152025301,0.7530894431467144,-0.001043857902918,0.0,-0.0697884074501381,2025-03-17,12.0,5,-0.0375721117097734,-0.0437553683633933,False,False,False,0.5,1.0,0.25,-0.0715799620208374,-1.0557134191231825
CF,Falling Wedge,bullish,1,0.6179085744693613,5,49,2326,2327,2025-12-17,2025,0,77.61343242645636,77.08680780158682,90.43341899016298,72.54300241884101,1.109577943395807,0.0068315790974899,True,-0.0149841341735498,-0.0368555721506304,-0.0574877839069025,0.0974782840411807,0.0976660408647938,-0.0143415811958564,-0.0079596184492394,-0.0990164942179664,0.0289642755424959,0.0250970216405181,-0.0286490168324825,-0.0054683465715372,0.0429280138049119,-0.0439739894156281,-0.0069084770283228,0.0107634136702998,0.0369833620054913,0.0135353669896365,0.0319367947975317,0.0065323251400088,0.0002626956474387,-0.0350854323102217,-0.0196469768843573,0.0175238473883299,0.0063244216073834,0.0556437290031683,0.1289751420746725,-0.117389465989751,-0.0094144598298705,-0.0114278830402797,-0.0314042847224118,0.0215976740377015,-0.0076614855460545,0.0596535778822262,0.0575585094919539,0.0951132325691619,-0.0138185277058467,0.0489417089872554,0.0521842480686527,0.0522806834471138,-0.0540475933880176,0.0060199354147678,-0.0737536379041238,0.021774999424321,0.0368779344279734,0.0016386455531992,0.1015872885414446,0.077821308422231,0.0939262070907347,0.090686559648708,-0.0002757693487286,-0.1240469389235106,-0.043650245193085,-0.0840894544849655,0.0912202372229573,-0.0258736477327578,-0.2597259673317754,-0.0064968946566852,3.3098801921482846e-08,0.1170937214320841,0.0904674441046409,-0.0819138699600203,-0.0439074405440691,-0.0369428114303004,0.3660969847538788,0.1228148602283203,0.0644654831884079,-0.0002757693487286,0.0851086524507492,0.1973421294896731,0.1866163392442599,0.0378546097164895,0.2805138238359348,0.0317278328012256,-0.0587445168701713,0.0709824731403876,0.1075296756780708,0.0004386183429236,0.2995528210918066,0.1316906189508853,0.1375657226587012,-0.0750594243505691,0.0030322540475811,0.0092774318641644,0.4231876139914776,0.0418716799127627,-0.1318026030534398,-0.0807552650233002,-0.0365290055942483,-0.0099284666889388,0.0710450295744089,0.1346695832883654,0.5739451623245384,0.5810701186951291,0.1428223663108943,0.0403953358305122,0.1516598465665224,-0.0406460409658274,0.2884519179605984,-0.0323244977605418,-0.0556830227365663,2.9121257061115458e-05,0.0702532758936107,-0.0212481147053696,0.1330428673606869,-0.0078531540636831,-0.1058081003193124,0.0261667978525721,-0.1109635990471079,-0.0798378365642734,0.1443287550757512,0.0634489137677878,0.0751792585317965,0.1302229135624109,0.5333633121341623,target,2348,22,90.43341899016298,0.1651774204916702,0.1668570867272656,0.0365714296899363,2.5283825128149133,2.5540932832386405,0.5598014729945375,2.5283825128149133,2277,0.3362404203140824,7,0.1448907345048688,0.0557625316908283,0.3863439302467106,0.0,-1.2303306853521712,-0.894090265038097,1.245720607031718,0.0921916746767973,77.08680780158682,72.54300241884101,90.43341899016298,1.771908898589823,-0.0617098639027768,-0.0355383045574509,0.0227548003226134,-0.2029702680358369,0.7798185044288964,0.0050289967573546,1.0,0.0171494425449902,2025-12-17,12.0,5,-0.0888232384683043,-0.0067338102058743,True,False,True,0.5,0.0,0.0,-0.0159107200024241,-0.0452713914005878
CF,Falling Wedge,bullish,1,0.7298556889523176,5,73,2463,2464,2026-07-08,2026,0,116.61913301180527,114.76306194709105,142.5621009735023,98.00757271942472,1.3336356845587451,0.0161730702651514,False,0.0051185752844242,-0.0048633906169024,0.0199052077281443,0.0588867295331758,0.036103712106259,0.0443605257650949,-0.0003593867510435,0.0169536905430423,0.0504329747024758,0.0224515379019629,0.0586068322228356,0.1995666266148599,-0.0001205475681236,-0.003838551886774,0.0827440011161322,-0.0227224947281938,0.0478569667196058,-0.0444951087054367,-0.0199314236954049,-0.0466370165864606,0.0399782459651723,-0.0054768227758487,-0.0215947096266494,0.0864186803465456,0.0863383999417102,0.023454512144954,0.0902926569869557,-0.0692647521587384,-0.0720518540301536,-0.0240421530407409,0.0559468171313373,-0.0998830627440199,0.1260862555772592,-0.1331268977671851,-0.1440015863608329,0.125361404862482,0.0581340646422738,0.0046646264905543,0.0177876881237561,0.0811764330095077,-0.0319840162224251,-0.0402882625178848,-0.0844377781709996,0.0398374331687823,0.042556139413248,0.0881077969196391,-0.004350854670213,-0.0343769511102548,0.0205151067588238,-0.0249552694856172,-0.1182794604530252,-0.0964895531899492,-0.0380738505052898,0.0108160020706022,-0.1178694106118929,0.0953916289218106,-0.018466029091425,-0.0516836703737972,0.0335592069182246,0.1504910595570381,0.1606643701601109,0.0510501468525712,0.261712607414291,0.2128318495069197,0.148678151692968,-0.0227145921433797,0.0362712479245159,0.1715119244166261,-0.0475989279872193,0.1942294602581442,0.1703985936756835,0.2845294508644438,0.0741355162979664,-0.0448716177470525,-0.0228119641382407,0.1025134279826733,-0.1509680844878004,-0.0162097702440169,0.1093445848316261,0.0274342430098692,-0.0431849353416081,0.0422509245055948,0.1209302837009622,0.1290059881505785,0.2136896252263451,0.1953587718016367,0.1855594383086354,-0.0445332777964178,-0.1245228070699083,0.4432686465942761,-0.0404200215084782,0.12220453911109,,,,,,,,,,,,,,,,,,,,,,,,time,2512,49,132.96499633789062,0.1401645073491557,0.2147235192339256,0.0664562566648007,0.8782639966396177,1.3454471445124176,0.4164116771355222,1.393916875003646,2390,0.3716835013859711,5,0.0329153046617307,0.5291935538548147,-0.2741700599367158,0.0,-0.8378935339381105,-0.4662100325521403,1.358760411742654,0.2442683726899705,114.76306194709105,98.00757271942472,142.5621009735023,3.654739927868204,0.1741785828588611,0.014174417900121,0.0313926747569823,0.471779251756123,0.722487182435602,0.0120062061915735,1.0,0.0109580441079983,2026-07-08,43.0,5,0.2400634178728748,0.0906542081428802,False,False,False,0.25,0.0,0.0,0.0699356095361239,0.6846791047106818
CMG,Falling Wedge,bullish,1,0.6392176922210258,3,21,1278,1279,2021-10-14,2021,0,37.09460067749024,36.5297966003418,40.22748336791992,35.22489970070974,1.0160887378834815,0.0154614624145801,True,-0.0058769285921503,-0.0257531773142237,-0.0365939214672588,0.0048782257798765,-0.0528567988983258,0.0127304395400171,0.0283741664367667,0.0146945148256798,0.0010643005371093,0.0011717564072621,-0.0257482859645413,-0.0695037107778981,0.176783211108775,-0.0197840904120155,0.0447066996425753,-0.0021006719873825,-0.012940630265857,-0.0132842393629081,0.0626358057837475,-0.0567731745135575,-0.1247717725769589,-0.0334332702118416,-0.0008393562733135,-0.0415693871542403,-0.0720808257190647,0.0171861611532111,0.0335711782823533,-0.0906943227362817,-0.0465070912246373,-0.0007031356217274,-0.0432484070648636,0.0141538179837741,-0.1064192896941181,0.0172485235169805,-0.0644590429975553,0.0039333294668564,0.0275046531635423,0.0146951911436683,-0.1608040686086843,0.0863243407631975,-0.0742580528282369,0.013142397338002,0.0275046531635423,0.0178389868387149,-0.0417227666028389,-0.0237837399259852,-0.0208817717004314,-0.0636472615187171,-0.1511193848045192,-0.2469402318296083,0.0472842331301572,0.1594390643329857,0.0654219139822822,-0.0959394410890817,0.0142244707324108,-0.0014334386755484,0.0241893948407283,-0.2804646713635617,0.1391221821153714,-0.1227021177753683,-0.0135031536126591,0.00293295755422,-0.0539411830860302,0.0862456732221699,-0.100575497636517,0.0149356039808543,-0.0439447493531074,-0.0029586652047329,0.0071045803265462,-0.0718864531489563,-0.1303236718456567,-0.2424570398442534,0.0405677388514216,0.1118855032113055,-0.0780098304373319,-0.0295813372562053,0.0474739268208863,-0.1035798901130217,-0.0876954130533299,0.1442532857259115,0.1638550288740288,-0.0564207533887247,-0.0084445962265269,-0.0435519364162804,0.0993649533779021,0.0842956520046407,0.2721236281694199,-0.249056607912333,-0.1532837277187737,0.0707597430457578,0.0057080310425412,-0.071296771086808,-0.167824988299721,-0.2181801213549025,0.15567995707194,0.0679501005173639,-0.0301653314155372,0.1885285085844918,-0.0111110828540943,0.3202029943636026,-0.1010019374938314,0.1331552646551888,-0.1017493880107511,-0.0654241521210371,-0.0358343379129634,0.0045305746482573,0.0800000567768894,0.0896668194923659,0.0210000394423131,-0.0058769697075532,-0.1200468409827415,-0.0707898920910392,-0.0288112815235852,-0.1373763674773227,-0.1854513249978188,stop,1286,8,35.22489970070974,-0.0504035881943075,0.0063135744730604,0.0617718176654831,-1.0,0.1252604169512977,1.2255440510971305,1.6756062757288008,1257,0.5344492476311533,5,0.0334090830085014,0.0056001030795211,-0.239451808582341,0.0,-0.9144169859012504,-0.3799677382700896,0.6037871901625338,0.0921791527610791,36.5297966003418,35.22489970070974,40.22748336791992,0.8496148245675214,0.1669175192817491,-0.0196680800765111,0.0230787043400294,0.1991153612054526,0.6941201049235126,0.0095551264914939,1.0,-0.007273374356034,2021-10-14,35.0,13,0.0135249960293222,0.061828300215756,False,False,False,0.25,1.0,0.0833333333333333,-0.0478630883231476,-0.7717503651443275
CMG,Falling Wedge,bullish,1,0.8204145833952458,3,63,1783,1784,2023-10-18,2023,1,36.988800048828125,36.44528682154862,43.514856571168224,35.376515479530106,0.9344087657890732,0.0149131279976137,True,-0.0040931719757204,0.0270010843582918,-0.046396601143679,0.0217793062366919,-0.0654206374411104,0.0041165307631627,-0.0049072186619241,0.036964599243582,0.0162538982300533,-0.0037159946874143,0.0597295269207835,-0.0026041411228276,0.0240176014242032,0.0763592533878574,0.0275154003216524,0.033164274024549,0.0886967818881152,-0.0641281128431023,0.0161891973030086,0.0318679263195196,0.0423731334829482,0.0108548013176623,-0.019228648223907,0.0741846039227787,0.0934211752278231,-0.0070205400565576,0.0415794825752318,0.0178389868387149,-0.0079274792545042,0.0744243636645471,-0.0509501758951386,0.1502139000648985,0.0325384858847981,-0.0445685597792864,0.1469541446136473,-0.0276576159352304,-0.0339927957107432,-0.0035807644933214,-0.0111584045935522,0.0384676949183542,0.214885486833134,-0.0845556766413813,-0.0117550505742949,0.0588899612426758,0.0780059175084086,0.0456530358622586,0.1656555345534709,0.1221935351065945,-0.0226819703143189,-0.0806079552282279,-0.0058953512165565,-0.0202779343105282,0.2348419884295434,0.0150947519889383,0.0125260149428838,0.0462045442796936,0.0911859811274753,0.1094801360294019,-0.0170755430590218,0.0317999839782714,0.0181781729914729,0.2254770905925271,0.1147800445556641,-0.1670092097422796,-0.0765844879296782,0.0298507920546362,0.0417668158589541,-0.1118205255724597,0.1421938675806513,0.2304805746302338,0.1352027029239895,0.1684022407117995,0.0707597430457578,0.2114632972886414,0.1654251715144117,0.0706986702550971,0.269374423778622,-0.0547379966758759,-0.050339335597115,0.0595787677842782,-0.2481804392976692,0.0973886323627741,0.061816344587309,0.0851074363373121,-0.1064717653666499,-0.0593757038971326,-0.1647478538847809,-0.1858438402160735,0.1323341982435963,0.0191506770715641,-0.0008438573333438,0.2034326340946077,0.2381964343025733,0.1316747579791779,0.0361863691567363,0.0206936317479722,-0.1634899369822252,0.1021370530643905,0.1526153564453125,0.0321156755476523,0.4034512075171801,-0.0360030273903839,-0.0668348404513753,-0.144544532057581,0.1652970663160491,0.1537176713710375,0.1223676559246071,-0.1248517204733455,0.1914382891762653,-0.120885697187313,0.1707704102769502,0.2207817828862319,0.3962733200607131,0.1561971157414927,0.1548247917680549,target,1802,19,43.514856571168224,0.1764333126169324,0.1771509443925122,0.0275489068511256,4.047707611058705,4.064171415749934,0.6320230475962108,4.047707611058705,1719,0.8010976711683976,6,0.0146848583328631,0.1894629165232673,-0.2599951048727799,0.0,-1.105683746256442,-0.304586075088043,0.208659072547013,0.1447052092378986,36.44528682154862,35.376515479530106,43.514856571168224,0.7070426940917959,0.0041028565568708,-0.0185368137535995,0.0192054961247996,0.019795109536765,0.4296592737150311,0.0030008650005874,1.0,-0.0192187487181673,2023-10-18,28.0,12,0.1242605032799808,0.0684325464206356,False,False,False,0.1818181818181818,1.0,0.0909090909090909,-0.0382254070395852,-0.4541133227558821
CMG,Falling Wedge,bullish,1,0.6977100314907978,3,35,2101,2102,2025-01-27,2025,0,58.18000030517578,57.02909226851023,69.16772426258433,54.41597940295503,1.446791177985696,0.0201810688349506,True,0.003093851911853,0.0078389537286406,-0.0149261584371778,0.0064075203418374,0.0226080929107459,0.0267974665406549,-0.0778603079297177,0.074440499646827,0.0284552487696956,-0.085981221809702,0.0211180743771226,-0.0405131493292125,-0.0455484697209971,0.0184059890596757,0.003268615639147,-0.004401437474381,0.0182758554656294,0.0567484321581317,0.0435017747464967,-0.0131737128348576,0.0071433688299236,-0.0093316661603081,0.0013221111723763,-0.0065314724324851,-0.0135740582751238,-0.0019193139421139,-0.0938523231884485,0.0276241423396994,-0.0192501086971582,0.0125666242080857,0.0170323888182526,-0.062036544694184,0.0613118763147479,0.0925123167900376,-0.0319192898900997,0.0200323728035232,-0.0367932854025697,0.0023152759251143,0.131118951303832,0.0637387148205794,0.1259765926345919,0.2025571080593542,-0.0101661865542777,-0.0856793487840243,-0.1039360458615087,-0.0220931682826568,-0.0981436757394565,-0.0875212160080042,-0.1951964574731755,0.1688836146941736,-0.0835487109324858,-0.0188855334737905,-0.123843087757772,0.0512490015296156,-0.0322624756834402,0.429365498383621,-0.0192182545947998,0.0040496209174298,0.0850977703635853,-0.1462183907655386,0.0083432293935685,-0.0232984700746533,0.0174080792630624,-0.0289855072463768,-0.1136170669520699,0.1284195201120557,-0.0052130809410764,-0.0677273305314855,-0.0998837741509789,-0.149020315197064,-0.1100124172715196,-0.0818435856876391,0.0860804946084992,0.1640019142586859,-0.1258386903060122,-0.0929615413724082,0.0552902301365298,-0.1829362708191642,-0.1678468987131803,0.1215674465728702,-0.243660675082856,0.0287100392937122,-0.0448473250417706,0.0529796592722666,0.393774838064278,-0.157277548838676,-0.0613873006100171,-0.0929227856560678,-0.0685013504343868,0.1382173691255603,0.1491910104163285,-0.1425097666563916,-0.1619113429740659,-0.0560384340922324,0.0273226161871456,0.1566084235029825,0.3806799570719401,0.0525289762245109,-0.0634706206494378,0.0173427917049404,0.1030828881343313,0.3814595960724307,-0.0837463837529178,0.010356319942778,0.0665366711100494,0.1376075134931176,0.2495087180546742,-0.0971771048781623,0.3085762089901684,0.3424935722209616,-0.0846399153868306,0.0022566704741902,-0.2819818429403773,0.2318167597572293,-0.2547694337407522,stop,2116,15,54.41597940295503,-0.0646961306716579,0.0238913609892982,0.0654864447113464,-1.0,0.3692857786279417,1.012215785263875,2.9191453083923777,2066,0.6441713619449293,5,0.0525595778386204,0.0353380563164928,-0.035612855295333,0.0,-1.254755874727873,-0.6105845127829412,0.4193206471104661,0.1451409633472059,57.02909226851023,54.41597940295503,69.16772426258433,1.4342861175537114,-0.0142922866615742,-0.0375154531784367,0.0246018205201271,0.1471861390624551,0.9203537881153524,-0.0075837795306845,1.0,-0.0032097241768145,2025-01-27,16.0,8,0.2827910522337129,0.1482519891882217,False,False,False,0.0,1.0,0.1428571428571428,-0.0723477188374983,-1.076140479069708
CHD,Falling Wedge,bullish,1,0.6322890279690204,13,115,832,833,2020-01-08,2020,12,63.87201800359593,63.37080898268911,78.04134908752646,61.67221715467876,0.6923990191540923,0.007909146639484,True,0.03785083276159,0.0316270003504401,0.0194347882386989,-0.0044209527115977,-0.0297061734273726,0.0419951613761346,0.0186557625985022,0.0228838316573176,-0.0176592456552161,-0.0247697697570926,-0.0028192378118714,-0.1023325688201249,0.0009567373514332,-0.0110088558885508,-0.0204604135669217,-0.01260522070688,-0.0170671527504914,-0.0381033026290817,0.0328454687740247,0.0064138652929857,0.0290133017647811,-0.0273420846850669,0.0446556358294095,0.0254265526530648,0.0083797493273771,0.1154105026911456,0.0658191884857657,0.0472108632204226,0.0334860556859901,-0.0236653094528123,-0.0064140035145922,0.012892958517723,0.0451439745424853,0.0284728279951065,0.0755338029387062,0.0610170254481845,0.0794708087412128,0.0130568077783566,0.0146863392536404,0.0049257764291765,0.0311213844749511,-0.0387753635024318,-0.0426554828751803,0.0367816555940423,-0.0422469353415805,-0.0001370912024508,0.0684775778957649,0.044501679417104,-0.0004800451691309,0.0192502053639209,-0.0352835324629102,0.0055076687056241,0.0251270113851129,0.0531478029630647,0.0425652785734858,0.0021513587498791,0.0787475534105175,0.108364623409412,0.0215560277401507,0.039725239186501,0.0792912963950349,-0.03275473054393,0.0623696735465868,0.0544458814230055,0.0578594858233516,-0.019721345477504,-0.0117428005113893,0.0116463176925654,0.0403889293855974,0.0823113462008848,0.1703049569314245,0.0537447629463117,-0.0877193014922432,-0.0004299378919838,-0.0429371977925772,0.072277201475448,0.0164459150202567,0.1751316425235014,0.1014114565109598,-0.0700869473462761,-0.0418540720309447,0.1600524085994374,0.039870141699595,-0.0150025526696586,0.0926060369103012,-0.0417782230469517,-0.0583553255623884,0.0252193277499397,0.1703598359056193,-0.0031239921928404,0.0608662264751755,0.0519764759113507,-0.0195717760917524,0.215008129301382,0.0414351857046471,-0.2230989768769788,0.2181271789908829,0.0096888774281773,0.2794028067930558,-0.0048261292090728,0.0500135835760644,0.136884826329737,-0.0399855239916369,-0.0884502087834334,-0.0748866629181189,0.0574461170482658,0.0567311655140818,0.1470617214291829,0.1109546154362866,0.1261609954753435,0.0717970254985993,0.1518005067300238,0.0101132284942531,0.0536665584501949,-0.0740736206477302,stop,876,44,61.67221715467876,-0.0344407600961241,0.1159341530109837,0.1159480398051029,-1.0,3.3661903130886626,3.366593521208357,6.441188115235626,705,0.8571631111619038,7,0.1266239062270281,0.1536384857509591,-0.0030356929598458,0.0782608695652174,-1.1585622630125962,-0.3013991518506914,0.1564944115272895,0.1857638002127886,63.37080898268911,61.67221715467876,78.04134908752646,0.744125171496723,-0.054275606783511,-0.0034406730829765,0.011648564770113,-0.0632756418897941,0.3085133149902205,0.0002864440754923,1.0,0.0387575328462161,2020-01-08,37.0,8,-0.0009156753735022,0.0126889207572029,False,False,False,0.1428571428571428,0.0,0.0,-0.016664842332892,-0.2142505972821889
CHD,Falling Wedge,bullish,1,0.6585272267259717,5,42,1025,1026,2020-10-13,2020,2,88.74923725128649,85.64491989458779,96.13423292838324,82.38591924912437,0.8008034070409701,0.0362463688508263,True,-0.0323122915711268,-0.0113002267812517,-0.0394804481563446,0.0338298554508498,-0.04712038907412,-0.0317282712765364,0.0238991664971188,0.0048685054676715,0.0080765219728162,0.025872710233481,0.0028509899343112,0.0071421196452896,-0.0012628737413397,-0.0471272997290677,-0.0239756703769803,0.0686904995011432,-0.0205797039462564,0.043648242398097,0.0366659963969919,-0.0013828743906895,0.016501853900263,0.0041622688310862,-0.035489851548016,-0.032417255748974,0.0033061290345282,0.0108603754880716,0.061056485379966,0.0367230749111702,-0.0570695686136558,0.0002002092612984,0.015773520068206,0.0049418989000478,0.0107453378837598,0.0233669838213239,0.0191952527691345,0.0754861598420659,0.0222427109052862,-0.005422791276135,0.0235027515481247,0.0042296617452679,0.0066433490005171,0.016271557746504,-0.0556620751342239,-0.0233951159940732,0.0431946401251523,-0.0440614766678644,-0.0944188477013698,-0.1037986720443882,0.0106747238138966,0.1000447488883429,-0.0333445739052221,0.0083117071253064,-0.0883459613684508,-0.0205097310163604,0.0003040124989692,-0.0797472427840547,-0.0022765508185189,-0.0390852715571972,-0.0756172608211358,0.0915303192594221,0.034518861151142,0.0143401601791695,0.0121668917196868,0.0017103942804506,0.0354566046130191,0.0051184134053063,-0.0400402218198506,-0.0266811014156577,-0.089845293772783,-0.0906658410574061,-0.1365674437174036,0.1194160347385535,-0.0360154338100099,0.112566704098971,-0.0327943336343684,-0.0150025526696586,-0.0589865542643526,0.0394952894994038,0.0845052023738965,-0.0868415694192371,0.0357739591266559,0.0740140727932623,0.0920255220978323,0.0915552117882749,0.0471292007939019,-0.025364027134892,-0.0015126580298008,-0.0119321633228703,-0.1607680703247954,0.0631403808147428,-0.031270247013049,-0.1056225394825292,-0.101606357894355,-0.1932249020039661,-0.1865879662106462,-0.0544015421019884,0.0599451956798104,-0.0328259470242026,0.1936236730721703,-0.0606222126820965,-0.0668624480946414,-0.0803040741192641,0.0975705371162993,0.1817749894641622,0.0083482256273459,0.062092589691399,0.0304373380783058,-0.0126237117362247,0.1114630560389875,-0.0055353283139556,0.1293495265785953,0.0601508891357875,-0.0685156965335044,0.1279247232681593,-0.1263264487410799,stop,1036,11,82.38591924912437,-0.0716999739856342,0.0103860456036413,0.0746959479867972,-1.0,0.1448542450757695,1.0417848687331923,1.1605573813201664,981,0.6459122250890019,5,0.0812844990540695,0.2404329726912935,0.1025473211421237,0.0,-0.909757680268534,-0.2638454551795302,0.437612406923368,0.1243455193330548,85.64491989458779,82.38591924912437,96.13423292838324,1.7091733988849265,0.2121300715421636,0.0152880997179052,0.0192867909940513,0.3296429494971649,0.7667724542724567,-0.0005360729761803,1.0,0.0333996288800235,2020-10-13,37.0,8,0.1346061692278157,0.1048794978232843,False,False,False,0.0,0.0,0.0,0.0186383373922439,0.0934592483674629
CHD,Falling Wedge,bullish,1,0.6830784609100733,3,16,1606,1607,2023-02-03,2023,0,80.79343097189575,77.08595218908442,83.44925432108812,74.16199502946608,1.6178719646799118,0.0480953880379817,True,-0.0191694287523428,-0.0148989499767516,-0.0451327288687736,-0.0038413188637899,0.0261059284894271,-0.0170671527504914,0.0171615228014008,-0.0118191678856697,0.0256897826818054,0.0356128482084245,0.0364941435217784,-0.0706336848678252,0.0439008757132231,0.0336973890804634,-0.0251518416831223,0.0057898721695788,0.0141573508195873,-0.0259919994990005,0.03785083276159,-0.0259919994990005,0.028509899775271,-0.0133320331701706,-0.0224698546990781,-0.0053818597145617,0.0007920996065087,0.0095659895742905,-0.0236653094528123,-0.053532271711133,-0.0205771142627666,0.0108516356456622,0.1212517892134918,0.0288552484075379,-0.0195113192995183,-0.0846389045326789,0.0061015500134093,-0.0666201831643948,0.1313310877279263,0.0252692764254474,0.0111343363400098,-0.0783156959402074,-0.0178847399444181,-0.0018330631660276,0.0441525526729122,-0.0603051411435762,0.0077394819996869,-0.0038503199847037,-0.0075188304579164,0.0054634987012942,0.0276834579239311,0.0053360347524495,-0.0116231247456023,0.0455499665042296,-0.0280247905779276,0.0081437643401427,-0.120149603696553,0.0007978683380451,0.0414438676634052,-0.000433508527373,-0.0213216268085859,0.115118154578613,0.0273542492056857,-0.0171897720010705,-0.010731618155569,-0.0944188477013698,-0.0335087443639022,0.0179171007246252,-0.0159944576831739,0.0517960695246526,-0.006906052422649,0.0550455915590388,0.0483876464516519,-0.0202803140573134,0.098139005365532,0.0236704884336023,0.1764623488478458,0.2598674526135507,-0.0391657683360252,-0.0251996812964078,-0.0363546462002836,-0.0165008240953064,-0.0315140022684775,-0.1005233407315598,0.1234945028095995,0.0554891268658088,-0.0448587866335656,-0.0418540720309447,-0.0737588368887326,-0.0003404410534644,0.027599398960709,0.091834286206784,-0.0925816863668143,0.038364381051812,0.1518005067300238,0.1454119617538485,-0.0093346989500705,0.2364969579537299,0.0680204445381913,0.0286896633535014,0.013973817391949,-0.1180933934444091,0.0614464050604435,0.022885619275681,0.1184195421999616,0.0139628626553276,0.0679159928183845,-0.0495459155162162,0.0289551834587864,0.1439817137027332,0.3099413855795909,-0.0359556893795196,0.0137066875050668,0.3365483730252778,0.1262207129528743,0.007960596317271,0.0824906937050961,target,1645,39,83.44925432108812,0.0328717733266732,0.0518399478200246,0.0321856205690662,0.400489934947531,0.6315867757970526,0.392130262029152,0.400489934947531,1590,0.3613832316645774,5,0.0101227900863517,0.0065279873179293,-0.0453798644840199,0.0,-0.7097161189262863,-0.3483328872617284,0.9024125630658516,0.0788995112494561,77.08595218908442,74.16199502946608,83.44925432108812,2.1927018678695824,-0.0129018501335612,0.0196151206282111,0.0276666814810573,-0.0405383176023239,0.6999999999999982,-0.005137093582735,1.0,0.086905061756624,2023-02-03,57.0,15,-0.0002183848256204,0.0101128593551134,False,False,False,0.1428571428571428,0.0,0.0,0.0398460586326269,1.1690527418091925
CVX,Falling Wedge,bullish,1,0.6295389024041341,3,23,658,659,2019-05-01,2019,1,84.73910556103345,84.5760678902555,95.97143874975824,83.2965932835377,2.14493243885669,0.0019277045486378,True,0.001876123022134,0.0161042914896261,0.0350190726596224,0.0536636919507726,0.0059268921923127,0.0249209036070603,-0.0533576691262565,0.0053689916813537,0.0577250710561936,0.0316407251780326,-0.0042449115244646,-0.0203783228705386,-0.0245010196074946,0.0055484716452189,-0.0604956862991027,0.0234436155113242,0.0132928883663481,0.1175234371832769,-0.0346093805480879,0.0276250370754527,-0.0147116898071658,-0.0189793154805353,-0.0066449171200321,0.0414394619137501,0.0641357584861586,0.0117377582392974,-0.0981186550041441,0.0512779722458962,0.0352868703311632,-0.0045542087187163,-0.0081064440224069,-0.0024058896624055,0.0488241537772591,-0.0434373665956401,0.0691865546993828,0.0060883822524013,0.0286140781243156,-0.0433758634030184,0.1082587212764318,0.0390714547933412,0.0467145685150423,0.0340110043429344,0.0260500720632193,-0.0082518757061305,0.1636947543830005,0.0184111598171889,-0.0065209813093372,0.0368484795644702,0.0560140457552862,-0.0552979747347655,-0.0454573050929103,-0.1618335903829229,0.0126639786890543,-0.0585671327019966,-0.0136049956445477,-0.0576284412258144,-0.0086606260994923,-0.0004762513980353,0.0401843326686874,0.0198890879050326,0.0030060042890922,-0.002012590590446,0.1656401625399084,-0.0003947697572499,-0.0212763751375353,-0.0065170517303364,0.0925614602273763,-0.0194510173484278,-0.003460028820835,0.0600381305622326,0.0557947339208733,0.1251300622588123,-0.0290306070754379,-0.0149384367913408,0.0330435071159231,0.0402308862579614,-0.021213666584934,0.0434152410162305,0.132472287393832,0.0586482839871074,0.020294655574838,0.1421792494220595,0.0122685582647144,0.0306826778458204,0.054543816676766,-0.0162894953075165,0.039744939943056,0.2507873210946509,0.1117988456047518,-0.052559710397514,0.1713157165802594,0.0034119239182306,0.0652904398216094,0.0248390214251568,-0.0218116788258397,0.0124102598100641,0.0776078846936629,0.2511741232951665,0.1342076224368997,0.0888423789182004,0.1662390237763178,0.1587243557206477,0.0038622792580149,0.1156616479661358,0.0386200431001935,0.2848728670112288,-0.0955872549458118,-0.0132305411647849,-0.0131717348056674,0.0946133696819087,0.1349286459829723,-0.0744599426149782,0.0341793058954049,0.1677685456932476,-0.0119821202225397,stop,679,21,83.2965932835377,-0.0170229821042514,0.0499638974872267,0.0208143566224815,-1.0,2.935084885905403,1.222720936614457,7.786646508287951,634,0.7609393540076755,5,0.038621636999114,0.0237619355287983,2.1174689167701763,0.0454545454545454,-1.3546833176872504,-0.593743963679576,0.1998899432025718,0.0865683508424657,84.5760678902555,83.2965932835377,95.97143874975824,1.7965376658179752,0.0060395501534376,-0.037207376171034,0.0211054272907429,0.0773533718712113,0.0210065042266245,-0.002165555544026,1.0,0.0204221561551631,2019-05-01,14.0,15,-0.0456815090788181,-0.0638478743733415,False,False,False,0.6428571428571429,1.0,0.0714285714285714,-0.0184211590763786,-0.678619891909614
CVX,Falling Wedge,bullish,1,0.6700819148635871,3,26,743,744,2019-08-30,2019,0,85.33944981272778,86.20204528627656,92.83117805733394,83.67046220778697,0.815889545427953,-0.0100066706153445,True,0.0312688856636813,0.005010079488706,0.0221816601109681,0.0152407447307649,0.0146434005975459,0.0048215464191561,0.0163842759750911,0.0294164850741005,0.0294084792283955,0.0023032461491165,0.0009597674044958,-0.0464913586607741,-0.0088989095602347,-0.0057746660774443,-0.0299130220094685,-0.0872643992561837,0.0283705481660212,0.0144715173607228,0.0045305405915263,-0.0503345242650308,0.0244554795549372,0.0021909409802236,0.0322337980379848,0.0721256564020542,0.03912129888107,-0.0024058896624055,-0.0720632316401523,0.0140692496886289,-0.0008380066302254,0.0178688337366197,-0.0087274621993507,-0.0008838627531345,0.1096766508287117,-0.0094963559975849,-0.0190298916837267,-0.0081347669141871,0.0168472809211241,0.0237001310496638,0.0471001957216463,0.0145696827837007,0.0082752993059627,-0.0543916511989593,-0.0763672143515931,-0.0048250114172062,0.025955242294045,0.0710806953079754,0.0244448515828101,-0.0016086450883592,-0.1369968973781712,0.0044339658556689,0.1056678938588548,-0.0104521834242886,-0.0232904581309726,-0.0426346695928697,-0.005958225711192,0.0197054033819661,0.0007765321625274,0.075265298674763,0.1015241961402602,-0.0207512321093579,0.087831579003027,0.1282510932098313,0.0039366626805357,-0.0314743336541653,-0.0095992370854514,-0.0111154023129264,0.0453257418988979,-0.0303775637620902,0.0119414433975678,0.0234084309005246,-0.0252222481520585,-0.0090922813210163,0.081614930921231,-0.05843345857624,-0.0169461995741375,0.0959101356331519,0.0770650714522891,-0.1352179163897803,0.1261018453192741,0.0132585817804671,0.0415446726941983,-0.0833647369660646,0.030090432984559,-0.0388796844228704,-0.0072635100027359,0.047653321310042,0.1085860759766561,-0.0817480029676843,0.1409968850218574,0.0629895779986191,0.0645608196970899,0.0004371028720793,0.0326200857147522,-0.0508267812447089,0.0237196346658659,-0.079852359355006,0.1773489163833412,0.1202793998251094,0.1692231468709744,0.0105466077803857,0.1857079258722016,0.007340467386407,-0.0518951748280395,0.3696126145359557,-0.0284478070915258,0.0522700243643265,0.0018771668951844,-0.0867939692118509,0.2084094622967562,0.1830327926751311,-0.0023833288787858,-0.0006898551825492,0.01298301986135,-0.0234107796489312,-0.0298238095460627,stop,765,22,83.67046220778697,-0.0195570466953244,0.0820590912541626,0.035846861773916,-1.0,4.195883587769975,1.832938394654757,4.488786029583399,717,0.51172833601371,6,0.0547616792338979,0.016095124931815,-0.1654173086577912,0.0,-0.7750029933354874,-0.2632746573217798,0.5783615071702221,0.0753691979309088,86.20204528627656,83.67046220778697,92.83117805733394,1.5186986217476903,0.0070303714956547,-0.0261694226750873,0.0175011898388523,-0.0165387062360887,0.2799987792968816,0.0039143470626497,1.0,-0.0005808884578653,2019-08-30,14.0,15,-0.1706479205652312,-0.1133853703077275,True,True,False,0.7857142857142857,0.0,0.0,0.0338151776378178,0.37306310642353
CVX,Falling Wedge,bullish,1,0.614901547101154,5,80,1042,1043,2020-11-05,2020,3,56.20080099526334,55.56135107971494,74.58559940938463,50.10372899492216,1.0138473587887018,0.0115088978781485,True,0.1126898607220063,0.1033164104951305,-0.011495388755963,0.0518119449853817,-0.0198594000168705,0.0313116495173344,0.0263051300887764,-0.0879266361629568,0.0344584347834537,0.038650274245592,0.0437046463932824,-0.0035550217868003,0.0174030726987575,0.0006524005670089,-0.016146941027178,-0.0253983465804062,0.0200525847480514,0.0226881826820661,0.0573687567172227,0.0101278879963735,0.0687927259211012,-0.0393238139979192,0.1017087535711909,0.1998820765375384,0.1774488408801506,-0.0201619767188889,0.0139472953555552,-0.0301539492964033,0.1311934071605014,-0.0112697082070368,0.0211262546352555,0.0281051858268035,0.0021195967512093,-0.0063169918862779,-0.034140483535741,0.0585712396234072,0.0054897302730498,-0.0252044670852064,0.0659148387766328,0.0372449943322381,0.0163468620953268,0.0452521185177414,0.0144679945710568,-0.0633088530622094,-0.0250624786000815,0.1886740460611917,0.3055524361218826,0.2486265356734844,-0.0552887099688943,-0.0208331499748949,0.0021502512488009,0.0125097826690805,0.067841118244657,0.0665110488576576,0.0020315048964969,-0.017724539177724,0.0321958299286231,0.0870646039126903,0.0826577980981273,-0.0431505768541183,0.1225101640436365,0.0463917420531776,-0.0050082532037101,0.0198613897287958,-0.0038463115332258,-0.0466669853339442,-0.0955339383448111,-0.0334133999742195,0.2945394676560726,0.2176573621711282,0.1519786258031059,0.2128518438017319,0.0435591945529074,0.0185526073347208,-0.0169461995741375,0.1327668071986294,0.1580353566019152,0.0974065947877182,0.2069950748428068,0.0276362359003952,-0.015234012942917,-0.0210995073096977,0.0599317550509583,0.1449625580033622,0.051959964583806,0.2351727327192658,0.0801048580398013,0.1695901365444374,0.0548789274880354,-0.0118892491639494,0.1021444463596406,0.1310883559301566,0.2450893959358737,0.1492194735884249,-0.0957325421752305,0.2108174376293314,-0.0339036172029172,0.0249257709676304,-0.0424898488629807,0.0410293607195857,0.2033232978497634,0.3797599847518205,-0.3968437491499195,0.0870796898569037,0.0290303796505493,-0.0100077180502403,0.2431441745464382,0.1620904881884228,0.00267026402687,-0.0314274501791553,-0.0512837193918763,-0.02619135014475,0.0288092572114333,0.1626718657305419,0.2007157971372627,target,1055,13,74.58559940938463,0.3271269819743454,0.3411024187469942,0.0230344575026939,3.015348746593859,3.1441697185026003,0.2123240404689848,3.015348746593859,959,0.4813572633548336,7,0.159677300114707,0.5069050423622827,0.3723167503641513,0.0126582278481012,-1.7207461165629538,-1.2393888532081214,1.025522567592958,0.1655063344139808,55.56135107971494,50.10372899492216,74.58559940938463,1.8609939458370877,-0.1493409375724068,-0.0366768875792703,0.0332785497051591,-0.2222231949155375,0.3140475544934673,0.0018111946541046,1.0,0.018791123975564,2020-11-05,10.0,16,-0.1145146039269207,-0.1156268537943367,True,True,False,0.6,2.0,0.1333333333333333,-0.0084010740244952,0.0136987796250707
CVX,Falling Wedge,bullish,1,0.6842689415065814,5,70,1245,1246,2021-08-27,2021,0,81.09125901691179,80.15809180078978,92.26892292513122,74.43561788401149,1.0729695924809055,0.0116415847128839,True,-0.016146941027178,-0.0208256874886402,0.0220738200295071,0.0172856920967143,-0.0166408316274243,0.0758961918733058,0.0423912666251486,-0.0576819444963411,-0.0132732173967797,0.0293707276697294,0.0310756861518695,0.0065201832022458,0.0758961918733058,0.0453809545664893,0.0758961918733058,-0.0111944719097101,-0.0127248077551334,0.0193266274328138,0.0160251309810601,-0.0463584637715946,0.0290447289019637,-0.0421847577719783,-0.0304531859546029,-0.0113030234187526,-0.0015682418846634,-0.0102071791825602,0.1082587212764318,-0.0197675640602008,-0.1902817854837994,0.0119026396947961,0.0641179974624615,-0.0187004466920599,0.053987823312648,0.0179662798907629,-0.0732858218109668,-0.0621083216766945,0.0268994457926443,-0.0237406248924157,0.0999584140834259,-0.0736226683981481,0.0435249792296887,-0.0143737521784704,-0.021092263945578,0.0331722632735094,0.0410532024636318,-0.0109860903267079,0.0391562314257327,0.0544832773368151,0.0333911792938481,-0.0097888955809027,0.0085916870361368,0.0457328540251058,0.0301663660331032,0.091075758778331,-0.0187566685449246,-0.0697559310292303,0.3055524361218826,-0.0006610800960348,-0.0750588993299375,0.0633793704329459,0.1117886710300211,-0.009537387404601,0.3190703537807453,0.0415872226425069,-0.0529695507772959,0.0044965450613816,-0.0451489191974345,-0.002342229902813,0.000615587307091,0.14895533513353,0.1355634965643042,0.0323219832922712,-0.0380960431185626,0.1532893363917726,0.0017307342980132,0.1955266983656676,-0.0357959470430976,-0.0311722209128271,0.1009519160720915,-0.0710817013420652,0.0047440497954429,-0.1112753120748258,0.0568901245881894,0.0659937473770835,-0.0373759778434465,0.2179729116749209,-0.0944001062033057,-0.0436724910887525,0.0375766814921447,0.1905129268392535,-0.1159160629763006,0.1250190727543466,0.1628474104640083,0.1227163563891333,0.155784629662784,0.0269280354313472,0.0201866339246776,0.3714708362425059,0.0319407299611855,0.0632741243285033,0.0194403948127193,-0.0364642473850997,-0.0451366951120232,0.1800302730295917,0.2140152102167822,-0.3504033882227226,0.6964601967631348,0.01410367615629,0.0709700031416957,-0.0696984504445181,-0.0201180948704631,0.0043831942665555,-0.0632467415791691,0.0116780518229684,0.098067491856671,target,1282,37,92.26892292513122,0.1378405520364198,0.1420927548147757,0.0583308691145233,1.6794270732185026,1.7312352266340447,0.7106939093613913,1.6794270732185026,1175,0.4473237291328854,7,0.1252101112312481,0.0890662322522028,-0.0274777980846397,0.0,-0.9882609909486588,-0.5409372618157738,1.0439016639202496,0.13445486335159,80.15809180078978,74.43561788401149,92.26892292513122,1.6721900698324803,0.0206834346009285,-0.0171218353464124,0.0207151646584878,-0.0083918881101578,0.4184382964217514,0.0094629839884861,1.0,0.0267721762965809,2021-08-27,2.0,16,0.0975188156306539,0.1092132933437208,False,False,False,0.0666666666666666,1.0,0.0666666666666666,-0.0255738770218609,-0.4069407436854371
CVX,Falling Wedge,bullish,1,0.7094556349025515,3,25,1468,1469,2022-07-19,2022,2,121.87000073419642,112.4296353830632,152.65135893358456,111.64897386428242,0.5748642503874193,0.0839668768734203,True,0.0195156657950281,0.0235412135767969,0.0319048675909066,-0.0395908431171915,-0.0452668476632117,-0.008257099206964,0.0226364674787278,0.0110850217264819,0.0687927259211012,-0.03435464443862,0.008482742246118,0.0397021976756948,-0.0740535548146298,-0.0134862088527725,0.0498226830409649,0.0007803852299854,-0.0030523560830936,-0.0169316431499222,-0.0673589775601907,-0.0265294075596614,-0.0387499782461948,-0.0016320337967143,0.0263184909739874,0.101314957168215,0.0615918917337261,0.0372395224635251,-0.0157592474105251,0.019916347147675,0.0354256356426399,-0.0034537306097089,-0.0492677762132663,0.0094485563466255,-0.0039999309694543,-0.0834139260639682,0.0712571637400498,0.0725181039020015,-0.0237318540114643,-0.0276469584144402,0.0176015471715083,-0.0255634797619966,-0.0910066638856473,-0.1072365005091663,0.0529457820361964,0.0079067881860539,0.0644683413469004,0.1034325711615381,0.0824222050312997,-0.0124387553984464,-0.0182427272099873,-0.0245431491106273,0.0918312161442957,0.067672344142635,-0.0968945856248147,0.020098907647255,0.081877333764698,-0.0377549586905308,0.0528769138030458,-0.0182427272099873,0.0091778198272236,0.0734806797617626,-5.463230326074875e-05,0.0178130089857739,0.1171504569928829,-0.0352198614315031,-0.1289170673575503,-0.0065170517303364,-0.0379239387758328,0.0607509322316235,0.0730012593384614,0.1401627045340814,0.1347353690997963,-0.010706341069834,0.0579649972126894,0.0261186930995738,-0.0766557893630796,0.0996331276097757,0.0100726900441723,0.0311399696847922,0.0776263367071461,-0.0685964853753993,-0.0803226151200603,0.0036080215165088,0.2652189479939899,0.014304493557645,-0.041963616386371,-0.0616893054017249,-0.0585636931553243,0.1393122433864926,0.1955000239671234,-0.0899094264695418,0.170440346251919,0.1100360735995567,0.1008468139667628,0.1886122071687738,-0.0050406861447783,0.2217666833963916,0.1451726512602653,0.0901755966128408,0.3576606153802466,0.02312738472738,-0.0481176669940602,0.01298301986135,0.0869231973334874,-0.1917270442844834,0.1342076224368997,-0.0916897632143242,-0.0848688415049053,-0.0990314203993049,-0.0287861513548751,-0.0657566258308312,-0.1507506338513375,-0.068466756800715,0.2069630641166997,-0.0025086673642937,0.0787350350976802,time,1528,60,134.1602020263672,0.1008468139667628,0.1650230151495476,0.020761337862095,1.2024429099533496,1.9676452506580575,0.2475469727943016,3.011571986958991,1441,0.9347525573284152,6,0.1138806178285785,0.0896838529706953,-0.3270756611962875,0.0,-1.3008142902695696,-0.3660617329411582,0.0270097604693728,0.1943109623352495,112.4296353830632,111.64897386428242,152.65135893358456,4.022375754467276,0.0414519478905601,-0.0927888101863668,0.0329803578758845,0.1424504802344375,0.9284446943599768,0.0007878935695142,0.0,0.0721863442252068,2022-07-19,19.0,12,0.1571072437952789,0.0723227670379274,False,True,False,0.0909090909090909,4.0,0.3636363636363636,-0.0151012109568874,-0.5985357416107628
CVX,Falling Wedge,bullish,1,0.6126182261000814,5,52,1639,1640,2023-03-23,2023,2,131.5998471100251,137.2302525963103,170.73883359810884,129.6965255000133,1.0580922878648904,-0.0410288939921148,True,0.0676530296148334,0.0373855568590988,0.0014585451107502,0.0073367549480614,0.0111831262964663,-0.0313750548222808,0.0136411552909436,0.0134174648113081,0.0696418635015969,-0.0267543112307191,0.0219410707311098,-0.0029959714274839,0.0003751930702546,0.0234995858017297,-0.0066033395126717,0.0040635294791058,-0.0147314872507623,-0.0100987004209165,0.0058558427630523,0.0124410696922419,-0.0071256140635119,0.0171209253273811,0.0625384472100506,0.1022350977022072,0.0579567597236421,0.0955456386332695,-0.0100694278540384,-0.005336448259215,-0.0027614050569312,0.0564889358122844,0.053987823312648,-0.0561197029835764,-0.0374310269909888,0.0362654098748913,-0.0561197029835764,-0.0074760102899861,0.0053307019357595,-0.0294359951714929,0.0293188824712868,0.019524118050838,0.012645605419137,0.0341211621127244,-0.0785106786285931,0.0446055455184268,-0.0258100596004243,0.0982969294360851,0.1118999749056077,0.0599400888447652,0.0171777644547805,-0.0089668802157544,0.0230425062701187,-0.0200275366138276,0.1060395547526764,0.039337330769436,-0.0033360282012984,-0.0003918797853528,-0.0041524470362236,0.0040365420830781,0.0162497361530786,-0.0647264285448719,-0.1289170673575503,0.1176882189467922,0.066504958198537,0.0122031253213217,-0.0629928242623323,0.0407972178667657,-0.0864448412986352,-0.0227838230546114,0.1098831149833014,0.030572621786572,-0.0377716132820622,-0.0045358371134726,0.1564626641844675,0.0381079344254096,-0.062495960009487,-0.0310284071962325,0.0837207679350724,0.2847909466334322,-0.0007647863140404,-0.0550605047201421,-0.0458414753119176,0.2639311095098589,-0.0175101778633692,0.0346107600710536,0.1649336261691538,0.0312657162385727,0.0996331276097757,0.0862822965685543,0.0412674897992153,-0.009367002201452,-0.1168409596543008,-0.0165054446514355,0.0202818552286763,-0.0995731691059778,-0.1758293029841362,0.0950141959421182,-0.0857132637276973,0.0107319071583531,-0.0164891354675699,-0.1011800047119024,-0.0163601339341865,0.1240063036352969,0.0718444566109397,0.1156360763543822,0.008334069856543,-0.0502055727011971,-0.1098435584423573,0.135393002959036,-0.1140498071855941,0.0190250593173011,-0.0775501095167273,0.4489230498883709,0.1403325593963438,-0.0106750433662807,-0.0002853822253754,time,1699,60,134.26893615722656,0.0202818552286763,0.1366206868966,0.0058756238155644,1.4023321298731557,9.446255122142862,0.4062535683601604,20.56351710725391,1585,0.6431637725555692,5,0.0619566036740317,0.0019730181585606,-0.1081702978240602,0.0,-1.330535090810078,-0.6873713182545108,0.4651131368352664,0.1607447708487489,137.2302525963103,129.6965255000133,170.73883359810884,4.500997023019118,-0.0470094454277145,-0.0746100610223182,0.0336664945055006,0.0134302454359915,0.2455526835943444,0.006086858819805,1.0,-0.0149488117845014,2023-03-23,15.0,19,0.0378624785235721,-0.0508694298483913,False,False,True,0.2222222222222222,0.0,0.0,0.0275117254822249,1.0246760847777303
CVX,Falling Wedge,bullish,1,0.6577088837513042,3,18,1952,1953,2024-06-21,2024,1,142.23066388609325,139.33633361191892,151.29589140018493,137.61768125102026,1.2523680964635926,0.0207722580259335,True,0.0009597674044958,0.0011619639273371,0.011648889567793,-0.0056240523420187,0.0055934165536406,-0.088762194777498,-0.0039269197558937,0.0456278141271977,0.0293922676366293,-0.1917904017849415,0.0535881345987998,-0.0116002347664418,0.0075977621594465,-0.0653670712249218,-0.0741879805199702,0.0235828858639419,-0.0476060548884994,-0.0098658597487641,0.019595026229257,0.0338481583105203,0.002466205466161,-0.0488160086904928,0.0166900783037986,-0.0124143276670271,-0.0325306332184333,0.0153233383160495,-0.0361648654359619,-0.0593585173971102,-0.0011756161496068,0.0144679945710568,0.0596975886749937,0.0002853414740622,0.0130116012560785,0.0368946679755379,0.0576366879128968,-0.0080856859714931,-0.0189616964360092,0.0726980401162027,-0.042870468977185,0.0370641773504447,-0.0218400202719383,-0.035333551967025,0.0447043941897591,0.0214192338167007,0.1141905782926653,-0.025594488734033,0.004607569724526,-0.0143513745916548,0.0028805222421122,-0.0193856682226851,0.061397192450588,-0.0148757919033409,-0.0273221782430268,-0.0237963248849534,-0.0268932607461704,0.0257033027946067,-0.0390292395508905,-0.0360512758569131,0.1213246724104357,0.0066144703076762,-0.0503014194996288,0.0323505081772226,0.1063420464770212,-0.0112375733828407,-0.0989931712543608,0.4344317633259187,-0.0399677235863964,-0.1732899643727319,-0.006887474609556,-0.0498923263224493,-0.0779633525248106,0.071292477838313,0.1137809637079048,0.0305034581033267,0.0781468955145865,0.0053196931764698,0.0578766881302856,0.0690065746323644,0.0476028193315174,-0.0230819366651334,0.122431408026135,0.2274962499531472,0.1649336261691538,0.0294849811839343,0.0560437973013907,-0.1098845057477484,0.0011931848684354,0.167487086902045,0.2087463082623979,0.0204930700270551,0.2128811375172037,-0.1274800252340886,-0.0720225630843499,-0.1064499507984707,0.1094264680927548,0.0116780518229684,-0.0321169330787586,0.238581146612768,0.2227081893022631,0.0385441027283397,0.006282510997225,0.0998573046303052,0.1324917470803619,-0.0704378913900076,0.1630878220121712,0.0392701225957552,0.1760680298566586,-0.0664740803820985,-0.0490067451530293,-0.0206388676324523,0.1275222291409457,0.086804132428315,0.0532740275437766,-0.0473696690642928,-0.1330001479915484,stop,1981,29,137.61768125102026,-0.0324331090711026,0.0512573476571276,0.0591922516803912,-1.0,1.5804019141290764,1.8250563506145845,1.9651553520205756,1933,0.7216247237969138,5,0.0307312619810606,-0.0408713924432969,-0.0648401956695574,0.0,-1.1639383820923694,-0.4423136582954636,0.2317882960160962,0.0639412753781707,139.33633361191892,137.61768125102026,151.29589140018493,2.699277822002246,0.0193518249339037,-0.0211106546195738,0.019099165589642,0.0456310632481742,0.0244888299296764,0.001021756392298,1.0,0.0310226987450421,2024-06-21,24.0,21,0.0816724244570805,0.0452561135989806,False,False,False,0.1,2.0,0.1,-0.0014805809805425,0.1958009012708365
CB,Falling Wedge,bullish,1,0.6185993424978461,3,30,923,924,2020-05-19,2020,1,93.69586208770816,89.78264291000471,119.2759195024039,84.73420763009514,0.8693932873533126,0.0435854754423519,True,0.1906467925863193,0.1645839695819544,0.0167521213556371,0.0122686971995034,-0.0079192353390966,-0.0096715111820309,0.0027005087495493,-0.1127401376415248,-0.0188418673324104,0.0167415953602598,-0.0160083255672809,-0.0250055480824061,-0.0350545046556453,0.0052033481938054,0.0544282236863686,-0.0363830139795207,0.0047709021509119,0.0029331329832968,-0.0021277278548019,0.0249753270072476,0.0178128129817043,-0.0127542890403876,0.1965427671366603,0.2243415432986293,0.1690377706958514,0.0389691946134278,0.033820409156317,0.1637021462921881,0.0166586833502702,0.0677737601586891,0.032581301243713,-0.0271131254272194,0.0135986974564015,-0.0020379822086041,-0.0193598595170232,0.017526510714783,0.0488718291277869,-0.0593940447003585,-0.0077305760599705,0.0756416996056394,-0.0035522915653741,0.0013342426484732,0.0178439356692332,-0.0328955406000759,-0.03833151410815,0.2074461695061219,0.2558094221193578,0.2022634706896988,0.0496883632784062,0.0302626327926789,0.0718742471354314,-0.0202016040993228,-0.0315393051806575,0.0274127478145604,-0.0188846285284635,-0.0326187259614826,0.008450336063442,0.0372094367822282,0.0190636820161689,0.0552910829797264,0.0791954913900998,0.0917703678322439,0.0391088899011873,0.0392554243820648,0.0651317448668089,0.0151093946073719,0.0127368445062667,-0.023919090291857,0.2300895555050127,0.3250679227588189,0.2358869092397288,0.0415349205203638,0.0539717463590156,0.047635257367059,0.008017300560988,-0.0139591863499372,0.0483815140185961,-0.0325651669034698,0.0407904748189325,0.0249768609934022,0.0930271145545147,-0.0045796203308945,-0.0702637666075223,0.035474698423463,0.0138293160970437,-0.1210600223293103,0.0094302501331904,-0.1372952888907812,0.027632882174549,0.0043678107865665,0.0641940874567597,0.3183908636161924,0.2780188620115866,0.134376896313769,-0.0407361516060073,-0.3055821329553694,-0.0049579966351294,0.128977333271034,0.0428200708721724,-0.0497258236429584,0.0951572351787595,0.054944523811883,0.0339172266489611,0.0543863079844775,0.0677550916868605,0.1370709948562529,0.0463210068015691,-0.0013788856829359,-0.0447950105415378,-0.0322044033068277,0.2030852890806456,-0.0271840742415855,-0.0004133765677379,-0.089399239547059,0.2646159627383133,target,934,11,119.2759195024039,0.2730116020572006,0.3043184350954099,0.0030015255834406,2.854390061085785,3.1817091654570846,0.0313815410367525,2.854390061085785,892,0.7543162387741372,7,0.0971087112514437,-0.3410186604028741,0.1972486706317233,0.0,-1.045829131575342,-0.2915128928012053,0.2373236652708518,0.282174187193123,89.78264291000471,84.73420763009514,119.2759195024039,3.773312757574995,-0.2801908357449681,-0.0555183259628268,0.0407653019394449,-0.3171812663292871,0.0060780053197008,-0.0072145221156137,0.0,0.0693306038615086,2020-05-19,48.0,10,-0.2782825867117019,-0.23884659086603,True,False,False,0.8888888888888888,1.0,0.1111111111111111,-0.0138995500622916,-0.1686135915414781
CB,Falling Wedge,bullish,1,0.8049966376950091,5,45,1645,1646,2023-03-31,2023,2,186.579005293116,184.24512979763315,224.2773896542428,173.83343533630182,0.771111520180494,0.0126672303254162,True,0.0081253860410694,0.0062664652827417,-0.0435341115017406,-0.0119385229704235,0.0499207161634165,-0.0056223438788246,0.0247526256274561,0.0041470298354371,0.0216084355865189,-0.0134663812355835,-0.0203972155372599,0.0028426718852274,0.0051396770340721,-0.0283212404646846,0.0182308576657634,-0.0182555854234731,-0.0194436617341065,0.0252067639482724,0.0316467990587678,-0.0142621051766633,-0.0108845862622175,0.0184918838457013,0.0073323007177866,0.0193367057268709,0.0068870534745273,-0.0120508355200457,-0.0145931247121882,0.0336972410198437,0.0229977321855014,-0.0078958652004522,0.0271725005755478,0.0246908902347102,-0.0322689369400184,-0.0155442765844528,0.1004122224189885,0.0226301980286025,0.0151571681745912,0.0264334085342872,-0.0103206557953142,-0.0494960632486695,-0.0568455923027461,-0.0046428986791756,0.030910374081744,-0.0073995782866236,-0.0236661055049595,0.0158678156029124,0.0395475531042626,0.0232580442651668,0.0210087333006041,0.0293846154653718,-0.0482186328149965,-0.0045820583739182,-0.0410038196702676,0.0468866723064336,0.1910400100606863,-0.0650028917357162,0.0011017957607513,-0.0382252236505512,0.254091092485728,0.0097541204704978,0.0317780536775551,0.0809358784488902,0.0570333773129985,0.0336659520775974,-0.0427067148184299,0.0160393552158302,-0.0083277833355364,-0.0130154157571175,0.013965697282942,-0.0223708461373588,-0.0500826393489797,-0.0851881146773175,-0.0420523648389514,0.0271931189525973,0.0176541482530601,0.0442187994549214,0.0009293627475523,0.1538987230243593,0.2658166348684192,0.0079577618262647,-0.0291613895684799,0.0143602742262667,-0.0038572445072453,0.0429471026724181,0.046722268099659,0.0289654266227366,0.1466497011664991,0.044129642946481,0.097069413029603,0.0037242436294406,-0.0090121259753223,-0.0610191152350069,-0.044659363162114,-0.1159839390657248,0.0136989443021113,-0.1176373411856709,0.0653574040871656,0.0181472817392436,0.0996260799905781,0.0688851470182256,-0.0632173019920951,0.0806762969205241,0.0335934582449326,0.1035686640182507,-0.1065857084485137,0.0803248971546133,0.0992848716917935,0.03693089602567,-0.0975054390215179,-0.1220949440003446,-0.0062053186693209,0.1058574567398906,0.1106535353293043,0.1114599293652143,-0.0704003036276167,time,1705,60,178.2465057373047,-0.044659363162114,0.0579584301887636,0.0482385662823768,-0.6537565274871432,0.8484380290258141,0.7061515290589336,2.957763716244973,1598,0.6061839060773777,7,0.0457744571935018,0.0895879381358439,0.0912373329470619,0.0,-1.2578673848422628,-0.6516834787648836,0.5396867583848285,0.136170778220496,184.24512979763315,173.83343533630182,224.2773896542428,4.830583005360522,-0.0313078401846943,-0.0579460879632004,0.0259262837542556,0.0653681803555712,0.3821099380962602,0.0083755391527635,1.0,0.0167308950854756,2023-03-31,61.0,5,0.1874689039337242,0.0548993636891665,False,False,False,0.0,0.0,0.0,-0.0055899543258403,0.311422347230621
CB,Falling Wedge,bullish,1,0.7365633346969329,3,20,1745,1746,2023-08-24,2023,0,194.30525607963284,193.1245020569753,204.07173517547164,190.18889969291277,0.543494914495162,0.0061139524507831,True,-0.0035221690163607,-0.0301246865045465,0.0084330216940418,-0.0299359899755657,-0.0164697569445995,0.0174419818889217,0.0168616133661971,0.004715472672276,-0.0125970127938949,-0.0016056297378809,0.0446044385167279,-0.0009644953397395,-0.0259092416827555,0.01600359089277,0.0236337179025845,0.0227318259012818,-0.0533671946528473,-0.0132057060027486,-0.0151507487056945,-0.0070881817304866,0.0147823797735247,-0.0036034146046156,-0.0029877025382355,0.0153288756211702,-0.0002633775290457,0.0131527076293878,0.0650077596296525,0.0243819954247912,-0.0046280168715071,0.0077285244273479,-0.0084987408921981,-0.0492344660010143,0.0385417115808264,-0.0297837499686616,0.0743116762385895,0.047937478825365,-0.0176503431539691,-0.0314283174389626,0.0060054806319982,0.049130575767289,-0.0137867053804038,-0.0014056000157146,-0.0292730614257317,0.0115994915738599,0.0490520614702594,0.00527085251861,0.0613987275669876,0.0767668675048025,-0.0090947303611627,0.1230671775340044,0.0398169670369725,0.0171894477866447,-0.000643406000694,0.0187450988855626,-0.0697346559589457,0.0143633663790665,0.0180975465913137,-0.0133041473627097,0.0893152904597347,0.0453493850680006,0.0561812515084778,-0.0111907640039736,0.0496411721075253,0.0158826545982879,0.0582161395009577,-0.1075052299271704,-0.0126601538017234,-0.0363060460468283,0.0471274093673205,0.0360443791891043,0.0725271034156495,-0.0154196244679716,0.0345827609405899,0.07544345809173,0.0680387474190793,-0.0531778804739901,-0.0040192935421178,-0.08576153916089,0.0696547731956018,-0.0027840929508661,0.0720492114805686,0.1179373880060838,0.0108026426229332,0.0683871329369321,-0.0003520976892593,0.0002931924690408,0.2051919007597142,0.0025883249016462,-0.0066998371981185,-0.0671124123531684,-0.0090121259753223,0.0120128477384934,0.1089694446074835,0.0777391442492605,0.004050085866907,0.0250652107052098,-0.0021207408013265,0.0546325017615845,-0.0092541387055441,-0.0368669899350168,0.062610623033471,0.0728196855186318,0.1098051469000771,-0.0270207024743915,0.0345819056928289,-0.0591717087151395,0.0397674025450676,0.1673848592652935,-0.0187354900575327,0.0386973990238768,0.037639117820863,-0.002819368324487,0.0912935444359615,0.0455801328516771,0.077572520787083,target,1759,14,204.07173517547164,0.0502635867546279,0.0579120679972347,0.0144358058255539,2.3726028988516967,2.7336358043745235,0.6814164479779411,2.3726028988516967,1725,0.587586068442804,6,0.0814587425913411,0.142115400139519,-0.1717590699304785,0.0,-0.9785747952328748,-0.3909887267900718,0.4465965849950066,0.0467087509669915,193.1245020569753,190.18889969291277,204.07173517547164,2.826324743651613,-0.0098406015991515,0.0222977618096318,0.0145754400405184,-0.0268964567201361,0.2272705446746338,-0.002881658252561,1.0,-0.0344758425131584,2023-08-24,61.0,5,-0.0327333244795402,-0.0038607188558078,False,False,False,0.25,2.0,0.5,-0.0152852774071316,-0.2207339206854056
CIEN,Falling Wedge,bullish,1,0.710159442716559,8,116,819,820,2019-12-18,2019,4,40.83000183105469,36.58541558189219,48.410628765565946,33.137069713593085,8.45337200350896,0.1160185331135976,True,0.0462894759953436,0.031506519420527,-0.0016794206443671,-0.0630760130157497,0.0322003261941401,-0.0542532085103772,0.0430003763206898,0.0423357886989621,0.0855615260335651,0.0288081901278827,-0.0042321460901466,-0.0015468257766139,0.0118367720623404,0.0186674764955705,0.0386804710519386,-0.0729554648969473,0.0384474978008919,0.1311000063494434,0.0236321230944109,-0.0313096478848057,-0.0310717416670428,-0.079657903020332,0.0385650668591709,0.0254713949103737,0.0123538304423249,-0.0045350783483484,-0.0892236199459314,-0.2255356314141084,0.1342269293279276,0.0468534881174023,0.037020302886968,-0.0175647558769789,0.2097602249452017,-0.0382937004515784,-0.0376738217054954,0.1014799399599297,0.0439072209940456,0.0585543798516983,0.0131860600953497,-0.0270007441953689,0.1925215179885717,0.1360223143009324,-0.0156374280346179,-0.038452420915876,0.0905673597230511,-0.0030377319547649,0.034288455753064,-0.0088071134800751,0.0081680668727879,0.2559366754617413,0.159264920128318,-0.0818713611189542,0.0720983322245885,0.0329985910613488,-0.2966761348403723,0.1642572853085879,-0.0369068830812102,0.4749462168703797,-0.0332769828185005,0.0902425918367211,0.0805687203791469,-0.2256603600843897,0.0847378002913172,0.0138556619183132,0.2921077161867178,0.1467741659272272,0.0953093692691504,0.1465247438973402,-0.0378815010314489,0.0548615665764145,-0.0032543034695771,0.4225820709413994,0.4616902483114307,-0.0433472105584146,0.0142028217770291,0.0641925147951039,0.0858054386387701,0.0433890212768621,-0.1123595535254463,0.3095663110777971,-0.0157872524131487,0.0756571742466518,-0.0368294672999655,0.2276101231990608,-0.0470169360655368,0.0764384601279613,0.0100971377852765,0.0518397071111069,0.1818007227024249,0.2256398781259536,0.2113016866112091,-0.0554620782668617,-0.0391869266976476,0.1664328213125753,0.1305667962460366,-0.0422891340742082,0.0927209443987211,-0.0369036777751555,0.257336218541552,0.3556631672360351,-0.1521820218194711,-0.0104545246471058,0.1775486645173369,-0.0259109828837473,0.1936471837883595,0.276230204396217,-0.1141660024055097,-0.2199974398944326,0.7625583086318573,0.3138939367008595,0.0274193665818374,-0.0807261568891166,0.0631007191652748,-0.0115789313065378,-0.1370107586230878,stop,878,59,33.137069713593085,-0.188413709832618,0.092578951990687,0.2510409367543216,-1.0,0.4913599550315728,1.332392090667606,0.985401511252721,699,0.5179940491674977,7,0.1767962496581373,0.0812302859679112,-0.1033237473934238,0.0176991150442477,-1.5346654177567154,-1.016671368589216,0.863954311697315,0.1808825137123177,36.58541558189219,33.137069713593085,48.410628765565946,1.6242861066545768,0.041231922444975,0.0904032327160955,0.0396941881558359,-0.076923156355941,0.5384587169423761,0.002690159256383,1.0,0.0245567205300802,2019-12-18,40.0,9,0.2713098278473409,0.2154646902158732,False,False,False,0.0,0.0,0.0,0.0522410832192308,0.5766505261200987
CIEN,Falling Wedge,bullish,1,0.7688559479170863,8,121,1747,1748,2023-08-28,2023,0,42.27000045776367,41.7260414464445,54.6729585567692,38.93082633938607,1.1027379883020083,0.0130364394143964,True,0.1339011068397693,0.1190135110362966,-0.1144039953660831,0.0386575054485469,0.035655892725817,-0.0184757332830581,-0.033879974744074,-0.0294573001553232,0.023539855416897,-0.0242083428729804,-0.0419050478037692,0.0299952293580942,0.0181323494203986,0.0032181443728265,0.0359576366463323,0.1718991302176242,-0.0203181723471562,0.0103920317695629,-0.0164243374235469,-0.0742179976333768,0.0253527271891191,0.0169491087078759,0.1320781713575829,0.1547196793163543,0.1471742204789101,-0.0004447511056429,-0.0922509212106666,-0.0931652452154552,-0.061515856381897,0.0182938586636862,0.0466551384899873,0.2859923509090836,-0.1846218872828708,-0.0563841081350933,-0.0105810647479888,0.046115522410673,0.0665856637898119,-0.0558846737397549,0.0172448491832974,-0.0247718020185566,-0.0028756034795377,-0.0547190523748276,-0.1017297320027036,-0.0544056445187882,0.1048040889243229,0.1651026228085003,0.0875325460816236,0.1220242885625125,0.2095300950238119,0.2438048253667046,0.0441117034792941,-0.0329444894814408,0.0376151978347842,-0.09043656158246,-0.0085657676280409,-0.0171551393795995,-0.0359900306708638,0.0402518253348886,0.1392007327233357,-0.0251901456075682,0.1234652196838033,-0.1110783353847354,-0.1169582509744411,0.0374104510158541,-0.0473952943547391,0.1814093951594177,-0.0661394285120879,-0.0778824459655767,0.0661793682776065,-0.0167967607471897,0.0227959342175537,0.1649367008689459,0.058141888105375,0.0405073547252414,0.1300037082276282,-0.0243998006929507,-0.226257008440568,0.633257379530445,0.1568434674392578,0.0139202723963669,-0.1839285578046526,0.6595576076334704,-0.017045458064029,-0.1075312156463119,-0.1208935715333019,-0.2229436706677638,0.0138060018569605,0.0982185142297618,-0.1221294452621798,-0.1088776352258231,0.2057926701841645,-0.0688457208401915,0.0768866800284853,0.0492829134805394,0.0251514174567981,0.3470501470370091,0.5613985170174749,-0.11800864524012,0.6962431688093595,0.088224617111861,-0.0762519037307042,-0.2283242393778934,0.9327820160798612,-0.0154205574574081,0.0663482853677348,0.6033990156473266,-0.0896187793247119,0.1003683413486766,-0.2557142802647182,0.0587136508622918,0.1252123261841158,0.3745232915222978,0.1422422299148094,0.3522060557685467,-0.107639553708145,time,1807,60,45.52000045776367,0.0768866800284853,0.1999053861232559,0.0551218785384883,0.9732945587093476,2.5305660811257864,0.6977778781379541,3.714378962972959,1626,0.588490176575567,7,0.1205208669109337,0.2995403367707496,0.238279684485392,0.0,-1.063889014230476,-0.4753988376549099,0.390306670780522,0.1956534101186489,41.7260414464445,38.93082633938607,54.6729585567692,0.9485710688999726,-0.0941197316139328,-0.0010550052106688,0.0225635358763662,-0.0953303246999301,0.8307686890383464,0.0002409814685158,1.0,-0.0328317329918028,2023-08-28,30.0,8,0.0139104814757955,0.0078310644643155,False,False,False,0.4285714285714285,0.0,0.0,0.0595755247924203,0.773640929045623
CIEN,Falling Wedge,bullish,1,0.7320498466779116,8,57,2157,2158,2025-04-16,2025,0,59.75,58.523214703057874,101.49949949419148,45.13462583061823,0.4031956812512803,0.0209623702861632,True,0.0759832789209598,0.0398791504155588,-0.0355230571618283,-0.0716908476911047,-0.0105519576023637,-0.0070818847250709,0.0238369444993817,-0.0128073767488344,0.0203742908112745,0.1227188759611006,0.0257031405298711,0.007282588792884,-0.0205382181149488,-0.0166032357236174,0.1190960286903877,-0.0086040679877509,0.0195699778989026,-0.0316455686015336,0.0212365833151912,-0.074685040601836,0.0106409380549234,0.0461760001056885,0.0696380732359239,0.1954811766556616,0.1370514280704118,0.0154838737804219,0.0715905322444534,0.0149377052823505,0.1132880040855865,-0.035581879197952,0.0009585649644414,0.0355340637917829,0.1203585001320408,-0.008691962334695,-0.0035385131835937,-0.0745762796793747,0.0147584935017079,0.0350229628945992,0.0910215153531461,-0.0170115328383171,-0.0228373652638018,-0.0248036530890097,-0.060171968986496,0.0430355756253666,-0.060171968986496,0.1830509432508536,0.33556490463193,0.2165065120461848,0.0118782366752983,0.1440064294373091,-0.0453293603670822,-0.0231199144639439,0.0771138280414358,-0.0818713611189542,0.0370370370370369,-0.0571033265124547,0.2559366754617413,-0.0134625742653985,0.0140931094691914,0.0490196078431373,-0.0018918836438978,-0.0425611748865611,0.0383838692096749,0.0542899120114059,0.1743300471698874,0.0917530791698215,-0.209816351430775,-0.070855596662067,0.3154733902231897,0.2076988060604079,0.0762455676026905,0.0941566004053668,-0.1016470516429227,0.1766622238611186,-0.1558210738266097,0.1143017120408631,0.1396297501103447,0.1541802911280909,-0.0232907662927123,-0.0013660646879574,0.2709853880160733,-0.0189445229972301,0.7989718383302682,-0.0642856377770046,0.0561917914981584,-0.3171740338272263,0.0369196252620158,0.1994231920721996,0.2020946061173507,-0.163984698241008,0.611719951558207,0.1072626500050386,0.3825941524745031,0.2000090222705752,0.030565595212596,-0.3046838406657263,0.0055045629377028,-0.2383333135534215,-0.1938310676099135,-0.2666204667364135,-0.0254512322478009,-0.0465876347216031,-0.0383546349454251,-0.1325879185617009,0.1571168694709983,0.6802805334197268,0.0019411021105975,-0.0676532941766347,1.002186909581289,-0.1060370337743561,0.1739320561075514,0.3309316336965093,0.4920450166835641,0.2049881563159703,0.2996265525473276,time,2217,60,82.61000061035156,0.3825941524745031,0.4428451729618854,0.047029311686879,1.564106422827117,1.8104222839470363,0.1922633892724955,2.85654674388384,2100,0.416311409427803,6,0.0118231285687586,0.341013166608392,0.1796756875205434,0.0,-1.4230781160257728,-1.0067667065979742,1.0649184801073923,0.2686917349796659,58.523214703057874,45.13462583061823,101.49949949419148,5.194999694824217,-0.121957931291833,-0.1745584120760972,0.0882452826410794,-0.1308135831376984,0.5611808505330116,-0.0309868662763614,0.0,-0.0703342798282735,2025-04-16,20.0,13,-0.168283981351661,-0.1410971446038609,True,False,False,0.75,0.0,0.0,0.0844947145241811,0.6478364482031768
CINF,Falling Wedge,bullish,1,0.7291300770203418,3,39,823,824,2019-12-24,2019,2,87.30600943413934,87.448611156651,96.99675877846386,86.13972125153589,1.920002686727566,-0.0016306916785242,True,0.0263464910540884,0.0163354281268661,-0.0049712085392243,-0.0129907178256062,-0.0658967954071825,-0.0322714513411094,0.0049421600295755,0.0144381935550392,-0.0287681029799548,0.0102837284702552,-0.0031291959389951,-0.0123960316891637,-0.0113974924892223,-0.0324423375123726,-0.0275848317717702,-0.0306427170469786,0.0092773272562591,0.0457974443516906,0.0395582831408358,0.0127078986650555,0.0324196806582262,0.0189582200850999,0.0300518883705656,0.0164663624113643,0.0009212520822945,0.0135287520876588,0.022425382009459,-0.0187046647855566,0.0375842000184123,0.0706111072494319,-0.0632997067425484,0.0031780158517775,0.0099075176188359,0.0391599433079763,-0.0125523824549306,0.0088729734922001,0.010383900326526,0.110607404045121,0.0149562597868151,-0.025926844511577,0.1548602011040518,0.088623688514495,0.0077210956111954,0.036573760047242,0.0306787070664797,-0.0104931030707889,0.0269274386334417,0.0047914753037325,-0.0190240576384249,0.0343810891082472,0.0433060015613409,0.192976381601158,-0.0339311443534857,0.0294346443312225,0.0556808294135893,0.0743079873713024,-0.0185943866590184,0.032197592451147,0.0020127318967915,-0.0771640768096559,-0.2519580050566491,-0.0185370701753122,-0.0313387465817075,-0.0605692577096108,-0.0446609156780198,0.0661040251793507,0.0225609527321197,0.0473699369295892,0.024699713037743,0.0410694224875158,0.0386749999317683,-0.0590446499774435,0.0399681890573051,0.0391437661285363,0.0162362429788986,0.2549647418573955,0.0232157535318784,0.0329896443383246,0.2047063310507384,0.064805131348282,0.1006282078773657,0.1841382591223266,0.1447399329771874,0.0041396803821467,0.0241247912331357,0.0635859450426694,0.0385556600342666,-0.2274088529748777,-0.1620241325060465,-0.0206475753549236,0.0504757187859332,0.0002047832408609,-0.348176947045951,-0.0453978052379251,-0.1791468742579741,0.0872890456095756,0.1588366206976086,-0.0324903997888572,0.1244288104479385,-0.0076354663584859,0.0649852120317837,0.0336677923494159,-0.0378563962690601,-0.0860941335134493,0.0440363775124763,0.1243157040345341,0.0797479586239464,0.0724477484717096,0.1997058781209923,-0.1685198164545421,0.0584955870276682,0.2164121022715253,-0.0133169741051666,0.0228135499516437,-0.3862830633661152,target,855,32,96.99675877846386,0.1109975064389454,0.1189461354063675,0.0040682945111613,8.309052161269692,8.904070687539184,0.304544420727508,8.309052161269692,782,0.7207519563580471,7,0.1411086738094179,-0.0041963178471726,-0.1908174868233797,0.0,-1.8500236240936456,-1.1292716677356005,0.3518644878640392,0.053544599828423,87.448611156651,86.13972125153589,96.99675877846386,0.9460225738551356,0.0044637837879379,-0.0441793809799996,0.0108325643312568,0.0204279100284421,0.6666581895400694,0.0029125173087853,1.0,0.0301221227785548,2019-12-24,8.0,10,0.0308049577711215,0.0302456431140387,False,False,False,0.2222222222222222,1.0,0.1111111111111111,-0.0258836751465357,-0.8844033849509099
CINF,Falling Wedge,bullish,1,0.6879096811462656,3,31,1586,1587,2023-01-05,2023,1,98.74424399985904,94.98937658261524,105.17408872540052,92.24934917918252,0.8160656557703531,0.0395293405676586,True,0.0004636199741623,-0.0370419167599256,0.0248203579989254,-0.009145959675617,-0.016474053624166,-0.0422517748334484,-0.00476246732681,0.0328473289249064,0.0164140391967853,0.0247192067608412,0.0406551408180948,-0.0063364510406882,-0.004424740373518,0.0356966788669634,0.1235576340788962,0.0393031127556828,-0.034733358770657,-0.0196308424140911,0.0028587994151507,0.0253355977309182,0.0045581255992652,0.0427907696895153,-0.0133262372146851,-0.0477380344463198,-0.0824210048771376,-0.0699282045706939,0.0034162649546436,-0.0646408120850324,0.0309710571703512,-0.020799901890153,0.0328410606365745,-0.0245087161187786,-0.0020499361148822,0.0457213433837824,0.1061701196759483,-0.0229599241149487,0.0015992256202439,0.0332114810973227,0.0131903329347331,-0.0445747256912096,0.0373498273751864,0.0241680226381786,0.012277379719173,-0.1229039959616796,0.0504019571803153,-0.0486856272382736,0.0670189976144846,-0.0107102569177481,0.0090387538239371,-0.0400468532215997,0.0706594677023502,-0.011370099005962,0.0917456448985545,0.0002212457320736,0.0310972504056372,-0.0063356230599137,0.0044549579767716,0.0019017979599353,0.0607761940305557,0.0098242502434369,0.0247036037414745,0.0382314281032716,-0.0243731774691741,0.002589679875617,0.1053393228510528,-0.0577858723725968,-0.0499994733802398,-0.0065043744569965,0.0543105913955753,0.1209679491858553,0.0638340776705808,-0.0885191869458364,-0.0419505936952608,-0.0484893119078654,-0.2514148303001137,0.0764146610298899,0.0426486541078214,-0.0048914251789002,0.0843309638922489,-0.022746206912937,0.0076757962744844,0.0803245632684139,0.0814641323703837,0.1380824306683639,-0.0217149189905669,0.0652155704792787,-0.0719319102869269,-0.0302599560759871,-0.0122854962721806,0.1146769827830893,-0.0645901898545835,0.1193659627632145,0.0494979506250019,-0.0286714097031361,-0.0829130224061854,0.0919022852905577,-0.0177471688483269,-0.2522128392493861,-0.0365950473482988,0.0263368502409457,0.0998166464046208,-0.0119855981802398,-0.0087037055634788,-0.0527569179824997,0.0509575620581093,-0.0432848854145289,-0.0373643073433999,0.1421207288360262,0.6467145129620708,-0.2358584017844499,-0.0444754575679721,0.0304649040925339,0.0464213638160555,0.0480148389175767,0.0315553335785154,stop,1596,10,92.24934917918252,-0.0657749207202982,0.0315166696844199,0.0838893339434313,-1.0,0.4791593716766562,1.2754000008629895,0.9899844267026544,1554,0.6809140834624102,7,0.1491411404157453,0.1245476400925846,0.24977441162113,0.0,-0.9462387137966825,-0.2653246303342724,0.37386477044337,0.1048118428443145,94.98937658261524,92.24934917918252,105.17408872540052,2.018265975435746,-0.0336831721223757,0.0221786009668298,0.0206711794392857,-0.0927269712306408,0.8490535255872084,-0.0009402835239773,0.0,-0.0322674873235073,2023-01-05,63.0,12,0.0439999717997077,0.0475875079080614,False,False,False,0.0909090909090909,0.0,0.0,-0.0241048905506353,-0.1772763890831535
CINF,Falling Wedge,bullish,1,0.7938369083848715,8,88,1703,1704,2023-06-26,2023,5,89.89944898475927,93.45280183069592,117.62245657327384,87.32735459130623,4.569547863877297,-0.0380229674908421,True,0.0157025123356016,-0.0107573952768111,-0.025306310977389,-0.0008755724504467,0.0616150245556641,-0.001209128508258,0.0212793483168656,0.0368482792380395,-0.036719607769639,-0.009655883539258,0.0219690246566026,-0.021140104563959,0.0056041681275029,-0.0100209537920117,-0.0343154283904207,0.0311428223846479,0.025470257871295,-0.0175334935131178,0.0019541565601268,-0.0011162172626559,0.0851637264493263,0.0188102845755298,0.0081042927371793,0.0289256325452111,0.0055419143162243,0.0279346042159105,-0.0425293838325496,-0.0194544498091775,-0.0043189551258718,-0.000776629693483,0.044309299460971,0.0208276221502992,-0.0071128071747396,-0.0307554466239802,-0.0265913162240936,0.0544823309125646,0.0350790708577186,-0.022027923294282,0.0101580984072573,0.043893038858545,0.0505995388701236,0.0079088234351893,0.0240756140086089,0.0280095993201947,0.0179282303853585,0.0183436845899829,0.0506198088349849,-0.0027859527925508,0.2338869723270016,0.0098242502434369,-0.0221439272830553,-0.2019477569095428,0.0529535011772832,-0.0482334584971282,0.0511804929164303,0.0317060769516364,0.0889457588969593,0.0424899997057797,-0.0488368261267317,-0.0668762236422404,-0.0249652746533255,-0.0381931938257856,0.0238477944076773,-0.0069807058484127,0.0632531225404562,-0.2495458096885564,0.0085014138690564,0.0444268125375839,0.0534551578800588,0.0663224550320933,0.0529075217242316,-0.0535037259791788,-0.0354180388319894,-0.0638390430767441,0.0693197538448759,0.0889853640017304,-0.1170182921021324,-0.0414842258150283,0.0664576149470677,-0.0193130211663656,-0.0349464775407929,0.0933265830373168,0.0185244227553253,-0.0046413209619591,0.0774025071529806,-0.0118726963427612,0.0383131729274701,0.0431608276560409,-0.0011033166544622,0.0592935247147854,0.0628380689953422,0.0545983709540172,0.1392845249001932,0.1211572762354546,0.1368713053006545,-0.0450226841770726,0.0226598085967084,0.1107564495694763,0.1562226397537884,-0.1708010314362938,0.1300209085894719,0.0342469598827408,0.0694897479256937,0.0227894630426668,0.6911454404373831,-0.0038325013223846,0.0406288815672382,-0.3388406136085345,0.0640053148553003,0.0270295037452044,0.0862076139046423,-0.0501271624868003,0.1227227237661181,0.0225533892007656,0.0828482170448549,time,1763,60,102.42105102539062,0.1392845249001932,0.1542355226600259,0.018491507492761,4.868251364531405,5.390816346517504,0.6463123354757699,10.778378763656631,1610,0.6524554601108713,7,0.1778156495208631,0.3527147578130183,-0.3518200654368101,0.0,-1.236818429433612,-0.584362969322743,0.480421499951823,0.163342195775598,93.45280183069592,87.32735459130623,117.62245657327384,1.7729333721514726,-0.0740905885088462,-0.0508946524435651,0.0197355638877871,-0.0612543200049684,0.8616389320742389,0.0009404337903211,1.0,0.044357191312375,2023-06-26,63.0,12,0.0187616282299321,0.0209482241015432,False,False,False,0.1818181818181818,0.0,0.0,-0.0578742092607193,-0.7071354497271777
CINF,Falling Wedge,bullish,1,0.7130314499803498,5,59,1805,1806,2023-11-17,2023,3,94.40653768268204,94.85743303604642,107.196691043106,90.78463663666447,0.8157568642796582,-0.0047534003286071,True,0.0153542482804807,0.0065868142715967,-0.0176638632303257,-0.0321211960827537,0.0764241299640609,-0.0132661545807319,0.02717005457721,1.1044374104152157e-07,0.0042527065030988,-0.0184935964136092,0.011348616779901,0.0073588080021473,-0.0271361070771509,0.011613864003465,-0.0227563088356853,-0.0474342539525822,0.0312002585177981,0.1088988083102631,0.0041555326965501,0.0130613348002721,0.0419457209255365,0.0568197155455965,0.0045853392356406,0.0279346042159105,0.0142618227665747,0.0094798748250755,0.0190628897876323,-0.0591651361851175,-0.0141667233651985,0.0081067004293524,-0.1028049768169608,0.081492525002097,0.0628716804845168,0.0434155635336481,0.0455017592426651,0.015174047813464,-0.0063652870101561,0.0063298856333051,-0.0250164298605629,-0.0629114021042807,-0.0547088161754315,0.017935042499305,0.2706104607592439,0.0790629185552116,0.0149001251628577,0.0104943691053772,0.0172517671175325,-0.0345839069758437,0.0273255274101742,0.0390222545127398,0.0359725292612052,0.0432062501009264,0.0129923880232676,0.0360567556785429,0.0900068765810395,0.0596017310620882,-0.0293590665524452,-0.025853522257157,0.0578435636054062,-0.0405030902684042,-0.0067555285041159,-0.003282647288378,-0.0377289781036727,-0.0998285691827086,0.0661040251793507,0.0305466408503924,-0.0070121526856281,0.0783893499697598,0.0009145502479133,0.08041829431215,0.0185093277887458,0.0344330659845362,0.0889407249139209,0.0478472716075308,0.350619956322268,0.1110967606358095,0.1370162271334598,-0.2189848482677863,0.0517225490999782,-0.0090811854220606,0.088831136997018,-0.0104536991804693,0.0776051048692871,0.0130857788591189,-0.1838982394853704,-0.1565348593434418,0.1542505546514812,0.0516694273971429,0.0120896993712997,-0.0635168716663389,0.0051247993703482,0.0513251266197634,0.1217311908049818,0.0029481352483731,-0.0457223162252833,0.201837684358473,-0.0872727852012162,0.0251079278364547,-0.2336341004121087,0.2020452981464031,0.020119196541614,0.0255890736535799,-0.5499539476752815,-0.0114465474250248,-0.1080285887826659,-0.0553548746850501,0.0517153908937573,0.1486381676783628,0.0361413635335687,0.0547316470590335,0.1062632040989268,0.0414588515288574,-0.2151548411103527,0.0512257777887357,0.1388159117249426,target,1850,45,107.196691043106,0.1354795300661702,0.1359012362628475,0.0132738620940985,3.53133705143251,3.5423290198606403,0.3459893978492659,3.53133705143251,1743,0.6409478268827355,7,0.1094826684189805,0.077722773338777,0.2338327033764919,0.0,-0.985111229781948,-0.3441634028992109,0.5073016155057549,0.1262353634206557,94.85743303604642,90.78463663666447,107.196691043106,1.7474514702417048,-0.038497527424011,-0.0142340232485684,0.0185208632139148,-0.0247658852985824,0.3571419921283721,0.0033635350847238,1.0,0.0702769180037921,2023-11-17,63.0,12,0.0538753634480375,0.0485013300736412,False,False,False,0.0909090909090909,1.0,0.0909090909090909,-0.0427792624690702,-0.5925549103561891
CINF,Falling Wedge,bullish,1,0.814472548698177,3,48,2510,2511,2026-09-14,2026,0,172.0500030517578,170.8960027785531,193.28319864908823,164.34353000911176,1.1507738681815547,0.0067526463723088,False,,,,,,,,,,,,,,,,,,,,,,,,,,,,,,,,,,,,,,,,,,,,,,,,,,,,,,,,,,,,,,,,,,,,,,,,,,,,,,,,,,,,,,,,,,,,,,,,,,,,,,,,,,,,,,,,,,,,time,2512,2,171.4600067138672,-0.003429214341328,0.0066259771544757,0.0110433543828642,-0.0765585417123638,0.1479275127986451,0.2465471746620242,2.755241662409025,2462,0.5695879948835463,7,0.1325753871666229,0.1855074238715885,-0.5181592939000976,0.0,-1.0434714679993833,-0.4738834731158412,0.5361981078602298,0.0992950332538481,170.8960027785531,164.34353000911176,193.28319864908823,2.7921458653041293,0.0340416851934521,-0.0204976616378654,0.0162315184045785,0.062041742322656,0.5390649214410033,0.01195523405661,1.0,-0.0199139828398084,2026-09-14,1.0,14,0.1080827464141722,0.0696678481589863,False,True,False,0.0,3.0,0.2307692307692307,-0.0107941190240278,-0.4158826072397114
CI,Falling Wedge,bullish,1,0.7603821914336498,3,22,1117,1118,2021-02-25,2021,2,188.92447202427903,185.84243637914344,206.71493466212476,180.2047767032413,1.317769662709222,0.016584132801874,True,0.069377613114012,0.0892815830177228,0.0033670164858183,0.0700141043744957,-0.0114405657300121,0.0038092379030227,0.0215125695930649,-0.0353654119061852,0.0666942173403466,-0.039987380275292,-0.0671331135980972,0.002749928954113,0.013940795716675,-0.0061633506594958,0.0208956458471647,-0.0065226537335295,-0.0003919159131069,0.0162786434645265,-0.0211131816380376,-0.0597975007459425,-0.0117782947875191,0.0232957991907063,0.0702343836198762,0.1434127295720242,0.1195285218426587,0.0256000042684985,0.0392404166437867,0.0287424466758667,0.0589293131356694,0.029293702096004,-0.0523187025575456,0.025247863735841,-0.0647250887595445,0.0303512000294612,-0.032418289517121,-0.0770869447674299,-0.0517783180697456,0.0674573140555581,-0.0037532375852156,0.0396571886227266,-0.0284750033294267,-0.0762371386240525,-0.0920018582939845,-0.0593207502023596,0.0535168253859381,0.150416682424878,0.1543154141923741,0.1370753197778271,0.2458969200651841,0.0240217785285643,0.0237278543615759,0.0764985316118738,-0.0070989662306463,0.0474676477878961,0.0721958976145651,0.0423181780186212,-0.0447704209795201,-0.092916532054402,-0.0636705446672445,-0.0138071423244218,0.0158541626399528,-0.0213017001358249,0.030542960880125,0.0450317700892373,-0.0340029172598911,-0.0039326324660013,-0.0843246226458038,0.0712944158448316,0.1378641822584405,0.2040957524424931,0.1162728887674551,0.052811281057316,0.0986308711169501,-0.1266684240418667,0.1205110665559348,-0.1576097908236031,0.0729833132451123,0.084789744338396,-0.1051480305945524,0.0027843872276664,-0.0309351488319062,-0.0472589788859362,-0.1388949765342344,-0.0703327718852288,0.0665036717374853,-0.0992643327886397,0.0179973954744987,0.2799852697207441,0.0649611240589285,0.1452906056562584,0.0791130080937521,0.1885832882476393,0.2540191283580884,0.170894747935036,0.1361276997586356,0.3495874211257321,0.152033887068854,-0.2111889454385038,0.0829532330294764,0.0316918558401637,-0.0810279523385206,-0.0172989944069056,0.069345766294619,0.0738120812804088,-0.0698723456691421,0.3697474264316316,0.2040511770763704,-0.2090881771344426,0.1861068922760154,0.0804706510201842,0.1750273984973669,0.0710391899994897,0.0623556213616567,0.1497572261886555,0.1737375727450011,target,1123,6,206.71493466212476,0.0941670628861643,0.1068518345025876,0.0089995687780799,2.0402619567364035,2.3150953875100035,0.1949883243905122,2.0402619567364035,1093,0.645518279672737,6,0.0936690342114414,0.1477064311776155,0.0430752042033428,0.0,-1.144121771751561,-0.4986034920788336,0.4787272252451037,0.0855809579084095,185.84243637914344,180.2047767032413,206.71493466212476,4.91758561150021,0.0865940332794541,-0.0073695636905533,0.0261126826445978,0.1799786163376495,0.1318290797788397,-0.0026052038085335,1.0,0.0211532333740345,2021-02-25,43.0,5,0.0526413951488333,0.0129667769453865,False,False,False,0.0,0.0,0.0,-0.0232249624051045,-0.2961461938685005
CI,Falling Wedge,bullish,1,0.6918074950437354,3,47,1225,1226,2021-07-30,2021,1,208.6131434355407,205.7783407068952,239.6085264592189,204.1014659022628,0.6444474805843319,0.0137760014922239,True,-0.0899998962127122,-0.0948823899979327,0.0095267777660732,-0.0607672683922764,0.0410392835202593,-0.0390507966577645,-0.0261322720403225,0.0556009523283815,0.0136051070502363,-0.015669938437439,0.0023567529419594,0.0109510733668405,0.0026902153850625,0.021104131047398,0.0160792393362669,0.0037082724729331,-0.039987380275292,-0.0243733815381476,-0.0385149505382168,-0.0286304167203902,-0.0098124942601136,-0.0047245416025106,-0.084449814450359,-0.0843042500710541,-0.0969762449440837,-0.0400677735369369,-0.0710101857610663,-0.0064538797555253,-0.0185696181941508,0.0296063738005483,-0.013892264377962,0.0752323331481119,0.0123392488257372,-0.0512024868710974,0.0991380142652331,-0.0128603655318518,-0.0848899771386052,-0.0313949976539101,-0.0629993618101981,-0.0631041418132971,0.0177777723199139,-0.0511721640403395,-0.0743434262932962,0.0389362176690426,0.0023498698554602,-0.0689752094263446,-0.0839999712444441,-0.1065051657000766,-0.0452831480013363,-0.0090988903955298,0.1193637977385264,-0.2399850389754428,0.028291487752271,-0.0129101425616211,-0.0071540846257354,-0.0381576747346978,-0.0362401107807565,0.0813454680860941,0.0230883541467272,0.0540991193506434,-0.0418776656557692,0.0162908739076284,-0.0476062086783708,0.034641734701853,0.0350010441921286,0.0542046005579863,0.0991512290487002,0.0725724254600739,-0.0909868297711127,-0.0975354783840282,-0.1059789653413211,-0.0716113913366417,-0.0049739627322492,-0.1846412313990191,0.1141374447229968,-0.0205182421209161,0.1116707694175203,0.0448447244412339,0.1409348935464671,0.0205042813209395,-0.0137683404483938,0.0130113409116729,-0.042878556049699,0.0443573044146112,0.0762010048820369,0.0079208730793383,-0.0437069475471303,0.0106686828763047,0.029931783198559,-0.1154130216302229,-0.0201529955651024,-0.1023613990831435,-0.058179864776018,-0.0960355254774781,0.0637673237145579,-0.0631127390339973,0.0134416682379234,-0.0043624611205909,0.1414170288843068,0.0693082617083868,0.105649266963445,0.1482237587857162,-0.0121124571797529,0.012475594116315,-0.0252393560692272,0.1072694869185963,0.0348342525827896,0.1731233299329155,-0.0962875847367871,-0.0489120493575759,0.1007136415402432,0.1482237587857162,-0.1967249876403987,-0.175849768425278,-0.0829721632063832,stop,1229,4,204.1014659022628,-0.0216270051779932,0.0190435818429902,0.1319128188324515,-1.0,0.8805464134427727,6.099449172309835,6.870035102255843,1177,0.8928802028504829,6,0.0631022076753972,0.0755473312854706,0.043155900720879,0.0217391304347826,-1.3026018739418952,-0.4097216710914096,0.0723127307045509,0.104957858564519,205.7783407068952,204.1014659022628,239.6085264592189,3.518566815789401,0.0202807709806382,-0.0451175491343918,0.0169039484004101,0.0660304202625658,0.5774651519645185,-0.0031010923498897,1.0,0.0187722376127634,2021-07-30,43.0,5,0.1750381304214243,0.0692726479576311,False,False,True,0.0,0.0,0.0,-0.0125889131354117,-0.2340730928242793
CI,Falling Wedge,bullish,1,0.7274662625238659,8,88,1676,1677,2023-05-16,2023,7,239.0685791500274,234.0707166049501,313.69257018234566,221.53532637329067,2.242977858339807,0.0213519342255543,True,-0.0148213783121425,-0.0190410346819668,0.0001686900276571,0.0257475577302037,-0.0116431050562183,-0.1101496331240433,-0.0076704187475673,0.0479189355077789,0.0303185656152578,0.0520835558053438,-0.0328111083127643,0.0441087580562959,-0.0150000054461693,-0.0111924976517959,-0.0386508368960739,0.025889638672375,-0.093779530297489,0.0260226384939179,0.0298138801994742,-0.0454107543378554,-0.0303077136372248,-0.0127823040889127,-0.008455093937752,-0.0324586059771035,-0.0457967427157331,0.0303512000294612,0.0576882208387561,0.0314574623572629,-0.0969628713087161,0.0226873743757483,-0.085211932177022,0.0365260451774249,-0.0471504778520512,0.0193946608258106,0.0318231803237711,0.031000942611792,0.0461842057489287,0.175423405179999,0.0209015563567873,0.0133972612170718,-0.047741550286996,-0.040938878182142,0.043450966402786,0.0974546075708684,0.0010649670179732,-0.0494986232884793,0.0363717898659108,-0.023843951794628,0.0261727782007124,0.0871831193661656,0.0416444792803729,-0.0222221996244322,0.0926031387508337,-0.0152169709995649,0.0553743833185085,-0.0506438981582189,-0.0752540034607924,0.1537954857124406,0.032556253787477,0.0581323657498513,0.034641734701853,0.0785142086789105,0.0462718581238963,0.0373563099711964,0.0072283382536884,-0.0384169260636945,0.0316097414758036,0.0770772781066635,0.0034514161073272,0.1109848205243309,0.0173778559159112,0.127020074197101,0.0882187182458744,0.0848175952474086,0.3041171466246388,0.0854821949375284,-0.1225482907386881,-0.0766210192332795,0.0632692279504223,0.1615848325338797,0.0302902288776245,-0.0863134200352701,0.0729833132451123,0.0021783065090377,0.0766651515576288,0.0149238349101967,0.0619553251910915,0.1126947167393044,-0.1291783558629431,0.125876193587924,0.0993014689737827,0.0561489583514121,0.1375061794018832,0.0527351016129267,0.0904856854589828,0.1325404176949975,0.0488295725767922,0.0496017014249092,-0.0174316633735197,0.1647114784908101,0.0710391899994897,-0.0466062230038959,0.110107557655938,0.1838567403883118,-0.0226124434945464,0.0176196862714226,-0.0118093605328821,-0.143733610992191,-0.1335720901882621,0.1169916312516003,0.0338799642023839,-0.1504744643903957,0.1021462698499271,-0.119948546628183,0.1137251047687987,time,1736,60,271.9419860839844,0.1375061794018832,0.1918059513323779,0.0594814347221472,1.874917754997161,2.6153034374997093,0.8110384459691496,4.256140716303936,1581,0.5939906287783272,6,0.1431296707713036,0.1576784625611984,0.1583191922620057,0.0,-2.506696986301197,-1.9127063575228689,0.6643972408617148,0.1016496980859474,234.0707166049501,221.53532637329067,313.69257018234566,6.237925876149037,-0.122606074878264,-0.0226749831046803,0.0261161116378211,-0.1526060001329544,0.0418403764261035,0.0033721435874336,1.0,-0.0095603537581895,2023-05-16,58.0,5,-0.1059895479872838,-0.075753316859026,True,False,False,0.5,0.0,0.0,0.0196919929348786,0.3789170799350548
CI,Falling Wedge,bullish,1,0.6821141211073841,3,34,1822,1823,2023-12-13,2023,2,278.2131093674143,254.19232658304736,316.5120916764372,240.46161558184576,3.6676733355944457,0.0944984575548117,True,0.0080413465076647,0.0129968466849688,0.0189831023277249,-0.0009770991467599,-0.0075097009634892,-0.054294871374469,-0.0658057146359996,0.0832301595445776,0.0158669611856674,-0.0008676796183135,0.0100990443003741,0.0232629075214334,-0.02832511850635,-0.0150381391362002,-0.0125033432597805,0.0413056796160873,0.0055730922525032,-0.0242174612073395,-0.0443271646055695,0.0190508305127448,0.0262053792053809,0.019825443110514,0.0075645311515279,0.0201370142765031,0.007178987520364,0.0332361047781963,-0.0221539461323533,0.041582924046212,0.0067961995612986,-0.0849685075755394,-0.0002774921250509,0.024205255135868,0.0223296535347705,-0.0156202419083189,0.0387759522926522,-0.0504685737465031,0.0173432827201016,0.0362068229770005,0.0736610195306077,0.0214708864719501,-0.0752959364081568,-0.0007699615935686,0.0141857969002552,0.2301362744091513,-0.0093070705853731,0.0050835921623431,0.0392518330431466,0.0263151172806965,0.096065324645886,-0.1037465135440983,-0.092916532054402,-0.0132130593198408,0.054447637667911,-0.0305474545981876,-0.1662438104015994,0.0046295098500002,0.1075690379119511,-0.0195732413520265,0.0228637875983324,0.0594015336177848,0.0763515088369186,0.0235029495084448,-0.1571396681142397,-0.0506438981582189,0.0713630293416303,0.0513018723673082,0.0021105755214521,-0.0712068986521433,0.0460330485095034,0.1491021494613515,0.0845282279339982,-0.0132032618983672,-0.0994595905303594,0.0836407309014215,-0.070706235496774,0.3026832498378637,0.046364130699029,-0.0932390165155323,0.1324273027787827,-0.1299010863225709,0.1126947167393044,0.1204985772478457,0.0348072548798108,0.003657836706107,0.0868586117062628,0.0131049083094858,0.0123748006550346,0.0107419659981844,0.075573613448562,0.0335035655032198,0.0464224953939254,0.1136599209592897,0.1767884715452399,0.0786397809197589,0.0728816835715526,0.1509695684461089,0.153586585332998,0.1392004339479688,-0.0834912910888596,-0.0910935087215522,-0.1845648858884058,0.1887302424831765,-0.044677644893212,-0.1604161495472482,-0.1317856063792181,0.1414170288843068,-0.056702221922305,-0.2234329846460745,0.0982025969625151,0.0375643136230496,0.0519866789015999,0.2146175653693685,-0.0289557137380537,0.1482237587857162,0.1571754490710683,target,1861,39,316.5120916764372,0.1376605954913663,0.1442639836694161,0.0157072718607544,1.0145024333755943,1.0631667105512308,0.1157561862023675,1.0145024333755943,1786,0.5610889491753077,5,0.0538979352699307,0.0922249890279593,0.5519998035625338,0.0294117647058823,-1.8585999890757243,-1.297511039900418,0.7298295336607372,0.1145746459923978,254.19232658304736,240.46161558184576,316.5120916764372,9.261674519076392,0.0805540186503293,0.0237377489810917,0.0328765066466129,0.1370138809297538,0.772357925293694,0.0008761639900818,1.0,0.0485146561922866,2023-12-13,58.0,5,0.1540500500402619,0.0835262260196194,False,False,False,0.0,0.0,0.0,0.0098286411769085,0.2655691939293934
CI,Falling Wedge,bullish,1,0.7806844510276902,3,31,1939,1940,2024-06-03,2024,1,323.30713999153625,315.8729827440316,359.5024150391432,311.65952251065744,2.1205326921098093,0.0235352741564762,True,0.0011825075483138,-0.0162923386020483,0.0400888311035574,0.0003873458222778,-0.0006618569960379,-0.0239290898980653,0.0042018667075611,-0.0188332069765231,0.0054802887595382,-0.0121756020939824,0.0483560502943425,0.0532721386323222,0.0190508305127448,0.0396168919934472,0.0511603853124804,0.0177517814346122,-0.1252358218526738,0.027681127563506,0.0234555185924942,-0.0040248035062446,0.0670337345219778,0.0434567006532373,-0.0116241479807147,-0.0128603655318518,-0.0520653021813913,0.045415513379883,-0.0705186845308601,-0.0184649070229512,0.0311430450939271,-0.0053233487009283,-0.0278013343735588,0.0006753650506907,-0.0176444173202572,-0.116359724754947,0.0089145039654616,0.0100449409070038,0.0174486731905705,0.0141663414198707,-0.0018587323757154,0.0355492274189257,-0.0240229279539162,0.1056687844291541,0.0081840756895052,0.0841465621144219,-0.0942456113780115,-0.0121162327442653,-0.0364820351416207,-0.0826793913020155,0.0099085110896182,0.0196225901470377,-0.0202302659638883,0.004694739311758,-0.003218167328027,-0.001268268732039,-0.0891015084774974,0.048640364397837,0.1401405641241768,0.0761470942061051,-0.0592066290593132,0.0001154594587757,-0.0232700287887609,-0.0135873888808585,0.0255197380135492,0.0290535142323042,-0.0452032483140227,-0.0342175865348449,0.0178148882523596,0.0694080322778469,-0.0440701553132265,0.0308056147299171,-0.0188218119865613,0.098648892111937,0.0249399956157772,-0.0323505923080791,-0.0570772304122692,0.092307509629075,0.0128154139389935,-0.2359822132990836,0.1297881103458382,0.0753692162751511,0.0562920565592688,0.1069283469227928,0.2207132026627165,-0.0468157705833039,-0.0033623251347503,-0.0716113913366417,0.178153844425829,-0.1002720672274507,-0.2174559671807505,0.0467093303360144,0.074578156713535,0.0131897888271871,0.0581818169105774,-0.005718699055536,0.0436381182608591,-0.1296987510589374,0.0648669391038962,-0.0262382445740522,0.1505531891431464,0.184726611214073,-0.1157877070062215,-0.1298493544211205,0.0961591248112965,-0.0163005944463993,-0.1005371276026488,0.1274850545741908,0.0404862320301457,0.0676820995108054,0.0328532357525288,0.1769089762322593,0.1301819651575859,-0.0399279343826188,-0.0448932425443953,0.0645243523458376,0.0293401698055658,stop,1958,19,311.65952251065744,-0.0360264777362594,0.0227938022548255,0.0367184921360245,-1.0,0.6326958305969598,1.0192084945087083,3.1075260762148638,1907,0.8119248587260762,7,0.0880569216046653,0.0184216164526678,0.1056334576499262,0.0,-1.279425759462249,-0.4675009007361693,0.1521803537774787,0.0968346707303004,315.8729827440316,311.65952251065744,359.5024150391432,5.4972600243526175,0.0902336395100431,-0.0219754675367834,0.016911220982415,0.3105876228465536,0.4119754973636391,-0.0116362059112611,1.0,0.0322907420317348,2024-06-03,34.0,9,0.0280107007039962,0.0262366058428982,False,False,False,0.375,0.0,0.0,-0.0308725250167091,-0.8336926826140443
CI,Falling Wedge,bullish,1,0.6983158816125407,3,23,2027,2028,2024-10-08,2024,0,330.3552776678952,329.01464852483105,367.5340123432952,323.01039492289783,1.0332174319365612,0.0040746791946042,True,0.013186067766042,0.001635999781365,0.0179431458898182,0.0069914002221489,-0.0597975007459425,-0.1063460012893988,0.0014829019823439,-0.0243100581398344,0.032799945645275,-0.0727965135536328,-0.006561496746822,-0.02401084696462,-0.0102266385258144,0.0065038831411261,0.0257720873038473,0.0150805080319831,0.0556430874219755,0.0414430692513885,0.0568401177582864,0.041486470995375,-0.0201110853862376,-0.0145829083111156,0.0150238893670345,-0.0779552301772313,-0.0956816001323958,0.0222495704558107,-0.0029416156681071,-0.0448298890074161,-0.0685669718695487,-0.0257488963181612,0.1367017190143593,0.0049667264598844,-0.0505878102614283,-0.0863012519806767,0.0721946229418917,-0.032097743742549,0.0168618729649665,0.0449998436497542,0.0082069325750409,-0.1164145481815696,-0.0413958908295408,-0.100133338945191,-0.0048984292949114,-0.0143603185563572,0.0804199682542776,-0.0678714577602578,-0.0752540034607924,-0.0814302366369694,0.1317243003079451,-0.0023048097202083,-0.0072329127571614,0.0594015336177848,0.0423982022143585,-0.0220201963706744,-0.0006255192379949,-0.1143767068985026,0.0282516611928007,0.0650456139024162,0.0465312632002541,-0.0219003314042428,-0.1336043874231401,0.0597022211992832,0.0297715492529397,0.0472288713330282,0.0350010441921286,0.0154140439622036,-0.1260132617326447,0.0104255748179495,-0.0823948911432186,-0.0371599723987684,-0.0973525481074483,0.0893627657699136,0.0057236041007617,0.0983068940878093,-0.0397534679648017,0.1608505385993732,0.1575472542283909,-0.0637669753694405,0.0555040896936929,-0.055864953822551,0.0641225373254821,0.0856894292873367,0.0954270526547758,-0.043418807987535,0.3474424382723653,0.0002151267954668,-0.0541688481083877,-0.0690563638091584,-0.0425666574848053,-0.0202200052907537,0.046373437020283,-0.0780474267986793,-0.181300131122289,-0.2175593193423604,0.1752203578015194,0.1637459474137204,0.0224481721507057,-0.0392731008514478,0.0321440511413586,-0.0466062230038959,-0.1434043692547248,0.28333235030304,-0.0920819893695714,-0.0284392319722548,-0.0099881474365703,-0.1838823172825826,-0.0280834844555242,-0.076730427620155,0.0620802300258649,-0.0620194559245625,0.0809681524141612,0.0875400995537498,0.0984915919136961,0.1102398003169524,-0.201585231415463,stop,2035,8,323.01039492289783,-0.0222332841080903,0.0423470328140305,0.0242229710058587,-1.0,1.9046683615499285,1.0894913629536345,5.061855439519777,2004,0.7094581119528608,5,0.0307813718718579,0.0835098218992291,0.111365098716516,0.0,-1.027142464855075,-0.3176843529022208,0.2256752058239884,0.0957042293670784,329.01464852483105,323.01039492289783,367.5340123432952,5.5308232625407685,0.0229596121011186,-0.0099407471806552,0.0167600565431931,-0.0302289122558173,0.7952203144447717,0.0042613953057724,1.0,0.047628367102555,2024-10-08,34.0,9,-0.0191106494933998,-0.0270184679285083,False,False,True,0.125,0.0,0.0,-0.0064784788208656,-0.3429912702351445
CSCO,Falling Wedge,bullish,1,0.6763222567291189,3,31,1671,1672,2023-05-09,2023,1,42.82086072393872,42.28634873544826,50.26207259800549,41.46658253638515,0.6364985788843188,0.0126402965608234,True,0.0047110195791915,0.0134816199447167,0.0059999239499133,0.022340860799066,0.0390888979219292,0.0136540764101369,0.0215611677576206,-0.0352578925711145,-0.0327870386590014,-0.0181127623728423,-0.0202239293257812,-0.0066664972119122,0.0190029904620252,0.0238862697493194,0.001119037107315,-0.010478334596961,-0.0542451395194295,-0.0057471788068562,0.0076149768043243,0.0072714153999338,0.0352066867236544,0.0081521809814291,0.003642034029053,0.0473235920590788,0.0468161378645004,0.0525884699753547,-0.0058824054287546,-0.0164587121840008,-0.0173818501818836,0.0858052210148194,-0.0172714417274791,-0.006367074728971,0.0171815494908742,0.0779577699766951,-0.1060636918007837,-0.0042498923251244,-0.02716105099878,0.0026534965855531,-0.0690641864737194,-0.1236735033148711,0.0431267668938004,0.0101465680853789,-0.065353689774372,0.0219269032376354,0.0151334076532594,0.0539439593603473,0.0659532297659188,0.0353405530877979,0.0850267368403507,0.0907095460689504,-0.0283562079122613,0.0417990685192291,0.0134754643499248,0.0024072047676662,0.0646381331877554,0.0876017642595878,-0.0603284695246778,0.067454524848211,-0.0050006908193553,0.0174302546470552,-0.0147540644651852,-0.0420716038560297,-0.0070231646022276,0.0970182877578966,-0.0536344715397281,-0.0725757483807938,0.0586110435312505,0.0572007891038763,0.0459718099268441,0.1001429917050391,0.0366003080744909,-0.0063706337441316,-0.0377251376563083,0.050033805664174,0.0951378852052071,0.1332024129883964,0.0308461059797466,-0.0556555353232447,-0.0197720096619065,0.0204393307179282,0.0962050263616565,0.0182354487968798,0.0089171173866586,0.0872927050216312,-0.0926130545882191,-0.0167640831048938,0.2120938671231074,-0.0285440435967628,-0.0677893743359567,0.0055311955932535,0.0869132472468532,0.0741622779013357,0.1355269383471564,0.0519524912801516,-0.2373660900226855,-0.0823221282477444,0.0006761519349709,0.0747080842998058,0.075396690926385,-0.0163412077003589,-0.0036731786417814,0.0092561332821234,0.0269071719497779,-0.0594623268864616,0.0791783108701373,0.0513133505227649,0.0073399073761912,0.0926051685925641,0.2061658372390009,-0.0398662732187725,0.1095554010144408,-0.0677887631115176,-0.0490381889889265,0.0109888273696987,0.1261152944191758,time,1731,60,48.62424087524414,0.1355269383471564,0.1627122596352933,0.0214128695138807,4.285220130281274,5.1447915738099566,0.6770525521127385,5.494596267188562,1639,0.791106555189796,5,0.0191573172022937,0.0641986842952659,0.3164810922057866,0.0,-1.4046853895393077,-0.6135788343495049,0.182500467011433,0.1173600390438132,42.28634873544826,41.46658253638515,50.26207259800549,0.6726373471606131,0.0071699845277142,-0.0501413190507574,0.0157859145569945,0.0600433357602774,0.9166682561178012,-0.0077686997915182,1.0,0.0029533376836436,2023-05-09,54.0,11,0.1063319375788611,0.0736281244976524,False,False,False,0.2,0.0,0.0,-0.0964263728046639,-1.3894817466142748
CSCO,Falling Wedge,bullish,1,0.708674485110596,8,51,1806,1807,2023-11-20,2023,4,44.91816529240701,49.26426419700181,53.66139936637404,47.0691170504095,1.1382239521288997,-0.088220111990616,True,-0.0087009157488364,-0.0125624525738825,0.0490406914355936,0.0053487575253041,0.0395008597739778,-0.0065172580472703,0.0020723560464044,-0.0063903721949262,0.0051811244755468,-0.0091020575687561,-0.0602307233354313,0.0204730952014644,0.053084644351411,-0.0212542218520631,-0.0383170738408691,-0.020127021548017,-0.0052975093364886,-0.0376417106022958,-0.0101680467011617,-0.0140698519643006,0.0273709890664115,0.0468598977831831,-0.0096917441822223,-0.0070435098563361,-0.0145902145275236,0.0386404418785157,-0.0414215109306221,-0.016652990493193,0.0616369748559042,0.0282007677915347,0.0095881582738859,0.0326164011195899,-0.0607380528105337,-0.0699031496608773,0.0754217932186467,-0.0137230491108759,-0.0452200952484761,0.0208144864597958,0.0152872694666295,0.0310878673380399,-0.0931963674352231,-0.0063865153979105,-0.0063270636008955,0.0368269656536637,0.0744233181945059,-0.0105922923344414,0.03956937482315,-0.0124744760824093,0.0046989574228886,0.0276290068510187,-0.057978435415486,-0.0059824332744672,-0.0610710919802105,-0.0753953967679771,0.025915926642237,0.0706404590872022,0.0231330039099839,-0.0026853180971921,-0.0270324095534402,-0.0368487825487453,-0.110785059437537,0.0818222667376298,-0.1060605734484294,0.081908166801764,-0.0101270288886011,0.1236772896265661,0.0539142550006137,0.0342271342397659,0.0378893779777708,0.0704155872255118,0.0015555938954208,0.07694110617391,0.0020725324553554,-0.0723427853811238,0.1119967031664503,-0.0145420221774377,-0.0637285222565231,0.0080461937403937,-0.0628053185302077,0.0734727139130186,-0.0850566872547509,0.1565129632149933,-0.0398465157509678,0.0533009985287149,-0.0376053235991126,-0.0036177458133908,0.0609098590665584,0.0108358165350817,0.2048485473531189,-0.020391905604118,0.0077753128758446,0.0520767911927215,0.0113307147124119,-0.0953714325695225,0.0572351835256821,0.1088842769859717,-0.1057921365717815,0.0833442852452861,0.0576167849986788,0.0933842349878626,-0.052906119132129,0.1519268995283935,-0.0188837136545045,-0.1749247478990769,0.154131454496385,0.1160366554533809,0.1675564068419435,-0.1532169649338274,-0.0511451650308474,0.0317754888739443,-0.0651723422526445,0.0051228687638553,0.0031891721343155,0.2102114232521073,-0.0195879825682377,stop,1807,1,47.0691170504095,0.047886011015817,0.0016573029956239,0.0126372613334718,1.0,0.0346093349700091,0.2639029868096064,4.064821092076255,1751,0.4616097451700892,5,0.0626456494286516,0.145863072181158,-0.1024613793963669,0.0,-0.9213511635801525,-0.4597414184100639,0.9964236827613204,0.0823046865264706,49.26426419700181,47.0691170504095,53.66139936637404,1.0701448889360397,-0.0489928107807344,-0.0908693651074477,0.0238243182195925,0.0034268110018245,0.8780505959303546,-0.0041874903449675,1.0,0.0803884635106007,2023-11-20,54.0,11,0.0843917138213998,0.0599612908964117,False,False,False,0.1,0.0,0.0,-0.1170216463325782,-2.3906783688390694
CSCO,Falling Wedge,bullish,1,0.7207341122802668,3,32,1878,1879,2024-03-06,2024,2,46.36492702624262,44.92608158264153,50.225428007988455,44.51042344814002,1.1989998863507216,0.0320269516706979,True,0.0135517257244652,0.0080366211128299,0.0940546028635174,-0.0808239014151622,-0.0035538298506919,0.0199356408190403,-0.0081339887216155,-0.0187256583116739,0.0222818535490039,0.0051811244755468,0.0382517169474287,0.0220439811359149,0.0200542220769752,0.0280002600317861,-0.0232008772082845,0.0140540089944036,0.2378656063176893,-0.0465457829920862,0.0110384375179308,0.0197173677544622,0.0136436097772836,0.0114451048588013,-0.0052774492065482,0.0022248584943855,-0.0152304983949522,0.0251014727939531,-0.1507949086462494,-0.0366502579657916,-0.0006648936255064,0.0250064969436751,0.0069287525451979,-0.0049110459340337,0.0096899838992803,0.0219647788458006,0.022590487702943,-0.002740664662748,0.0122915982655729,0.0470435851267676,0.0070337465067691,-0.0304521936589262,0.0932472340427734,-0.0189674866863418,-0.0510295169026566,0.0580929306821373,-0.0117319401281105,0.0011724505371602,-0.0189512080973045,-0.0219214327549593,-0.0019347406311733,-0.0209803276032471,0.1032367729323557,0.0282569683630655,0.0725500079825347,0.0309377713015168,0.0470107538057071,0.0917379457459772,-0.0024026066123126,-0.0655368950021716,-0.0477751933148552,-0.0138254314983289,0.0473040253614569,0.0277834717818736,0.0374971157003152,0.0175439161178585,0.0065253613257538,0.0846907125361107,-0.0592226444028736,0.0384083652283842,-0.0400414755532019,-0.0458682940946786,-0.0331215048403893,-0.1734135238851418,0.1371038627924719,-0.1547060285159481,0.1107802533212281,-0.038113714919989,0.0092573518050509,-0.0196152874271159,-0.0568238151164198,-0.0265269877412671,-0.0233163011666034,0.0132435761726248,0.1071847078211578,-0.1311413903242073,0.0097439956765252,0.0564298846608335,0.0484476602183647,-0.021576444899944,0.0039313159824314,0.0131165738762188,0.0725093310601614,-0.0426940450642002,-0.0517819274863341,-0.0827064374009208,0.1546048165668887,-0.0792690259616232,0.0351951246101984,0.1400222521568201,-0.1138439003064092,0.1942474663848188,-0.0615993939484533,-0.0284075722839209,0.1667671574682614,0.2195551420116599,0.2941187400126792,-0.2705241272199351,-0.0519220964055532,0.1552777627575414,0.1293783208897754,-0.1301017411967139,-0.1114957679797189,-0.0504981782215616,0.0269071719497779,-0.0676453710728466,-0.0793202664969184,stop,1916,38,44.51042344814002,-0.0399979833259082,0.0236675510719511,0.0421978247170727,-1.0,0.5917186093885083,1.0549988076458765,2.0816896916940064,1844,0.8481484355360909,7,0.1332230441487113,0.0477757581344777,0.1490272382628179,0.0,-1.5375844148932012,-0.6894359793571149,0.1421939361212025,0.0707808914658268,44.92608158264153,44.51042344814002,50.225428007988455,0.675887550105456,-0.0374249616236938,-0.01615756407967,0.0146576096227424,-0.1283532474275126,0.4545399374040755,0.0006128475893412,1.0,0.0319243614764941,2024-03-06,17.0,11,0.3704346467771449,0.3612139859215111,False,False,False,0.0,0.0,0.0,-0.0567778890713673,-0.9326361379504198
CSCO,Falling Wedge,bullish,1,0.6636024243472264,3,33,1952,1953,2024-06-21,2024,1,44.90006528301591,43.22878662537221,49.18082869529002,42.47478855687652,1.3172688780235926,0.0386612437708993,True,0.0004211697008236,0.0006233662236648,0.0386450767460679,-0.0138815214003251,0.013143047855235,0.0063088122399566,0.0010769424587593,-0.0272225251824725,0.040334997061229,-0.0304904007704874,0.0320920606054659,0.0628459118598441,0.0016357692710606,-0.0103878427478157,-0.0155656989744933,-0.0555189342467746,0.0087002377228233,-0.0256269238743935,-0.0130880195079543,0.0446949552853648,0.0451733885498335,-0.0136543734274809,-0.0040395782753485,-0.0218023406740675,-0.0419186462254737,0.2497146104521264,-0.01278480752894,-0.0217975091428472,-0.0625155312009504,0.0165799319786872,-0.0068081690054291,0.0097088292152038,0.0376495405259087,0.0543357959371184,0.0446940270619982,-0.057071738959464,0.0047674124178231,0.0185462219631471,0.0452841329629818,0.0400678944681258,-0.0414943770373866,0.0093543293345403,0.1063639810497869,-0.0191068480612925,0.0372513592142407,-0.0444392949563364,-0.0056617767960831,-0.0246207211122639,-0.1930236103491122,-0.0753058030432869,-9.546252111025667e-08,0.055275490885529,0.048813201372718,0.0418450257418947,0.0062069423084296,0.0955963323443556,0.1236772896265661,0.0773613290767514,-0.09636910368492,-0.0363160288847551,0.013582686162433,-0.0542331090747556,-0.084245135265229,0.0365133007614701,-0.1435959544736579,-0.021261954206736,-0.0821457625333307,-0.0552232985122758,0.0114806360644384,0.0614484209131522,0.0333773947107909,0.0565379847773395,0.1785473819660679,0.0445582340732777,-0.0290745432696446,-0.0253139727023964,0.1111339614086994,0.1233101611457505,0.0497053125681956,0.1023897535211926,0.0140831140572859,0.2334902156780265,0.2233222734464701,-0.0067340524750582,0.0783291645799848,-0.0160359714247043,0.1813581297006528,0.0613064284399784,-0.0768499680788871,0.1667556712608704,0.0064689435929587,-0.0124159902001507,0.0748280485595376,0.0404006608454168,0.1772912723151767,-0.0425224088528783,0.1204011418756627,0.0824282429892266,-0.0526819933530354,0.1729364931071055,-0.0447825674110842,0.145928359312754,-0.0810285630133833,-0.0947046329412862,-0.0374617428120639,-0.1216730762811272,0.2001513832961783,0.090079339739191,0.0724420769392355,0.1301512197468923,-0.055074865014758,0.019335753671267,0.0182138902840613,-0.0613659520618657,0.0429248799827741,stop,1987,35,42.47478855687652,-0.0540149933157623,0.0357513017720592,0.0549328698469487,-1.0,0.6618773710303599,1.0169929953674286,1.765061844752171,1918,0.7996260750692871,5,0.0256568412252487,-0.040043259673516,-0.0609043253772045,0.0,-1.1033240577692889,-0.3036979826999975,0.1747915290437972,0.114554657145601,43.22878662537221,42.47478855687652,49.18082869529002,0.7529939714842635,-0.0457378552652263,0.0008465553048937,0.0168413674850159,-0.0425002683613487,0.3037992409244065,0.0081334098666643,1.0,0.0310226987450421,2024-06-21,17.0,11,0.2437018947684255,0.1719041673766619,False,False,False,0.1,1.0,0.1,-0.0080444776231082,0.057758678048011
CSCO,Falling Wedge,bullish,1,0.7348692241875141,3,43,2351,2352,2026-01-26,2026,0,76.48785020754165,74.23917854075609,81.7689472804783,72.17979938973903,1.4570674942547168,0.0302895548009207,True,0.0446949552853648,0.0429231025059084,0.0332496739399144,0.0074310826238936,-0.0368266068469014,-0.0285048697811058,0.0506051418113826,0.003378830184382,0.0340609273468401,0.0053487575253041,0.029580547754253,0.0288986689358594,0.0165528147869897,0.038961202241126,0.0022565127898583,0.0032791971109125,0.0046746949845479,-0.0528414778110348,0.0605385737352843,0.0255162660159382,0.0193507878590022,0.0513164378827135,0.0298535971309067,0.1242388903780165,0.1245702217063234,-0.0553374025909537,-0.0759272619173373,0.0046040339247819,-0.0103487221995622,-0.0107636783806182,-0.0536793001334968,0.0439630269656585,0.0799571242480665,0.0897825283876592,0.0115774542489277,-0.0425799198807931,-0.0279102994339677,-0.0091584758406588,-0.0747803880745922,-0.0068081690054291,0.0364079151146909,0.0478059788921034,0.012592788600003,0.0819614942772504,0.0682979423192293,0.1187560569019684,0.01230727021414,0.0221462417955929,0.0621364294224759,0.0257843069080647,0.0202956143191963,-0.016048465625749,-0.0129428023619918,0.3033322165436527,-0.1167976592138477,0.0007648341015147,0.0364943474756751,0.0240846130690606,0.0036924320096758,0.0492688126787432,-0.0354215719509614,0.0802378574245881,0.0363638201095382,-0.030543523493025,0.0673890968028301,-0.0034657156575775,-0.0760235089403001,-0.0618160491473178,-0.0055319840095722,0.047545011723739,0.1040377405857878,-0.0458682940946786,0.1487015366665165,0.0450000325020032,0.0305706394021867,0.0645603096738591,0.0708190210325836,-0.0059915015626422,0.0790151095320323,0.1019735573060021,0.0021395532021373,0.1437513587519248,-0.0265269877412671,0.0115625246106285,-0.0377251376563083,0.082695277574166,-0.0225079841919567,-0.0225079841919567,-0.0759646553584815,0.050033805664174,0.1600984721613441,0.0098535790596256,0.1696670324725602,0.1423363749238204,0.0501013677101169,0.1930753960670268,0.0754863883356076,0.0652442742296444,-0.1212907758272542,0.0952148365888585,-0.0487705274246091,0.0409700846922418,0.3213372192616495,-0.0228874292158298,-0.0481286544920659,0.0051568710997234,0.1128560488654584,-0.093002033673564,-0.03958021679566,0.0936143886268516,-0.0899995585252693,-0.0715870312387709,0.1077921962181811,0.0278629281705422,0.1369937438389162,target,2357,6,81.7689472804783,0.0690449144355207,0.0785075269859079,0.0018136984741606,1.2258669398961122,1.3938721287706453,0.0322015461470362,1.2258669398961122,2308,0.6562654176290167,7,0.1629582328495656,0.1185782015107845,0.137026011224018,0.0,-1.0017141376362646,-0.3454487200072522,0.4174639302194453,0.0940402995486462,74.23917854075609,72.17979938973903,81.7689472804783,1.4467198057664783,0.1292291340300766,0.0089161958089079,0.0189585839745867,0.1339289631617295,0.7696649921991546,0.0252044479263204,1.0,0.0034039340728744,2026-01-26,24.0,11,-0.0792308375221897,-0.0354170854343713,False,False,False,0.7,1.0,0.1,0.0238566239688081,-0.0115991045696573
CSCO,Falling Wedge,bullish,1,0.6198630475958087,3,48,2480,2481,2026-07-31,2026,0,114.5999984741211,115.26565314956542,132.14313195834018,107.76375156191273,0.896260641665829,-0.0057749612070526,False,0.0595986206107763,0.0278148790882772,0.0169783987450073,0.0142221266365469,-0.0276855910637787,-0.0166166184504841,-0.0078923515761737,-0.0055520516952306,0.0128427506099471,-0.021629153674759,0.0118896666161771,-0.0739498153809157,2.054399801387774e-07,0.0250951141573274,-0.0350946114417928,0.0067528483120655,-0.0330594866315587,0.0748048600186268,-0.0305774759585218,-0.0322937013230973,0.0070311130244031,-0.0094318238420837,0.0658069004846921,-0.0254799145534431,-0.0613734141350398,0.0183609466957799,0.0159658581096204,-0.0131249132075704,0.0032666259011797,0.0002296073029075,0.0390321694953295,0.0441862771503869,-0.0029281479734744,0.0234041206664563,0.0513325203826247,-0.0253445968103559,0.0573147816141696,-0.0089615527518178,-0.0303141443989267,-0.0330646051025519,0.0115385916965962,0.0010345709024293,-0.0386485799408123,0.0357610643793697,0.0228474138048986,-0.034074314949255,-0.0407504208649696,-0.0673168879332761,0.023546960608157,0.0080050524450021,0.0610255794871459,0.0347630133600971,-0.0363160288847551,-0.0115262708731633,-0.0344269631517232,0.0690907540535274,0.0515578765938224,-0.0516382221015646,0.0917379457459772,0.0166635391815135,0.0378772449572526,-0.0675324985313849,-0.0234100338923866,0.0249450634353181,-0.0880596150940427,0.0191263931360849,-0.001978002864644,0.029406889712408,-0.0483933547311017,,,,,,,,,,,,,,,,,,,,,,,,,,,,,,,,,,,,,,,,,,,,,,,stop,2504,24,107.76375156191273,-0.0596531152114467,0.0882199017885205,0.0610820252461062,-1.0,1.4788817227032616,1.023953653209804,2.5661936599876243,2432,0.4297417075892255,7,0.1794367422327198,0.5425815863448218,0.0860880333699543,0.0,-0.7673743274400848,-0.3376326198508652,0.7937131065485327,0.1439676730336,115.26565314956542,107.76375156191273,132.14313195834018,3.609285627092631,0.3051736780670693,-0.0120188945304323,0.0311172143595669,0.4924745245308823,0.6249994323368153,0.0155865120686324,1.0,0.0030210262245138,2026-07-31,24.0,11,0.501974796626647,0.2877936247313248,False,False,False,0.2,1.0,0.1,-0.0093421299163636,-0.5408145183125053
C,Falling Wedge,bullish,1,0.6221137401340417,3,36,1221,1222,2021-07-26,2021,0,56.13452835889378,55.93730772546246,66.47524447842216,53.443975311296725,0.7727446919060237,0.0035257441133791,True,0.0172291889679379,0.0225029890481732,0.0864481773515042,0.0153613564875578,0.0219206810608385,0.0214534107975932,-0.0181183320862869,0.027078419095619,0.0139553864550487,0.0027234607295407,0.028912445183707,0.0338753431306952,0.006658400303825,-0.0263229871848674,0.0217446881380047,0.0199694971960397,-0.0747720368827541,-0.0023410752781798,-0.0324677000235689,0.0089714333777539,0.140700152059396,0.0348671888287503,0.000698293530927,0.0741508489826305,0.0691042785364419,-0.0171869021500314,-0.0128179795257415,0.0061308951129368,-0.027328448577664,0.176933291471756,-0.0370309657589996,0.0071428964420385,-0.0292129928618601,0.1515313107229772,-0.0327824194240405,0.0590062066492498,-0.0030133004982606,0.0529724537911793,0.0721833656203672,0.0385164100310773,-0.0673911613560656,0.0281692763994099,0.0369425922231911,-0.001238675338236,0.0106992728180737,0.0535395926930627,0.0646892873409743,0.0479813357867369,0.1251365136697722,0.0792830734794027,-0.0163976451659993,-0.017114762065621,0.0971186120473253,0.0540195397553902,-0.1044692993800958,0.1110627009731617,0.126687599693168,0.0640997076414759,0.1148226570453079,0.1764961063388881,0.095340550285295,0.0628053562375343,-0.001917970363313,0.0941206750820871,0.0451526448807644,0.1182332542106885,-0.0643404538572464,0.0574361201807023,0.0038105383065399,0.0053642832982792,0.0164819858594514,0.0779824208784665,0.003049883126913,0.0915229308658811,0.0022872279653525,0.0547904066848361,0.0373738372487995,0.0222449356173499,0.1499999972421772,0.0954885195864445,0.0346326518077961,0.2245409840543899,0.1498867944110067,0.0847949876067915,-0.2468430427902462,-0.0401046464437578,0.0891706864392225,0.22509523633557,0.0832578384978306,-0.2433660094684959,0.0954044707064154,-0.0441962222203579,0.0777551175048612,0.0500818604076649,-0.0709449079497427,-0.0123337977689504,0.2513786706608649,-0.3870459247486918,0.5556816870432675,0.0931000765540592,0.2211043953930671,-0.0091599148256439,-0.0412185112127749,-0.0003359932217694,-0.0677256291870257,0.0825780937873488,-0.1053727193090097,0.0865645556675209,-0.0707377696762837,-0.0373908082129555,0.4442887625355438,-0.0332044838123165,-0.0917900555426349,-0.036330524394598,0.0391998574158974,time,1281,60,60.49927520751953,0.0777551175048612,0.1210099080141928,0.0092040524596337,1.6222489471166242,2.524698079897195,0.1920293466332102,3.843342218717341,1185,0.6220690415011259,6,0.185431567010262,0.1489297049824591,-0.1138692658364212,0.0,-1.0102985853530717,-0.3882295438519489,0.3842693554290248,0.1347880474871776,55.93730772546246,53.443975311296725,66.47524447842216,1.5959498758990374,0.0574583219625037,-0.0673948278685901,0.0281413452575073,0.1364435602282503,0.9492754825048716,-0.0037475953505935,1.0,0.0337778934356904,2021-07-26,12.0,16,0.2125952382943421,0.1164378991985786,False,False,True,0.0,3.0,0.2,-0.0108885404148469,0.0842663951060467
C,Falling Wedge,bullish,1,0.8290547405392734,3,44,1406,1407,2022-04-19,2022,1,45.703821463170094,43.31385124899572,59.16884199792469,41.307688013381664,1.1059611869989785,0.0551779660606788,True,-0.0593632925571564,0.0095975100435926,0.0203566567049759,-0.0001656005788703,-0.1386418795558606,0.0611368248555908,0.0204904958169236,0.0018293769880304,0.0486213069480168,0.1058140023578619,-0.0187798412427271,-0.0243273468304838,0.0741355449593657,-0.0061641646268049,-0.016710190407305,-0.0424683302735737,0.0257398972976166,0.1784289864194144,-0.0089282668083382,-0.0087337919877191,-0.1138790324580111,0.0049070294411566,-0.0674963764081193,-0.0521335015556598,0.0162008477803162,-0.0390130485663171,0.0804545541539396,-0.0248006375975391,-0.0145019732491538,0.0539827572937545,0.05731778013966,-0.0282581532043021,0.0014553383580573,-0.0128443718793125,-0.0969889196793079,-0.3443599674316389,0.0471182958119571,0.0628849772537856,0.1220599710798573,-0.0077906968363714,0.0044310590474703,0.0193623331489598,0.0709995392620572,-0.0212595285399782,0.0692872085728242,-0.0521103274125799,-0.0341597670412833,0.0522090424497727,0.0359753249247811,0.1477945787502597,0.1446341640812647,0.1800317922536976,-0.0020637030837561,-0.191238192618799,-0.0145311372457638,0.0368376190828623,-0.0026973453814808,0.0087683567274441,-0.0712600212748175,0.0944823374919299,0.0121608722605348,0.034156203137901,0.0395422724845808,0.0332373033889399,-0.0246517709187543,0.004400136751671,0.0926294924816601,0.050255448570996,-0.0645829536345409,-0.099810559467146,0.0517151773257766,0.0500587745472973,0.0387735510335593,0.043754046709125,0.0794417131793963,0.0777762592157986,0.070034426204889,0.0989129137033257,0.132335281071861,0.0655022970874827,-0.0251327318943319,0.1615346718892709,0.1341282561815193,0.079855631087204,0.0459686941519752,0.1873546359106581,0.0719758358287208,0.0337174430669682,-0.0088774695787927,0.0018875332794334,0.1002314644203323,-0.1717722208219306,-0.0544036826391245,0.0801312728066194,0.1881619491788684,-0.07395502362699,-0.0765135806158505,-0.101852478622756,-0.0404525622886284,0.1897814253110001,-0.0281450394442789,-0.0791623331746806,-0.0308515214691776,0.2224651788598111,-0.0462484776212301,-0.1076499027726968,-0.1255471129312367,0.105815030092782,-0.0049735694595683,-0.0207337313396422,-0.1170432774952542,0.0712398131563656,-0.031886370674904,0.4706571661200098,-0.0725589616982216,stop,1421,15,41.307688013381664,-0.0961874370468343,0.0108613857637501,0.0982969788967334,-1.0,0.112918964235024,1.0219315735470935,3.0629235187122488,1361,0.7485174669766048,6,0.0541853495006429,0.1246077376967729,-0.2531130516263461,0.0,-1.6282682181267074,-0.879750751150101,0.2752480692281396,0.1617258227329566,43.31385124899572,41.307688013381664,59.16884199792469,1.3186622516392783,-0.1797901633420391,-0.0821647384444388,0.0291140437600579,-0.2497784868613312,0.6176440889048498,0.0080291355560153,0.0,0.0014626001599533,2022-04-19,15.0,13,-0.0923718077458576,-0.0630039360690448,True,False,True,0.5,0.0,0.0,-0.0134999434948597,0.2633804887478733
C,Falling Wedge,bullish,1,0.6901410276026337,3,47,1758,1759,2023-09-13,2023,1,39.03645449133127,37.13238069354912,47.65573952660145,36.34238461625057,1.6396119152090325,0.0512779887046923,True,-0.011451221814745,0.0083288739082046,0.065394779882421,-0.1958056660825087,0.0197673520450398,-0.0056396181216007,-0.0209271183664169,0.0076546193809945,-0.0162059183349513,-0.0284986785234033,-0.0298304192305912,0.0033338707754373,-0.083203408848386,-0.0074639158253586,-0.0145879410361138,-0.0072686665395467,-0.0053050013597227,0.0312073848772003,-0.0338555840705848,0.0224615286389637,0.0200431096546616,0.0431367180670734,0.0003284068361246,-0.0544521589605434,-0.0065371834157309,0.0085044409926915,-0.0070696857085618,-0.001238675338236,0.0317461928664075,-0.0071779589116168,-0.0598836635367466,-0.0094518588395253,-0.0621712622394933,0.0566497864424335,-0.0293254792952314,-0.0336869948739886,0.0191247453149832,0.0714371265536977,0.0950434949104597,0.0463806810707039,0.0741508489826305,0.0206285007649553,-0.0157515459856649,0.0115874911368158,0.0275414188138196,-0.0663040391165701,-0.0294463257893908,-0.0044816049096626,-0.1208750682858732,-0.0019244166675851,0.1950452542620104,0.0345205326424253,0.0409833227570004,-0.4889118803047085,0.2607136352331596,0.044249680876516,0.0868476400182849,-0.0230513790010656,-0.0462845200831302,0.044249680876516,0.1696670055429332,-0.0110772189840709,0.0570563778616488,0.0431031516234832,0.1336508436951335,-0.1235461409471677,0.1235997995073656,0.1677557615754108,-0.0587349288993052,-0.0099795374220682,0.0129070305087641,0.0915229308658811,0.0732587362709875,-0.0249325676962236,0.0718726280581454,-0.0121221543924404,-0.0504026170197813,-0.004719143255592,-0.0515330424210872,0.0442126394448634,0.0497695778341502,0.1412862052061732,0.0429512928974515,-0.0699957219991603,-2.954150524203669e-08,-0.0375349745566641,0.196380685088362,-0.090359208775439,0.1091495807283953,0.0355586745340006,0.0402481243328651,-0.0377101182022373,0.1481585206912159,0.1241615461465077,-0.0931277874295178,0.1726997930578062,0.2457157968547116,-0.0658324254211514,0.1480187236904677,-0.217781079809476,0.1072264469686623,0.1429491542918217,-0.4159715683858653,-0.1893102768965414,0.0622918461246386,-0.0440761593894667,0.1059429847038209,0.0941508481194222,-0.11541672396924,0.1073683862058463,-0.0575225468740753,0.1711577634889665,-0.2520842065984237,-0.0028127009148884,0.15297920730034,stop,1772,14,36.34238461625057,-0.0690142050600155,0.0151904112473569,0.0747841950609194,-1.0,0.220105574412502,1.0836058315224566,3.1993546696749995,1710,0.8499809653118776,5,0.0406136173911751,-0.0395765651215187,-0.1733910193684963,0.0,-1.431528159157807,-0.5815471938459247,0.1264332350775969,0.1719833847247361,37.13238069354912,36.34238461625057,47.65573952660145,0.7005010315349415,-0.0770185590781153,-0.0398062623661189,0.0181226755924658,-0.0858334575350887,0.5655720789453991,0.0062379393609268,1.0,0.0081736221858137,2023-09-13,17.0,17,0.051492253150992,0.0038856260951418,False,False,False,0.0625,1.0,0.0625,-0.0192738050201012,-0.0939171936508795
C,Falling Wedge,bullish,1,0.6670010773969578,5,43,2387,2388,2026-03-18,2026,0,106.28430230190604,106.43283009281072,135.38798334530043,100.74349028079382,0.8061034705925977,-0.0013955072957767,True,0.0666170305150328,0.0641149147626238,0.0248103568721551,0.0468970886941402,0.0158243137963174,0.0721627113634522,0.0217446881380047,-0.0069929968449656,-0.0453765804941681,-0.0300325933939292,-0.0286233145796429,-0.030527414820984,0.0278325471688245,0.0047710182973488,0.0162587671788119,-0.0187740262470444,-0.0415032368320746,-0.0165604033168941,-0.0168514454567052,0.0466788360620673,-0.0340151348560857,-0.0660872480769391,0.0695352338824484,0.074256955431216,0.0741663695697247,-0.0003951580242996,0.0402145222943743,0.0205584875724871,0.1205957875501892,0.013124063544234,0.1102188961672556,-0.0289663460436793,-0.0881792826414868,0.0763445586757349,0.0067502606844644,-0.0884389200719867,-0.246339370140055,0.0533013109396709,-0.0143666889690554,0.038415357455982,0.0008367897813077,0.0330462715717614,-0.0516936239845625,-0.0112074386672299,0.0919789824663173,0.0704670324231448,0.2050684976802657,0.1341272196622558,0.1509996637234461,-0.0310475351696698,0.0970427789064329,0.067150697903898,0.0389860219865769,-0.0230408384943644,0.0967315985542778,0.0168992046209521,0.0801492416668459,-0.0586673805191076,0.0496270174516166,-0.0127492052036974,-0.0371269973505254,0.0989760272023281,0.0378264966430885,0.058568020494738,-0.0113190688822011,0.0118575569660117,0.1394230616935023,-0.1387008644266743,0.1734892227918919,0.1684565670916658,0.0265272088276893,-0.0946892114128531,0.0369886339775371,0.0682936327709347,0.0325759796096012,-0.0511070838622536,0.0245620674881936,-0.1644103546850488,0.0083699151420648,0.1117677426474144,-0.0280726214091898,0.0771305240136515,0.0378457957274365,-0.0633378750793415,-0.1603957228985323,-0.0892391715577742,0.1191261381430843,-0.0370859690649026,0.1113487763213554,0.0399562860953417,0.1507369701912833,0.1619383444837656,0.3089671982800277,0.1768366649000812,-0.0896450585234366,0.0628647973331675,0.1923388102685663,-0.1397864737206344,0.30621040883884,0.0622263235115836,0.1309090744508165,0.121783973920909,0.2687627500798071,0.1218794432126313,0.3184050424741973,0.3877962110078172,0.12882152268969,0.1047425473076044,-0.0784126106129787,0.3239704468606998,0.1010903820701849,0.2502152554730481,0.3523258645957128,0.0520748665958794,0.1600385193883224,target,2445,58,135.38798334530043,0.273828593809873,0.2835984241890865,0.0075468449615364,5.252602133496014,5.440007806438196,0.1447641876788579,5.252602133496014,2344,0.6520042387305991,5,0.0786837295009613,0.15138793873733,0.0376076578396362,0.0,-0.9425770259324268,-0.2905727872018288,0.284054999328778,0.2322458419310175,106.43283009281072,100.74349028079382,135.38798334530043,4.001347673270077,0.0824037403375246,-0.0457297286214942,0.0371833603723759,0.0918892385266763,0.6393426220076518,-0.0055705041826271,1.0,-0.0362237427865977,2026-03-18,61.0,9,-0.0446343884741021,-0.0491400850060086,False,False,True,0.375,0.0,0.0,0.0659900798001275,1.3708696921794414
CTAS,Falling Wedge,bullish,1,0.6440312027241877,8,137,587,588,2019-01-17,2019,0,42.42410330956582,41.68040037726374,54.20930626685361,35.627612826063626,0.5071667536294159,0.0178429891644651,True,0.0127569465606427,0.0097377648002869,0.0214585645816436,0.0003891068863119,-0.0379896964105512,-0.0086689869144022,0.0257491212005886,-0.0559707528421179,-0.0112946824032262,-0.0102115454653384,0.0013868712152025,0.0039808403216909,-0.0052930616823382,-0.0364258967080094,0.0045248051383171,0.0023863781686845,-0.0204930125223862,-0.0629153745935926,-4.475894797340008e-05,0.0210423847260461,-0.0023442682759603,0.0069710724767972,0.0209450911631734,0.0326305681384277,0.0134593747519367,0.0487871301262148,-0.0053135138758063,-0.0042588783846936,-0.0242425775987161,0.0209473664995132,-0.0238834975701008,0.0677828731205427,-0.050885585857929,0.0099773806390519,-0.0630340081499561,0.0091813548975299,0.0936470494207502,-0.0337117281732796,-0.0055856001966383,0.0474761312073199,-0.0002809252906067,0.0106447891081946,-0.0134223110405453,0.0359123932088532,-0.0377423904226527,0.0285307955550755,0.1157404837855058,0.0689822838290263,0.0069941913681792,-0.0224521213928757,-0.0125728187826911,-0.0018791768153808,0.0317537108099132,-0.0236943340813199,0.0988572723495162,0.0158196325087087,0.1008401023668323,0.0337173002251776,0.0091281440400405,0.0656425192104794,0.0113891538733148,-0.379429791847894,0.0226161973475162,0.0607722935628258,-0.0274905700985486,0.0187961700758736,0.0123387057049551,0.1175639115141871,0.1088049591885653,0.1362714970235337,0.0661019500333988,-0.0042947197947555,0.0471219083653253,-0.0137938024562893,0.0802879223764923,0.0625869724409984,0.1718526681632428,0.0514332326761703,0.0991631744910754,0.1567389730637238,0.1658830155038066,0.1741186080040417,0.0363174586925674,0.0931574190602557,0.1237647615926798,-0.128544087880075,0.093406335838895,0.105941544607832,0.0793669612647509,0.0356185132845996,0.1260916509051628,0.0584605715135086,0.1400494084727332,0.0409206014480036,-0.0846888420567256,0.2256985689962605,-0.0221345217095235,0.1720371502270714,0.0468611142717891,0.082203329418055,0.0356169099005923,-0.0834816062561994,0.1821078365599815,-0.003413235439158,-0.0519037255309686,0.1399952042693912,0.5831132985934719,-0.0398332437213361,0.1597001800236761,0.1511229834141589,0.0526045725630399,0.0923949849339362,0.0501987868736499,0.2000409265176777,0.0456373748802912,time,647,60,48.36557388305664,0.1400494084727332,0.1477689819610267,0.0120994472948058,0.8741968502586954,0.9223828933302064,0.0755254794028613,1.7340130153783326,450,0.4397972661739697,5,0.020103897806806,0.1652251935202708,0.5273843078721925,0.0,-0.9178411433224974,-0.4780438771485278,1.0082245770094138,0.278289279378954,41.68040037726374,35.627612826063626,54.20930626685361,0.8238946677670279,-0.0282119654841849,0.0341229415443771,0.0196072187518322,-0.0496138891038671,0.914573692745936,-0.0026924939875903,0.0,0.0369124002584109,2019-01-17,44.0,10,-0.0550269506409238,-0.0156488745570522,False,True,False,0.4444444444444444,1.0,0.1111111111111111,0.018244588726706,0.5623083299441722
CTAS,Falling Wedge,bullish,1,0.735283078000959,13,201,1470,1471,2022-07-21,2022,0,96.58439829859547,95.49703888346208,116.06818320922326,82.1844841333481,0.9844185973602532,0.0113863155114195,True,0.0452416195195914,0.027318298457958,0.0196459768038868,-0.1029527994141701,0.0527282273394833,0.0183522375611295,0.003360513190014,-0.0040116741333148,-0.0146220267026044,0.0514964155016377,0.0880344712446019,-0.0167921794513377,0.0027386393421846,0.0195869019329446,0.0268919913828022,-0.0130918529189779,-0.0067982760393763,0.0406518868489698,0.0588787140944568,0.0414808139367348,-0.0344071592839545,0.0331846028018407,0.0320238483177439,0.0630848848174976,0.0248563762381992,0.0060440299233093,0.0292930105018773,-0.0036084456769425,-0.0340326446396224,0.0297837713717299,0.0680985687209061,0.0132151861678506,0.018380077297408,0.0145949434829744,-0.0055858395866507,0.0621437533992426,-0.0034154333075324,-0.0615155575043704,0.0865073568406527,-0.0279514983860676,0.0417826968256407,-0.0516410806010518,-0.0177841636325489,0.0781855940875546,0.086574404681547,0.0466314483192023,0.0989998602695501,0.0263787049206387,0.0385414779345327,-0.037078719788545,-0.0235283813521872,0.0014409905957555,0.0010505383880479,0.0824880376353198,0.0416945627102032,0.0481384660796795,-0.0018995309498455,0.0379151423615133,0.03127233446927,-0.029375701594135,0.0159691166494186,0.2051040649925239,0.0677411751847854,0.0137924075345372,0.0619951623202286,-0.0223499931463525,-0.0066815321393932,0.0665847076228567,0.0693591439941394,0.0088972435701251,0.0384173100665589,0.5370573579812219,0.0595479407853125,0.0913169882550064,-0.0954354433132071,0.0932169505686368,-0.0210465480890378,0.0473349071206832,0.0884390826445122,0.0400941349125631,0.1047044836522141,0.0585969626846885,0.044329512144815,0.0658722371905153,-0.0993287463729647,-0.0137938024562893,0.1156622161238034,-0.006908477980776,0.0471918573490914,0.0208610015283909,0.0491191711352356,-0.0524443457230956,-0.048418638754989,0.0514033033580465,-0.053163859407008,0.0194667163948352,0.0465109215363679,0.0128624855945145,0.1047148994019711,0.204823098344917,-0.006858018889735,0.1149054660820214,-0.0596025352218106,0.0599938144262697,0.1653738765951382,0.1617261912466321,-0.0072266977480871,0.0411323592840549,0.0194667163948352,-0.0436812647638181,-0.282248335298769,0.165655942013817,0.1552474276890814,0.0601167057411367,-0.0923794342258073,time,1530,60,91.9079132080078,-0.048418638754989,0.1022436310326631,0.0744437950268661,-0.3247578448678441,0.6857776699104187,0.4993161116950538,1.353048683974089,1269,0.4355532779679276,7,0.0653303103914857,0.2108815152990382,0.1206611003069271,0.0055865921787709,-0.6953889106648872,-0.2598356326969586,1.033211972218679,0.2834705175548672,95.49703888346208,82.1844841333481,116.06818320922326,2.181570126753215,-0.0022168084874595,0.0608118332159872,0.0226916600783239,0.0366252577942924,0.9974168346774238,0.0030350018778015,0.0,0.0651726253613247,2022-07-21,46.0,21,-0.0617832785646427,-0.0434730777187484,False,False,False,0.5,7.0,0.35,0.0192843124441891,0.2804197654857393
CTAS,Falling Wedge,bullish,1,0.601278766612234,3,21,1521,1522,2022-10-03,2022,0,97.75219400139842,93.11533472776205,108.5767177592852,91.11858621613328,0.9391345696623872,0.0497969457683098,True,-0.0194769248966383,0.0137671415667463,0.0056172126517279,0.0053334011673003,-0.0149429100952184,-0.0095890524635524,0.0347570677929358,-0.0312091101394376,-0.022728329105807,-0.0157433782890975,0.0278932739527844,0.0378616598811905,-0.0020617708604941,0.0574698642784163,-0.0236597617715197,0.004952714972447,-0.0200882608362609,0.1069557462878838,-0.0220835369779713,0.017100031573404,-0.0117182177534046,0.0073461867145465,-0.0260500664456319,-0.028500091187363,-0.0135159299864912,0.0554193149645829,-0.0240386212961847,-0.1036927232870965,-0.0851993111045141,0.0504805049444094,-0.0372644565468949,0.0719899603378466,-0.005217754085499,-0.0281478816596578,0.0451004292476406,0.0616152266621632,-0.0160630890966293,-0.0121000557124518,-0.055834636612583,-0.0295965432518864,-0.007537827343128,0.056149981833353,0.048152057454013,0.0436480173413287,-0.0005892432107591,-0.0298637586662657,0.0540912655652996,0.0170078559944262,0.0440157853944491,-0.0194348152463791,0.0247465449381207,-0.0876393372864545,-0.0701490250306966,0.146232557112681,-0.0293059189347365,-0.1350093458718738,-0.1662181658310234,-0.0666101847336774,0.0256437946723016,-0.0369975699126918,0.0013099758785219,-0.0189539435521441,0.0735766225103498,-0.0380523739855606,-0.0165657025328628,0.0973865131725668,0.0616276965824744,-0.0139091091919317,0.065306565657728,0.1140276144809031,0.0527227636587064,0.0370602723663631,0.1337493483595726,0.0637744895619436,-0.128544087880075,-0.0013026873244766,-0.1393084378945266,0.0477049937593059,0.0287724353409628,0.1035327698305454,-0.0263748684814347,0.1166132452404822,0.2726291726918428,-0.0908741101239464,0.0701224416612205,-0.0736055863472859,0.1100909359111728,0.0086824727074668,0.0782664847967722,-0.0195184845220022,0.0765817908207602,0.0806249849571699,0.1148929362062323,0.0988094723768282,-0.1010398308683568,0.0261728258577245,0.1888231892110958,0.134839522368747,-0.1230771000955278,0.1276275495609864,0.0780591348933552,0.0389564894017562,0.134412104281971,0.0550183038608969,0.0692064224866222,0.0495252686185507,0.0524586997019569,0.0825280407705988,0.211897679993527,0.0469089719334423,-0.022009576795283,0.0864873071636984,0.1530550534427754,0.0248752346849059,0.0491566716825601,stop,1529,8,91.11858621613328,-0.0678614720930994,0.0238405302847532,0.0855009438705511,-1.0,0.3513117170822109,1.259933526836141,1.6317702385013904,1500,0.7093173672869737,5,0.0217456946692819,-0.0434379684434705,0.0707599828252469,0.0,-1.144654175111987,-0.4353368078250151,0.2084052874967624,0.1178797462897667,93.11533472776205,91.11858621613328,108.5767177592852,2.41482167664305,0.010330094446991,-0.0348024674021968,0.0249974791929643,-0.0493572447983569,0.8668370824812593,0.0115406731079008,0.0,-0.0615033523532709,2022-10-03,46.0,21,-0.1596288455000624,-0.0954698222233413,True,False,False,0.65,4.0,0.2,0.0384521764667561,0.6029690438909243
CTAS,Falling Wedge,bullish,1,0.7317468379484144,8,93,2312,2313,2025-11-26,2025,0,183.45910803795067,182.657754430232,232.2661869049232,172.9288804798755,0.714338751010923,0.0043871863541646,True,-0.0044900036318599,-0.0096747226659558,0.0242383177028411,-0.0406274875245517,-0.0094293409104276,0.0320722361046295,0.0312138013865976,0.0286676886741366,-0.0544024091880691,0.012653536117817,-0.0880020956614192,0.0251813765138229,0.0070277364876769,0.0266363049963129,-0.0190873828308808,0.0105754669675817,-0.0271678525235864,0.0369001669244457,-0.0264024281310831,-0.0096850746572458,-0.0179834962970394,0.0060065033555423,-0.0019092820072149,0.0214756810832128,0.0092705208000054,0.0175291922223688,-0.0015114367265607,-0.0002951065526689,0.0418387220249281,0.0857487859672458,-0.1313407024336915,0.0504575071152895,-0.0010173889396611,0.1096684570035071,0.0495524565471252,0.0348088199233074,-0.008042894583617,0.0418387220249281,-0.0125518263423284,0.0372071292082503,0.0116422894924794,0.0484209562106254,0.0893342787335214,-0.055925376188857,-0.0075066804194872,0.0014828858688776,0.0339716304642858,0.0170961788324208,-0.0081747701204992,-0.0023938995036139,0.0540912655652996,0.3260817921136136,-0.0034669450945433,0.0273974299744172,0.0127595672708997,0.004474956590776,0.0402460501194588,-0.0163119614949522,-0.0316434352365456,0.0675773804685277,0.1021260960546295,0.1822823270909401,-0.0966687433554949,0.0347590589148139,0.0497289894227908,0.116529541549883,0.0060052459039732,0.0073382289937118,-0.0096652782971184,0.0343503989328226,0.0098444848342713,0.0494161659296574,0.1386333381213103,0.0824910390441544,0.0355625635093648,0.1066823925685149,-0.2014206635702186,0.0851967011080592,-0.0513280556892745,0.0951482793477263,0.0705912895850997,0.0622007537328439,0.0280141223550285,-0.0716901039685904,0.1385084691252835,-0.0147957427605198,0.2068055699162125,-0.0235212920608225,0.1090140360016564,-0.0003453240344594,0.0364626470071707,-0.0097309103305872,0.0669295607615729,0.0458705512610679,0.030586434162459,0.0794523746428768,0.1180534670032849,0.0445023190359659,0.0426199952127648,0.1073968561848326,0.1287872179915932,-0.1759420604443111,0.2037456880533985,0.309822862104679,0.1150962534669948,-0.0361817099729713,0.0895610820501338,0.114147012798135,-0.0581952088722412,0.1278457414063147,0.044362623156648,0.0700740488767814,-0.1642328122268281,-0.0528462130304268,0.0099967621815687,time,2372,60,195.73794555664065,0.0669295607615729,0.0954236288991741,0.0117387171176435,1.1660562367689635,1.6624839061680143,0.2045135833993662,4.634950061411014,2219,0.5504159017523067,6,0.0399454339933565,0.1391340813566521,0.2786464445173009,0.0,-1.7990104942244134,-1.2485945924721056,0.6409878485997558,0.1135927032576243,182.657754430232,172.9288804798755,232.2661869049232,3.1115674508468283,-0.1041696896894123,-0.03249743696091,0.0169844369160454,-0.1749939960605913,0.6183774923705656,-0.0029943611318574,1.0,-0.0112163674826599,2025-11-26,30.0,7,-0.1359889143318844,-0.0907274637403917,True,False,False,0.6666666666666666,0.0,0.0,0.009959995311833,0.3722954281151471
CTAS,Falling Wedge,bullish,1,0.660927991889675,3,15,2461,2462,2026-07-06,2026,2,180.8701508125112,168.03902493025635,186.457867896293,166.1447051412997,0.7798284837307221,0.0763580120009643,False,0.0132899745986356,0.0146895478357819,-0.002530146369538,0.0380503706233126,-0.0057011929719157,0.0060065033555423,-0.027834642724943,0.0071094230642134,-0.0189793730536472,-0.0081893641857689,0.0549381902110885,0.0282467994875865,-0.0335586102929782,0.0130451750038984,0.0165156860440365,0.0008406584264704,0.0101529764127006,0.0362050978923911,-0.0265623239075978,0.0071283451714023,-0.02169762597878,0.0073119265214616,0.0092650809621889,0.1128267681624521,0.123663514936917,0.0251645352823963,0.0229525082168726,0.0032821176361543,-0.0303126162114675,0.0081334968661292,0.0179353037379217,0.0390808956709176,0.1096684570035071,0.0323786534370962,0.0806649365869875,0.0096225722860849,0.0392279966016757,0.0372429918214285,-0.0580911379077242,0.0060585104028334,0.0621437533992426,-0.0576542454872182,-0.0206260317395052,0.0628904147870601,-0.0259121245588723,0.0946342187708761,0.1250137951499212,0.1150833580808454,0.0480659126485358,0.034581155676775,0.0061062297320113,0.0525436346638996,0.0622203719835872,0.0202953712839064,0.0445007009299365,0.0342310055980898,0.0225471428393349,0.0626091528587124,0.0107799033281736,0.0103015635613397,0.3510220023179038,0.0525344087848573,-0.0530585229077935,0.053327482474855,0.0299168779448113,-0.0437497201494212,0.0266259250051832,0.0566353197597546,0.0809119992331986,0.1156622161238034,0.0932287729377066,0.0553054742425864,0.0322669071132399,0.0692935835038397,0.0013134709945226,0.1450444967280615,0.0904004676411829,0.0911230250238086,0.0924503767735578,0.2079009167226746,0.1542145641941268,0.1118473596560389,0.0911230250238086,-0.1229282552187306,0.0775672864635044,-0.043836187112068,-0.3517305956068491,0.0749671021228335,0.0816317465994327,0.0095908969322306,-0.37531457927007,0.0910506619974168,,,,,,,,,,,,,,,,,,,,,,,,target,2468,7,186.457867896293,0.0308935280845428,0.0846476332791689,0.0277930575336792,0.37945996396604,1.0397125179754114,0.3413774102256953,0.37945996396604,2444,0.8065046817232979,5,0.0910132831827388,0.0952758279159924,-0.0939130006889086,0.0,-1.2331798628815551,-0.4266751811582427,0.1572571796347498,0.077703515824844,168.03902493025635,166.1447051412997,186.457867896293,4.509711094240615,-0.0332299734929922,0.0339181374398798,0.0253670649091461,-0.0475051694524988,0.2358734610020542,-0.0001101665109614,1.0,-0.0051176463789359,2026-07-06,6.0,13,-0.1106586034173279,-0.0637067575610816,True,True,False,0.5,0.0,0.0,-0.0179285110649293,-0.3545413501604951
CME,Falling Wedge,bullish,1,0.6181080496127992,5,51,979,980,2020-08-07,2020,0,130.9263345422029,127.99438401203092,151.79446090348551,124.07011830664578,1.1445924411437505,0.0229068685536733,True,0.0230944956597229,0.0177821011106695,0.0069832059315571,-0.0056359764762704,0.1134071958796676,0.0105763230211961,0.0069921511597677,0.0063665670946067,-0.0175209288835038,-0.0175814035469725,-0.0194970729723924,-0.0079282997387442,0.0663694577747966,0.007796912432693,-0.051598834368981,0.0094011194240581,0.0166782719696472,-0.0002909779443414,0.0127396625238667,-0.0136822378852218,-0.0044579587214115,-0.002905948670527,0.0172839342595484,0.0375366160203631,0.0243447385688555,0.0721870210547865,0.014182737112836,-0.0116144757665358,-0.0212581741876518,0.0486764210928645,-0.0129808845483161,-0.0050501598515815,0.0426525636477626,-0.0290572713278296,-0.0128546370176956,0.055746377755075,-0.0465861212679945,0.0646242961027696,-0.0255107799382281,0.0324651505165756,-0.0074795251158786,-0.025581243605948,0.0660193070253341,0.0204498674583994,0.0040435194546515,0.0263829165906934,0.0122335652250968,-0.0101803010084153,-0.0064139152597442,0.0801129666727311,0.0200237810985857,-0.0243482125531163,0.0428643080455075,0.0495517731861843,0.0382856422209174,-0.0575409174122667,0.017910797616492,0.0010868792555311,0.0371379134785512,0.0344339277143994,0.052528498348515,0.2093749379598377,0.0548313182160498,-0.0405730240735466,0.1149937539231387,0.118740311059992,-0.0067516537215704,0.047502262148366,-0.0269540021711308,0.001336738978924,-0.0167498353916166,-0.0211938921272191,0.1156735761837637,-0.0248664313508338,-0.0209454949521775,0.0529147827551756,0.0728085581166029,-0.0453209455835766,0.0568936301597331,0.1467499807034988,-0.0608545108354148,0.0253863892743919,0.0672282839183355,0.0598264382047417,0.037050511901324,0.0836445065781079,0.1310314329012116,-0.0049162180413729,0.1076456318894834,0.020718850746642,-0.0128665625991694,-0.0379936869132383,-0.0865965196439148,-0.0760367047434388,0.1363081360215654,0.0586911680352122,-0.1197959342802889,0.1581157811551887,0.0734917987660987,-0.0441541089410748,0.1188758146790132,0.0951636108328599,0.0408397436747127,-0.0383626069843466,0.0494757583829725,0.1506522300435298,0.0429221949078828,0.0477112621988562,0.0216676488506144,0.0617009754500859,0.0257379393625873,-0.0012434862598359,0.1122342815501118,-0.0298584726663917,-0.1346052063828824,stop,1034,55,124.07011830664578,-0.0523669761284509,0.0637344734178981,0.0528870105828788,-1.0,1.2170737768314868,1.0099305801647267,3.043679727173437,928,0.6897067076527592,7,0.197197894967331,0.2650852758643034,-0.2525640837257826,0.0869565217391304,-1.1683702162220018,-0.4786635085692406,0.2793161664025761,0.1308942273829138,127.99438401203092,124.07011830664578,151.79446090348551,2.448890907560927,-0.1091602568938191,-0.0241090226163541,0.0187524715019096,-0.2094435951319769,0.8486396852747649,-0.0017693866383963,1.0,0.0534654512910852,2020-08-07,49.0,4,-0.0614905183174562,0.0092527727356179,False,False,False,0.3333333333333333,1.0,0.3333333333333333,-0.0321129982877602,-0.38479441981085
CME,Falling Wedge,bullish,1,0.6238513874676828,3,24,1170,1171,2021-05-12,2021,2,171.93759746298346,164.2400489858572,168.5045207930335,160.35880010332951,1.250605603180768,0.0468676703682005,True,-0.0100000322557188,-0.0193103571006393,-0.0014084055103078,-0.0025199466663459,0.0188895114229832,0.0111743054246593,0.0106143829695826,-0.0103034796577268,-0.0009304965414881,-0.0002323436788019,0.0247229762178393,-0.008465037703807,-0.008480941330193,0.0576612861663647,-0.0057226064957923,0.020337645193089,0.0344801943190087,-0.0217315350093012,-0.033078148408444,0.0168470576774595,0.0167338797395562,-0.0565486470651902,-0.013102014808876,0.0099531943188573,-0.0195260253024387,0.0061803240635325,0.0493123436222251,-0.0145717758148662,0.00549281964734,0.0301164362337311,0.0185123209655146,0.0432321805825006,0.0376705939386987,0.0386546402172891,0.0651686775225413,0.0028632311025282,-0.0186395628525939,0.0219602925561566,-0.0219438301505188,-0.0054572501902185,0.0791601885831592,0.0217457446433035,-0.021106653174717,0.090889814826494,-0.0484467811975691,-0.0090864934373692,-0.0011500949218078,-0.0417819832878322,-0.0167573518754269,0.0576964042238392,0.0096797536889445,-0.0130274748498394,0.0667004208818393,-0.0009017928597025,0.0885340471984894,-0.018584878157026,0.0352049543992547,0.0059325176192404,-0.0184061463911193,0.0135414953803132,-0.0108163961845376,0.0141545411381944,0.0659318077108006,0.050334681362135,0.041949508851711,0.0009475819384321,0.0088824004107677,-0.0272219810981035,-0.0188387995912181,-0.0163998676069719,-0.0897897931429062,0.1196381764972407,-0.0627052077510624,0.0452179758961182,-0.1408867480284527,-0.1466745277674656,0.0592803490228859,0.0113351432157144,-0.0471462920936184,-0.0550211147699903,0.006908014983034,0.0535696502995211,0.0686619672945501,-0.1429113031469702,0.0550682687749017,-0.0377198295168454,0.0417733743516153,-0.1259310124648479,-0.0139388887727575,0.0931543020582896,0.0597840513006862,-0.0084726850760993,-0.015367573117611,-0.1059358725748356,-0.084575689399742,0.0960663971745605,0.0882817381299727,0.1373300131756647,-0.1101682448549222,0.0515249369247936,-0.0137625117693956,0.1044329552450151,-0.0473844811391505,-0.0837623637405913,0.1030519830795158,0.0409099391567098,-0.0134001929688886,-0.0016480273534812,0.0656938333406802,0.0705652127517306,-0.0059223457121794,-0.0732694161781951,0.0835228709594047,0.0833636730164246,-0.0399100871095073,target,1171,1,168.5045207930335,-0.0199669922146555,0.0224299208026066,0.0059813027069946,-0.296496826338152,0.3330697113262583,0.0888184485137442,0.296496826338152,1144,0.3755866215499033,6,0.0793059218618929,0.000758055334147,0.0522543126891377,0.0,-0.6402853819327007,-0.2646987603828019,1.5515640822845758,0.0387352796423715,164.2400489858572,160.35880010332951,168.5045207930335,3.321673842361877,0.1835580530038068,0.0396082358966574,0.0193127511132909,0.3485073182310101,0.4845896585059968,-0.0003300861817578,1.0,-0.0146800498185861,2021-05-12,49.0,4,0.2565951210672526,0.1492801114530351,False,False,False,0.0,0.0,0.0,0.0223305949469565,0.707518409134625
CME,Falling Wedge,bullish,1,0.7027726404345677,3,33,1538,1539,2022-10-26,2022,1,144.6781763136203,144.22263063792934,169.45873219245937,138.06655771285284,1.613940003360708,0.0031586282518629,True,0.0007527226743964,0.0221585661093606,0.0106412746781774,0.0386451283821014,0.015900783583554,0.0351522484958477,-0.0001086260193533,-0.0056359764762704,-0.0055356882404568,-0.0012600953304826,-0.0113324796626054,0.0096678397898932,-0.0299109886914781,0.000559147228226,0.0124395267269645,0.0097139704802902,0.0373992050223808,-0.0195099889828869,0.0081678325380896,-0.0056359764762704,0.0169219866430248,-0.0690547888014717,-0.0016084940699672,-0.0101306392883937,0.013207144158161,-0.0011544137640455,0.0404530486813028,0.0511454041259102,-0.0362030788368465,0.0333419286919227,0.0224854306731148,-0.0243621407706114,0.0376705939386987,0.0068175570611865,-0.1132115627573737,-0.0143660488180761,-0.001360185870101,-0.1828785498289854,0.0282132218101531,0.0220233810045811,0.0229770371590001,0.0064741432084809,0.1453798600793137,0.0092222037517717,-0.066353093629583,-0.0094463760838844,0.0188133323723964,-0.0316997644291534,0.0716164568929067,0.0446750373820836,-0.22176416363604,-0.008538584789783,0.1289890618713702,0.0229177163397384,0.0305971780988743,-0.0043640770964565,0.0302225171576904,0.0314838709595308,0.0339826083229979,0.0452677069269804,0.0555132904895014,0.0016145587804068,-0.047832098158366,0.0540048043307341,0.0177107765541217,0.0550757618739956,0.0379665219475984,0.1584514979601838,-0.008066189738007,0.0081593613727535,0.0097300515356121,0.2027381932406491,0.1145307482192463,0.0029941457016386,0.1242783703069014,0.068557002564568,0.071485287364736,0.0962152874662432,0.0564123427742264,-0.0651887073606751,-0.153912176271573,-0.0092575637912831,0.029218676527426,7.967726075608361e-05,0.001336738978924,0.0417733743516153,0.1302982638027248,-0.0348172402377361,-0.0647219283396215,-0.0067411169465779,-0.1466745277674656,-0.0147708810194826,0.0347918103947881,-0.0147231759900638,-0.1303851388349518,-0.0375726870583909,0.18249834098815,-0.0715465728909926,0.0513263081446395,-0.0359897603836181,0.1216728849284987,-0.0359897603836181,-0.0060783450182069,-0.1649363809189532,-0.155406952626804,0.1157998903326742,0.0051604177596447,-0.0562696959890779,0.0342809709125597,0.0548463452504321,-0.0103027816742204,0.0979709409345899,0.1222524301439946,-0.1684540392984921,0.0391479896788953,time,1598,60,149.7117919921875,0.0347918103947881,0.0680655615130725,0.0204341578267673,0.7613288035070436,1.48943880524669,0.4471487040311466,3.748031665946765,1504,0.624092978314432,6,0.0712344198405832,-0.0038605705402813,0.3224120149257035,0.0,-1.2925394437142967,-0.6684464653998627,0.5052147228624094,0.1084258410138466,144.22263063792934,138.06655771285284,169.45873219245937,3.752597268578728,-0.177142529715633,-0.0741151611210557,0.0260612607685352,-0.2313431103389207,0.120277774220947,0.004266208890604,0.0,0.0310095664193534,2022-10-26,48.0,6,-0.0473009475100423,-0.0242074783332495,False,False,False,0.2,1.0,0.2,-0.0442360678490478,-0.6584067420480134
CME,Falling Wedge,bullish,1,0.6922430891506662,5,43,2266,2267,2025-09-23,2025,2,252.36500995933017,250.94387450287763,289.7116964636143,246.0621399991296,1.6615051263080012,0.0056631605743229,True,0.0306300811869306,0.0281168935706914,-0.0150269138096962,-0.0451376163377278,0.0009157221896165,-0.0128276021437503,0.0093711729584333,-0.0193146799467628,-0.0105418340254324,0.0208294240218778,0.0261762869241526,0.0008375598691297,0.0399884068846696,0.002646707648777,0.0089685824849865,0.0222287056058845,-0.0152278115744095,0.0184513596630939,-0.0254092586971375,0.002543257906695,-0.006294245187958,-0.0439005433752603,0.0326662471339715,0.00549281964734,-0.0014446656772881,0.0029690401661199,-0.0274004230755309,0.0318688868156102,-0.0115592473289308,-0.0446253066689449,0.0525862353670096,0.0488626839232446,-0.0148342134053984,0.0506172982378823,0.0162806308519551,0.0299159183203678,-0.0035081042809346,0.0544348086456314,-0.0490932419620332,0.045261859540298,-0.0463387854838639,0.0252510666101444,0.0316630793758216,0.0382873604063875,0.0133631973729273,-0.0067073175240481,0.0246032331051897,0.0144001969151037,0.0545935819683587,-0.043903171617328,0.0084829256426735,-0.0313624300094371,0.0229177163397384,-0.0092188840922085,0.0323766719214853,0.0584277777754371,0.0493347572925908,-0.0024911650137311,0.0697595844690137,0.0379665219475984,-0.0307327020726184,0.0314838709595308,0.0232711223396666,0.0804691090579938,0.1008027803320872,0.0744899765100373,-0.0343026688021335,-0.0203874677704714,0.0010043377462755,0.0653036547141237,0.0719701462713344,-0.001415677763389,-0.0071046263605453,0.0621717240533896,0.0924086348568176,0.1070753040882181,0.0551450962166732,0.1618802125686471,-0.0184222421070651,0.1435634247432444,0.0930272275086874,-0.0081994328846237,0.0646632771710762,-0.0360342840263169,0.0447224404029888,0.065728964891341,-0.0556023346685805,0.0003491333849714,-0.0036992978074512,0.1184815926907401,0.0699583488633077,0.0178687804230171,0.048984886381397,0.0386162620075547,0.011870561289407,-0.0580919313924543,0.0565671107239067,0.0761620948563965,0.0845037922640736,-0.0377199388368472,0.164026191911252,0.008952064817624,0.0125559813054638,-0.0489184769321892,0.0790853860568923,0.1695086755368655,-0.0318320529946268,0.1003083704872145,-0.0782200309104461,0.0695969622119652,-0.1044842909749845,0.1045534543005684,0.1298528380211798,0.1274411784302682,0.0071989893728206,time,2326,60,264.7270812988281,0.048984886381397,0.0975739335848837,0.0190340759912732,1.9613400589823695,3.906830836810837,0.762118655062887,5.925346189927708,2221,0.775401458581998,5,0.0474804605780152,-0.0194534590887093,-0.0821692066782773,0.0,-1.2295761879355118,-0.4541747293535163,0.1996786282046488,0.1113228893956441,250.94387450287763,246.0621399991296,289.7116964636143,3.921063135780041,0.0135624788863817,-0.0317583468916808,0.0155491333831898,0.0056219481302861,0.800602976157557,7.660576291712573e-05,1.0,0.0351437386662962,2025-09-23,32.0,4,0.0651003973383181,0.0449049296104691,False,False,False,0.0,0.0,0.0,0.0026022765745104,-0.2674914662843894
COIN,Falling Wedge,bullish,1,0.7284200621603624,3,26,123,124,2021-10-07,2021,2,253.52999877929688,224.3784754826472,293.9984400822566,222.4499938964844,0.952644555794162,0.1299212111765335,True,0.0255196673050726,0.0186481766535548,-0.1331645144691949,-0.0261727492255706,-0.0333736795748432,-0.0519251915275726,-0.0133444405322971,0.0856715674269741,-0.0502355021264893,-0.1611528836911276,0.0931579680614587,-0.0965140974017936,0.0947386473474618,-0.078731308011134,0.0151254539511762,0.065982321281012,-0.070077701340903,-0.210458963622536,-0.1213690439860025,-0.1059933558377076,-0.222190645336878,0.077537804407652,0.0726441830154883,0.1833314053962897,0.1512254174583591,0.0922137669548903,0.2269803076649446,0.0550459084833097,-0.1606650802425098,-0.0298635620355139,0.0245750569321903,-0.2089353450808594,-0.2149226635508014,-0.1126373626373626,0.2749114486645376,-0.1745750087478627,-0.2262166132420922,-0.4173850688460296,0.0757247908860132,-0.1001857863484616,0.0542705353268715,0.002236158643178,0.1729511650197712,-0.1019454322013582,0.0824821104165316,0.2176284390933204,0.3586163920068572,0.2962017089332402,0.2810889138480514,-0.1700130536145949,0.1209209847512486,-0.0962005343999559,-0.0135691986884969,0.4173633704545509,0.1182485461908544,0.0534979423868313,0.0035792614242198,0.138275075347829,0.2760093448237597,-0.2003858756405747,-0.2034971637585588,0.0672183426699082,0.2065465470988312,0.0996082059908911,0.6579726845267759,-0.1482289435567166,0.0840721645792361,0.078282171105882,0.2700769527298586,0.0478049744627586,0.0160858001476369,-0.4390870106888799,-0.3984795706465749,-0.0800610864491455,0.7746835056739518,0.9570761197858648,-0.2300636631667993,-0.0276965471223736,-0.0406990931844235,0.0439952687471658,0.7892696550932397,0.7536209993917096,0.9866824080292736,0.3783501945907705,0.0045452193490893,0.5535714187527807,0.0585483838153142,0.3693204996887738,-0.0782308755629508,-0.3194602102734046,0.0809053648646476,-0.1590345745716427,-0.0097818630516302,-0.1005898361821078,0.6795280639933046,-0.0097818630516302,0.7515970245641963,0.8682157943738391,0.2465853172913596,0.0650841693123687,1.021121026988364,-0.1971817190818801,0.0790854792435002,0.4856273125649579,-0.1526813551634034,-0.0673456343115219,-0.3898436378062813,0.608070132606908,-0.2930219958532678,0.8176270651645623,-0.594217682711948,0.4856273125649579,0.1747572815533979,-0.0748314547374587,-0.2349828949268465,target,130,7,293.9984400822566,0.1596199325437157,0.1713801617806001,0.0353804333368522,1.3020731964343777,1.398005321133636,0.288610032544224,1.3020731964343777,95,0.921783256595294,5,0.0393807401565541,0.1520540513367485,-0.1774233001344264,0.0,-1.4351995791158123,-0.5134163225205174,0.043128582189708,0.1800061045799967,224.3784754826472,222.4499938964844,293.9984400822566,8.187144688197547,-0.0012284262288049,0.0089105091481609,0.0325416145608668,-0.2336115594205452,0.8081629263634319,-0.0095055708778599,1.0,-0.0198553458566056,2021-10-07,,0,,,False,False,False,,,,,
COIN,Falling Wedge,bullish,1,0.6290407140132562,3,39,191,192,2022-01-13,2022,2,226.6199951171875,235.3616317093739,351.4099834418737,213.32577906617328,1.4141869361899289,-0.0371412983870736,True,-0.1528991026522902,-0.1025726839733507,0.0191937457631594,-0.2503636446866122,-0.0391594625662168,0.1949937968737165,0.169988110388211,-0.0346050795489064,-0.1059933558377076,0.0408219487590104,-0.0257828795377105,0.0557801885650854,0.1021235713019583,-0.0522205743146222,-0.0622449666163461,0.1352445015627779,-0.0213567098297117,-0.0374725430065804,-0.0599636038501372,-0.0207715333965349,-0.0385911534629342,0.0137632510452638,-0.1520682830325483,-0.2163974686380773,-0.1746792015641686,0.0376409039290521,-0.4354838709677419,-0.0369670027670241,0.03044656276983,-0.0383048457492173,0.0986459532363197,-0.1870773821645438,-0.0303494610436645,-0.1846557617187499,0.2530434649923574,0.3600779487981322,-0.0585872096026668,-0.1733474673932987,0.0475228707230506,0.1978109991594632,-0.1887027973362754,0.1086310093823388,0.0811318637054752,-0.0787329858827101,0.3055161243253412,-0.2218104144578506,-0.1416026697966195,-0.0966537525880579,-0.068260281292624,-0.1585322430139777,-0.3093496275546858,-0.1311936852439372,-0.2013410776165528,-0.1489398091916077,-0.4026653665527736,-0.1094470115078148,-0.1896426708456325,-0.0721039115321513,-0.2003858756405747,0.0176339944908991,-0.2171347687815059,0.1209209847512486,0.0952424020478222,0.5516502537918953,-0.0173575796536622,0.1640239448105582,-0.1401709827000852,-0.1347877598605823,-0.0640106162418322,-0.3240225675488601,-0.2282050111451339,-0.3035719286967018,-0.2346679770869549,-0.4218905765333344,0.0452211970427538,-0.2555760480147858,-0.1079180335707363,-0.1653603968141636,-0.0516688260024262,0.094191043081631,-0.2646249771118164,0.5197069604810325,0.0836063416307535,-0.1445826598796671,0.7448944587196664,0.8415727228082612,0.1385714352785885,-0.1510292594234282,-0.1386210853767137,0.0164694397860354,0.6260303210256408,-0.3675601751160419,-0.3210219820293449,-0.2778654012161807,-0.3140909154931982,-0.007576801743188,0.2820187956580804,0.3030127693645232,-0.1496568331873882,0.232750724581938,0.2463366064694847,-0.0233599853515624,0.1983467426045138,0.6362647072699976,-0.2607052469793576,1.0790721700526764,0.3053195228232199,0.6433351751996568,-0.2019781446802475,-0.0220764868649548,1.0720523978402778,-0.695235466362697,0.4570212400220452,-0.3562723254937193,-0.49225091431585,stop,196,5,213.32577906617328,-0.0586630321130298,0.023740203859904,0.175447865870245,-1.0,0.4046876372527478,2.9907739090642065,9.3867880472099,150,0.7349271804325297,6,0.1972342156930647,0.4279924607640613,-0.1256779585978058,0.0256410256410256,-1.2609298803825904,-0.5260026999500608,0.3257898201363707,0.2596539970612113,235.3616317093739,213.32577906617328,351.4099834418737,13.406427655901217,-0.1368610203845741,-0.1971856814057185,0.0587408662615312,0.0143104808644634,0.0663261334132585,0.0310609656570619,1.0,-0.0094304767490435,2022-01-13,,0,,,False,False,False,,,,,
CMS,Falling Wedge,bullish,1,0.633224499987557,3,25,654,655,2019-04-25,2019,0,44.04891138949381,43.53734594151632,45.35655368071333,42.85040802708216,0.8234786133483725,0.0117500375118104,True,-0.0012196791191494,0.0019296778546369,0.0186499681229201,-0.0316964244992631,0.0285834949617598,0.0104167116426754,-0.0397886902130124,-0.0121648305373813,0.0024159914667722,-0.0017951603011981,0.0176233207018723,-0.0357485575889873,0.0128123802141468,0.0096640908387668,0.0189980317843558,0.0537045173428814,-0.1233148754526356,0.0230514007361182,-0.0255694091068378,-0.0093349839809067,0.0248109713361255,0.0089008285896747,0.0012693820779582,-0.004513476655208,0.014109917221791,0.0072296381841649,0.0436779867612673,-0.0063103682087231,-0.0202127124706328,0.027714873759713,-0.0042531889721245,0.0144971918235119,0.0391703812913324,0.000574319510185,-0.0088905195276084,-0.0403464252129015,0.0252704463629429,0.0585528347029125,0.0215054384297681,0.0081052991668923,-0.0574629570523392,0.014266532934239,0.027714873759713,0.025915614584387,0.0201292590275201,-0.014355902597919,0.0494695042067094,0.0835669931250219,-0.0121043478847351,0.063138953342164,0.0404687959238492,0.0359769475582705,-0.0206723559947625,0.0317636924297444,0.0126705432251204,0.0928850988232845,0.0241797213820362,-0.0392323177027972,0.0408892069295778,0.0314876353466817,-0.0077366220862491,0.0262463457724162,0.0787852047066821,0.0156481817160198,-0.029934709591456,-0.0667532848202058,0.0885024829642573,0.0023470111146104,0.029041695048984,0.0824083455812667,0.071008061454219,-0.0556012282531424,-0.0124503014290622,-0.0542169499685644,0.0508008459425153,0.0433350563734791,-0.0311199534978598,-0.0412129969821504,-0.0784829287837242,0.0412838411339573,0.0657286671244841,0.02986155079605,0.0980787861734164,0.0598462903336487,0.0408006048662474,-0.0137766789177741,-0.0456467649015673,0.0102405444906448,0.0125072095004112,0.1079128492957091,0.0187592421090354,0.070075961310979,0.0666707933006041,0.041854212209299,0.0288768661934151,0.1025879930888185,-0.0282731975117767,0.0333462650451106,0.1264919307828815,-0.0915654922837151,0.1442467620451637,0.0331322552689803,-0.0031411282278993,-0.0285871321103229,0.1134705123222969,0.0279216691061963,0.1116892924595702,-0.0011829701957203,0.0341747289823139,0.1392952388587371,0.1077087598653434,0.0130186748374931,0.07315524774181,0.0764733700584838,0.016028810984245,target,666,12,45.35655368071333,0.0296861431978863,0.0346471173604678,0.0105523069176993,1.0910626805320442,1.2733946773763378,0.3878317299312081,1.0910626805320442,629,0.5658061444730257,5,0.0582447842797271,0.0346788876984986,-0.0856655281250892,0.0,-0.8320750413865797,-0.2662688969135547,0.5553030107504446,0.0440224424220523,43.53734594151632,42.85040802708216,45.35655368071333,0.5626032115375921,0.0817777182435846,0.005191101452429,0.0128352143609835,0.1008822002119274,0.7049169050857508,-0.0071693084135978,1.0,0.0443406441624001,2019-04-25,1.0,25,0.1204723933698064,0.0902201359222392,False,False,False,0.0,3.0,0.125,-0.0084397509542072,-0.9023582248391008
CMS,Falling Wedge,bullish,1,0.7102259307829609,8,85,1129,1130,2021-03-15,2021,6,49.17998642791108,45.89326463107852,57.62251493292794,44.19261879111227,1.0824734372526894,0.0716166483960876,True,0.0046369479187684,0.0126814237654873,0.0078741446544401,-0.0176270867256073,0.0266074566810516,-0.088475655316783,-0.0477302201506583,-0.0138930651392717,0.0218294200560171,0.002240449534925,-0.0142095756935224,0.0214296475833168,0.0102108394010504,-0.0200912668081963,0.0146205667704126,0.0230539917945096,-0.0286365093970342,0.055970791947129,-0.0112811696594976,0.0175633094626213,0.0472373216343373,-0.0047547618732879,0.0045400164809708,0.0633694176986117,0.0633537575058054,-0.0474667964603964,0.0103136143594559,0.0353491214714702,-0.0540013784263481,0.0818097693202493,0.0416169749727208,-0.0412267868649111,-0.0057302035615242,-0.0263408091308308,-0.0018103213089926,-0.0127124288943989,-0.0263408091308308,0.0694086828950608,-0.0179220319513291,0.0066320575809537,0.0293053288499571,0.0256628894353243,0.0378633780990416,-0.0975719273165804,0.0079601342684638,0.0626294947882839,0.0589044056205723,0.0157326922202667,0.0269284374091931,0.0178279883393104,-0.0075218829413168,0.0143872685483492,0.0356860159325229,0.0385065280421292,0.0675489121685881,0.0645080842972292,0.0741723499273074,0.0602697267223515,-0.0641728162319343,0.0569454916992209,0.0093147793637748,0.0243038375802182,0.0849467950519182,-0.0034265731773031,0.0759269331992951,-0.0584603277654667,0.0471398767957944,-0.0211500329954806,0.0317203360222872,0.0984613844534261,0.0518786520735889,0.0009181317651285,0.1253851346988481,0.0146929525658556,0.0634605708214088,0.0016402035702329,-0.0431497646349356,0.082377974541018,0.0048702574645855,0.0393583181860757,0.0135266544336989,0.0374934918515041,-0.0405234325784032,-0.0156702481258527,0.0883584094138676,-0.0469405763965899,0.0459338538868232,0.1048474512296235,-0.0013722858830637,-0.0039995185186452,0.1079128492957091,0.0695053630740816,0.0362157931559925,-0.0291657013338979,0.1009724647519911,0.0716555286293012,0.123159839725093,0.0314604280090555,0.1075971713567289,0.118411095633909,-0.0219244028208932,-0.0324711055710553,-0.1119221836749748,0.1107138736950497,-0.0047180872316762,0.0388828047050073,0.0333932810226693,0.0148462117455578,-0.045338579912618,-0.0011829701957203,-0.0172920992657168,0.0339248590824594,-0.046452772173531,0.1092118775300439,0.0055694314039585,time,1189,60,50.96107864379883,0.0362157931559925,0.1307945474537628,0.0163146118592755,0.3571206988524622,1.2897533402509638,0.1608769291230364,1.6927824695986855,1038,0.6991951897165254,7,0.1041505916877422,0.0619212618067046,0.1747320179662184,0.0,-1.9123514581003056,-1.213156268383777,0.3965636528923797,0.113547972831131,45.89326463107852,44.19261879111227,57.62251493292794,1.1051944282153343,-0.0179322435553003,0.0307243697897274,0.0223687201346817,-0.0260515048956029,0.7837823905423088,0.0039971521895285,1.0,0.0096016907172105,2021-03-15,58.0,16,0.0427872147047736,0.0138036071173559,False,False,False,0.0,0.0,0.0,0.0173352409056628,0.902105695038954
CMS,Falling Wedge,bullish,1,0.7075602110465076,3,29,1200,1201,2021-06-24,2021,0,50.15324560593023,49.93579869233207,56.48830911735985,48.64884325494859,1.438370324921304,0.0043545296018574,True,0.0184807713806827,0.0078446644677077,-0.0308693018014762,0.0141530242281675,0.0089386666204804,-0.0013259405636226,0.0061246386861839,-0.002618346489548,-0.0245491022052519,-0.0139790210331617,-0.0292164276876535,0.0271826663474652,-0.0070330368373215,-0.0012089814863186,-0.0142095756935224,0.0257732426723544,-0.0017019695682676,0.0237077276365731,0.0191607495113084,-0.0477664766959894,-0.0451431155509371,-0.0008574872479409,0.0232526747386066,0.0225500255484889,-3.730115926936506e-05,-0.0363156479652496,0.0561131624998614,-0.0789232761740472,0.0221784921981986,-0.0024177504263172,-0.00477979187003,0.0220784738202124,-0.0313565069325407,0.0337253899689957,0.049092699363171,0.0191132684888646,0.0390304700239638,0.0171765180088472,0.0425910801880744,-0.0315035439588641,0.0008997580488794,-0.0257077588000409,0.029505084049294,0.0470280564729226,0.046573901858105,0.0118449216053739,0.0525602045798674,0.0195946893612006,-0.0084021862064538,0.0611819362682968,0.0033525414951309,0.0392753346436411,0.0455417342654815,-0.024169682000581,0.0635369432837156,-0.0273551969480072,-0.0310368785542107,-0.0126955553264132,0.0141551639988199,0.0376849754669019,-0.0279108801503356,-0.0507116203484928,0.0843297333206931,0.0732037981609661,-0.0382052048236523,0.026835518287092,0.0148991815605634,-0.0380478612580224,0.0422871148231107,0.1064554604205825,0.0654600337270281,0.1048474512296235,0.0305029384581436,0.0331099753905461,-0.0429400446911867,0.054545477158296,-0.0408549098778233,0.039601330319847,0.0401691242382509,-0.0459895317998045,-0.0042830236930289,0.0286920936017647,-0.0429044157862176,0.0446272469005037,0.0752743799471098,0.0180398667699783,0.0278505929598256,0.0536826521706181,-0.0727092812356401,-0.0648970485862535,-0.1007833507596417,0.0996763842848369,0.0555800475373331,0.0332027087760868,0.0718405618759125,0.0486689277258696,0.0464141382150657,0.0466417413478235,0.1060415179678289,-0.0526446348172928,0.1083769476302161,-0.0173102862737168,-0.0682116034953294,-0.0614304458604141,-0.003508164983785,0.0893375856003138,-0.0843788785233727,0.1004010759509068,0.019826584644573,0.0289166142231966,0.0067986488873936,0.0293457445075024,0.0675196986004358,-0.0379520265945287,0.0333453602059031,time,1260,60,52.940765380859375,0.0555800475373331,0.1201133225634258,0.0059341969584467,1.8529084145011143,4.004296432491633,0.1978322071464091,4.211016758446238,1171,0.5406165908293576,5,0.0009437744116852,0.055501763774971,0.9621511336604388,0.0,-1.6366689747817915,-1.0960523839524456,0.5946032366390416,0.0638874689203939,49.93579869233207,48.64884325494859,56.48830911735985,0.8746381465441146,-0.0174650622531614,-0.0536196128351587,0.0174039043885858,0.0409575995014448,0.5882334084519665,0.0013663699805663,1.0,0.0177073741184343,2021-06-24,58.0,16,0.0674665770018061,0.0174545337495546,False,False,True,0.0,2.0,0.1333333333333333,-0.0363425560523418,-1.4672551249758137
CMS,Falling Wedge,bullish,1,0.7931218395380127,3,36,1755,1756,2023-09-08,2023,1,50.67212844784423,50.329030520142055,58.93901815882936,49.126185892529264,1.5836420931041588,0.0068170978887596,True,0.0265565072065112,0.0339322992447426,0.0131557628289005,0.0062101269055463,0.0182245909511249,-0.0082829403861939,0.0158997608590683,0.0078293808329426,-0.0061434212451286,0.0289040654055949,-0.0074467170347271,0.0197058272300221,0.0065551175516918,0.0310614022484914,0.0174351440978046,-0.0307539674022284,-0.0071188542005864,-0.0236867867837927,0.0160736771273768,0.0090238820667627,0.0057397097432703,0.0013241672097099,0.0208710108062287,0.0114839291161072,0.0478522607752079,-0.0009048672414296,0.0237121115014389,-0.0350092032854375,0.0137153457899115,0.0227399007447435,0.0417103858858243,-0.00977241177574,-0.0009048672414296,0.0249625148464414,0.003831028521227,0.0064715947313349,-0.0445517558971606,-0.0288160529521299,-0.0089084440362952,0.0273607544973244,-0.0197846538980853,0.002813443579845,-0.040928952239279,-0.0028128616106442,-0.0367611162569174,0.0145758344329301,-0.048268493624571,-0.0099298898788366,-0.0667532848202058,0.0052983536482509,-0.0448049106127282,0.0410880187098112,-0.0620228881484977,-0.0458029187195034,-0.0161819400666125,-0.0076938541320827,-0.002511413652389,-0.0474327835446474,0.0270978138100517,-0.0118021643848935,-0.0415685353478347,0.0118498095391192,-0.1110401131054188,-0.0398469758348375,-0.0240679814766276,0.0594952470719702,0.0225139500042406,-0.0740109527480508,-0.0268586174340267,0.0091777414817071,0.0359862253459951,0.0974724280625434,-0.0143205200193512,0.0945884211227829,0.0518719905843816,0.0418790780388056,-0.0852889722903132,-0.0584720237364755,0.0283991490738595,0.0932706816336814,0.0573300133001937,-0.0392812599145797,0.0649712487699434,0.009736613005864,0.116301822986673,0.1303259709292263,-0.0321068849125066,-0.0928238959678998,-0.0383678953456294,-0.0137514645133917,-0.0342812067503163,-0.0096949232211674,0.0560701230052278,0.0336247021626232,0.0289085166618079,-0.0033308164494398,0.0950841195879312,0.0500399195753493,0.1861850223950449,-0.0505666687703255,-0.058973205936643,-0.1426856285042949,0.0943719353587746,-0.032000097883587,0.0391531872130896,0.1351260423371352,-0.0133564172936774,0.0505316923551653,0.0150991398260407,0.034213486015248,0.0388555727730079,-0.030233147499236,0.0773693316350518,-0.0753109229911813,0.0341460699849647,stop,1767,12,49.126185892529264,-0.0305087353278671,0.0340930480102796,0.0326573317911835,-1.0,1.1174848004642977,1.0704256154909784,5.34747535253718,1718,0.7509230375169277,5,0.0103639788374449,0.0394045640528613,-0.1897385829599269,0.0,-1.3852303807301845,-0.6343073432132529,0.2577113728824037,0.109669615246724,50.329030520142055,49.126185892529264,58.93901815882936,0.8494933233942626,-0.0619386232531788,-0.0410334811080613,0.016692624608019,-0.0380445026559311,0.5522412703473615,0.0028703165617787,1.0,-0.0008747031901837,2023-09-08,55.0,16,-0.035886098876109,-0.0670895843952477,False,True,True,0.3333333333333333,9.0,0.6,-0.0002771157523175,-0.1017798988430112
CMS,Falling Wedge,bullish,1,0.6586944828267465,3,18,2259,2260,2025-09-12,2025,1,69.4114761352539,69.1302578241748,72.44665316792634,68.03056886651669,0.8275248633188409,0.0040679482462564,True,-0.0203966827073629,-0.0293410226175636,0.0548418977775713,-0.0135550122838826,-0.034437073732421,-0.0015487982927596,-0.0318188765943551,-0.0067379553361011,0.0452448319962768,0.0073605072842413,0.028062674940916,0.0082724848970847,0.0098654274562397,0.0060402152146068,-0.0599974381197161,0.0024463995879751,-0.010620223889478,0.0219893589814312,-0.0319705516853429,-0.0137975364452743,0.02266738561846,0.0119725362259308,-0.0211106953874331,0.0036321564721357,-0.0024542264061226,-0.0434025937982764,0.0259076230393369,-0.0384518808153619,-0.0706619301845555,-0.0120116417765674,-0.0053797737089594,0.0008997580488794,-0.0573290036460693,-0.0739203148936298,0.0151997255789355,-0.0063103682087231,-0.0210360699755849,-0.0042531889721245,0.008729685108392,0.0045095372723351,-0.0049346020929595,0.014266532934239,-0.0042491656286087,0.0178541420495388,0.0457456188455125,0.0140735520133483,0.0350657805575154,0.0423570390351968,0.0798399847656223,-0.0068186795957063,0.035401860087024,0.0091969218170953,0.0387495053475015,-0.0460949670048824,-0.0268124376145776,-0.0366671364514872,0.0481633725248327,0.0120415128495396,-0.0235426551406006,0.0112745747996791,0.0274181865650726,0.1186068665977633,-0.0522981373087407,0.0172156946993666,0.0054155449732156,-0.0633602312492931,-0.0112237077256084,0.0248957918017342,0.0269956873206378,0.0307874310788829,0.0107914632889669,0.0323258115292162,0.028909021062264,0.0080218981256523,0.0264406444040783,-0.0189125528163098,0.0284266122616478,-0.0441240426272974,0.0203038689297441,0.0035507368870846,-0.0108813388250844,0.0586098966083048,0.1100486892101626,-0.0487220702441606,-0.1104052194353101,-0.081639016605314,0.0065228747605232,0.1216657509253771,-0.0343965949201062,0.0022689910716471,-0.0021021900773497,0.0259918425676444,-0.0073586204114552,-0.0466001675884912,0.0327962794225651,0.0065113858290295,-0.0243577986184908,0.0702748210352985,0.0309599270803169,-0.0476567755622918,0.0199188451998535,0.0201791844864405,-0.0951586189221499,0.0166326279129476,0.0571872263403507,0.0591426917909085,0.1138743562156974,0.0576431837097592,-0.0071125353919693,0.0757088675695081,0.091282166962552,0.0756102733651118,0.0766240575646666,0.0559011966450528,-0.0416566885432131,stop,2261,2,68.03056886651669,-0.0198945094618994,0.0058675350405355,0.0231908615782143,-1.0,0.2949323808044926,1.165691550356035,2.1979586185015734,2240,0.5208947766559602,5,0.0225206576265432,0.0126616119250877,-0.3018960647352952,0.0,-1.1097810447567136,-0.5888862681007346,0.7064653529362457,0.0378877295036762,69.1302578241748,68.03056886651669,72.44665316792634,0.8457205709401714,0.0290619880712301,-0.0015701147433523,0.0121671627374135,0.012106020271646,0.6986298506526678,-0.0033486827087081,1.0,0.0193191886755985,2025-09-12,1.0,28,0.0695127468446248,0.0583836726141957,False,False,False,0.0,3.0,0.1111111111111111,-0.0044034934757441,-0.2378511955362429
CLX,Falling Wedge,bullish,1,0.7636919932332805,8,113,1097,1098,2021-01-27,2021,7,184.45268401559443,162.2079596190831,197.1434783490141,156.70786872348273,1.52927939806269,0.1371370705158312,True,-0.0807426038635502,-0.0953294323481336,-0.0113743268338782,0.0001513996654598,0.0077025691663996,0.01325898035246,-0.0283583284166027,-0.0258393418037279,0.0042607364118674,-0.0265030867316687,-0.0149484229795269,0.0177634160121944,-0.0048313862598294,-0.0300246256584487,0.0193783937087532,-0.0141864158361109,0.0478874811131271,-0.0362035787238508,0.0242440304983944,0.0340174076336756,-0.0104870117304435,0.0063050350900424,-0.0793532500974645,-0.1614396181858283,-0.1978936510053476,0.0345879852657993,0.0643556560800002,-0.0769491959905936,-0.0141650076066717,0.0237827761514499,0.0113338701350678,0.0229388152995662,-0.011047919755879,0.016956436974139,0.0349823438310019,0.1306174392636587,-0.0375634792436527,0.049045636748761,-0.0108346401958286,-0.0423895348861681,0.017188460988166,0.0138728984972678,-0.0368669352366779,-0.0169326417196251,-0.0375690434962444,-0.1682068142410051,-0.1856576815652396,-0.2015199106732524,-0.0732471218225994,0.0097301866854264,-0.0257281515429795,-0.0012091829566158,0.0714334202743203,-0.0239275460800262,0.0706592424569074,-0.037533876115491,0.0019666601168206,0.1013595536540219,-0.0618512239983498,-0.0333744767831744,0.0018513106876654,0.0339338314085271,-0.0797441471248071,-0.0485862335824435,-0.0569173773812464,0.0698759712198466,-0.0357274904492997,0.1861174036345905,-0.1891117191802943,-0.1428379814328397,-0.1816738391071375,-0.0020786387469587,0.0668627929458631,-0.0248412358935703,-0.0066819309661617,-0.0427895108405333,-0.0394148958309493,-0.1221301378449611,0.0863441554082473,-0.1036338454048776,0.104141997354676,0.0227192535339082,-0.0417742340894844,-0.0664822696570903,0.0394673830829006,0.0993760111427572,-0.0752774516513273,0.0816391141237062,-0.0422618165182501,-0.0987203147009229,0.0137168558014462,-0.1352470454952606,-0.1478783961198904,-0.2587954783196031,0.2232843050083461,-0.0219535773714217,-0.0173929020923332,0.158373232997389,0.1918484983659336,-0.1236033058261171,-0.0974768427430478,0.0286386651329206,0.0722595017879097,-0.0948916723480215,0.0050315898103465,0.0632032996534113,-0.1950698690382715,0.1603495409714985,0.1674423610400206,-0.1685873389522622,-0.0230252959384477,-0.1518853147617316,-0.0140726900672568,-0.055698828988566,-0.1532170639519053,stop,1105,8,156.70786872348273,-0.1504169778834231,0.0161304653903291,0.1515547758863568,-1.0,0.1072383291920056,1.0075642924019894,0.4574113829846937,977,0.7914384097842186,6,0.1064761749261763,0.4261382686321915,0.0871798617415464,0.0088495575221238,-1.2685323917724545,-0.4770939819882374,0.2523405867401717,0.1403277185647819,162.2079596190831,156.70786872348273,197.1434783490141,5.05935777811347,0.0683550753906026,0.1060853076955954,0.0274759459233894,-0.0177067816670166,0.478082547281284,0.0094836313416641,1.0,0.0060186424788251,2021-01-27,60.0,12,0.0169236206399407,0.0377385397966272,False,False,False,0.0,2.0,0.1818181818181818,0.1070921940993809,1.4358070363028623
CLX,Falling Wedge,bullish,1,0.8114253336503995,3,46,1203,1204,2021-06-29,2021,2,149.74831461959684,142.85165093020385,164.00762818351416,142.53004423348898,1.6102325687915813,0.0482785018197839,True,0.0319545008448591,0.0149840058511609,-0.0077892098033109,-0.0342670525378234,-0.0244447827203909,-0.0003376870955564,-0.0033596727330338,0.0100421862071153,-0.0266095160874467,-0.0161709940360189,-0.0388742982465771,0.0426049526621299,0.092076647316653,-0.030644125051663,-0.0190005352791833,0.0105963529265142,0.0117625256116524,0.0077436062980915,0.0466073051204023,-0.0360165729721444,0.0600980371298145,-0.0028922055058303,0.0298982527846894,0.005399935106038,-0.0157371871504361,-0.0201531083419169,-0.003849511879823,0.0921378878332066,-0.0091193707918828,-0.0274337882179367,0.0382213187606315,0.0097541198945649,0.0520938840674962,0.0452647627332929,0.0306241898902617,0.01435845446655,0.0417913662706435,-0.0369600616605465,0.0058686834965981,-0.0219907078408851,-0.0112032190185372,0.0087769936569521,-0.0058641549336421,0.037298692858287,0.0208802369320444,-0.0076248983027298,0.0179409158003911,-0.0092588535759201,0.0198169593690773,0.0391004078341208,-0.0775648037991065,0.1669561346249215,-0.0215001269765671,0.0097301866854264,0.0011247038098134,-0.030799318942163,0.0766368050495511,-0.0289217028867497,0.0427696860817148,-0.0859720649234334,0.1058016267325654,0.002199891017852,-0.0267000537636338,0.0235304531454636,0.0249020067634528,-0.1544372920343303,0.1220345293918356,-0.0557270593848826,0.0102918674106447,-0.0766212333423838,-0.1274159674493485,0.0195337450695445,0.0273304182293716,-0.077880367728369,-0.153928182233201,-0.0478745845904075,0.0869714204740719,-0.0735755571645961,0.0172293637385121,-0.0622481676971158,-0.0622481676971158,0.003534475843784,-0.0395455283673078,0.1161335676377874,-0.0311062675278196,-0.291988022980109,-0.0609828771612384,-0.0279167777080867,-0.0275039695722734,0.0474790291838798,-0.0427300916578016,-0.0425554062469592,-0.0902902053289991,-0.1309956099220683,-0.0579717115986795,0.1702803494303308,-0.0267126525765539,-0.0264091000246601,0.0648479316855044,0.1034530646967348,-0.0496906753618371,-0.0230890703013796,0.0628767479087641,-0.0178114823369949,0.1407782486066444,-0.1179029252531325,-0.0221656111763161,-0.1961927203641867,-0.1293355838975295,0.0239577301989568,0.158373232997389,-0.0597682614678543,0.1064855121339802,0.1426614472358274,-0.1026234288557495,stop,1227,24,142.53004423348898,-0.0482026819763835,0.0674718600688054,0.1074881642968704,-1.0,1.3997532357610845,2.2299208236905392,1.9754474134635505,1155,0.9569686401673818,6,0.0709891110992238,0.0746736893348949,-0.138684999037608,0.0,-1.4006484485994837,-0.4436798084321056,0.0222496626369241,0.0904822320802147,142.85165093020385,142.53004423348898,164.00762818351416,2.1829642619963443,-0.0736400657369513,-0.0055918696107006,0.0145962480296506,-0.1030682047375697,0.1523148358671971,-2.2241866237671107e-07,1.0,0.0224680633164193,2021-06-29,60.0,12,0.0181718091504787,0.0214479260122946,False,False,True,0.0,2.0,0.1818181818181818,0.0226101175676867,0.9782820887991122
CLX,Falling Wedge,bullish,1,0.6501872806471476,3,41,1730,1731,2023-08-03,2023,0,146.7523819441295,137.08672377085327,144.98433317945194,132.1199359023151,3.7401624639344906,0.0705076166925748,True,-0.0250563552795073,-0.0143844477448212,-0.0165710202421378,0.031285125243845,0.0202842129114479,-0.0194108788967929,0.0162675632682061,0.0950542004882073,0.0030177753397069,0.007206474296187,0.0131100673852933,0.0127412426402087,-0.0221041824756004,-0.0334009026808064,0.0433020441251115,0.0125008533041437,0.0002012509063658,-0.0251680565196986,-0.0182171651377928,-0.043199649750062,0.0044310346184139,-0.0041812536684212,-0.0289137920372985,-0.0634491329144749,-0.0314336258407758,-0.0011555299333708,0.0224806621033224,0.025544313194955,0.0574420883876181,0.0038679176149523,-0.0238806702306295,0.0127327979040137,0.0615066298394166,-0.0105720555480526,-0.0027251340742194,0.0134460390824493,0.1681142620863709,-0.0260782089948334,-0.0183102143326501,0.0987958485509572,-0.0062613613122955,0.0049333110239757,0.0895183663836467,0.0485830399318065,-0.0262194271511517,-0.088037266640789,-0.0495985363837802,-0.0487774074133758,0.0232856052093561,0.1188685597139136,0.231709438150315,-0.0043891112236078,-0.0323532415717181,-0.0090961211648836,0.1104252404863446,0.1052762440289347,0.0892583506020494,0.0147183531129255,0.035870247127336,-0.0342509039005872,0.0282050350893205,0.0115965996766234,-0.0203996337216961,-0.032672102366547,0.1161376811112695,-0.0248007284762306,0.0048352811930341,-0.033983682440025,-0.0845105919155865,-0.2038375915228385,-0.1556211475235419,0.005922653825499,-0.1121870068964687,-0.0657046735606565,-0.1002321722280074,0.0586720032060594,-0.0479464398973515,0.2609566759553374,-0.0609828771612384,-0.0145197305021936,0.1657466666510139,0.0558958156090227,0.0896420869933396,-0.0597850280987494,-0.0735755571645961,0.0323098630781475,0.0208207290403146,0.0235533932994576,-0.0664822696570903,0.1089790008504809,0.040463518526465,-0.2169149241162778,-0.2764825973175484,-0.190860702709243,0.0381418761153371,-0.0961217035537198,-0.0853524537299552,-0.0856140596957504,0.0674670332523057,-0.0735998188293913,-0.1099980887407801,-0.0492791005670611,0.087431381903698,0.0299259858344373,-0.0865074239019247,0.1700817722850449,0.003984671032537,0.041159151650584,0.0191611625945598,-0.0493884942265996,-0.0907088964393265,0.1917603444763138,-0.0151732558643864,0.1120382263092834,-0.2774530128128087,target,1731,1,144.98433317945194,-0.0120478369158646,0.0005427023873659,0.0244226195925867,-0.120830704560611,0.0054428950433256,0.244940428161186,0.120830704560611,1689,0.3702908141552267,6,0.1235275538935161,0.0284206535550672,-0.1694055683763865,0.0,-0.8073777657388218,-0.4370869515835922,1.3712410541183944,0.059799416790522,137.08672377085327,132.1199359023151,144.98433317945194,3.268650263229152,0.0966936670137261,0.060645667132325,0.0222330113170101,0.1586801915876134,0.6145972538078603,0.0621760378686522,1.0,0.0208797598179182,2023-08-03,57.0,15,0.053832522576408,0.0268347656029466,False,False,False,0.1428571428571428,0.0,0.0,0.0385668890280238,0.834318646013672
CLX,Falling Wedge,bullish,1,0.6098873320982967,3,58,2166,2167,2025-04-30,2025,0,133.29469379644323,133.28733357297654,154.4620665666223,126.4508810801334,1.346747284176723,5.522072705166359e-05,True,-0.0315758527640437,-0.0329679770932718,0.0114126341733649,0.0206887006697635,-0.0221630071544924,0.0309977710970452,-0.002516903751375,-0.0422435690694917,0.1032937297013565,-0.0006439987993319,-0.0978776298043815,0.0149188496553132,0.0345233367157085,0.0044530919622542,-0.0041855827314825,-0.0037603758939117,-0.0042452542287,-0.0378145427949137,-0.0233563736077224,0.0136674037710051,-0.0522491942010393,-0.0056882833102125,-0.0284363928839815,-0.053359642895166,-0.1019349083369544,0.0018275365137625,-0.0050560856536842,-0.0021904931799254,0.0987958485509572,0.0162623095396665,0.0027168427990567,-0.1253919119139941,0.0149888728699154,0.0153641184694002,-0.0077590077909757,-0.0509583941585054,0.049774640447558,0.0225650174925506,0.0062857233562969,-0.0366450729732048,-0.0052023430583995,-0.0024190783511428,-0.0014922001149849,-0.0289665775587137,0.0187444215619363,-0.0524218512375445,-0.0705313290900846,-0.1234965022377478,-0.1624489848863529,0.1333263177758159,-0.0255483242830182,0.0365415273009424,0.1023164820842537,0.0454903593467619,-0.0737854557332355,0.0241625228366368,0.0196869158027499,0.0888800370556164,-0.0207255015853734,-0.0075187471792312,-0.0253356858042115,-0.0548737469711491,0.045890650460886,0.0329654418620306,0.0171702332722756,0.0787312468336542,0.0718653950582375,-0.0279235866157848,-0.0854746839216598,-0.1546156978213816,-0.2551883679856425,0.1044173003292676,0.0083355342863844,0.06350888299704,-0.0072785377459092,0.0388395836429311,0.0554582149140783,-0.167812850827047,0.1084416271254526,-0.0673957448689953,0.116121489654285,-0.0332341831290269,0.1868810407966634,-0.0509795387006113,-0.0777842823042455,-0.0065955157661053,0.0634125281144577,0.0558958156090227,0.0785766715864146,-0.0264865938100827,-0.0335264625679641,-0.1750554467881821,-0.0971403166799717,-0.2371425204327092,-0.0889909832637637,-0.0457171730965076,0.2599098220500713,-0.053425235847567,-0.046840380788222,0.0793679281585511,-0.0042785978273007,-0.066557208159464,0.0632032996534113,0.003984671032537,-0.217206793530546,0.1566273730094758,-0.1125145213651592,0.2599098220500713,0.2170854314760761,0.0090440873363351,0.1312222267665201,-0.0315062979570537,-0.0419254553758611,-0.0650470006014671,-0.1174575673659785,stop,2170,4,126.4508810801334,-0.0513434745329107,0.0040446133104548,0.0794009883325058,-1.0,0.0787756058048294,1.5464669864056513,3.092921102258404,2108,0.5951480742076489,7,0.1796553373089645,-0.1105771700376055,-0.1505691214669707,0.0,-1.0937524437459265,-0.4986043695382767,0.5933444182465901,0.1341425790867862,133.28733357297654,126.4508810801334,154.4620665666223,3.4632248025025905,-0.062079744530491,-0.0162542750297856,0.0257315724235832,-0.0769083450396126,0.976047439136376,0.0053823546428888,0.0,-0.0114623448818855,2025-04-30,23.0,5,-0.0259368811052929,-0.0349727923536705,False,False,True,0.0,0.0,0.0,0.0150517729492786,0.3333868574272882
CLX,Falling Wedge,bullish,1,0.74466417061223,3,28,2252,2253,2025-09-03,2025,1,117.57996221447144,112.90425980823522,124.7237634873054,111.245453948352,1.162630359212051,0.0414129848969184,True,0.0021941616651841,-0.0098941750620018,-0.0150084742897314,0.0016734694091793,0.0380106208142556,-0.0611234657400496,-0.0009111328571955,-0.0070102982921648,0.0052243629388273,-0.0486432323931661,0.0088998876622565,0.0482631549920153,-0.0557821207454334,0.0033908360715568,-0.010638977946288,-0.0486784102006021,0.0406473046201039,0.0424195510151665,0.0570315446617686,-0.0081284552173965,-0.0053931789446605,-0.1012217206036178,0.0080430984174429,0.0190151067825248,-0.003889155642992,-0.0403774003221698,0.0498196916032946,-0.0428789632106312,-0.0625222829428567,0.0071832796898905,-0.0327000010133132,-0.0375910685601443,0.0508701092921384,-0.018190307952135,0.0224155449491272,0.0459326815017193,0.0527868844479437,0.0341880107870198,0.0654883654248317,-0.0559688156354241,0.0171746342101148,0.0821255964298668,-0.0087913673946441,0.0389557874267743,-0.01222575001004,0.0112303753464566,-0.0030879531622004,-0.043253167018476,-0.0205315046767848,-0.0066965804582848,0.0322525432113423,0.0003584397889078,0.0488710612921412,0.1230458646487262,-0.0092247808231682,0.0322525432113423,-0.1305617018212045,0.0197789658003277,0.0708850612692413,0.0314449037693034,-0.0188391766107041,-0.1059653782705709,-0.0047103226078474,-0.0956600706571124,-0.0180156055377591,0.0465295460260972,-0.0162476395410287,-0.0260643544174246,-0.0007330438419774,-0.0912839250371686,-0.1609213752978482,-0.0654207560398986,0.1037202353587984,0.0434810546551185,0.1462579857416808,-0.0816142504372757,0.0235533932994576,-0.0987203147009229,-0.1232160880135168,0.033338622166666,-0.0326275717043516,-0.2010512627751504,-0.0518751515678868,0.2299446040378912,0.1188653321381576,-0.0696307319338761,-0.0337680230755701,0.0181474566564794,-0.0291361002800112,-0.1438020032483493,-0.0394148958309493,-0.0786355017594931,-0.1152600739656434,-0.1729000775109838,-0.2381395816749397,0.1605394318185864,-0.0976817885661776,0.0639811884128549,0.1641129025478704,-0.1365216692251418,-0.0152834264857554,-0.0677057855188505,-0.0190258876948258,-0.1023423595167715,-0.0993228554651124,0.2065503931979209,0.0789857016215911,0.1283948807518036,-0.1293355838975295,-0.0160389114614354,-0.0371157757176711,0.0142130637168962,0.0722990056173589,-0.2422340560240958,-0.0996765182874722,stop,2290,38,111.245453948352,-0.0538740457712086,0.0413619331758784,0.056140591209663,-1.0,0.7677524972142159,1.0420711941345535,1.127759404947516,2223,0.7387251494183655,6,0.0963146815038643,0.0679288999176446,-0.1299491483291711,0.0,-1.3527133278065266,-0.6139881783881664,0.256991763854996,0.0652686768963875,112.90425980823522,111.245453948352,124.7237634873054,2.1190920635775705,-0.1229140639771425,-0.0003871087667233,0.0180445542934685,-0.1693350387717043,0.9715104235724276,-0.0027504157961498,1.0,0.0251127466954299,2025-09-03,23.0,5,-0.1065171286418509,-0.0623998939030778,True,False,True,0.25,0.0,0.0,-0.0168832593663188,-0.1849791231304008
CFG,Falling Wedge,bullish,1,0.7392393439947651,3,70,1430,1431,2022-05-23,2022,0,32.46485219657537,32.495389196617964,46.599385464554416,29.807520458598702,0.8068027812923515,-0.0009397333220976,True,0.065122376592597,0.0132323173437585,0.0014403016720898,-0.0473685767769599,0.0206867066056801,0.0286596951492887,0.0522434749052167,0.0087670157421726,0.0372631052217111,0.0691591187313216,0.0124345845720441,0.0567888001689029,0.0072116754544291,-0.0109542132251194,-0.0849793951576856,0.0449934735092425,0.0596411894361401,-0.0002065682832568,0.0286682797990351,0.0271540155452243,-0.1053788750874815,0.0406180211025426,0.05278028513837,0.0568854600435506,-0.0021628083879812,-0.0191438996305528,-0.0351022365130332,0.0234569528632355,-0.0253928365490941,0.0167223657817572,-0.0269683775523932,0.0151588615605517,-0.0965599377153373,-0.1723799565806001,-0.0238169721025818,-0.0136547751563906,0.0302753828393436,0.0004733366355125,0.0934406526311768,-0.0053695981612512,-0.0584508550905478,-0.054916635534406,0.0064937088606382,-0.008395548141274,-0.0192403516335875,0.0755539960029923,-0.0643501425696344,-0.0221839787334204,-0.0729409582525341,-0.0401977135036504,-0.0386811702723777,0.0421941510263841,-0.0558200133668418,0.0499765325123546,0.0285838882408409,0.003207544775611,-0.0204502344513854,-0.0219573847229374,0.1295710678810764,-0.1018819665956726,-0.0913302171735293,0.1147522057785428,0.2568772081256729,0.080058205784848,0.0564677291526234,-0.1115901526117888,0.0029017199350156,-0.0417554084109584,-0.0727493942621991,-0.0337193294698234,-0.0539777113963124,0.0838399492282964,0.0724158114768878,0.2751421900476785,-0.2919824456905416,0.0941509295247229,-0.0373553551970465,0.3385015236176938,0.0355240301579127,-0.1254236660833197,0.0074272382217031,0.008510762032629,0.0180179521552894,-0.0484560005098194,0.054030346689913,0.0250968449262416,0.1219130447141938,-0.1084187541929806,-0.4774751368396988,0.0678025776158359,0.1348811465104851,-0.0461264788901273,0.0343500318810408,-0.0603574155138328,0.4884729345833791,-0.2513004757326064,0.3607018047199404,0.0739593598117112,0.0366587512004075,0.0909432388336934,0.1278168679386542,0.1876715476825283,0.5271163595053705,0.0591738735595104,-0.0407905991054452,-0.557831542469194,0.1489281972687073,0.2314174196964806,0.0678791179024116,-0.0692447434444625,-0.1302605762098699,0.0357409295809878,0.1038237236191386,-0.2241548781847178,-0.0289860336567904,stop,1444,14,29.807520458598702,-0.0818525746517023,0.0724582805792697,0.0962676011825605,-1.0,0.8852290949624123,1.1761096287098691,5.319069902330404,1360,0.5015446873683834,7,0.0556450534897184,0.1052500451679552,0.6411356234422023,0.0,-1.641039316422542,-1.1394946290541528,0.6235556567417396,0.1537925172890797,32.495389196617964,29.807520458598702,46.599385464554416,1.28277655684437,-0.155733393606647,-0.0812669735331078,0.0393104056715253,-0.198959767910049,0.6637537272409291,0.0294040055663891,0.0,-0.0737205744169889,2022-05-23,15.0,13,-0.1426684776310429,-0.1170222446471772,True,False,True,0.9166666666666666,6.0,0.5,-0.0140255503275256,-0.3879913336506872
CFG,Falling Wedge,bullish,1,0.762498526556908,3,45,1777,1778,2023-10-10,2023,0,23.80023352309741,23.329480763917783,28.19684666477025,22.345478797076765,0.8427456122252025,0.0201784499167982,True,0.0093110690923781,0.0084389509780193,0.0102642027237542,0.0148880943200051,0.0881794966161182,0.0160051415543664,-0.0136027432615489,0.0282635963781583,-0.0339908101033391,0.0970294188664691,0.0108550473346482,0.0321260828842804,-0.0080231678376555,-0.0098016647431408,-0.0175502955747328,0.0785183600090551,0.0853785892048482,0.0704893120576453,-0.0489731263647282,0.0097758933660478,-0.0943579931763944,0.0138103644382017,-0.0071531208422248,-0.1217878904629027,-0.0942191823123663,0.0034327364367503,0.0277893875729626,-0.017242821445403,0.0199688894197529,-0.0826359555866736,-0.0037251784931667,-0.0547279491385637,-0.0308106987508475,0.0478135105589077,0.0468298770191901,-0.0134398439822028,0.0131150245547178,-0.0910877538376117,0.0494209470372331,-0.0877440011948551,-0.1091520321850922,-0.1319775279822835,-0.0088784070567454,-0.0233386455399117,0.0406502980621661,-0.1015008832363189,-0.0211574043935593,-0.024118490089245,-0.0072802898425562,-0.0148297246438606,-0.4870318520734927,0.0223586115988101,0.1409837367890634,0.1554837605580445,-0.0457622153464246,-0.040139522082264,0.0665067994102401,0.1200537380255355,0.1074531489022831,0.0666912299007547,-0.086809944922254,0.1200980087114513,0.1074531489022831,0.0510911136050356,-0.0442888570138184,0.0764330285875518,0.2594519000693009,0.0516832111594651,-0.0521373559083168,0.0907212793792162,0.0468319351270687,-0.2063805682951434,0.0689031290851724,0.2667471143051307,0.0270470527058701,0.172825742771248,0.0477063532265338,-0.0137383250566521,0.103101525228296,-0.0295516110505396,-0.0504124971913522,0.0382731653671097,-0.1553095838171091,0.0141776554350405,0.0270657715420563,-0.5559548423065375,-0.0543198079218135,-0.2172079861434344,0.158754939732316,0.1124567277399106,-0.0263357219909826,0.1043288677109602,0.2655553139609299,0.1871027946480421,0.2084282573868792,0.3486084897834216,0.0657758802076018,-0.0368367698753302,-0.1608991490626508,0.2795248283909006,0.1323381036619164,-0.0775515640506303,0.0605343105949844,0.1525981951671033,0.1460874321979319,-0.0791242766773645,-0.014912935495853,0.2226474110077021,0.2795248283909006,0.0888113963265162,0.2264154930148341,-0.1841624991575688,0.0291398404926901,0.1257766197616174,0.1749191193576497,stop,1784,7,22.345478797076765,-0.0611235484142981,0.0186220566835676,0.0748602019473003,-1.0,0.30466255913918,1.2247358651348998,3.0222367131945247,1732,0.6393301163269488,7,0.1002684382959922,0.1647444948468828,0.0029114658956566,0.0,-1.0145980598600488,-0.3752679435331029,0.3208269450779375,0.1450393202999957,23.329480763917783,22.345478797076765,28.19684666477025,0.674181926565369,-0.1398861578194496,-0.0400452081887677,0.0283689574875238,-0.0627212241176293,0.3779522592311121,0.0102546998318986,1.0,-0.0222364748247425,2023-10-10,16.0,9,-0.0402732921433053,-0.104552880812607,False,False,True,0.375,4.0,0.5,0.0092452512342389,0.1575670430228098
CFG,Falling Wedge,bullish,1,0.7882642329592752,3,18,2505,2506,2026-09-04,2026,2,70.58999633789062,69.55666605631518,78.21666971842455,67.44489290071954,1.7566860854018949,0.0148559489717179,False,-0.0007082508139534,0.0099409779472893,0.0055975526411284,-0.0152707538840086,0.0216711102076561,0.0167855782160522,0.0510901972562523,0.0599637822142895,0.0639830945957318,0.0117144863323417,-0.0396822966164837,0.0180632309186243,0.0372631052217111,-0.0104731297148088,0.031120808916605,-0.0198885345625067,-0.030275502675037,-0.0077389988293335,0.0032821700214622,0.024710278982198,0.0107842707706895,-0.0672691024608855,-0.0089798181915373,,,,,,,,,,,,,,,,,,,,,,,,,,,,,,,,,,,,,,,,,,,,,,,,,,,,,,,,,,,,,,,,,,,,,,,,,,,,,,,,,,,,,,,,,,,,,time,2512,7,67.75,-0.040232277733753,0.0073665434117867,0.0427808133957432,-0.9029898045086568,0.1653377330345177,0.9601901881019832,2.4249356286335244,2485,0.6432996525348134,5,0.0013829628727491,0.0398325089455597,-0.0173339588187628,0.0,-1.2349408807723452,-0.5916412282375426,0.468125220840774,0.0911366740167777,69.55666605631518,67.44489290071954,78.21666971842455,1.5269993373325892,0.1179843966926004,-0.0067809097934382,0.0215738819393599,0.2362518709962844,0.5068455926924604,-0.0059296648042886,1.0,-0.0039702134928059,2026-09-04,60.0,9,0.1671095272026816,0.0860192591805397,False,False,True,0.0,0.0,0.0,-0.0010466776526079,-0.6325598409881567
COHR,Falling Wedge,bullish,1,0.6645108347492469,3,39,1140,1141,2021-03-30,2021,2,67.51000213623047,63.60315744500394,111.49105594032676,61.299332835614,1.2473237490409683,0.0614253261656809,True,0.1013182657599089,0.0728616801660873,-0.0910782151768204,-0.0540181611251712,-0.0399587776971186,-0.0910834105660162,0.0138823565314798,0.0518121174957904,-0.012588393607711,-0.0399295757703308,-0.037881105632227,0.0546786542203745,0.0960526717336553,0.0020408074746713,0.0120517674540157,0.2424140506891621,-0.0260631205227673,0.0050847328315348,-0.0206153869628907,0.0438799436341026,-0.0794978687705778,-0.0599462230242201,0.1028564225994622,0.2039697260752491,0.1632197501803034,0.0247756023198015,0.2045696303878545,0.0887071895567923,-0.1100969070245933,0.0286198538937205,-0.0895856845907594,0.0675069970842676,0.0416425260398856,0.0945736197538154,-0.0510649632058413,0.0514113534315583,-0.1201602111702279,0.0512356767012278,-0.1458658539754482,0.0640689040935245,0.101214569539346,-0.0784615736741286,0.0890878190174861,0.1015859771531846,0.2480818433036302,0.1708774076434942,0.1044289023741531,0.0486289510356419,0.4584794964706686,-0.0794851539842563,-0.0493910680234304,-0.0855614860537791,0.0784557307962066,0.0240845088237373,-0.0208577868794589,0.2077956045358986,-0.1463886691160763,0.1415688128403751,0.0497259897728488,-0.2297851611454875,-0.0323243558938605,-0.0858655731271744,0.6556865377032692,0.0019354871524279,0.3223202943134853,0.1868604615677234,-0.1803967285297523,-0.0456331951040696,0.0458677150681883,0.0081468731293095,-0.0518776545255843,-0.1038439514108198,0.1685648622772682,0.6739225908720456,0.1059627177552406,-0.1328976133150858,-0.1356601249530398,0.2823674829747773,0.224456262822458,0.4063935811603996,0.69488237155767,-0.1360212554866908,-0.1731496697374007,0.1883829833842685,-0.2125,-0.1202379493709018,0.0514873937127764,0.4084404061693665,0.2437137737500871,-0.0645645545882617,0.2168295574654106,-0.1211795701226688,0.0562878877517312,-0.0225068907890644,0.2875879624214492,0.1434210727089329,0.8458097716323947,0.5043568854652791,0.1283875628982447,-0.3239943742262378,0.0980090903121648,0.0033594111098675,-0.0978710672918469,0.0910492842380248,-0.0638599708923312,-0.0945330610850319,-0.2013333638509115,-0.1075759517194341,-0.153137147434286,-0.2546065707220286,0.1647212040075398,0.5538296791823267,0.0939210233992009,0.2243214923525216,-0.0358052588735607,stop,1166,26,61.299332835614,-0.0919962835741551,0.2361130841004259,0.1287217029540368,-1.0,2.5665502445009443,1.3992054673630228,7.081532066073896,1099,0.8932318784396386,5,0.0116264344501142,0.2184057926786118,0.3506154825777454,0.0769230769230769,-1.6863289500297685,-0.7930970715901315,0.0908242281512125,0.3291254204241187,63.60315744500394,61.299332835614,111.49105594032676,4.0464292253766745,0.097080439912238,-0.1879972679006033,0.0607754447896291,0.6156273552585709,0.922581296160936,-0.0125767922708602,1.0,0.0245327752421937,2021-03-30,33.0,10,0.3845351688169791,0.1778226105354379,False,False,False,0.1111111111111111,2.0,0.2222222222222222,-0.2552930935533968,-2.3575285184147163
COHR,Falling Wedge,bullish,1,0.7519714018004497,13,178,1315,1316,2021-12-07,2021,0,66.0199966430664,63.87461407054002,84.45273944274052,52.13662510486952,1.0782743328213595,0.033587405634375,True,-0.0175703740032933,-0.0061769318802125,-0.1740072091994302,0.048460547449423,-0.0300518292837191,0.01642239603805,0.0868882432445115,0.0495259686855631,0.1570316180544597,0.0963541330355752,-0.1189080076318629,0.0165573495333311,0.071501555715177,-0.0505339582587253,-0.1419255037485443,-0.0726824921967298,-0.0104120700843608,-0.0454545279398648,-0.1369459466776152,0.0763498138114582,-0.0280910337686567,-0.0024991571556443,-0.007949368484413,0.0386247073828898,0.0471871140764,-0.0981008925847304,0.0195603437625275,0.1718458274348566,-0.0118072693606456,0.1844393505662742,-0.0248953691569591,-0.0214646558909497,0.0416425260398856,0.1070266438736229,-0.0619272326070294,-0.0726571967451538,0.0569673561450392,0.1831306896166895,0.1942181218876504,0.2237081308995279,0.0063551352401869,0.0817047906413184,-0.0861234635039683,-0.0894142271815637,0.0898058420976464,-0.0060760151758214,0.0966374614846719,0.0938094087883134,0.0068336953674978,0.0927425187657566,0.0441919208947354,0.0795973117399049,0.1365836391829293,-0.1675757783831972,0.2380223607173239,0.063795224252152,0.0794701921692322,-0.1618181864420572,0.0887923220007251,0.3041693915996004,0.0913792971906992,-0.0278668761475178,-0.1737362369076236,0.0127557674358675,0.1002906045119436,0.3887552903694715,-0.1968996273918204,-0.0933026483615603,0.0513284523564687,-0.0745228479114445,-0.0307187444387334,0.5847544555326254,-0.1733615411248165,0.1336336596064218,-0.0240995733014419,0.043086038564754,-0.0926163769757153,-0.3393365218176096,-0.1148977193086979,0.6346340644650343,0.4503063930393849,0.4558558754644508,0.1275848835285669,0.2109768262590485,-0.230842091594482,0.1581469930861352,0.0250367733437275,0.0909090909090908,0.0629477730095149,0.0577777438693578,0.1885093028261812,-0.1869731503805211,-0.0107543035530769,0.0639454323258055,-0.0272270482011088,0.1941139673912888,-0.2360326971549502,-0.1356613931435086,0.1593468404974356,0.5456816797192754,0.4842311698472699,-0.1361134235790794,-0.0254743198519111,-0.2669994075677832,0.0426829858012707,0.1269275985870688,-0.1938958976107512,-0.0670989846689398,-0.1978272443042376,-0.2521677708757015,-0.1578075418613383,-0.3657293914748177,0.2057958009828222,-0.274209062959693,0.0181189034682925,time,1375,60,65.30999755859375,-0.0107543035530769,0.1334444961519629,0.1364737773351501,-0.051140249507784,0.6345724569676459,0.648977685048929,1.3276849034084186,1137,0.4404072847976319,6,0.0438210404827114,0.2770761578128484,-0.3690765107469584,0.0,-0.7939032491634808,-0.3534959643658484,1.0282553395472234,0.3469198604855966,63.87461407054002,52.13662510486952,84.45273944274052,2.4828570229666576,-0.0114404286467535,0.0855566091340074,0.0374770871391193,-0.0614817475994263,0.6806724125771755,0.0204081434053664,1.0,-0.0013860190387613,2021-12-07,33.0,10,0.107450350471556,0.1161783961295235,False,False,False,0.1111111111111111,0.0,0.0,0.0345889617059967,0.7202689095937801
KO,Falling Wedge,bullish,1,0.630706210451312,3,20,956,957,2020-07-07,2020,0,37.49623760561137,37.34944243899784,41.23415459394195,35.61061851351148,0.7207995793549021,0.0039303174834077,True,0.0161718993411146,0.0024722302799071,-0.0143008618150423,0.0161616851854615,-0.0159515862689282,-0.0873513977846328,0.0110422066570037,-0.0110662592229392,0.0208079373284892,-0.0145431750900844,0.022730911622526,-0.0178050551876506,0.0271657742087048,0.0119070150247944,-0.0165754888425415,0.0119863827327399,0.0070666405126686,0.0170209714765554,-0.0254084014876025,-0.0207035923452293,-0.0190260610208408,0.0168795561853873,0.0201700392476726,0.045635508109487,0.0125783208297101,0.0323984649880426,0.0149039901699774,0.0262991517839945,0.0155720299993515,0.0493327515201011,-0.0146420245824642,0.0204422650205491,0.04017227054948,0.0055678203054776,-0.0067558889642118,0.0855232781668493,0.0049021082085951,0.0143529467129264,-0.0049552960513965,-0.0054245693107022,0.008282791522586,0.0032656724177893,0.0004324854055923,0.0216992307233478,0.0240139008002058,0.0288663391401824,0.0343375809628234,-0.0147710828419145,-0.0181280499294355,-0.0697148519837613,-0.021560903153981,0.070895541473728,-0.0217596462480619,0.1077296670524055,0.0193710978056471,0.052466161278315,-0.0508269672748648,0.0793379814208432,0.0542566140604654,0.0367001688457671,-0.0064126471261929,0.0614593519881128,-0.005740173433722,0.062552803593731,0.0099949254262898,-0.0212758023963741,0.002322106649643,0.0495812343197068,0.0147751503444103,0.0881699880181916,-0.0325829913667781,0.0327248566115925,0.0934333499794666,0.0817062438446916,0.1362928600224739,0.0230924246538446,0.0013040760264038,0.0783013330990691,-0.0383414076528871,-0.0689926627554454,0.0263843701547228,0.0088388313323701,0.0212286624993789,-0.013953494787444,0.0538591212227983,0.1368304162435816,0.057670843661193,-0.0158503901984728,-0.0966662169303445,-0.0279271650391936,-0.0088624809982408,0.0641163094687137,0.1025616907342286,0.0338395530185815,0.067297857447977,0.0464795612781865,0.0697927415945869,0.0413441445553968,0.0420140669916195,0.0825213610561528,0.0336311171091645,0.073231513488396,0.1005735069595601,-0.0992341692896205,0.0830227581219644,-0.1627189283809921,0.0486166577696507,0.0632615238156717,-0.0125235538682407,-0.030260862106469,0.0080823089243062,0.1677614694343521,0.1495117935638481,0.0128978275768751,0.0632965559321092,target,994,38,41.23415459394195,0.0996877880828022,0.1043421986507004,0.0290209163709591,1.9823287767880604,2.074883463627612,0.5770917256497624,1.9823287767880604,936,0.4662471158152973,5,0.0549048235399525,0.0811104379835816,0.1174963847806449,0.0,-0.8573435595385088,-0.3910964437232145,0.823067577616348,0.0938554206485129,37.34944243899784,35.61061851351148,41.23415459394195,0.7760795470754894,-0.1038354539758668,-0.0092673103362015,0.0206654855983344,-0.1582068846632163,0.5857134293546062,-0.0050849913541614,1.0,-0.0248739459797466,2020-07-07,37.0,8,0.045605793402131,0.0445354966000208,False,False,False,0.1428571428571428,0.0,0.0,-0.1008718956946222,-2.09950723051884
KO,Falling Wedge,bullish,1,0.722337747458064,5,43,1628,1629,2023-03-08,2023,4,54.26308025137824,53.24742525031351,57.887760354524005,52.30128165014169,0.8423900973330487,0.0190742556337735,True,-0.0018168281293747,0.0243499634084628,-0.0246912234899874,0.005075089405728,0.0778061514337242,0.0479896206497241,-0.0188827689255722,-0.0064366308543689,0.03979133202033,0.0540339248825072,0.0064692963196681,0.0107997934350489,0.0105994420681463,-0.0159183365532293,0.0004494570214566,-0.0301206685587933,0.0224608007395283,-0.0212710609944064,-0.0056970612066704,0.0220021420263893,-0.0022531386497891,-0.0043379853132988,-0.0102102369021815,-0.0004853451786054,0.0148583938003644,-0.006617701367369,0.0210386081525471,-0.01853086304758,0.007428198807114,-0.0141148512780382,0.1162462877756655,0.00636379198932,0.0261512923960756,-0.0128714933735389,0.0410003766672029,0.0324946244135317,-0.0593158878316845,-0.0004182640676509,0.0444476650348357,0.0265161937169708,0.0157160360860297,0.0207814412746736,-0.0013553721712024,0.0332216042768431,0.0113525588685567,-0.0149620574947205,0.0452875096063236,0.0217331389250634,0.0216448418423842,0.0368648896077687,-0.0034986206099402,0.0277417972780351,0.0849808521347084,0.0485424961454665,-0.0443410216544986,0.0057116028440211,0.0172167743069842,0.0694574132749143,0.040600325128832,0.0350976137126952,0.0230874405390124,0.0697852357132653,-0.0114023104581564,0.0321722722504109,0.0061348009806208,0.033369426929978,0.0903305998854089,-0.0639853561915356,0.0193119559233048,0.0606006883409742,0.0432488379320414,0.1190646334184637,0.0531335079544506,0.0265445835320647,-0.0116883719414834,0.0019141660545565,-0.0539307595548222,-0.0142888636119414,-0.0019399782581477,0.1068872772611466,0.0001511883811431,0.010223772200866,-0.1578571259603819,-0.0003209218893678,-0.0002105810319471,-0.1057792469888603,0.0088347386050966,-0.0401657245478301,0.0006732859101803,-0.0092332373881282,0.0265445835320647,0.062672842057118,0.0179903516142976,-0.056590996038637,-0.0166278508354581,-0.0308808770550054,-0.1046192144740514,-0.034176220382263,-0.2266323562234348,0.0133932023418468,-0.0347325005541319,-0.0746736099588241,-0.0911273838102354,0.0523189676683548,0.0412580972883276,-0.0528363523526376,-0.0133588591950173,0.0472812139336731,0.1400011711584008,-0.0520463173587329,-0.0166223651991537,0.0312928574234032,-0.116389566448814,-0.1086120497681019,0.0503798523043904,target,1659,31,57.887760354524005,0.0667982740079282,0.0697552412579602,0.0256030284337332,1.8476310977391213,1.9294204063297429,0.7081762550459,1.8476310977391213,1581,0.7525313442403287,6,0.0510616263723411,0.0754385292913979,0.1675642008253122,0.0,-1.0996456779489854,-0.3471143337086597,0.2979448544200179,0.0723374402208655,53.24742525031351,52.30128165014169,57.887760354524005,0.6888835014506657,-0.0114884661671641,-0.0136387541056151,0.0128009736691114,-0.0044678503826204,0.5166669845568856,0.000500063474232,1.0,-0.039186992344893,2023-03-08,57.0,15,0.0136337017961425,-0.0038246545096762,False,False,True,0.2142857142857142,5.0,0.3571428571428571,0.0131726080429654,0.6667586567118542
KO,Falling Wedge,bullish,1,0.7903562578120565,3,34,2342,2343,2026-01-12,2026,2,69.0782535313173,67.46555782785299,72.7685787340177,65.92807280961011,1.20216072720819,0.023903985313207,True,0.0188866695974025,0.0446382778924382,-0.0483073519192291,-0.0129499201685931,-0.0098307736504844,0.0044428593189294,0.0280593596204539,-0.0908546856903758,0.0041070872101243,-0.0097902483817485,0.0119431876101907,0.0119947067319048,-0.0017591964316375,0.0125145658293148,-0.0212061707617352,0.0101559893942702,-0.0125257269479853,0.003645892763151,-0.0182627426903445,-0.0029355609753702,-0.0023787229851126,-0.0110781052300004,0.0266374474651164,0.0444476650348357,0.0444476680681924,0.0207814412746736,0.0333010914125402,-0.0088399318191851,-0.0195089276499268,0.122308613295446,0.0193719721858869,-0.0173620820899264,-0.0128896554691713,0.0287247976256268,-0.0088334780164046,0.0195051761889835,-0.0209411386477256,-0.0233178705098023,0.0508339810854192,0.039643039829559,-0.0398427948942424,0.1087637334715614,0.0183912723296135,0.0146298757574712,-0.0070046675561386,0.0285619426446228,0.0907411917684366,0.095586681273162,-0.0138630539257099,0.0188521493232833,-0.017420159127201,0.0017468130170532,0.0448073869876095,-0.0273389721665764,-0.0638937269486933,0.0318334386459644,0.0888134850900639,0.0307262688574168,0.0045311143120247,0.0186120284128692,0.019848933861386,-0.0286956783755722,0.0469086440180555,-0.065983277683826,0.0694574132749143,-0.0018908684525973,0.0720579457465757,0.054209450965367,0.0765752249768162,0.1023855900226504,0.1299344272042571,-0.0390611018360724,-0.0423947173617424,0.0352944929841885,0.0513334295721057,0.0634316183149623,-0.0162493989887847,-0.0265702287036411,0.1068872772611466,0.0197355810919992,0.0561605488233472,-0.0224882492804705,0.1339255693897745,-0.0600655816519913,0.0628883437123519,0.090987014067057,0.0357216359242513,0.0252899445762764,0.1568874138131204,-0.0225925616559591,0.1047457232330946,0.0666922523583997,0.1178295404839142,0.1375612127990625,0.0557934502486665,-0.0644675762265951,0.0620931128170509,-0.0377026000947929,-0.0749240478650192,0.0648730410569926,-0.0561232337008512,-0.0090069774597049,-0.0462152459889297,-0.2393091019443289,0.0807792123649657,0.1263507579660334,0.1214386311729758,-0.1046192144740514,-0.0789718812463909,0.0998825389236286,0.1161099969250492,0.1336992596169324,0.0273398498369366,0.1339918048597108,0.1022789516445003,target,2355,13,72.7685787340177,0.0534223871341412,0.0636181879249709,0.0089463191077166,1.1714646011484966,1.3950416509128185,0.1961779828174443,1.1714646011484966,2306,0.597638931334719,5,0.0120203574415657,0.0774582158550767,-0.1809728365250581,0.0,-1.2863591725248558,-0.6887202411901343,0.624037833556927,0.0576751362046224,67.46555782785299,65.92807280961011,72.7685787340177,0.7798543064641308,0.0212804511002839,0.0054166720036672,0.0112766219442909,0.0297919605774599,0.3561656720629575,0.0055312347459279,1.0,0.0116721920686029,2026-01-12,7.0,20,-0.0508168372452288,-0.0397826354634204,False,False,False,0.4210526315789473,1.0,0.0526315789473684,0.0223243472381862,0.0888617498493139
KO,Falling Wedge,bullish,1,0.6506812686109272,3,53,2415,2416,2026-04-28,2026,0,77.40537762829057,75.54461465880706,80.9674988246783,72.58273316182394,2.317884893335195,0.0246313119457626,True,0.0014035872207691,-0.016557076941458,0.0060700100204911,0.0267636291113302,0.0266522398861492,0.0368472474922263,-0.0045853974875498,0.0053455786928338,0.0111939472177857,-0.0216765694605767,0.009585264709268,-0.0308270749101179,0.0570397237003896,0.0036663259590341,0.00139750264628,0.0060249230613993,0.0217779455177402,-0.0107898684969559,0.0065088969452393,-0.0133618368836919,-0.0051287806742259,-0.0198526171887857,-0.004228967272144,0.0211815662571457,-0.017046260953633,0.0018317971202546,0.0056404200587107,-0.0508423149959151,-0.0125927788486166,0.0270322698492881,-0.0246529204895449,0.0395530547480695,0.012460306475327,-0.0069261132089244,-0.0168237791977777,0.0198718516995499,0.0964099176421,0.1207629108994556,0.0198145163185912,-0.0017874912119929,0.0218290788317876,0.0040974646934772,0.0398579042854663,0.0100744114272837,0.0110212577705666,0.0053499780637878,0.0414700089781916,-0.0140293078898077,0.0571763386499775,-0.0724462420680495,-0.0502997462027604,-0.022236918698217,-0.0306349018265139,-0.0450361298699382,0.0285102938336589,0.0067704145243305,-0.0565874490714645,0.0328135893754399,-0.0224401189435596,0.0271612414850341,-0.0087808168335549,0.0275598204788716,-0.0494469910082167,0.0039556386484562,0.0493621265562636,-0.0812130580800025,-0.0595977742585495,0.0241914887725089,0.0535309687050059,0.0327831570020127,-0.0026482378867869,0.041473799739117,0.0084509130192746,-0.0349825666175409,0.0326347179126553,-0.0339497007716234,-0.0207163849340749,-0.000242923206196,0.0642063973321731,0.0927672137639366,0.0777806361092117,-0.1013697069333795,-0.0568481326657221,0.0091205104462293,0.0479296184260529,0.0735702896961465,-0.0071815751654573,0.0526040527448485,0.0360455071236667,-0.0108386019934797,0.0522400104301949,0.016648453279211,0.0562846921456363,0.0143245590110936,-0.0371739091493797,-0.0189802656529958,0.0855981776083805,-0.0019247982515782,0.0737139940118549,0.0236085621127273,0.0823629482791437,0.0475819961577033,0.0926310321149079,0.0455460538894991,-0.0492979331501084,0.135933010247266,-0.0504473188101858,0.0663732450673477,-0.009715058710082,0.00088995881907,0.082451343064323,-0.0067070122031447,0.1071851894177857,0.023111431636545,0.0216476598206823,target,2430,15,80.9674988246783,0.0460190403500573,0.0547404034730887,0.0081663873511583,0.7386240518363506,0.8786054273380555,0.1310737918108319,0.7386240518363506,2362,0.3871509345895049,6,0.1890191258042503,0.1114166425926515,-0.2217372129471083,0.0,-0.6729736134743645,-0.2858226788848605,0.9494127837565516,0.0807148324739826,75.54461465880706,72.58273316182394,80.9674988246783,1.43144501794776,0.1026151861642676,0.0174759380514102,0.0184975582773657,0.1396189011733264,0.1205343306051414,0.0540826071817128,1.0,0.1261452090952488,2026-04-28,7.0,20,-0.0020917824552991,-0.0201933405684832,False,False,False,0.3157894736842105,0.0,0.0,0.02332208876316,0.2889280111491668
CTSH,Falling Wedge,bullish,1,0.6471474866029455,3,36,838,839,2020-01-16,2020,0,56.11033028322802,55.34476198376055,58.135406192665386,53.58097896797591,1.1332340866048511,0.0138327146423018,True,-0.0022379123090232,0.0065955362411009,-0.0080050976249566,0.0033181862561579,0.0660321606275604,0.0736802059538144,-0.0245613278095929,0.0097012293329963,-0.0398471997374605,0.0221304971898816,-0.2023178152813166,0.0517325053887494,-0.0004475575118657,-0.016702990836906,-0.0310895728927947,-0.0245899731165484,0.0246461828489668,0.0414285092718551,-0.0274472252555703,-0.0032688840747412,-0.0456733954153754,-0.0080951199143116,0.0047309218210496,-0.0188618313873735,0.0111955728167807,0.1092036170298453,0.0733239938727503,-0.0356498923335066,-0.0164688277781097,-0.0333985862768033,0.0439581384062124,-0.0169444748153652,0.1214490386584901,-0.0084886101062722,-0.132173379143878,-0.0921471739552403,0.0213639070535125,0.0603373366990471,0.0189180454117126,-0.0076698956945978,-0.1239781207003875,0.0117629845580933,-0.0180128962579552,-0.031163553872903,-0.1081902605026613,-0.0106634008999726,0.0971371879247324,0.0793500276906211,-0.0927941358364673,0.0335941822572698,0.0644012867131642,0.3552265122450166,-0.0774147000215395,0.0416980105222828,0.1107502895359369,0.0277282543000327,-0.0047836564852243,0.1199778436612986,0.1022227392514107,-0.07850766452288,-0.024480731861033,0.0753657795259095,-0.0816077202549053,0.0407017971565846,-0.0148018659216507,0.1480270645645787,0.0331435826052752,-0.0097368244066502,0.0587016857733119,-0.301180196564114,-0.0242733255309114,0.1344117963075746,-0.0901623948971434,0.0837670059502728,0.0041553673205299,-0.0482428166391273,-0.1622322816041043,0.1329635517325007,-0.0109612074747554,0.1247767320604866,0.0187842482778208,0.0712440168865142,-0.1208332115090804,0.0558684422668744,-0.0839668142921017,0.0269630548527786,-0.2393009051287968,-0.0352625639865105,-0.0844466436855109,-0.0221577176971784,0.1000302455818669,-0.2939500917802595,-0.1329694219359836,0.0064372537500976,0.1750530889034562,-0.137788731912707,-0.0102410669389733,-0.0214561840563352,0.0358164048742475,-0.0327759716534254,-0.0738677694744101,0.1231149743931769,-0.0673668164186642,0.1242668207662449,-0.0954925188385742,-0.2326719115657536,0.0985864368734492,-0.3425919238832899,0.036088916236064,0.0047611451065221,-0.0380728859005095,0.1385078708202101,-0.0678069522313484,-0.1433668839039729,-0.1066042239957539,target,851,13,58.135406192665386,0.0360909639849809,0.0417196975353287,0.0273337402401329,0.8006305400226744,0.9254965863808214,0.6063630558165258,0.8006305400226744,802,0.3523305585308611,7,0.1607129743850202,0.0762311916270015,0.110638835626259,0.0,-0.8928883416787334,-0.5405577831478695,1.6017234227111947,0.0505503735188659,55.34476198376055,53.58097896797591,58.135406192665386,0.7578831830462731,-0.0087983667055385,0.0025014754086873,0.0135308096695295,-0.0466887496118257,0.8428564421992246,0.0027485233524691,1.0,0.040607439206808,2020-01-16,60.0,12,0.0833675758436003,0.1164119008315576,False,False,False,0.0,0.0,0.0,-0.0402733290940409,-0.2680646489291221
CTSH,Falling Wedge,bullish,1,0.8731692045321555,5,97,1470,1471,2022-07-21,2022,4,64.00870842098817,60.90870611098711,91.91062378467382,57.66596890610606,2.5073036876493218,0.0508958818522966,True,-0.0321507730834285,-0.0500740941450619,0.0387937519992096,0.0131282238968724,0.0257249056166681,-0.0185444293774957,0.0340514154301787,-0.0038584124137663,0.0420192813573583,-0.041409145121668,0.005040524892665,0.0127067385146633,-0.0375321492301595,0.0279729454634554,-0.0012359288726091,-0.0086672860219443,0.0304128038269519,-0.0188079117403882,-0.0985098137209362,0.0558639500348794,-0.0146431264887576,0.0268887589738191,-0.0356205279343783,-0.0044895774861135,-0.0427180860654119,-0.0918669117892702,0.1466925259591449,-0.0135079977425435,-0.0611189562694175,-0.020201600124287,0.0484799129668311,0.0075582828791875,-0.0160768006551784,0.0232495970455743,-0.01652888704079,0.0346759736375279,-0.0093918954721259,0.0066242035641612,0.0105945109729401,0.0458715447774789,0.0324000472118499,-0.0119047323606966,-0.0735970011759107,-0.038362205651475,0.0331771197271149,-0.0063279140091193,0.0050971212192023,-0.0675240341297089,-0.0011646333550731,0.0032150399506216,0.0083239570815683,-0.0307307813245669,-0.0244053947180473,-0.0022377435558968,-0.1722208199916056,0.0257191337270752,-0.0893481297560535,-0.2085175639469375,-0.0172099275124668,0.0543608013452583,0.1225644099598535,-0.00141565297595,-0.0984708203963765,0.034212038289686,0.0131085850694512,-0.0255587957607359,-0.003758795735432,0.0377618880962185,0.0238857814946728,-0.0956597019776384,-0.0661396354812046,0.1385797341056136,-0.0261063692993749,-0.2638704060638657,0.0594753248087327,0.2311787614704825,0.6531080171385455,0.0482281572049132,0.1683380530808711,-0.0781574715303128,0.0587577777703665,-0.1189222099806731,-0.0798328027885055,-0.0499625703232181,-0.0694172320173036,0.0339381964908291,0.1059950794018476,-0.3397617929574619,0.1300022373100684,0.4502401989097997,0.0358569889058928,-0.1500430855595007,-0.1480008360789279,-0.0481788939658922,-0.0936507166110394,0.0482121465148002,0.0524622527289604,-0.1568675102772561,0.0332957099541368,0.111177259714984,0.0605768726563347,0.0752838674260689,0.1016289301616013,0.1174148242813799,-0.087654321892829,-0.1215379408794542,0.0937072079280036,-0.1028250265006072,0.0749608537216885,0.1205088807441538,-0.0057239475942673,-0.0036270233380126,-0.0488199382872661,-0.1026247412603715,-0.1562957180384783,stop,1502,32,57.66596890610606,-0.0990918215872381,0.0215783452630655,0.1045286625422805,-1.0,0.217761112041607,1.054866697048816,4.399032200237572,1369,0.7904510502776485,7,0.0489499399593645,0.1506420914558581,0.0374015478726927,0.0206185567010309,-1.904814204464204,-1.1143631541865526,0.2520582031004323,0.2026425791186391,60.90870611098711,57.66596890610606,91.91062378467382,1.4666344143742889,-0.140033680888748,-0.0117483832750021,0.0229362920454627,-0.1927480252476272,0.9722233995959264,0.0010278038747111,0.0,0.0651726253613247,2022-07-21,46.0,21,-0.0617832785646427,-0.0434730777187484,False,False,False,0.45,7.0,0.35,-0.0661446539548898,-1.448641957233483
CTSH,Falling Wedge,bullish,1,0.7609311455327388,13,114,1962,1963,2024-07-08,2024,11,64.62755242977867,63.98357750534194,81.57016874398187,60.53552165947963,1.324578243392545,0.0100646908088715,True,0.0747886586554036,0.0653145788809723,-0.0023820212877816,0.0321093482524048,-0.0023691266663652,0.0084964863037153,0.0547723518608207,-0.0256252514828305,0.010468951425427,0.0468054987093247,0.0027694089698206,0.0035272592997803,0.0466886117552882,-0.0093328878073243,-0.0369458898096698,-0.012228767691343,0.005895554804207,-0.0220071155525279,0.0175713670976138,0.0111282363962099,-0.0087813038455358,-0.0508296390074149,0.0713021050692126,0.1152989370232071,0.1181931624519317,-0.0442490605306756,-0.1408217811139672,0.0364803731821505,-0.0215788142085369,0.0454083016532955,0.0448683034694534,-0.0203830243079768,0.0584932661014752,0.0274859732876362,-0.0225761348226158,-0.128126586042573,0.0638751796690453,0.0023170440020794,-0.0346829345035736,0.205499331790157,-0.0566842882782741,0.0813616651428363,0.0161478126929071,0.0227274414869267,0.240481708731205,0.0964967481531584,0.0644012867131642,0.1342966482726583,-0.0870633855069663,0.227611363434051,-0.0731268609943913,-0.0111140342348718,0.1291808091877346,0.0216285160302447,0.0376610876493925,-0.0844310577821287,-0.0031690111553951,0.0011519696677737,-0.1910849927106764,-0.0543461458664075,0.0327702751218677,-0.0263700100181748,0.0236325261719376,0.0327221445676524,-0.0961241421436491,0.0492921468081526,-0.1415117261030618,-0.0723999854661145,0.0786558123803157,0.143704780999631,0.1512191353655704,0.1430769915168459,0.0310947447506946,0.0319161454853107,0.0796738750757148,-0.1091938639058651,0.0072420960297596,-0.0302281946767086,-0.0851976904500625,0.0074134248235819,-0.1437500564001532,-0.081534343425613,-0.0241842514895329,0.0654498896477866,0.0045107424650649,-0.196674544368262,-0.1390804974940276,-0.0772022328894189,0.0059035341639284,0.1951785600428257,0.4187059719761572,0.1385487659557296,0.1335745257307659,0.108219166920968,0.1894573801043371,-0.1111785450174885,0.1282716486179067,-0.1469530577984128,0.1463104174897018,-0.0219639390064249,0.0637946489611449,0.1146125923158416,0.101280931666942,-0.1474283981240576,0.143396526970015,-0.1370393747290363,0.040911541357675,-0.0400606726768154,0.0088947416659204,-0.0456948204865177,0.0831754982611854,0.0635947279322091,0.0068170249494561,0.1584650904602993,0.1036413275850718,time,2022,60,73.26014709472656,0.1335745257307659,0.1911259513857358,0.0124645253385412,2.109611376240217,3.018550723891621,0.1968586772796938,4.140393185011416,1837,0.7140479402036841,5,0.0545742001544721,0.1080619178305151,-0.1412190088907298,0.0,-1.3689990858913137,-0.654951145687628,0.3758966100660229,0.182150029106031,63.98357750534194,60.53552165947963,81.57016874398187,1.0877885834645329,-0.0405566372539497,0.0068782640632407,0.0167917848317611,-0.07458561127337,0.3473714643665945,-0.0026470383252048,1.0,0.0419168247502015,2024-07-08,37.0,8,-0.0228988360245327,-0.0066298826492753,False,False,False,0.2857142857142857,2.0,0.2857142857142857,0.0241694933989072,0.6867398608795532
CTSH,Falling Wedge,bullish,1,0.6579100210055119,3,22,2095,2096,2025-01-16,2025,2,76.06028251676285,74.21137263960566,81.31984917548527,71.90398437429894,1.101706185460805,0.0249141042860923,True,0.0172830973335167,-0.0011603922419161,0.0466886117552882,0.0252913772419185,-0.0300484637561829,-0.0183678471780452,0.0054681700497782,-0.0091324649863709,-0.0030555474715059,-0.0147534348882483,0.0048739747732304,0.0164224266265085,0.0755611512218841,-0.0581711685441844,0.0084002982287432,0.0092395072019688,-0.0391988629712626,-0.0185444293774957,0.007106440628831,-0.0234844851232222,-0.0782956354004771,0.0042462828421323,0.0217708022898523,0.0498158342079755,0.0416744785353107,0.0330276016431574,-0.024918937326661,0.0527535624953956,-0.024659228319369,0.0125231171332131,-0.0226657880473563,-0.0151663163478634,-0.0150884614772501,1.0210646994579521e-08,0.0496688729174059,-0.0571195187882952,0.0013062866302238,0.1086135023747381,-0.0264954762925,-0.0234359668365787,0.0131304788235624,0.0434709043553198,0.0933609938659383,-0.007412306081499,-0.0224538296244769,0.0413938591425879,0.1526241014895073,0.1312827240290037,-0.0998445792647496,0.0352627364789557,0.0021056181734713,-0.0425117132837821,0.0269902550654175,-0.2905674613530493,0.0216934973645539,0.0326513190968922,0.006581026332346,0.1822786831966765,0.0339623650107141,-0.0394716554018685,0.0735880305416476,-0.036932243924504,0.0472609525454297,-0.0733336093945741,0.0829673141886413,0.3330924660540388,-0.0796738349795561,0.0151323520942496,0.1410625255624598,0.0203893106242332,0.0703257213596285,-0.0162604365009473,-0.0280377425850255,0.0258193484656086,-0.0164807373732556,-0.0062984227030969,0.1140225534765755,0.0843959675266246,-0.023068384663946,-0.0559516655231151,-0.1649760244324051,-0.0106381842850472,0.1902949749856251,0.0857227677796337,0.1086593251168781,0.0877072284467883,-0.2207078536172507,0.0222231317826455,0.1086593251168781,0.459461648501015,0.0614335002690742,-0.0199097053649296,-0.0970537782130043,-0.002879599963708,-0.2041640276346957,0.0782715716402602,0.1701059940322224,-0.1003532301019923,0.121025851666753,-0.0886527718446478,-0.3738465626564862,0.1166921162464968,0.1329378390721201,-0.1337451925786795,0.0119317179119045,0.154653215287158,-0.0043327674856878,0.0267366338159489,0.0005068444677733,0.1844428645636426,-0.0109050837861873,-0.0981348796602528,0.1473657283566036,0.0039634243898434,-0.1037787424981092,target,2109,14,81.31984917548527,0.0691499753181072,0.1133562623556698,0.0184267954333386,1.2654449893732784,2.0744203241169203,0.3372104739597611,1.2654449893732784,2071,0.4642543517121835,5,0.0312817572240201,0.0007929032592901,-0.1098770018967911,0.0,-1.5104622194035546,-1.0462078676913784,1.0560829446726117,0.0580509411892772,74.21137263960566,71.90398437429894,81.31984917548527,1.537554873578213,0.0564455878245684,-0.0183296327523404,0.0205439034369755,0.0447318887609238,0.8478264475146351,-0.0048855477336656,1.0,-0.021685822118629,2025-01-16,31.0,10,0.1477010433436598,0.105092953265049,False,False,False,0.0,1.0,0.1111111111111111,-0.0430697652599697,-1.0835662902153214
CL,Falling Wedge,bullish,1,0.6070075929890987,5,80,804,805,2019-11-26,2019,0,57.81039409643929,57.10064277723528,66.59809074479301,55.52821896946939,0.899539708464961,0.0124298306408376,True,0.0042776348349911,0.0142899948016953,0.0013263460970025,-0.0073374954066739,0.0418353643945512,0.0046621728360338,-0.015020059369834,0.0034495179484379,0.0007934721408662,0.0057389722456064,-0.0528028491096403,-0.0110808082675887,0.0411651380496254,-0.0128743121411432,0.0040857203528283,-0.0004520190145704,-0.0021224009491274,-0.0093341931300687,-0.0538085460627112,0.0025807635722547,-0.023260857214286,0.0256765501893319,0.0071166109769463,-0.0048678761961539,-0.0042640230188965,0.039290186063849,0.0291119039542848,-0.0341848645071296,0.025840928836063,0.0126129359433158,0.0141054677690088,-0.0051004693436372,0.0273087992060423,0.0335511148768277,-0.0216261984083854,-0.0127521264504435,-0.0094467057348178,-0.0119819959778368,0.0246088159254294,-0.0350964225878286,-0.0226089307314203,0.0414934081763997,-0.0751231072883263,-0.0271224371880506,-0.0530074592424164,-0.0018615183607003,0.0116535237615216,-0.0198702905810421,0.0078634182816865,0.0068659220274565,0.0169698469980075,-0.1086592887908554,0.0527146389881718,0.0285573438853163,0.0063216531227543,0.0040915957177398,0.0193905234997393,-0.0375886951407423,0.0172814459454517,-0.013998174104123,-0.0703781531191125,-0.0202896101932684,0.0066832681133155,0.0326620654385474,0.0251538260619084,-0.0297744160188169,-0.0172378675564981,-0.0787375748033765,0.0192589353438565,0.040351122111176,0.0070384092635842,0.0629730933458116,0.0445295040964923,-0.0499942534532343,0.0867450245429419,-0.1198829584065317,0.0651770791600359,-0.002644036057577,0.0111162573314809,0.055834327697728,-0.091610076809428,-0.0116298817135365,0.0539252658908746,0.0560315452837756,-0.0536237544135921,-0.0541251621222697,-0.0063243188796285,0.1145050316121349,0.0935366171029088,0.0333322598813101,0.0353657663797453,0.0241892555877039,0.0952623284120171,0.0966063158882523,0.0234435778058887,0.0654021416330423,-0.0632318627613416,0.1218234444004637,-0.1022015396295326,0.0640884882427874,0.0852436129460127,-0.0885521108255975,-0.0958540815807226,0.0212377114042769,-0.0654253768478061,-0.0669790706181951,0.1061694442013081,0.0672612230945235,0.0738534464620732,0.2018973049675803,-0.1042839169122528,0.1368795621107674,-0.0819311180581805,0.0149204276059926,0.0795742630299626,time,864,60,63.31754684448242,0.0952623284120171,0.1488380189955325,0.0146037304472759,2.4131157521443694,3.7702560303026864,0.3699310374818272,3.850579451376888,724,0.6531202517718296,7,0.1220176593605312,-0.0364883670173954,0.1543082684447727,0.0,-0.9626545072668322,-0.3095342554950032,0.244028182858814,0.1374909019504512,57.10064277723528,55.52821896946939,66.59809074479301,0.6615203737725152,-0.0240342340276081,-0.0123691108193373,0.0114429290956434,-0.0315376436982323,0.987176853780916,0.0032847816492662,1.0,0.0358499712999167,2019-11-26,3.0,11,0.0285188225216475,0.0208021977261936,False,False,False,0.0,0.0,0.0,-0.0052952317649011,-0.2539011009381708
CL,Falling Wedge,bullish,1,0.856104478351502,5,61,1265,1266,2021-09-27,2021,4,67.12285288723436,67.59019588998538,78.16241523371644,67.16620384660605,1.227977357225046,-0.0069143608270006,True,-0.0074057873852722,0.0177255275706864,0.0082613338072012,0.0163956182196902,0.0362558837562085,-0.0072380482600418,-0.0165887875551511,0.0132049535577725,-0.0028287789899037,-0.0019683649823438,0.0111277410722769,0.0076020270523986,0.0040857203528283,-9.862870263743773e-05,0.0216012874356998,-0.0487579466919865,-0.0301338247151626,-0.0101682047871343,0.0102013653873327,0.0170788406843769,0.011612728464152,0.0111277410722769,-0.0099444201941648,0.0023801547090844,0.0137519072806703,0.0154252081440129,-0.0438985597417462,0.0074983069395235,0.0181431997754581,0.0184925667633908,-0.0250185922079269,-0.0392169795134289,0.0453868026821258,0.0025894178791108,-0.0111199449321272,-0.0144513281400009,0.0299476379821419,-0.0210749430561524,0.0519135397030592,0.0061511449514157,0.0037332249256665,0.0453737427712179,0.0272905286451019,-0.0144466182701051,-0.0318167238301574,-0.0011649268644445,-0.0003318479202055,-0.0364025636769088,-0.0653181267609568,-0.0075724423214604,-0.0185640279643377,0.0107786372887255,0.0242648012137218,0.0070284059307328,0.0255212270899241,-0.0330917982511861,-0.0279222839627495,0.0416905536448959,-0.0767720424027614,0.0490691178702389,-0.039568961993735,-0.0241228555197731,-0.0473889635966752,-0.0063013557827702,-0.0472408755191263,-0.0658902977321038,0.0234714636152311,-0.0376466293907117,0.0154469748070383,0.0318638060931866,-0.0315445268549325,-0.0528792170129428,-0.027513377003833,0.0203659603252928,0.0031761653614033,0.0620622955492058,-0.0231557986756928,-0.083626925377076,0.0153502883611589,-0.0882071699846339,0.0277037620436726,-0.0526127433676069,-0.0391903716946041,0.2578446415957458,0.0302526714754518,-0.027859757340234,0.0108200325765612,-0.0792737489668823,-0.0822605165837786,0.0146010126404489,0.0556692251440509,0.0348004846399012,0.0921311879089106,0.0352801493011682,0.0337211748082912,0.0045063486632979,0.1218628262504206,-0.0899831483559931,0.0344334040172769,0.0011771527684185,0.1374174217101615,0.0640670448347486,-0.0015553241702545,0.0478961666661388,-0.0691614859378181,0.0921311879089106,-0.0805477104416726,-0.0571685964383571,0.1271413361914988,0.1101349133788647,-0.0902698785339959,0.0817485910626658,0.1389875584155544,0.1182833517337977,0.0558900711823128,stop,1266,1,67.16620384660605,0.0006458450066852,0.007140979845465,0.002777030902477,,,,,1200,0.926883837172246,7,0.0136006737647955,0.0212228512762717,-0.1779814103395003,0.0,-1.4143780505846255,-0.4874942134123766,0.0611972265886662,0.1033719323370275,67.59019588998538,67.16620384660605,78.16241523371644,0.7963302927242323,-0.0464975422860208,-0.036225547088082,0.0118029047678762,-0.0381749977431644,0.1216260799637061,-0.0016965808268939,1.0,-0.0137522113086436,2021-09-27,60.0,12,-0.0333391679391368,-0.0141022305692978,False,False,True,0.1818181818181818,2.0,0.1818181818181818,-0.0048078652944378,-0.1944894055691486
CL,Falling Wedge,bullish,1,0.6049991760660758,3,38,1387,1388,2022-03-22,2022,0,67.07000673374972,66.63122636102037,76.26634996265557,64.52418399465768,0.8929936546612173,0.0065852063168094,True,0.0200804321406051,-0.0126776001292658,0.0182106772377721,-0.0024993042763078,-0.060672951472717,-0.0001570004285369,-0.0029842052122728,0.0007497765130828,0.0517460277986026,0.0216445369740512,-0.0302882750326525,0.0183254176557035,-0.0309848748956143,0.0164480820030654,-0.0028399334646992,-0.0068406422500769,-0.0220874051345689,0.0280717341391261,0.0233496415346832,-0.0563959041814096,0.0232506642115679,0.0055121730552081,0.0205025204019048,0.0368136822026063,0.0275948704465802,0.0052080170679207,-0.0552372842494692,-0.0087673433217786,-0.0089858651614522,-0.0381155838758627,-0.0503282100363932,-0.0106719289483747,0.0190822773925536,0.0037332249256665,0.0245113549389375,-0.0224751966990587,-0.0308151665112309,0.0244292735687525,-0.0291187897706669,0.0145083403846211,-0.0076732173805706,-0.0132991160216223,0.0025744163512868,-0.0175151288626592,0.0505706902512319,0.0442329440005148,0.0978332482044885,0.1027561427441713,0.0222297972742064,-0.0513348480233455,0.0350812861086824,-0.0192116452568104,-0.0597644716791466,0.0166709911725917,-0.0534259785492137,-0.0581511358194329,0.0338291284546474,-0.0617958501361961,-0.0694837031254627,-0.0261676758552124,-0.0541882937978748,0.0121443310043354,0.0135204674671349,0.0031661364087065,0.0231074577816099,-0.0814026571597864,0.0201284812505064,-0.0360271673951156,0.1173870156982473,0.0194645750085766,0.1426438402641391,-0.0970381615641772,-0.1438057664927472,0.1306986638645124,0.028391435625509,0.0032939143088006,-0.020869676238581,0.0716431350410917,0.055834327697728,-0.0829314187555012,0.0746418200286538,0.0351949393419386,0.0242146044223672,-0.0463547239781573,0.0316936018054279,-0.0276818836226453,0.0008419796740724,0.0800551062075616,-0.0106958383278128,-0.0061141953259736,-0.0568839308284728,0.0172581783643969,-0.0046383713985923,0.1749502883209107,-0.0817812809469702,0.0699285197279828,-0.0652706869022946,0.058150176778928,0.0768800121010582,-0.1051216393663413,0.0367301429816999,0.0629952515416625,-0.0418951388618471,0.2177698987721348,0.0363611332579465,-0.0425632750869331,0.0390838547321139,-0.0821455228253408,0.0126632772731143,-0.0794290868858931,-0.0917914862326257,0.0216842142373649,0.070959577365653,-0.0644450749685057,-0.0070765147332377,time,1447,60,66.7589111328125,-0.0046383713985923,0.1228789946600063,0.0212007439751976,-0.1221984532388033,3.2372619164452536,0.5585361538895421,3.6123266116264143,1349,0.4247524001256364,7,0.1327626327270036,0.0085301157424664,-0.0908809426706317,0.0,-1.66780445823279,-1.2430520581071594,0.8586679768660946,0.0624124285888364,66.63122636102037,64.52418399465768,76.26634996265557,1.5103228756950335,-0.0529907456433937,-0.0588277326661088,0.0225790562176423,-0.013507160837436,0.8442604497586099,0.0031018498638955,1.0,0.0498562537237108,2022-03-22,53.0,15,0.073698508769981,0.019306765410773,False,False,False,0.0714285714285714,1.0,0.0714285714285714,-0.0310847707761349,-1.1624947640879693
CL,Falling Wedge,bullish,1,0.7514838101847081,3,43,1756,1757,2023-09-11,2023,0,68.96697726393025,68.121112458389,75.07414988589699,67.22054991002915,0.9566208284640249,0.0124170726961914,True,-0.0018921820572057,0.0020348298816916,-0.0086803250800977,-0.0238907849829351,0.0265999474450207,0.0146278417929188,-0.0061837612012972,0.0192468980199942,-0.001415239112873,0.0120000302053748,0.0034774818799205,0.0136714401518103,0.048556730158368,0.0061179764452967,0.0039191113090149,0.0281711263549033,0.0061268289482658,0.0662551571975051,0.0129395059509052,0.0134769144550632,-0.0043298194732395,0.0233383167727492,-0.0145934509190391,-0.0239222637688755,0.005601067784291,-0.0329792194335746,0.0057298491050228,0.0416260625128355,0.053958828541712,-0.0606340378874545,0.0241219522179543,-0.0229038118201277,-0.0152259234762203,-0.03750660716575,0.0023801547090844,0.0396194153040516,0.0103024113040042,-0.0295942327895751,-0.0933768203743233,0.0358039618087897,-0.0371173705633289,0.0216939463758099,0.0577414237967484,0.0350595464109684,-0.0079235572602707,-0.0234610623346933,-0.0632518182648249,-0.0338633593594096,-0.0155685271126532,0.0781139499456038,0.0437864583159477,-0.0315164491892625,-0.0129125459741507,0.0683335980021733,0.0035983231408123,0.0665186166011542,0.0642788690641793,0.0165945287862103,-0.0030284017317779,-0.0020807151171055,-0.0473889635966752,0.0601501337891274,0.0339038423386108,0.0094081495410986,0.0297015738979189,0.04095027420508,0.0030093875310353,-0.0424106487391612,-0.0814238909497332,0.0231993048752525,0.0449537451221129,0.0631465154998554,0.0205446642166524,-0.0782771971756144,0.0536656421962571,-0.0124444459709905,0.0743068892788922,-0.1044595670917551,0.0804245224636099,-0.0451727450607807,0.0317255627257537,0.0817046017380527,0.0776725560586222,0.0351316538063346,-0.0332241047867948,-0.0156880092880445,0.0942622516485973,-0.0159673236026941,0.2170682376188986,-0.0993200445457794,0.1108077097901258,-0.0035960636007073,0.0568024142872198,0.0316082032298683,-0.0110830056837485,0.1133033826130733,0.1405062806398036,-0.0486033269240008,0.0877104309732512,-0.0644243590086349,0.0766623017932341,0.1013503531806059,0.2419574104901329,-0.1097463093079088,-0.040708526560538,0.1007196249985693,-0.0069329171971432,-0.0927093814399313,0.0336713695620105,-0.0956252689919792,0.0894078311688237,-0.0054893956796797,-0.1010780266634252,-0.0256498209504354,0.0376404819366159,stop,1766,10,67.22054991002915,-0.025322660542562,0.0016218351427322,0.0287877937447051,-1.0,0.0640467908182978,1.1368392233635545,3.4969519965000484,1713,0.7870707745055546,7,0.0215339028855602,-0.0764424710307054,-0.3862376031936456,0.0,-1.1053193824335532,-0.3182486079280009,0.1818918809733743,0.0837978353127691,68.121112458389,67.22054991002915,75.07414988589699,0.8562116932740784,-0.0182557485907955,-0.0179546897530121,0.0124215229218046,0.050245422414259,0.8085092567792386,7.283710301564383e-08,1.0,0.0062830852838873,2023-09-11,57.0,15,0.0249620480106889,-0.0341565839082868,False,False,False,0.2857142857142857,6.0,0.4285714285714285,0.0040254551433494,0.3970656853698403
CL,Falling Wedge,bullish,1,0.7458674229357152,13,115,2129,2130,2025-03-07,2025,10,93.87415099990768,85.52385144956065,104.05140266732752,81.50294440420194,0.9926688915096312,0.0976370849630383,True,-0.0772549293649533,-0.0688330827997439,0.0132331349541616,-0.0173465644074972,0.0297916963693798,0.0155893337543002,0.0037192730692168,-0.0194502751102408,0.0159504415538216,-0.0065064866916875,-0.014728856253624,0.0185117585015648,-0.0013103053893523,0.0057389722456064,-0.0027854839739213,0.0005479786494004,0.0041735250948937,0.0011621913741943,-0.0457960178719545,-0.0139400699321247,0.0027971750409965,-0.0151476502216854,-0.0759651179027258,-0.0723237967916263,-0.0689523327196676,-0.0242306961101271,-0.0087719486243382,-0.0236357140974096,0.0064917394246106,-0.0536360907839936,-0.0412662044651975,-0.0248827392243367,-0.0279217423956599,0.0268340599854903,-0.0273331603101074,-0.0001509723040975,-0.0052208325450011,0.0464825406494648,-0.0097003972536982,0.002623516870065,-0.0061571745432725,0.0929743632599824,0.0230538277518197,0.0476919827020887,-0.0004278196772219,-0.0719646237070793,-0.058352146137092,0.0487500181029275,0.0097474756559043,0.0352227147705783,0.0037728865504309,-0.0207076718459444,-0.0061123736217235,-0.0351080757839036,-0.0308218213972704,-0.0100442351915397,-0.0131096229803789,0.0975956388198915,-0.0448784548956812,0.0555412221259494,0.1747232070069393,0.0387168890982709,0.0258909850115638,0.1872577735024445,0.0739543871265191,-0.0015202453601447,0.0482229661534288,-0.0652094722253814,-0.0845088547630897,-0.0625896985050464,-0.0583878607700935,-0.0514779968959766,0.009313137628675,-0.0431658993684299,0.0527903083460765,0.0200179418803965,-0.0130850443298385,0.0893272565986993,0.0802011754481393,0.0037244526091109,0.0612057031608306,-0.0300950399138758,0.0915530908645254,0.0112218937808195,0.045470104283031,0.0392332406762077,-0.0752668683167023,0.0672573473662576,-0.0044649935738589,-0.0604387364877789,-0.0708000274417717,-0.0737157508207733,-0.0638293491814641,-0.1172006687465059,0.0721398695004302,-0.0526909712964226,-0.0215215918020069,-0.0023092501646514,0.0667356027865209,-0.075152341961898,0.005175769463626,0.0634533585463497,0.0346433844107731,0.0234595431123223,0.0857334229158186,-0.060193044529847,0.0667356027865209,-0.0370274408085666,0.163559070231787,-0.0819311180581805,-0.0979174121411584,0.0148210071936505,0.081515088094527,-0.0612464793863369,-0.073228452626127,time,2189,60,87.8822250366211,-0.0638293491814641,0.0291761256845214,0.1018465253697464,-0.4843445072986244,0.2213918268127352,0.7728232511042379,0.8226563503476318,2004,0.7173133195348664,6,0.0610406040485927,0.2341547024289196,0.0178504189652002,0.0,-1.1823612120836806,-0.4650478925488152,0.357723350390014,0.147368361213859,85.52385144956065,81.50294440420194,104.05140266732752,2.277350667836349,0.0167946411097144,0.0874735953168885,0.0244100800801743,-0.1010871113723494,0.7090911865234376,-0.0048238158807908,1.0,-0.0501387207588036,2025-03-07,23.0,5,-0.0169021074376323,0.047567556759235,False,False,False,0.0,0.0,0.0,0.0716880301352529,2.0144740630546565
CL,Falling Wedge,bullish,1,0.7254437498662946,8,95,2303,2304,2025-11-13,2025,4,77.46173787398418,76.95479780185713,92.34856356200896,72.5530830300005,1.1825685755583994,0.0065875044390646,True,-0.0001267505556883,0.0191855476895108,-0.046378090592162,-0.0313537782430646,0.0225241811211711,0.0027312805120502,-0.0192007723579185,-0.0458463633770819,0.0304174224628057,-0.0272378931493324,0.0159360073060264,0.0134769144550632,-0.0487579466919865,-0.0299999790519768,0.0493520118133563,0.0123030690281995,-0.0266395392888271,-0.0199655402225507,-0.0364284234709078,0.0186171695766046,0.0094311761976348,0.0057546749499712,0.0074364703954579,0.0192722192934653,-0.007794921989668,-0.0708806432044003,0.0624384062816034,0.0007410897550321,-0.0318167238301574,-0.0344424822900553,0.0382388642192756,-0.0216406793566696,0.0427353444837561,0.0033032590830033,-0.0371725089266599,-0.0176624829249962,0.0037332249256665,0.0624482614758077,0.0057143810740518,0.0502121394637147,0.0492511741394641,-0.054969485695445,0.0323603392715423,-0.0045176454645764,0.0412887354543758,0.0133040908967486,-0.0067200305766168,-0.0313373962771217,0.0398417034925728,-0.0312351107930963,0.0353223325949396,-0.0790897885171987,-0.0022712241295432,-0.0475143703182768,0.0041399825258467,0.0034392830927201,-0.059826742170242,0.0446919563208167,0.0473887651372155,-0.0104518421993262,-0.0246292726677866,0.0393356556424047,0.0718858220900555,0.0164095906558594,-0.0381714486384426,0.0353755167933396,-0.0081630758714538,0.0006657494845947,-0.0085772047028668,0.0518574537071963,0.0061092359646943,0.0327492796940969,0.0569163524245908,0.0876719281426359,0.0111162573314809,-0.0507279885432585,-0.0409627322077318,0.0081944966624236,-0.0865922457506698,-0.0494035396891158,-0.0702003232915883,0.0930017181950728,0.0756807096415732,-0.0818638615831293,0.0375546923501024,0.0230272598556171,-0.044291270846827,-0.031738527661698,-0.0405126804170308,-0.0018330151023316,0.1009286646915825,0.0504216950124065,0.2158440937329677,0.1728241381619604,-0.0515492578422129,0.0798604795145772,-0.0403565270818158,0.0985752140942386,-0.0432179119369208,0.0198446041083215,0.1242955901560123,-0.0470894532504634,0.0637752071036161,0.0250366383014231,0.0045063486632979,-0.061449835078617,-0.1025945305594268,0.0793438303399378,-0.0940523010104723,0.0073657549290913,0.0830468495105067,0.0800208592482103,-0.0173621718240614,-0.0480130749372861,0.2078447781105699,target,2358,55,92.34856356200896,0.1921829550512135,0.2146960405501576,0.0368961263715738,3.032770924252476,3.3880419268146595,0.5822446597693093,3.032770924252476,2204,0.445542776164983,7,0.0537305971015501,0.0179993551102948,0.2759005510877945,0.0,-1.7918076200315756,-1.3462648438666005,1.149950101508124,0.0966495275259267,76.95479780185713,72.5530830300005,92.34856356200896,1.4156896331897395,-0.0838038808174493,-0.0027698311217079,0.0182945432835032,-0.1097415636785137,0.3563210326925767,0.0008909646461174,1.0,0.0172558164707947,2025-11-13,23.0,5,-0.1424926474135252,-0.1271876485938843,True,False,True,0.75,0.0,0.0,0.0798453015221324,2.2301451916406703
FIX,Falling Wedge,bullish,1,0.7058698791900643,3,53,687,688,2019-06-12,2019,2,46.71448629427848,46.78069401543979,59.745537707962285,44.42256299925585,0.7782459533512929,-0.0014152787288589,True,0.0316869318227717,0.0190400585828987,-0.0103682926102913,-0.0193106912501764,-0.0476684963784822,-0.0317407591670861,0.003938360897298,0.0028020541900937,0.0154025232196943,-0.0311283306146987,-0.0216490363009753,0.0227173218147316,0.065955311278842,-0.0562492749256233,0.06724746868292,0.0013299510805333,-0.0534307340779275,0.0434091688439974,-0.0259936440315208,-0.0041721232080981,0.0219215504911229,-0.0036405595568583,0.0347183434038969,0.0314812306971814,0.022902323292806,0.0408608550583338,0.0350789792203838,-0.1085395845517145,-0.0584882526153951,0.1138240015627263,-0.0780306335076671,0.2291770534478072,-0.0851826810413272,0.0539480379375783,0.0647480403725744,-0.1212280457766592,0.0433169714820447,0.0713652568855061,0.0580123057326014,0.0688276991478029,0.0794863625990736,0.0143766555279742,-0.1026806215164728,0.0213413956656547,0.087980114113505,0.0100715352099649,0.0732508898271866,0.0339776298556084,-0.0029630806777205,-0.0184971146191634,0.2767037745279346,-0.1774620471378458,0.075212396262382,0.1825055380890021,0.219110698053172,0.0698256757696531,0.1234350112156574,0.1478624028976587,0.0829299759788197,-0.0136183734770332,0.1010868275584866,0.0433282209907346,-0.0368006213504131,-0.0367435917099837,-0.2112875840226278,0.0344530983835569,0.0069442973394104,-0.0807890789799102,0.0339890685725981,-0.1602882370001945,-0.1798047170779597,-0.0466115293487657,0.1670166590056332,-0.1405040665864509,0.0748100235137736,0.0200104553716962,-0.346366707347473,-0.0364785023114494,0.20190990353753,0.0617009734635594,0.1178178427572602,-0.0910607192573743,-0.0802790095172416,0.2391676610094857,0.3517613992782897,0.200371561611603,0.2256721969294066,0.1163298689792462,0.1909429019520414,-0.0924329641519456,-0.1073228057491623,-0.2116109941571776,-0.2165987363959307,-0.2514971316035066,-0.0780753496179595,0.2274837469915298,0.0830437490867388,0.3371384824390866,0.0330829885571342,-0.0867090947844645,0.0636757464395276,0.0990671990813663,0.1508693972120911,0.0841609148511874,0.0785148811715528,0.0085868555505927,0.0801238253152483,0.2258243557601562,0.198699403059988,0.2738834405849033,0.0021175587056108,0.3333440294687335,-0.0840597820259487,0.3162442669874501,-0.333949567137657,stop,718,31,44.42256299925585,-0.0490623675188169,0.1041148958883942,0.1434160339858371,-1.0,2.122092780142804,2.923137248336674,5.685640283853895,632,0.7809347452697142,6,0.0955916268377812,0.1153674995547724,-0.237084480749198,0.0188679245283018,-1.1006712841296096,-0.3197365388598976,0.2563560289955359,0.2349335215753527,46.78069401543979,44.42256299925585,59.745537707962285,0.9557120617026378,-0.0572588238119632,-0.0629548468696468,0.0205261551271457,0.0518293854709126,0.3913025450504668,-0.0032967087288624,1.0,0.0176077332128805,2019-06-12,18.0,11,0.1827617541640231,0.0465850182441927,False,True,False,0.0,2.0,0.2,-0.0084944347444317,-0.2333969429307188
FIX,Falling Wedge,bullish,1,0.7480424787196905,3,40,822,823,2019-12-23,2019,0,49.29628733515519,48.7401604298361,51.397560443141565,46.85837367821057,0.9219674396510774,0.0114100343621079,True,-0.023697550225739,-0.0249106261637372,0.0171510393510128,-0.0210804086062481,0.0198023507846525,0.0671118572183613,0.1263399589758065,-0.0518182115456863,0.1084839514385451,0.1762054872243994,0.0924476909224558,0.0453172573381768,0.0133110055088205,0.0747104268946363,-0.0164773282422084,-0.0339196230256481,0.0672810251466293,0.0122612772992507,-0.0218025526611962,0.0073421773281403,0.057117186088794,0.0406241941105867,-0.0627179883032031,-0.0458282524606072,-0.0550981870992595,0.059513756311412,0.028156097630823,-0.1055771144767054,0.0377422705745185,0.1728824965456652,0.0373691107310141,-0.0175674202221779,0.176072059537621,-0.0165026232108652,0.1785028071419245,0.0086205543553512,0.0905002616115544,0.0384017918916181,-0.0388127556441046,0.0175951421285072,-0.0280445795602717,-0.0125783694769613,-0.0242565768254476,0.0170695375159881,0.134443117102184,-0.0835047306436896,-0.0158634446033073,-0.0477481143888011,0.1470653994567565,0.0090984881904518,-0.0120876361837863,-0.008682272464523,0.0712239738234832,-0.0680176194632313,0.0429183923766696,-0.1718402753236848,0.0430507375489364,0.095222911926984,0.0049807087683819,0.28812366617745,0.1747366903018317,-0.0623157054823223,0.1287197781842859,-0.0245901989878915,0.1382726528406053,0.0572998371565811,0.0761347030465879,0.0649669354735311,-0.0655775029716622,-0.0432822726004399,-0.0806419111931283,0.3272036308622295,0.2183810039594413,-0.0809361206309178,0.0173830486880346,-0.0414614448575018,0.2363055539061764,-0.0789636470569205,0.5940917159405295,0.026458594329455,0.113067380337287,0.0823954971945724,-0.0795297406319305,0.0758159481419018,0.0793105296719569,-0.064375995731623,-0.1326916269036281,0.1804916984092504,0.1170521238018855,-0.0819623832984556,0.0415760226536923,-0.1207628620397117,-0.3569993255324887,-0.0729149221445825,0.5902241131313093,0.0780672998828522,-0.0169235115624402,0.117547266203047,-0.1728008692607513,0.1578713523438648,0.4619674229391917,0.0099073569011924,-0.0990007669373138,0.1217678460306053,0.1589059194292523,-0.0498778333901158,0.3313073323213271,-0.0530065898057477,0.1203312378767245,0.2137261428298544,0.264654456911612,-0.1343054703819628,-0.1487369863779961,0.2669630934740425,-0.4679287661604161,stop,833,11,46.85837367821057,-0.049454305561994,0.0035254223787905,0.0540539285317255,-1.0,0.0712864600711299,1.093007533266554,0.8619144906960513,782,0.3674135033359597,7,0.0716569115894062,0.3433185535532934,-0.248488222357486,0.0,-0.7521018851359037,-0.3846883817999422,1.4495561317925876,0.0639948234220992,48.7401604298361,46.85837367821057,51.397560443141565,0.8771891503226611,0.0654417080989271,0.0327784137670847,0.0177872503380456,0.0212207686847976,0.614175049485917,0.0001988427407166,1.0,0.0380734990183411,2019-12-23,18.0,11,0.1939637809575594,0.1652351877746987,False,False,False,0.1,0.0,0.0,-0.0105168456356898,0.0695099500557635
FIX,Falling Wedge,bullish,1,0.7291340590420142,3,43,1219,1220,2021-07-22,2021,1,73.13893204147801,73.60403712697251,89.56968118767526,70.74650936518557,0.3416290739520503,-0.0063190159622923,True,0.0014713346202306,-0.0056823976122559,-0.0568260087057475,-0.092073736424687,-0.0151004450819953,0.0372238358432901,-0.0249871872220679,-0.0087074588928175,0.0572823592444557,0.0279744132136716,0.0028020541900937,-0.0463049690504561,-0.0192648487173392,0.0837677691237472,-0.046835304762919,-0.0710241722570358,0.1123596541389353,-0.0017451940261185,0.0095164935041314,-0.0112019201652653,-0.0024421047126544,-0.0009080601607361,0.0047960761663063,0.0105671786033521,0.0008761836759283,-0.0804368409257072,0.022955838754711,0.1861665510538181,0.0105671786033521,0.0607337862489059,-0.0578850575634486,0.0642389875508311,0.0117993397953726,0.0199309726985064,0.0365851989971415,0.0301667495936066,-0.0094501798124631,0.0361444049953267,-0.1360016867827009,0.0649768551536247,0.0259407568769454,0.010771228574872,0.1912683219391091,-0.0272478079892583,0.064604973229742,-0.0157242999462622,-0.0184147212006154,-0.0237630101977378,0.2285490616219976,0.070287474475863,-0.0038199709618451,-0.0034764192106349,0.0690286018976338,0.041515859999031,0.0527283684963331,0.0417091214718676,0.2782881063867708,0.0197177482736872,0.0371956986083095,0.095222911926984,0.0344530983835569,0.0471178626939468,0.0444205835239432,-0.0897982842718669,-0.0291665560217575,0.0693375829239502,0.0952286144542584,0.0308497971405001,-0.0748841842912419,-0.0687866721297245,-0.0808867158186215,-0.2335330622326235,0.0917228870268569,0.1787920255640827,0.1342913953289819,0.4529477119531759,-0.0320025476102382,0.0772109273101449,0.0379779020439967,-0.1782276647768725,0.3427988386865415,0.0830496116703325,-0.0540536284013392,-0.0660591678733563,0.2335759918735371,0.0828315758358042,0.0690879070079564,-0.0624675726634708,0.0325972164148546,0.2478684203860497,0.0942072689381738,-0.145417473953854,0.0768365414047471,0.0544869206448475,0.547411018512717,0.2665289753251303,0.2747031876005266,0.1910761142239878,0.2271029720685133,0.1473370484396401,0.4100688379231119,0.2259414166632551,0.3685854798327188,0.4113864392615591,-0.0764285978064832,0.1870441040351038,-0.1572444669883783,0.2527709182427744,-0.0444745793284765,-0.3588770957672972,0.3675361686684029,-0.0778867133047082,-0.0651648989295341,0.1279070226730887,-0.0844296261625354,stop,1224,5,70.74650936518557,-0.0327106591457428,0.0199301753885835,0.0576512637971258,-1.0,0.6092868780107511,1.7624610846348172,6.867828711463363,1175,0.7234124440433518,7,0.1186677850860228,0.0981010198292007,0.1376212057335581,0.0,-1.2854854546994074,-0.5620730106560536,0.318042535685055,0.150725121632269,73.60403712697251,70.74650936518557,89.56968118767526,2.250827386883776,0.1138159718583771,-0.0741354811784107,0.0310404138435311,0.2779864488551178,0.0622219509548603,-0.006951081765787,1.0,0.030430736967453,2021-07-22,21.0,7,0.1502438414614739,0.109760076825321,False,True,False,0.0,1.0,0.1666666666666666,-0.0424033835531809,-0.5056429576153011
FIX,Falling Wedge,bullish,1,0.6772761612732728,3,35,1589,1590,2023-01-10,2023,0,114.39008976606328,113.38679190992356,128.72348716677004,109.8814181041584,0.9640563756150446,0.0088484543855582,True,0.0252738354914254,0.0271606287340328,-0.0839060996086623,-0.0524057318643704,-0.0152731418189532,-0.0811976060084099,-0.033149146669389,-0.0290668732839484,-0.0740000513881541,0.0546442840084318,-0.0431149810396641,-0.0090774952345552,-0.0027810000538914,-0.0421657606894469,0.0309849077993609,0.004666245912648,0.0720776200014461,-0.013293941019096,0.0262868693767004,0.0361353748363844,-0.0509873962588359,-0.033371290009583,0.0422235961420249,0.0195807069247393,-0.0011212378407474,-0.0644672632202224,0.0291576754705198,-0.035379111173406,-0.0906742834713792,0.018488431628957,0.0361212610692542,0.2495780734880441,0.0363231437274946,0.0915186645013153,0.1655324996953919,-0.0187161852105196,0.1579582352555602,0.0190247841124056,0.0043986247216385,0.0238277188915332,-0.0467998177775623,-0.0851826810413272,0.0862398942167368,0.005555485478965,0.0027430853613792,-0.0096817048614996,0.0376954191251159,-0.0092668703544485,0.1717531284045377,0.030361108750591,0.0264124161394436,-0.058509014411438,-0.0866636715632999,0.0325581930802867,-0.0480872449867308,-0.050508991790094,0.0564630686093927,0.2698574443074621,0.2008270669941341,0.0870928356134168,0.250450794247647,-0.187675482499574,-0.0895779804908186,0.1856070743585047,0.0238700226921613,0.3540686916870397,-0.012464070165179,-0.008109224841113,-0.0196908890817025,0.252227635571989,0.2539358202263326,-0.2336873417939281,-0.0624675726634708,0.5686012771723816,0.1336633376208835,-0.1114258680125723,-0.0665065102840323,0.0870808616302736,0.0982599438315043,0.062767855327358,0.1272972845293947,-0.1603330821162344,0.1307147369840895,-0.1980322491902207,0.0019138531051805,0.0775426263107454,0.1537885040781599,-0.0218026348866713,0.5007106324545991,0.0207006453710965,0.1697712843765155,0.1882997563797364,0.1167277208170676,0.0695062658005465,-0.2476492966186586,0.1840050422781873,0.1687522064813513,0.2597799829675042,0.0459330674730262,0.2587237164926665,0.2988441984705783,0.2496008317376152,-0.0950337408872938,0.1501731859933017,0.0172713340421697,0.3175493162190825,0.3840117111692991,0.0143942093426392,0.2724845800679025,0.3112391774405103,0.3205803973562136,0.2521868006119336,0.1536307298088222,0.4898711931083965,-0.0735897113606948,target,1619,30,128.72348716677004,0.1253027900408128,0.208056601690133,0.0182868717992733,3.1790732338781558,5.278630853704971,0.4639585810459259,3.1790732338781558,1554,0.6308933453712628,5,0.0855049185362377,0.1590570396858837,-0.1658206696789419,0.0,-1.239896981317242,-0.6090036359459741,0.4491921986396586,0.0926169164912695,113.38679190992356,109.8814181041584,128.72348716677004,2.544319505792436,0.1522737907264162,-0.0399050991792753,0.0223446361103877,0.364309922880907,0.8859071055879042,-0.0047112265024107,0.0,-0.0023048235307066,2023-01-10,9.0,10,0.2403063002576935,0.109731767159823,False,False,False,0.1111111111111111,0.0,0.0,-0.0701353618187396,-1.7746515997365886
FIX,Falling Wedge,bullish,1,0.7870394292857734,5,49,1793,1794,2023-11-01,2023,3,187.3015900873749,156.80217740561875,210.0519272528095,151.07611045059025,2.7153677098279965,0.1945088594201067,True,-0.0213103113423521,-0.0463231710696104,0.0060330783856226,0.0344417775555618,0.0752256995645175,0.0376188313278516,0.0193799082434475,0.0146412291730124,0.0268565392774065,0.0366021165858265,-0.0822875846391101,-0.001043379158428,-0.1499098555868901,-0.0208796632957281,-0.0209386092804327,-0.0282661110030421,0.164445535966923,0.037469536963292,0.0029894736205602,0.0228929867694736,-0.0637048635351646,0.0351974310754856,-0.0286485152428614,0.0554572022780952,0.0013056396940946,0.0010072591364456,0.001405185630666,-0.0280445795602717,0.0380546226239078,0.0046828191264147,0.0748545944540481,-0.1111323373485693,-0.0081303135142775,-0.037587501672712,-0.0631734622884292,0.0259407568769454,-0.0014086230994466,0.0134071141573026,0.0617047233885981,-0.0569899617030201,0.161275339085325,-0.020214800592388,-0.1073189707889127,0.008809626111317,0.0210900511130638,0.0565456252212949,0.0249079483958634,-0.0449968442778108,0.3747425889149518,0.1729487266912479,0.1461378390322298,0.0365406626463558,-0.020231870048914,-0.0524932056952638,0.093645984441504,0.2105597457322994,0.3038491153241025,0.0295290477826251,0.0533656196091933,0.0515041434838021,-0.0096868142556731,0.093645984441504,0.0644013382196726,0.1434063153956852,0.0393340610412022,0.1253905759996103,0.0613497460820451,0.0897224426980061,-0.0754751539809459,0.0889183916969966,-0.0298332537812493,-0.0831785653162895,0.2445089790263439,0.2203665333691793,0.3958603560369151,0.0741219987171493,0.4161273934703842,0.0889285356257241,0.062767855327358,-0.0162037798325321,-0.1384288065865426,0.1318684574537161,0.155129146898771,0.0048296833060821,-0.0542819086785798,-0.1090956506661499,0.2124289503210161,0.0532689513822566,-0.211706273802779,0.3982816561001261,0.0025038133551058,-0.003486474578366,0.1763305514966002,0.0209076003610653,0.3815245759454884,0.493836811345117,0.1935845709920596,-0.0355746364484157,0.522963905247583,0.0160078187363326,0.3768388880813973,0.3231381039808016,0.0610706307903534,0.354107284902784,0.1136085933261359,-0.2233579747593143,0.2954476256841658,0.4251513158245514,-0.0058015658760491,0.2067990911824997,0.1894509758034515,0.1742225582482228,-0.0485046944663019,0.3307122842426779,-0.0309307566425768,target,1852,59,210.0519272528095,0.1214636627207581,0.1283621053810935,0.0310930260375198,0.6280203159086146,0.6636882847626522,0.1607645578705314,0.6280203159086146,1741,0.8155437139578992,5,0.0588847275466844,0.1038898386215758,-0.1203458644532819,0.0,-1.335784574668704,-0.5202408607108022,0.176127848272393,0.2184591536248749,156.80217740561875,151.07611045059025,210.0519272528095,5.932020132506531,0.1970109497181669,0.063909304059712,0.0323955784421014,0.2382016508351061,0.9847324909947062,-0.0019797474798451,1.0,-0.0047096500029844,2023-11-01,9.0,10,0.0110939251306156,-0.0279166053822564,False,True,True,0.4444444444444444,3.0,0.3333333333333333,0.1291533187594991,1.3857220571324234
FIX,Falling Wedge,bullish,1,0.6322615589566031,3,15,1912,1913,2024-04-24,2024,1,302.2829705342017,293.5551602061032,338.7472584339621,281.0336791792988,1.171477675283224,0.0297314151179313,True,-0.0086677003839094,-0.0110116545569517,0.0341151124568417,-0.0311283306146987,-0.0216490363009753,0.0214029663915895,0.0324120289419924,-0.032315201884524,0.0068500424403763,-0.0506234552178636,-0.0227770969823032,0.0389681199768812,-0.0148833666595489,0.0124654997929227,-0.0183724957014413,0.0661274534083806,0.0635119208937189,0.0275987461953974,-0.0370695071652725,0.0349243475136025,0.0448145229842751,0.1371756337118612,-0.02324509559297,0.1366799737882063,0.1006008475237765,0.0276645765467904,0.0056708271962988,0.1176970441758418,-0.0866725304760307,-0.0256063659399471,0.090458824041429,0.015504155200601,0.0246600103144749,0.0424434872663768,0.0158779473243109,0.0151935370153608,0.0221282937830193,-0.1081635949732827,-0.0080214522645254,0.0121503440331824,0.0348801468169162,-0.042710133196834,0.0172787050533795,-0.0047404732540139,0.0068679588221929,0.1280519084139292,0.0804856991467803,0.019085102740644,0.0644013382196726,0.1260864341966683,-0.1173461332851522,0.0526315439840867,-0.0566036219055797,0.028529183520124,-0.085991867585545,-0.013956153467192,0.125352951928908,0.0764875083288425,0.1787955600414679,-0.2840138258560211,0.0802915108285924,0.0047134823769403,0.0718771293854929,-0.101446165611037,0.3540686916870397,-0.0145076704605924,0.0274948731305773,-0.0001929041611562,0.0546521058819735,0.03941013723487,-0.054917970121382,0.1702375030989349,0.2924900100121275,0.1454269211805419,0.0022004025062312,-0.0714117969659418,-0.1143997938723431,0.0026264187924038,0.0489905685578684,0.017628320018328,0.1142673895602695,0.1397714385547797,0.0373832517227772,0.0496870461742535,-0.1111225021482756,0.113067380337287,0.0128022293207106,0.1067071792760629,0.0780122322522252,0.1014138144383602,0.2264223385137682,-0.0286998803316484,0.0444047822852013,-0.0703020772909113,0.2487286518838898,0.271966234373806,0.5132974884920956,0.1624327899423452,0.1659123814179501,0.3306799158851972,0.5926820407928186,-0.2156489776233713,0.0021896313309337,0.1350055446791265,0.2687085196613159,-0.0349242903874966,-0.0234891529679757,0.2747887199899868,-0.1636506446596376,0.151031198490203,0.4038323627400055,0.4225027406143491,0.0374026380123508,-0.0581144180447027,-0.1298618864459581,target,1921,9,338.7472584339621,0.1206296465702974,0.1351369041144532,0.0348019390835206,1.716023715367192,1.9223975106862676,0.4950769110749499,1.716023715367192,1896,0.5183604694832878,5,0.0492035422835209,-0.018518036195121,-0.0516976702185298,0.0,-1.2570947352624184,-0.7387342657791521,0.6719381929926082,0.0999716826949695,293.5551602061032,281.0336791792988,338.7472584339621,10.715710032517263,0.437109821658707,0.0313002222551352,0.0349772854238386,1.0207742490538632,0.1863898714062254,0.0252860873258715,1.0,-0.0258282518750516,2024-04-24,45.0,10,0.5163430047991497,0.2530577186217395,False,False,False,0.0,0.0,0.0,-0.020669736042965,-0.5948354637849674
COP,Falling Wedge,bullish,1,0.6283355964728158,3,20,962,963,2020-07-15,2020,1,32.99671102349813,32.80652722201867,37.64931518315146,30.469846285510314,0.7239704594914157,0.0057971329971131,True,0.0004149400204003,-0.0216933802480427,-0.0438706046056125,0.006754311179935,0.0740388185417975,-0.0354034861869972,0.0431250422748232,0.0188201705037134,-0.0111662492416901,-0.0914286203496502,0.0355506153958562,0.066167599969058,0.0138867700817304,0.0237584426383792,0.0472810935594547,0.0481197092680394,0.005384861674716,-0.0373039692271417,0.023838997366782,0.0622603841949636,0.0183901561917703,0.0311933263396182,-0.0145549284580769,-0.0228274369705719,-0.0394949066280961,0.1192610988790625,0.026881535321479,0.020313700852045,0.0476081094072702,0.012964809373837,-0.1107239716327526,0.0299354441382648,0.1307378609879039,0.1306903732979916,-0.0983391753935447,0.0625718460481075,-0.2229914436255476,-0.0325468513329521,-0.1734486882970378,-0.0015571398000969,0.002229507129595,-0.0199275301075161,0.0876655108484851,0.0020331556549919,0.0127902774542734,-0.0241348584307649,0.0192534458850661,-0.0359392460374565,-0.0023019020550892,-0.0404095880707033,0.0861275276114057,-0.1311395488578256,-0.0231877881477045,0.1095259305984432,-0.017216592331079,-0.0909447386011202,0.1986147490445642,-0.059509895026262,-0.1389684297944423,0.1721283202378736,-0.0853163357128563,0.0150313635374026,0.055233344395378,0.057646227979379,-0.0839795358229485,0.0224402348285133,0.0961035041320621,-0.4525800788820792,0.0348886074319206,-0.1945791045469684,-0.2386709275675831,-0.1640611265704039,-0.1116929219417359,0.0767850684160627,0.3417583126451722,0.0627021475251248,0.2155495226793973,0.1261419638601053,-0.0798735079559485,0.0851383654200856,0.0354115312790919,-0.1085543805955794,-0.169874858770508,-0.1428593797431134,-0.1067799981597293,-0.0645995697845615,0.0711526735755758,0.0051099842412873,0.1528146172464306,0.1055011481026249,0.089084842317592,-0.215521826236317,-0.1307228576071192,-0.2100443049119867,0.0595049126244666,0.037103464421194,0.1405234734991727,-0.0031438755370312,0.3697707023156567,-0.4868373484792396,0.0746861048727407,0.4824917448102648,-0.1173202126851671,0.0374917323325652,-0.0555174999177383,0.0366181428954599,-0.0419777059826408,0.1020595935230155,0.0781817479292965,0.1241512875344732,-0.0157972185507969,0.1344725869833098,0.4154504596898956,-0.0126417592456868,-0.1986863742587797,stop,973,11,30.469846285510314,-0.0765792910750512,0.0295292133040344,0.1216704498697757,-1.0,0.385603116580101,1.5888166129735135,1.841255722836307,941,0.4689663948705406,5,0.0577579815348875,0.0606799821675116,-0.0861463240465574,0.0,-0.8933202309099862,-0.4243538360394503,0.919114055599772,0.1408367976461809,32.80652722201867,30.469846285510314,37.64931518315146,1.373389355117384,-0.1511731428824936,-0.027144454322566,0.041291995868331,-0.3501115071503214,0.4160584957829429,0.0213025474065979,1.0,0.0329318336875767,2020-07-15,10.0,16,-0.352337230555152,-0.1391123218778301,True,True,True,0.8666666666666667,4.0,0.2666666666666666,0.0285218066500537,0.4905112985913153
COP,Falling Wedge,bullish,1,0.6278341893400139,3,32,1159,1160,2021-04-27,2021,0,42.63854074373764,41.11938183379715,49.73744638449159,39.7280813348317,1.0100204687887435,0.0369450814236671,True,0.0168278617683848,0.0220693722323293,-0.0113058857872638,0.0112927711161241,0.0159741989246138,0.0991677213460533,-0.0131772803377838,0.0414668011078591,0.0052543939282483,-0.0458801918225384,-0.0727361344816924,0.0077724750348642,-0.0391351637454834,-0.085596677236465,-0.0428364947992953,0.0078963324888283,-0.0847048020719068,-0.0092250297373762,-0.0378253285404431,0.0287273170028992,-0.0075757573867433,0.0573037419607909,0.0255850114202203,0.0777561373593365,0.0863724023531874,0.0488712777097002,0.0145684636826073,0.0333805574723731,-0.0342062532873066,0.0839065491883814,0.0475131821475722,-0.0938014771087545,0.067674601424432,0.0781214030639423,0.0695123491793308,-0.0967397357997997,0.0362286810610597,-0.0045564210075266,0.080884510668699,-0.0367319082683242,0.0706356803381056,-0.0329650210269265,0.045007749326082,0.3099901407806151,0.1031516262134455,0.038233839571451,0.0697684390158006,0.0687390311371511,0.1259844681431241,-0.0262794686602427,0.0366864144587752,0.0146563703642941,0.0258989586202567,0.1033229239428386,0.0299937273195811,-0.0805508080278221,-0.0886407079651048,0.045136625236783,0.0868782741097149,-0.0343316588782578,0.078858275344235,0.0861275276114057,0.0995286956459968,-0.054998618309716,0.061980071671277,-0.1744052082095976,-0.107121373729953,-0.0052966643750866,0.0585970478001755,0.1843867480606134,0.1696129894355065,-0.0496511389730565,-0.0703274748937468,0.0054583522346316,-0.0096311758270124,-0.1186547804575434,0.0719148431386627,-0.0458819143117221,0.047273956062606,-0.0444478087150492,-0.0383503818437619,0.1518889632463014,-0.1357478818914378,-0.0468830388546117,0.0595875265076537,0.0953795498983334,-0.0109284609017348,-0.0638568225150674,0.1152213346683252,-0.0208178104505611,0.1888648409434337,0.1803662142073812,0.1046610515352599,0.0590069795799588,-0.0127982319300308,-0.0397964963516825,-0.056671544509091,0.041573280862337,0.0130737538284966,-0.1429207787613021,0.1087907896160558,0.3080933637698475,0.1662124446405235,0.0476762448807457,0.2480121680623783,0.0235247207355968,0.2349842859341611,-0.0874614476257414,0.0043739590873226,0.4183072635646725,-0.0795654167992829,-0.0424000308737082,0.2451250539218514,0.223656922311453,0.0235715363170298,target,1185,26,49.73744638449159,0.1664903516144973,0.1695722902949774,0.0141197743322341,2.439101407506818,2.4842521378675464,0.2068561998545987,2.439101407506818,1127,0.7023908988349243,6,0.1865726707827415,0.5083559885750881,-0.1939182288610959,0.0,-1.0691841029196274,-0.3667932040846983,0.2457450708022932,0.1429336643506765,41.11938183379715,39.7280813348317,49.73744638449159,1.1917359173546684,0.2296177390258114,-0.0318927829425953,0.0281676677811801,0.5910001067986714,0.7272732122945244,0.0037810902314119,1.0,0.0549294577392458,2021-04-27,2.0,16,0.8958401326948373,0.3480910462724527,False,False,False,0.0,4.0,0.2666666666666666,-0.0419984220149686,-0.4135864132911102
COP,Falling Wedge,bullish,1,0.6597615319567448,13,119,2023,2024,2024-10-02,2024,0,103.96432800371484,102.50750936873436,124.63247307288236,92.65825040955372,0.903748874034748,0.0142118235429962,True,0.0024390590345868,-0.0147987005202807,-0.0166141814679583,-0.012763009936198,-0.0246737972059635,0.0615197632472528,0.0051058767044702,-0.0335518301793161,0.0334845118799851,0.0093905646681573,0.0174274407904841,0.0274427653485631,0.0405852774610566,0.0373669849593136,-0.0027846740547331,-0.0565908899893866,0.0368609956084533,0.0157990275507053,-0.0024326622247994,-0.056980283456247,0.0237930317411096,0.0558077069151048,-0.0054705718834158,-0.0500451154737964,-0.0763775580964734,0.038544001064585,-0.0127077456400985,0.0006715815954811,0.1306903732979916,-0.0453758335901774,0.0492292890898093,0.1038290802799986,0.0802587869344233,0.1227404842491028,0.077231766486395,0.0071762004296005,0.0802587869344233,0.0180519872135351,0.0853370485221272,-0.1145766739052727,-0.0074187799659568,-0.0206798598614222,0.1227271285740041,0.0293860247908359,-0.1204330929039879,-0.0812921431535663,-0.0697379821634395,-0.0920341987536325,-0.0067511566579554,-0.0046073056049438,-0.0570325694890408,0.1582456535741456,0.0163494309280392,-0.0997576010526999,-0.050067439424426,-0.0020558844872629,0.0371251125181351,0.0100938841291127,0.0446594664461543,0.0063742266303292,0.0453443743073269,0.130815801718281,-0.028869441975025,0.0314445873716489,0.0390295264426869,-0.0527085874362442,0.0037150604731668,-0.0440882987441376,-0.078600924146804,-0.0231215041971615,-0.0785890125314723,-0.1518445633385364,-0.0157345610653295,-0.0492964995906839,-0.1762724052025051,-0.0555553223697781,0.0040949651565791,0.047273956062606,0.093367692087863,-0.0042015314719935,-0.0139291806914401,0.0768490081366679,-0.0283731033841981,-0.025057842462861,0.2875921922434314,-0.015133789760131,-0.0468830388546117,-0.0850049647284415,-0.0254292585915081,0.3150570312415728,0.0322303503105383,-0.0313089608835235,-0.1183624865996343,-0.1706268361176098,-0.0789139999659306,0.0133853838843982,0.1626567579200231,-0.2157660474320778,-0.0423148131003665,0.4005711854122418,0.0482027239083215,-0.1207981486591799,0.3788692596240068,-0.0816895398652849,-0.0587697621809532,0.0009473494130298,-0.1143220986933492,-0.1120926914088917,-0.0191319982139751,0.2242351713847197,0.2170509136135634,-0.1278607230462651,0.1419985412126878,-0.1039973885949698,-0.1439754903602217,stop,2076,53,92.65825040955372,-0.1087495856632395,0.0495598921491197,0.1199087985428856,-1.0,0.4557248825075053,1.1026138427249033,1.828056184564072,1904,0.4317071338370253,6,0.1009166743259687,0.1487084974337644,-0.0513589337870878,0.0,-0.9934349484181834,-0.561727814581158,1.0244038407803095,0.1601191280587572,102.50750936873436,92.65825040955372,124.63247307288236,2.6705531674769034,-0.0311759215511685,0.0180599768647815,0.0257663453211402,-0.1501524662981417,0.5803286889961782,0.0174635784239844,1.0,0.0356742499699196,2024-10-02,24.0,21,-0.0335499667845058,0.0462757751363041,False,False,False,0.45,2.0,0.1,-0.026944144227465,-0.5935002671534011
CMCSA,Falling Wedge,bullish,1,0.7064959773031173,13,212,1387,1388,2022-03-22,2022,0,37.897246936403285,37.70213657902518,54.5071409560837,35.139918999839445,0.6367618998552943,0.0051750477580798,True,0.0133612783151269,-0.0193967539547441,-0.002255377765832,0.0165978818750744,0.0681224428675772,0.0035077367682008,0.052023092991144,0.0161041605240088,-0.0059003180027134,0.0015929215557375,-0.1113478802254911,0.0001787852967087,0.0084812530279048,0.0126647829208057,-0.0458613910762323,0.0267107916837663,0.0046496483763538,-0.0226344478495107,-0.027352442797491,-0.0514703904466088,-0.0238155638276174,0.0150445715628184,0.0166092654421966,0.0210002863933151,0.011781474637289,0.0023453614404809,-0.0297713412098445,0.0110468176676112,0.0273586564662124,-0.069802485852818,0.0685913245461784,0.0166781393591508,0.0945677860288634,-0.0825361368288291,0.0357811659069009,-0.0173574171965844,-0.0202686000377079,0.0851883125431027,-0.0276670772502596,-0.0396859325266722,-0.0264335443606228,-0.0144219220160961,-0.0428455589005215,-0.0018613755622463,-0.0020231504341899,0.0226561353042097,0.0109757617458161,0.0158986562854989,0.0801866766828296,0.0159459377400219,0.0009082966475733,0.0508682402024032,-0.019788010115411,-0.0619492787869452,-0.0101912646291355,-0.0046281922511659,-0.0200399747713032,8.728225258480826e-05,0.0356572871773435,0.0075801319363544,-0.0077883174700632,-0.0285816303927395,-0.040631559442898,-0.0939452870725375,-0.0832265584454884,-0.0723737919384162,0.007462785040919,0.1248167076201853,0.0169572877466106,-0.1014258653799392,0.0217533998756231,-0.1316273342814035,-0.056058358060818,-0.0783104895245609,-0.0268714941233902,0.0381370635567408,0.0777521202669717,0.0168603326998979,0.0926719547712309,0.1713461699753655,-0.0218739215921457,-0.0487689616874276,0.1154223020834941,-0.1325273206195509,0.0506890350658522,0.0960908367748336,-0.021946766459155,-0.1382982639642543,0.0621577572886355,0.0156467589735074,-0.1450725984602858,-0.0981968065141161,-0.191432686928524,-0.0118440272090208,-0.2133264696571848,-0.026128289164279,0.18201040398906,-0.090656288885792,-0.0323528858400553,0.0779311261297757,0.1702330041486526,0.0366080133114099,-0.1341398286550753,-0.1917176245071155,0.0683201382689133,0.0503429698827233,-0.0484504811826612,0.0881618287810774,-0.2665020170679144,-0.1243918370960921,-0.025185654217954,-0.0748775696789258,0.0133949521308767,0.0601705264871135,-0.1674048877873516,stop,1413,26,35.139918999839445,-0.0727580011601108,0.032730900750397,0.1306461719145562,-1.0,0.4498598123712818,1.7956261831198042,6.02390952466087,1175,0.7137095249493918,7,0.1009485082265092,0.2796936518576074,0.4845937543366319,0.0102564102564102,-1.3208373557145727,-0.6071278307651813,0.2821663542847213,0.2707282724539468,37.70213657902518,35.139918999839445,54.5071409560837,0.8893006417590955,-0.1109395135294344,-0.0179564839388201,0.0234313217208333,-0.1497740500346652,0.4716999969280842,0.0100704404883185,1.0,0.0498562537237108,2022-03-22,56.0,7,-0.0566371381455732,-0.0379732103997313,False,False,True,0.3333333333333333,0.0,0.0,0.0452392913657811,1.5260098234091732
CMCSA,Falling Wedge,bullish,1,0.63286515931178,3,24,1636,1637,2023-03-20,2023,2,30.422530144713345,29.71399378545493,33.97421220603502,28.62973961197784,1.1944803489406235,0.0238452078968005,True,-0.0100628714192078,-0.0081749889153861,0.0070440712402486,-0.0032071225906076,-0.0338502434808727,-0.0036589320426605,-0.0218603714523528,-0.0298956902874422,-0.022985660391339,-0.0077570843643934,0.0356946573802576,-0.0389992525976758,-0.0141751741761245,0.027862436487116,0.0162305453596551,-0.0257278383494913,0.0177325902754856,0.0449009744353436,0.0438163557354833,0.0112513419107367,-0.0677764080603101,0.0140637457731356,-0.0074980184594174,0.0337229383961548,-0.0007902502616727,-0.0718685864323136,-0.0151107112058933,-0.0837898089511991,0.0160457737549126,0.1027448456405013,0.0408925244139,0.0588809442149473,-0.0773554931114867,0.0362469021276252,0.0106157271624487,0.0519994549038815,-0.0013063177990835,-0.0723490727073017,-0.0499405934813173,-0.0577483479394301,0.0158821386868239,0.0282020773185607,-0.0551146651483138,0.0412297153974821,-0.0144219220160961,0.0385362091547224,0.0487959462647842,0.0060761246199703,-0.002137431981744,0.0630793577937716,-0.028194125362383,0.0421700599167673,-0.064734361092245,0.0539405187876829,-0.0300506966129286,-0.0977473828429886,-0.0690214636375474,-0.0153724950476553,-0.0184864258120435,0.0906756818923193,-0.0533770522150609,0.0931204149123938,0.0728340214723213,0.0022654704440985,-0.0031223602086715,0.0611839103991203,0.068975143917376,0.0200764017691725,0.0394920869401964,0.089081353964983,0.0563303026857699,-0.0782537070382637,-0.0033915389511507,-0.0765286161782151,-0.1186000809371371,-0.0302479818948897,0.0023392832821735,0.0194902585580429,0.0566761783361842,-0.1061382666295152,0.0471043247520501,0.1008935503196051,0.1153680081721804,0.1191621206176103,-0.0695976920943594,0.2047202693267864,-0.0925742528238,-0.1244735265280115,-0.0506189468847702,0.1395722215436496,0.0513683569807006,0.0837678558685395,0.1192272443117092,0.0186834480618205,0.0236755046896195,-0.1665481112132472,-0.2075080928474573,0.1133928763782201,-0.0834861532244747,0.2739740070336791,-0.1481468303288321,-0.178460473111934,-0.090656288885792,-0.0273911477132,-0.0324975814212517,-0.0094183279308778,0.085281119776776,0.165618929249832,0.1072198926777632,-0.143154862060879,0.0561891715245006,0.0234871576042856,-0.0289236063199438,-0.1725010523233193,0.1412199377340359,target,1664,28,33.97421220603502,0.1167451242361203,0.135122222710839,0.0405224263171181,1.9810914864116265,2.292939313645762,0.6876401418119992,1.9810914864116265,1610,0.5539795080807728,5,0.0643082721190583,0.0002641153726037,0.0591034470882476,0.0,-1.5887747143722784,-1.0347952062915222,0.7299075495652119,0.0819493028962719,29.71399378545493,28.62973961197784,33.97421220603502,0.6802196851931838,0.0084268685828374,-0.0439274117038562,0.0225677569170748,0.0730000463077198,0.7105291345329908,0.0044408175699859,1.0,-0.029507695939129,2023-03-20,54.0,11,0.0987542288604723,0.0341527502001128,False,False,False,0.1,0.0,0.0,-0.0194246121618991,0.0044401047370654
CMCSA,Falling Wedge,bullish,1,0.6064704202783938,3,31,1778,1779,2023-10-11,2023,1,37.47187609390575,37.10588719489584,40.099030844484616,35.64702393561981,0.8576931931635073,0.0098633647293642,True,-0.0072170709953094,0.0082079828372121,-0.0205976432544239,0.0179158118554592,0.0638715119383017,-0.0487404879890911,0.0471872686267837,0.008342886004685,-0.0057402828755812,0.0987295324180126,0.0177431707905197,0.0498052959256862,-0.0134832168304799,0.0228508224730203,-0.0272489389654326,0.0293138236391414,-0.030357151363149,-0.0670351831464373,0.0157049656609371,-0.0106124128990902,-0.0304329522188809,-0.0069686584748337,-0.0127294790610668,-0.0358593607964119,0.0085393497262,0.0346180011951113,0.0261317792087623,-0.0039498057272721,0.0008414159603913,0.0089158187176037,0.0855483318562067,-0.0119443370743049,-0.0548013999652436,-0.0021614741854362,-0.0320475476932831,-0.058418272574246,-0.069802485852818,-0.0161061681293678,0.0037504856680503,0.0301916259130146,0.0276444540131939,-0.0591802604757928,-0.1318983168310192,-0.0516909682126625,-0.033248049409795,-0.0204790021164665,-0.0635993829400182,-0.0642859997151731,-0.0087583879710355,-0.0002487635862366,-0.0776976470091355,0.0015379374699815,0.0559902547384094,-0.0696353604885205,-0.0550812166890991,-0.057745954638997,-0.0892017983320376,-0.0749124146010635,-0.0141540675467344,0.0966642982387728,-0.0433317555608813,0.1057898141379272,0.0010970955851923,-0.0295254689672769,-0.0293876022435848,-0.0219946393428703,0.0400827674594468,-0.0074500557710248,-0.0497012346840798,-0.0489397476906942,-0.0976409879092427,-0.1528075032817041,-0.1312919433733487,0.0404302260148869,0.1162042719072229,0.0606320370031945,-0.1273838900580964,0.0013802291893609,-0.0215833048602526,-0.1150424752515967,0.1737090849136489,0.0610687015931836,0.035034364016508,0.1361160841510034,0.0474125460059648,0.0063854902346256,0.0563479555768995,-0.0404971778232845,0.089081353964983,0.0382611912166952,-0.0137758570742014,-0.0619238168939788,-0.0071914169899287,-0.0977608083847778,0.100149190908501,0.0162204866666979,0.0808768333057823,0.1377955857312864,0.0505866898312081,-0.1341398286550753,0.0685798619744859,-0.0913956124384488,0.2259682940813911,-0.1790938749780269,0.126523487618785,0.1714293675968381,-0.0838756391676555,0.0401326941890585,0.1329581365443484,-0.1792419632501397,-0.0111621501521438,0.0679139511939626,-0.0945828131044045,0.0844051186866201,-0.0336938078190823,stop,1789,11,35.64702393561981,-0.0486992472357881,0.0081190257019198,0.1186287382644931,-1.0,0.1667176837992961,2.435946036088114,1.439653474748621,1746,0.3429449413027766,5,0.0688363405009273,0.0803043335207298,-0.1970042832465676,0.0,-1.2157096446043685,-0.8727647033015914,1.727796092906447,0.0603308419044859,37.10588719489584,35.64702393561981,40.099030844484616,0.6607681961453338,0.1006529591497626,-0.0169439690922617,0.0176735703044333,0.1913721464012461,0.1785738513572302,0.0038225618530718,1.0,-0.0193746781824096,2023-10-11,54.0,11,0.0817265355960459,0.0431863775153456,False,False,False,0.1,0.0,0.0,0.0310339671039121,0.4456029729466396
CMCSA,Falling Wedge,bullish,1,0.6203686718640673,3,18,2239,2240,2025-08-14,2025,2,29.52561309117912,27.73601413633253,33.91468316377768,27.513178457701542,0.8725382966982782,0.0645225714859412,True,0.017257019651415,0.0334182305648448,0.0294169909954236,-0.0263249420384616,-0.0792019397035933,0.008884780538138,0.001620701591749,0.0084289201480225,-0.0087636639531836,0.124671858382551,0.026370533220313,-0.0208758691446068,-0.0186119384197652,0.0150277169384671,0.0355028830053998,-0.0322351030168379,-0.0426167999826296,0.0225922824232376,0.0487273862022683,0.0097619743488588,0.0096851335348944,0.0088887548953187,0.0112095366531368,0.0163487464956797,0.0118130910090608,0.0103245451267526,0.0314961773567559,-0.0128942034141372,0.0216671387082965,0.0414811921606863,0.0315811645514718,-0.0330316716209004,0.0228349990051761,-0.008465981046313,0.0316888785911118,0.007398918671621,-0.0368051450807919,0.0474772979195912,-0.0096322543023147,0.0318398894054718,-0.005540734257785,-0.1057241196816337,0.0292005971713598,0.0032806065776762,0.0347515798479538,0.0097023027111772,0.0009082966475733,-0.0167698064309107,0.0501761356124663,-0.1056368599378855,0.0646257756749197,-0.0104148691715422,-0.0879162230070356,-0.0002730238487954,0.0373699661387474,-0.0484506871748234,-0.0995260527611598,-0.0724395815421422,0.0118642768280259,0.0174949759094149,0.1360336698477049,0.1070593855328096,0.0293749547081068,0.061431627468552,0.0037407292575288,0.0287021973058294,-0.0067111521390128,-0.1221460551655519,0.0011903371707654,-0.0986164126899944,-0.1123014562740074,0.1515816885695062,-0.248841987381688,-0.068222164745432,-0.007538279488332,0.0200786880025052,-0.1061002014752602,0.0833183292667998,-0.0861518185885947,-0.1129192929653424,0.0866696528525821,0.1175624952967027,0.0386430485002373,-0.1187570908061265,-0.0718472391105824,-0.0921371607540275,-0.0264717533507229,-0.0819012501582521,0.0609070322054416,0.0409450060730258,-0.1124954763337429,-0.0719325239704292,-0.1631758355216396,-0.2047246945344748,0.0412105017967225,-0.0649276122838031,-0.2115792085276612,-0.026128289164279,-0.015413103929565,0.0974894475262979,0.2475189369074488,0.0520128883955275,0.0662934107473993,-0.0274778816040315,0.0451889591079985,-0.0667375673915288,-0.0596337421243629,-0.0155486176367591,-0.1684267087902183,-0.0632098120440683,-0.020201701714511,-0.2254333642042333,-0.0994391944692305,-0.0629535749710766,-0.1343060238029429,stop,2273,34,27.513178457701542,-0.0681589448206512,0.0429911931525468,0.0704673989647163,-1.0,0.6307491007331605,1.033868689577567,2.180975222541295,2219,0.8810378471475331,5,0.0303817746544849,0.0141349518827198,0.3190042758760312,0.0,-1.7581043630933515,-0.8770665159458196,0.0719680743593471,0.1070056972277353,27.73601413633253,27.513178457701542,33.91468316377768,0.7004369739413977,-0.0859670164391934,-0.0388899473005728,0.0238167665873632,-0.0400381743453654,0.7142857142857156,-0.0063751770365425,1.0,0.0269251124246121,2025-08-14,28.0,5,-0.007672005539055,-0.0262155669516378,False,False,True,0.25,0.0,0.0,-0.0210738576074045,0.0200260993941111
CMCSA,Falling Wedge,bullish,1,0.6005953933484705,3,43,2444,2445,2026-06-09,2026,1,23.756316706304684,23.33810205777513,34.865820661714565,22.530150293492795,0.7686797689931504,0.0179198225928669,True,-0.0174418407153019,-0.0405400841413775,-0.0205782476019382,-0.0682447732452029,0.0026442734284937,0.0197101001462358,0.0144848900070599,-0.0063077427458617,-0.0055832388869855,0.0132311792304431,-0.0547909022969438,-0.0224687043651977,0.0574919888597844,0.0049373135331172,-0.0141058670173263,0.0093853836799389,-0.0533832743763494,0.0409408606990902,0.0009363218782068,-0.0279783150609342,-0.0242943276701522,0.0226592787576827,-0.0118761505629599,-0.059800698287021,-0.0621718417804076,0.0275512783543157,-0.0557885121667837,0.0128342515296031,0.0223553644567429,0.0365924795030672,0.0016033163432238,0.0591328109061854,0.051606055942267,0.0376472771222811,0.0262342525734933,-0.0154703043988465,0.0506421659827023,-0.0263802200753962,-0.0043348986249275,-0.0614568282995042,0.0530973492836084,0.0101061731959171,-0.0339964386048193,-0.0076419283777166,0.080204967127841,-0.0730276288756837,-0.0171035068212879,-0.0447239917041728,-0.0793994548828778,0.0051020102795737,0.0707392769609998,0.0503778489677937,-0.0481523479156821,0.0712457101298824,0.0606741425247008,0.1159344406242086,0.0444210582202093,-0.0643256203548932,-0.0602379478584294,-0.0712890197222814,0.0178170053697486,-0.0310711559216326,0.0510291511745049,0.0453782158666249,0.0743994023174277,0.0068995401682403,-0.156556190086922,0.050924157560102,-0.0247990179923528,0.0595076832602625,0.0088525446202727,0.2598280978615419,-0.121770043189019,0.0815822062475011,-0.0315551567766548,-0.0951419505842957,-0.0707724078696394,-0.0584334883237721,-0.0338941348789738,0.0204353530674294,-0.0156643039171489,0.0375776361397108,0.1378510020703971,0.0109703572112898,-0.0405928199591018,-0.0313765574738835,-0.0079766684816283,0.1222046634508939,0.0776723219206478,0.058962658633124,0.0955915775265421,0.0397327661265145,0.1218068839542638,0.0648496936669593,-0.0693883775185026,-0.1444456135192188,-0.0966990160078307,-0.1018993399271924,-0.0667973412550511,-0.1726405315255692,0.0855834612102512,0.0057959631305364,-0.1912267587264607,0.0265221515559195,-0.1702014280852612,-0.0770873112050636,-0.0747591941735674,0.0883962076754942,-0.02473663883104,-0.0143870569266927,0.1261446183700645,0.0706570505886774,-0.0345653873377803,0.0696327807959429,0.1601119720398811,stop,2450,6,22.530150293492795,-0.0516143317994441,0.0228404999502963,0.0635382156221577,-1.0,0.442522438129139,1.2310188547833143,9.060355788031387,2400,0.8547251529001811,5,0.0157656976472943,-0.0887150427002119,0.0877484225680784,0.0,-1.409136844060764,-0.5544116911605789,0.1155496815060656,0.2845079457786472,23.33810205777513,22.530150293492795,34.865820661714565,0.615894215571956,-0.140466116633218,-0.1029975271174293,0.0261755067829135,-0.0462961466881906,0.5641038181080162,0.0004209072538192,1.0,-0.0030433968576589,2026-06-09,56.0,4,-0.1144144090904066,-0.1173098026430461,True,False,True,0.3333333333333333,0.0,0.0,-0.0728021285791222,-1.2536602787164397
CEG,Falling Wedge,bullish,1,0.7229009057085872,5,50,257,258,2023-01-27,2023,4,83.46070156078058,81.51126773977211,98.91746248841685,77.57911897087844,0.9633478783050582,0.0239161268750243,True,-0.03165734018661,-0.0553663104526676,-0.077682719819513,0.0791446210553679,0.0874300541731232,-0.0004146885947826,0.0634129535892107,-0.0419892116475332,0.0212621861336457,-0.0089025209560873,0.0719894638314049,0.0364102444700424,0.0860629423776935,0.0217248866810537,0.0226686425670945,0.0121415551836316,0.0283086242868089,0.0884333084788464,0.0100819343565197,-0.0068273741841571,-0.0329349132793419,0.0303091743187535,-0.0561887983376991,0.0103587334076209,-0.0026502120784452,0.1246531484582711,-0.0128590162677972,-0.1123019889285065,0.0273231224938801,0.0778044898767535,0.0567985752735169,-0.0108261482406069,-0.0310529598074796,0.1319638411373791,0.1059603115052165,-0.0285640162309915,-0.0173448109714791,-0.0302915653832346,0.0245078757520387,-0.0876984638788519,-0.0455717787368682,0.0960793884836044,-0.0148919444791201,-0.0269242264245287,-0.0173788738817994,-0.0001105145798488,-0.0846137236563222,-0.0720267893367788,0.0727459398649501,0.1195107492588907,0.0145991925661455,0.1209533185246272,-0.0622661991320742,0.2455994633986349,-0.0074418278519269,0.0284625205887498,0.1069530478046478,-0.0146610341459152,-0.0878877775580496,0.0284625205887498,-0.0752740733749212,-0.3030988163587266,-0.0579718097019104,0.016687473256316,0.0293094443090959,0.0659064541651677,-0.0514868697950905,0.0562455015593157,-0.096881084554656,-0.1208226939321223,-0.1089140936899442,0.0441459172949676,-0.0159485252221361,0.4781916461718856,-0.185291970460151,0.5494920371219372,0.3782091823703652,0.1285667774134768,-0.0381277426004044,0.4055099587063193,-0.0681097753264946,0.0859069315900364,0.0187099176768785,-0.2237487707364964,0.1850516136459734,0.0846852904428654,0.5063058532930858,0.1398353755788475,-0.0060937170761037,-0.0777077687062487,-0.0241329827758449,-0.2390951563522602,-0.1014334445466875,-0.1134238984744713,-0.1382169246275124,0.2435965635007686,0.2018873217395247,-0.0196619838858181,0.5673337704217327,0.1077695309930188,-0.0836067144452616,0.0663874167765448,0.1719359556322761,0.6654039218244434,0.1974255307436088,-0.1049748143740789,-0.069371746040197,-0.0530104473519122,0.090380659983251,-0.1145224158014871,0.4227856579527136,0.0910078183255604,0.3348203851096312,0.117520733972535,-0.2361779555691546,stop,274,17,77.57911897087844,-0.0704712814523713,0.0232776492792823,0.1108005962886872,-1.0,0.3303139775457998,1.572280140294778,2.627993518984732,203,0.7325987990365255,5,0.0385080191921753,0.0985066125997713,-0.1179778628865652,0.0,-1.09515527975063,-0.362556480714104,0.3377035306211848,0.1834525375847215,81.51126773977211,77.57911897087844,98.91746248841685,1.943247830573869,0.1414854815355772,-0.0207388443400498,0.023105892481307,0.3449116688349027,0.956043126865416,1.658632675649585e-08,1.0,0.0770456678832818,2023-01-27,,0,,,False,False,False,,,,,
CEG,Falling Wedge,bullish,1,0.7022926524500844,3,58,1124,1125,2026-07-15,2026,0,256.85514461243304,255.89810906604976,347.02459396730364,218.60442163697576,0.5588605550905268,0.0037399086295564,False,0.0686103183780344,0.0757175458498544,0.025678779781785,-0.0930410764282704,-0.1564417127765943,0.0228643418229776,0.0596997051958874,0.0314948425252954,-0.0197821145331408,0.0771268989714872,0.0232559670796352,0.0357077214349068,0.2855998122251897,-0.0186502440241316,0.0169786635673814,-0.1241382068131289,0.0182005473749289,0.0284435170231711,-0.0281249975753251,0.0377187762580575,0.0521437073670043,-0.0496929056448198,0.0573582172364195,0.0027211155807647,0.0336738594708436,0.0827492611767624,-0.1628966770624977,0.2238146447880018,0.0063374566169849,-0.0795905312932793,0.0134435207948531,-0.1654381156209566,-0.048387188171203,0.117934672758043,-0.0170005110790362,-0.0553002100861768,-0.0560558772507019,-0.0175030985375542,-0.2509638660035139,-0.1272842764998571,-0.041135073429797,-0.0571963623358735,-0.1467299520322371,-0.1137118304875667,0.0061942501021692,0.0471571037634365,0.0833042052579253,0.0570940184616142,0.1092285627078641,0.0363915932008211,-0.2135168107296097,0.0680508730606002,0.0879086559375654,0.024541196355255,0.0254875562060179,-0.0717781773451029,0.067642218617236,-0.170893514957497,0.0216915629100218,0.1233168231459989,0.0228994197165672,-0.0262134737461602,0.1690494467689285,0.0647903410593919,0.0776438357795294,0.0007825653373998,0.178564470004775,0.1950612359406214,0.0437717862594141,0.1133512690672453,0.1066160450138351,0.0374238421537174,0.5063058532930858,0.0207466671394607,0.4316181219168484,-0.2455994207795429,-0.0289738116618023,-0.3320425016308255,-0.0441129098361778,-0.0027522841535804,0.1494429126442404,-0.0167176288938337,0.0827866745542944,0.2122446251356278,-0.0354458743278566,0.0160132328202611,0.4009943765345582,-0.0821917323702673,0.226706884685838,0.0210486475171138,0.065040735378709,0.0442244485612519,,,,,,,,,,,,,,,,,,,,,,,,time,1168,44,259.3900146484375,0.0098688700194395,0.1905542645617951,0.0478134018151962,0.0662698594646408,1.2795795575403914,0.3210689179792628,2.3573266683802503,1066,0.4039544875277699,7,0.0146854615536252,0.0217606457370254,0.329187643199867,0.0,-1.077265846842275,-0.6733113593145067,1.091392996714317,0.2581399570900862,255.89810906604976,218.60442163697576,347.02459396730364,9.3025532595578,-0.1751725327621609,-0.0447008364470848,0.0360957480061042,-0.2292548269856686,0.3036862462003373,0.0088523644456348,1.0,0.0025496629363594,2026-07-15,22.0,10,0.2647465633262114,0.1219884589191233,False,False,False,0.0,0.0,0.0,-0.0008961029246734,0.4703460625100045
ED,Falling Wedge,bullish,1,0.6249185179784996,5,48,1092,1093,2021-01-20,2021,1,56.32013594656008,56.43909140460886,68.86808573402078,53.61143667039053,0.96409455296011,-0.0021076784740561,True,0.0362107016798689,0.0624272417541397,-0.0439982462620255,-0.0037298085375844,-0.0096178590447342,0.0283660079116243,-0.0230690653369327,0.0041837105349162,0.0110598242285961,-0.0019868297300432,-0.0736806712146358,0.0076693679303709,-0.0037298085375844,0.0186386006459327,-0.1189356884231573,-0.0220652945687157,0.0037280280559084,0.0777749469791491,-0.0007106600141486,0.0180722126799983,-0.0638726063910054,0.0047782514562386,0.0457669810617605,0.0212918983016048,0.0281582022542647,-0.0154854000576717,-0.0100439016586825,-0.0722737208214412,0.0049822477009406,-0.026002746765387,0.0115861206306453,0.0075395972937695,0.0416121847369603,0.0176933781417285,0.0133667874934884,-0.0342826236034291,-0.0429047040701477,0.0468685887402342,-0.0171297695773885,0.0022820707309327,0.0037589728191802,-0.0160480238798121,-0.0152567805710692,0.0262842812031947,0.0801412743376512,0.0209575066604199,0.025377312711631,0.0091738974601449,0.086060803911331,0.0154939873761492,0.0789657552732041,0.0050256887004531,-0.0249504553264324,0.0079384096979284,0.0511411402659176,0.0322773108409895,0.1131283091777639,-0.0321023256440426,0.1313544893667351,0.092600248419755,0.0279299512329191,-0.0073223890322778,0.0217304438885685,-0.0599797633897315,0.0006755256834001,-0.0423350326391898,0.0035225476369751,-0.0575031556716698,0.0031947382231937,0.0575948323637784,0.0394147819273926,0.0314744307388219,0.0512718879800402,0.0322619829973269,0.1226335879718738,0.044034704867317,0.0959655143360198,0.0342290707565065,0.0292916402525915,-0.0409080502742672,0.0026153201023775,0.0039858434342752,-0.0826555901471879,-0.0039158343034804,0.0207199512121782,0.1177171083797981,-0.0246967988721514,0.0716712712601694,-0.0005754040627954,0.0577756196765419,-0.0839557589877157,0.0336478074978664,0.1453126766352177,0.0565283525661226,0.0359730744164852,0.1147407366585124,0.0527861431118146,-0.0060062509208909,-0.0179172852499313,0.0315483453504108,-0.1271604244072045,0.0241516070047884,0.0306432937498799,0.0227227971487615,0.0762037357038196,0.0931468483837156,0.0441440043833305,0.0325348766826096,0.045203499621889,0.0057968409273569,0.1088250187019739,-0.0573020378416191,0.0910873272526204,-0.0878886742422633,0.1196510028134147,time,1152,60,64.50416564941406,0.1453126766352177,0.1492666380163089,0.0399348807784618,3.021387340726604,3.103599361998089,0.8303387290866827,4.6324632261153535,1043,0.5195241368321695,5,0.0565761745893411,0.0651701141849059,0.181349792170115,0.0,-1.745645319263432,-1.2261211824312606,0.7644351853526908,0.1037969324017696,56.43909140460886,53.61143667039053,68.86808573402078,1.225390658182668,-0.0631133885198613,-0.0540179550462825,0.0214776163199892,-0.039765467333803,0.8167951824069369,-0.0071964711011337,1.0,0.0398453142611587,2021-01-20,58.0,16,0.0065100646680782,0.0073933184724486,False,True,False,0.1333333333333333,4.0,0.2666666666666666,-0.0157610232293067,-0.0232622691369879
ED,Falling Wedge,bullish,1,0.6923113091034269,3,40,1709,1710,2023-07-05,2023,0,82.59454878217156,81.82649649864402,89.01558332833179,80.04106612231756,1.3081933685404905,0.0093863518101409,True,0.0084498167092776,-0.0065700622412205,-0.0301479533738773,-0.0277777429813744,0.0181955335487034,-0.0046496306939359,0.0628875463282641,0.0041767341012934,-0.0229931658284512,0.0145769058912137,0.0191522028953419,-0.0013172237274541,-0.0474162638240246,0.029456498120518,-0.0331172734635167,0.0144562435097244,0.0189947645360739,-0.0437819511139817,-0.0072189634537027,0.0744343922127515,0.0119610705762858,0.010072088582834,0.0054526261171434,0.012782878313746,-0.0231281639827285,-0.0020552479881374,0.0086683604644632,0.0126896744367066,-0.0458599679351511,-0.0174380887064854,0.063555456957554,-0.0107958548398091,0.026047770990998,0.0077186311937305,0.0031640223165192,-0.0322964357335722,0.062879332389234,0.0228284116949963,-0.0112030238368513,0.0561922742708163,0.0343277002308228,0.0297145855990397,0.022794535406359,0.0163617162279174,-0.0451730167554594,0.0026768364945614,0.0110496167232998,-0.0133234912494564,-0.1501079980145002,0.0349213871575475,-0.0110112559103175,0.0420061389600345,-0.0478666694649287,0.0047688382549797,-0.0040933613403936,0.0160000889727938,0.0210430908119207,0.0937116628413787,0.0356751546903053,0.0125356496458441,0.0597104351337456,0.0266526024202675,0.0701661920898684,-0.0464109938929304,0.0177943698800646,0.0207997023971562,0.0519328354662047,0.0730092230782912,-0.0050122379355667,-0.0179845470929157,-0.0443602655479052,0.1206721074312171,0.0852732942906178,0.0073518777197163,0.0469426485388428,0.0486688687127268,-0.0463902399806144,-0.0615444643318155,0.0913655553578833,0.0373318166011622,0.0422653855007064,-0.0491759838796609,-0.0032124681643235,0.1062286478160234,-0.0187581648991816,-0.1308256009381968,0.0086878882309995,0.0257516569122466,-0.031383775269723,0.0310719940311812,0.1040227917590737,-0.0387017388648598,-0.065429303937901,-0.0440637400608241,0.0383846621627019,0.0113442198081525,0.0231253621814253,0.0785955143395249,0.069176502626701,0.1410980512970459,-0.0111518350970568,0.0350949808431211,0.0336790374750928,-0.0597258691536068,-0.0296660484334706,0.0162709562089631,0.0097538737550975,-0.1433345170555221,0.0201698513906942,0.0560929483060441,0.0224892658529334,-0.0396645316042806,-0.0406531541054631,0.1141104010256168,-0.0826887875290867,stop,1731,22,80.04106612231756,-0.0309158739590472,0.0708479383605843,0.0391074478583483,-1.0,2.2916362789689546,1.2649633618687957,2.514618425694486,1669,0.6571735019456759,6,0.138627490552696,0.0582913508511255,-0.1531768447535185,0.0,-1.0784111076710627,-0.4212376057253945,0.4075430571399863,0.0698451132475671,81.82649649864402,80.04106612231756,89.01558332833179,1.393894353903436,0.0072033000236113,-0.0178913843390371,0.0167781984283851,-0.0090818404868449,0.7833937901610983,-0.0032948257188016,1.0,0.0413860656743299,2023-07-05,55.0,16,-0.0393945968950946,-0.0066272524580562,False,False,True,0.2666666666666666,0.0,0.0,-0.0220243615247537,-1.2981284904474448
ED,Falling Wedge,bullish,1,0.6348659438429515,3,21,1741,1742,2023-08-18,2023,2,80.40486563236362,80.00303124640493,91.82347069793366,78.53806681921196,0.7160732898419602,0.0050227395099702,True,0.0093204353811038,0.0037898545132002,-0.0025836371493205,-0.014650346245741,-0.0069351089166492,-0.0208197793706439,0.0129081780866961,-0.0077627678429021,0.0293282936440149,0.01672879484755,-0.0289676199571338,0.0093169411290741,0.0316340939755239,0.0388114117611579,0.0265753459308677,-0.0024603944915467,-0.0596984950702192,0.0039899101584468,0.0108942490285528,-0.0022187151992131,-0.0146557974815216,-0.0142739119530843,0.0090624031369083,-0.0078610790097488,-0.0390344975698939,-0.0363818342009923,-0.0194615360040786,-0.0507340304940301,0.0501880670950654,0.0316658536993226,-0.0028667655084114,0.042494021278145,0.0250209327063253,-0.0008992980482123,-0.0348965835708007,0.0066315496561455,0.0380119401326974,-0.0195882037540326,-0.0008569724326663,0.0202462684386388,0.0279210332954795,-0.0445828951856053,0.0283502158597257,0.0321445653584053,0.0178984122411698,-0.0133763160378634,0.0282987342539344,0.0108269648105223,-0.0088670278684269,0.0572470726854752,0.1361576743891555,-0.0643904118674878,-0.0373174293152962,0.0628128116035657,0.0419655906525266,0.0575067083872269,0.0321158241329655,0.077770302394053,0.0518697156349305,-0.0434840138999681,0.003787278301758,-0.0336861661723912,-0.0114773856056471,0.0356174208553812,0.0066759304420289,0.0387137241323813,0.0136768628009522,0.1228109385987972,0.0013234632398354,-0.0043797616323043,-0.0044437711712069,0.0379978019483264,0.0422017204583136,0.0166486386117916,-0.0670132415382186,-0.0170949095879549,0.0771566324864463,-0.0063557249404542,-0.0525407221207473,-0.026971102604821,-0.026971102604821,0.0104188105185569,-0.1482623453269094,0.0015851502767088,0.14999743480712,-0.0273984815739335,0.145188689551682,0.0439995697004145,0.0647452706261759,0.0456749863522873,0.0618493370251269,-0.0206225822355588,-0.0076361962878283,-0.0172183630310077,0.0325871770605044,-0.0164250978120648,-0.1167694458378258,0.014651050713438,0.0212934477108324,0.0633616999155981,0.073997057232463,0.016832569256302,-0.0396645316042806,-0.0040673302408102,0.0550750644033779,0.1281574877132141,-0.0203900152970918,0.1421695036881987,0.088303595544253,0.081229840336066,0.0062909644831341,-0.1037539946024965,-0.1854346865045961,0.0568613418914543,-0.0223514811903118,stop,1752,11,78.53806681921196,-0.02321748563933,0.0242557518279024,0.0305447757664008,-1.0,1.0447191485202687,1.3155936108197084,6.116676840120946,1718,0.8170748731793394,5,0.0297249889565916,-0.008927442176565,-0.0701284712503198,0.0,-1.091751640475649,-0.2746767672963134,0.1655981399539671,0.1250747297497507,80.00303124640493,78.53806681921196,91.82347069793366,1.5230927775500882,-0.0343893893524572,-0.0246989547816661,0.0188855349770386,-0.0084801063896543,0.8333314904909342,0.0010198313432372,1.0,-0.0346763612010332,2023-08-18,55.0,16,-0.0549501895809534,-0.0582106655659475,False,False,True,0.3333333333333333,2.0,0.1333333333333333,-0.0003333846935504,-0.3555369740707955
ED,Falling Wedge,bullish,1,0.7337470331685887,3,48,1878,1879,2024-03-06,2024,2,83.48155042149536,80.97451765594178,88.40733706181419,78.82105622762627,1.047301627996411,0.0309607619548397,True,-0.0131113642207871,-0.0186264688324224,-0.0489083063886166,-0.0151617759016451,-0.0121907558198435,-0.0074786019951712,-0.0172930894375273,-0.0191319276046498,0.0220833470038914,-0.0203968765010839,0.0323691134923307,-0.0029547528044343,-0.0094295598687925,-0.0136847545651577,0.0352001939971267,-0.0037633924397695,0.0087061420167156,0.0082015719886627,-0.0357824881674354,-0.0255128739736015,-0.019691233236106,0.0034273844962606,-0.0060417324353448,-0.0189510144105168,-0.0364063712998546,0.0225457715660599,0.0380333661892058,-0.0118368460735246,0.0397191430704839,0.0127197267289997,-0.011164387583169,0.000452638300451,0.0345893610380201,0.0423683800758989,0.0158105415555307,-0.0141655106514826,0.0178502924194825,0.0492004629930982,-0.0011175067715518,-0.0430408106024906,0.0030876665323105,0.0171987752359856,0.0184712959426924,0.017847159244912,0.0066068142940165,-0.0317098310857633,-0.0062803132789496,-0.0092505379366044,0.033041225153872,0.0350154008820928,-0.0594886327863691,-0.0762561578517032,0.0195328428990537,0.0606250951552884,0.1069781679908314,-0.0873590626986119,-0.0428301166507767,0.0581576712948386,-0.082848172013575,0.0623286447890043,0.0191704582014604,0.0368420910254896,0.0124846606636215,0.0552788512307649,-0.0046590946598468,0.0001813632072722,0.0110398202060615,0.0626704387810086,-0.0172755880199385,0.0494712652069575,0.0622180544612468,-0.0424742012688978,-0.0684454624571223,0.0368425046565807,0.1605289582344826,0.0362119553902879,0.0838197750386671,-0.0075684584569413,-0.1047599394709452,-0.0366302446136761,-0.0179845470929157,-0.0054585607438387,0.0157942068365799,0.0227816350991838,0.1110004817664607,0.1417883742062831,0.0523566844404379,-0.0608050704664056,0.0327386380714136,0.0972143498165043,0.0494818801369048,0.0246496172508053,0.0506901361353189,0.0197656262207321,-0.0296601964421864,0.1047727780897784,0.201782700764814,0.0418550424342292,-0.1645593527328003,0.0186686312466233,-0.0034218482720844,0.0995914294276112,-0.0069789744082785,-0.0325823346877143,0.0391465739014051,-0.0118077346671832,0.0983485429984576,0.0910335985688419,-0.0021301817652144,-0.005044884126332,0.0436826902048734,-0.0241273356213228,-0.061152201725325,0.1596620578867749,0.0228361860815705,target,1919,41,88.40733706181419,0.0590044939923697,0.0661085257221031,0.0396649486247074,1.056923672772459,1.1841753242865445,0.7105022065976532,1.056923672772459,1828,0.7009220386965445,7,0.0472119251775716,0.0155115919505324,0.151875973346909,0.0,-0.9603803639862608,-0.2594583252897151,0.3969694382667039,0.0932193344353615,80.97451765594178,78.82105622762627,88.40733706181419,1.4092725315219263,0.0104105356000545,0.0067350242590633,0.0170522160402941,0.0580337037003393,0.4880926430517787,0.0064052731006096,1.0,0.0319243614764941,2024-03-06,28.0,24,0.0462322277443647,0.0069859762259554,False,False,False,0.0434782608695652,6.0,0.2608695652173913,-0.0260928741134045,-1.4637623155329953
ED,Falling Wedge,bullish,1,0.797297464843927,3,31,1963,1964,2024-07-09,2024,0,82.731541195789,82.24089011823423,90.71047364133528,80.9984146306312,1.040195314801118,0.0059660234324967,True,0.0265753459308677,0.0125915866150188,-0.0022723821896003,0.018299670562657,0.0332062232174059,0.0341520522265279,-0.0024603944915467,0.0064646767252198,-0.0125454675027505,0.0333457923053648,0.0080487154023842,0.0127213234048082,0.0099559850007078,-0.0511425278563579,0.0293282936440149,0.0148362809615498,0.0226879379961895,-0.0329259360965237,0.0154509970635496,-0.0170575959663349,0.0050075014682404,-0.0118654189323601,0.0209135595837104,0.0456378717917418,0.0515438287208585,0.003209024879601,0.003584747406627,-0.0272988673073001,-0.0265430868433101,0.0147098935900413,0.053934955638627,-0.0110935991293148,0.0370519163084377,0.0092614342107479,-0.0074760644577911,0.0115168958012212,-0.1118849499546011,-0.0502556375301586,0.0277742330523831,0.0098072189326117,-0.0045370961357867,-0.0288127412623945,-0.0289197191622189,0.0193126274207999,0.010388228640459,0.0504514010868077,0.1313073768920583,0.1939924979027358,-0.0511254185271485,0.0192867272300008,-0.0675786658106568,0.014233302942368,0.0267006340138362,-0.0517499503768335,-0.035787955541344,0.0136775216067202,-0.0508080592909344,0.0450575037434082,0.0001813632072722,0.0160331005892799,-0.0904473208303581,0.0179173140078039,-0.0443479409212524,0.1258221450792125,0.0910737923465352,0.0491719423044332,-0.0336740994968879,0.0245226184834965,0.1303994491541107,0.1803083322949443,0.1912943903180266,-0.0605954748779502,0.0372094595950489,-0.0900598761639285,0.0619916212344586,-0.0538491071456092,-0.0291529112461939,0.1729289885248888,0.0791630510833016,0.1248709397071947,0.0656546772135484,-0.0136445091077554,0.0547111840582583,-0.0414282360372477,-0.0244807615430949,0.0417755664887551,-0.1531954980223708,-0.0511469517216148,-0.0237886018300808,-0.1408382671348017,0.0542764886522526,0.1797882432085914,0.1808733562219411,0.1565770836552034,-0.0274046918494362,0.0066955471742917,-0.032500027103248,-0.0955258696288383,0.0036738994206648,-0.0125438775107172,0.0507176894068821,0.0658548385905879,-0.0535319559066826,0.0185957787309243,0.0762125686152122,0.0025695934405003,0.0639927495913716,-0.0587374779328216,-0.1337912732927448,0.1797365908243529,-0.0309726048883517,0.1593539003052824,0.0253788512061687,-0.0161658025795002,0.1712929348912462,target,1975,12,90.71047364133528,0.096443657766071,0.0968826493606063,0.0059430228468626,4.603779438820029,4.6247348911903545,0.2836927489124061,4.603779438820029,1932,0.6214478487500957,7,0.0985064255976555,0.1090616837490408,-0.3752511656758546,0.0,-1.481008859052813,-0.8595610103027238,0.3496058906732815,0.0537840528465273,82.24089011823423,80.9984146306312,90.71047364133528,1.0728092079125346,-0.0046915846721122,-0.043245238832048,0.0130155171921809,-0.0328158204913027,0.6274477538259043,-0.0013568834839018,1.0,0.0441997037115637,2024-07-09,28.0,24,0.0184255732867588,0.0442821546847902,False,False,False,0.0434782608695652,8.0,0.3478260869565217,-0.0227334669521214,-1.142727134133516
ED,Falling Wedge,bullish,1,0.6273864196580542,8,72,2221,2222,2025-07-21,2025,0,98.21383702719858,96.91142281387766,109.64298818720448,91.21469231171264,0.6118020795694862,0.0134392229058719,True,-0.0129996857179063,-0.0254618545800787,0.007326743849934,-0.0123342643385955,0.0538803066613318,0.0538135628980716,0.0018129209357411,-0.016020307354767,-0.0025981143919326,-0.0054340924418749,-0.0332365356930883,0.0118360408506272,0.0217959769275029,0.0142427722993525,-0.0022578738057044,0.0076544938621279,0.0171981274418022,-0.0727084925938956,-0.0049531426935017,-0.0077906500769528,-0.0033183381267728,0.0066714781024763,-0.0147787163335004,0.0298113452669921,0.0265210405420359,0.0091622644100284,0.0196480409680885,0.0134860069260718,0.0451727784843221,0.0428529415365226,0.0457233302694786,-0.0273794954917818,0.0724836576334273,0.0050623430225984,-0.027327055329262,-0.006900796496897,0.0103831807553973,0.0369178053790566,0.0112713354764772,0.0521369300653211,0.0056489272303201,0.0192674087118327,-0.0329003389672066,-0.0267923895026016,-0.0327807847736165,0.0180545407516132,-0.0170620378170432,-0.0396338571389111,-0.0214862071445206,-0.0792907460395354,0.0009713953490464,0.0260059437202817,-0.0649071671678603,0.0589392868803479,0.0361494563510391,-0.0276946582145362,0.0247016534455977,-0.0402339269213878,-0.0904473208303581,-0.0792907460395354,0.0537776782022798,-0.0120957730807199,0.0099507526419473,-0.0475325506662276,0.0297199430788268,0.0058378569474617,0.0327249368297111,-0.0027947942990175,-0.0077122884691853,-0.0581574736951547,-0.1072751202002165,-0.0057664837542401,-0.0913287914313243,0.0478216369810942,0.1948020419784615,0.049493368412665,0.0413647216841597,-0.0246967988721514,-0.0314703855681299,0.0906434381942442,0.1138168270056869,0.1401829309298519,0.0414225454231569,0.0441455488102557,-0.0366302446136761,-0.0581574736951547,0.0291988681033603,-0.0195982782186361,0.0398089850575773,-0.0258574531105647,-0.0221081305222708,-0.084011817334873,0.0041261249423842,-0.0514547919827086,0.032500039006968,0.0402450318921823,0.0715767801746014,-0.121257076537032,0.1576846554035158,0.0133761187204624,-0.0353829930923269,0.0970147520525517,0.0316270157587044,0.1067972376980272,0.1797365908243529,0.0218118833721685,0.2152538161214052,-0.0767640951444393,0.1516344425825435,-0.0598769686041286,0.0705852426056521,0.1677581675179875,0.1099489979055612,0.0221413702099655,-0.0556944254810518,time,2281,60,98.61907958984376,0.0041261249423842,0.0376307502695078,0.0612125002167261,0.0578988689501685,0.528044571789377,0.858949880977779,1.632935397766296,2149,0.396621391019908,6,0.1233621371061702,0.2224211360891717,-0.0765659031617241,0.0,-0.8208024158488891,-0.424181024828979,0.925990141188682,0.1138688596800986,96.91142281387766,91.21469231171264,109.64298818720448,1.5030272420802189,0.0248448393522695,0.001838406709359,0.0153396052891494,0.1262398790528731,0.5888890301743317,-0.0003958747907718,1.0,0.05803656310433,2025-07-21,1.0,28,0.0881997515091161,0.0532040437210581,False,False,False,0.074074074074074,2.0,0.074074074074074,-0.0360548759405934,-0.8464290193020229
ED,Falling Wedge,bullish,1,0.6687905515056775,3,16,2490,2491,2026-08-14,2026,2,107.59753252856272,106.3066945748776,116.984824822189,104.38913352030056,1.1161337687432875,0.0121425838593438,False,-0.0115944485447234,0.0018818353988971,-0.0203968765010839,-0.0074635422743407,-0.0340574201306637,-0.0092066228604494,0.0126358583890369,0.0153733378773261,0.0345158897843211,-0.0072037965544611,-0.0166512109868166,0.0398139651187727,-0.0075953531509397,0.0257217097943103,0.0209097665087316,-0.003040146322163,0.0187072816702706,0.0469234898620496,-0.0057836138560907,0.0181876791484179,0.0113164772592708,-0.0031270988046325,-0.0180734372432667,-0.0009994157139677,0.0078001116563501,0.0623225907410343,0.0082044188124064,-0.0053874905641796,-0.0338206615609997,0.085834503122679,-0.0328293707370015,0.0126212715543778,-0.0093597496257739,-0.0375903702936731,0.0506489030844221,0.0220688497466581,0.0353251295406065,0.0252597724685872,0.0234661268089431,0.0082044188124064,0.0197622172632891,-0.0047999952599969,-0.0163030894099924,-0.0104067836008405,0.016681084581777,-0.0119945044882042,-0.0168919649601013,0.0028199419910479,-0.0737312445330876,0.0493247836626193,0.0096787219284828,-0.0054550855770715,0.0372583878052739,0.0271678645446689,0.0079384096979284,-0.0400387608378453,0.0921489301363154,0.0457531054485231,0.0306151077171832,-0.0373174293152962,0.0644047813757808,0.0474696848324753,0.0691648030468718,0.0279530406860695,-0.0948057609215395,-0.0209127766834874,0.0384242109056718,-0.0474171893995616,-0.0282731441861001,,,,,,,,,,,,,,,,,,,,,,,,,,,,,,,,,,,,,,,,,,,,,,,time,2512,22,105.32009887695312,-0.0211662256381672,0.0203765675238194,0.0237694262399229,-0.7098349194551011,0.6833527816579698,0.7971363930886742,2.9258493938729084,2472,0.7300739884003826,5,0.0698927702447526,0.0270295099752053,-0.0027892039559774,0.0,-1.1550724621017854,-0.4249984737014027,0.2841164250408212,0.0795724529941568,106.3066945748776,104.38913352030056,116.984824822189,2.15801400670167,0.0297573103284132,-0.0073753198892172,0.0199973623824625,-0.0102643444267592,0.6115154509029016,-0.0034136126316927,1.0,0.0444645425138627,2026-08-14,13.0,27,0.0114150775245733,0.0189632089221729,False,False,True,0.0384615384615384,1.0,0.0384615384615384,-0.0058011342957639,-0.2004122966791497
CTVA,Falling Wedge,bullish,1,0.6309328806838115,5,61,108,109,2019-10-28,2019,0,24.32666127240741,24.46843857381148,30.05919849150669,22.85332708775406,0.6924847699226115,-0.0057942929613749,True,-0.0290454332910961,-0.0434678764710463,-0.0227532096580557,-0.0468008915577671,0.0908551232373757,0.0022730630387439,0.0242245900993942,-0.0379879796750707,-0.0147473632680698,0.0765604898801894,-0.0183998113486539,0.0256707241405733,0.0279452893848775,-0.0317390416975308,-0.0146233486694592,-0.0146838078053661,0.0328166805229648,-0.0037075735211691,-0.0157384791577935,-0.0196472489464936,-0.020115856644521,-0.0194507395668007,-0.0290429637304644,0.008676484449853,-0.0089802730113019,-0.0112590870685699,0.0268159037274435,-0.0047437882624653,-0.0325285763394381,0.0568725165378385,-0.0540126719789121,-0.0296684074489737,0.0015504244508774,-0.0314258479642123,0.0053512074157735,0.0678784444548723,-0.0372985201869892,-0.0303544904044771,0.0049347284404437,0.1207318254374891,-0.001170470160093,-0.0440678762014911,0.0375306867722939,0.0021551394600831,0.1109293787308844,0.0007654584792341,-0.0218782908739084,-0.056102803253699,0.0103840999245647,-0.0611110811794805,0.0051962787451731,-0.0910225129112086,-0.0429020331699707,0.0220779134229673,0.0416320291891896,-0.0380922099733198,0.1268936042988018,0.0113473455909001,-0.0357061312191887,-0.020646213404428,0.0351777417839795,-0.0453058899078764,0.1682518633506822,0.0309017456600422,0.0020062467040811,0.0194141321460663,0.0332070994512951,0.1546746833161318,-0.0381972264648285,0.0922465207341118,0.0268689706118261,-0.0272979023437828,0.1522650208999465,0.0916084647649135,0.1469235332919316,-0.0710988429892022,0.0343734963580957,0.1075621853871204,-0.1032495577056105,-0.0153988018389504,0.0846241096807907,0.0717335139998118,0.1597924193901192,-0.0893940648592936,-0.0212948120322437,0.1304898096729867,-0.0834998956779272,0.0706168161745151,0.2923098978222618,0.2380001898301369,0.0628101666293852,0.0306527334113616,0.0596422991112957,-0.030741781371032,-0.0613384683521041,-0.2010560133831682,-0.0418591143317755,0.2427669048216449,0.2678085541915418,-0.0689547369673009,0.2286953541672163,0.0544848211841337,0.0293978021800538,0.081938431217847,0.2789766085043892,0.1814362354037506,0.1237597523554216,0.2609679807141913,-0.1462215176728187,0.0334107918611594,0.0318942761559448,-0.1314548658187833,0.071876170225485,0.2215827042304592,-0.0132632844230687,stop,114,6,22.85332708775406,-0.060564586654745,0.040739565625912,0.0660124837838551,-1.0,0.6726631498065415,1.0899518585038206,3.8908601176915263,47,0.4672716845733685,7,0.1572001840720285,0.0824755754829067,-0.0911801698016701,0.0185185185185185,-1.3900846578421588,-0.9228129732687914,0.8594160264807829,0.1218576423814844,24.46843857381148,22.85332708775406,30.05919849150669,0.8383303424243643,-0.0441080823660959,-0.0431561955294759,0.0341266681027459,-0.0727079286100097,0.3148155343234972,0.0022448160416712,1.0,0.0220039037483534,2019-10-28,,0,,,False,False,False,,,,,
CTVA,Falling Wedge,bullish,1,0.7803994589476166,5,86,546,547,2021-07-26,2021,0,39.70196118318943,39.93371765222628,51.07234084589051,38.56010913176691,1.013696430005443,-0.005803528513302,True,0.0114285459001246,0.01670234598036,-0.0148404860659872,0.0027653521309005,0.0262789797052462,0.0091171021891611,0.014231181823225,0.052947604816649,-0.003813634281976,0.0139028328547514,-0.0327868603503888,0.0100363841975661,-0.0180622179733818,0.0251761674776105,0.0031446572405247,-0.01974130065118,0.0041582429913613,0.0447818627817018,0.0690541749548361,-0.0271709779471772,-0.0538435442646444,0.0513572091563583,0.0035939093608668,0.0757141653298523,0.0706675948836637,-0.0343574479716372,-0.0199827330529777,0.0092165607435354,0.0383057423130617,0.0627549131448097,-0.0223464029118144,0.0095866810825173,0.0304408105403728,-0.0344457120334322,0.0252020544656892,0.0010479511583978,0.0321584195333306,0.0268853031699811,0.0408449283648084,0.0194157823616205,0.0362673296537443,-0.0121528816226424,0.0131465315084546,0.0166859751802213,-0.0120735538296422,0.0643841527399323,0.0018760357432272,-0.0148319158110101,0.007445866362062,-0.0127147650955684,0.0389060372190315,0.1034597554307943,0.0400868249294401,0.0973947931626875,0.146170321330918,-0.0554362935390324,-0.0584651073729119,0.0165404220882079,0.0139510134186042,-0.0313332150065621,0.009710267599698,-0.0798648807674176,-0.0312810404559933,0.0058819623349533,0.0667946680107161,-0.0745735322874007,0.0081328636930577,-0.0145201675314655,-0.0079382539329636,-0.0112594223788554,-0.0001417198176831,-0.1182123450351995,0.1504312562153087,0.1609828484210909,0.0539383782438123,0.0346494760845195,0.1376552625063947,-0.0042654210485431,0.2084350669616801,0.0876553238273458,0.0642496204308409,-0.1130149070907895,-0.0712729971648317,0.0066126044372782,-0.0715665248672007,-0.0589280367117767,0.0005365191971531,-0.0293084522516334,-0.0105398962828555,-0.0694824824547911,0.0907828350353705,-0.0337263288015141,0.0419988075358199,0.0143255504386237,-0.0032760658279171,0.0665642200829113,0.1484088709153919,0.0673246121866477,0.0169169499950359,-0.0219302064886499,-0.0457693981100036,0.1897163903969778,-0.1486665320908944,0.1048829234224741,-0.0995864611731074,-0.0465863688093719,0.076963304840391,0.1503895572795468,-0.0178242250619111,-0.0233971620042058,0.1235114350706594,-0.0594085407592928,0.2678085541915418,0.1464044504228234,-0.0026235078881323,time,606,60,41.3693962097168,0.0419988075358199,0.1064817765847017,0.0274996666031334,1.4602899074797524,3.702349490388176,0.9561577567497442,9.957839676809092,460,0.7751338948777708,7,0.0825607911420244,0.2167708390950826,0.0183963328271046,0.0,-1.35198960591601,-0.5768557110382387,0.215093897119282,0.1795536436444051,39.93371765222628,38.56010913176691,51.07234084589051,0.9327262395252996,0.0030072527933169,-0.0399523013086435,0.0232990426034588,0.031338681355054,0.8333301544310767,0.0030858596527238,1.0,0.0337778934356904,2021-07-26,23.0,7,0.1621818827545109,0.1074201796312035,False,False,False,0.3333333333333333,3.0,0.5,-0.0180953432751313,-0.4177523681983977
CTVA,Falling Wedge,bullish,1,0.6277643612224737,3,14,1118,1119,2023-11-01,2023,1,46.41369951031383,46.50570792837976,52.40428887031476,45.37283575091041,1.1902471493434972,-0.0019784328024341,True,0.0146077990853512,-0.010405060641907,0.0112955194903496,0.024658422398335,0.0976374424600527,-0.0379339075609356,-0.0002233028253338,-0.0273973448974206,-0.0703273198398863,-0.004157979405991,-0.0373438521188811,0.0118054068869313,0.0091213263672722,-0.0342543416276464,0.0819363606334329,0.0070463100002795,0.0045142924839924,0.0240376444903882,0.0096312264981754,-0.0068418314561276,-0.018135382276727,-0.0186630976933596,0.0132875194850062,-0.0248331581716458,-0.0789847207556464,0.1207318254374891,0.100577610825753,0.1117991539775742,-0.009377284934518,-0.0663057863268052,-0.0465041215902498,0.0312861915240287,0.0286316329473503,-0.031346425035922,-0.0502328925963126,-0.0121819074491175,-0.0153846863649436,-0.0346859927473187,-0.0907242360240867,-0.0582253429298925,-0.0087599280827683,0.0398981690508053,0.0275479552736532,-0.0195895690954672,-0.0184154397841417,-0.0247701044754013,-0.0534327239381359,-0.1233375166118101,-0.00850681055248,-0.0078894830568807,0.0020062467040811,-0.040769825899669,0.0704278736365044,0.0790582239449018,-0.0330132160176215,0.1268936042988018,0.1853945444208844,-0.0584683164385986,-0.1227949062282776,-0.0145201675314655,0.1302064242971381,0.0631033386821067,0.1300127285354493,0.0149789894974037,-0.0514504972176926,-0.0699888565374118,0.0093136710236074,-0.0107060209761071,-0.0730971011673696,0.0035288812779599,-0.1152227642002861,0.171729282813704,-0.2070103196989589,0.0678435238514534,0.0798860649446575,-0.0443882970024341,-0.0337578870621489,0.1140389907204035,0.105191016908644,-0.0055471732120596,0.201732126916782,-0.0076499816197311,-0.1060347806932399,-0.0694824824547911,-0.0543489288838914,-0.1132013293121252,0.0179694567490278,0.2134961913944781,-0.0040149388516599,-0.0098070869199115,-0.094572103022348,-0.0075746860003326,-0.0402392465872162,-0.1956621977227511,-0.2010084830611639,-0.1530834452505568,0.1076323836381063,-0.0802391038202932,-0.0366323892703736,-0.0407869996400824,-0.0674232543309207,0.3193295005601899,-0.0337229687526225,0.202380876727195,-0.0121173737410993,0.0834451027772453,0.2213958544804475,0.2130945349217579,-0.0925255329654234,-0.0886979164816994,0.2190217052096246,-0.1371296174921157,-0.0898622780675693,0.0994626793879547,-0.0618659103286462,stop,1124,6,45.37283575091041,-0.022425787437438,0.0569701774550643,0.0756470531708802,-1.0,2.540386936868811,3.373217256335601,5.755401997504912,1103,0.6773830980830975,5,0.0334278074141608,-0.0405847158985799,0.2486817609454104,0.0,-0.9359639242666066,-0.2585808261835088,0.2653738476328239,0.1118113270404807,46.50570792837976,45.37283575091041,52.40428887031476,1.0996678285242107,-0.1492958388892826,-0.0516512360039017,0.023782070481844,-0.1996579255038497,0.3563238550413285,7.966426762706648e-08,1.0,-0.0047096500029844,2023-11-01,18.0,9,-0.0008601580660906,-0.0368733143091597,False,False,False,0.25,1.0,0.125,-0.0563595305011406,-0.975090743986519
CTVA,Falling Wedge,bullish,1,0.6270894589534631,8,63,1297,1298,2024-07-22,2024,4,53.33130629747147,52.06659677759024,59.53387928595436,48.52531778298091,0.9152024942353284,0.0242902282490944,True,0.0166819743879746,0.0343180046473204,0.0645275614467368,0.0089150693378234,-0.0274990250223543,0.0304376790852074,-0.0176648380609719,-0.0058442635197903,-0.0792218195262326,0.0622158676124642,-0.0289057606495857,-0.1413730571067903,0.0001723688620713,0.0509872930812103,-0.0054735296100032,0.005802720728802,-0.0360739465410642,0.0035522029389205,0.0255440867977199,-0.0143314694082845,0.0181470344276681,-0.0225897863537251,0.0221157549619836,-0.0593951596616142,0.007615382269869,0.1125088636649496,0.0348671280453949,0.1101403869865498,0.0137931814103839,-0.0120735538296422,0.022407311814407,0.0202573015572058,0.0005487818402658,0.0041599570519419,0.0222104854642095,0.0497543158024427,-0.0257000040204415,0.0500421183141097,0.0560001128352407,-0.0085184859915437,-0.04714664264766,-0.0170001660576601,0.0275479552736532,-0.0248482218412208,-0.0715215423007495,-0.075266623830206,-0.00439963073011,-0.0135423511659907,0.0392473452570212,-0.0496435243460422,0.0310397963559112,0.003900229485678,0.0299635914304661,0.003900229485678,0.0616562926290609,0.0411098343713636,-0.0526755467164996,0.0441958236178889,0.0796146130819561,0.2023347585832953,0.0457005679284756,0.0670092196877421,-0.0622724202670701,0.0278085147256035,0.1181600309428994,0.00193419751056,0.0175932073983327,0.1662037492457979,-0.045238656250516,0.0487576210892655,0.0333755691436294,0.1156292894788513,0.002020316000471,0.0450192855165385,-0.093278495825252,0.1874746517764063,0.0651333500038335,0.204459222897154,-0.1171779851989632,-0.0911799108847879,0.11468312630754,0.1521163768130777,0.0559854245989637,-0.0760728134515885,-0.0385485496578457,0.0896473121762975,-0.0416593975218256,0.1022012522951325,0.002774504155532,-0.0820155431781716,-0.0283273362129007,0.0203134170848423,0.0535381429768919,0.0048159977123662,-0.0275864185199166,-0.0415730700663642,-0.0225928416669256,-0.0346152711818376,-0.1251276756847716,-0.0835932837515375,-0.1409964311736937,-0.0175133743658065,0.1097489708863099,0.1338255198501166,-0.0425342917247155,0.1097489708863099,0.2004194481043264,-0.0601433202374007,-0.1449666794898698,0.0058168800987583,0.1012806208353067,0.1256011797273879,-0.0212289603956645,0.0073833709282722,0.0519704758239777,time,1357,60,56.18656539916992,0.0535381429768919,0.086173893556368,0.0779103199162192,0.5941044372223416,0.9562582803191582,0.864558690196188,1.2905925533907288,1230,0.5180834066749831,5,0.095630852546791,0.1804367773018951,0.0116969207835631,0.0,-0.8823066969443365,-0.3642232902693526,0.8076393191559,0.1514912866820647,52.06659677759024,48.52531778298091,59.53387928595436,1.0300346638139308,0.0661268944989998,0.0134626319706274,0.0192363070659618,0.2081088243240114,0.8058249910188137,0.0021904482472703,1.0,0.0186221591887034,2024-07-22,26.0,5,0.0668219172039945,0.0166915202150315,False,False,False,0.0,1.0,0.25,0.0146108885699062,0.2073737033923765
CTVA,Falling Wedge,bullish,1,0.7320810977986909,3,26,1561,1562,2025-08-11,2025,0,71.88807666048953,70.8826632259902,76.41734937269388,69.16040042065396,1.4914309286598249,0.0141841938316262,True,-0.0061863515556883,-0.0140354178018935,-0.0533037563103818,0.0236808977756115,-0.0428394446310732,0.0200136642645913,-0.0164685422784588,0.0289474096619029,0.0465763173589119,0.0261814737111942,-0.0060920895366377,0.099211372874836,0.1354668564070573,0.0019323559092911,0.0079276613659153,-0.0295778131035256,-0.0138817905102304,0.0810686034326513,0.0100251836906353,-0.1295056681018236,-0.0225897863537251,-0.0410069036427234,-0.0124746516548893,0.0118228549349956,0.0052740710565017,-0.0220026775874213,0.0050557091362986,-0.0005209734544223,0.141411439061998,0.0099325801311656,-0.0156098415312592,-0.0310929889830504,0.0291089476020183,0.0160172689377076,0.006813056807017,-0.0659106029513807,0.0002196786664383,-0.0389567362655239,-0.1071573693572156,0.0414746658540872,0.0077898686928117,-0.0223464029118144,-0.1000540416279601,0.0476754329165785,0.0167123519705836,0.0158948866796628,-0.0008753485595937,-0.0197382869721264,-0.0386359811612668,-0.0339169256975404,-0.0258387248892625,0.00193419751056,0.0680835164513997,0.101129427917757,0.0888541984047048,-0.1025459533173395,-0.0555911189647277,0.1213219048506681,-0.0950339934805316,0.0185850031520609,-0.0041227689439309,0.0876306252227021,0.027679302983169,-0.110660926007628,-0.0541503497667612,0.0374942776788103,0.1593850795239924,-0.0254183776476625,-0.0091844692505523,-0.0958266536481372,-0.1470339346778816,0.1609828484210909,-0.0416593975218256,-0.0230598439144373,-0.0591374185044153,0.0569343151542773,0.1665584929461452,0.0395674638303491,0.186930556452145,0.1959349125641913,0.0441380093554601,0.0063693220507154,-0.0478658547515532,0.0167213203795335,0.0611576703784328,0.0678435238514534,0.1114000870917408,-0.0783243697055029,-0.0467976681403802,0.19337500237358,0.1429169424377021,-0.1535259493855724,-0.1386855977350201,-0.1995076590920592,0.0921051349158632,0.0529694276243124,0.1972332604745941,0.1444209729311973,0.1986441111365213,0.0920232447310414,-0.1456651524406327,0.1903164490629225,0.0037406495804237,-0.1410012927547753,0.1114740856198908,-0.0153871388585407,-0.0157503864168087,-0.1308558215900672,0.2398967081218255,0.1926891590260904,-0.0594085407592928,-0.0003372150157621,-0.1149211968372986,-0.0430249671953324,-0.1811436723028286,stop,1585,24,69.16040042065396,-0.0379433748480676,0.0461181106852175,0.0452501481378526,-1.0,1.215445670552055,1.1925704637250305,1.6604876510114606,1535,0.5352554614503134,5,0.0448676811029852,0.0869628041218448,-0.0342990590861007,0.0,-0.9991070918559756,-0.4638516304056626,0.5808411255835346,0.0615006468639885,70.8826632259902,69.16040042065396,76.41734937269388,1.1654755447308875,0.1284269330596477,-0.009253813389777,0.0162750078011991,0.1682867831454446,0.934780548368448,0.0012692030333463,1.0,0.0177813610927648,2025-08-11,12.0,5,0.1881490861324457,0.0955730264919081,False,False,True,0.0,0.0,0.0,0.0056274277794912,-0.3821051648617576
COO,Falling Wedge,bullish,1,0.6684268963311217,5,53,786,787,2019-10-31,2019,3,73.0457600297757,70.49351207435527,85.38793181217233,69.83200190303228,0.7907330523246601,0.0362054305469754,True,0.0081059205785882,-0.0025849723779844,0.004942027825356,-0.0289507598760248,0.0111727764667473,-0.000429367140024,-0.0583915654578418,0.0254717482548934,-0.0012921956262783,-0.0104225537690147,-0.0270981252165455,-0.0010002663250425,0.0514240780606145,0.0110187930537624,0.0119728911536483,0.0050971723272787,0.0448074944979395,0.0172857038774625,0.0039927805197608,0.0104620927622187,-0.008761204604813,0.0520182168328788,0.0024399336977394,0.0246940539564142,0.0095100559139515,-0.060626064993293,0.0521791544720473,-0.0508266014927748,0.0460245226070314,0.0087043796102403,-0.0093786433600008,0.0022292583809038,0.0312500167805867,0.0409631040299085,0.011632047209229,0.0020588369816352,0.0356214818578328,-0.0360830528413499,-0.0644908776643332,0.0073677236921405,0.0537550956335592,0.0147411292471528,0.0544340112586632,-0.0885697415287327,0.005030719780483,0.0218932289733677,0.0708322707326658,0.0400376537356939,0.0428190659259186,0.039867616162472,-0.0133374884132101,-0.043482773538872,0.0113580915831976,-0.0257214635761018,-0.0137595261398231,0.0471018514022516,0.0880592282550205,0.1001469914246899,-0.0702159223387084,0.0874626218231187,0.0029763343838304,-0.0425412903145452,0.0269396886726269,0.0531940718601748,0.0168408731440057,-0.0302793373440688,-0.0702253221948743,0.0304219706641826,0.0589510066606015,0.092585088557987,0.0344107882962909,-0.0651335425747821,0.1365767180162245,0.1880813277292021,0.0633657342870808,0.2231594247774451,-0.0454068737919967,-0.0237680753714709,0.014211125737598,-0.0369752574923444,-0.0834783720556407,-0.0247549394327589,0.1695383032000981,-0.0251688046893282,-0.1048982378864175,-0.0524256668384646,-0.018390690076479,-0.0759123538942445,-0.0650632312826345,-0.0044716094460682,0.0621627697453295,0.0810227011249697,0.2119490637434531,0.1355167863993589,0.1947747659977368,0.0545755211262779,0.0851774372782199,-0.039886843232662,-0.1659211960725698,0.2386448656000348,0.2449841099403726,-0.09507196899335,0.1454233099202337,-0.175517287876627,0.0982667032877604,-0.0827953309574117,-0.0145424970683054,-0.0708163341278313,0.1623987160423985,0.0978280878448063,0.1275360881335108,0.0117883076283309,0.0485933658901223,0.0212591908802006,0.1676141131813907,target,837,51,85.38793181217233,0.1689649307141929,0.1775428615921222,0.012586408857177,3.8404171364642217,4.035385598853193,0.286077472155514,3.8404171364642217,730,0.905218857725685,6,0.1403865017274471,0.1424517874777435,-0.0834072460676554,0.0,-1.2844194663737225,-0.3792006086480383,0.0630182333596484,0.1312970509375098,70.49351207435527,69.83200190303228,85.38793181217233,1.2577237736409412,-0.0370995261318073,-0.0257919898250069,0.0172999523519532,-0.0098113115790497,0.4655647846117677,-6.835670672278304e-05,1.0,0.0444527623149955,2019-10-31,27.0,13,0.1076452872995354,0.0922691525805914,False,False,False,0.0,1.0,0.0833333333333333,-0.0535783440454018,-1.1359112597501484
COO,Falling Wedge,bullish,1,0.7020660313487992,3,33,958,959,2020-07-09,2020,0,72.15241229467276,71.83455803436425,85.14970201068724,66.32088716813377,1.1210887735761117,0.0044248098548396,True,0.0005192906963107,-0.0200970997660618,-0.0001334110668633,-0.0525989099355345,-0.0183745256930544,-0.0004915487446004,0.007371174183776,0.0159652659941751,0.0030255356203543,-0.0025789984625221,-0.0241488758837815,-0.0144562772261456,0.0048698658775574,0.0580433546697971,0.0072642930279145,-0.0048356473097702,0.0097460268850058,0.0324858096500628,-0.0321415450068934,-0.01190136165408,0.057891876982661,0.0434782023018678,-0.0034047245141855,-0.0140964063643242,-0.0416168050917782,0.1292509484810966,0.0249838432002507,-0.0090506244168655,-0.0037184302640624,-0.0933113603814979,0.0203106229876328,0.0758700937924157,0.0244511077245241,0.0161005919773993,-0.0870540353096528,-0.055787888508653,-0.0222641880166242,-0.0343990146914754,-0.0868071320304733,0.0025136305486226,-0.1122292423298935,-0.0362283838610349,-0.1199422843963345,0.0330843510736655,0.0363660176112516,0.0007966624761611,0.0402759365464429,-0.023418943554913,-0.0755111488113295,0.0771424397073041,-0.0701115423984757,0.0032825599234393,-0.0131243670599064,0.0382409192696242,0.0267465677350124,0.0231110879100764,0.154282712241293,-0.0782942418837124,0.0575985203579165,0.0771424397073041,0.0098093741907934,0.0099500705879032,0.1941908207177127,0.0111785206227137,-0.0751794330977319,-0.1564145533352763,-0.025053575231392,-0.0836181866766114,0.03500748732261,0.0625441415976091,-0.0363390082912586,0.0463605379302995,0.1410713606195639,-0.0740198958664737,-0.0296532498514867,-0.0821954781356484,0.0573663681061893,-0.0464472795475421,0.0156812113135849,0.1328515017791365,0.0970062973247816,0.1895963244944194,-0.0243339796439615,0.0749354041126366,0.1380551266915977,0.1322486511097995,0.0518087771503592,-0.1251775508408371,0.0848233706590235,-0.100260273112804,-0.1300300533859083,0.0350597830522726,0.1616608851485952,0.0952731645375126,0.0558774326195878,0.1869874978037851,0.0861058731565787,0.1577845634827248,0.0506923130669356,0.0520122138881746,0.1930981438325791,0.0089595645577607,-0.1057657465204461,0.0485903893807042,-0.0161799026496375,0.2219394845459041,-0.0200054279862519,0.0094914840439619,0.0828821881079397,-0.0492529027628088,0.0669818120895135,0.0687836762582041,0.0095544517623631,0.2098292254911966,0.0957425684401567,target,1006,48,85.14970201068724,0.1801365928409037,0.1931068843406321,0.0378193032970978,2.2287976873947493,2.3892767729793327,0.4679314424576601,2.2287976873947493,925,0.5374628744747494,6,0.0129741485523956,-0.0295713505552562,0.2182265252804671,0.0,-0.8242769083268741,-0.2868140338521232,0.6350671283978431,0.1974159651783928,71.83455803436425,66.32088716813377,85.14970201068724,2.4728250797914435,-0.0558284782976299,-0.0222539647190668,0.0341598726320553,-0.1156591250364309,0.7810622751913735,0.0030349331583894,1.0,-0.0101458337746009,2020-07-09,56.0,13,-0.0140391404466541,0.0308391468324422,False,False,False,0.4166666666666667,3.0,0.25,-0.0075928652317307,0.1615631675073992
COO,Falling Wedge,bullish,1,0.7027075900657196,13,156,1372,1373,2022-03-01,2022,0,103.43800343710252,102.4912521770101,118.79658957649376,91.2551186113362,1.4584558823529412,0.0092373860205876,True,-0.0808726994725439,-0.043589739453863,0.0084462719917532,0.0433461663755443,-0.0132599257753996,-0.0031928414797331,-0.0216349699776059,0.0222352731240476,-0.014003261841301,0.0081059205785882,0.0150308169581405,0.0211804575891523,-0.0332352103758267,0.0219461394030202,-0.0025726249858283,-0.0084359265092828,-0.0066826919084403,-0.0282713075258733,-0.0747596559696952,-0.000245291006633,-0.0305846610015718,0.000892180580889,-0.0760879423847411,-0.0565166559351351,-0.0421769449052528,0.0599510671566658,-0.0221819538104595,-0.0005226700697376,-0.0268433355911964,0.0648224404858208,0.0125494760249311,0.0362567248491543,0.0228796396067887,0.0739961486261757,0.030888437618153,0.0257734029131373,-0.0417384857302769,-0.0748085685013454,0.0197477328554371,0.0053925056212502,0.0136194588170053,-0.0564900007718113,0.0484886657627943,-0.007506775711486,-0.0689013388142472,-0.0622852845019727,0.0090610407313347,-0.0617434093398407,0.0874352673177987,0.0003394960461289,0.0337529914364309,-0.0813827311341476,-0.0734197851361453,-0.1113783177837356,0.0484197621912343,0.0536525272439218,0.0334071208444417,0.0741930126533145,-0.0676328502415458,-0.0267672040786853,0.0119794544773321,-0.0092649787310002,0.0341468243548499,0.0074554941727971,-0.0047156979542557,0.0350830386344014,-0.0166838451069156,0.0095275072787734,0.007153686407085,-0.0881456206693589,-0.056219933631597,0.2219234989139662,0.0995934934525002,-0.0387958864950715,-0.0472192161072102,0.0154999492251199,0.0628775890824187,-0.0384599784484173,0.0617173987493775,-0.1819646355733742,-0.0761704444958698,-0.0453193740643481,-0.0360101958369964,0.1840631645939141,-0.145753576747879,0.1801337202331046,-0.097900056103516,0.0353478027678677,0.2040304477656598,0.0275837194025778,-0.0333921426037124,-0.1057348845548645,-0.1788527887082339,-0.1007586261646216,-0.0802200926055278,0.0332719263003815,-0.1919335672531555,-0.0899782146920846,0.0332719263003815,0.2295770963945198,-0.1246946039525788,-0.1274427568799269,-0.221403289185373,0.0185144894560449,0.0105778154815123,0.125032186117771,-0.070131892277886,0.1271855001816253,0.0111520020120434,-0.0429378641877313,-0.1597539376874649,-0.0912470405097025,0.0491332897706775,0.0537634930427797,-0.1534396119995492,stop,1414,42,91.2551186113362,-0.1177795821743057,0.04061769300596,0.129705723828078,-1.0,0.3448619213629801,1.101258141976785,1.2606690746109994,1216,0.3668847359853217,7,0.1133763960636783,0.0923957438989309,0.2735643223886259,0.0,-0.6861900588665034,-0.3193053228811818,1.2888485330095238,0.2012528225735989,102.4912521770101,91.2551186113362,118.79658957649376,2.557012636169842,0.0061739369814999,0.0221569786414683,0.024874106090551,-0.0846700896868235,0.7398099429191042,-0.0024449062127375,0.0,-0.0442977118354123,2022-03-01,44.0,12,-0.1235431542280454,-0.0644355834500693,True,False,False,0.6363636363636364,2.0,0.1818181818181818,0.0433774175170579,1.105175002312888
COO,Falling Wedge,bullish,1,0.6809415493167656,3,60,1468,1469,2022-07-19,2022,0,75.72773906978668,73.09629662450948,104.71477097365288,70.84221745955256,0.804085654412479,0.03599966847561,True,0.0260396284019375,0.0300651761837063,-0.0022467454646627,-0.0123805113209252,0.0024417214372578,-0.0639695420008726,0.0111789118048244,-0.0292939532937052,-0.1287482916124462,-0.0090969077090601,-0.004871019918066,-0.0036180048231805,0.0570630879543228,0.0125568396861126,-0.0045450252320687,0.0599313599567405,-0.0030071826598802,-0.0218978072734046,0.0534806050827447,0.0327903051120546,-0.0024733840319361,0.0259459042788898,0.0275776104033005,0.0721179933875204,0.0323949279530315,0.0321418238847137,0.1308095347758235,-0.0400958226349836,0.0268988599615929,-0.1278295300880377,0.0351907823538402,-0.001696781675251,0.0229704884761718,0.0385968156213487,0.0105627101316956,0.0307177593496328,0.0480036842242093,-0.0055916485158939,0.0758700937924157,-0.0516378444813677,0.0040836684803846,0.030888437618153,-0.0044013457330785,0.0449275602638705,-0.0339939986369739,0.0587972310291071,0.1132455163003638,0.0183845558706177,0.0715850389756407,0.0863264639308698,-0.0057971550495817,-0.0589287954552285,-0.0288515710827095,-0.0854081521637224,-0.0404880333483329,0.0003794053555237,-0.0345889946259035,-0.0163045432703747,0.0674282630832807,0.0124317490154524,-0.005092873813619,0.0115926258139424,0.0406955157895181,0.142382366249417,-0.0143054494157054,0.0041023421551096,0.0435874867455978,0.1147696383426206,0.097969749938774,-0.000201517069951,-0.0056288525042361,-0.1030105555388272,0.0533106322545331,0.1042392639004523,0.1023569175535243,0.0474385938970436,0.0522893142110312,0.0536188325726272,0.0106129899296159,0.0308410883431513,0.0702988422711623,-0.0133952224450856,0.1397504631156356,0.1984780173766474,-0.0036612055514383,-0.008352361992292,0.0517639212556584,0.0345845314542101,-0.0412781402696621,-0.0623617332196541,-0.0463708998648371,-0.0337591815326259,-0.1655692737783078,-0.0778038805762969,-0.2865350277315468,0.0273956713147112,-0.1653892379804633,0.1453329225938078,0.0743408742018751,0.0646788422611768,0.1633750924307566,-0.1066476232585136,-0.1544686205746039,-0.059637729409256,0.0304484535022802,0.0114241250357425,0.1947747659977368,0.0163522176270651,0.1988189333199934,0.0399634611576191,-0.0071850397876181,-0.0041350207570634,-0.0224078081905232,-0.1744356498635609,-0.1648724538727886,stop,1500,32,70.84221745955256,-0.0645142938406213,0.1142357748788886,0.0657874963697634,-1.0,1.770704879155946,1.0197352005787648,5.933252212649021,1408,0.8654564790749776,6,0.0580397465540429,0.0629542526587612,-0.0856901684577403,0.0344827586206896,-1.1859109428418015,-0.320454463766824,0.0976866231510409,0.2475055159123919,73.09629662450948,70.84221745955256,104.71477097365288,1.993410248165037,-0.2089259477257921,-0.0605912903800649,0.0263138260994544,-0.2616123597460802,0.8653293750901744,0.0166926986682949,0.0,0.0721863442252068,2022-07-19,44.0,12,-0.1912291327843469,-0.1550414032939189,True,False,False,0.9090909090909092,2.0,0.1818181818181818,-0.0820860546220023,-1.6340756968666497
COO,Falling Wedge,bullish,1,0.6581179628539585,3,37,1538,1539,2022-10-26,2022,1,68.70364006950454,64.10010645797888,82.04968053486152,60.67204098785618,0.8149865975966027,0.0718178777837683,True,-0.016117214939889,0.0052886284950751,-0.0029588741448479,0.0046811274190146,0.0795030544193997,0.0059280130665839,0.0151600470592734,0.0170176025727577,-0.0111550456580071,0.0038894334338088,-0.0223290210679699,0.0100102515095763,-0.0200806356983075,-0.0474207750282789,-0.0403346698380863,0.0699939492100176,-0.0292939532937052,0.0033483338033752,0.0273743685708645,-0.0647791134182006,-0.0789052700240477,-0.0432548415480174,-0.0099369140071492,-0.0046931628575201,0.0186446205890346,-0.0114838641995447,0.0525799314928656,-0.0210518791178697,-0.0016115098339923,0.0342893887323028,-0.0680495756834567,0.0609296758233941,0.0395730313439082,0.0218269722619963,-0.0044013457330785,-0.0648025050560632,-0.0188533965153275,-0.1348221719545342,0.0493133774596687,-0.0159665371112611,0.0287391526489282,0.0654043700303306,-0.0245044563187988,-0.0443480375548609,0.0070439866025082,-0.0021833932233759,0.1391254086912936,0.0886123118897437,0.0257958124421777,0.0872453080729589,0.1311916772967258,-0.0785758182221385,0.0077081555396163,-0.0261498596640866,-0.0301182936791879,0.0480602010151676,-0.0552789140180167,-0.0626709424505324,-0.1333837023971149,-0.0747802985573532,-0.153680472750324,0.0170123883211807,0.0520206741309694,0.0111744178485215,0.0266978125188903,-0.0106787658764959,0.0126007068248088,-0.2999079639692826,0.1644113025699694,0.2036309092852808,0.2052015994481394,0.228945550562954,0.0115927402548867,0.0551116942092111,0.0223188699392564,-0.0210450007203932,-0.0080133735684049,0.0965154337608895,-0.0728229645643109,0.0078747474388478,-0.0142361969419705,0.161792113803006,0.1009240340818578,-0.1491496628009389,0.0102885084692825,0.0562513801014734,-0.0796881827816561,-0.0024030239840814,-0.0421781242195009,0.0102885084692825,-0.187385415131191,0.1943818274663558,0.2485632191527915,0.1990482327679394,0.18776211525548,-0.0430411907676065,-0.1182327286305787,0.0438537646305374,0.0545755211262779,0.2126003964357403,-0.0835898435568943,0.0565337482729326,0.1673550798065539,0.0014704283679014,0.2211548184615737,0.1192402689700464,-0.0749154595287688,0.0365790751429939,-0.141385382866886,-0.0452605530096374,-0.0797101449275362,0.0956400966374648,0.0105778154815123,0.1727880609895928,0.2088634248382565,target,1563,25,82.04968053486152,0.1942552163445103,0.1964636414642512,0.0639597751781315,1.6616915672312047,1.680582804580665,0.5471226001314453,1.6616915672312047,1500,0.666226526811103,7,0.1503286699140586,0.0403766671865355,-0.0186982748809,0.0,-1.4646290971577516,-0.798402570346644,0.4198563219536149,0.1545360056217233,64.10010645797888,60.67204098785618,82.04968053486152,2.324259131235994,-0.2021585472942175,-0.0334553272403489,0.0339029909710109,-0.2731564942238236,0.8680246759965684,0.0075398628428635,0.0,0.0310095664193534,2022-10-26,44.0,12,-0.1206709908149026,-0.0959427249303074,True,False,False,0.5454545454545454,3.0,0.2727272727272727,-0.0413078556570135,-0.5949075777619669
COO,Falling Wedge,bullish,1,0.6437522110771423,13,136,2237,2238,2025-08-12,2025,0,73.12999725341797,72.32579967224945,100.23189682408128,58.76000316722974,0.7513403095047566,0.0111190969863148,True,0.0121701001377632,0.0200782489446649,-0.0268638513466314,-0.1296829415844959,-0.0450450882020325,0.0400423317264877,-0.0557540058458305,0.0085643996962558,-0.0250583567591315,0.0218487239746349,-0.0303208499147403,0.021804243222294,-0.0016051847120758,0.018120692404377,-0.0282296996410789,-0.0048804567362803,0.0381999618916659,-0.0281594975776274,0.0872710183532907,-0.0597290420501371,-0.043724944762547,-0.0132791634006983,0.0249941857009782,0.0072474556077826,0.0068598552571428,0.0113108855277259,0.0060232565842515,0.0017947441591477,0.0053811750090648,0.0408584485422689,0.0205190381066133,0.0304699890946504,0.1102131352321065,0.018110993411341,-0.127893521075796,0.0053925056212502,-0.0400958226349836,0.010629251493806,0.0458428708524254,-0.0616118901698243,0.0064894464180287,-0.0263359907602647,0.0100873818327786,0.0580046390021955,-0.0563438867887968,0.0038051231348831,-0.0747982195644474,-0.0861175415971724,0.1266889598185252,0.0877634316079025,0.0480747203077871,-0.024234601163541,0.2146013547701544,-0.037573989089258,-0.141684618722502,0.0095277261328501,-0.0525437978462365,-0.0896407454412124,-0.230272087419346,0.0249298949286291,-0.100896147894282,0.0169529051080592,-0.0261688118640459,-0.0842102012686276,0.0310371956528039,-0.0456464517262611,-0.1139489759898911,0.0842784731521884,-0.0596499312171322,-0.0392451145217752,-0.0858657227906422,-0.0135292122507062,0.1032327518540914,-0.0880201158662631,0.0711522368238564,-0.0537014414298389,-0.0852298913115303,-0.1817008880546131,-0.1084130962476085,0.0479197146847132,0.1108258565232367,-0.0199476940635098,0.0937353628213193,0.0432388454997443,0.0378231742338932,0.1052904537970984,0.1470167660082839,0.0218529999458843,-0.0210202569127095,-0.0080133735684049,0.0474385938970436,-0.0517426538409742,-0.0581156865803295,-0.1116868339384896,0.197384285220985,-0.1104052668908651,0.2471906351317765,0.0086752867796933,0.0970183601670429,0.0004939523899343,-0.024440809104413,0.0978280878448063,0.0438537646305374,-0.1294723924904194,-0.0036369000329048,-0.0117542843086574,-0.161021031564467,-0.235016142023241,-0.0057241914085011,0.0868005910299352,-0.1190787457829135,0.006244755104398,-0.1611153340345388,0.1354627079287444,-0.0560800530096761,time,2297,60,68.87999725341797,-0.0581156865803295,0.0422535769634633,0.155203048002174,-0.2957551669478349,0.2150316798150338,0.7898401631932597,1.886006313441172,2101,0.3571253317148748,5,0.0009619002513398,0.0810957632102611,0.2778678906233085,0.0,-0.974561976940427,-0.6174366452255521,1.3265847565373594,0.239234825145861,72.32579967224945,58.76000316722974,100.23189682408128,1.606428963797433,-0.1501748994895209,0.0159272739167168,0.0220997236186962,-0.223646218373111,0.9313728790105726,0.0047968958868542,1.0,0.0330311045935216,2025-08-12,37.0,10,-0.0617502915337407,-0.0196522817635802,False,False,False,0.3333333333333333,1.0,0.1111111111111111,0.0085969157397702,0.4389029542549931
COO,Falling Wedge,bullish,1,0.6762626681383309,5,42,2362,2363,2026-02-10,2026,2,81.7300033569336,81.28781668387455,89.68586062496098,78.64980600103982,0.7348921511783708,0.005439765651213,True,0.0204331102453532,0.0349365366882791,0.0169815403086599,0.0073324514346457,0.0255389317116769,-0.0036045701787201,0.0143082153547058,0.1585073751422061,-0.0120845508826517,-0.034702720578008,0.0218924319144679,0.0192628094268281,0.050697876977152,0.0053694274268278,0.0149376785072472,0.0030133549568767,0.0039713794230151,-0.0346107711335141,-0.0268638513466314,0.0330355970346183,0.0360873692551584,0.0195958241138629,0.004499820301932,0.0212895851254351,0.0259421306517032,-0.0762186098889743,0.0126323311668157,0.0174601629510968,0.0005839695855049,0.0202209815278793,-0.0567433526972487,-0.0420867976418105,-0.0757895017925062,0.0223799228500103,0.0330900838972452,-0.0515802189847982,0.0515492273053335,0.0022744809308705,-0.0648025050560632,0.114827249693356,-0.0151927277394054,0.0507408723281959,0.0203106229876328,0.0485395158521992,0.0085617248771314,0.0202517135178118,-0.0976386030731345,-0.0688329356728577,0.0311974727237347,0.0249541444399921,0.0069346404468224,-0.048043395565122,0.0414634360915466,0.0068975611192754,0.0209449097179565,0.0185545089001228,-0.0268786759779786,-0.0694830484941126,0.0880592282550205,-0.0196399672320358,0.0998019056174301,-0.0404880333483329,-0.005735378708027,0.0888089885147926,-0.1446941599326859,0.0625946475941283,-0.0752316950731522,-0.007572461782811,-0.1002608344384627,-0.1256577003626132,-0.1046590946489085,0.0371482343223332,-0.0834551827662171,-0.1597272781464451,0.1397504631156356,0.0337716191029782,0.1192365404301154,0.1747911494742511,-0.1274089751128234,-0.0761170078871129,-0.0093630987984597,-0.0495818364597087,0.0974691396265459,0.1750720817955771,-0.0272715667280682,-0.0679123292099536,-0.0096372792880516,0.0052801359776764,0.1469435622022383,0.1522466574821508,-0.1459688306306714,-0.1419210102877127,-0.2522941624819195,-0.3056952113739326,-0.0912470405097025,0.1474719164332665,0.2695422545977315,-0.0231581685980553,0.1990466530245129,0.2126003964357403,-0.1589422297431242,0.032205139026064,0.0975569954789956,-0.2331666205685545,-0.0018406697430519,-0.2903872868037226,0.1746560032669939,-0.1707026705883616,-0.0619965519524273,0.0859637877339085,0.0130087250603911,0.0194852599099333,0.0186687544178982,0.0973118737757812,-0.2690979885146303,stop,2379,17,78.64980600103982,-0.0376874737474541,0.0353603238828603,0.0823443421082724,-1.0,0.9382513701982752,2.1849260223719544,2.5829050378230898,2318,0.6167400484290458,6,0.0568823847846275,0.1905806385234973,-0.2547171600653152,0.075,-0.9927077436363212,-0.3759676952072746,0.5056123417583703,0.0965045159333363,81.28781668387455,78.64980600103982,89.68586062496098,1.7485722133091517,0.0911148399582733,0.0038050268182876,0.0214364621778967,0.1508183247127701,0.0578027289485521,0.003681828792386,1.0,-0.0043730880317873,2026-02-10,54.0,14,0.0618074771391008,0.0544557645959455,False,False,False,0.2307692307692307,0.0,0.0,-0.0209215314508623,-0.161653202686796
STZ,Falling Wedge,bullish,1,0.7214922686466949,8,81,1259,1260,2021-09-17,2021,7,192.6700229876797,195.8159977451814,226.40123052432895,188.27940025432468,1.29241897888287,-0.0160659741478099,True,0.0053428622128364,-0.0154212829540827,-0.0010861520059062,0.0055539359120719,0.0067946481138161,0.0155758108466548,-0.0048634999172948,-0.0229935379469765,-0.0311594096496635,0.0119418093756753,-0.015492401158496,0.0183670060210132,-0.1286422321421744,-0.0275899559859177,-0.0016067569688309,-0.0037469656833588,-0.0864004899978098,0.0518968769690051,-0.0084092577771343,0.023221167110855,0.1068148306874994,-0.0026099961551031,0.0100645907304401,0.0094092058622796,0.0108809290858356,-0.016655119728514,0.0150686079424504,-0.0092508266173636,0.0034546030405635,0.0875000180442922,-0.049348010651513,0.1070473550183002,-0.0189499090514663,0.0942031399287102,-0.0232574699283275,-0.1154774180168141,-0.0106639392153694,0.0235781220794906,-0.0137304007760102,0.0477286396606453,0.011803949358512,0.0019476623735286,-0.0338384008274995,-0.0291909404715402,-0.0026276388285897,0.0059421046956054,0.0352733531350915,0.0100020101687405,0.0111299551148402,-0.1214430096243899,-0.0234549910660099,-0.1816140937321239,0.1069719067182626,0.0341222543350396,0.0138199009800372,-0.0504254652727552,0.0331353147846771,0.0383303790462854,-0.0198095653314323,-0.0032616164711058,0.0161278690336819,-0.0294738463743252,0.0296599263396601,0.0071062554065302,-0.0106166111342824,-0.0333127551401891,0.0732204601619537,-0.070712923483339,0.0442983859205407,0.0742463406043549,-0.0002337799306886,0.0252388293351053,-0.0884281047887107,-0.0061968887347891,0.1339816771310267,0.0405354385841316,0.0115768896228796,0.0252518451584535,-0.0202087111500987,-0.0357143480059911,0.0344020289862692,-0.0935661022453351,0.0025577861709031,-0.1409011395275605,0.0388595026109326,0.0873646239181118,0.0532721983732489,-0.0081996955625427,-0.0063142467849157,0.0625357978101148,0.0720900433586662,0.0648394693913599,0.126248021424745,0.0533772508661416,0.0535455553622674,0.0309012132361876,0.2402228064925164,-0.0212309247877026,0.0879585548048664,0.1053154395944195,-0.1208778883071047,0.0078287933316723,0.1432387363073899,0.0915436840475361,-0.0613759838489711,0.0357493116357936,0.3373935097302338,-0.0370607189154127,0.0987573892514572,0.1060088513046135,0.0964677327113729,-0.0743601959586534,-0.0319218885174964,0.0297234542111848,0.0703566498404364,time,1319,60,216.9942321777344,0.126248021424745,0.1389637976905619,0.0172112123273173,5.540036269859124,6.0980320381653295,0.7552652268568191,7.682556572305246,1171,0.6023031089487622,7,0.1402028845850426,0.0430122468233966,0.005425321483943,0.0,-1.5638431714357706,-0.9615400624870076,0.639796152989265,0.0921082628680441,195.8159977451814,188.27940025432468,226.40123052432895,3.090932672674439,-0.0417434295584501,-0.0147856976752518,0.0157917390157925,-0.0784708425845986,0.5815639677076945,-0.0060802152847723,1.0,0.0067158364575421,2021-09-17,53.0,9,0.0660028574500537,0.0271281940035275,False,False,False,0.0,0.0,0.0,0.0209101097015302,0.472402599498631
STZ,Falling Wedge,bullish,1,0.6192201023906272,3,30,1783,1784,2023-10-18,2023,1,218.8960320059553,219.69495469594492,262.5754771039947,211.17322547531444,1.1476377269413685,-0.0036365090454413,True,0.0009410323971106,0.0320352887311229,-0.02485250249091,0.0531683418864759,-0.0084005413728279,-0.0114966155768897,0.0276069212719929,-0.0116287420670838,-0.0353240696556692,-0.0109390890743756,0.0447624348885651,-0.0133700920934448,-0.0075285437174719,-0.0894508897213752,0.0172892945309792,-0.0120795416447098,-0.0056596335883475,0.0352196654007896,-0.0022645705877293,-0.0116847265878315,-0.0247910548990193,0.0247659809814309,0.0042739311029832,0.0017536177257324,0.0209901890307768,-0.0222581282411495,-0.0572412538425238,-0.0733216802535979,0.0393082904747768,0.0602704745171589,-0.027063889713816,0.0479041181379826,-0.189433740564152,-0.0063438087133043,-0.0004877076409276,-0.0195593278844677,0.0240722544762408,0.0115133655425805,-0.0046300300535516,0.0242998992985667,0.0431949688127542,-0.1826785391545374,-0.0248760651839545,0.0078527949571585,-0.0073833809856294,0.0195966870264521,0.0284590738741108,-0.0150029255727655,0.0494227632573502,-0.0728354666199359,0.0083758194633962,0.0712663744336816,0.0278244245859033,0.0625689887520581,0.0296599263396601,-0.0677719663686632,0.0011395225794847,-0.0754872878818033,-0.0475856014095087,-0.1193756568217695,0.1722786464063912,0.0019923344952734,0.0804947866088867,0.0634881087785552,-0.1118094613892104,-0.1945937177537461,-0.0211438332084594,0.0563118166359351,0.0327480478299368,0.0348563796443437,-0.0604214920619006,0.105554847690044,-0.0202087111500987,0.2718876460189698,-0.0678433588962368,-0.1580966076260019,-0.0093555955654046,-0.189417853216773,0.0929935193147257,-0.0540823890707939,-0.0601218519373499,0.0913136850586724,0.0714307782196164,0.0147437786209194,-0.048795730292365,-0.0808929374846068,0.110710495872103,-0.0517397211488129,0.0227867237583678,-0.2879093881624555,-0.2640928342659618,0.0604131548575158,0.0964677327113729,-0.0100539436120223,0.0354521096317548,0.0309467553259561,-0.0567263559664837,0.02251997049869,0.2531229111677042,-0.0805006289343874,0.0206167176110632,-0.0349484503583323,0.0117825903918946,-0.2226136357490388,0.0280846404212151,-0.0874467315642355,0.2111976389702248,-0.0819515996930221,0.0795438731088873,0.1531956171274915,0.0044970688857361,0.0512798168786912,0.0514155534619797,0.0003926658719342,0.0769747063569868,time,1843,60,240.012435913086,0.0964677327113729,0.1175916550133535,0.026347194890882,2.7342914552306343,3.333030107294462,0.7467876339021879,5.655903061243033,1752,0.5745015333984504,5,0.0068512480402099,-0.0508872055033028,0.5094290356439344,0.0,-1.805607129663112,-1.2311055962646595,0.6245967661952363,0.0919396701888938,219.69495469594492,211.17322547531444,262.5754771039947,4.829732612610286,-0.0201963822557667,-0.0822179068498772,0.0220990222488296,0.0317929606040603,0.0444049348452961,-0.0016822338787952,1.0,-0.0192187487181673,2023-10-18,43.0,7,-0.0645915199628246,-0.0467230635959001,False,False,False,0.3333333333333333,1.0,0.1666666666666666,-0.0870601677196414,-1.7776661921217998
STZ,Falling Wedge,bullish,1,0.6196462229426126,3,26,1868,1869,2024-02-21,2024,0,231.6312358016612,230.7170505398992,244.57627257383692,224.40344931060892,0.5863872311703952,0.0039623654152247,True,0.0075738426775104,0.0031095733233712,-0.0418086312416732,0.0070903778703539,0.0328713765312289,0.0328713765312289,0.0074597158893983,-0.1286422321421744,-0.0279999834191739,0.0247524006359911,0.0090273995932155,-0.006129715009713,0.0013864038161723,-0.0094910363145036,0.0134726043886523,0.0261633767733702,-0.0206928812285916,-0.0094411661644872,0.0496614471767118,-0.0180265724353542,-0.0044479799718032,-0.0095936633390626,0.0111497117805211,0.0114828860318534,9.43049275128338e-05,0.0075172689733413,-0.0081929685461458,0.0191524346982099,-0.0224514791934,0.0209924225037854,0.0226652371410052,-0.0395161394825815,0.0907591904681248,0.0624968581244478,-0.0112961956648476,-0.0078598380569615,0.016879427258011,0.0591896835959444,-0.0559868350976907,0.0121033328632527,0.0447452599981821,-0.0984085957213887,-0.027171197871451,0.0162950610278276,0.0353932837293169,0.0046175754945043,0.0933299799276561,0.0574437353808394,-0.0181449264390642,0.0494227632573502,-0.0909877442382149,0.0819599312765686,0.0639760890915159,0.023630467174379,-0.0010995038162222,0.1096436571057981,0.0139772854247433,-0.003558396484575,-0.0412138670877659,-0.3439567706458247,0.1149808149107229,-0.0460632752414849,-0.0141983043360165,-0.0005578921435714,0.0218407271102707,0.0578624839071209,0.0913484531103066,-0.0771223407282648,0.0937429973672675,0.0533432463525576,0.0591724730028275,0.0013080594345542,0.0818776352283299,-0.124216623215185,0.0535251934528016,0.1420395277745441,-0.0420999096137687,-0.0820801588836713,-0.0090876835314848,-0.0211597235472047,-0.1123824941490185,-0.0314302766414984,-0.0144323239648178,0.0216434336713644,0.1112713749321212,0.0054359742306109,-0.1125303894635644,0.0357162264272947,-0.0971536121102754,0.0999080509611602,-0.0166009644965441,0.0588656805277702,0.0440989582852344,-0.0081273371230683,-0.0532364572187444,0.1356471329202773,0.0098892289712568,-0.4337447682151355,-0.0969392374724046,-0.0739290704668378,0.3154200460461627,-0.0111772938161791,-0.0440785118699725,-0.0616284295418897,0.0983531525924135,-0.085744902674185,-0.0699629669956649,-0.0857694302957305,0.0275851776230433,0.0419578778558358,0.0371031311771212,0.0404979605554138,-0.0442123491672671,0.1437242532331397,0.0546112311232018,target,1881,13,244.57627257383692,0.0558864037804478,0.0711783956275914,0.0062301440177912,1.7910098462649993,2.2810773065874383,0.1996594614201473,1.7910098462649993,1842,0.339782508163988,5,0.0151854491342067,0.0647594793332935,0.1561201425285994,0.0,-0.9426979288145736,-0.6029154206505872,1.2638916093335937,0.0465855975015961,230.7170505398992,224.40344931060892,244.57627257383692,3.986263930148955,0.0004473036082299,0.0027012007022662,0.0172074235693122,-0.0446251148278045,0.3779273601322735,0.0019978930128687,1.0,0.0254713184337234,2024-02-21,53.0,9,0.0325130109316749,0.030589026771129,False,False,True,0.125,0.0,0.0,-0.050821247729851,-1.3517901148722784
STZ,Falling Wedge,bullish,1,0.6372905222179825,3,29,1989,1990,2024-08-14,2024,0,230.5429949253323,227.9481963001358,256.289097400341,219.46558880161345,0.5775498941032741,0.0113832821110808,True,0.0095286626597275,-0.0107078685020116,-0.017484751394183,-0.0188895704305862,0.2313159471039416,-0.0047651492493678,0.0317891017275648,0.0113807638108349,-0.0181791253810239,0.0017485505766989,-0.0185141654161254,0.0233114494145088,0.0223528113504023,0.096999853780564,0.0435421867814134,-0.0385886851292874,-0.0108802467526772,-0.042233878745463,0.0056506343164755,-0.0061433041657564,-0.0599315200320917,-0.0013619929715439,-0.0020272827999873,-0.008497309979762,-0.0245119167862131,-0.0226298684917107,0.0403539545120432,0.068759746383594,0.0673247998604378,-0.0249193505489422,-0.0296318648460199,0.0289046955948144,-0.0040811203683914,-0.1062734298962929,0.0408198502383916,0.0242567212132591,0.0662918054803265,-0.0353663395851741,-0.1792916264029246,-0.1584197214788495,0.0149237143986067,-0.0057321149295046,-0.0328469928476375,0.0354889726071827,0.021773695033322,0.0010174137239114,0.0382791994757691,0.0208269257185689,0.0501239034292335,-0.0344546978123639,-0.0087517140271866,0.0856782012220895,0.0461695574892306,0.0789067352943548,0.0429484015313874,0.084018469925069,-0.0801884708140536,-0.0344329764915994,0.0658198601480064,0.074013887299946,-0.0178389624085095,-0.201203489155145,-0.0340049771901512,-0.0935417343184482,0.0103449550560164,0.0413588404653431,-0.0466480043116107,-0.0061848134407636,0.0371725508812269,-0.0116733260291337,-0.0633514878632852,0.0269131501659363,-0.0103094547418867,0.0188744542457326,-0.0577434128044979,0.0322258767619092,-0.0795069662366372,-0.0250139429287079,0.0322258767619092,-0.1827367847970128,-0.0144961583125091,-0.1116146042651707,0.0592621798965027,-0.0008765474131599,-0.0466134688367386,0.0818737956351487,0.0106530726559692,-0.0172218594107342,0.0090832148830271,0.0607679857340077,-0.0620263987238997,0.0021406735574068,-0.0336716683441787,-0.1209090054005269,-0.2714407250871625,0.0190324677820459,0.1304379672699098,-0.0775057891733065,-0.0194132464469786,-0.0834508627414775,0.0341282915455594,0.1233081588926461,0.0463472911859126,-0.2111131785762662,-0.0699629669956649,0.1170896121716837,0.0342172618009559,-0.0236496837047093,0.1015735536912916,-0.2891700698452322,0.0794026560906249,0.113728790276087,-0.0101530006568236,-0.1699323373073668,-0.0123453778527652,stop,2048,59,219.46558880161345,-0.0480491984903145,0.0768470083564796,0.0689645414316542,-1.0,1.5993400674929048,1.435290152562184,2.324199563278746,1960,0.4570053633308407,5,0.0109177169434077,0.00055939118766,-0.2447006776533274,0.0,-1.007714919634417,-0.5507095563035675,0.6599820276200388,0.0899877733768272,227.9481963001358,219.46558880161345,256.289097400341,4.912347201496398,-0.0288179371924759,-0.0348137684116761,0.0214270449299403,-0.0061938547351526,0.6794122662932732,-0.0013384623457874,1.0,-0.0236830570919541,2024-08-14,53.0,9,-0.0417260257950967,-0.0180883493917544,False,False,False,0.375,1.0,0.125,-0.041920069724182,-0.9663563362842936
STZ,Falling Wedge,bullish,1,0.7595515939183299,3,30,2384,2385,2026-03-13,2026,0,149.41779862000598,147.6806875233076,171.5939025870989,141.10071506021563,0.5887748984559527,0.0117626151789429,True,-0.013060728394266,0.0139280109992054,0.0127391356866266,0.0204050916678808,-0.0088023324113311,-0.0157313476556713,0.0097227745597374,0.0096670888635126,0.0054524917362046,-0.0467176306764789,-0.0145030641340628,0.0391978911367683,-0.0201461175453971,-0.0121799969262,-0.0003905565039086,0.0191781654207381,0.0208353108393348,0.0481689674353134,0.0215534677108983,-0.0292330756786727,0.0073466809773441,-0.0273823102300012,-0.0150197601078978,-0.0013192940493349,0.0473929606342236,0.0316472786960653,0.0389775206965936,-0.061687879094617,0.0910805880623466,-0.0399208854414274,-0.0081505634099957,-0.0354310988953812,0.0352126204972864,0.0093360411272267,-0.0945609409536748,-0.0089586540687198,-0.0514847681220664,-0.0092540605438682,-0.0438560287795004,0.0507196821177333,-0.0655978637093775,0.0182948627461116,-0.0112444903623888,-0.0546748921166698,0.023180670472831,0.0079993490047396,0.0857519560091837,0.056436699366301,-0.0499070185561277,-0.0107168683639402,0.106364523792874,-0.0524994779742821,0.041100800475017,-0.0198797006938787,0.2265709501164734,0.0612295298779612,0.0864930889042516,-0.0221934119077604,0.0933153044310661,0.1722786464063912,0.0679056876189367,0.0233407207516205,-0.2272341431990621,0.1173761540771924,0.1124301552147406,0.0345925658731676,-0.0387465842277228,0.0411674303438223,0.0476025383611466,-0.0543518731908655,-0.1634799406427017,0.086922351131933,-0.0308130100449668,0.0353445322192436,-0.0634354272194346,-0.1827367847970128,0.0472402368937057,0.1046405199799029,0.1546474022136579,0.0737932308452968,-0.0283378557873829,0.0115768896228796,-0.0992040826430732,0.0322199942597059,0.0821114522345554,-0.0452029497740463,0.1277844103517391,-0.0532697525108448,-0.0991609430383578,0.1234264247090468,0.0607345292597762,-0.0712659315861817,-0.0697574316001248,-0.1755099821767367,0.1809193836493448,0.0818447350200419,0.1515923476073333,0.2452358783282195,0.0572395832971333,0.0497695838047629,0.0333681802623135,0.0201486876112286,-0.1122574967595138,-0.0048908477669232,0.0145466188620573,0.1348834383016388,0.1027261735124045,-0.1691663343358721,0.1095994259553094,-0.0680460105845588,0.1316882516441404,-0.0101530006568236,-0.0305826548175676,-0.0650579669552391,-0.1124278303990963,stop,2424,40,141.10071506021563,-0.0556632719569243,0.1121371787491236,0.061589798678184,-1.0,2.0145631905343677,1.1064710447823831,2.666331750507497,2354,0.5956923846007762,5,0.0188605337084174,0.1536716172331373,-0.2932920527467582,0.0,-0.9847862312714132,-0.3890938466706407,0.4548896193250736,0.1379794123865102,147.6806875233076,141.10071506021563,171.5939025870989,4.006488435454112,-0.0025404797018215,-0.0285329296968532,0.0270747422757741,0.0652065769938339,0.257485494997492,0.015709280791234,1.0,-0.0278597781989681,2026-03-13,7.0,20,-0.0109049374994596,-0.0122178140024133,False,False,True,0.4736842105263157,0.0,0.0,0.019454525181178,0.3610106581429679
CPAY,Falling Wedge,bullish,1,0.6146052251531101,5,62,576,577,2019-01-02,2019,1,183.8600006103516,183.46405882476452,229.0165643179286,173.54049805695848,0.4294576864852029,0.0021581436065645,True,0.0310562748553895,-0.0081815053170255,-0.041029458846889,0.0338001607342133,0.0402221251014034,0.0004419043527073,-0.1030948445683814,0.0154420185412245,-0.0136332838162581,0.0208450400741349,0.0855678451186514,0.0611357752284174,0.0197067058378921,-0.0264501726062192,0.0840570002517981,0.0061599934895832,0.0997571584964007,0.0172696997625525,-0.0215851984965282,0.0072070665953756,0.0459777951927693,-0.0203692157451923,0.0154848691205067,0.0405199441069874,-0.0108438376780262,0.0731531091638513,-0.0012886648620713,0.0382332464494286,0.0078861462376345,-0.116736665673736,-0.0222222038933465,0.0438263022651306,-0.0091857202476725,-0.0326175790453158,-0.108000018780048,-0.0160853376104105,-0.0408698785891852,0.023611087205591,0.0123322215704873,-0.0973367429101166,0.0558637059486706,0.0377549647627466,0.0163043395237783,0.0187843904005324,0.016086238993213,0.0455452970615293,0.0976286135573498,0.0102097838540125,-0.0016479296369801,0.0657066054753749,0.0375,-0.0158020660080115,0.0003750967395821,0.0193187555869132,-0.0929722380269427,0.0194580058329536,-0.0414493205743013,0.0234653417203378,-0.1191891965207396,-0.0133105146891733,0.0274803226387725,0.0221175405131208,0.0805784168288339,0.0916438546053948,0.0271053719123255,-0.0350835544701745,-0.0461073497797819,0.0253289526475644,0.0939028088175964,0.269063423564015,0.1393854060908215,0.0265490792358318,0.0009945102838093,-0.1482080030442711,0.0976333269291849,0.1411195198567834,-0.0456761024233096,-0.1577207227232869,-0.0276151109154801,0.1877892956007016,0.0179517179024422,0.0526777236609874,0.1791782583246874,-0.1663268874349172,0.1451963885793179,-0.2081143402322112,0.0751754941225886,0.0046802659471436,0.0825390005793451,0.021627482243177,0.0284782077955163,0.253666968349613,0.341183484821588,0.1981938015559048,-0.111088649234699,0.0776992936427851,-0.1019335706012851,-0.0861376626481487,-0.0157039665869416,0.232727235736269,0.108429377833674,-0.1636412069312965,0.0414000447591145,0.2049508816793508,0.2125133083806238,0.0922404514607575,0.1539064312023974,-0.0246690655893165,0.1152360875705575,-0.0338463845832991,-0.2197764622815861,-0.0436260469260787,0.1393324742704675,0.0231996894439656,0.3111228717917224,target,612,36,229.0165643179286,0.2456029781228808,0.2539432301012268,0.0207222753505161,4.3758469435844365,4.5244431308420285,0.3692036063638582,4.3758469435844365,513,0.7115249813080127,6,0.1189464965612465,0.0301235055871242,0.1047770929282281,0.0,-1.0280471687707735,-0.3165221874627604,0.3147589972849852,0.1833792727778345,183.46405882476452,173.54049805695848,229.0165643179286,5.445716857910156,-0.0995841334674126,-0.0228398856463583,0.0293490529148151,-0.1270699793802472,0.6744192923572849,-0.0140534169351522,0.0,-0.0870996500974248,2019-01-02,37.0,20,-0.0591489405090421,-0.055201522332382,False,False,True,0.3684210526315789,3.0,0.1578947368421052,0.028198161994425,1.0845491470516566
CPAY,Falling Wedge,bullish,1,0.641694362618066,8,87,1023,1024,2020-10-09,2020,0,249.27999877929688,246.0591902946669,284.8376306081137,222.6687860644213,0.8057602536625466,0.0130895679237703,True,0.0012435717270211,0.0078224178603369,0.0222184609978068,-0.003640213296213,0.003194299300264,-0.0012001328620426,-0.0452310581332875,0.0346983618703582,-0.0214862542465827,-0.0732964072470553,-0.0530217507876867,0.0146847497458786,0.0345426991394046,0.0441334873166574,0.0493036503244193,0.0152901993858427,-0.0102857317243303,-0.026899070185796,-0.0643123858219386,-0.0139327675418408,0.0053473655422016,-0.1287506843194488,0.0121757308541906,0.0397946625333434,0.0506931432129079,0.0153237328135469,0.0066969312896867,0.0565190582417678,0.0274958757864536,-0.0129661916894284,-0.0974167806092525,0.0302284799095031,0.0651022426041443,0.0700052357521687,-0.0670155656051098,0.0609317635654997,-0.0566198051055145,0.038107190813337,-0.1005107379230628,0.0250865625258756,0.0834270155151046,-0.0056536041781652,0.0140624693510211,0.0703489935891124,-0.0369506698052206,0.03048455269127,-0.0688783626966677,-0.0705086349522142,0.1907066733913582,0.0600939957400878,0.0557135119323011,0.0411371871618619,0.0656992514452357,0.0348715031278072,0.0089361947761616,0.1062125639954445,0.0883575911605609,-0.08407214607923,0.0478211704921092,-0.0275182000203353,0.0544418310058778,0.1023152309238231,0.0324585417761504,-0.0819930485813027,-0.1156606773428089,-0.0059529288152877,-0.0319424553733502,0.0291976593777814,-0.09741953520138,0.0976411924626183,0.0418615933730537,0.1578080269780835,-0.0460287384640032,0.0965874318149404,0.0420296035921432,-0.1509995633228384,0.0263954955972454,-0.0548212315409232,0.0889974057049565,0.0240890402824298,0.025110006044853,0.1288915073091601,-0.0603460292090183,0.1223656439012097,-0.2569224411778017,-0.081792394116096,0.1344710759263976,-0.00116532616785,-0.0950840141937022,0.0595190305762145,0.0020571113894207,0.0895831104163773,0.092065197045152,0.0189729762754187,-0.083005607903139,0.3222450425488228,-0.0500956960371127,0.2864168975689938,-0.0221225792242658,0.0292318812842804,0.3120725013182051,0.0512360387289119,0.0694070617934059,0.169577537812483,0.1145574543651133,-0.2792928700449711,0.2522244873370649,-0.125271657463896,-0.0522783445665118,0.0161926381885781,0.1610937704656476,-0.1151573647535312,0.1004002893936721,0.0762518155739919,0.0303810322258648,stop,1036,13,222.6687860644213,-0.1067522979989907,0.0442072732174094,0.1137275603431611,-1.0,0.4141107409025273,1.0653406294282892,1.336189831324007,936,0.3720930990690582,6,0.0515790648355127,0.0402011610219477,-0.0235682067686638,0.0,-0.6598717212458854,-0.2877786221768273,1.0696834863519111,0.1633121543415862,246.0591902946669,222.6687860644213,284.8376306081137,5.699284144810278,-0.0251136495818682,0.0211849060226252,0.0230637535135497,0.1323374671136838,0.4019226085502175,0.0107294587761195,1.0,0.0424428064295907,2020-10-09,30.0,19,0.3499099451975953,0.1355778475455884,False,False,False,0.0555555555555555,1.0,0.0555555555555555,0.0252647756577027,0.7661218392468797
CPAY,Falling Wedge,bullish,1,0.6334267455306368,3,30,1921,1922,2024-05-07,2024,0,304.6000061035156,303.5526384626121,321.2342834472656,293.04201447281605,1.1740128975333792,0.0034503657955604,True,-0.0699278328422233,-0.085531565691416,-0.0173175239925799,-0.0079090210425485,-0.0139327675418408,0.0309419413776954,0.0133688931046092,0.1085619713649277,-4.590321513819884e-05,-0.0221089931280206,0.0213300597423613,-0.0058457228291463,-0.0374529032121605,-0.0465269057636823,-0.0359574338223072,0.053801656398823,-0.0308534392810299,-0.0403915051163349,-0.0261973291300168,-0.0047701254658315,0.0459237037268778,-0.0251165110066549,-0.0679029399006234,-0.103381549970329,-0.1346279561640704,0.0294787041480895,0.031562740569669,-0.0587873881892977,0.0358810341349147,-0.0773328577176398,-0.0231383367597344,-0.1269239114660706,0.0409046306387803,0.033076907426883,-0.0251339124561401,0.0320427456438994,0.0036960001709134,-0.0973367429101166,0.0477911898974328,0.0294731969916757,0.0364555411326421,0.0233727883989203,-0.0490444497982291,-0.0563029280519773,0.0268876906947386,-0.0962126820952966,-0.1516086400211278,-0.1892789227236315,0.0118580592445849,0.0680062095073936,-0.0976268044499927,-0.0186257807341502,0.1179475323130312,0.0910478007653583,0.0678227478434747,-0.1486509582103353,-0.1119043445969457,0.1059361322365306,0.0111903891605285,0.049623035794128,-0.0511515890228733,0.0576872203224243,-0.0186799899307723,0.1058613239040031,0.0275644200614353,-0.0117586415982585,-0.0342112118580746,0.0519498433336211,-0.1653029097253834,-0.1120157400968406,-0.191915900372505,0.0050174301094294,0.1766901150555677,0.0976208827994833,0.1730369095356232,0.0085434909151504,-0.0901572344659836,0.0349365746093701,0.0438653932049377,0.072239154822943,-0.0316770011744631,-0.3952683506930126,-0.0973338459100005,-0.2666178544709442,0.173576138419101,-0.0245107087359056,-0.0649506217417396,-0.1306972230902431,0.024807010363846,0.0131313439571494,0.0214676059553646,-0.0992017005701243,-0.0975049626129618,-0.1350769517083172,0.0420965327424947,0.0982128020475108,0.232727235736269,-0.1164443465887473,-0.1691449790154866,0.0833194153295329,0.108044368551144,0.2879988014563668,0.2013530939147292,0.0554163923476664,-0.0295353541724632,0.0815219741529393,-0.0730257201653135,-0.1451402499496873,0.2951286117821223,-0.3340682455372495,-0.0563020781102011,0.1273613302518761,0.1896586842760399,0.0748889936720824,-0.1452083257490431,stop,1923,2,293.04201447281605,-0.037944817462583,0.0063690164232858,0.0984898207447992,-1.0,0.1678494416152148,2.595606655425842,1.43920136605456,1891,0.421078453206215,6,0.1725510339801269,0.1295249216052976,-0.0793673209998586,0.0,-0.8056725056599917,-0.384594052453782,1.1373689229338273,0.0642000833422219,303.5526384626121,293.04201447281605,321.2342834472656,5.3507080078125,0.1241204727165221,0.0194202385243242,0.0175594250012393,0.2875855510243559,0.9108490454448676,0.0021811092161168,1.0,-0.0041978662149289,2024-05-07,40.0,6,0.21687275658269,0.0918974516184714,False,False,True,0.0,0.0,0.0,0.0342072054684679,0.3462233907880117
CPAY,Falling Wedge,bullish,1,0.630602451217506,3,30,2087,2088,2025-01-03,2025,0,341.8900146484375,338.11619640532035,392.55903262183847,329.3925374266789,0.7370682531812923,0.0111613057382002,True,0.0302436336098412,0.0551987255409406,0.000723759028318,-0.0217686530314673,-0.0167159151667737,0.0374393577175347,-0.0613903907980233,0.0320168005476242,-0.0067325947857053,-0.037772500672787,-0.0419916796131398,0.0285006141301742,0.0081723660887758,0.033928282138296,0.0123556675665463,0.0147911642195213,-0.0743220728489866,0.0157371831117998,0.0801798681728724,0.0273320913936521,0.0199698746557492,0.0183182553063769,0.0268050597518233,0.0986281238362545,0.0872576284963282,0.0733135398015845,-0.0340899351074417,-0.0240702721578085,0.0746818317700654,-0.1347313142277889,0.0833619589689513,-0.0178414151813359,0.0134566160755544,-0.2309374287816857,-0.0447797356447426,0.0252192049735477,-0.0674114137889586,0.0274579872925713,-0.0243374574393054,-0.0095866535191748,-0.0349775744034932,-0.0016189486228109,0.0072386571490332,0.0039717293567647,-0.0902322312773663,0.1189237665744465,0.1104740922384364,0.1012332490289904,0.1618626697620542,0.1080378288306107,-0.0090541920681055,-0.0329936213808762,0.0807173427241187,-0.0298634095556553,0.0708499096323396,-0.0035241093653717,0.0611410141214421,-0.0557793275131789,0.0908607404467678,-0.0090573604554222,0.025311098481759,0.04411556853147,0.0470775269933576,-0.0260535954288508,-0.118645067307861,0.0706834151022972,-0.0104019222688497,0.0291712690703482,0.0857513033208167,0.0417385369629632,0.0638930660655224,-0.1218236367908011,0.0737806852212636,-0.1664937953136482,0.0077938986634997,-0.0508094916458802,0.0509058486509041,-0.1312669176032707,0.0877207086652753,0.0509058486509041,-0.135213404278794,-0.1308030841370113,0.154113866107064,0.0401538555438703,0.0627472342054324,0.0568865083011131,0.0219686045987115,0.0046802659471436,-0.084232269317142,-0.00144384382563,0.1073054787051432,0.0468947189455558,0.0486412988175009,0.0990411266627762,0.0399019876789443,-0.2020045549931067,-0.0025385599807032,0.122847702329522,0.0149233247054108,0.2214756664301944,-0.0444592624705864,0.118279569892473,0.1716163323573487,0.1133122431982367,0.1402641828517317,0.0933945137309948,0.0145061133530084,0.0733477893910317,0.1545057442482786,-0.0291033289499553,0.0722560967997887,0.1814788791389958,-0.0512226545540067,0.1409395973154361,-0.0185447703061509,target,2109,22,392.55903262183847,0.1482026844963677,0.1723360741340841,0.0010237388882957,4.054339693869122,4.714550133972188,0.0280061405438092,4.054339693869122,2057,0.6771764675086396,5,0.0607568697598105,0.0850819123365231,-0.0046175566813386,0.0357142857142857,-1.3906028553287673,-0.7134263878201325,0.3290479560093748,0.0956991637216648,338.11619640532035,329.3925374266789,392.55903262183847,6.6314239501953125,0.1037353140215411,-0.0391069391684459,0.0193986363369765,0.2638642125787069,0.6423850874770107,0.0032947816942288,1.0,-0.0225745662033242,2025-01-03,61.0,6,0.2080466302900769,0.0998427822710752,False,False,True,0.0,1.0,0.2,-0.0594964016275722,-1.068198208533294
CPAY,Falling Wedge,bullish,1,0.6935709654224645,3,17,2384,2385,2026-03-13,2026,2,321.19000244140625,329.7376380838368,362.8848834294131,308.2482709612159,1.2025824043628195,-0.0259225355409906,True,-0.1050157561877456,-0.078027016794274,0.0442885327781197,-0.0051966885950494,0.1260934336485981,0.0064951609508612,-0.012775729325919,-0.0401026154625554,0.0471393711932468,0.0056675674689541,-0.0323177840933099,-0.0662739339554133,-0.0203019591890348,0.0423470449506047,0.0039665749562989,0.0038247777474653,0.0097970787649053,-0.0232379372164889,-0.0225362363068953,0.0442885327781197,0.0397760708553092,0.0265267821625942,-0.1138891583932661,-0.1128927098913665,-0.064180455207808,0.0036362330459673,0.0533319593503081,-0.0175508312713145,0.0382332464494286,0.0181740129804344,-0.022407770513519,0.0455360199638101,0.015813454837845,0.0313840217315648,-0.0135163290881111,0.0432222228243204,0.0088202769396992,0.055077859018491,-0.0274997238949841,0.0781431347105763,-0.096896145236795,0.0401523950658209,0.0457252486919632,-0.0295113182864998,-0.1040032932012198,-0.1211859435972558,-0.0187427658641712,-0.0480580225070539,0.0629772927798686,-0.0395234516736112,0.0168299463209617,0.0365148836533306,-0.1819553729074606,0.0600939957400878,0.0905012870526882,-0.0237910812341167,0.0530217360179188,-0.0217611783339455,0.0275928134834848,-0.0142219668898436,0.0335856953018034,0.0354910678047666,0.0511576203256121,-0.043946567026349,-0.0088285539820449,0.0642147318178441,0.0092318514088922,0.1090219849275764,-0.0345531025935444,0.0634826239169106,-0.0456454435349256,-0.1246724010113596,0.0682713599582827,0.0899436745531692,-0.1685567285178499,-0.057136731270032,-0.1371821328930573,-0.0153227133683131,0.051688393986494,0.1734615619365984,-0.1085749990393754,0.0388344010883368,-0.0289201781407426,0.0382354877452821,0.039073678455646,0.0077938986634997,-0.1663268874349172,0.131311795200324,-0.0836213676717598,0.0294348499233068,0.0754360710407564,0.0708240722566961,0.114106895040017,0.0083543444634051,-0.1470190551813649,0.1188857324899221,-0.0864271716064547,0.1104616090557455,0.1675898588610542,0.0098655739669588,0.0926343125541437,0.1201775554389172,0.0922462525523093,0.0311796741868763,0.0597064491085084,0.1401509548484698,0.03029300005008,0.0765528430978426,-0.0656008947144183,0.0571416106600637,0.0286317480255731,0.1407192119424274,-0.1215075273472455,0.2154496195904647,0.0605503271610233,stop,2385,1,308.2482709612159,-0.0402930707114748,0.0032068207960015,0.0498769852483012,-1.0,0.0795874014905558,1.237855153940827,3.22173899619447,2365,0.4603811892314371,6,0.0697876727373262,0.0191976488630385,-0.1634982255064093,0.0,-0.7416244071400712,-0.281243217908651,1.0443417163925968,0.1247814356316211,329.7376380838368,308.2482709612159,362.8848834294131,12.457859584263398,0.014324741419561,-0.0279316997741477,0.0392336460559822,0.0125318641559082,0.1066505212835579,0.0108844384456192,1.0,-0.0278597781989681,2026-03-13,57.0,7,-0.1360876034660341,-0.1166379789212913,True,False,False,0.8333333333333334,0.0,0.0,-0.0429353371714883,-0.8103291176710404
GLW,Falling Wedge,bullish,1,0.7613050316134309,13,191,1349,1350,2022-01-26,2022,0,35.71446016112574,33.83646511925246,40.37391801327866,30.442978121033256,3.268836157888009,0.0555021050589805,True,0.0626553929435842,0.0190967022872239,-0.0255572019466521,0.0279269787651084,0.0678749373497391,0.0366150928499831,0.0416204980197683,-0.0272387481639789,0.0624003910301602,0.0114052587558559,-0.0899543895780875,0.0472014380367111,0.0317624772234161,-0.0131197344652672,0.0567555977125693,0.0101299448841958,0.0113660607651384,-0.0081877525886764,0.0112417843101633,-0.0891737382910354,-0.0137590900304847,0.1020534849196614,0.0500872284656698,0.0678768487625653,0.0238847059126936,0.1546173068620424,-0.1578005233434555,0.19761410806112,0.1993224197783114,0.0566789895089514,0.2441935345366193,-0.0296029608856541,0.08408825314521,-0.024843420752185,0.1003975532426237,-0.0478154827125035,0.0304321231702526,0.1185438971782297,-0.0186175290875119,-0.0163384193631836,0.0390601154903258,-0.0507895673084756,0.1128830019184388,0.1633718269644568,0.0155045986486506,0.0093318575099522,0.0072103360068145,0.0299363803188942,0.0947834969336802,-0.0913413519210426,0.2392613858675685,0.0194821260580331,0.1496312300800002,-0.137543302815535,-0.0407660135344709,-0.0093036603846698,-0.0396566125244135,0.018471330705557,-0.2096362640324675,-0.0114176344020977,0.077902288853678,0.0007408371340427,-0.034779889224935,-0.0311111777302659,0.0356161780230932,0.078730291811045,-0.0755327873678066,-0.0212975847391049,0.0065986916673201,-0.0400964702760607,-0.071195612042651,0.191895163691427,-0.1287449121849935,0.0004967930029313,-0.0661596820625082,0.0197531941546122,0.2066679735577448,0.0351119735152913,-0.0886898641202356,0.2806054395070709,-0.0726767080892991,-0.047897069105052,0.1085229428364975,-0.0308303345822611,0.0642133874750328,-0.1362299612493489,0.1023340554069889,-0.1697427991707031,-0.2312880173096232,0.1746888624623168,0.0369910473457362,-0.052547544530142,-0.1539834872358019,-0.1291205983556075,-0.0939654721312226,0.0498899625275686,0.0505345540678243,0.1265564618373602,-0.048332915009123,0.2734370257327461,0.0142758422562092,-0.0835407900457564,0.0478193046478552,0.1194277632900859,-0.0236371428189895,0.1457567585173131,0.297084317195756,0.1937554601448501,0.0164158667731164,0.0642399203708932,-0.0360001742288482,-0.1293449151228294,0.2073516169910647,0.0778688133357645,-0.2174631001523838,stop,1399,50,30.442978121033256,-0.1476007761648979,0.0808056094178776,0.1552348101337668,-1.0,0.5474605995811467,1.051720825372491,0.8838990281509467,1158,0.4008198022826477,7,0.119167173557419,0.4538194422165293,0.0071988116652836,0.0056179775280898,-1.0130957597695556,-0.6122759574869069,1.312015437867864,0.1487872087608611,33.83646511925246,30.442978121033256,40.37391801327866,1.1975018490018037,-0.0069801364790943,0.048469176468961,0.0343672731782448,-0.0273769908948873,0.1493221573589168,0.1501419636979313,0.0,-0.0911989043774708,2022-01-26,11.0,11,-0.0142620391399532,-0.0172384673459523,False,False,False,0.2,1.0,0.1,0.1108603505411158,2.4279949328306656
GLW,Falling Wedge,bullish,1,0.6045496861681482,3,28,1679,1680,2023-05-19,2023,1,28.932606031884564,28.80508123188747,33.174544596485305,27.93848726327326,0.5735325268852965,0.0044271633525518,True,0.0057416273015771,0.0024454612425148,-0.1157830807011978,-0.0219515034099608,0.0271588568347571,-0.0188693090154444,0.0181665087767293,0.0202791512008426,-0.0224357802028991,0.0053439490570972,0.2505347702854834,0.0022025111698626,-0.0671179744021048,-0.0018559651783955,0.030320988982087,-0.0057681284526183,-0.0739896262614422,0.018181873924788,-0.005097875477475,-1.6061029484149006e-07,0.0457307883439648,-0.0088425444637317,0.0019312547815747,-0.0006951769151801,-0.0209035626027884,-0.0377621419238937,0.0501885533409454,0.0512164595483499,0.0111357992350233,0.0182093275413333,0.0139918376111913,0.0136483724797793,-0.0806066509325181,-0.0162372076978598,-0.0104357389975333,0.0251406055921612,0.1103874296000999,0.1214486456512082,-0.1420337888240695,0.0002021848965292,-0.0815530688193457,0.0041617551640398,0.0369984364748225,-0.0179821494387968,-0.0061558597372055,-0.0038933169533932,0.1232123153997244,0.0750469673250255,-0.0049733476320508,-0.0061245190277677,0.0676510037989499,-0.1020018667868238,0.486977521770596,0.1085807762859933,0.0501383536179957,-0.0284193294653113,0.1043098188042193,0.0479758794121214,0.0137662667326212,-0.0342816670716914,-0.0111996058670362,-0.1015236756773053,0.0899224280808792,0.0511171020523342,-0.0889763642205079,0.0279644483265726,-0.099589985826918,-0.0495346634881967,0.0971233867087907,0.0813733516861814,-0.0099960292218821,0.0425431580682258,0.1434282169864704,-0.0380118796881789,0.0316131099494187,-0.156686775261946,0.0267336997267746,0.0988377021931985,-0.0278489791239636,0.564351362961824,-0.022262913140317,-0.0734330725140425,0.0881852417411281,-0.0728731606658538,0.0935327798689529,-0.004686087661166,0.0209427719025856,0.0273773656726117,0.3411523928005238,0.1577481345020077,-0.0825011579144197,0.0234662561659897,0.0218335059957808,-0.0322299257959188,-0.0059367046001459,0.0425709612506797,0.0080598923106922,0.0050858112714073,0.0143951558038681,0.9075753524356291,0.2239106697226776,-0.1462675666318633,-0.1460141726842826,0.0008272245943528,0.0473302158504556,0.1272248002570977,0.136475925729743,0.0116503893546313,-0.1964067549684793,0.0161066861843459,-0.1059651787092913,-0.0181393243174677,0.1044437469616101,0.0157709898329807,-0.0303013999866512,target,1698,19,33.174544596485305,0.1466144653518595,0.1592580381520738,0.0191387509859737,4.267033978773332,4.635009639443192,0.5570098460096841,4.267033978773332,1650,0.517224865398523,5,0.0691922062568674,0.0107215725076816,-0.2942586927393195,0.0,-2.0740552127444096,-1.5568303473458875,0.7952954134483841,0.0607710288674155,28.80508123188747,27.93848726327326,33.174544596485305,0.5214328134154247,-0.0569319159148122,-0.0533703309311569,0.0180395876340869,-0.0491508239405525,0.1666666666666653,0.0070309638017926,1.0,0.0155750701380301,2023-05-19,62.0,8,0.0369505883739267,0.0297713203355147,False,False,False,0.1428571428571428,1.0,0.1428571428571428,-0.077836136605392,-1.526898419632037
CPRT,Falling Wedge,bullish,1,0.6047940734272824,8,115,591,592,2019-01-24,2019,7,12.477499961853027,12.227680185911051,18.22868780562793,10.501638583106416,0.4139317889317889,0.0204306763133879,True,0.0144259912423232,-0.0018382620709986,0.0111424109222659,-0.0239036814767211,-0.0181268841026654,-0.0195830364773499,-0.0123999786376952,0.0158730158730158,-0.0429107358570889,-0.0081264247528564,-0.0709540624972285,0.0223271432269989,0.0601466055793793,-0.0114773869858395,0.0015259435959038,0.0150390430970026,0.0384006646889272,-0.0191000376900496,0.0084873829963953,0.0272587114137761,-0.0091524801432197,0.0275062295590897,0.0148273691257212,0.0276497910706121,0.0105948861765652,0.12270781595126,-0.0408209180528519,-0.065201991401791,-0.0126422132189149,-0.0213674919172951,0.031171225694639,0.0032827214177713,0.0649514800136528,0.0921712056120331,0.0368306879625892,0.0336721751690842,-0.0646167109715653,-0.0491043885157117,0.0444550813472335,-0.0032849421268741,0.0302542206611471,-0.0049672886917008,0.0292677344981051,-0.0145701425370238,-0.0830536421975164,0.0211930601357986,0.1679022459173529,0.1169627319776904,-0.030605856596692,-0.0114690732323009,0.0392679939115663,0.0175170370885144,0.0381102527666179,-0.0102494664935528,-0.0296562512828859,-0.0879307472176701,-0.0261105616731064,0.114783607230479,0.065810271744982,-0.0462559548762687,-0.0271002578080405,-0.0356907598055132,-0.0233721327411972,-0.0262804138834484,-0.0004458560478645,0.0746629735439603,0.0568496261849102,0.0459570066071712,0.1630126740463699,0.1871368499527692,0.1311526295823526,-0.0072674101999586,0.0900156072007656,0.0271626248364647,0.0007937194338543,0.18863086256046,0.0333333192048248,0.0083053897571387,0.0073575423097504,-0.0216282673701039,0.0636282229336568,0.18863086256046,-0.1052489038421722,0.0480271830390695,0.0637732227717624,0.0462485718060019,-0.0047408224217396,0.1785040967834981,-0.0629530964920097,-0.0178343196837982,-0.0754310477715467,0.1546714820819503,0.302143820125444,0.2044872139187914,0.2410764169164057,-0.0581683316061756,0.0600634430897837,0.0930762742209041,-0.3169957762418735,-0.026595715499628,-0.0830956403344634,0.102584755130616,0.0911848406735276,0.1428280903077241,-0.0879439343639805,0.205672496195183,0.1338122802416672,0.2410764169164057,-0.0359038302285674,0.1187286181107656,0.0541075990067188,-0.0480902564359082,0.0451875190380555,0.2255607326705102,0.2472355202350605,time,651,60,16.247499465942383,0.302143820125444,0.3213784241608602,0.0116208779429097,1.9080283387495824,2.029494233928124,0.0733854640052411,2.9107243583166618,469,0.6070046810545804,6,0.1440356116699611,0.2518930328337523,-0.1798523526071023,0.0521739130434782,-1.3361121915040517,-0.7291075104494711,0.6331082424337202,0.3168361121731153,12.227680185911051,10.501638583106416,18.22868780562793,0.2501784733363558,-0.0858466227235226,0.0109073931007341,0.0202123596701918,-0.137005416710635,0.5892807269705299,-0.0004059358144479,0.0,0.1246479650318965,2019-01-24,44.0,10,-0.0520105766718989,-0.0107692249480412,False,True,False,0.4444444444444444,1.0,0.1111111111111111,-0.0484655147669372,-0.8094179608213586
CPRT,Falling Wedge,bullish,1,0.8377922656892279,8,88,1145,1146,2021-04-07,2021,3,28.53249931335449,27.2947455261789,34.43925814065284,25.4588822124821,1.146139001795813,0.0453476947051378,True,0.0424078163827366,0.0337787745796878,-0.0017779958527641,0.0189896524229973,0.0066004083037247,0.065741181285243,0.0282187650626004,0.0565110484936233,-0.0341220458737446,-0.0302457496552758,0.0420648301609716,0.0380034441184709,-0.0094157687098863,-0.0081982856275266,-0.0993204209411028,0.0348408373496813,-0.0430247274665527,0.039608039667125,0.0213020048691121,-0.0260614789970183,0.0128813274836137,-0.0096510359080517,0.0372606148734745,0.0737755717249672,0.0538214305845619,0.0106244117499716,0.0787415729204625,0.0556814040850959,0.0049826221317499,0.0330411175751181,0.022929711397589,0.0111323274657895,-0.0069021808153098,0.0008573035028025,0.0195312492238979,-0.0223595265592082,-0.0313768575148026,0.0134014759514047,0.0192271531090071,-0.0524901498836636,-0.0030050940403463,-0.0542202195593969,0.0016427809416901,0.0167878698178536,0.0035851316871617,0.0676849665656239,0.0743012666346107,0.0551313042628671,-0.1131163438998068,-0.0364114646948424,-0.0035135308700854,-0.0399686692581295,0.0163389682252943,0.0427871698017863,0.1405742125598328,-0.069720280017643,-0.0241620139994439,0.1140081119923457,0.0435883488425716,0.1285329979353116,0.0166012441692877,-0.0453981268652382,0.0724423226004131,-0.137507335312333,0.0127766616586608,-0.0602097801859209,0.1748494484414249,0.0469082246402239,0.0603312583464253,0.0831508430872223,0.0565778797971121,-0.0880406908814853,-0.0263803859974247,0.1511970559160071,0.0652627925469868,0.1334742826077397,0.1304899856787056,-0.0264584950022584,0.1617015722785111,0.0344300190965118,0.2089086855831496,0.0002031353369613,0.0007937194338543,-0.1061214936446657,-0.0589985818435232,0.0429852271360282,0.0920245411079605,0.0685022812579632,0.1251372149960177,0.1162790417498496,-0.0085591638793022,0.0323093059133429,0.1777797371752738,0.1191714048556402,0.2298603853557252,0.0866879459059888,0.0619676459889511,0.1018707781664631,-0.1360307662115033,0.2428776583225607,0.1413247607502545,0.1530275257355575,0.2428776583225607,0.1926954751173906,0.0301334861200974,-0.1772978761275246,0.0929067591346883,0.1178846352414835,0.1411042829923674,0.1152381772110546,0.1488128152017427,0.0335565032320541,-0.1648049807073418,-0.0634664178118974,0.0982184145782401,time,1205,60,33.60499954223633,0.1777797371752738,0.1834750773217396,0.0011390279203223,1.6503357648036583,1.7032058144829878,0.0105736376028309,1.9217614404936207,1054,0.6795904583755267,7,0.0760385313679415,0.2622713330690338,0.039907302474609,0.0,-1.0258017474134322,-0.346211289037907,0.3878679527613929,0.2322255607524765,27.2947455261789,25.4588822124821,34.43925814065284,0.7016071592058465,0.0517774418937404,0.0202814774094355,0.024743684377803,0.0340048832575379,0.86306998771701,-0.0021266979797486,1.0,0.0535981774185085,2021-04-07,55.0,8,0.2339135005140329,0.1719624545552722,False,False,False,0.0,0.0,0.0,0.0109496700279515,0.2267809569478412
CPRT,Falling Wedge,bullish,1,0.6966371134212452,3,20,1278,1279,2021-10-14,2021,0,36.23749923706055,34.81575612626847,38.20140491011588,33.181251525878906,0.7682991021008897,0.0408361980028741,True,0.0475336290769889,0.0276573803549156,-0.0529472814610787,0.0284951613127857,-0.0224104239544316,-0.0279426916001043,-0.0442792632250277,0.002489167161604,-0.0164567524015076,0.0288032861180069,0.0636350962371674,0.0338690674848105,-0.0307389668562617,-0.017903465784952,-0.0440451034871078,0.042058740916925,0.0251305350516048,0.0530302893469591,0.0760464020333011,-0.0286492829319303,0.0355363557998853,0.0111424109222659,0.0417904650428432,0.0542256003852015,0.0237141618203771,0.0698193297497851,0.0146639764374458,0.1228892767544873,0.0269851145338637,-0.0189852680258809,0.0189163239014262,0.0581879327566103,0.0112859071918329,0.0229213988209155,-0.0201596477503868,-0.0262260679776432,0.0042564471072792,0.0534130144376243,0.0,-0.0083724696179663,-0.0010980519631029,-0.0079138108357186,0.0542878313333785,-0.0960785578822284,-0.04241193539508,0.0424065632063694,0.0499482969685696,0.0071828071502839,-0.0494361215633678,0.0019280033523245,0.017983520537149,0.0168138221095521,-0.0663142819318292,0.0582544795417101,-0.1937663768407144,0.0423030044093275,-0.082980406518076,0.0709548854887602,-0.0206098750359708,-0.120635678795071,0.0060687382195825,0.0607394244016143,0.0340124680674058,-0.029942687152818,0.0956088332752793,0.0647319907436994,0.1248682905060354,0.0339773631648923,0.0467203271695953,0.0293895126272141,-0.0290477060694862,-0.0270600567602099,0.0588501600687771,0.0388336080913374,-0.130820791850631,-0.069488795210105,0.1183786304436638,-0.2421240070873617,0.1345483857676115,0.0792971503979007,-0.0448374123268692,-0.1917211745425711,0.0426529678311458,-0.0487804427525504,0.0416574805033092,0.0217891473643969,-0.1546391788615603,0.0002031353369613,0.0566086294892662,0.0553601691525389,0.0501495404239757,0.0399466553532628,-0.0611245311961975,-0.111479664251379,0.0790211336929513,0.1946362970683408,0.3157427118415195,0.0284601777274027,0.0449321127364654,0.0984010490339539,0.108966585968004,0.0498484175013271,0.0911848406735276,-0.2416062688612017,0.277340276104421,0.0240437096199714,0.0866142045661475,0.122810290185003,0.0741908462246427,-0.0350201972690966,0.0679624172339827,-0.1179848833071309,-0.0930480311301873,-0.3320377624939485,-0.1033474275520023,target,1284,6,38.20140491011588,0.054195397430925,0.0580200333851153,0.0080027850053945,0.6425872045221195,0.6879353750794144,0.0948878961827411,0.6425872045221195,1258,0.3727276996148021,5,0.0080237422164016,0.1052478736323769,-0.17753125,0.0,-0.7814670602175317,-0.4087393606027339,1.012192817370692,0.0853567993625205,34.81575612626847,33.181251525878906,38.20140491011588,0.8505358014787946,0.1361665477240754,0.0150924638493514,0.0234987100055265,0.1724975286953396,0.946859600691437,0.010656488029785,1.0,-0.007273374356034,2021-10-14,55.0,8,0.1467885536216242,0.1171683900023821,False,False,False,0.0,0.0,0.0,-0.0270346549201465,-0.4348484250896898
CPRT,Falling Wedge,bullish,1,0.6295846960091064,13,180,1460,1461,2022-07-07,2022,8,28.57250022888184,28.16318382399575,42.51934591918351,24.652759721972345,0.969126128508888,0.0145337404834655,True,-0.010762125707241,0.0134070883154457,0.0010166493677419,0.0978242121600645,-0.0334697671684345,-0.0181433281396331,0.0169204742101285,0.0450346604456852,0.0162049192379594,0.0079642550710539,-0.0076813202695964,-0.0367422533187826,0.0403602738591313,0.0046738610933485,-0.010762125707241,0.0042553003998591,0.0048126293885901,-0.0020686486099594,0.0131071471722592,-0.0129342346037455,-0.1014101674895791,0.0109988564202441,-0.0127601953831957,0.0825094079065198,0.0527627872343172,0.0761421141080338,0.00388146117711,0.0231530694102297,0.0208333995607179,0.0698934499323398,0.0252525534011185,0.0049099224372661,0.0497582846710953,-0.0573565922816561,-0.0828461528806063,0.0269701473733778,0.0269701473733778,0.0086972790656276,0.008880392426235,-0.0253837498411769,0.0352310061276976,-0.1023406456295418,-0.0219244428168264,0.0346908273117751,0.0189075952546631,0.0752934045974769,0.1404321926134724,0.070971398312349,0.0044760406749941,0.0209711053079857,0.1370303828950783,-0.1541809490838842,0.0031364402699096,0.0035093339594995,0.0545792185088325,-0.045508959056647,-0.1105824288442289,0.1118463590634954,0.0252634915642369,-0.0561590580002959,0.1834949895014221,0.1191202128734547,-0.052859047759997,0.0230188909566626,0.0909090909090908,0.0236292830552895,-0.0143235644477764,-0.2212093807474743,0.1331241200334899,0.0314988051910321,0.0078718988577273,-0.0237320895400343,-0.2445429419210621,0.0690285818917411,-0.0770192571320046,-0.1656535109474849,-0.0697813706587967,0.0294458712337606,0.0006398099045819,-0.0448485095091538,0.0073792155525989,0.223106828708093,-0.0307365197498153,-0.0385346394227711,-0.0661117494383289,0.1860354177442211,0.2589845311094207,-0.0958834042822146,0.0082644628099173,-0.0865248392923548,-0.0835043777054197,0.0436982297232874,-0.069034905297446,0.0048742894410291,0.0677117681885544,-0.0638606771766009,0.0564295359591646,0.14458601528551,0.0811117625211277,-0.1694194347565515,0.2638483801271394,0.2448815904791526,-0.0595532950141729,-0.0006443446254431,0.0211812820335524,0.2381961971015418,0.3329935058358488,0.1816129455028887,-0.0012434528276289,0.0816217102665635,-0.0144331377230897,0.1662613116204021,0.1209067503529863,0.074082434740631,-0.1573484476920248,time,1520,60,26.600000381469727,-0.069034905297446,0.1605564644949448,0.0850468207440761,-0.503222048483848,1.1703579893729412,0.6199390752761114,3.558104335151004,1272,0.6090167409095923,7,0.1691457160352585,0.2716859460702945,0.5036550731078846,0.0113636363636363,-1.485358068439452,-0.8763413275298604,0.5963801270391476,0.2730391679335146,28.16318382399575,24.652759721972345,42.51934591918351,0.7964284079415455,-0.1155670574740359,0.0350060996044141,0.027672980852676,-0.2121543485252901,0.9105716775680216,0.0007979106051962,0.0,-0.0603013766132842,2022-07-07,46.0,21,-0.1666718081604714,-0.0814271420063319,True,True,False,0.8,9.0,0.45,0.0186849581107904,0.504243555415997
CPRT,Falling Wedge,bullish,1,0.6249010301341733,8,64,1780,1781,2023-10-13,2023,5,46.16999816894531,44.57361115349663,47.675831476847335,42.2240739574316,0.9740126770316098,0.0358146215695034,True,-0.0537145254622172,-0.0246011431690543,-0.0440767261742238,-0.0152160678853575,-0.089655166176922,-0.0151406719854778,-0.0055474964706014,0.0022844612482519,-0.005690489053011,0.0272825022251035,0.0128315293061518,0.0360853927149011,0.0222866383917805,0.0199302444485414,-0.0093897069560375,0.0307045520101105,-0.0051216585620224,-0.0311572466851469,-0.1414753816246912,-0.0110707773070144,-0.0361890065155068,0.0147636274857954,-0.0415364530839483,-0.0745072290044573,-0.0211669756800153,-0.0397133999521368,0.0645300041232206,0.0160412658754851,0.0710295501877444,-0.0213337872490356,0.022929711397589,0.0321464489787555,0.0336295578620253,-0.0123263756719196,-0.0257669140473063,0.0120365514809741,0.0749070865099756,-0.0548369458373542,0.0519012873995183,0.0079814977361776,0.059711887550101,-0.1583494908601336,-0.047306419210558,-0.0033033639132169,0.0063737387241433,-0.0790213235586598,0.0554472920688333,0.0397956800583327,0.0428662263412653,-0.0980709899779631,0.2150372635418649,0.141022802935435,0.008954230099071,0.0046320201324914,0.056006823448,0.1798840053752202,0.0543754770397042,-0.0313374423810655,0.0431259540193715,-0.064326580565913,0.0879752297650933,-0.0132417144922581,0.0404657178198717,-0.0340410692476061,-0.0888143434662899,0.1083477106331134,0.013071907333348,-0.0499112668280776,0.0246461939925995,0.0615118099462719,-0.0034229593805279,-0.0607335902258111,0.1021448215452056,0.0643142854414757,0.0433048188645577,0.0019398469237112,0.0959151403358293,0.006026578126044,0.0579341584504389,0.0932121508049241,0.0802474742254242,0.0200825773149224,-0.0753101766165521,0.1921109120501636,0.2050780815521389,-0.0662339142598766,0.0051771866828633,0.1582222105964781,-0.2050907011788508,0.1380570252197281,0.2266459077204832,0.007359570267607,0.0381200391169664,-0.0648538864228933,-0.0002953968118775,0.0636497249011027,-0.0948559476521043,0.0089278129847987,-0.1497518218202204,-0.0701305090017202,0.1448275686680584,0.1951941324204098,0.1178846352414835,-0.0182022780514836,0.0558350413335628,0.250854250342118,0.120443036509575,0.1178846352414835,0.1548117612016677,0.00301041553516,0.1573705059444747,0.1350649200710021,-0.1122054343937825,0.1771289848310107,-0.0247522627577694,target,1800,20,47.675831476847335,0.0326149743907693,0.059779125962515,0.0814381301852041,0.3816173923229923,0.699456448802825,0.9528815354745028,0.3816173923229923,1711,0.3831870885553309,5,0.0592819684213352,0.1752700970480949,0.0415705100414196,0.0,-0.752519677021005,-0.3693325884656732,1.4873619922670471,0.0891886172236769,44.57361115349663,42.2240739574316,47.675831476847335,0.9392860957554404,0.1412741462873943,0.0352435332247411,0.0205308436230697,0.1864626133465132,0.3185843097936352,0.0043544690095922,1.0,-0.0267721821790749,2023-10-13,42.0,7,0.0415390357300156,-0.0111235106920981,False,False,True,0.5,0.0,0.0,0.0826455324095,1.1082625455459827
CPRT,Falling Wedge,bullish,1,0.6275221244009129,3,30,1989,1990,2024-08-14,2024,0,51.40999984741211,50.70249744608452,57.82750244382078,48.42403018566972,0.8999384728568958,0.0139539951080303,True,0.0202295451977072,-6.985964031924752e-06,-0.0049860391512412,0.004984777129142,-0.0357642807651266,-0.0025372636208009,0.0129507714839605,-0.0145058791182504,0.0584363354655381,0.0087736548041905,-0.0134048400340119,0.0064605163431259,0.0230769230769229,0.0020336589025928,-0.0892470453343071,0.0231593525484365,-0.0502592939294457,0.0105401382897736,0.0057884416039881,-0.0446133632273146,0.0550367181470359,0.0305502222337585,0.0209058699553089,0.0350126287182075,0.0189980219117564,-0.0187730294124923,-0.1211553584713622,0.0090183609037564,-0.0527061393397969,0.0033323421976609,0.0521603300932116,0.1015139653681467,-0.0061643941202448,-0.04241193539508,-0.0651620762217164,0.0001124720139002,-0.0275008330307409,0.0225563717504921,0.0137332184905154,0.0542256003852015,0.0178680023832422,0.0425273517962647,8.158349392295428e-05,0.0367104719584394,0.0274373522999686,0.032642445861043,-0.0377358224560788,-0.0551880962132791,0.0234145167661539,0.1783561183981699,-0.0602097801859209,0.0410030325670229,-0.0255729140536434,-0.0897501549476016,-0.2127143603926214,-0.0432051634177185,-0.0263483268589161,0.0201640515370029,0.0298198094721087,0.0209711053079857,0.0314516653781689,0.0014771386868552,-0.0473418668133971,-0.2606657899901718,-0.0239291903813171,0.0453130422352463,0.0428662263412653,0.0320144360223793,-0.0215915022396314,0.0815016269042041,0.0298234650700526,-0.2034278261777456,0.0699001493072675,0.111643111707036,-0.1177004032868821,0.1765796529560153,-0.0629535100371455,0.01227545078941,-0.1382282303661161,-0.0411782633117968,-0.1033019725371828,0.194185650638706,0.1945205061403037,0.0062011200132141,0.0854925810401119,-0.0082540658218386,0.1334742826077397,-0.1006774530685266,0.2401545660424229,0.057745660988522,-0.0090434862219769,0.0566312508341272,0.0848084151583796,-0.0024289218979685,-0.1193191203665225,0.0403184292365914,0.1513305300588416,0.1297699252914697,-0.1019202239909153,0.122785058156438,0.2309819674044417,0.0485150546491808,0.0089730196321122,0.0803761307707449,0.1534319438525873,0.1129599609375,0.2141604289785601,-0.160907711533965,0.1513305300588416,-0.0321010382236788,0.1008992943221522,0.0095404567357182,-0.1552329211050255,0.1122856229886106,0.0298995482656955,stop,2004,15,48.42403018566972,-0.0580814952461568,0.0532970567321393,0.0589379262456737,-1.0,0.9176254245222096,1.0147453331889498,2.149218955112857,1959,0.4866541256427734,6,0.07054982717092,0.0137163642873914,0.0193001247694928,0.0,-1.292575702866453,-0.8059215772236842,0.8493627251413651,0.0907117994749327,50.70249744608452,48.42403018566972,57.82750244382078,1.1042856488909034,-0.017235450575151,-0.0368341229410776,0.0216569055214847,0.0357506023277633,0.7115431170450794,0.0003923966506704,1.0,-0.0236830570919541,2024-08-14,6.0,13,0.1007138763004147,0.0878404843880733,False,False,False,0.25,0.0,0.0,-0.0500658006641477,-1.0027985957459575
CPRT,Falling Wedge,bullish,1,0.6443899548888816,3,31,2286,2287,2025-10-21,2025,2,45.70000076293945,44.20092225843865,49.882351167740296,43.282856600625166,0.6819437037519523,0.0339150956112597,True,-0.0356674188381433,-0.0580781168784718,-0.0181268841026654,0.0071382690685755,-0.0305647862004785,-0.0107731355621473,0.0093831719058994,-0.0715020265906378,-0.0400256169811806,0.0436181014934542,-0.0189434123037423,0.0268589423700285,-0.0164557104900733,-0.0675720758220644,-0.0346932643512645,-0.0703366735630869,0.0304950676342048,-0.0369730364574459,0.0045858003692245,0.0424422275734008,0.0508667952670427,0.0057927574946881,-0.0259281443757299,-0.0623632875544628,-0.0671847569017762,-0.0197032902759747,-0.1371716199873138,-0.0225593132773131,0.0188444777419647,0.0336295578620253,-0.0632993053219459,0.0069423342837644,0.0985590997754055,0.0285192778411964,-0.0094006958348303,0.0036936289753344,0.0112859071918329,-0.1279069802608571,0.0581619349977808,0.0404168812417915,-0.0603058199150693,-0.0165256762212959,0.0586601284866381,0.1031787156191876,-0.0178965441589152,-0.0617194224926331,-0.095842472538145,-0.0781043757680828,0.0251501113701677,-0.0375704287788215,0.1055548778683312,-0.1081982476514368,0.0172847027760973,0.0333142196767533,0.0038406836875006,0.0672172079990987,-0.0586975998093854,-0.0837802046530116,0.1296551145356277,0.0760883124497797,-0.0233721327411972,0.0018968393659946,0.0060585765978651,0.0080214041921415,-0.0137183042905268,-0.1038709691928951,0.0542181732142237,0.088517196115722,-0.1052229491747464,-0.1442013138418165,-0.1433084611453289,0.0082487381061504,0.0388064853012106,0.0234042846762592,0.0581913817851451,0.2958017167891038,-0.1090680172817404,0.1133575513110409,-0.2387564593945467,0.112603207333952,0.1348703277744778,0.1330881922921518,-0.0001106308574861,-0.0411480562823376,-0.1569651532007249,0.028525970429915,-0.1717902424524432,0.1283992181992648,0.0113842372506285,-0.0688289491672591,0.1177322245217222,-0.1650886151985408,-0.101969360385463,-0.1342666103165992,0.0059907174407594,-0.1474486272206209,0.0516916174056891,0.0414812449962007,-0.0661390639328363,0.0733094703752323,-0.0129797014185595,-0.0981559972171635,0.0408613534177524,0.0877550864706233,0.1301900769367872,0.2037572686277036,0.2529667690727966,0.059241302244013,0.0408613534177524,-0.1845036095072603,0.09971798597507,0.1892469159103806,0.1767730670940264,0.0133748623351657,-0.1498689650066386,stop,2292,6,43.282856600625166,-0.0528915562792392,0.0013128568400901,0.0722100477454847,-1.0,0.0248216715945918,1.3652471741284034,1.7302858762037865,2253,0.7609638131057923,6,0.1536511707658966,0.0670510200058585,-0.3022805824039296,0.0,-1.279641812425406,-0.5186779993196178,0.2717318732071333,0.0859843386785076,44.20092225843865,43.282856600625166,49.882351167740296,0.8835710797991067,-0.1263015845225966,-0.0160409799508236,0.0193088092702863,-0.2425095441629353,0.8951602483249144,0.001563974802202,1.0,0.0121829865219105,2025-10-21,16.0,8,-0.0746029679811711,-0.0873528431038499,False,False,False,0.5714285714285714,1.0,0.1428571428571428,0.0315168023064726,0.5462552503286452
CPRT,Falling Wedge,bullish,1,0.6774059143867251,5,49,2415,2416,2026-04-28,2026,4,33.2400016784668,33.57905301670013,40.82269131811046,31.77881749981988,0.7606761676533459,-0.0100971083986409,True,-0.0027075856812063,-0.0206682498434335,0.0649077436480796,0.0148495177217955,-0.0382053434161719,0.0147737625613348,0.0383485917295802,0.0328440534959144,0.1353235588248633,0.019026395184247,0.0225342458457704,0.0092537723370451,0.0372854238238313,0.0034699597764955,0.0236851385182925,0.0274232522445889,0.0115793055189674,0.017279791344146,0.0294933712540095,0.0169314667790025,-0.0513126109585301,0.0081345650853716,-0.024588883747138,0.0060167550584615,-0.0322110721523172,0.0356666564941405,-0.0384316934215424,-0.0177641821622345,0.006446918207388,0.0087675852684667,0.0146639764374458,0.1155180451810375,0.0613764246730279,0.0057896527594838,-0.0066538445815802,0.0737249802956534,0.022929711397589,0.0168560492899352,0.0023954499174254,0.0367370688161681,-0.0083188298819879,-0.0138999355531296,-0.0023294408186835,0.0298518692888496,0.0619772074799063,-0.0142484283959064,-0.0117329477933917,-0.0672322646613911,0.0429052608858522,-0.0255016976758335,0.0143905602351641,-0.2226638271159737,-0.0204457917462047,0.0654791367462095,0.0054072069089838,-0.0977484277203862,0.0292233609132794,0.0612882750030059,0.0423030044093275,0.0217435448131328,0.1185790966812865,0.0484981001708975,0.0753662822112599,0.1918194114820772,0.0121568667343239,0.0916998682918301,0.0159480029508136,0.000409761466932,-0.0352758475756906,-0.0959687809965654,-0.1314001758853651,-0.0423687885085398,-0.0816578420162826,-0.0769492735547645,0.090976706585176,0.006027875125306,-0.3185884121914253,0.0162969944710207,-0.0341072249496309,0.1783403316543896,0.0352326869946282,0.1303996561382359,-0.0060050136022172,-0.0050055383198455,0.14065588347919,0.0751119022416078,0.0364099761312317,-0.0901921794004464,-0.0210503728767087,-0.0582308703456997,0.0671471361696387,-0.0980909626578086,-0.1594464764375319,-0.2014066095720746,0.1767599974348668,0.2083573309300375,0.0714948441375684,-0.0023931519598023,0.0199796135465752,-0.1557887270295559,-0.014074201635818,0.0171133580366908,0.1689366346617098,-0.1938808684752651,-0.0306329560708629,-0.1928821044571289,-0.1452213577907457,0.1613847569610094,0.0559379228175043,0.1222548758597414,0.2594092267202339,0.0581105765665102,0.0464090551101596,-0.1252693237713377,-0.1847467515171365,stop,2439,24,31.77881749981988,-0.043958607246205,0.072803792020053,0.084235890584297,-1.0,1.656189688001053,1.916254764681364,5.189414004376483,2362,0.726240326895462,7,0.1447198971047554,0.0306512618511383,-0.2676541107453982,0.0,-1.0194147838900127,-0.2931744569945446,0.3488535412543848,0.172507294323734,33.57905301670013,31.77881749981988,40.82269131811046,0.6942863464355469,-0.1874198730115027,-0.0356134613386385,0.0208244254126572,-0.2534706612964794,0.4821424922173554,0.0045194797253831,1.0,0.1261452090952488,2026-04-28,55.0,10,0.1154885367117553,0.0739508282914691,False,False,False,0.1111111111111111,1.0,0.1111111111111111,-0.015427463186472,0.6031428308722193
COST,Falling Wedge,bullish,1,0.7286153830940618,3,23,769,770,2019-10-08,2019,2,266.2226619377744,256.05420570537524,284.0090604982594,255.0983657512036,1.7659430029208705,0.0397121234716186,True,0.0180140192684119,-0.0099484044094333,0.0294019721191955,0.0081129625631153,0.0190365714996787,-0.0344320498566553,0.0108206972374902,0.0365862376961567,0.0061433321363533,-0.0641427255795447,-0.0149258561129644,0.0025362809089271,0.0203739743870574,-0.0010459699566055,-0.0113652577565598,0.0226480520068685,-0.0353086902154912,-0.0394765364608258,0.0499203145744782,0.0186447680496018,0.0209737635303042,0.0165419933473021,0.0149618275625178,0.0234045788131269,-0.0050046254610685,0.0477294174966524,-0.003729803947846,-0.0685936799392259,-0.0183535511504188,-0.0391076894779057,0.0268295798955013,0.0542918169181363,-0.0344979167499096,0.0150617056343123,0.0354842247091213,-0.0775390351365166,0.0349617503859105,0.0548469382825906,0.0027228817242552,0.028853369198269,0.0725598335958257,0.0609896692147544,0.0301299179684264,0.0200022012412026,0.0003066266756093,0.0112571659861896,0.0229266789143089,-0.0330665117456858,-0.0080995108488683,-0.0019264372719952,0.0990202265663786,0.102971591363546,-0.0058609232886082,-0.0479919807611728,0.0397126097257583,0.0678146210669254,0.0687900082506181,0.0851321559424642,-0.1528316286758825,0.0421391200910703,0.0589433358817039,0.164501895481075,0.0358333256756302,-0.0008894036841424,0.0585416275103607,-0.1134407923777329,-0.0071800693277789,0.0193054833242563,-0.0022975838178713,0.0138320226004631,-0.0573976477026358,0.0372553070902996,0.0120814209084427,-0.0444943699933713,0.0667146192814294,-0.0154733591990372,-0.0034166103345631,0.1579939865304311,0.0048301541168167,0.0079649086009447,0.0650745617906116,-0.1863633974208786,-0.0059048495176581,0.1230591755959433,-0.1142785086060653,0.0642098696971131,-0.1256286524584902,0.1085322481288428,-0.1048552805605932,-0.0321682058347817,0.1459749214086731,0.0057766256392576,-0.0025455347140076,-0.1168882018275624,-0.0139601245323252,-0.1078831954742106,0.0505572841155834,0.0176946975897147,-0.0052940664073404,0.1329467862550035,0.0047134142627285,0.1322810504388971,0.0912806763387783,0.0904963531685854,0.0014784915300547,-0.0230931980181656,-0.0104939090774726,0.0607140053843342,0.1679639686069196,0.1020058850049594,0.0438245140275719,-0.0387014576867954,-0.0915876579869641,-0.0078339963720815,-0.0324010107723964,time,829,60,265.54498291015625,-0.0025455347140076,0.0500059289703607,0.0115377062642873,-0.0609188227508915,1.1967239364978215,0.2761162434745967,1.5988785503532936,744,0.9118028463234448,5,0.0270919046258779,0.0660159401345981,-0.0430735584360163,0.0434782608695652,-1.3078655578918197,-0.3960627115683761,0.0490444759931427,0.0770756864200272,256.05420570537524,255.0983657512036,284.0090604982594,4.586110901876552,0.1719942632129816,0.0272123395103764,0.0172985924972921,0.1976878622279783,0.2807036329781658,-0.0015676103145753,1.0,-0.0277314775239254,2019-10-08,34.0,5,0.1776828957533276,0.1126589329007066,False,False,False,0.0,1.0,0.25,-0.0037236246649724,-0.2593190836574158
COST,Falling Wedge,bullish,1,0.7934176731904392,5,51,835,836,2020-01-13,2020,3,272.3899716845744,266.9013344183783,282.25616284809297,262.5796890369953,1.1218721872187218,0.0205642930866445,True,0.0468171232913763,0.0351216047803322,-0.0015247813278814,0.0301331098535762,-0.0193073255689153,0.0426386983150506,0.0070916052458012,0.0191191294761969,-0.0560130824325116,0.0094937517232736,-0.0006139690426636,0.0159720246203824,0.0252159377081346,0.0007344799688213,-0.0314943401109125,0.0482653625540125,-0.031876031027921,0.0511758669680733,-0.0187812747202422,0.007890297372944,-0.0010476436565768,-0.0092564722188327,0.0424263561063858,0.0387637264015616,0.0405350054550515,0.0194285678282852,-0.0201052762622657,0.0195836713215673,0.067079924347206,-0.0253433208972048,0.0380731860298475,0.0360304632768162,0.0301299179684264,-0.0085382367260541,0.0303525387106726,0.0416376604729487,0.0044363024302076,0.0291709283986565,-0.0053139694321073,0.0557156666713685,0.0643905385969805,-0.0102511758025981,0.061435866730906,0.0033122245162229,0.0244859126468177,0.0159781568602266,0.0403844442364587,0.0165959010038403,0.0734884778613822,0.0017883265419498,-0.0140732845240872,0.0171920547446713,-0.0323797693913601,0.0244203359455157,0.0689049649939661,-0.0306164780174187,-0.0192705797064801,-0.0117249685128948,0.0008047718635877,0.0188731210814623,0.0206118183478909,0.1099336846573655,0.0628131094762842,0.0200461008444543,0.0698328773998704,0.0062957473436926,-0.0028595964492068,0.0419807326996879,0.019081371876442,-0.0039865437388214,0.158196357282109,0.1151575210807596,-0.0378006309122183,-0.0322468624415341,0.0567005042817976,0.1962245780799159,0.0418364317662722,0.0043282023753961,0.0233142743272485,0.02202433513305,0.1073790898178455,0.2120425851361576,0.0375674131493299,0.0214377802516319,0.0821130555123741,0.0799412131368242,0.1083273924390653,0.0093742645284213,0.0102788631948191,-0.0197391399428934,0.0472878206389424,-0.0582639783164817,0.0246119669243622,0.1828819617063876,0.1644689887653916,0.0180648142532036,-0.0761891481715336,0.0782154599436235,0.1658107994019402,0.2824907420863489,0.0841013601290066,0.1723469136254769,0.2092267774549785,0.1245248114403889,0.1294571724105508,0.1645928473611053,-0.1030623913381117,0.0183707645718993,0.0553747767269567,0.2387158918083354,0.1080145397739711,0.0477480888769574,0.1722520523629982,-0.0673571249491267,-0.0747464399023557,target,840,5,282.25616284809297,0.036220831121285,0.0470844134365301,0.0040432925297899,1.005698970962198,1.3073346103770205,0.1122650974764448,1.005698970962198,781,0.6733654963623049,7,0.0976052304512889,0.0964467074326165,0.2450984519950036,0.0,-1.0212005471561667,-0.3478350507938674,0.4268392409707655,0.0535446022711638,266.9013344183783,262.5796890369953,282.25616284809297,3.018756275730421,0.0871914944830711,0.0086133397475005,0.0110595648072726,0.0734420260981691,0.7974032356508208,-0.0010762316157647,1.0,0.0392031280600506,2020-01-13,40.0,5,0.1262848178692892,0.1028796014124562,False,False,False,0.0,0.0,0.0,-0.0052556471178809,-0.4784967445610319
COST,Falling Wedge,bullish,1,0.6879071268805297,3,20,1583,1584,2022-12-30,2022,1,437.6448713428374,433.97241842726544,516.6597833023561,417.699627004326,0.5296361237143219,0.0084624108805833,True,0.0453055792216789,0.0362257490508934,0.0403938595688315,-0.0188012406918146,-0.0332013355592849,0.0202394316499718,0.0134678030104393,0.0272230884987143,0.0275969462861132,-0.0302838753286434,-0.0081203375989995,-0.0187812747202422,0.0038072568570275,0.002318550410953,0.0249147704188315,0.0066063681602994,0.0071349721134099,0.0069901443765554,-0.0319078628869691,-0.0039537191413231,-0.0323616020391647,0.0083276285795113,0.0447251006234681,0.0628164520845497,0.0279541267008351,-0.0046669442732915,-0.0098460795105268,0.0014773764819981,0.0321870767495635,-0.0474657540630986,0.0386606158507027,-0.0533908243391956,-0.0106808019262256,0.0413954682585944,-0.0262517481176199,0.0247081271123876,-0.0189269110781027,0.0530803012075644,-0.0318756295709395,0.0350854531099358,0.0359457404748424,-0.0206825347200728,-0.0689850288764468,-0.0732109822623164,-0.0374267595906023,0.0698599440386922,0.1160263017757239,0.0585035824792485,-0.0997178304856175,0.0204864686741921,0.04226410083549,0.0383248551618717,0.0143514289664323,0.0536572424273358,-0.0519408050086076,0.0857523252488865,0.126039574480222,0.017079909045881,-0.008712060788888,-0.0572588189036729,0.0108143021714004,0.0696762972506905,0.0096400228833386,0.0058115932688675,0.0147653848169027,0.0176669785369982,0.0012567529630591,0.0434354373779763,0.0983566438295859,0.0469505423301461,0.019971273625529,-0.1040550027414177,0.0476259171838695,0.0324813268653694,0.1898513488460005,-0.064676786193243,0.0075773242303651,0.0904603739326743,0.1026535805088646,-0.0107183239982104,-0.0706002206004933,0.0099560556317874,0.1073430647499955,0.1824013952232299,0.0018142969383507,-0.0513469135176267,0.0522111005026704,-0.019578210404912,0.1495993725152198,0.1508823193428066,0.1746066232514149,-0.0019738897831896,0.0736341590310916,0.0254728445931868,-0.024903655266186,0.1775787191709616,0.1175570500073288,0.0098436772622647,0.1455674109328175,0.0904378815400839,-0.0295752597505946,0.0941814124555349,0.0025998162263656,0.0755887351486861,0.1393024500359956,-0.0260787690438484,0.0607333962486564,0.1396797259640092,0.1235613267476551,0.2751544168473865,-0.060366536006831,-0.079442837005705,-0.0093132246527228,-0.012017632633632,0.0131297538196802,time,1643,60,469.8704833984375,0.0736341590310916,0.1593291356862725,0.0220524150731781,1.615704049981329,3.496050381992379,0.4838810793039491,3.961591576341442,1562,0.6064975853739094,5,0.0723855670586007,0.0785862517066089,-0.338222363625846,0.0,-1.4913815717994092,-0.8848839864254913,0.4839300628791989,0.0968381401743329,433.97241842726544,417.699627004326,516.6597833023561,8.873704662023417,-0.1001433258169529,-0.0740540103785671,0.0203426633378422,-0.0569139485062076,0.9663845719854368,-0.004117940020248,0.0,-0.0569343986017073,2022-12-30,54.0,6,0.0101368588661161,-0.0461750179431521,False,False,True,0.2,3.0,0.6,-0.0514322604096351,-0.766363014090816
COST,Falling Wedge,bullish,1,0.7364272107403975,3,43,2232,2233,2025-08-05,2025,2,938.1562102046178,924.3123709440788,1061.227661117955,919.4900832252396,1.4148851023615974,0.0149774466898016,True,0.0504647192870537,0.0287811711391243,-0.0011274887035026,0.0375487604865156,0.0215234532761168,0.0173404993010708,-0.0004483825214371,0.0106062021576791,0.0474566283911173,-0.0346117298870533,-0.0269493835083959,-0.019095397270444,-0.0197504954994549,0.0042836153424168,0.0536342860970961,-0.0266907932955868,0.0082962408502531,0.0226480520068685,-0.0079910356246987,-0.012785855883859,-0.0053769882878004,-0.014860977528183,0.0477822587921178,0.0394434623449118,0.0223382648970889,-0.0015578413518071,0.0221485378740584,0.043329658077085,0.0142512514040253,0.0407918987317541,0.0495725253264693,-0.035255620969684,0.0561433443000845,-0.0355831471543234,0.0900500064249214,0.0107003820365192,0.0313253378996924,0.105281973144959,0.0166021147526225,-0.0174213027446573,0.0518456699467717,-0.0085382367260541,0.0390415463932938,-0.1171839973584346,0.0550360645582437,0.0189144541166348,0.0065174856934124,-0.0168352783614853,-0.001765150775392,-0.0107462373459161,-0.2917623986368942,-0.0128866509332205,-0.0034330255304616,0.0866702626501825,-0.0305364853018085,0.1154084465832872,0.0115543018220067,-0.0096406892629924,0.0466837319655368,-0.0632143906903076,0.0470723739473346,0.0597737852310187,0.0522909440694834,0.0083251439990716,-0.0302471402718959,0.0439203677055277,-0.0915070864016416,-0.0295799434316523,0.0116984777238491,-0.0278604043678312,-0.0934407501237712,0.0987936155091053,0.0260329108828076,-0.011202712987435,0.0126627972064776,0.0187907424457662,0.0343162168986492,0.0384247391624139,0.0783925501559039,-0.0756933058923851,0.0649118757254563,-0.0476557798682263,0.0915490196938386,-0.0050335417552646,-0.0012983943714719,-0.0046793721342195,-0.0638935380128506,0.0251877525840029,0.0350197668892866,0.1300919837719936,0.0569049420285279,-0.05294151776445,-0.0330743329641367,-0.128847032242048,0.1430943219437737,0.1683355920837086,0.0987753011335166,0.1817021471729001,0.053655653805261,-0.0948970810861419,0.1996104430624889,-0.020942367599361,0.0610952510466389,0.0790266350391919,-0.1870650505208158,0.148192013482679,0.0780696075787668,0.0988511606390127,0.0350816960211937,0.1371808153005582,-0.0562683191078569,0.1217779051535583,0.0292873018042698,0.1280791627341657,-0.1032064424485122,stop,2269,37,919.4900832252396,-0.0198966086631851,0.0589956273817255,0.0408846260033633,-1.0,2.9651097018802903,2.0548540052965216,6.593304066199905,2187,0.904233725739957,7,0.1795077578422784,0.1012447507852709,-0.0877598965430515,0.0,-2.0587304807072453,-1.1544967549672795,0.0801899533743021,0.0629002853093907,924.3123709440788,919.4900832252396,1061.227661117955,12.753440217589343,-0.0230240386150605,-0.0377650044100571,0.0135941536578681,-0.0582764201501586,0.5025289839695954,-0.0042287538703797,1.0,0.0122996111624151,2025-08-05,47.0,10,0.1202904813441305,0.132464359996832,False,False,False,0.2222222222222222,0.0,0.0,-0.05369775533404,-1.0206704749076665
CSGP,Falling Wedge,bullish,1,0.6817705083630202,3,13,1069,1070,2020-12-15,2020,0,86.802001953125,86.06700897216797,94.67299270629884,83.42640482584648,0.938893424605916,0.0085397760388619,True,0.0429828240624849,0.0457261516776542,-0.0240458881217418,-0.0457004845767583,-0.0068892613509515,-0.0474235264092143,0.00116857375216,-0.0496575176928362,0.0333381292231029,0.0352772597661861,-0.0154877639398341,0.0419680926504171,-0.0046839727038952,0.0188968072064716,-0.0436232193656589,0.0178759276763902,0.0076761850487576,0.0336175546684045,0.134271767680874,-0.0125554210102623,0.0895561742287656,0.0114030511336808,0.034233700669282,0.0655975682129488,0.0554422986201215,-0.0553905734279578,-0.0335667732438919,-0.0248919823047916,-0.0181750110131649,0.042819545963552,0.0430317897397536,0.0107164281390066,-0.0696934493063441,0.1405082332894591,0.0030037278997021,0.0136574592379574,-0.0586128066011779,-0.0165866913651984,0.0509710800326697,-0.0127014879965496,-0.0933469139667906,-0.1233058532538818,0.035831792635012,0.0277677990434903,-0.1140784187203569,0.0781996734739239,0.0002995435125625,-0.0274254606205344,0.1512264829153313,0.0634234438768119,-0.1011649094149702,0.0562820434570312,0.0425852363956695,-0.0010021524391794,0.1021827395830929,-0.0305466652064395,0.1608977533620232,-0.0315671634178932,-0.0648415305668539,0.0416524949574446,-0.0271637600184795,-0.1168966689619359,0.0124815580010646,0.0017634386034104,0.0592534684518772,0.0389215637500905,0.0104757022493833,-0.0003587505626327,-0.0180806727381797,0.0826478169887579,0.0164163192996473,-0.1041413309771643,0.2373686660453715,0.0051121464269356,-0.0638913920695036,0.1917907856431944,-0.0391024243975646,0.0188750881063184,0.1287974932340287,0.033946046165771,-0.0826765051346103,-0.1629605992354447,0.1214268421848996,0.165414932372516,-0.3472306645002839,0.0647594073244024,0.0712013683255046,0.0159205659906915,0.0080813992598351,0.0162957568084789,-0.1065850317595439,0.0740276894980662,-0.0347457290439077,-0.1112148518067772,0.1493952164768983,0.1560861577241461,-0.1932453966052892,-0.0678747491355991,0.0574354710600999,0.070372556432122,0.1997317909326159,-0.0057107821051474,0.0565080937264028,0.0426821208386611,0.1240241925231033,0.0023926664514655,-0.0781389510071347,0.0111971706441609,-0.0068439922854843,0.06440498898744,0.0720973680528604,0.0770652357149814,0.0962598747430898,0.2000599109698311,-0.0861406762508689,target,1077,8,94.67299270629884,0.0906775255877663,0.0958041758897006,0.0115319857625421,2.331732862777846,2.463562430330616,0.2965399640242673,2.331732862777846,1056,0.5027868218088817,5,0.0630944597155035,0.1093338841768749,-0.2614188532555879,0.0,-0.8683665367884519,-0.3655797149795731,0.5299342303032273,0.0866217572466341,86.06700897216797,83.42640482584648,94.67299270629884,2.2661421639578685,0.1543660527614438,-0.0047722347721655,0.0261564457996048,0.2566430752709971,0.7387088381512239,3.514242922530997e-05,1.0,0.019361674488163,2020-12-15,28.0,23,0.3100042842913126,0.272860456062169,False,False,False,0.0,0.0,0.0,-0.1057500048597609,-1.7735248954662326
CSGP,Falling Wedge,bullish,1,0.611943505007067,5,88,1356,1357,2022-02-04,2022,2,68.44999694824219,70.49533454047321,110.03667026095924,64.43602207839172,1.005481920205476,-0.0290138007793514,True,-0.0359386295712002,-0.0158057296742892,0.0038340820187809,0.013640247650565,-0.0447585541443271,0.0122041152644221,0.0414013099961874,-0.0534283924145243,-0.0002858056570277,0.0230248255119276,-0.0362044285683735,0.0336161487446098,0.0488375404670569,0.0569738519413747,-0.0267194266279046,0.0133818210076865,-0.0976095165298641,0.0255205911351708,-0.0166033531763433,0.0829145518785123,-0.0370672545875553,-0.0903633146843393,-0.0335540815325019,-0.0511322155740414,-0.0171396060149813,0.0030968749746849,0.0392796580416636,0.0002971269265921,0.0679983468023119,0.005709862983962,0.104182825943133,-0.1471168297517043,0.0012743374922588,-0.0191634108503736,-0.0134585381817756,-0.0309305441147972,0.035831792635012,-0.1059155821196344,-0.0064982493199974,0.0405612845234386,-0.0112863191317291,-0.0673500516018759,0.0290132338811643,-0.1507903332166552,-0.0282129145821078,-0.0384583441407199,-0.2217676722755258,-0.1548502612500202,-0.1011649094149702,-0.0725310427418191,-0.0621546948226444,0.0710594882420128,-0.0323137574357726,0.0889330882835872,0.0106555432405932,-0.0280920282203258,0.0635924031040426,0.1824085560642157,-0.0479718525721633,0.0884007252931686,0.1228776963302069,0.0649106620661663,0.0486691464853716,0.0647300243772992,0.0680959435408372,0.1099620800764711,-0.0181498853573038,-0.0211842351496174,-0.2518043198449936,-0.0118334199372751,-0.0312081171900289,0.0139893882422506,-0.0756302091455701,0.0516341561900146,0.0613608169514572,-0.0058746837063122,0.0091682547534612,-0.0994764178315723,-0.1253887314575856,-0.2049579918920374,0.0256911999590869,-0.1979339578167502,0.2173198833503169,0.0966041103702244,-0.0271480935212385,0.0373356329860887,-0.05909869041641,0.1661812392321988,0.0971943135605244,0.0629108193752829,-0.0105369333125802,-0.0135006252308176,-0.0743607971486014,-0.0035359041787912,-0.1770385914761978,0.1834984767780698,-0.1210721915661121,0.0612437951411095,-0.1451813234221345,0.0948506570917051,0.2243314408919894,0.1457716483760358,-0.3382807235872166,0.04601497272844,0.0172739379980406,-0.0579587929356011,-0.0216845094434314,0.1527119354124939,-0.3047108211607643,0.2782608695652173,0.2643379222637978,-0.0005220688344222,-0.1231053957200005,0.0230112826297637,-0.0844484231851405,stop,1367,11,64.43602207839172,-0.0586409795297083,0.0445581181554185,0.084148993109358,-1.0,0.7598460754367978,1.4349861442325824,10.360471767045771,1266,0.7289974467412434,5,0.0275552682190447,0.01061746773065,0.4160501836538399,0.0,-1.546017459366208,-0.8170200126249625,0.3249828174664886,0.2893457174006001,70.49533454047321,64.43602207839172,110.03667026095924,2.551428658621652,-0.1807925796092652,-0.0893269507752891,0.0372199641872404,-0.20290694125863,0.765716552734375,-0.004104350253396,1.0,-0.0411162899404486,2022-02-04,28.0,22,-0.1885538873211034,-0.1341346011026479,True,False,False,0.6190476190476191,0.0,0.0,-0.0261118558743674,-0.1654206127064642
CSGP,Falling Wedge,bullish,1,0.7383690848693333,3,56,1775,1776,2023-10-06,2023,0,80.02999877929688,79.17514393630535,92.3507803759531,75.54405387264318,1.378056172964235,0.0107970102798833,True,0.0033737882866342,-0.0057940792845361,0.0143357547784646,0.0179182922713154,-0.0111056299939208,-0.01441585061669,-0.1140977015212878,0.0043490036268136,0.01812250889013,-0.0075544677839192,-0.0116401614073309,0.0545520078197618,-0.0286955438659859,0.0158244131184022,0.005093888684158,-0.0019366546467989,-0.0241340537165845,-0.0213856621687843,0.0098184471991882,0.0545424710841964,0.0102490799205818,-0.005828552662768,0.0051732088361871,-0.0773460269376832,-0.062401579012454,-0.0113220990679813,-0.0454048400529307,0.020603268721836,0.0522568412421851,0.0035415605085924,0.0628038998203461,0.0768182704912239,0.0242074792252902,0.0588872114848049,0.0397676680669019,-0.0045009290160582,0.0256755434571915,0.0247059724781368,0.0256767547287124,-0.076315429058439,0.0117962437607201,0.0095729745366277,-0.0115917927481548,0.0219375387344513,-0.1140780599857576,-0.0870979308040681,-0.0331126023528621,-0.0497412692917887,0.061029949299785,0.095087126509747,-0.0199017740672851,0.0453173937706112,-0.0826653754755923,-0.2350734764478813,0.0251082436680931,0.1070367475856362,-0.0003879319615485,0.0821132678393183,-0.0560722973813416,0.0128850673648885,-0.0295544343894551,0.1866422014917521,-0.0178923901082659,0.0008094420704227,0.0508731223403569,0.0317313877095151,0.1039684725990608,-0.1368063778853854,-0.0443250205794837,0.0649756923272866,-0.0031052639642348,0.0751510099994114,0.0825027583155808,-0.0961185412331617,-0.0280491492256687,-0.1889045987377129,0.0412400694142729,-0.0403245503684508,0.1416345773602751,-0.2666810080456778,0.0888523457954788,-0.0527249734882234,0.0182305709357435,0.0360056996192492,0.0288121196993311,0.0971943135605244,-0.2401801607799158,-0.0074653070028964,0.0088508403306963,-0.0753386400904136,-0.0403756145453269,0.0858601042516308,0.0342371348939511,-0.0665877846317624,-0.1305077859681727,-0.3850609589800243,-0.0696401140588508,0.0128673723417733,0.0668693710906536,0.0630061550912988,-0.0030699936809993,0.0785554088403028,-0.1176579663596263,-0.0506986653198663,0.1091780815072087,0.1642841197793203,0.1045541792993272,-0.0084151956041681,0.0229759219616652,0.1297734008194901,-0.1985669079584021,-0.2626018099281547,0.0014386126599656,0.0034634243854125,0.0576998023980435,stop,1784,9,75.54405387264318,-0.0560532922039,0.0349869185863607,0.0780957152984091,-1.0,0.624172411837862,1.393240472197908,2.7465298511316165,1719,0.6820111031431222,6,0.1366043719661743,0.2255518476301212,-0.2404657922411778,0.0,-0.9594552515471008,-0.2774441484039792,0.3877025858770529,0.1418704136289538,79.17514393630535,75.54405387264318,92.3507803759531,1.8914271763392856,0.0348358689835603,0.0050251151161231,0.0234551982968155,0.1796371952845967,0.8227853602358355,-0.0108189789088363,1.0,-0.0324673634867794,2023-10-06,28.0,12,0.1295029171154107,0.0557979239179615,False,False,False,0.1818181818181818,2.0,0.1818181818181818,0.0067474223793999,0.2312394935968288
CSGP,Falling Wedge,bullish,1,0.6048833486098396,13,147,2024,2025,2024-10-03,2024,10,74.44000244140625,77.84401393486047,102.71190047651528,68.52247664832242,1.6714683347381487,-0.0437286224256457,True,0.0052391103822897,-0.0013652796173366,0.0129678282317369,-0.0296325436302414,-0.08435066073889,0.0109991092631371,-0.0521661019960885,0.0109853149553003,-0.0049148338638949,-0.0147516106073032,-0.0347403316021185,-0.0173115956873115,0.0173277207486783,-0.0536251462945833,0.007743941566525,0.0479551429434956,0.0206044303935653,-0.0272312206158944,-0.0033284892624597,-0.0419009020252928,0.043510987093456,-0.0096493608994813,0.015314526483673,0.0522568412421851,0.0347849854773301,0.1052940817440259,0.025240881377776,0.0987909118164416,0.0283539444379321,0.030379211241176,-0.0439247901061954,-0.0016538766317141,0.0224846235053521,-0.0422058308244079,-0.0037342377266567,0.0086623177347193,0.0522033691406249,-0.041488836344062,-0.0307263297702047,0.0791598735001466,-0.0346792409311795,-0.0601110785984644,0.075361613437854,0.0434883459956589,0.029823527616613,0.0352209172114133,-0.0221655221891975,-0.0156835057435502,0.0972201914698676,0.0019178486603272,-0.0459547320615898,-0.0461858793554611,0.0392282547421587,-0.0112205898106452,-0.0487054035614469,-0.0537588005003143,-0.0711232222387697,0.151905173734844,0.109843075005054,0.0628036863383119,-0.0603564099570901,0.061029949299785,-0.0388716061815462,-0.0194199145043793,0.032976578971303,0.0483621838663246,-0.1005715807083759,0.0128850673648885,-0.0282657157178598,0.0926920159885211,0.0399270429626343,-0.0804526092877282,-0.1818583409561328,-0.0301304961278335,0.0383175231766883,0.0668580115016033,0.0243266661075727,-0.0881034587991649,0.3190954484884434,0.0706580043825808,-0.0241874305288243,0.0927296274491842,-0.0137353831986256,-0.1128102897402986,-0.0010914485756267,0.0200028799629898,0.0259430049509368,-0.0198535034320583,0.0010811058250632,0.2227239643661516,0.1020283859645705,0.0711149329120465,-0.0351961668545659,-0.0663829239603372,0.0642629524897477,-0.157631699180924,0.1315333450492333,-0.0906184422461702,-0.0121694468367518,0.2787902835450526,-0.0390534617994557,-0.0392565821095929,-0.0551424673670835,0.0066697315609998,0.131248346421438,0.1877034410424534,0.0707046154436685,0.1990309937542538,0.1590863368032682,-0.0653571427297122,-0.3213147574297117,-0.0376250267028808,0.116500093590254,-0.2593350328737159,-0.0485974708757844,stop,2038,14,68.52247664832242,-0.0794938957416299,0.0717355744593625,0.0830198831608076,-1.0,0.9024035592936164,1.0443554487584534,4.777655226809846,1867,0.5853680258019709,6,0.1286889684894537,-0.1150327324284992,0.1163411950131754,0.0068965517241379,-1.0517056040157362,-0.4663375782137649,0.6734631779599248,0.2851149192048764,77.84401393486047,68.52247664832242,102.71190047651528,2.072857992989676,-0.1018118524396725,-0.0301226109724389,0.0280494986493848,-0.195076750996367,0.0097108233830108,-0.0089202258487662,1.0,0.0363015563461419,2024-10-03,6.0,13,0.1034736752267992,0.0851130878662644,False,False,False,0.0833333333333333,1.0,0.0833333333333333,-0.0686511681934811,-0.7132353391316868
CRWD,Falling Wedge,bullish,1,0.7333853885623084,3,45,905,906,2023-01-13,2023,0,25.100000381469727,24.38805009284681,39.5100714512925,22.653049745845838,0.8886660932610772,0.0291925875956657,True,0.0587649545439312,0.0533696832050376,-0.0133123432157253,-0.0145434297426598,-0.0160822352289639,0.0223375995504437,0.0314422754141001,0.0860967225557274,0.1134142151151111,-0.0109666303209619,-0.0225504619140268,0.0389429118628803,0.0249110047985461,-0.0100629211635309,-0.0519178207606485,-0.0571797920247501,0.0119841038558214,-0.1425288248893583,-0.0117946495608846,0.089913757015942,-0.0519178207606485,-0.2187936449807788,0.0688953537636495,0.0096613665932374,0.0043662933231189,-0.0561464200945586,-0.1307297165329392,0.0449599609374999,0.0504794771669911,0.2666768201591962,0.1503137689983373,-0.0526763793540723,0.0506724264081215,-0.031782420534088,0.0145472737145477,0.0315789023791852,0.0579281553866548,-0.0941593595787895,-0.1050583657587548,-0.1606678801351796,0.0480786164437516,0.0243433350657189,-0.0789503981698706,0.0895827186380746,0.1145509274419909,-0.0020157055358534,0.1172310404799406,0.0812195323821078,0.1835594171240606,0.0127863257180369,0.0228794987351468,-0.1657286352193661,-0.3811715226718568,-0.3420491292813322,-0.2991656884590522,-0.1705525893289562,0.1101443884773492,0.0220981314933157,-0.0868516256155507,0.0212312333051885,0.1574534048306879,0.1197353107172363,-0.0082996635320438,0.2893348869310577,-0.086106338755725,0.1117678575373219,0.095192394807414,0.0651637005438279,0.1336599726121025,0.2749999259097653,0.2919393727709437,0.4722222222222223,0.1882736040424599,0.2305292791972675,-0.075846290786442,0.0980627502610882,-0.2381577096101296,0.2870817073124392,-0.3771810004750788,-0.1403825824955948,-0.4159930243631385,0.2111728676485502,-0.0896054837129338,-0.3308256620830624,0.4324969266955001,-0.1363664933923114,-0.1742478092159843,0.2627420191502672,0.0122872909722633,0.2156862877301046,0.344783746008122,0.2361632936544848,0.3446214935086695,0.3166973551937559,-0.0514293038993738,-0.1275533875547344,0.2683869978215321,0.372375353579097,-0.199267075166949,-0.1984191504915076,-0.1209635217308839,0.1022124350773161,-0.1127241419700096,-0.1853275496034493,-0.0028157618151937,0.0942503811956674,0.2757721947574485,0.2405778539850016,0.1832886671720657,0.298520327183398,0.134673843791778,0.6878832458283513,-0.1521760728974843,0.2407038419978078,0.2572230346456756,time,965,60,33.75,0.3446214935086695,0.3811752595760868,0.0312748938438918,3.535011901179938,3.909968195303296,0.3208073902201791,5.88899132660626,860,0.7635796494740059,7,0.0323945568256709,-0.3345908016668424,-0.3138639287874333,0.0,-1.4795494637408615,-0.7159698142668539,0.2223130016315382,0.3004508280052199,24.38805009284681,22.653049745845838,39.5100714512925,1.152857371738978,-0.3948618054351348,-0.1656656348160597,0.0463320560988003,-0.4405283744011202,0.8947365250946651,-0.0158195856159676,1.0,0.00232818889911,2023-01-13,24.0,14,0.0430290318077803,-0.0205334199910007,False,False,False,0.3846153846153846,6.0,0.4615384615384615,-0.1688716737159538,-1.3796606570914447
CRWD,Falling Wedge,bullish,1,0.6582776285459467,3,41,1233,1234,2024-05-06,2024,1,78.92749786376953,76.42246136192637,90.2287012564666,70.178838108126,1.87269544147712,0.0327787990232302,True,0.0109911035907042,0.0045184762661714,0.0462798551487841,-0.0484886615622232,0.0447434401170094,0.0529210161748383,0.0655838663238259,-0.0022846027615635,0.0387871838118922,0.0130955242905206,-0.0110511060318518,0.0719486534886089,0.1547174076877571,0.0848760683674456,0.1671293721966187,0.138955933224149,0.0109078078053728,0.0601661347580162,0.0315069306016777,-0.0206741847349015,-0.0364295037425748,0.0715352008683058,-0.0357202132108811,0.104653034237667,0.0805013285995841,0.1652070508013325,-0.1519037611649771,0.1210270237278294,0.0867227506236869,-0.0077155855663707,-0.061928094999611,0.0796341834268574,0.2150581459081966,-0.1351317070948011,-0.0433333547491775,-0.012703424942864,0.2004768217910508,-0.1891759015444801,0.0486238812087873,-0.0095237028387076,0.050282630973961,0.0693017796886796,0.0216216216216216,-0.0428864018019531,-0.0158095510388639,0.0852608140361571,-0.0320864247473583,-0.0530117626300782,0.222857157389323,0.4674678782692569,-0.0843188504905068,0.1329707315076815,0.0163130820434527,-0.0276213693795311,0.0684795400926607,0.0392344888138767,-0.02530089584308,-0.1384189454172802,-0.0716507930629951,-0.1147965425086992,0.6209236882375933,0.1031601549736263,0.3635857048102029,-0.1539426571691186,-0.2279710262869867,0.0653976181806144,0.1263013865849742,0.0830473632490085,-0.105372310447062,0.2263786486176904,0.1574413494601296,0.3177574585438396,-0.1175356515051303,0.200945962441934,0.3175308792679399,-0.3389333089192708,0.3255589879291101,0.0282036461162498,0.0081103515625,0.0610417850709008,-0.2891538737414822,0.3386316266834945,-0.2225280547462339,0.344783746008122,0.5530754136262779,0.216543916264607,0.1611602038029038,-0.0747047486454576,-0.0957777913411458,0.3204397918339001,0.2871795067420373,0.1092621562679356,-0.2897912410459552,-0.3423491527896162,0.0627969618902994,-0.0969355822737217,-0.1223508745589333,-0.2154680073554881,0.0692960702980634,-0.1361243873121635,0.2499593779611859,-0.3650986435561693,0.3759078359216208,0.4592272671786221,0.6196387926753131,0.3203979791403566,0.1604159541747296,-0.1413248948269732,0.7601104021560172,-0.1930089261108061,-0.1880995029413106,-0.3545517963803699,0.8146688628127661,0.0588235294117647,-0.3967052619611954,target,1257,24,90.2287012564666,0.1431846149766862,0.2194102860412841,0.0386588543365826,1.2917639625208823,1.9794466085666949,0.3487673230288933,1.2917639625208823,1191,0.4262502572029037,6,0.1847179836585034,0.2038208004886914,-0.5066958952897398,0.025,-1.1608406172279933,-0.7345903600250926,1.2315986820444944,0.1373080121825696,76.42246136192637,70.178838108126,90.2287012564666,2.894341060093471,0.3337826630344345,0.0140190546816745,0.0364285715657494,0.7385666972259806,0.9933826251837224,-0.0091228092267151,1.0,-0.0041446591036314,2024-05-06,4.0,17,0.2111493530284351,0.0791049783254191,False,False,False,0.0625,3.0,0.1875,0.0566893484584675,0.3161060035911628
CRWD,Falling Wedge,bullish,1,0.6795058108986662,3,32,1561,1562,2025-08-27,2025,0,102.5,103.82221923280711,126.90061464865607,99.32973094506916,3.028667451224675,-0.0127354167785821,True,0.005999979158727,0.0030953387141963,0.0033498195345793,-0.0117687130190617,-0.0454511140522203,-0.1346296522352431,0.0327811565822708,0.0801587785993303,0.0766231057631909,-0.0837201019187126,0.039538696907837,0.1537444469308175,0.1953258219121763,0.0820584956260659,0.0389380666006982,-0.0215974484483899,0.0083546806426739,0.0064962463792779,0.0035721088589129,0.0003501532084677,0.0660701688656577,-0.0057874750684916,-0.0182203829247647,0.0570244021532011,0.0409716130930375,-0.0613627239943922,0.1739597192546664,0.0828630970540273,-0.0671380665785489,0.1273315478957237,0.0673814422648637,0.1820705972260889,0.0403469626030252,-0.0359835521987286,0.1995855286947458,-0.0446969865110623,-0.0310864251893689,0.0088095286535836,-0.0213756981274274,-0.0102464337620327,-0.0941593595787895,-0.070322261290003,0.1215964848292738,0.1994033121550569,-0.0059156981898484,0.0189713513926584,0.1538780398485137,0.1343576292002286,0.0474360267915545,0.1163203368866538,-0.0103413354866668,0.2169511996633637,0.1813999938964845,0.2169511996633637,0.1613631902099572,0.001052615517064,0.1224489629473157,0.4431323239993767,0.0493421052631579,0.2031500571636517,-0.1407782320175825,0.2967798011609759,-0.2191902328030792,0.0298055497501212,-0.0966775693162591,0.0655992187717371,0.0957134524644152,0.0796912881295823,0.0608705422157543,0.2731219035823171,0.2323605110599051,0.1812624246464766,0.0413187843358648,-0.2159610442827879,0.1510289361197407,0.0848540920008489,-0.0166742498465971,0.0046481493378689,-0.1007751622786559,0.2009524390811012,-0.1319543110734341,-0.1363664933923114,0.4006767165936715,0.2067057522196378,0.1546411013191082,-0.2363957624336816,0.1691999816894531,0.2510786077949438,-0.0215649761031595,0.2297214514888275,0.4232978461407632,0.1911371894144332,0.2227073111185213,0.2117390131477403,0.2619861764073254,0.0115831638863663,0.391931577969012,0.1856562105841424,0.2423587267227911,-0.2116776332705326,0.4699875265110147,-0.1914384722789538,0.5783107860668286,0.1215321436130703,0.2905596216148296,0.2245314534782727,0.6250254479810167,0.0808456686714449,-0.0343938365458249,0.2899582042905093,0.0267778492723969,0.0884355565703556,0.1039973426109965,-0.2528868823045802,0.0575532795259972,target,1590,29,126.90061464865607,0.2380547770600591,0.2439024390243902,0.0179024300924161,7.696701518347463,7.885766023901552,0.578814937368997,7.696701518347463,1529,0.4849312463777038,7,0.1147852954170541,-0.0257386382651807,0.1099180872260348,0.0,-1.8432905214956687,-1.3583592751179772,0.7399373752518201,0.0887389842763409,103.82221923280711,99.32973094506916,126.90061464865607,2.811429159981866,0.0360364385511213,-0.0871506683646089,0.0266101536398207,0.0710918186499716,0.3537290153100937,0.0095785439213056,1.0,0.0191817489902563,2025-08-27,17.0,12,-0.0164025564004911,-0.01189692734552,False,False,True,0.4545454545454545,0.0,0.0,-0.01841514871136,-0.7773207327231363
CRWD,Falling Wedge,bullish,1,0.7947574077314412,3,49,1664,1665,2026-01-26,2026,0,119.6187515258789,115.288610961676,141.90342389991702,108.87965393066418,0.8327340961020504,0.0375591355302418,True,-0.0828151930498691,-0.0845870458293255,-0.0125843127696128,-0.0032589349157237,-0.007661264732786,0.157337142427357,0.0867984280625491,-0.0422110246054491,-0.0383762306226775,-0.0679043374107616,0.1157479260081055,0.071920130809383,-0.0210390665818492,0.0844429175662966,0.0586489580105635,0.0091498556900906,0.1406900881907875,0.0188129770318934,-0.0398991658339349,0.0412261682242991,0.1308162974662521,-0.0015667177318301,-0.1168696847640168,-0.1472072661269906,-0.1468759347986836,-0.0464414557415323,0.004622774935288,-0.0037676314233054,-0.0172580595939391,0.1820705972260889,0.0128960800642168,0.2646130686692771,-0.1553846179929554,-0.1125608109610828,0.0283501447600709,0.0326475699063704,0.1290031008451189,0.1688991188991186,-0.1157007956194466,-0.0102464337620327,-0.0643522761764314,0.1227947385030021,0.0653778785098231,-0.0261044027505348,0.0790998875165038,-0.1741351899176715,-0.2679868425055723,-0.2581478709241194,0.1191158805556149,-0.2082165730614961,-0.0022356814958257,-0.0390978248777998,0.2470447178671753,0.1336323457605699,0.0554817630815425,-0.2457286874908283,-0.1182598039215686,0.207608572557181,0.2712418881193525,0.087483033060512,-0.1351950643488513,-0.1161500181738887,0.0170611910316456,0.2007298916334361,0.0553851784282892,0.017342425197429,0.0783385569982308,0.0116448985159196,-0.2998481769774044,-0.1786614029545491,-0.1221686740925003,0.2064907534407778,0.0646988408256399,-0.0709085940150064,-0.2040472986646279,0.4672827636993217,0.3138321100856338,-0.1101186977677671,-0.0027936137444,0.2695685021836667,0.5086051652156838,0.1409288114040272,0.161927826949535,0.1688746005575494,0.1510552035010994,0.0822233293911041,0.2879844374815752,0.5451733717666287,-0.0012299459344574,0.1688746005575494,-0.0632307786207933,-0.3329209723701861,-0.0246512634458957,-0.0519819209946355,0.7590939185664307,0.1370608126414478,0.8361061661142069,0.4969693757815876,-0.4027149359936955,-0.1553692876018682,0.7729976910087504,0.2280158391074529,-0.0478516153841942,0.19481598087615,0.3834374745686848,0.0622706282029457,0.0117386215146215,0.4903027320542197,0.2234993636081288,0.2817999267578124,0.1191592862643555,0.2789420118422241,0.3692934724092396,-0.2116776332705326,-0.2660457548992941,stop,1667,3,108.87965393066418,-0.0897777100849558,0.0182350300271023,0.0984063762045107,-1.0,0.2031131113708141,1.0961114525129858,2.075097295322841,1615,0.6502320668719062,6,0.0166628157816754,0.2888951211652526,0.0103379471508178,0.0,-1.1982495329086855,-0.5480174660367789,0.4437545578462142,0.1527976354221008,115.288610961676,108.87965393066418,141.90342389991702,4.020927429199218,-0.0022149137699256,-0.0418381090845109,0.0343426860930142,0.0008761607385159,0.9066969222142476,0.0033149904580718,1.0,0.0034039340728744,2026-01-26,19.0,18,0.0397762338866998,0.0478161046434215,False,False,True,0.4705882352941176,0.0,0.0,0.0330223265665108,0.3567119542060655
CRH,Falling Wedge,bullish,1,0.6281531052802787,3,24,680,681,2019-06-03,2019,2,26.820078190394582,25.474119559659343,29.239501058462068,25.35874271287073,0.8653695584090197,0.0528363159944766,True,0.0012315125169852,-0.0415305132464931,-0.0135916774413569,0.0222471963817685,-0.0310312814325675,0.0008036837739227,0.0235233760385171,0.0129492557334036,0.0106207633915451,0.0161024017282906,-0.020291238295337,0.0631547555085487,-0.0234990437274846,-0.0305056340616227,-0.0561956499525946,0.0227979298727583,0.0145453276123219,0.0188369901228202,-0.0859809355208717,0.013563987207265,0.0802418364338803,0.0311781986950883,-0.0022419995864295,-0.020320184102735,-0.0645248829221062,-0.0347968861496121,-0.0521161572066706,0.0135145519562343,-0.0217285319063574,0.0171809828287523,0.0577451936562458,-0.0118541734485072,-0.0180740670372685,0.0185670002174977,-0.045727011637256,0.0435945411035916,0.0132368743274771,0.0921682522863918,0.0478658945012704,0.0096513428371443,0.0316606605814269,0.0122871705139688,0.0261930998227204,0.0261230940798529,-0.029283038604802,-0.03013062373884,0.0206279541349989,-0.0514639298381849,-0.0571274116286655,0.0104909090028399,-0.0387211390626757,-0.054507968965364,0.0620838861163588,0.1034917642292794,-0.1593176316520983,-0.0245378579577921,0.0410803671687349,-0.0035826112829733,0.0596840320077363,0.0418932992064406,0.1880479599858133,0.0558143608715597,-0.0785320405570889,0.011912281874471,0.0936957678458232,0.0845310063021853,-0.1007813436107545,0.0069620235522707,0.0084989714626939,0.0212436803213902,-0.069196293859284,0.0108921182550276,0.2196674500070328,-0.1593867261755936,0.0923347044398921,-0.068025973750028,0.2200202268154356,0.0949011780232016,0.0471783507312459,0.1065035211078453,0.1960852340707932,-0.066022448534286,-0.158281488863086,0.2239370414553192,0.1312349331419662,0.0469157151967094,0.1079917433689616,0.1040890032951407,0.206948804435276,0.0658310570063425,-0.0375911728992451,-0.0480174832350073,0.0064652562177578,-0.0337533704075099,-0.0062831312367119,-0.0136437903016035,-0.1349106769492319,0.198000857629043,-0.0175489569898652,-0.1022690742016814,0.1096143720462328,-0.1234348559389372,0.065853130570388,0.2364418780281576,-0.4892404366480366,0.2089342403418821,0.0925458972706152,-0.0474819970477348,0.0418505715377865,0.1220878250595582,0.063051316607851,0.0264038844215372,-0.0551159915682477,0.0017345062446254,-0.0023642222260235,time,740,60,26.99347686767578,0.0064652562177578,0.0461822145508025,0.0424877825681339,0.1186576798744478,0.8475881303838974,0.7797837444860343,1.6556245333665986,654,0.9109452350284988,5,0.0485933617157735,0.0784120241374564,0.019609175870858,0.0416666666666666,-1.5465344528559108,-0.6355892178274161,0.052020798268245,0.085965130993651,25.474119559659343,25.35874271287073,29.239501058462068,0.4175896644284983,0.0485261213132974,-0.0261265264892998,0.0160442545277653,0.1373695855727181,0.7272722018322094,0.002551795300723,0.0,-0.0661834336409287,2019-06-03,18.0,11,0.0184178524150742,0.005297215367888,False,False,True,0.2,2.0,0.2,-0.0279035585969631,-0.4808710614671383
CRH,Falling Wedge,bullish,1,0.6007159836209042,3,41,1963,1964,2024-07-09,2024,0,73.99827060783699,72.24127163791707,85.79434786690308,68.64433440480275,0.4073816980837746,0.0243212630409697,True,0.0872595972060283,0.0732758378901794,-0.0694687695419069,-0.0077711457821221,0.0748891069123243,0.0220851883289967,0.0351167930910871,-0.0392446881713294,0.012452523353595,0.099771760162693,-0.0408218314088566,-0.0281914639924437,-0.0031745570599038,0.0099532718376771,-0.0063778011294681,-0.0408787819658719,0.01907374850056,-0.0051241503325994,0.0684974911869,-0.0775032668649626,0.0290868228448126,0.0103526920514276,0.0841234501049979,0.0826530879530187,0.0885590448821354,0.0067123110022384,-0.0690445862592005,-0.0174075726827521,-0.0068788640125766,0.0014691859981992,0.0532226935753927,0.008516652275013,0.0510244427358819,-0.0404454161951007,-0.0133431119730343,0.007175705665136,0.0437808466080023,-0.024681125711871,0.0335195684838254,0.0401360335219269,0.0174709933092207,0.0451807097125593,-0.000571659207748,0.1125394523991076,0.0177290979440589,0.0693478200936047,0.0318503399990075,0.0945354610096851,0.0187620478215644,0.0400492473443068,0.1133507151003883,-0.0633454145601938,-0.0115750054054982,0.0210813804312532,0.3339969641341038,-0.0632780882407439,0.0183276913458922,-0.0318431053066894,-0.1675601126703654,0.0210813804312532,-0.0210217829233854,0.1527849462477133,-0.0565855739509963,0.0514795005943931,0.1372038160461761,0.0733685475392968,-0.0625996706214253,0.085344745558473,0.0023992285532317,0.1255537635983743,0.1365398216214566,0.1446284260150576,0.0335424388285574,0.0552534189403532,0.1868946383196965,-0.0910794041923501,-0.0064073866961228,0.0133844660500026,-0.0229574959890376,-0.1349814653270881,-0.0402875843481961,-0.0075781124303404,-0.0517387306849581,-0.009626311364039,0.0225031216464879,0.0539629438573465,-0.0084021435486171,0.1026392030977305,0.0186397910393447,-0.0279896874261571,0.0763174034803426,0.1102178871349736,0.1829017571243278,0.1586054845575901,-0.2101735945789187,0.0694271636418719,-0.0944653844036452,0.0908104267046348,0.0317393061698918,0.3002765437527133,-0.0064781464994522,-0.1848660953444416,0.1919066206636384,0.0426613651323277,0.1823999474265885,-0.139617094363459,0.0051281986774218,0.1311622797192881,0.0317418374149296,0.1545796447602423,0.1787149149169722,0.2473665178281263,-0.0579197186920769,0.2679704959769855,0.1212834956791459,target,1995,32,85.79434786690308,0.1594101748888277,0.1687284504107757,0.0256648562108148,2.2032532349528,2.3320437635513125,0.354721256096178,2.2032532349528,1922,0.5200983840708447,7,0.0733100210980608,-0.0434052204869991,0.5035409108782583,0.0,-1.4406400523151928,-0.9205416682443468,0.7351313751963494,0.1097443827093811,72.24127163791707,68.64433440480275,85.79434786690308,1.7690496839418262,0.0706033365455007,-0.0306169729313235,0.0239349908015116,0.1445892357031661,0.8999993064177133,0.0165701668997197,1.0,0.0441997037115637,2024-07-09,47.0,6,0.0841488702113544,0.0673361797165299,False,False,False,0.0,1.0,0.2,0.0002067973769218,-0.3613915023489987
CRH,Falling Wedge,bullish,1,0.7983809188826023,5,37,2097,2098,2025-01-21,2025,4,97.483960166766,90.54676103453824,107.90058257747648,88.23498515272377,1.109906916552882,0.0766145475880868,True,-0.0083543193229411,-0.0060438975629429,0.0458232747625841,-0.0178719349420739,0.1914300014420125,0.1189034996606952,0.0124206566375593,0.0272471611480318,-0.0231262037747018,0.0078368141182443,0.0071407952268032,0.0177087161435318,-0.1098997135319226,-0.0045181398643663,-0.0351079305183356,0.0311781986950883,0.011350810155243,0.0276262750467621,-0.0191863502461318,0.0370984560671614,-0.028961570465957,-0.0080529860584994,-0.0228063108080276,-0.007448267698272,-0.0006158530478026,0.0067123110022384,-0.0230241621560592,0.0375550261894488,-0.0326098955269393,0.0471464865052204,-0.0064596359761514,-0.0258064399220776,-0.0172636467817618,-0.0209047911235391,-0.0198727376006621,0.0043708252070298,-0.0100207803736271,0.1157933726148974,-0.2364146434938697,-0.0328296670150521,-0.0543805609237835,0.0159017169653747,0.0017367278734068,0.0572809926739847,0.057965729878104,-0.0006920790990811,0.0679416137411597,0.056372439369219,-0.0375193108536169,-0.0290507834091612,0.0256256740921818,-0.023886656856582,-0.0125352846333998,-0.058590705907453,-0.0146634799872731,0.0791055965079492,0.1318329474132284,0.0013533875593034,-0.0477343751943897,0.0232983831795257,-0.0216149888895982,-0.0730879016678426,0.0040056133921431,-0.1543462206581638,-0.0758027473293432,0.1234332043374883,0.0637897953456996,-0.0492831518448891,0.0752251640113693,-0.0020352020836703,0.0619831690604167,-0.0262018037280137,0.0580100034781698,0.1199778613524298,0.0758306447936858,0.2975596024894091,0.104226113942367,-0.0146814140923668,-0.0650970721265358,0.0689657274027768,0.0590133118858478,-0.0426047845154037,0.1725560230206695,0.0572903356812852,0.1816955285568473,0.1025975252211495,-0.1511471646019823,-0.0166573806143206,0.143667255797727,-0.1747995878690906,0.1286915706524607,-0.0559798169200259,-0.140877341535563,-0.0110273765934008,-0.1562529232738635,0.0981441590016329,0.0858146720157939,-0.0138157276452027,0.0089749178599187,0.1511667955725975,0.1360169246660487,0.0735784836286774,-0.0564665624950747,0.1786342377471199,0.0965925099837963,0.0155832233049266,0.0502597740919836,0.0640425031289946,-0.0433420322426444,0.267515133320485,-0.1907392609114708,0.0433318904206723,0.0976172486315414,-0.0289473431550718,-0.1847627727181061,target,2116,19,107.90058257747648,0.1068547317208981,0.1169603254826,0.0323100034772032,1.1262461402366728,1.2327588401014258,0.3405466105355156,1.1262461402366728,2056,0.7937835989980797,5,0.0130758143440841,0.0772973685637863,-0.2801878941464495,0.0,-1.345121922420306,-0.5513383234222311,0.2257408369246518,0.1288269403181675,90.54676103453824,88.23498515272377,107.90058257747648,1.7605858014002354,0.1450198199299939,0.0166266453765042,0.0180711750542265,0.2524630306332953,0.6084902095561687,0.0229155193958485,1.0,0.0320658545693886,2025-01-21,39.0,4,0.0496476740196485,0.0300946890052926,False,False,False,0.3333333333333333,1.0,0.3333333333333333,0.028432501568046,0.1259135232221928
CRH,Falling Wedge,bullish,1,0.6742866240936082,3,32,2205,2206,2025-06-26,2025,2,89.17051210467584,89.7885237696812,100.21411917878991,85.77146163109762,1.1804101641057458,-0.0068829694381727,True,0.0529000233522329,0.0325697722973306,0.0030918638862864,0.0377178194821345,-0.0308011655437112,-0.012338339102768,0.0163637661443436,0.0150969426252838,0.0197914032376125,-0.0302868338732043,0.0104656010075192,-0.0197215925196247,0.0572436319679936,0.0872595972060283,-0.0089072094305375,0.0322257815080602,-0.0224984076683147,-0.0202195837224005,-0.0002506518052737,0.011599168596069,0.0229809752406546,-0.0002335437408257,0.0444710621774667,0.0562270089144487,0.0387032147902119,0.0404121461288116,0.0090935634107127,0.0402241965209608,-0.0370324484080404,0.1126075196258111,0.0014691859981992,0.0430040403386182,0.0453346031393346,0.0325102000270174,0.0658595536273591,0.0352654777120362,0.063148431944384,0.1150443517738777,-0.0111022910175628,0.0181132840632944,-0.0708868257044886,0.0742587200046529,0.0572934695607025,-0.0391052863006081,-0.0810969243015781,0.030506260507274,0.1096816607024857,0.0701633478459409,0.0582270983469448,-0.0055746977087208,-0.0216149888895982,-0.1309433372815946,0.1433089043064241,0.0494550223483571,-0.0742939647656454,0.1235299453089771,0.1752484654700927,-0.1429432053597785,0.0879966495139152,0.1752484654700927,-0.0078760243134622,0.0035694624674738,0.0858856278148525,-0.0121729380447531,-0.0784151673339821,0.0119047064837156,0.0935695425097487,0.055231731440537,0.0802145958133059,0.2568481312784725,0.2039340009851153,0.0974042552740461,-0.1090711637288709,0.239329808805343,0.1163512657337193,0.239329808805343,-0.0227979784706325,0.0186397910393447,0.1064614153374345,-0.0466427209290726,0.0868423774124405,-0.0008429169506561,0.2009133831394884,-0.0045816911262924,-0.1511471646019823,0.1489729730868982,0.0039267518626082,-0.0001714431527584,-0.0522964760828597,0.1285600316897845,-0.2062826722267512,0.2172032495326437,0.2722634068023106,0.1812036343893905,0.0832231845351827,0.0420116460737567,0.0917742015791549,-0.0945131461285323,0.1215812356340222,0.071933790042826,0.0459367973422375,0.2221681521781795,-0.1071251168478143,0.2920653125188355,0.2972574828197591,0.0560007315392556,0.2973164349919235,0.0293118693784564,0.3025355424884057,0.0114100327058184,0.1013205536785968,0.0981611529159187,-5.109265029301646e-05,0.2278479001088114,0.1627550735570855,target,2234,29,100.21411917878991,0.123848196151999,0.1888653885204256,0.0059886983086723,3.249027091524292,4.954684710958705,0.1571071977823714,3.249027091524292,2171,0.584478928963948,5,0.0069842228787524,-0.0643024122441637,-0.1016691998477391,0.0,-0.9973096197758696,-0.4128306908119311,0.6574592376105386,0.1119638982322727,89.7885237696812,85.77146163109762,100.21411917878991,2.0972051804234604,-0.0543206829517045,-0.0341898879082898,0.0238095008173512,-0.0413415864994387,0.8333338379235905,-0.0034960687339683,1.0,0.0441510318964162,2025-06-26,39.0,4,0.0509356956742601,0.0388413340361815,False,False,False,0.0,1.0,0.3333333333333333,-0.0754376219563704,-1.2869735827890598
CCI,Falling Wedge,bullish,1,0.8426392364570493,5,42,997,998,2020-09-02,2020,0,124.96279393679444,123.31237086628715,135.5612728408255,118.72409653337093,1.600270933875201,0.0133840835182457,True,-0.0456840889435986,0.0160797182998951,0.026831208115492,-0.0185353600785551,-0.0182258158368224,-0.0096900789973723,-0.0365234335538702,-0.017086781465493,0.0366204851932963,-0.0049141591134034,-0.0018119926307036,-0.0531851757658501,0.0448347900476353,-0.051222861563635,-0.025140303084014,0.0488825994419757,0.0028249218521183,0.0037751516190609,-0.0174209442341493,0.043908595675997,-0.0135226984581463,0.0796484344810704,-0.0466864180258301,-0.0148468463195697,0.0414377291553764,-0.0064297827148978,0.0106833100525405,0.0777015190437824,0.0126726631991485,0.000664653071478,-0.0123689059036852,-0.0694642447587868,0.0017982249702841,-0.0491429197896957,-0.0078263469136905,-0.157919038361144,0.0132717411839273,0.0257346820822412,-0.029920642524525,-0.0452628428944923,0.0143677877096037,0.0057555779047906,-0.0145541682950389,-6.16746610685448e-05,-0.0219277942946832,-0.0022354362248741,0.0176183833137659,0.0667395716562866,-0.0657127307283459,-0.0342129828588747,0.0111490695880418,-0.0393009026452068,-0.1329442963634527,0.0094090959603412,0.0166684013772195,-0.0388748542860386,-0.0647099104812348,0.0412440352277589,-0.0619966966176099,0.0221286568916336,-0.1578548044071734,0.0587119253430097,0.0139283779252972,0.0640381099971993,-0.0978194316908688,-0.0447516008762781,-0.0065114397245901,-0.0297278180941279,0.044475373136931,-0.0447673732134378,0.024271936779982,-0.0054911889879222,-0.0567828278828292,-0.1099846607826332,0.0870596146785021,0.0560758806115582,-0.1084868607255331,0.045555463974793,-0.0491138493627222,-0.0695433032436363,0.074376720066404,-0.061239353828869,-0.0054911889879222,0.0561102133535493,0.007722433400795,-0.0392701462145282,0.129912844499183,0.0788574839709159,-0.1360805230319021,0.0752374505350286,-0.0510476207148388,-0.0406862022798074,0.0125306873280333,-0.0134783453964619,-0.03411312875594,0.1409340450375995,0.0458428135639332,0.1139106615735652,-0.036482839722271,-0.153487105693713,-0.0155281733646078,0.0601418458049098,-0.0564229979547884,-0.1065243234740968,-0.0852560567025,0.0755345433716938,0.0864864262109927,-0.0517244602582761,0.0910538403363625,0.0892145572018781,-0.0965025453869053,-0.0650301051984934,0.1621078297968423,0.1654746603373851,-0.0039507870081452,stop,999,2,118.72409653337093,-0.0499244391620998,0.0027651281087971,0.0562633714961882,-1.0,0.0553862628244874,1.1269705266694423,1.6988288129209614,955,0.5026397490596901,6,0.0487277184749116,0.1380479664449221,-0.2906485366601595,0.0,-1.0099470972211788,-0.5073073481614847,0.7526516408628855,0.0816059443504428,123.31237086628715,118.72409653337093,135.5612728408255,2.269038300222617,0.0823872471722564,-0.0012543461498784,0.0181664479347985,0.0401275047169082,0.9291462213037988,-0.0057990861588923,1.0,0.0770528846662346,2020-09-02,2.0,5,0.1367042701143566,0.1390410284540433,False,False,False,0.0,1.0,0.25,0.0075709064740838,0.4013828019825837
CCI,Falling Wedge,bullish,1,0.6145991912719704,3,22,1505,1506,2022-09-09,2022,2,140.31937930252886,138.08879557837977,151.66259658969113,134.18300149955724,1.3048972120073223,0.0161532564232049,True,-0.0611218599568861,-0.008193273757491,0.0418152397368674,0.0042092821192385,0.010051849771864,-0.0352220258095489,0.0207039508536572,-0.0373702745400527,0.0365079619392605,0.0553888894247285,0.0057872333603654,-0.0465680799825556,0.0377580698196819,-0.0229894624928497,-0.0865933950145982,-0.0044461956177223,0.0085697082839399,-0.0772633467513527,-0.0014361086886451,-0.0247747925476132,0.0122009235282096,0.0037239619447622,-0.0561245294237679,-0.1161130086556175,-0.0199281721135803,-0.0412886380551887,0.0093118923436499,0.0184803876884369,-0.025008191166115,0.0420345322145079,-0.0087730617797998,-0.0017438539576347,0.1049356198908284,-0.0177685217706596,-0.0387052312428642,0.0343556446272628,0.0236136165629856,0.0312624418183897,-0.0598307239966455,0.0242595849279463,0.1370506450883546,0.0497478439303944,0.0407878668754997,-0.0314886769426947,-0.0121170988925728,-0.1300688125638216,-0.2271885022117848,-0.1183287527243455,0.166043582496618,-0.0526132914822538,-0.1043259378811434,-0.0090183480369946,-0.0156016224877097,0.0718661627347168,0.0499389608065761,0.024273999412028,-0.0066842242976701,-0.0345542812800279,-0.0080749195868256,0.1867121709290233,-0.0078959360366347,0.0871941896917949,0.041395210702656,0.0160369563204134,0.0257919094041814,0.045574213262769,0.016584256286287,-0.0076835464056967,-0.2514364774393902,-0.251922976027413,-0.1763713670397236,0.1664591189635391,0.05064119993254,0.0386280922975812,-0.1176883599420979,-0.0028673589224464,0.0520322460738855,0.0550000610764431,0.1417496842498593,0.0730521655716047,-0.0005611105929128,-0.1534862794522539,-0.0713444939978594,0.2926196293236729,-0.105733436717179,0.1358718149134998,0.0946800174700228,0.0668598233181443,-0.0776875363969158,-0.0774060042867329,0.1789431764376587,-0.2889110984934157,-0.2026263864894172,-0.184160439437483,0.3311298889072467,0.0968696766887391,0.18339129256482,0.0527294550651509,-0.0167871680574666,0.1629125260123074,0.0809837539783724,-0.0462521814792221,-0.0136297371565211,-0.1127272716481542,-0.0229648412079084,-0.2284447060767568,0.0814997910039558,0.0174397590484951,-0.2049056711764123,0.1169279038809669,0.0252226654740863,-0.092206644119988,0.0882191853854159,-0.0136353537509551,-0.2269150026562258,stop,1508,3,134.18300149955724,-0.0437315061787836,0.0137423945327644,0.0507103526918851,-1.0,0.314244711274811,1.1595839504034136,1.848520031095408,1481,0.6156073411822861,5,0.1016983110732021,0.0393849057656139,0.3463961362801195,0.0,-1.1779111783916398,-0.5623038372093578,0.5505751648644057,0.0770598878748417,138.08879557837977,134.18300149955724,151.66259658969113,3.1290933068040294,-0.024661393558319,-0.0028586092824627,0.0224045543845986,0.0081903462147034,0.5769239450862443,-0.000114771019911,0.0,-0.0318818325357905,2022-09-09,52.0,9,-0.0248256858565049,-0.0304381079525547,False,False,False,0.25,0.0,0.0,0.0090313945453936,0.2520895377533417
CCI,Falling Wedge,bullish,1,0.7016540090598915,3,46,1686,1687,2023-05-31,2023,0,93.26382778840326,91.99294968623155,116.66411484892932,90.18922222639428,3.6628281815251262,0.0138149511077358,True,0.0175329448121197,-0.0027018006035437,-0.0037340024408414,-0.0088933138861554,0.0021590003630986,0.0152610894749356,0.0541210820209541,0.0419323233576631,-0.0328344860046965,-0.0231733145745006,0.0418780621443328,0.0083550581727573,0.0185223914621952,-0.0615338153438717,-0.0122676505480809,-0.0229431497155394,0.0385078570103445,-0.0197227920706087,0.022711884690882,-0.0325094595557439,0.0424035570692407,-0.0080105358354352,0.0145214555225732,0.0270091703055139,-0.0186508144645658,-0.0209874489864455,0.0175577567677707,0.063238777345868,0.0078853921230861,-0.0392267478992122,0.0007201054654264,0.0064670990887889,0.0286837074298975,-0.0157325358368202,0.0392495750233561,0.0851743436134333,0.0143071338745,-0.0554844588827171,-0.0463064712695583,-0.0148376437841578,-0.079945974174705,-0.0233398479398598,-0.0358203457523893,-0.0270784721273421,-0.0034994536003011,0.031957945781583,0.0240468681856351,-0.0277300671569615,-0.0274750214153939,0.0550150767120729,0.0564327164227784,-0.0193617539543026,0.0222466061682262,0.202418033389125,-0.0709120840551057,0.0113980073417194,0.2004941112273939,0.0513336557264445,0.1236066310598864,0.0291773962177883,0.0487586226253207,0.0060800859527259,0.0345191099545678,-0.0240797143885652,0.0638148268079175,0.0457816576795049,0.0100863449629284,-0.0564121120764183,-0.0140992416322955,-0.0220927134050137,-0.1190272173184627,0.0363364234242882,0.1749618536547859,-0.1692012036747364,-0.0075511105171696,0.035682247473882,-0.0847088719779759,0.0633698053494415,0.0166243299745318,0.0327397434607241,-0.030532231790007,-0.041799046411849,0.1390969432951192,0.1073655287899573,0.0934006412989529,0.1368285528421369,-0.0292463641433323,-0.1540857763816987,0.0644610391276818,0.1603013629125647,0.0312209935514862,-0.0508559564179529,-0.1050361911084345,-0.1612783269808424,0.1063373296099403,-0.0361213590857937,0.0437737399278637,-0.0436790520300166,-0.1040855279909587,-0.1275327214546552,-0.0502789819479062,-0.1878841781464124,-0.0915027067969842,-0.120082592504933,0.0469951156572123,0.1898120300303394,-0.0389504530764474,-0.1111684407403033,0.0126539340952551,0.0616648427626493,-0.0937577700865551,-0.1281789633881486,-0.0723655874063662,0.1753698428616676,-0.0765871161229068,stop,1701,15,90.18922222639428,-0.0329667528656943,0.0521435186179894,0.033941831957441,-1.0,1.5817001701811717,1.029577650420079,7.610825710351007,1640,0.824008102759284,7,0.0479132028128814,-0.094968968167346,0.1502456788320478,0.0454545454545454,-1.5151602404605558,-0.6911521377012712,0.1344337580728042,0.1423646639889685,91.99294968623155,90.18922222639428,116.66411484892932,2.326550971930001,-0.1728108641637169,-0.0810981333301459,0.0248842138576722,-0.1576953073959748,0.8565881845011049,-0.0041886253299757,1.0,0.0170625857474702,2023-05-31,44.0,10,-0.0459548645343649,-0.0597872454319704,False,False,False,0.3333333333333333,0.0,0.0,-0.0346187976223359,-0.2522000087345348
CCI,Falling Wedge,bullish,1,0.7081852883393351,5,58,1762,1763,2023-09-19,2023,3,83.03492426010956,81.7233089910959,104.74982092756365,79.5259465528053,0.9858187955275064,0.0160494635521497,True,-0.0667078621373549,-0.0258752376839432,-0.1261778073699128,-0.0152572060555209,-0.0431022407438099,0.0006351333828329,0.0127821261842577,0.0379773705781938,0.0107906907214994,-0.0016441469750585,-0.0291798466111804,-0.0010694365381888,0.0058423647063761,-0.0346109760187091,-0.0469080704815405,-0.0426400490807484,0.0246487222528932,-0.0221635281524221,0.017651992623255,-0.0180810215835085,0.0496752135687861,-0.000575506922788,-0.0556375510115902,-0.0937595964348376,-0.0432649013013352,0.0547599202971567,-0.0305641625427356,0.0455865740857874,-0.0101172289308165,-0.0978656887241991,-0.059266015470798,-0.0288428831466541,0.0483234949110047,-0.1117121073006874,0.0178207762526583,0.0416364504501829,-0.0617418668281014,-0.0471361803082563,-0.0145007987849345,0.0427903957197761,-0.0273964025100438,0.010350387470158,-0.021833144710439,0.0508902215731141,-0.0191389805336349,-0.0828617344832645,-0.042934836369795,-0.0249394457481991,-0.0317333352446729,0.0646477666872711,0.0382736862451607,0.0100863449629284,-0.0229600799039841,-0.0051589921784122,-0.0518631677339974,0.0480862742622656,-0.0251573608582837,-0.0772315977567402,-0.0193712332451385,0.0144318092662261,-0.0200819351416957,-0.1044014492050166,0.010257920686826,0.061327760459507,0.0978983515988012,0.0095355824682727,-0.0242461014093494,0.0104776254254264,-0.0420757298390647,0.0387334342401484,0.0281032635845568,0.0193596467470071,-0.0570899188782129,-0.1081586273567328,-0.0673618516560733,0.0552561582969255,-0.1234324860206725,0.0048982468470366,0.0237688175930621,-0.2721948362654173,0.0872734191994415,-0.0041562807678097,-0.1142420394633558,0.1799513537354238,0.3253868225184895,0.086487436860049,0.0223239749310264,-0.0434910850797342,-0.0207713672471159,0.0864359215107664,-0.1345142696079914,0.0414469824453428,0.1964339486349742,0.1367734027124745,0.2056723652185634,0.0553784645176886,0.1532410499213374,-0.0006757240992469,-0.0762498677885465,-0.1063537579126396,-0.0632248240909585,-0.0224398128224682,0.0551320602581861,0.0018964106473491,0.015332946810814,0.0358912585337798,-0.1092925535096951,-0.1185901761839799,-0.0057588682329124,0.0659765121315496,-0.0961839135714359,-0.2040375356037834,-0.0776921559900666,0.0633002964302191,0.2078678399017865,stop,1764,2,79.5259465528053,-0.0422590583248113,0.0040987964021841,0.0484682341417575,-1.0,0.0969921376543699,1.14693123943324,6.188382622737233,1701,0.8227261149752563,7,0.0524201890965965,-0.1694947192475167,-0.2743831796098102,0.0,-1.496331019075129,-0.67360490409988,0.173558519420955,0.1618558326095092,81.7233089910959,79.5259465528053,104.74982092756365,1.476516288870609,-0.1879392433631801,-0.0548720413685693,0.0178955668133119,-0.2387580608784798,0.5597030221594601,-0.0037937706011448,1.0,0.0112248060852939,2023-09-19,44.0,10,-0.0324065490400086,-0.0412913812180727,False,False,False,0.3333333333333333,2.0,0.2222222222222222,-0.0189171001726796,0.176429898725861
CCI,Falling Wedge,bullish,1,0.7400447990804765,5,51,1877,1878,2024-03-05,2024,3,97.02159519632023,93.52400376564088,101.08626245948012,89.33034807183572,1.527765148600726,0.0373977940405958,True,-0.0136001453213223,-0.0258027982433506,0.0373883267443135,0.0143642572439006,0.0260098307889538,0.001165276147512,-0.0754926881589913,0.0044616172304621,-0.0037340024408414,-0.008452358951055,0.0075842295996437,-0.0290530814954547,0.0194250176587267,-0.0180810215835085,-0.0632629705768574,0.1178943586903409,-0.0013352648445893,0.0019892824525058,-0.0331320050432071,0.021880436793086,0.0077218370714107,-0.0281590627980147,-0.0135592460477391,-0.0571748942402206,-0.0704201093035439,-0.0112558228026977,0.0637933821523604,-0.0141114588016036,0.1254810401245332,-0.0319679405505164,-0.0217788544659033,0.0592967301662707,-0.0073200243181892,-0.0423849023129481,0.1301917723680226,-0.0314886769426947,-0.0398289604172166,0.0457299376406432,0.0614284996461649,0.0167505000275876,-0.0183626234401639,0.0155189175721015,0.0250249040167405,-0.0110080341457555,-0.1253714823581673,-0.066591739398149,-0.0787257314761417,-0.0992405560554353,0.0243126261648165,0.0027666083373862,0.0739224372916982,-0.0497823720323119,-0.0184175010843238,-0.0221294959919359,-0.0180321403536334,0.0243126261648165,0.1197613544824054,0.0610696668699368,0.0480862742622656,0.1389865409752924,0.0287109045958848,0.0766091718581802,-0.0204288703929858,-0.0609388995260952,-0.0516809452823836,0.021383085805686,0.0235655096217788,-0.1186481724276057,-0.0928971519430853,-0.1413041388595111,-0.1243707791147336,-0.0196438641602521,-0.0424548695047203,-0.0671867718541041,-0.0065408822653751,0.1594971961238986,-0.0155018191541485,0.0386577267606198,-0.1152703244643864,0.0174462459505659,-0.0395559417816916,-0.0230057884131354,-0.0567828278828292,0.0903138063685256,0.0910618360784583,0.0632336249687726,0.0671588890420809,0.1028818158813025,0.0848507337507282,-0.068837527848481,0.1996551086866091,-0.1643029571736329,-0.1016291086870235,-0.1284311414827645,-0.1113320971590779,0.0274138748696393,0.1172175888622832,-0.0195140572075848,0.0143374016465227,0.1418768527724048,0.0017124204446898,0.035843221929213,0.0767233602260764,-0.0646541828005022,0.1191757227079708,-0.0791837657788986,-0.1010565817005664,0.0463422446615922,-0.0130109807848984,0.0121359287759617,0.0754024435039184,0.1798007175223566,-0.0359039333691264,0.0922552200415658,-0.1274081786452005,stop,1892,15,89.33034807183572,-0.0792735587259879,0.0133332201135483,0.0808897954360791,-1.0,0.1681925263332151,1.0203880932818696,0.5284796077115124,1823,0.5246601162372071,6,0.1147182702992864,0.2927985916795113,-0.1622931807092025,0.02,-0.7864460615880656,-0.2617859453508581,0.8312509069988245,0.0935184890194491,93.52400376564088,89.33034807183572,101.08626245948012,2.302029408624416,0.0715688482271905,0.012577283952323,0.023924753520144,0.1519665844778839,0.1016950613691957,-0.0034572400065588,1.0,0.0297024704209398,2024-03-05,30.0,5,0.1245402826921864,0.1032733189646153,False,True,True,0.0,1.0,0.25,0.010945766846341,0.5949048307329187
CCI,Falling Wedge,bullish,1,0.7124933901256766,5,44,2059,2060,2024-11-21,2024,0,94.84442454094236,93.64599608066816,111.09381554760898,89.8105767040613,0.6184297152080191,0.0127974340647927,True,0.0089261993356881,-0.0060487071219801,-0.045525895270035,0.0144114393904259,-0.0311245341792455,-0.0079062170976234,-0.0415634961776609,0.0027666191765218,0.1165776446958966,-0.008452358951055,0.0201535051179946,0.0249840122343605,0.0156711497966592,-0.0141459006687285,-0.0045502304052399,0.0200176525973643,-0.0408602930062391,0.0028736309829946,0.0083607488787613,-0.0280823257733152,-0.0089907658123411,0.0245818472171102,0.0079663876983578,-0.0328554163478758,-0.0566906056223386,0.1289776152145785,0.0743257048490113,-0.0351026188293419,-0.0213330885651877,-0.0782893406477921,-0.0043826756558881,0.0134190001262188,-0.0103338630609493,-0.0580158547361802,0.037207265584245,0.2209638609143387,0.0593443407096754,0.0262685485151967,-0.0054938784962261,-0.0218321659152759,0.0059722399439263,0.000664653071478,-0.0504163061021113,0.0341274095697921,-0.0271766161887766,-0.0473001278629123,-0.1252527751913608,-0.1243762270119274,0.0160549074300722,-0.0003953501467145,-0.0452277042763163,0.0231724049628299,0.0458874659439139,-0.0320059565059122,-0.0654392659667501,-0.0753816197665787,-0.0205392277334646,-0.0192714299884012,-0.0825985259552727,0.0297968158127148,-0.1562369369805321,-0.1135739125152954,0.0281488681740418,0.0109168962471175,0.0185612843333307,0.079539162475517,-0.0013739532835859,0.0001606368141886,-0.1072625031451059,-0.1447431026208048,-0.1753030624121008,0.0911812052327138,0.0858389415531917,0.061199586720869,-0.0303969889788908,0.2107432514136538,0.0687243442926872,0.0992611560566618,-0.1363664848443917,-0.013884173579832,-0.0320151712854606,0.0779180343034959,0.114489108545831,0.1221540814332946,0.0302613481143343,-0.1182783967302051,0.0011340730298881,0.081473271297205,0.0383290668075284,0.0195847029914679,-0.0465248719438432,-0.1809844068423148,-0.110490456763386,-0.1244702667412808,-0.0077885095249923,-0.0357246958495355,-0.0992464567077222,0.0983504313700327,-0.0769379235244553,-0.0776921559900666,0.3010121269989927,-0.083560298089633,0.0602622063113282,0.0233799455740888,-0.153487105693713,0.1350049739429741,0.1184856676246854,0.0948846238533975,0.0388511426150324,0.1182370801493399,0.1139106615735652,0.1159295632040338,0.0893750893750191,0.2480535223909254,-0.1615554512435509,stop,2072,13,89.8105767040613,-0.0530747891744342,0.0207957206083933,0.0610578604399332,-1.0,0.3918191844351318,1.150411737656876,3.2280258627632006,2015,0.4412440906045201,7,0.0849080831803367,0.0680499941593411,-0.0787114492576791,0.0,-1.8181278467488515,-1.3768837561443366,0.9057685050399868,0.0776928926032985,93.64599608066816,89.8105767040613,111.09381554760898,1.992945172170646,0.0059095816970753,-0.057393560202554,0.0211756573823367,0.0865393482664673,0.6871161911180934,-0.00201228105142,1.0,0.0249118395033225,2024-11-21,30.0,5,0.1868162923899123,0.0857587151254912,False,False,False,0.0,0.0,0.0,-0.0502865424492128,-1.126769203261741
CCI,Falling Wedge,bullish,1,0.8616805095210653,13,120,2354,2355,2026-01-29,2026,10,83.71763927314657,83.28959517921203,108.96961733330107,80.04487655920863,1.2239247922248966,0.0051392264905782,True,-0.0991954437469931,-0.0787123004986933,0.0331007241541683,0.0106807396334049,0.0313752851912882,0.0141364712869764,0.0024760824693335,-0.0570301390966284,-0.0272679639133143,0.0206947912391228,0.0047578075055678,-0.0043438423768541,0.0151772225126505,-0.0193904628250022,0.0180078394180946,0.021048751328708,0.0363987506942005,0.0239031743852171,-0.0023934640339685,0.016313681820981,0.028683763350165,-0.0089907658123411,-0.1070623660935817,0.0093103278534272,0.0245172573229444,-0.0627935262837725,0.0051041705251957,-0.0059886645163587,0.0209338725085344,-0.0663488158966251,0.0407878668754997,0.0068771315489062,-0.1287775314469763,0.0314785519799563,-0.0509320549914721,-0.0509955597292778,0.2209638609143387,-0.0682573992526855,-0.0157325358368202,0.019133165831795,0.0169372610454388,-0.0104572941182413,-0.0289467865756638,0.0148187076235528,0.001771606184556,0.0148315265339332,0.0291954309353144,0.0375795417163116,0.0757642797864663,0.0625407870800183,0.1180344240883,0.0714457751059038,-0.0864672805869269,-0.0202046635909134,-0.0885142323207333,-0.0312479425951335,-0.0333996915901141,0.0959742327407129,0.015024902997518,-0.1019205417104638,0.0139283779252972,0.0297241267753043,-0.0550192568912533,-0.0881087912547948,0.0415535936735884,0.0819626646114033,0.0012601508243319,0.0806634109882384,0.0200457146324769,-0.0853760261647731,-0.0044724032280077,0.0738603462193456,-0.1302793285910692,0.0416327190930918,0.0420511133999221,-0.049163991846727,0.0477075343650761,-0.0863125465782188,-0.0282356302344535,0.043077530085317,-0.0521406637361477,-0.0424425954533976,0.0165408190536093,0.0558262776979794,0.0871591457264346,-0.0578186161664553,0.1142971619457848,-0.047228963424326,0.0363364234242882,0.0687243442926872,0.086487436860049,-0.0963799519714126,-0.0289319514621756,-0.065551586655067,0.0272704085411104,-0.0384638011564795,0.1173087553060403,-0.0739206183355122,0.0310785979145318,-0.0105650736195163,0.0085262246372783,0.0113338377546929,0.0561474378781143,0.01841324579757,0.0470652611008162,-0.0924054435415931,-0.1504524826238864,-0.0757880707588865,-0.1751456382071772,0.1812123761560946,0.0543000452741921,0.1204063157400956,-0.0191425462902514,0.1031499934346997,-0.0359483927122723,stop,2359,5,80.04487655920863,-0.0438708346989429,0.0035632300546128,0.1047127232645235,-1.0,0.0812209313787838,2.3868413715649397,6.875472233565366,2224,0.8233135671391745,6,0.0164900988127615,0.3219659726735564,-0.1571187613184348,0.0,-1.2005080910025792,-0.377194523863406,0.1842389569601058,0.1946916940049551,83.28959517921203,80.04487655920863,108.96961733330107,2.107375044532354,-0.0867700878416094,-0.0117338265633372,0.0251955825966651,-0.1685621411169775,0.9461871901632288,-0.0001178627971787,1.0,0.0102327787240086,2026-01-29,14.0,3,-0.1481832577902958,-0.0853198369320292,True,True,False,1.0,0.0,0.0,-0.0198936047414427,-0.6183054234340546
CCI,Falling Wedge,bullish,1,0.6195936073403449,3,43,2486,2487,2026-08-10,2026,1,72.32831892750292,74.35308755833114,91.82304998387497,69.49244388513358,0.4388020314365008,-0.0272318029730743,False,0.014445405151531,0.016846921317931,0.0218237804991485,0.0064467992752144,-0.0046724447607118,-0.0682980860018389,0.0413366763364284,0.0226059691594449,-0.0140620886768371,-0.044856916612482,0.0088312384726985,0.0654842299899169,0.0063319463578841,-0.0097416432588539,0.0195836308094523,-0.0031072599104611,0.0239390178977083,0.0019540307671974,-0.0356424905421605,0.0067878231164291,0.0080857212932003,0.0123301333081948,0.0111874017755523,0.0411556575458249,0.0554353603015598,-0.0410660994039494,0.0275309277358166,-0.0701520907007133,-0.024578611829465,0.062958594708733,0.0298715343335624,-0.157919038361144,0.0211733477543618,0.025404435781412,-0.0221099188558491,0.0167505000275876,0.0084000169081379,-0.0101287089738247,0.0038947808998084,-0.0190565106182148,0.0165834134349618,-0.0987757240397924,0.025404435781412,0.0572799146296814,-0.0711417453559992,0.0521394848529988,0.0352957708419827,0.0463605546464256,-0.049049063532205,0.0244042211513082,0.0903957703963005,0.0313710079499094,-0.044607732163874,-0.0200760771438653,-0.0619966966176099,0.0368992440005362,0.063142243071955,-0.0258678476091944,-0.015535950420894,-0.034695100589648,-0.0201877004204142,-0.0669821243533705,-0.0504328610309637,0.1290768515316454,0.0163943981493845,-0.0806863517456374,0.0072247428183584,-0.0189251895594549,0.0398024816478694,,,,,,,,,,,,,,,,,,,,,,,,,,,,,,,,,,,,,,,,,,,,,,,time,2512,26,74.2249984741211,0.0262231941062984,0.0595530765528667,0.0133878172686681,0.6688163329769007,1.5188870629613431,0.3414530974334961,6.874326535940893,2442,0.6581595003491337,6,0.1536161437485419,0.1048877649574389,-0.0443378050802626,0.0238095238095238,-1.0614611231417597,-0.403301622792628,0.4487193022166011,0.1704610496135909,74.35308755833114,69.49244388513358,91.82304998387497,3.081621650800592,-0.1326819609115422,-0.0936237405745106,0.0424728918160229,-0.0677580086384455,0.0760867762426836,-0.0060854965877101,1.0,0.0318486417381997,2026-08-10,14.0,3,-0.0108779440367401,-0.0733150988954772,False,False,False,0.0,0.0,0.0,-0.0629697984347461,-1.480194032769106
CSX,Falling Wedge,bullish,1,0.7268784012686771,3,25,1077,1078,2020-12-28,2020,0,28.088656306594498,27.91210411387994,28.921765094870047,27.2751740001805,0.4326031866356377,0.0063252914217513,True,-0.0161626797458511,-0.0095284034634389,0.0349629243595897,0.0477999021158823,0.0093700690060731,0.0398692039143322,-0.0193531758007337,0.0099262613402171,0.050386673326108,0.0075231171850875,-0.0085328730593708,-0.0031637563697966,-1.3132685761085838e-07,0.0135541375922909,-0.0164022065934402,0.0161902578949264,-0.0078427922064344,0.0230339756368458,0.0190096770845167,0.051264948063151,0.0201254861427166,-0.0176445891508488,-0.0296665352035639,0.0543155600010589,0.0410467498508118,-0.0183059289079219,0.0280186920704492,-0.0142694218734081,0.0049296018639017,0.0026424802769453,0.019762944805264,0.0005654952600149,-0.0023353144829997,-0.0524216678586059,-0.041131649749012,0.0462015153102417,-0.0820446763776497,0.0750117985752749,-0.06562587191984,0.0395391948521339,0.0091845163476078,0.0612246224764163,0.0315412930616714,-0.0125091194326464,0.1024000515014189,0.0476966322110961,-0.0776250236357226,-0.0792301848228905,0.0271719713535878,-0.0297838057846491,0.0705829433104181,0.084498509987428,-0.0698912751653011,0.0789968597795842,0.0516892843119853,0.0306486005032129,-0.0532478533965246,-0.1178769347610962,-0.0534984991195719,-0.1137399080207984,0.0266446097628494,0.0016099033604399,0.0132274070411644,-0.0462613524762177,-0.0213675702536288,0.0336296406133316,0.0087009988106487,0.0237340308972688,-0.0748984016734292,0.0166826336405903,-0.0061097152698073,0.0865441324309534,-0.2651950510970655,-0.0403364946526951,0.1727708830987426,0.1281800470883352,0.0800308226495132,-0.0013458111676237,-0.0873904682601323,0.0807289994291657,-0.0011632841975908,0.150446849840115,0.0460554915752191,0.0643123116363981,-0.1097829968879631,0.0313175113670982,0.1038008306215219,0.0700444554735062,0.0444788932373592,0.0794008918501005,-0.0139572269054885,-0.0142644057158831,0.053626735860806,0.0077040343779561,-0.0168169329328671,0.1719735422886346,-0.026173578406892,0.1464919888156948,0.0904225750083063,0.1368225273504912,0.1424152966575103,-0.0097245513552768,0.0111192506826205,-0.0426764161711973,0.1073258899927871,0.0708200276069752,-0.0600056084140927,0.0149090605005703,0.1819229738592496,0.1600773784230929,-0.2162163635333532,-0.0761190446826145,0.1113791410031659,-0.1730263851150962,0.0173806972819205,stop,1081,4,27.2751740001805,-0.0289612396383309,0.0030785801399401,0.0391425321337462,-1.0,0.1063000126508955,1.351548919264497,1.0241265012241851,1052,0.3488506673397824,7,0.0773074908196452,0.1648882729077556,-0.1376096920360756,0.0,-0.7785694322821068,-0.4297187649423239,1.407907103648549,0.0385732100065432,27.91210411387994,27.2751740001805,28.921765094870047,0.4795784111874958,0.2300454024830205,0.0359557955609251,0.0171321359314002,0.3314957205986726,0.3222198910272237,0.0056634327853692,1.0,0.0277352346199564,2020-12-28,11.0,3,0.32510009947103,0.2062906006206755,False,False,False,0.0,0.0,0.0,0.0050782268425949,0.0226490510551176
CSX,Falling Wedge,bullish,1,0.6514488319043704,3,44,1206,1207,2021-07-02,2021,1,30.258578273801383,29.85871415195392,32.98195694056166,29.080972898140036,0.943726078011288,0.0133918734682449,True,-0.0224824619423491,-0.0300897783355349,0.0207965032883612,0.0188243965916679,-0.0211294076536565,-0.0497596246871194,-0.0277134904835592,0.0295958775965576,0.0373948733641247,0.009762074860911,0.0156410608194004,-0.0028294671035977,-0.0181345901178249,-0.0242463699241565,-0.0026882005189861,-0.0054552836183973,0.0193888160266118,-0.0314071089014902,-0.0011861957465577,-0.0037212614467765,-0.0068027006831805,-0.0020179826703885,-0.0201980578919463,-0.0508159884503196,-0.0305062763691583,-0.0006148357380615,-0.020876583831039,-0.044949969014473,0.0172486599171808,-0.0010812862236055,-0.0703780157367195,-0.0039818457955309,0.0112961243931886,0.0112814567289252,0.0003787648783255,0.1248765215965475,0.1078185090925645,-0.0402217679104651,0.0081094146285416,0.0303198025371687,-0.0446789234896992,0.031856943024735,-0.0105886492773341,0.0145168828118624,-0.0067274024741021,-0.0564961784562201,-0.0117031665636064,-0.0204864011041683,0.0589379884232934,0.0977293555137372,0.0373367101646699,-0.0641836099800521,0.0507089111887855,0.1070937413082464,0.1188444490188576,-0.0087338053262742,0.0041914440271977,0.0354185072750972,0.1202090506138306,-0.0058828117080198,-0.0634439042162381,0.0731929398069766,-0.033337095022064,-0.0905722949396442,-0.0146709410699058,0.0883823122778291,-0.1322847188685801,0.0416026301372636,-0.0327301094948568,0.0222444436513722,-0.020288740707806,-0.0464145095843211,0.1002113935386481,-0.0789273737735006,-0.1440446546125379,-0.0628126721284768,0.030369206554025,-0.0471561225937476,-0.0400585260688834,0.0999400957912297,-0.0887477641932374,0.0608410371272565,-0.1349127910453682,0.0666666501682913,0.0485355583599309,0.19118540759956,-0.0781595657078976,0.1386539302068081,-0.0794332347847465,-0.0625141907404593,0.1402779410131642,0.0215694528950853,-0.058052592335386,-0.0611174713632181,0.0400111239722511,0.0088742308584515,0.0778406317581497,-0.0337197119689333,0.0801054274490578,0.1617975319858071,0.1628015535341958,0.2650387211322444,-0.2034013679518334,0.178445417215892,0.0981537142001507,0.1411801728737851,0.1415614851480964,0.165323334749728,0.1449406240384623,0.2197497705442019,0.3815682748946845,-0.1528411414479907,0.1332551415271994,-0.0759761815091498,-0.1547880299856086,stop,1209,3,29.080972898140036,-0.0389180669694897,0.0175546102049166,0.050200209500751,-1.0,0.4510658306508073,1.289894730385916,2.312641164049382,1161,0.6121826965008204,5,0.0891685313030281,0.0888837133644373,-0.0257644078770716,0.0,-1.3748557247120727,-0.7626730282112512,0.5592493221411649,0.0691791462772013,29.85871415195392,29.080972898140036,32.98195694056166,0.4683874555443292,0.072546224933663,-0.0112314468735158,0.0154272290454178,0.083284232200516,0.6140394319444267,0.0030979234404759,1.0,0.029671012419445,2021-07-02,24.0,3,0.1085092808307026,0.0803566400478414,False,True,False,0.0,1.0,0.5,-0.0026156848662936,-0.124240875789392
CSX,Falling Wedge,bullish,1,0.6140021536607444,3,16,1219,1220,2021-07-22,2021,0,30.184025228964074,29.22284134551947,31.50198967313179,28.34673341371409,1.1690716223582558,0.0328915272844259,True,-0.0092621224160204,-0.016415854648507,-0.0037212614467765,-0.0191885331658459,0.0494548525787399,-0.0385670948888884,0.0041448865203115,0.0047170287373707,-0.0618017188721846,0.1106823031943988,0.001528477521977,0.0401979758804171,0.0033058936016623,0.0014667352448292,0.0114417424745398,-0.0225090188587248,-0.0655027209995032,-0.0116557250968616,-0.0390357752302097,0.0312591803708546,0.0073035373408509,-0.0333695196874359,-0.0077696846769964,-0.0074096248748418,-0.0171006198022656,-0.0446043070459072,0.0186304158295811,0.0694613506430246,-0.0067647028888772,0.0612246224764163,0.0876049243884353,0.0261202096180919,0.0515365130573532,0.0319269912197397,-0.1760524075661547,0.018694380836197,0.0518544379658132,0.1094126780271009,0.0497261422897901,-0.0339455108255065,-0.082345807547404,0.0518469279826743,0.0005310831703784,0.0101373324776614,0.0163934897643878,-0.0229790630684816,0.0370486099654858,0.0317003209683635,0.083316534354958,0.0049301266223402,-0.0083039770195244,-0.0950203956187907,-0.1120840757194829,0.1022750654981912,0.045785196406576,0.0358030953617858,-0.0437562516400209,-0.0398189509044368,0.0068252259034091,0.0121034277067968,-0.0794245823716005,-0.0246756168470696,0.0326754742588664,-0.0689191198394384,-0.00699796896925,-0.2601843921022098,0.0111921485218895,-0.0289130534170528,0.058708214456189,-0.0616084479940115,-0.0737084916829085,-0.0210839040376817,-0.0303500591191695,-0.2809300950839266,0.071447229987366,-0.074514123076127,-0.0649041474924366,0.0584836125812919,-0.0079961213011355,0.1667772369571651,-0.0616587928562512,0.0364248170995389,0.077152226943379,0.1072227438118986,-0.1974128998691823,-0.0029603839807667,0.0756865819016354,-0.0653456645323218,0.004849566644663,0.0744902231429271,-0.0007006024460803,-0.0548423202577508,0.0575867767800704,0.0352371560201707,0.1948761443450766,0.1534282345067477,0.0664080047095585,-0.1126997712973288,-0.2953075698067391,0.1692726494745391,0.2143229340317851,-0.109724479590971,0.1370419702827203,0.2418371080072641,0.0866344325720731,0.0328739868076866,-0.028250588025047,0.0130130574855218,0.0665210979939423,-0.1110286535089055,0.1525788849332849,0.1455477734134918,0.0277394914174815,0.0831779938718317,0.0011736416988697,target,1233,14,31.50198967313179,0.0436643036894568,0.0493979520855481,0.0213027488040155,0.7173408346068263,0.8115363164596001,0.3499730973651572,0.7173408346068263,1203,0.5083579614445165,5,0.0497243057880403,-0.0560318371601765,-0.1963853846340104,0.0,-0.791209385699652,-0.2828514242551342,0.5982832209241877,0.0795795192076019,29.22284134551947,28.34673341371409,31.50198967313179,0.7368601373394738,0.0618330378531093,0.0084998121490911,0.0242030331739146,0.0760791400007914,0.117644088904851,0.038327380655398,1.0,0.030430736967453,2021-07-22,24.0,3,0.0769452309550609,0.0519261147818757,False,False,False,0.0,0.0,0.0,0.0332597090604377,0.9345768813171292
CSX,Falling Wedge,bullish,1,0.6617699689904996,3,39,1364,1365,2022-02-16,2022,1,32.7929421359306,32.1253411461266,36.8111017437175,30.85532565969793,1.1032218925260464,0.0207811330864107,True,-0.0400000700694499,-0.0063374413380505,-0.0077732367891373,0.027806666328465,-0.0002731198321108,0.0554158215855156,-0.0315221684238886,0.0141104214513563,0.0302777671094587,0.0031179502610154,-0.0035437508468398,0.0075231171850875,-0.0363686380241364,0.0200598059278152,0.1193324120713865,-0.0162703806701951,0.0036233053506953,0.0136987248913091,-0.0142472886146871,0.0001972468211586,-0.0529910361698242,0.0843189989223978,-0.050824700996192,0.0112956763146501,0.0282397742849578,0.0222358329510763,0.039342137341686,-0.0373394462793604,-0.0196793767967439,-0.0912860737504689,-0.0129434043702906,0.00990617229577,0.0392351163101276,0.0973048626917865,-0.0079563749185422,-0.013955915411522,-0.0201113332032034,-0.0030469787028295,0.0843725270249833,0.0449190426552839,0.0565603350425139,-0.015882363700192,-0.0466325676822877,0.0396581927676673,-0.0393228796108329,0.005026801081919,0.0402388253626566,0.0450896588283478,-0.0084731622794756,0.0648457162397835,0.1002999441116061,0.0098763599511961,0.0782495590135408,-0.0204517309781485,0.0232705974270601,-0.0956018585552441,-0.017935590533784,-0.068636337576364,0.0547470779322816,0.0950491426332715,0.0368185060748911,0.009499563351685,0.0928499400647455,0.2638086175285339,0.0475878893305501,0.1351963765946287,0.0376712123646936,-0.0692571764163715,0.0017680930487026,0.00470425215191,0.0138869095159381,-0.2690862356694128,0.0622304221953597,0.0994849519576943,-0.0575847910318695,0.1086680819944347,-0.0771625585509598,0.1928026536134643,0.0646527001559766,-0.0210839040376817,0.1756752156423335,-0.0908360229817063,0.0084218095260439,-0.0660597895066427,0.1354552863480398,-0.174834329282939,0.0703648192921972,0.0340518492399029,0.0871160301497735,0.0589599341726123,0.0386134469263916,-0.0142882263557405,-0.0420062416648581,0.048810835713164,0.0137425423988821,0.0487936207677592,0.0646624170521799,-0.021546745073724,0.0382112875171782,0.0518523066239999,0.0565504469068085,0.2178618501101312,0.1808976748281001,0.0597917530252731,0.2117661176221834,0.0395830465093183,0.0835677376076884,-0.2258324255129036,0.0219131696258672,-0.0303004084419146,-0.0693869629289456,0.0075087539941705,-0.0137171189360019,0.159684207333536,-0.0867864052163374,stop,1369,5,30.85532565969793,-0.0590863871927386,0.0119999476841517,0.0651428480451987,-1.0,0.2030915791992526,1.1025017967794173,2.073764161832198,1324,0.6625225654099334,7,0.1109669435724114,-0.0127558561954113,0.7453999499817541,0.0,-1.0559265336899013,-0.3934039682799684,0.431978317796521,0.1272545632063765,32.1253411461266,30.85532565969793,36.8111017437175,0.7729777370242817,0.046001722413286,-0.0151053607599589,0.0234575335137669,0.0474082295905333,0.8749970197649113,0.003762326935669,1.0,-0.0113998973749335,2022-02-16,7.0,3,0.0802616952510995,0.0640619387576642,False,True,False,0.0,0.0,0.0,-0.0288686205797485,-1.4902211511908028
CSX,Falling Wedge,bullish,1,0.7159969192590219,5,58,1470,1471,2022-07-21,2022,4,29.06415511586673,26.28276098853135,35.7714745321519,25.885062158502308,0.9462974921101132,0.1058257969377363,True,0.0285436141265829,0.0106202930649494,-0.0170041238898968,0.0042192441702411,0.0006168780308035,-0.0444302046392919,-0.0177650932546342,-0.0123418195891529,-0.0242242161783553,-0.0169858084793799,0.0337574617678055,0.0197183514525611,-0.1088848770905824,0.0222149767764305,0.138092834891953,0.0398406566949189,-0.0652697757166096,0.014933365206919,-0.0066030386406293,-0.0149493336983685,-0.0342132668455561,0.0425991790782702,0.0308775446242106,0.0648720984916935,0.0266435899123951,0.0654551533822793,0.0025484172200602,0.0315255009315289,0.0184294489715826,0.0439127493088065,0.0584649820678799,-0.0100802683845141,-0.0112262610275662,0.0843725270249833,0.0313465337766238,-0.0088803396609099,0.0350595245954237,-0.0166354009480499,-0.0909087926200777,-0.0065259062397767,-0.0086490372936895,0.0002881780002512,-0.0002833468588401,-0.1168469003709883,0.0451321897135255,0.0575471509122668,0.1141742774907401,0.0415531221418288,-0.0322399653594537,-0.0339052201523637,0.0357100030996349,-0.0629287454231934,0.013957470897435,0.0289204707927863,0.0768641383062214,0.0957151674014336,0.0113764737272048,0.0488759097177553,0.1004390697626778,-0.0292766129174865,0.0182902664004944,-0.0398189509044368,-0.0447913650845799,0.0916561889818963,0.1242752195211345,-0.0158639635453204,0.0574645307545156,-0.1235032926764848,0.0981134378257466,-0.0405317793412786,-0.0110117128448448,0.0941378145685614,0.0825428712360651,0.0640832364179404,0.0122147583061822,0.0033435800070129,0.1023871655854351,0.0173537602344802,-0.0011899210946128,0.0220107186136624,-0.0114898244200761,0.0808097824781466,-0.0007006024460803,0.1445623874988233,-0.0534218174716549,0.0954285156581991,0.0734618249174827,0.0779794975301553,0.1523586250811743,0.0633749365514795,-0.0084512419309102,-0.0910715827073519,-0.111458992120802,-0.0116370500077663,-0.0796978163121862,0.052031920928051,0.0181494797460706,0.5109693835575728,0.1135042502716536,0.1315170860369268,0.154524482512089,0.162593550245373,0.0449394071151456,-0.0140481527734642,0.0561089812704962,0.2378325682272555,-0.007386022252635,0.0188769434966589,-0.0241091203178107,0.0685465274568624,0.2353242031886047,0.0527952138588514,-0.0068709596976646,0.1037889851546349,-0.2029285377064263,stop,1516,46,25.885062158502308,-0.109381915445011,0.1258509940858836,0.1140617053835003,-1.0,1.150564913531359,1.0427839457688215,2.1098217341356924,1408,0.9164364179771096,6,0.0451477691742245,0.0574602369734713,-0.123996672743683,0.0172413793103448,-1.582384295863669,-0.6659478778865626,0.0723696717104993,0.1727542704846631,26.28276098853135,25.885062158502308,35.7714745321519,0.696940851986397,-0.0865180615992047,0.0184798718464509,0.0238555920366903,-0.1154256673837402,0.7796608799663786,0.0181633838851489,0.0,0.0651726253613247,2022-07-21,7.0,3,-0.1122123585219825,-0.0867000890174337,True,True,False,1.0,2.0,1.0,0.027981370810926,1.1123868904265806
CSX,Falling Wedge,bullish,1,0.6234393510704139,3,20,1523,1524,2022-10-05,2022,2,26.278588865890807,25.212751663583617,33.101857804032306,24.925840927652985,0.8297106258067171,0.0422737357876985,True,-0.0410220139701518,0.0097207873796784,-0.0922472170799655,0.0185304490171447,0.0285436141265829,-0.0509228062115246,0.0172560980811442,-0.0080994902406282,-0.0042622308983887,0.0165823557075655,0.0001972468211586,0.006535253363807,0.0214436998935525,-0.0154803115000119,0.0156612032971781,0.0930859703206958,-0.2148589119463736,-0.0928353307229221,-0.0284730691803538,0.0109206928887692,-0.0611417688917509,0.002746449262819,-0.0241811087755767,0.0046779874721272,0.0236331543407199,0.022155645814522,-0.0515293954356963,0.0392351163101276,0.0072393370446808,-0.0440289465871753,0.0232892638292983,-0.0117230748241033,0.0592268051148014,0.0315412930616714,0.034096874964554,0.0267673677670174,0.0369867111808408,-0.0065933180792143,-0.0109156158556955,0.0449190426552839,0.0098097000025711,0.0163751428873553,-0.0135811491906548,0.0495829273614922,0.0686904591095494,-0.011899221884434,0.0266284087266628,0.028624775845003,-0.0950203956187907,0.0382637322520251,0.1113410129214973,0.0360952357482307,-0.0651319895936182,0.0054610393934475,-0.0240598395790486,-0.0509045849359584,0.0394880074592094,-0.0207991665514994,-0.0693623956825219,0.0430174480708116,0.0308910862819873,0.0668365116455707,0.0727115750658164,0.0866308732019793,0.0851253147474699,-0.0355280600260043,0.0190234567936824,0.1036394693379789,0.0077424921800495,0.1796840088711568,0.0951302849711157,0.1291090021460228,-0.0152493336492608,0.0663088396788418,-0.0364327585655094,0.1282860660182661,0.051508978184837,-0.0131828267185278,-0.0648302647578515,0.0883465022149572,-0.0597434308669788,-0.0138016877009635,0.1361028853893489,-0.0299185077951219,-0.1608231212948446,-0.0061975222219727,-0.019104349086601,-0.0669700700730513,0.1579091966705681,0.1199231479057103,0.0916389097343695,0.155540026110545,0.1183173599617575,0.0955120500832074,0.2135432576162206,0.1560996184811209,-0.0724356777356375,0.0563970701438558,0.0581863687911963,0.1312330527408869,-0.0189217874724121,0.1861978967691095,0.0463442164926097,-0.0785142900676107,0.0861779400964704,0.0867582425582482,-0.0773023321537771,0.1606922207803933,0.0812420509560982,0.0778406317581497,0.0358794935103834,-0.1160682578818576,-0.2258324255129036,-0.0589010300598142,0.081886546971221,stop,1527,4,24.925840927652985,-0.0514771909991585,0.0035983616706258,0.0518170917508604,-1.0,0.0699020595487556,1.0066029389930675,5.044006163505918,1501,0.8772845900121792,5,0.008755337562487,-0.0535859708025084,-0.0873275901741801,0.0,-1.99943576729325,-1.122151177281064,0.082886911289313,0.1268876535925397,25.212751663583617,24.925840927652985,33.101857804032306,0.784858550560056,-0.1548035692755234,-0.11398419798025,0.029834633836375,-0.2062962162002899,0.625,-0.0124464808599293,0.0,-0.0481195952187228,2022-10-05,7.0,3,-0.1824926762982918,-0.1370725214934586,True,False,False,1.0,0.0,0.0,-0.0251390951363475,-0.8723439691086723
CSX,Falling Wedge,bullish,1,0.6887691534863356,3,37,1757,1758,2023-09-12,2023,0,29.3408826264553,28.905712910524898,32.8109776349159,27.87553702704723,1.0280721166126547,0.0150547996265455,True,0.0101307022907246,0.0144973332899853,-0.0271865659236059,-0.0028842988707864,0.0173396696225331,0.0052816149074075,-0.0912427405674488,-0.0495814333972361,0.0131657650740111,-0.0392857005263628,0.0202049488211868,0.0147418910692727,0.0175055453357746,-0.0296703429376881,-0.0553937791340678,0.0216351914496668,0.0204953771384146,-0.0240656542907433,-0.0174064487759184,-0.0078524956157741,-0.0234795836756627,-0.0464896508773438,0.0243391368494432,0.0006535969605285,0.0428700573852771,-0.0180669155014085,-0.0025340935036352,-0.1657564973466487,0.0131438743436849,-0.0203700073245954,0.0257510713021797,0.1248765215965475,0.0105492148568293,0.0511938256145254,-0.0203453095516049,0.0055500373307943,0.0043276574770332,-0.005780319194827,0.1016590231314726,-0.0930166253722462,0.0123619341496461,0.0321416208040143,-0.0079886101060118,0.0115000661022186,0.0406433101979966,-0.0043383919897696,0.0307189168031736,0.0534595119321205,-0.0658224586777859,0.1604748234137152,-0.003455329344068,-0.0212590236289833,-0.0148385103598153,0.1002595461973068,-0.0954327986974074,0.0063877355044503,-0.036577089889157,-0.090693092485981,-0.0012993804818989,-0.0615445488732792,-0.0663853682016024,0.0642443433217423,0.0336381559583518,-0.0391277011004492,0.0952805644024445,0.0290284797189646,0.0289371993249893,0.0146016659269017,0.0288980562017516,-0.008169932831452,0.0091956108419094,-0.1105581101244447,0.1044774847438554,0.1068672733553128,-0.0139643904392682,-0.0609616558200899,0.053178444469458,0.0018226785364185,-0.0290048958343971,0.0825899193273214,0.1663387920747276,0.0808097824781466,-0.0046314249863644,0.0042790478737928,0.1068891168527856,0.0386928702034168,-0.0760869108980822,-0.0057801861767775,0.0515960169886866,-0.1311494776050915,0.0408834013405632,-0.0284843216494505,0.0991975635967317,0.0764643261023982,-0.1083970642115788,0.0234291875076595,-0.1160682578818576,0.1052396004639126,-0.0077438963966637,0.1327404678187551,-0.1075446614390263,0.0334780689072744,-0.135507553126066,-0.0876802389931518,0.0723294994631778,0.0274431049646792,-0.0876802389931518,-0.1796673216767428,-0.0221174132324483,0.052031920928051,-0.0077438963966637,-0.1081044432300646,0.0619703659060031,0.1746095051882423,0.1134467268182147,stop,1788,31,27.87553702704723,-0.0499421104015064,0.0457516393585166,0.050653624110935,-1.0,0.916093432790471,1.0142467689833,2.368106888820188,1720,0.5354704450924102,6,0.1207956932225504,0.0991195986593076,-0.2963606268069627,0.0,-1.4536040131332553,-0.91813356804084,0.7160964294870229,0.07665270204647,28.905712910524898,27.87553702704723,32.8109776349159,0.554810417393356,-0.0197632095102349,-0.0380178391181437,0.0189153071222205,0.0602140967109878,0.6575340318240004,0.0003312881981005,1.0,-0.0047309441211348,2023-09-12,20.0,3,0.0474235429622584,-0.026080969839069,False,False,True,0.0,1.0,0.5,0.0602613889023388,1.514137852630396
CSX,Falling Wedge,bullish,1,0.7782573120717847,3,59,1951,1952,2024-06-20,2024,2,32.393214532581325,31.383913269699438,36.6767145770406,30.84986342236621,1.3566026233542792,0.0321598283237785,True,-0.012260677119641,-0.0158791411371613,0.0168506560145278,-0.0165494740289449,0.0169126763853748,-0.059353936656459,-0.0223397785530354,0.0692511453225321,-0.0690096954014553,-0.0037943588005783,0.038797957976121,0.0286449387672329,-0.023764605577518,0.0093091598237962,-0.0234811547104577,7.909717369969371e-08,0.0305977376781751,-0.0046718576313532,-0.0128655801054058,-0.0176445891508488,-0.0139567994631789,-0.0203679635703788,-0.008388904990407,-0.0041866629256277,-0.0229962517643258,0.013926749664648,0.0580816900781127,0.038629968890034,0.0386122565398863,-0.0152308264114839,0.0043276574770332,0.031798379944006,0.0008145898901517,0.0206811899917869,-0.0751702415977979,0.0205748003132117,-0.0459959678205551,-0.0338889921534615,-0.0883370217816071,0.1182399276516366,0.0316561458008772,0.0158960983467109,0.0006355289575905,0.0101852858800992,0.0508627137919801,-0.0140016595982707,0.0373804611391874,0.0289492879185571,0.1062323629397183,0.0568682975101961,-0.0348310366591788,0.0699000591455929,0.1326126878226017,-0.0167106204210157,-0.0058157747271712,-0.0634439042162381,-0.0306252821560899,-0.0016143821425979,0.0369516870022077,0.2638086175285339,0.0201223521213773,0.1010995086684583,0.0983959699508658,0.1235456276897677,0.0042699764455236,-0.0308905976391011,-0.0330943139132562,-0.0292361234715621,-0.0009967944347441,-0.0005982121727329,-0.0188017076909362,-0.0136340477787322,0.1713642768644683,0.1868374378810502,-0.0721586226070463,0.3431110644854025,0.0760870617217943,0.1280914120107772,0.1545067521750971,-0.0252337472536762,-0.1750315041773466,0.0412678839921556,0.0536679196388414,0.0813353865777752,0.0831329249057382,0.1128160002400313,0.1663597659359514,-0.0116315065862334,0.0920468099320306,-0.0856871811593,0.1747283296554338,-0.0746970329954435,0.0146519969536742,-0.0192201758012677,-0.0769994808274225,-0.0237355474909267,-0.0019902881887851,0.2957132775432454,0.0036963888069501,-0.0506694231454513,0.0258817736351799,-0.0132840874014908,0.1374882770278365,0.0655724121300442,-0.0237355474909267,0.0092653387447674,0.0575235449953512,-0.0319137834781938,0.1465241934081811,0.0014641815390374,-0.0426428735970242,0.2217538382539527,-0.0422869535982699,0.192271976384309,-0.0278428639088439,time,2011,60,32.86783981323242,0.0146519969536742,0.0654906856408454,0.0409688773712039,0.3075290369829994,1.374576281319459,0.8598909380118,2.775454020869067,1890,0.8426764821485262,6,0.0821777009082614,0.0785390338462963,-0.2334566783824945,0.0,-1.3912065099077038,-0.5485300277591804,0.1665815627738877,0.1037431491050964,31.383913269699438,30.84986342236621,36.6767145770406,0.5687628627100878,-0.0076455925679234,-0.0099459021515125,0.0176266086893827,-0.0231141274841586,0.8983092490220788,-0.0060550455193013,1.0,0.0294340391859313,2024-06-20,56.0,3,-0.0314218752323203,-0.0072338496702814,False,False,True,0.0,0.0,0.0,0.0235812217537774,0.708846612988937
CVS,Falling Wedge,bullish,1,0.6258051278730726,13,140,694,695,2019-06-21,2019,9,42.55289757169371,42.85616519960129,64.11615324977672,38.56855946363658,0.8398264720796345,-0.0070764060782181,True,0.0145223138445447,0.0187028212370138,-0.0012611819712702,-0.0352164546145479,-0.0023622379515382,-0.0588148431918887,0.0253715934975222,0.0125243288105494,0.0578667820497602,-2.5981579554468226e-08,-0.1666668233543031,0.0311477805360191,0.054502995488654,0.0017697416563415,0.0183240563409399,0.0196179148454971,0.0502045535788269,0.0391748290647524,-0.0109549888340589,0.0066247963508734,0.0275920308896084,0.0458659449420644,0.0087567742369335,0.0297894767146573,0.0209871940373991,-0.0186474881612737,-0.0004694385526754,-0.0216821876351603,0.0190714382804306,0.0249935141376855,-0.0624051227244628,0.0968927745861196,0.0156890245084635,-0.030580540987559,-0.0608171529677814,-0.0346008515613759,0.0385359033644641,0.0785936206821613,0.2311371114254097,0.0826003603361416,-0.0149197105454692,0.0019094175796676,0.0035642833052293,0.0018091189694295,0.0545361080307194,0.0095289676111491,0.0329545185648212,0.0204816132226484,0.049482983546937,0.0775464329369302,0.1458181238972666,-0.0144850321099045,0.08768532602988,0.0784080417673451,-0.0260974459166178,0.0007547370230176,0.1422716872678693,0.0615967551144569,0.0131824743711472,0.0042132248745958,0.0084690891117995,0.0529420650539114,0.1782942134193921,-0.0037827498688336,0.0353072410369581,0.0537251265119511,-0.0387628134462594,0.0548819217996252,-0.0151180515562521,0.1532371353296633,0.1596947084894762,0.0667361612795507,0.1694042037857965,-0.1022958250515072,0.1094678725893352,-0.0242449949597148,-0.007904572307092,0.0277816771507115,-0.2179423173412711,0.0229310965200515,0.0719064666203914,-0.0420849195019997,0.0618443281441645,-0.0906718831053404,0.1645333410297291,-0.0722758594630824,-0.0080414683009156,0.0187290384798217,0.0038831705806381,-0.1507633443649029,-0.0706645511968587,0.156720754300288,0.1924988582341344,0.1697614660838959,0.4682847532901908,0.303493934922268,-0.1554168661180154,-0.1364208187757081,0.1277174017026985,0.0253132810226344,0.4188994525265239,-0.0348016678145869,-0.1050855221457276,-0.0535955443114384,-0.0333255116116646,0.2598878364874224,-0.0281702004586659,-0.0124903428147346,0.0231160435080528,-0.0443576167036978,0.0189609598954967,-0.0398058048241439,0.0356967020726692,0.2493286702770956,0.128137401227801,time,754,60,50.74428176879883,0.1924988582341344,0.2257491710795208,0.0176875959622587,2.055895853953884,2.4110105852753265,0.188904264361871,5.412004476848432,545,0.6773621497857976,7,0.1245449243808346,0.3021281934153659,0.1765389637503289,0.072992700729927,-1.4581211508423708,-0.7807590010565735,0.43413471174285,0.2275587930330062,42.85616519960129,38.56855946363658,64.11615324977672,0.9722300001559948,-0.1628226143801646,-0.0033667972660225,0.0228731236998245,-0.2042958729795098,0.5316474644364263,-0.0012995916107707,1.0,0.0471038976743194,2019-06-21,30.0,4,0.0256905887448755,-0.0331704934797543,False,False,False,0.0,0.0,0.0,0.00357873238231,0.2027278085808087
CVS,Falling Wedge,bullish,1,0.6616291974248857,3,46,971,972,2020-07-28,2020,0,52.29303065511151,52.02420292326661,59.15734023799661,48.84413250138168,0.8574345484729893,0.0051673589740799,True,0.02395225306384,-0.0006968442028796,0.0511112509472602,0.0295945650060018,0.0490667137240041,-0.0251672473759854,0.0029931846556934,-0.0327992033290996,0.0361445723480304,1.8909204513306577e-07,-0.0135522317904631,-0.0429777469720776,-0.0342298443335277,0.0733380549204814,-0.0105277503770548,0.0058963351153764,0.0115422211738995,0.0302562415676546,-0.0214877349690878,0.0156806324990039,-0.0859364345825636,-0.0328215251574454,0.0236460409557327,0.028364615015672,-0.0047904587873544,0.0777356287876733,0.0390610614974462,-0.0155650817790178,-0.0210524716116904,-0.0553153439919258,-0.01864300806027,0.0094686786059707,0.0725461578160222,0.0156890245084635,0.0192408366981138,0.004693929600571,-0.102224753157013,0.0029917522505795,0.0214642578918158,0.1177566398016389,-0.0928870441777536,-0.1004339330877184,0.0981369290011957,0.0233474641490598,0.0488289079741044,0.0211226333798086,0.0001575520874441,-0.068139893511165,-0.1329087752159258,-0.0475895435915102,0.0349472079079133,0.0092143655563701,-0.1185126977776657,0.0062846807002132,-0.0283415972154766,-0.0758316801116532,0.0678020839264994,-0.0216859559167005,-0.1056190127418155,0.1000335294790029,-0.0271500547062193,-0.0015716840113345,0.0201367276933825,0.1036275648959728,-0.0071647795222179,-0.1699524786572384,0.0482658627270335,-0.083576569899891,0.0216371924115072,-0.0954930826071565,-0.1011167417287126,0.0100135052733765,0.0525605885983611,0.0073330797323918,0.1666836901079844,0.0424667488162409,0.3190088983601198,0.0074651955417661,-0.1088323931685236,-0.028141442709334,-0.150194474220741,-0.0641694694874668,0.0439564689124378,-0.0613110618298711,-0.1194549350093171,-0.0931159619429176,-0.1053178841342674,0.0166430958748264,0.1756535019804521,-0.0105656103223716,0.1761811982360641,-0.109336219537617,-0.058737041041573,-0.126978522207346,-0.0099796550458778,0.041648442166434,0.0516935264673286,0.1244510287576523,0.2884733943363002,-0.0656911075748829,0.4140604761518429,0.325413811972665,0.4140604761518429,-0.0271110049261242,0.1686852426041594,-0.0027046555817917,0.1075389958178596,0.3635271618432654,-0.0285753109188211,0.0609793068801938,-0.1408562978326247,-0.2223519743062343,0.0533475538581231,0.0611594815532574,-0.1576254856603014,stop,1001,30,48.84413250138168,-0.0659533041119067,0.0605107521389519,0.0669712979020696,-1.0,0.917478706393238,1.0154350688547102,1.9902906020758124,925,0.5032783420716604,6,0.1098099978813405,0.0953532039259033,0.0080991022616259,0.0,-0.7728465252940855,-0.2695681832224236,0.6846067396156691,0.1510952923792647,52.02420292326661,48.84413250138168,59.15734023799661,1.1435250655210925,-0.0346087385252813,-0.0143802795748245,0.0219333024353638,-0.1047376457720911,0.8188980635161928,-0.0023973842695729,1.0,0.0548843324763757,2020-07-28,53.0,5,0.031363013789726,0.0826909369304833,False,False,False,0.0,0.0,0.0,-0.0576586910827835,-1.1605698845863175
CVS,Falling Wedge,bullish,1,0.62503250173594,3,55,1611,1612,2023-02-10,2023,2,78.59227267433222,75.0767181358899,98.61692409401246,73.48227846561241,1.560054089650076,0.0468261616348109,True,-0.0111632476214027,-0.0075912809463249,0.1024967161693608,-0.0004020585598478,-0.0295537076360128,0.0092995105283708,-0.0280665873421477,-0.0072123768595294,0.1309855542883775,-0.0290051098979003,0.0601810722459046,0.007266576086794,0.0266138712676211,0.0089697777260946,-0.0115475484743646,-0.0367053494633529,0.0015128537127946,0.0669518774222319,0.0239998471702138,-0.032456625253214,-0.0198512487820453,0.0677756084111651,-0.0267258802594284,-0.0529135353831109,-0.02602488445002,0.0466822074153006,-0.0241642474436267,-0.0438613285939973,-0.1126553493993706,-0.0521258420535544,-0.07394326393394,0.0568197217341639,-0.0575302689560789,0.046520642594457,-0.030210440142619,-0.0725697632248857,0.0516246682464904,-0.0260412901665679,0.0487053408605497,0.0408234487021639,0.0290081000320383,-0.0687975073646406,-0.0057651030078923,0.0541005504174219,0.0953648246716747,-0.0480127904024652,-0.1484706131599238,-0.0913166411863464,-0.1177794194407628,0.0476433363721162,-0.0159737696279558,0.0654875612894985,-0.0327848220509825,-0.0239644134091016,-0.0010262352347464,0.0723123522335627,-0.0855270313892199,-0.0555940261755821,0.0166902620608011,-0.0252081206373011,-0.0382436210532309,-0.0093141940191316,0.1230131888766303,0.0091607336841339,-0.0144850321099045,-0.015161369133211,0.0450242200996053,-0.072279222903238,-0.1420701320315228,-0.1483589761832544,-0.1546316078989522,-0.2200837277927455,-0.2544956107306463,-0.2157636352563715,-0.1286795001692685,0.0265082469064152,0.0382842982083253,-0.1730423960686722,0.0017490094382766,0.2199621268457567,0.0007754468599514,0.0065447286315456,0.1342670092413911,-0.0101305931108076,0.0519459471582333,0.0605117186528123,-0.1538346474877425,-0.0833767702832118,-0.1555840273728814,-0.0553101208354768,-0.0578690739232174,-0.0999778976288377,-0.2124902935654546,-0.2217347881644176,-0.0282846010284893,0.0327893405734889,-0.0401289542819205,0.1417391728621699,0.1477987794518964,-0.1599791285833215,-0.0476352869634087,0.1110548896174885,0.2099850449607392,0.0946838553254465,0.0182826766227155,-0.0877067624046726,0.108121058998797,0.1187466398341527,-0.0516270513448685,-0.0323899856888688,0.1064507281667714,0.169807334855389,-0.0186752557570945,0.0736553249217644,-0.2558246845723634,stop,1622,11,73.48227846561241,-0.0650190411199128,0.0111632058446031,0.0718911559439394,-1.0,0.1716913330668037,1.1056938814485515,3.918722918611084,1554,0.8850859778767023,5,0.042863168629432,-0.0443003288835457,0.8262258486241414,0.0,-1.4281481112228402,-0.5430621333461387,0.1092913076914142,0.1956523667257235,75.0767181358899,73.48227846561241,98.61692409401246,1.5334683295423377,-0.0545213655512335,-0.0286903354062513,0.0194942819539999,-0.1287839745788326,0.1454580764188889,0.0029978704424944,1.0,0.0279121994487059,2023-02-10,59.0,4,0.0491679760320749,0.0614249012687269,False,False,False,0.0,0.0,0.0,0.01828087016675,1.0216763244180214
CVS,Falling Wedge,bullish,1,0.6657976824234455,5,77,1691,1692,2023-06-07,2023,4,63.27207207394186,60.04976345555286,79.21080072829074,58.41698518831578,0.9453141067084498,0.0536606379935877,True,-0.0682230904160688,-0.0929758893218276,-0.0545605676282868,-0.0325234774480264,0.088248571086108,-0.0924405938882865,0.0547845462178393,0.0376161983914675,-0.0419972345247471,0.0442516141984943,0.0580183802424267,-0.0189927981396096,0.000588308220832,0.0177145404428908,0.0409915617718243,0.1466123338315343,-0.0253748618162397,-0.0580580135535165,-0.040339031839032,0.0145946078520862,-0.0421413578977217,-0.0044218188437905,-0.0728516357498812,-0.0296377898608484,-0.0566209556796757,-0.0050656789385351,0.0295596850888832,0.0426691674806753,0.0610302753895053,0.0020606389099853,0.0219047358461477,0.031321182219417,-0.0052690122741084,0.0553672832210005,0.0466264279353749,-0.0763633899195923,0.0047835690743498,-0.0395163806359069,0.0250740988311615,-0.0033885526599405,0.032243364497291,0.0884443126488905,-0.0120267139762731,-0.018626410268026,-0.0466249343776618,-0.0413479732654803,-0.0329931303762615,-0.0647756803120332,-0.0705121428834416,0.0713388476873326,0.0495080811443899,-0.0771644155354382,0.0279920028267388,0.027511422171244,0.0009998880146968,0.0039478822300949,-0.0273537653393811,-0.0750750752750029,0.0195340400857357,0.0161405806461307,-0.000684887411847,0.0306134900737151,0.0356920754647247,0.0723123522335627,-0.1961403355384132,0.0412897625901897,0.0230616676899069,-0.0766996122462676,-0.027808723307695,0.0273696583210594,-0.023846454814661,0.0265790483053927,-0.017003161712636,-0.0879232552416335,0.0468200613280844,-0.0332032415017282,0.0550072677385742,-0.0048052459173205,-0.0385249631603525,0.1420782776499407,0.4467916936209664,0.0319190834736597,-0.0634429587680218,0.2446617647034956,-0.098848080315433,-0.0422373783880879,0.2885989270160174,0.0544327127436998,0.0180732280617266,-0.2487805761131057,0.0866725823026444,-0.0129736309702347,-0.0743947754501328,-0.1359156502627032,-0.0998072752793186,0.2807312626184679,-0.1394982422312342,-0.0037880994727284,-0.0326560140582286,-0.1204233141190629,-0.0054485162755675,0.0404581471828142,-0.0943101439404875,-0.073867625291193,0.0288881178398232,0.1087062904787048,0.2090736591740023,0.0198607624374842,0.0003704785663141,-0.1274567725782176,0.1911432731449192,0.22202306095411,0.0880671479286185,0.1058527040906023,-0.1042907205086239,stop,1740,49,58.41698518831578,-0.0767334896184885,0.0906550741499712,0.0891943412017168,-1.0,1.1814277520897247,1.1623913058715616,3.282892568109732,1610,0.863877552091027,6,0.0498235185746827,-0.003274177952688,0.0461242237532977,0.0,-1.445023311173162,-0.5811457590821334,0.1425380652893583,0.1656220501784585,60.04976345555286,58.41698518831578,79.21080072829074,1.2288959139084272,-0.1719860841607785,-0.003273311590073,0.0194359926186506,-0.2886454512930628,0.8113231991708417,0.0026943274440844,1.0,0.0380111563353153,2023-06-07,59.0,4,-0.0582061831567467,0.0189909952730862,False,False,False,0.0,0.0,0.0,0.0187181491027488,1.0356069052567225
CVS,Falling Wedge,bullish,1,0.6255627805437174,3,25,2398,2399,2026-04-02,2026,2,72.40233326162829,70.24721653027063,83.03942204637906,68.2699901558226,1.0251063807181295,0.0306790338152256,True,0.0794666850697625,0.0434834031579409,0.016681465106404,0.0631538563103872,-0.0344646019025963,-0.0109214527249249,-0.0475813478500323,-0.0635828742220137,-0.0332696093066032,0.0160535475608067,0.0657525367878335,0.0342259049287196,-0.0372688208226482,-0.0757484973470146,0.0536067232632062,0.0256451871173559,-0.0814207389749563,-0.0034585442016356,0.0027024832989233,0.0324254800525642,0.0092369370390885,0.0444681145415197,0.0806548976370433,0.0518438981575519,-0.0309177082530256,-0.0068775218244494,0.0898213796296547,-0.0552080574193392,0.050769949419082,-0.0404748240199623,-0.0048744205900675,0.0543621644478486,-0.0490480170436965,-0.0172055942829137,-0.0769342274057358,-0.098562970581827,0.0734444638611093,0.097437878405328,0.0094695872724139,-0.0107652882678813,0.0065769468578791,0.0216598781607357,0.0167261057880614,0.0029917522505795,0.1273515205708371,0.0423108628961691,0.1268270490251806,0.0280407152323605,-0.2383859449629102,0.0609280497850743,0.0203824035521984,0.055758638185706,0.0465073976621066,-0.0216146103742778,-0.0898746521925065,0.0846942409227495,-0.1401148448075144,0.0393597548757911,0.0685844803192687,0.0411126982771685,-0.1119237279797242,-0.0052431366674281,0.0496912573307848,0.0495819061698135,-0.0739316706025111,0.0356920754647247,-0.0422286913084622,-0.0851667863640396,0.13963660716088,0.2439161457684737,0.0873583899526311,-0.0895389669639022,-0.2371928453944721,-0.0047818835700378,-0.0314405987969957,0.1123362688894733,0.0487749807121762,-0.0243168634925745,-0.0332031835210167,0.0274394067849346,-0.0846271769723735,0.1855682180464513,0.0323373616909392,-0.0273890838417055,-0.066166977907042,0.0852097351895757,-0.2295083211134607,-0.0007724422559635,-0.0912281033401586,-0.1459928551116996,-0.2005811461792331,0.2826698696258281,0.4200299846743129,0.2784847336456493,-0.0837894003995988,-0.1744875907391321,0.0217436087289648,0.0801503353742159,-0.0588463817376282,0.2884733943363002,-0.0657830528527536,0.1166343126970563,0.0749730716325358,0.1965720402821058,0.093803950714278,0.128111217248521,0.0349159564209768,0.1759083955841864,-0.0683093301088273,0.133666845637669,-0.1458944383386821,0.0288881178398232,-0.0626102025126184,-0.1270100083284967,0.3906744426003681,target,2416,18,83.03942204637906,0.1469163810828209,0.1520842526208981,0.0189141302225252,2.5741059036957306,2.664651617779219,0.3313924145846323,2.5741059036957306,2371,0.7908520844131876,5,0.0082391417097261,-0.0661713489441637,-0.1052945809576605,0.0,-1.094348591931888,-0.3034965075187128,0.2138805965369829,0.1535499850732892,70.24721653027063,68.2699901558226,83.03942204637906,1.8444344494719869,-0.0019371794321424,-0.033323995985129,0.0254747919514584,-0.028224532634987,0.8782033725889095,0.0001379670383794,0.0,-0.0347696124896711,2026-04-02,11.0,6,-0.097051085535296,-0.0734441019460482,True,True,False,0.6,0.0,0.0,-0.0405182438025776,-1.6913152527800277
CMI,Falling Wedge,bullish,1,0.6201855584360715,5,35,1169,1170,2021-05-11,2021,4,234.3743349734764,226.9135014455934,243.41840426337183,218.26219996813467,1.0337206744134884,0.0328796368675836,True,-0.0254644223074352,-0.0271909726211628,0.0025455304842809,-0.0187090730898565,-0.0033694150813312,0.0063085733409844,0.051648062571014,-0.0426315932198034,0.0373160798556839,-0.0269419168568729,-0.0166034070420254,0.0291922133695909,-0.000658781227884,-0.0014408718875342,0.0089385803267674,0.0442654966698672,-0.0069748359852157,0.0726022021640466,-0.0376880565425621,0.0321874644644237,0.0391867348187635,0.0553815641194628,-0.0366921498700252,-0.0382850967062463,-0.0553316610900477,0.0063829117738665,0.0525857443091808,0.045434402819436,0.0575485501040777,0.0115301463280976,-0.0450645541701661,-0.0823432215391798,-0.0252993100404759,-0.038547933756283,0.0855597695594347,-0.0694400526325692,0.035346754806713,0.0151378057619466,-0.0546903615821687,-0.0203411567941415,-0.015129112016743,0.0603340239849823,-0.0513332710146099,0.0551833930033447,0.0132256857969836,-0.0400891074413326,-0.0291350056391859,-0.0544737638321877,0.0106073899092047,-0.0644653961594531,-0.0464958741741751,0.0023826055235058,-0.0370474591125697,0.0937869348576547,0.0481668313909098,-0.0740019950874542,0.0891883917348916,-0.112159156838141,0.0654607457098408,0.0158836378120115,0.0387282631604721,-0.0155623703511321,-0.0296275007651326,-0.0200245762073993,-0.0214185246829556,-0.0436602056412317,-0.0871678571515667,0.064704640670246,-0.0229989318690622,-0.1020719313438104,-0.1533811707606366,0.0041027127314561,0.2234969081412308,0.0235886604645381,-0.016822672793005,0.0903634879347103,0.2266967219849502,0.0712237499129353,0.0790408001070694,0.008028764088672,0.1809346686335828,0.0843950607641359,-0.0340511587860599,0.0326865408318022,0.1821341366063893,-0.0452192467208906,-0.020573281191023,0.1354170573483073,-0.0409933642686943,0.1821341366063893,0.1171334267152826,-0.1762577867993993,-0.1368953374450291,-0.2146506320576754,0.1771976286249812,0.1252036613777072,0.1690474814840654,0.1659112630307533,0.0933135900565851,-0.1315394356875587,0.1359092503362577,0.0773472247037194,-0.0843315190770225,0.0217454342710934,0.2392827979942959,0.2394027487283399,-0.0563425113585972,0.0165824900389448,-0.0221189294125173,0.3222101253107947,0.2450926642788673,-0.0394500149756686,-0.0449979675520784,-0.0906317972428545,-0.2148370466915345,stop,1194,25,218.26219996813467,-0.0687453044172482,0.0187318376632874,0.0718989430098291,-1.0,0.2724817036170925,1.045874239983577,0.5613203518277987,1130,0.47040671622591,6,0.1403325839818593,0.0875072759299193,-0.0848627417358361,0.0,-0.9558465915502968,-0.4854398753243864,1.0650822743824262,0.0712848824056552,226.9135014455934,218.26219996813467,243.41840426337183,4.938690621039588,0.143738774184275,0.009189451635224,0.0211577509790579,0.16924346304067,0.4147009400779657,-0.0073870202980991,1.0,0.0032698537888964,2021-05-11,17.0,22,0.3032626644271172,0.2277960964811989,False,False,False,0.0,0.0,0.0,-0.0236792936720105,-0.6781421521472303
CMI,Falling Wedge,bullish,1,0.7211430247543388,13,107,1274,1275,2021-10-08,2021,3,211.42702907025387,206.88254301446165,242.57611975796164,191.07072584565395,1.6402357076398222,0.0219665032611018,True,0.0049768920219259,-0.0149472825235821,0.0078601149004107,0.0060940660225143,-0.0492309816390179,0.0112082927870602,0.0187692018614884,0.0221322854571028,0.0646164312994908,-0.012532568598071,0.0389412291049895,-0.0403866998753768,0.0247635862939479,-0.0029954055040264,0.0539945643901378,0.0097405812374231,0.0049328832070736,-0.0256911447660087,0.0079004262512312,-0.0416036716915535,0.0078209246370746,-0.0150150607669474,0.0004109392914788,0.0152257489703748,-0.0212826922673277,0.0402392926944501,-0.0695655478301489,-0.1085022623800612,0.051464612434807,0.1075597685865292,-0.0123766102726863,0.0207624737628362,-0.0356513091931536,-0.015288307532174,0.0443013199733206,-0.00202465603134,-0.0174440828376545,0.0014120753089796,0.0729331349759987,-0.0153203828967622,0.0181056492946807,-0.0076623320478462,-0.0201140834650243,-0.0039901078065417,-0.0279344349839943,0.0141805384826641,-0.0001262822474853,-0.0718850290929332,0.0808939467206886,-0.0400019312027527,-0.0313230088329523,-0.0097977844871081,0.0790767937801306,-0.1608993848505935,0.0320822532905318,0.0540584980597209,-0.0882096549262071,0.1068649186646293,0.1259688229413464,0.1419927433769121,-0.1309115259175642,-0.0361122011769371,-0.0102216910374036,0.0070529869457522,-0.0353652217825848,-0.0887374016430733,0.0937878211890823,0.0745682199280353,-0.0083646421994679,-0.069381141985871,-0.1188596175631834,0.287238371375156,0.1060996091387784,-0.029951900231394,0.1229997444826198,-0.049457857440302,0.1964411726594945,0.2243124503907543,0.1380680459925833,0.0100921223875924,-0.0939426111680986,0.1103976505364805,0.0680850271006745,0.0171568520004279,-0.0385408075653699,0.065164055869124,-0.0619934555373667,0.1502824560826281,0.1494985954844341,-0.122270743120208,0.2724428926351798,-0.1454872255395305,-0.0327114681075045,-0.1289411827591248,-0.0633797573554707,0.0942407660444308,0.0217454342710934,0.3222101253107947,0.0233003089199497,-0.2371750761872587,0.1023149810618486,-0.0175803728076655,0.133478788264278,-0.0365609694707921,0.2441781724271532,-0.0832243838903852,-0.2183428337270158,0.1103464487325365,-0.1962265450076213,-0.1368501826077008,0.0894743898700247,0.0697843338266011,0.021605266017139,0.0346146752187606,-0.0466091465530396,stop,1310,36,191.07072584565395,-0.0962805149091691,0.043779151560825,0.1125866608586696,-1.0,0.4547041693963337,1.1693608095561572,1.5301938836352729,1164,0.3336223378065998,5,0.0248152658307336,0.1755467954226828,0.0223442939731377,0.010204081632653,-1.2933082715002822,-0.959685933693682,1.717270258445001,0.1110301716098205,206.88254301446165,191.07072584565395,242.57611975796164,5.038863121149007,-0.0300584857665042,0.0162133976117762,0.0239437188325714,-0.086179589013322,0.558557289160754,-0.0018309380359362,1.0,-0.0138677959993955,2021-10-08,17.0,22,0.0013295307597869,0.0183669634652858,False,False,True,0.2857142857142857,3.0,0.1428571428571428,0.0494333324609134,1.7220638387329303
CMI,Falling Wedge,bullish,1,0.754765553565581,3,25,1689,1690,2023-06-05,2023,1,204.14777645522008,196.13368776090283,225.14851050501036,188.2658567386541,1.6255107574512868,0.0408603375881395,True,0.0513959076396377,0.0346851341721574,0.0359562378922013,-0.0030004053621575,0.0062995198807522,-0.0194052319917134,0.0289766746634518,-0.0031963751183293,-0.0182232150967781,0.0071810175522808,0.0502219698070525,0.0118377657665804,0.0337738744647282,0.1253698018609608,0.0302253666134773,0.0158713724177363,0.0391654321773837,0.0003591409517542,0.0571691574479655,0.0039379947699471,-0.0241292358218991,-0.0234123900334669,0.0336469839975413,0.0669566037868794,0.0385179381547224,0.0123076128813082,0.0058906258140751,0.0155981692810203,-0.0169047338789639,-0.0075822379285221,0.0680293842393922,-0.0159559518741208,0.0803070911509944,0.0132256857969836,-0.0203805235092245,-0.0009969082281205,0.0121673015749668,0.0341099120514143,-0.0063319718632142,-0.01708855382138,0.0514117458449172,-0.005628730265111,0.0145590876937065,0.0466515332377959,-0.0837006964286234,0.0579722116984147,0.1135013130477782,0.0710656771649096,0.0655979900569159,0.0793144869361521,-0.0071784982609588,-0.0135434156335011,-0.0436602056412317,0.0231413248733876,-0.0696441639255099,0.1455073954285515,0.030722893732215,-0.0804240795343639,0.0072414262346205,0.0202230579522335,-0.0169262519503322,0.097626995445331,0.1195407816731637,-0.0194330882907797,0.0685181017978884,0.0280322955621714,0.097290049644755,0.02618459447315,0.0855947285190853,0.2000916050564172,0.1411888708310187,-0.0162036370405356,0.0789006519925703,-0.1901191223484809,0.0636979373755821,0.1488268342535228,0.0222231212435211,-0.0533200357387025,0.0175821999702554,-0.2754046088555587,0.0645749241994682,0.1904565854970106,0.0215383017661097,0.0844366989009102,0.0285919552421336,-0.0302549990568223,0.0436711230904207,0.0514917081589672,0.1757563357107971,-0.0500915856034055,-0.0452192467208906,0.1835348479545735,0.0695922211287116,0.0086193723144774,0.026964699267389,-0.1027742876252126,0.2050857734769342,0.1765556211619874,-0.0106524128308721,-0.1051848934363944,-0.1809014754749145,-0.0317561504272567,0.2285652252288255,-0.024982084620523,-0.0771759023493354,0.1329710399969876,0.1986283373842821,-0.0221189294125173,-0.0424577893815572,0.2053891016371478,-0.0789712275058363,0.1171088127828396,0.1435482699563961,0.0164749500750625,0.03087638723354,target,1696,7,225.14851050501036,0.1028702561176158,0.1054006346207654,0.0050343528765016,1.3223045088110434,1.3548302458898729,0.0647120728457485,1.3223045088110434,1663,0.4817865591647257,5,0.0056541876106046,0.0312191929152731,-0.1656674181015875,0.0,-1.6160343649941835,-1.1342478058294632,0.909559290311072,0.0771314084768751,196.13368776090283,188.2658567386541,225.14851050501036,5.157431928521531,-0.0515348861749694,-0.0215736834919491,0.025291006560266,-0.1123749467248987,0.8900236491496438,-0.0051422945968201,1.0,0.0350677502264606,2023-06-05,21.0,13,0.0071166916668012,0.0443184932957934,False,False,False,0.1666666666666666,0.0,0.0,-0.0192430351275224,-0.5149661182381711
CMI,Falling Wedge,bullish,1,0.6703656122797752,3,40,2392,2393,2026-03-25,2026,1,541.4476925121655,544.3763093901825,635.5202636222693,511.5950511100939,0.7488119967771816,-0.0053797654811571,True,0.0090248329356272,0.0041479618617672,-0.0099178382516729,-0.0458633487604387,0.0230262846914646,-0.0407478303610173,0.0261056521279485,-0.0470624430824392,0.0080145426965323,0.0040667488991688,0.0125911756867411,0.0963953221463393,-0.0310620564507928,-0.0814569301476688,0.1150674010647163,0.0742513952566705,-0.0314964817150622,0.0060909185962159,-0.0127270341467508,-0.0242055713541766,0.0014243274194454,-0.0152803722973112,0.0076641398347316,0.120733002895214,0.0780222506277614,-0.0681279682243192,-0.0155745351389071,0.0369735958837766,-0.0730043918803162,-0.0365493525707879,-0.013884145905779,-0.0435919126146988,0.0531412859486519,-0.0591954054974461,-0.0414845430056499,0.0240717070369598,0.030365697053331,0.0612422326634753,0.0438091609848227,0.01488294283432,-0.0282436178299155,-0.0705249350184362,0.0048463519511541,-0.0155391002534507,-0.0706207352913287,0.1340833863389412,0.2050003169948346,0.1185204731276199,0.045195902606844,0.0505292277905755,-0.102774129460413,-0.0985921383845528,-0.0021696667567601,0.0229813247535761,0.0848894153858148,0.0074089754885591,0.0097384684726604,0.1362841021036669,0.0163510075395654,0.1021779957712991,-0.1240379772512222,0.0547738736886862,0.0603968492276791,-0.1194635274339137,-0.1240379772512222,0.029915008814177,0.0098137936921403,0.1030267967380913,0.1968799507180721,0.1717079745192709,0.0326716993922029,0.1646882284016528,0.1077979006740026,0.1778770870507586,0.03806073877996,0.1244011944155474,-0.0629699685811541,0.135449573522236,0.0865786222161191,0.1350265135730273,0.1196223141535997,0.2243124503907543,-0.0311793970975506,-0.0153467246667668,0.125994798458682,-0.0381101354281243,0.0875888429209581,-0.1072695660421264,-0.0982592657089969,0.038737777306852,-0.0987177841467482,0.1159938145096367,0.3339084239746133,0.1893699380589595,-0.0357826914347293,-0.0355168275611446,0.1187842747558305,0.0537945947643976,-0.0614041843013956,0.1457928138292283,0.1291822308639663,0.1007613136527627,-0.0750353167892474,0.0528094669671079,-0.0888428575963432,0.0895065901121741,0.0722592143812999,0.1124449899156083,0.0058777400163663,0.0595961602247434,0.3724985325500904,0.2579707538599811,0.0423815125552855,-0.2231412812659162,0.27921157249961,stop,2395,3,511.5950511100939,-0.0551348575585644,0.0093915572714709,0.0644202821697753,-1.0,0.1703379257214033,1.168412960917654,3.15123107007796,2351,0.6088686556613884,7,0.1723287379615882,0.144544000863789,-0.2229291503526524,0.0256410256410256,-0.9484705977382496,-0.3396019420768586,0.5602708255166249,0.1618140623882523,544.3763093901825,511.5950511100939,635.5202636222693,16.94990052922639,0.2142635031026531,-0.0315447791052353,0.0308414524039769,0.3146400034572936,0.0432944394934798,0.0178097772395939,0.0,-0.0498250924154898,2026-03-25,34.0,12,0.1646056429056077,0.1016413048026454,False,False,True,0.0909090909090909,5.0,0.4545454545454545,0.0231616110810199,0.1371120368397563
DDOG,Falling Wedge,bullish,1,0.8259251671372277,3,26,766,767,2022-10-04,2022,0,92.87000274658205,92.16707175616273,113.027627744631,85.03300076815742,1.2401935547714158,0.0076267041691309,True,-0.1092925726897587,-0.0673794469779113,0.003000005086263,-0.0897348813698898,0.0535294277216094,0.0831134287469406,-0.0105377782006048,0.0680972596379527,0.0727474426402092,-0.0254173467865952,0.1018044053678035,-0.0179998425464384,-0.0747612008211784,-0.0987394957983193,0.0363489883275476,-0.0510296120805735,0.1014534935744115,0.0981578826904296,0.0577401612046619,-0.0342042988646424,0.0022471630431752,-0.0485051537593815,-0.1206580750804278,-0.119414274139163,-0.1133617018369115,0.0328816564560063,-0.0289365623930478,-0.1979822950082388,0.1836497201688316,0.1637091558744863,-0.0316391110897319,0.0696235629487429,0.154221682336286,0.2292793456437991,-0.0292869117468598,0.1662884634467614,0.04429298876198,0.0200276590512986,0.0204778191909773,0.1533411090882623,0.0607905696154631,0.119904382844671,-0.1002608321683615,0.0650407521338565,-0.1451764412081251,-0.1669266098365159,-0.1299666128767123,-0.1597745081151964,-0.2001424624632239,-0.1173161069808468,-0.1369601390226617,0.1327354249861725,0.0836411555707012,-0.0092397621291768,-0.1250297753182383,0.016366403031661,0.0204611511793919,0.0590807413229976,-0.1235389387502811,0.6928974094464577,-0.0408740082930934,0.6297500610351563,-0.0235655712787331,-0.1152172830170221,0.1522826319155488,-0.0148739213703059,-0.0672351604144665,0.0324044166842933,-0.1722479261834288,-0.1840207113368923,-0.2758551190745086,0.0498866403415061,0.0943174912182771,-0.0683281608245999,0.2606559912464243,-0.2709761679560398,-0.0749422671084225,0.0065946771026725,0.1483304410582486,-0.0426295695056051,0.1145181645949693,-0.0165052821889645,0.2124762827115878,-0.1591182802981732,-0.3893235379009195,0.080020450057471,-0.0415325530187381,-0.0781317279787543,0.7596315444975998,0.2529055662899719,-0.2953935476180155,-0.2111435190729171,-0.2038333126448893,-0.2354644613926545,-0.3089884000446183,-0.2248331658568385,0.1278157432323199,0.4850000554865057,-0.3497972810699368,0.1863013696244013,0.2293636948608453,0.0009241288129457,0.2392151724937503,1.4043242995803422,-0.0222436293822819,0.0217716862365635,-0.0722008008298112,-0.2191898873196617,-0.0188587759894962,-0.1492971994193486,-0.4211842920082893,-0.2367366496215976,-0.2271492045159306,0.2411976277318019,-0.2381050372449726,stop,770,4,85.03300076815742,-0.0843867960229284,0.047851837113294,0.1184775024877478,-1.0,0.567053607537041,1.4039815240236964,2.57210921389878,740,0.5570270135865887,6,0.0237648068082579,0.2451003480755449,0.019890538107286,0.0,-0.957892844983872,-0.400865831397279,0.5881014080798562,0.1804998789546732,92.16707175616273,85.03300076815742,113.027627744631,4.628213609967914,-0.2147262636743497,-0.0543901852270027,0.0485392101104653,-0.3909683191044019,0.3419909702520275,0.0445348066157436,0.0,-0.0287574273577226,2022-10-04,28.0,22,-0.2639434456046454,-0.1196448957961149,True,False,False,0.8095238095238095,2.0,0.0952380952380952,0.0558214476267921,0.2817271218210644
DDOG,Falling Wedge,bullish,1,0.7092290649991364,3,43,1144,1145,2024-04-08,2024,0,127.1999969482422,123.9975182204484,138.65800737436228,118.5536580288917,0.5625446815811799,0.0258269582629895,True,-0.0108490352714356,0.0199866167397145,0.0054393222628721,-0.0680374608284097,0.049665670975846,0.0152974331345165,0.0175813986202431,0.028446273499751,0.0637255474862033,-0.0987394957983193,-0.0593288344824873,-0.0646995229478287,0.1442086659307064,0.0859543309772274,0.1104477207063641,-0.1350222475849051,-0.0548936559798869,0.11046680361775,0.0038058651846331,-0.0088555717879409,-0.0485051537593815,0.0895426673002504,-0.0201740230977958,-0.0403301680542129,-0.0004070036978433,0.0183099875357921,0.0763710580745897,-0.0163462166588869,0.5431040424608335,0.0419434852351781,-0.0694531630097629,0.045166015625,0.068265109079356,-0.193159611188434,-0.1353424803851403,-0.10049229076869,0.0191949126615702,0.1016837172974047,-0.0040340499479732,0.0730257501975497,0.1503945154748549,-0.0441878679546292,-0.2588617195142516,0.129187323616438,0.1607635455850657,-0.0706067712250062,-0.0018081425554802,0.0057422154706986,0.0004345130199749,-0.0394594347154771,-0.1593903755077842,-0.0115596100011141,0.1570811209804474,-0.2405826604061948,0.0177687824860548,-0.1427303095232164,0.1446624895710042,-0.000237919505534,-0.1593903755077842,0.0446932040851515,0.0354001766301421,-0.2653972333292035,-0.0330563298941593,-0.0208718048322242,0.1892619833556734,0.0465470484752097,0.1200254096846771,0.0612855422274509,0.010967646579865,-0.1443396309028394,-0.159498269142556,0.3927127725746948,0.2110286009244268,-0.2560637522480612,-0.2146853746290451,0.0036799926757813,0.2026373894660025,0.2517296067999461,0.4187500283485512,0.0547845888029692,0.2287698727604359,0.0737735136470756,-0.0374146391022244,0.1813014663160226,-0.1276527881560433,-0.0104370184267504,-0.1751252655684891,0.0431452105122227,0.9878117775454444,-0.0026035647420487,0.1560509554140128,-0.2634492995485856,0.0338050562493918,-0.0290943475668419,-0.1867400484375486,0.1997203981340136,0.0750728902828743,0.4522099388266245,0.1923726851889167,-0.1049236412675794,0.3351280101679135,-0.1211337778544053,0.1024804273718127,0.2260206266258593,0.2541734678659511,-0.007657861029786,0.0935868723510755,-0.0685718730488416,-0.029035347997294,0.0143418966407369,-0.0720070861874088,0.0217659262905864,-0.1056303057143165,0.2209233486335164,-0.0407997710927431,stop,1154,10,118.5536580288917,-0.067974364204338,0.0344340014771754,0.068710676678128,-1.0,0.5065733512955454,1.0108322083245476,1.3251863630370846,1101,0.5326430509351442,7,0.1620378054680891,0.1437292447338813,-0.3811299793907012,0.0,-0.8202066305969783,-0.2875635796618362,0.5718017926934873,0.1141100913477426,123.9975182204484,118.5536580288917,138.65800737436228,3.643930162702285,0.1538469681303234,-0.0070554430650586,0.028975271157796,0.4045119594634954,0.93000291290417,0.0075562282996932,1.0,0.0168288216955736,2024-04-08,4.0,17,0.2751282142512896,0.1251412687515207,False,False,False,0.0,2.0,0.125,0.0603712557012407,0.5387068411266908
DDOG,Falling Wedge,bullish,1,0.6236829453090799,3,25,1578,1579,2025-12-30,2025,0,136.9499969482422,136.26000758579812,172.00998796735485,131.49334334371042,0.4460210914122298,0.0050637701748958,True,0.0328222743785482,0.0292713720812682,0.0680838505712675,-0.1387925025919587,-0.1354470477008684,0.1429828449385108,0.0427943815155011,-0.0769001795383239,0.0670327960214356,0.0560412455905656,-0.03069027199866,-0.061001691339427,-0.0813685866525719,0.1179903161098001,-0.0526262468282182,0.0445454684170809,-0.0360654920655237,-0.0084907586775536,0.1025346319725084,0.0477734748683265,0.0145892705416204,0.0108427453636108,0.0281308619526921,-0.1061700884274422,-0.1108560443441443,0.0701384085111151,-0.0671846528939936,0.0252419184506715,-0.0851526459079251,-0.0930837399039529,0.0016958523020356,0.0654715792970592,0.0456212309858705,-0.0169683495615529,0.0731352610299993,0.1595190148510212,0.0049382990902524,-0.074901231385083,-0.0279306755343556,0.0593394345236295,-0.1693306797785307,0.0677290990046188,0.0524773052916369,-0.193159611188434,-0.1553397843335948,-0.0932828900699666,-0.0640380026863045,-0.0740795435943404,-0.000237919505534,0.0786842546964947,0.0510823895652021,0.1138301086389523,0.0178311926309211,0.1979417228371569,0.5107368870785363,0.0939053636852531,-0.2158583139528695,0.0634967201415261,0.0430662173851299,0.1950136184526616,0.0127752207223965,-0.0621631661556658,0.1821652610905459,0.0900333074789854,0.1932267052259322,0.3345562245275217,0.2097922710612882,-0.0574995695301534,-0.1666569274900186,-0.1824753444369484,-0.1808016603786978,0.3413922744217283,0.18378387348205,0.0129508720056203,0.4187500283485512,0.2110780697622836,0.2728731189039708,0.2403766313614381,0.1300677135334094,-0.0454337419733499,-0.0939279739369803,-0.1018118808084392,0.0331531559024844,0.0129508720056203,0.0151482426556188,-0.0070687530702232,-0.0549903179869448,-0.0602650407437262,-0.0165726802040889,0.0673178408285331,0.0825298005289623,-0.2645904496877743,-0.1640744365974737,-0.089390488997176,0.2894788920828486,0.9961364052512428,-0.1707470853807732,-0.2043385438466675,0.5334777234953483,-0.3465835665941157,0.2296125714775889,0.0528265598861434,0.058333290947808,0.8993046048291826,-0.0974246437414728,-0.0863933204978343,-0.0568327554931382,0.7852853531509869,0.3060544173409154,0.0217659262905864,0.2260206266258593,-0.1185599975585937,-0.0492271552863134,-0.0720070861874088,-0.3238835474370834,stop,1584,6,131.49334334371042,-0.03984413089541,0.0653450553221643,0.0467323405556784,-1.0,1.6400170829097436,1.1728789035040017,6.42518172493032,1553,0.6744701494635417,5,0.0763282520404406,0.021658752301904,-0.2182028318742183,0.0,-1.5414738171877174,-0.8670036677241857,0.3047278677936265,0.1295400056477588,136.26000758579812,131.49334334371042,172.00998796735485,3.576714651925223,0.0256704507984344,-0.1335541940197969,0.026016255186781,0.0389178102110159,0.1666603873106774,-0.004929737005472,1.0,0.0128919374888445,2025-12-30,15.0,20,0.0321301125848318,0.0400058744015965,False,False,False,0.3684210526315789,1.0,0.0526315789473684,-0.1302118592891843,-1.1446782365301134
DRI,Falling Wedge,bullish,1,0.6693537830767741,3,17,949,950,2020-06-25,2020,2,62.0482912630118,61.4670803095521,82.9045558820867,56.43675482629163,0.929349296991936,0.0094556460227601,True,0.0026815960861916,-0.0171445914248205,0.0156594666272198,-0.0047725912473878,-0.0087832529462907,-0.012196320311294,-0.0357703365792407,-0.0248921254294497,-0.0179755811041267,-0.0581493945031266,0.060398205094849,0.0149445391540474,-0.0056754811244896,0.0346822743941996,-0.0046679249179564,-0.0747022625328339,-0.0038188457110472,0.0014518939446339,0.0102454264697953,-0.0153489379140747,0.0262973122718956,0.0219607171356428,0.0067372570476434,-0.0333871907609811,-0.0707205507334572,-0.0208078415543379,0.1022470799497345,0.0121823356823915,-0.0807403076808948,-0.000526751137546,0.046216459692103,0.0239821580149626,0.1201344193440219,0.0030347970362492,0.0040993143677892,-0.0021421738089378,-0.0343649754777017,0.0149614381472999,-0.0191156442401324,-0.0057730699549684,0.0257061755799621,0.0720088311646927,-0.1117554710781385,0.046726740781243,-0.0148522461515615,-0.0424482541947927,0.0544379198076958,0.0063584078665832,0.0125385062203444,0.014609259204676,-0.1019253059417976,-0.0128480232035418,-0.0146370390339958,0.0093184369826535,-0.035082027266948,-0.0466847322814186,-0.0171142962005583,-0.1255425878174262,-0.1406553962034294,-0.0546269044254551,-0.0884226138679095,0.040767370561217,0.0323068014840415,0.0069717425856237,-0.0061536855147643,0.0432622381711109,-0.0566921298228899,-0.0147141205966452,0.0822041451560515,0.1090100656236761,0.0001779181437533,0.018323341992249,-0.0229730339054877,0.0598077281972915,0.1483125987209224,-0.1008966444258316,0.0249168321448025,0.1897324397039588,0.0871478544953006,-0.0129705439549162,0.0491166558202895,-0.1210135164459319,0.1795244161800406,-0.0322235654852347,-0.0435236626561793,-0.0457933996232556,-0.0673663858348555,0.2143649185907863,-0.0593923765178048,-0.0763283053025561,-0.0617653467446076,0.0926600653762271,0.1769910110389987,0.1047452669739006,-0.0370175590889767,0.0267783348003147,0.0964839442201093,0.2362256928348791,0.1248957981537914,-0.0987824416896879,0.0853717914908689,0.0644203181941502,0.2225245911281581,0.1182792642326042,-0.1177985952423059,0.1557411723555553,0.2503392521174854,-0.0391541184473365,0.1331704918440868,0.103203222040382,0.0951574481992976,0.2566438342249371,0.157734143693786,0.1714041900086835,0.0767099722854595,time,1009,60,73.03028106689453,0.1769910110389987,0.2704477215863385,0.0644945454853145,1.957037957023673,2.9904143347619643,0.7131338071623248,3.716676324615471,930,0.7048740756902594,5,0.0287954167369003,0.0416045522583421,0.0502009746559324,0.0,-1.007037583395749,-0.3021635077054891,0.3352405813287559,0.313322310939065,61.4670803095521,56.43675482629163,82.9045558820867,4.0760572478248855,-0.2212193344793706,0.0112690049259702,0.0656829102352128,-0.3071795611743674,0.5576917433884745,0.0498516520981362,1.0,0.0189210199107456,2020-06-25,30.0,19,-0.038172184150513,0.0215054246108583,False,False,False,0.5555555555555556,0.0,0.0,-0.0504357214600261,-0.093754885770045
DRI,Falling Wedge,bullish,1,0.7631241553599509,5,72,1948,1949,2024-06-14,2024,0,138.4856341217089,137.50399839888178,162.392745561854,132.67215581505965,1.2118344128636638,0.0071389612975436,True,0.035750311618814,0.0313025859700533,0.088607371287386,0.01198038128059,0.0009464722624001,-0.0017770405601914,-0.0328170158574612,-0.0339725278983022,-0.0216033934237158,-0.0835939459755121,-0.0087832529462907,0.00819427510731,-0.0203283794995228,-0.0023912599588535,0.0441975399129188,-0.0564297641240161,-0.0170968986924824,0.0186150633326032,0.0197422099785391,0.0811119321471351,0.0056172571116073,-0.0595186069162199,0.0387152907904179,-0.0032255597835427,-0.0124850679798841,-0.0247189229092165,0.0474585940573346,0.0116845024202738,0.0153887292526266,0.0370306239503401,-0.0518733442798212,-0.0146550483789704,0.0418947213869531,0.0249021322592701,-0.1098210862563302,-0.0005986027616015,-0.0679657618129998,-0.0862823051787555,-0.0099566300070961,0.0367124357240333,-0.0722114479307395,0.0037780188447575,0.0365324023574307,-0.0055104683437139,0.0723604280655889,0.002566991693489,-0.0136091135115573,-0.0589941664110585,-0.0254051215786227,0.108127541897403,0.0934120364132236,-0.0528534736155192,-0.0580159121826264,0.0273951747223653,0.1326951988503537,-0.0706935402568611,-0.0926643745808284,0.1252034027090458,0.108127541897403,-0.0070635570544346,-0.0612910344069923,-0.0101914399550739,0.0025169554494433,-0.0247033355850784,0.0758649869234731,-0.086883863146672,-0.0284793872334853,0.0104362732423068,-0.0218858171369985,-0.0212113129514718,-0.0243635008677188,-0.6256788819754151,0.1487137055819112,0.0147119072977028,0.3841695398491569,-0.0032845307477387,0.0416450221935575,0.1506092021329601,0.2823031454793747,-0.0002474249150384,-0.0058576298951268,-0.0725406873647268,0.1344924730814698,-0.092526133314402,0.1487137055819112,0.0956513370850891,-0.0005563225029687,-0.0629807911848248,0.0376159523928818,0.0543975419862186,0.1874741405662106,-0.0620525765178819,0.0686579539650829,0.0425941511850849,0.1372888873302635,0.1376670507877777,-0.0080452484074058,0.1816513165485225,-0.1661299938612753,0.0433603251065872,0.2190035186647025,-0.0804016189015969,-0.0121989649205157,0.1812243994895366,0.2400622174126689,0.1138659227648837,0.0087244142094231,0.1602729489220731,0.0086342945488944,0.1715971677818315,0.2570007090875541,-0.0082416777852764,-0.0458786933536415,-0.0052526665915153,-0.0080522614765917,stop,1963,15,132.67215581505965,-0.0419789268650065,0.0617565327141646,0.0579259341433832,-1.0,1.4711317636288752,1.3798812516017436,4.112359275995042,1876,0.6286315181261308,7,0.1190018053996351,0.1213133120363929,-0.1072003541348741,0.03125,-1.2690402776808842,-0.6404087595547534,0.3919123918702969,0.1068331818868052,137.50399839888178,132.67215581505965,162.392745561854,2.2301672403012844,-0.0337984237222581,-0.015479547007878,0.0161072060728886,-0.0691078687866,0.9923355295850858,-0.0044748925195496,1.0,0.0266510499047545,2024-06-14,55.0,7,0.0629997755627271,0.0642209793118835,False,False,False,0.1666666666666666,1.0,0.1666666666666666,-0.029114437556513,-0.5364452704872947
DRI,Falling Wedge,bullish,1,0.8532560249882811,3,36,2233,2234,2025-08-06,2025,0,199.0560786139904,198.1183908247706,222.0275620205696,193.04516296587383,0.8320001391159183,0.0047329669159748,True,0.0075473570050743,-0.0060483280338134,0.0688917725631006,-0.0060378841084629,-0.024962603935272,0.0081919154686687,0.0669071944718506,0.0364784792366095,0.0371232457748151,0.005606111483754,-0.0006021632712573,0.0280875903128956,-0.0321022876113622,0.0118355549790218,0.0549251831874988,-0.0179341764946564,0.0243541437048537,0.0117613147350223,0.083217006898479,-0.0201087415182605,-0.0100885679080694,-0.0235668953186359,-0.0075514526274552,0.0103228310294436,0.0073837771751839,0.040528527849617,0.044172618323053,-0.0313771333268318,0.1201344193440219,-0.0514425497370851,0.0030665955069655,-0.1131937044603492,0.0042556952659345,0.0884390773630812,-0.003211165060476,0.0053031898525262,-0.0068567845748784,0.0962697879395704,-0.0161834969308657,0.0124933595439675,0.0818184647629205,0.1306770019912597,-0.0179549578696524,0.048605820910845,-0.067219811686999,-0.0080934167208875,0.0234699020094066,0.0032258618574374,0.1164243998253029,0.019281343859133,0.0517461972650412,-0.0896684030540956,0.0634670292163295,0.0385920932440002,0.0370671319162896,0.0459791269881664,-0.0252414099039467,-0.0433811489505363,0.0244496730919667,0.116929506937178,0.0148466511269707,-0.0389539021192033,-0.0706030428492529,0.0762236345797988,0.0921887642645982,0.0485716680610766,-0.0044873639383744,-0.0697847487795401,0.0032875419703615,-0.0578467265837657,-0.1125986046740855,-0.0764386634725808,0.052705803186315,-0.0917386405087852,0.0905667812020916,0.0917847462812304,-0.0473957880593001,-0.0607826635881013,0.2253991835501421,-0.139515018290565,-0.0908246419508355,-0.0707663481244215,0.0719437936102922,0.1905189915483618,-0.0330786544303091,0.0780542044407734,-0.085609229227337,0.0307349063470936,0.0158093228851787,0.1668334044601878,0.3250140403606281,-0.0900075030947687,-0.125269580728823,-0.1967438992950564,0.0391420549997498,-0.0121989649205157,-0.05720580534102,0.0958813385788888,0.1121492123182013,-0.0912429544459032,0.2283180588166149,-0.0433123299865891,0.2515763972642824,0.0128255315215246,0.0606866965115453,-0.0294194225745876,0.1976419298171881,0.2299712366302164,0.0266423394198536,-0.1326931638629657,-0.1615901030159637,0.1262028532355623,0.1253549631833115,0.0892585145448827,-0.1786689998635368,stop,2263,30,193.04516296587383,-0.030197096667281,0.0482544143815486,0.0899352206891364,-1.0,1.5979819157194977,2.9782737618806383,3.821627976725471,2197,0.5999959051660475,7,0.034294013166664,0.0854917571630087,-0.3612155297649534,0.0,-1.4924098936625876,-0.8924139884965261,0.5277882045094329,0.0701486003578381,198.1183908247706,193.04516296587383,222.0275620205696,3.4657805867597937,0.0734537464722482,-0.0343219102197522,0.0174297471165829,0.0426404892904115,0.5295554653557604,0.002692887840016,1.0,0.0139730348896207,2025-08-06,49.0,8,0.1171806230588428,0.0658104749215788,False,False,False,0.0,0.0,0.0,-0.0600424199259605,-1.5728902972128818
DRI,Falling Wedge,bullish,1,0.7533336945512882,5,73,2313,2314,2025-11-28,2025,4,174.569876056764,164.57662555056436,227.143299311726,164.0809617240633,1.6519014855121343,0.0607209588407153,True,-0.0052614668190305,-0.0153968274226685,-0.0050697245995341,-0.0033544151987948,0.0149054574649334,0.0003736909875362,-0.2995145626166423,-0.0510458979246585,0.004832519321251,0.0165400627108205,-0.048084964382566,0.1260480923342166,-0.0264428560062166,-0.0559053701105798,-0.005082405520974,-0.0081726556110651,-0.0065541674160042,-0.0279365031017753,-0.0518402840629372,-0.0557781072375618,-0.021117577477714,-0.0098148839011827,0.0203892607984419,0.0202619068767173,0.0159160856092677,-0.1069807796495331,0.0164424975056649,0.0204162072101392,-0.0493327767333127,-0.0379060288898476,0.0771266571487256,-0.0053509498660315,-0.0171934651006835,-0.0220043916473828,-0.020947011678271,0.0024520414028357,0.1033270981362306,-0.0299299408256955,0.0412786480132667,0.0133126265437604,0.0335584275978231,0.0504619298289972,0.0382673639751864,-0.0621243982972377,-0.0127742356524511,0.0186569309256081,0.0461771302598934,0.0298654753121092,-0.0009715319131142,-0.1860235810640704,-0.0185613901953063,-0.0593400805231815,-0.0631619148281545,0.0749815507738222,-0.0422312977841667,0.0501179089555094,0.0644466126661029,0.002734775830341,0.0485754823381143,-0.0197472379240407,0.0175380706225043,-0.0508797816244105,0.0991724290976023,0.032311688126928,0.0214727839120927,0.0498476069346147,0.0048424230730197,0.0639413754015114,0.0417238356661075,0.1080623718274733,0.0805659179845295,0.2402706515637966,0.1919908263371701,0.0365131743600892,-0.0821654843628467,0.2521192840084272,0.1757246770629601,-0.0215988006077978,-0.0845434536757357,0.0008050593679995,0.0203562193438879,0.1608899651539654,0.0253165147619791,0.0360234937945931,0.1155345376329373,0.0168806234886051,0.1698255878789509,-0.0952630433299913,0.0441421266699659,0.1709111858999059,0.1202197815493537,0.0333647254825625,0.2114251169587009,0.1929710786088894,-0.0662954559271391,0.1706005114294817,0.1976419298171881,-0.0892710881669193,-0.0727757526584667,-0.0086647238495243,-0.0759106075596373,0.1441844442468476,0.0061425945976836,-0.0702523560881456,-0.0234349415375949,0.1745190751194625,0.2222340715157138,0.0957325721256321,0.0747379029132353,0.1295613707029037,0.018889308124746,0.0035341991164894,0.0038183436207355,-0.5866812781462971,0.1990096109888811,time,2373,60,211.47833251953125,0.2114251169587009,0.2442439723649963,0.0265868123958142,3.5188061692619383,4.06501937483082,0.4424916056575985,5.012284549894423,2236,0.9723970382419737,7,0.1068752911613581,0.012928824963643,-0.0754698292751552,0.0136986301369863,-1.7551165404618805,-0.7827195022199046,0.0142990271198046,0.179980524487825,164.57662555056436,164.0809617240633,227.143299311726,3.6920681289224047,-0.0897422526444325,-0.0140249355012718,0.0210411645644688,-0.1489588005002848,0.0945944552699792,-0.0023332487161232,1.0,0.0052366234496772,2025-11-28,49.0,8,0.0802566330209382,0.0806933178506263,False,False,False,0.0,0.0,0.0,-0.0454077081098629,-0.6789286839116484
DRI,Falling Wedge,bullish,1,0.6986974404582408,3,38,2407,2408,2026-04-16,2026,2,197.0661645603948,193.8687371741837,217.98472401696225,185.3516296583431,1.0541489022303432,0.0164927436615958,True,0.0185240549846228,0.0152527654791829,0.0040430979412993,-0.0229355303892961,-0.0244577547820357,0.0123227966351471,-0.0190000201614378,0.0370595502533235,0.0041780548697136,0.0096107846122923,0.0015258476186441,0.017036407046562,0.0128306213581652,0.0096107846122923,0.0310110259733777,-0.0320657224014729,0.029023564486496,0.052332666008543,-0.1658222124152794,0.0084983105491123,-0.0258271047391593,0.015377581744798,0.0208064175435685,0.0095640361164766,-0.0081660731530215,0.0239070366716638,0.00808329470522,0.0171016117443878,0.0175615923717333,0.0358917757550087,-0.0241820420893598,0.0408769762626606,0.2927755920152781,-0.0007394084686979,0.0064937672223042,0.0466621789246617,0.0531801347856364,0.008983766387357,-0.0366618592223162,-0.0047484206553206,0.0618325374714099,-0.0223816002819274,0.0095640361164766,0.0072168865636479,0.0274628196946413,-0.0188799976822466,-0.0203866531315796,-0.0799073877005506,-0.092699606118409,0.0476325816625242,-0.0723726457389416,0.0571738753061334,-0.0305088785986989,0.054749394080944,0.0109229963292354,0.0470312950473481,0.0801716239218182,0.0280779273297877,0.0086237149776411,8.55974816231786e-05,0.1029689386248673,-0.0846941423110302,-0.1798809554831765,-0.0083717585429603,-0.0188272153605102,0.0112274061278712,-0.0003282006934758,0.0467415989604667,-0.0207728304817325,0.064482034201988,0.0140529812365302,0.2151041396165065,-0.0502615561445326,0.018237011589919,0.0860667579850411,0.0185676890976598,-0.0415617600680763,-0.0887801442393518,0.0766640820674025,0.0220156524132197,0.0910679577740076,-0.0578467265837657,0.089469259437336,0.0827536340995127,0.0408906714734305,0.1651231339160452,-0.3777916109730457,-0.1253825823804872,-0.0804363288532333,0.1812530760371222,-0.0317451918715703,0.052811675982331,-0.0067295117362691,-0.0741762965953198,0.1736498291455803,-0.0865667576283675,-0.0739627957998708,0.0208567611015744,-0.1089042777992581,0.0145340752682352,0.079328090639517,0.1011541963318567,-0.0131332553432939,-0.0010896269699501,0.223454849862535,0.0913662756382078,-0.019704221815856,0.1382224639967779,0.0757634580944424,0.0044396357080607,0.2515763972642824,0.2994918816768896,0.0931114540545043,0.0231849108914687,-0.0710681789521359,time,2467,60,195.7400054931641,-0.0067295117362691,0.104298750442853,0.0437431143555953,-0.1132062927225946,1.7545514943674785,0.7358625710760517,1.785692699835967,2367,0.6224148877226027,6,0.074619936255046,0.165909150884183,0.3905635648754912,0.0,-0.9946107115885046,-0.3721958238658958,0.5643652324721714,0.1108209252766755,193.8687371741837,185.3516296583431,217.98472401696225,5.315953140937615,0.0109914908073061,-0.032197815109189,0.02724980930989,0.0676628362473181,0.2004217100180315,-0.0016025153588473,1.0,0.0637199045640262,2026-04-16,50.0,15,0.0523231826714936,0.0080024492150474,False,False,True,0.2857142857142857,4.0,0.2857142857142857,-0.0161299789995685,-0.212618357473616
DHR,Falling Wedge,bullish,1,0.7159170948841627,3,20,1059,1060,2020-12-01,2020,1,194.24692151977712,185.337946653498,226.6898473738347,182.9791720008241,1.139793402332144,0.048068811741694,True,-0.0071081749407012,-0.0217729521813075,-0.0160324405584367,-0.0633006184311603,-0.0277792029178951,-0.0091284939239305,0.0167654112712796,-0.0096520612610441,-0.0091084126213488,0.0063618634157363,-0.0274468797118302,-0.0006880325091802,-0.0564244489711169,0.0606927296025254,0.0239815908016391,0.0008085289799373,0.0552693048589318,0.0327496039264272,0.0041696528734744,0.0304970243590709,-0.0012129884028666,-0.0409081191165878,-0.0055888755238824,-0.0085740631023641,-0.0216489646309921,0.0264826422573491,0.1002752216596214,0.0123440530242391,-0.0302574545447719,0.003743880296452,0.0225558300678072,-0.0338313666244795,0.0605874380715532,0.0088735667923227,-0.0077260959891336,-0.1111691658169365,-0.0042373575376166,0.1218691840833201,0.0328293664453833,-0.0806877596223729,-0.0477863532165592,0.0219548528319344,-0.0455322527066331,-0.0581273483450793,-0.0143311583031772,-0.0074655492435253,-0.0188351231268656,-0.0428349578896735,0.0656659479170471,-0.0421054906753255,0.266961596658356,0.0116041008870302,-0.0106864073330887,0.003485255237684,0.0568740911396699,-0.0145433486033121,0.0447184004979726,0.0291533918643609,0.0613590492233084,-0.0526407736213243,-0.0066415283945125,0.0425645629271267,-0.0952208867042023,-0.0216450383064608,-0.0741581533219485,-0.1682233185948467,-0.0327915245673046,-0.1461358805737495,-0.0147148254096896,0.0574599527601167,0.0387453487116067,0.0783660008489988,0.0356525229649415,0.0634700028168777,-0.0441442635180326,0.1321716982926333,-0.0426618908892654,0.1031117985131919,0.0277108900243165,0.0412418372844758,-0.0926741593213296,-0.1287200389784542,-0.0310485899813877,-0.2154912973476901,-0.0848021839071186,0.0516216904137527,0.0227986241308402,-0.0191051231056033,0.0862694717816154,0.1620014900792645,-0.0277238579849836,0.0515577216542645,0.003350918632675,-0.069070235230668,-0.060826445327711,0.1554561409788093,0.090562442190901,0.187741994483171,-0.1318977379232648,0.1942883398247274,0.0990669665981356,0.0430300390680593,-0.0358165727691999,0.1020788797047236,0.0437610474693566,-0.0038780756360773,0.1373790508003083,0.1769944797522227,-0.1195226053762925,-0.0455994525286883,0.1005778943003457,0.0626686062368537,0.2671621656066307,0.0999376936837239,-0.0648073239241617,time,1119,60,194.8978271484375,0.003350918632675,0.1064557603701109,0.0315064598222916,0.0577671368684153,1.8352115207351984,0.543145977657066,2.8792729017881147,1038,0.8307198718552882,5,0.0823376861266518,0.0801880076670915,-0.1687209244134357,0.0,-1.214556455269938,-0.3838365834146529,0.0833977017908296,0.154697499756329,185.337946653498,182.9791720008241,226.6898473738347,5.045698659002432,0.2148981362908431,0.0004610600867154,0.0259872409480902,0.3289063989855432,0.3999986230447246,0.0061435107229383,1.0,0.1084795314915085,2020-12-01,57.0,9,0.2735826266458117,0.2538211387626459,False,False,False,0.0,0.0,0.0,-0.084716083791099,-2.356387398096448
DHR,Falling Wedge,bullish,1,0.7072359001666501,3,49,1381,1382,2022-03-14,2022,0,232.6894771557921,228.9899133601732,285.2157651470516,218.7901735536585,1.0644461616071073,0.0161560120327219,True,0.0769546236635367,0.015014407137786,-0.0114508743680585,0.0311322643817981,-0.0006096040674592,-0.0251025150358153,-0.0320938952822634,-0.0522159320189077,-0.056988684293991,-0.0172038306696277,0.0199506142599479,-0.01831523522522,-0.028936611746723,-4.735207848649559e-05,0.0157922410518323,-0.0096329555556581,0.0238783673346509,0.0073845909742826,-0.0318930422678421,-0.0115534859050359,-0.0096329555556581,0.0005845646307065,0.0873023402354132,0.0860943762177108,-0.0033745840118679,0.0169437440340187,0.0785436955944034,0.0677546758615328,0.0382905380599964,0.0347691047910305,-0.0184849371161069,0.041378217644076,-0.0143311583031772,-0.0769344101036429,0.0008763034238248,0.0132188621400817,0.0536262150623787,-0.0796294588891516,0.0579370899804574,-0.0323866322508532,0.0553771845578692,-0.0051388514193957,0.0056880962068381,-0.014592538954692,-0.0126043369873667,0.0755793060511048,0.0847902710996149,0.0335319522807984,0.0230036919487555,0.0367025222835069,-0.011396384247746,0.0893672447022346,-0.0868157408012838,0.0381261942132187,-0.1543838390175378,-0.058118799620829,0.019176662107734,-0.0620108204129189,0.0017388062210728,-0.0038976601288469,-0.0231017461876732,0.1189641284309472,-0.0138302823575233,0.0577031192407562,0.0579242649219018,0.1056710079058729,-0.0158398346294972,0.1282036415199234,0.0724309622950115,-0.1040195197456187,-0.0577080996726122,-0.070686060081482,-0.0241609790062111,0.0487331233736165,0.1293921075246424,0.0144284810992256,-0.0358572362410023,-0.009922722407938,0.0698044808147242,0.0719917302080657,0.0966153194169883,-0.0517410917625533,0.2352530380095434,-0.0921268767527062,0.0621891292833691,-0.087894735670128,-0.0211108491492091,0.0703019602057084,0.0565188706341395,-0.0426560810266896,0.0470308992737289,-0.1273246451329103,-0.0103039567010088,0.0070207942739017,-0.169012717526457,0.11946688662404,0.0800746111864196,0.1197571678009086,0.091328900248409,0.1452468942177494,-0.0294424239445962,-0.1028000833825238,0.0333931290272033,0.0116798772992434,0.0888148048253325,-0.0827812409333972,-0.0565895865149498,-0.1327823253534052,0.0486498609268868,0.011366199773408,0.0939442886758323,0.033402921364698,-0.1343417168704377,0.1881840609787226,-0.0281819321221631,stop,1411,30,218.7901735536585,-0.0597332710186443,0.1295053895484206,0.0663842501390737,-1.0,2.1680612385683435,1.1113446326813985,3.779058972652164,1332,0.7360883517294912,6,0.077249304118259,0.0785734693297779,-0.2808480832853393,0.0217391304347826,-1.004809138557882,-0.2687207868283928,0.2476319517636836,0.1802972177237188,228.9899133601732,218.7901735536585,285.2157651470516,7.531283654811405,-0.0968047960418257,-0.0534991363962362,0.0325784957860393,-0.1687416415655296,0.3774319391889598,0.0058281890122209,0.0,-0.0532627417650636,2022-03-14,43.0,6,-0.1614083335141771,-0.1021832624585884,True,False,True,0.8,3.0,0.6,0.0488828877646329,1.25955376686927
DHR,Falling Wedge,bullish,1,0.614462746612395,5,93,1470,1471,2022-07-21,2022,0,240.80265004045503,224.35664850362275,273.04365938885235,197.65059306533828,1.998573755034843,0.073302938185791,True,0.041702770112846,0.0237794490512126,0.0282610053668828,0.0013285644809855,0.0162049110470658,0.0137423034372452,0.0292708585133489,0.1040122592933643,0.0121121684837501,0.014111299768255,-0.0019432231213297,-0.0014962002848004,-0.0213163123155802,-0.0509966255142506,0.014973563864105,-0.0462205306090037,0.0510917328190134,-0.0242946994149474,0.0118442840515362,0.0132524363243187,0.0016914973853996,0.0091701153503733,0.0329627996665594,0.0414865007027647,0.0032579921234663,-0.0190933420114109,0.0411693729090349,-0.0174768217634823,0.0499738685333173,-0.0495472485998671,-0.0300417085944689,-0.0104450432595889,-0.0115280010721097,-0.001481343164854,0.0555763148234222,0.0339964630529727,0.0444270126030355,0.1162315245771694,-0.0788580581726459,-0.0459409579107689,0.0261874962637445,0.0726823645227257,0.0439611194859366,0.0318845157015426,0.0331728864314613,0.0272439799850064,0.0606616068781336,-0.0119595484707777,-0.0183346666452826,0.0147789654801089,0.0943073443285373,0.0833297638343704,-0.0843749698502948,-0.0014330150599106,-0.1515787789600037,0.0735518825634282,-0.0164548138146906,0.0445797508337191,-0.0376628160198823,-0.0790448681626907,0.0372538489566087,0.0686432784525516,0.0270966429367824,-0.0792758586185364,0.1586361055783991,0.1322747098077852,-0.0213121071958004,-0.000559480352426,0.0484405609734949,-0.0013696306287778,0.0281504358676559,-0.0238741176371816,0.1801291737965693,0.1016899337111587,-0.0332037350264432,-0.0082568119312279,-0.1133494936938865,-0.1052198781952608,0.0625147098709892,0.1486504981360423,0.1166177413514957,0.0143853524585011,0.1508183119639381,0.0240198124224235,0.0169976606715427,-0.010707034598848,0.0472032243143678,0.0705222656878297,0.0336547862974871,0.0304048368893228,-0.0358387827152683,-0.0347275533174554,-0.0846725139248749,0.0151494281881606,0.0460537684961708,0.0334613884798227,-0.0167248432394694,0.0615303397592517,-0.1814007177203481,0.0834608680515425,0.0739460608900297,0.0887833365232118,0.0982223274304887,-0.0909268828976013,-0.0848324162650542,-0.0294424239445962,-0.0485786216426973,-0.137204060268659,0.2079262172234528,0.1855720575601034,-0.1365032497724738,-0.0974295223126504,0.0471858568920988,0.0855904134860472,-0.0941070087613084,time,1530,60,220.4132843017578,-0.0846725139248749,0.0950838696528944,0.1249350786044342,-0.4725004360847634,0.530599220373694,0.6971787701408625,0.747148840830202,1377,0.4703935380763739,6,0.1037803715854787,-0.1781733075998508,-0.1346782303765603,0.0114942528735632,-0.8282893707435608,-0.3578958326671861,0.9658671047593276,0.2438858465478776,224.35664850362275,197.65059306533828,273.04365938885235,7.736487996213701,-0.0101487442703472,0.1007901557744292,0.0319219604708375,-0.0253329000132795,0.9604445730430704,0.0742187769228681,0.0,0.0651726253613247,2022-07-21,43.0,6,-0.0633542533469148,-0.0403834353003468,False,False,False,0.6,1.0,0.2,0.0356231184937881,0.8421229737319823
DHR,Falling Wedge,bullish,1,0.649535914376858,3,32,1775,1776,2023-10-06,2023,0,213.81652956666605,212.80668637908343,242.36967750311987,204.10434708512943,0.8578693878505517,0.004745354597476,True,-0.035868947178642,-0.0450368147498124,-0.0074883950679605,0.0207615612664622,0.0273188255737275,0.0119584237783747,0.0019048999348287,0.0023822942518327,-0.0673517764333241,0.0037928404198115,0.0206649054334027,0.0303118829611188,0.0003473554474864,-0.0190069767333415,-0.0287217171234667,-0.0085818447323402,-0.00903704384296,0.0235051053117025,0.0361563444929169,-0.0180033339188961,0.038900224580151,-0.026494024404649,-0.0375349247383859,-0.0524417939607216,-0.0374973460354924,-0.00743368299187,0.0432225298975523,0.0756919974608412,0.049175590434231,-0.0357827421405609,0.1134590806313895,-0.0555970515623408,0.1002752216596214,0.0204644965690017,0.0866860353894543,-0.0114155490374409,0.0184551692645098,-0.0002315124293666,-0.0702341638895872,0.0135827012312201,0.0193157157410965,-0.0684308385065112,0.0167333849269883,-0.0024838264881383,-0.014592538954692,-0.0669847948209916,-0.0890864612910844,-0.105715128230011,0.0432783590650229,0.0150512889009746,0.1002896522093634,-0.0491975981655804,0.0192892963606947,0.2243684362416829,0.0591013702884435,0.0802281255065784,-0.1063935568725974,-0.0790448681626907,0.0502940892664069,0.0434203587298114,-0.025481705248861,0.0510666633093443,-0.0016896310233974,-0.0030118612409735,0.0287415309025418,-0.0457367136008914,-0.1053925612231055,0.0099030417142755,-0.1045406471389366,0.0225968134912981,-0.0454841428002232,-0.0028124901804791,0.0907988168783775,-0.1126215765245598,-0.0410322476072719,0.0200522043754611,0.2226305263705539,0.082123638022507,0.2495304755098053,0.0185568409763368,-0.1518892438738832,-0.056055598572706,0.0168472907569923,-0.1168273331510609,0.2433204078225703,0.0454984422485338,-0.0725005068222519,0.0361427109111027,-0.0668632154994981,0.0484566864480282,-0.1357982389074069,0.0067189340322406,0.0636523429579341,-0.0371725765677795,0.1941880508518341,0.1947929806639288,0.0462505532961625,0.0819905080390406,-0.0106706230036258,0.0279601365390687,-0.0193338380590569,0.0700641491063869,0.0789109576537596,0.0959954995624789,-0.019515304344258,0.2766466118377837,0.187741994483171,0.1532514975810761,0.0149217379016912,-0.0560657372935313,-0.125911039074181,0.2060826891009957,0.0102687243082204,0.020190409410564,-0.0077356549701413,stop,1779,4,204.10434708512943,-0.0454229731500174,0.0119545565838112,0.0575057884513922,-1.0,0.2631830493422181,1.2660067024117765,2.939931162818964,1743,0.5707210919874792,5,0.024525782496259,0.0456011193265273,0.2738462033530993,0.0,-1.033675469658539,-0.4629543776710574,0.5331481739231023,0.1149901795686436,212.80668637908343,204.10434708512943,242.36967750311987,4.454763424911083,-0.0161387697050255,-0.0337224204556516,0.0208594496167401,-0.0066506340760871,0.7319778084270451,-0.0096831435299427,1.0,-0.0324673634867794,2023-10-06,48.0,12,-0.0769710941646385,-0.0699556775063054,False,False,False,0.5454545454545454,2.0,0.1818181818181818,0.020239823359475,0.63785133937797
DHR,Falling Wedge,bullish,1,0.6696010160795831,3,52,2397,2398,2026-04-01,2026,2,189.06776772809943,182.8340531142203,247.6754918593456,176.4223888324018,0.9679035525710964,0.0340949320309866,True,0.0186318716076929,-0.0331765162202946,0.0016935578200374,0.0787956637421054,0.0335845151197136,-0.028263730403255,0.0124151762344826,0.0302470124994562,0.0231289752515266,0.0464579512710778,-0.0082248405328031,-0.0247034660099318,0.0315285817856443,-0.0001198878024221,0.0019801260029284,0.0376595951089404,-0.035533754064105,-0.0121681368966675,-0.0198143849520406,-0.0024008632417049,-0.0154680504943806,-0.0252502666494045,0.012354682918233,0.0228015965966548,-0.0626537127510866,0.0326996563853794,0.0241193779973298,0.0091614529913983,0.098060065131343,0.0095769954869266,-0.0883119916076474,0.0081469380470782,-0.0423411768009153,0.013857943171549,0.0287506781946642,0.0283750834852996,-0.0048150617744133,0.0380078255360341,0.0109627728439287,-0.0127971702421116,-0.074835876493105,0.0078311928141274,-0.0025587038940645,0.0352646317738543,0.0160180685139059,0.0160429615186267,-0.0554735177990678,-0.1672274920613957,0.15306677780174,0.0445916715282317,-0.0179406480106923,0.0192892963606947,0.0260559817230667,0.0080810949507494,0.0456536632067903,0.0089524150220421,0.0271696506300391,0.0360809492122609,0.0488873589532088,-0.1469780833920421,-0.002020713891653,-0.055952715538116,0.1066828241201676,-0.1085200373986604,0.0417138556190797,0.0846953399980567,0.0174677999455139,-0.03710190606543,-0.0704672465378202,-0.0358387827152683,-0.2060996470655877,0.0830196011907646,0.0908892076776659,0.1799000486280768,0.014877338560016,-0.097257065632173,0.07755597168672,-0.1173589994021576,0.2556849337639639,-0.0313282012352768,0.1372721513016861,0.0289388154290026,-0.0034842808173385,-0.0416597995127411,0.0414780588687972,-0.002328459771361,0.0356525229649415,0.0251675101391384,0.0017779650874392,-0.0060815664887591,0.1346185513016653,-0.0762054979022718,0.019634394036619,-0.1296323710303817,0.1878984865071487,0.029475296697127,0.0271765444624256,-0.0283408281774925,0.0906146182400216,0.0724130661010682,0.0865285951534085,0.0719158755720332,-0.0876094051504488,0.0750324944909179,-0.0387369810609786,-0.0909268828976013,-0.1083818128234704,0.2162809698909209,-0.137204060268659,0.1646844830963263,0.0690685256616501,0.1223942851871395,-0.0182118379518322,0.011892912242343,-0.0161638232119833,stop,2412,15,176.4223888324018,-0.0668827851920433,0.0582708394861114,0.0763221935055683,-1.0,0.8712382314641337,1.1411336009172044,4.634714753480926,2343,0.7043330540370694,7,0.1519510661681046,0.1022199944619872,-0.15172308893959,0.0384615384615384,-2.795611035241335,-2.0912779812042723,0.3924793464507887,0.0969763955936082,182.8340531142203,176.4223888324018,247.6754918593456,4.796476748977257,-0.0873883941017346,-0.07624805320089,0.0251922405595966,-0.0342913778010167,0.4459445526996766,0.0050632827919063,0.0,-0.0410149463112108,2026-04-01,51.0,9,-0.0008718294057827,-0.0644385945278016,False,True,False,0.25,1.0,0.125,-0.0284840501579745,-0.7430864309985681
DVA,Falling Wedge,bullish,1,0.6616836283180654,5,46,578,579,2019-01-04,2019,0,54.11000061035156,51.45940623563882,84.93117837344903,46.27459883078544,1.3945066078555397,0.0515084523629236,True,0.0362224923741305,0.0113303928019754,0.0503068657625689,0.0870919706786996,0.0424851622230308,0.0546576204611222,-0.0063048467289249,0.0764364520433029,-0.0237881609134694,-0.0099999564034598,0.0090307799896389,-0.0344294804013591,0.0013668028757893,-0.0018270588144552,0.00905264671312,-0.0352438506849547,0.0645099315391843,-0.1308061106033612,-0.0467872742432495,-0.0065940854349463,0.0100199963087097,-0.0210603666985437,0.0318166404907084,0.0602476119896688,0.0057540467173138,0.0042475542189301,-0.1507609746232878,0.055705882557546,0.0726941426496023,0.0587063451328169,0.0385246126538356,0.002365314819265,0.0326934640137854,0.0728556351531761,0.0591856026145765,0.1177009002280369,-0.044854565390065,0.0376068305472276,0.0319389174439079,0.0381894204839889,0.0343285921414098,-0.0046891120029919,0.0785083713022041,0.0096119777962619,0.0324402579524965,0.0313976535050327,0.0460173320214891,-0.0302419989859308,0.0535681239195233,-0.0473740136608542,0.0459503257188411,0.0322199659206841,0.0485605763294236,0.0334319721181033,-0.0639151604161114,-0.0391837055168657,0.126818223433061,-0.0066062927539483,-0.0235799665005564,-0.0142867549415155,0.0593801347137719,-0.0448882242919582,-0.1383482922908901,-0.0542010694393666,-0.022041049691386,-0.0289581791843732,0.0854838774181925,0.0643052546661662,0.0427005447439921,-0.0186657202890005,-0.1228642945018199,0.0817642024589835,0.0792857578822545,-0.0946291304343583,0.4039602248074594,0.1337827512798284,0.0400000352125902,-0.0016597889559717,0.092307756904483,-0.2115277451008725,-0.1322807715511984,0.06631018399081,0.1891536963821876,0.3500884739698562,-0.1429762159075055,0.1419374203744283,-0.1580952044417685,-0.099116220107402,0.115313336652983,-0.1831619154138957,0.002314205065597,-0.052304272942425,0.0090555878440663,-0.1276316228526122,0.1409477305371451,0.0111155358618599,0.0413811215512003,0.0596556047595571,0.0607525668965021,-0.1159565996591083,0.0001424530546501,-0.0887918439785142,0.2584985311235275,-0.2060588163488051,-0.0662433823214312,-0.0612323394454785,0.1585277015321418,0.0829953170275354,0.0884797810638042,0.035142844063895,-0.0146140066423412,0.2343865784117313,0.1999457313436483,0.1951040763380249,-0.0416533414144108,time,638,60,54.59999847412109,0.0090555878440663,0.1082979217196776,0.0855664575104345,0.0625364056055664,0.7478876993434855,0.5909079327865193,3.933579748708705,532,0.6492412867930988,5,0.045723558005427,-0.0215005301345014,-0.1042448354039363,0.0,-1.4223541639341608,-0.7731128771410635,0.3393560068961219,0.3144311477787964,51.45940623563882,46.27459883078544,84.93117837344903,2.104999814714703,-0.1929517785467077,-0.1161450807196524,0.0389814780502722,-0.2204417118965583,0.9283023430898524,0.0164770529645055,0.0,-0.0606331547931442,2019-01-04,29.0,7,-0.0934183129152018,-0.1048852980796045,True,False,False,0.5,2.0,0.3333333333333333,-0.0330747770938712,-0.1513982678843544
DVA,Falling Wedge,bullish,1,0.6475778457975955,3,16,1355,1356,2022-02-03,2022,2,108.8000030517578,108.0766626993816,122.29000091552734,104.778511005212,1.0086349295818753,0.0066928450075129,True,0.0244484922619852,0.0177944975824029,-0.0171106372444065,0.0335820895522387,-0.0039469529428124,0.0296058783889154,0.0039036340562639,-0.0060459632867951,0.0442838740361875,0.0373749287714579,-0.0438491386100554,0.0154934010171197,0.0565867596804727,-0.0084945510787957,0.0253719824802844,-0.011257547172578,0.0556584331362206,0.1242937395755525,-0.0211558231019748,0.0099021373110077,0.0165989647339053,-0.0242737091967014,0.0086224172567098,0.0783087904787405,0.0991220468576039,0.0322764326886433,-0.0084090145929816,-0.012317451000977,0.0721625220560422,0.0321307599633697,-0.0169927992729266,0.0162500234750599,0.0083088028117164,0.0028371282225974,-0.0429310634218412,0.0583364783650619,0.0609212705588817,0.0687682833594991,0.0103756646184882,0.0519550283808094,0.0082246434864474,0.1160516035184546,-0.0394910669459823,0.0994117587220435,-0.0227180382961057,0.0535512421439254,0.0115808315394676,0.0433497135438768,0.0781879963564495,-0.0715350081823993,0.1336218220792042,-0.0706432014649055,-0.084528171615841,0.049203518217644,0.0948503683114942,0.0624328760018697,0.0625953358147795,-0.0878749847412109,-0.0410925519873838,0.0230835386083998,-0.1128701654423919,0.1513240799268038,0.0486394667935463,0.0437415863595056,-0.1054805639546445,-0.1150565733405593,0.0276636715322449,-0.0547615217895064,0.0100057556653126,0.0491727787137656,0.0313009849175125,-0.1300647426972482,0.1604838398654389,-0.1539460739540082,0.3412314446375968,0.0186110602484808,0.1023972152892385,0.0305477827674531,0.0119270279455778,0.1049536898098741,0.0769320109287554,0.0807480345572402,-0.1008764828807318,0.4353403639404769,0.1947407220651016,-0.0460043791347688,-0.0853422504303822,-0.0004347334322282,0.0032051282051281,-0.2265672264319012,-0.0238776526869298,0.0094725397831574,-0.0146140066423412,0.05390276281548,0.1376740378497789,0.0052256544091773,-0.1900796466502105,0.0117482528698975,0.2873366383836393,0.2174794512069031,-0.0959107578248567,-0.0104380495314784,-0.0774164402084957,0.2839368440804837,0.3138326542958867,0.1252417170055111,0.0527850881564377,-0.1588383077132661,0.2967940099964659,0.0923147596726712,-0.0741350486312508,-0.091966311581678,0.1469782963895165,0.3592087354075728,-0.0962025855214765,target,1400,45,122.29000091552734,0.1239889474759678,0.127481569192506,0.0091911762127826,3.354475828282842,3.448967437123491,0.248663925832935,3.354475828282842,1337,0.6800475736099016,5,0.0406083139753008,0.0620538370800773,0.3574558861038328,0.0,-1.1094876009853414,-0.4294400273754334,0.3785800234878564,0.1076266073303351,108.0766626993816,104.778511005212,122.29000091552734,3.193571363176613,-0.0601449897175145,0.0172242459303721,0.0290509538279902,-0.1552294153514223,0.119690346298408,0.001707051274054,1.0,-0.0465006498807918,2022-02-03,11.0,11,0.0169048093497707,0.0086757203820821,False,False,False,0.2,1.0,0.1,-0.0200751759491746,-0.0797940835451679
DVA,Falling Wedge,bullish,1,0.6046967605175574,3,37,1434,1435,2022-05-27,2022,2,96.30999755859376,93.6700014386854,139.21699643816237,91.61297562008804,0.9415003980008612,0.0281840085337934,True,-0.0050877154624724,-0.0008320274748113,-0.0317016085398502,0.016364855765842,-0.0171106372444065,-0.0092491535578244,0.0322955881355,-0.1943420945552357,0.0696259974119091,-0.0616071564810616,0.0456152396342719,-0.069064752841229,-0.0574149361577501,0.0657739563695178,0.3401886562131486,0.0245975758208907,-0.0002986774196617,-0.0172144296536037,-0.0366956872572109,-0.0025551996223596,0.0236099404196339,0.0160988944676387,-0.0119335340078804,-0.0685286952697278,0.024688469501945,0.1059904083940437,-0.0129294785253578,0.0478742901753765,-0.0056302668831785,0.03917527030031,-0.0218412716219099,-0.0294622472235367,-0.0280446189138782,0.0247416353479952,0.0671606051440598,0.0381889121153973,0.0020714526846912,0.0116107095807991,0.0565142874411255,0.0669654774989734,0.0410426713844045,-0.0332576609618472,-0.0534478059416735,-0.0389773440313586,-0.0169310231741217,-0.0815693954092435,-0.1558508450558735,-0.0802718732705,0.1794738740236761,0.2442222781561853,-0.0798274438181466,0.0176949785947213,-0.020619269355353,0.0104235784650867,-0.0919981165960593,-0.0747205847117647,0.0122143850381453,-0.0649878389191561,-0.161479242079629,-0.0233985153546942,0.1154199962705582,0.0809500914925218,0.0874824790687827,-0.0323188892309216,-0.0776213880719621,-0.0078368264871594,-0.0643444278627562,0.0624869708627255,-0.1614116495301135,-0.097497659928147,-0.0714364474218778,0.3971208374117643,0.2552606763363294,-0.0552581657548315,-0.0039867515183762,-0.0001769614430655,0.0050164554041622,-0.0439786159531595,0.134227221819551,0.3083278968685961,-0.1647834998185391,0.0115260960566276,0.0951419673883575,-0.0985534208364393,-0.0158113911017154,0.0519502251969332,-0.1127090882540872,0.0281306806507617,-0.0748461584850909,-0.0856561871030475,-0.0664953505669131,-0.1257199832430379,-0.0527462810760592,-0.0573573823496893,-0.0084421545556058,0.0426761260163848,-0.0461568549422812,-0.0536240356059406,-0.2514253861387182,-0.0761618261660266,-0.0848656813156388,-0.1341444820505585,-0.1311770503431717,0.3862295146092167,-0.0711519028778391,0.2043103185193291,-0.2023825154511911,0.2057753782221341,0.1409721511159425,-0.115633565007014,-0.0992143287332079,-0.108543116311055,0.2409270550516467,0.0273972750844009,-0.0460145270320995,stop,1444,10,91.61297562008804,-0.0487698271993841,0.0209739832173909,0.0745509343493397,-1.0,0.4300606424468898,1.5286282242616014,9.134936868789394,1395,0.8961341166282585,7,0.1467531593039799,0.0108031631754739,0.3446043945030812,0.0,-1.7013782588710056,-0.8052441422427402,0.0857448175657257,0.2281832206097956,93.6700014386854,91.61297562008804,139.21699643816237,3.1242855616978207,-0.1303663508184918,-0.1057596252355391,0.0319521947300262,0.0050364668430311,0.5263147327702747,0.0069786564874596,0.0,0.0079125656162828,2022-05-27,11.0,11,0.1447405699399926,0.095827455187982,False,False,False,0.2,1.0,0.1,-0.1302296413116829,-1.7048053847558216
DVA,Falling Wedge,bullish,1,0.8063356660615255,8,127,2203,2204,2025-06-24,2025,0,140.5399932861328,137.10584821023758,191.70273677937303,129.47551422580457,0.892702922966513,0.0250474003897289,True,0.0439021895722773,0.0278800305155195,-0.0016408414784249,-0.040691694836626,0.0487700273646392,0.0068807231395309,0.0129961598678765,0.0778774135372368,-0.1073130475438551,-0.0212068743786171,0.0189840366082199,0.0620491823115003,0.0128169153606987,-0.0243384925041493,0.0221154139592096,-0.0298382508815501,-0.2730961220341147,-0.0062015740446341,0.0227983396282736,-0.0042585365672528,-0.0210603666985437,-0.0237899025742592,0.0573095641605194,0.009250057733467,-0.0173163721167914,-0.0145075001665107,0.0956868204076764,-0.0685565722873439,0.0083551334149774,-0.1017260979267175,0.1117774929119224,-0.2178838231521824,0.0519550283808094,-0.0257477947568205,-0.0098492918741082,0.0198328601573736,0.0545027080534616,-0.0018186411223793,-0.1712307765601027,-0.0553191413707524,0.0250810025176893,0.0300718897538219,-0.0614201130860783,-0.0075496971020343,-0.0447878189379158,0.0284067743707278,0.0767042447208485,0.0334411798168512,0.0598943681180699,0.0720028972736628,-0.2175863697740446,-0.0535611166658021,-0.1628938107536186,0.0713271348264048,-0.0657068616074203,0.0381385638732552,-0.0381773746976983,0.0915852239645103,0.0331973820532007,0.0400919596354165,-0.0533333508344534,0.0240835944918123,0.0316428568272302,0.0240835944918123,0.0380952134483578,0.0115808315394676,-0.2201110839843749,0.0637748273622829,0.087297820741445,-0.0222000517022605,-0.0718783009019669,0.0181871593763498,0.0665093187835976,-0.0190906754329902,0.2018308088074332,-0.0408301326970141,-0.0250778410687063,-0.0450234200916033,0.0212206527032701,-0.0610544251559306,0.1027502567717935,0.0757719188402117,0.0889967868035208,0.3848729305811744,-0.0818956307890608,0.1145972584565926,-0.0454863275203246,0.1410647137001963,0.2694800580221472,0.015890317348105,-0.0255125874959101,-0.0800601086994031,-0.0733598836709994,-0.1627646653856631,0.0396195342488807,0.0683857423479969,-0.0101405838524475,0.004392240025268,0.0105189336311186,0.0062101814392743,0.0636638164150305,0.1300586842074718,-0.0450917551941397,0.1058428690616113,0.0306580153285798,0.2789415933391108,0.0420297923202845,0.3631006611556433,0.0353393780088668,0.0778290505672321,0.0213181897764407,-0.1694026760841591,0.0965890551925505,0.2291606999417688,-0.1423110547648186,stop,2233,30,129.47551422580457,-0.0787283306453666,0.0804754045658459,0.1029599707027761,-1.0,1.0221911719219483,1.3077880587429382,4.624053533318566,2076,0.7452766299344418,7,0.0426738750144096,0.0699681647577505,-0.0816019498101561,0.0,-1.033840566101211,-0.288563936166769,0.1938704955847443,0.3184131153463025,137.10584821023758,129.47551422580457,191.70273677937303,2.9142837524414062,-0.0773440558338584,0.0050827949786012,0.020676011461792,-0.0395884285640466,0.8539136803668478,0.0068945464768581,1.0,0.050877684056825,2025-06-24,36.0,3,0.0742046878648095,-0.0208412578749234,False,False,False,0.0,0.0,0.0,0.0311634978495555,0.4737004839336136
DE,Falling Wedge,bullish,1,0.6751297680208524,3,21,735,736,2019-08-20,2019,2,140.1207611888668,133.9566820287332,166.17497890316486,126.61046461718388,1.6507522430240005,0.0460154660953113,True,-0.0275349522192288,-0.0083542004528422,0.0027295771633524,-0.0077779090171701,0.0101560527761492,-0.0183635809886847,-0.0234161325338203,0.0289250478854141,-0.0032730645373928,0.0252610969298003,0.0214155085464644,0.0190255305664159,-0.0031943975969126,0.0023115423243458,-0.007823827940487,-0.0758080904016491,-0.0254764276849523,0.0023115423243458,0.0557417954198597,-0.0117618989516989,0.0218447125364338,0.0050497086231684,-0.0284287914913779,-0.017038983509655,-0.0223727325623791,0.0148624568657176,0.0273871697368732,-0.0227027359930472,0.1306718674369513,0.0336555759547936,-0.0231062129951041,0.0232923104361191,-0.0552256082088644,-0.020891660648511,-0.0363761756286153,-0.0511285235539734,0.0128573581759483,0.0199122862630796,-0.0332563929706024,-0.1009135816813056,0.0317978876330009,-0.0282196703077944,0.0294950001133633,0.0297077363803832,-0.0324778371819708,-0.0145060460009771,0.0714607500002093,0.0419885422234265,-0.0176721970640312,-0.0462172139832238,0.1361490805380631,0.0095662141232826,0.026930955929709,0.0103759566186691,0.0878509298095511,-0.044900281448363,0.0190234383389276,-0.0913835816846001,0.2294768812129377,0.0105645314689719,0.1581557918843603,-0.0334593549461663,-0.0341525511861475,0.0101219631273918,0.010311773133768,0.0539437627922518,0.0086660478535314,-0.0360713901199689,0.0480967121802636,0.1133446570090368,0.0883926970957886,-0.2160940757581796,-0.0089566586075693,0.0717184646144299,0.003242918094809,-0.0497147877657804,0.1416162716205309,0.2630421026450054,0.1803299549898749,0.0535208707436962,-0.0143441108978685,0.085455933256314,0.0568230709639137,0.219841818423951,0.3476908224993604,0.0235696682736696,0.112306616342358,-0.1023510713856655,0.0215709714525895,0.0260968317917429,0.0554717060236205,0.0498027911429967,0.1433492714109869,0.0816446859503057,0.1911016714176279,0.2897920694226368,-0.1688074494725618,0.012041682702091,0.1074426777325929,0.0985222676664869,-0.2973487226169156,0.0101118651153828,0.4241646458201527,0.1273298133749143,-0.2483724555193146,0.065835436634478,-0.1601835612607628,-0.1136797388614693,-0.0061128197753009,0.4048156484974889,-0.065410804969662,0.1055069332439311,0.0287998734914429,0.0124817002231503,0.1024477347676674,time,795,60,160.20697021484375,0.1433492714109869,0.1746553561417336,0.052154046616083,1.486733390300026,1.811421482751646,0.5409107544124692,1.928471190551564,712,0.5940450297576669,5,0.0566500091075212,0.0253236066922353,0.4279353866974247,0.0,-1.571553425263464,-0.9775083955057924,0.6032134007912786,0.1317533850024247,133.9566820287332,126.61046461718388,166.17497890316486,4.618162519106767,-0.0176006443536265,-0.0475961816196272,0.0334459964438621,-0.0396779106728065,0.6666735867466748,-0.0022310974700076,1.0,-0.0331295892135969,2019-08-20,21.0,16,-0.0394270624546989,-0.0096983047768275,False,False,False,0.3333333333333333,6.0,0.4,-0.0085511257117393,-0.3183701838714319
DE,Falling Wedge,bullish,1,0.6298321215730573,3,34,1198,1199,2021-06-22,2021,0,320.0541139793194,315.83249878441075,381.6502761432762,296.59052506555304,0.8257908249292928,0.0133666269657397,True,0.0208641811958443,0.0102070590819856,-0.1001190545558137,0.0129236608491543,0.0092736988886035,-0.0097687313881023,-0.0245932303241973,-0.0708473316190572,-0.0665139950694216,0.0382845573302494,0.020480000578313,0.0214112611127319,0.0301581983466141,0.0131318003461793,-0.022587820871414,-0.0195377753016491,0.074678077108429,0.0093400828852923,-0.0815744386001275,-0.083423397354178,-0.0670632160617581,-0.0237706967653621,0.03787009871912,0.0294950001133633,0.002864090615732,0.1287556554491251,0.0124999985234617,-0.0263142669998625,0.0018572329319441,-0.1331742504384272,0.0260367465105413,0.0339006584630274,0.0344008223677989,0.0702829074355426,0.0136078994119763,-0.0075761045662761,0.0588670903146641,-0.0660942677941466,0.0031473224451032,0.0569818980702929,0.0381339623301857,0.0515815403320096,0.0162985934597927,0.0055428755075945,-0.0191381080710679,0.0145150898291993,0.0327717477833946,0.005928116787347,0.0316073765816917,0.0071819593433726,0.0516528044920467,0.0976743156380537,0.1167084075760358,-0.0346582557665722,0.0770380125737919,-0.0039305318967683,-0.0047631526207539,-0.1412812124863424,-0.0446271672626518,0.0398930895876079,-0.0749526455088294,-0.0266398117014223,-0.0172152225727417,0.08682771821317,-0.3274126805858357,-0.0435483105588925,-0.028151444845421,0.0932877087882331,0.040037199934006,0.0872192511892202,0.049434852781534,0.1008496778420899,-0.1091899703077941,0.0988863443392509,-0.0435206348590598,0.1453547941027384,0.0032703711382258,0.0614107605305214,0.0703825689837569,0.253289254132125,0.0056806487799399,-0.0051519523480715,-0.0962828776595305,0.0519044403523041,0.1103039609135378,0.0607242912158962,0.0151945163061864,-0.0191936319375106,0.035843593677113,-0.0339600064257293,0.0809947012244147,0.0478797086892,0.0395889848390194,-0.0170758546660148,0.059473824688907,-0.0416844708117825,0.3389198877897508,0.1726179990573118,0.111650450612444,0.0767811939701643,-0.1536776347793803,0.1466969672373625,0.1333398550225037,0.0362678357908574,0.2208629958201764,-0.0427057277664948,0.076576440848733,-0.0591609318111533,0.2978751251882188,-0.1920068292638436,-0.3158011971458765,0.1120584385149774,-0.1479182039077754,0.4554434799950708,-0.0246914901134891,time,1258,60,332.7247314453125,0.0395889848390194,0.1498000555484718,0.0376498138306234,0.5400119100517936,2.043341461053707,0.5135607281278538,2.625180759445436,1164,0.4487564422717999,5,0.0072493814995591,0.0215603526661893,0.0694383340665787,0.0,-1.5837343536005308,-1.1349779113287233,1.0317584774194903,0.106882275438141,315.83249878441075,296.59052506555304,381.6502761432762,7.793351438714146,0.1297932052998249,-0.063756253145403,0.0243913996976617,0.2704978145336019,0.9213178023820334,0.0026930070087987,1.0,0.0127016010386671,2021-06-22,17.0,22,0.1614968923641602,0.1068642532374155,False,False,False,0.0,0.0,0.0,-0.0142872579955459,-0.8422014901774739
DE,Falling Wedge,bullish,1,0.7736002861090373,3,31,1281,1282,2021-10-19,2021,0,322.7451880129317,310.30719246371245,367.450720961624,301.0379659046665,0.958378457877074,0.0400828464544009,True,-0.0072749999171564,-0.0179814065477061,0.0151548134384214,0.0497053808052885,-0.0201208808076448,-0.2285696825884944,-0.0264546299420065,0.0288404260425019,-0.0707927442819116,0.0524606971743102,0.0569716066262682,0.0156309231745861,-0.0948698080837571,0.0427162370663467,-0.0535101175252439,0.0133863262710167,-0.0525789931232252,0.0287481052032025,0.0194893210800342,0.014523707643397,-0.0656468814255176,-0.0273302174662706,0.0078373206187784,0.0339006584630274,0.0100273246479944,0.0150729677179732,0.0124118369817338,-0.0083411866084722,0.0573156508283603,0.0552274697421053,-0.0380265317775295,0.0324168420619634,-0.0055073191916533,-0.0434382068044,0.0480971679016812,-0.0162118735286255,-0.1369583718736341,0.0470307155652767,-0.024058026295325,-0.0328160033570608,0.0569859946311097,-0.0251249959196397,0.0604220569645905,0.0778262760777039,0.0221132026945733,0.0261787751724909,0.0534264317333696,0.0131941643370498,0.0190814820988096,-0.080374324130567,0.1486127288378129,-0.1357615105110322,0.045479499704244,0.0019845048886459,0.0152332980419565,0.04849441292025,0.115331046542737,0.0881952142665212,0.0025545608798895,-0.0422749650490565,0.1326435525761573,0.110955687908643,-0.0118429694318501,-0.0264115231793847,-0.0481475329789958,-0.0604131716034479,0.1038565994602169,0.1014421087017498,0.0269944967362047,0.000843884292023,-0.0423144551029217,0.1041964084671998,-0.018600419438767,0.0804916835476137,0.1737468743945107,-0.0195649250287343,0.0523325833176735,0.0305373167238749,0.0734025450052278,0.1269788580635258,-0.1060847154885772,-0.0579653763056706,0.1222036181368544,-0.0061169201816522,-0.0157205443209708,0.0186192467534151,0.1033692389275797,0.1908720184639989,0.2267891282215866,-0.0402967970180091,-0.0439930550812267,-0.0489159540659495,0.110283300381659,0.0769624414519489,0.2259485132728569,-0.236258225315139,0.4995166431169999,0.1062068517570082,0.2253086181663084,-0.0419065185488448,0.0807353047309,0.0369728413548418,0.0558605285526845,-0.0017356309743264,0.1301870874987016,0.0417041784821088,0.0763504753528412,0.0139780477808915,0.0722220726909839,0.1487393722648868,0.2781820019438394,0.0201628153022903,0.1141059245441664,0.0200400725691436,0.0169672516545018,time,1341,60,358.3385925292969,0.110283300381659,0.1282629916967074,0.023861464856724,1.6397033364675784,1.9070272171994325,0.3547746884901998,2.059477381570183,1250,0.7252217644328058,6,0.0627541626387206,0.1013238825258457,-0.322496989904603,0.0,-1.097370852147139,-0.3721490877143358,0.2454477385383304,0.1290113029280766,310.30719246371245,301.0379659046665,367.450720961624,8.194238811041057,-0.0174488621322345,-0.0388831816092751,0.0254306269935577,-0.0814739278124357,0.922997869407193,0.0092515618879061,1.0,0.0392270746061851,2021-10-19,17.0,22,0.0193922638088983,0.0449781493721932,False,True,False,0.0952380952380952,3.0,0.1428571428571428,-0.0190226492163794,-0.5854293853937229
DE,Falling Wedge,bullish,1,0.7138655059399742,3,28,1333,1334,2022-01-03,2022,0,333.5820259098388,328.0150510953504,353.7455108130655,312.87711663092614,1.0729338151414345,0.0169717054016225,True,0.0727174611402268,0.1013264294120654,-0.0082573848187718,0.0064381740614412,0.0653389269861457,-0.0205911041267899,0.0554440344791529,0.0267334297285146,0.0012747168551145,-0.0582910462812567,-0.0022597581442097,0.0733543708307951,-0.0271969398505255,0.0702494483135616,0.0375843230757151,0.0382845573302494,-0.0142028332169156,-0.0099152416891434,-0.0196448502445668,0.0482935508516311,0.0211905471442708,0.0529194364970939,0.0558801432511514,0.0841543933876736,0.1315857514403358,-0.0371021093694083,-0.002613412344456,-0.0298037365476804,0.0308065617498125,-0.1006477446756098,0.0882502592072955,0.0066535157852654,0.0030078074036989,-0.0600025671106122,0.0769826631534835,0.0420309019277209,0.0313534236113521,0.0470307155652767,0.0711831484949936,0.0223517045376229,0.018381695330647,0.0406410200347837,0.0271938166593352,0.1435181250825756,-0.051914517883874,0.0657893298570624,0.0671262041857236,0.1219444705515107,0.1369047314131692,0.0989094112987767,0.0291460511514727,0.0778354399785468,0.0540251331100198,-0.0446111135127615,-0.0202854651364049,0.1050234032067576,0.005665946982168,0.1634879857669045,0.0073116493419205,0.0037615232652938,0.0703089074217178,-0.036862105932274,0.0127216120127207,0.1177741200892066,0.1035432101622484,-0.092789605981416,0.0336280825769075,-0.1221633003808285,0.0319594233440163,0.0617605479585108,0.1480047137160797,0.4088864352932109,0.2657576921333759,0.0977377919548792,-0.0503309774915605,0.2083029559510676,0.0614107605305214,0.0149319871064508,-0.1443250127982195,0.0147362827241208,-0.0532404627283901,-0.0013666966819073,0.0220739206684261,0.0736779883482252,0.1653149142713355,-0.2169918800691443,-0.0824417371595735,-0.0307318927609894,0.0233149098190919,0.1033692389275797,0.0300431386627779,0.0162540801234469,0.1764971806195447,0.2163432591406389,-0.0678822058622963,0.1141502641407599,0.0729700264753803,0.0844115010201647,-0.0799879379603279,-0.141340034883512,-0.0573241294072185,-0.1844378561754002,0.0203314146147792,0.2921870878939481,0.1043954940591966,0.0064244211964838,0.2483055965231371,0.204518571354531,0.0600904086619713,-0.0588965552655605,0.2838210809196586,0.0595686599602793,0.1552554306743567,0.1841370036353515,0.1114622685407606,target,1335,2,353.7455108130655,0.0604453577743919,0.0916099282927415,0.0039535566756032,0.9738504347740644,1.4759507062642214,0.0636967507382557,0.9738504347740644,1305,0.442985062445059,6,0.0083026135064743,0.0176919371553601,-0.3013664074368346,0.0,-0.7039580253365075,-0.2609729628914499,0.93492496657078,0.0955401918390208,328.0150510953504,312.87711663092614,353.7455108130655,6.933097678233038,-0.0164382667801558,3.4429635428212535e-05,0.0210212433123318,0.0079307574257587,0.9698886664151743,0.003237140663947,1.0,0.0572721727834322,2022-01-03,3.0,13,0.0804034163261748,0.0406398448461693,False,False,False,0.0,0.0,0.0,-0.0155048092580105,-0.478506135278724
DE,Falling Wedge,bullish,1,0.7109594395039858,3,25,1426,1427,2022-05-17,2022,2,362.6614942876496,344.3064554166868,458.46465517522574,333.3451697281312,1.0100672012372645,0.0533101792957939,True,-0.1223176150811743,-0.0985010963408761,-0.0923518410787533,-0.0919605545153271,-0.0033053129122778,-0.0350312728615672,-0.0438479607943361,0.0204373459804123,-0.0290762202180919,0.0117590392201425,-0.0100506278662592,-0.1414918227616508,0.0137068711641121,-0.0490383308305758,0.0121710617338322,-0.0178348091054487,-0.0493222078220099,-0.0831724190564682,-0.0341182838150234,0.0127051936722335,-0.0250120237947,0.0092736988886035,-0.0910395912425166,-0.0829428983592784,-0.098035859404285,-0.0611382018574022,0.0125302684162458,0.0357329027185573,-0.0840015444062173,0.0193804660114149,0.0768973548898215,0.0202546267531291,0.0301703834967077,-0.0926363592731757,0.0972558643537666,-0.0084043060482716,0.029271761543669,0.0604220569645905,0.0404894828302522,-0.0357937935920322,0.1013719239588935,-0.002259837061006,-0.0200479762324494,-0.0398963364652302,0.0110092722940724,-0.0924732988240452,-0.1391144996357873,-0.0788916712858831,-0.0390263587938755,-0.0177426497399867,0.0346582161259618,-0.0046968466817922,-0.0598499963630422,-0.0221814372625914,-0.0746478549693215,0.0645476868131809,0.0993723868823059,-0.0006468229290093,-0.0314843560864296,-0.1204447232158073,0.0197355101800564,0.0352022897373369,0.0255472227087616,0.0851855460742743,0.1234697779570319,0.0406897771957226,0.0822141534314702,0.1499902059645563,-0.1586090859872275,-0.2218955085045924,-0.1804918113069077,-0.0687053224715625,0.0863428199824956,-0.0825102683316874,0.190647767180395,-0.0298313093391098,0.0498505026038373,-0.0352004724444239,-0.1547930531349416,0.136916242199752,-0.2734681305260151,0.0082946206101401,-0.0104938458410812,0.1256179286758214,-0.0867079192624464,-0.0035335123751427,-0.041313738155584,-0.1191417677434527,-0.0832691983366415,-0.0144676387226302,-0.0632742268947011,-0.1984434823882434,-0.0377327055155207,-0.1007932119547319,0.260039439753686,0.2017872997448662,0.0560652434416939,0.0017422752882525,0.230805398955709,0.0040680233778884,0.0784886924220829,-0.1484346070002187,0.015772933113348,-0.3280890172226051,-0.128160556714467,-0.1023462180756623,-0.0254237173236951,0.0467698773218925,0.0491646911657535,0.1862215410906931,0.3245258163559412,-0.0518735593148192,-0.1131679627481317,-0.0769540202573767,-0.0617827841842623,stop,1429,3,333.3451697281312,-0.080836606646378,0.0028385321299235,0.1988540680320002,-1.0,0.0351144394561343,2.459950711462849,3.267911729285,1399,0.8262543503428209,5,0.0112663736357618,0.0523851195468623,-0.1013453626075698,0.0,-1.3929171289039597,-0.5666627785611335,0.1618698281003617,0.203456424547445,344.3064554166868,333.3451697281312,458.46465517522574,12.046895197923204,0.0412146494614584,-0.0420587504407435,0.0331955369896318,0.0699523225546978,0.798154868549344,0.0188543011091797,0.0,-0.0825094641007874,2022-05-17,3.0,13,-0.1175754680767285,-0.063676237824566,True,False,False,0.6666666666666666,2.0,0.1666666666666666,-0.0796138690183902,-1.5123592260203564
DE,Falling Wedge,bullish,1,0.6582087564160498,3,30,1616,1617,2023-02-17,2023,0,411.9059963495988,398.3553865896174,431.53330192767726,376.9206981262763,3.209366752885259,0.0340163839028015,True,-0.023823789806191,-0.0106000943042363,-0.0651131147871808,0.0151449217675132,-0.0463404287336092,0.0359724755298929,-0.0414148642092329,-0.0208300842969251,0.0731039359786209,0.0195136870874363,0.0363310853172693,-0.0493222078220099,0.0362595405742689,0.010521050547813,0.0120662426986051,0.0068586786462772,-0.0184826063959149,0.0127051936722335,0.0105912576805535,-0.0140774767448033,0.0081998604687401,0.0204560307320782,-0.0259309486917723,-0.0143779256042859,-0.0178762874992812,0.0886991894946438,0.0339835130295433,0.0217316614498912,0.0904831162146677,-0.0788760273741996,0.0339006584630274,-0.0837010827731959,-0.0160846968374724,-0.020891660648511,0.1279275550677485,0.0458183002108902,0.0404586854040416,0.1022191094167508,0.0571596719238378,-0.0798979414551299,0.0739931886626286,-0.097366028648422,0.0352151429259091,-0.0602194496341057,0.0397875888534067,-0.0320949502915834,-0.0866366307678081,-0.0672418666505244,0.0245429236708329,-0.1485902423086381,-0.021763800123983,0.0124654441360605,-0.0327271044337322,0.1278288662710645,-0.0058515480088755,-0.0913835816846001,0.0350814731160709,0.035592380984647,0.0221052447722465,0.0626736280406088,-0.0052910563120101,-0.0035643016793004,0.1389704393432176,0.0675696255361297,0.0231111378016071,0.0466945378513921,0.1216544064314979,0.0250661113273384,-0.1083458600043868,-0.0786926926102736,-0.1102782734669084,0.1712858624502986,-0.0691632744733039,0.3202320850867717,0.066464096539158,0.2094853458925356,0.1387927774712025,0.058965450953313,-0.0612742942309586,-0.0039164521229676,0.2376097932162635,0.0575144957786459,0.1019250791517447,0.0944276888121011,0.0419449674676946,-0.0046795702496345,0.0777997610816276,0.1822664739689901,-0.1984581714096052,-0.0188489741762736,-0.0054380169716197,-0.1485394488220728,-0.1576805776724754,-0.1794038354442733,0.0810775082855406,-0.1227552565548804,-0.0303608295097285,0.016598005277514,0.3002349463000002,-0.0739335292568477,0.2129119620693755,0.1958198520070793,0.0194963278668858,0.0242238464144848,0.3114184415853638,-0.0017356309743264,-0.0310032106855355,0.1907640106749826,-0.0197835112130582,0.0495705234968388,0.054785550769673,0.2464867703721793,0.1409582881495465,-0.0682584827044637,-0.2325063567910066,stop,1630,14,376.9206981262763,-0.0849351515476101,0.0137988314266324,0.0852935781613792,-1.0,0.1624631401157572,1.0042200032287951,0.5610158144941625,1586,0.3807411392267313,6,0.0448285897338535,-0.0573873371239583,-0.0272876063686353,0.0,-0.7521451052380411,-0.3714039660113155,1.2762622090873568,0.0966583388407123,398.3553865896174,376.9206981262763,431.53330192767726,10.875158663919832,0.1579353887388779,0.0213147781360132,0.0263173453317122,0.1846689319323191,0.8529690322656088,0.0398055299911652,1.0,0.028745932599564,2023-02-17,23.0,12,0.160564068751734,0.192137482705897,False,False,False,0.0,2.0,0.1818181818181818,-0.0068435222514774,-0.1063706294526304
DE,Falling Wedge,bullish,1,0.8150526425925234,8,72,1813,1814,2023-11-30,2023,6,351.40426150697385,366.1217310960385,420.883019316874,338.3474790907061,1.6143742070303757,-0.0401982956461114,True,-0.0101120028995442,-0.0155094027846953,0.0127054326257882,0.0232104560620145,0.0027357618633359,0.0381236171381695,0.0507354942725462,0.0789230635379198,0.0064163485653565,-0.0727721351090429,-0.0728036296430404,-0.0078388942927012,0.0216299379653353,-0.0098695168205489,-0.0380636686553456,0.0640156995276934,-0.0395085018468498,-0.0199649012686355,0.002289311080015,-0.0090944003983428,-0.0183465575241253,-0.0438479607943361,-0.0085457507138045,0.0644267553737889,0.0287946954179494,-0.0450145948280406,-0.0239011410728057,-0.101930714705511,0.078633015045773,0.0563368664879888,0.1300198165138835,0.0231459016910329,-0.0257845678314873,-0.0221024227073503,0.0715513170952495,-0.0295160276058089,0.0847886398298851,0.007757772320784,0.045458408913823,-0.0264015675912291,0.0152030089203167,0.0137200274642195,0.0297077363803832,0.0986420414544948,-0.0512805100221857,0.0479751050861181,0.0998299299473244,0.0527292521290412,-0.0172152225727417,0.0650082259516857,0.0934699928222118,0.0724625846559734,-0.0210695086561468,-0.0057945534969073,0.1161744388574608,-0.05976934648614,0.2612198356796313,0.1020675013884531,-0.0613704037807371,-0.0077376655499759,0.0624841881606712,0.0322284932492864,0.0077539379368141,-0.0050630252986693,-0.0625476416818447,-0.0464258101877924,0.1072394071584583,-0.0193868037221257,0.0691434987259461,0.0917434777303101,0.010320125022182,-0.045718251038572,-0.1984581714096052,0.0589593898678157,0.027184536024112,0.1196114646603365,-0.045718251038572,-0.0549231272637874,0.0664140649212892,-0.0412958675376059,0.0050375236096384,0.1009773945784833,0.0800757668696003,0.2357341301720064,-0.0596748568745134,-0.0791131813940041,-0.0228086159027209,-0.0720320544164874,0.1693913004379452,-0.0093093196517878,-0.0889994519586115,0.0844767565975621,0.0033983315823666,-0.1118849149526575,-0.123181273758116,0.2216800959881724,-0.1188496103207531,0.0667856011863201,-0.0282413646339131,-0.0591609318111533,0.2571628906292118,0.0633283395190216,-0.0235219630890873,0.2544360078308132,0.0043862807476167,0.2646536224485756,0.0385875791202499,0.0489489309920398,-0.0231584589473418,0.0233777336727256,0.2529403852832363,0.0133735155657219,0.0401609876006199,0.2757927386829735,-0.06907672375298,time,1873,60,352.59844970703125,0.0033983315823666,0.1182855293997929,0.0286719530887659,0.0914611396579243,3.1834825595245824,0.771663812714466,5.321277141245368,1735,0.405929190665685,7,0.0934709579129766,0.1407798430215832,-0.1883950615072755,0.0,-1.1165354124591569,-0.7106062217934731,1.395053730006146,0.1143440931316661,366.1217310960385,338.3474790907061,420.883019316874,7.782315645837031,-0.0720747160806861,-0.0312735996227914,0.0221767176595805,0.0404346738751597,0.5252154806385765,0.0018960115325963,1.0,0.0798276667232518,2023-11-30,23.0,12,0.1738756114904283,0.0665014042578391,False,False,False,0.0,0.0,0.0,-0.0856151160509838,-1.544356206572723
DE,Falling Wedge,bullish,1,0.6116104094734743,5,49,1968,1969,2024-07-16,2024,2,368.1650763352922,353.8146582035679,416.5039775538676,333.055332068275,0.5766696478074684,0.0405591396483855,True,-0.0172208760986422,-0.0082373805661557,0.0137290864532817,-0.0183345504289167,0.0329838057077487,-0.021246805577607,-0.0436368874553606,0.0225621438014511,-0.0651997602918125,0.0076956777478645,0.0943933088653079,0.0095850709658729,0.053402226275268,0.0649411266129289,0.0052709133939925,-0.0063305452885089,-0.0412315898202503,-0.0194328283122826,0.0103201019386145,0.010521050547813,0.0045181950195567,0.0122675782416206,-0.0235597420184713,-0.0165595715536681,0.0135047972637338,0.022591832507695,-0.1400762842945726,0.0915845394374288,0.0089394150501016,0.1013719239588935,0.0619084045939519,0.0163685263900172,-0.0333336170964775,0.1312385843983203,-0.1009412911284997,0.0568095540184894,0.0105101721133498,0.0496563200405808,-0.056392401643894,-0.0153177386149242,-0.0153177386149242,0.0188697422280701,-0.0117330226785504,-0.0232193981058413,0.0341049619172491,-0.0269406957774913,-0.0725870200526943,-0.0425942103681147,0.0976743156380537,0.0291813676237286,-0.0767436821236385,0.0413468121789442,-0.0108356065581037,-0.0833761927483395,0.0137437459247768,0.0476776092905943,0.0261806091605636,0.05949080453852,-0.0095853571095944,-0.0436002649124281,0.1066476762132415,-0.0051539450873715,0.1235229518843026,-0.0751569378698043,0.1345220525440646,0.1404504216146924,0.1133570977166216,0.1004779565972115,-0.1090780917784961,0.0279340890779888,0.0357723030518809,0.0426407327383751,-0.007205632419074,-0.1793550902296987,0.099129093431669,0.1735257676915687,-0.0664821828186804,0.0075677989550686,0.000843884292023,0.060215557855457,-0.0813023838543165,-0.1468787934484036,0.041905178714573,0.0566315559414165,0.0279340890779888,0.0472173303212439,0.0727238743850731,-0.0005568846946332,-0.0470847280840704,-0.0292144806207614,0.1009773945784833,0.0192724849873237,0.0763985610561537,0.0404102723217871,0.0086762020550836,0.0051369420628553,0.0355723800599696,0.1094966835393007,0.3830589426134843,0.2252395971317191,0.1561235224467378,0.0543120710840718,0.1263073798570833,0.0042044847312141,0.0529064210792376,0.1375933546060435,0.1653518559530362,0.1220906932278067,-0.0083796224170965,-0.0745521026650046,0.1489472793694792,0.0404448879880341,-0.0489595938088326,-0.0173199829563053,-0.0049140087417421,stop,1982,14,333.055332068275,-0.0953641356113917,0.0325634282643733,0.1000715529846635,-1.0,0.3414640950248745,1.0493625548335537,1.3767944548655078,1917,0.5194090283261931,5,0.0830010536707444,0.070825389219558,0.0602511067869633,0.0,-1.2664090893855668,-0.7470000610593674,0.807391591226851,0.1236206499013567,353.8146582035679,333.055332068275,416.5039775538676,8.39584957764211,-0.0053237883922349,-6.512994361640434e-05,0.0228359939927618,-0.0158295626004293,0.7877556104548545,0.0008878326218377,1.0,0.0440366190585954,2024-07-16,45.0,10,0.318874414915864,0.1909986955821385,False,False,False,0.0,1.0,0.1111111111111111,-0.0424021556027496,-0.2891461363826935
DE,Falling Wedge,bullish,1,0.7089244129874446,5,64,2286,2287,2025-10-21,2025,3,456.0245962168095,451.3363266481974,529.2421715628498,431.0390948530985,1.1162668689582809,0.0103875298570115,True,0.0175167494130394,-0.0048939486272889,0.0224666568527431,0.0616370603943663,-0.0090088986062742,0.0204560307320782,-0.0480182345120957,-0.041000072248986,-0.0070894423937245,-0.0793736358680581,-0.04281125958296,0.0054298463348809,-0.0071221855745924,-0.0769336761401218,0.0032362996083259,0.0508663745678201,0.0268320512661337,-0.0210401799474735,-0.0302582899688345,-0.0307263645232791,0.0318447588484707,0.0502378980426327,0.0235355125489869,0.0177558578022474,0.0129343884549339,0.0105229356604241,-0.0117367816768064,-0.097366028648422,0.0037557846650182,0.0032494523752757,0.0525841489373177,0.070418072469881,0.043793984795323,0.1548118066211108,0.0324886287893382,-0.0454294296253097,0.0061957887038575,0.0173362905611615,0.0432803523823486,0.0471605442880254,0.0185814624117579,0.1548118066211108,0.0098522212369878,-0.0181903722805135,-0.0156021603863905,-0.0062700675928274,0.029817681499658,0.0475557782697202,-0.0053452930381661,0.1210510628983521,-0.1223423128406462,-0.1010326351494339,-0.0177426497399867,0.0050824694386404,-0.0203088997122142,0.0003786158325542,0.0534249859596607,0.1873163212287416,0.0626011068789513,0.0459381851776241,0.1799650722765375,-0.0291866457894431,-0.0176082536053628,-0.0193868037221257,-0.0179422620834815,-0.0913835816846001,0.0219851957322612,-0.0282999075972185,0.0194594929766258,0.0453567153575071,0.0462495680539948,0.066464096539158,0.0712023893998501,0.1009773945784833,0.1473374685354156,-0.007082167120311,0.027034625391384,-0.0096220946589111,0.0420432844778941,0.055291176303184,0.0203776749020507,0.1155321981482651,-0.0975194684743128,-0.0044175113959868,-0.0227728977617429,-0.0254774535594822,0.1217798141079871,0.1161823604209293,0.1751526350000944,0.1055756313632516,0.0426265134044316,-0.0066775681225744,0.1218121749042178,0.0895149249730815,-0.0427965361397058,-0.1920068292638436,0.251805447652933,-0.2475963513791164,0.1200365447693883,0.2573787450588281,-0.004355041440871,-0.0709876657606191,0.0519640620793095,0.2565843734280149,0.2098992251353293,0.1505913685856581,-0.0431633892523888,0.0953272171835204,-0.0162862474923745,0.0351723438859707,0.0792468438886511,-0.3591619489441607,0.0655368199105974,0.0940731194464825,0.0872490698366376,time,2346,60,511.5739440917969,0.1218121749042178,0.132236423637902,0.0122356032348236,2.223263286430077,2.413522178995116,0.2233189537966829,2.930402487435435,2219,0.4969672261787738,7,0.1632258138538321,0.1067595240326877,0.0886039980673996,0.0,-1.8108201148688543,-1.3138528886900755,0.9493237158691628,0.084545489980289,451.3363266481974,431.0390948530985,529.2421715628498,10.334109545128282,-0.0400802542863791,-0.0234376619585086,0.0226765771184576,0.0180940226490435,0.1332512436960165,-0.0028760856586158,1.0,0.0121829865219105,2025-10-21,14.0,7,0.3925390991138613,0.165197893779732,False,False,False,0.0,0.0,0.0,-0.0521176122395504,-0.9831123631210612
DE,Falling Wedge,bullish,1,0.7095860956341786,3,31,2399,2400,2026-04-06,2026,1,571.8278770435718,566.6844389714461,673.9460589754271,540.9116381371596,0.8843245923119146,0.0090763707601735,True,0.0518566533359454,0.0070078117366167,0.0332483367509603,0.0175167494130394,-0.0377393068522782,-0.0490171534999072,0.0566481099743958,-0.0401516282568844,-0.0493375049825091,0.0172500264614317,0.0064163485653565,0.0365487795632848,-0.0791115653576649,0.0588049214350225,0.0323871417453629,-0.0708473316190572,0.0030554750699862,-0.0225247068283608,0.0008066121389318,-0.0112415771453902,0.0463759158514367,-0.021246805577607,0.0554646114934679,0.0369956695577098,-0.0423006757551005,0.0515934302720297,0.0340576551420781,-0.008236604585693,-0.1114933424953557,0.0101364636090475,0.0366036748535094,0.0082640809344411,-0.101930714705511,0.0439522947269694,0.0211560772398793,-0.0611382018574022,0.0094155319874917,0.0284451624810508,0.0667572556336231,-0.1126521810538688,0.0974239951162396,0.1022191094167508,-0.0069660818214349,-0.0309032832741389,0.0190032125292718,0.0322102928502609,0.0088607735217338,-0.0845832093627172,-0.001215428806644,-0.0530828388098676,0.0141591665691891,-0.0382920950985765,-0.1075285649777181,-0.0504663448702232,0.0202256895696073,0.067561205858321,-0.0924861216308001,0.0907846671144809,0.0151779460638927,-0.0687168700773491,0.0459392868288421,0.0626011068789513,-0.0120096228396955,-0.0231734469631308,0.0101219631273918,0.181686304709856,0.0046076587693677,0.005665946982168,0.0052827931018307,0.0103608544383417,-0.1463741367622477,0.0144837801468284,0.0673776690273284,-0.003991886527726,0.0305997156699029,0.0650298630355634,0.0825284293006285,-0.2256830637982575,0.0457683918051869,0.0671619516161441,0.0292289442003934,-0.0071869778976192,0.0010138366926506,0.0144837801468284,0.0784920763628957,0.0529562966407495,0.0769036553797408,-0.0340647421882459,0.0704890938156908,0.1595433326392139,0.018857552147997,-0.0198387304724529,0.0975855324293479,-0.0410442810532902,0.1418266607907963,0.3554537103841169,0.0719251397229061,-0.0198020908612779,0.2079392445936017,0.1568151394330246,0.041154468466064,0.1797409163113779,0.0390540431648653,0.273535885604476,-0.1416275333734786,-0.0777453487772985,0.1161808285255801,0.2529403852832363,-0.1089727631606787,0.2467038310831975,0.2193958987352371,0.0409112373807893,0.3367866785316711,0.3002349463000002,-0.0340370314775623,stop,2432,33,540.9116381371596,-0.0540656378388779,0.0801136389639408,0.1014459625484276,-1.0,1.481784774327253,1.8763482056893253,3.3030596716819725,2367,0.6605040573045529,5,0.066468740801168,0.2207704135806647,-0.2994326931409867,0.0,-1.144415016107522,-0.4839109588029623,0.4163181294984643,0.1486063199051759,566.6844389714461,540.9116381371596,673.9460589754271,16.06437404510447,0.136691859511572,-0.0112335540646322,0.0280060711709906,0.2532310861162008,0.9859655635190282,-0.0057668323968326,0.0,-0.0173270965726622,2026-04-06,34.0,12,0.1514035941440308,0.0924642081513724,False,True,False,0.0909090909090909,6.0,0.5454545454545454,-0.0158292758540008,-0.2790660248382945
DECK,Falling Wedge,bullish,1,0.7111198131242834,3,49,1364,1365,2022-02-16,2022,0,53.526668548583984,52.36428786368867,68.48407582877257,46.207716289942425,1.6182445044688931,0.0221979660626943,True,-0.1134636977214798,-0.0798010689900804,-0.0022458405046307,0.1801759727287826,-0.0089840102420083,0.022745568393115,0.0126024584077144,0.0099118691491606,0.0426635290403232,0.0099592435617803,0.0425734917289599,0.1089624179251338,-0.065440073654335,-0.0432169643728387,-0.0508881706587481,0.1499380268974426,0.0136222312654672,-0.0889202697316695,-0.0328275138082678,0.007224890867713,-0.0407911135002088,0.0145343315843842,-0.1275437014753433,-0.1644974466734061,-0.1475533487030984,0.0082172724478737,0.0303584158230156,0.087520705508401,-0.105405975141863,-0.0213807531877132,0.0177125925925925,0.1370808030163193,0.0465490106420589,0.1387857380305024,0.0189847751548721,0.1084356449633225,0.1117837761262341,-0.0096673885725186,0.0358850316692369,-0.1674380381141921,0.0551981511853953,0.0155250427627999,0.0366712741287729,0.030629760705382,-0.0848120252567352,-0.189029137397594,-0.1391518273451639,-0.1343009938794728,0.2152481495760092,0.1060951293396281,-0.04904613410261,0.1301278024612191,0.0061078517262056,0.179384840537951,0.0595075146370578,0.0399897821654782,0.1542640772297092,0.0255258315058308,0.1779741886005832,-0.01338990413596,-0.0327934554541811,0.2635556518365156,0.1032217525480374,0.0382676924538105,0.0983203085302197,0.0140666105456308,0.0605267276326202,0.0350662092852054,-0.219752858691112,-0.155436531367023,-0.1462538740029949,0.0402295181222633,0.0404818541157037,-0.003814075386932,0.2790150633742874,0.1113765110568691,-0.0687983684164478,0.1617725344415197,0.1871625752127821,0.070960649744546,0.0453120571196405,0.3737897228604652,0.225427561123046,-0.1605332603850191,0.0560917221383001,0.1317771079290264,0.1347401338491463,0.0666047546513337,0.1617725344415197,0.024643479204861,-0.0051838692328912,-0.2490779416652241,-0.2324387039484537,-0.1416216265704316,-0.4315404439759974,-0.0043549176421966,-0.0901627089348827,0.2967629338767759,-0.116854290945998,0.0439161083434225,0.1878990221293852,-0.1008302780754695,0.0914846963296378,0.085459886126441,-0.2345087292183965,-0.0039367719543559,0.1320329342362836,0.0168692272017616,0.1108162125950575,-0.2878365594483684,0.3524996612639617,0.0526000213623047,0.3403843334805045,-0.1133797733232503,-0.2488047321197848,stop,1369,5,46.207716289942425,-0.1367346867851199,0.009372210556173,0.1683896350369645,-1.0,0.0685430359810714,1.2315063499694905,2.043654166828077,1315,0.3870430103244243,6,0.0899315435291831,0.1130622920024457,0.3214545560373678,0.0,-1.2843000398862952,-0.8972570295618704,1.267321711022732,0.1631739138973896,52.36428786368867,46.207716289942425,68.48407582877257,2.483333315168109,-0.1329137059984163,-0.0414635065071282,0.0459054761745092,-0.2418834728753052,0.7599255092375815,-0.0021657682361184,1.0,-0.0113998973749335,2022-02-16,34.0,9,-0.027176516579938,-0.040933079962485,False,False,True,0.375,0.0,0.0,0.0591462941046115,0.879629731582263
DECK,Falling Wedge,bullish,1,0.7207870971579942,8,64,1797,1798,2023-11-07,2023,7,104.82167053222656,85.92583656311035,95.82805824279784,80.87686961686526,5.314861460957179,0.2199086412762207,True,0.0019715869630121,-0.0235798523858399,0.0022433227902707,0.0175614612967198,0.0519296281861472,0.1493065858027371,0.0326179037760627,-0.0730370122580629,0.0415737730335399,-0.0138629011551071,-0.0604651162790698,0.0228516452309406,0.079452065215235,-0.0673390584712938,0.0927587240188627,0.060968334898724,0.032963935096834,-0.0133270216421993,0.0688505519295714,0.0088209124247815,0.0389212937235488,-0.0515457977084472,-0.0190905745324776,0.0083157037105401,-0.0276116071401211,0.1290614576127746,0.1310502689143884,-0.0795012250493398,0.045588212854722,-0.0104735679337507,-0.0608976648620562,-0.0445637531520215,0.040974300224458,0.104127261248121,0.1719631645253425,-0.0288899263006877,-0.2287668928305519,0.0304896178407656,-0.0836508640459248,0.0446441971484681,0.0915458730718152,0.064334714421236,0.0022024024670266,-0.0085151111579899,0.0073404107734922,-0.0075874400779742,0.0934920744212939,0.0541593804106241,0.1446041655850949,0.0849418847706597,-0.0061087198805147,0.1474339655374696,-0.0108734282617494,0.0347696545967168,0.1768940781087791,-0.0209679744675526,0.1217917452051458,0.1050535308320994,0.0989037563495709,-0.0330723883949843,-0.0222212576092937,0.1845801881144582,-0.0573581163795097,-0.1424866023600375,0.1296852103915946,0.0295519948885236,0.0177339263627289,-0.1165555595262755,0.0501770717281477,0.037142375101407,-0.036602623285429,-0.0143842703978815,0.1964517043822635,0.0785738344098014,0.1786472402886187,0.0854284964554832,0.145,0.0688904325251029,0.1638662048826382,0.2448835339549113,-0.1870605182726217,-0.0171224171267891,0.0655454092703591,0.2221150363327342,0.049179125356096,0.1369818354052741,0.2101649790511184,0.3080545421370435,0.2072181121978387,-0.1388626563958552,-0.0121213360158054,-0.0624300893206094,0.3537436642898641,0.2234795784441303,0.085459886126441,0.0391502310381903,0.4041638469448241,0.2680512045306802,0.2068633749455459,0.1752450274419776,-0.1598023136010133,0.5007838151148778,-0.0486028137830193,-0.1842943370165559,0.1987002222556724,0.0041986643890692,0.1863729005778094,-0.2142720380279731,0.1096087193862596,0.1208969741376695,0.2649607207552944,-0.0843195891097282,0.0879723397146039,0.1884832600765262,0.2462626594950065,target,1798,1,95.82805824279784,-0.0857991696160165,0.0080612490434295,0.0074571375625892,-0.3755977057908651,0.035289230188024,0.0326446488096609,0.3755977057908651,1726,0.488710965080722,5,0.084912879734962,0.1235090419762603,-0.0547593970682183,0.0,-0.9721147325136056,-0.4834037674328797,1.0142273661435084,0.1126514752899129,85.92583656311035,80.87686961686526,95.82805824279784,3.3459510803222656,0.2793156589223315,0.1938652346764857,0.0319097601510153,0.2661044765325999,0.879656664069611,0.0034427318503709,1.0,0.0055001276312041,2023-11-07,28.0,12,0.1451703180886256,0.0946773606129725,False,False,False,0.2727272727272727,0.0,0.0,0.2236864883460988,3.067406952764608
DELL,Falling Wedge,bullish,1,0.637648983026826,3,19,1468,1469,2022-07-19,2022,2,40.56210693589201,38.22926449356396,49.2897380828141,37.14170486320563,0.5538254777772763,0.0610224254437536,True,-0.0129546221424389,-0.0089290743606701,0.0052452725885054,0.0049130330602649,-0.0086666914094636,-0.1315496602261937,-0.0471330538439637,0.0170145673046091,0.0217482638757207,-0.0161966658899873,-0.0265721798219239,0.045851669218466,-0.0327785519027025,0.004179822866545,0.0139995168207054,-0.0001167684652066,0.0557504364633225,0.014975665943667,0.0216507362853091,0.0594512311629411,0.0607676104214298,-0.0087453767279614,-0.015644066028643,0.0059091857323749,-0.0338138797021139,-0.2480008183557062,0.0080343993363698,-0.0754629487123503,0.030660194567216,-0.0255363811318791,0.0138690686063991,-0.0163001463336942,0.0998342263642282,0.0231532709688333,0.1499066548985377,0.0657749117186832,0.0213570151286792,0.0522344498179139,-0.0113085020684637,-0.0680684103326165,0.082516317294174,0.0241838275998518,0.0327141245040347,-0.0211701302922492,0.0027226534350084,-0.0011465031182735,0.1043181844778102,0.0094572240480641,0.1219937417779988,-0.0409599422798588,-0.041387445996842,-0.0369429054005358,0.0114416941621844,0.0338544581979118,-0.0556242823665362,0.1229948520956842,-0.122519374760335,-0.1883495568815987,1.0184625734166302,0.0547290447272899,0.0731736743982482,0.0530613800867987,0.0420398761009903,-0.0255168474902157,-0.0018046871210342,0.0583675831196759,0.0704704572369991,0.0078528428845605,0.0465513276824094,-0.1334089994020058,-0.1388363348362908,0.0112629457267701,-0.1855007855259708,0.0446636952031505,-0.0633409859937355,0.1534649533768255,0.0440310654445801,-0.0638906518028016,0.2146153276696707,0.0234224924537058,-0.0504806452286868,-0.1086784349001676,-0.0033439877556292,0.1590982104242913,0.254560460015464,-0.0884060178622293,0.0647745243714328,0.012948534896271,0.0730509571722815,0.0969675802245892,0.0911577988251566,-0.1674278512387542,-0.2324999715287893,-0.1447345783267783,-0.0791443090237684,0.3668871106050422,0.4309481619120938,0.1017258072012177,0.2419419131938989,0.4583177193408598,0.3035487945769499,0.2630388845666969,0.2042641124603379,-0.0150035385359066,0.2479922675141648,-0.0614591547339977,-0.0856757731910274,-0.1938862064567866,0.1767794001778875,-0.0701399669501182,-0.1009432379454766,0.1807225732280661,-0.0589929677644346,0.0877318962060391,-0.3524326458478762,stop,1498,30,37.14170486320563,-0.0843250592996139,0.119090946418791,0.0979546596054839,-1.0,1.4122841704225892,1.1616316717601447,2.551638948127352,1447,0.818368799509705,5,0.085654516399513,0.0595706314433783,-0.1162717787019623,0.0,-1.311925219795787,-0.4935564202860891,0.1576301804519205,0.1902616502357498,38.22926449356396,37.14170486320563,49.2897380828141,1.420003088311167,-0.1482235989350512,-0.0353596354109767,0.0349763242835581,-0.261650629105042,0.91150585876181,0.01033579566705,0.0,0.0721863442252068,2022-07-19,30.0,11,-0.2241817472149303,-0.1063940778122428,True,False,False,1.0,4.0,0.4,-0.1058298337102962,-1.5967162406340498
DELL,Falling Wedge,bullish,1,0.7014371248347325,3,25,2082,2083,2024-12-26,2024,2,115.20161654390598,109.93431755092796,154.3728889820377,106.1317297803705,0.515236851018532,0.0479131458703774,True,0.0130100356038025,0.0223651932943811,0.005609868423811,0.0752103092661766,0.0540364791370566,-0.0161966658899873,-0.0265721798219239,-0.0366953622230086,0.0640379486018007,-0.1092060918419284,0.0048713655319558,-0.0246816106835989,-0.0038572308430117,-0.006267059973475,0.0354630140726341,0.0161109529459564,-0.1136523196443801,0.1204110990125739,-0.0660138250274721,0.0137520555176982,0.0493248575123015,-0.1304796832875308,0.0177497395645201,-0.0692744126272163,-0.0422469972018588,0.0398537535189233,-0.0330998252082516,0.1500515136521463,0.0231532709688333,0.0722892340060208,-0.0752342698997099,0.047239155511056,0.0581142331386552,-0.0654828629879038,0.0112976599576906,0.117219397850512,-0.0846219551054257,0.0412562701430891,-0.0427021889073733,0.0489893259470877,-0.0219140441858534,0.2549068674962755,0.0711344720711106,-0.043834503453043,0.0161970498607455,-0.0985150403459456,-0.140866070086874,-0.1525473207104941,-0.1311676042723776,-0.0481284373109891,0.0508899291577689,-0.0063074106595871,0.1431591307726005,0.1100381594029908,0.0017361295527968,0.0020834589449074,-0.0085836388848919,0.0497529464649619,0.0399917866848598,-0.0320482556831558,0.0728340360410435,0.3101526069603872,-0.0698177797056026,0.0092471294855993,-0.0978416345921656,0.0162650228293685,0.0698950143806644,0.0526859101046148,-0.1676078950705637,-0.0190656214256766,-0.0140448685457399,-0.0965103427866239,-0.0372685073353015,0.2707945592128928,-0.0981726429729802,0.4914956707198965,0.2887017422140003,0.0703311249969749,-0.2028642887022635,-0.2804911122333954,-0.0033439877556292,-0.1903261219928068,0.2510032470040866,0.0171918299444731,-0.0052123087707679,-0.0501767434813534,-0.1272289541038506,0.0228302995413742,-0.0410513269324626,-0.0535825616248443,0.249417670224137,-0.0428424836839544,-0.1835302112230404,-0.1379441252670172,0.1551110974492993,0.1882148266240659,-0.1452577555560533,0.5139443711245382,0.0593083285249851,-0.0491098475232946,0.0705575506918034,-0.2065760192916832,0.4355026825322019,-0.0514034214262565,-0.208230545271031,0.1605553769471903,-0.0330594289535389,0.0435735757733077,0.1925041746757989,0.1701413642167628,0.1353315551099168,0.1575200342294496,-0.2627781329132698,0.1850205576895209,-0.2590737284557262,stop,2092,10,106.1317297803705,-0.0787305511470729,0.0625157865451286,0.0986737148093013,-1.0,0.794047363244616,1.2533090823278172,4.318827065803696,2055,0.8259145298897588,5,0.0128973581581339,0.0292780608539113,-0.2432966373703174,0.0,-1.5669767802609595,-0.741062250371185,0.1623478765146865,0.2125024547370609,109.93431755092796,106.1317297803705,154.3728889820377,3.899882791441983,-0.0377879552898592,-0.0607165445649683,0.0335944110972026,-0.1384987815045975,0.6363632160097652,-0.0043719331121392,1.0,0.0045183254548684,2024-12-26,15.0,6,-0.0744602683664332,-0.0020775020802258,False,False,True,0.4,0.0,0.0,-0.0276748219571869,-0.3727898846250984
DELL,Falling Wedge,bullish,1,0.6294198413196247,8,74,2371,2372,2026-02-24,2026,2,117.56138247013642,118.07103240410834,160.45078371136492,108.85655602357345,1.033150373383353,-0.0043164688543384,True,0.2290890526047531,0.2433605968731742,-0.0454345770842081,-0.0629422075226524,0.0496557471638103,0.0120883291918503,0.0977365359367379,0.0046200136085488,0.0426777999534702,0.0057283652024264,0.0323895488799361,0.0024094896358048,0.0518224501690838,0.0820515532165266,-0.0033614951394562,-0.0135019485822527,0.0113447914390203,0.017837898361497,0.0950686941152958,0.0545263709382313,-0.0049359947225936,0.0151646195005155,0.2068417533916734,0.2174060144145322,0.2362416938104535,0.069094040016896,0.069620205884002,-0.0230785297236292,-0.0174460966354326,0.0744267632756421,-0.0880103921571425,0.0489893259470877,-0.2122987196822237,0.1175554292900662,0.0868976492301016,-0.1323595276100643,-0.0244094632939467,0.0553614577620769,0.0070667702378075,0.0274377512004875,0.1291525641865492,-0.0605093610512641,0.0142750265399154,0.0589660775261051,0.0803544621019696,0.203351742762282,0.4977141753479339,0.5487387515637234,-0.0698177797056026,0.055909431253031,0.2732382029155467,0.0237505100987529,0.1008478543420563,0.0663213389921937,0.0820279521608018,-0.0324770427845859,0.0274547479229496,0.1091954912577173,0.0728108543873176,0.0368087338855953,0.110465195055901,0.1805798946880674,-0.0699950598939563,0.0462830203109858,-0.0308087190929107,0.0508559045977232,-0.1517965339552054,0.1279825144392894,0.4472323498041505,0.8228424902467228,0.7895578766178322,0.6018894125337835,-0.0181467690818571,0.0815828567843743,0.1353185565809618,0.1041448629214558,-0.0725434332967335,0.0438722673957092,-0.0840074714928871,0.116114745456481,-0.167597330220433,0.0225460033697546,0.0770264556627993,-0.000720447591152,0.0728340360410435,-0.079946168476466,0.1657667870937536,0.3198318675809379,0.2295552111700658,0.0204506990816257,0.1657667870937536,0.7361555438163743,1.0630007531823915,0.9860724530943252,0.3559888647088782,-0.0623685537345501,0.1790266410551175,0.2372009873858114,-0.2182453659723208,0.2708302132822042,-0.1547580394337488,0.2560863376293758,-0.0291588640115028,-0.1415486627331051,0.4460271482851823,0.0602156131682363,1.1061149589253296,0.105177753502285,0.2109727843935378,-0.0550511221037716,0.2517078013147462,-0.0657362810155883,0.4309481619120938,0.0944042563262403,0.8991090215381692,target,2389,18,160.45078371136492,0.3648255944261585,0.4383677797527117,0.0077887383757827,4.927082866558808,5.9202929012377,0.1051893287908986,4.927082866558808,2295,0.7061010154491114,7,0.1607710645873019,0.2035089055452341,-0.0925316999082614,0.0579710144927536,-0.9788043780582704,-0.272703362609158,0.3013986650825663,0.250770141866013,118.07103240410834,108.85655602357345,160.45078371136492,6.196271765157043,-0.0605579380486474,-0.01343299800086,0.0519762487030165,-0.0772495679319207,0.2142854148588756,0.0114151289152715,1.0,-0.0077664651967476,2026-02-24,24.0,11,-0.071367782573895,-0.0278294084544266,False,False,False,0.8,0.0,0.0,0.0121784797900311,-0.0647363574568725
DAL,Falling Wedge,bullish,1,0.6739918937712241,3,34,581,582,2019-01-09,2019,0,43.56556828056128,43.98139561801656,61.99785811228338,41.26879689932,1.0145115517817207,-0.0094546189726854,True,0.0175663505122318,-0.0008525514230843,0.038657078270311,0.0302856732753731,0.0274201910658564,0.0280002302494688,0.3681482255461281,0.0293945558255825,-0.0239122686120699,0.0168785408230616,0.0244170865343613,0.0261096499621815,-0.0024040283504809,-0.0726761568023097,0.0310438079227985,-0.0232636881140926,-0.0266992319805461,-0.0228859155702295,-0.0070907849503136,0.0331950263411611,-0.0325220753273221,0.0011987302451383,-0.004598381805471,0.0179947923863397,-0.0104527966425935,0.0226556938111752,-0.0104629171430414,-0.0174898613235703,-0.0092086973880416,-0.0058598264355459,0.0998627355407131,-0.0061877143808564,0.0573174916146734,-0.0045635175943749,0.0310038084499384,-0.0128915220000219,-0.0451835477164811,-0.0046550816352038,-0.194376167059702,0.0550847370831517,0.029423033450449,0.0703816177549931,-0.0038363119884007,-0.1513103196007204,0.0890904151141851,0.0185550899586737,0.0799054750359014,0.0257418240122624,0.1676286303857781,-0.0850611638994066,0.0464854151463149,0.132876269000953,0.0642307423981454,-0.0224471509156432,-0.1552432498416385,0.0644361778601321,0.0212979802646797,-0.1009432577866099,-0.1270900923984136,0.047887333185417,0.1069991541602286,0.1197416968754392,-0.1736334115024131,-0.0162517652217717,0.2064134713287415,0.1650967107373389,-0.0831314887479609,0.0548582951222653,0.0581979602283225,0.0697637576468128,-0.00125781093253,0.1749150114307087,-0.518835693021228,0.0783182076889259,0.0327510839032896,-0.002752454210453,0.166727906062881,-0.1151813152127436,0.0997468288056742,-0.2162970451291973,0.1350842970405894,-0.104150838472052,0.0683459179941976,0.1165938024568589,-0.1713632768610961,0.0840285547612982,-0.0649992107233444,0.1645395691131133,0.2864316749687119,0.1957887987036699,-0.4524010391131392,0.0718992186374796,0.2453612683073029,0.1143187373145928,0.2760253631042573,0.0922260020666605,0.0338028005849933,0.3601223501759432,0.5410200817899171,-0.1321290617190297,0.3111250689659273,0.1938714232943055,0.1814034620322302,-0.0679858697010381,0.3695773462959453,-0.0486749229233021,0.1966184194095241,0.1181795197088022,0.3708159906954762,0.0845718698836583,0.0317451771608916,-0.1440151043329877,0.0495143333168408,0.6030301969156813,0.0743190459710681,time,641,60,54.2548713684082,0.2453612683073029,0.2555002137596165,0.0184233205811741,4.6540562004346775,4.846373522046781,0.3494568232995123,8.025304556764553,547,0.6579429149751918,5,0.044585172370173,0.0673865117398231,0.0573103510686576,0.0,-1.490480251474692,-0.8325373364995005,0.341078262404785,0.2044378266531279,43.98139561801656,41.26879689932,61.99785811228338,1.9378921887836376,-0.0962193958305974,-0.1053060240866554,0.0428394708431974,-0.029503120458615,0.8611113465858522,-0.007794372777589,0.0,-0.0173953674940791,2019-01-09,58.0,3,0.0260168061179904,-0.044567342410603,False,True,False,0.0,1.0,0.5,-0.1018532469816147,-2.3720849820524776
DAL,Falling Wedge,bullish,1,0.784618522601714,3,26,743,744,2019-08-30,2019,1,54.657547957027305,54.14168014185694,60.29974964930358,52.786677430414215,0.7904637089002814,0.0095281087291481,True,0.0116645044019436,-0.0145943017730316,-0.0131037350836119,-0.0413334038304047,-0.0106626997816723,0.0191922385635037,0.0371655922121081,0.0423628735718728,-0.0287603867565178,-0.0333633917888857,0.0078219909810619,-0.0184080652432544,0.0230296246753767,0.1983175767840455,0.0282804044552364,-0.0122090016493263,-0.0288461871623803,0.0590497784904466,0.0005478325291643,-0.0100039097696117,-0.046389499575535,0.0375817642601317,0.0011510346078562,0.0283775503443928,-0.0046268071765913,0.0078355861043373,0.0219666602150834,0.1136033752155285,-0.0062967269295906,0.0576541336044391,0.029895441547088,0.1280978837457889,-0.0105764969925126,0.0733766189025011,-0.1990719447165332,0.0454452520307291,-0.0147352019941692,-0.0730277202055819,0.0677084473803055,0.0980585635135735,-0.2276003918288407,-0.0239799342954014,-0.0592981262047555,-0.0416813990149693,-0.0263314511356119,0.0303254218973224,0.0027855482545309,-0.0232679484166384,0.0589282790666478,-0.1298136376798144,-0.0194844095426931,0.1001653427070603,-0.112847468554549,0.0998846993323385,-0.1362990711015757,-0.0877977800723827,0.0640682234701419,0.0901967969196531,0.0512380333389406,0.0185040418603776,0.12577751941879,0.1303131664093924,0.0763464175016783,-0.0205284551104473,-0.0051437296537191,0.0612832653410477,0.0168708371618413,0.0697297235718552,-0.0197840414646982,-0.0323840348032152,-0.0810147138557985,0.1180630099420683,-0.1728245634447669,0.0385158486700543,-0.0369858633490508,0.3440727328237574,-0.0968256272713541,0.0785572355044974,-0.0268441232208009,0.213437923065048,0.1872029351171711,0.4111325953322144,0.0879998223442615,-0.0083201427580551,0.0833566945663666,0.084802468386504,-0.1174000976548763,-0.0197582365472165,-0.1927057349744635,0.0955515301758476,-0.1294342198088943,-0.0794637441481308,-0.0116881992498727,-0.0951350662093339,0.5189446632367589,-0.0194660662025645,-0.1083037229505957,0.0428256031080325,0.1243471126715574,0.1562247819719697,0.0180995233984391,-0.1023863001072233,0.122323675510418,0.1287433147577277,-0.0899487380160094,0.1002856139200492,0.1649415315450864,0.1379109851299333,0.0220922662841331,0.3265428685454477,-0.0899487380160094,-0.1917677732755854,-0.0873051411463556,-0.0577216536158081,-0.0675098895873428,stop,765,22,52.786677430414215,-0.0342289509233747,0.0546659312972205,0.0795611875202286,-1.0,1.5970670973701842,2.324382879812327,3.0158162267330035,716,0.6832776948732524,6,0.0373563755216616,0.1278572576526,-0.1317343706071482,0.0,-1.0898135499212067,-0.406535855047956,0.3509542752572263,0.0867865557354602,54.14168014185694,52.786677430414215,60.29974964930358,1.201003066922014,0.0701094592142763,-0.0195654345590352,0.0218137280330425,0.2007324401346244,0.2125987090107875,0.0046650420641167,1.0,-0.0005808884578653,2019-08-30,58.0,3,0.0590984955901772,0.0240534998754757,False,False,False,0.0,0.0,0.0,-0.0285825776222444,-0.6708656499151523
DAL,Falling Wedge,bullish,1,0.8143064044236857,3,37,978,979,2020-08-06,2020,2,25.772251887785945,24.72410162849337,32.22292844740312,23.426562350259964,0.7006726149734132,0.0423938663188727,True,0.0749061893247118,0.0642547515479854,-0.0304078663358949,0.0002893107463661,0.0808106767793621,-0.0493411927778149,0.0380896663927685,-0.0435378123122871,-0.0021606158031868,0.0774703172845414,0.0447760896061495,0.0503932645081308,0.0413967625728239,-0.0511705425308257,0.0394805906855406,0.0275879830404506,0.0846924681463765,0.0081324011467878,-0.05676475626831,0.041971986665543,0.0235944113402275,0.0518518254934032,0.0560484409057042,0.0344569096421609,0.0194547713722545,0.0053773218018597,-0.0767830664798991,-0.0072193522459031,0.0876102477408919,0.0424941974851784,-0.0386077521230233,0.031905704884791,0.013122346764341,0.040324061802426,0.0663775760686864,0.0692033306798101,0.0822005152544718,0.0433896458837275,-0.0230656465170191,0.0855885799524951,0.0452310851136246,0.0291935698867564,0.0272506152114619,-0.0434785053616031,0.1610601882730864,0.0023981764383529,0.1692882366257979,0.1329527910697185,0.1641498399865275,0.1452736205937386,-0.0144754630366759,-0.0183296869640918,-0.0214813225166341,-0.0214813225166341,0.0581712781281695,-0.2356200538520747,0.1189645738259268,0.0644361778601321,-0.0852983468764372,-0.0762490080818713,-0.0304507105046302,0.0748645897278423,-0.1686291654624619,0.0126061545373989,0.0770228694658994,0.0491525944968243,-0.08143520028841,-0.113112032202096,0.1743842673097758,0.1891384708165537,0.1834488361299335,0.2104468025741328,0.0147608731946951,0.039869867428137,-0.0818853452496918,-0.0111135666190459,-0.0398324572150796,-0.0036495676316693,0.2556207008844977,0.148910845968675,0.0604804223340176,0.0858610665879908,-0.2559422119036413,-0.1395894053510279,0.0583920411955187,0.0163302316858631,-0.0325508617109761,-0.0171505563152661,-0.0474221430592534,-0.0223990081971307,0.2991719449368044,0.1622229871396762,0.1475653821197435,0.1638665915682174,0.06352508847941,0.1451875189360276,0.11968525294122,-0.5042808536307868,0.2482628255715249,-0.2058332909226153,0.1244180983713729,0.1069240563702393,0.0330106855535716,-0.1850136734822853,0.0603896764948592,0.0401764771940444,0.0129828361998782,0.0452193573355232,0.1107587188512044,0.0333375075566699,0.2349653149491588,0.1756781568619425,-0.2020458869875371,0.1424754365910043,0.1175742169580222,target,1005,27,32.22292844740312,0.250295418021826,0.2913856238176719,0.0086142862551603,2.7500129307055525,3.201473841005058,0.0946457541161393,2.7500129307055525,939,0.7776554850261699,7,0.088608007882638,0.1774891815625836,-0.4471237494053606,0.0,-1.128792046134953,-0.3511365611087828,0.2511619755890122,0.246189865206537,24.72410162849337,23.426562350259964,32.22292844740312,0.9893840103487962,-0.3327191132463402,-0.0322419370385079,0.0378508083701183,-0.5313314713429141,0.8119664111037006,0.0162449471878709,1.0,0.0634580851136494,2020-08-06,33.0,3,-0.495136951276854,-0.2997463830059629,True,True,False,1.0,1.0,0.5,-0.0285344212367171,-0.2848130413470318
DAL,Falling Wedge,bullish,1,0.7430577226861907,13,123,1260,1261,2021-09-20,2021,0,39.62363043849345,39.11255638344079,50.98425541598702,34.71598524347594,1.7023003297881325,0.0130667515066602,True,0.0665042430831941,0.0525076390920342,0.0419627897771712,0.0277579848714997,0.1133297906916295,0.0422908614050838,0.0645789524767277,0.0312341243640974,0.0792798394595528,-0.033669094532989,0.0814126061221047,0.0808106767793621,-0.0032833379318899,0.3328823820396505,-0.0262381146817847,-0.0361252401134432,0.0640693422100069,0.0682343533302547,0.055403133267428,0.0149139687202641,0.0313117788945402,0.1058647997702835,0.0097031632372166,0.0952495220232028,0.1133238493324806,-0.0181362193820616,-0.0272024668662251,-0.0552633777117479,-0.0454849519462577,-0.1149606030210965,-0.083455092928188,-0.0030941402943222,0.0159676688230354,0.0890528796758647,-0.0658824214359522,-0.0112647952785929,-0.0157317624359798,0.0120803784216105,0.0113838493783382,0.0310425556190907,0.1200122180032108,-0.0117496158970645,0.078451976753926,-0.0410825414270398,-0.1817961744816848,0.1111051538447596,-0.0009744760918465,-0.0253942911959731,0.088341067485306,-0.0358424907058441,0.1393519030903958,0.0428285666822401,-0.0651411409821924,-0.0233230752468986,0.1046105772576346,-0.0276740634903673,0.1217500197640208,-0.0817251795168462,-0.0267024404260721,-0.0759549806761081,0.0640648004705786,-0.3800373978494937,0.181646277225232,0.0778364357575278,0.0539191497256841,0.0686801268196872,0.1122551674322958,-0.0526693653846269,-0.0152851739634541,0.0323993338133938,-0.0383860850752042,0.0955880933063948,-0.0318608629157257,0.1602661540353718,-0.0290646076935732,0.186375276194765,0.1273224294262835,-0.0140610016931553,-0.0319670086092986,0.135583479466407,-0.0065331245158881,0.055784612805078,-0.0508788022332863,-0.0353920391519582,0.121840140027829,-0.043478447166955,-0.0275054408221836,-0.1291334836300819,0.1104119963305183,-0.0529259357984496,-0.3120393079981515,0.0209827278451968,-0.1101096851340994,-0.1715715060423959,-0.13947783753663,-0.0254523397570479,-0.1879263651315597,-0.5575877621946372,-0.0528785679288377,-0.0210445354824364,0.1846637574262948,-0.1426531767022275,-0.0140286558099052,0.2113883422940854,-0.2983021813201608,-0.077413068464241,-0.0064550977476188,0.1822776546059759,0.0153167400275553,-0.1291224626304458,-0.0277153539236431,0.228747012346449,-0.0666242200688438,0.2259904922260898,-0.0751948038455102,stop,1308,48,34.71598524347594,-0.1238565255305289,0.1205844981982447,0.1571256435817235,-1.0,0.9735821159339906,1.2686101350630423,2.314883111156336,1137,0.3782464863136998,6,0.0666038995519434,0.4938036374020731,0.0800787627248773,0.009090909090909,-1.3715279699927097,-0.9932814836790098,1.3428607901294904,0.1690434238301189,39.11255638344079,34.71598524347594,50.98425541598702,1.1638197187221198,-0.0634747502967385,0.0132333644894946,0.0295663233358027,-0.1498852250446753,0.9577455707934304,0.0109700790591023,1.0,-0.0178848892655019,2021-09-20,5.0,6,-0.1431295220630667,-0.0540251768753626,True,False,False,0.8,0.0,0.0,0.0317868355397513,0.8406102895012191
DXCM,Falling Wedge,bullish,1,0.7905989915972851,3,38,580,581,2019-01-08,2019,1,33.217498779296875,29.68313750098736,38.17166614532477,26.69425899379855,1.690879909522582,0.1190696663448045,True,0.1067209186096826,0.0958885220569827,-0.0235135506029301,0.0900163688601323,0.0731123731266214,0.239693486062958,-0.1123040927075517,-0.0127200174778414,-0.1123040927075517,-0.0033356089270966,-0.0455188991498575,-0.0087162645295496,-0.0275244009606004,0.0154471455624318,0.0524818358445322,0.0073413607720669,-0.0196537710606262,-0.0554776679728912,0.0288555226280149,0.034135848146038,-0.0306579188296669,-0.0544705547625232,0.1049765635439772,0.1028825067457011,0.0801693940238206,0.03406295736131,-0.0939256608454306,-0.0409157391375197,0.0371501034497998,0.0896955563768395,-0.1059181488844476,0.0285105992630347,-0.0001187207593488,-0.110480186075292,0.0678068923879859,-0.0094874429240874,0.0662050514447649,-0.1514345626743621,-0.0249764795555512,-0.0428175792255143,-0.0244226490812401,-0.0121702153631981,-0.0263842315012636,-0.0191764382755055,0.0417298349260708,0.1177358597003488,0.0924964927866704,0.0335586493793091,0.220097952343133,-0.0756706991716307,-0.3493793187469287,-0.011039174180128,0.1161814891445203,-0.0520754832141804,-0.031994762294724,-0.04117132011932,-0.2213430156642004,0.0006738956039673,0.3160461541180004,-0.02778515440309,0.20310101493652,0.0220159513020321,0.1102534275556519,-0.0567123204061429,0.0959003679311651,0.0061824050036585,-0.1579641077534844,-0.0679366868956034,0.0926274620322097,0.0767668591997399,0.0090155812139081,0.4340097367858935,0.0215849919195765,-0.0019924037706152,0.2005731130132475,0.3243650450234459,0.0165880684667698,0.0468640960376709,0.182858652042146,0.3041867416096293,-0.1425634549724008,-0.3629458838413942,0.0277391351048403,-0.3686917267853584,0.1819218487348972,-0.1673485284239694,-0.0317486677569244,0.1365028304287607,-0.1632237270638611,0.1827518299419308,-0.2425033201468377,0.0478204403823675,-0.1182358096816543,-0.2381494839617987,0.1141409024444757,0.0821545352980459,0.0648635437322024,0.1221607846664947,-0.0753079933973221,-0.1442738601253497,0.1930834929796057,0.2792446908633876,0.0306559031018176,-0.0948735223680372,0.2630859035117845,0.634294833433074,0.2823693862776613,-0.1112499872843424,-0.2794992458076865,-0.3991993072727067,0.2526496629440131,-0.0291363644103747,0.3710368056401294,0.2570287172066421,-0.2088972537533301,target,588,8,38.17166614532477,0.1491432994080703,0.1491684206561314,0.0,0.759464243065446,0.7595921649346764,0.0,0.759464243065446,541,0.6336628487551457,6,0.112152116247879,0.0670837051209429,-0.4896194719245027,0.0,-0.8909357573185674,-0.2572729085634215,0.4950670106568066,0.2432773904748125,29.68313750098736,26.69425899379855,38.17166614532477,1.5842855998447951,0.1851521165634311,0.0432846037047005,0.048183867043153,0.3102212380064859,0.1627914594399829,0.0116199292118985,0.0,-0.0201105902808966,2019-01-08,36.0,14,0.0194937637365517,0.0114631540486709,False,False,False,0.3076923076923077,1.0,0.0769230769230769,0.1383992477287797,0.7805221439879354
DXCM,Falling Wedge,bullish,1,0.7163360545802088,5,45,1606,1607,2023-02-03,2023,0,108.08999633789062,107.64529239430158,128.8482392254998,101.8828080829822,1.1316210195755612,0.004131197321292,True,0.0906652177239684,0.0949356964995595,0.0185387071183948,0.0288555226280149,0.0863786716390524,0.07009746616835,-0.0021343146979109,0.0858965643521012,0.0014925145391206,-0.1221382886511398,0.0234361556132984,0.0241109370359122,-0.0144427891727028,0.0130047489192997,0.1781880155087283,-0.0714772985955789,-0.0573520088257062,-0.0502515835500958,0.0419415958222175,0.0862745397231157,0.0389938807080321,-0.0175872757354959,0.072573929696618,0.0617078917968443,0.0678818511179147,-0.0320335718995162,0.0429585939797796,-0.0105580838149274,0.0032316820406215,-0.0911758246516903,0.0721818403764202,-0.0906213424420758,7.348902085246856e-05,-0.0353696838642398,-0.0047928584059031,-0.2149758502328976,0.0085967151078192,-0.0419072684832587,-0.1614757903259568,0.0100615042658935,-0.0491946320984219,0.1192802991737032,0.0059671388729991,-0.0562917515930598,0.0785167261719992,0.0840843252369373,0.0477380316119091,0.0607203607711198,-0.0024300094062361,0.1596269841186806,0.1749293942950629,-0.1075731478583638,0.1169180458349072,-0.1525384654494599,-0.0759278722866733,0.0316854508994584,0.0510998892785232,0.3803390244306142,0.0437436221209706,0.0350695346571485,-0.0117465929689341,0.1272690916027401,-0.0271555778278427,-0.0262123187418918,0.0545331735396712,-0.1225577128257849,0.1438908714128228,-0.0962261638926201,0.0129011705652695,0.0661485962450021,0.0594906511376152,-0.0614902457926304,-0.2569959981848413,0.2212509067281614,-0.4467368678042763,0.3180036894470679,-0.4602957464960275,0.1557106950390068,-0.0364637076131377,-0.3219622664398713,-0.1457773035341573,-0.0327809259041529,0.0906259874458565,-0.2687685756750407,-0.0198676009279544,0.1146701939568342,-0.13149455873447,0.0463456352961308,-0.0299765000320935,0.4345230056631308,-0.4383686849775097,0.1296410396720008,0.0927931052688493,0.0864045602926739,0.3209139081413386,-0.1610952839217495,-0.1726128258040373,-0.0445124023925036,-0.1970505098798277,0.4153402112193942,-0.1199862518683748,0.5230523042900617,-0.065849944342879,0.5142506353054836,-0.1848334836025247,0.485089814402893,0.4349309985044913,-0.4508821917730916,-0.0541998502225583,0.5215805985492701,-0.2593257636482696,-0.3539131963541648,-0.1427855066938687,-0.0196794893482648,0.0433715167408084,time,1666,60,118.12000274658205,0.0927931052688493,0.1697659980129268,0.0359885236510531,1.615869536542578,2.956250938418866,0.6266926714478727,3.3442264089854663,1561,0.573048861077193,5,0.0879350735472167,0.2120113874658467,-0.1352235100886333,0.0,-0.9985946708877738,-0.4255458098105851,0.4735993765995823,0.1624233008279277,107.64529239430158,101.8828080829822,128.8482392254998,3.0478570120675283,0.1425441941483256,-0.0313024255988885,0.028108982786031,0.2109671565390019,0.5888590728980738,-0.0078681707278144,1.0,0.086905061756624,2023-02-03,27.0,4,0.0601096311711975,0.1030377910779145,False,False,True,0.3333333333333333,0.0,0.0,-0.0489217939685209,-0.522199558901264
DXCM,Falling Wedge,bullish,1,0.7527052301674793,5,79,1785,1786,2023-10-20,2023,2,85.75,82.71881506422005,159.54912625508337,74.49940715294747,1.390600785670523,0.0366444433884436,True,0.0412828095105228,0.0625644363521961,-0.0516007570990316,0.0734552563978729,-0.0153780697436171,0.0098616918794525,0.0517188910124835,-0.0374073664894133,-0.0586479379506325,-0.3009999956403461,-0.1585157562081843,0.0850045637532306,-0.0522841136488561,-0.0487640972583368,-0.0415510060318068,0.0300090958886893,-0.0047986201791359,-0.004063485719314,-0.0215172541239803,-0.0067800087411016,0.0039469801192655,0.0056405878875829,0.0684163796052818,0.1365597560871447,0.1006212547786296,-0.0049938218899602,0.0171236774498979,0.0375700319602867,-0.0826190446072496,-0.0132307786207932,0.0840669796580162,-0.0426098800420798,0.0405175328184448,0.0685211155235021,-0.0069999694824218,-0.0442443130791934,-0.0271687395670603,-0.0819468432312421,-0.0527251236529072,0.0429585939797796,0.035430722698849,0.0900724525671943,-0.016136074946628,0.0029699597655874,0.0011159298453295,0.1341761357297771,0.2241399559265671,0.1498327100166396,0.2694877867789367,0.0879680540107361,0.2128771923656665,-0.0566176648205671,0.0834691408394117,0.0396740255187588,0.0396740255187588,0.0436985904383624,0.0244976080840917,0.0311236628291824,0.0827776511962168,0.0830629878569171,-0.0469021203108197,0.255485394919887,0.053828685482498,-0.0971074423018736,-0.2422674708775333,-0.0347994745298146,0.0952773052523225,-0.0934875317030337,0.1825539355991618,0.438483947220071,0.3091408409564173,0.1637881693336387,0.0432911160625988,0.1429998100000926,-0.0537046629701443,0.1201184877279473,-0.2135958811095497,0.0491428920200893,0.2857142171734539,0.064107850544363,-0.0194505958842168,0.0966386929830407,-0.3626034781434276,0.1643676927894657,0.1879910459506195,-0.2090854209346142,-0.0971377283280455,0.2606672464794364,-0.1350086088197325,0.0873994517063083,0.0851976306557151,0.405442050858219,0.4862973405042823,0.3461386632884118,0.1312413549571491,0.0282767235556098,0.2354421031240752,-0.1141304740099179,0.0441298974870216,0.5105076230276788,-0.1422218761409902,-0.3983200073242188,0.4862973405042823,0.0836472960351584,0.0974565885766687,0.2935309395035588,0.0959851970269656,-0.0971090854156457,0.1182001976653372,0.3326624608504676,-0.2821508429812396,-0.0283059016443112,0.4226057892089057,0.5360647567154506,0.368606836468182,time,1845,60,127.4499969482422,0.4862973405042823,0.5397084405748906,0.0562099089775419,3.706471073581417,4.113560894830664,0.4284218405510052,6.559576660390614,1704,0.7470466086187908,7,0.0982794591267448,0.0954408580815517,0.6380341502016216,0.0129870129870129,-2.0094976670846454,-1.2624510584658557,0.2877714795257287,0.29782738568855,82.71881506422005,74.49940715294747,159.54912625508337,4.469999585832868,-0.2380764900859509,-0.102946694160509,0.0519948763796971,-0.3051806442395482,0.2620316273908218,-0.0002324996774532,1.0,-0.0214441408460993,2023-10-20,27.0,4,-0.3038296436340946,-0.2296593466543913,True,True,False,1.0,0.0,0.0,0.0267912988292495,0.3362839867293199
DXCM,Falling Wedge,bullish,1,0.7111401682825351,8,60,2425,2426,2026-05-12,2026,0,60.45000076293945,60.65406823158264,75.7478096485138,56.3987002864547,1.1749284643159494,-0.0033644481663462,True,0.1075268172583339,0.1139454167191478,0.0083437647097883,0.0032676677475231,-0.0457807466623862,0.0361632251619981,0.0191902800499828,0.0269306447246286,-0.0011062200137206,-0.0039961542889193,-0.0787933036414113,0.0909562319565437,-0.0171626550822082,0.0319504832120132,-0.0606319262735958,0.0310243344837619,0.0776072028131102,-0.00245417388236,-0.0405289887157218,0.0089526819673397,0.001179935843641,0.0102057475974852,0.1027609156729592,0.1622828990815383,0.1460465464219715,-0.0467313999679644,-0.0035610428140192,0.0489335006273525,-0.1231033344550761,-0.0211068206019859,-0.0300942866813103,-0.0149383466199477,-0.0320335718995162,-0.1059181488844476,0.065767602784966,-0.0127974172966445,0.2009932700257302,0.0558789790944882,-0.0211068206019859,0.0077834605833853,0.0029372135798746,0.0580931892511131,0.0147001068432797,0.0500892205704108,0.0011500069032701,0.1575361310594897,0.2368899205855135,0.2545479947928679,0.3129287091452912,0.0932637496091945,0.0245576131337634,-0.1238884339871079,-0.1355135606332221,-0.1224829382214989,0.1500201487876027,0.2546456404558317,0.0717694732460387,-0.0780956998291293,0.0150526267726165,-0.0963691964288893,0.1672660247773971,0.1102534275556519,-0.0133133945745572,-0.0208244055307723,0.0169780247071493,-0.0095519804492464,0.2043363543572618,0.4539909337047272,0.1731387647556083,0.2400330543987181,0.2150828315488546,0.0491428920200893,0.0852664870307051,-0.0156384235931983,-0.0252563664375717,-0.0489939278565009,0.0873994517063083,0.1924265310162196,0.0176454155376828,0.149491378902921,0.3259066235497661,-0.0971377283280455,0.2354016549362365,-0.2338721128123835,0.0939362443588778,0.1446009405646862,0.0175973725667766,0.1377591628501715,-0.1672328078680071,0.3109413766455327,0.0724808217986383,0.1734398050692729,0.4019850939680771,0.3521764887424086,-0.0753079933973221,0.0170409249756775,0.4639238013140423,0.2663217289465087,0.6515465129793667,0.1522537053596198,0.2734648786906861,-0.37625719554804,0.3841162870839267,-0.0696926630178595,-0.2975284819152203,0.0111716629991227,-0.1533589695170624,0.2792824236757862,0.1973081484600021,-0.1402492017932981,-0.1230255745878368,-0.0481882111173515,0.1018216173381891,-0.0536399031154625,0.3289349190774034,target,2438,13,75.7478096485138,0.2530654870554292,0.2630272541026927,0.0461538607165383,3.77602426044883,3.924665129992481,0.6886679800033446,3.77602426044883,2365,0.5607025930596183,5,0.0872208028073191,0.102329914018574,-0.1076966601419134,0.0,-1.02613459264931,-0.4654319995896884,0.5159551793077147,0.1785621543117486,60.65406823158264,56.3987002864547,75.7478096485138,2.1728567395891463,-0.1088353513182699,-0.0447651195922783,0.0355390376395232,0.1116363525390624,0.8232043500252908,0.0136524108140139,1.0,0.0629553126164219,2026-05-12,52.0,6,-0.2341535121257473,-0.2096044935642707,True,False,False,0.8,0.0,0.0,0.0882689189140707,0.898479403298366
DVN,Falling Wedge,bullish,1,0.7410174126726641,5,49,1588,1589,2023-01-09,2023,0,54.57312261082283,53.12346286870684,66.91717546389197,48.90043032033424,0.8452175000753871,0.027288502364742,True,0.0109872894820026,-0.016178690624923,0.0164657169255617,0.0268548620641626,-0.0182208652660749,0.0004449500280516,-0.0256179324344847,-0.0043823531170051,0.0168097078328521,0.0207933766540426,0.0269323978861104,0.033163123662353,0.0560974328091989,0.0696251826970315,-0.0809348367443874,0.0254692901788604,-0.0182208652660749,-0.0029826001885512,-0.0135523742116537,0.1957671755434091,-0.0421181261052781,-0.0924054343665541,0.0014878980529241,0.0186305771033534,-0.0148103094036096,0.0536752813285117,-0.0304449496791676,0.0429688003044188,0.0724604345116775,-0.5956730053425776,0.0067159257632132,-0.1692207844071704,0.0265627141865214,-0.0849632759257502,-0.0706342429571347,0.0826527067136437,-0.1266474719355151,-0.2092363947301829,0.2082820865812571,0.0304427847156369,0.013117517174785,0.0764412184559135,-0.0246504623431236,-0.0298082767514693,0.1211440266586374,0.0489713454872472,-0.0093947642411598,-0.0815446430608057,-0.0003045666180605,-0.0893707671691275,0.2730698705962824,0.3379786435973029,-0.0551035015541847,-0.1743527616023563,0.0444327699028863,0.0099045726983224,-0.0541381023514938,-0.1094835047469322,0.2141858720901155,0.3406974853351914,0.0594668717858843,0.0247376900057714,0.0336018006707228,0.1030276840353208,-0.2676608969896334,-0.149289177528831,0.0213857542997428,-0.0722890297951744,-0.0339195995742472,-0.1321656264955937,-0.1623011762213559,-0.0604977911529559,0.361858004600349,0.0658843919684002,-0.1099831334669548,0.5102043005948458,0.10530980479176,0.0596706482712936,0.2527440864476795,-0.074058242406988,0.3613878758516311,0.055427593371323,-0.0136958530053887,0.7503505311318082,-0.2668925930079843,0.1345453727500052,-0.1801024316449619,-0.0884662335050812,0.1835611255047442,0.0140374271694287,0.1698921139863032,-0.2437244764080565,-0.1321577277210615,-0.1887248453913446,-0.0436584730210798,0.1090499901391552,-0.6271348944747517,0.0241713992733731,0.2565117277735083,-0.207890492843381,0.2399799663512543,0.1423379743180708,-0.1525254537772604,-0.0833296876930723,0.0020160669828797,-0.2657390604844152,0.4605199433490783,-0.0078724531802697,0.0768761091550258,0.2923123068538718,-0.0602183782627393,-0.22793831041149,0.0581589625132235,-0.1663169401248229,-0.1231232428428694,stop,1614,26,48.90043032033424,-0.1039466319518171,0.0662421070391966,0.1178343625711981,-1.0,0.6372703549442774,1.1336044310297466,2.176048377199381,1539,0.4465938231173901,7,0.0606674377286935,0.1018810948706745,-0.1235399974291957,0.0238095238095238,-1.274319101560014,-0.8277252784426221,0.8735921783172624,0.1390920137536938,53.12346286870684,48.90043032033424,66.91717546389197,1.939108323762812,-0.0061877130018341,-0.0481022467410385,0.0358750482326397,0.2193068780391596,0.167742983431949,0.0238444310106151,0.0,-0.0166537819741722,2023-01-09,15.0,19,0.2830980362362261,0.1080532331539252,False,False,True,0.0,1.0,0.0555555555555555,-0.0534122315925618,-0.6266035319424498
DVN,Falling Wedge,bullish,1,0.6336149421952849,3,18,2463,2464,2026-07-08,2026,1,42.27619925339039,40.845017777945145,47.335578404217244,39.35294680617159,1.0490830043350483,0.0350393157673696,False,0.0089306972070724,-0.0010512686942543,-0.101674983555987,-0.1525950123550227,-0.0243842948321153,-0.0516830934037628,-0.1727366436778011,0.1593561123864659,-0.0885556640171455,-0.0044329011551204,-0.0016669368004004,-0.0449158766734895,0.0242992118681959,0.1690646175559775,-0.0091845978099835,0.0044874196941135,0.0391185893324084,-0.0534281048074452,-0.1759623577647907,0.0019077948626406,-0.0465595545355812,-0.0138625774970654,0.0361011398663678,0.0547591836332128,0.0546789032283774,0.0309412431653788,-0.0399723582155213,0.0465527532531113,0.0285716835145162,-0.0169768275761247,-0.0278188049348804,-0.022285737950735,-0.0033480727098944,-0.0163569572700734,0.1124030696642672,0.1849657474454644,-0.0250846944674776,0.0216774473822998,-0.0033139410101733,-0.204404448363233,-0.0038156538982462,-0.0040229906744257,-0.0310337435091242,0.0615838992746331,-0.1390064604388881,0.0572964259991692,-0.0108107824268983,-0.0408368788669402,-0.0823406348617183,0.0335348822979546,-0.223580911824774,0.0728040383085517,-0.0702159886988874,0.1001996898113593,-0.0966526249889362,0.0208383299515433,0.0738713221187601,0.0815244124127365,0.0485823278569907,0.1409408620427281,-0.0193888466610265,0.3378024439402316,-0.0338983263807364,-0.0292394886184994,0.1620222379753424,0.006729067462226,0.0042826911173956,0.1233401331671608,-0.0433685632483185,0.1522914808392252,0.1284606142567645,0.6812585169828973,-0.0884667077451667,-0.049807321359402,-0.0488671872004059,-0.0767755619703883,-0.2943843686883837,-0.0851913173380438,0.15142669298587,-0.1548009534688461,-0.0549003097301725,0.0451292065274007,-0.0765842991124859,-0.0504176157502995,0.0694093183583235,0.1050228939966706,-0.0238228119266373,-0.0316845529908773,-0.0209130860353665,-0.0452381044051277,-0.1103330596606969,0.1602885122657822,,,,,,,,,,,,,,,,,,,,,,,,target,2491,28,47.335578404217244,0.1196744087731849,0.1231493647260508,0.0173912334814152,1.7307363090178476,1.7809912674631512,0.251512746571735,1.7307363090178476,2444,0.6100739481545647,5,0.0150134897277675,-0.056922741484319,-0.2825737901762029,0.0,-1.2128546902802833,-0.6027807421257221,0.4570182706174061,0.1094106364388409,40.845017777945145,39.35294680617159,47.335578404217244,1.2412473764203606,0.0665537559103719,-0.0444833134322133,0.028845214021164,0.1996133723647593,0.789474891869258,0.0198065752788041,1.0,0.0109580441079983,2026-07-08,64.0,14,0.2821983040993594,0.1363843687912451,False,False,False,0.0,1.0,0.0769230769230769,0.0301259647205382,0.9073001855679717
FANG,Falling Wedge,bullish,1,0.6211318035060687,8,81,753,754,2019-09-16,2019,0,80.28333667649437,76.79355691579366,88.20810261845995,67.25075416051419,2.6326098517253564,0.0454436530987536,True,-0.0616708947855529,-0.0604941443793292,0.0220935533623276,-0.0785105165841536,0.0143684362497353,0.0957023610712317,0.0002360771364298,-0.0119814660656843,0.052839159503381,0.0321922010023458,0.0333194592189585,-0.0276363848967984,0.0426019669277535,-0.2228532994456006,-0.0692044400220087,-0.0361031363935574,0.0402299432776835,0.0321922010023458,-0.0904961722140128,0.0184851614913494,0.0263177926727848,0.0017951923141199,-0.0554502992659845,-0.1416709137547658,-0.135670745800059,-0.1144274615093989,0.100844402563867,-0.0013689993084015,0.0198547952012007,0.0825318258924954,0.0600705784764934,-0.0433050702189855,0.045475442067689,-0.0809859784141548,0.0817119426508101,-0.0138464865811425,0.068412337761833,0.0039837914923621,-0.0372800888612747,0.0625692913557853,-0.0866833781576627,0.0261147888193975,-0.0621278738062491,0.0043960011042007,0.0496825927397495,-0.1499520364181965,-0.1984725693561684,-0.1897262886934976,-0.029312972431584,0.0231768562911984,-0.1711150591998635,-0.1582727381595164,0.1199346099648233,-0.007550131375402,-0.0133575169979289,-0.0138931627118569,-0.0826925259213001,0.0141867662717038,0.054214854314976,-0.1538837144272385,-0.0821850726827759,-0.0083522831977683,-0.0132657942162245,0.0513012794526854,0.0361970138393747,0.0216476654011801,-0.0369672846986576,0.1001446182915066,-0.1809703397465349,-0.2670167606938466,-0.2998029415000302,0.0427496040651234,0.7912321696144251,0.4136761227598631,0.1246510468394341,-0.1333264183692798,-0.0229962175681464,-0.1497766596780382,0.0373328382714761,0.3479438061886986,0.1002240703104209,0.0605032927908628,-0.0117334983804324,0.0148695127517755,-0.0814684956241608,0.0405739840230763,0.1224958616738574,0.0364687176172728,-0.2861918585488779,-0.0760251549143884,-0.2398698574432695,-0.3235834040128312,-0.2012960312388175,-0.2514323389719032,0.0587016089543199,0.0217147209596573,0.4846586500375514,0.1377194078573846,0.2158593003689315,-0.1360040360304227,0.4309606329338638,0.0725368292273906,0.0884009285991525,0.0240454953826361,0.1907766246677422,0.0815009493334069,-0.0591489704228336,0.1654549510556497,-0.0547870980028578,0.056040798567307,-0.0707135723687447,0.1654549510556497,-0.0505457755367267,0.0277424537881607,-0.2938144737601785,stop,764,11,67.25075416051419,-0.1623323476015403,0.0052506257924373,0.1885444103152071,-1.0,0.0323449138142541,1.1614715926982504,0.6080733371339451,672,0.3380044642253523,6,0.163222952390326,0.1545999588406861,0.0593209312044842,0.0144927536231884,-0.5998671794588347,-0.2618627152334836,1.483713269182734,0.1838433419168671,76.79355691579366,67.25075416051419,88.20810261845995,2.831949513382738,0.0340001528556541,0.0543019562280804,0.0351770633069044,0.0085705344818061,0.7801941625908977,0.0751578155274561,1.0,0.0391556734654139,2019-09-16,14.0,15,-0.0537674091994927,0.018583305949317,False,False,False,0.2142857142857142,0.0,0.0,-0.097723621445341,-1.9658832351114064
FANG,Falling Wedge,bullish,1,0.8008640604786395,3,21,964,965,2020-07-17,2020,2,30.46433947951084,29.98005596789397,40.981790741386135,28.51604669071972,1.195276042556897,0.016153522599674,True,0.0430215761046415,0.0447326117870865,0.0673639260362854,0.0862834465507229,0.039854244188572,0.0721780222969215,0.0160837766967998,0.0466041066954854,0.0716274969023733,0.061584634838006,0.0154486438461138,0.0329785858492666,-0.0258718873441019,-0.0276767736156997,-0.0488808026788265,0.0095474793794174,0.0508021047574898,-0.1530054192975029,0.0477932173313526,0.0527137976808993,-0.0039217976517562,-0.0389436096263265,0.0243934164628669,0.0207426474804017,0.0049072541026928,-0.0552182865470779,-0.0360341331265995,-0.0363494021687936,-0.0241007238915668,-0.0136408126848334,0.0438026509724438,-0.1627710224614039,0.0600705784764934,-0.0031959843925591,0.0283112085640611,0.1047249748293426,-0.0642783013464169,0.0869714860420374,0.066055174438554,0.0279044335022586,-0.0022291368387469,-0.0473149422704576,-0.0193075594404928,-0.0283766212354453,-0.0341375268099473,0.0261983447998593,0.1753445416852985,0.1274026904751031,0.1301969608145692,0.0114207198085094,0.1833319705867604,-0.1001222112909093,0.0329063216867595,-0.1416872445241238,0.036185102093637,0.10555172903561,0.0721449778611493,0.0761006386005804,-0.0178534546709691,0.0017011375041899,-0.1046326893772148,0.0022989774121757,0.148384128635673,-0.0208114971719548,0.0485075322599604,0.1725778969328537,-0.0593576761266408,-0.0018768917329923,0.1465962202684174,-0.1978419911536035,-0.2508239276633026,-0.0212274343592098,-0.0517731111336826,-0.1600235405644073,0.045739695897123,-0.4825294711681217,0.1041436604297767,0.0200028024030893,-0.1012321912278859,-0.1770310185319533,-0.0426650085768571,0.3082283512697019,0.1094739287227981,0.2952116382057712,0.0637174683036021,0.0762437549283556,0.0529204028383365,0.1120718325217717,-0.0943205124452882,-0.4825294711681217,0.1825702722164235,-0.1856915935816646,-0.1942265589455799,-0.2950595624207522,1.021407569189665,0.1936937983793687,0.0306592470365267,0.1557248812842153,0.0562952135393144,0.0235295161657689,0.0403557053696694,-0.1442853371095448,-0.0133439953241609,-0.0819977018365873,-0.0459404678669748,0.0686181990690844,-0.0096505810983755,-0.0578162434919221,-0.0237291225071396,-0.2821857754815778,0.1557528405416093,0.2945324251486809,0.2952382911950759,-0.0285207259274025,-0.2766434457593446,stop,998,34,28.51604669071972,-0.0639532260366737,0.202304618081317,0.0836906851167005,-1.0,3.1633215494915947,1.308623353397503,5.398290915197182,941,0.7607241355338936,5,0.0124172755436879,0.2408459093668176,-0.0734859731337839,0.0,-1.44026236674737,-0.679538231213482,0.2519399712650738,0.193791134773633,29.98005596789397,28.51604669071972,40.981790741386135,1.8400091905450773,-0.3514332463138355,-0.1030224837649974,0.0604452293492918,-0.5633569765306594,0.2012202355338354,0.0020244850997099,1.0,0.0364222566970833,2020-07-17,10.0,16,-0.363947773420078,-0.1537722367692687,True,True,False,0.8666666666666667,4.0,0.2666666666666666,-0.071891659308993,-0.7718424758420406
FANG,Falling Wedge,bullish,1,0.6717520494715487,3,16,1180,1181,2021-05-26,2021,0,63.525606732122746,60.85217726661551,72.76562232245215,58.82866313697917,0.9061272383093372,0.0439331768491038,True,0.0957448552048216,0.09907696231435,0.1047212506332098,0.0482213677841127,-0.0385264751055131,0.0712203305361043,0.0022810190907243,0.0574042337308919,-0.0629282548788248,0.0496172601162847,0.0286543647089256,-0.0398524624807187,-0.0450496588133565,0.0390626270266107,0.0312411393375635,0.0474483368104725,-0.0578395920417542,0.0561126586173799,-0.0096149284936172,-0.0069697374901862,0.0010484123968834,0.0274327820689406,0.0805606215271149,0.1016973474454212,0.0935101810837404,-0.0650443952409469,0.0789305960277528,0.0736458256821319,-0.0193075594404928,0.0839483708771138,0.0423375803720273,-0.1272398003155648,-0.0140352570421998,0.013329154456215,0.0489677294420953,0.1292697598146295,-0.0321405030598714,-0.0336473501694063,0.0799840194878516,0.0015517992587761,-0.1480039550488213,-0.0527846484266909,-0.0111835444720568,-0.0083734320838102,0.0015637222591535,0.0996089418265269,0.1936422931128056,0.1785990586403025,0.0870612444945306,0.1852599116271145,0.0052265422604664,-0.1152567610419926,-0.0210653558898266,-0.1582727381595164,0.0136470800298207,0.0001558346212804,0.0493242842895234,-0.0569080464475152,0.0234228072058788,0.0515848336176734,-0.0447957229519736,0.0971379891983943,-0.2703757638155982,0.1922794218978736,0.0187666572287978,0.0261421527503338,0.0288330886730303,0.0790834250033465,0.1840797488832235,-0.0091184746476979,-0.0595964875163683,-0.0530285554566374,0.2842002922543094,-0.1372285045544877,-0.0436725115201492,0.3820422288572014,0.3880379700794525,-0.4227889172429524,0.0363255935904633,0.0430824247509102,-0.0882247209809654,-0.1436122662599549,-0.1027265390352183,0.045013957724417,0.1793028983899853,0.0181480894678569,-0.0830575464296207,-0.1260025161421027,0.0848551342006285,0.283315881482159,-0.6801407567469053,-0.0023105564691174,-0.1315218582050098,-0.1901659185606242,-0.0400793301558553,-0.1208946035373654,-0.0457060720440378,-0.1676569917564428,0.1135511356816414,-0.0400793301558553,0.037775586487118,-0.2102015681931164,-0.0952995098806028,0.4482371882155584,0.2004775285539577,-0.1809026745958246,-0.1707317378296955,-0.0439010736531797,0.0884009285991525,-0.1777027423364238,0.1222777365727989,0.0186345797857796,-0.0367781775152162,0.042937209645169,-0.1186397622993878,target,1189,9,72.76562232245215,0.1454534016383828,0.1665405835418558,0.0107649250756924,1.967240057956659,2.252441699737886,0.1455943387453647,1.967240057956659,1164,0.6022855129268846,5,0.0456351082629555,0.04956245464931,-0.1082962090499861,0.0,-0.869669452722263,-0.2673839397953773,0.2452565833026057,0.1620540545556411,60.85217726661551,58.82866313697917,72.76562232245215,3.1736374779293928,0.4490110745128428,0.0107711335922429,0.0503859372525564,0.7786046752116405,0.9235288177809688,-4.606831800479938e-07,1.0,0.0040013037612161,2021-05-26,2.0,16,0.5425050713888602,0.374340890326253,False,False,False,0.0,0.0,0.0,-0.1097683595922858,-1.4419430243688725
FANG,Falling Wedge,bullish,1,0.7732346309824676,3,25,1468,1469,2022-07-19,2022,2,96.18117073532083,90.41319346258796,135.76726383848109,84.81083874831506,0.4827777439285967,0.063795747631894,True,0.0279854960679211,0.0320110438496898,0.052839159503381,-0.1284757021464764,-0.1510323498545605,0.0101265422201761,-0.0071227031096184,0.0074866678746514,0.0115018609611545,-0.107434953813421,0.0270327458879837,-0.0473664025672743,0.0483823730521444,0.013067446329976,-0.0851587937499095,-0.0157607095647198,-0.1268777647399521,-0.0241531895838231,-0.0080547704944743,0.1507511926485873,0.0356118249903718,0.0269424986025532,0.0438702474455836,0.1084652684987586,0.0687422030642697,0.0061071339175549,-0.0652357337678903,0.1133049452454997,0.0580020355451951,-0.0061819102478939,0.0336788371491874,0.1987816344531621,0.0583589788478706,0.1296245112535246,-0.0071156375010829,0.0556199098590188,-0.0193677699058375,0.097196127506695,0.1025318147454203,0.043122295251545,-0.0417833315802839,0.0583589788478706,0.0891875228866969,-0.0169770195503299,0.2291620895823107,0.0526464978718469,0.1171103825686525,0.0222494221389064,-0.0172592497713826,0.0128852303307174,-0.0297842164251009,0.0294002600249398,-0.0396574261267161,0.0198663265784833,-0.144590125837299,0.0464162166608574,0.0118168178011952,-0.0535338159271435,0.1087519462143735,-0.028168806376123,-0.0250760985416692,0.1010690062780725,-0.0377715307319047,-0.2614221793904641,0.0523899233515559,0.1116053808690993,0.1411028896640926,0.0428419384708136,0.1150662582128327,0.2467978815670171,0.241370546132732,-0.052907027881845,0.0294957421810071,0.2300983466510529,-0.1695876153658316,0.0713629689684334,-0.0413286475613805,-0.0075966688363876,0.1866664985073458,-0.0181322847903946,-0.0040111972569906,0.0962560741136262,-0.0033676842758629,0.0121481989664282,0.0509344949039729,0.0548821987880003,0.1025719851346889,0.3549157340464228,0.1941435367739599,0.1387314411530227,-5.76808537827711e-05,0.1855369608987428,0.2556928635953661,0.343458256797377,0.2093801461602744,0.2287829756580246,0.1511920695333837,-0.0301012134629012,-0.0416503438017035,-0.2039722834842352,0.0077970423210971,0.2050315443016213,0.2369280386631316,-0.0153433794571196,0.0041751284486146,0.2053581408901128,-0.0392798561557828,0.0504212191435617,0.0003916835998101,0.07587923621526,0.0866802181866679,0.0454364953397448,0.3709660601188602,0.0530172527803163,0.1756383548454292,time,1528,60,120.77400970458984,0.2556928635953661,0.2827334426871798,0.0211194830061958,2.1628954191816185,2.3916305658232395,0.1786488383260956,3.481524826926776,1441,0.7813079437527785,6,0.0609511932460443,0.1521253935142579,-0.2957548385405975,0.0,-1.446608168883306,-0.6653002251305268,0.2287088691162171,0.22460027270337,90.41319346258796,84.81083874831506,135.76726383848109,5.413784784567452,-0.04270476418439,-0.1170530642767861,0.0555725404540471,-0.0722880948205048,0.9000005868768447,0.0007999235597844,0.0,0.0721863442252068,2022-07-19,19.0,12,0.1571072437952789,0.0723227670379274,False,True,False,0.0909090909090909,4.0,0.3636363636363636,-0.0299413077838061,-0.330275303801094
FANG,Falling Wedge,bullish,1,0.6572439142974875,3,25,1577,1578,2022-12-21,2022,0,119.16099333284625,115.81657814991536,144.6596303509732,105.54977116558734,0.7479829585355576,0.0288768260671785,True,-0.0081511883163198,-0.0091691431514078,-0.0010739524945539,-0.0248696819750272,-0.0099999679496487,-0.0616737885056255,0.0095474793794174,-0.0139815874838854,0.0335694614061283,-0.025265703372005,0.0715999487294982,-0.013791880410589,-0.0034188602577076,-0.0911084640070731,0.0268798562182603,-0.0096992401114932,-0.0014596890509877,-0.0180577584216833,0.0050667685548733,0.0022927269693526,0.0078244379112895,-0.0062334681407356,-0.00195852016571,0.0053860721428511,-0.0077453018541977,-0.0078680345491506,0.2329753733185018,0.141749692785976,0.1599317748948749,-0.0267732129474551,0.0420379389814387,0.0132586199297648,0.0108210923076055,-0.0021242088436134,0.0169710131558327,0.1351304609138144,0.0330657286296014,-0.0315395534629951,0.0878690380538214,-0.0812801662072228,0.1653726683882199,0.0348849738752787,-0.0348421848407709,0.0256323090872656,0.0396296876585535,-0.0423590784136159,0.0869725979480178,0.0410780091595022,-0.0637290016857342,0.1781890152909717,0.1256673746560455,0.1356227331467088,-0.0690922506597155,0.3797847588850016,-0.182870526380942,0.0134662795805422,-0.0601462346190165,0.0567984303566737,0.1442643074872251,-0.0756923821194391,-0.051153346391325,0.0753885218091245,0.2775651341300369,-0.0994096484530158,0.0650000493771303,-0.0805573135991281,0.0079672922496472,0.0329063216867595,0.0464741222106402,-0.023216683921683,-0.0650908803575652,0.0643698389663556,0.0117235045776122,-0.0096801845536741,0.4525532805576349,0.1287313871649127,0.1276971744443917,-0.0588999155366657,0.0136393472583362,-0.0440670277099188,-0.0676624926264437,0.2599295523586973,-0.3447172153480869,-0.0398990594506882,-0.073936506098385,0.163815774442156,-0.0721171657506647,-0.0646281670144051,-0.0683567251694882,-0.0103030884611949,0.1826547779844818,-0.0507590384234312,-0.0295491694524602,-0.0749280861803266,0.0347023422177299,-0.0720177901957267,-0.0562725290802551,-0.446296343337248,-0.0074237888922932,-0.1274151253704297,0.0353724729689157,-0.1283881273786982,-0.0205328353430446,-0.1082207050950093,-0.0930402299257304,0.7426820374857219,-0.0071394830087486,0.1368395659663333,0.1347009777915202,-0.0280349776002561,-0.0677083556043324,-0.6496579168985188,-0.0459404678669748,-0.054429615135629,0.0118618752626734,stop,1634,57,105.54977116558734,-0.1142254842508687,0.1120087940331881,0.1158066189986614,-1.0,0.9805937332442196,1.013842224072521,1.873353965190769,1552,0.3440069339960431,5,0.0189033285051048,0.1775117413837057,0.0437598259185607,0.0,-1.281044031133409,-0.9370370971373624,1.325534519630337,0.1260495872233107,115.81657814991536,105.54977116558734,144.6596303509732,4.328229701115812,0.0380496658919855,-0.0705079146071671,0.0364285786634576,0.1920114317695913,0.5725201509574568,0.0215653557774182,0.0,-0.029748439886002,2022-12-21,19.0,12,0.3056358635117773,0.1333552623809006,False,False,False,0.0,0.0,0.0,-0.0466636931069157,-0.6206037975609722
FANG,Falling Wedge,bullish,1,0.6326338084699064,5,36,1954,1955,2024-06-25,2024,1,186.27211147860385,181.39585253412008,196.0316938766757,172.47398367634094,1.233782613734754,0.026881865689661,True,0.0340127718565868,0.0242277547075884,0.0626415666869935,-0.0528050359425463,-0.0228268296968425,-0.0239367705512831,0.0728870412148721,-0.0527523493554955,-0.0129352408307129,-0.1128479223353845,-0.0093534058914749,-0.0270288635292588,0.0940141661931401,0.0481487693899558,-0.017218308207177,0.0924973777215407,-0.0448105488805734,0.016111135879403,-0.026822948916251,-0.0024945096806052,-0.052421258538158,0.0217143757670694,0.0365247498317262,0.0213463265210533,-0.0110804049336132,0.0273289034619197,-0.0206828265909437,0.0118785364084383,0.0605667049050853,-0.0218528793702355,-0.0111675874984595,0.1630343034543928,0.1308134164274625,0.0413803776497287,0.1004022489354876,0.0640391891833873,-0.0318416356038049,0.0071523624909373,0.0333527762019298,0.0883689424261939,-0.047687292069019,0.0578804509827703,0.0135991335053011,-0.1068497645834392,-0.0470933089039057,-0.0042847760496079,0.0033811840059794,0.0079057109918454,0.038872836152084,-0.0229877290973148,0.0609953739283337,-0.0039048349565535,0.1025510689763391,-0.1032575112850786,0.0940940091801767,0.0709820845745201,0.0222837481281685,-0.0279646466922066,0.2463587873211874,-0.5832087007176654,-0.077676950137525,-0.1455160112952609,0.4042712349288415,-0.0475513000873929,0.0793253936675597,-0.0164831544714534,-0.0324392621072187,0.1100843971451281,-0.005060257651754,-0.0239000944026326,-0.0550391633958986,0.015085334462157,0.3003486328805798,-0.0187410193400584,0.2842002922543094,-0.0092252128512432,0.4893441043783764,-0.0015274163055851,0.0724929656114685,0.1166425999493023,0.0476876580336507,0.0119492600852981,-0.0091184746476979,-0.0464244128582153,-0.0593154209327965,0.4050083238091586,0.1144092712312137,0.0980049869545376,0.0428190084098314,-0.0229794306296376,1.0819956490287257,-0.1695329293788013,-0.0723680517801527,-0.1225622268309553,0.2938271920183242,0.0736335102908587,-0.0280349776002561,-0.1119000189965965,0.23005501167272,-0.148746038720833,0.108765884872179,-0.250644087119414,0.334431947616016,-0.0966742185006896,0.0531506803185792,0.1601839154012529,0.1004024119951534,0.188742832644742,-0.2384315738486719,-0.1303563437645426,0.1156819560900759,-0.1801729217038994,-0.0153433794571196,-0.0543645257832838,-0.0925784146513824,target,1959,5,196.0316938766757,0.0523942221978457,0.052785484829299,0.0158962913658634,0.7073120743577462,0.7125940457634262,0.2145969221210487,0.7073120743577462,1917,0.4083072702097249,5,0.0621920462475747,0.0319575016236812,-0.0804234585627124,0.0,-0.7883680465672739,-0.3800607763575467,1.1770097026004704,0.0904499994898889,181.39585253412008,172.47398367634094,196.0316938766757,3.4384171120904603,0.1687624664123965,0.0066580280607806,0.018485226374844,0.300532192390686,0.6739134761465717,-0.0007069371248824,1.0,0.0323883533674864,2024-06-25,24.0,21,0.1136701874625307,0.0733392520347664,False,False,False,0.1,3.0,0.15,0.0036160550105108,-0.3918891378570139
DLTR,Falling Wedge,bullish,1,0.7057729051800289,3,23,803,804,2019-11-25,2019,1,95.76000213623048,108.05263654247516,120.0865339010628,105.47850890506972,1.4945684173339613,-0.1137652425668714,True,-0.0742481250181753,-0.0619317319762493,-0.0379657173123149,0.0380907487541442,0.0114075945536085,0.0707610563917178,0.0076198670439298,0.0993077956256649,-0.003351170494608,-0.0062225172786513,0.0299056431032578,-0.1415478037520773,0.0470740004927823,-0.0241256583551832,-0.0226243939586241,-0.0175757359976719,0.0369111874849179,-0.0077858175379367,0.0042488434540064,0.007622788841612,-0.0350406842451775,-0.0068583926917565,-0.0767407067242573,-0.0439640663174113,-0.0443469394476115,-0.0585384662334735,0.0051925029967816,-0.0151377811647893,-0.0585384662334735,-0.0231149493626754,0.0,-0.0416094871667607,0.0127912605962847,0.0347402139633039,-0.0577622284756547,-0.135895798029388,0.0060925662675817,0.0769529035385208,0.0627906752748992,0.0161290835879117,0.0554741707103674,-0.1619718309859155,0.0157259210390647,0.0779133375669975,-0.0218150507598873,-0.0334349951738961,-0.0264202038727782,-0.0564106875002249,-0.0638641254163828,0.0189610270710733,0.1512031067196553,-0.1009032100521093,-0.1622820835495003,0.0701931815995007,0.2021291315945785,0.140793694390191,-0.0345859521659782,-0.1795634423638352,0.0043485289005524,0.1247216290451227,-0.0363337873800589,0.0725797077285184,-0.0461909062227499,0.0146818605856293,-0.0490883393999811,0.3170926856386078,0.0615294109265922,0.0786774664526337,-0.0556251830778812,-0.084064357478874,-0.1382307666234558,0.0179034408489333,-0.2000137637766375,-0.0417316583578473,0.1642518683099392,0.2358722641348505,0.0321176865521599,0.3487938313168774,0.0871575899515424,0.1900088964227486,-0.1417751819529966,-0.0702656515868703,-0.0155186974495858,0.2706861247733243,-0.0137751771732295,0.0783673870325294,-0.0782408374235827,-0.2768987266561999,-0.1090322515015961,-0.1309031694672684,-0.0489869117381426,-0.0989652105918214,-0.0492899030431134,-0.083096135170858,0.0025515672637195,-0.0038334148168764,-0.055574093026951,0.4209673581035211,-0.0768064874909162,0.0748290322257321,0.0222831273187784,-0.142354137914122,-0.0173602748033571,0.0373438351818695,-0.0352503626386507,0.3038336870580411,0.1421821671920935,0.0507982375988114,0.1202165624294899,-0.14928499041702,0.0703352338503,0.24596416134562,0.1200961672985314,-0.3439560522478627,-0.088638969218651,stop,804,1,105.47850890506972,0.1014881636595357,0.0336257429915494,0.0324770315473386,1.0,0.3313267456917869,0.3200080716436057,2.503114145357314,779,0.6679639709105868,6,0.1065727477276899,0.0442603099409624,-0.0476113234234994,0.0,-1.1457324777878055,-0.4777685068772199,0.3669052793613802,0.0809685067361705,108.05263654247516,105.47850890506972,120.0865339010628,2.2021424429757213,0.064073525446809,-0.0018136018463446,0.0195937579405178,0.1790809877200525,0.7333334746184771,0.0072450560243422,1.0,0.0332015728724757,2019-11-25,35.0,14,0.1907359535204758,0.0895088971719582,False,False,False,0.0769230769230769,0.0,0.0,-0.0154793231979194,-0.3726435314031325
DLTR,Falling Wedge,bullish,1,0.6007462330947516,3,28,1219,1220,2021-07-22,2021,2,99.58000183105467,98.75371355529232,103.02949446931888,97.27576498948892,0.7469494509520562,0.0083671615579268,True,-0.0048202786514097,-0.0119740108838963,0.0554191071332124,0.0052800518307549,0.0136134272762671,-0.0121786739683605,-0.0702343752909672,0.0369154248793834,0.0400038318559978,0.0147019948390936,-0.0233596993919477,-0.0255899655970105,-0.0050065083233123,0.0044658807081872,0.0046896948211772,-0.0136587142976535,0.034421387610307,0.0411713585573831,-0.0112050486700551,0.017387561961607,0.027213960034806,-0.0149972182042267,-0.0107729525396419,-0.0064269871247265,-0.0161179820521503,0.0289237883332185,-0.0647743703719371,-0.0308694451137718,0.0660457277006021,0.0984676808432469,-0.0376977915359629,-0.055581908312523,-0.0466756542793138,-0.1756955917999825,-0.0556473193855462,0.0413347369676453,0.0119356272326223,0.0448021601964776,-0.0362747117918567,-0.0449724603328317,0.0739190626954839,0.0536479534550826,0.0210636998755398,-0.0078503957668404,0.0072703226533048,-0.0009955426878594,0.0148623789950317,0.0095140899979093,-0.0150685070856521,-0.0575354896152512,-0.0364893649486784,-0.048988839291276,0.0674862797909745,-0.047984426114276,-0.0461133705484697,0.0627080957319368,0.0040904887310084,-0.0457682372064988,-0.0336332607833708,0.0624023625390759,0.019068063790796,0.0306867127167007,-0.0322462304587441,0.0798555882286462,-0.1256256013453965,-0.0251760975362147,-0.008231646574749,0.0285625546214045,0.0232624252629334,-0.1031332002773488,-0.1152332439662457,0.1041178555990256,0.0887012158546685,-0.109849259989694,0.0370502645826216,0.1738858583303975,0.2268612545555748,-0.1295813340193449,-0.1154563756637608,0.2500930790419347,0.3688489679407138,-0.0174193492133496,0.2342294239255675,-0.0577479555841159,-0.067100584324699,-0.0774038729480963,-0.071383081458425,-0.0281535822077968,0.0479327459386933,0.1208617000935525,0.124886709754675,-0.1583018842877559,-0.0031131269560952,-0.0254627477159948,-0.1462710584164878,0.1320794126721296,-0.1053894529003277,-0.0057566452447603,-0.1207871581807699,0.3108424887061749,-0.1468765823535238,-0.1683921664368872,-0.1191424566187641,-0.1697413999605498,0.0942861376983381,0.1585593742706934,-0.0595423635085816,-0.1492317221726797,0.0158770583213874,-0.1417226492955177,0.0942861376983381,0.4559618159916154,0.1960096142748126,-0.0243132842442848,-0.0081498819711129,stop,1231,12,97.27576498948892,-0.0231395541192604,0.0237999103595962,0.023297847481066,-1.0,1.0285379846531275,1.006840812964229,1.4970217366719285,1189,0.6209874551213035,7,0.1571707753157596,-0.1395126071924936,-0.3482163720366372,0.0,-0.9931794504335952,-0.3721919953122878,0.5528263998462697,0.041988359394701,98.75371355529232,97.27576498948892,103.02949446931888,1.277143750871938,-0.0552308381533044,-0.0223024106731873,0.012849821498288,-0.0779293204799377,0.6092694486128164,0.000201879838533,1.0,0.030430736967453,2021-07-22,27.0,6,0.1182166342708366,0.1071820531330345,False,False,False,0.0,0.0,0.0,-0.0532228831659381,-0.6140441469924862
DLTR,Falling Wedge,bullish,1,0.70878078322594,3,34,1580,1581,2022-12-27,2022,2,142.41000366210938,139.24145327116366,177.88736845317658,137.06294875848482,0.6842073758496345,0.0227557980508517,True,-0.0132715352927927,-0.0196441111224283,0.0342187881469726,0.0144094708308335,-0.047607385059776,0.0084700847818806,0.0050820875749928,-0.0118835410798235,-0.0088363869728311,-0.03882664074947,-0.0417498272443092,-0.0121641605186879,-0.0675347104331349,0.0172318299538096,-0.0457682372064988,0.0151703420141842,-0.0387548406198036,-0.0362875776361624,-0.0061500199467433,-0.0241256583551832,0.0791088897402922,-0.0498554292267275,-0.0004788891924834,0.0388315331584268,0.0016195282526658,0.1759014920151935,0.043611102634006,0.0374789179973171,-0.0194705738740809,-0.1502533830442316,0.0983227974845142,-0.1160307185542236,0.0129808650206657,0.0041274145249818,0.0602320559141249,-0.066020111133234,0.0207236782115358,0.006808172262152,0.0376471897095171,-0.0104595213841161,-0.0074371476472585,-0.1370442076519669,0.040431404978388,0.0341225063044334,0.0366614881604527,0.0337148620620182,0.0564566609043069,-0.004960144894148,0.0179964318353393,0.0739129817828863,-0.1477241831798297,0.1088011836559617,0.1941168020398123,-0.06981309552059,0.1039622324817586,0.1211170955979328,0.0845238031563693,-0.0970175326447252,-0.0236575216433576,0.0594824624114544,0.048662684332456,-0.0294449706464124,-0.0322263016353059,-0.0273933696020303,-0.1274653602097935,-0.1091330514805308,0.0820056275427592,-0.0034388891712031,0.0450933094491593,0.011164920279499,-0.0283023727684434,0.2004205642523593,-0.0645182004246182,0.1060350803275687,0.1415069990609443,0.018718045838804,0.0878163356567591,0.0363364627522062,-0.1367633486525352,-0.1239669113851487,0.1040343893256388,0.2259099270586326,-0.0096051388082945,0.3239185732806491,0.0423225976097934,0.2153930929226428,0.0285673466501008,-0.0468219800427736,0.2805635798399131,-0.0729126043826666,0.2597576084324555,-0.0696707006861225,-0.0352503626386507,-0.0770263422491236,0.0932908703804669,-0.0379939221473987,-0.0735490675236338,-0.3473705780896265,0.2750273503140916,-0.0108454447368334,0.2413761414519968,0.091971228178201,-0.1373107818881181,0.1167897882623836,0.0237017152525009,-0.0085292250887252,-0.0007383933815485,0.2930000305175784,-0.1770406917552948,-0.0112700946674813,-0.0486466459408116,0.1743364031617373,-0.3227744067114386,0.1498477439691612,-0.0494139636165111,stop,1635,55,137.06294875848482,-0.0375469051760668,0.1091215005021974,0.0488730182914742,-1.0,2.906271502018593,1.3016523748707498,6.634935573041998,1544,0.889498210450439,7,0.150122954086687,0.0915960814670475,-0.086555118511423,0.0,-1.4385089422480375,-0.5490107317976044,0.0911637863808891,0.1671481040960859,139.24145327116366,137.06294875848482,177.88736845317658,3.066431318010603,-0.0802835519371255,-0.0572106197404883,0.0215687652634465,-0.0742333047572604,0.547616740941678,0.0031005738147531,0.0,-0.0322259972693649,2022-12-27,54.0,6,0.0237442273159733,-0.0423619293044487,False,False,True,0.0,3.0,0.6,0.0428346849857691,0.4536574502758245
DLTR,Falling Wedge,bullish,1,0.7271723793946369,3,17,1622,1623,2023-02-28,2023,2,143.3000030517578,143.33332316080714,159.89888678656666,139.5564342420928,1.3067024287838271,-0.0002324658935867,True,-0.0089323011307582,-0.0161652014126036,0.0522622296641044,0.0244659313609967,-0.0003848957962174,0.0044247202228491,-0.0272398383369274,0.0664547363419483,0.0494910116865126,-0.0498892063193292,0.0984470078165322,0.0307988146535405,-0.0139422594060341,-0.0091785382466872,-0.0164291730707445,-0.031697957759606,0.0267082232768651,-0.09724978090989,-0.0181488888050409,0.024570807017417,-0.0098091923278875,0.0058625770988847,-0.0144081175388225,-0.0126308270763958,-0.003324000463649,0.1046621854041396,0.041682697821185,0.009467071262893,0.025187867421792,0.0907145992723401,0.1182716534394154,0.0197952107954235,0.0127970188574957,0.0209112005202081,0.0484493914587493,-0.0128928162271875,0.06493693534633,0.1087724362115682,-0.0395092174319401,-0.0757879438520972,0.0727370916118277,-0.0528996380033753,0.0682671525960514,0.1434772277073444,-0.0167264317749031,-0.0502465116982588,-0.0114445174788733,-0.0157432208758501,-0.0186267788851619,0.0641541140940991,-0.096875,-0.0678555443935429,0.0509950440321629,0.0932697741820476,0.107696465465682,0.2519641369663823,0.0583982500199611,-0.0747703205038541,-0.0107806131739339,-0.0176639096774433,-0.1473458690366562,0.0259283750537395,-0.1089471422733465,0.1530071222850344,-0.0504828230277277,-0.0009497278757915,0.0881186160698663,-0.0394296945473274,-0.0244347412175827,0.0692951323399113,0.0427576509575344,-0.0753712498162482,0.3487938313168774,-0.0893562002861493,-0.0737393237188637,0.3612274471214178,0.2004205642523593,-0.1611478986010968,-0.0126135218894722,0.0658810645017795,-0.0269859884123409,-0.1789733740646606,-0.0102029955412856,0.1010292326848933,0.0451334528000098,-0.1186226874215525,-0.2946458343113317,0.0586998538696155,0.0131664991302926,0.019195499998478,-0.0007069961954746,0.060736063569049,0.0840893426038904,0.0404665732368896,0.1318382107782187,0.1534274784352836,-0.1489062220631456,-0.1170932152211081,-0.0108454447368334,0.0500974958418587,-0.1034933236672895,0.1518960391338337,-0.0214313751352287,0.1462717478082942,-0.0990070205145052,0.259111107720269,-0.0374070765823504,-0.215365836290809,-0.082469821898325,0.125635684334382,-0.0271692215314555,0.1106828409726299,-0.0953177541544039,0.2328473574714904,0.0639242600688501,stop,1629,7,139.5564342420928,-0.0261239967197551,0.0664340828312645,0.0261688759256031,-1.0,2.5430290603668104,1.00171793031248,4.433973189421391,1603,0.6425403218893928,5,0.0528072179879262,0.0617929163144328,-0.1129767580764066,0.0,-1.30982833456121,-0.6672880126718145,0.4647741760714673,0.0792594069366051,143.33332316080714,139.5564342420928,159.89888678656666,3.157855442592076,-0.040643238568412,-0.0049369646153963,0.0217363399581889,0.0474405333513461,0.6418343746311008,-0.0008344484067923,1.0,-0.0108090097814734,2023-02-28,36.0,6,-0.004957580327165,-0.0122570657262356,False,False,False,0.6,1.0,0.2,-0.0001363349849832,-0.0940813000566184
DLTR,Falling Wedge,bullish,1,0.6224006304051142,3,23,1643,1644,2023-03-29,2023,1,142.41000366210938,139.11425008000515,155.3898717519396,133.55977491898955,0.5469135737391522,0.0236909847855903,True,0.0441681983314656,0.0354819018691976,0.0310229785469799,-0.0092003197696572,-0.0480769230769231,0.005275404734466,-0.0077114270741256,0.0333455411096867,0.0196936281736204,0.0144268335733013,-0.0530584741866329,0.003749592345339,-0.022649025323847,-0.0439898666064489,-0.0099306647170498,0.0064668200394724,0.0381000235699426,0.0194541707981366,0.0285236496779248,0.0046896948211772,0.0353605252572859,-0.0122921695733543,0.0425081987155009,0.0454322101981981,0.022219300226937,-0.0215044034800583,0.0445221599489136,-0.0167264317749031,-0.0934199326148345,0.0563021656543336,-0.0517088615895913,0.0107293480698229,0.0784575300417131,-0.0328011760771913,-0.0900744985919738,-0.0349321322203761,-0.1637560867910749,-0.079900229638598,0.04595946461288,0.0,0.0247980233785862,0.0513774501851511,0.0260684737828349,0.0565850646838963,0.1648431060437936,0.0466912585170318,0.0769608255967921,0.0563711785512062,-0.0093576640314444,0.1248988698740583,-0.1438081976271261,-0.0446592606871495,0.042408786100778,0.046520169946977,0.0291462794358143,0.0010604022031124,-0.0098662739951229,-0.1473458690366562,-0.029908465952708,0.0599618517025488,0.1141640722882639,-0.0018457999105513,-0.1003315932478156,0.0341111077202691,0.0537172569988473,0.0249550662786004,-0.0429999796549479,-0.0278999699995716,0.0783147861764833,-0.0403763770250494,-0.066509102950386,-0.0470854484870587,-0.0654785809923528,0.1252378514507555,-0.0281535822077968,-0.0079448954024309,-0.1699393698384875,-0.0350826141214402,-0.051313518576594,-0.1660454691157032,0.0047256183856247,0.1792200749381971,-0.0583835437506558,-0.0904499849806399,-0.092174596311957,0.0973282123208021,-0.154497528763094,0.1465728666825692,0.1909558481900912,0.0452239867109856,0.0399320247118044,-0.0335087445671804,0.007021978613052,-0.0646271129480435,-0.0352860798665261,-0.0027562688292803,0.0225384552964549,0.1659073562105422,0.5712342696167221,0.0847880345061982,-0.1878588730985712,0.2075145372867921,-0.060187530517578,0.2464796964090496,-0.0069133311155842,0.0018255233432207,-0.0463196013593473,-0.113457889014093,-0.0303173889812383,-0.0065392506629858,-0.1992878400338043,-0.3285360964539358,0.1828570895724826,0.0484741101981347,-0.0186859675122805,target,1661,18,155.3898717519396,0.0911443561270251,0.0913559031829269,0.0144652587993848,1.4666138544634555,1.4700178813965583,0.2327620695900309,1.4666138544634555,1619,0.5732321725664566,7,0.120424040266636,-0.0352170591840421,-0.0793044362773294,0.0,-0.9957088817581164,-0.4224767091916489,0.5927987331433344,0.1055771964551855,139.11425008000515,133.55977491898955,155.3898717519396,3.634287152971541,-0.0555125257154422,-0.0227208110412711,0.0256025870454697,0.0434431340324963,0.3357650819462157,0.0101652012154467,1.0,0.020625582598182,2023-03-29,36.0,6,0.0510765726361952,-0.007098871399195,False,False,False,0.2,1.0,0.2,-0.0640759878857221,-0.9577968458178986
DLTR,Falling Wedge,bullish,1,0.8113587065089676,5,91,1941,1942,2024-06-05,2024,3,113.37000274658205,116.87023658923476,165.49879185287398,112.41905399538422,1.2769099560104138,-0.0299497455023988,True,-0.0396930395252695,-0.0516184255509583,0.024430485459215,-0.022649025323847,-0.0147413714178676,0.1589151403431943,0.0097984813900633,-0.0625287430686726,-0.0048202786514097,-0.0128240557014081,-0.0092684146861662,0.0560983732109996,-0.0590709395365298,-0.0143115143664295,0.0034661894469925,0.0059072623722997,-0.0452617070651295,0.0193081576814992,0.0928388495427947,0.0186743832459024,0.0135122824554856,-0.030065668514619,-0.0460634338660879,-0.0510717189314166,-0.0735397274795378,0.1648431060437936,-0.0480730720083799,-0.0010090406915164,-0.0011553011164867,-0.0505968949362116,0.1226152608494584,0.0634575308694127,-0.0885177948835428,-0.0408690933009079,0.04177545691906,0.0408791342934409,0.0066385378639448,0.096289461235143,-0.044807328351348,0.0418349894986087,-0.1749443912378937,0.0255092134331054,-0.0165978690090545,-0.0674999638607627,-0.0208018393579907,-0.0535202240440102,-0.059010340295753,-0.0991037905939523,-0.0015512981702318,0.0250184479294413,0.0570589529930913,-0.1197556377803457,0.0170817253473767,0.0506085431620393,0.0250184479294413,0.2532095481802732,-0.0301467521102393,0.0267943382717374,-0.0034831793322892,-0.1653752665615696,0.016511059510327,0.0881062626724298,0.0472256617032309,0.1665943503284581,-0.1325734507111157,0.1242138634499092,-0.0706109853707729,-0.0182656362235027,-0.0767942900566374,-0.1220781832229639,-0.1214037410555282,0.1583123684331115,0.1160215156102555,-0.168236734017351,0.1450789753659496,0.1770170392839263,0.3648610973021564,-0.184240242950058,-0.1037240916285021,0.1278048631621571,0.1664126070135136,0.004656360707665,-0.0649137825801454,-0.0309514381613219,0.0629895089725129,0.1197452709901787,-0.2221447985869088,0.2597576084324555,0.1354295940421586,0.4239868412172503,0.1973115357134309,-0.2063368881390856,-0.2547411500674345,-0.311787038962024,-0.0739373734968447,-0.0545065591521164,-0.4288281625582111,0.4047735731957789,0.4367088929295859,0.1685100452085921,0.0328302316320106,0.1007452135643878,-0.1682614593393121,0.0820763509318411,0.1959017173347765,0.0507982375988114,-0.1187507795101969,0.0584602028504086,-0.0302394463514074,-0.1045484092639711,-0.0037477503983051,0.0321083337615477,0.0594532152993592,-0.2220487382158973,-0.2756160168684763,stop,1942,1,112.41905399538422,-0.0083880103039557,0.0220516886251497,0.0167592968143965,-1.0,2.628953449753172,1.9980062263982712,54.81766398097669,1847,0.8569035151438964,7,0.0753573591249895,0.162143043773872,-0.1475921139154966,0.0333333333333333,-1.3232024841332612,-0.4662989689893653,0.1413443412678104,0.2743317440836603,116.87023658923476,112.41905399538422,165.49879185287398,3.6428565979003977,-0.0836624840791674,-0.0636992539461697,0.0318487208023738,-0.1079395089340435,0.195303645175158,-0.0191188943758234,1.0,0.0338979496774829,2024-06-05,52.0,8,0.1771945983044549,0.1135602604407546,False,False,False,0.0,0.0,0.0,-0.0593045298554866,-0.3102084476558019
DLTR,Falling Wedge,bullish,1,0.8244761595816164,3,53,2408,2409,2026-04-17,2026,0,105.0999984741211,103.2380004882816,151.71533813476572,96.79456962036828,2.026428173746255,0.0180359749029703,True,-0.012844895278029,-0.0201250386827579,0.0378731543751102,-0.0382045118371131,-0.0258312350226743,0.001038175883588,-0.0038314202291185,-0.0136518644691406,-0.0258312350226743,-0.1166569730992618,0.0087809710473456,-0.0188021227672667,0.0953368086477224,-0.0040530105186695,-0.0050883402767156,-0.0081872765081205,0.0043570857883565,-0.0332314817917905,0.0013930267235651,0.0051612678211407,0.0278921297461161,0.0267727548597072,-0.0086066904455343,-0.0992388245157201,-0.1159859268077804,0.0050536503534881,0.0682671525960514,-0.0533698275160035,0.0731812901870214,0.041345752227075,0.0395300300817829,0.0389253944481895,-0.1556224452506659,-0.0735677947356779,0.0722742013482775,-0.0476070529771205,0.1224327182982725,-0.0422815077196889,-0.0676073950172886,-0.1146103887764158,-0.131174571018847,-0.0423811081948152,0.0271672588737126,0.0110842101489347,0.0082729073666136,-0.0882044482518649,-0.1476688569780323,-0.1905453666895079,-0.0117624774104697,-0.1438081976271261,-0.0112331689344243,0.0004326954926379,0.140793694390191,0.0521903046245053,0.0186689411493332,0.1574176363107848,-0.0863054898404909,0.0266683838914538,-0.110764439165099,0.1158454226004777,-0.2194039370815973,-0.1025545989907699,0.0578286305403723,-0.077598261674919,0.0249376989133731,-0.1461946005249925,-0.0787322596911107,0.0985750686699531,-0.1329189092601364,0.0740247278044683,0.009053927718793,0.1453483876972658,-0.0876614091842061,-0.1001874923706054,0.0028513021200136,-0.0341244967315766,-0.1794125736483532,0.3660605399241723,0.1994691375544117,-0.1115175390354604,-0.0363448890804584,0.1060350803275687,-0.0144017474175319,0.0248610917125191,0.1416053724337813,-0.0567392648058011,0.1031225590588726,0.0225614414341439,0.0378704038233597,0.1832891976975772,0.042231442731212,0.0362789005924231,0.2086584264849027,0.1409723098219439,0.1154287121328996,0.0211645987904187,0.0717329532259889,-0.0579791320980463,-0.0103252004889474,-0.1409866003139575,0.0158770583213874,-0.1520869379458218,-0.0492899030431134,0.0497287211444059,-0.0204081521158662,0.1310518120608759,-0.0234498382059328,-0.1351209844471367,-0.146379756790226,-0.1703848440144144,0.0009762212464825,0.0236692720395581,0.2775764245775953,0.133301629847391,0.2119536237887257,stop,2414,6,96.79456962036828,-0.0790240625531298,0.0489057988988844,0.0811607888024587,-1.0,0.6188722437042994,1.0270389319442068,5.612634877918619,2355,0.7575956738075998,5,0.0010015834474667,0.1577237047474633,0.1726710383847443,0.0,-1.255922433483208,-0.4983267596756111,0.2203452763136961,0.3034769957876157,103.2380004882816,96.79456962036828,151.71533813476572,4.017857142857141,-0.0503741817730297,-0.0773580297241429,0.0379293602499954,0.1037824211502045,0.861904392833703,0.0106074007340799,1.0,0.0792353365352871,2026-04-17,50.0,15,0.0696120814145404,0.0326457270466082,False,False,True,0.2857142857142857,3.0,0.2142857142857142,-0.0210537086957484,-0.4629604375195272
DG,Falling Wedge,bullish,1,0.8025962376510836,5,70,837,838,2020-01-15,2020,1,143.19259485315766,141.50444022433032,153.5117284639051,137.13069664429264,1.4327015091566953,0.0119300470441143,True,-0.0151717606025726,-0.021298552911937,0.0557160072376192,0.0045818540863347,0.0013248628920035,0.0161870573408151,-0.0023135804227624,-0.0058954226896138,0.0754219549593966,0.000623579302325,-0.0607717150391179,-0.0156713117638503,-0.0242911221303918,0.0095552137589216,0.053317643757178,0.0256827947078399,-0.028359003764244,-0.0429753653235333,-0.0088052787718304,-0.0091569145972428,-0.0301778989187349,-0.0417386939600913,-0.0137844936356236,-0.0034279594099521,0.0026990750521251,0.027268328377777,-0.0237726084313947,0.0359192514698536,-0.006840928146342,0.0427684220564896,0.0199720559565197,0.0152832103448166,-0.0669559145188315,0.0300054977618589,0.014666234913554,0.0326775738850675,0.0005410914265258,0.0115514715521831,-0.0415020886976044,-0.0869658758486467,0.002465724781878,0.1906483733903914,0.0007331364820057,0.0526886297807318,0.0456693190010841,-0.018269004686848,0.0147274220829904,-0.0075962500137189,-0.0004999280583982,0.0817983643991935,0.0183715218927811,0.019633357840558,-0.0453499007496087,0.0682682553298543,0.0219475672112541,0.1230211630581814,0.1023387565031686,-0.0299646384541301,0.0319531672293695,0.0884282589924445,-0.0432035376912776,0.0926482883717758,-0.0015450811342915,0.1658919022440561,0.1028420478047544,-0.0244318850991955,0.0766010033358495,0.1170783280085774,-0.0335639284687553,-0.0743985311603273,0.1087376671639852,0.0309392014500986,0.0189682583754964,0.0983117415342922,0.004728200248202,0.0942706579514416,0.0463162053214734,0.0776545579046834,-0.0443315862100475,0.0359892676759843,0.2383333407920487,0.1113559017741911,-0.209989538769773,0.093399982736348,-0.1005345336100571,0.1228091802898014,0.1167693163237497,-0.0051036823719534,0.1106027131295841,0.0384549449264599,0.2506797411421213,-0.1308797246910346,0.0915485288890194,0.2505385794324011,-0.1180301905034281,-0.2339453932851495,0.1071875283559904,0.1021351996962844,0.0520667978486653,0.1317960818586792,-0.0609946181496316,0.2059522210038171,0.1415792167829614,0.1608915787779883,-0.0632636063880666,0.101212013036575,-0.1444903317490607,0.1371652056133447,-0.1780860154354592,-0.0855058717920741,-0.0656021629013836,0.0920769723203913,-0.0237772706432127,0.0177797403380026,0.0777411741497577,stop,867,30,137.13069664429264,-0.0423338805689038,0.0603699419307712,0.0632894891762251,-1.0,1.4260431862019207,1.4950079776696414,1.7022941090723962,766,0.6164168406398808,7,0.0716114613610031,0.1611891982353901,0.6192196185784378,0.0,-0.8961802926962554,-0.2797634520563752,0.5295771962985246,0.0886472522232977,141.50444022433032,137.13069664429264,153.5117284639051,2.224706815877448,0.0917595079103519,0.002488053792353,0.0156297314106347,0.084539530592238,0.647885608671038,-0.0167111720642856,1.0,0.0322490253885994,2020-01-15,41.0,9,0.1126211522333309,0.1118704548395508,False,False,False,0.125,0.0,0.0,0.0198930725489866,0.224853854247282
DG,Falling Wedge,bullish,1,0.7271459987372041,3,37,1278,1279,2021-10-14,2021,0,197.02162046463948,191.93871645788795,219.43371797538737,185.63418381585484,0.8780153360396933,0.02648191100031,True,0.023897294617015,0.0040210458949416,0.0298519704187538,-0.0340941571522772,-0.0348904360316087,-0.0112002685456096,-0.0619255998583423,0.0388464655215987,0.0345228573938407,-0.0271105525457785,0.0167950549630917,-0.0035774348787913,0.065595603642514,0.0404211684349724,-0.017404798319431,0.0100314642242018,0.0356601328388446,0.0332963385320814,0.0221344189645322,-0.0625876339804557,0.0090198704948114,0.0287739111491667,0.0182893758537093,0.0331571240325747,0.0026456854677503,-0.0227676827121092,-0.0371396051573481,0.0758688035673387,0.020139386786542,-0.0194473521129244,0.0259214894126114,0.008265013325478,0.0487010494961905,-0.0204350106114244,0.0121319309282259,0.0216471812193528,-0.0611800312559166,0.0040570167185047,0.0212262691552078,0.0152830367689988,0.0327483418239091,0.0240950040455092,0.0451027742303227,0.0565703080926731,-7.45380607012347e-05,0.0206214547495527,0.0348405956082797,-0.0079248942100058,0.1121052014912584,0.0847297808053009,-0.0226438875725789,-0.0184226535075756,0.0042429259738305,-0.0190692872971698,-0.0572393268772799,-0.1124457935975143,0.2249183283105371,0.0062932856431068,-0.2822271550286069,0.0463225699018083,0.050886100054555,-0.0614515032763164,0.0107022848761104,0.0588048078657323,-0.0092924543307231,-0.1581398927293671,0.0032713809047368,0.0786465692008662,0.0378410315677442,0.0400783553113173,-0.018358863385383,0.0320129574101089,0.0076751717461793,-0.042114727314174,0.2354417877688048,0.1484408809442781,-0.0257161989674739,0.0602045061028355,0.0826213435393419,-0.2573735991982701,0.0130885923153705,0.0421508017102736,-0.0649648191878887,0.0947259630477945,0.0957064655004256,-0.0447751866397971,-0.2190431548590516,-0.0318579819925743,0.0547953012813511,0.1722656474525068,-0.0646270050508311,0.0256455180308568,0.1071017755586443,0.0567466425034628,0.0765218916269863,-0.0501106820150364,0.1100379520791348,0.2051066462606028,0.0976472242674713,-0.0914425799975201,0.0763768740737864,-0.1100503630717806,0.3536852392741074,0.0467504793738033,0.0194314623156632,0.1839561642988119,-0.2156209691253847,-0.19702949477215,-0.0914425799975201,-0.0282314703528059,0.3279055716900614,-0.2676816007147218,-0.0437690611724231,0.0626140384040816,0.0838690384363859,target,1332,54,219.43371797538737,0.1137545080478632,0.1177100062784448,0.0120658705412378,1.9681424540034549,2.036579161505786,0.2087596567753424,1.9681424540034549,1241,0.6184933586496537,5,0.0131033815306196,0.0593228128964686,-0.2410764589792378,0.0,-1.1923315356098,-0.5738381769601477,0.4420395618138025,0.0953222790469006,191.93871645788795,185.63418381585484,219.43371797538737,3.172444824924148,0.0098679972232407,-0.0418189550445931,0.0161799509491872,-0.0143027141128667,0.7142871297592888,0.0027222001949427,1.0,-0.007273374356034,2021-10-14,27.0,6,0.0475134432041215,0.0494322712697286,False,False,False,0.2,0.0,0.0,-0.0327338400112653,-0.5470822917916961
DG,Falling Wedge,bullish,1,0.7227127719417866,3,25,1362,1363,2022-02-14,2022,0,185.8074455050572,184.0650027384945,219.50649842980212,180.9786424247305,0.6242818097420683,0.0094664533759207,True,-0.0464979206675051,-0.0145864385392452,-0.0201840847570856,-0.0832189997532957,0.0208216324642527,-0.0111884569509665,0.1017974304790221,0.0589376099295049,-0.0310626888144366,0.0663858578745753,-0.0039342665105728,0.0088973987133706,0.0023083249147846,0.0110480757762765,-0.0499427904124482,-0.0030664279162045,-0.0104715617162582,0.0540577382743552,-0.0316147738107003,-0.0045815585716166,0.0048357376578778,0.002121350527044,-0.050595198037379,-0.0012418209174169,0.0297455396946372,-0.0161858057501353,0.0125092332808258,-0.0817527605248,0.0226288213423349,0.0113227351732845,0.0137496630995455,0.0263298523094306,-0.0229720731971245,0.000284447677403,-0.1058797206774677,0.0039282012779071,0.0164636483199351,0.0740791279072512,-0.0120359374350861,0.0005668088995063,-0.0227682197957944,-0.0384895761459646,0.021065571269051,0.0876143179409332,-0.033043772795814,0.0008874509738219,0.0643318809228485,0.1039056117500576,0.1403293037118018,0.1013568395774708,0.039596720858686,0.1508037648044202,-0.0461626852236287,0.0550188846910766,-0.004585818555457,-0.0862667372957272,0.0678238951061285,0.1087200026693449,0.0398551006468721,-0.0304930838849309,0.0717099534989245,-0.006786977825049,0.0284681329513669,-0.050163591655276,0.1013568395774708,-0.0009540529317081,0.0590991301979493,0.0591734979469282,0.0244369249795153,0.214227708770607,0.2234189438171337,0.1859741558086525,0.162239794177518,0.1355564551651045,0.0720955380134384,0.0126058662014625,0.1472895974816304,-0.3454913886076497,-0.0179218379389654,0.0099192897665818,-0.0015304540787856,0.0731534760952132,0.0310379918869327,-0.0559406104993308,-0.0196524703385536,-0.3814150451779944,0.1460966701351411,0.0216668355431237,0.0191845530458552,0.0543752070232956,-0.1318173650346256,0.2083563958372048,0.1372396089701939,0.2493798667351451,0.1686588431115698,0.1321971627910521,0.4287585695005473,-0.0294192549645417,0.0241882594869906,-0.0103342778859324,0.1273868777646416,0.190250972845468,-0.0422407968140425,-0.3803653318427764,0.3170303248187016,0.1781142018006796,0.3929181703467437,0.0698151970305045,0.1694884669044629,-0.0235479312827286,0.3290129624147184,0.1174723533308164,0.0480272118697899,0.1241961842902241,0.0206592006943494,stop,1364,2,180.9786424247305,-0.0259882108986597,0.0014406024924811,0.0346747394406513,-1.0,0.0554329229549003,1.3342488090413176,6.978758993515499,1337,0.7698277509724833,7,0.1176429550066034,0.063229830956174,-0.1244355053513486,0.0,-1.2651372141474604,-0.4953094631749812,0.1431128572441594,0.1120904119048094,184.0650027384945,180.9786424247305,219.50649842980212,4.125312829469356,-0.0816040485767916,-0.0840858554111224,0.0222784484117462,-0.1533291760290897,0.6376165411428758,0.0010968078285151,0.0,-0.0553022256845316,2022-02-14,54.0,6,0.0066336365044683,0.0328406883886354,False,False,True,0.4,0.0,0.0,-0.0536676809786631,-1.0920473633907988
DG,Falling Wedge,bullish,1,0.756034186028562,8,70,1635,1636,2023-03-17,2023,2,194.3609920325796,202.6650264561056,248.8928638916589,195.4313527712657,1.347794427624267,-0.0409741856734445,True,-0.0135640469564046,-0.0262303671697128,-0.0387768024545474,0.0342418932718138,-0.0653126751909412,-0.0075395431228818,-0.0695146871206867,0.0162880160584113,0.0264421355312449,-0.0501375972634455,0.0057999593697972,0.0212303827573603,0.0428158070115849,-0.0353011337626986,-0.0259367161096345,0.0177180131495646,-0.0336727749968618,-0.0131327079093971,0.0158742021583573,0.020675190526147,0.0054731008498196,0.0127369939062345,-0.0075625997893667,0.008723202173605,-0.0388459847850328,-0.0879310939240407,0.048799628774939,0.003879508805535,-0.0398464623133897,-0.0385707113669704,0.0211125261836298,0.0586103008345721,0.1426419762308342,0.0095897456822975,0.0523677461676921,-0.0167099009481498,0.0635126527810236,-0.0262040391456941,0.133969603052412,0.0699409763556797,0.0314140299776115,-0.0571722080095213,-0.0053492867780066,-0.0701360200985671,0.0449937023256914,-0.0082224315557739,0.0262397095819701,-0.0329722817525175,0.0100029638400418,-0.0148035947176549,0.0209373360137405,0.0519324215938887,0.026056321682923,-0.0353611526641886,-0.0192000460030133,-0.0246348141228649,-0.3255991621825472,0.0001284501473026,-0.0765543948672473,-4.481187886495874e-05,0.0955892739111385,0.01611224683344,0.0404072040221052,0.0198559929973394,0.0869137133728723,0.0433130235850316,-0.0149008271556919,-0.2475982594510956,0.0436121153341374,0.0479641386849516,-0.0088680525656963,0.0863325553003242,-0.0234023157205104,0.1783183470355704,-0.0382995235303286,-0.0257862827646588,0.1075615231869633,-0.276563037270592,-0.0371539957457623,0.0104109344107448,-0.0834820320231067,0.0060338854978039,-0.1103804060098779,-0.0291494700401037,0.0257820108753703,0.1060718027436482,0.0684374194002375,0.0137868380523771,0.0272592754756086,0.13814224429996,-0.0432234115884597,0.0429293206056912,-0.2305124433451415,-0.3478615733385031,-0.0244127875186181,0.0836834465058329,0.2565427119497219,-0.0692413535624593,-0.07124683926274,0.0174897162715388,-0.2469221695672925,-0.0568388523314448,0.0747274009014975,-0.3036844318274651,-0.077407763526291,0.3929181703467437,-0.0771106736488185,0.0908599859351975,0.4373178883420057,0.0575049993980727,0.0075974178361823,-0.0639366453128033,0.1449907329511628,0.1889346649995955,-0.2686007242891224,stop,1636,1,195.4313527712657,0.0055070759183342,0.0150498437444121,0.0022047867868714,1.0,2.732819370495343,0.4003552555960414,50.94718994085644,1563,0.7254201088279563,6,0.0329411026037342,-0.0022608046252311,-0.1704316347941178,0.0,-1.2069729554660902,-0.4815528466381325,0.2603534188801307,0.1594055063284513,202.6650264561056,195.4313527712657,248.8928638916589,3.9305327464935687,-0.130316667122044,-0.0802886615729731,0.0202044445987701,-0.1290215544765107,0.351352227102275,-0.0026402726198323,1.0,-0.0411521752300696,2023-03-17,36.0,6,-0.0157149824563801,-0.024833088633004,False,False,False,0.0,1.0,0.2,-0.0615000012217924,-1.208951042409663
DG,Falling Wedge,bullish,1,0.666526069477714,8,69,2002,2003,2024-09-03,2024,5,78.02004751112206,118.143213105673,140.45118957481486,107.08433766884748,0.8212052230475143,-0.3396146468325932,True,-0.0127246789349345,-0.0101619776552789,0.0179213752420706,0.0168572273820217,0.0007270594256427,-0.0023728349280751,0.0381401164604655,-0.0032413797218405,0.0057046398013496,-0.0104146558933515,-0.0180998428051698,-0.0174044770411433,0.0215845577063502,0.0579593448868727,0.0069089236481387,0.0177180131495646,0.0166409322779235,-0.0454012992002254,0.0250775833519507,0.0144759646319543,0.0049684419139781,0.0062471745613981,-0.0204245221774283,0.0523677461676921,0.0289764658465319,-0.0122849746075536,0.003879508805535,0.0383145869287311,-0.0198539509016721,0.071733066500198,0.0113227351732845,0.0867980802733814,0.0115072084772112,-0.0087233610062273,-0.0128945910350698,-0.0239974657490792,0.0252834560723886,-0.0093651070443644,-0.0254043401138167,0.025836364569771,-0.0241150896520701,0.0211125261836298,0.0361139665816314,0.044860870520357,0.0203524479471828,0.0393439492715197,0.0335252458061288,-0.0031233452597039,0.0062123233538413,0.0591734979469282,0.0316123079937016,0.0011144390700157,-0.0665190996198928,-0.0473066400941589,-0.0462285848698083,-0.0970942290740018,0.0687673035154605,-0.060313818993088,0.0499963389292077,0.0517300032155036,0.1644187518401521,0.0059287227513089,-0.015151562318149,0.0193033003141256,0.0341916115564573,0.0834365084409591,-0.0119147538887736,0.0599823848124703,0.0189583055620158,-0.0167325044213098,-0.0773548384053228,0.02678478389205,0.0233483619414058,0.0167977430029242,0.0058183077493791,-0.0636532345739939,0.0812918393329384,-0.0669587561677486,0.0261878300528504,-0.0994003087472268,0.0953173750784475,-0.0008214765324571,-0.0402018924686723,-0.2495170099366591,0.1678402765432289,0.1370589716356118,-0.1004016532655036,-0.0941894961686032,-0.1070791047472802,-0.1419851124784721,-0.1393546772889675,0.0094233572360276,-0.0803121550875762,-0.1753545077332976,-0.1730822966264641,0.0524381223152616,0.2082764954742659,0.0425637952961055,0.0915485288890194,0.05508936177421,-0.1730822966264641,0.082518548256514,-0.0748985323027235,-0.1455246283617962,0.0217079516981388,-0.0169580720711205,-0.0212776635921952,-0.0443604290318233,0.4760697971656609,0.3451246673094432,0.0479091165882292,0.4089350227955746,0.0863916739807804,0.0352207972287927,-0.1455426530955467,stop,2003,1,107.08433766884748,0.3725233588659655,0.0091765565789171,0.0289979523949325,1.0,0.024633506491653,0.0778419707242198,2.148036016874761,1928,0.455083013406755,7,0.1571390237964829,0.0807556152683353,-0.2797880657438786,0.0,-1.011502784171988,-0.556419770765234,1.1018621019710393,0.1514372031500016,118.143213105673,107.08433766884748,140.45118957481486,5.527856611802924,-0.3726069455831828,-0.30873758509708,0.0691098206831242,-0.4308537683687312,0.2500012385373362,0.0006025480415976,1.0,0.0670688056111061,2024-09-03,52.0,8,-0.0296206034499794,-0.0033336123620564,False,False,False,0.1428571428571428,0.0,0.0,-0.3478328521923426,-4.015823415875219
DLR,Falling Wedge,bullish,1,0.6290102346536836,3,42,593,594,2019-01-28,2019,1,81.31422147036945,79.96765639144922,94.48273171849829,77.11870910758577,1.245032409588196,0.0168388713597988,True,0.0340651869621764,0.0036014055607023,0.0118026295098074,-0.0012853899293208,-0.0325124740709225,0.0450696889435027,-0.0076908930869807,0.0553510444153866,0.0140485985143716,0.0461466650568236,-0.0046273094544196,-0.0394468007051026,0.0484301938556932,0.0597988267420084,0.0187808954518737,-0.0260060869391497,-0.023502311753882,0.0268335913395687,0.0083413243280106,0.0140485985143716,-0.0337743815812933,0.0347882276717084,0.0233354551210736,0.0714424942236438,0.0460559174216166,0.0002012661655135,0.0682908298728512,0.0330888036004377,0.0158803437277958,-0.0078496566870871,-0.0719726264095658,-0.0483270956534899,0.0504255346001989,-0.0510457733169804,-0.07454070170718,-0.0816328291502543,-0.0387102904792433,0.0304974571401437,0.1010521887513677,-0.0250466471953493,0.0953320223490417,-0.0295563020289568,-0.0468342620321237,-0.0920480420932727,0.0136185762457123,0.0794013544386658,0.0885696004290004,0.0302187109758227,0.0778768041218371,0.0754345984647029,0.016889162835014,0.1199573431343323,0.0038406687079706,0.0275301472738078,0.0429552383526057,-0.0387646704426536,-0.0645442665894381,0.01897669239395,-0.0090555451187592,-0.0287542207289135,-0.0424040707969126,0.1701199273970099,-0.0004011323270016,0.0367769018760706,-0.0369073090763459,-0.0837401694674505,-0.0702394474838045,-0.1566784808977076,0.0856261918475847,0.1355756213499321,0.0657125280285066,0.0499544951966393,0.185220416588415,-0.0694304163293073,0.0903594074295661,0.0174945389955154,0.0384577956889704,0.1735576454296232,-0.0829533082475256,0.0684730091649012,0.1335806915389403,0.0431938115598515,0.0667714516110973,-0.0164127783237039,-0.1642414968639914,-0.0262050422137062,-0.0715828843637891,0.111280603223353,-0.0136754229278674,0.170000325698223,0.009208142172653,0.0999230720985392,0.1391098620769106,0.026965447330536,0.0049705932844392,0.1255887377542828,0.1396796893520091,-0.002190992177639,-0.2483276994376817,0.0404803771146808,0.2953876295949571,0.0177681316278279,0.0236414450419031,0.0199883576138828,0.01633605411213,0.0514416745848822,0.0813792673551572,-0.1489917471853739,-0.0658902412662325,0.1682588548287606,0.031180973904112,0.0729175261261971,0.0095221981092239,0.0512320515389397,0.1048912179830877,target,638,45,94.48273171849829,0.1619459672614265,0.1652805870336935,0.0033118704874185,3.13871325107756,3.203342308802868,0.0641881484330689,3.13871325107756,550,0.7546918676704291,7,0.1203917651098364,-0.0207135719237592,0.3134958598355062,0.024390243902439,-1.007204300395946,-0.2525124327255172,0.2619467536078635,0.1647734576924511,79.96765639144922,77.11870910758577,94.48273171849829,1.9043589550570807,-0.0411402753738078,-0.0262037817202961,0.0234153139939315,-0.0810671720261982,0.8697063304099739,-0.002783936364349,0.0,0.0632480372011281,2019-01-28,4.0,5,0.0248229984870123,0.0415278214010619,False,False,False,0.25,0.0,0.0,-0.0584721720557915,-1.3347744623628757
DLR,Falling Wedge,bullish,1,0.6974610331970702,3,34,1279,1280,2021-10-15,2021,2,123.90942244675148,121.27772090305508,149.0798131136985,116.87725817037732,1.060949015927347,0.021699793862387,True,0.0682234082199999,0.0476138962187508,-0.0246319123103916,-0.0453503499751375,0.0192394961668653,0.0555187033626332,-0.0170260788454723,-0.0608684477769486,0.0465239751282899,-0.0079314582506433,-0.0296652943243702,-0.0097577845432186,-0.0088788186202567,-0.0048816865239676,-0.0208899911264703,-0.0266675768899966,0.0247786526804489,3.2313778985937354e-08,-0.0301207778833499,0.0197841768855329,-0.0284911609703595,0.0165678419047925,0.074860831199912,0.0744876561318474,0.0400708096904334,0.0659353378560305,-0.0957339008121156,0.0015608834797025,0.010160086399422,0.0429064590634178,0.0748849949486467,0.0667098468523594,0.0017017629768709,-0.0380618513810686,0.0510911910390754,0.0812475823852589,0.0575929209884931,0.0114146062230993,-0.1707748264114378,0.0258124438588718,-0.0365711068524102,0.0248429826215395,-0.0371696271840675,0.0924545972067054,0.1213172169082408,0.0569215761235157,0.0643427491851051,0.0118618566812804,0.1384319787453825,-0.0335506773482323,0.0593968018497632,0.0232492896408913,-0.0144674473178175,-0.0211409289439039,-0.054914442644258,0.0720982969992227,0.1179904069122761,0.0468189562842988,0.0130603439907182,0.0148626572684618,0.0013140497053558,-0.0840582988503317,-0.0196245500690285,0.0494277914148968,0.0927108892834596,-0.0774817042058688,0.0460256577158317,0.0166232215036929,0.0450041345883646,0.1671542916497699,0.116249798808613,-0.0297849941721495,0.0345568035095333,-0.0365964734433666,-0.0125543393327027,-0.0148215683128745,-0.1219290640724923,-0.0385962022461647,0.0309319609997895,-0.0037788813852678,-0.0468063623619542,0.0123891469960517,-0.0350196628864187,-0.0378463716091228,0.0863634370845305,0.0335232281222901,-0.1039289231847844,-0.0072715487827342,-0.0319610176269731,0.1069418259519019,0.1375516595395869,0.171086159010436,0.0901712423986309,0.0283870040178801,0.052695811041588,0.063353280836004,0.0024448702847024,0.0751834266125439,-0.0813001239801036,0.0751834266125439,0.1148333186862899,0.0868758276572734,-0.1086736106821621,0.2240835862211261,-0.1045046622478526,0.0859561440293255,0.1046560486526226,-0.0722801019612416,0.0564716458806913,0.1142623600648569,-0.0369422779484132,0.0489703339867859,0.0490463793212352,0.0162711847354113,0.0518418990084695,target,1330,51,149.0798131136985,0.2031354046361055,0.2065714899856591,0.0051746070137028,3.579323473928444,3.639868611159004,0.09117855346625,3.579323473928444,1243,0.7162439559829487,7,0.1052343433257091,0.0184257622326275,-0.126973551011393,0.0,-1.6069453455764369,-0.8907013895934937,0.3551084475988693,0.126422216256709,121.27772090305508,116.87725817037732,149.0798131136985,2.7503600396219787,0.0053793104502657,-0.044985762711066,0.0220957393338111,0.0133014901330839,0.2319716827704931,0.0041625314669011,1.0,0.0101270394512038,2021-10-15,61.0,10,0.1360908352709824,0.0966145037877725,False,False,False,0.0,0.0,0.0,-0.0303687317700594,-0.3226143283096176
DLR,Falling Wedge,bullish,1,0.7625407462229148,3,25,1354,1355,2022-02-02,2022,2,126.43547534248412,124.95943053300016,157.9886614039258,121.2893873382261,2.1196328988645865,0.0118121921906018,True,-0.0129661278710396,-0.0275795268357604,-0.0017603186560345,-0.0306502585583881,0.0042342644589274,0.0109629352716384,-0.0070939476284317,-0.0183864479955001,-0.0251612222282262,0.0721537042814621,-0.0491564613252738,0.0418910679019743,-0.1059954859793931,-0.0183106076453896,-0.0191995968947197,0.0014856900125168,0.009075378422285,0.007970853338364,-0.057064479664294,-0.0129747091727829,0.038848083546318,0.0054969728502731,-0.0052843985878059,-0.0957339008121156,-0.086087585287639,0.0575929209884931,0.0733047740445462,-0.0008693262989217,0.0314125537555072,-0.1065916782245383,0.0177604308270578,0.0058539158881285,0.0704888979518545,-0.0027790755522026,-0.0903379346203187,0.0195091887899678,0.0644702124784883,0.0428374321416422,-0.1349807483278465,-0.0403650369184306,0.0163497600011277,-0.0296926410048257,-0.0336661580457438,0.0842085020767227,-0.0034619214355517,-0.0977861042378734,-0.0779980011894836,-0.0442026610678903,-0.0243473046680062,-0.2025976562301162,-0.0124507058638516,0.0421054254934092,-0.0064638978492078,-0.0645462214266028,-0.1242586880376316,-0.0105910686840329,-0.0468215535080376,0.0818465257432188,0.0594893339594708,-0.0208079227752507,-0.056385424995085,-0.0931936948951603,0.0891339727515736,-0.0676345860876073,-0.1263842431719911,0.0458071737714174,-0.1390465112373446,-0.0671859005512046,-0.0407813537763815,-0.0387195747036791,-0.0433609579716961,-0.0515981166369059,0.0819223044782913,0.0373684686654018,0.1539703581353864,-0.0286102218617779,0.0174945389955154,0.109320822301532,-0.1224843587400315,0.1274702885815497,0.1611934280322553,-0.015614976504503,0.0024107056146622,-0.0039473103425131,-0.045906763439961,-0.0276415173933953,0.1751810728096423,0.0629109767464735,-0.0941357914442716,0.0550140264136129,-0.0099619016841493,-0.0679373763400198,-0.0094337559219876,0.0741011193048748,-0.0494264960385667,0.2314042346212841,-0.0094337559219876,-0.0711042135611709,-0.1489748768648524,0.1541492939190876,0.0241695956631924,0.0571697630433432,-0.0429578927188001,-0.0132327504473289,0.0103431383744638,-0.2130136819878351,0.1443431887795578,-0.1177261899222379,0.0267922327493133,-0.2009234836989637,-0.0619674752951459,0.0776475271587853,0.0846250739902738,-0.0164748229011532,-0.0027041763690506,stop,1360,6,121.2893873382261,-0.040701298352527,0.0010076848527639,0.0622773096913929,-1.0,0.0247580517956971,1.530106218037301,6.131489790950654,1327,0.7183838923699595,5,0.0030903797600821,0.0405776243546105,0.2645945816482244,0.0,-2.174468739880381,-1.456084847510427,0.3363328579555855,0.1010958271219569,124.95943053300016,121.2893873382261,157.9886614039258,3.070636292553054,-0.0382380395556843,-0.0848891743925485,0.0242243569582166,-0.0291686149183744,0.678899403645328,0.0014889658935375,1.0,-0.0422992264449509,2022-02-02,52.0,9,0.0224291056776224,0.0287288441466389,False,False,True,0.25,0.0,0.0,-0.0397374546783038,-0.9418655144087582
DLR,Falling Wedge,bullish,1,0.6696325642522887,5,59,1659,1660,2023-04-21,2023,4,86.80156621639559,85.3912369114621,112.33999882514286,79.2464232875501,1.1844280914954706,0.0165160894249112,True,0.0215329721725792,0.0119697518892865,0.0206451866171712,-0.0233227845790889,-0.001892742705731,0.0269229859129418,-0.0207642566232827,0.008867899457823,-0.0365336120208458,0.008691814240145,0.014965953666147,0.0014998728093884,0.0209844986922547,0.0187434729152826,-0.0439332670131102,-0.0891583264157297,0.0133871503920288,0.0139208786602236,0.0103608433627608,0.016541502527418,0.0231590395908765,-0.0259493388716901,0.02367613364183,-0.0065938478006993,-0.008147319155849,-0.01519229687542,0.065899154797943,0.0653778082226308,0.0704888979518545,0.0375029261026504,0.0066595460311627,-0.0306402556033801,-0.0125495897336426,-0.086801065310521,0.0157915877376828,0.0780941399359786,-0.0033874346559353,0.0744716931876354,0.059770265693424,-0.0592096926817973,0.0161610755408472,0.0372573461795917,0.0311369260101266,0.0091730318068261,0.0360509722159878,-0.0263965996283816,-0.0650112785952476,-0.0811037535015308,0.1508644764660505,0.0446641462790318,0.0529998064095056,0.0736464152849587,0.0941963650227519,-0.0139209094405118,0.1302236691393565,-0.0524338950839886,-0.0127012163072341,-0.1070053342532337,0.0684852571212131,0.1292612120672629,0.0649512155839671,-0.0156553391157,-0.0725869184089089,-0.0471382616865954,0.025926840104947,0.0577830766704261,-0.0554333466427321,0.0261120889721111,-0.0921232460043815,0.0934824018128557,0.0283984842314279,0.0826156717206272,-0.0394552230639865,-0.0723562192037096,0.0370148695440746,0.04710322823179,0.0508442302825251,-0.0029905135087656,0.1197349264023508,-0.0306365130524643,0.0815728613835695,0.0478408597110149,-0.0426638655451583,0.0647029828590641,-0.0980219985904445,0.0754453885349279,0.1171348735509145,-0.0234339982672356,0.1516169626657915,-0.0468063623619542,0.0239352651727875,0.0663225304895697,0.2630813972775012,0.1540960851021766,0.0457216124767907,0.0292208170224936,0.1798240038475012,-0.1256918921873063,0.0367437428421246,-0.0745083760733561,0.0269378945733331,-0.1699906858939931,0.0809544212401653,0.1316843413751138,0.0786426819971035,0.1338570098190572,0.0837170210114295,-0.0534383161398032,-0.00252194937099,0.09513204155701,0.1398019392872735,0.0133002962851711,-0.0304172555477375,0.1026613689039928,0.2269998614262325,stop,1682,23,79.2464232875501,-0.0870392466192438,0.0556355054566542,0.1105501669159804,-1.0,0.639200218494924,1.2701186098219106,3.380271273392024,1596,0.6842850564956134,5,0.0683485289798091,0.0763464434482266,0.5814137033185074,0.0,-1.3102705242770196,-0.6259854677814043,0.4366101350978809,0.214274345451402,85.3912369114621,79.2464232875501,112.33999882514286,2.9518554755771405,-0.0933422216776168,-0.0349206835055422,0.0341547329922305,0.0382478247065818,0.9811309347298498,0.0005306435019205,1.0,0.0484011207584205,2023-04-21,44.0,10,0.0689539827631351,-0.0474969189243196,False,False,False,0.0,0.0,0.0,-0.030548578023121,-0.3908324096149177
DLR,Falling Wedge,bullish,1,0.63346006630137,8,57,2158,2159,2025-04-17,2025,3,142.7909572270319,138.48122007435973,178.14941985020255,122.96012402256748,0.4823792276469399,0.0311214556772245,True,0.0733802767964588,0.0168141845891061,0.0238385356535095,0.0062370359743442,0.0173451830832154,-0.0804719002840542,0.0101747115016186,-0.0138693066328423,0.0562719582763289,-0.0391770715461778,0.0269229859129418,-0.0207642564170479,0.0150572244123208,0.0283567606388908,-0.0109061230843802,-0.009059049680949,0.0374494838751569,0.003446557381294,0.0206099883088126,-0.006783886481151,0.0371318183914199,0.0495521939779326,0.0658121346333996,0.1047331967508389,0.0172360769906767,-0.0216496010316545,0.0598257887936579,0.0673120023213142,-0.0263727359145417,0.0119429213209474,0.0168112979949781,-0.0067035543945893,0.0269247173802626,0.0407710421683282,0.0551423493982929,0.02551894627084,0.0541024119114268,0.0057492505627838,-0.0239366372251624,0.0421313760984456,-0.057906864974492,0.0071964439545781,-0.0006679989936896,-0.0008196321953681,-0.1603250383438256,0.0989808724957122,0.1416582783625566,0.0015091974039502,0.0186035817602683,-0.0121892635029825,-0.0200594322416733,-0.0458047700499502,0.0762275685298625,0.0261120889721111,-0.0383955450373353,-0.0933928367123874,0.0277250411315133,0.0585756809281821,0.000889790224311,-0.0603532369681369,0.1109631375066677,-0.0127512952436503,0.0926173602798079,-0.1390465112373446,0.1209695746452892,0.001228474342972,0.0539988249578191,-0.0867603475494964,0.1377003841257642,0.1902331359707383,0.0338127426366094,0.022977647644031,0.109320822301532,-0.1454109659794678,0.0005803523102205,0.0995318088278278,0.0795036828778967,-0.2376037380738868,0.0926738694706288,-0.0086371942657401,0.1809007806857472,0.0808542595908363,-0.0262050422137062,-0.0709656638118082,0.0299215612159315,0.1065741667459638,0.075724019003375,0.0399433942425804,0.045868775165176,0.0192748455233853,-0.0813628031263474,0.1695599070640295,0.1694110501458008,-0.0318811021720633,0.0396889796695947,-0.0164385227010381,0.1937827313477893,-0.0745657040142763,-0.0386404107059309,-0.1377413801406968,0.1514893424591894,0.0568711411677069,0.1220762732106874,-0.0743677429222597,-0.1296106341305133,-0.1062368126738643,-0.0533852728966062,0.1244204980605703,-0.109344653543785,0.2480998630094744,0.1314139008202692,-0.0309413092196672,0.1675002283075053,0.177622514119399,0.1373263986846234,time,2218,60,166.9813232421875,0.1694110501458008,0.2090946966729056,0.0343739189129798,1.2198360888694144,1.5055762701033932,0.2475077438563596,1.7830043880965405,2098,0.3917369254561639,6,0.0528488741049738,0.0356262265751983,0.0749836618279358,0.0,-1.3303850734101372,-0.9386481479539768,1.3288095721180055,0.1568408300127799,138.48122007435973,122.96012402256748,178.14941985020255,6.452400432313105,-0.0643450213393033,-0.0090240815235741,0.0446481841458796,-0.0508131297384629,0.5559705529017251,0.0122823501322695,0.0,-0.0663079535358434,2025-04-17,2.0,6,-0.0929728260669543,-0.0222895538422522,True,False,False,0.4,0.0,0.0,0.0032677529937297,0.0453974420010421
DLR,Falling Wedge,bullish,1,0.6806178233349722,3,42,2257,2258,2025-09-10,2025,0,167.71497468594018,160.88693861251772,180.31403198917565,153.23712922063226,1.9413811710195128,0.0424399651849127,True,-0.0079314582506433,-0.0155745485453826,-0.0365336120208458,0.014761734448458,0.0396688648471059,0.0463045061306879,0.047639643800307,-0.0204131792588975,-0.0588235524951025,-0.0103014547643245,0.0132078703961902,-0.0071908339764039,-0.0059330803147183,-0.0183837361214203,-0.0622423478663055,-0.0713090463868141,0.0340131678056203,0.0141922978359156,0.1007662352841689,0.0510201943350103,0.0010656254279992,-0.0144682352569022,-0.0107835113431297,-0.0030044103038092,-0.0163841421608209,0.0683431566455197,-0.0024999684756774,-0.0856762638233201,0.0271677449892777,-0.0111279521399032,0.0067813624349497,-0.0323894639377956,-0.0184081777830199,0.0069005014843543,0.0096190024185476,0.0303263246904674,0.0584008341932393,0.0538655678110706,-0.0699362525031651,-0.014496838645534,0.0393900113757823,-0.0354082165001332,0.0303346217611921,-0.0217963805678552,0.0075666347081966,-0.0053522227106189,0.0097478688111014,-0.0220417167051683,0.1299416228634677,0.0072981646937864,-0.0291573254440539,0.0016186990098148,0.0429552383526057,0.0923631582652584,0.12981918398922,-0.0612702265150385,0.0512514588789541,-0.0097882125075388,0.0228670726340673,0.0350973457006265,0.0750314191529806,0.0928523043579694,0.0652176209748298,0.034907819745954,0.0093949042742575,0.0437338144470569,-0.0037804180580314,0.0631615036964448,-0.0299278886145301,-0.0347690624876113,-0.0734106952399069,0.1599142293353721,0.0612108854411628,0.036834139233332,0.025837347626457,0.1299004326103934,0.0768163197318636,0.1726136320100426,-0.0203311907188581,-0.0020570274141933,-0.1230777452069141,0.0847075752202108,-0.096412201876382,0.02585424189443,0.1735576454296232,-0.0635793631748549,0.1061185836955629,-0.1279522915944893,0.1477448422919978,0.0647304756583859,0.1516057064497793,-0.0839708743197574,-0.0666498057651289,-0.1157302545734318,0.1300846673169182,-0.2023042713941725,0.0414409980376506,0.0842972190023494,0.0901712423986309,-0.0866777949810698,-0.1526099812497379,0.012828115553962,0.077085124696214,0.052695811041588,0.2324827386976053,-0.0063929835884897,0.0490463793212352,0.2103364903070244,-0.0406456927905849,0.0355849504610921,-0.1076501767693171,0.2063588000646368,0.0396688457336944,0.0117976814466842,-0.1005297139304246,stop,2304,47,153.23712922063226,-0.0863241072684108,0.0577428040226024,0.0957482017492351,-1.0,0.6689070509939994,1.109171062163684,0.8702301273642933,2215,0.5048484020801249,5,0.0447841878735744,-0.0023969495615654,-0.061382138787097,0.0,-0.9551358396765016,-0.4502874375963716,0.7449839938535769,0.1101794287276788,160.88693861251772,153.23712922063226,180.31403198917565,3.895073258428295,0.0431922817189163,0.0199484010473371,0.0232043304502873,0.2011170610300086,0.8767778595357627,0.0159165169131834,1.0,0.0148127052079045,2025-09-10,2.0,6,0.0265188213267373,-0.0306482124369824,False,False,False,0.2,0.0,0.0,0.0560602017896605,0.6179270379284735
DLR,Falling Wedge,bullish,1,0.671767086497567,3,35,2449,2450,2026-06-16,2026,1,188.37828104484444,182.72273281165465,203.8745596387812,174.98831490496798,1.3587764705882353,0.0309515304755176,True,0.0176623005062834,0.0391732751346509,-0.113808282369623,0.064190647925777,-0.0296025981688538,0.0366778715424609,0.0094539746540462,0.0028717610736728,-0.0025207078679901,0.017029058296021,-0.0456205190432782,-0.0293402479305709,-0.0230408193738025,0.0033111377826855,0.0001148422211469,0.0002534486125236,0.0170980234728259,-0.0167979008758304,-0.0146232192167372,0.0319695816374632,0.0265618854531606,0.0621856520158672,0.0178441210142352,-0.0703853122151737,-0.0655819665649403,0.0718962692824232,-0.0538584496078506,0.0271794988207632,-0.0257154995967965,0.0663431490328883,-0.0303757989240337,-0.0419119404784593,-0.0437746319077755,0.1064396395811393,-0.0156595701642825,-0.097860413820644,-0.0344228819159043,-0.0324628747331361,-0.0009450988126573,-0.0366992074092353,0.0327826760775233,0.0788729469460762,-0.0820882826713609,-0.0251866580547172,-0.044570533137572,-0.0612844291404931,-0.0847260155903051,-0.0865416042702416,-0.1331789819441715,0.0491340093843271,-0.0631411705857771,0.1406471833483877,0.0564419162598286,0.0226565702825944,0.030369960418717,0.1316892823279296,-0.0672852688506305,0.0019171006967548,-0.0784045031611558,0.0536701387594407,-0.0702534568740437,0.1160429545597689,-0.0095652223383938,-0.0471519060985281,0.0914930994131384,0.0299550949826341,0.0397172255628652,0.0060156990510635,-0.0997645018500426,0.0417040631645457,0.0036441401227478,0.1046404770881275,0.023509772933385,0.0188612561997121,0.0152698167987637,0.0647592520796622,-0.136887459093968,0.1350213105490325,-0.0086371942657401,-0.0661329503518797,0.1111017158211178,0.1843533862257862,0.0288644286643524,-0.0223034367275454,0.0242706928779217,-0.0323522974570088,0.0814358697991692,0.010485800830293,0.0613158915402289,0.0754453885349279,0.1630412267769101,-9.908427661665942e-05,-0.0057467650028905,-0.0256711631010319,0.0739894062372528,0.1596404621062603,0.1258026227955835,0.0178932193621896,0.0084043112565941,-0.0846277579051917,0.0002144878145546,0.1809056615817375,-0.0044752922266787,-0.194696175898498,0.0132659574337079,-0.0415389752795636,0.0652523931545228,0.0935859027363978,-0.0103017907557485,0.1614005641550042,0.0176133750372422,0.1428785075932384,-0.1070509257913686,-0.1514345638413241,-0.0290828344811861,stop,2459,10,174.98831490496798,-0.0710802013141255,0.0388042554566309,0.0756049334107462,-1.0,0.5459221377995654,1.0636567147105345,1.1573052860669684,2413,0.4324081119963501,6,0.1380123646728414,0.1208558319851043,-0.0507823464780373,0.0,-1.3959588989247549,-0.9635507869284098,1.180479775238603,0.0724010645765562,182.72273281165465,174.98831490496798,203.8745596387812,4.489849459749771,0.1090860211441817,-0.0033191021166145,0.023736605747892,0.2664862070480398,0.8009713292445677,0.0095187192271528,1.0,0.0158126820901496,2026-06-16,15.0,3,0.4401709497571358,0.20704298630503,False,False,False,0.0,0.0,0.0,-0.0097682494434238,-0.1457080819249927
D,Falling Wedge,bullish,1,0.6386253662418996,3,25,597,598,2019-02-01,2019,2,50.47548549770674,48.711405074340746,54.79989519468475,47.64699923642537,0.9398431174559058,0.0362149361258159,True,0.0309062953029104,0.0295734509578042,0.0130547793183757,-0.0033133779080115,0.0193962674249701,0.0138571157595372,-0.0160722315852085,-0.0013507963744037,-0.0277810365818337,0.0197826661620055,0.0156674105397107,0.0113439456776434,0.0323671795188289,-0.056613902588145,0.006822908718898,0.0015015744568256,0.0068729224890717,-0.0025889376051104,0.0032366180480132,-0.0059855177343505,0.0319164727332164,-0.0003546068993433,0.0278183226243759,0.0338696762988044,0.006991652777851,0.0193379925647179,0.0257629417421516,0.0293453924301054,0.0046627871558622,0.0078092454034073,-0.0619109782184791,0.0550345224314734,-0.0426534238273684,-0.0067949518121191,-0.0595523725348219,-0.0326503133075833,0.0357354456471226,-0.0024365277919677,0.0208238297905887,0.0352631233783988,-0.0100729271795857,-0.0851675206623155,0.026037833080851,0.012198558423867,-0.0319037301522451,0.0369262299707014,0.075518212242396,0.0411249319933109,0.0509695139303651,0.0028502168086999,-0.0760407857921789,-0.0673170599250926,0.0241971968725285,-0.0323519102447487,-0.0363318864788798,0.0229584836113572,0.0296840885226532,0.0209365244277055,-0.0130560782615045,0.0682123778630405,0.0237933165166008,-0.0931288068912971,-0.0794723640145568,-0.0388454719644015,0.0162758694556417,0.0133506663882196,0.0131682778393789,0.0262601091162393,0.0817125983534075,0.095808578884323,0.0329488246816402,0.0130788235046446,0.0381808654521038,-0.0940821430493183,-0.0703578127201806,0.1331916746309165,-0.1230688628429406,0.1555175660764742,0.1104364944483975,0.0216073395560654,0.0067009517959193,0.0798710304766683,0.0259421749435733,0.0162589158810679,0.0193824656242922,-0.0787889737274185,-0.0696861692679142,0.0007488212745196,0.1116719151136822,0.1314154583825919,0.0681988112940181,0.0709976115419648,0.1126692652586041,0.0193549451136525,0.0647834163568299,-0.0320838564217771,0.0414812850565247,-0.0306101088701686,0.0394273177330759,0.0511462587009816,0.073056381510185,-0.0313623525346722,0.0329508376443641,-0.0948946757016105,-0.0279722859442839,0.0048496759650344,-0.0504253910642752,-0.1157938125054051,0.0381909886837203,0.0185404341403427,0.0847149255642605,-0.0454621204817533,0.0449140836565324,-0.1499443657999757,0.1168939334742076,target,619,22,54.79989519468475,0.0856734641447773,0.0873779729312019,0.0049392953867681,1.52887774502357,1.5592953962271896,0.0881437311810589,1.52887774502357,570,0.749868065527723,6,0.1120884392624512,0.0310353603719175,-0.0766102655099759,0.0,-1.201972181502606,-0.4521041159748818,0.2802252077829098,0.0911555655121581,48.711405074340746,47.64699923642537,54.79989519468475,0.8400365212037292,0.0317365230359818,-0.0170761360782065,0.0166166694207187,0.0324570170124502,0.7089565410477321,0.002562787517079,0.0,0.1058514763632136,2019-02-01,1.0,25,0.096283594735016,0.0779770753309576,False,False,False,0.0,2.0,0.0833333333333333,-0.056749212789872,-1.122663208806202
D,Falling Wedge,bullish,1,0.6602661150565734,8,58,1100,1101,2021-02-01,2021,5,56.57151470528943,56.17507039211833,68.66418835042597,54.16953000783285,1.23460208454724,0.0070572998022753,True,0.0159624891637926,-0.0126426988664476,-0.0516216443075423,0.0132663876988641,-0.0366538503665199,-0.0334909579466718,-0.0286666861610583,-0.0626913381176343,-0.0049216922472876,-0.0190996180633237,0.0259335948926144,-0.0424765328597462,0.0045561846530022,0.0149877741169091,0.017556103449873,-0.0248567533402833,-0.0136284153201081,-0.0231367730282933,-0.0337170368769658,0.0509445644009964,-0.010485995478307,0.0289083029783845,0.0274272082599475,-0.0211916134271259,-0.0545118127566375,0.0067029175839199,-0.0044521373929644,-0.0605062875234791,0.0380629896282691,-0.0349449665437858,0.0278757301105239,0.0082997769287656,0.0255250825533841,-0.0340978413954473,-0.0165939495464003,-0.0175058897277142,0.0289945333943733,0.0335215340606815,-0.0009585391896773,-0.0619109782184791,0.0992634891675736,0.0232590345610252,0.0013056591580615,-0.0254850136547515,-0.0082760099236857,-0.0225955701286355,-0.0394935782665095,-0.0576418555309075,-0.0615380634621348,0.0023334574856193,0.0275861739034226,0.0556707891118128,-0.0499944822579252,-0.0975983590592474,0.081667101802684,0.0452829236410428,-0.0427500779741242,0.0427801977593305,-0.0959860390213255,0.1335023985145682,0.0414398518566092,-0.1206863765836958,-0.0136777219736377,0.0427734420654206,-0.0336948900977747,-0.0140173877518668,0.0426852464184481,0.0480357050082087,-0.0411842727357813,0.048852633680561,0.0057263535668088,0.0951429899563256,0.1485021326975102,-0.0450245821582352,-0.1952062469198945,0.0518385869677742,0.0067009517959193,0.0890255221388944,-0.0198153782777072,-0.0405491741498011,0.0285068947394038,-0.0249200307904562,-0.0513348454888742,-0.0258490960335628,-0.070026598742488,0.0138214453017269,0.0640893716487664,0.2396322457915778,0.0200542544451316,-0.0091328929072003,-0.0245071866110868,0.0363052155103748,0.0781530668382914,-0.024881429182318,0.0260454553045106,0.0281484188111256,-0.0887585984722431,0.0865425060570923,0.062890131505193,0.1058470290784934,0.0342293512966926,0.036615939709051,-0.1206227733862481,-0.0029007530258527,0.038959173373805,0.0411755727656824,0.016185564090652,-0.0190933234006426,0.0786917642932336,-0.0042684645042642,-0.0252570766032481,0.0461707975972938,0.0634175487367949,0.0326150955294917,0.0563213989004608,stop,1118,18,54.16953000783285,-0.0424592608129688,0.0205035069095413,0.0616487589387195,-1.0,0.4828983481332468,1.4519508290612897,5.034450743146385,1037,0.7054983804577261,5,0.0845078687243908,0.0293712019063581,-0.0640299964752306,0.0,-1.5118501872221908,-0.8063518067644677,0.3441219545447109,0.1252910049366086,56.17507039211833,54.16953000783285,68.66418835042597,1.1221108112453153,-0.0658296771330095,-0.0282742628056659,0.0198325366284712,-0.0851500847283092,0.2017574386636469,0.0035669699137148,1.0,0.0062851589235648,2021-02-01,58.0,16,-0.0287907003373848,0.001652742545213,False,True,False,0.3333333333333333,4.0,0.2666666666666666,-0.0113345307459833,-0.1706505034108756
D,Falling Wedge,bullish,1,0.6818476362407464,3,31,1283,1284,2021-10-21,2021,2,61.914629359971,58.16344011769058,63.37670740626814,56.99687389910791,1.5548823937875054,0.0644939369935837,True,-0.0154757922943306,-0.0269294160356109,-0.0061760402759998,-0.031741860778205,-0.0072696192667729,0.0308813659370417,-0.0007289673149573,0.0191867548826332,-0.0084666384092626,0.0045900793135509,0.0115598746903304,-0.0053620587737421,-0.0008714791165972,0.0088230226720531,0.0003740186188665,0.0015637678998541,-0.0227903715048797,-0.0174163428885946,0.0016205828253792,0.0059476512934126,-0.0002154179723069,0.0177030381624385,-0.0155363602940427,-0.0270829168996136,-0.0574937177081018,-0.0306621870751792,0.0093289129981575,0.0391133043095544,-0.0244658526951561,0.035908801725754,-0.0014948439029343,0.0006369870812166,-0.0665440291577879,0.0072055805612378,0.0346008567397821,0.0203199486359551,0.0177542018252276,-0.0011163351520834,-0.0014575536690298,-0.00580797874112,-0.0337848613655367,-0.0374635846610443,-0.0046562814007663,0.0377610828625503,-0.0277276481029052,-0.0254553429404082,-0.0303069607254284,-0.0669410728845429,-0.0381076151627406,0.0189181843405459,-0.0213515087824767,0.0425499947128493,-0.0045386976225304,-0.0005768603046532,-0.0484271879493369,-0.0458260126627294,0.0252664265199891,0.0604414983135588,0.0141615739064258,0.0527046972446101,0.0508752050184051,0.0490911040264441,-0.0774283741641115,-0.0029469595402249,0.0578949909245258,0.0553823354715135,-0.0780441040085582,-0.0197328351624083,-0.0348222534813833,-0.0028696256726208,-0.0213093098467436,0.0609364656164725,0.0764433278780729,0.033448386625712,0.0048540105738974,-0.0053697516588745,-0.080007055317598,0.0348215553512012,0.1456243504466674,0.0660179268609915,-0.0399597259849469,0.0590417344865228,0.0998621172870757,0.1175076507909578,-0.026887684305044,0.0459939490300331,-0.0157313927799177,0.0321834916249093,0.0867162460460635,0.0509447219257339,-0.0188065551547849,-0.0392513141397781,0.0209429397279865,0.0099886691856483,-0.0948946757016105,0.0047239417120643,0.0697525071419347,-0.1194014265612936,-0.0320219515925848,-0.0137528282462742,0.017380924613304,0.0921985176929791,0.0915434775854797,-0.0528160123593152,-0.0031213790409247,0.0033603720558181,0.0938389819790799,-0.0911561054518942,-0.0406230430578067,0.0548934430990959,-0.085260998899887,0.0403114117865608,0.1187160269743701,-0.0016541987308863,0.018342090478076,stop,1310,27,56.99687389910791,-0.0794280045233141,0.0027082677584878,0.0824090789225798,-1.0,0.034097139601347,1.0375317800964114,0.2973059677189671,1250,0.6716214652223919,6,0.1679532455139537,0.0489940601402805,-0.1173894509568667,0.0,-1.3233326462752573,-0.651711181052856,0.4409038209691751,0.0609155112987038,58.16344011769058,56.99687389910791,63.37670740626814,1.1498207547296837,0.0394275121498375,0.0211549268478383,0.0186311368345216,-0.0103380287910781,0.5478266061619299,0.0023503782320444,1.0,0.0234894907589446,2021-10-21,58.0,16,0.0006683168860142,0.0339400783795149,False,False,False,0.0666666666666666,0.0,0.0,0.0190743320054967,1.34180700611303
D,Falling Wedge,bullish,1,0.6544445168686249,3,37,1634,1635,2023-03-16,2023,2,47.175558495375455,45.70685446669739,54.939042489848816,44.216721859208405,0.798865530658472,0.0321331241411104,True,-0.0644931006031744,-0.0643660975725278,0.0351801043271957,-0.0033300546995655,0.013040264298985,0.0199999122705187,0.0026030842992128,0.0138044006311981,-0.0337170368769658,0.0053810308507729,0.0011905324008298,0.0100223658764737,-0.0085064744887712,0.0150713314729975,0.0272402856070683,-0.0353124425754881,-0.0484563875523429,0.0101276031963735,0.0226438253486684,0.0077179941150786,0.0288871583473093,-0.0078236043673298,-0.0682812952272854,-0.0023288668384264,-0.0289805549792272,-0.1722364767061899,-0.0014306293381616,0.0728864058264242,-0.0270456314522108,0.0143700659395282,-0.0354336158681856,-0.0520392794912228,-0.0181543529058284,-0.0044032221349575,-0.0021977652166572,0.0443966171574858,0.034873295902488,0.0169816066433032,0.0226963525138821,0.038325971905152,0.0109343829346169,-0.0628135196369497,0.0339665992094275,0.025056660483536,0.0337027685380231,-0.0009506785536016,0.0378001412390403,-0.0111292412806303,0.0104250867977113,0.0160592290608447,-0.1045305984631,-0.0303697085885065,0.0132691775352224,-0.0224334247395368,-0.0963820750212494,0.0313018125657693,-0.0051837270666753,-0.0034272775220854,0.0449579460783664,-0.0197328351624083,0.0471447033004983,4.18998850726382e-07,-0.0018491750799238,0.009476346627288,-0.0076264527180307,0.003824865202515,-0.0440192356912486,0.0179151599884146,0.0448591294339045,-0.0112862440985975,-0.0580032119623111,0.0768409081489596,-0.0142688866031905,0.0720887762087874,0.0641702083770352,0.0310532175900137,-0.0723027688698599,0.0731876075806929,0.0995299889478851,0.0731876075806929,-0.0145609075411812,-0.043046439385764,-0.1173533945379414,-0.034734406861279,-0.0934606825579426,0.0191615825887745,-0.0459181183620978,-0.1259065814701774,0.0235406650938143,0.0589244573065852,0.0693259679326161,-0.0162591841569187,-0.0468131685462582,-0.1500124470389785,-0.0437882739438317,-0.0467653395921552,0.0046548788064357,0.0515638616447968,-0.0276252279018216,0.0042573368753535,0.0358829957434567,0.0797829945193278,0.0202854670508918,-0.0870359278659953,0.1066517166163487,-0.090747293298516,-0.0232901828312895,0.0177643973800325,0.1026679630404321,-0.1235575762907863,0.0099308543967837,0.1302214476651992,0.0301263072450175,-0.1513658540124081,-0.0467938958086219,stop,1639,5,44.216721859208405,-0.0627196949127184,0.0021497479853246,0.0678969418648118,-1.0,0.0342754853689304,1.0825457929809474,2.6238298862387928,1595,0.5895019231162695,7,0.1364237296904241,0.0189393032119833,-0.0520091226120899,0.0,-2.375813277234494,-1.7863113541182372,0.6505000828997807,0.0730359160778913,45.70685446669739,44.216721859208405,54.939042489848816,1.1537573834179875,-0.1768163737814823,-0.0483744029068394,0.0244304138420001,-0.306215937983523,0.3833355055901173,-0.0012518325749149,1.0,-0.0431663323161605,2023-03-16,55.0,16,-0.0985139492809435,-0.0204995854837036,True,True,False,0.6,5.0,0.3333333333333333,-0.0332965699860236,-0.1691690411134428
D,Falling Wedge,bullish,1,0.6196558693522257,5,41,1760,1761,2023-09-15,2023,1,42.17009947097253,41.70653070611724,47.77358066742764,39.28846898191182,1.216299407245953,0.0111150162098547,True,-0.0168829179514038,0.0116239289665124,0.076590356047232,-0.0254194849596351,-0.0252076770771456,0.0492083581326652,-0.0092465840643871,0.0151770907384118,0.0255661960455593,-0.000512410295931,0.0208279732224649,0.0310596176836657,0.019294173805052,-0.0546052487734221,-0.048535654618239,-0.0221480449791707,-0.01068904655024,0.0416930367817405,-0.0090581771716261,0.0127511983107762,-0.0035746361244377,0.0530748465251766,-0.0236952120853293,-0.0802965697380885,-0.0451539879860711,-0.0757433117905709,0.0132201011797801,-0.0263283063964129,0.0018162226624403,-0.0174255245778552,0.0640698896736975,-0.0374635846610443,-0.0194806069323234,0.0225170924157003,0.0001408391834458,-0.043195960017254,-0.0058795022089507,0.0456617625323305,-0.0695515647517296,0.0037094643749444,0.0025460365039253,0.0262084814427776,0.0825948780483738,0.0363217721592072,-0.0014575536690298,-0.0804106009966611,-0.137739605690766,-0.1116703073124263,-0.0515261119406248,-0.0454170837822262,0.092303295865012,0.1521100188554158,-0.0754692693942833,0.0464600090369031,-0.1130557257099151,0.0161351349028449,0.0785843825223919,0.0554936605572038,0.0157531312612067,0.0132253766259557,0.0803065629997377,-0.0074616753988765,0.0281089557055529,-0.0012899287268729,0.008788930938447,-0.01320506036931,0.0124214152566888,-0.0206436531561897,-0.1513207239932191,-0.0743261348236102,-0.0688188653893717,-0.1080456477978312,-0.0037641528906465,0.0513375544924694,0.0589244573065852,-0.0889789247433312,0.0690031610400756,0.0433139309542167,0.0176663162223171,-0.0996251361424584,0.1225481044657605,0.0357790013367054,0.0015113198227552,-0.0824872357226289,-0.0122492683744864,-0.0231345684023654,-0.0592765962158206,-0.0890565684858587,0.0962257286122916,0.0721875881143003,0.0329781995517484,-0.0760689979808001,-0.0047144513550524,-0.0474636323717406,0.1333180187244045,-0.0976831327306955,0.1404352823658721,-0.0221458354165706,0.0233036693901349,0.033352357794788,-0.042107100961097,0.0069328281935587,0.0961966835487517,0.1345521315930793,0.0141458224429484,0.1304380444866095,0.1141688861421013,0.0226536022192358,0.0082298461631717,0.1427101300430016,-0.0084641669429561,0.0232371190800184,0.0527589518525557,-0.0725171203365816,-0.046390252237669,stop,1768,8,39.28846898191182,-0.0683334999255635,0.0076177028150848,0.0761787799550022,-1.0,0.1114783060048568,1.1148086961444177,1.9445523004171168,1718,0.4281812023454383,5,0.0221604218213877,-0.0105685710650387,0.2102038601831319,0.0,-1.18993897967332,-0.7617577773278861,1.1076100946211116,0.105229910620431,41.70653070611724,39.28846898191182,47.77358066742764,0.8150432221544642,-0.0983943255122709,-0.020929927417836,0.0193673906136797,-0.1089011997010682,0.323943434951269,-0.0035043558774126,1.0,0.0198121916767375,2023-09-15,55.0,16,-0.0520389271083813,-0.0424143390759064,False,True,False,0.3333333333333333,8.0,0.5333333333333333,0.0035114105608927,0.5700847106796572
D,Falling Wedge,bullish,1,0.6846618872460435,3,43,1866,1867,2024-02-16,2024,0,40.3769981231702,40.087532973919366,44.82468346116502,37.892164169623214,1.4433696983839917,0.0072208272192544,True,0.0157068189337039,-0.0009089067832526,0.0021329595758108,0.0162107216695044,-0.0159531286581756,-0.0153744931782238,-0.0266556237840066,-0.015207520355861,-0.0477675431213671,-0.0272761511491559,-0.0103467799594766,-0.0075362995673915,-0.0006091761434521,0.0082583373483482,0.0019304534304227,-0.0138521703020327,0.0073218628660021,0.0386620817747542,-0.0826473980591721,-0.008455282810595,-0.0259359226041488,-0.0086366832918927,0.0272937067497094,0.0330333321182136,0.0037398134431059,-0.0038205429245331,-0.012801557702939,0.0053487945387213,0.0885289131524376,-0.0155545459029223,0.0014622687591663,0.0255250825533841,0.010807254027616,0.0111872759883031,-0.0025850597034429,0.0050731255724125,-0.0060979352850779,-0.0174548790706037,-0.0201069614617215,0.0003690452729046,-0.016355911770125,-0.0086662172434018,0.0388302565403746,-0.0623722466154482,0.0158085232895071,0.0311770980174831,0.0730715469422373,0.0394513921482948,0.0023334574856193,0.1027843789974281,0.014032906707007,-0.0609943165057518,0.0536755466739962,-0.09990601204484,0.2195162390371405,0.049418499253079,0.0658055505234904,0.0324259302628215,0.0290663753448421,0.1127333129264511,-0.0515171693826153,-0.1051911130611642,0.0658669384076513,0.0007133476559404,-0.043498168138148,-0.0015416867905828,0.0357878215528983,-0.002682935577252,0.0521301017758368,0.0365725346570366,0.0217560473097406,0.1316684365778151,0.024657973816047,-0.1106962739112203,-0.0391615848193458,0.0776013465821467,0.01231675883574,0.0795941802627731,-0.1290989049150558,-0.0015745754737795,-0.1017931808229387,-0.018870284126802,0.0586335631722951,0.0855720373662338,-0.0007954094703317,-0.026887684305044,0.0462534522155337,-0.1446243643201646,-0.0742458670036138,-0.1374200734878711,0.095597364346345,0.0452361891310985,0.1688539259577997,0.1141930096207293,-0.0623837523169448,-0.0034659762096816,0.0302767373424148,0.0364397916757095,0.0501706876678762,-0.0292081356995252,0.0168564648416973,-0.007665446984279,-0.0154289928103776,0.0715650792774893,0.0001090155826062,0.0938389819790799,0.0085796973587464,0.1244013082705082,-0.0030166818683601,0.1034470623668593,-0.0246087772214254,0.0498593925921297,0.033515385368648,0.0515638616447968,0.1426116408149013,target,1910,44,44.82468346116502,0.110153937755034,0.1208522296217504,0.0229320045864695,1.7899326156767732,1.9637731694920184,0.3726307364830928,1.7899326156767732,1823,0.3693108785208374,6,0.1104229993858446,0.2235752604487799,-0.0645296005830993,0.0,-1.2103526308256458,-0.8410417523048154,1.5188333521755868,0.0840805377278224,40.087532973919366,37.892164169623214,44.82468346116502,0.9160592128245162,-0.029850031759651,-0.0156389244594585,0.0226777535170169,-0.0193071122043911,0.978260418869439,-0.0048363325883681,1.0,0.035404219624634,2024-02-16,28.0,24,-0.0043455489133862,-0.0174686956663696,False,True,True,0.1739130434782608,11.0,0.4782608695652174,0.0048166306087793,0.4250306986587572
D,Falling Wedge,bullish,1,0.7898923348491399,5,65,2097,2098,2025-01-21,2025,2,51.58988093433006,50.31237827193672,59.06241161725694,48.64628391789204,1.1682522022272352,0.0253914186979689,True,-0.0075362995673915,-0.0052258778073933,0.0125742882132695,0.0054365594116809,-0.0809598960298182,-0.0159026026442359,-0.0241671726270705,0.0056781866313297,0.0108555490870843,0.0387156858661077,-0.0101466271473242,-0.0117679189657269,-0.0126603601179787,-0.0173730297255455,0.0222900033630246,0.0344311714015332,0.0060633911201799,-0.0248418518360596,-0.0085336664604507,-0.0032669797884863,-0.0047020965690394,-0.018594486555388,-0.0026927068987458,-0.0317603855658286,-0.0249279709153592,0.0534284149112178,-0.0716393003657865,-0.0483652744438407,-0.038990522657493,-0.0240983596637957,0.0410081345731463,-0.0386000280984727,0.0135841569823829,0.0064613308344585,-0.0057391412658311,0.0054916952583934,0.0643654523391605,-0.000643586477029,-0.0461291134098071,0.0377536349603855,0.0003976638717075,0.0032578043018833,0.0067070935719937,-0.0904022071344754,0.0024693155800206,-0.0252762437492395,-0.0010766616095291,-0.0126458359814697,-0.0489479425736874,-0.0466354489263388,0.0241971968725285,-0.0556071735606704,-0.0434299870961134,-1.2561108576614188e-06,-0.0659957794781126,-0.0374156287459108,-0.0149923242550186,-0.0562155188489713,-0.0149923242550186,0.1335023985145682,0.0267053600277986,0.0528167246861952,0.0300639599843557,0.0414398518566092,0.0357331361632493,0.0499456013697257,-0.1239058566296646,-0.0453361154137919,0.0068768947114271,-0.0029212372562419,0.0610971338878452,0.0172427749142962,-0.0920188364914345,0.0336107016762834,-0.0355903637101504,-0.0939980736224789,0.0336690737497773,-0.0409980831943235,0.1225833815098833,0.0058642370852091,-0.0046154053758159,0.0101708751484386,0.0242221557153874,-0.0146032289312867,0.0504455198206263,-0.0342908495950635,0.0602554427101853,-0.0028014018971604,0.038371529140267,-0.0724026423746243,-0.1268226257053015,0.0031640537151223,-0.0365142384040718,0.0933357265380904,0.1136570837181301,-0.0029992965318592,0.0765198235300417,0.0168564743210171,0.139955283846894,-0.0153821384897471,0.0422238898908875,-0.0760313723205716,0.0139867427897841,0.1058470290784934,0.0695564815159754,0.0396978959892972,0.0034773497860083,0.044947056150882,0.0021445659264793,0.0449140836565324,-0.1234114976372624,0.1909216803548723,0.0374690028876443,0.0442405816231585,-0.0749437744084047,stop,2150,53,48.64628391789204,-0.05705764314876,0.0395694230775409,0.0948028869184226,-1.0,0.6934990808221083,1.6615282666207138,2.5385712246607737,2030,0.7541914725927406,7,0.1082333521660648,0.1093243902541312,-0.0497739909361577,0.0158730158730158,-1.0485511305380582,-0.2943596579453163,0.2647267816050072,0.154674586497136,50.31237827193672,48.64628391789204,59.06241161725694,0.9779469542474544,0.0476057074142071,0.0093549475757375,0.0188951495073243,0.113087193316977,0.4999985766056671,0.0059696338858483,1.0,0.0320658545693886,2025-01-21,1.0,28,0.1018509110690231,0.0521037156925121,False,True,False,0.1111111111111111,6.0,0.2222222222222222,0.0214339293700649,0.7995684387996181
DASH,Falling Wedge,bullish,1,0.7656962984307734,3,52,472,473,2022-10-25,2022,0,46.84000015258789,44.672640025519286,84.79035083542703,37.736643245564295,0.6818244872752607,0.0485164997150493,True,-0.0371477726899766,-0.0447468101423166,-0.036155188879653,-0.0005730493188123,-0.0017049296561776,0.0682495053777376,-0.0221183443431777,0.0188473521663816,0.1009801944754831,0.0028440142990253,-0.0723717063261482,0.0199235487105011,-0.0260298967244303,0.0794148231055609,-0.0244943882158461,-0.1013897101136218,-0.0580155153623244,0.0362882589729114,0.0275598198234032,0.0344026355245419,0.0153776291389724,-0.0904746680128447,-0.0356757919220507,0.1641758881651951,0.163180251682971,0.0032562808352634,0.0155850935456562,0.1367553942408232,0.2472239545407646,0.0910062420310102,-0.1854838859321568,-0.0227539497866687,0.0304527310893187,-0.0773153362611591,0.0399733949319891,0.044564176096969,0.1512041686570466,0.099507710901745,0.0317583276125958,0.0621600018969745,0.0525983591650778,-0.1007638524254674,-0.0625780304982221,0.0112947884266745,0.1648911982921492,0.1275090497971759,0.1517933515625478,0.1038923622990091,0.0131123199927689,0.063466351845181,-0.2789045508212683,0.1350660445716545,0.1353729672437973,0.0011627906976743,0.1745184335803948,0.060804111562023,0.024323659086535,0.2129342788771622,0.1605712589731625,0.3155702777992788,0.1690824061320437,0.1061847487606677,-0.0234396106521561,0.233280029296875,0.1609701775240684,0.1453668347757151,-0.0195215398615057,-0.13112783790531,0.0688536939886096,0.1298035439058704,0.1130759742279201,0.1599676259539406,-0.1796430973190024,0.3129230205829327,0.1878798458982287,0.0823636141690342,-0.3205564591569954,-0.2195882028096081,0.0451265077950464,0.1358969009939798,0.1732852354882144,0.1219660752728371,-0.4196832704013093,0.0888341224231488,0.1981776467785028,-0.0764410635631797,0.0689531378574364,0.175416628519694,0.3422999917028775,-0.1397710591656601,0.0800733296606628,0.0889295173718313,0.293552518258058,0.238917901657875,0.251604890371282,-0.3807308034899964,0.141264978325003,0.3733147326286126,0.0134130178604026,-0.2915751205453236,-0.0717536888117823,0.3158854386435108,0.1357329781192155,-0.0447227199551754,0.4183387495172104,-0.1888690221877325,-0.2995143195682426,-0.4524004928165523,-0.3557219463740532,0.4449690981896934,-0.0046385853307614,0.1590463816805001,0.2004326724959937,-0.1882311334298478,0.2847602629919602,time,532,60,60.59000015258789,0.293552518258058,0.398163912263592,0.099487613839272,1.5104318264607792,2.048694553191959,0.5118990604242637,4.168830363396932,420,0.5916363259624378,7,0.0939018540695833,0.144767759282514,0.017840478717775,0.0,-1.8058173878118824,-1.2141810618494422,0.5277056431175512,0.2577953781218586,44.672640025519286,37.736643245564295,84.79035083542703,3.4064282008579805,-0.408043434389078,-0.1494745761906806,0.0717747211666603,-0.4367434383903771,0.9556963935415748,0.0099031875689121,0.0,0.0592768459845991,2022-10-25,,0,,,False,False,False,,,,,
DASH,Falling Wedge,bullish,1,0.7150486431373156,3,21,525,526,2023-01-11,2023,2,53.0,47.62154094989484,65.77846057598407,45.16969181941101,2.055497806157482,0.1129417264293091,True,0.0311321042618661,0.0513755897270272,-0.0053553719908726,0.1287755382304289,0.0393332926432292,0.0776939984918991,0.0255223459671265,0.0394726039696344,-0.0058218366809099,-0.0053553719908726,0.1646676751156144,-0.0302534326677611,0.0766546052015191,0.0220931402872268,-0.0209555742848382,-0.0051706176265705,-0.0293425184559661,-0.0036808932257288,0.0570761363176253,0.0472957290521345,-0.0039426983217151,-0.0139796399015996,0.003395748755386,0.0745283162818764,0.0541588049547243,0.073607069645232,0.0206740530076185,0.0,-0.0585021233487226,0.1300231216469978,0.0018332605639659,-0.0625872989060825,0.0465538927269648,-0.020500558777023,-0.005739162279212,-0.1283371418474554,0.0595075370276116,0.1108355493583728,0.0350694207463748,-0.0394161743590072,-0.1218582805894944,-0.2215469214971582,0.0221024834383616,0.1494252396099409,0.1070757071075487,0.0696173326181346,0.1669811032853034,0.1407125972402054,0.0155758486358428,-0.0481939542319022,-0.2522076908410924,0.0155758486358428,0.0684711106021127,0.1151049420550152,0.0138467368913146,0.0104732452585198,-0.0504135204694971,-0.0623549430313994,0.0711706804407508,0.0354446140624724,-0.1075916368655931,0.0621262695858346,0.1324252727804393,-0.0771580390943438,0.1434021859030367,-0.0700499515405269,-0.1321538485013521,-0.0365294893780442,0.1746329192404319,0.0043396140044589,0.0314655549933583,0.1246808765456253,-0.1970679578866859,-0.2574763284841981,0.2412200722733146,-0.0475757483280065,0.0575458219929037,0.2321186858725905,0.0497268093088283,-0.1630177612947599,0.0236431016440032,0.2112771467568044,0.0651474868968313,0.1393683985659948,-0.0649752523819614,-0.2202779329877658,-0.3196144403235865,-0.3123689875960072,-0.0684237722442397,-0.1276044346946256,0.0063023167152316,0.0357082089869443,0.1618868270010318,0.1253242871268374,-0.0719034384615883,-0.0055115722269285,0.0405504225311215,0.1771604749891493,-0.2275747420269257,0.0373092500352358,0.0530466756651679,0.3607895231647777,-0.2995143195682426,0.1502487575922999,-0.0036591314345122,0.1342675275863356,-0.1884012928557513,-0.3247689557588925,0.4152623273154663,0.1175194329888196,0.1805403338617921,0.0125021847689128,0.4708921719930399,-0.3136000061035155,0.1261290457982437,target,549,24,65.77846057598407,0.2411030297355485,0.2905660665260171,0.0669811176803876,1.631923071388346,1.9667171675381667,0.4533664774345472,1.631923071388346,502,0.7902675177308266,5,0.0432142349955558,-0.0166880591927981,-0.2634512587848909,0.0,-1.2005145694551094,-0.4102470517242862,0.2051374136135834,0.2686325508519283,47.62154094989484,45.16969181941101,65.77846057598407,2.6497140611921024,-0.2200815554284937,-0.0268097156187656,0.0511527818575015,-0.2779481352170373,0.9650076179213556,0.0199833277722183,1.0,-0.0040452117957777,2023-01-11,26.0,16,-0.0537698583951674,-0.1562789004114156,False,False,False,0.4,2.0,0.1333333333333333,-0.1380062195485024,-1.115864912544796
DASH,Falling Wedge,bullish,1,0.7665001566582371,3,21,569,570,2023-03-16,2023,2,61.09000015258789,55.35416889190674,73.60666275024414,50.91203799448351,0.8107552509829118,0.1036205831557481,True,-0.0127680271296223,-0.0126410240989757,0.1926796273293562,0.0965791083932785,-0.0337643868141371,0.1014135870009815,0.0049944589512547,-0.0219900748863353,-0.1109284434375216,-0.0122646053317742,-0.0387920688947007,-0.0453123608833546,0.0295354315555098,0.1009801944754831,-0.0745009980944645,0.0190226910776798,-0.046088657275653,-0.0333772264615249,0.0359256636299891,-0.1603120116111018,-0.0263414460469068,0.0149756626862491,-0.0123897343977376,0.0112947884266745,-0.0153568997141262,0.1494252396099409,-0.0627935693539056,-0.024971854291476,0.044161440052638,-0.0792700774478216,0.0751758275022831,-0.1038889258798926,-0.125785050991961,0.1131787903755114,-0.2321558485910513,-0.075785321272032,0.0499145358764498,-0.0903571771115673,-0.0411968180213166,0.1536458333333332,0.0653607310365391,-0.092142187459483,0.0250781847488463,0.0816185898144037,0.0418759719176471,0.0177403727343202,0.0103126709206358,-0.0386167115990347,0.1160945881931196,0.1753046923690844,0.1397142996519413,0.1810426994134217,-0.0628136530646759,-0.3350589963156926,0.1345068871535695,0.2397696025691271,0.1668752793768011,-0.1864864864864864,0.0474094927023407,0.173829962145718,-0.1739318601025264,0.0533082036718781,0.173829962145718,0.0150636845996536,-0.0535384974043395,-0.0985380340366913,0.0370991471210986,-0.2633019536144566,-0.0136962800837943,0.078245254248729,0.0315282863850154,-0.1257954879290819,0.1262788423482794,0.2369231110686189,0.0390400390625,0.2831760950331232,0.0172434272002237,-0.2164263405237549,0.1666794244578262,0.1501659777792106,-0.0804420320494695,0.3449931706395877,0.0732409522615724,0.217877739960306,-0.2659609890535143,0.0991993004849891,0.1165968591190378,0.2933801929336399,-0.0674529783135466,0.1537108232724231,0.1663792680480722,-0.008195115541273,0.184645646845956,0.0814463683532358,-0.4423238227962095,-0.1415993790790707,-0.0946454885441738,-0.3748632745147243,0.0601583947106689,-0.1949863067372248,0.141264978325003,0.3363197046148398,0.0768295710265554,-0.0986818388426513,0.3375411252417684,0.0125021847689128,-0.0111394799037972,-0.109259282370707,0.1834184365330577,-0.3498125731897462,0.0388710268082157,0.3246716223267185,0.2728892337649471,0.3246716223267185,0.170054324122501,time,629,60,72.37000274658203,0.184645646845956,0.1903748737774813,0.0736618102596185,1.1082771205837352,1.1426649939796294,0.4421317283457177,1.2297808149826577,546,0.7033302358551268,5,0.0286343488018274,0.1093600341130573,-0.4810144949259016,0.0,-1.0233369476885672,-0.3200067118334392,0.3541021042882123,0.2942984167042814,55.35416889190674,50.91203799448351,73.60666275024414,2.800143105643136,0.0193616547446728,0.0678815991156482,0.0461080705870201,-0.0588873285130093,0.8888890360607967,-0.0022233806294021,1.0,-0.0431663323161605,2023-03-16,26.0,16,-0.0684192825402401,0.0705057318928332,False,False,False,0.4,3.0,0.2,0.0462919594640087,0.319554783152524
DOV,Falling Wedge,bullish,1,0.6321005070328956,3,21,735,736,2019-08-20,2019,2,83.69475674696929,81.5039529194741,92.83459481056848,78.99517706082392,0.6579856791352188,0.026879724835674,True,-0.038074992293661,-0.0188942405272745,0.0302564435348959,0.0096821849736175,0.0643152321272637,0.0628682205974806,0.0587736419680517,-0.0039954018840223,0.0123980936288672,-0.0169592728145332,-0.0229579576931954,0.0118749496177259,-0.0293488339060947,-0.0123436174845261,-0.0085828972114876,0.011263852215124,-0.0109517527259539,-0.0004125436290813,0.0117646968484825,0.0561307353175744,0.0228776190674315,-0.0228873437512228,-0.0492632947334809,0.0141271914760388,0.0087934424233147,0.0519679762690121,-0.0257232201153478,-0.0369621475798795,0.0158532439377121,-0.0235142687677659,0.001685225113567,0.0014591946491426,-0.0559412125638769,0.0288828379229186,0.0417037007167215,0.065430866133429,0.0481884632605553,0.0572804701967399,-0.0233988976720486,-0.1027478685912561,0.0183573485340979,-0.0289233115315182,-0.0284069356838371,-0.0291957376488884,-0.0729970637654111,0.0189772583353354,0.0800316052795435,0.0505593975027607,0.0109710466760566,-0.0057312977910487,0.0566790327966519,-0.1298754977178174,-0.0402923539292138,0.0528181313262374,0.0828628650146894,0.1072185666416549,0.0523157560541425,0.0202689836414278,-0.0092711862312503,0.1132823812716692,-0.0026790453181902,0.023848525905471,0.0659196175290905,0.0294991691253054,-0.0415203874493097,-0.4312072536171273,-0.0003649647266669,-0.0180871727478124,0.0831988594568455,0.042076590346036,0.0171246304327878,0.1472571226584151,0.0031501885632103,-0.001325532973654,0.0389972916529679,0.0019268745032225,0.0873042229283191,0.1251031696056277,0.1028373220444025,0.1375303449861353,0.1007341371522407,0.0564193918438484,0.1788079831144222,-0.0368914432589156,0.1830399279685657,-0.1341915776250082,0.1345156803712794,0.11486834806422,-0.1150032392734788,0.0283771180933747,0.0145196173192423,-0.0163222570408858,0.1869361462102254,0.1252315607495442,0.3102619457181372,0.0917601306794362,0.1072399902950758,-0.047489070985851,-0.0130141087586843,0.1156795329337445,0.0361297662526955,0.102642203678446,-0.0040600566071336,0.0274704584530525,0.0268171497719802,-0.1848581794011332,-0.0506516749854814,0.054235141851554,0.1417353935523835,0.1470668566257988,0.004728144329936,0.2336476794803046,0.0673055333446031,0.0961882546103274,0.1237943916682658,stop,739,4,78.99517706082392,-0.0561514229661173,0.0034613272621672,0.0581939520619313,-1.0,0.0616427345795999,1.0363753755100131,1.944820318834888,712,0.6567221521397804,5,0.0525381082387329,0.0028880751558508,-0.2053347656372831,0.0,-1.335314183581828,-0.6785920314420469,0.4502037875193234,0.0918195163716106,81.5039529194741,78.99517706082392,92.83459481056848,2.0091169662000783,0.0214347685679132,-0.0525190347751975,0.0243076577351271,0.002097789805143,0.7536253517544923,-0.0029591147659789,1.0,-0.0331295892135969,2019-08-20,21.0,16,-0.0394270624546989,-0.0096983047768275,False,False,False,0.3333333333333333,6.0,0.4,-0.0036149281273394,-0.3208491124527282
DOV,Falling Wedge,bullish,1,0.7501467512106589,8,158,1473,1474,2022-07-26,2022,4,121.00924150257552,118.42241436174584,185.97546582670373,109.69603520049264,1.3282139547199787,0.0218440668919963,True,0.0291165078460231,-0.0056234534043573,0.02378080900744,-0.0479568903448875,-0.0180253163881038,-0.0134515194322566,0.0072383723798272,0.0013678778502386,-0.0442302929381304,0.0201108899140423,0.0364162034609463,-0.00690351690923,0.0075089604778879,0.0156507050260772,-0.0064521988474963,-0.0082657790727561,0.0084142695870672,0.0228895242947826,0.0141504159551648,0.0059093175439817,-0.000207417929766,0.0133880294207628,0.0275498856932435,0.0347673768586374,-0.0083152107035635,0.0436412863915112,-0.0220266634742685,0.0176183104623974,0.026870408370359,0.0130897853978049,0.0775236222771647,-0.022879678995234,-0.0739991112347838,0.0181067625801227,-0.0134766875289095,-0.0320260120891529,0.0236665393609976,0.0823741225190775,0.0223830722159854,0.027557265582101,-0.0086185926629894,0.0422505602154235,0.0203376666862686,0.0039998643580649,0.0699777053229633,0.0189488655708922,0.0448911254538701,-0.0007271006440785,-0.0460288431698127,0.0572683198327161,0.0720230239209627,0.1229206451132427,-0.0005531903100424,-0.0593961254860412,0.1276436579161677,0.038729308171467,0.0445787677024973,0.0724932986901212,-0.0704356548329716,0.0290525060111606,0.0097801365734677,0.0819867640196934,0.1032404142474847,0.0294991691253054,0.0665955479443218,0.0828628650146894,-0.0860611379258843,-0.1294780098843519,0.0175550523201604,-0.0378600470340411,0.0012404635630972,0.0246808451683999,0.0799493945272216,0.1575603590852772,-0.0157173967596339,-0.4069839431901814,-0.1440582830261439,0.042076590346036,0.1008064010797036,-0.1003977231236192,0.1657126297339777,0.1268960647112935,0.0822278327384014,0.1749598347152001,0.0616827677587425,-0.0795551949955009,-0.0442983289046093,0.0219295887998478,0.0321646015767183,0.0408713922328629,0.1059059380283049,-0.059180715559156,-0.0437696021219752,0.0179664214321928,0.0232197267961831,0.1510403908998838,-0.0097560322942813,-0.0062807335420793,-0.163349701557658,0.0706855142491416,0.1559645781412744,0.0713059085512695,0.0364377231097665,0.0580587518021009,-0.1777665586653931,-0.1523734142060224,0.0154817799610746,0.0351991075732451,0.0155780686441204,0.0653316571485782,0.102018718405336,0.1069418207436245,0.0086881337462383,0.3611917239055597,-0.0821504602925733,stop,1517,44,109.69603520049264,-0.0934904323141475,0.1139540256232628,0.0937242164080409,-1.0,1.218884358565733,1.0025006205245452,5.742512121622609,1311,0.7047336471613972,7,0.0876012208066392,0.1092354966839532,0.2258777461557235,0.0451612903225806,-2.0897486755551404,-1.3850150283937446,0.3830523747939901,0.2051795721326884,118.42241436174584,109.69603520049264,185.97546582670373,2.7398487892715755,-0.1671174122106089,0.0073499856082546,0.0226754577733482,-0.2623512222204627,0.8672587881427151,-0.0046578730899681,0.0,0.0059188128207445,2022-07-26,2.0,12,-0.2052114230414399,-0.1306841092753415,True,False,False,0.9090909090909092,3.0,0.2727272727272727,-0.0127228837521706,-0.4749975813205406
DOV,Falling Wedge,bullish,1,0.6621565565735844,3,26,1507,1508,2022-09-13,2022,2,120.98539622283124,121.84719850433362,141.65542575915902,118.97575994254288,1.1461944664687074,-0.0070728116204635,True,-0.0330995424812936,-0.0107855461534602,0.0033815516052517,0.0390772429615953,-0.0038268195989294,-0.0045015986176323,0.0013540369397446,0.0566273499841671,0.0296107230887285,-0.0060980858439617,-0.0230722376158607,0.0267899846106223,0.012292174621497,0.0395027023243672,-0.0022176869725341,0.0250678082920197,0.0149422200166555,-0.01322335186026,-0.0234702429463378,-0.0580153479185433,0.0647581547622919,0.0049719404358072,-0.0422970683947281,-0.0805421954233958,-0.0055117452803975,0.0244360545127695,-0.082386278168741,-0.1239333710513572,0.0775236222771647,0.0265405763315638,0.0265600079622072,-0.0400913932145353,0.0691542322076275,0.0376528700182481,-0.0570348237790625,0.0622952787465012,0.1495285516829065,0.030551008214845,-0.0013387016112156,0.0449738310713747,-0.0122108841828688,0.0171684497949351,0.0320713532308762,-0.0206528879368286,-0.0172307776069176,-0.0927210313483704,-0.0576877610723483,0.031699003139111,-0.0786501417878919,-0.047615354936486,0.0417077692326637,0.0527909906947599,-0.0757251050014349,-0.0163272534112181,-0.0373673718111906,0.0675800153183994,0.0316446250894248,-0.0871800884123794,-0.0615170003792293,-0.0417469627663547,-0.1005381605921696,-0.2530120319741741,0.0356071735296275,-0.0556853541160827,0.0613123083796054,0.1782412900798313,0.1690005195968429,0.0861510542964567,-0.0511213071237983,0.039167805770421,0.066801893561639,-0.0196601805990774,-0.055514955857998,0.115797946374359,0.035575621177714,-0.0558759513558793,-0.1045766239981229,0.0219806251127483,0.0090895299208011,0.0990603133650043,-0.1463541837898476,0.1789473280410132,-0.0712121578540608,0.0812060723288212,0.0357189094303094,0.0267782871270065,-0.0865508223797182,0.0349235127683822,-0.0170611791384529,0.0904191556718734,0.0650815364195296,0.0272791666322007,0.0942806914347467,0.0935072242932606,-0.2279945728817881,-0.0529747622068912,0.0012583890577202,0.0432232512868646,0.0154817799610746,-0.0431719204168405,0.0467774861232619,-0.0496009563179348,0.0002811785806939,0.1624194654716739,0.1564175023745446,0.0684750365578215,-0.0132048395180535,-0.1739471556746903,-0.0654497160023755,0.0607868293563023,0.0075693082061125,-0.1056696726671166,0.2464724150380448,0.0558411958576994,0.0876311793254405,stop,1509,2,118.97575994254288,-0.0166105690689065,0.0120576781988832,0.0388525119198982,-1.0,0.7259039801022911,2.3390235312664025,10.285457990120404,1479,0.8043810794793977,5,0.08897285348351,0.093529440247343,0.6982925860797549,0.0,-1.084128763896674,-0.2797476844172839,0.1953767760932298,0.1389133250830514,121.84719850433362,118.97575994254288,141.65542575915902,2.791679096751721,-0.132387110633984,-0.0177533329845153,0.0230854296546356,-0.1558913571189608,0.1757314963193706,-0.0219191400160224,0.0,-0.0833839739220798,2022-09-13,2.0,12,-0.0460164670567633,-0.0778768126525342,False,False,False,0.2727272727272727,0.0,0.0,-0.0197265886578014,-0.5242886042242939
DOV,Falling Wedge,bullish,1,0.6238315510360828,3,20,2094,2095,2025-01-15,2025,2,187.49020233980133,181.9681740481401,198.72288814820377,178.84320822992436,1.770733536051985,0.0303461213508706,True,0.042670125156498,0.016448622560788,0.0220677535756022,0.0094259758295651,0.0562500214612617,-0.0143238768685697,-0.0161791546641233,-0.0362608277130367,0.0176299219166882,0.0120950355035558,0.0235665149487964,0.0381076297634501,-0.0491134865500406,0.0267919925704844,-0.0224242459722568,0.0221763752801615,-0.0236080041007831,-0.0058410895391871,0.0233086320503324,0.016174159405996,0.0185106896026816,0.0456321244155799,0.0344708181106901,0.0754973613503942,0.0572029083261853,0.1103485713410317,0.0617856967448353,-0.0269838014886836,-0.0012810406683249,0.0116459439554885,0.0187982534372255,0.0235574596415573,0.0072131251064126,0.0586947419276404,-0.0065267715951551,0.059392838472972,-0.0041449602419445,-0.0155250500024594,-0.0457895644172305,-0.0065267715951551,0.0047863034746118,0.0095971427229497,0.0221802069468308,0.009053295206729,-0.0011334246155189,0.0610402516327035,0.06120421538512,0.0350164604763956,0.035902615821582,-0.0099736583561654,0.1005913982280823,0.1489797772228531,-0.0626722724647051,-0.0603694058599292,-0.0736106582785096,0.0476765032717341,-0.0964571682918868,0.0072287466838574,0.1013517291207328,0.082458146491029,0.0405254359849431,0.0450709948904697,-0.0473242082725803,0.1150659303297696,0.0564867375204054,0.0671109980913116,0.0069853689756369,-0.0548503418737593,0.0386953819233764,-0.0491309771740782,0.0036485568593531,0.1365735299550663,0.0945148968863054,-0.0421384373159391,-0.1338848826289114,-0.0008483686386379,0.0501753713740946,-0.151583989679693,0.1700086059605035,0.0274269663917374,-0.1129568914835974,-0.0320242334370839,-0.0035343056249225,0.1655012872769614,0.0585393234247919,-0.0295955858900143,0.0402217452764683,-0.1018853633423312,0.0666999356504187,0.1541556058700357,0.0734029879378279,-0.0705693870722322,-0.1490263338435485,-0.0503612295660778,0.1681141953205036,0.0560915333341081,0.2043089542017491,0.103299561714625,-0.1822620139404653,-0.1328000249677101,0.0243145066025356,-0.0135394631680547,0.0527101546843633,0.0734300736209452,0.0944271315909399,-0.0924923381264781,-0.1148099598878867,-0.0102588017214054,-0.0690900496204833,-0.0102588017214054,0.0893627499856375,-0.0515777814890149,0.0086881337462383,0.0114004104406328,-0.1594792423735173,target,2104,10,198.72288814820377,0.0599107882343881,0.1234031679444291,0.0049738060117391,1.2990278084695324,2.6757142000184277,0.1078455569288178,1.2990278084695324,2072,0.7147382586245444,6,0.1881585044907551,-0.0031973670662567,-0.2246844803786235,0.0,-1.2613716260357593,-0.5466333674112163,0.3291578959662729,0.0638916929955348,181.9681740481401,178.84320822992436,198.72288814820377,3.161528506526671,0.0312533494572822,-0.02821506133669,0.0168853513171719,0.0013916750363303,0.1911301368079494,0.0160488318853737,1.0,-0.0156151901845196,2025-01-15,38.0,11,0.0124454549441765,0.0149380687791833,False,False,False,0.2,3.0,0.3,-0.008873027897455,-0.735453768840954
DPZ,Falling Wedge,bullish,1,0.6787271362086839,3,35,743,744,2019-08-30,2019,0,204.4372129269921,204.6472352525004,257.2818650257907,199.43045553960303,0.696864587316327,-0.0010262651496327,True,0.0651465888128208,0.0388877826378455,0.0362307674676811,0.0274250787809335,-0.0295066342889847,-0.0318663889320249,0.0213292757012828,0.0575067565676319,0.0445830777592231,-0.0101426564815952,0.0077520100262702,0.0244472037452625,0.0099570484476638,0.0233793060326983,-0.0204644936683084,0.0082184594823644,-0.0078237598622626,0.0141195274285246,-0.0517654016354512,-0.0290366274888236,-0.0598433999995385,-0.0308737864913478,0.0649653206832609,0.0928903623656154,0.0598860048446312,0.0806933488886298,0.0229028160162947,0.0507052512325321,0.0200054906530269,-0.0227658843196245,0.0155344720635992,-0.0192638998057161,0.029780084302573,-0.0612044667526563,0.0017131002987222,0.1388895054530992,0.0139714206582433,0.0030346286513358,0.0053572322964092,-0.0694084576063152,0.0408520665595757,-0.004031838548499,-0.1151774069638923,0.1851040909273882,-0.0574213640419155,0.0799268528674749,0.0919973184402025,0.0659438217690331,-0.0135491207267807,-0.0020101857030224,-0.0138259441815815,0.0410146081441638,0.0156715666687805,0.1131142931581361,0.1105544724417459,0.0406707134677903,-0.0620260990696619,-0.165804349990646,-0.0307740039911409,0.1037478479333011,-0.0407264221413012,-0.1171708422928802,-0.0689457738444004,0.3070868622481031,-0.0475142982907774,0.1246003243067108,-0.0763036116911909,0.1827689032484558,0.0719683714555123,0.2030317498783518,0.1544010708257686,0.1901237171431211,0.1638626822216111,0.1555055919767201,0.0859087017238069,0.0742342196119802,-0.0519275037787977,0.1176090835716929,-0.0340552008068101,0.0754343759207838,0.048990804960274,0.1094403180128607,0.0660891241291217,-0.0398270057207349,0.0599804646341806,0.0336046903919449,0.068770208255386,-0.0197613586575691,0.037633818748558,0.1187906458305294,-0.1522814571115764,0.1476254538254976,0.3081289506324369,0.2246820836729757,0.061097084815298,-0.1159361372301814,0.0240839711354421,-0.1004220785382093,-0.1118319791195024,0.0716560933259771,0.1957993297893379,0.0841873863023938,-0.167904303532046,0.1232015042772518,0.0421156392923343,-0.0678728634076942,-0.0552529437926636,-0.0130790656779387,-0.1071079737352941,-0.1364201006330855,0.1292653864730375,0.0774388440316697,0.1363422080411906,0.0482505114725706,0.3022484249679425,target,791,48,257.2818650257907,0.258488419706985,0.2655815281688797,0.0052100164295101,10.5546660263393,10.84429366609494,0.212736738719497,10.5546660263393,708,0.7632678042953375,6,0.0896798805364358,0.0072376126051993,-0.495651113719984,0.0,-1.523693201349401,-0.7604253970540593,0.1978570419720426,0.1229785425444804,204.6472352525004,199.43045553960303,257.2818650257907,5.322949554631025,-0.1298535115604175,-0.1041004518716371,0.0257765440099956,-0.082882344777261,0.9658683164862334,0.0046611495402426,1.0,-0.0005808884578653,2019-08-30,53.0,9,0.205683360156637,0.1526926421780283,False,False,True,0.0,0.0,0.0,-0.1045880946808373,-0.9435879464605909
DPZ,Falling Wedge,bullish,1,0.7058928344136055,5,45,1065,1066,2020-12-09,2020,1,352.469204325293,354.7160936476423,398.7151395831274,341.9033741039153,0.6485427117607926,-0.0063343314909789,True,0.0011228084231116,-0.0120145343662276,0.0138569955618246,-0.0203840420876465,0.015924868199342,-0.0043209088340137,0.0158894418339363,-0.0183651581600419,-0.0334361337226519,0.0087173839307621,0.0092022645408693,0.0049734628973532,0.0011599592379709,-0.0021725738389114,-0.0204644936683084,-0.0456065688836579,0.0095188661820564,-0.0169515091194788,0.0031881490887488,-0.0184651510932227,0.017510716868631,-0.0276263029896179,0.0065153451259144,0.0566850650250414,0.0463756143647708,-0.1709621145945768,0.0536396191208918,-0.074162813015597,-0.033051595575467,0.1505382705811657,0.0019737623780731,0.0550395821519416,-0.0356862950553115,0.0366817529386731,0.0138041246208724,0.0623504528060396,0.0312606766883849,0.0591822415547618,-0.0327350102760478,-0.0156749478943077,-0.0052244772530253,0.0304743106068265,-0.0174389300004643,0.0028843476699054,-0.020689194044755,0.0520748768546422,0.0176369014476576,-0.0303013830783935,0.0021064087521969,-0.0666137042420494,0.0031529017030398,-0.033745833143196,-0.1038681798638178,0.0736164233877458,-0.0248541517888157,0.0573811376639672,-0.0051747191453467,0.1022072274631569,-0.0557362489233893,-0.0684979362891374,-0.0233695415118432,0.0702718831784552,-0.0626121889519402,0.1234228181699321,0.0606461469485264,0.0013438504974607,0.0483860906149948,0.0359377031713157,0.0109368970630948,-0.0053155345558081,-0.0786781989916863,-0.0398270057207349,0.152610545080813,0.0896825949416004,-0.0480692370173848,-0.0472070754184242,-0.1871461842720425,-0.0443260138785226,-0.0464963054720863,-0.0281209976911541,0.059384138230204,-0.0901602122785726,0.065749841917182,0.0723710080427806,0.1334727886631477,0.0613495752516879,-0.0323350062997958,-0.1292401778692733,0.1325726944474776,-0.1087812891460291,0.2319589565661657,-0.01518766645966,-0.0733097906597772,-0.1374924653768987,-0.0445752996489139,0.0221372538893303,-0.1236641222169344,-0.0329262117340302,-0.0564157044178704,0.2051887827461029,-0.0718259193646229,0.1743111964401751,0.2054769873583748,-0.2032711170728681,0.1049906427621691,-0.1140041575510821,-0.1142857238216067,-0.0564157044178704,0.1302605724814109,-0.0498842327135935,0.0333184749300541,-0.0301417953878825,-0.0134218308643954,-0.0059078488215847,-0.0712570027884953,stop,1098,33,341.9033741039153,-0.0299766053082654,0.0588311690317613,0.0408045740332376,-1.0,1.9625694246152632,1.3612139738179965,4.37693340597749,1019,0.6473831377644959,7,0.1711720836548393,0.0846555536893371,-0.3858631045485828,0.0,-0.9056452983419324,-0.2582621605774349,0.4073754133561478,0.1131511559262578,354.7160936476423,341.9033741039153,398.7151395831274,6.268610356132809,0.0172024815901952,-0.0238269489166113,0.0176878294049768,0.0097442907311204,0.1460125178752741,0.0016549286451044,1.0,0.0361823938186502,2020-12-09,30.0,19,0.3381574593459098,0.2783968669134897,False,False,False,0.0,1.0,0.0555555555555555,-0.0103811935020891,-0.3941195510266642
DPZ,Falling Wedge,bullish,1,0.6800141589750986,3,38,1104,1105,2021-02-05,2021,0,346.1954490367667,347.2024698155649,382.7728006985512,337.5590823131474,1.000607773715234,-0.0029003848369313,True,0.0263260788470813,0.0176684862800842,0.0786972148271194,-0.0122103919518523,0.0250154506998034,-0.0188319743911228,0.0500484718963369,-0.0453471731185504,-0.006076667077158,0.0394143773249893,0.0467433752732828,-0.0264374382351235,-0.012168016695048,0.0111290509550936,0.0032426225549615,-0.0003932200768883,-0.0329250252097673,-0.0380351047162361,-0.0199671652997559,-0.0242115613642749,-0.0301718110161375,-0.0307691525656603,0.0284887857563808,-0.026992409929766,-0.0212381067713168,-0.0090426245585609,-0.0301194005105849,0.0862684435572271,0.0420751107464891,0.0347497734192092,0.002256336739447,-0.0763093572917985,0.0205271493126821,-0.000801143752639,-0.0597153211274537,0.0284203093764083,0.0567412228604582,0.0233313390421796,0.0762289091510881,-0.0163788368103054,0.0400801535929369,0.0495526235868937,-0.04947527533661,0.0838413512238949,0.0180667448018201,-0.0430072853309051,-0.1113272854426892,-0.0919321030545807,-0.0792931467612683,-0.0572898355623636,-0.0267317466994142,0.1632254233563275,0.1291433185113772,0.1247083595078206,0.0486753800632195,-0.0943713866848998,-0.0484151000002579,0.0124340569366119,0.0048730559539076,0.0556091554910882,0.0780643193412542,0.0560272400633095,0.1404008414074451,-0.0596989879938183,-0.0216178022843039,-0.0264959734973468,0.1735098097821563,0.0721210311409745,-0.1435711860462802,0.0170295548298091,-0.0296738855596601,0.1128675519256079,0.1249467759497418,-0.0240820155270197,0.0635168478602798,0.0377826226423221,-0.0689205216243771,0.1004760907912158,-0.1100774947249056,0.0124905406739279,-0.1266036886087478,-0.1816739551742281,-0.0046756210431633,0.2302747320408116,0.0963223962288257,0.0032678696423351,0.1571607380889359,-0.0860615092236948,0.0875219562714537,-0.0256260001938822,0.093022706770977,-0.0075669463085116,0.1594534029026153,0.0882654606812802,-0.0449407978404247,0.0047671370808173,0.2285524961405014,0.2119838017539803,0.1828401627366807,0.1662191589997714,0.1970879651629757,-0.0400865873493879,0.1803123150501886,0.1119439363840644,-0.1809542856857736,0.0146778761754726,-0.0754277799536454,0.0091224095275894,-0.065418567826207,0.0147946714135034,-0.1824764211174788,0.2891587116330398,0.1760175728129418,-0.0505543451494929,0.1020724314051595,stop,1114,10,337.5590823131474,-0.0249465056448563,0.0340000739515983,0.0375708995825006,-1.0,1.3629192976214968,1.5060586086631849,4.235270783690835,1066,0.5894623893287914,7,0.079012351210293,-0.0216922074016328,-0.0348646612626518,0.0,-0.9318914764212156,-0.3424290870924234,0.4285988018960468,0.0904431248301577,347.2024698155649,337.5590823131474,382.7728006985512,7.29018607476665,-0.0257086766262408,-0.0170605229114088,0.0209497107719537,-0.0351607653036832,0.4343802391070887,0.0028686291420807,1.0,0.0227117030656274,2021-02-05,33.0,10,0.2066716408389948,0.2247717346396909,False,False,False,0.0,0.0,0.0,-0.024708930321035,-0.4839647794013597
DPZ,Falling Wedge,bullish,1,0.7186197878837053,5,56,1533,1534,2022-10-19,2022,4,302.39185649971586,305.10155246410113,427.4753376487256,275.416782038169,3.3461425789664143,-0.0088812919583688,True,-0.0006205966875356,-0.0386335867348444,-0.0250302571396334,-0.0133204072502122,0.0452821327821357,-0.0048114684497567,0.0187473489648348,0.0715155337567456,0.0330733883612042,-0.0148237443201173,0.0215641607504388,0.0187473489648348,-0.0323232507074301,-0.0365721057120476,0.0414986823756824,0.0318552208689331,0.04309706992901,0.0425918016713917,-0.0097313476951972,-0.0131759711657377,-0.0530671625803714,-0.0027249098287188,-0.0087401998663351,0.0521697763437731,0.0335843330638292,0.0425750462865752,0.0164233886909535,0.0130059745163826,-0.0375204881195861,0.0510385037025649,0.0013259542710442,0.0210911080839231,0.0044540331566436,-0.0461963097999933,0.0330578240478203,0.0564808769421192,0.0665151184053693,-0.00596608944395,-0.0095825247933387,-0.0006008466463195,-0.0038552347384729,0.01550588892036,-0.0899944669361866,0.0330053913445715,-0.0335450754448368,0.045808872721491,0.1311217046211077,0.056617084176805,0.0370521811014059,0.0787169537093657,-0.0380953621618125,-0.0890322988905049,0.1561184507465958,-0.0685732158254496,-0.0065751561660987,0.1455015951904097,-0.0267174527837393,0.0839118565258365,-0.0879813019863285,0.0616291127898807,-1.3781401764667578e-05,0.0292991340560333,-0.0188841969056142,-0.052669974517537,0.1117635083329215,0.0020665618186006,-0.1040742035941931,-0.0431741820309007,0.1226082932207524,0.1112858547661488,0.0525951540668316,-0.1177835666199742,0.1153992029178543,0.0415476893406616,-0.0232252171061492,-0.0604794742892805,0.0311119241166968,0.0435273093027142,0.0753750149680592,0.0051638636822624,-0.0913033971383526,-0.1894226343302393,-0.0130246216881314,0.0107766102713631,-0.0895526280834699,0.1506277839437193,-0.0365031370179758,-0.0059236953866343,0.1006230324825003,0.119564502898849,-0.0827951166949613,0.1121006824876732,0.0714403697230561,-0.0143312329423765,0.2041369634827601,-0.0794689680084772,0.2457301350495151,0.2179958167348175,0.1325041861588192,-0.0341759189684457,0.0100527438918611,-0.0076436675617546,-0.1182656223777585,0.193747334298568,0.339295575840209,0.1660705586292676,0.1318322164143366,0.0843623824597643,-0.048037792990037,0.0144393707782708,-0.0763665647697623,-0.204525904697751,-0.192878348059286,-0.2882485668128366,0.036912573248452,time,1593,60,323.9948425292969,0.0714403697230561,0.2258707945788321,0.0251380437720874,0.8008499127732239,2.532022256291571,0.2817986558609383,4.637002256557885,1473,0.5765418302827134,5,0.0659476165557147,0.1351545199067851,0.5371730980098621,0.0,-1.672067266125335,-1.09552543584262,0.7035066764561577,0.1986675243138362,305.10155246410113,275.416782038169,427.4753376487256,12.930020239513482,-0.1650193247020186,-0.0865541709204146,0.0426031220512016,-0.1794021846980372,0.1869069851610543,-0.0039828878400433,0.0,-0.0235565875584929,2022-10-19,28.0,22,-0.2528213536639874,-0.1754907858968876,True,False,False,0.8571428571428571,3.0,0.1428571428571428,0.0058383432355716,0.2252818658807965
DPZ,Falling Wedge,bullish,1,0.784170263418241,3,30,1689,1690,2023-06-05,2023,1,280.6961698972484,281.5522240917285,345.11339542046335,268.4949834870524,1.1330281040192547,-0.0030404810235176,True,0.0163637013564965,-0.0003470721109837,-0.0058984218452547,-0.0036658008919571,-0.0694123218980697,0.0589998410889427,0.0755639790750031,-0.0111265060356371,0.0029081187439177,0.1051227437628159,-0.0964098800354765,-0.0073777580698869,-0.0029824868074705,-0.0475055225090028,-0.0010061484743838,-0.0158873998835401,-0.033319787900249,-0.1367282787998771,0.0490951299981246,-0.0071112576623203,-0.024307186369191,0.093726558125939,0.0202298206758752,0.1005051935212231,0.0720665278890662,0.053581175984547,0.0644549323753813,0.0929228579741916,-0.0552443324229173,0.152663858389215,0.0670680364553666,-0.0407313890403854,0.0280214201104391,0.0225288100491702,-0.0135180002335074,-0.0671466636090367,0.0425750462865752,-0.0652197427604477,0.0588847576424635,-0.0353513918048886,0.0343896571849327,0.142650312604996,-0.0380995458630324,-0.0345530528909244,0.0244494228901552,0.0787888850551084,0.132349802128604,0.0899141662457354,0.0658839048703172,-0.0549939804881116,-0.0246527890039062,0.0998570264283811,-0.034837565420128,0.0058893229468881,-0.048628994249447,0.2020626487054659,-0.0261680440327543,-0.0258536502834687,-0.0424677463309314,-0.0221022374094135,0.0736350116171882,-0.1427583831024643,0.0835040317592694,0.0446263726006603,0.0171433480121361,0.0726803304573293,-0.0739804537357698,0.0486753800632195,0.121474125458381,0.3464741411174086,0.2875714068920101,0.1668262695297382,0.1249572854221372,0.0787161876278135,0.2653988909573368,-0.1116637733994562,-0.0090527951128772,0.1457453730009905,-0.1154335725378017,0.0970339742030856,0.0607007858164849,-0.1307940964831145,-0.2028949665704398,0.1249467759497418,-0.0497333474655116,0.1600863551559346,-0.165551969960093,-0.0366600840522757,0.1437552730593718,-0.0771899845143113,0.0699709278683942,0.3195159656926511,0.3325801364435579,0.2716072876293236,-0.1360950560217501,0.1621626589836848,-0.0132579440104273,-0.0347344391593678,-0.0927316448940989,-0.1803678915503175,-0.1727905850351179,0.3588578327881411,-0.1643733174586383,0.074602874105726,0.160545023505372,0.1162955101588492,-0.0536881619851989,-0.231032549644036,0.0236857938295569,0.0568181894410553,-0.1442827099472513,0.0666167278684684,0.0639174191027671,0.1161291086227829,0.3337662945085479,target,1714,25,345.11339542046335,0.2294909315891111,0.3858575230056766,0.0192592633693709,5.279587030109165,8.876901408802679,0.4430717867163516,5.279587030109165,1658,0.6328130636693359,5,0.0287932043364695,0.0800785912079895,-0.2854205047690785,0.0,-1.4628987031938827,-0.8300856395245579,0.4748958055977179,0.1328820715237508,281.5522240917285,268.4949834870524,345.11339542046335,6.573871579315961,-0.1157407969576518,-0.0590086192623361,0.0233546201991559,-0.2221135025228133,0.0073219944889416,-0.0022099457956098,1.0,0.0350677502264606,2023-06-05,28.0,12,0.033857875644117,0.0862878964264799,False,False,False,0.2727272727272727,1.0,0.0909090909090909,-0.0526269944617072,-0.4623357829222421
DPZ,Falling Wedge,bullish,1,0.7219207053803195,3,38,2209,2210,2025-07-02,2025,1,440.43223081354176,444.1642129985348,497.9730579330658,426.4056757591618,0.7138629488359858,-0.0084022577140976,True,0.0403364952249627,0.0349223957808653,0.0854642040393822,0.0315895338225233,0.0158237122125366,-0.1436391562997677,-0.0125112195966805,-0.0536599389266225,-0.0232643884356222,-0.0670248451003684,-0.0009135823188407,-0.0440501905647693,-0.0778607008788939,-0.0028814253381181,-0.0411174837589665,-0.0306132213591107,0.090140734668169,0.0339278379017731,0.0211639011172757,0.0250027571192037,0.0027270517677757,0.023114052572646,0.0487656135927865,0.0376576720023498,0.0286771081747341,-0.0104395225921901,-0.052669855640971,0.1123420272702626,0.0055317744412686,0.0229028160162947,0.048962254162381,-0.0568445248936453,-0.0013171706564084,0.0409998511923375,0.0877971537460666,-0.124079998157637,-0.0266901520671535,0.0660825527482096,-0.0003601011376181,-0.0430792534203459,-0.1042755256080902,-0.0141434351871324,0.0440556018556876,0.0144827107966727,0.0198932829387401,0.0362001477120133,0.0254814673707219,0.0100104201991699,-0.0127870343637375,0.0229485738253472,0.0910747993746452,0.0272735390072651,0.0045165130269071,0.0844594904609743,-0.0297953312130152,0.0028992977579918,0.0697841975457098,0.0716236465950876,0.0992532057232307,0.0867538166689971,-0.0899029009161672,-0.0351859869024948,-0.0496647143176348,0.0799330788716778,0.0128954469336293,0.0449107369933365,0.0010318967000879,0.0066551828317666,0.0010475946405417,-0.0060660222949067,-0.048591556632723,0.0576517550616502,0.0163697757129281,0.0010575823779825,0.1715831505336376,-0.1899212813421735,-0.0728721548715837,0.1672333876684599,-0.0372895052263473,-0.0639102272291253,0.1507844560227356,-0.10834719127481,-0.0945490044056716,0.0510790033522323,-0.0234565729405464,-0.1113552869720228,0.0447386784946561,-0.0143415035446258,0.1962646900057896,0.1554513665964987,0.1588524714654058,-0.0288172017691602,-0.0315834747196175,-0.0977813383280727,-0.1762320934835629,0.0784775949699834,0.1739574351719024,-0.1482186740799153,6.794776272700531e-05,0.0696998504668342,0.2424520054510153,-0.1248574390195778,0.2392763069611982,0.0115111597269446,-0.1383305429045283,-0.1069539347697876,0.0663326172344036,0.0468387399296128,0.1742030964130689,0.0663326172344036,0.1418475441620295,0.1057056031044507,0.1409241058535832,-0.0262240504945618,-0.0734239692041287,stop,2236,27,426.4056757591618,-0.0318472492997864,0.0980739957659548,0.0402922281656139,-1.0,3.0795122945394344,1.26517137434171,4.102277921873351,2170,0.5495200530728368,7,0.1067048281307042,0.1266742526969031,0.220835046735313,0.0,-1.2054912435365297,-0.6559711904636986,0.7239924471456394,0.0907985114731127,444.1642129985348,426.4056757591618,497.9730579330658,11.2187203793482,0.0142494275524134,-0.0353710843630588,0.0253463751091178,0.0650235802919514,0.7352942729370276,-0.0050269989268503,1.0,0.0439435235081804,2025-07-02,16.0,8,0.0117671311600091,0.035140861725873,False,False,False,0.4285714285714285,0.0,0.0,-0.0319791015852736,-0.1830360865949149
DPZ,Falling Wedge,bullish,1,0.6102140697901332,3,25,2247,2248,2025-08-26,2025,1,441.543791056018,437.3535683631326,483.83615603286125,421.2541873714083,1.2497993932122304,0.0095808585912948,True,0.0303860692978068,0.0316737664068947,-0.0092535148350502,0.0396821854703326,-0.027396230590352,0.0368825827468295,0.0098303997713651,0.0723847852191075,-0.030486365381993,-0.0301148226743976,-0.0214578737792771,-0.0163226852568079,0.0020431935093263,0.0104934978932922,0.0092499411120088,-0.005666030315743,0.0368319634448937,-0.0419140646838375,-0.0502340023290347,-0.0021278217223169,0.0044662657159844,0.0520350439245422,0.0284397469358632,-0.0050347935415092,-0.0168875728630854,0.0797715741319224,-0.0722366625502309,0.0602205199569063,0.0367589369882355,-0.0069712057228228,0.0343896571849327,0.068126798336396,0.0088005096118544,0.0890730951037399,0.0093652699489579,-0.0105654089266832,-0.0800221961052027,0.0026189615688845,0.0227613290304244,0.0013259542710442,-0.0471510390503606,0.0149109636384436,-0.0243395277502013,0.0909155471854987,0.0223786647743442,-0.0200413806228134,-0.0571871685482395,-0.0856755262128726,0.0366982021139983,0.1105544724417459,-0.0531771370262421,-0.0381379225502261,0.0091622674855134,0.0955755998438543,0.0063461034601295,-0.0413164094069969,0.0315823805258594,0.0033230121483234,0.0172839085177549,0.0159903711349025,0.0071304333795521,-0.0571040743198397,0.11976163762821,-0.0046035172497351,0.1685168223292421,-0.163736007964041,0.0633569924791102,-0.0005336836031124,-0.0735208411166397,-0.0582512728167853,-0.0971630878694101,0.1790565963103496,0.079038242403757,0.2339748696470125,-0.052587202732018,0.0163778304684716,0.3377516151535678,0.1464744548090204,-0.037365776759164,0.2761101885678927,-0.0685584296581192,-0.1172714515121066,0.1226039776736469,0.0239761068683854,-0.1894226343302393,-0.0444223275259314,-0.0442069042255091,0.0243716909929743,-0.0496526214199202,-0.1073769450037226,-0.0554816783604995,-0.0919207528851777,-0.1140041575510821,-0.1448729107355701,-0.0062459037595773,0.2151112674310547,-0.206746693490005,0.2452922476861929,-0.0567756445158563,0.0855726132658898,-0.0221168635455488,-0.0801448178262602,-0.0304233421452205,0.2209905222836956,0.2468977204494704,-0.0017920767801382,-0.0183137093116525,-0.1383305429045283,0.1310138306818893,-0.0351297014713914,0.1742030964130689,-0.2294039362388041,0.0778204621308809,-0.0848455644875584,-0.1383358057443622,stop,2263,16,421.2541873714083,-0.0459515094439083,0.0356858835380991,0.0527090786550375,-1.0,0.7765987226526224,1.1470586993312586,2.0844352425140453,2221,0.5859711382465439,5,0.132246247118159,0.0171415903142353,-0.254220194266019,0.0,-0.9644175672751468,-0.3784464290286076,0.5700431982930241,0.0983821871035131,437.3535683631326,421.2541873714083,483.83615603286125,9.481013053417428,-0.0100629213284416,-0.0147320973817094,0.0215495101449988,-0.0325994282057005,0.4046764366869742,-0.0009117859259418,1.0,0.015584066119813,2025-08-26,16.0,8,-0.0472794754250468,-0.0604095206059417,False,False,False,0.5714285714285714,0.0,0.0,-0.0041983070772058,-0.0827902797900975
DPZ,Falling Wedge,bullish,1,0.6362821321398622,3,42,2311,2312,2025-11-25,2025,0,408.4723635241321,397.8500759870415,431.79516068298335,377.9471578562264,1.2426841670984208,0.0266992220894701,True,0.0344588503293843,0.0252207772293509,0.009488251887288,-0.0366542719134134,-0.0203956470803392,0.0223880667484133,0.0209799673569104,-0.1148620612963404,-0.0016596843607288,0.0396821854703326,-0.0140387451650724,0.0114577318572228,0.0013044349667832,0.02852475680128,0.0400873945570461,-0.0041259581166446,0.0243636610137172,-0.0273085496416868,0.0179559525890846,0.0059530303135848,-0.0012018306307364,-0.0187597701215811,0.0352999045676283,0.0037622906383349,-0.0109065014816844,-0.0379700987104242,-0.052812773017913,0.0940936544857202,0.0142551899492104,0.0597435074639662,0.0369536769834242,0.0325240724044728,0.0182983075197766,-0.0337893747985932,-0.0124365196052973,0.048345360594866,-0.0155081842672174,-0.035611369318803,-0.0102866504534472,-0.0654805747091235,0.131764792796978,-0.0172925355607037,0.0026189615688845,0.0057143116110027,0.0895944096106777,-0.0088736175890378,0.0235833231417059,0.0017572760090425,-0.062570438663982,-0.0242156226486468,-0.0553991916430995,0.0549285703561341,0.0373918946773983,-0.0432668893165051,0.0498899879715251,-0.0580768520417791,0.1154601959245138,0.0665345089728952,-0.0051281077549945,-0.0480699118350195,0.015281772282895,0.0568998515632666,-0.0199754551856387,0.0396873297850151,0.2450760896219099,-0.0974092330371554,0.0973857542379423,-0.0406024165960792,0.0073922313081761,-0.0041337424040726,-0.0294380180351214,-0.0124842317425455,0.0024159064731934,0.1037836150868349,0.1835312080370044,-0.0945902016664949,-0.0590597201385389,-0.0646494309730135,-0.0232816300210174,0.1342937892505429,0.064253224506894,0.1404730337762518,0.1457453730009905,0.0189533208513221,-0.0731506549715269,-0.0712300316689736,-0.1027423221833377,0.0445577530651699,-0.0358420581478438,-0.1691122593979047,-0.0318709613704013,-0.0091334284924028,-0.0034360118167435,-0.0207772974750273,-0.178437279987501,0.0838126268014989,0.3231361943809021,0.1010954769952747,-0.1348750058829961,0.1557101593446543,0.1359776105244872,-0.1523775690069098,-0.1649281807328076,-0.0784304057430684,0.0184824109305934,-0.2046491199539083,0.1340285596404036,0.0684384463728697,0.0483693566895881,0.0024644616783688,0.0449428900253152,-0.1162214987656091,-0.1534253678646543,0.0324259586943775,-0.0017129980237875,target,2324,13,431.79516068298335,0.0570976135512124,0.0588311184648605,0.0100404795862947,0.7640504510465218,0.7872473086520725,0.1343564551914447,0.7640504510465218,2269,0.3784830006964002,5,0.0277772353608746,-0.011270493760321,-0.2238882302345584,0.0,-0.7757622758560603,-0.397279275159664,1.2017721583268623,0.0854920456573739,397.8500759870415,377.9471578562264,431.79516068298335,9.219801922927294,-0.0714978674075506,0.0060552595478835,0.0225546673950966,-0.1288579846460396,0.960272818673406,0.0023095284496343,1.0,-0.0175239889734202,2025-11-25,16.0,8,-0.228955664462267,-0.1802366646978865,True,False,False,0.7142857142857143,1.0,0.1428571428571428,0.1079503885310104,1.9134547571370453
DOW,Falling Wedge,bullish,1,0.7408052964064653,3,36,53,54,2019-06-05,2019,1,33.81484835617888,33.30903110705866,39.87139545651738,31.28922126748553,1.5337844165064212,0.0151855887820475,True,0.0439542628876394,0.0259520454771899,0.0145613159964155,-0.0284904994112166,-0.0747406723814183,-0.026001709196711,-0.0088244301002646,0.0048824597337429,0.0678149070864724,-0.0290187724278059,0.0108972098111534,-0.3886881548201839,-0.0281550268164842,-0.0336791192041284,-0.0135329151756277,0.0523101709163535,-0.0216317938843496,-0.0198286666334125,0.0348182649247608,0.0357735120374973,0.0428164083761359,-0.0244850765014088,0.0656143922711634,-0.0354016106496035,-0.0698890027287912,0.0543815574838002,-0.0821210139811924,-0.1622582475789172,-0.0365885269275543,0.0604561260265346,0.0190005972337639,0.1675289259273431,-0.0093277447284761,-0.0305368234600759,0.0422100955925075,0.0035846417134952,-0.0268432546673119,0.0089138438333462,0.071142813536362,-0.073260083841422,-0.2166236786004781,0.0715172330710964,-0.0169520140944225,-0.0454333644419931,0.0450270887588386,-0.0275925191923657,-0.0188937063587526,-0.0787728233306146,0.0495984381025742,0.0550298373347528,0.0640558855837889,0.0171039245872168,-0.052972188949475,0.22099603413905,0.0923727061308745,-0.0226168848266993,0.1817005693640161,0.0442089345314613,0.0226442458601809,0.076215875183774,0.0521616285658845,-0.1631165188817644,0.0921184424476249,0.0476560743456764,-0.0364960637646816,-0.1044708221885815,-0.2214059610055228,-0.0203839248985195,-0.0386137179418342,-0.0682176304052173,-0.1140502995296997,-0.489625035122342,-0.1351043302273925,-0.0986297435097462,-0.0490923013768775,0.0751793389213719,0.2257526988777178,0.1538160239976829,0.0316118212364895,0.0885936439157542,-0.0041840869168084,0.0526670349564633,-0.0883851696660262,0.2152348382866724,0.092417907138717,0.2233524464361576,-0.117517334930037,0.1610181781974557,0.3104816243252783,-0.0076327756174768,0.1452014844434344,-0.1074754435735417,-0.1432136289248249,-0.1810298273653037,-0.106485551363189,-0.4754120980567258,0.1163394175262502,-0.1829173722230754,-0.2977621941856634,0.1159038323411305,-0.0701608958221096,-0.1336727178196138,0.0381229984732169,-0.2347956961335745,-0.1260630260353098,0.0042270874861272,0.1325131308408051,-0.0276427562100018,0.0506046303403067,0.4617596334075573,-0.588601324294421,-0.173723699807788,-0.0972688611599797,0.0407923150046565,-0.0655014715402548,stop,94,41,31.28922126748553,-0.0746898836301257,0.0538983678689491,0.0976531352844962,-1.0,0.721628756792032,1.3074479506232417,2.3980369578122898,16,0.3904826364278364,5,0.0629496829822687,0.1022090895486427,-0.3378564911932549,0.0,-1.7998225123302574,-1.409339875902421,1.4186592599463337,0.094642880414216,33.30903110705866,31.28922126748553,39.87139545651738,0.8916492188170364,-0.0393075480087581,-0.0451000616240238,0.0263371409262321,0.0255817111213703,0.8486845572568305,0.0112155065241346,0.0,-0.0172613999908697,2019-06-05,,0,,,False,False,False,,,,,
DOW,Falling Wedge,bullish,1,0.8053113564663186,13,142,673,674,2021-11-17,2021,3,44.3847545707236,45.58579123059139,55.72815577299131,41.5837333476414,0.5728752710369265,-0.0263467327745274,True,0.0047984488205821,0.0043723923930083,-0.0178746627519218,0.0314286391997662,0.0348499295589876,0.0884381117697621,-0.0262101665788587,-0.0057547752393226,-0.0159385385267959,-0.0515186269165021,0.0623586401636537,0.0494047571217661,0.0409909621768478,-0.0084730934169944,0.0219264673081356,0.0567203635011732,0.0454126647495647,-0.0019046771890988,0.0703786115831115,-0.0229138981201684,-0.0445795991970334,-0.0009080947543455,-0.0104932019015042,-0.0773908765171201,-0.0521587063465633,-0.0813818424247028,-0.0253100223230219,0.0057784803010991,0.0418545286615819,0.0569451880925226,-0.0233822535151572,-0.1022463050565204,0.1353452275802713,0.1489430365572945,0.0042705841491312,-0.0537704151538152,-0.0012637024895233,-0.0200145831059954,-0.021636105557786,0.041984791435214,0.0592696138263109,0.1429755293997638,0.1315312052825954,0.0243959767068269,-0.0003508668661226,-0.1005877797921185,-0.0527557974993264,-0.0468102674579435,-0.0774555772407966,0.0436224629784758,-0.0638016719281108,-0.2220635543841831,-0.0512267668747001,0.1170702579661999,-0.2704254452499706,-0.0314069060758164,0.0528144244051511,0.0917514749348173,0.0252628704914803,-0.1193252001303725,0.0171400960002696,-0.2760847346812578,0.0464429820498599,-0.0833187040432985,-0.1409725483966074,0.2179707124389398,-0.0018371477123887,-0.2432875410446104,-0.0042992716744805,0.0537656467972171,0.0599187099786855,-0.0292816671229251,0.1569097346208381,-0.077245044040216,0.0632985643995576,-0.1835999168132013,-0.0346933177015615,-0.0420976906367858,-0.1192873247736542,-0.0124244659715123,-0.0562817709926828,-0.0259445435789229,-0.0261988739148297,-0.2718497534487911,0.0090166310544921,-0.0408596648515552,-0.1237088139300059,0.0609879174539182,-0.0601346373611206,0.0524002149313276,-0.0492830516697295,0.0942795205145852,0.0553271158329744,0.1164421266102617,-0.1284236088381571,-0.0668471555542579,-0.2399601730265281,-0.2503946940138363,-0.0706483432049104,0.1771761289033437,-0.1361949963572947,-0.0869943152986802,0.1205350825396218,-0.0931877363605044,0.3041549626760347,-0.0553721666874004,-0.1562908342462056,0.0127326655647932,0.1800183782945315,0.1041195860370909,0.1807302087697955,0.1637142360934855,-0.2535173216618108,0.1773266168037182,0.061193289811333,stop,682,9,41.5837333476414,-0.0631077326026213,0.0234790174678605,0.0857184455205717,-1.0,0.3720466018911483,1.3582875185886676,4.049737684524074,528,0.5926217621590641,7,0.0485704006004837,0.3280917318581953,0.1321952669948372,0.0,-0.8539425642168563,-0.2613208020577923,0.5685847603740665,0.2386209449531397,45.58579123059139,41.5837333476414,55.72815577299131,0.9804425633956032,-0.0520372712378367,-0.0017827918597302,0.0220934110183392,-0.1272959843337622,0.2098786363186798,-0.0030580296192843,1.0,0.0347694168470997,2021-11-17,21.0,7,0.1072633456794778,0.1220865144898279,False,False,False,0.1666666666666666,0.0,0.0,-0.1010321809169097,-1.9221585809713395
DOW,Falling Wedge,bullish,1,0.7231886968098737,3,40,1060,1061,2023-06-05,2023,1,42.45283891228716,41.710985540618594,48.06331203337336,40.33574459945899,1.8369106609750256,0.0177855632527825,True,0.0135003393573771,-0.0032104341101031,0.0051360808604734,-0.0177744356781915,0.0658306233874606,-0.0254236814098713,0.0348059397723188,-0.0834195640633553,-0.0780954651427443,0.1862607695856113,-0.0196764940224349,-0.0040923220956672,0.0318585013752008,-0.1665012475170407,0.0175122428580025,-0.0386174121991306,-0.0949501967976889,0.0662472110462302,0.0850532567980544,0.0048824597337429,0.007856013554772,0.0058867510561946,0.0143613878022803,0.0158483104732012,-0.0125903551589556,-0.012854479398064,-0.0488029827888066,0.1675289259273431,0.0733281484075112,0.1771338557615129,-0.0963785569135502,-0.0106182345358639,0.0430750187741195,-0.0276873081545924,0.0708426905258152,-0.0305368234600759,-0.0734748621492887,-0.0011327134259816,0.1040268897958804,-0.1240384861361755,0.0538509807829623,-0.0678861646415355,-0.0025237935562673,-0.0080157603411165,0.037677850384916,0.0046726007302641,0.0338486136455316,-0.0085870222373369,0.0686138853187174,0.0034128521665646,0.0249124446186563,-0.0113933494158493,-0.0263589087098738,0.0830535646111405,-0.0288301142908474,-0.0762685275589315,0.0366135755618346,-0.0275229246559636,0.0101408838021253,-0.0033127688118411,-0.0089165867912307,-0.0608158691513732,0.02491995820593,0.1838113751712669,0.0134451948308753,-0.0925852064390899,-0.0090504044964324,0.0779562358454397,0.0247573481549757,0.0702407282240857,0.0113379939986872,-0.0003162206895259,-0.0582913443735048,0.0057588503308838,-0.0771988732217201,-0.0171136332766645,0.3185056077472188,0.0361219557545677,0.106681801269121,-0.2616147304467696,0.1293663713328938,-0.2670533802188384,-0.1757458216606015,-0.1661832442147514,0.1558064060887047,0.0702407282240857,-0.003314566018843,-0.190570132162914,-0.1960231848053581,-0.2384480383271093,0.0254162465038887,0.1104394883323476,0.0849677098576771,0.0239948610434428,-0.2507936069592066,-0.1552883445680839,-0.2644509678507373,-0.0273032474574943,0.1445589994906175,0.1546784751772003,-0.0263922361135696,-0.0326971180783305,-0.0907618265440306,0.0624838801533815,0.1365563803753899,0.0909292626282147,-0.0890704450767828,-0.1189325324489245,-0.1055675204418804,-0.2095574101353943,-0.0915029461342636,-0.0065306226929731,-0.2458990169665621,-0.1800217239716528,0.1502458382384312,time,1120,60,46.05995941162109,0.0849677098576771,0.1052632312198208,0.0178044944010983,1.703807183967758,2.110781258673468,0.3570229857709192,2.650081806507389,1019,0.6342105855089891,7,0.1006053205276716,-0.0638125746062698,-0.0742365199094426,0.0,-1.458651646969786,-0.8244410614607979,0.4979251713964515,0.0924431417265923,41.710985540618594,40.33574459945899,48.06331203337336,0.8661913034021056,0.0131936695531131,-0.0228045453958505,0.0202490987602943,0.0351790064746246,0.0335181720150544,0.001550108987617,1.0,0.0350677502264606,2023-06-05,19.0,6,-0.0294442513648532,-0.0138118556430262,False,True,False,0.2,4.0,0.8,-0.0191887537608478,-0.11020733125472
DOW,Falling Wedge,bullish,1,0.6366624956589495,3,51,1166,1167,2023-11-03,2023,0,41.83674191137383,41.11153470263406,47.583198591724965,39.44507688894368,0.9222095095466172,0.0176399935926814,True,-0.0050270457255493,-0.0168302708470363,0.0341472922495931,-0.0038257585064052,-0.0269620777517797,-0.0173226256321357,-0.0076065681922231,-0.0521570225450278,0.0074290399085485,0.0301930436934205,-0.0385332184279864,0.0428348623406915,0.0041507570544359,-0.0260642771361566,0.0254927085252985,0.0438632606071123,-0.0095464826911567,-0.0014884642839853,-0.0677145903384009,-0.0386594990058942,-0.0216317938843496,-0.0269620777517797,0.0024911288628596,0.0396140412461301,0.004433805510331,-0.0171593238571635,0.0239435619566847,-0.0027507352388569,0.0232478872389516,0.0187898851997403,0.0168000937832417,-0.0066426728067386,-0.0338926475946016,0.0116454102073428,-0.1091987584529994,-0.1340125490531847,-0.0994277189470115,0.0301886086993545,-0.0338926475946016,-0.3325886397430587,-0.0029380598857124,-0.0241984479681642,-0.0292436528782153,0.0473842103150365,-0.0354016106496035,0.0740814316096081,0.0620398070901986,0.0133108474334207,0.2165309597379963,0.0097051878107514,-0.0180722920645901,0.0213608802018667,-0.0058934706206875,0.1070141468229797,0.0495984381025742,0.0133130271175989,-0.0070175901368975,-0.0766176982258493,-0.1635168608138059,0.112007010516741,-0.0766176982258493,0.15170832301111,-0.1469654123417865,0.1112005587686557,0.1079286388444156,-0.0207229503853251,-0.0314069060758164,-0.0492840947088861,0.0468271972234388,0.1136130779692206,0.0327334257124507,0.0781206761683266,0.1769891539929831,-0.3913611427671506,-0.0328956725247922,0.0532697507367647,-0.0730732015353718,-0.1402475165535363,0.0285443168212191,0.0217262852681732,0.0044794659110583,-0.075798963224862,0.0106905755995565,0.0800251939733465,-0.156312841620424,-0.2452491737667544,0.2067513462818082,0.092134160330825,-0.156312841620424,-0.0687074738617824,0.3712547280942282,0.124411736684061,0.0913939272583814,-0.0365444790740105,-0.0468617368420101,0.0770772068021341,0.0177863377136513,-0.0648961931514099,-0.1206844291788548,-0.0528135387708116,0.1771055667832863,0.1675464059620108,0.5845981705995644,0.5969458526004696,-0.018468690883992,0.069317274849032,-0.188189735072896,0.1122893600209022,0.0072915662477293,0.1614755474551705,0.1498238109969083,0.1729730951431454,0.0158100534824727,-0.244573510682077,0.0127163065546601,target,1201,35,47.583198591724965,0.1373543067126097,0.1393995356006337,0.0392116191440517,2.402701309112346,2.4384779385046187,0.6859181259380098,2.402701309112346,1115,0.4618664780208259,7,0.1222499805425819,0.0292983112612943,0.007794582488837,0.0,-1.5568060996014184,-1.0949396215805955,0.8679534867657518,0.0808577772863891,41.11153470263406,39.44507688894368,47.583198591724965,0.8674178355502795,-0.0570285495891936,-0.0313760931311594,0.020733394322397,-0.0612287784135021,0.4566928187814674,0.0091856595324988,1.0,0.0119897917565963,2023-11-03,19.0,6,0.0837746769286773,0.0279683633774623,False,False,False,0.0,2.0,0.4,-0.0211337514975235,-0.5426236564476445
DOW,Falling Wedge,bullish,1,0.761398977847078,8,101,1388,1389,2024-09-24,2024,3,47.52906775829934,46.47514634223998,52.74112225290126,43.11452931939646,1.2469608825688965,0.022677097309137,True,0.0163995921635506,0.0208117799750853,-0.0139749469490656,-0.0036811381467966,-0.0055411374294601,0.0537930593419195,-0.0091419178645049,-0.0087038372557431,0.0181323543549356,-0.0109387072566168,-0.0362411038812333,0.0345710608339575,-0.0453257461155213,0.0238703295038076,0.0153543086978948,-0.0133674662384568,-0.0396475904033314,0.0371936587306949,-0.0968661297394667,-0.0289037872590137,-0.0113534557592988,0.0202212823894281,0.0224271376858442,-0.0083861530875289,-0.0119404240894226,0.0819045492569729,-0.0423309537525632,0.0125052669587619,0.0908149468552492,-0.0565226432712127,-0.0365885269275543,0.11999974469422,0.0784671827081964,-0.0335821721888188,-0.1774732673744713,0.0476563147518303,0.0376888975797309,0.0075177784520801,0.0770550005998953,-0.0123181764589943,0.0267225956183627,-0.0684269118513399,-0.0253555244010548,-0.1326408564391369,-0.0488029827888066,-0.0057006661885963,-0.0296308941363389,-0.0509567396270059,0.0020751063867479,-0.0820754954360477,-0.0380920522695442,-0.0061018971462958,-0.0177300069553367,0.011972248214543,0.096697668966716,0.0173738277063866,-0.1089430101944661,-0.0132133668787616,0.005778808842382,0.0338486136455316,0.0048257579984407,0.0042742373925899,-0.0429996970287985,-0.0458527267535258,0.0428732558892621,0.0313792740693295,0.0691650874794624,-0.0378136937011929,-0.02600299114771,-0.1865449987332431,-0.2200919848984871,0.0285443168212191,0.005697969475805,-0.0017281342505529,0.0451881909849105,0.1606001481199335,-0.1978156488062165,-0.0929088387558662,0.1493010778879437,0.2429106809834986,-0.0345666332727148,0.0143026670547659,-0.0151927471140507,-0.225107118467572,-0.0412828048149058,-0.0291682563052961,0.1467022295997897,-0.0735946713033472,-0.003314566018843,0.052495290680482,0.5405790835486655,-0.2201271105356255,-0.2398504392003204,-0.2663589653206308,-0.0369786908213568,-0.0101663615811676,0.4448407534248748,0.1586411243781598,0.1572360356916824,-0.0311708557322402,-0.1122115693320682,-0.0024775563729627,0.0948695542794577,0.1452423583083526,0.3000704280284461,0.1559434348433017,-0.1627464385912465,0.1809957701216824,-0.0504241022586331,0.1017655363307612,-0.2590094435525863,0.1090841604620722,-0.0408633128383327,-0.2628846692742264,-0.2838382469760189,stop,1417,29,43.11452931939646,-0.0928808126713579,0.0374579550151902,0.1158590056430547,-1.0,0.4032905606427935,1.2473944005313669,1.1806567247599375,1284,0.375301414668571,7,0.1013055559043438,0.1230291849994718,-0.1464029784837914,0.0,-1.0724665843657686,-0.6971651696971962,1.5326178169201186,0.1139384635237098,46.47514634223998,43.11452931939646,52.74112225290126,1.0168353353514428,-0.0049284544928309,0.0227434116248077,0.0214780232886454,-0.0447377752757115,0.78095265775601,0.0124902937250448,1.0,0.0218660750117374,2024-09-24,27.0,7,0.0502258104199837,0.0729784960541644,False,False,False,0.3333333333333333,1.0,0.1666666666666666,-0.0231097686602388,-0.6445093641437759
DOW,Falling Wedge,bullish,1,0.6223495714676431,3,58,1459,1460,2025-01-06,2025,0,35.544289738890214,35.436537959975226,47.90393140646586,33.49370160413432,0.8322823347187818,0.0030406971199243,True,0.0146837077174224,0.0401766251465838,0.007115642015286,-0.046827785481347,-0.3007744927432269,-0.0116623803809885,0.0883843292358459,-0.0945609535759944,0.0298890081234488,-0.0290187724278059,-0.0363338373395564,-0.0421969519830409,-0.0047146354428996,-0.0113891444211077,-0.0027475718345365,0.0090479997025534,-0.0255952754360648,-0.0051420788245726,0.0520596064062004,0.0254927085252985,0.003560195075533,0.006017428728555,0.0341535558213434,0.0334177925699228,0.0183194539139455,-0.0464538782214273,-0.0935851178438947,0.0258816784630997,0.0623720021560176,0.0001562886729764,-0.0685475950260052,-0.007613510748073,-0.0199214855760468,-0.0766639448497695,0.0021678025388369,-0.0012637024895233,0.0454828026689109,-0.0562038031831482,-0.0319201286269984,-0.0491861535006907,-0.1622582475789172,0.0243959767068269,-0.0709390739170507,-0.0548792986072051,-0.0500467503532892,0.0648690995356914,-0.039240522303509,-0.0506227022391874,0.324173035810148,-0.0548140934537125,-0.0605059349342141,-0.0569018861391473,-0.0503129843268672,0.0037959407485943,-0.1398442954338522,0.0377884376610933,0.0467526908060267,-0.0089820002980587,-0.0723333607931275,0.0005520065280553,0.055305245477226,0.0746083564447057,0.0519767976127818,-0.0439994164709375,0.0860637213469961,-0.0859373511070059,-0.027873180013669,0.157715341665682,-0.0511018758600449,-0.0345666332727148,0.006794412823278,0.1051246188957963,0.0457180051540342,-0.2617541803719474,0.0285443168212191,-0.003314566018843,0.0416783375803999,-0.2240917099258932,-0.0799000737021546,-0.1086901861730158,-0.1078727687338514,0.0044872182140696,0.0017240978646586,0.1198552066046345,-0.1594128565976248,-0.0659829965040351,0.0061996273526958,0.1306599548433786,-0.075798963224862,0.0439160643881315,0.0028507140656415,-0.0067636262993364,-0.1887677304279881,-0.0898331377937982,-0.2879037936322038,-0.0710522112714664,0.031346315158129,0.1514696754879272,-0.1797262903227529,-0.2455599394120259,-0.0935747634296217,-0.0337248800242201,-0.0339911486871921,0.0072252135831794,-0.1233727349200258,-0.0881812147399957,0.0939346027356577,0.1876905910070192,-0.0772288320035707,0.1879776657716985,-0.2869113528425112,-0.1877456397168413,0.1671352276872415,-0.012761669310484,-0.1440199714838851,stop,1477,18,33.49370160413432,-0.0576910707688802,0.0676962049746632,0.0718986464465487,-1.0,1.1734260444890194,1.246269925108278,6.027364275687148,1401,0.5561977786712591,5,0.037296696882322,0.0308013190152474,0.2304436694830836,0.0,-2.2947283208991176,-1.7385305422278634,0.6429283583823486,0.1042228336855496,35.436537959975226,33.49370160413432,47.90393140646586,0.8078133185437076,-0.2181117632668868,-0.087364799067574,0.0225840143650104,-0.2250945792210167,0.3389842562958634,0.0101520372723848,1.0,-0.0153235725384183,2025-01-06,13.0,5,-0.1638846699285137,-0.149911370770793,True,False,True,0.75,1.0,0.25,-0.0062651605601014,0.2690563202623109
DOW,Falling Wedge,bullish,1,0.7070605377218565,3,33,1659,1660,2025-10-23,2025,0,23.57637244598674,20.66518757076551,25.66581324509619,18.93511014494399,2.6587867639787177,0.1408738665086981,True,-0.0379950981361923,-0.0429768470757526,0.068805429810385,-0.0182973588208503,0.054412168255485,0.0366149213944813,-0.022673242134401,-0.0593221465533226,-0.0126017449616691,-0.0576421168315545,0.0330175549230626,0.0401822421359148,-0.0281251317483401,-0.0049444691626572,0.0244156150977867,-0.0602304768643147,0.034354210192024,-0.019056736879753,-0.0635166784473819,-0.0213983726980342,-0.0495365773376227,0.0033387574086831,-0.0318848904750884,-0.1018592829137243,-0.0927677741027953,0.0609732790313577,0.0601985218465981,-0.0156040591556632,0.3057139574596967,0.0467179532840074,-0.2591857401438876,-0.4679566158719506,0.1429755293997638,0.1052545410249852,0.0444401707945016,0.0426202189615227,0.0906454996791064,-0.0720105948177283,0.0176774876116228,0.0125784504001107,0.0802294356087653,-0.0033228379449289,0.0183811892795546,0.0813114864875925,-0.0256696646009108,-0.1151576933304302,-0.1531931391315949,-0.1178178241196037,0.0313765511483501,0.1368811802904581,0.0179241031925232,-0.0238095510008125,-0.1456232030188549,0.0718001942321884,0.0953514976939022,0.1569954213626028,0.0288331047775587,-0.0128304853961377,0.0288220170104953,0.0205872260529176,-0.1132983439523872,0.0103841797419594,-0.0389491892696411,0.0173738277063866,0.1222879193721462,-0.0445766989291515,0.081603387051008,0.1006735529386859,-0.1802834736818048,-0.0458550204734997,-0.0549332742758652,-0.3913611427671506,-0.2554493860306223,-0.1102228806766226,0.003956225254472,-0.008875702235169,0.1495755909307266,-0.2023902212399648,-0.1577301720910484,-0.0049715351965393,0.0070728003756963,-0.1884376589755528,0.2036009534400737,-0.0771988732217201,0.1310455182172265,-0.1860679132379125,-0.1955944618930567,0.0619463932540886,-0.0601463090315321,-0.0210921172551133,-0.3505270979155382,0.0367883790412632,0.1654021850088236,0.1491924156010637,-0.0701608958221096,0.1164869179854479,0.1605374666947958,-0.0339911486871921,-0.1028433103976359,-0.0370017699052735,-0.1333173677258424,-0.1122115693320682,0.1220659654415721,0.2905782326749917,-0.2381264935272294,0.2023018224023154,-0.125937505207449,0.2352018729377565,-0.0299452724360678,-0.167651393928861,-0.1498234265498736,-0.2240103728238602,0.2023018224023154,-0.1893879838828006,0.179648905493177,target,1713,54,25.66581324509619,0.0886243549085568,0.0917697666917397,0.1540015651095427,0.4501880444550651,0.4661658959287157,0.7822868049219559,0.4501880444550651,1626,0.41627460401759,6,0.0689121211513191,0.0169955190066606,-0.1017271614009307,0.0,-1.1616749076382864,-0.7454003036206847,0.965485788191934,0.1541214465528686,20.66518757076551,18.93511014494399,25.66581324509619,0.9425510922068062,-0.152876974947325,0.0504705051928051,0.0403537860671614,-0.1436893961531982,0.8454810981992784,0.0811058249906442,1.0,0.0208342880164804,2025-10-23,13.0,5,0.1202941251822797,0.0641152409489376,False,False,False,0.25,0.0,0.0,0.0307951393541796,1.4891041680726411
DHI,Falling Wedge,bullish,1,0.733157085968939,5,62,1221,1222,2021-07-26,2021,3,87.38677786764565,84.64953965283235,102.76276205504274,80.3026058321701,1.1057161113403708,0.0323361264106025,True,0.0459618562386836,0.051235656318919,-0.0601905997778844,0.0284415239483757,-0.0157975896316475,-0.0406797661396792,0.0152139660710011,-0.0613206995011569,-0.0379224767585943,0.0010184511012769,-0.026709402162381,-0.0130618981815817,-0.0557338194721849,9.35982592744633e-05,0.0266034011085194,0.0255023076787859,0.0476302432740163,0.0011593292808607,-0.0696298496156262,0.0054088261189797,-0.0183867142226121,-0.0433986042309487,0.060549844881344,0.0234079966417839,0.0183614261955953,0.010671942075205,0.0375825620692085,0.0625718034243594,-0.0993997777637667,0.0004223814311301,-0.0401060458101596,-0.0296343984468759,0.0224047239887885,0.0242352021040388,0.039410745912388,0.0310555109129024,0.0462090531229499,-0.0028474688263605,0.0113785298565411,0.1228494835131785,0.0738466588962267,-0.096726412122972,0.0532030230563331,0.0177847498538936,0.0657097266486013,0.0058768969470034,0.0279701743643026,0.0112622228100651,0.0363755475416196,0.0110238567351987,-0.0075471348642781,-0.0742507054502278,0.1886030095570796,0.0771328084978022,0.0569775142318915,-0.0287014205243058,0.0399139112798034,-0.0954888250425604,-0.0787577673726216,0.008353728883091,0.0154887835680244,-0.050916325238296,0.0038365807674711,0.0100571684149937,0.1751898752099727,-0.0247880578909596,-0.0936832669891071,0.1400427753475233,0.0125270715311968,-0.0448119916544789,-0.0336942890933066,0.0521383451758843,-0.1028273311183756,0.3314798456640044,-0.112330955841443,-0.0875522678140036,0.1137723250861275,0.0438620919042227,0.0930295393036748,-0.1298364657816967,-0.08555179614066,-0.0760327896260825,0.6819989382650391,0.0060433044927898,-0.0286232123429801,-0.1270530533045952,0.0935864880051466,0.0294174672700737,-0.1205515109221838,-0.1732068680987394,0.0258406798837258,-0.0661921303574753,-0.0409012043823996,-0.0685744614795959,0.6072976624287343,-0.1382585809655854,-0.1113949563008819,0.0348762447118624,0.1198569046109225,0.6129549659335056,0.2493947516256098,0.1014331794159355,0.2040257239407792,0.2189502948222537,-0.0175747845135445,0.0106872989377111,0.1953103701675638,0.0171068119397375,0.4565590450073862,0.1233896771408586,0.4111553618388963,-0.1160902217595376,0.0139486034139135,0.0171555929519311,-0.1914404016498022,stop,1266,45,80.3026058321701,-0.0810668639849051,0.0825027236495445,0.0848968184170727,-1.0,1.0177120415674006,1.0472443886922864,2.1704701848569568,1156,0.7271541520849933,7,0.1828285734496217,0.2231851808252052,-0.0916636567630712,0.0,-1.002504341622288,-0.2753501895372935,0.330862146229969,0.1948446904670139,84.64953965283235,80.3026058321701,102.76276205504274,2.6753979813707147,0.1247189085554709,0.0188574540879091,0.0305262488061329,0.1767609773906875,0.2429012895368912,0.0101552969957436,1.0,0.0337778934356904,2021-07-26,7.0,5,0.1293834077974534,0.1094019890508615,False,False,False,0.0,1.0,0.25,0.0285563333493942,0.8454068890707899
DHI,Falling Wedge,bullish,1,0.621360774152265,3,41,1279,1280,2021-10-15,2021,2,82.20823046369986,79.95873698660984,95.04867024743828,77.74637137195685,0.8266916520391543,0.0281331792105061,True,0.0229792376370439,0.0023697256357948,0.0130032241734481,-0.0160007481876292,-0.1052861142560513,-0.0198191261672898,-0.0187943934853214,-0.0123939623695752,0.0363510283049441,-0.0759731965597134,0.0048628094616438,-0.0892443069245576,-0.0519631626928752,0.0065057725635024,-0.0143038195149323,0.0287900975146275,-0.0459456490164947,-0.034620346151283,-0.0204649966895809,-0.004428961544964,0.046445552473481,-0.024119949007813,0.0428492500408656,0.0308318085515548,-0.0035850378898591,-0.0383143256359694,-0.075978398970929,0.0682272382784838,0.0872680678108064,0.0192806662270947,0.0931524347302066,-0.0028029932519295,0.0790246455206771,0.0032984843478727,0.0230608104820044,-0.071404567900652,0.0052933260712346,-0.0532201553558536,0.0174055031344166,-0.0290591648176883,-0.0999657816782273,-0.0347862743460174,-0.0994512326782228,0.0233676451541471,0.0207415783535842,0.0340749332778029,0.1292150661349291,0.0767341736311044,0.1402506151052172,0.0956629433527591,0.0031069677804258,-0.0779256158787754,0.0785909462255172,0.1109916668148178,-0.071977630266102,0.0124693316719186,-0.0877213796217706,0.0468934994451999,-0.0613296558932824,0.0207214632536583,-0.0133194054324471,0.007980074031106,-0.0688396235640331,0.0724313185773075,-0.0757291531563368,-0.1958599709691224,0.0624943270663214,0.00364157037513,0.1290884516890537,0.2500809749290493,0.1991764820878925,-0.0513441245633987,0.189593021072183,-0.1193897605586985,0.1823475726537338,0.0049201827216074,0.0919794358028471,-0.0795419218360393,-0.044727415758666,0.2633209430187038,0.2695608271936551,-0.0893566640195117,0.144234087817292,0.0718793146518339,-0.138854182807909,-0.1310640035150899,0.0413736172936365,0.007174926154839,0.0330922027500242,0.0464694725500061,-0.0012126077611981,0.2155582287860568,0.142570923809862,0.0807866854291112,0.0193334836421532,0.0854458868757028,0.0646534422972369,0.3677811848480217,0.193915991310422,0.2393507926841152,0.0278933257369442,-0.151454749483429,0.0759604045655373,-0.3187277429406026,0.0871515436639405,-0.0954118754410467,0.0756473655451479,0.1293957635756426,-0.0602268578030331,-0.1334169331886401,0.3658846254032755,0.3991711135121176,0.0716717414594794,0.3834671816402406,0.0511966394147007,target,1302,23,95.04867024743828,0.1561940904373107,0.1765592151200395,0.0015011230451327,2.877822790840835,3.253043260361701,0.0276576796154347,2.877822790840835,1236,0.6816082471420779,6,0.1137088515533835,0.0964895855636487,0.0245123247283074,0.048780487804878,-2.005302884540162,-1.3236946373980891,0.4313350229962863,0.078586294743988,79.95873698660984,77.74637137195685,95.04867024743828,1.887048193639303,-0.0068660170386889,-0.0399227404928166,0.0228358227641695,-0.0868526736127357,0.1631604942237522,0.0092634346279691,1.0,0.0101270394512038,2021-10-15,7.0,5,-0.0181593740482035,0.0445015396178458,False,False,False,0.25,1.0,0.25,-0.0444044472319107,-1.0678253856814954
DHI,Falling Wedge,bullish,1,0.7658383204755302,8,85,1417,1418,2022-05-04,2022,0,69.45349676446037,68.77147685036539,103.11391485617617,62.3737774068141,1.0077653672964355,0.0099171916226101,True,-0.1063624908922993,-0.0314596567911497,-0.002775143058897,-0.003874410137453,0.001998934272037,0.0518539962970689,-0.0579462760010822,0.115355393456122,0.0068224679932129,-0.0184090698649794,-0.0306774514172251,0.0126881569127323,-0.032445488026959,0.0094105182923873,-0.0119948043824685,-0.0847220435696639,-0.0446974214390348,0.01334655340539,0.1954620166481748,-0.0647220691672134,-0.0141433660501739,0.0091164605005271,-0.1088448386254244,-0.0946514930467198,-0.0176524552647624,-0.005322280644505,-0.0110074348910367,0.0124729187549721,-0.0213605879710099,-0.0010844029739074,0.0433847092368318,-0.1294008656818948,0.0159821741866466,0.0203125771226717,-0.0461610312482497,0.0125776990081987,0.0174580955518615,0.009639046687849,0.0212926879580992,0.0958998598263292,0.0360918722499221,0.0321461587914195,-0.0601526175343193,0.0456771006957628,0.047530953035535,-0.1014503246547786,0.0509815922760543,0.0678463771980368,0.0134782529612809,0.0771931593355335,-0.0878288894525356,0.0314086672695033,0.1017111450526162,0.0470289136760004,0.011432134677128,0.0277043383422301,-0.5115663993327912,0.0325395486873287,0.0087025044832338,-0.0326012834305936,0.001815810607912,-0.1635405228764255,0.0251502822157767,0.0536679620671107,-0.005734140706348,0.1160532443970656,0.0961734001783256,-0.0530372612163133,0.0614940489292524,-0.0343040433803524,0.0638306740084123,0.0940414566095086,0.0815954585510474,-0.0909974932906091,-0.1282151852047275,0.2565857759690328,-0.0110794085149814,-0.1930861205972051,0.1694062560494103,-0.0571260493172961,0.2093517989774507,0.1883582567637534,0.3250495414093579,-0.1184733372031731,-0.0783412980942167,-0.2098822388680379,0.1104325734477396,0.121140719709863,0.1933954434733436,-0.1010200286111797,0.0980732545145313,-0.077264512169033,0.077848671115446,0.1061268144160512,0.1840435913102216,0.5149799467120486,-0.1883323743394452,0.1174100400830473,0.0099663326384853,0.3818099854271828,0.0313599499336803,0.1542789315403552,0.2189502948222537,0.0855209662910625,0.2090810673360139,0.2217104284480477,-0.273344203793931,0.2340629998794425,-0.222932593807304,0.1853542330705921,-0.0890625061484731,0.0464034437375262,0.0568651858899817,0.0915877704442698,-0.0206370033583069,stop,1422,5,62.3737774068141,-0.1019346712182962,0.0190907764902728,0.1115980720797285,-1.0,0.1872844269972618,1.0947999414324676,4.754484802474794,1332,0.6253584087670059,7,0.1027854667558224,0.2367769418883054,-0.0669590199163763,0.0,-1.4426822580465453,-0.8173238492795395,0.4297683288879398,0.2062891112862529,68.77147685036539,62.3737774068141,103.11391485617617,3.2262276720509755,-0.1551058275826657,-0.025353484114695,0.0447551093287164,-0.1419519421642999,0.9273647908488472,0.0005577563613698,0.0,-0.0487106411577579,2022-05-04,33.0,5,-0.0417941874430962,-0.072872452679625,False,False,False,0.25,2.0,0.5,-0.0568138628715968,-1.7466747396270106
DHI,Falling Wedge,bullish,1,0.7033064653924848,3,43,1522,1523,2022-10-04,2022,0,69.54029891129065,68.22297541256171,79.07594770927773,63.16419413807708,1.1394580304031725,0.0193090889214777,True,0.0034505407912015,0.045363666503049,0.02775695873043,0.0033362580769158,-0.0148914820034683,-0.0193333317226305,-0.0209060293879211,0.0585345999442372,-0.0052804985051935,-0.0214125536292724,0.0251798254685335,0.0126881569127323,-0.0174547713412979,-0.0233876686683234,-0.0056087374299297,-0.0159973409947994,-0.0073359573506789,-0.0021339303344436,0.0103872460268228,0.0589008026860289,0.0106214812787057,-0.0092775471236085,0.0012312667595595,-0.0012422736888739,0.0048102986133775,0.0203125771226717,-0.0097926608363623,-0.1271103104072061,-0.1725163234735596,-0.0684444863841924,0.0211217146474502,-0.0235796560937046,-0.1351378393111135,0.0435857851485532,0.0324327583111925,-0.0148020007518671,0.0573915240798721,-0.0391213680222962,0.0345389490037875,0.045938182763447,0.0039865911050158,-0.4986063509328283,0.0558049841989107,-0.0414265033591977,-0.0290164707043911,0.0409797715059169,0.0679088831157892,0.038100987877305,-0.0967752439713272,-0.0214157248377555,-0.0221333878652023,-0.0418742258351761,0.0676421293271036,-0.1055743808898198,0.012825131495495,-0.0743434476277339,-0.0054775944766596,0.0857642908113298,-0.0389037151355312,0.0091774840374281,0.1373245547683612,0.0721312386800674,0.0083191190309399,0.0381512238532915,-0.0676999918619791,-0.1506996969009746,0.0373730936989014,-0.0792860262118969,0.0796826416113461,0.1870256668761474,0.0951912591385311,-0.1220872857065252,0.1360389542153164,0.0025028043636832,-0.2341437067406049,-0.4723362610299053,0.2619173607896259,0.0572951866122917,0.2766583995164966,0.1219118765031392,0.0815954585510474,0.0699094416876806,0.0694916536132148,0.0410163352308485,0.0066646211116823,-0.0876787896745108,-0.0723307202380717,0.0370695383873109,0.0724434465761509,0.0093818043042122,0.0521942218361581,0.1716499498806853,0.2375521407861169,0.2059209920383518,-0.0079006296163057,-0.0104861936359343,0.2328098613867806,-0.0696335983008833,0.0718447481071482,-0.162390066811395,0.0154448323947813,-0.2353987235983659,0.3734148051287613,0.0333273149487718,0.0134187110124734,0.2899401553166285,-0.3609732427822804,0.2865185625920183,-0.0875715474527868,-0.2579898320608815,0.2551711943626973,0.0270174709007207,0.2984268188228343,0.2159150949605957,0.191506854002348,target,1549,27,79.07594770927773,0.1371240697448146,0.1762596144519327,0.0888888531346291,1.495528874940537,1.9223564716924535,0.969456688169901,1.495528874940537,1479,0.3903171364081428,7,0.0428878554875581,0.0198065424247573,0.6131146919381705,0.0,-1.0585351322619634,-0.668217995853821,1.2641099962069728,0.1271860281733789,68.22297541256171,63.16419413807708,79.07594770927773,2.447589977929463,-0.0521082619340338,0.0039650724749862,0.0345575489921408,-0.0314459227616473,0.8556163914093631,0.0206387542077524,0.0,-0.0287574273577226,2022-10-04,33.0,5,-0.025787614456503,-0.0500409194416709,False,True,False,0.0,3.0,0.75,-0.0109096969354462,-0.1527595112512186
DHI,Falling Wedge,bullish,1,0.6475190641931862,3,18,1749,1750,2023-08-30,2023,1,115.34199957449232,111.33250979129456,129.0699422357518,107.74233003703569,1.1280032603204355,0.0360136476821908,True,-0.0158823174809782,-0.0008265454610997,-0.0286512910347823,0.0328956165841121,0.0592152149120783,0.0320864418990884,0.0318744063773579,0.0532666364014349,-0.013471996836871,-0.004101875251552,-0.0359791594225226,-0.0099983165740743,0.0088827652993868,-0.0470512855136183,-0.0548369853969102,-0.0330281352634249,0.0989943553709173,0.0007629651858391,0.0071153575725584,4.574486084107932e-05,-0.0198648489580726,0.0317352007335927,-0.0213768580282471,-0.0319328062710202,-0.0290766612980463,0.1716006451398224,0.0840636630837039,0.0973260384644811,-0.1107740483945635,-0.0670266539741712,-0.0213605879710099,-0.0380941217712088,-0.0246066063834446,0.0447892599467489,-0.0216358817649789,-0.0269628083575075,0.0482826518813477,0.0461329120890783,-0.0231756842058964,-0.0051654287956591,0.0041386658916899,0.061124076111932,-0.1017791537946787,0.0963100848692761,-0.0659737324533866,-0.0392934707515989,-0.0847059492833015,-0.0368405434032002,-0.0297267441752316,-0.063144304766555,-0.1134372120149069,-0.3666398861529857,-0.4235890162547502,-0.1299999426005972,0.1354327929599996,-0.0829267917548136,0.112212883783034,-0.0720869719301374,0.0245985574115079,0.0056481624077731,-0.037602231737534,-0.1266555947177264,0.1046350427425431,0.0849758269850222,0.0625662027622839,0.0085035939572508,-0.0028902495903766,0.0304638828992827,-0.0407228492939556,-0.1457983219181812,-0.06244884944423,0.0163826401677393,-0.0389707044332956,-0.1551234998333122,-0.0283569419190703,0.0710276208367526,-0.0464724472023573,0.0040076978407828,0.1612086678170643,0.2040449902379038,0.0557282058872896,-0.0295972234276703,0.2247096936970285,0.07856151496449,-0.0358853419885421,0.1111071445700375,-0.0150374219589318,-0.0047840939993167,0.049512770660443,-0.0208102117078264,0.0391366257328884,-0.177817806215286,0.0737760662513231,0.0621387103447585,-0.0976106279923082,-0.1182332937581761,-0.0887602626678504,0.0846932493319598,0.0617527289737693,0.0759067985113399,0.3608375954221596,-0.0258739594888087,0.0517396996303702,0.0547007376122132,0.1046929869545845,0.1742773632508802,-0.0677502578666207,-0.1882908294955402,0.0504624169040384,0.0487975413705528,0.3165381358485752,-0.017286146655991,-0.0176152682057603,0.2425719866474345,0.023498536534982,stop,1760,11,107.74233003703569,-0.0658881375864173,0.0166386674541731,0.072100947263745,-1.0,0.2525290297111571,1.0942932962580587,1.8063867900568973,1730,0.6071253807417664,5,0.0221548597116752,0.072174978434373,0.4076585252163456,0.0588235294117647,-1.3920643347018509,-0.7849389539600646,0.4640944310429707,0.0950794081977374,111.33250979129456,107.74233003703569,129.0699422357518,3.210329742746762,0.1495876975479986,-0.0287785000811161,0.0278331404657729,0.3149702381107702,0.6164027998675919,0.0014499566445387,1.0,0.0019549619827452,2023-08-30,33.0,5,0.3885335260551561,0.2312578302390469,False,False,True,0.0,0.0,0.0,-0.0223072547213149,-0.5705427773097008
DHI,Falling Wedge,bullish,1,0.6144587500507543,3,34,1870,1871,2024-02-23,2024,1,142.52403368071316,139.62068678151195,159.1270515908618,134.94220017674922,0.658474092329887,0.0207945324301732,True,0.0448768208295098,0.0359255280489281,-0.3024722246891609,0.0213043372167793,0.0320864418990884,-0.0150766355611368,0.0157691640285602,0.0117959275022336,0.0858889676334806,0.0011960129480399,0.0088595372946198,-0.0178307150914368,-0.0565540109766581,0.0223301693072499,-0.0676767402597541,0.0031570137617744,0.0072289354790631,0.0120604164045388,0.0113964539315529,0.0202537662594814,0.0324758968511018,-0.0141433660501739,0.0542743534350476,0.0490436413647952,0.0423153499163522,-0.063550251842555,-0.1030002217111353,0.0087053413835129,0.1167192730903872,0.0640530448265928,0.1100000637181459,0.0494083759948706,0.0510035824004806,0.0512730140308519,0.0041976504332199,0.1016596723454279,0.0728408937630136,0.0595793614966244,-0.0614235766474258,-0.0093128727469277,0.0482197674365372,0.0479263476406355,-0.0356745365529629,0.0222424443930582,-0.0475203303809753,0.0246762892112263,0.1053278369405976,0.0767434753585192,-0.0087308517591933,-0.1401369455588971,0.0576619746952999,-0.0240695007890592,-0.0947279447517099,0.1383390502835528,0.0777101687281203,0.0397523761135185,0.0996053872770832,-0.1468263321396731,0.0129800834294711,-0.0026632700282679,0.0904851673388067,-0.0428496501321464,0.2411077747479457,-0.0904122317907371,0.1074350727932194,0.0025339896179017,-0.0093174736656057,-0.0787577673726216,0.0938718830887472,-0.0227457944690553,-0.0089205701229327,-0.0959556139063707,0.2357316156768034,0.1422987514627056,0.0601481472889589,0.1393464027220996,0.0857054710412832,0.1382196580065982,-0.0834147793983423,-0.0747666991479699,-0.0646691791487237,0.2963599211854377,0.1592409913336476,0.0258406798837258,-0.1727837770594243,0.111849189930782,0.2904100598903347,-0.0051417146041436,-0.1469482424276033,0.0498053364656125,0.0628681380137781,-0.0804530123295148,0.0253144977301296,-0.0207347301410796,-0.030244003726493,-0.1065987695023877,0.0270174709007207,0.2262343199241514,0.435460536758012,0.3000278038732777,0.0961309364137203,0.1365531987205319,-0.0544884729962559,0.6654869815834994,-0.1268812653235641,0.0139910040017769,0.239436963190804,0.1889909277500845,0.0281481275810127,-0.0576625142678125,0.1856456080277795,-0.0221428243000468,-0.1488642071183364,0.0253144977301296,-0.0757633182309005,target,1894,24,159.1270515908618,0.1164927590201612,0.1284835436878362,0.0114071693755086,2.189842061483975,2.415245982176828,0.2144330644331074,2.189842061483975,1835,0.7055349514321854,7,0.176503544958862,0.1594793212294578,-0.1566608466603579,0.0606060606060606,-0.9824778449099584,-0.2769428934777787,0.3339898592943,0.1300021487167995,139.62068678151195,134.94220017674922,159.1270515908618,3.550588532243229,0.1766270704212305,-0.0091092333472442,0.0249633656852555,0.2450598162232866,0.2525798332546737,0.0033074621924655,1.0,0.0406123655052985,2024-02-23,48.0,5,0.3093325975279972,0.2450827146084468,False,False,False,0.0,0.0,0.0,-0.0192863046835436,-0.2509768976244926
DHI,Falling Wedge,bullish,1,0.7554484003027888,8,70,1967,1968,2024-07-15,2024,2,151.11713400332226,141.5295175770285,161.85209962621025,130.1145161121794,2.013617625716006,0.0677428750583821,True,0.1437057949121607,0.1583095269208029,-0.0006956332514357,0.0721115183535396,0.0199774755243418,0.0384136112064279,0.0022712780207925,-0.0159973409947994,0.080000087641946,0.0549440488690966,0.0071153575725584,-0.0446974214390348,0.0232818638279463,0.0244659107801503,0.0444046024222402,0.024345172217649,0.0072081736819675,0.0352078834449398,-0.073304357226581,-0.0302209882368236,-0.0151682833719736,0.0045556158067308,0.1307948661696767,0.1537122445849059,0.1858864768840197,-0.025104239636015,-0.0335199939881408,-0.0364811898812417,0.0177847498538936,0.110382215706694,0.0106150853907789,-0.024755376383536,-0.0710118767695101,0.0188352528570499,0.0601689708093613,-0.076097676318502,0.040253202887194,0.0003778838804717,0.0732725849745297,0.0733335977173064,-0.1095597700074004,0.0799852933857538,-0.0483907866937325,-0.0158341129117844,-0.020466603143125,0.1525228839984037,0.112701148861567,0.1652887706155243,-0.1542262594661446,-0.007952726917048,-0.1139681085273934,0.0419136107515547,0.1948550167141638,-0.063144304766555,-0.0416370451452936,-0.0109080122321473,0.0536706712954078,0.0373730936989014,-0.1039518130828337,0.1087833614789004,0.0089956483209887,0.0964140476967123,0.0874419735019051,-0.0594096953691815,0.1353502242297828,0.0241371425987351,0.0270528182648628,0.0215618373169019,0.098583574843456,0.212674163819055,0.2376887244496673,0.1450544614029423,-0.100428456100691,0.0938085178640182,-0.0706129389915792,0.3331478724261472,0.0549978725393747,0.0844707739965828,0.179100189991483,0.142035506363465,0.1213490923110511,0.1037463294738005,-0.0875997831547308,-0.0500997880441883,0.0483656060597326,0.1095108688065431,-0.0627259313736524,0.2735564590205048,0.0128286184619477,-0.0415069257803137,0.0209000828155798,0.1471792424146541,0.1994175869811603,0.1779951831858415,0.0275995856084159,-0.0530668146183191,0.1351624881921171,0.1620190295431589,0.1954195930001503,0.032573728599069,0.1077158734547618,0.0977806305576265,-0.071131748383601,-0.0906147525339758,0.0716375668964177,0.0697892433491689,-0.0720982942695513,0.3088115845991563,0.0622521084918785,0.1246730324554108,-0.0225515580084695,0.0985228482179711,0.1631867693683648,-0.13372112323196,0.1387195974167707,target,1970,3,161.85209962621025,0.0710373823172956,0.1457069919556831,0.0033569337260231,0.5111251215694917,1.0483846891236186,0.0241536653356743,0.5111251215694917,1895,0.4527344196777729,6,0.0763015982363777,0.0689376833985784,-0.1096016818584311,0.0,-0.8217181647729184,-0.3689837450951438,1.0194747175097518,0.1434820994744728,141.5295175770285,130.1145161121794,161.85209962621025,3.8159094472472495,0.094068942794075,0.0531038707753095,0.0257060378830623,-0.0141107243937577,0.1575580054656878,0.0014961338423915,1.0,0.0385131772391911,2024-07-15,48.0,5,0.0359913068843678,0.0922399672877809,False,True,False,0.25,0.0,0.0,0.034763114904506,0.9920234949229174
DHI,Falling Wedge,bullish,1,0.8347864117568787,5,93,2128,2129,2025-03-06,2025,0,131.61665076507293,126.99374783995654,191.1636797686001,116.73026620032353,1.4407252371879042,0.0364026025197901,True,-0.0647906182735187,-0.0306689423708127,0.0050412426979071,-0.0601905997778844,-0.0021339303344436,-0.0195493476343697,0.0626296381641942,-0.0616124263514232,-0.0255470785028593,0.0327408092679528,0.080000087641946,0.0516287928621546,0.0513352324214526,-0.0194861532697548,-0.0599586636318887,0.0098413282940141,-0.0123842761924837,0.0924418380266487,0.0306234252843546,-0.0380706676641771,-0.0356139491865229,0.0549044255859447,-0.0716226046585568,-0.0211985500720377,-0.0117223023792901,0.0324216512327217,0.0541991118738212,-0.0053901468930661,-0.0266256944799033,0.0213206330210122,0.0215674209398157,-0.0162470943861346,-0.0378762517495547,0.1523272437240033,-0.0994512326782228,-0.0857630588710681,-0.0778459058239546,0.0138955234046351,0.1009676769244047,0.0129150796515471,-0.0548430893869098,0.0337741241572,-0.0147204011512143,0.0493937542435229,-0.0217226083084975,-0.0238133868442456,-0.0870343878470647,-0.0299568967994994,0.0089411443927862,0.0612295945668646,-0.086735314272071,0.1101472647768373,0.0571954558824558,0.0134161929494607,0.0120506326543392,-0.0195512421233405,-0.0348378747715766,-0.018886638369848,-0.1155672718649137,-0.1436158396332676,-0.0299840436710379,-0.5348311936934005,0.1906561859968913,0.1722292365366062,0.1513674399776678,0.0658379405539668,0.0368294830812891,-0.0319777675717888,-0.0802300571169607,-0.0466753592960568,-0.0424099661585642,0.1316386470378494,-0.0255310705828559,-0.2362494147608573,0.0490566839839101,0.1465042876313695,-0.0203668797076588,-0.1184733372031731,0.2263664707388561,-0.0474973875687972,0.2452186204510147,0.0753312773719661,0.4795764401933,-0.115902895561853,0.3035656064212177,-0.1389741509439832,-0.0877808110436151,-0.0869073617074381,0.1031252236659912,-0.1472111467587401,0.0266089294915259,-0.0847802458534582,-0.1247024821517527,-0.1660284779294959,-0.0473423109968477,0.0428242665558216,-0.0305114773344665,0.0857391793106809,0.2919944252844155,0.0496863217497702,0.1602050434890987,0.1771517103001945,-0.2048260553496991,0.0597809236364363,-0.1855387807338049,0.1429633213903065,0.1512012473370378,-0.0820770707212514,0.1502061472560447,0.355136243007087,0.0234401821721887,0.0360894294613352,0.1967126730799699,-0.0597563402961875,-0.1903564360816592,stop,2149,21,116.73026620032353,-0.1131041131818544,0.0310517725184791,0.1192057228336365,-1.0,0.2745414967230461,1.053946841367047,4.000100141476461,2035,0.6905244157971269,7,0.067176526181977,0.3603586390947098,0.1852496875211824,0.0,-1.4643210582158246,-0.7737966424186973,0.3391723183722744,0.2131425303284881,126.99374783995654,116.73026620032353,191.1636797686001,3.811847098666811,-0.1576814747579656,-0.0175218815204829,0.0289638976177153,-0.2700072711625657,0.81184870911488,0.014300251006251,1.0,-0.0521496493393087,2025-03-06,41.0,5,-0.2117395864589657,-0.1468870578330582,True,False,True,1.0,1.0,0.25,0.0346674040169493,0.8866519951892421
DHI,Falling Wedge,bullish,1,0.8015096313981261,5,44,2311,2312,2025-11-25,2025,2,152.5744666249815,139.67609885880483,183.12766804288003,132.44226256230718,1.885013579358678,0.0923448454786479,True,0.0719157023483003,0.0626776292482669,-0.0131440331480859,-0.0482179207116607,-1.5955379550902649e-07,-0.0558819938362231,0.0284008388119647,0.0851671125172808,0.0509832890213468,0.0396608982980226,0.0099634300052171,0.0269442128558785,-0.0923168151552781,0.006319337891868,0.0260393270927385,0.0165756309869351,0.0054219114551776,-0.1063624908922993,-0.0540164688758465,0.0140010703853439,-0.0348183202596484,-0.0623070794067901,0.079795113474193,0.0087053413835129,-0.0059634507365065,0.0808132738898892,0.0261517288845443,-0.0566259748197526,0.0532368719472493,-0.0507298535528512,0.0282012244325884,-0.0759878633047177,-0.0116715049798398,0.0813382586283322,0.2562460279348175,-0.0153023897892973,-0.0075105024379483,0.0023731836159222,-0.0777164188198897,0.0636434793820233,0.052274291157623,-0.0218579422517634,-0.0836601953638177,-0.0950025131840066,-0.0024393936293836,0.0014166519965269,-0.0474241966421482,-0.0692502437748117,0.1282539875135104,-0.005470037870876,0.0344016400168971,-0.079933823339197,0.2456458342754472,0.0175787823443531,-0.0266665829658051,0.0900409097652497,-0.0275452668429221,0.0273473758063318,-0.1314520074387437,-0.0742629597850865,-0.0748190986864665,-0.0672603760569279,-0.0710697098524288,0.0230594822550913,-0.0381629956956441,0.0358028679240154,0.1276595206168236,0.0404199956469453,-0.0561025735236766,-0.0255310705828559,-0.0508353462139048,0.2765058445192039,-0.0596678639611294,0.0325461544566769,-0.0831220871673881,-0.1606808902353187,0.0820808398921086,0.1812596401886479,0.2395753788149481,0.0344016940988047,0.1076635223907187,-0.0783412980942167,0.184969755794033,0.07227922199008,0.1469572717626361,0.0751811718011643,0.0438399527272079,0.001337784161189,0.1888071358005614,-0.0877808110436151,0.1371171036906389,-0.0922775466622035,0.0681324695164,0.0507911838581163,0.2103675187718783,0.1520386871746957,-0.1366370353082723,0.0867406960709953,-0.008430565690436,-0.0122900376970562,0.1667455306011194,0.1603473858256725,-0.1322810820476121,-0.2585546415685623,0.0180946195126396,-0.0441952899214682,0.2101392409705849,0.0737760662513231,0.1737136303862472,0.0517396996303702,0.1803741357972901,-0.0006660439637981,0.1511543703268605,0.3000278038732777,0.0010222350666125,time,2371,60,162.96974182128906,0.0681324695164,0.1021407114209723,0.1054375610756604,0.516350577609169,0.7740863602035661,0.7990719542319613,1.5176282399474088,2265,0.6483561631451946,7,0.1207979962378955,0.1379232644519115,-0.0844785711950012,0.0238095238095238,-1.7026746266556287,-1.0543184635104208,0.4372010860479763,0.1465326180489326,139.67609885880483,132.44226256230718,183.12766804288003,4.220292587221264,0.10316710040397,-0.0012070673473293,0.0275531457907235,0.3238876771464436,0.9205385723132956,0.0113637356435443,1.0,-0.0175239889734202,2025-11-25,41.0,5,0.1903165555142594,0.0421004604412122,False,True,False,0.0,1.0,0.25,0.0158518592079001,0.1103484836190064
DHI,Falling Wedge,bullish,1,0.7880583428585983,3,24,2343,2344,2026-01-13,2026,2,157.15379087791075,143.43227566163432,163.816635004516,135.956933688793,2.4987957322801826,0.0956654640873602,True,-0.002775143058897,0.0053289812774701,-0.0328275802612051,0.0348366191093485,-0.0047674459370969,0.0430737419879905,-0.0163262658997389,0.0147153645952124,-0.0343108625326984,0.0789973772138514,0.0131784729310016,-0.0489942488406112,0.0165028422160629,0.0120604164045388,0.0077691768934335,0.0031570137617744,-0.0408808695416383,-0.0100016252257687,0.1110072957882197,-0.0238013788031397,0.0250553906894852,0.0084672635139066,-0.0106206779620434,-0.052854125466805,-0.0592506493354164,0.0192806662270947,-0.0439371156392206,0.0694463306421613,0.0374366443600577,-0.0341507688621459,-0.0445544789089046,-0.0267015245953022,0.0523093507723892,0.0188352528570499,0.0271510063967403,0.0557823212346908,-0.0006620428052006,0.1020887823351162,0.0164051669189615,-0.033976171865431,-0.0220061407962584,0.1302688978051167,-0.0037790520063387,-0.0562800685869696,0.0212184639820576,-0.0670629014400882,0.0363755475416196,0.0349861734472403,-0.0195605211829625,0.0309820522528894,-0.0886578638944295,0.1053278369405976,0.0286138905010591,0.0639974773210705,0.0504269976553872,0.0518900086972822,-0.0908637094069193,-0.0710917186490612,-0.0950562892083362,0.0217958553666046,-0.1039449214058508,0.0455277659317645,-0.0253556372778041,0.0089956483209887,-0.031920040494621,0.2327680688421469,0.0269195316164005,-0.0156136182767478,0.0301165068591467,-0.1205515109221838,-0.0844589218124644,-0.0102938337505298,-0.1168843768234386,-0.0887895282191401,0.2357316156768034,-0.107133310923001,0.0211987006335223,-0.1450040220824044,0.1620297794688072,0.1123333509109054,0.1375242555674218,0.1688893874971984,0.1393464027220996,0.2153616114467758,0.2193098945974385,0.1233255776041581,-0.0451623661689069,0.0418163642202458,-0.1779011925054365,-0.2087157862109142,0.1013730447224896,-0.1594692893413886,-0.0977809755621526,-0.0837660027345857,0.1076650765735944,0.1149213812237548,-0.1269293085320769,-0.1229260600173809,-0.2061018375963161,0.083005049321079,0.0646143485429813,0.1086506918074012,0.1046929869545845,0.3816275777371607,0.1400275355166962,0.0176500191670334,0.2084069581844829,0.1133795472877474,-0.14649635839097,-0.2640806232295529,-0.1903527414506024,0.1537893644100165,0.0315703883731728,0.2378823059211012,-0.1383307906523479,target,2364,21,163.816635004516,0.0423969672598063,0.0638898794919076,0.0795333358690446,0.3143316986645497,0.4736804457049833,0.5896612465457062,0.3143316986645497,2317,0.4707522327510299,6,0.0724397621712296,0.081478713935357,-0.2508733881572491,0.0,-1.3295750748497046,-0.8588228420986638,1.0357488858478898,0.0922242738810277,143.43227566163432,135.956933688793,163.816635004516,4.40090536670759,0.1175160155295087,0.0784250280442593,0.0276033861369607,0.246088441134253,0.6538493139429766,0.004696100241968,1.0,0.0206231640701797,2026-01-13,27.0,5,0.1392863263352508,0.0825941960425531,False,False,False,0.0,0.0,0.0,-0.0363780586857901,-1.5591329980988036
DHI,Falling Wedge,bullish,1,0.6688948844540659,3,30,2398,2399,2026-04-02,2026,2,138.18879661691827,133.4932200151452,167.67271411571937,129.79594400961537,1.0819216884198837,0.0351746448339498,True,0.0260393270927385,-0.0099439548190829,-0.0284069169033444,-0.0016621014004909,-0.0693094986382454,0.0572638609552538,0.0264540780766919,-0.0296426061404919,0.0299565671944264,-0.0449675161019089,0.0124270366600567,0.1286564984393214,-0.1283423887672375,-0.0168538866575342,-0.0059616860471901,0.0966660391221145,-0.0206360732609004,-0.0204359399832644,0.0323589505302299,-0.0315161484497166,0.0744753894491137,0.0449272383274654,0.0207667822725211,0.0776146820053826,-0.0051469244051949,0.0388228241317896,-0.0216486235224178,-0.0994512326782228,-0.0224560920670998,0.210895315887206,0.0107310618042422,0.0300705247154322,0.0568517312222305,-0.0512161250405683,0.0333326666108402,0.1767569200902885,-0.05059827740128,0.0228121422775684,0.0006893708591337,0.0721512566265545,0.0412374817538552,-0.0181007761070293,0.0512350475453533,-0.0720324230670736,0.0106803709293874,0.0565765237768731,0.0788375820740159,-0.0199487517188041,-0.0045137510546692,-0.0846697868243752,0.0561337803306138,-0.1468263321396731,0.0113304953974977,-0.0699675168118504,0.1303463927590222,-0.1938287334018066,-0.0019398728756382,0.0765979793132654,0.0747011513003337,-0.0545859657574701,0.0279947878677115,-0.0400666663845412,0.0770704235398822,-0.0216292084678032,0.0191147149634782,-0.111587019381639,0.1167327341116444,0.0064857255303585,0.0854929154732988,0.0604569799679415,-0.0961007758479011,-0.0208102117078264,-0.0810406327820874,0.1870256668761474,0.1243213013656256,-0.1125886518676503,0.170639553787423,-0.0384376104834945,-0.0085837968805388,0.0288688342620273,0.0938085178640182,0.0815954585510474,0.2625313606163122,-0.0201809453230661,0.1063187113262462,0.2976065820444962,0.0749601098777099,-0.0109756955904695,0.0470435936515711,-0.1856471445529035,-0.0345122630382365,0.0123598430681239,0.1751751650338582,0.0336299140051945,0.0311395026950089,0.0830405180066882,0.206938136710612,-0.221687744062863,0.0932785602639798,0.3679081047548596,-0.1411417771832732,0.1926262206707039,-0.0695519737176397,0.1381317665069348,-0.0886867440195454,-0.0841559469636579,-0.0987815408203234,0.015203560884009,0.1382559385087929,0.1807869596213647,0.2007897665920088,-0.1010160363081795,-0.0388062938854294,0.0305299227789772,0.1334351199822068,target,2454,56,167.67271411571937,0.2133596805284823,0.2211345042370497,0.0343478246634076,3.512979302549192,3.640992218117464,0.5655388910934931,3.512979302549192,2366,0.8040069352511388,6,0.1158126805698496,0.1384783634059947,0.2183836549884563,0.0,-1.5037090338947876,-0.6997020986436524,0.2023113536510967,0.132928127840914,133.4932200151452,129.79594400961537,167.67271411571937,4.441852408474101,-0.0781495457885882,-0.0689713673122945,0.0319891893749484,-0.1850992971248295,0.8010667591769448,-0.0135985613693055,0.0,-0.0347696124896711,2026-04-02,27.0,5,-0.2352667463655996,-0.1658322375371494,True,False,True,1.0,1.0,0.25,0.0668057911267273,1.1981523878449905
DUK,Falling Wedge,bullish,1,0.7636999058939675,8,44,1095,1096,2021-01-25,2021,7,74.33085363518641,72.85209819229169,78.47612495901171,70.24651816856027,1.207491996269127,0.0202980487808543,True,0.0039874344543444,0.0278061290719897,0.0093397239026722,0.0004424221103389,0.0205386387134249,-0.0492372761010516,0.0430453330393623,-0.0061138596305628,-0.0007231004498102,0.0424067401674961,-0.0019740784675306,-0.0205210125201233,-0.0230462767339599,-0.0083651150146298,0.0051269059071126,0.01150310388104,0.0155063239434736,0.0242805538645407,0.0105541601081855,-0.0336385747125578,0.0124453873671581,0.0143533088872322,0.0006912690412539,0.0087295521551349,-0.0045031428022064,-0.0277270746466185,-0.0021935001585938,0.0575871656453925,-0.0236081898221222,0.015698641223184,-0.0213008156578442,0.0223403633584804,0.0052680665447175,0.0129200836527088,0.0557507922079054,0.0126448759233812,0.0211622375667372,-0.0404718659769993,0.0466628998289759,-0.0809589158032961,0.0174180392803338,0.047331632651268,-0.0217096930051707,0.0340189386878184,0.0337162359290668,0.0005020562836686,-0.030428304367552,-0.0358512725882983,0.0354265861756559,-0.0083279665621883,-0.0221906823781905,-0.0425328165256934,0.0371300913785284,0.0152550400198692,0.0136936276352557,-0.0058004342424184,0.0562819613141001,0.0343558045802987,-0.0238726334998183,0.0630114142610913,-0.0058421859382205,0.0648414582183265,0.048415813844125,-0.017429025980381,-0.3742074447881072,0.0146022599497452,-0.0105945654841376,0.0184725163343351,-0.0249627452831608,0.0237997170714971,0.0098773968589873,0.0725365512471174,-0.0082562479299151,-0.0058746920922712,0.1154487736915104,0.0035361392996133,0.0238390278035653,0.0003569038357482,-0.0008385294769318,-0.023350460708183,-0.0313349667713486,0.017025631595166,-0.0166158235337339,0.1085088633173285,0.0123466988717133,-0.0640411319246226,0.0258029223095479,-0.0857530643818383,0.1046848279619285,-0.0286746707292002,-0.0105100348855541,0.0133578811965151,0.1007859210028185,0.0176984600136222,0.0366207294512308,0.1065272226457112,0.0683384025398547,0.0447746545859195,-0.0368280295944344,0.0346490172832161,-0.0048577950292774,0.0150010791492734,0.0443255480241304,-0.0117717517740927,-0.025573485954998,-0.0475055181886686,0.162380308218949,0.0931874357732498,-0.1129600939644446,0.1610505359584728,0.0519183011486386,0.0022978943138143,0.0188297874831939,0.0095340052658596,0.0702890086360386,stop,1117,22,70.24651816856027,-0.054948050061041,0.0286669489976103,0.0559089733703805,-1.0,0.5217100327630289,1.0174878509477945,1.014919405542731,1044,0.5227571543473588,6,0.073016210461576,0.1551036971010142,0.0056056326075362,0.0,-0.9810513301228956,-0.4582941757755393,0.8694583501067851,0.0740428802598467,72.85209819229169,70.24651816856027,78.47612495901171,1.5065745454175083,0.0826718175258511,0.013267226039126,0.0202423113370382,0.1465998967327419,0.9512207035793012,-0.00310090683825,1.0,0.045759993962724,2021-01-25,58.0,16,0.0010202114615518,0.0208768323264634,False,True,False,0.2,4.0,0.2666666666666666,0.0111257513650633,0.1614368042571639
DUK,Falling Wedge,bullish,1,0.6533732012600247,5,60,1634,1635,2023-03-16,2023,0,84.37067998097203,84.69975013383919,94.5664547540747,80.47340835477272,1.6432959254931867,-0.0038851372329573,True,-0.0512951037574006,-0.051168100726754,-0.0061203910987365,-0.0207374004730888,0.0248453740047291,0.0056925297787828,-0.0110659836190377,-0.0023095252470314,0.0065434132069426,-0.0235565636959529,-0.0094767915092704,0.001902066802794,0.0065620727705781,0.0270139678429921,-0.0238472061101665,0.0066993089032976,-0.0006642989749064,0.031773351334003,-0.0023769224183343,0.1186705746764551,0.0014188499699592,0.0183542962801241,-0.0587611398786073,-0.0035231989130621,-0.0301748870538629,-0.0285938145800573,-0.0264697793380751,-0.0173151763442255,0.0470168945755515,0.0279942788454796,0.0128752236646318,-0.0255028486623037,-0.0150388343942455,0.0117735932486018,-0.0065429626585388,0.0023698079616711,0.0220535445207814,-0.0032930947595332,0.015698641223184,-0.0089977475256681,-0.008166838751663,0.0458797387594509,-0.0112648649349155,-0.0173151763442255,0.0146528569060231,-0.0051138709836583,0.0118135057451842,-0.0371158767744863,0.0221848674480655,-0.0045124231572174,0.0801973699281577,-0.0324413380461925,0.0143162048036014,0.0127207191875298,0.0808293851787476,0.0523028146251534,-0.0331793033842617,-0.0029046654412017,-0.1408515896919242,0.0740351063399062,-0.0753720088930282,0.0214871011553203,0.0629211923462169,-0.0755173445317096,-0.0436867176189483,-0.0259862715062477,0.0368875381195539,0.0084032741549371,0.0102218101943613,0.0201864206961051,-0.0265305471676084,0.0348382589187148,0.0612725464784551,-0.0866835360958556,-0.1506302174953633,0.0460690093848197,0.0555474064346237,0.0293760957578739,0.0251543086226433,0.0429928514461568,0.0834040817636001,0.0244896791306812,0.032501669930276,0.0231223607849224,0.0326282938676147,0.0169650141537234,0.0291087135297403,-0.0086887450060745,0.0578873109040332,-0.0108583892018137,0.0790938647262935,-0.0006931082056481,-0.0432545987657595,-0.1464538772584798,0.048944795243949,0.0180365084575364,0.097214919106086,-0.0402727753399634,0.0386764948786944,-0.0202512368903823,0.0483365798449413,0.0529638937942869,-0.042243658865204,-0.0665691906231581,-0.0232762540729489,0.0156372188414966,-0.0192350320890657,-0.1853341766404247,0.0578110701676608,0.0784053837506006,0.0284343684601147,0.0290523523854582,0.085249487197905,0.0397273974976688,-0.0553200060210221,stop,1639,5,80.47340835477272,-0.0461922509938079,0.0113990157610946,0.0531603922899294,-1.0,0.2467733335321259,1.150850871005518,2.616131425010724,1574,0.3768745425726408,7,0.1968451763257426,0.1168919876970056,-0.0122256903787533,0.0196078431372549,-1.0656364996444794,-0.6887619570718361,1.2111690740499133,0.0888511602981226,84.69975013383919,80.47340835477272,94.5664547540747,1.97593452473274,-0.026609039081493,-0.0170632535070915,0.0232510196539778,-0.0920447594665303,0.3224275742083651,-0.000619644490563,1.0,-0.0431663323161605,2023-03-16,55.0,16,-0.0985139492809435,-0.0204995854837036,True,True,False,0.6,5.0,0.3333333333333333,-0.0141537164278997,-0.8291661239238316
DUK,Falling Wedge,bullish,1,0.6490335203527652,3,34,2266,2267,2025-09-23,2025,0,118.82965223067232,117.94298272921736,122.7456438262331,115.19300916751624,0.8116443853333027,0.0075177808881656,True,0.006097615301013,0.0035844276847738,-0.0107729806104809,-0.0062959082531426,-0.0024210942988077,0.057721089474612,-0.0166926381019593,-0.0353174007423854,-0.0032590043907944,0.0150897748203857,0.0081212672817208,0.0219601369864272,0.0135510701531207,0.01916050127806,0.0174170997709655,0.0455686968394364,0.0068908044835811,-0.0062959082531426,0.0404852626895433,0.0094793233913221,0.044526911366356,-0.009812844405985,-0.0043575926729286,0.020812958203771,0.0138754728791428,0.0159587658072175,-0.0016049771969398,-0.0584062787889595,0.0137239237002275,-0.0135688385873019,-0.0011552131762403,0.0243710331800164,0.0307342935829635,0.0004949613498717,-0.028831518090586,-0.0659989943853041,0.0025260625256751,0.0136172208053133,-0.047666694009102,-0.0056215516435855,0.0213157842083542,-0.0371996818174343,0.0483026633874723,0.0411446740943137,-0.0004152775091805,0.0232269403319314,0.0433333171844272,0.0331302809943412,-0.0382311302515422,0.0313115497308358,-0.0080883913169224,0.0212089214020863,-0.0359310661911389,0.0293462763546603,-0.0411036976855492,-0.0447407202864479,-0.0346781983809164,0.0769652139020005,-0.0299850531505331,0.0639534472150233,-0.0488843058675008,-0.0255005935602584,0.0627152907613015,-0.0549191776679964,0.0055833244119491,-0.0296281915340689,0.0305052684404638,-0.0221102760689597,0.0479438926716029,0.0152527229191241,0.0219192144763349,-0.0211833811457656,0.0097364254327474,-0.0249208212964648,-0.0025702179420988,-0.1102097563046209,-0.0610285172413445,-0.0153396268075786,-0.0363443487650406,-0.034079803996902,0.0278162096912799,0.1112525403482047,0.0858540573335719,0.0077892248360953,-0.0079454892622412,0.0605347987816073,0.061492986327005,0.0485090131579457,0.0129261091599224,0.0201864206961051,-0.0012029067899929,0.0086890771085024,-0.036986022085409,-0.0473546464592513,-0.0471315480932734,-0.0421119442450902,0.0537548071613684,0.1861028166043885,0.0328221719564054,0.0794238474531923,-0.070434836712582,0.1356134847023808,-0.0777770681806983,-0.0761460225388684,0.0057316886522584,-0.0615438110808657,-0.0466404183962004,0.0246060941628332,0.0863227427576136,-0.0005691204822115,-0.0397259581424858,0.0444436146154376,0.0101908116530038,0.0587626166880226,-0.0497707205121404,target,2279,13,122.7456438262331,0.0329546668028537,0.0347154078224263,0.0167480206349154,1.0768149437691206,1.1343482896022197,0.5472523514232236,1.0768149437691206,2232,0.4067223966006584,6,0.0982516554825149,0.0745234001103287,-0.2327225211494199,0.0,-0.8820255892328286,-0.4753031926321661,1.2417371492270324,0.0418003978865687,117.94298272921736,115.19300916751624,122.7456438262331,1.4353400713740296,0.0681715988853801,0.0140742608287804,0.01206915990144,0.0604610802987244,0.9383261688619474,-0.0009869679921253,1.0,0.0351437386662962,2025-09-23,1.0,28,0.0594849072393772,0.0631739130454309,False,False,False,0.037037037037037,3.0,0.1111111111111111,-0.0024807402450051,-0.1863489366518052
DUK,Falling Wedge,bullish,1,0.7672584028846007,5,56,2445,2446,2026-06-10,2026,0,124.44584504330268,122.9797538513003,134.4532209180516,118.03644082561884,0.8874339949612242,0.0119214028820962,True,-0.0144176646135859,-0.0311584229176952,0.0187434368231453,0.0063231502491833,0.0077144873336383,-0.0312577367878335,-0.0465541520634782,0.0116165390616362,0.0365474604645896,-0.0080899513059683,0.020336982504171,-0.0097163257914573,0.0037995038175586,-0.0039174971595983,-0.0041773558522125,0.007164452745894,-0.01747360277079,0.0184586354762581,0.0183808602816237,-0.0253998509413057,-0.0010323100745065,0.0139107121231598,-0.0151865365202713,0.0125060158031202,0.0023082827096019,-0.0271257854342132,0.0574432835796225,0.0199908765255418,0.0148283609230395,0.0308187962727628,0.0394300579939703,0.0170211858422515,0.030977692135192,-0.0016598522095785,0.0065006128344822,-0.003875892567452,0.0211237615265622,0.0113470924244705,-0.0063306565853926,0.0073519938043136,-0.0176736338194307,-0.0096216955890365,0.0062581658821003,0.0039539700607189,0.0307104703763416,0.0009325756043069,-0.0004778754649132,-0.0390844444541136,0.0350673566502213,-0.0428398186794808,0.0392450058063593,-0.0445388725991877,0.0347276209879705,0.0845068331189935,0.036276790616206,0.0008130004283566,0.0119884619100807,-0.0043391176053048,-0.0317104788768539,-0.0166506343094227,0.0073528066124408,0.0374255323293459,0.0172774918219791,0.1103663365906006,-0.0175964028743988,-0.0480340248716902,0.1052120678043029,0.0005988831330037,-0.0162353173645894,-0.0054962780313245,-0.0692924402850345,0.0394407720147689,0.0519020319349525,0.0110485143542469,-0.0251981519176784,-0.0536300911563546,0.0238390278035653,0.0268707806644965,-0.1932783026629227,0.1261300151194528,0.0893335076056651,0.0111368729935426,-0.0551728728525304,-0.0011834053263317,0.0435886547327908,-0.0242127240247026,-0.0559551681206138,-0.0491490901791259,0.0307373298653941,0.0522116885880226,0.0093334388118708,-0.00838591944375,-0.0339572913915214,-0.0935299557682566,0.0482644660381328,0.1306513506763125,0.1224084226450146,0.0536225663447667,0.131599229493651,-0.0005691204822115,0.048944795243949,0.0633924345567797,0.02197710218369,-0.0615438110808657,0.063430867167421,0.1176451131349158,-0.0139688775691223,0.1194699735232405,-0.0362914654659287,0.0340438087146166,0.0925284907731196,0.0719177397178991,-0.0579576125704425,0.0256435925942071,-0.0827177446734787,time,2505,60,120.22000122070312,-0.0339572913915214,0.056635277435903,0.0434393299824055,-0.659319287577505,1.0996380818558822,0.8434238104160098,1.5613582066080556,2389,0.433083409432186,7,0.0599291559882156,0.1006973348453823,-0.1039747182516481,0.0,-1.0671383263011882,-0.6340549168690018,1.0616285995064183,0.0770266347931094,122.9797538513003,118.03644082561884,134.4532209180516,2.2056068869828542,0.0238982861279897,-0.004945811731347,0.0177942983120148,0.1039287300655102,0.7361116997979589,0.0094491664447851,1.0,-0.0172721924408014,2026-06-10,13.0,27,0.1126185161949824,0.0427396589660731,False,False,False,0.0,5.0,0.1923076923076923,0.0085441364339143,0.6819869435096718
DTE,Falling Wedge,bullish,1,0.6491920949831409,3,19,1307,1308,2021-11-24,2021,2,94.98380206581876,96.32916195026736,100.13756391989403,94.34901401008052,1.8438605057979487,-0.0139662783025472,True,-0.0097226230363922,0.0009621554501763,0.024812015233248,-0.0375601362846348,0.0273630071702486,0.0224801403568735,0.0238539897213725,-0.0150239973889444,-0.0364268889399432,0.0773805462890304,-0.0300876045335612,-0.0168134811928959,-0.0239214773242439,0.0112726110335372,0.00732577561412,0.0065542907942632,0.0372068216466665,-0.0068762221024915,-0.0213977981001844,0.0300398195596129,-0.0193687460967673,0.0033900726713247,-0.0129327599427238,0.0373604555992514,0.0286873047727271,0.0403616606506342,-0.0357428384422113,0.0086913688891545,-0.0269724846755579,0.0046231588876126,0.0133600871095644,0.0738532494767212,0.0018958852784725,0.0255107172799387,0.0073742155021001,0.0228046290021437,-0.0013577083022733,-0.0012919021775408,0.0414991506881488,0.0466851549969713,0.0179225261878117,0.0087761603449125,0.0174142744282823,0.053700447309011,-0.0144410891609555,0.0221271224356044,0.0594665004285419,0.0380249402719883,-0.0566861030067215,-0.0196388755887659,-0.036707176183117,-0.0117154632388122,0.0224018646572436,0.0261558317034782,-0.0179854263948783,-0.1604427717352521,0.0621198631481969,-0.0109219105923704,0.094634728819001,0.0086349507810941,0.0029928022285581,-0.0073571599786085,0.0063449120613388,0.0032602417156364,-0.0242853604326145,0.1689611198936882,0.0357393319921928,0.0385496577544353,0.0532637475483558,0.0600106895094694,0.1053339537759877,-0.0030093324476585,-0.0973386935131742,0.0026592930251525,0.1350722980091365,0.1144844528156274,-0.0128358623725339,0.039205378524626,-0.0808690214157143,0.0675575862802335,-0.0615478593969122,0.069145545079327,-0.0463903568741442,-0.0688329938203089,0.0857062782429594,-0.0173541478772638,0.0380759170358449,0.0249971709037279,0.0759448847026695,0.1216752520944952,0.0635730641712684,0.0375147468511015,0.0731611893367001,0.1407757203661452,-0.0223743261991085,-0.0290644758055946,0.0284961471155635,0.0511618324001281,-0.137862958783176,-0.0225216489423231,0.1700220525248177,-0.0376256628967504,-0.0131258497652646,0.0637037039555781,0.0901596807890088,0.0651637520608068,0.006251654110418,-0.0549479033476136,0.0329951827168035,0.0500439103099805,0.1239622310412424,0.0484839205663651,0.0390397131220701,0.0280916035447995,0.0491585614108125,stop,1308,1,94.34901401008052,-0.0066831190364267,0.002430650329634,0.0083723468657326,-1.0,0.3636999904364552,1.2527603982659574,8.118870239424199,1286,0.461783850052782,6,0.1135112228003094,0.0443328114851022,0.4313415710503088,0.0,-0.9339207435388248,-0.4721368934860395,1.0515408257442207,0.0388237023227603,96.32916195026736,94.34901401008052,100.13756391989403,1.2673711370656693,-0.0122424655198293,-0.0119598058555779,0.0132121861790127,-0.0298500978830246,0.4640014648437483,-0.0005343814821541,1.0,0.0341453778780151,2021-11-24,59.0,11,0.0588399179373979,0.0590121494110655,False,False,False,0.1,0.0,0.0,-0.0370622716593556,-1.2393743841136626
DTE,Falling Wedge,bullish,1,0.6563473534644193,3,20,1688,1689,2023-06-02,2023,0,97.60388999408184,95.81326430657748,104.48287481270802,93.4314289356214,1.552997699875025,0.0186887034949025,True,0.0215437331127332,0.0177613734422168,0.021683952814832,0.0126069777605106,0.0029086741990609,0.0431324504617751,-0.0450839171704514,-0.0148172653028215,0.0150925979235239,0.0385659328107124,-0.0053381395679454,0.0275040325836093,0.0042248825776283,0.0202710978211975,-0.0029358550389257,0.0320492409091579,0.0104782708394395,-0.0073528426596368,0.0091909367418985,0.0170869257691563,0.0109975776026769,0.0057317237122089,0.0117438703733529,0.0551068847989792,0.0251910308817306,-0.0166669154291411,-0.0386069861123138,-0.0068461600040062,-0.0445902260323721,0.0122808749458556,0.0423465741353408,-0.0019789092381272,-0.0078868473866015,-0.068211901404679,0.020284558205539,0.020284558205539,-0.0405086666668665,0.0421036947155628,0.0690449272491289,0.0056524062782328,-0.1024693374225875,-0.0343081244043173,-0.0102555805139834,-0.0421151797007971,0.0296362183952072,0.0637474359082486,0.0285720327012475,-0.0114914918570674,0.0671537959428605,-0.0599050246521436,0.1019130003232862,0.0542936134086231,0.0806576083860846,0.0149010242721918,0.0679258848535064,-0.0525043221228263,0.0281340283777042,0.0123418346535748,0.0043170727701673,-0.02758614390736,0.0904844919825977,0.016384354567563,0.0819281487847323,0.0259732904945724,0.0532694660655019,0.033580923665379,0.045337822452343,-0.0094528980847702,-0.0028853659104319,0.0461386388262783,-0.0236650862195229,-0.0621768697898486,0.0166655104625623,-0.0266410414347384,0.0405187686375951,0.0671459140964998,0.1344536349365119,0.0518611649972797,-0.0073029055784645,0.0462694477512657,-0.0062893428839225,0.0769605025553288,0.0057526527339888,-0.086000072522295,0.0699464257248851,0.0391194966539205,0.0997877148186874,0.0587961996517403,-0.008016584123588,0.0159081964292091,-0.008016584123588,0.0202015273766268,-0.028010961452458,-0.0806596881486368,0.0092701727198596,0.1088746789906871,0.040025667934777,0.0327418025930612,-0.043226854776441,0.0416548765405815,0.1182326026344304,0.1378016389230347,-0.028892132464253,0.1196268632823562,-0.0455022709213028,0.041498947994488,-0.0471420982391156,0.0892546601599262,0.2252114340136854,0.0958456239915424,0.1315911174559783,0.0225964131208822,0.0989632979798749,0.010513638021691,-0.0859579654502452,target,1723,35,104.48287481270802,0.0704785928003821,0.0719338016859901,0.0027704981444574,1.648663635740292,1.6827044682368106,0.0648086087159825,1.648663635740292,1668,0.430493674389457,5,0.0206788068783172,0.0049050072592282,0.3442160030706849,0.0,-1.344961100862743,-0.9144674264733056,0.858331602977944,0.0511459253918295,95.81326430657748,93.4314289356214,104.48287481270802,1.6323568221478086,-0.0452239277108524,-0.017328536543113,0.0167550223179091,-0.0455624192407477,0.8576042191342454,-0.0079245369653383,1.0,0.0562533967191372,2023-06-02,56.0,10,-0.0468291872024705,-0.0201564330396953,False,False,False,0.3333333333333333,0.0,0.0,0.0169157556314553,0.9893829336532932
DTE,Falling Wedge,bullish,1,0.673003817013025,3,37,1755,1756,2023-09-08,2023,0,92.44244547867768,91.7881802712942,108.49940810498822,90.2298424645948,1.1408855058340135,0.007127989741704,True,0.0517563464216594,0.0591321384598908,-0.0022867943074207,0.0241319940357676,-0.0005431442465455,-0.0271300005770547,0.0313741560008311,0.0551959769553831,0.0286142571891954,0.0355154503602626,0.0902852244367133,-0.0005900382012286,0.0152917763574698,-8.390750455211649e-05,-0.0025639981571712,-0.011458814479253,-0.0078486308037598,-0.0051118160767259,-0.0099866311660693,0.025032827420677,0.0200118585950466,-0.0152741861325966,0.039627568436711,0.0461420727003685,0.0825104043594692,-0.0372073687333008,0.0643298697995824,0.0229429911049068,-0.0032177425775764,0.0159837822262112,0.0153235035783925,-0.005003712955659,0.0582500379877661,-0.1171540620045279,0.0095980578477057,-0.0753272105746155,0.0348326695970655,-0.0344212899959531,-0.0108298969786374,0.0633155893194674,-0.0175996661166981,0.0121962102363275,0.0222539702027935,0.0306438368527268,0.0128572635143464,0.0430537310838523,-0.0626975551901356,-0.0243589514444012,0.0275585911574296,-0.0154753335745361,-0.1139888660654075,-0.0070335470189194,0.0275585911574296,0.0865503385063051,-0.0225973616181109,-0.0336405876428879,-0.0214841479479854,-0.014367073609753,0.037818571551986,-0.1330305161945735,-0.0555748636287718,0.0067107690289505,0.0353620484910475,-0.0187064684171973,-0.0007877185928075,-0.0240170536245883,-0.0533475557007245,-0.0500179154347119,-0.0455720502312442,-0.013251819728235,0.0135566641360529,0.1544416656514036,-0.0435162001480201,0.1571617216279408,-0.0288050004675751,0.0493535050395659,0.0445165297552205,0.1401173886379236,0.1115145973529678,0.0356178729110225,0.0740560256956195,0.0384347073185005,0.118283367183323,-0.048514772126987,-0.0256585694960109,-0.072330853911508,-0.0062215920797749,-0.0215758064708662,0.0216908695234625,0.0391770869915857,0.1356020905898962,-0.0569190514071195,0.0678117365213093,0.0453663156787047,0.1550414235295003,0.0207661239455461,0.1552145505729485,0.014725369218028,-0.1205812546133007,0.0384266084337738,-0.1299411293044167,0.009616441127537,0.1182326026344304,0.0740317487967152,-0.0983730187066724,0.0669239017753529,0.012980547738163,0.0905552056498593,0.0605565320109027,0.1223267409744908,0.0426602972719751,-0.0092458851296596,0.0332660553997234,-0.0647819992456445,0.0381916934173466,stop,1769,14,90.2298424645948,-0.0239349251593871,0.0623940434754265,0.0290113959793027,-1.0,2.606820078188381,1.2120947020352244,7.257046349530609,1718,0.7785590605882804,5,0.0805682655583893,0.0350212696839338,-0.1047678516236499,0.0,-1.5051842810875062,-0.7266252204992294,0.1802815809818996,0.1034270613352291,91.7881802712942,90.2298424645948,108.49940810498822,1.3735908423701406,-0.0711100497817968,-0.0550737165932678,0.0148270345964504,-0.021410183392553,0.8311733349186504,0.0008805297912775,1.0,-0.0008747031901837,2023-09-08,56.0,10,0.0005997919512068,-0.0347101291596526,False,True,False,0.0,3.0,0.3333333333333333,-0.0370298694827584,-1.0814700364672347
DTE,Falling Wedge,bullish,1,0.8069904137579278,3,29,1967,1968,2024-07-15,2024,2,106.31472951348805,103.58932541318272,109.00963104794192,101.62038283348292,1.8394802309011424,0.0263097002459915,True,0.0319599909091332,0.0465637229177754,0.0152948915162682,-0.0067691283194856,0.0038667031941836,-0.0147367437301593,0.0097854228333797,-0.0216221431736067,0.0434016098519982,-0.008101625423635,-0.0121149789337537,-0.0047176475590794,-0.0255351155335991,-0.0019866742148459,0.0112230162018363,0.0054614072694822,0.0116241900210396,-0.0023558567928785,-0.0093062429989239,0.0031073866054964,0.0032649256190575,-0.0313545070106616,0.0335385464380276,0.0486882246142845,0.0808624569133983,-0.0306140295780397,-0.0344956986396517,0.0321306862062529,0.0142554720673424,-0.0167598126836611,0.0151584141641945,0.0582687316670982,0.0292099731495643,-0.0096998344448165,0.0107701224123941,-0.0222476742227643,-0.2802776332925432,0.0550922504882369,0.0515671559037067,0.0218139611240344,0.0572411697984358,-0.0482328040148377,-0.0438969260467436,-0.017930231957431,-0.012941262015696,0.0572676231100307,0.0618066687308513,0.1143942904848087,-0.0299789635218783,-0.0283482531066471,0.0073877222374836,-0.0108786463276993,-0.003207913523845,0.0719366972095671,0.0975795406275763,-0.0179854263948783,-0.0871526142825058,-0.0674802075718502,-0.047560132571606,0.0154180205263114,-0.0106713249872905,-0.0485143869994325,0.0572495690326384,0.0534880394410366,-0.0335587199941176,0.0216507810631376,0.0059583126329652,0.0298164332023658,0.0630492423962848,0.1053884445185799,0.1304030051491923,0.1147831439510893,0.1425929629671078,0.0371743306979777,0.0577218606136076,0.1249617064228554,0.013466774642207,-0.0811018774116618,0.0726525618375684,0.0063137846749017,-0.0296965756348684,-0.0204967873073287,0.0526099326671891,0.0706369309186927,0.0600964384472475,0.0255015540730383,-0.0055619597821296,-0.0101795258262057,0.0788755377136729,0.0545702503636744,0.0106252265358253,0.0666111309903569,0.1137920306621127,0.0923696268667939,-0.023636611190286,-0.0442530849649478,0.0101162226707187,0.0509587913136426,-0.0433213837563418,0.0390772268002235,0.3260532970052157,0.0365386343616533,0.0751950405967896,0.0943937581148106,0.087226489437808,0.0497182434473109,0.0135406832636366,0.0522997243217027,0.1532458763390627,0.0885685402279254,0.0826468583922437,0.1562713023843629,0.0132476910012149,-0.0648587041119149,0.0561406008793711,target,1969,2,109.00963104794192,0.0253483364608662,0.0435817481994387,0.0038739428976301,0.5740738207368472,0.9870131218223562,0.0877347199486769,0.5740738207368472,1936,0.6336117524800007,7,0.0928148324153932,0.0421674819765971,-0.0189003436426116,0.0,-0.913703228441893,-0.2800914759618933,0.5238310173386426,0.0556480360917184,103.58932541318272,101.62038283348292,109.00963104794192,1.743028113822699,0.0701303373751196,0.0079117917686228,0.016460196721823,0.0668674033399727,0.2201814955710946,-0.005590604542803,1.0,0.0385131772391911,2024-07-15,28.0,24,0.0685014477683683,0.0639275675238832,False,False,False,0.0434782608695652,8.0,0.3478260869565217,0.00071356418331,0.0082234202060351
ECHO,Falling Wedge,bullish,1,0.7987886713955795,3,16,1322,1323,2021-12-16,2021,2,25.850000381469727,25.6150004863739,31.455000638961792,24.66017575849571,1.3919116652526222,0.0091743076569854,True,0.0301740335700733,0.0105660136322944,0.0082981987841748,0.0964324090810817,-0.0176007280563781,-0.0139534214517549,-0.0530331720031193,0.0246713426378037,-0.0290000279744465,-0.0151889902256296,-0.0523896788127689,-0.0372696660166481,0.0378177707433042,0.1571229083764038,-0.0148200449552781,-0.0141705796904514,-0.084780930350966,0.0125698539812706,-0.0367717496717019,0.0116575603855251,-0.0136007770546399,0.0675915893730219,0.0284949402151331,0.0193423594824555,-0.0097121147408811,-0.0959911937876696,-0.0958747211467988,-0.0032975046378945,-0.0634573523341589,-0.0163644771890894,-0.0944091571122039,-0.0234971811887472,-0.0266201723229023,-0.0011829923471398,0.0276595632320044,0.0236148088907859,-0.0495783697831107,0.0705839958482534,-0.075605818898392,-0.012187991297265,-0.1284288754899887,-0.0192671039709672,-0.0325394571416651,-0.1161950773182382,0.0232387369764413,0.0548123765333928,-0.0317214577455877,-0.0385898911100111,-0.0261538578913762,0.1953327820650534,0.0167895391995613,-0.020384641794058,-0.0538656885801752,-0.0629669306058948,0.0289212498519328,-0.0260173052387018,0.1062425254486791,0.1394990261754427,0.0636363611474353,-0.0934010193567801,-0.0394886549535181,1.6314451275070136,-0.0664590172084241,-0.1185742726799886,-0.1005947864631737,-0.043225229894575,-0.0614510398406822,-0.0839460729888106,-0.1009883624405357,-0.0127659543070107,0.036047677665116,0.2874097958398736,0.074784274914943,0.0125052583272782,1.4824017797708628,0.1864724820401051,0.0192307692307691,-0.1134751736150311,0.19625332754493,1.4440757199070164,-0.044004622476333,1.0869296222087632,0.0261627230017584,-0.0341614866476035,0.1577449055813518,0.1692221825387476,0.2874097958398736,0.102911845038383,0.0278207590437107,0.0850461227595833,-0.0718220800943764,-0.2819118543447411,-0.0591876465790024,0.0174669829256602,-0.033161110137552,-0.0679732773929232,-0.03445027990498,1.4179860922998504,0.11784688130661,-0.0062084650639456,0.0510410936265981,0.0127684983486988,-0.5194043460350475,0.02627512856363,0.0302766542043408,1.516808177467225,-0.03445027990498,-0.1341262408950411,-0.1491428523266436,0.1703156414138475,-0.281534893002582,0.2469368492307371,1.4076667785644532,-0.105400963763601,-0.2407911009089371,stop,1341,19,24.66017575849571,-0.046028031157281,0.058413934491245,0.0487427547500174,-1.0,1.26909478903498,1.0589797895864803,4.710778504047209,1304,0.6712329505458217,5,0.0273972777608783,0.1875776711470271,-0.2368690263934761,0.0,-1.6285707355915788,-0.9573377850457672,0.3966835198386462,0.1172190930209374,25.6150004863739,24.66017575849571,31.455000638961792,1.079999923706054,0.0044963882426531,-0.0306727012297992,0.0420560712956214,-0.0453531349686001,0.0923069248533541,0.0127906950955263,1.0,-0.0036098417463898,2021-12-16,8.0,16,0.0685833365348949,0.0307079840128403,False,False,False,0.2,1.0,0.0666666666666666,-0.1027301429212133,-1.0732353254035032
ECHO,Falling Wedge,bullish,1,0.673761697888655,3,49,1783,1784,2023-10-18,2023,0,14.479999542236328,14.245572233843916,25.040198370168184,13.031249642372131,1.3521677637897016,0.0164561524482302,True,-0.0593922433608327,-0.0282979870268204,0.0068523796294273,-0.0579806650399016,-0.1183299728269294,-0.0090436233454443,0.0615964520198115,-0.0301057678362509,-0.0134760269027635,-0.011879059886977,0.0240535760379254,0.00772000083244,0.0483544760275609,-0.0005428268992004,-0.0124120494875292,0.0145822442890337,-0.0108670358669651,0.0430000305175779,-0.0810086576492313,-0.0885621859952873,-0.0006572611752576,-0.0288247891607899,-0.0465157052248951,-0.0414364258814572,-0.0221998545764128,-0.2585812137249139,0.0360144289895012,-0.0836667608661457,-0.07526317395662,0.1347455296231197,0.0095813009488172,0.0310063684514401,-0.0801351597964978,0.0238889058430988,-0.1232598624252866,0.0202083996732718,0.0508347129536526,-0.0028522408665341,0.0483305628562251,-0.00850049566284,0.076923049396036,-0.0909696608268919,-0.0011560957905,0.0443290200646366,-0.1004509601025511,-0.0239877586205081,-0.3087016197974364,-0.3521636192443127,-0.0880456742204021,0.2419872250429997,0.3316063097862405,0.2419872250429997,0.0055894618214327,-0.0436948786117719,0.1029776567283655,0.1360920884824219,0.0033684993459623,0.3292054357273186,-0.0147382292255385,0.0030140795316155,-0.0036351185666237,-0.2197640415703525,-0.0223425580023044,-0.134127583002284,-0.0718031714767138,0.0529010366850926,-0.0564687433505742,-0.0502318114071392,-0.3458954802354736,-0.0531767630132421,-0.1484546347194865,0.0951569217110139,-0.2871930017487613,-0.1049879543954946,-0.1188767065858279,1.6281770097040686,-0.0166666050597968,0.1249733006223217,0.0599999924682619,0.0302850489465975,-0.1801548231937525,-0.0332626214965242,-0.1697595912975621,0.8149198318481929,0.1138461186335637,-0.0113507809665227,0.0348557659242985,-0.2145726138445275,0.1148557105421301,-0.1202160413780453,-0.0749313997739316,-0.1374316410462272,0.2051105880245374,0.098588911701142,-0.0207272616299716,-0.069661311310807,0.0282005606866002,-0.0856731824797742,-0.0094682721057679,0.0542168432438667,-0.0394443935818142,0.1156342943943957,0.0917874666924256,-0.0229884713428664,0.101339028223395,0.0323824261871168,0.0026525083911776,0.4215406315582113,-0.32440338888032,0.283138375734919,-0.1425353098426035,0.0569829579099954,-0.1367487362565493,-0.1638212900978817,0.19649041424985,stop,1796,13,13.031249642372131,-0.1000517918276431,0.0883978402700848,0.2817679594398613,-1.0,0.8835208111251589,2.816221022060818,7.289180022667646,1734,0.6864990643143558,5,0.1089271167303162,0.3613833037410305,-0.617955827516971,0.0454545454545454,-1.6983414894278923,-1.0118424251135378,0.2782989315282233,0.2361429873567287,14.245572233843916,13.031249642372131,25.040198370168184,0.7607145309448243,-0.191593452781695,-0.1847394832871661,0.0528641079079481,-0.1677270340454542,0.5540545939348951,-0.0097833919788595,1.0,-0.0192187487181673,2023-10-18,9.0,10,-0.0025012692680016,-0.0343570294429106,False,False,True,0.3333333333333333,3.0,0.3333333333333333,-0.1798133740720474,-1.8277059485207856
ECHO,Falling Wedge,bullish,1,0.6668687414899299,3,57,2313,2314,2025-11-28,2025,0,71.2699966430664,71.36278760090204,84.88003794795657,66.59966519512713,0.5094690024722317,-0.001300270924877,True,0.150554284584458,0.14041892398082,0.0020602324463969,0.0562267220601349,-0.0126934378862414,0.0372817721207314,-0.0061967169578669,0.0244197763566813,-0.0123367256595214,0.1340482623993646,0.0207792009626115,0.0109648841508815,-0.0843517897466475,0.0536304107542988,0.0402367053565009,-0.0139372425111524,0.014430810848502,-0.0459405880163211,-0.031304371928463,0.0432455245415781,-0.0388426302028169,-0.0060422697102913,0.14127035811554,0.5065245938527441,0.5021787725852944,-0.0768639494548223,0.0011793273107052,-0.0939490657446801,0.0832318804003311,-0.0192307837380927,0.0471052837361676,0.0714680590199206,0.054861855423697,0.0440474467549687,-0.0801351597964978,-0.0697551291477087,0.020975624642721,0.0250084409362005,0.0831304135529893,-0.0162481087214957,-0.0836667608661457,0.1257754991433606,0.0096153750617811,0.0365485787450365,-0.0251030372007297,0.4996248043498587,0.5230813549128772,0.506769699965093,0.097641729536702,-0.0180321829750707,0.0528507374713704,0.0813439391440871,-0.0319845818614163,0.095584102657299,-0.1298869259666498,-0.008297378259656,-0.1362080641944894,-0.0043081790267051,-0.0561724746427598,0.0673819891227285,-0.3087016197974364,-0.1210446944189886,0.0756271851489176,-0.0223425580023044,-0.0176436807812638,-0.0463108448341916,0.1644832799511697,-0.0877817770002573,0.540771454849323,0.8039850340967689,0.7764885802538251,0.098345098540663,0.6027133752474301,-0.4817667946363433,-0.0251440302985677,-0.0251440302985677,-0.0706811117583351,-0.0516754405728853,-0.0557741454703082,-0.089354193461512,-0.1064564510382619,0.3865192333362359,0.0125052583272782,0.0717552961767571,0.0846069467776953,0.2164127365270474,0.082419047235821,-0.0464839123062178,-0.4680170884608156,-0.1059417223742897,0.0631837571663429,0.7993839426638106,0.5205557436647497,0.5021017053149381,-0.0962453245062544,-0.0727811707167871,-0.112268181073423,-0.0059601418636336,-0.3779924085760356,0.2149420300909956,-0.2531242857193625,-0.2313506685811607,0.0871368844236104,0.0787975610940578,-0.0824211046349002,-0.0576923325880864,0.1161103347223897,-0.0567870507211758,-0.2313506685811607,1.860420808524732,-0.0914692071224193,-0.2236681563997945,0.1008717866192243,0.0065855810360957,0.491968029393404,target,2318,5,84.88003794795657,0.1909645284964978,0.2347411834564916,0.0060333987011295,2.914148911400157,3.582187590629246,0.0920706185351177,2.914148911400157,2256,0.6193002177144901,6,0.1680049803808892,2.311014281008528,-0.4107194485619748,0.0,-0.881236074766881,-0.2619358570523933,0.5014116494823786,0.170665879530605,71.36278760090204,66.59966519512713,84.88003794795657,2.7264295305524557,0.7829839432988837,0.0023414027677501,0.0372005661958564,3.1336719011715832,0.9692301372114042,0.0066309429869575,1.0,0.0052366234496772,2025-11-28,60.0,15,0.1967118376355916,0.1047172194072671,False,True,False,0.2857142857142857,1.0,0.0714285714285714,-0.0401795736363926,-0.4333718870660641
ECHO,Falling Wedge,bullish,1,0.6194896664357725,3,50,2481,2482,2026-08-03,2026,2,87.55999755859375,84.13605985493359,149.53696961476953,80.52204908019621,1.0960089634122785,0.0406952465989454,False,0.0181590225173446,0.0018567147797305,-0.0734421220131528,0.1125508190162656,-0.0177945496008864,-0.0126808040844161,0.2477629161965346,-0.0007144283774844,-0.0740448682930288,-0.0113802598134499,-0.1282210269530103,0.0672985805981789,0.0144675748573972,0.0932835847451389,-0.0338600308921589,0.0738865924879228,0.0531996761120281,-0.0145868806757478,0.0090534863831091,0.0428183726564166,0.0621092032235861,0.0067819220969242,-0.0026653653661636,0.0565327171728651,0.0407037622932864,-0.0114286057569021,0.2098765521548014,-0.0639349876399628,0.1145690973903048,0.8090326249532065,0.1368237275011661,0.1090163888933835,0.0247175057898412,-0.0150130849820704,-0.03075106223867,-0.0399586573078715,0.1873797953875038,-0.1131300944853138,-0.0430741021778527,-0.0703234776467732,-0.0959558174920408,-0.0063334707179414,0.031758356722646,0.0239597338663153,0.0413907287382335,-0.003398340374735,-0.0127911734629505,-0.0212315227378195,-0.0452019015820817,-0.0045740380076025,-0.037037015532457,-0.008297378259656,-0.1396968401773107,0.0978321393601895,0.0324106164266815,0.0859443294979875,-0.0128737320151398,-0.0951087327994441,0.5038738603866972,-0.0556857494331898,-0.122500010899135,-0.0044052650278776,0.1286134690090181,0.1360920884824219,-0.0880789595057942,1.6265543949456238,0.1335294386919807,0.2490196087597793,-0.1318116895789851,,,,,,,,,,,,,,,,,,,,,,,,,,,,,,,,,,,,,,,,,,,,,,,time,2512,31,94.0,0.0735495959453025,0.0929648197420436,0.037688390981909,0.9150397251661276,1.156586953518284,0.4688859875136018,8.806113350560821,2429,0.8669180728697002,6,0.1669014153235529,0.241357343715751,-0.4520655222224617,0.04,-2.0463859608315693,-1.179467887961874,0.1304413077420031,0.2295349314211433,84.13605985493359,80.52204908019621,149.53696961476953,4.2521427699497805,-0.1903266840095482,-0.1851436244661909,0.0496571634513284,-0.2436848937450825,0.4934079702065541,-0.0060648653709851,1.0,0.0085054218987581,2026-08-03,48.0,10,0.0201693069992727,0.0129002479244293,False,False,True,0.3333333333333333,1.0,0.1111111111111111,-0.1080831906284619,-0.6897069140663468
EBAY,Falling Wedge,bullish,1,0.7292027043638115,3,32,1273,1274,2021-10-07,2021,0,68.17370196855175,66.07184283319924,72.28082872670385,62.89760022246763,1.2964976541644124,0.0318117225920084,True,0.0032239951395538,-0.0036474955119638,0.0197363818264455,-0.021602094492247,-0.0591030766611495,-0.0210647030135789,-0.0404608247610265,0.0122119241810285,0.0157142185652428,0.0777094150452302,0.0094833544014771,0.0149007386939616,0.0094833544014771,0.000289699176494,-0.0418324008597768,0.0081738532529975,0.0313418368394422,-0.0101451011560891,-0.0707149877604453,0.0229631523517852,0.0062164453087398,-0.0017185517766538,0.0051448634613861,0.0237772535216809,-0.0083287344162497,-0.0360866440305785,0.2334700180151772,-0.0653977860129113,0.0373263765371376,0.0956354179367746,0.0101543269699921,0.0640461815298056,-0.1315558866980106,0.0712317162700215,-0.0260443582473652,0.0661299579312242,-0.0510344748703595,-0.0191836215224829,-0.0185091087048639,0.2272578664710252,-0.0292113666789781,-0.0040307509229868,-0.0679614722974675,0.0713993987825833,-0.0273653939217362,0.0037637336948808,0.0247179782964521,-0.0376967047771648,0.0723152192721181,0.0235350323517411,0.0660404854758309,-0.0047062419237996,0.0424900832743224,-0.0413617689684217,0.0753446051920727,-0.1416067882367634,-0.0980425988327998,0.1631399379201896,0.2037646952380214,-0.0444249313410282,-6.965440335626738e-09,-0.0411890467155448,0.1140783925493882,-0.0680815204832664,-0.0334739832090748,-0.0968054970771387,-0.0939361012132116,0.0381812466959097,0.0179549176462969,-0.0969706354622726,-0.1286898097773944,-0.0309082837843632,0.0855095288908762,0.0840076418004405,-0.1854213803212978,-0.0448550513209635,0.1650070277824162,-0.1770655261205252,0.070449074274564,0.0416661582665882,0.0482044853845071,0.1986076101386684,0.0165744071375966,0.0492815303441092,-0.1420197950216262,0.317110512206991,0.0673371877664756,0.1754059637060976,-0.0322485547187672,-0.0578864625348379,-0.0118762464883889,-0.1288146268317007,-0.100337649016419,-0.1911456221468966,0.2696105694551221,-0.2066991739903948,0.1087221292434357,-0.1054847837128175,-0.1368792698593849,0.0635129712932975,0.0514346724950796,0.1221777142059163,-0.0555528132373958,0.094767632703369,0.0151082671728342,0.0390342141179633,0.2792160328534057,0.0145360437827732,0.2168526003377424,0.0467186856565788,0.0181560643754845,0.2052846087758097,0.0130182455565035,0.0103307534979559,-0.153530907252583,target,1284,11,72.28082872670385,0.0602450305551354,0.0906770210264747,0.007388414981357,0.7784396427154509,1.1716582629292658,0.0954673782272789,0.7784396427154509,1241,0.4457101027605102,7,0.1055735764470998,0.0648822463201461,0.0540219999639148,0.0,-0.9008403187861476,-0.4551302160256367,1.03327228704741,0.0933917534635934,66.07184283319924,62.89760022246763,72.28082872670385,1.8087484241318983,0.1651261742178564,0.0284177736647466,0.0266280538221108,0.1936626258963025,0.5689654605425423,0.0199888443313946,1.0,-0.0198553458566056,2021-10-07,38.0,13,0.1803587190918658,0.0926467282420511,False,False,False,0.1666666666666666,0.0,0.0,0.0763020415442811,1.039082512236672
EBAY,Falling Wedge,bullish,1,0.7604956028602785,5,79,1364,1365,2022-02-16,2022,1,52.776030930271375,54.47333948687367,74.29261683007041,49.065076909619,0.5903084384093114,-0.0311585185081464,True,-0.0354906900387652,-0.0018280613073659,0.0296962938333253,-0.0446280157718559,-0.0238095977956014,-0.0111770988026482,0.0045315030713113,-0.05230719303861,0.0009538889692066,0.0111456046271045,-0.0367539924210281,-0.0057892129037786,0.0107785759018339,0.0108400862223256,-0.0019459390372558,-0.0205660263978215,-0.0173687711635889,0.0194589732546934,-0.0018509202435462,0.0777465512265864,0.0374445704591064,0.0900748775127742,-0.0393143979138919,-0.0532359319789434,-0.0362918340086357,0.0185610470814825,0.022361137283037,0.0018258385203049,-0.0548241020420757,-0.1204419737309161,-0.076110782938689,0.0715734137647663,-0.0522831565418917,0.0054265122757963,0.0148158659643848,-0.0132264249568201,0.042727433009448,-0.0017185027938555,0.0300420371081744,-0.0258954497054982,0.0871622903004296,0.0778014523644472,0.0234465443408609,0.0282027927835315,0.0260605453932516,-0.0585112578529519,-0.0274758983966952,-0.0226250649310041,-0.0278333879522291,-0.0992607902794069,-0.1208872778810846,0.0417112119807525,-0.0031039670438521,0.0504100080635814,0.0081852450929675,-0.0005259109489382,0.0072799563986862,0.1219466608228867,-0.1157764696535469,-0.0796407835644036,0.0975249485415268,-0.0810255802412543,-0.0504895926648953,0.0368595933433586,0.0107410116239798,0.0333455201302921,-0.0228914876322052,0.1010792488300942,-0.0228583062450107,-0.054029431335448,-0.0448467739714198,0.1572038743123671,-0.0789473856480588,-0.173950956631822,0.2121519979758042,0.4084799633111811,-0.0202132471244871,0.0382941939719843,0.0817855708471775,0.0454604844530719,0.0727689816931096,0.1015000672291086,-0.103816430956204,0.1325398314066259,0.073294454145669,0.1157777285573948,0.0192434486790207,0.0165895581673483,0.158469828011138,0.1204888431190571,0.0092169347093928,-0.123346318346892,-0.1850502120386851,-0.0942331346606629,0.0294005728461839,-0.1654480760068746,0.0528242213555971,0.1770230139344606,0.0480546396665071,0.1190763201899118,0.0981772408557091,-0.1414113707823034,-0.0386945208449179,0.0005140590367258,0.1141377775263696,-0.0489558072044413,0.0519715990995921,0.3185405418472693,0.0316511631780167,0.117177728933058,0.0668195198418988,0.0320034433346401,0.0096185420673093,0.1138314793974464,-0.234365816452293,stop,1369,5,49.065076909619,-0.0703151403248827,0.0038274394999163,0.1383090525188877,-1.0,0.0544326510938062,1.9669882173291175,5.798127861475486,1284,0.3562504083541877,7,0.0500650844499503,0.1766567783813029,-0.1590116273369548,0.0,-2.173552747282741,-1.8173023389285496,1.6648870186380762,0.1172897824057739,54.47333948687367,49.065076909619,74.29261683007041,1.7399191707643646,-0.1522061044359357,-0.0805481401698906,0.032870764560066,-0.2045597103728673,0.1566276873298494,-0.0040047549783212,1.0,-0.0113998973749335,2022-02-16,46.0,21,-0.0522960784689395,-0.0424928481477879,False,False,False,0.35,1.0,0.05,-0.0478009798153337,-0.6608367815812084
EBAY,Falling Wedge,bullish,1,0.6865723070344109,13,83,1460,1461,2022-07-07,2022,8,40.19454174480552,41.69783504600713,61.03658490270277,37.28203978219602,2.529371010046024,-0.0360520707979912,True,-0.0315668209037663,-0.0073976068810795,0.0136228597823708,0.019181377416328,0.1051553682838961,0.0849909535607809,-0.0277200791270507,0.0021307139227118,0.033006407421193,-0.0341658066265698,-0.0053091106812449,0.0282793373603087,0.0333407989376266,-0.0234680823201912,0.0649443255091117,0.0346200533815512,0.0199847813080067,-0.0210647030135789,0.0102094507851191,0.0131516555668256,-0.0065957623830905,0.067727026575,-0.0521678991867216,0.0748850882318656,0.0451384675596631,-0.0058141733159501,0.0123597609925596,0.0183571571221186,-0.0907015897186651,0.0332487537508972,0.0443645027925907,-0.0649217503727993,0.0762567710325634,-0.0672930862927525,-0.1449198285713521,0.0492754522600971,-0.0090026695241163,-0.0633308936683386,-0.0210978450510437,0.0255431351992416,0.0647903600183548,-0.0020833326906904,0.0670953873368098,-0.0320948007132437,-0.0306702509823891,0.0819170352516711,0.1029954426096717,0.0335346483085483,-0.0089055376878708,0.0293426801172487,-0.1342145488168701,-0.1067184054262696,-0.054895326766104,0.0471326356649355,0.0227025822269699,0.0801923888176834,-0.0274758983966952,0.0520734152957556,0.1582805267650691,0.0564355711619424,-0.056029098812631,-0.11775201487361,0.0383446582261912,0.0857691831549705,-0.1028168716174807,-0.0002661142925833,-0.0194807028103549,0.0427679162417511,0.1037710907010693,0.0366981049239618,0.013071198590657,0.0309315254891353,0.0967648582150382,0.1405288216607043,0.0726434980059413,0.1618604724852907,0.0017940834049317,0.0197261542160478,-0.082108996311507,-0.1798423067559105,0.098507826705837,0.1500119782721674,0.0619215619585566,0.1913300773386577,0.0050546403283855,0.0732139540937411,-0.014288746042281,-0.0396916642041242,-0.2528346051879092,0.1172675803282601,0.1788491623579471,-0.0048838888939836,-0.1476243412216265,-0.0737151464831512,0.0568498925425602,0.0324091487997955,-0.0231693879688055,0.0447079790850708,0.2146001505331622,0.1163578509036253,-0.0267900662225897,0.235292044197058,0.0153473329084119,-0.1125885600633507,0.0205042847759293,0.1920217635231511,-0.0435124640389072,-0.0874469827754035,0.1333740077848777,-0.0072550110878338,0.3052672128753317,0.2159717839028532,-0.0560727264071293,-0.1143979608344913,-0.2031978558432922,stop,1512,52,37.28203978219602,-0.0724601360329202,0.1709678759082344,0.0804718741071074,-1.0,2.359474950896588,1.1105675273718414,7.156061498143518,1369,0.6717553202778705,5,0.0212425253621976,-0.2579199126403839,0.0055535687434722,0.0,-1.1737085875077586,-0.5019532672298904,0.3989603175094346,0.3041875776526773,41.69783504600713,37.28203978219602,61.03658490270277,1.5327655854813282,-0.2611690834695602,-0.0525475455624065,0.0377681784116272,-0.3214498424414299,0.715909435728936,-1.7641271998769525e-07,0.0,-0.0603013766132842,2022-07-07,46.0,21,-0.1666718081604714,-0.0814271420063319,True,True,False,0.8,9.0,0.45,-0.0580285887691909,-0.6654555589976883
DD,Falling Wedge,bullish,1,0.6158951037282623,3,19,1021,1022,2020-10-07,2020,2,65.38995295522459,61.63869654634982,71.46311917653986,59.34630277793576,1.3506779151886823,0.0608587887002765,True,0.0075431870127549,-0.007273878951129,0.0111083331017789,0.0028087010595609,-0.017235932400077,-0.0035641399526956,-0.024882517044544,0.026789002617251,0.0139040397397827,-0.0642258016762469,0.0875558940382763,-0.0386432920691643,0.0094364634405144,-0.0688501623093371,-0.1452914563488899,0.1073778104413614,0.0153545222065114,0.0442190555562662,-0.0056452427858535,0.0104408021142969,-0.0373744626928038,-0.0527873191919553,0.0140184721205532,0.0056573636066266,0.0060072791466518,0.0613823128114816,-0.0244168857392415,0.0306633359907546,0.0045629467826469,0.0402174152567231,0.0899459205388972,-0.0077543349905953,0.0433306771342953,-0.0063706933345418,-0.0157687886548903,-0.0018123639914995,-0.0301513658409833,-0.0230461259241406,0.0583845892500454,-0.0093080853836103,0.024121558359148,-0.0048761603466389,0.0810256954408641,-0.0250628526350821,0.0052096989932004,-0.008856461079215,-0.0029144230776542,-0.0049269777120918,-0.0906694893707792,0.0136206059381158,-0.0954609999063058,-0.0917062298652148,0.0578356634952663,0.0856067015152679,-0.0270922802362494,-0.1489017649574662,0.0651146832216638,0.0547713939202998,0.0385370339816681,-0.0615503706200739,0.0924830025020326,0.0349215684744437,0.0075572229629683,-0.0059886934058995,-0.046019762099758,-0.027709605780132,-0.1325517213480251,0.0158657319421273,0.0101524424041482,0.1055742684408722,0.0360395436391502,0.0611122215900601,0.0260495334320058,-0.0353179601884944,-0.2822655697162826,0.0238093632524736,-0.162816741709551,-0.0011170365739571,0.0969369960258061,-0.1661223934782315,0.0403218196992072,0.0233808832349038,-0.0060726019968462,0.025786330775062,0.1296091699434527,0.1095359950144445,-0.0264668416304635,-0.0499896705660788,-0.0054145960514548,-0.0233334842241914,0.1353383635974663,0.1099260794194057,0.2111540105588174,0.1309090358854838,-0.1230943205620728,0.1394435189846898,0.010590986068542,-0.0316765775453062,0.0423066444994262,0.0127337870131931,0.1570666008830381,0.0348697377681717,0.1105576066816502,0.1099652793531653,-0.1481287982151472,0.0348835360012262,0.1125158899485545,0.1182972597015201,0.0410572271253408,-0.2110257735171524,0.1057740112235552,0.0398478401842756,0.0728681891298475,0.3173968463964138,0.1638415360026708,target,1044,23,71.46311917653986,0.0928761368810564,0.1083490571201626,0.0531457691913831,1.0048838108031746,1.1722948119092942,0.57501662823786,1.0048838108031746,1000,0.6827282050314532,5,0.0751901292418349,-0.0147392897696362,0.1216034605723519,0.0,-1.1341582597894793,-0.4514300547580208,0.3876216246390198,0.1288344820189455,61.63869654634982,59.34630277793576,71.46311917653986,2.080321611499295,0.1417478864362509,0.0183572313961513,0.0321837671423873,0.5009531162472305,0.6982258522778364,0.0069468935064331,1.0,0.0068692431017673,2020-10-07,13.0,8,0.467517062390983,0.2113840416110646,False,False,False,0.0,0.0,0.0,-0.0313056284073711,-0.1802409465900772
DD,Falling Wedge,bullish,1,0.7223864994059592,5,82,1433,1434,2022-05-26,2022,0,77.81875177454829,76.11592337247913,101.59814642986925,70.03094178011449,0.9165827705372902,0.022371513431378,True,-0.0068266070776514,-0.0132739897786176,0.021133122491834,0.0434191270975898,-0.0078511407670869,0.0275340417469653,0.0163481960259159,-0.0155954427255257,-0.0072500131776847,0.0254553687642749,0.0088251719160215,0.0100665704702853,-0.0159011774553822,0.0016158731464928,-0.0282694230437043,0.0151021886396613,-0.0178070214199671,-0.0161520403942592,0.0208113888942362,-0.0049309107682334,-0.0832639810099198,-0.0273673529130084,-0.0051227343535767,-0.0571386729832019,-0.0127413521310972,0.0208139678864538,0.0748646630604876,-0.1467657205438862,0.0394688446311384,-0.0102595729073059,0.0640675439436238,0.0010471473947621,0.0220482648119137,0.0004176841432397,0.0011437577025414,0.0177602835106558,0.0198861905505058,0.0517429743578146,0.0893515864341718,-0.0098645427328596,0.0475966009423343,0.0322058918491618,0.0435141774326519,0.0253946005593082,-0.1112792703581496,-0.0707964266166301,-0.1455919507918146,-0.1023435888964432,0.1906623589938139,0.0215781761972768,-0.0032110325412207,0.064975316554064,0.1413847055735946,-0.0160960122624154,0.0719479399768925,-0.0468896073145385,-0.1366763729036458,0.0573100666400705,-0.0155914987958706,0.0190019315481797,-0.1307330127790843,-0.027578240659891,0.0571066742458103,0.0782653747053465,-0.0231628023521734,0.0246927658186062,0.0170626645907165,0.0034660609747243,-0.1629677236023274,-0.1439594773141124,-0.106373949280623,-0.0306173365802986,-0.0493679791098194,0.0150362798479377,0.0121076934611767,0.070944110199586,0.0170942218444101,-0.0830930572628552,-0.0305742007577021,-0.0257720362580835,0.1683215073828561,-0.1464553682990892,-0.0096054015538736,-0.0180767536302565,-0.0870007964679954,0.2278803430175764,0.0627091743749519,-0.0353885280361088,-0.117349407939735,0.0083293250650899,-0.1027227278622888,-0.1362794303858863,-0.1139577893474982,-0.1292090750085505,0.0005235537581871,-0.0928429282057143,0.0161675726923125,-0.2134021755027426,0.0483387481149166,0.1040260586790071,0.0002137782560036,-0.0634188400395194,0.0336388161395697,0.1100486802706548,0.0335074230652356,0.0472173902105923,-0.0882314539714547,0.1155592262036011,0.1478205865613138,-0.1235960693648792,0.1602888873292567,0.0352515361393599,0.1061335833993442,0.0273489832566902,-0.134187457197085,stop,1444,11,70.03094178011449,-0.100076264612881,0.023004054277741,0.1028492145989819,-1.0,0.2298652369443065,1.0277083681812798,3.0534122779467987,1351,0.5718559111156301,7,0.1168706139442844,0.0596321502969812,-0.2408195441168392,0.0,-1.2822512077463748,-0.710395296630744,0.535437097738176,0.2004699395639927,76.11592337247913,70.03094178011449,101.59814642986925,2.585853588051908,-0.0860862182150166,-0.0270188156363311,0.0333977016354352,-0.1368451465920057,0.7875027066452382,0.0113129817461365,0.0,-0.0525933718936183,2022-05-26,1.0,14,0.2124073003053317,0.1589792978174771,False,True,False,0.0769230769230769,1.0,0.0769230769230769,0.0049125993096907,0.6045162055018529
DD,Falling Wedge,bullish,1,0.6052048925166098,3,36,1643,1644,2023-03-29,2023,0,83.75531647965592,81.3910186871384,92.99067489076356,77.62502090351455,0.66170645317366,0.0290486325230272,True,-0.014841700248786,-0.0235279967110541,-0.0204779892801526,0.0131861372425359,-0.0184205734359621,-0.1248635249903236,0.0362484412678076,0.0186172368226937,0.0219083835774025,0.03043441531304,-2.480924544689956e-07,-0.0160570161188816,-0.0307803790362937,0.0408497732856332,-0.0346035282820188,-0.0362326944679632,-0.0111823107005935,0.0348723379543773,-0.0049732846839488,-0.0111438899577545,-0.048691469730158,0.0231927361888089,-0.0079358278925757,-0.0021003725872366,-0.0253132825584976,-0.0182135800642221,-0.1014212743411566,0.0989634480043273,-0.0090998441833222,-0.0587039790131188,0.0240754668439751,0.0341774948880291,0.0577159231477903,-0.0239751769976113,-0.0101583911047827,-0.1654063372381089,-0.0406687275736158,-0.0272856957878573,0.070155144814239,-0.0866542599096568,-0.0391148037396718,-0.0171763207644398,-0.0094538263422788,0.0354511689449534,0.0185906329601612,0.0113097742855817,-0.0380846897067882,-0.0586743367523742,-0.0063565684363909,0.0522594285671063,-0.0327558781151439,-0.0355141088533973,-0.0357245095313571,-0.0008178589580278,-0.1087960261620054,0.077226717343884,0.0226538252061696,0.0817189316206243,0.0270530556725174,0.0840550372439101,0.0890373480174193,0.0703825920121354,0.021379301074049,-0.0350483188376576,0.0268605473654615,-0.2515583182386759,0.0196053698901952,0.0798400677178148,-0.0453597214367198,-0.0684683391544157,-0.0946010650797523,-0.0440263161917923,0.0816540718268654,-0.0018163554527587,0.1070404045015738,0.0266553292132663,0.0624999543726507,0.0958258739372159,-0.0730341830728703,0.0138654348789497,-0.0081424876494053,0.0203836449952845,-0.1078584129806135,-0.0613369033433931,-0.0834474346861894,-0.08104840368152,-0.0589321557453426,0.0737248633741123,0.0098212948334899,-0.0915237414714892,-0.0867768365420803,-0.0581447212102134,-0.0456035614616505,-0.1172526530227462,-0.0655015921442182,0.0153373021595144,-0.0140366121096249,-0.1316375875923158,0.0563086359156566,-0.0467635561616628,-0.0948012686958873,-0.0992498060618952,0.2501538981244642,0.0038902270760847,-0.0558429785780818,-0.0499304218173592,0.0133521865888548,0.0167286222838274,-0.0816738708441373,-0.1005589560270833,0.0536322554835464,0.0407014976896591,0.2799439097656826,0.249286291403638,-0.0575704702845836,stop,1666,23,77.62502090351455,-0.0731929128060833,0.0201624770376908,0.1206946805172538,-1.0,0.2754703463040088,1.648994088225747,1.5065111129471376,1607,0.5112086303137919,7,0.1628076571984628,0.0655278946983322,0.3893557357741635,0.0,-1.2488519900732904,-0.7376433597595029,0.7931361332925854,0.1008332818087754,81.3910186871384,77.62502090351455,92.99067489076356,2.1385277074091817,0.1187862374789545,-0.0225114708077177,0.0257457232384719,0.4278651122186125,0.727273285404683,0.0120722314549872,1.0,0.020625582598182,2023-03-29,21.0,13,0.2215452768388617,0.0633974385960733,False,False,False,0.0,2.0,0.1666666666666666,-0.0171424161787551,-0.2038682982009402
ETN,Falling Wedge,bullish,1,0.7363987645478695,3,37,682,683,2019-06-05,2019,1,68.82708880806243,67.39024849812631,76.7523066148593,65.25274701091175,1.2555015778109948,0.0213211902605769,True,0.0003814100133823,-0.0176208073970671,0.0086643156205128,-0.0475564767327691,0.0470811387363778,0.0193435367244063,-0.0248215625406498,0.0459910030127233,-0.0276064774158349,-0.0493969465978476,0.0244595351268102,-0.011487538059381,0.0487004926349263,0.038403797858775,-0.0875902243712604,-0.0144999841939476,0.0181927561744816,-0.0178199068192843,0.0395744061781637,-0.0310556198204466,-0.0326420620410643,-0.002678190288945,0.003218610354095,0.0166579923124639,-0.0178293997667238,-0.0435502038365941,-0.0588910079108349,0.0208439849759525,0.0182513027961537,0.0346513949658899,0.0255400543724104,0.0299947610454314,0.0664414827730066,0.0402320984049,0.0424611054293806,0.0354184789071596,0.0055752646833129,-0.0054151589888135,0.0343005012838206,0.0102088672622899,0.0284969605175124,0.0520002594874691,0.0329057273005146,0.1201109878209505,0.0786003585619159,-0.0117508686801275,0.0467950982615847,-0.0130840187102772,0.0581835426449495,-0.0008662565157123,-0.0891249108573823,0.0259744499614904,0.0700179764728596,-0.0038598324896546,-0.0255183597641017,0.0427015222435471,0.1357182801002161,-0.067618940002802,0.0142834417660289,0.0232070897307001,-0.0679289982260694,0.1399654072443392,-0.0049413405830714,0.0803782215844854,0.0803782215844854,0.1214544424129122,-0.0844361875334167,-0.0129557071355163,0.0250444951296704,0.0257733040590253,-0.020059365065457,0.0011476647287627,0.0723861910477277,-0.0074101302347699,0.0238673390942742,0.0653139820704347,0.1069753640967385,-0.2198529292756733,0.0095746830817642,-0.07952805136051,0.024598123643859,0.1121172074071958,0.1044305578831334,0.0871665404340344,0.0449160642304677,-0.0500511446251376,0.056326041395978,0.0835922377438702,-0.0798541071076942,0.2713388330091268,-0.0781152628182647,-0.0016736561632405,0.0215406566257791,-0.0162755418146995,0.1253820589400653,0.0356665683302972,0.0851462331297332,0.0847954923778648,-0.099127913015646,-0.1518408556018692,0.1591342747931465,-0.0062373985129103,-0.0943013000535221,0.1013811264704502,0.0226545469639019,0.014772620616978,0.1741874154254454,0.093921266760405,0.1594697423424105,0.022515102901504,0.0037606832433383,-0.020019604147794,0.029405472631047,0.2377751515230524,-0.0273813776301157,time,742,60,70.3096694946289,0.0215406566257791,0.0770598630397753,0.0397722354894095,0.4147842513965317,1.4838553048294714,0.7658493058237777,2.2172523660480725,644,0.5455258711406434,7,0.1172164523193269,0.0430168443238179,-0.0602034325850941,0.0,-1.7538027617089,-1.208276890568255,0.7340074888988505,0.0706137504418771,67.39024849812631,65.25274701091175,76.7523066148593,1.202797776833744,0.0140144149294907,-0.02988542485806,0.0175694884025445,0.034599414253623,0.5775866037897129,0.0090009687342027,1.0,-0.0172613999908697,2019-06-05,21.0,16,0.0338975053596932,0.0177536159339968,False,False,False,0.2666666666666666,2.0,0.1333333333333333,-0.0021617105550542,-0.1589519886753262
ETN,Falling Wedge,bullish,1,0.6284644778814855,3,29,741,742,2019-08-28,2019,0,69.70050520560875,68.31377950139498,75.40839441144882,65.09086427916607,0.5179225423191164,0.0202993556253969,True,0.0379986389997322,0.017088248488567,0.001469776459015,-0.0088394795680483,0.003337273595461,-0.0289176191609054,0.0436482491943988,0.0205572186399998,0.0707325125717552,-0.0211515178020081,0.0367802115810449,-0.0266317004570479,-0.0366197608029302,0.0105372422874534,0.005991808833303,0.0412811307252689,-0.0075103538161966,0.0045430739335299,0.0134547541961036,-0.0625672394275205,0.0589605050331647,0.0276383250252083,0.0306639184476797,0.1057630430290548,0.0729579301643661,-0.0084609151394458,0.0093082344042287,-0.0186984485933445,-0.054196552216114,-0.0154483241818155,0.0122798449590253,-0.0176852815729186,-0.0768274339220598,0.0074156731667063,0.0491560672510649,-0.0841877063327308,0.085162526259088,0.0008561478173134,-0.0002367778580444,-0.0116024861720729,-0.0198712769451582,0.0278855961281518,0.0152473001264683,-0.0238855226634155,-0.012190652235834,0.1125620424151001,0.0448386645269061,0.0220374880883962,-0.0377192022526955,0.152326783183907,-0.012290104364672,0.0476369219548147,0.0394153962223811,0.0830394161550178,0.0960960749795527,0.0585194084510425,0.1099210083729109,0.0236939290922857,0.0030124811889722,0.1723185775921802,0.1087942663347165,-0.0125427270083631,-0.0896159000343599,0.0142834417660289,0.0649187081071795,0.1362879709454632,-0.0309893685736614,-0.0532731288055831,0.0011469668615501,0.0671310026794318,0.0327247640882906,0.0810252021189605,-0.0560605766869358,-0.0926027377334942,0.1045219121446618,-0.0295327089026393,0.0011609637936684,-0.0601480176857905,0.1069398130563379,-0.0912148114220789,0.0496636537100547,0.1050015440428988,-0.0496586449530163,0.0865496030184496,0.1095209661932161,0.0909868198207539,0.048289795124462,0.0813378118746033,-0.1041076293509806,-0.0271962642953279,0.1557577856756771,0.0416192787022578,0.1512508710988123,0.0827506999499991,0.0790566106494237,0.194412745932289,0.2364886780264321,0.0663637251186501,-0.0520560718977025,-0.0026357796971435,0.0389579401887796,0.0519133434826113,-0.0772826697393381,0.0778651446230203,0.1854055224545612,0.162140203564304,-0.0384729540743518,0.1054934012543897,0.029405472631047,0.1807081559176164,0.2074999680983735,0.0047838675298428,-0.0308720281675757,0.0080721120321423,0.0798885017024437,target,749,8,75.40839441144882,0.0818916475426172,0.1001902120500501,0.0168461757423394,1.238250288237728,1.5149354381350215,0.254724170225048,1.238250288237728,712,0.3790436135131536,6,0.0452770877442997,0.0182891523816464,0.0113984764194814,0.0,-0.8355643875886398,-0.4565207740754901,1.0014073911546144,0.0930895407820612,68.31377950139498,65.09086427916607,75.40839441144882,1.5815495639124992,0.0184929362178269,-0.0222023750884995,0.0230053529528576,0.0020867330972282,0.9358313205822812,-0.0046839011347443,1.0,-0.0287127932019778,2019-08-28,21.0,16,-0.049712902843384,-0.0222552082165753,False,False,False,0.4,6.0,0.4,0.0338566493502144,1.1403338477121894
ETN,Falling Wedge,bullish,1,0.6901823727668515,3,29,1370,1371,2022-02-25,2022,0,141.09533994009743,141.51431758033436,159.56267688233083,136.4038659805201,1.0550243393602226,-0.0029606731488429,True,-0.0133722882215894,-0.0136960469398976,0.015185325910767,0.0217449704715726,0.0070855806300067,0.0691272692058944,0.0978712241308155,-0.0058315862594331,-0.0143880945157368,-0.0429877483003817,0.0087616871674913,0.0577367705741058,-0.0372178461211297,-0.001669758430953,-0.0015460179839885,-0.0043420205142576,0.0158773552493558,0.0391100822891861,-0.0808943609290262,-0.0312866928624568,-0.0038160533235512,-0.014630784747204,-0.0180667533036432,-0.0269256982694248,0.0007578035013566,0.0203777824164268,-0.0839579526709296,0.022889561349576,-0.0676916353719678,0.0572017828402506,-0.0014003659576078,0.0289999566034349,-0.0634155204431649,0.0325405639638787,0.0205329784867329,-0.0590923046049755,0.00875516837081,-0.085928438853895,0.0241180139343897,0.0327084254935996,0.0577280041748538,0.0579483621371541,0.0023651954027859,-0.0335075870760402,0.0781986393333058,-0.0293942297458557,0.0211583779998156,-0.0299173591693919,-0.0969675853997392,0.0438044128638805,-0.0401835478585107,0.0043832155200809,0.0526474422649139,0.0649187081071795,0.0453931476030093,0.060938965233404,0.1296950010251245,0.0326672779890808,-0.0429288624475542,0.0438963482338488,-0.056541457003735,-0.0226473293024044,0.0878911597321554,-0.0302833652562424,-0.037129309151392,0.1070236292225794,0.0040001856557099,0.0664425212123307,0.0003073500876296,-0.0259324924072787,-0.020866084491025,0.0303675941697365,0.0026377445753451,0.2826516811910111,0.0303675941697365,0.0643961643044048,0.1343067234642645,0.1907637677547595,0.0596024751964407,0.0901713504810741,-0.0680209957918247,0.0866726715711518,0.1016141419387084,0.1020342497277191,0.2093751455561516,0.056326041395978,0.0510679271163938,-0.0480717136281618,-0.0248153840296734,0.1045219121446618,-0.1121796574260424,-0.0931219641013706,-0.0889764075393819,-0.010562923707956,-0.2335731406949025,-0.0182254513451174,0.0586013543502035,0.0859889321492921,0.1097950445252129,0.0303941498977076,0.1100007283185051,0.0220584343716345,0.0874716658198975,-0.096901656645766,-0.0237159378012026,-0.0890708271214374,-0.0240474432315574,-0.017134487776366,-0.0107348993508449,0.1902852482869852,0.1013811264704502,0.0863425658230776,0.0621691953985577,0.0001878956486172,-0.1105400323940293,stop,1372,2,136.4038659805201,-0.0332503820577569,0.0213425040858295,0.0490090547914507,-1.0,0.6418724467212722,1.473939598838909,3.936361386922663,1341,0.5513268633280664,7,0.0671668688220512,0.0042238112386414,0.1283111763855384,0.0,-0.8538718331871342,-0.3025449698590706,0.43853583242493,0.1053682290027505,141.51431758033436,136.4038659805201,159.56267688233083,3.874357876848797,-0.0279144645051024,-0.0472622424874448,0.0270475861070491,-0.0860087038018232,0.9710119822054496,-6.64770342656551e-05,0.0,0.0150960371106931,2022-02-25,3.0,13,-0.0491881164379452,-0.0327492547852131,False,False,False,0.5833333333333334,0.0,0.0,0.0245259505339881,0.3976583142423823
ETN,Falling Wedge,bullish,1,0.7330290853065429,3,35,1468,1469,2022-07-19,2022,2,124.80975125898776,116.6969578595142,145.51174048174357,114.05545804763544,1.1187963389214055,0.0695201790027821,True,0.047819746686857,0.0518452944686258,0.0191149450241552,-0.0022717199461744,-0.0769627967703018,0.0016338809339719,-0.0393931101726727,-0.0367525016818305,-0.0196310812333676,-0.0486439566155941,-0.0121042395526412,-0.0032419188453057,-0.0073695196195909,0.0081215574158175,0.0159653356729034,0.0406285411236551,-0.020884026319664,0.0151992892104328,-0.0041052732777633,0.0191149450241552,0.0005394311133051,0.000788784888853,0.0553324183682399,0.1024171255741865,0.0626940601396977,0.0743576532726038,-0.0299563401379051,0.0026806145414375,0.0343005012838206,0.0073202931977791,-0.049066336281875,-0.0153442099368306,-0.0331892686803227,0.0198449576433423,0.0515881336074113,-0.0494505416435325,-0.0768274339220598,0.0793895223587723,0.0551874107746319,0.0880941823590171,-0.0142453859355781,0.0426961362304347,-0.0555731180361286,-0.0282007947725481,-0.030355583835972,0.0987546059698616,0.1592361474985923,0.0643751870688462,0.0008798288299025,0.0308623197198725,0.0011734016963989,0.0463221704677225,-0.0042216093884298,0.0331392044678982,0.1132814269513546,0.0414078544503873,-0.0020214276962884,0.1838406779286931,-0.0878690157692233,0.1475937022323921,0.0451083879772846,0.1157195925350262,0.1157559820294085,0.191747661981686,0.0266359522543797,0.0294380718363631,0.0733701721307766,0.0241172419285009,0.102922067670387,0.0835183667363943,0.0780910313021092,0.09231407733126,0.1678336434227785,-0.0685883052211895,-0.0173798589107193,0.011191550917238,-0.0042921854761617,0.2362116892865837,-0.020500072141803,-0.0310175183684673,0.2326795174791749,0.0935176733875819,0.0755163152165439,-0.143476150242417,0.0043844604915881,-0.0042921854761617,0.0248614924375383,-0.1201263516823973,-0.0854350705326238,0.0643861402973968,-0.0492365604379764,0.0605907516475059,0.0255941470871827,0.1133595402891937,-0.1821503376388078,0.1012706445024593,-0.0597580782059318,0.1224723025882592,-0.1143769641422339,0.0922569162921618,0.0134628240869973,-0.0638640274621246,-0.0034014848951443,0.1511126098914441,0.074015031183134,-0.029213859603653,0.2888943915933974,0.0592776495845532,0.1012029956317441,0.0459783331865599,-0.0333065882675994,0.0967195100399875,-0.2003883946424871,0.0621691953985577,-0.0005244863688809,time,1528,60,128.004150390625,0.0255941470871827,0.1646875330725918,0.0168073960475675,0.2970347812597494,1.91129343735476,0.1950594872933001,1.924997655903844,1431,0.8624741933200379,7,0.0599740939799791,-0.0818884671203769,-0.0545106557749809,0.0,-1.1885280880276785,-0.3260538947076453,0.1263276964718508,0.1872320130794992,116.6969578595142,114.05545804763544,145.51174048174357,3.217155201720104,-0.1256444769337121,-0.0126836449945423,0.0258719386576756,-0.2172231181383292,0.8972610852540331,0.013950120162316,0.0,0.0721863442252068,2022-07-19,3.0,13,-0.1718255927761287,-0.0941790330099348,True,True,False,0.9166666666666666,3.0,0.25,0.0037374308315862,0.1064738702722862
ETN,Falling Wedge,bullish,1,0.6153204906298811,5,61,2164,2165,2025-04-28,2025,3,282.9824126656202,265.96472421570616,370.0089094882369,237.7796275540145,0.81615144768456,0.0639847577534835,True,0.0404544051982107,0.0138562840078193,-0.0486241794265057,-0.0266483403091875,0.0404544051982107,0.0083517047397225,-0.0384531573279723,-0.006714613148241,0.0379208502675592,0.0300362134245633,0.0181651729418579,0.0236653373924686,0.0003468657435177,0.0041435737938895,0.0495215173293577,0.0302822400186433,0.0304460039478995,-0.0029699116360952,-0.0018183814319613,0.0171543730152079,0.0042653322348753,0.0158631135965301,0.0311849991799937,0.1223791362734052,0.0602925339077546,-0.0651680757644452,-0.027257246177743,0.0525754682009333,-0.0397542832542171,0.0241000297647071,-0.0109500093815503,0.0168948837308486,0.0465694403672622,-0.0005594493572727,0.0285031774383395,-0.0734270033689824,0.0490283229320687,0.0017134233411468,0.0782233432020573,0.0254555325672731,0.0159940584389013,0.030502854178118,0.0205166920516686,0.0090051088510816,0.0221193352005555,0.1121748561253676,0.1435311813135826,0.0665788189324783,-0.0546292925929176,0.0496614488024473,-0.1460162785560402,-0.0567337169708532,0.0585883112721503,0.0327655083762183,0.0910410026996015,0.0190459119218531,0.0530613040601597,0.1235489833007645,-0.0325322860825344,0.111697943897099,0.012188733448849,-0.0482598068927817,0.1228434593630747,-0.0910431663002991,-0.1154529177716932,-0.0005124264858316,0.0629178961133027,-0.0526699264438632,0.1365556470556473,0.192978769662816,0.0836625569093183,0.0465404498132062,-0.0166908649466337,0.1202835895164129,-0.1121796574260424,0.0643861402973968,-0.1142108888443654,0.0032723025837793,0.0441569694669992,0.0344503352061356,0.0528085469791677,0.0611208890907308,-0.0764805306520347,0.0455344754178475,-0.1074643834411662,-0.081160221602798,0.0405688589109238,-0.0360223364486024,-0.0062129016468127,0.0551383280149435,0.3133042206344172,0.1764216036166407,0.341251760504901,0.1820537616530366,-0.1495074922560075,0.227215422551573,0.0727219559622849,-0.1510083272669004,-0.004609241756363,0.0404286476549435,-0.1518266234576269,0.1059395499423312,0.2871804498267034,-0.1887392943345215,0.1049359901090833,0.0346437340837502,0.028107945491294,0.0801849019196001,0.1202722691733053,0.2993742706087787,0.0651603153387478,0.0592776495845532,0.1574447731770289,-0.1100200269799764,0.2948929170362719,target,2219,55,370.0089094882369,0.3075332350263393,0.326999275179963,0.0172586916749299,1.925246345059232,2.0471093451845044,0.1080443649117051,1.925246345059232,2100,0.6880344881336034,6,0.1657124517669839,0.0709336642700113,-0.0799213132974843,0.0,-1.0305770138341552,-0.342542525700548,0.4057625474237597,0.2702914296262033,265.96472421570616,237.7796275540145,370.0089094882369,14.12251967735747,-0.0915714108470112,0.0154632555550131,0.0499458925332374,-0.1604633988989043,0.4439112739231828,-0.0026314250278588,0.0,-0.0086564106494101,2025-04-28,40.0,14,-0.0829075272820253,-0.0495924177773543,True,False,False,0.3846153846153846,1.0,0.0769230769230769,0.0169992299810244,0.866992620148057
ETN,Falling Wedge,bullish,1,0.7562493730097543,3,23,2246,2247,2025-08-25,2025,1,342.4815583596558,342.0201999021237,404.9514727092592,333.3454370207519,0.747086120790773,0.0013489216650481,True,-0.0073635266448729,-0.0043582449990645,0.0046543973100583,0.0083357798008307,0.0181571987426218,0.0039642370580807,-0.0435988236723442,0.0588559717864249,0.030274019814124,0.0191336529588579,0.0461376992488029,-0.0009208490563842,0.0316823586646486,-0.020884026319664,-0.0108306501000805,-0.0533238519970438,-0.0152267825163187,-0.0087646316088644,-0.0325424131008624,-0.0344657777106066,0.0269228748442107,-0.0657809174752005,-0.0054524999784375,0.0055733262652304,-0.0070862192779672,0.1403202087901762,-0.024329860516983,-0.0747108284610953,-0.0811906238285843,0.0709353280493152,0.0214389447217715,-0.0140519277885733,-0.0407009764775312,0.0240550964343215,-0.0066676920553561,-0.0195340982556627,-0.0284358215696989,-0.1144975443124646,-0.023722823516925,0.0070292046516842,0.0573811501210579,0.082005376022135,-0.0229996355470885,-0.0023102304510134,0.0180065254643717,0.0071723376915375,0.0641640829711343,0.0285852047682602,0.0381110769507737,0.1206320342026168,0.0702856545558316,0.1461869098419146,-0.0810430867567268,0.0990035811026106,0.0307514128821515,0.0408219295498453,0.0412710395513964,-0.004848557415142,0.0661183206199378,0.0909610440111781,-0.0086215271605138,-0.0602090483876556,0.0496614488024473,-0.0066734006083755,0.0723027774538909,-0.013314922540156,-0.0671430074035728,-0.0027823817689557,0.0330905180969594,0.0784291680398101,0.0302338463214153,-0.0486269806799084,0.0871917945059996,0.0296095532364082,-0.1496608596477679,0.1062537875008096,0.2093751455561516,0.1025819471917635,0.0633673613786007,-0.0201861840928482,0.0201693334942594,0.1832671840404842,-0.1529989236528691,0.0884348814784043,0.088712439649903,-0.0081601631015604,0.0783874692285557,-0.0531887713081742,0.019394575196185,-0.0406468249284439,0.0579739361955944,0.0453666329777327,-0.0204330601992883,-0.0511244154566403,0.3085613819172397,0.0203508136010832,0.1850321641794061,-0.2130385643552483,-0.0494619098427115,-0.0432015846184414,0.1584640771380028,-0.2335731406949025,0.019880344411683,0.0346502112468281,0.2435538493642495,-0.1191968166484623,0.1458578822117711,-0.0139168745356549,0.0282637532742757,-0.0981759182596201,0.2109610304247569,0.0776915976420384,0.0282637532742757,0.0175053100155255,-0.0558566281865931,stop,2306,60,333.3454370207519,-0.0266762431900338,0.1412886069415464,0.0296701669732241,-1.0,5.296420711681455,1.1122318372142028,6.837684399351237,2222,0.7364720210250251,5,0.0071270907584335,0.1250490287770658,-0.0942897574259248,0.0,-1.2809418190696198,-0.5444697980445822,0.2397531096837512,0.122069079394257,342.0201999021237,333.3454370207519,404.9514727092592,6.590508009441744,0.0542264842090125,-0.0368402634980998,0.0192734459087044,0.2049299921585023,0.0090722248749232,0.0048906260459855,1.0,0.0086821747185568,2025-08-25,40.0,14,0.2240275351803871,0.1168094760912898,False,False,False,0.0,0.0,0.0,-0.0473820147409752,-1.3460757053363672
ECL,Falling Wedge,bullish,1,0.6848789553989588,3,39,787,788,2019-11-01,2019,2,178.15196228329788,177.50091195919936,192.91106150962685,171.5983907031207,1.3597595893153058,0.0036678703050729,True,-0.0081787579094163,-0.0117196941367712,-0.0723880214131204,-0.021038917301012,0.017677733379233,-0.0005104731419461,0.0470098355701846,-0.0285977369774711,0.0386120537868945,0.0077734602457906,-0.0203212608635068,0.0238759677241542,-0.027162436794084,0.1061845602519484,0.0261852844472716,-0.1004218410350725,0.0597798733034,0.0477305594770336,-0.0086308786001626,-0.039676520059967,0.090877612466657,0.0279969042695011,-0.0169265458462026,-0.0011460881870336,-0.0139443183576969,-0.0520820916777966,0.0280422720456345,-0.0153612815807682,0.0133604316260036,0.021616526470187,-0.0420502294160726,-0.0184442428758906,0.046889305287145,0.0215574930719661,-0.0460364831600976,0.0227807334913014,0.0133264691850396,-0.0532062812777375,-0.0468977394871131,0.0117714669234298,0.0362484535735441,0.0170694052672053,-0.0425314807836676,0.0362122946814595,0.021781835963299,0.0001515689466127,-0.0354238971838049,-0.0477353557680978,0.01300502755466,0.0206441014810037,0.0225545654434866,0.0240215587213779,-0.0772678691333018,-0.0315647645152817,0.0561548723973728,0.0736325515912632,-0.1612159573445123,0.0616705570864708,0.1059522792911145,0.0297995798809465,-0.0542528508479754,0.0532717551397843,-0.0272147924658942,0.0269268101593025,-0.0212228799573249,0.0077081486372223,-0.0535989770381073,-0.0961009546379256,-0.0340690352559889,0.0079198366783863,-0.0427296383882487,0.0254677656301218,0.0249084131347707,-0.0503466378857249,0.0224561485314147,-0.0137741508138898,-0.159235509758485,-0.0599114866915969,0.039450130759981,0.0212400577123188,0.0668799722952999,0.074824679587516,0.0893208185021903,0.0045924087362883,-0.0368017619613521,0.1408067500015843,-0.0469353560297981,-0.2012030884586668,0.1256564865235527,-0.0245703655614665,0.0812842763736372,0.0017143591470015,0.0418147883311508,-0.0278326582607439,0.0102153798590056,-0.1204957833034566,0.1470736379683674,0.1556586781829445,-0.008820841460619,0.018798362138461,-0.0865084328040673,0.0438606111964667,-0.0277716887971166,0.0743745367063482,0.0806904019155541,0.0483819198727601,0.0839456877911175,0.061609435316104,0.0403262604377427,0.0174114325674499,-0.0417624202074415,-0.0792628168308603,-0.2295517762784777,-0.0235105533095935,0.0335816867831163,stop,801,14,171.5983907031207,-0.0367864125445649,0.0100544086166911,0.0474576609595634,-1.0,0.2733185413095317,1.2900866835566211,2.252069584617246,746,0.5546144536888518,6,0.0711806740420961,0.0276775000684585,-0.0666586175821877,0.0256410256410256,-1.0958581182300229,-0.5412436645411703,0.7568221813880183,0.0720683866357473,177.50091195919936,171.5983907031207,192.91106150962685,3.291989937528961,0.0278092679923345,-0.02704305676582,0.0185733674122423,0.044797032629793,0.1716847673718428,0.0069246233671138,1.0,0.0400546221733928,2019-11-01,54.0,20,0.0438530020749448,0.067619286648267,False,False,False,0.1052631578947368,2.0,0.1052631578947368,-0.0455689062889338,-1.396677992535167
ECL,Falling Wedge,bullish,1,0.6055811553080016,5,57,992,993,2020-08-26,2020,0,184.7681288224814,183.15087205007103,216.6538728065874,166.57634346489436,0.7188847106301018,0.0088301887635469,True,0.0585497573690458,0.0321803230642052,0.0685997587123528,0.0170838714253951,-0.0069946517298286,-0.0133322003595587,0.0128887862328368,0.0477305594770336,0.0034033616638975,0.004366395045547,-0.0189810527440452,0.0470098355701846,0.0171005353902757,0.00690886767468,0.0477305594770336,-0.0125842155875945,0.0193005646937352,-0.0168025524212979,-0.0488823321896393,-0.0123639146475823,0.0080414242411619,0.0199412786469608,0.0490415134404684,0.0215574930719661,0.0635073960452131,0.0276945191114024,0.0007144397404412,-0.0478519506169584,0.0040911045985632,-0.0102145432793392,0.0192171933866822,0.0224014994885244,-0.0883496336668929,0.0289633987485657,0.0034972323308102,0.0756618186994657,-0.0256132831509368,0.0555939146975388,0.0357247998803256,-0.0125000979466304,0.036302885773886,0.0234029110062337,0.0441339897254036,-0.0624999959402938,-0.0001910270992335,0.0150485342975883,-0.0129027627253917,0.0551443888419356,0.0785670069445947,0.0440616682748935,0.0122397325069441,0.0322646593758588,0.0472098929814595,-0.0673713014283978,0.0467539746800003,0.0192804518414837,0.0683133642984308,-0.0031807200031447,0.0599577921363458,0.0013556347678616,0.0023013884977181,0.0016173108853752,0.0778706085640066,-0.0360403515487248,0.1131784817998284,0.035173885586627,0.0439733827282362,0.1717909056139406,-0.0503686511505586,0.0391378573714056,0.0463700331469894,0.0726578863305387,0.0571134060763973,0.0385581092510354,0.0168087494483952,-0.0447992900099964,0.0143760405022443,0.0935720900413465,-0.0633644356877163,0.060785322237767,-0.0015081927504763,-0.0083005866598548,-0.0821965542129972,-0.0269209373427412,-0.0275006617935009,-0.0193285911201183,-0.0770793604013894,0.0107256214979896,1.736351562109384e-05,-0.1782143816451465,-0.0770602083074667,0.051220787922909,0.0698753339398345,0.0391670395074836,0.070484694874515,0.1404477605162881,0.0331145294950465,0.0281429000601907,0.0516868506256913,0.0836269281969763,0.0241630511913673,0.0648837717899666,0.0909402043459162,-0.0315078208650942,-0.0036214969485333,-0.0158107909957281,0.0148148930499933,-0.0273355275208815,0.018798362138461,0.0148800608076447,0.0916376734882424,-0.0849429636370071,-0.0257399193051818,0.0095040511196664,0.0424669733184575,time,1052,60,197.67886352539065,0.0698753339398345,0.1189739493231292,0.0806670176389597,0.7097013541622907,1.208380242123255,0.8193090240384,1.7527550681444128,935,0.41130105222588,5,0.1023470361499228,0.4731438023246803,-0.5820069713930804,0.0212765957446808,-0.7998833783079168,-0.3885823260820374,0.9621091156762966,0.1578436490423808,183.15087205007103,166.57634346489436,216.6538728065874,2.959982661832325,0.0304247772833996,-0.0092773033543741,0.0160606202933438,0.0795838593085933,0.5915496741402237,-0.0012243341166116,1.0,0.0690511425504605,2020-08-26,58.0,9,0.1047028483209482,0.1099884665608261,False,False,False,0.0,0.0,0.0,-0.0464679799766178,-0.7467675694038962
ECL,Falling Wedge,bullish,1,0.7129694354084449,3,29,1190,1191,2021-06-10,2021,1,202.1671851792162,199.5110830650791,222.305110576266,197.7247576688813,1.271580672225877,0.0133130554620402,True,-0.0216969346325356,-0.0164399540776238,0.0193346866440249,0.0015290295580503,-0.0112311516930978,-0.0044608992954887,0.0585034660158949,-0.0020509961876428,-0.051018427519424,0.0464247941557462,0.0163238795824332,0.0282671250716042,0.0425426066149166,-0.0184709372046488,0.0106119762070258,0.0577679964405803,-0.0004072296022157,-0.0130608263734794,0.0498962184055535,0.0511061241041932,0.0128548912540391,0.0162456353669466,-0.0372323327097862,-0.0282302206298064,-0.0336302103113279,-0.0898974262840598,-0.0109273967945358,-0.0190405173775142,0.0362122946814595,0.0443333522681403,0.0050522219311599,-0.0133705971264136,-0.0061700815434911,-0.0437283187012054,0.0022555991802577,-0.0995463808142002,0.0482265297546971,0.0256112372628525,-0.0326933222635229,-0.0675115688915992,0.0104036851299114,0.0087373202059766,0.0083350156127111,0.0328297862959532,0.0326968980276456,-0.0218206371575175,-0.0071370681583086,-0.0371813256443892,0.0530123195299656,0.03140779102484,-0.0999782795373488,0.2109996113681507,-0.1602551178709385,0.0201683225761504,0.012906700403408,0.0365623472188427,0.0758686449997367,0.065381618348616,-0.0104175818915264,-0.0023255052567904,-0.1541910592761955,-0.006116376196983,-0.0232978502126474,0.0363763042523324,0.0459861949841782,-0.0098929450559297,-0.0405243825360438,0.0513580547471481,-0.0137885087392568,0.0250155960699862,-0.0215133376643263,0.1152435880190581,0.0289794579105047,0.074075997869822,0.0217078647015034,0.0398836736734515,0.054517976157302,-0.0633644356877163,0.0405768024410055,-0.0328593129609766,-0.0033877466420314,0.0264574180368339,0.0199252271554191,0.0744429821202461,-0.0017826069610304,0.05377552796782,0.0442712851645201,-0.0075721603488425,-0.0693156936319597,0.0807024082821179,-0.0036190590152676,0.0003826363573972,0.0506351252531944,-0.020940263989873,0.0355768535033773,-0.0173547226524318,0.0227916107772483,0.1189430648238707,0.0412008077088148,0.0359825178881503,-0.0255560624719628,0.1055548324814767,0.0613595079984408,-0.2361680423643665,0.1128213412915406,-0.0327878864994957,0.0070334007390158,0.0809720978460069,0.0229873772304951,-0.2063772298227574,0.1499721087084722,0.2369096449810863,0.0664280528858827,0.0500316722032785,0.0191190778903873,stop,1195,5,197.7247576688813,-0.0219740286060609,0.0091025404160744,0.0325700883258624,-1.0,0.4142408558421449,1.4822083337453609,4.533090376871811,1160,0.836327167256944,7,0.129911610688846,0.069804364080769,0.7016352722003725,0.0,-1.2084926742074475,-0.372165506950503,0.113241945508364,0.0840070824883781,199.5110830650791,197.7247576688813,222.305110576266,2.5039085201057896,0.0114455553478036,-0.026851488137542,0.0124555127202273,-0.0441432700425965,0.2871290120332704,0.0105280570277948,1.0,0.0448928899551455,2021-06-10,53.0,9,0.1187314981504017,0.1005219483753609,False,False,False,0.125,0.0,0.0,-0.0303434693710295,-0.0043330194493568
ECL,Falling Wedge,bullish,1,0.6221235003970663,3,39,1279,1280,2021-10-15,2021,1,206.20046414120475,205.8675964561561,225.38865570569533,198.12442454318776,0.9966954741096948,0.0016169017892018,True,0.0153599406869684,-0.0052495713142806,0.0578710475000658,-0.0006676422642893,0.0173569151761394,0.0285379526658036,0.0186229158765809,0.0742273114598399,-0.0164687648193039,0.0344463209154606,0.0094453241243961,-0.0032524571856068,-0.0193231661855262,-0.0001535255064095,0.0455444337577115,-0.0073088625032307,0.0310938168258092,-0.0602157635876552,-0.0214339960121842,0.0002514543590943,-0.0035526168448568,0.0318048542724698,0.004518663085753,0.018890470209314,-0.0155263762321,0.082448003415523,0.0577999476297574,-0.022698699426495,0.0563180942292911,0.0009768115675397,-0.0043845911142716,0.075729715145324,0.0387112361051151,-0.0171085002985263,-0.0456073337851886,0.0486124786612729,0.0018383636024217,-0.0464147669026564,-0.0112186438290051,-0.0004259706222436,0.0225363882611946,0.0069849815962512,-0.0323128162473659,0.0192543492043677,-0.0297800865539344,0.0088275221773954,0.080559371192735,0.0280784786889103,0.0341025417349871,0.0063203187649574,-0.0196156067425288,0.0645905571714493,0.0363527624102253,-0.0926862975344934,-0.0035667779135137,0.0803502400255256,0.0496019131581357,0.0535995234616977,0.1907014493976053,0.0185270191815598,0.0251128713624069,0.0625639599840244,-0.0731320609906597,0.0035333520194618,0.0603372823445687,0.120756287607415,0.0446897779275914,-0.0320723542523018,0.0490560332368293,0.063502347813356,0.0125978549721992,0.0534383469894339,0.0301421838577808,-0.0387870345886596,0.0104184904081172,0.0447747214258233,-0.0535842795286836,-0.0770793604013894,0.0008374244850641,0.0501483142069121,0.1168090377720418,0.0385581092510354,0.1544925451749026,0.0530785849675681,0.1149398164465862,0.0465392629373078,-0.0352942395407411,-0.0905475761681962,0.0050955637005087,-0.0037118590722545,0.0782232262858853,0.0385777838829038,0.0413536215447709,-0.0204306168359797,-0.0094960884885209,0.0281173086392496,0.0388711469447946,0.294273075797026,0.1148083718678214,0.0913525494604208,0.0659674382825694,-0.1659840307013635,0.0355061037384512,-0.0923382163649872,-0.0353310219351463,0.0551923146603459,0.0662772606339603,0.0489791976207054,-0.0028752757601511,-0.1038019251673678,0.1217243365280653,0.0808984870862175,0.076333302936383,0.0183367133466201,0.0050130690885162,target,1305,26,225.38865570569533,0.093056005690417,0.0955066560048112,0.0037597767137592,2.375940748136264,2.438511668714707,0.0959960255314767,2.375940748136264,1239,0.5835376389171156,7,0.1375412953687794,0.0588744252516466,0.2904464267922497,0.0263157894736842,-0.9206442197735404,-0.3371065808564267,0.625804207726012,0.096700819255337,205.8675964561561,198.12442454318776,225.38865570569533,3.922226746167709,0.0213290568434725,0.0007785047454251,0.0188391693312869,0.003921494760757,0.294740279904489,0.007111618702013,1.0,0.0101270394512038,2021-10-15,53.0,9,0.0191884607196242,0.0405140155739802,False,False,False,0.0,2.0,0.25,-0.0165957696095387,-0.2798328687982993
ECL,Falling Wedge,bullish,1,0.651587021736754,3,35,1537,1538,2022-10-25,2022,2,147.1500273346942,139.1352989680497,171.27467949156448,130.37353696448974,1.860391297964949,0.0576038462280152,True,-0.0701090355645545,-0.0777080730168945,-0.0170631102377857,0.0155499442346593,0.009959236005568,0.0080067793512497,-0.0522598905729085,0.0151470198225762,0.1352452854447754,0.0037472905312476,-0.0171723639114991,-0.004409184839604,0.0072825504496321,-0.0190290885752433,-0.0011415979907343,-0.0578694074683704,-0.0013183686427296,0.0285190931481875,-0.003995832493514,0.0255512312155892,0.0318500964947348,-0.0193506933728252,-0.0744714849942047,-0.0797993758500329,-0.080795012332257,0.0032865139026578,0.0069990597799238,0.0148700110215205,-0.0201231439284681,-0.0144000116676717,-0.015167258577395,0.0149801944648735,-0.0004259706222436,0.004153555645443,0.031552172012635,0.071063871404478,-0.0109273967945358,-0.1107721134699331,0.0346833265987978,-0.0169398768207124,-0.0229167502758089,0.042435515581146,-0.0323057492265875,0.0175128641108519,-0.0169049371341903,-0.0788320696502719,-0.0314772937416015,-0.0793782830051402,0.0231936368100471,0.0643213549179648,0.0146366620578539,-0.0172712812152001,0.0581624622187706,-0.0026076058683321,0.0353508065393772,0.079390825669485,0.0004021000012084,-0.0070390006210058,-0.00759890167459,-0.0114937841679793,0.0711490455238079,-0.0414401367168929,0.0535995234616977,0.005069873548438,0.1407199798866418,0.0229789537449547,0.0163340447883799,0.0196472918599286,-0.0573525862798293,-0.05805827563308,-0.0747858453110303,0.0332096626462441,0.0464845432442382,-0.0657696459731298,0.0601331014204704,0.1519175471178513,0.1235666164497555,0.0540676588262107,0.2373560433861381,-0.0037233654299823,0.0212480395802161,0.0061006726105068,0.0510570227735154,0.0408286482456758,0.053189080494298,-0.0366105551191617,0.06646472027823,0.1047232039114061,0.2159179051740469,0.0911037469326474,0.1180991308651762,-0.1265264645047977,0.0071526852586134,-0.0474819313415695,0.0365020061363572,0.0065424057254663,0.0468249208222324,0.230948079572183,0.104394543385224,0.0609664238005338,0.0929896335159128,0.0579336046009095,0.0016857508677017,0.0568151626750228,0.0879731051143506,0.0822309130973515,0.086630186184976,-0.0180685139315752,0.1610237942326211,0.1648352985744448,0.0014494192029461,-0.1084588101001353,-0.0522062891557804,0.0392923612106594,-0.0498625145179566,stop,1544,7,130.37353696448974,-0.1140094274807448,0.0346647578934192,0.1477625799732173,-1.0,0.3040516794040899,1.2960558020359592,1.4380035170953522,1500,0.5653148384059121,7,0.1938281118708962,0.046526615264091,0.0049753703969839,0.0285714285714285,-1.489682531451686,-0.9243676930457744,0.7183850580816658,0.1352878652430316,139.1352989680497,130.37353696448974,171.27467949156448,4.83974291638146,-0.0851799409278646,-0.0228221487132678,0.0330553744885379,-0.0857365299962754,0.8971307585602686,0.0054574098795319,0.0,0.0592768459845991,2022-10-25,10.0,8,-0.0545109610823333,-0.0580203330522272,False,False,False,0.4285714285714285,1.0,0.1428571428571428,-0.0112936628322812,0.0368737105731001
ECL,Falling Wedge,bullish,1,0.769174474081595,3,36,1793,1794,2023-11-01,2023,1,162.76795595094322,154.5260334070961,178.30442148606653,151.22370163701453,2.6219521344436942,0.0533367896795353,True,0.0524779040393836,0.0274650443121253,0.0083156779437458,0.0339656563793375,-0.0124426773404926,0.0187286906296015,-0.0342496665567326,-0.0037136403093218,0.016749156192485,-0.0197080723643652,0.0655249588164093,0.0173711238113458,-0.0489360604574419,0.0025126604814991,0.0213212717939159,-0.0446007466349142,-0.0247186726469281,0.0107977833405437,-0.1004218410350725,-0.0085519161165998,0.0220931285405696,0.009959236005568,0.055978101515726,0.0917917392189693,0.0376401766349687,-0.0560774174473628,0.0572149635285319,0.021616526470187,-0.0325282619720798,0.0306741101464305,0.0103160899050032,0.0474666584566081,-0.0466278267939153,-0.0859286916356495,-0.0560774174473628,0.0413455662897617,-0.073170579422833,0.0004534545258219,0.0265826038607361,0.0236448780192999,-0.0618816859425432,-0.1107721134699331,0.0001076565181994,0.0258599885177044,-0.0091050739949515,0.1041360678133866,0.1420656604624344,0.0721608677887601,0.0293424000647206,-0.1747420929397832,0.0731629622359268,0.1397811503334827,-0.0509809028042247,-0.0377285604843113,0.0096742866810408,-0.0623840610503931,-0.0338457025423398,0.0213952984101613,0.0024799972972557,-0.0661135534249606,0.0077287937114165,0.0330253171457921,0.0238966665352324,0.055806532422395,0.0243911289992131,0.0252517272504686,0.0268918186629472,0.0554608698009635,0.1369409566471842,0.1849310498791885,0.0661794044009425,-0.0590787049919849,0.0893870259848139,0.0120759186399916,-0.0120730044370338,-0.2118309353497849,-0.2210354951410924,-0.0558183555446557,-0.0409218906699893,0.0859031341066638,0.0272884721567601,-0.1973459237925213,0.0025740309526285,0.1197033288568403,0.0382219289053911,-0.0503466378857249,-0.0061204540170253,-0.0627378415433501,0.0328973712183848,-0.0281186173491529,0.0098220041863348,0.2113087821649138,0.1992087010189329,0.043785749883398,0.0037450036400596,0.0453148465128612,-0.0470805871897086,0.0861872584641976,-0.0009533713474717,0.077135677827405,-0.0119982889358127,-0.0218165984249183,-0.0123181469838308,0.0392923612106594,0.0007154014296808,0.3883037211992446,0.0710083132208494,0.0827992283685965,0.1312099163015294,0.0142830479817805,-0.0128978094041526,-0.0172972044122974,-0.0505842374977215,0.1052904409303574,0.1556917523743675,target,1802,9,178.30442148606653,0.0954516227985677,0.0998927215528121,0.0034548595078941,1.3458180245022695,1.4084351972314324,0.0487117144949868,1.3458180245022695,1756,0.6764906757978534,6,0.0274037492941973,-0.029456674195174,-0.1492867267342138,0.0,-1.9293969054913296,-1.2529062296934586,0.3960938091726878,0.0654936210871185,154.5260334070961,151.22370163701453,178.30442148606653,3.058936108948416,-0.0136464654889826,-0.0250255974380916,0.0188685339232895,-0.0296599422778363,0.6066691080729182,-0.0018481434898024,1.0,-0.0047096500029844,2023-11-01,43.0,7,-0.0386435086830303,-0.0332466141281643,False,False,False,0.3333333333333333,1.0,0.1666666666666666,0.0013486227704221,-0.1250953085298494
ECL,Falling Wedge,bullish,1,0.7051115720667662,3,35,2061,2062,2024-11-25,2024,0,241.3807564534104,239.79919207076023,263.1924141285035,234.24661965705965,1.9107810999635773,0.0065953699384586,True,0.006856555965967,-0.0016772730198153,0.0226411063762148,-0.0213523962935027,-0.0527851607049898,0.0133678421339926,-9.030830875889072e-05,-0.0047194677566483,0.0308966296048398,-0.0279395543952888,0.0185346189950466,-0.0118223067464293,0.0307180677484115,0.0203983727181309,0.0149314755070302,0.0046351606838364,0.0164579734695211,-0.043033032158897,0.0173569151761394,0.0234602364346929,0.0037673932479702,-0.0106425057190496,0.0046175029653539,0.0023126269771067,-0.004367614926835,0.0605281304428588,-0.0358432246099176,-0.0401760012183719,0.0577204374601991,0.0131632891149677,0.0428779737820843,-0.0224774572034579,-0.0176826328307135,-0.0267041910653891,0.028534420232231,-0.0315264234157337,0.0455519405607132,0.0286090062438628,0.0029067300396181,0.0083350156127111,0.0217386243137662,-0.0106389207891225,0.001045013704394,0.1207714977328322,0.0345740400870033,-0.01175273643262,-0.0207253035010452,-0.0282801713763722,-0.0937553965521656,0.0475167395333182,0.0134369378420511,0.0517328644424772,-0.0106629461144797,0.0306821308273776,0.0572158250904422,-0.0203979032717678,0.0297698552102261,0.0426301980491106,0.0289660138120015,0.1725110348057694,0.0725693737737913,-0.0047725431139231,0.0480861629228612,0.0128317327927613,0.0187602855308122,-0.003871377499773,-0.0768343855586924,-0.0508701981603476,-0.0390025237191378,0.0014845788722519,-0.0028363157841884,-0.042322392923317,0.0219246592886828,-0.0059729373985927,-0.1263825751704854,0.1536421485613288,0.0548516597353023,0.0507318552101998,-0.0579626655934912,0.2219326286913221,0.1105189217550133,0.0090646276884729,0.0926319039383412,0.1568671804852288,0.0353564922682114,0.002605721031347,-0.00082048156787,-0.0116662089542984,0.0567911923115771,0.0203364001792358,0.0735637113327818,-0.0393000131711975,0.0807654280131167,0.0850405837576512,-0.0795786737471923,0.0176852551155788,-0.024253490559319,0.0244948563993583,0.0973002668018332,-0.015684469467714,-0.0991642322688391,-0.0336801008429796,0.0540406668846553,-0.2440834981621307,0.0433467540949863,0.1055659691794426,0.1213578356562674,-0.2317593565697197,-0.0474018053107414,0.0441290987439719,-0.0208800006342442,0.0313349317829629,-0.0614872528412211,-0.0218173425017684,0.0977921574254573,stop,2077,16,234.24661965705965,-0.0295555325170577,0.0326843800497287,0.0341083175855317,-1.0,1.1058633449038733,1.1540417201363673,3.057364653597625,2026,0.6689278139087793,5,0.0145659289878243,0.0124190524448948,0.5112627002618115,0.0,-1.0337031954732865,-0.3647753815645064,0.3667927918009809,0.0848337415890921,239.79919207076023,234.24661965705965,263.1924141285035,3.3422512845939503,0.0397254458291043,-0.0187171151125677,0.013821711753253,0.0836983757691605,0.9133851172346714,0.0028536629544309,1.0,0.0287520567555688,2024-11-25,50.0,9,0.1741055560319457,0.0944114186815077,False,False,False,0.0,3.0,0.375,-0.0442080762882114,-1.7334411716201843
ECL,Falling Wedge,bullish,1,0.6081187817009142,3,47,2403,2404,2026-04-10,2026,2,270.2734525937331,259.83837677134034,332.1208829760576,253.65846322054176,0.8090285191398505,0.0401598715018749,True,0.0112977511901988,-0.0370187018468752,0.0147496606019321,0.0116146696511389,0.0154535766659269,0.0540811738853512,-0.0097594225057053,0.0355707979444832,-0.0135024403197798,-0.0366937692464263,-0.0012688784937954,0.0105454645803004,-0.0148031702714216,0.0180800657612913,0.0140634868015434,0.0344463209154606,-0.0550847891564448,0.0411777132465895,-0.0585851325713165,-0.0228494951810701,0.0083156779437458,0.0070315663446891,0.0086685973603741,-0.0082436599529153,-0.0621696947101638,0.0137010376472501,0.037866920998995,0.0188224414138864,0.0068329703048406,0.007988844363979,0.0654920366413371,0.0143299816532367,-0.0248928854746266,0.0400828204129612,-0.0099396293508775,0.0203187886613693,-0.0327146757285486,0.0190868224459774,0.0312215500298482,-0.014050927707885,0.0275672783217839,-0.0033420391401741,0.048870740917922,0.0217386243137662,0.0534667596367528,-0.025366032971005,-0.064439063033002,-0.1533217556389481,-0.0235570322444099,0.0268168241423363,-0.0397882470567888,0.0864081557631815,0.0824567252417367,-0.0191304325053494,0.001514052447896,0.1194524979253972,-0.0515277732909353,7.682597618074993e-05,0.0026109937617657,-0.0035774786378186,0.0216135400884822,0.0424442763004087,-0.0570677053944201,0.0074666893391033,0.0292128225933683,0.0294972487724198,0.0201349433309232,-0.0130240168366813,-0.0775407085188418,-0.0526994811080374,-0.143944017280799,0.0305790639801106,-0.0379140295095664,0.0235856571603632,0.0813101487853422,-0.0067858830758633,-0.0382448113212638,0.0138442234778262,-0.0943705435240275,0.0336813785200178,0.0104478360214905,-0.1131561202841312,-0.0157396447899911,0.0350718075231017,0.0289605918165458,0.1517159405270023,0.0734623595348911,0.0166566472681506,0.0272412509340576,-0.0074464335714762,-0.2029870177422377,-0.0531951021945545,0.0115446934729828,-0.0916577484597722,-0.0178831106099429,-0.0082114758298198,-0.1297313088089866,-0.0139901933427492,-0.0241474277421015,0.1666195694181647,-0.0781887975934062,0.087643308951671,0.0659674382825694,0.0339610046213525,0.0382559389882317,0.0732362242603283,0.0712189540276375,0.0981717224683769,-0.0435052184554707,-0.1625711335930498,0.1272015180076087,0.0183291539824137,0.0231152847268174,0.0976000365063787,-0.0096098809403183,stop,2416,13,253.65846322054176,-0.0614747368405675,0.0267543126480621,0.0632982563863216,-1.0,0.4352082501377506,1.0296629093424725,3.722387597919062,2354,0.8741789241959309,7,0.1391877284792685,0.0836055866161473,0.1703964620994646,0.0638297872340425,-1.2227900870207378,-0.3486111628248051,0.1195916272581695,0.206211293726892,259.83837677134034,253.65846322054176,332.1208829760576,6.310990419012724,0.0059930097128992,-0.0324552274320333,0.0232171018800382,-0.0233137202871122,0.4657089030154163,0.0045509276232962,1.0,0.0229042914627675,2026-04-10,9.0,16,-0.0061757466921881,-0.0163607459298996,False,False,True,0.3333333333333333,1.0,0.0666666666666666,-0.0223278145944158,-0.928215681604448
ELV,Falling Wedge,bullish,1,0.6356574724326177,3,33,751,752,2019-09-12,2019,2,227.03066026064224,228.1202877183273,281.16209250869633,221.23626987518932,1.5599792012141993,-0.0047765477967066,True,0.0195570186831168,0.0218767251115989,-0.0197441409073679,0.0010531900409376,-0.0045265390869,-0.0064285769729529,0.0248668035927832,-0.0475915660913821,-0.0096700551503795,0.0820119022130061,-0.0207163462377193,-0.0177942476482649,-0.0018700526518,-0.0054762022632606,0.031224546916043,-0.0096520233658697,-0.0041398363131655,0.0258944804830341,0.0206519151414772,0.0056917729840164,-0.0361906352812583,-0.017162408242047,0.0200354196251704,-0.0468965854156148,-0.0356021832119616,-0.0361083641786595,0.0482438013085253,0.0343681631998749,0.0387155335538302,-0.0271869576969949,-0.0288825771074461,-0.0203268911582502,0.022432740554815,0.0711065168377347,-0.0753075708048045,0.1022772172399721,0.0815738346546575,0.0031711960325355,-0.0273636616467366,0.0474888383526432,0.0079120563329051,0.1234695556916611,0.0186413551399471,-0.0325632952586878,-0.0017930971044475,-0.0643900051127685,-0.0531630681637466,-0.0293511325865171,0.1471851597286073,0.0496351259777743,-0.000934667365173,-0.0646461959565806,-0.0400058933406513,0.0029705557983668,0.1071109018551172,-0.0013925010074025,0.0257403955589643,-0.0105581731564922,-0.0174837833227307,0.1365708700270356,0.1421234837455713,0.1045068660667505,0.0993744565832202,0.1168062718743427,0.1134007836370529,0.025129582932966,-0.109071407774391,0.0188534013058676,-0.0954288298221574,0.1166234835092034,0.0907003946618807,-0.0967299655581647,0.0044438505213644,0.0500703389785024,0.1021863325726923,0.0922022536617754,0.2692780913654335,0.0125155494876478,-0.1614095844402259,0.031185996321452,0.073166395022959,0.3117460239988781,0.1320517119745834,0.0368391163299441,-0.0617456936599091,0.0253351027726176,-0.0348581948715802,0.1598133108230408,-0.037343475562517,-0.0758937561497192,-0.0651310517996993,0.0782373659197497,0.1417663702461953,0.093572192467016,-0.1341227733734703,-0.0353903082975736,0.1551088691209687,-0.0307191250134759,0.0344554592364947,0.0528718394335741,0.1670732791750828,0.0979671396046035,0.0320006959135343,0.0952531029619951,-3.658204332412929e-05,0.1768793551952179,-0.0898632724533997,0.4459016850604871,0.0074867208891533,0.0828128776554064,0.2071719823428661,-0.1126228431313827,-0.0444734295670663,0.0552918859882174,0.0836140423112998,stop,760,9,221.23626987518932,-0.0255225015810668,0.038834578079041,0.0262621257703713,-1.0,1.5215819638874848,1.0289792984028316,9.34204094773349,716,0.7380582409138299,5,0.0971712448610323,0.0387584864157519,0.0750045825407235,0.0303030303030303,-1.7847914566711855,-1.04673321575735,0.3138488481563882,0.1104357238669096,228.1202877183273,221.23626987518932,281.16209250869633,5.510351294313144,-0.1076212492976059,-0.1100318370182558,0.0245051510274315,-0.1804419269707455,0.0266158813410345,0.0066451581175033,1.0,0.0612538527870729,2019-09-12,28.0,4,-0.0883234713349816,-0.0664265355008805,True,False,True,0.3333333333333333,1.0,0.3333333333333333,-0.043167495328371,-0.9060613150667598
ELV,Falling Wedge,bullish,1,0.6521000637494382,13,107,1653,1654,2023-04-13,2023,5,468.2256295174628,456.58977343159074,521.1581161227061,414.0998950373579,1.2219689225544583,0.0254842678547537,True,-0.0819326329029891,-0.079679769832319,-0.003724122573095,0.0347705808098448,0.0146363993102853,-0.0471371205429985,0.0870188902593545,-0.0335744153957852,-0.0211220549092976,-0.0102419024212651,-0.0599868274584424,0.0098188030161616,0.0296139404319166,0.0130090818399708,0.0106129071875733,-0.0214621903933514,0.0487854372609173,-0.0108829507698163,0.0298394125745502,-0.0087497291066527,-0.0477011877429583,-0.0099819439508571,-0.0821096832742918,-0.0608035279311872,-0.059834589870912,-0.0753610674738569,0.0615562363215349,-0.007073924242402,-0.027666581068984,-0.0164980182202708,0.0335648324438686,-0.0260752869599287,-0.02201307218827,0.0085140285822655,-0.0257658854070048,0.0337617305618516,0.0433295863898477,0.0106095117790627,-0.0342288050535608,-0.0020942750935348,-0.0188544315131632,0.0528311838121298,-0.0206991198686599,-0.0096137700690486,0.0290320937609185,-0.0601662762558269,-0.0781992899059356,-0.076551958834769,0.0723843551260576,0.0256581905768285,0.0230403119119377,-0.1604665586092634,0.124864674490785,-0.0599357077187542,0.0484977535343209,0.1009741883411794,-0.0233817190886727,0.0198600762521863,4.3913020762786914e-05,0.1535083529119103,0.0671110141439801,0.0750847508068286,-0.016777831929422,0.0400443360718805,-0.0508192794883849,-0.0634838744768703,-0.0063004822304394,0.0100217883536295,-0.0971957025059596,-0.0481158973240219,-0.0895149442048527,0.0331484486372375,0.0048569499565791,-0.1092659723088776,-0.2400746909564969,-0.0949431031183042,-0.08651134216645,0.1785975587573218,0.0092092076476542,-0.0408002121923317,-0.0437274997692036,0.0522744465457725,0.0104893169508661,-0.0526004974408277,0.1916241758287438,0.0637802254986796,-0.0588455302740461,-0.042937096069883,0.0798034083610486,0.0339353556630821,-0.0548280165719022,-0.0397751539729551,-0.1194812124062282,-0.1952872930029426,0.1405786600902181,0.4012937041874698,0.0844694099831497,0.1732196099085226,0.0277438389146911,-0.1830489493396382,0.0921126104864127,0.2677394588082522,-0.0429477974704047,0.2170832004507308,0.3390527416116753,0.0708230890831083,0.1646893100704753,0.4229229981394271,0.0838943930554576,-0.0009924347482572,-0.0937071777952288,-0.100571837469699,0.0794406403725886,0.0970317027934009,-0.2315225709628458,stop,1696,43,414.0998950373579,-0.1155975475667254,0.0040966213635859,0.1317299309671895,-1.0,0.0354386528937499,1.1395564502884636,0.9779541490508524,1541,0.3607111802727818,6,0.1342520754941762,0.1275542326518475,-0.0165977425531357,0.0,-0.8578579494178081,-0.4971467691450273,1.5650262466500855,0.1355516702221416,456.58977343159074,414.0998950373579,521.1581161227061,9.24109773654333,0.0233477149492087,0.0475063566644178,0.019709771121505,0.0600443514667448,0.7074488160217599,0.0042191803220528,1.0,0.0661939827080642,2023-04-13,58.0,5,0.0077819419881894,-0.0210225334935314,False,True,False,0.25,1.0,0.25,0.0129782835405181,0.3378878863049528
ELV,Falling Wedge,bullish,1,0.6738672255192594,3,31,1717,1718,2023-07-17,2023,1,418.2913733914537,402.42851162786974,463.3924975509567,389.19356351587726,1.48020086294491,0.0394178377158638,True,0.0677605819645348,0.0595475282537827,0.0070365267131862,-0.0020446349844156,0.0464549471430018,0.0202828798909344,-0.0099166179907382,0.0090449021783656,-0.0807815878337746,-0.000480665798636,-0.0188666066003949,-0.0047934750709704,-0.030728033013479,0.0215972797994841,-0.0148089689132961,-0.014309794155774,-0.0091755211031663,0.0062731747895019,0.0286642487234041,0.0633682515058688,0.0623345035027325,-0.0127798072712992,0.064442031889008,0.0688256185247122,0.0526435314189093,0.0241981372058295,0.0265152983494716,0.0297158873048353,0.1071505246114894,0.0152045029922178,0.0236120406071718,0.0238156841797114,0.0098149640074822,0.0390001757414955,0.0137908249083722,-0.1275014585616249,-0.0346100847107975,0.0134072964577318,0.0764173832257459,0.0678693511124179,0.1527844373529066,-0.0338990131368405,-0.0250604607086734,-0.0603221019919563,-0.043853435819584,0.0539231208683421,0.0683045546041212,0.0736098104527974,0.2086192238259365,0.0601898053683507,-0.023636220648744,-0.0103650312935725,0.0470451825603785,-0.124801909491343,0.0020445610218369,0.0076232241124405,-0.0334967662649862,-0.1133978006199514,0.0744032961174092,0.1697010939540095,-0.0936075847938802,0.0845293334250061,-0.0066513388589855,0.0291804384846032,0.187351745172678,-0.0128417869563498,0.0760117760347023,0.0916616258247671,0.0373264112554059,0.0125155494876478,0.0225266505884905,0.0380429688665544,-0.000766446565431,0.0828766717616649,0.0801414714809871,0.0481365329629359,0.0926715506747546,-0.0018997126010603,-0.0625924042132791,-0.007839257757354,-0.1933404334107923,0.0769223794487643,-0.1659418021085726,0.1369647759636652,0.2104182901614502,0.1419556927941918,-0.0065365149187165,0.1291768889375635,0.0120384538058926,0.3410584343640253,-0.0079851131647011,-0.0346595718364792,0.0348667257106136,0.066891690038602,-0.3289656126313336,0.144002162797596,-0.0270408779804334,-0.2310261465943617,0.1371473779916263,0.0330827193170235,-0.2830460448110287,0.1075326926003259,-0.0704838706982342,0.0253472603745585,0.0307718034398556,0.1281582103274352,0.0916202591758328,-0.030301901393278,0.0801038126196638,0.1107300944113767,-0.2334356528503044,0.0942163254592109,-0.0408714603904326,0.0781972718035506,0.0440798045621811,time,1777,60,432.8758239746094,0.0348667257106136,0.0899696131503051,0.0191356408237364,0.5012215917802557,1.2933452108272592,0.2750816475574256,1.5499834644723247,1685,0.6802717847332631,5,0.0161010040197125,-0.0855964706009775,-0.1590689770512224,0.0,-1.175580433028093,-0.4953086482948272,0.375161945507634,0.1162291760254226,402.42851162786974,389.19356351587726,463.3924975509567,9.298695675568954,-0.0824379059564269,-0.0281567822298101,0.0224381660963014,-0.0777730661217684,0.6395984694747033,-0.007430619711002,1.0,0.0224008722628823,2023-07-17,58.0,5,-0.0906366549790456,-0.0708590877939786,True,False,False,0.75,0.0,0.0,-0.0325007280002935,-0.9441802829360332
ELV,Falling Wedge,bullish,1,0.63190174133595,5,53,2091,2092,2025-01-10,2025,4,372.2552398392611,356.9014044552255,444.7553761520003,350.0017969977516,0.6561185029822376,0.0430198233808345,True,0.0007012837416886,-0.0371782785321901,-0.0748048794841177,0.001593276672835,0.0274418011785286,0.0155997306946382,0.0392616857083223,-0.0298989740523427,-0.0092786574279042,0.0241697867883394,-0.0452520164255541,0.0350351883211719,-0.0059060772792686,0.0275160183053702,-0.0322606257358695,0.0180889456216251,0.0655951745271801,-0.0135166084238972,-0.0244754461323393,-0.0730480455042914,-0.022493143118258,0.0165275590177842,0.003706549079091,0.0681004455988676,0.0271119745268804,0.038582125546221,0.0937593334776267,0.008766965290397,-0.0060964856601273,0.0349219851732205,0.0227727825819445,-0.0458789590377531,0.0431011843072912,0.0085140285822655,-0.0623316291813216,0.036431051946894,0.0252412147794474,-0.0349337409120219,-0.0270743185147867,-0.0132909516295779,-0.151714784500897,-0.0706929308091968,0.0381444459488786,0.06503647912691,0.036510214287132,0.0661120450587403,0.0288817491993784,-0.0216242913193256,-0.3095997483223908,0.0211567482632806,0.0872029938595946,-0.0868296117017064,0.0140915640450181,0.0815898438110571,-0.0530630934120923,-0.0102938710218436,-0.0303656541542182,-0.072863038642525,-0.0810409163501654,0.0517256817958733,-0.0282746972577446,-0.0608588756856233,0.0853360040266633,0.0588446733019962,0.0826842135174288,-0.0103650312935725,0.1692751410716473,0.0251944422686201,0.0322044107934136,0.1007479329718734,0.1352237645783668,0.0819391512105118,-0.0962731581845942,-0.2180682214365802,-0.0907641564307139,-0.051480684850106,-0.0078372691535396,0.0937368113728762,-0.0307999505830375,0.1916332240203393,-0.066026655774649,0.1927507314511067,-0.0513332180484084,-0.0184841478838185,0.116557635437007,0.0182468165594786,-0.1074481138889655,-0.1402790978358303,0.0660486414387655,-0.1647731137163212,0.0054595261924408,0.1146076954770753,0.1238561982988488,0.2589735987781181,0.088333586490616,0.053504656448623,-0.1183002507323984,0.0604842254074031,-0.4248078751199213,-0.3353503185725708,0.2097396978535,0.1240752002519012,0.2090447138482076,0.1024497806066553,0.1668990358396931,0.1004743899996039,-0.0968773379685021,-0.0429477974704047,0.1681490101882625,-0.0297273335461669,0.0111514841210942,0.153288265327802,-0.0738803262524598,-0.1442919720819259,0.1147856565668982,target,2149,58,444.7553761520003,0.194759209686463,0.1964413815469771,0.025686852761122,3.25792897885914,3.2860683231325822,0.4296892666635434,3.25792897885914,2034,0.865949331108908,7,0.1161439861961634,-0.1486251853526937,-0.1936698528154675,0.0,-1.4666430844907865,-0.6006937533818776,0.1330132609667706,0.1373581982197661,356.9014044552255,350.0017969977516,444.7553761520003,7.247210996097039,-0.2178586480296344,-0.0296721856487907,0.0196660638392755,-0.2809187697888808,0.1815087463179535,-0.0052186223518969,1.0,-0.0337697731153108,2025-01-10,26.0,6,-0.1472600437969694,-0.1286776233793654,True,False,False,0.8,0.0,0.0,0.017362894599785,0.3468236114453307
ELV,Falling Wedge,bullish,1,0.6960352689053744,3,41,2192,2193,2025-06-06,2025,0,381.2243445308231,375.5705636564721,447.8741676505933,341.36910776566674,1.3928490923964938,0.0150538445273957,True,-0.0163115582063984,-0.0117761366366007,-0.1004514508346723,-0.0040935188878271,-0.0201162357411336,5.239227448772255e-05,0.0073155826373119,-0.0082360853823377,0.0298413239931192,-0.0726813315840337,0.0045643913413671,0.0240358622893697,-0.0388820998490982,-0.0049501396329521,-0.0101076373641044,-0.0324950628596126,-0.0355671472008203,0.0732623634496798,0.0429934383458403,0.0252391064991097,0.012836032372941,0.0044059709767638,-0.0111598459485683,-0.0473403175884603,-0.051015753054517,0.1183181349720408,-0.0389738331268353,-0.0021208295755003,0.0050886835655976,-0.0684830998384308,-0.0169620705953507,0.0370517196333455,0.0174555079130527,-0.0235769652337817,0.0190409937481412,-0.0642035266306256,-0.0160182672285977,0.011685420458058,0.0053292976093068,0.0812788058518818,-0.0204732882669725,0.0820647842212627,0.0099728571256894,0.0694509483637537,0.1576491502565098,-0.0655190387495876,-0.1060726574170254,-0.1435133447679271,0.2083957910691471,-0.0024613802814814,-0.0107329824836615,0.0120252248049128,0.046001636086882,0.0843275357363901,0.046902760249726,0.1407957401071762,0.0173504978349712,-0.1581107736253305,-0.0178945958354823,0.0550857856223827,-0.0721515434451076,0.0808882621854165,0.0705723338133832,0.0069760063803434,0.0243551023082653,-0.0799935198191877,-0.0514934042843762,0.0508842214983551,-0.1286587923131616,-0.2929363783039769,-0.3431371827133633,-0.0416478412961209,-0.0140643043756089,0.0525033877694185,0.2198545859951202,-0.0157591015740733,0.0538425621846627,-0.0152238775157169,-0.2654346341347633,0.0922022536617754,0.1328636410738348,-0.0243896403475492,0.0295704989900988,-0.0725153055288879,0.1306805809683373,0.0154283963552159,-0.0736121186846362,0.0770830257919392,-0.0112215770363344,0.0801226854172776,0.029440704683711,-0.3119225744238619,-0.1773648364158064,-0.2539390676056627,-0.1186690180984115,-0.3115133384175476,0.1381943979782947,0.0640780081960781,0.1604814897509425,-0.0337492994538923,0.3390527416116753,-0.0406317194705824,0.0620363206493235,0.4141087198045623,-0.038134459525747,-0.0368568375675316,0.1166102269562929,0.1357623816905215,0.0781976614967436,0.0504170008643014,0.0162953122916995,0.1537266721268257,0.0385863982835554,0.0185621062848513,-0.2376925746884042,stop,2209,17,341.36910776566674,-0.104545361115924,0.0245657587228221,0.1056634854951883,-1.0,0.234977032558935,1.0106951123161214,1.672297758823985,2151,0.4114827472878196,7,0.1512853740240984,0.111643192511105,0.1011363899130299,0.0,-0.986344143047677,-0.574861395759857,1.1338653595447927,0.1538503734027302,375.5705636564721,341.36910776566674,447.8741676505933,10.228447538852086,-0.0788495466687994,-0.0425987725013499,0.0267820914469388,-0.0280455678636259,0.91692846805275,0.0039255941171423,1.0,0.060312194636791,2025-06-06,26.0,6,-0.1329253434295927,-0.1134917485627556,True,False,False,0.4,0.0,0.0,0.0423626427795273,0.9904603657968116
EW,Falling Wedge,bullish,1,0.7060818165572804,3,55,1537,1538,2022-10-25,2022,0,86.33999633789062,85.17439558952174,107.45335548852358,77.92857399765319,2.2735429621979537,0.0136848725523832,True,-0.1592541184063701,-0.1668531558587102,-0.0026243733257516,0.0142589689857894,-0.0270778335258542,0.020155986886966,0.0023803735629055,0.0130473907680987,-0.0653501642037361,-0.023297477685217,0.0307955916212547,0.0133832133791291,-0.0159786798550555,0.016895238378384,-0.0012710955533608,0.0005905435884792,0.1573426150108643,0.0874073786366267,0.0148129923289122,0.0134079508381756,-0.0176425422165766,0.0286878121724489,-0.1722503128959943,-0.1928421890513501,-0.1938378255335742,0.0294117978556749,-0.0160712829047431,0.0,0.0225481956421349,0.0096216647042621,0.03979234319187,0.0825876253923358,-0.0314382238880611,-0.0214932346365467,0.0116940055353014,0.109310696585483,0.0054756526065096,0.0155249814096498,-0.0021425235867102,-0.0045479093749088,-0.0620609741624904,-0.0176538521487112,-0.0200238159486837,0.1517056366272993,0.0979408372934118,-0.2128512700610039,-0.1393328618201187,-0.1872338510836574,-0.0236564353298992,-0.0809097222305513,0.0664768422625667,0.1140200770961805,0.0731738338764915,0.078563391835349,-0.1090494319335739,0.0283714108543748,-0.0671165793951303,-0.0809178267197509,0.0539600789408356,0.00580419294539,0.0657850226050498,-0.039873387415969,-0.1189524516031619,0.0503317453965961,-0.0480815380222846,-0.0060605938764811,0.1303203011505016,0.1695167803630808,-0.1524181473600994,-0.1341208558353648,-0.1508484255133151,-0.0756136589128366,0.1095473882929125,-0.2607731554903316,-0.0839966903067619,0.0860391336362407,0.1630728652449395,0.003371557045994,0.0201263894117644,0.0605970445977162,-0.0495507985001235,-0.1008032044343734,0.1081850316600867,0.0426266523884095,0.2378924478742656,0.0025640634390025,0.1962343813525735,-0.1189873610870747,0.0156608173500341,-0.064361759695572,-0.1801231210026895,-0.1397062569785736,-0.0727356850320003,-0.1273703016321833,0.0190807647087352,-0.2146717018155098,-0.1806161014453453,0.0956003615178604,0.0601820441304656,-0.2436481410289378,0.0204948151851784,0.1643818327362503,0.0410540797103495,0.0871222735315444,-0.0846489895537264,0.0196813530126902,-0.0272921869732581,-0.0456602072199694,0.1462219445980439,-0.0383281691777372,-0.0605076364255096,-0.0954521315960832,0.1698502292225849,0.0961170319853101,-0.0691837582871471,stop,1540,3,77.92857399765319,-0.0974220835882297,0.0327774143049474,0.1927264314967999,-1.0,0.3364474777965794,1.9782622625008657,2.510081921535874,1482,0.4808538198411831,7,0.1853132260567111,0.0889003690862442,0.0554935408821051,0.0,-1.316714304609245,-0.8358604847680632,0.8905764529252668,0.1458555333531378,85.17439558952174,77.92857399765319,107.45335548852358,2.6149984087262834,-0.1576625976545,-0.0392010820317096,0.0305134014217712,-0.2629225129219715,0.4487166947063656,0.0016487973573238,0.0,0.0592768459845991,2022-10-25,44.0,12,-0.1428297631855051,-0.1104575018282228,True,False,False,0.5454545454545454,3.0,0.2727272727272727,-0.0424165561233417,-1.1126368904541624
EW,Falling Wedge,bullish,1,0.853163581760838,3,41,1923,1924,2024-05-09,2024,0,87.62999725341797,85.31073730407604,100.50662875892192,82.6538139509612,1.1984274994965547,0.0271860263154837,True,0.0283008494198813,0.0151162252671186,0.010011451115204,0.0097727338696311,0.0342952421402487,0.0110950201749167,0.0219018204578891,-0.0707894710072299,0.0346297153869807,0.0396318225603862,0.0399923731393783,0.0672958299531008,0.0052412225568405,-0.1031445273800452,0.0264112068010822,-0.015133216567935,-0.0351135754144835,-0.0281942322826719,-0.023658617465935,-0.0119111407194834,-0.0230269006700403,0.1349022321963384,0.0220903999776726,-0.0019399540599515,-0.0098929609861523,-0.0740069164717974,-0.011223576689489,-0.004036525724867,-0.0543181486267673,0.0552533721246433,0.0271873821069283,0.0362291617476422,-0.0403834061165713,-0.0213998906539283,-0.033068223433061,0.0407185295603753,0.0028266379446162,0.0546911162826173,0.0404687456792927,0.0055600421762811,0.072009170296561,0.0773344759118184,-0.0454594542439337,0.1185884023603431,-0.0039544539894198,-0.0140907760720157,0.0058199492435859,-0.0175600340313113,0.0081224539869806,-0.119921863079071,-0.0151630102121433,-0.0112500190734863,0.0162133591598514,0.0628635469425371,0.0930925654545451,0.0062171721216595,0.0171308064197204,0.0562171003154459,0.0499640256818902,0.0605844289751036,-0.039873387415969,0.0721940620244403,0.0352549934896391,-0.0255214161061934,-0.0397752911857004,-0.0492760081951124,0.021051404695106,-0.0486205643467632,-0.001655268739038,0.0667580313462516,-0.0018550439737412,0.1271437181380097,0.0963651514547634,-0.13776317395662,0.0115429030431855,-0.2408854567652759,-0.1090499658770205,0.067865597360597,-0.0640194377931202,-0.0331600536728547,0.1231653058559572,0.1972637830970196,0.1792468479138793,0.0010310554682388,-0.0879629606489383,0.0883951069396218,0.0615583819515315,-0.0547343873820737,0.0364367605625899,-0.2075423453231535,-0.0879629606489383,0.0684113378603817,-0.2923656251841942,-0.2962453654742936,0.1225780293356091,0.0633834692685699,0.0340847784878233,0.0708554217060366,0.2443386259533109,0.0293783094996358,0.0002331698060669,-0.1910246624474397,0.0785846856231409,0.0241900509050569,0.0271203821162622,0.1207407256703319,0.0521739680284825,0.2078759142948878,0.1804778456172433,0.2348020847087533,0.2268740055752178,-0.0908227617356396,0.0753049953638653,-0.0165349953280502,-0.3670963273066524,stop,1975,52,82.6538139509612,-0.0567862998793222,0.086956555807547,0.3275133840897474,-1.0,1.531294625505452,5.767471816014656,2.5876521669020254,1882,0.6774129628925691,6,0.0251971175447035,0.2212520241877626,-0.1680118262250954,0.0,-1.2870042340594197,-0.6095912711668454,0.3321844632804275,0.1172066894017721,85.31073730407604,82.6538139509612,100.50662875892192,1.877143314906529,0.1158743835535729,-0.0271901725297766,0.0214726990874424,0.3139936836455961,0.8669054283989241,0.0025855121656075,1.0,0.0041891419555715,2024-05-09,5.0,11,0.2688055071224748,0.0763896150903931,False,False,False,0.1,1.0,0.1,-0.0421541786971245,-0.7829547574754714
EIX,Falling Wedge,bullish,1,0.6820185400870126,5,44,681,682,2019-06-04,2019,0,44.68838172677769,43.74948427368837,49.63403455629823,41.22969967949972,1.1520821553206193,0.0214607661936254,True,-0.0324653794386295,-0.0557357754196343,-0.1249108149674936,0.0083549115963623,0.0797234388570331,0.0173124487414506,0.0229246378700154,0.0156645819720073,0.0550182656411453,-0.0218112194472697,-0.0737889108038047,0.0041231766163598,0.0092928077386589,-0.0015532943178957,0.0070623090915566,-0.0174544448598702,0.0223197414962621,-0.1057905952552029,-0.033442255382451,0.003279638849748,-0.0219394648360442,-0.0174724830094347,-0.0238110032181862,-0.024750858631155,-0.060418399032006,-0.0395180892134474,0.0413391319009939,-0.0161137322683193,0.0273628060024186,0.056236130480699,-0.115923547441033,0.0425624517010285,0.0422379993953128,-0.0393547550658703,0.0296198952377655,0.0551806882542809,0.0062402358475173,0.0414562735854553,0.0478667380165702,0.0090598822168506,0.0131874285628588,0.0958981910345602,0.0008427609574703,0.0233981173953869,-0.0696642261641434,-0.0373465776529727,0.0793958551671167,0.0243477616442877,0.0028079419642461,0.0598184422498122,0.0595580973202849,0.1252052516058996,0.2033924582622639,-0.0093916266177314,0.0502776759490048,-0.0204388141689639,-0.0131969831314553,0.058231094961247,0.1716988373958792,0.0265802713101075,-0.0195589663642603,-0.0554048939505045,-0.0346336941410196,-0.0008837442153104,0.0309731319893937,-0.0823648697912136,-0.0993245685258394,-0.0556098977252458,0.059509097948287,0.2089555700558754,0.1503482839428436,-0.1647253033687481,-0.0971346530528203,0.0568963949152954,0.1207274348523326,-0.0619949331398259,0.1527666077913316,0.1135397810737195,0.0279308914712252,-0.1942477827064049,-0.1290615498961678,0.1596854507103229,0.031677425172877,-0.214099030589366,0.2039050028281359,-0.024558085410601,-0.0074197476487738,0.016106375512479,0.0838593032757348,-0.1473959881221738,0.1857606000227776,0.2033446603713078,0.164191220972691,0.1359795069479299,0.0080179699041837,0.0958032619083273,0.0068240639846168,0.1277078806942755,0.1967639478874361,0.0981468217886825,-0.1202899081421436,-0.094379891847102,0.0859607946824863,0.0053442447065525,0.0105844494088491,0.2018275968389022,0.1516815127783788,-0.3899941766014377,0.0068422512963715,0.0759866040772414,-0.091652587925582,-0.0130365349158295,0.1872000698758888,0.1542590445847884,0.1290113502234466,target,704,23,49.63403455629823,0.1106697678102999,0.1299695946582753,0.0578589784669832,1.429924104591467,1.679290197702516,0.7475749666231606,1.429924104591467,637,0.5128790134216371,5,0.1047486747779601,0.1276839190153857,-0.1513082676530208,0.0,-0.8722130647804262,-0.3593340513587888,0.728211943105885,0.1327915401231884,43.74948427368837,41.22969967949972,49.63403455629823,0.9460152985276322,0.0162679484061885,0.0062147702801256,0.0211351854259152,0.16243729802939,0.927631199194894,0.013205479812977,1.0,-0.0419715953786697,2019-06-04,55.0,2,,,False,False,False,,,,,
EIX,Falling Wedge,bullish,1,0.6981420065772559,3,24,961,962,2020-07-14,2020,1,43.23826544802226,41.43744921118935,48.23429310205438,39.061096194402026,0.6309276921518555,0.0434586653163642,True,-0.0240711281681983,-0.0321354230300939,0.0100871281913343,0.0512686138619296,0.0267539814191155,0.0070649653276524,0.0197421147590675,-0.0078740580651787,0.0061581928605207,-0.007572799602907,-2.0161858638179098e-07,0.0376404818841062,0.0349796848705581,0.0169635949657864,-0.0105669143562474,0.0231425572685779,0.0510251812925433,0.0477828837739351,0.1511697718531035,-0.0008088335294311,0.06638020882642,0.0583991561493495,-0.0531579136747808,-0.0387231882478865,-0.0348771645162725,0.024672795047492,0.0759503590048693,-0.0318560371223938,0.0051495828427963,0.0531494835470307,-0.0215115648488211,-0.0837141881732442,-0.0493913307345215,-0.0450807006506918,0.0065267928469088,0.0023844579879408,0.0208197167700354,0.0378019132368927,-0.0065752614796463,-0.0305880800753939,0.0061242288848064,0.0090598822168506,0.0166615502004663,0.0172478084452054,-0.115923547441033,-0.033268581273164,-0.0654107304679861,-0.0976364918068101,-0.0827122540118956,0.0935980703664411,-0.1770934387340135,-0.0580092892744952,-0.0745104766007497,-0.0146765179631068,-0.0118982978231768,-0.0170923451490481,-0.0022455819953522,0.0322735875684971,-0.2914273088640045,0.0758314487287636,0.1098047608753671,-0.0777490401111127,0.1170681363852814,0.1040276659582342,0.0100250321554826,-0.0055003374678523,0.0091684024599905,0.2052377588877165,-0.0626167292375345,-0.1009942671365022,-0.1549006154074612,-0.0025733322928572,0.0967163900121126,0.0503701327563566,-0.2902976407753522,0.0441008069194315,-0.0806917681163854,0.0540464079393145,-0.002964268697632,0.0361909972844918,0.0191751126554537,0.12692076646231,-0.0355844578023879,0.1076100818723444,-0.0395520426317411,-0.0200218449445913,0.0854804314106145,0.1451697031818504,-0.3740907603836134,-0.0587188558451694,-0.0345527754111379,-0.0923309213161728,-0.029759348751412,-0.0909052359351401,0.1346476378005656,0.0304356606395794,0.0961808875124592,-0.0823448280901528,-0.0342973176751509,0.0713415168110203,-0.0492436882876232,-0.0108212353955527,-0.0139210272797284,-0.0077727190882491,0.0628620071283745,0.1002763100335506,0.1591844309167134,0.2542053005779119,-0.0698447551500272,0.0008066149959375,-0.0600296837427235,0.0121731431352007,0.0957362705033468,0.0549551764421116,-0.0669858338407902,stop,985,24,39.061096194402026,-0.0966081597015428,0.0045351179701578,0.1025642787115078,-1.0,0.0469434257330687,1.0616523389780488,1.1960318940158343,936,0.5881732987619608,6,0.1178634287027453,0.1983716300866083,-0.1830149385495562,0.0,-0.9395565915754652,-0.3513832928135039,0.5584975866741123,0.1373534337233074,41.43744921118935,39.061096194402026,48.23429310205438,1.229855436686258,-0.115504782800742,0.0026838688362833,0.0287749442814062,-0.2304696957261272,0.5149242896550478,0.0042872850972712,1.0,0.0432286725439625,2020-07-14,44.0,2,,,False,False,False,,,,,
EIX,Falling Wedge,bullish,1,0.7532615622551382,3,48,1121,1122,2021-03-03,2021,0,43.4147522042387,42.89431819964415,51.89151842494024,41.38125289028496,1.6080353621965646,0.012132935699602,True,0.035022239869817,0.0130925111037882,-0.00796446025772,0.0474037606786674,0.0207022873192361,0.0063677330145899,0.0148187815816698,0.0229173322935256,-0.0062690837848112,-0.0078136879734695,0.0590532622902792,-0.0062830377538348,-0.0004799408642908,-0.0314938737596721,0.0061222782686845,0.0135829396833642,0.0213289550288617,-0.033442255382451,-0.037449381525945,-0.0487760807138007,-0.0244740320627433,-0.0016140718560692,0.0347103686586134,0.0584887149043331,0.0164132417198499,0.074105509834806,0.0254237472182405,-0.0115736440175593,0.0704488104077585,0.0385277668004473,-0.2580304485456991,0.0234336438177051,0.0192057484110779,-0.0167320012786532,-0.0112560436228946,-0.0295525238436411,-0.0167055656681786,0.0264423933126969,0.0198031003232204,0.0287530796391106,0.0144151745731937,-0.0095029718612258,0.0172508760243395,0.004546337049196,-0.0343155315391134,0.0597543420525917,0.0533358787118587,0.0102949919768826,-0.0188505039892914,0.0431549328769373,0.0626251596015237,0.0101263857826454,0.0174109386544512,-0.1644677697840547,0.1167463623044742,0.19158201114522,-0.1411788507987752,-0.3972989141459719,-0.0008193872780182,-0.0171266297193121,-0.0157783647375654,-0.0343931006000556,0.0363951998843758,0.0128185020021862,-0.0587156075506095,-0.0206606151001641,-0.105330199875356,0.0858387889228302,0.0732319618320852,0.0580098431143973,-0.0474823857674064,-0.026081262802687,0.0282898888708691,-0.1982534846369339,0.0462030058204829,0.1600775112165524,0.0094270605663102,0.0534960346365815,0.0427297624097335,0.2205451076893076,0.1223324267251477,0.1193163757823294,-0.011799111506936,0.0123043569333991,0.0371170316854116,-0.0663585802925365,0.0808618727865881,0.086302501143253,-0.1265059977716317,0.1326952974456179,-0.0311596974839223,0.0234328381535505,-0.0038244547944465,-0.1072903325340124,-0.0218518636455209,-0.0154032009952415,0.1030667020674529,-0.3652366331232116,-0.0249816864968552,0.0182106430380701,0.182012501490786,0.1818269647544159,0.0051221203604392,-0.0436253492221666,-0.0718059121835792,-0.1545016632711973,0.2577868420850269,0.0496599988563,-0.0462655432559633,-0.0503137062936706,-0.0314372201605854,0.0178810454987705,-0.1338676342826302,-0.0523334258685914,0.0059783962379509,time,1181,60,43.24871444702149,-0.0038244547944465,0.1099575067144037,0.0096000162760416,-0.081651248209365,2.3475679948571315,0.2049581846037874,4.168561141149394,1073,0.689787143464595,5,0.0122343229836385,0.0648770336562905,0.5418987670825903,0.0,-1.472984777883095,-0.7831976344184985,0.3591149224545044,0.121191141621713,42.89431819964415,41.38125289028496,51.89151842494024,1.0083252726464136,-0.0106571167705314,-0.0562923954560269,0.0234127133891498,0.0881000354479988,0.7802189049721044,-0.0030967698209045,1.0,-0.0003406776720626,2021-03-03,59.0,11,0.0476265421466133,-0.009331306854268,False,False,False,0.1,0.0,0.0,-0.0119246240960024,-0.1738940149849968
EIX,Falling Wedge,bullish,1,0.7172264346051318,5,46,1374,1375,2022-03-03,2022,4,52.451274931336606,47.86708552679266,56.95248087667244,46.38190224174704,1.1206557796521883,0.0957691355989918,True,0.0116923981598617,0.0262144873494333,-0.0026725675666339,0.0243857815092953,-0.0165329731272436,0.0252457615291421,0.0111474831058591,-0.0326462575127617,0.0329706071677635,-0.0269928528743432,-0.054174447338065,-0.0155172204664356,-0.0639369903536761,0.0065154863151013,-0.0002538395256485,0.065377219927148,-0.0103459968707884,0.0410007885658283,-0.0041536218089615,-0.0024779100214138,0.075535829967996,0.0107932336932874,0.0085290224440893,0.018307846086204,-0.0032788946978401,0.0196862868082872,0.0719261115759424,-0.0181105200598453,-0.0015707907730629,-0.0864577344472103,-0.0092113324750171,0.0063051713291115,0.0466943479606518,-0.0216364340132556,0.0095506139823566,-0.0144054859187271,-0.0450807006506918,-0.0463855595630235,-0.0036126810796139,0.0152508053110356,-0.0137283372020577,-0.0162591576090083,-0.0035983336816121,0.0002905150434067,-0.0489211099540954,0.0262715623570255,0.0893979654379417,0.0400797429957986,0.0281895452432667,-0.0418821522285328,-0.0352615841646684,-0.0613143700959928,-0.0239299279461167,0.0838509051461431,0.023319994115555,-0.0180708034529708,-0.1176264253232383,0.0042975231844961,-0.0189247034215679,-0.0235327789440774,-0.0632653056091711,-0.073723884517907,0.0269985807901429,0.0746199476480296,0.0301418581010299,0.1238337034487226,-0.0350591767972091,-0.0764180104559765,0.0990858187019439,0.0690395409996285,0.1118188136103665,-0.0286263299485654,-0.0439587210852072,0.0076750342045515,0.0660375148897844,0.1794914631782327,0.0563997934354867,-0.0317865567472207,-0.3900676900837935,0.1329705414041357,0.0454840224986583,0.0745099847547086,0.0123764740724809,0.0547589306198283,0.0225874502796847,-0.0587277433749133,-0.1130103473933115,-0.0188413893215858,-0.1113532993532853,-0.08534877385888,0.0970429925127966,0.0756588734654492,0.0887762103525502,0.1239814111485545,0.0184392787697336,0.0112340738012044,0.1516815127783788,0.1219618440010308,-0.1190066238765155,0.1555039738383108,0.0466274312118613,0.0787073537196612,0.1694398604453564,0.1219618440010308,0.1600769832026338,-0.0232011464881967,0.2165206488420579,0.0026543112833516,-0.0415427641720076,0.112415107402171,0.1247629385502238,-0.0096654435776787,0.0949960255178585,0.2120499940165101,0.0084953501892013,target,1394,20,56.95248087667244,0.0858169024724053,0.0939047616466073,0.0101538464717623,0.7416262232596931,0.8115211772933507,0.0877491332530124,0.7416262232596931,1324,0.6690570374848711,5,0.0750148514881514,0.1707061541054795,0.1058770251057592,0.0,-1.891510015251462,-1.2224529777665951,0.4621486880142761,0.0876255172569712,47.86708552679266,46.38190224174704,56.95248087667244,1.1112758840134138,0.0980769789148636,0.0307797982725184,0.0211056457285091,0.1452341222662516,0.7380950218435809,0.0035664814112956,0.0,-0.0473159694978353,2022-03-03,58.0,10,0.0668913496603444,0.0768011233389791,False,False,False,0.1111111111111111,1.0,0.1111111111111111,0.0514385844410963,1.1041207022842925
EIX,Falling Wedge,bullish,1,0.6201226080713128,3,30,1537,1538,2022-10-25,2022,1,47.74159636983427,46.25496288923375,58.28007354920226,45.03305742419789,0.6770066273932254,0.0321399778043394,True,0.0567586208377155,0.0491595833853755,-0.0003218825009725,0.0163718823720435,-0.0013040261077411,-0.1047785680839088,-0.046340001024059,-0.039309965970686,-0.0032985367581651,0.0212452305150687,0.0158455922756528,0.0401037501464878,0.0070544866713913,-0.0078295660299204,0.0269217914583355,-0.0090047052757886,0.0376766388380531,-0.0309078434828272,0.0116570741744301,0.0330459528442845,0.0402922979847899,0.0235244548024617,0.055226417995269,0.0130980978623549,0.0121024613801308,-0.0013838178031687,-0.0162136949368844,0.0202309168046563,0.0062405585239402,-0.0049605572614088,0.0695231366336877,0.062642162746537,-0.0149454591289951,-0.017765512949713,0.0065051679855043,0.094090328349466,0.0035225731016299,0.0798840529036968,0.0126470178297544,-0.088120194941566,0.1113255775787633,-0.2450068429721326,0.0581846396696723,-0.0046395276531605,0.0407042479531234,0.0044748592406848,0.0902897592965983,0.0423887700330596,0.0266685887491648,0.1330385628609194,-0.1860110173329843,0.0560085360744111,0.0010377351349066,0.2873703065387656,0.0825586109459652,-0.0125324684218507,-0.015037804319771,-0.0069136221982422,0.0520320622952734,-0.0257213208690295,-0.0067813272809964,0.0793958551671167,-0.0007112896850816,0.1178785645095812,0.0218618122639251,0.0841218706264186,0.0091695492833314,0.0304304293855097,0.0538965776102316,0.1390148546756826,0.1222872849977323,-0.1418903853777251,0.1644481443915291,0.1067528288035932,-0.1942477827064049,0.0020655060776779,-0.0681931199740215,-0.0327638758432027,-0.0128273713834462,-0.1113471970545695,0.0143604438028026,0.0209753273238788,-0.0622151785817542,-0.0881224735492114,0.2475688980210739,0.0320761129643216,0.117580307437771,0.0732600578397728,0.1210711202124454,-0.3355799970382831,0.0929107349223137,0.1417207496612545,0.1840645713878086,0.1294299547876256,0.0694743512620539,0.1480167981149827,-0.0458676031204324,-0.0292954936946129,0.1348006589375343,-0.0100308877466358,0.1260096572094144,0.0595338019179834,0.2244708511418502,-0.1730370703095282,0.1081193585108186,-0.0449457879983385,-0.1409572212794329,0.0558037302382661,-0.0651079828562448,0.3019261852600494,0.0579875573051622,0.1840645713878086,0.080774670457578,0.1047257070662066,0.1267412787975844,target,1590,53,58.28007354920226,0.2207399412816193,0.2273430580723513,0.0129234698823114,3.890834649561204,4.007223353188257,0.2277933214927652,3.890834649561204,1506,0.8144066083711617,6,0.110205633959306,0.0364325285326765,0.2136782013486742,0.0,-1.170390892765018,-0.3559842843938536,0.1460286836326455,0.1635854318135311,46.25496288923375,45.03305742419789,58.28007354920226,1.4465876943426612,-0.1107935639160899,-0.1056342902188357,0.0305188913066818,-0.1720030474247986,0.7878775968816635,-0.0026895152134875,0.0,0.0592768459845991,2022-10-25,58.0,10,-0.1416985327960032,-0.0875925094843252,True,False,False,1.0,2.0,0.2222222222222222,-0.0142460647378691,-0.3655495961973962
EIX,Falling Wedge,bullish,1,0.6900664594949659,3,37,1866,1867,2024-02-16,2024,1,58.3162706357045,57.71309488655692,67.05026379155316,55.41256815010138,0.5708815759228413,0.0104512806033572,True,0.0052870526240289,-0.0113286730929276,-0.0114962891674615,0.0197421147590675,-0.0160934415033685,0.0246603000346166,0.0186110916372317,-0.0138228948080465,0.0414891294394519,-0.0004146521626323,-0.0194474523806302,-0.0490314032921468,-0.0078136879734695,0.0269217914583355,0.040135583972682,0.0338697640843985,-0.0217036470575158,-0.0149127095616569,-0.0457261807554065,0.0049798190342562,0.0117298133688961,0.0026394457299963,0.004071227881199,0.0190333350723346,-0.0102601836027731,0.0020996889126467,0.0440752666470072,-0.018963555909629,-0.0079206982648117,-0.0101838494406918,0.1080979601241933,-0.0036560538295478,0.1210484939592904,0.0036649734297833,-0.3109940888875004,0.2178179087123308,-0.0588987104910155,-0.0498734273355105,-0.0109311240377371,-0.0955325509097758,-0.0006993081657389,-0.0502132528968667,0.0596780964297034,0.0577638762478369,0.0263238474003852,0.017898160487617,0.0416919403302007,0.0080717855362582,-0.0615307745767033,-0.0209015038479931,0.2706330934729946,0.0314058948767179,0.0129907470125263,0.0756012150558762,-0.0255391517656186,0.025100991055925,0.0596158451161354,0.0225518613704109,0.0358295286846277,0.0462536758532707,-0.0565780467161254,0.0257137306823969,0.0592103493949061,-0.0285359966803255,0.1251332373942884,-0.0474350983685964,0.2395795406560164,0.0102607112209762,0.0017239478356154,0.0208852692428469,0.0060687818955509,0.0079658660203392,0.1181734540617247,-0.068074838536098,0.08326466826967,-0.0303482743483586,0.0366809752064181,0.102920220997855,-0.0384263109792566,-0.2939044422983445,0.0487860386904028,0.1644481443915291,-0.0231278521325825,-0.0856108509812451,-0.1286366237916062,0.06326574850257,0.141381508303112,-0.0399888304609858,-0.0059399953795616,0.0343923946670856,0.1111490794913392,0.0109667652581466,0.1448095659639594,0.090148649626889,0.2213303737282665,-0.1571863566517772,0.0798662242238645,-0.3916057435765744,0.0517767166030882,0.1293335131475304,-0.2625121608612812,0.0315903114936602,0.2623015174511445,-0.0238449096926355,-0.0114880753542874,0.0809551423111638,0.1731816335855482,0.1114321732760488,0.2547113450145295,0.0528773213010564,0.0194975397651406,0.0731569258913056,0.1443481086203424,0.0480994944506159,0.1004185112276219,target,1925,59,67.05026379155316,0.14976940501578,0.1512272523681687,0.0027190379678795,3.007881557822393,3.037160115515189,0.0546075759447806,3.007881557822393,1828,0.6549815562548267,5,0.001750925758172,0.0765984189502591,0.9059687898865378,0.0,-1.1809398294891782,-0.5259582732343501,0.4442329511610149,0.1246316611660323,57.71309488655692,55.41256815010138,67.05026379155316,1.179161223093271,-0.0092043214054544,-0.0312207483184416,0.0201865632167678,-0.0116117041485337,0.728971029683345,-0.004814846330692,1.0,0.035404219624634,2024-02-16,28.0,24,-0.0043455489133862,-0.0174686956663696,False,True,True,0.1739130434782608,11.0,0.4782608695652174,-0.0377539022165887,-1.63084713861386
EIX,Falling Wedge,bullish,1,0.6985488091784916,3,23,1961,1962,2024-07-05,2024,2,64.48842622808273,63.4435980843042,69.43112582063998,62.89022129045208,1.4642398236452157,0.0164686142546668,True,0.0453973654955073,0.0372056171990318,-0.1057905952552029,-0.0161699559128233,-0.0656884476064871,0.027633516458319,0.0050150075603245,0.0041231766163598,-0.0356217691503772,0.0351324265346606,0.0034585192649974,0.0065154863151013,0.0182564751195433,0.0470516451657097,-0.0252230593564212,-0.0012137226159889,-0.00730027408172,0.0376404818841062,0.0691109911959355,0.0264415985581292,0.065386091137404,-0.0382929321944554,0.0428741325136515,0.0467942093401976,0.0584065653924443,0.0201107180260757,0.0836027643858596,0.012956590445285,-0.0271046596334917,0.1358156471512766,-0.003332483083778,-0.0247842572317716,-0.0275311424110245,0.0358818051453937,-0.0270270230282846,0.0291033207858697,0.0915078339804904,0.0315881725131856,0.0181189004449433,0.0120734725479081,0.0166041460783685,-0.0243872791044323,-0.0715389550749163,-0.0146784579474348,0.0167140135101027,0.0326095529652163,0.149182851325363,0.1897629957624587,0.0305947390451648,0.0695717901783363,0.0293282808825734,0.030505746204323,0.0232200552618513,0.1183140988963054,0.1006797523275395,-0.1134063547209219,-0.0414073245484385,-0.066674014243221,0.0058249473339699,-0.0896106706482501,0.0856068748242582,0.0361289740023902,0.0619124440261109,0.0999612176174753,-0.0993245685258394,-0.0520400675966801,0.0259420514387087,0.0672207673450357,0.1330654143703284,0.2156727129777584,0.2008374512376314,-0.2226791218944517,-0.0045211838166184,-0.1492460734849556,0.117580307437771,-0.0666503396527526,0.1193627345524526,-0.0384399741999816,0.0789021659998607,0.0756568142936191,0.0769422507648123,0.060568610224527,-0.0261074705208471,0.0432695777770524,-0.1647125899755417,-0.1631050537335373,-0.0443951439024147,0.0482899800108809,0.0156298292947085,0.049210503309949,-0.2242422040852257,0.2366070320577931,0.2165105590104592,0.1803590230736076,0.0846080635382195,-0.1164619459525762,0.121181203098756,-0.2167208230237258,0.0731569258913056,0.0165649195254349,0.0219599453052294,-0.0089554676187358,-0.2458930356166708,0.0211245679620579,-0.3680232940180505,-0.0900934664673367,0.0816029661790604,0.0111600540460428,-0.1274944751107549,0.1157314763722836,-0.1957860788845704,0.1840612522470095,0.20732186211463,0.3077544612501663,0.2226706034685704,target,1975,14,69.43112582063998,0.0766447544412993,0.0838105911956944,0.0039111550194703,3.0926569404076667,3.3818022959359624,0.1578172022879806,3.0926569404076667,1936,0.8354625601088898,5,0.0730417847386693,0.0457656892703028,-0.1970100554163222,0.0,-1.309858310255089,-0.4743957501462011,0.1449007828738183,0.0668948498368893,63.4435980843042,62.89022129045208,69.43112582063998,0.9961192424736413,0.0638511370601189,-0.0142253814998117,0.0154400054007303,0.0231524675489038,0.6633681316191049,0.0020886922341236,1.0,0.0406968169727066,2024-07-05,28.0,24,0.018220670354077,0.0427738349767881,False,False,False,0.0869565217391304,8.0,0.3478260869565217,-0.0144457114369333,-0.7516960382799167
EIX,Falling Wedge,bullish,1,0.7000199793201659,5,44,2434,2435,2026-05-26,2026,1,70.36470297662152,69.46494448476449,77.78359611933598,64.08844674052537,0.6016163589548975,0.0129526986385826,True,-0.0039325564919182,-0.0155056910947682,-0.0165051897604366,0.025755768284132,0.0041561753662091,0.0115286341254277,0.0233506715118199,-0.0298847783599253,0.0286253473646522,0.0070695660185184,-0.0465715055908594,-0.0023951130980639,0.0113220209520092,0.0027161909802844,0.0132083992239162,0.0438077247800812,-0.2293275037150778,0.0494451521462677,0.0613076921222448,-0.0236844566761657,0.0140396272053455,0.0296980012549059,-0.0028156776986825,0.0008427609574703,0.0192611379507826,0.01297942670229,-0.0151690610199499,0.0104514098433898,0.0531600091543078,0.0737671322312265,-0.0039688560325032,0.0393947576535074,-0.0529981282200404,-0.0268690631232737,0.0271646478711118,0.0301575979826851,-0.0137142561528876,0.0354420327427853,0.0227803520339859,0.043522529919852,0.0169513664579341,0.0150062362109311,0.0813792837268636,0.032257844715227,0.0216427381384896,-0.0193241390843262,0.0424157365662543,0.0633924623545731,0.1183140988963054,0.0177402581618857,0.05910086391315,0.0002877175723667,-0.1517240785462665,0.0902897592965983,-0.0144151540997271,0.0244959780661722,0.0393535186039137,-0.0263650330839353,-0.0482681051174462,0.0127861091597423,0.0273716176928628,0.0515960043614112,-0.0255391517656186,0.0498547472372767,0.0036485106488761,-0.1163036928584831,0.0903831776946946,0.057390112097563,0.0294158736696871,0.1318174599004364,0.1461982860798792,0.0472242509493061,-0.0583895823200768,-0.0170334860091626,0.0411410975674566,-0.0575694079508545,0.0967163900121126,0.1913470051117427,0.0839557816890179,0.1043449821695901,0.0379394297921114,0.0724260662860951,-0.0053047375189624,-0.0805195176043719,0.1040725175680816,0.0227471866620114,0.1094318142738333,-0.1078748410402724,0.0440853339657383,0.0563997934354867,0.0020786311565297,0.0974565244906658,0.0610433996561452,0.0428186233816731,0.1587740566463844,-0.3134926023986364,0.0408081841082104,-0.0078873045754126,0.0807618842947266,-0.2413778848395145,0.0948648834591037,0.1080018345573519,-0.1613217816536403,0.0800872742291229,0.0966436546095932,-0.0249334975428834,-0.2075624857351411,-0.2569184413581088,0.1080623064686487,0.0351755540539688,-0.0417805425565508,-0.0008474685705841,-0.1195053756884927,-0.133317750323855,0.0963316747969307,target,2467,33,77.78359611933598,0.1054348676093945,0.1077997014233239,0.0330055849075778,1.1820570836555018,1.2085698362657598,0.3700339965781797,1.1820570836555018,2389,0.4419761260122181,5,0.0177004808679747,0.148337119866345,-0.106565352990864,0.0,-0.7227316626243634,-0.2807555366121413,1.056877861918203,0.1536302760684826,69.46494448476449,64.08844674052537,77.78359611933598,1.7972377704363691,0.1602678127651164,0.0076424831920363,0.0255274096650199,0.2596727889680907,0.3749984105387611,0.0063219857782019,1.0,0.0495267657810623,2026-05-26,13.0,27,0.0828512559745635,0.0545656470114122,False,False,False,0.0,7.0,0.2692307692307692,0.0477134798066742,0.747409972567876
EMR,Falling Wedge,bullish,1,0.6375584742206383,3,37,1468,1469,2022-07-19,2022,2,76.0759012566186,72.10092526764242,90.76148814046404,69.93069256468902,0.8222664113667867,0.0551307209196116,True,0.0179198610632975,0.0219454088450663,-0.0161001272104583,0.0097800685740687,0.0192200962910977,-0.0391242112781481,0.0233324430677464,0.033411331730057,0.0312727828294623,0.0865305880204978,0.0341949776518739,-0.0708236497326688,-0.0162019680918835,0.1153559328703308,-0.0367530692069971,0.0038310500060683,0.0404700636915065,0.0322541768568656,0.0529679936359215,0.0477911885867721,-0.007092851316245,0.0097800685740687,0.0002150167858007,0.0789442655801186,0.0392212001456298,0.057294212584092,-0.0027105846789293,0.0041969771979839,0.0436708412101944,0.0589178332623925,0.0632037915948862,0.0155549779267012,0.010085811917124,0.0106402714917419,0.0375900036911809,0.0274369191598877,0.029001108279012,0.0209182651371315,0.0067690451822481,0.0109581925107993,-0.0054736102495722,0.0574768087065888,0.0709106140888353,-0.0783436295984516,-0.0596588782907419,0.0600223170239634,0.095560152906273,0.0006991924765269,0.0429418540070569,-0.0314623602026143,-0.0565689969783466,-0.0198826086234513,0.0052414978904746,0.0803926566406785,0.0139637056741401,-0.0880786580434512,0.0392377576504534,-0.0191117129077581,0.1418071590421836,-0.1104622587402035,0.1148598688676256,0.1123478598096736,0.121736601990732,0.0425185413818423,-0.0233358521380366,-0.0212500261401333,0.0068200341884365,0.0623952884757357,0.0748546353140211,0.0023858657271635,-0.0030414697071214,0.0246969127045335,0.0566170687932778,0.0447116757985126,-0.041168811440393,0.0530153337755177,0.2655626101012078,0.1331911051770913,0.1185015481743954,0.1666763381906946,-0.0600866372749471,0.0860473798536447,0.0056655935851297,0.155594253437548,0.1358131967358788,-0.101357038091846,0.0064446477378543,-0.0917706322910966,0.2818462163683932,0.1835991449789487,-0.0963529843644599,-0.0639764803703307,-0.0560764163794753,0.0316889768225355,-0.0459662129866351,0.176037286386582,-0.1309888509043977,0.134224804581909,-0.1142068563053265,-0.0531223278358979,0.0807418438376661,0.0273879162032721,0.1582001399431272,0.1328459598562734,0.0412279164477369,-0.0554683399514667,0.0425797864477843,-0.1967537276164317,0.1552920121935561,0.1058926352847908,-0.2834737730749868,-0.0458332232554461,0.0716662690349234,0.528795433693297,-0.0925303509784918,stop,1515,47,69.93069256468902,-0.0807773367179786,0.1044921557418644,0.1124683070397294,-1.0,1.293582581296069,1.3923250209696183,2.3897621089958867,1429,0.8399805899422613,7,0.0770833508176208,-0.1497130778260451,0.2295356612424,0.0,-1.143523789763964,-0.3035431998216986,0.1583279240295834,0.2060851101351412,72.10092526764242,69.93069256468902,90.76148814046404,1.7593483043635467,-0.0948251491418711,-0.0152075796267425,0.0232246465235326,-0.1465276779134805,0.9409284058717488,0.0124746068650194,0.0,0.0721863442252068,2022-07-19,3.0,13,-0.1718255927761287,-0.0941790330099348,True,True,False,0.9166666666666666,3.0,0.25,-0.0045660890044374,-0.0522901564105326
EMR,Falling Wedge,bullish,1,0.6037364719153341,5,46,1625,1626,2023-03-03,2023,1,81.46849134880716,77.43058582462447,97.14937312100336,74.16684668618751,0.5936172234514776,0.0521487146349157,True,-0.0544306179289875,-0.0071771670808563,-0.0087243324257396,-0.0281250748135027,-0.0189020858793689,-0.0086484986687384,0.022980778373689,0.0127613452079611,0.0031768056634409,0.0340963392325621,0.0781729238922184,-0.0152972459639992,0.0518796733384174,-0.0031645684793574,0.0130635202091624,0.0481542117047677,-0.0031123914228261,0.0086834338855565,0.0359468702297534,-0.0471235818749266,0.034486533624539,-0.0143219210861958,-0.0642297546663581,-0.0697354836286505,-0.0362295178304229,-0.0235544944263209,-0.0267530343555508,0.0651678668666428,0.0627863051141033,-0.0086542524836081,0.0195815691137803,-0.1012777652532496,0.1199806822597777,0.1237987402299403,0.17441867576127,-0.0226151326800373,0.0411971626162974,0.0378168168285859,0.0088144648797614,-0.0381522520033372,0.001254815496783,0.0224500363516693,0.0337078503816323,0.0374449038051645,0.0459132364892103,-0.0984017933782763,0.002761682372907,-0.0118105307982039,0.112881406316702,-0.0413985443200163,-0.0240809102419591,0.0412738640127405,0.0900921887650105,0.0574395719414446,0.0595913519856201,0.0412873169492515,0.1393767847186606,0.1050616364333092,0.0737343020979199,0.0560350879097728,-0.0714824010733841,0.1526289715142541,0.0197558859313946,0.0792921608079126,0.0924035949608299,0.0210567099496712,-0.005647948070095,0.0798279231043983,-0.0511947653117648,-0.0408517860404012,-0.070590744199852,-0.0070301408765574,0.023313555768581,0.0269141288208867,0.0651136749934937,0.0591781662369599,-0.0340102202644341,0.0192454179065635,0.0030420049870085,-0.0409655927564135,0.12681769401067,-0.0592600077603121,-0.12617066215058,-0.0717717904472907,0.1630292536778201,0.1495692812587266,0.0628701418984438,0.0014488769894249,0.1985391176404798,-0.0426952453493085,0.027643647898049,-0.0680928511645118,-0.0922053890377974,-0.1335177926645741,0.1316175329993827,0.0589193012793334,-0.0197191163410448,0.1252405998967172,0.2523212297400468,0.0617223857318804,0.0897611613941706,-0.0724698244303322,-0.0083819576444149,0.1783722833691463,0.0343698863104715,-0.0562967183035111,-0.1278944175958181,-0.0805483231968109,0.1023886552532045,0.0974156214848978,-0.2724668858861748,-0.0400918801947944,-0.0327943352330464,0.1187081379414392,-0.1192140558665345,stop,1633,8,74.16684668618751,-0.0896253820554706,0.0173763188690025,0.090563773324266,-1.0,0.1938772083364512,1.010470150835335,2.147582153986972,1578,0.625322189170498,5,0.1092753084981611,0.1398837786228635,0.0339186741109867,0.0232558139534883,-1.7383481520922148,-1.113025962921711,0.4601168710677553,0.1168912195695754,77.43058582462447,74.16684668618751,97.14937312100336,1.5776478070592748,-0.0035947506662874,-0.0477184184298953,0.0196730142954171,0.0588206259208288,0.9439666937422558,0.0053699640493494,1.0,-0.0302076470862563,2023-03-03,23.0,12,0.2833269425821838,0.200858617005956,False,False,False,0.0,2.0,0.1818181818181818,-0.0996836113333593,-1.8458957524609445
EMR,Falling Wedge,bullish,1,0.697720817587899,3,39,2095,2096,2025-01-16,2025,1,121.1420698030606,117.07224642426286,137.34556929886526,113.18586775529434,0.82461610186777,0.0347633491549221,True,0.0481542117047677,0.0297107221293349,0.0770452034213686,0.0304768835373565,-0.0125317319587922,-0.0175039794513248,0.0152604175664912,0.0460906219847638,0.0129296841274528,0.0279064600029883,-0.0013698675082352,-0.0309513454873235,-0.0380878679382666,0.0019099165668303,0.0149719960232834,0.034486533624539,-0.0219994182104319,-0.0470602506571633,-0.0182076890829445,-0.0054678465547055,-0.0415286657996302,-0.0383099063304541,0.0487512543109776,0.04293741734399,0.0347960616713252,0.0224500363516693,0.0253383384960443,1.5477308942246637e-05,0.0721373307432706,0.0176705645014416,-0.0114612269207772,-0.0192697563584941,0.0773196589066083,0.0053885411325018,0.0763609278207073,-0.0021862897583526,0.0315401924708382,-0.02793799540346,-0.029345537505802,0.033233117280113,0.06663301082744,0.1026679874800571,0.0430977319790626,0.0732025859265648,0.0308834627483121,0.0135505094426556,-0.0059234411456147,-0.0272648186061182,-0.0363000238963197,0.1111298452949574,-0.0321386468982102,0.023940679968508,0.0532024539936621,0.0395479602119748,-0.0142881824005366,0.1021594228998177,-0.0039676855194253,-0.0401031691431437,0.1002099733070411,-0.0222784388782361,0.012367355624461,0.0960992955876107,-0.0383224042862209,0.0159048640699963,-0.0243160321920526,-0.122808615091069,-0.0354446437347181,0.0391442410941078,-0.0171103536462249,-0.084504988129877,-0.0345685773944817,-0.030130740876358,0.0880281913222988,-0.0567520463166095,0.1578534338311157,-0.0877287387182342,-0.0711042295506978,0.0875968384667358,0.0975365956384544,-0.044121563048597,0.1645180176781495,0.1202461261116429,-0.1380003368802314,-0.0492671517594414,-0.0773667334390187,0.0195373106222238,-0.0470965230640696,0.09744534106027,0.174127329801444,0.0645633400779652,0.1906374585030155,-0.1175310841028799,-0.1856535131197904,-0.091479334870494,-0.0050331606510507,0.0446852930068797,-0.0599998811827395,0.0671049111551127,-0.0024063156092566,0.0057178636664625,0.1144896731941973,-0.0687286078847893,0.1904242242111313,0.0528591628445627,-0.0041986689502838,0.189389513594514,0.0364060476724572,-0.1743038335870477,-0.0455496672769192,0.1200168929567053,-0.0645239526902554,-0.0198485605717574,-0.067740893156789,0.2849795920651985,-0.215340494760107,stop,2126,31,113.18586775529434,-0.0656766229989348,0.0598715996716384,0.0922421620055916,-1.0,0.9116120308531932,1.4044900269474534,2.036587230757153,2055,0.6870605119973873,5,0.0476278442674236,0.2193587871849815,0.0725292110630348,0.0,-1.364937940693448,-0.6778774286960622,0.3808360867078357,0.1143197815749356,117.07224642426286,113.18586775529434,137.34556929886526,2.452842148162717,0.09255123933533,-0.0259457945413593,0.0204627867890778,0.0522033364809568,0.9297661423048929,-0.0011597377452964,1.0,-0.021685822118629,2025-01-16,40.0,14,0.1864935264815201,0.1220578263061882,False,True,False,0.0,4.0,0.3076923076923077,-0.0380562491770352,-0.6568447760958513
EMR,Falling Wedge,bullish,1,0.6388133175708344,3,14,2141,2142,2025-03-25,2025,2,112.28163468531484,108.08327875136864,119.8728614438976,106.0220839987071,2.9812795787501414,0.0388437136849257,True,-0.0434781110054461,-0.0187556691135984,0.002382468972389,-0.0109177282574126,-0.0071359757023461,0.024706209132395,0.012251935743524,-0.0222706110782769,-0.0316464461361971,0.0110107523571536,0.1810672810668805,0.0161444047186802,0.0304179270963056,0.0240233280110764,0.079711789228352,0.0256162221768607,0.0452700823491227,-0.0076041723971141,0.0245331708881619,-0.0132251287759629,-0.0432453619742339,-0.0454423142083439,-0.0582605026659969,-0.1813043645956791,-0.0444625407836547,-0.000290937771028,0.0212905076184357,-0.0617282951509983,-0.0344827096663169,0.0742737936583977,0.0233359624841349,0.0396023725243159,0.1524080487414634,-0.0060393874867529,0.0095571942855305,0.0059227428673414,-0.029068803126067,-0.0399203562771367,0.0495050389394955,-0.0336804565592833,0.0595019852139402,-0.0306346347962506,-0.0320072873764326,-0.0039830651123868,0.0521315163951261,-0.1920890260659555,-0.121130395820414,-0.0519878917997046,0.1203260345980146,0.0584246583324672,-0.1376871332589503,-0.0511866522237297,0.0192069170597986,0.0904100281911823,-0.121130395820414,0.1102950448596,0.0650202021072188,-0.0434076201966128,-0.2660141590016099,-0.0049603660507385,0.0156721736242595,0.0269812452509559,0.0030409590705753,0.0858390040806358,0.0511877448603861,-0.0833577407532449,-0.0313289585945997,0.0215314280362495,-0.1175735165289862,0.0144544329980143,0.0011198758537247,-0.0712444640434104,-0.0729307520811934,0.271841190109557,0.0706157876813908,0.0564840790132763,0.0530153337755177,-0.1021871850746019,-0.0811119183386342,-0.0223320492066638,0.0846372593351081,0.027643647898049,0.0605746937536642,-0.1539058151148287,-0.0675714263910803,0.1658906499840871,-0.0573275388101384,-0.1236890138391323,-0.0107713527066937,-0.0673542589492234,0.077650486415342,0.0125580653274947,0.1208344897707849,0.0845911622761732,-0.1900247722800103,0.0863359738973961,0.2058334174256662,0.1081545355157436,0.0287830048462718,0.0939341418022743,-0.011967813529049,-0.01615404208955,0.060190800190206,-0.0871831162897073,-0.0084989082918013,0.0858329793650867,0.3697869157810716,-0.0238545448814653,-0.0957950944958936,-0.0187121418246526,0.1466270300618566,0.1085739687595077,0.1042752743475121,-0.3218985344523775,0.0896225360778806,stop,2144,3,106.0220839987071,-0.0557486600916615,0.0096521792204482,0.0599999084575826,-1.0,0.173137420784252,1.076257408858457,1.2127430767234015,2125,0.741907646183223,6,0.1416790916920063,-0.094529939055953,-0.2840084648813417,0.0,-1.0676759657594606,-0.3257683195762401,0.2515997555066341,0.0896286694829035,108.08327875136864,106.0220839987071,119.8728614438976,3.0936728255554504,0.0024162614357019,-0.0472208303472642,0.0274811039716455,0.105589413822315,0.4311389282287877,0.0020801853269734,1.0,-0.0286901986741959,2025-03-25,40.0,14,-0.0143546165100736,-0.0057148153927156,False,False,False,0.3076923076923077,3.0,0.2307692307692307,-0.0407003965934063,-0.713737555124622
EMR,Falling Wedge,bullish,1,0.7562574379471421,3,33,2398,2399,2026-04-02,2026,2,130.00194768491724,125.5565463314415,163.21721354496412,119.69446100196365,1.66797487572014,0.0354055720976975,True,0.097732295301127,0.0617490133893054,-0.0116310736305531,0.0063715605858973,-0.0122884297472566,-0.1496667538740288,-0.0115811441831265,0.0014099578424604,-0.006418196532707,-0.0044254879615437,0.0024725613917604,-0.0104674920284908,0.0302597174057916,-0.0268625351615728,-0.0373125719095059,0.0278828281234941,-0.0025296759545077,-0.0011645277810613,-0.0163792301873966,-0.0728813030890018,-0.0006048113700094,-0.0026140541855049,0.1126538284134702,0.1174314489702199,0.0346698425596423,-0.0101666101901353,0.0903370030140926,-0.0230570723601581,-0.0132581514111385,0.0467699658425508,0.076452254998186,-0.0230529658286386,-0.02986817257945,-0.000417997773664,-0.0189208765322407,-0.0427015666396577,0.0390324621363313,-0.1993458923013473,0.0480257500283809,0.0525790078343262,-0.0247130624762879,0.0440260676448225,0.0174659896174884,-0.0026769666962314,0.0191998783538398,0.1151459967361665,0.0494768631125042,-0.0493094706803158,-0.0411913100708796,-0.0792645273128533,-0.0454893457285322,0.0167833962048711,0.0567974436108813,0.0718272920085909,0.1434721447016882,0.1852137419043431,0.0013370283006406,0.0333459925742249,-0.1017476766500787,0.0298869993954082,0.2205586774895316,0.135143772397394,-0.1404704595185351,0.0650212891977133,0.1102950448596,0.0444488988989666,0.1327995442406127,-0.0807354972606061,0.0115752406503551,0.085916418204764,-0.0706413376110786,0.0699834364704696,0.0442132056504369,0.0469608017342406,-0.0254075956209224,-0.0204025161274697,0.0249386029137259,0.1369770809687671,0.0212188688489758,0.070533313618804,0.1713148413340239,0.1173244577627885,0.271105429557807,-0.02481085313036,-0.0058575590801952,-0.0687774453704647,0.2302826851843258,0.0364878187794326,0.0888379267848806,0.0327827445988948,-0.1052100685100717,0.0302916593863595,0.0974156214848978,-0.0441296295437658,0.1553794471210745,-0.033784872424812,-0.0203975846112448,-0.0052015564313633,0.0900132553218717,-0.0360035722660476,-0.1049550961578011,0.0354034836404679,0.078395435653551,0.0862084426272018,0.0434665525518302,0.1111797582410036,0.0828625495730592,0.0839817241155451,0.0276466223658724,0.1510248289624367,-0.1124623772900299,0.0827201237628454,-0.1314902987920275,-0.1010473253263507,0.0732686444530436,time,2458,60,142.66616821289062,0.0974156214848978,0.1720078305035702,0.0177305018757735,1.2286429192207766,2.1694282680473607,0.22362384237601,3.2224408220655687,2363,0.5870080604210055,6,0.1094268320902441,0.134776322686777,-0.2293145239956201,0.0303030303030303,-2.4585653139633705,-1.87155725354236,0.6519312682035254,0.0971234032321538,125.5565463314415,119.69446100196365,163.21721354496412,4.307211520813665,-0.03356683548056,-0.0776927689741355,0.0329482542889026,0.0121179436531864,0.6855972911740277,-0.0274230039022498,0.0,-0.0347696124896711,2026-04-02,34.0,12,0.1547595143954316,0.0889794314145941,False,True,False,0.0909090909090909,6.0,0.5454545454545454,-0.0331610660586241,-0.4871155290432064
ETR,Falling Wedge,bullish,1,0.7973509139156089,5,44,1099,1100,2021-01-29,2021,4,38.92458765428808,38.42424427016687,46.28317982098051,37.342214890092976,1.2239843350327235,0.0130215543239633,True,0.0138495699206013,-0.0235850143524107,0.0325868198346641,-0.0219579997419844,0.0194295157300501,-0.0067657656392978,0.0660042651781085,-0.0579604806351982,-0.0053661665772819,0.0263750278908692,0.0141524692325505,-0.0067392182842367,0.0077790540933191,-0.0046928503450287,0.0302033986688003,0.0234963360003721,-0.0199244749837016,-0.0125527370623715,0.0455054916703869,-0.0491590837013788,-0.0087332209488051,0.0017070310510201,0.0101801993490585,0.0055430950078421,-0.0450833227868867,0.033100839047601,-0.0157405503866497,-0.003334070839583,0.0336937887820405,-0.0386908922606871,0.0403694446692861,-0.0058083358556922,0.0044075200728868,0.0083988509603489,0.076829410353137,-0.0074547208101219,0.0160432288708427,0.0048108171805416,-0.0110817347518215,-0.0587525991952645,0.0122653717413434,-0.0511732468760375,0.0114126011780024,-0.0243901627537312,-0.0292021207730965,0.0057579230901748,-0.0700132115486537,-0.1124516766218589,0.0307077333605192,0.0571131885983768,0.0884819493724029,-0.0244991538983183,-0.0561457963087299,0.0597916445048385,-0.0331247217285696,-0.0710233594168781,0.0241844045396597,0.0349989079604371,0.100729546188095,-0.006550165320627,0.0453170933459143,0.0581447132425863,-0.0726056791314627,0.0098612025777657,0.1814051685124544,-0.0387171420463866,0.0273690997061619,0.0327448487118053,-0.0924223856871559,0.0507917149843644,-0.011705013690479,0.0427443950193244,0.1453965232370015,-0.0299691923793922,0.0876908447071391,0.0520357814974357,0.047300980006238,-0.154160496731789,0.0519014954520704,-0.036838249946833,0.0566261689273825,0.1127376244126265,0.017338961275348,0.0891377044606576,0.0867403407118492,-0.1191445458782813,-0.0208757236418889,0.1243038830304257,0.0078433862998232,-0.0184343837854481,0.0593276098693256,0.0207065596572136,0.1289971204267093,0.0081380225960341,0.1653495653670058,0.137334610401274,0.0570627267146333,0.0891191321100883,0.1859463713143443,0.0527914888171574,0.144319438211502,0.1262680879100299,-0.0187935691117538,0.0025890488237751,0.0436678667749836,0.1117523982497894,0.0142109112713419,-0.0587803302790798,-0.0330381324394997,0.0857626397440507,0.0926749633490366,-0.0266126223454176,0.1182237255305058,0.0363680487800419,0.0626863019670188,stop,1114,15,37.342214890092976,-0.0406522678736915,0.0261253632473935,0.0599460485129524,-1.0,0.642654508933333,1.4746052716962208,4.650353148889961,1051,0.8061374755510055,6,0.0584978026559282,0.1648066164200166,0.057575290104729,0.0,-1.2429800322625766,-0.4368425567115729,0.2122904056839057,0.1373053592290345,38.42424427016687,37.342214890092976,46.28317982098051,0.8141747333580541,-0.0390998023287285,-0.0525835798594641,0.0209123331618079,-0.0725255687353326,0.4870478200886277,-0.0061544736091667,1.0,-0.0051613589522913,2021-01-29,59.0,11,0.0729074988684284,0.0329582495306066,False,True,False,0.0,1.0,0.1,-0.0131268365396952,-0.1370012497369518
ETR,Falling Wedge,bullish,1,0.6021594982125088,3,23,1634,1635,2023-03-16,2023,1,46.68970140847025,46.10395655099688,49.95452279877185,44.288250309026665,0.9856130987017676,0.0127048718004376,True,-0.0455585194650066,-0.04543151643436,-0.0192646525449269,-0.0817761090840237,0.006796279184708,-0.0116959148560035,0.0237040156650063,-0.0137150001384858,0.0395666487921195,-0.014840505547935,-0.0094023135722637,0.0258323671175917,0.0345667766625141,-0.0311125780563434,-0.0219549265071149,-0.015446449261642,-0.0673869750125062,0.0027918984908585,-0.0026959885123722,0.0137467866648204,-0.0007442340477471,-0.0040453486997527,-0.0382047083018317,0.0175004881742848,-0.0091511999665159,-0.0199001760721182,0.0250449950711026,0.0360564705381245,-0.0225867171414352,-0.0052636629442486,-0.0424595772916567,-0.0512630029465384,-0.0196133808344015,-0.0204359015358928,0.0093607305631644,0.0950190793860732,0.0791315670975039,-0.020902267165664,-0.0848664651439987,0.1096759824534694,0.0301089880134555,0.0197546836824806,0.0182914668726872,0.0269895373634991,-0.0405803207127303,0.011422386711641,0.0237779072082675,-0.025151475311403,-0.1016332996143813,0.0280802156636355,0.0354721545652307,0.0653058473294663,0.0578070999659288,0.0342502413820842,0.0802128122273115,-0.03391834325711,-0.0344828415088462,-0.0140398322850504,0.1258425457412,0.0301597841506742,0.0608286667560613,-0.0387171420463866,0.0369492650401859,-0.0001626035474872,-0.0410131431385657,-0.0229547851883429,-0.0375314659167919,0.091226757419345,0.0076938105213594,0.0293709803729687,-0.0173459874907448,0.0467646659902869,0.1108228988210484,-0.0740643620185514,0.0840230240061459,0.0902776347104483,0.0619833455463969,0.0395966771765516,0.160059175050083,-0.0183007243264893,0.0585541045533282,0.1210141169404082,-0.0221757675292362,-0.0029698125196927,-0.0032547329690366,0.1656364755812474,0.0255307760724183,0.0166955093204506,0.0972351923365579,0.0746099430567368,-0.1489038512321804,-0.0147857340553774,-0.0268340288627698,-0.1300333073554901,-0.03343052217194,0.0600588670837647,-0.1198027686556914,-0.0222504820712305,0.1308353469715166,-0.0063570037205558,0.0062769687629888,0.091961521663342,0.0173556638993397,0.0368559944026829,0.1115691326620229,0.3570921250952921,0.1360474455035438,0.0638527085948676,-0.0101196456390875,-0.0047098701562628,0.1196784428623651,0.1449919344689922,0.014656986518577,0.0734601297166643,-0.0852351776523294,stop,1639,5,44.288250309026665,-0.0514342783740296,0.0126496447657446,0.0517407658839727,-1.0,0.2459380235444646,1.0059588181195878,1.3595202463452445,1610,0.5303233685370147,5,0.0275670221129892,-0.0302743136158246,-0.1127539135577467,0.0,-0.8116341194313089,-0.2813107508943013,0.721673100658672,0.0943278741661111,46.10395655099688,44.288250309026665,49.95452279877185,1.1704456138976072,-0.0280725572572242,0.0003537831671596,0.024888697156504,-0.0896854847409912,0.7934293993545468,-0.0011418563942124,1.0,-0.0431663323161605,2023-03-16,56.0,10,-0.0612564054157547,0.0038454140059007,False,True,False,0.4444444444444444,1.0,0.1111111111111111,-0.0012670039071496,-0.0218609872160471
ETR,Falling Wedge,bullish,1,0.7015163380054629,3,54,1866,1867,2024-02-16,2024,0,46.51527050617301,46.293054383238726,49.65238228397155,44.35853399460143,1.0687012551223432,0.0048002043912389,True,-0.0023954233574878,-0.0190111490744444,-0.007134041214976,0.0084033186909076,0.027468661206859,0.0125065097637437,-0.0110109842665057,0.0314066028417463,0.0090348528525348,0.0094645080715463,0.006150941416064,-0.0210889629663684,-0.0331728005869351,-0.0305380372963762,-0.0276334987427311,-0.0376404611437369,0.0082154501827989,0.0001795270895068,-0.0540260571392964,0.0027389504426531,-0.0185814753572913,0.0180876287183056,0.0029630450143896,0.0182652472496274,-0.0110282714254803,-0.0116195193522945,0.0217432834244395,-0.0076193184833812,0.0066422425704431,0.0385065140986724,0.0007274843528002,-0.0047750137914638,0.0429946313877764,-0.0133346632571053,-0.0241192901529573,0.0066416119803882,-0.020578952187235,-0.0246283737340308,0.0182135402565768,0.0087293462926378,-0.0089912377988575,-0.0020109873947741,-0.0495838112707969,0.0367841318349573,-0.0021686291661113,0.0176875977691432,0.0241540263295882,-0.0094661284643542,-0.0974579915119516,0.0285989485457498,0.0290290068669554,0.0585907811063752,0.0052714872924233,0.0335297085220778,0.060657041316164,-0.0625828959603997,0.0144295458467698,-0.0046430186112224,-0.1125136530924144,0.0473201814506698,0.0472297602336417,0.0712703951026831,-0.086450307769295,-0.0297326120978137,-0.0290230670052278,0.052292018264608,-0.0274673325423108,-0.0164088385419713,0.0250570684588127,0.004192077246597,-0.0106244101006989,0.1599273360101185,0.13591033891256,0.0510683205822362,0.0174796397100778,0.0938317679791906,0.1997682392437554,0.1209816942289718,-0.0652063130446094,0.0354893104999778,-0.0539389692405375,0.0364100776334213,-0.0768409441487841,0.0379032199734785,-0.002942395559999,-0.2709488019093752,0.0426880026332234,0.0536971308126035,-0.0387191907547714,0.0047935401065011,-0.0362142118136211,-0.0180648123461238,0.1227834080242711,0.0681224916872007,0.1053975047488922,0.0379570554701298,0.1075811044730878,0.0347788678701186,0.0015062482809085,-0.0340509365981227,-0.0564393198294919,0.1021851594688549,0.0631521968580499,0.0997626685500134,0.1419444616975091,-0.0178595646317283,-0.2622298307478486,0.0603298677010717,-0.1987760880358303,-0.1258048151460213,0.1274712876371382,-0.2704743385616596,0.091961521663342,-0.0233591262893727,0.123531711795319,target,1909,43,49.65238228397155,0.0674426213942411,0.0700667405590925,0.0058888939733471,1.4545642274644728,1.5111597420943754,0.1270083270175685,1.4545642274644728,1812,0.4666948538586467,7,0.0670223436606012,0.0303751273569496,-0.0208163963886868,0.0,-0.8296203744583309,-0.3629255205996835,1.0236872908191497,0.0828364166737551,46.293054383238726,44.35853399460143,49.65238228397155,0.8843769170227246,0.0370512480783842,0.0032823203719631,0.0190202081344802,0.0784656819038664,0.6497196084432109,-0.0065001008194995,1.0,0.035404219624634,2024-02-16,28.0,24,-0.0043455489133862,-0.0174686956663696,False,True,True,0.1739130434782608,11.0,0.4782608695652174,0.0159437420465088,0.6242089255420242
ETR,Falling Wedge,bullish,1,0.7514931226306144,3,28,1966,1967,2024-07-12,2024,1,50.94554561238316,49.57181567088074,52.95151554045145,48.92481238870997,0.8263891166360078,0.0277119149845739,True,0.0175924129684119,0.0407940210376225,0.0207536674060391,-0.0519753780467747,-0.0054199809642943,-0.0051152837801274,0.0323148089803839,0.0121706126883867,0.0180876287183056,-0.0196029187062484,0.0149408651021709,0.0284380353702595,-0.0125420879359237,-0.04716146440136,-0.0250611449027848,-0.0292538054999298,0.0437723714810065,0.0128702090737244,0.0146270022705052,0.0011913668925509,0.0597395451285149,0.0308799284499914,0.0129097141021921,0.0466059655630977,0.0779033132896163,0.0122653717413434,-0.0634188080388299,0.095890320081678,0.0591049009617794,0.0118304674263822,-0.0149097580003265,0.0186799582322907,-0.0283321960458091,0.0214840251021202,-0.0147416621489472,0.0414670234126028,-0.0233341361998649,0.0026047570495146,0.0308347606586771,-0.0194991524119887,-0.0332594315325572,0.0267942957078908,0.0049383325506884,0.0316642350083162,0.0593961786214747,0.0356329914542759,0.0825272323183747,0.1341972202989112,-0.0572154089349591,0.0480825608291717,0.0080661425765544,0.0060327336830889,0.0366915732477939,0.0170342869056883,0.0663068287452546,-0.0145495688046366,-0.0221224414410452,0.0060147130507104,0.0043335089436524,0.1033935163104535,0.0345916459682755,0.0855157190790323,-0.0140175801476497,0.0658858961319597,0.0286635544904942,0.0350859760177089,0.009578835711189,-0.0040426846773767,0.0603607419341067,0.1361896277841057,0.1639816082845142,-0.012429213881433,0.0938317679791906,0.1061149067710838,-0.0297281161020235,-0.0403755281878931,0.058471755320266,0.1065213020790596,-0.0152354190455831,0.0089607303615573,0.1685563341134925,0.0387741767923721,-0.0483028961809189,-0.0045727775612141,-0.0278824510556512,-0.0763710878160018,0.0519014954520704,0.0547845707886169,0.070071116531051,0.1548240868169184,-0.051116413965891,0.1058497108236522,0.2173792488298158,0.2040140692848062,-0.0216637201571817,-0.1285256950624125,0.055995949574819,0.0590110875485148,0.0591670449475159,0.0693735053618973,0.0285990225333785,-0.1087025005654312,0.0287891260721762,0.2690379587802238,0.1432231828001013,0.0319160300462466,-0.050617228942128,-0.0627294232204582,0.0767738331237688,0.1311097076856753,-0.0793588039576285,-0.0593613120692996,0.0874603298475755,0.091179365663665,0.1863453758292649,target,1975,9,52.95151554045145,0.0393747854489698,0.0466980489791713,0.0164870675191931,0.9926940897334,1.1773239319305793,0.4156623152791487,0.9926940897334,1937,0.7286645958581628,7,0.0576498123075617,0.0163647726208182,-0.1741458378884033,0.0,-1.0442375101722867,-0.3155729143141312,0.2743468446931193,0.0594236932098182,49.57181567088074,48.92481238870997,52.95151554045145,0.7209572691019375,0.0833890883081642,0.0041040520012569,0.0140737494653467,0.0676866698050644,0.4479980468749948,0.0042400852735811,1.0,0.0377504729837692,2024-07-12,28.0,24,0.0583267079578133,0.0804827366478606,False,False,False,0.0434782608695652,8.0,0.3478260869565217,-0.0112373880136423,-1.186464667962513
ETR,Falling Wedge,bullish,1,0.6870510625363287,5,51,2345,2346,2026-01-15,2026,2,93.78149980116255,92.16105090324636,97.3372911782214,89.16789905244812,0.9276998324504544,0.0175827953569822,True,-0.0239841892423506,-0.0175977448309972,0.000459919225594,0.0353270095791873,-0.0170864435090761,0.0213300876594326,0.0455054916703869,-0.0202649043914946,-0.0153612057450051,0.0329239345610352,-0.0391775884352673,0.0075048382576301,-0.002027500311695,0.0003981258116041,-0.0022876598458733,-0.010533805054429,0.0149717545428063,0.0030781019857732,0.028025855848115,-0.0018430594055783,0.0460346892994005,-0.0125418782463238,-0.0297059774171618,0.0042939883864003,0.0067302690395696,0.0636301468144246,-0.0109602618173322,-0.0134928882849886,-0.0033332599631993,-0.0133346632571053,0.0578276882748223,0.0214023798322413,-0.0108546729620865,-0.020578952187235,-0.004532934437746,0.0531604159382306,-0.049464848076332,0.0068706118817363,0.0479603687588432,0.0246233765776102,-0.014669043874457,0.0499198904959328,0.0202513230978502,-0.018224189277137,0.0328469349434685,-0.0066583827374766,0.1076765697666575,0.1248463526493848,-0.0563434573399539,-0.0720910218680815,0.06322498075279,0.1019986041767644,-0.0617830727261844,0.0285705684319488,-0.0310608955695663,0.0399889535999673,0.0468524825799987,0.0285285998173063,-0.0178107515378649,-0.004128669238641,0.0477142829606784,0.0145932629311611,0.0071414710124817,-0.0974579915119516,0.0050850907848731,-0.0130166279618633,0.0608762353404077,0.0869835354601551,0.0987832907619362,0.1192730151824679,0.1547802409037629,-0.1627323766462555,0.0780420245129689,0.0776201377834233,0.04883623936704,0.068638514875881,-0.0074606538925771,-0.039690576290122,0.0916629565977755,0.0717008208351908,-0.033233477199464,0.13591033891256,0.1031243172265179,0.0876493719169497,0.0058395539441131,0.1115690158370266,0.1372064676192246,-0.0208757236418889,0.0511478543838681,0.0164459335448727,0.1087442327491654,0.0727657665606543,0.2183704152807974,0.2144828602327713,-0.0696059340837979,-0.0594974143686019,-0.0545744141821378,0.0041995555976106,0.2631523019097719,0.0567972483610241,0.0326162035297064,0.1583627893640435,0.0102778903047391,0.0347597779790624,0.1329263339535857,0.1299723934387775,-0.0053821834374213,0.1041473298225827,0.1631824609736325,0.1631824609736325,-0.0003943716488543,0.0713741193731831,0.0368336264447666,-0.1391218701192478,0.1667100000714945,target,2361,16,97.3372911782214,0.0379157017599196,0.0379921095226195,0.0334102617388735,0.7707193514847703,0.7722725059454042,0.6791364544264114,0.7707193514847703,2292,0.5029969281493163,7,0.1185425603293956,0.0699395542550276,0.0181827464294375,0.0,-0.7577706405498958,-0.254773712400582,0.8711376112198606,0.0690256019510112,92.16105090324636,89.16789905244812,97.3372911782214,1.5659264054445057,0.0871572890942098,0.0182578777435507,0.0166644452030401,0.1467760427985138,0.7839965820312539,0.0010507214238908,1.0,0.0227075641901244,2026-01-15,13.0,27,0.0833759942852716,0.046362638371155,False,False,False,0.0,4.0,0.1538461538461538,-0.0020698010540954,-0.4137680110634018
ETR,Falling Wedge,bullish,1,0.6054393105385562,3,34,2445,2446,2026-06-10,2026,0,110.76875442093984,108.99062528897127,120.01728698722866,104.20725087453484,1.1351368874912875,0.0163145144571301,True,-0.0051152837801274,-0.0218560420842367,0.0088458427365607,-0.0261131850622566,0.0214194708077219,0.0292620119583206,0.0105748340368818,0.0135308516012448,-0.0117163213034146,0.028941058445882,0.0231230530484203,-0.0057784883624302,0.0064079450814984,0.017898203831886,0.0015186828474447,0.0049977390266275,-0.0317771861019123,0.0060558129435346,0.0024397798962501,0.0023126215707773,-0.0023943223835666,0.0009723787754145,-0.0101413229498717,0.035448246209744,0.0252505131162257,0.0123507874786157,-0.0063612381360026,0.0227099780691715,0.0354136899126384,0.0288495010779226,0.0082195381090837,-0.0911017822149122,-0.0157638009634498,0.0342240404315292,0.0291815570847673,-0.0447201620837554,-0.0041883156855333,-0.0068450009573182,-0.0054408335479265,0.0950190793860732,-0.0059222125366119,-0.0066570587255687,-0.0599906161064204,0.0113365922277146,0.0274379367538699,0.0325606622310497,0.0324868204089352,-0.006119748580265,0.0585907811063752,0.1101975492964058,0.1227333050368923,0.0710123922887682,-0.0027544971833952,-0.0179318207901719,0.1041904196605614,-0.0565938198829366,-0.0299815846502448,0.0920406911462736,-0.0329855368025573,0.1101975492964058,0.0286950292492285,-0.0320771861294066,-0.014061198900876,0.1109337477388761,0.0646024752258342,0.0051023763099955,-0.050134924419925,-0.0425910975549002,0.0025275879068751,-0.0381405262968549,-0.1019366885505649,0.133124683482269,0.07922781462636,0.1361896277841057,0.0489288098178237,0.068638514875881,-0.1789021878726623,0.0021064852671817,0.0221774787234778,0.125190825554186,0.0210722378283705,0.0991721600647805,0.0652450632950465,-0.065044659564029,0.055790016230256,-0.109010916588241,-0.0018250160653463,0.0283503795426018,0.0033757797700308,0.0891377044606576,0.1108228988210484,-0.0748289112995448,-0.0315861435489069,-0.0911588079256421,0.1281674313750274,-0.0881686498927113,0.0300559644484521,0.0056101555167911,-0.2735132081480622,-0.0807566210056091,-0.0373693181413402,0.0172717349762629,0.0073870530033208,0.0497428703781035,-0.1472407527832029,0.1217647588332997,0.0596810997586791,0.0486892218597077,-0.0417768803727033,0.2689170634453661,0.1378716995141391,0.0468276942586398,-0.0216637201571817,0.1238957491689591,-0.0493558108507038,time,2505,60,107.2699966430664,-0.0315861435489069,0.0493583672455878,0.0582181749702562,-0.533225007519867,0.8332487853398504,0.982816618250379,1.4095142219889571,2411,0.455457162047814,5,0.1130927804108629,0.0463156434478759,-0.1031981850243745,0.0,-0.7806820614990707,-0.3252248994512584,0.7435616633808877,0.1026972753236261,108.99062528897127,104.20725087453484,120.01728698722866,2.345995689418772,0.1130457980080312,-0.0168105210176563,0.0213613351200419,0.2035894213183333,0.1542881556919629,0.0137697693329243,1.0,-0.0172721924408014,2026-06-10,13.0,27,0.1126185161949824,0.0427396589660731,False,False,False,0.0,5.0,0.1923076923076923,-0.0227371629026538,-1.3908161697085164
EME,Falling Wedge,bullish,1,0.646892096991255,3,25,1014,1015,2020-09-28,2020,0,66.65683196456595,65.4182415297779,81.03625718301157,61.71800466576059,0.7405324334458193,0.0189334107096756,True,0.0402642772946644,0.0229272216687796,-0.001718856398028,0.0217110584013644,-0.0137411795847419,0.0796630512242713,-0.0129997854074321,-0.0091658875343304,0.0309494460046075,-0.0068660140709783,0.0643155033253251,-0.0130979020413435,-0.011399809303639,-0.0552599945950111,0.0009359267440423,0.0643155033253251,0.1996308198150929,0.0255372114376744,0.0361348579734708,-0.0271914205599196,0.0269599565230111,-0.0135804568854782,0.0210076758750002,0.0817044115613911,0.0264299045440752,-0.0761444716611267,0.0033805348066098,0.0228648815970142,-0.061146107046062,0.0189725344186488,-0.0066299314831831,0.0452325697864042,-0.0924561778720081,-0.0113635352557391,0.0662419334301236,0.0440871968619864,0.0539409604195788,-0.0408719878510019,-0.015107179320581,-0.0344176295133604,0.1002173999798048,-0.000936474085373,-0.0068234623395796,2.564235721536079e-07,0.0436031602781221,0.0790721879826986,0.0165701386121854,0.0003408677149472,0.1791045992040221,0.1465624191865668,-0.2496431830828627,-0.0245330225326795,-0.0919605531326657,-0.0527816231148239,-0.0848005820622724,0.0558915448271961,0.1160408759351567,-0.0199445977657644,0.1236923159260172,-0.0084273003997746,0.0234118612766947,0.0467472141067459,0.0649885486335861,-0.0591314580601162,0.0848679768452864,-0.0383552195420162,-0.0664523349919939,0.1455344001050516,0.0020295445441177,0.2796137418335034,0.2092778493855949,0.0254880692250445,0.1254683307387127,-0.1621030992466267,-0.0658026933164342,0.1066365225467798,0.0298425380904576,-0.1332070954016707,-0.1099430716068127,0.2819394549969918,0.2140698469275439,-0.0624114550638293,0.2102610103085547,0.0642097467967275,-0.0326575947625512,0.1555218774769857,0.0375951509306615,-0.0944150633266803,0.0195604872924748,0.0259408556915896,-0.0006776027086902,0.2478479310540419,0.3246309113547314,0.2203236127612275,0.1931249322904449,-0.0706775707187036,0.2969465213407722,0.0222286754109033,0.1776207065663337,0.0599949337863616,0.0467626822599527,-0.0037477656303076,-0.2333630785071445,-0.2386902147046692,0.1921048290736551,0.2333890459579872,0.0305211406258054,-0.0114903247953552,0.18969436442909,0.3749827172300262,0.0859634793535051,0.1879856529505135,-0.0943411085223623,0.1267365795990067,0.2463436014549406,target,1049,35,81.03625718301157,0.2157232018780845,0.2498958782492164,0.063019298710043,2.911505980766691,3.3727171567883776,0.8505393184443225,2.911505980766691,989,0.4980900036538511,5,0.06118427575847,0.1455934475613949,0.1479041164658634,0.0,-1.4431388776375935,-0.9450488739837368,0.6864421968680017,0.1261478288452775,65.4182415297779,61.71800466576059,81.03625718301157,2.096887736384591,-0.0348336939521918,-0.038605130355891,0.0313565970012617,0.157394463232388,0.7338108567978529,0.0156509839659491,1.0,-0.0429353253017879,2020-09-28,18.0,9,0.4469854756153952,0.1475356902851983,False,False,False,0.0,0.0,0.0,-0.0839177890775656,-1.1398845291247302
EME,Falling Wedge,bullish,1,0.6204827739960667,3,34,1432,1433,2022-05-25,2022,1,104.2957054059398,100.26849527579292,125.46636696970812,97.46812206479524,0.6971060782036392,0.0401642621550253,True,0.0188375752613239,-0.0281184252087014,0.0456277941264389,0.0378614712644904,0.0525273485245532,0.0247184321332536,0.0406483017220498,0.057059048353941,-0.0030334637503559,-0.0789517307112185,-0.016497547173055,-0.0563305577673559,-0.0086039813643451,0.0543478458369492,0.062322462388791,-0.0077957460645916,-0.0130196787485254,0.0276778852791275,0.0120020986384379,-0.1064683018199861,0.0062627605854685,0.0162291874092446,0.0115083938181582,0.0103181240352681,0.0033699264550381,-0.0122703995367973,0.0159108774812308,-0.0666752757547286,0.1129208977151541,-0.0093452262968106,0.0189725344186488,0.0327502323493877,0.0161246650860051,0.0537017895506284,-0.0621620698639507,-0.0513663509223111,-0.054037545720425,0.0349006019072479,0.0683283904819804,-0.0340145118541455,0.0546370630436225,-0.0069766538754559,-0.0460584616741684,0.088873468232812,-0.0223144510967804,0.0037231453517108,-9.470926135057844e-05,0.0172253110951248,-0.0531211215492961,0.1112743032588716,0.0679159904915973,-0.0201906646996725,-0.0419573512884426,0.040203061207922,0.0238252111721295,0.1938688539993667,0.0867734734203142,-0.064357931248277,-0.1282335773515919,0.0244324833181126,-0.0291074448597022,-0.1205787771398616,0.1471734799293331,-0.0258488616124648,0.1758595614767601,0.0009310717035555,0.1074810570377968,0.0503599443838396,-0.0274298473438651,0.0075507270136139,0.0110406522795505,-0.1313121917402644,-0.0136867148401209,0.1199090378578418,0.1514938702301789,0.1508966256337458,-0.0420126917444049,-0.0072955745588906,-0.024968655705175,-0.0485260543358953,-0.0615530192144107,0.0501524397637542,-0.0584717035619523,0.083312869082601,0.2900027244232128,-0.3571293062856324,0.1326351303176494,0.0884042251092367,0.1585219754380686,0.2021654507815069,0.061976708603058,-0.0296750302490914,0.1365511056339363,0.0952500142985706,0.2121521520405247,-0.0518439244580538,0.1081583679290485,0.2761045939975615,0.2343820498509929,0.5637855092697532,0.1896279589391969,-0.158157074674004,0.4087567192171706,0.0736353155319979,-0.1399729762085831,0.1684776766858877,0.2086118770967093,0.1842882429448082,0.1579557142545808,-0.0102626071447655,-0.0692709420065015,0.2236930747100727,-0.0281291274787303,0.1116479590853738,0.0033690776547843,stop,1447,15,97.46812206479524,-0.0654637054763687,0.0340779680053992,0.0926734060809189,-1.0,0.5205627722631866,1.4156455918061723,3.1007547628439984,1397,0.7833326475024638,7,0.1318639205418125,-0.0267989245965554,-0.0268401536929762,0.0,-1.4202851199163689,-0.6369524724139056,0.2015029292970613,0.1513805580578438,100.26849527579292,97.46812206479524,125.46636696970812,2.5817219841508696,-0.1146532064583149,-0.0551406720025654,0.0250334945292313,-0.2013607217038396,0.8549626100731497,0.0007769883492645,0.0,-0.0476910448791666,2022-05-25,14.0,10,-0.0066785442266019,0.0115986009093416,False,True,False,0.2222222222222222,1.0,0.1111111111111111,-0.0463947777474831,-0.8848201668078985
EME,Falling Wedge,bullish,1,0.6193917203168184,5,48,1793,1794,2023-11-01,2023,4,208.3381509723084,200.5768541471482,232.52452618962596,192.20017426239644,2.8132332238385733,0.038694877622651,True,-0.0099208688831026,-0.0349337286103609,0.0360201854066815,0.0057102744288934,0.0660991122323693,0.0339402988804822,0.0357359529174245,-0.0335365341130118,0.010145212594018,-0.0573770993994319,0.0087705258216255,0.0126798930613993,-0.1317420322241039,0.0081960612394658,0.0081398281924431,-0.0693235745947219,-0.0006119653534817,0.0441344780091159,0.0618890002483674,-0.0167966454130538,-0.0143424976360929,0.027715762510863,-0.0116931807235651,0.02432506770664,-0.0298264948773605,0.0349469025148994,0.1205871340565936,-0.012736146464407,-0.0097038857959962,0.0002657786943713,0.0412361515064751,0.0146306006085747,-0.0759235703988475,0.0133073295163022,0.0334815313791625,-0.0345381640745701,-0.0457900404313655,0.004080730914109,-0.033984366141694,0.0573014933405122,0.0803526513859966,0.0024354525240377,-0.0552537918735775,0.0784988361413601,0.025486987867469,0.0123909869431697,0.0136411839085206,-0.0562636087651535,0.0452878099848648,-0.076045052294038,-0.0761235481323563,0.0877255256075266,0.1639563201622202,-0.0780625311985738,0.0236860001421781,0.0208362967019768,0.035444540428317,0.057471442859017,0.0851002399331013,0.2291969333113694,-0.0717266046756565,0.0547118133865764,0.0796110713332507,-0.0468333896441802,-0.0605433032279515,0.0044285109396433,-0.0284627790069058,0.0398414445443786,-0.0108338531492172,0.0275206969337775,-0.0912309485444684,0.2573337618977389,0.0886877560411574,0.061976708603058,-0.0383874885516453,0.0448076890653736,-0.0406042857212249,-0.0872988314693918,-0.0995837449550368,0.1759198301847129,0.0953177411335401,-0.0154233287467648,-0.1032340579426058,-0.02944058049417,0.2587475970170565,0.0298312834227043,0.0931268701957945,0.1371202140995699,0.0744999721669674,0.2153624153119022,0.1780496734949546,-0.0373197628039069,0.1014877364706134,-0.0539352146649214,0.0695696928150786,-0.1142428975995738,0.0006579918527085,-0.0564864898331141,0.0261284083233155,0.3875075868375663,-0.0374103949236018,-0.0882637461933131,0.0455528094510078,0.0668869528686533,0.0036787288807726,-0.0378753732649445,-0.040490425352953,-0.0323683376283614,0.3270692006753268,0.0830012765197034,-0.06651351156091,0.1064466810335731,-0.0173413837858823,0.3410152551465424,0.0531616352575337,time,1853,60,229.4819183349609,0.1014877364706134,0.1027766049209294,0.0156920536542295,1.3101870044009916,1.3268260462469537,0.2025813707657947,1.4987241369893816,1741,0.6263444993422155,5,0.1429953109043954,0.2271314005015943,-0.1812795032816864,0.0625,-1.3456222567984506,-0.7192777574562307,0.5633036894152971,0.109319752176423,200.5768541471482,192.20017426239644,232.52452618962596,5.86209230832207,0.141650045945993,-0.0188177211297653,0.0285417089716415,0.2476823266924295,0.7049178277509639,-0.0013549769092721,1.0,-0.0047096500029844,2023-11-01,9.0,10,0.0110939251306156,-0.0279166053822564,False,True,True,0.4444444444444444,3.0,0.3333333333333333,0.0136914082668513,-0.2378600639781694
EME,Falling Wedge,bullish,1,0.7364863375113293,13,68,2162,2163,2025-04-24,2025,10,404.2560670084875,382.7478391829409,585.3154989766772,312.5852610240245,1.6004879641243277,0.0561942501660117,True,0.0179646904123504,-0.0036578061195939,0.0209098356067449,0.0660452779882501,0.0263871926091951,-0.0321840803614853,-0.0233803699405593,0.0387869617609364,0.0465086920682309,-0.0130472609916676,-0.024173978616406,0.0216520219028459,0.030932881346811,-0.0035220666396772,0.0032630819275585,0.0218496158580983,0.0117153039992659,0.019124795172458,0.031824854435936,0.0480789875083211,0.0331396395027681,0.0124161762144667,0.0011483123447458,0.0863684848944272,0.0526905792500664,-0.0306131406902848,0.0439201833395517,-0.0775934791932785,-0.0384893954018558,-0.0900529964926322,0.0261712780080869,0.0662664183386625,0.0837860278316,0.0558844949028822,0.0078921902533006,0.1110616300500435,-0.0196933483220884,0.1342041102005866,0.0377160999640522,-0.0169584248458086,-0.1265850115494933,0.0417559062031014,-0.0338492762129508,-0.0302760924680383,0.006239662235193,0.0788291430868957,0.1309593383608183,0.064298723778196,0.127683578555704,0.0116097033126032,0.0379033028169679,-0.0796868146183629,0.0135651667729495,-0.0217428062534973,0.0268373790994269,-0.0199697135871329,0.0094324257922675,-0.0739596049628436,0.0663397792501871,-0.0252773454663545,0.0199914644081775,-0.1849668461597042,0.1176114484618167,0.0427948995144309,0.1262110132315841,-0.0494810950596021,0.0420291178700511,0.0042967973027032,0.1213982458467496,0.220511251742776,0.1193966959397696,0.0713333287488986,-0.0354945336663341,0.0377189605607093,0.2176914324517895,0.2280870092439495,0.1804829498609075,0.0537267697641359,0.02677155882491,0.1593509711465797,0.1661915731237928,-0.0525988535931757,0.2434425547486034,0.1797676266751275,-0.0748549335468476,0.0128352631630148,-0.04668439052822,0.1116214200190683,-0.001221333831252,-0.0432495416562448,0.1639740556581856,0.1405666573843961,0.3799996475223117,0.2262099035853999,0.1356006110764387,0.2361943972901137,0.1891276712869476,-0.0397765785421675,0.2491989321722765,0.1279230277423184,-0.0671092080264659,0.0604844460650002,-0.3109267608705074,0.1587371041472609,0.3220955970633288,-0.0210878007128396,0.209855246440991,-0.0986835763695408,0.1460806667044947,-0.1158014429238645,0.1155769964634092,-0.0077405106295301,-0.0263584348043529,0.0093133215726834,0.316364462265012,time,2222,60,557.8732299804688,0.3799996475223117,0.4072055886949783,0.0755107505324594,1.6757479256593133,1.795722509275285,0.3329923709003365,1.9751046150818927,2084,0.4680588876091042,5,0.0138707266692953,0.0656945420188923,0.2408314141394592,0.0,-1.4084040290106132,-0.9403451414015092,1.0422266903720772,0.3017517016965697,382.7478391829409,312.5852610240245,585.3154989766772,22.65064291042452,-0.055609629780471,0.0282205530503896,0.0566765849958933,-0.1186952025384101,0.8979884455353674,-0.0022908266077661,0.0,-0.0385164934928654,2025-04-24,40.0,14,-0.1057430341271012,-0.0565964895936955,True,False,False,0.6153846153846154,2.0,0.1538461538461538,0.0573694695369807,1.1596474121325475
EOG,Falling Wedge,bullish,1,0.7134451563228116,3,36,689,690,2019-06-14,2019,1,62.31753504353483,63.48285387061952,79.27320486831718,57.69663211879089,1.315443148506206,-0.0183564341555856,True,0.0943020482140815,0.0738887812376942,0.020779255080022,-0.0031605444220944,0.0028977822792801,0.0236878860187192,-0.0170565554776036,0.0081684368810939,0.0564926493102482,0.0587079237187695,0.0913859592181043,0.0253936251638493,0.0001425488175827,0.0017300142468805,-0.0159060685027833,-0.0141225248687313,0.0373366389914826,0.0137425815029721,0.0289929872664123,-0.0099829862313529,0.0054430388643889,0.0521731013163071,0.0759597607554041,0.1036607913951928,0.0867183286174815,0.1069413848266571,-0.0183004127395167,0.0869312578117627,0.2537887769279068,-0.0612471517849735,0.0393326502938846,-0.0241522676129392,-0.1120503603267104,-0.0205619323735171,0.0724348406363466,0.0915866410919403,-0.5058001139702852,-0.0352002023370671,0.0135029263590449,-0.0506005397235417,0.0182829009201879,0.0765580006431523,0.0337559798651538,0.0033129816482497,0.0266175731715467,0.1039041447288286,0.0514163479683535,0.0075753286194792,0.1575367631171345,-0.0264364617319623,0.1351343771230526,0.0406310549236146,-0.0918776266882229,0.111630490513914,-0.0548741867991365,0.1361639818690814,0.1310023224168912,0.047795197650676,0.0237213301978596,-0.0205500811513094,0.1419547869610371,0.0774103208664773,-0.0460389188660764,0.0252893851483506,-0.0322757944635422,-0.0095438171145896,0.1728129437271133,0.0523867615934714,0.0028227065036618,-0.0738811521382369,-0.0737125478702276,-0.113143781480708,-0.2636378164166596,0.0490636210508839,-0.2048759930832675,-0.0953228221249529,-0.0744844940763636,0.0264597660130248,-0.1760493271583172,-0.0657000788733929,0.0340985661675639,-0.1047133861679976,-0.1638121871929935,-0.0296140466209937,-0.1164123352180324,-0.0394887787967036,0.1199738548363513,0.2159858643484735,0.1317669841724158,-0.068410380420285,0.0128409237111073,-0.0276073597716946,-0.0479706691887557,-0.0827182190770615,0.1118721651466196,0.392033687648295,0.4425173315506081,-0.0769054021305913,-0.0110820357861508,-0.277462206774635,-0.0450919747571422,-0.0880985906404614,0.2328155182226834,-0.0279304585531769,-0.0352794273162894,0.2366705534648698,0.1901705810780072,-0.066418684976226,0.0341123433701706,0.1159620582349829,0.1421446540240336,0.3107250250203832,0.0224830640935305,-0.0465612423003296,-0.1258045171197147,stop,725,36,57.69663211879089,-0.0741509259234306,0.1288947849668175,0.0863607043987636,-1.0,1.7382761356198877,1.164661173455083,3.669341273972316,652,0.4721013287507691,5,0.0655125373542275,0.1185670020087996,-0.1581882521376125,0.0,-1.289004104585544,-0.8169027758347731,1.0005121505240089,0.1470077521248918,63.48285387061952,57.69663211879089,79.27320486831718,1.66268936554345,-0.1565712904519296,-0.0871873688029216,0.0264428267318096,-0.1769537737290496,0.0484583274516524,0.0008097200957786,1.0,0.0054220038582548,2019-06-14,14.0,15,-0.0325951299073959,-0.1027959507571755,False,False,False,0.4285714285714285,3.0,0.2142857142857142,-0.0167781837504849,-0.2653864339695208
EOG,Falling Wedge,bullish,1,0.675782085158457,3,27,963,964,2020-07-16,2020,0,36.29957585999738,35.47982595025684,46.46658376290992,32.50743489465614,0.759612610146418,0.0231046767503833,True,0.0213260868076659,0.0179709004325976,-0.0194738408226474,-0.0292857083534116,-0.0123487825841065,-0.0131677700001364,-0.058272750695192,0.0197300444437542,-0.0179731033467794,0.0089774610138448,0.007789198606253,0.0219257730438859,-0.0103100996953139,0.0064324327168852,0.0478352809011646,-0.0338369088152901,0.1103087486506333,0.0012791535009455,-0.0520682218859426,0.032880792857143,-0.0295973457099454,-0.0306672494892502,0.0238182315908411,-0.0261339255890912,-0.0325963219770814,0.0969561819132172,0.0558250300856217,0.0563336644983059,-0.0737071949999119,0.015508440923815,0.0730188754091298,-0.0078719858520346,0.0393326502938846,-0.065470182719806,0.0383873354359267,-0.0177344386854872,-0.1668225080401194,0.0670947003836277,0.0429278245945528,0.0374034418555901,-0.0842109968121513,0.0310007762848689,-0.0159819887702922,0.0787616738365459,-0.0744746297892897,-0.0324477590813909,-0.008572031166237,-0.0550179948816363,0.0093106177125521,0.1231393661955508,-0.0737430947633085,0.0160699005288118,0.0787680579729204,0.0298760990618349,-0.0198268185926274,0.0323380573851124,0.1577460199765348,-0.0267546395044566,-0.0902117461097122,-0.1383841050400864,0.0462848208513315,0.0830466959946698,0.1564495529154386,-0.2731985083624982,0.2685135486142374,-0.031584867413723,-0.0465386397012383,0.0741388864358076,-0.0273439913740946,-0.1835666923675092,-0.2214069578697892,0.4061601074418275,-0.0469515836368558,0.0385388678102158,-0.0184631302305826,0.1580574977979003,-0.085314901331795,0.0897110051920093,0.1791560823580593,-0.0780018616435442,-0.0739742604114437,0.1124347981784159,0.0227602529745538,-0.043815425502329,-0.035687352306898,-0.0620366844806961,-0.1083419121710318,0.3332915560223539,-0.1150231108843687,-0.2249652483942871,-0.2251945467535278,-0.194683699868908,-0.214718473227331,-0.2966075922231594,0.0926143679734186,-0.0165800057156773,0.260978886326179,-0.1545774639900341,-0.0458306379129569,-0.1643476571070349,0.1512190511493982,0.027776681419696,-0.0564222785426867,-0.0603460246400565,0.0115945603787548,-0.0571605910735827,-0.1661128337498939,0.0740623520991476,-0.1027534669483484,-0.0391023158490989,-0.0339665193087957,0.2944971676984587,0.2175805954372245,-0.0820082471130242,-0.2222742542538854,stop,998,35,32.50743489465614,-0.1044679138942841,0.1034917232915179,0.1055821258331835,-1.0,0.9906555939869344,1.0106655900109869,2.681073302874343,936,0.5339047228909104,6,0.1285957163556694,0.3487510784775165,-0.24092469079842,0.0,-1.1752182124691155,-0.641313489578202,0.5955128608703127,0.1702932647500917,35.47982595025684,32.50743489465614,46.46658376290992,1.5923237504573713,-0.2094139026269551,-0.0568199037245337,0.0438753377739222,-0.4374598955587516,0.7601814484808486,-0.0119991735182742,1.0,0.0338239276996645,2020-07-16,10.0,16,-0.3500624029955494,-0.1398460891302827,True,True,False,0.8666666666666667,4.0,0.2666666666666666,-0.0141938887961881,0.0557342713747435
EOG,Falling Wedge,bullish,1,0.6149977709996782,3,40,1021,1022,2020-10-07,2020,2,28.1638742418929,27.055421069043348,40.680367414644536,25.288435551560696,0.8100345506301133,0.0409697254395289,True,0.0137425815029721,-0.0010744844609118,-0.0787400959084356,0.0325932337114289,0.0695453435248674,-0.0245705802477541,0.0177647864778591,0.0197367807764812,-0.0091883272330871,-0.0151656530579246,-0.0135496857299151,0.032671776801237,0.0865327305061789,-0.0156138929811864,-0.0510913051597831,0.0402306217148191,-0.0031605444220944,-0.0791200282132243,-0.0184228452586789,-0.0143422874078849,0.0244452806706354,0.0481763211044632,0.011306000019572,-0.0440961074898699,-0.0437461919498446,-0.1010285290845737,0.0425623044686347,0.0750040394266982,0.0312032107545008,0.0601222068472724,-0.0034428850155128,-0.0168183386865906,-0.0341268702902958,0.0253934660893357,0.1080094228612891,0.0630736500716653,0.0036038377676805,0.052163522608883,0.0277621786786341,-0.093412602477237,-0.0137527142494002,-0.0092387630292557,-0.1321087843261416,0.0673660733192662,0.0516877771740795,-0.0542972176353165,-0.0190555773331155,-0.0210681319675531,0.0877572853250605,-0.0808349468847048,-0.0003840405481496,-0.0675885722107796,-0.0962011456012699,0.1352026747699057,0.0393232703592458,0.0417280131310862,0.2839314261648855,0.0414182659801887,-0.0165657031683975,0.0641306931839138,-0.0480429016026145,0.1719530105242792,-0.0418636392984969,0.2483613412707566,0.0882728602153219,0.0904904229319509,-0.062441863555039,0.0121248138854626,-0.0635941405767458,0.3111014844589215,0.2415667596571995,0.045771708565373,-0.039615239204847,-0.0047857353488386,-0.0614456209159774,-0.0208650189867449,-0.0711629222760805,-0.0776640116662396,0.0057052046941008,5.3071905208534886e-05,0.0332846540858009,-0.1645902106547024,-0.0355901853405591,-0.1263256229763298,-0.0738450644826463,0.0813712868951375,-0.0655291910823254,0.0079591972464223,-0.0478393944890432,0.08186206043628,0.3254756861914896,0.3214902518291476,0.3571005945937455,0.2768556199204119,0.0627131973316481,-0.1192878516724661,0.0110413824315394,0.2642930375500452,-0.5615516201068004,-0.0596119708454352,0.0486549172108556,-0.0519165133016424,-0.0110820357861508,0.0359354753689924,-0.1284144599969928,-0.0915737494575558,-0.0162549180971758,0.0056211184672581,-0.1163017370279901,-0.1388677287171298,-0.0490683157334058,-0.0696593766457935,0.0615960089861746,-0.1214682820027394,0.4093607656959838,stop,1036,15,25.288435551560696,-0.1020967025216678,0.0846461158274411,0.1298336256144981,-1.0,0.8290778618386506,1.2716730551306852,4.35289864285216,979,0.6978725202074936,7,0.0722088159727722,-0.0641289239943569,0.1749154338440466,0.025,-2.136886242533476,-1.439013722325986,0.3971032986226703,0.1678215953268758,27.055421069043348,25.288435551560696,40.680367414644536,1.3199939399521416,-0.3022730221245712,-0.1413307590857273,0.0473790443303748,-0.1756702793083466,0.8620690789149206,0.0002777977640948,1.0,0.0068692431017673,2020-10-07,10.0,16,0.0813891743237784,-0.1802439274998811,False,False,True,0.3333333333333333,1.0,0.0666666666666666,-0.0550417669900634,-0.5295504100743783
EOG,Falling Wedge,bullish,1,0.7085327221785447,3,31,1327,1328,2021-12-23,2021,1,70.6141109315173,69.8094408295135,77.6935881419534,65.07332731757666,0.5981303879725961,0.0115266659128374,True,0.021151808038941,0.0150085166751072,0.0132438299376416,0.0076634362577785,0.0439478529550212,-0.0030328795164831,-0.0332285585930015,0.0788905038310305,-0.0202865020993155,-0.0967196309917964,-0.0012459506525588,-0.0674282878780893,0.0177685945046053,0.0514411535993817,0.02355064184603,-0.0107416551997167,0.0330973989537179,0.0815485218773943,0.0410315315968683,0.0094429310191259,0.0238477952493159,-0.046309657190982,0.0138277545636426,0.128405817832468,0.1410526358281265,0.0117665841072918,-0.0012603473961656,-0.1198792413281057,-0.1668225080401194,0.0283058553479751,0.032890323967375,-0.0305068642038142,0.0354442535336603,-0.042295175333968,0.0949806906211279,0.0082727613547837,-0.4546310798992298,0.1847741457279443,-0.0164410055103926,-0.0585143724436001,-0.0227980635517217,-0.1114301488085128,-0.0231807197073901,0.1673619734677613,-0.0349602320065701,0.1543519763375516,0.1847585977534092,0.2530126159264179,0.1184164436643773,0.1397138869513037,-0.0508676078386099,0.09572103832745,-0.0456056388090344,-0.122698989437785,-0.039583845308478,0.0462848208513315,-0.0657124870905266,0.0214206185931451,0.1127051045549796,-0.0013864108534845,0.0041985876068657,0.1360716952527272,-0.041219434021577,0.0391251473566431,0.0962546603670424,0.0311255015437867,0.1575367631171345,0.0993337517147934,0.1482169174263049,0.2683666429160058,0.3583765051970551,-0.1276746380502273,0.2804688603708081,-0.0739742604114437,0.3460733250524828,-0.0479873153093398,0.1062860544144921,-0.1557807688815289,-0.0671403600559865,-0.0996745521776817,0.0903436263756258,-0.1844565438763599,-0.0629261878097642,-0.0997226809140081,-0.1999248745077512,-0.0800381759524462,0.0486480810580762,-0.0174089232370669,-0.047663328306717,0.0353850166140969,-0.035861468466334,0.2880180986195595,0.4113172472757211,0.4559584103645799,0.3384434202304163,0.1151933034628216,0.2714078916264106,0.1178694093467926,-0.0133372172866124,-0.208756428776912,0.0748970272067788,-0.076487006342232,0.3384434202304163,-0.0243167555191935,-0.0033245485549219,0.3269525035077552,0.1616723559925994,0.230240822975867,-0.033145891776066,-0.1927197457110776,0.0118900499305736,0.0701299067824126,-0.0470880499891781,-0.0720115836015116,0.3420196030889642,target,1334,7,77.6935881419534,0.1002558428768136,0.1066792115490571,0.0109207606802096,1.277703246274423,1.3595653978362736,0.1391788345945572,1.277703246274423,1295,0.4623304377172781,6,0.0558485786002245,0.1921583016667427,0.0532012548348572,0.0,-0.7876524411273624,-0.3253220034100845,1.0234096538973856,0.1216992840333476,69.8094408295135,65.07332731757666,77.6935881419534,2.2916981003574373,0.1297808383421494,-0.0139558852723462,0.0323830906837775,0.0408944751880921,0.2279392790225338,0.0003441599066948,1.0,0.0059931566803486,2021-12-23,2.0,16,0.0416856212005118,0.0939095604562607,False,False,False,0.2,1.0,0.0666666666666666,0.0256263300307212,0.5553053049166574
EOG,Falling Wedge,bullish,1,0.7633831548439144,3,37,1691,1692,2023-06-07,2023,0,103.80812322179015,100.60087090513127,109.43623455009498,94.38626879517132,1.1238579466267486,0.0318809597551434,True,-0.0478361857016607,-0.0725889846074194,-0.0166667867510342,-0.0009661996179564,0.006093164580641,-0.140188960477459,-0.0449960839660128,0.0387230534718767,0.0364826648176634,-0.0345338804506442,0.0414659275588773,-0.1061936459672686,0.0110885684391703,-0.0141111092923308,0.1136425664760978,-0.0248978860389592,0.0521731013163071,-0.0082714576760313,0.0028064365922007,-0.0374740506604308,0.0468003528816072,0.0125313812718843,-0.0445115435270706,-0.0686570702918496,-0.0956402361106769,0.0545792103808946,0.0431082297258389,-0.0222321565405387,-0.0337476973564667,0.0288550337709223,-0.034343941725806,0.0567342397399541,-0.0245918702731186,0.0839294807007411,-0.0674648040847087,0.000549256406819,0.0141855676674198,0.0526603593540322,0.0478803618970127,-0.0368979277601778,0.009185382116494,-0.0609069007289283,0.0516877771740795,0.0041444077526626,0.0659937912177532,-0.0803224602635936,-0.0002582125214045,-0.0320407624571763,0.1283999152563673,0.1342969266752463,0.0291300921744437,0.0188870306120683,-0.0998509967249623,0.1350421095943652,-0.0603799670752404,0.0239998959066132,-0.0059984900853738,-0.0166366953395398,-0.0790036208817714,-0.0823406054745546,0.0883894830313909,-0.0343763809789847,-0.0790001196811288,0.0408328342582473,0.0672613167811981,0.05687501695421,0.0637317295215198,-0.0472593311351996,-0.0143582196908502,0.1243190219462679,0.0731029088105474,-0.0286938593900459,0.2109295306747307,0.0251785416047187,0.0787584826481238,0.1407963000833041,-0.0287342224590846,0.4075183853729702,-0.0638161843293911,0.0249140595138688,0.0353868773848333,0.0172825117303367,-0.0533684559176725,0.1537322383174324,-0.0837539544507567,-0.0999625481159129,-0.1268563948307519,-0.0927407337851892,-0.0646435126748599,0.0289205784449109,-0.0634798003936479,0.1034506299748721,0.1345399937212228,0.0730191189086524,-0.1107474113977045,-0.0364369737087498,-0.1147767019629046,0.0764367639214371,0.2365093467651002,0.4731901712219304,0.1164982605944071,-0.1034542461882582,0.0683852068872075,0.0425328923803816,0.3727253165280582,-0.0675717509111496,0.2237471039782026,-0.3636708216356417,0.1033728213169606,0.1763983888724463,0.1305592973315685,0.0075423903981217,-0.2622968249364654,-0.0571147435994481,0.0889485694284478,target,1715,24,109.43623455009498,0.0542164828110816,0.0696893885802141,0.0850900047575093,0.5973464536242639,0.7678238602952219,0.9375047945821544,0.5973464536242639,1654,0.3694657749937625,6,0.0190444166794655,0.0768402089757169,-0.0586734827952901,0.0,-0.742738575817052,-0.3732728008232914,1.414004089842832,0.0976828403259772,100.60087090513127,94.38626879517132,109.43623455009498,2.829938901191365,-0.0351035021847437,0.0137635849720894,0.027256554228654,-0.1032610919595709,0.9446355455003784,0.0068258128428131,1.0,0.0380111563353153,2023-06-07,15.0,19,-0.0781108005368244,-0.0273781525280386,False,False,True,0.3333333333333333,3.0,0.1666666666666666,-0.0148049061929715,-0.3562867483703574
EOG,Falling Wedge,bullish,1,0.6257332487267409,5,41,1862,1863,2024-02-12,2024,0,104.36679529144796,103.94014399943,122.20887233899008,99.18530087944345,1.2719092745693716,0.0041047787274597,True,0.0011502126001896,-0.0033591182032983,0.0418295661619265,-0.0044381998227981,-0.0222974644457808,-0.0862583529158865,0.0266702544931001,0.0069134668033048,-0.0445226691525451,0.0478352809011646,-0.0297547486650529,0.0013702539087403,-0.0260586876534829,-0.0489290514964344,0.1136425664760978,-0.005700199257285,0.0541408588441891,-0.027006911223858,0.0208301604583724,-0.0332106346396146,-0.0053315447635083,0.0203943739237131,0.0011442967034715,0.0083185694098928,-0.0167557497074479,-0.0205165847473131,-0.093412602477237,-7.895813527514228e-05,0.011491568432427,-0.011684567915338,0.1444443452984012,0.1040646627515129,-0.0176412964893557,-0.0297296023622942,-0.1091026395151962,0.0031824595544078,-0.0547230037973924,-0.1470505905626786,-0.0374448382372811,-0.1566680048960513,-0.1368531407384522,0.0563264080314134,0.1133971634782602,0.1890098136483422,-0.0191140933953779,0.0189237445136167,0.0693803082068711,0.0243880987442417,0.1561855088620143,0.0361314281327487,0.0393403913915222,-0.0094321804222343,-0.1161997210171934,-0.0751472828338761,0.0096444896749092,-0.0186591222988147,-0.1205341306907942,0.0527447035584391,0.0594929573511207,-0.0381325938959349,0.0067232143574462,0.0091110114873755,0.0696876259677157,-0.0334904181995728,0.0007895942661138,-0.1232632522264562,0.021092147807969,-0.0252052436768914,0.0743363518270908,0.2207962385899626,0.177952885157729,0.0492384503830372,0.3851333549670268,0.0969368826499159,-0.1769438194792892,-0.0338140898972262,0.1011757931602539,0.0587744298605581,-0.1207092472559551,-0.0305480904664966,-0.1613350830304454,-0.0334555646436147,0.0567834908549194,0.0410807496872165,-0.1678976925703997,0.0571028375478128,0.0627713756094519,0.2543494336989416,0.1332824904119838,0.0667048932625729,0.1087142449523344,0.1834289966048327,0.1567183219226158,0.1076477868899612,-0.0883771421832261,0.4136141599543455,-0.0225494727424898,0.0342098756139201,-0.0060367409986805,0.1132633717524966,0.0141488164367702,0.0543423077796509,0.3012248292651671,0.0789208001034558,-0.0926945373074829,0.011973653274524,-0.0580502192271671,-0.027017011446328,-0.045775222928134,-0.0089170046627963,0.0805929272499592,0.399225315637546,0.002992239853206,0.1331393259995743,0.0923068083514002,target,1897,35,122.20887233899008,0.1709554940124156,0.1849555787497638,0.0348673095641762,3.443423002870663,3.725415775932536,0.7023049858390457,3.443423002870663,1821,0.6302771913627327,5,0.0580102695734329,-0.1167905017777772,-0.1293940633587652,0.0,-0.9519708090810188,-0.3216936177182801,0.393115271376634,0.1582727223639913,103.94014399943,99.18530087944345,122.20887233899008,2.3789293417842186,-0.0466926575069162,-0.0297346456831625,0.0228242283049467,-0.1240467775033207,0.8556703463518414,0.0056732446799545,1.0,0.0509777214720024,2024-02-12,24.0,21,-0.0558959716322616,0.0121301346592521,False,False,False,0.4,6.0,0.3,-0.0217253222740803,-0.4931796190588031
EOG,Falling Wedge,bullish,1,0.7115282064102865,3,23,1930,1931,2024-05-20,2024,1,120.36033694548544,119.79418456670976,131.50925685289235,117.360864934579,0.7705872183484124,0.0047260422600932,True,-0.0277348939732416,-0.0287360689544505,-0.0074720718885669,0.0665891323037897,-0.000372213046926,0.081842649927764,-0.0101611149705396,0.0144057825204926,-0.0364504161306865,-0.0123487825841065,0.1011428515563201,-0.0101738049616458,0.0010648478031198,0.0605000159364834,0.0183419596466356,0.0571951462192699,-0.0107889194768568,0.0080911219757457,0.0080968572450272,-0.0781158098600653,0.0258451035230777,0.0581229501883939,-0.044502658269578,-0.0744746297892897,-0.0727931711955564,-0.1187924641103249,0.0460090688136514,-0.0554764213501689,0.0817397941123954,-0.1076745978970307,-0.0452423525445361,-0.1104943637144806,0.1337579756647069,-0.436184470606349,0.0237095977961554,-0.0140279872668972,-0.0539428023203999,0.0215015351782756,0.0166816546069139,0.0001917459729756,0.1275311134864358,-0.0343692673977801,0.1084883645728118,0.0489476137859401,-0.1041506603888442,-0.0508847836089622,-0.0767922198686354,-0.113086629981526,0.1829925234916598,-0.0451800858321341,0.1312847975748841,0.1804442122877307,-0.0133289054087799,-0.1558353623887514,-0.0227704402722787,0.0401341262995809,-0.1134073819883071,-0.019197784984083,-0.017316003082354,-0.0378108418230126,-0.1545013180075886,-0.0424972316963873,-0.1403031704865858,0.086782393235604,0.0835195618101902,0.1223547657419745,-0.5827182553685876,-0.0214748473102387,-0.0498507574582622,0.0286719473138081,-0.0188695805199134,0.0070298455726707,-0.0916593989446488,0.1129943707891818,-0.0080459340650179,-0.1155488277770221,-0.0920923967713061,0.146027932448197,-0.0169191785615027,-0.1921631048067671,0.1374046701438711,-0.0578184972788433,-0.0129277022635653,0.0469274509272723,-0.5201562358800771,-0.1852982393036483,-0.0742344805103339,0.0018755456088879,0.0419161478485159,0.1400092469975928,-0.0578184972788433,0.0681968114690775,-0.0033015664962341,-0.0516204564518842,-0.016566637296756,0.0508584134553866,-0.07541168046737,-0.0928961712750304,0.1098675408238183,0.3505541693613254,-0.0477345732663653,0.3402699617684974,-0.1284144599969928,-0.0829627719323129,-0.0829627719323129,0.0750863275089346,0.0033478196022382,0.228918712532915,0.0709094180651828,-0.1284144599969928,0.0644855238827726,-0.1186308373433941,-0.1081879091032935,0.0664837075446875,-0.027231532592981,stop,1932,2,117.360864934579,-0.0249207678129463,0.0070303124609511,0.0295116909501543,-1.0,0.282106575275697,1.1842207740815676,3.7169608073914784,1906,0.6910302370028778,5,0.0092354271912057,0.0901570173999892,0.2952196270581921,0.0,-1.0688695128595207,-0.3778392758566514,0.3212786204854222,0.080942352324678,119.79418456670976,117.360864934579,131.50925685289235,1.9786018184476608,0.0610700611270553,-0.0004518115561327,0.0163858183591398,0.1057361274883164,0.4965054365803312,0.0022317761456849,1.0,0.0607138346016125,2024-05-20,24.0,21,0.1579665986109122,0.0913562358225843,False,False,False,0.05,1.0,0.05,-0.0290201877128079,-0.8307689730990556
EOG,Falling Wedge,bullish,1,0.6327787327236313,3,33,2139,2140,2025-03-21,2025,0,118.95984124947672,117.31198201568554,135.75192281754926,111.38827976312145,2.425170998632011,0.0140468109521059,True,0.0106985269404671,0.0372227428022072,-0.0158895077328127,-0.0250175868797131,-0.068637781742359,-0.0198605197670597,0.1205005708330857,0.0734688231458722,-0.0282940597965115,-0.0396505253102777,-0.015995092671509,0.0276287338746648,0.0586385040843127,0.0181271944028365,-0.0004310272912679,0.0476821375500495,-0.0271998427431816,-0.0484939194474455,0.1025357751272768,0.0225280916089682,0.0273528341023625,0.0295268018143348,-0.0012274532176141,-0.1173652255371594,-0.0025789604761807,0.1735658722418289,-0.0983443988414209,0.0529563395036509,-8.43337924887333e-05,0.0883213647831266,-0.0571744519305096,0.0020009772322455,-0.0293750605833889,0.0194820111306448,0.0235979804681059,-0.0328126235669226,-0.0430285175837152,-0.1560432481526078,0.051829496071116,0.0641627913030482,0.0739985217663197,0.0552555469024873,-0.0093247033229252,0.0831699086426718,-0.0093687367634339,-0.130004462312551,-0.1208874117964956,-0.0211677196412826,-0.0420200421742,-0.0035358872971693,-0.0238071952836028,0.0868205763004765,0.018924647590838,0.04238907099513,0.060707935875655,0.0486537336181029,0.1051856463106954,-0.1343752967999404,-0.016331337735604,-0.0784742267623491,-0.1752905091698366,-0.14517571415093,-0.0866278749554504,-0.0738166887246759,0.0414999911827516,0.0408505205625346,0.0556149866773905,-0.0121626982386129,-0.1063388936875558,-0.0818909948575165,-0.1240247442882259,0.1484202197099855,-0.0392936964429063,-0.0493995308455721,0.1748772182074358,0.0246099388577074,0.1415278430022852,-0.0827194806598663,-0.129408815143452,-0.0114233134841822,0.1208108045567482,-0.169221838595373,-0.0314864369414918,0.0531192741107957,-0.1658029930763629,-0.1145592150910285,0.0486655023535984,-0.0383823292588675,-0.0620029125288499,0.0026810938640777,-0.0398965577793004,-0.0709467335982855,0.0042396996893296,-0.0425894400144359,0.0704038074077988,0.0085611398927425,0.2485623907262879,0.0286033538232954,-0.0462447563947994,0.2971445225533489,0.0062137860105124,0.1898370268992146,0.1732650274533727,0.184278874859969,0.1732015926047208,0.1738847039094091,-0.0229250089855346,0.0879956467023774,0.1583438404635093,-0.1134449318367438,0.1680713794892026,-0.1295482999102949,0.0706590891257896,-0.0587730951467642,-0.079164804793041,stop,2149,10,111.38827976312145,-0.0636480463224272,0.0420758201477621,0.1281437176204398,-1.0,0.661070096866997,2.0133173761735166,2.217783161152892,2106,0.5500185207516195,5,0.1133528646257997,0.0693804498305523,0.6912462599674889,0.0,-0.8347677042182692,-0.2847491834666441,0.4875532137785933,0.1505476655523518,117.31198201568554,111.38827976312145,135.75192281754926,3.115275474328501,-0.0032430083962622,-0.0288095032148242,0.0262043605741745,0.0208033705811532,1.0,-0.0061142066157068,0.0,-0.0571116100088038,2025-03-21,9.0,15,0.0151617956485923,-0.0120127012052776,False,False,False,0.2857142857142857,1.0,0.0714285714285714,-0.0453312536096417,-2.0503420114760487
EOG,Falling Wedge,bullish,1,0.6063750895145205,8,79,2318,2319,2025-12-05,2025,4,108.33026364524366,106.17390629553256,125.8726717438193,100.46599043451096,1.0509062615594589,0.0203096732987193,True,-0.0271998427431816,-0.0201649852254427,0.0418295661619265,-0.0027425067712735,0.0301975908406917,-0.0666378151630121,0.1451018052797024,-0.009403707359031,0.0600746777050498,0.055560223386103,-0.0217832382516516,0.0291364130347402,0.0540590846080737,-0.0998097787715356,0.0014984338682901,0.0245857225136922,-0.0115801678474369,-0.0056172341169459,-0.0374249407301482,-0.0511523647617243,0.0123256734528645,-0.0391697802150489,-0.0326522255863479,-0.0819598595068178,-0.0761500998768216,0.039781473175394,-0.035714238079015,-0.0556717183177574,-0.0049525536974145,0.0072119997858053,0.0232404289511527,-0.014362869258502,0.0324052419553884,0.0113008197428028,0.0903036154170964,-0.034475267624596,-0.1528096649000735,0.0226991858361556,-0.0459533331738527,-0.0485138269022202,0.0324052419553884,-0.031790183868389,-0.0199745631872576,-0.0312004387088815,0.003915472401913,-0.0713521005819746,-0.0543097276918984,-0.0648898202246988,0.1741386132739071,0.0408505205625346,0.114492871272666,0.0766369571148783,0.0965960833346297,-0.0807131037208155,0.0246958067636489,-0.0774404954297128,0.1649151951608798,0.0215714655927132,0.2135339817385522,-0.0238071952836028,0.0824247867489145,-0.0721162387223676,0.1361639818690814,0.0404753188208357,0.119448462397264,0.0236154418377778,0.0487012769248822,-0.0800731673707004,-0.1065152558361968,0.0426290542811926,0.0402584979377582,0.1131185828205967,0.1322737890162859,0.0183474180004841,0.2156262909453175,-0.0171748939486565,-0.0179975792449718,0.0569037867283777,0.1663937718397148,0.1142625651522128,0.2683986341325224,0.1536254888903632,-0.1155488277770221,0.1043092993859098,0.0650855774448648,0.0705918034727104,0.0212766880030239,0.1327936750110117,0.0683355101209748,-0.1119585170315236,-0.0899036940031621,-0.024808914166759,0.1913813208333057,0.1961394215873224,0.0550909388375484,-0.0784578147826393,-0.0784578147826393,-0.0587730951467642,0.040007450150147,-0.0692976189864151,-0.0395714932430203,-0.0123361935074083,-0.192368944997793,-0.1079416940342073,0.1695484179032629,0.2047481615317035,-0.1814686209367355,-0.0187551871974386,-0.0663768433125726,-0.0060367409986805,0.1143240170564816,0.4060022984916644,-0.0902357524778254,0.0688039007183916,0.1884589523190527,stop,2325,7,100.46599043451096,-0.0725953482074627,0.011618489864992,0.0841214227387453,-1.0,0.1600445503999618,1.1587715303512764,2.2306458115715984,2235,0.6208150949580166,5,0.0712440118061484,0.0531999535789375,0.3598025254622026,0.0,-1.1338759747085232,-0.5130608797505134,0.5292268121666848,0.1467720261311302,106.17390629553256,100.46599043451096,125.8726717438193,2.331189126106327,-0.0193902880566779,0.0375371022456414,0.0213005782449053,0.001176158652719,0.1475410861245294,-0.0031206760935122,1.0,0.0229445712078613,2025-12-05,9.0,15,0.1782353228824773,0.1078919017832538,False,False,False,0.0714285714285714,1.0,0.0714285714285714,0.030217936769156,1.1526576291670152
EOG,Falling Wedge,bullish,1,0.6116043892534503,3,25,2462,2463,2026-07-07,2026,0,135.61354532417766,128.9323791122165,143.6309632253931,125.70413517525436,0.6283520040620736,0.0518191493708977,False,0.0101741759211859,-0.0014922811790625,0.033541708253592,0.0311164297407779,0.1393883830463991,-0.0002721583121153,0.0586385040843127,0.0209101526708497,-0.0092951401434741,-0.0147110459672057,-0.0567623028737783,0.0854490527084399,-0.0382053170327427,-0.0054005743085374,0.0794262207636049,-0.0214349146194683,-0.0007752353744203,0.0259091912071658,-0.0009440143413212,-0.0260981210738987,0.0473989790212043,0.0473989790212043,-0.0095897629023434,0.0577114704767862,0.0508218957723263,-0.0969165463709433,0.0259147457824695,-0.0225477686047983,0.0185184238225895,-0.5182908041425628,0.1069413848266571,0.0011182020443654,-0.1107089011840408,0.0369047031426987,-0.0630662598799156,0.0818057512359999,0.1969881024332274,0.0249118544048458,-0.0065215430059613,-0.1139957032062589,0.0220274324174485,0.0736801695538131,-0.0727499904816267,0.0386678326151197,0.0670947003836277,0.0732226811874485,0.0583013955529534,0.0203956350662621,0.0589896429081564,-0.0210494812177113,0.0620156911551736,0.0351183680341986,-0.0543531348144473,0.208528322284605,0.005944614798405,-0.0165657031683975,0.0811739324246447,0.0298257106166992,0.3453329984277513,0.2117408472181479,-0.0416176559724853,0.2628909179452934,0.107842318179667,0.072049238352013,-0.1107629173830021,0.0020500814280235,0.2448285349164192,0.0972319168134845,-0.0207593165943785,0.093917320345044,0.0688620740653545,0.0063601256827423,0.1551290900817883,0.2017219228592708,0.029405913328498,0.0183474180004841,-0.0339603156075474,-0.2007898041424874,0.0738561209939754,0.0089517632079267,0.1082368679202712,-0.0317249838433881,-0.0415746655995842,-0.0479873153093398,0.0042885786873827,0.1091422848532706,-0.1028150414916585,-0.0325131546481055,0.1580574977979003,-0.0100752856618383,-0.0395888495794625,0.0772939119685391,,,,,,,,,,,,,,,,,,,,,,,,target,2473,11,143.6309632253931,0.0591195951853493,0.0764411134491093,0.0297905954829542,0.809071153653534,1.0461218425284116,0.4076941220563787,0.809071153653534,2437,0.6519166847834608,5,0.000188740625935,-0.0176755717952999,0.4791012144748017,0.0,-1.0384908510591817,-0.386574166275721,0.349865742878319,0.0940753717067271,128.9323791122165,125.70413517525436,143.6309632253931,3.1984076927042038,0.1186543437406388,-0.0097013044282809,0.023949342283982,0.2760054222793986,0.919830286407784,0.0061055615576923,1.0,0.0163870840775484,2026-07-07,64.0,14,0.2764458373745722,0.1023800161425285,False,False,False,0.0,1.0,0.0769230769230769,0.0354916530740608,1.2607746404215372
EQT,Falling Wedge,bullish,1,0.6997126123586526,3,30,1082,1083,2021-01-05,2021,0,13.194259250649694,12.739185453727856,15.051560028468783,11.414917723307504,1.7267987106082603,0.0357223622008477,True,0.1630203457470187,0.1385146712624534,0.1455197527835312,-0.0040161876578064,0.014674962222567,0.1483580668774926,-0.0060204528482877,0.0069743552307766,0.0181438614129823,-0.0882147293112739,-0.0030023795606628,7.938797952355969e-08,0.0312818767041194,0.0138964608325193,-0.0149304027425059,0.0283986544554133,0.0157301437735777,-0.0781211998511337,-0.0161553452051003,-0.05072339412304,0.0228965995655685,0.0013087089544463,0.1537203742019605,0.1418491051822126,0.1034945127840856,-0.0024413133269503,0.0115442001587859,0.0276713472891569,-0.0173134475578529,0.1471696490017993,-0.172561367414898,0.0385797922515029,-0.0359976400267751,0.0816214369849952,-0.0228109987554719,0.0647021926784505,-0.09248136891848,-0.0741018179776635,0.2429435696983741,-0.1383976209026215,-0.1021785719805251,0.0540838278119994,0.0137256003429164,-0.0427349348926331,0.0406601561223967,0.1407649706528873,0.2180666698637472,0.1852301848799484,-0.0143633058283075,-0.057877984291725,0.087722386471464,-0.0081132299156049,0.0779220865647161,-0.0435903620276251,0.0923336428778347,-0.0766211308616723,0.0179083250942919,0.0545453608152133,0.0093417021657096,0.052214591825896,-0.0451424420708901,-0.1243236505698092,0.3741493524641015,-0.148210432631341,0.0191238232667172,-0.1062396540986473,-0.0870113231177823,-0.0623009088402672,0.2174933274991336,0.2921667346354581,0.2732599749958209,-0.2275508378764865,0.093959544717824,-0.1027144684098319,-0.0900988529609545,-0.0825070472621212,-0.07025008992817,-0.0804381329341827,0.0824524619890112,0.2697762851116023,-0.0230885547822454,-0.1282786917321091,0.1495435677782297,-0.1283652251440143,0.0781583788895412,-0.1369962748811387,-0.2611111638019544,0.0198589198484846,0.0271967900955081,-0.1067741521996261,-0.061391614434037,0.3310976925312917,0.3380377558592047,0.2509098785422936,0.0054373369743723,0.6177609938360136,0.2428469285736503,0.2661050743563871,0.062538306363381,0.405551064885274,0.3868614239317236,-0.2235853874100597,1.155101935183343,0.0615375761681267,0.0320604528364583,0.0346879070181325,0.0538344051567818,0.237872722848798,-0.2293681480791497,-0.1515214115371057,-0.1469792722632059,-0.1346080003541916,-0.1319225047245453,-0.166355652057107,0.2191449682738508,target,1087,5,15.051560028468783,0.1407658241767257,0.1651375429511619,0.019760037506254,1.0438135396038046,1.2245358860181912,0.1465255846917228,1.0438135396038046,1052,0.3496654728227727,7,0.0857677221349395,0.009427470001968,0.1410347072843416,0.0,-0.902763382579626,-0.5530979097568522,1.4785594633357884,0.1590448289438713,12.739185453727856,11.414917723307504,15.051560028468783,0.6923691340246115,0.0163049104139447,-0.0221071691417804,0.0529609137005333,-0.0021324038321832,0.3786408576026317,0.0253539841346801,1.0,0.0082814092415661,2021-01-05,54.0,5,0.1649416231718776,0.1306844155646873,False,False,False,0.0,0.0,0.0,-0.0078259004582967,-0.1034154986289423
EQT,Falling Wedge,bullish,1,0.7321997019816511,13,137,1646,1647,2023-04-03,2023,1,30.482528062333408,29.87149179454065,49.23464782528888,25.05948800554191,0.7926267703053383,0.0204554989083081,True,0.042420115824121,0.0470360879227848,-0.0395982166755085,0.0148569005372416,-0.0476938045349056,0.0188580028587075,0.0767283108822896,-0.011458656170349,-0.1124999351789841,0.0169629391081336,0.0693430919150628,-0.0021333813511045,0.0050251341906568,-0.0175361401719333,-0.0077342298302117,-0.0308953490929365,0.0033626871767695,-0.1218910449705613,0.0328142925359697,-0.0377935468667214,0.0438532180964024,-0.1127819621211078,0.0554307003072756,0.0389893004625061,0.0326971264975062,-0.1540696452858955,-0.2344021157843194,0.006603036334245,-0.0092923832042368,-0.0490879426166223,-0.0142039612578536,0.1170508269119885,0.0052439726121686,0.0129846007636758,-0.0471192776231523,-0.0158173158818948,0.0947050000919094,-0.0598130311183447,-0.1799283369982666,-0.0101308562532754,-0.0250709550156541,0.0381800576299946,0.0524527675583244,-0.0166759983001991,-0.0620404338468463,0.0665109000267188,0.0240176677360981,0.0259126089438429,-0.0323723658591327,0.0571155664137912,-0.242770463935524,-0.1210564995945631,-0.083149563712867,0.0429944757674489,-0.2773706332259739,0.0353333148635681,-0.0393747154949629,-0.0566546350793739,-0.0438421789127054,-0.1238616313912217,0.0390623916809136,0.095544643312307,-0.0304281333078221,0.0458711803659168,-0.0869227814352233,0.0102746517512537,0.0102260363815105,0.0068363492607093,0.0637449173436957,0.089590416879679,0.0744551049367971,-0.1212121403259146,0.0074169158081316,0.1119348739465464,-0.2305246703582785,0.773936662207257,-0.0003050193156775,-0.0045782799837166,-0.0679168283427706,0.0950915756788588,0.0709884626111692,-0.3912020298739256,0.0135238716422698,0.1053069790896701,0.168433844859984,1.289134712379167,0.2309618319443904,-0.127960611605874,-0.0430006865087103,-0.3375652088003511,0.0956208946891215,0.0076861593926117,0.2860742075320164,0.2177650532444077,0.3168365104904551,0.113053663818528,-0.144994538710848,-0.0111740498772904,0.2817231967612206,0.0319241649675821,-0.2226490567392677,-0.046277644235947,-0.0497518058217988,-0.1777248945961266,0.1949241204824838,-0.1437312588667724,0.0601600776559154,-0.0984210352510964,-0.1729027033420412,-0.3842795131881488,0.1380210444844889,0.0790099740467928,0.027132827541463,0.0304129132406949,0.295009607889002,time,1706,60,39.20279312133789,0.2860742075320164,0.2870142819825645,0.0380537216579926,1.6080030698065249,1.6132871624039284,0.2138973022821954,3.4578611934594514,1508,0.5464675718934202,6,0.0672408128082393,0.9545236093881342,-0.1999624456281971,0.0079365079365079,-1.4725209324698094,-0.92605336057639,0.6696484952670515,0.2514170007857479,29.87149179454065,25.05948800554191,49.23464782528888,1.3216074906071194,-0.1670605233715798,0.0071784685863538,0.0437107146520307,-0.2132657982688887,0.3081755574189168,0.0291444994307477,1.0,0.019898604500026,2023-04-03,18.0,9,0.0408711826223386,-0.0222975751179144,False,False,False,0.25,1.0,0.125,0.02102673725033,-0.0308782289632858
EQT,Falling Wedge,bullish,1,0.7603430634308261,8,77,1872,1873,2024-02-27,2024,6,35.44704131627465,33.39711682918096,44.27020437732779,30.94003984855391,0.9636003784568608,0.0613802831417638,True,0.0359970459218987,0.0323361982399927,-0.0039961878903901,0.0136267751906264,-0.0066427081686349,-0.0666072439100723,0.0306226829609839,0.0094386488154649,-0.0105796959622435,-0.0101309758035208,0.0167750083847388,0.1786821458502405,0.0270624845015701,-0.0147394045857843,0.0186442881282804,-0.0970587894526141,0.0326171033793889,0.0219082544980184,-0.0075809927535451,0.0378464420610165,-0.0074597120785572,-0.1221820788429204,0.0339847437057964,-0.0586308395065273,-0.0812892940492404,0.0331658293286427,0.0827688396334729,-0.0201339882531171,0.2450953808374936,0.1166276398859105,-0.0442448287155651,-0.0136326007222516,-0.0392156161739061,0.1082901285310542,-0.1825308077327687,0.0103776002103375,-0.0381451328975896,-0.0744956491947721,0.0180602265298517,0.0054231126614949,-0.0292064310904406,0.1576086247834003,0.0717359098240768,0.0002047760881687,0.0246853927423211,-0.080252759820318,-0.0469048050245203,-0.0767702223347476,0.0213133059367012,-0.1108881882028941,-0.2251137418839525,0.1095817643347443,0.0694789427294446,0.0501416841438668,-0.0631699873673232,-0.0697556428256478,0.0706769024649569,-0.0390925852744973,0.0409979786888141,0.0484959149576054,-0.1828179223838246,-0.0283175980622431,-0.1047438770871427,0.0262801789187268,-0.0057277838048654,-0.1256776817462424,-0.0026903470684563,0.0435442484471264,-0.0230305832702651,0.0752660945207637,0.0720003006062302,0.1375644666658972,-0.1458291078883032,0.2089151231818311,-0.104029448811765,0.0101161863221252,-0.0449410148342521,0.126587829899947,-0.2742211222302571,-0.1206641334664969,-0.0701236702674981,-0.3079545662916461,-0.0466848027864935,-0.3150428588773251,-0.2144614801694898,0.2469710401493847,-0.0249917273500752,0.1089325920256913,0.043658726039546,0.015916639618172,-0.2874258715807674,0.1281514545533524,0.1281502829631611,0.0764096498226716,-0.1838715183226174,-0.1636661414232082,0.2251223388610463,0.2821811226286406,-0.0672808223216692,0.0079855549565048,0.2428469285736503,0.0731404915538647,0.0584940183284092,0.011520362820774,-0.1795567229658727,-0.3625340337332463,-0.0280273371764592,0.1885786713403261,0.0280797998759509,-0.2773029560430079,-0.2201260584562726,0.1060322865459557,-0.3314843835033523,0.0087474353264689,0.1572063311198668,time,1932,60,39.98958969116211,0.1281502829631611,0.1620962251735541,0.1003542287625118,1.0078870414002097,1.274867920964953,0.789274314349535,1.95765701969366,1789,0.6029271731785331,7,0.0936610714315552,0.0800123518485911,-0.089585103863029,0.0,-1.642191019019978,-1.0392638458414405,0.6154952328505295,0.1571435597529833,33.39711682918096,30.94003984855391,44.27020437732779,1.345848737456384,-0.0653464386998018,0.0014727910577425,0.0381238109001034,-0.1240499803971345,0.1460687160320307,0.0111595627176013,1.0,0.0318766805151213,2024-02-27,24.0,21,-0.003269573844233,0.0373214409076463,False,False,False,0.25,4.0,0.2,-0.002331835504972,-0.1675742432417027
EQT,Falling Wedge,bullish,1,0.6397547288369736,5,31,2253,2254,2025-09-04,2025,4,50.96916817419377,51.56466700090175,59.155694832827976,48.026453252968,1.1347657412963124,-0.0115485828056945,True,-0.0118285702599615,-0.0212687984936629,-0.0668466060137052,-0.0936944565440914,0.0250920439197546,0.090058519887217,0.0441540444333752,0.0161592597149413,-0.0781211998511337,-0.088143221223515,-0.0999999251389556,-0.0584577626346636,0.0295918223101736,0.0004834136101512,0.0637191041797338,0.0727538455817775,0.0483817216002833,-0.0007974891013486,0.0437500952053739,-0.1491017060153547,-0.0160738877776945,-0.0303188513851829,0.0005419915021816,-0.0422726264810163,-0.0588197882740367,0.0233858621648461,0.0070529754977424,0.0628340740568664,-0.0060119586141205,-0.0075949145424406,-0.0473536499588893,-0.1547760638511214,-0.0905842126265326,-0.0551445579991565,0.4316309508258433,0.026576459080229,-0.0659271113169769,-0.0373520401992288,-0.0461775449954894,0.0274808434926387,0.1149059454836602,0.4262364154435571,-0.0410640084988787,-0.0620754313868052,0.0576107571738122,-0.0704552659424941,0.0812487928810845,0.0511705418639918,-0.0418705849531989,0.1144832943129492,0.1965390917878493,-0.0013547377912237,-0.3428513152158081,0.1553013268988654,0.1198964656494567,0.0668788949226388,0.0577001892206399,-0.1755180205249287,-0.0600841183815162,0.0656858411312231,-0.1066758508466043,-0.011206729157143,-0.0993788429801036,0.0892023576921454,0.0019645492180824,0.0750889462461577,-0.0458312540174584,-0.0488751132747395,0.0807940733842203,0.017064210296668,-0.0293452960573232,-0.090476263862481,-0.0966379053853422,0.1120094546810459,0.1425907473195979,-0.0249018169449097,0.0349192207834818,-0.0297181708032099,-0.1433768702927265,-0.0727128289350572,-0.2665642141829316,0.0330489397248727,0.0950915756788588,0.1822552784154645,-0.0536290967501513,-0.0918411697953692,0.0966214792132584,0.1032641261903952,-0.1081736056137334,0.034613470252869,0.0357977801366271,0.02245520380514,0.1836404710563057,0.1317513121433757,0.2022140133457715,0.0325517107786295,0.1602667020236876,-0.3355952287194055,-0.0984178278274747,0.0688960051312752,-0.020619547768736,0.2061646487489616,-0.0034185735170828,0.1154823988087174,0.1539626460101921,0.0553631439991597,0.2125782384283461,0.0667281226553975,0.1216988530919829,0.0120629602882484,0.9249506565367718,0.1105851153765373,0.1804907687428805,0.1944054848743688,0.0656229565058943,stop,2261,8,48.026453252968,-0.0577351961320745,0.0191972002876311,0.0601123956910922,-1.0,0.3325042880899858,1.0411741834838422,2.7819638931331325,2218,0.5417021009716604,5,0.1257228451896716,0.0444758467572299,-0.3866161423515905,0.0,-0.9140432070222216,-0.3723411060505604,0.7864836295595171,0.1378280316499269,51.56466700090175,48.026453252968,59.155694832827976,1.546060826589604,0.0117051242952834,-0.0351690961188861,0.0301985722907536,0.0395545535911734,0.8321169915658938,0.00387978441364,1.0,0.0258225884282317,2025-09-04,8.0,6,-0.0269173514303064,-0.0400766321043197,False,False,False,0.4,0.0,0.0,0.0167891989596131,-0.0981548142342396
EQT,Falling Wedge,bullish,1,0.8051218548176894,3,38,2348,2349,2026-01-21,2026,1,55.01591648119998,50.61747501864818,64.87987269971313,48.74576067204481,2.810141655028987,0.0868957106400774,True,0.0082882973256386,0.0002141782106752,0.130817962519719,0.025849036450656,-0.1330334025463423,0.0087960770908765,-0.0916007685281947,0.0612597800635488,-0.0674242847573506,-0.0147394045857843,0.0147960555740853,0.0391394139117342,0.018069841082426,0.0061439725038128,-0.0067295690721992,0.0935345279853423,-0.005116591597276,-0.1004457174551538,-0.0285452769127217,-0.0375552705305421,0.0458153873704882,-0.0401386565216139,0.0123436417233631,-0.0018017087471707,0.0035038100718643,-0.0086488614658269,0.0034014452155608,-0.1019948934610952,-0.0338122192514009,-0.13099856859892,-0.0154726527722616,-0.0493323655762587,-0.003167005236798,-0.054472700546906,-0.271764810961158,0.0244159335939115,-0.1092822155196072,0.0846560903743911,-0.0310280646292938,-0.0709505536099963,-0.0008543358343818,0.0657227241264766,0.0989910070594597,0.0947050000919094,-0.0194428557635296,0.0246647863911154,0.0799726944717655,0.0877570539650456,-0.0105035613875544,-0.0557209640565716,-0.2122900400713153,-0.0274230718604214,0.1232076192022186,-0.0379920138426053,-0.0469048050245203,-0.0288218031566181,0.0501416841438668,-0.2196263992408444,-0.0955832293347407,0.0521352632729832,-0.0315888052985576,0.1299257008958405,-0.0233285481923785,-0.1083950905979213,-0.1817026648107907,-0.0660632830077733,-0.0751867588052109,0.2350314546298857,0.111507160298917,0.1686906116519793,0.2122508976584016,0.1357362011405365,-0.2542015391026953,0.1348648681301931,-0.0734934699413414,0.1569899104265075,0.0491274616812782,-0.1282813875470253,0.01678046510951,0.0337978721408338,-0.1687254335885237,0.0038857717441203,-0.0989552557742451,-0.0752496500489917,0.1992613136687016,-0.1778966360159203,-0.1398754331719045,-0.2066526339187787,-0.004050304833484,-0.2472213368928514,0.0311503060442159,0.2093410571894725,0.0566639407595925,0.02444040415202,-0.170819887358672,-0.2481334709600775,-0.1062620621533219,0.1570226929228593,-0.0825285081496606,-0.0272633866984807,-0.1759350035024002,0.1208164429413363,0.2470713967670674,-0.3365869544586157,-0.1407301685686853,-0.0825732384172603,-0.0638583387916111,-0.0198847564697537,0.0037782685786842,-0.1693766874311435,-0.4394406381752753,-0.0681975198036732,-0.1261348805841273,0.1337009158340285,0.1364307299835317,target,2383,35,64.87987269971313,0.179292772881169,0.1802544874520457,0.0324323941836254,1.5731596660023357,1.581597990363088,0.2845699443523248,1.5731596660023357,2309,0.7724591469068876,7,0.0767600091214714,0.0258068057475235,0.039666613053416,0.0,-1.3328025350128507,-0.5603433881059541,0.2264317470329795,0.1793274934850862,50.61747501864818,48.74576067204481,64.87987269971313,1.974059304696228,0.0153044468892966,-0.0201159013143547,0.0363200590883589,0.0151100327973128,0.8675224194960373,0.0304973264757055,1.0,0.0070673563507306,2026-01-21,63.0,7,0.0963421887089577,0.0627321101408928,False,False,False,0.0,1.0,0.1666666666666666,-0.0517508127005512,-1.231150941995239
EQT,Falling Wedge,bullish,1,0.7411267758999471,3,72,2458,2459,2026-06-30,2026,0,52.834281059308296,52.01244627813412,68.87459876878756,49.44950819141224,1.5782233138592603,0.0158007330933724,False,-0.0347169809119556,-0.0352539264341871,-0.039857084619009,-0.0449458964831879,-0.1540670628633751,0.1228068222809537,0.0371001773273407,-0.0060349367490512,-0.0126824588864453,-0.0187155332936271,-0.0824995973488027,-0.0214762439366001,-0.0207429831893366,-0.0211608079106556,0.0573835284990209,-0.0333966230233647,0.0749688361748686,-0.0305920890479106,-0.0022420990756927,-0.0169025891850395,0.0109589158161398,0.0280874253081773,-0.0260164659016757,-0.0707547542669875,-0.0839225362248314,0.0758378137602167,-0.0995017157212563,-0.0380864342474808,9.029206493593732e-09,-0.0359976400267751,0.167376032378516,-0.2020973981999878,0.058518643529593,-0.0297586257634491,0.0082795712568153,0.0756445222131969,0.0604485376840502,-0.0045462961843313,0.0755696355114305,-0.0498241957454036,0.0332095374245045,0.0641691970530655,0.178896631541563,0.0391044707889929,-0.0984910648932033,-0.0846923158364507,-0.0081132299156049,0.0127458009935813,0.1328502851680455,0.0219102393280465,-0.0257265659964456,0.0055490527420865,-0.1428569010834329,-0.0805370299260781,-0.0230106332465029,-0.1311771631461391,0.0885087395234489,0.0335291012507139,0.1117727755870152,-0.0771233121212627,-0.0817626964254811,-0.0068654768263085,0.1639979619291229,-0.058091615896898,-1.4988529262183192e-05,-0.1101520586202293,0.0301624177702581,-0.0387710975094118,0.0012772183858308,0.0370161156167467,0.0087207906639363,0.0719834379609782,-0.1156985507783372,0.655612147640044,0.0978478455924982,0.2750236940053827,-0.0242884586623628,-0.0364649548227178,0.1362563103034662,0.0986467250054285,-0.0890149471009132,-0.0363937739336854,-0.003103813156958,-0.2636055377731336,-0.1336570794942091,-0.0249917273500752,0.0538728985878731,0.0307957224796033,-0.1351719330684857,0.3666590181955174,0.0160251510339548,-0.0100004931164466,,,,,,,,,,,,,,,,,,,,,,,,stop,2465,7,49.44950819141224,-0.0640639524193872,0.0047169811320754,0.0954717511993621,-1.0,0.0736292556724608,1.490256963453759,4.738964277815711,2386,0.637680930922602,7,0.1986875543177353,0.1627067142659184,-0.2409273518210817,0.015625,-1.5613761223710352,-0.9236951914484256,0.3721595825894231,0.1475392491386293,52.01244627813412,49.44950819141224,68.87459876878756,1.3514740484687866,-0.0565122747632089,-0.0397053761063024,0.0254977081739587,-0.0085272592291941,0.632256524350027,0.0061538414436299,1.0,-0.0129803329852635,2026-06-30,63.0,7,0.2140525070262522,0.0926653387813871,False,False,False,0.1666666666666666,0.0,0.0,-0.0857103468338124,-1.4654742347895822
EFX,Falling Wedge,bullish,1,0.6133893798847414,3,45,1286,1287,2021-10-26,2021,2,259.987938265441,244.57472103319617,276.5641787549175,232.99926976175615,1.8430428668788876,0.0630204837488204,True,0.0148994008860796,0.002959435599148,0.0115874995828169,0.0099211032158166,-0.012620823739474,0.0091198945054193,-0.0477706405220628,0.0202338307664147,-0.0221696388844596,0.0096783014183403,-0.0336399142000943,-0.0022128625544193,0.0225432321502716,0.0284355474629973,0.1516492863330576,0.031142668338765,0.0105402760224266,0.0394798445882464,0.0565060358970777,-0.0184781526552797,-0.0701629763475324,0.0051264341467105,0.0049539536098277,0.0660305711915874,0.0420847697214019,0.0952341733045636,-0.0258791533957197,0.0662331970930445,0.0476145303370945,0.0625388440795686,-0.2343033311307849,0.2261859938160402,0.0246468203603744,-0.0266735878519077,0.0532665909320821,-0.0986188456822632,-0.1264959606666568,-0.0313078647256123,-0.0339841388148516,0.0047635704865713,-0.0352537748644686,-0.0948567568678531,0.0410897789604052,-0.0564360898186185,0.0726889966710724,0.0695079215804833,0.0475558982097663,0.0218356402840349,-0.0056311406496383,0.1004674264211507,-0.1817325210104259,0.0308036891573912,0.021853249539919,-0.0150714858342189,0.0045510319221644,0.0469778839854346,-0.0094737070268363,-0.1244714329655792,-0.0633120751795642,-0.0083592739293387,0.0355995406696028,0.0228232369171605,0.0975823062904488,-0.0521938671139746,0.0337955148154032,0.0126398173463793,0.0229638045385429,0.0202137853933346,0.0480546090453985,0.0492221178981662,0.0209975125673624,0.140162379032805,0.054321636139186,-0.0777171594139065,0.0292399712737532,-0.2349718835661172,-0.051073372874888,0.0345005484385123,-0.0941917452425269,-0.0385424764333994,-0.1432235391308525,-0.0088368235786682,-0.1120469816774104,0.0809290950624015,0.3967499896919044,0.0580235312497368,0.1187114725984233,0.0364442476178936,0.0669720252696115,-0.0926164372900378,0.2785227678959727,0.0271542556450465,-0.1645466492076661,-0.1274533591013503,-0.1438168607003417,0.3513010492728321,-0.0922030837294352,-0.0360080507669053,-0.0931492526095398,-0.1210416452910904,0.0845992732197105,0.2031097369258183,-0.0264064422117848,-0.0452037928770862,0.0862060257507684,-0.2696379600454055,-0.0763530779760011,0.1285339083310064,0.1322390521385681,-0.0236230257949539,0.0732861764421539,0.2330769785998714,-0.1907938442903578,-0.238616890351982,-0.1613215629094584,target,1296,10,276.5641787549175,0.0637577289164568,0.0784159806574359,0.0165631869430623,0.6141926003949882,0.7553988495359059,0.1595569201142292,0.6141926003949882,1239,0.6458569936399328,5,0.100465804139617,0.1047168438057641,0.0235329129135946,0.0888888888888888,-0.9172831056129852,-0.2714261119730548,0.513923031578866,0.1372792583134023,244.57472103319617,232.99926976175615,276.5641787549175,8.065914847203278,0.2041217011240579,0.0235769149472164,0.0309680952140829,0.195766690940067,0.3189400609752438,0.0059319345214405,1.0,0.0512772542888135,2021-10-26,40.0,15,0.1790460263848297,0.1480186500561169,False,False,False,0.0,0.0,0.0,-0.023798435036337,-0.5935710308004851
EFX,Falling Wedge,bullish,1,0.7038116672562311,13,140,1460,1461,2022-07-07,2022,1,183.59362413297453,180.74109342293585,287.8942848165178,162.54174421950825,0.7291095155172825,0.015782413705796,True,-0.0031048684167321,0.0210643456059546,0.0217333298387567,-0.0174017826661668,-0.012620823739474,0.0200604155593391,-0.0218728090757016,0.0182691333157734,-0.0402858701008633,0.0007698669561571,0.0205426875220078,0.0856808366549921,-0.0193223983080691,-0.0763247384231909,-0.0140454716784905,0.0181369997712668,0.0464561372156937,-0.0167331268421272,0.0038561027533365,-0.0382621637711474,0.0069852642702945,-0.0362131374819706,-0.0005752910052529,0.05552357935717,0.0257769586849674,0.0147659798704105,0.0107812038373928,0.1379663728123981,-0.0004448591248262,0.0421661768315382,-0.0125680675277801,0.0031793912768758,0.0553875243852428,0.0361745150125534,0.0195716481196093,0.0148231718392253,0.0479951828487053,-0.0392073275841244,-0.0601878739811705,0.0092492419949647,0.0233597614632257,-0.012704216584625,0.0436379465830252,-0.0607354556195773,0.0233597614632257,0.0406950754613555,0.1251512035547959,0.0556904092536725,0.0021081453676752,-0.1817325210104259,-0.0310110865040623,0.1186104675995054,-0.0658950220603886,0.0328860123750642,-0.0953985604396362,-0.0020533338898639,0.0640767880807382,-0.0136979853509832,0.0723837679441754,-0.0669463343374562,-0.0602588295540366,-0.0305861731992445,-0.0540681923832878,0.1634089296772494,0.0223027736801388,-0.0941703052552513,0.070865086893461,-0.0222286767750904,0.1337214560118819,0.000210459654041,-0.0234164466792636,-0.1758760411461964,-0.0500115865999435,-0.0434730929006311,-0.0003268730701601,-0.0289472222475929,0.0003433438018329,0.2933245162215356,-0.1250057070812049,0.1419877827870228,0.0647232476529506,-0.0640322603922558,0.2933245162215356,0.1372899464137222,0.0453824094118007,0.1095290645116306,-0.0089309382382348,0.1650855683722136,0.2222431903862487,0.0971042740248204,0.0768055038616331,-0.0573165224454952,-0.0959290676928493,-0.0220198729543741,-0.0811641268894948,-0.0265202221766981,0.1239862167884651,0.0418123556555927,0.0488521143740143,-0.1188257685618284,-0.1716376712428512,0.0070484479002368,0.1751933490729189,0.0097341067937197,0.3136835520386056,0.0111351365431549,0.3097137640426437,0.0332780803963024,0.1223860232005331,0.010711177767978,-0.0248665839807932,-0.1780158928985507,0.0217165213766206,-0.0320140993438508,-0.1257393917356853,stop,1519,59,162.54174421950825,-0.1146656372893356,0.1737803577254713,0.1232468695036062,-1.0,1.5155399807090553,1.0748369992713471,4.954458276993361,1319,0.6827678204984202,6,0.066059262376665,0.2897494789084482,-0.0263578988914056,0.0310077519379844,-1.3631191372138058,-0.680351316715386,0.3390872956172513,0.2513639115074298,180.74109342293585,162.54174421950825,287.8942848165178,5.1714150562885255,-0.1961161939700314,-0.0095943289420882,0.0280231919954123,-0.3287293887898818,0.9177633890478284,-0.0004764677049706,0.0,-0.0603013766132842,2022-07-07,46.0,21,-0.1666718081604714,-0.0814271420063319,True,True,False,0.8,9.0,0.45,-0.0229889904105228,-0.2301361519154773
EFX,Falling Wedge,bullish,1,0.8517803646161074,5,36,1636,1637,2023-03-20,2023,1,196.6512638474124,193.85540938360168,233.8080329636716,182.18540901094377,1.834611609901494,0.0144223701195682,True,-0.0234270936917987,-0.021539211187977,0.0136030155029582,-0.0189385679925753,-0.0505694039008443,0.0525245563930185,0.0690407016636638,0.0759346110790668,0.0911837023772177,0.0412199287973384,-0.0701629763475324,-0.0234270936917987,0.0095663566892851,-0.2001131818630779,0.0177652446307259,-0.0275866191278312,-0.0358643904627011,-0.0454909551218448,0.0073533825266878,0.0285816767844548,0.0278924785600749,-0.0023834709890323,-0.0214335434671614,-0.0004448591248262,-0.0349580477826538,-0.0409736204538346,-0.0018619614585384,0.0152609229277353,0.0256250957548223,0.0216138624706567,0.213134827209446,-0.004496593405975,-0.0694670643469648,0.0729476133932764,-0.0721784889096517,-0.0715937046099783,-0.0250273097029466,-0.014916623739438,0.0458496202633258,-0.0752076421427579,0.0111268683861014,0.0127560940094011,0.0872580655365415,0.0304696707891949,0.0121657206401313,-0.0090691267553536,-0.0372162482084459,-0.0799360698532598,0.0187996901955986,-0.0536171228828127,0.0672091109455272,0.1024998900810201,-0.1160366160985885,0.1137811368846573,-0.0328639809599361,0.0017755885609136,-0.0118078391587259,0.0454408275337738,-0.0279130004426942,0.07574502795388,-0.1103286183497282,-0.0358686894890196,-0.0742704623529567,-0.0405260288769075,0.0010063505546211,0.0994558457604641,0.0157429014586842,0.046446095690021,-0.0414497535588355,0.0039537407999936,-0.0287973104792194,0.2499285273413962,0.1629792659953723,0.1493241553866851,0.0922514642648335,-0.129752582144202,-0.0941917452425269,-0.0775528708254185,-0.0747847956470111,0.1378489395583177,-0.0623339204509026,0.0539373720853681,0.1430694070229661,0.0598111073574683,0.0261456993107731,0.0626972763869191,0.1690347668875436,-0.0113747401639124,-0.0737430057321538,-0.1104907193636854,0.1989267688784219,-0.0396327777453189,0.1374351246637744,0.0368913284138856,-0.2057937957780506,0.125556815638874,0.1689828917362674,-0.0024745313114411,0.1980754463461271,0.1951413797765144,0.0687045847106253,0.1543190579056375,0.2725502723936956,-0.0137112235923285,-0.1717941101592022,-0.042418738573258,-0.1818360764772967,-0.3053260720220134,-0.1059710641536045,0.0753082630318537,-0.0184163125593681,0.1718030728475517,-0.1227170782985992,-0.2053987230239365,0.134705921741872,time,1696,60,223.6780548095703,0.1374351246637744,0.1552113982817431,0.0550091232888627,1.8683162016822537,2.109969855267812,0.7478032746894178,2.568584403500752,1599,0.5452564305482652,5,0.0021158112739845,0.1107099133672524,-0.3377337321824893,0.0,-1.176436831154107,-0.6311804006058364,0.6302217435475023,0.1445254836853833,193.85540938360168,182.18540901094377,233.8080329636716,5.47684048421061,0.0372262851983522,-0.0438716937440849,0.0280515547117702,0.1004135867962519,0.7930137739238917,-0.0022898736897707,1.0,-0.029507695939129,2023-03-20,42.0,7,0.1230553372311273,0.0397992026731148,False,False,False,0.1666666666666666,1.0,0.1666666666666666,0.0223749391914816,0.3785508548088138
EFX,Falling Wedge,bullish,1,0.7647062342817763,3,75,1794,1795,2023-11-02,2023,0,176.45328282807813,168.09961137274945,233.268730263037,156.8742008289613,1.171006694212229,0.0496947695899485,True,0.0193509025592926,0.0177349706566241,0.0069082792797487,0.0077675525607596,-0.0280111506624191,-0.0217748655352902,0.0031962991358973,0.002502062317963,-0.0295158541574167,-0.0260029024469574,0.0231574501450173,0.036865494932756,0.0137225348910274,-0.0764579828166042,0.0526042366690333,-0.0135209100309153,-0.0287220632767842,-0.0805065174554572,0.0377908246027161,-0.0156967335074494,0.0152877799276691,0.0191032879196648,0.0244160614346446,0.1078676140691183,0.0684116705121411,0.0148231718392253,-0.0135665479383674,-0.0054486189049886,0.0330187858751418,-0.0201231133700701,0.0352270145016784,0.0147499605526468,0.05552357935717,0.081800673767419,0.2315653576919867,-0.0037580042584131,-0.0122130878219036,0.0066272011532808,0.0276326529500781,0.0059487760508889,0.0293364526829598,0.0358536162780618,-0.0870292203523791,-0.0169117010784686,0.0337647638728419,0.0855265284266789,0.230353761900101,0.1704194980516331,-0.0283608379445492,-0.081114442636325,0.2154516920743718,0.0891593972616253,-0.0484865305698921,-0.0285168741121252,0.0276975513679387,0.01643194135972,0.0890310313496454,0.0062707317700192,-0.0332488911961379,0.2429585931008191,0.0845963514363135,-0.0333584759586212,0.0651039191139106,0.2692724587440869,0.2168737228407997,-0.0839747572044725,-0.0062832342870766,0.0975823062904488,0.1764994792600761,0.3286733603791616,0.2330316647842496,-0.2147839136958156,0.0415392541620562,0.162977969429007,-0.1418225178266815,-0.0493456719700384,0.0233444643031321,-0.1018812715055105,0.019142187750353,-0.1362060268493129,0.0859370470728282,-0.0267254078913481,-0.1507699021652614,0.0258393850956131,-0.1570102048951436,-0.218864356555438,-0.1746220343247522,-0.0841842767360856,0.0789957392566935,-0.060375775526545,-0.0463719578736598,0.3849327239164571,0.35343347379771,0.2340777490670607,-0.006175237476107,-0.2749412893886321,0.0675066224604916,0.0514508423852186,-0.0363217621664454,0.0395021181624741,-0.13746216172864,0.1063180772631839,-0.1629695665653225,0.0505613235182476,0.1927467781383778,-0.0366616061666944,0.0264800366375197,0.0505613235182476,-0.135542754680539,0.2475620113248111,0.0150710091462489,-0.0517059628047034,-0.1193520900008291,-0.238616890351982,0.3710329327364637,target,1822,28,233.268730263037,0.3219857773364027,0.3437953591439803,0.0096201474620987,2.9018442967612947,3.0983995952797936,0.0867000097887176,2.9018442967612947,1719,0.6606598750777182,6,0.1095792291387207,0.1772390162503885,-0.2055287251411037,0.0,-1.7378190413257302,-1.0771591662480118,0.4530926369443447,0.1556752794389675,168.09961137274945,156.8742008289613,233.268730263037,6.749628381943566,-0.1246746492000617,-0.0449613089211745,0.0388880679776053,-0.0946175837171759,0.9772120622050768,0.0189026614684675,1.0,0.0147467757670938,2023-11-02,42.0,7,0.0036779541413796,-0.0181759993513523,False,True,True,0.3333333333333333,0.0,0.0,-0.0164389782326663,-0.0813676657734275
EFX,Falling Wedge,bullish,1,0.6447753467551566,5,58,2312,2313,2025-11-26,2025,3,210.8290891376032,203.4108354550749,286.0663990835192,197.91319164385368,1.1655314556329208,0.0364693142621042,True,-0.0068629879902364,-0.0120477070243323,-0.0034091283348591,-0.0070893706582811,0.0240159493079887,-0.003463253592707,-0.2001131818630779,0.0358036586766823,-0.0243287235040168,0.0076512358907621,-0.0016064270069682,-0.0201715025167963,-0.0173683271946013,0.0129624904171949,0.0772997448301808,0.0177652446307259,-0.0136654522750809,0.0653200667061633,0.0141891233346407,-0.0193339381027077,0.0191032879196648,-0.0401884911853291,-0.0030316382642153,0.036946420119446,0.0247412598362386,-0.0263821616736719,0.020068848610411,0.001821606038113,0.0297171570070675,0.0174485595047162,0.1010480152950235,-0.1378131448622841,-0.003912964488502,-0.054084222909435,0.0455354343117906,0.1051297065097289,0.0237910210189027,0.0353020523628035,0.01838934594292,0.0186244871928233,-0.0748669219789026,-0.1120937633537919,-0.0618198331564676,0.04915662197906,0.0362101325860255,0.0353829213226295,0.0438091775425453,0.0269337259106803,-0.0988473287301895,0.0218854444240448,0.0631798045102896,0.0615350740891997,0.002370729428943,-0.0208087921479899,0.0149824783963752,-0.1293675262463691,0.0332981432550341,0.0002040060915127,0.0236267740670397,0.0205043298548284,0.0088449393032024,-0.0446446327816987,0.0829998987366678,-0.0742271390264631,-0.0488502062818811,-0.1157618808806179,-0.1165389155215808,-0.0613475134009239,0.0626572931855741,-0.0221397920162321,-0.0466457061147834,0.1493241553866851,-0.1092387552383648,-0.2769883057999742,-0.2435865334311948,-0.0017817082116504,-0.2464684263839803,0.0573221041057872,0.0671240734759968,-0.2022094123498725,0.1611598205929263,-0.0982364610184667,0.1153693809702645,-0.0383561990298056,0.0278042471701467,-0.0556667641729353,-0.2463914638877624,0.0541563716320421,-0.1503739181686976,-0.03612547467843,-0.3126961364942349,0.0471531782603438,-0.0687224715074328,-0.0897814810079378,0.0070484479002368,-0.0581319765374873,0.0572565307921715,-0.15481884941933,0.2234078772582937,0.4553331444981521,8.619666291975747e-05,-0.1163929263110326,0.1229579612248263,0.0242028322519729,-0.3076234669532702,-0.1132104438263459,-0.005818037695584,0.0500345642581856,0.0334326333704191,-0.0624412966550815,-0.2346296827790549,0.2897683618281708,0.1005299968218673,0.3752486042567922,-0.1030344950547739,stop,2355,43,197.91319164385368,-0.0612624071307333,0.0748800780703187,0.0616246427615327,-1.0,1.2222842943556789,1.005912853375585,5.825170878162052,2251,0.8663479946536666,7,0.1074650288532176,-0.1362576393092049,0.1036127569136375,0.0175438596491228,-1.4909823670251685,-0.6246343723715019,0.1144681436762453,0.2313257443819552,203.4108354550749,197.91319164385368,286.0663990835192,5.523090121153006,-0.1267975759484594,-0.060845909169285,0.0262019312587397,-0.1878637676834554,0.0062709270065955,-0.0068410554512046,1.0,-0.0112163674826599,2025-11-26,33.0,7,-0.122435520416482,-0.0727637657787124,True,False,False,0.3333333333333333,0.0,0.0,-0.0579376338660918,-0.8053463667278798
EFX,Falling Wedge,bullish,1,0.6608164361692394,5,69,2460,2461,2026-07-02,2026,0,171.99299836887403,165.29423477674231,210.6640357451995,148.12901684748363,1.147567116944072,0.0405262990640873,False,-0.0350745653887843,-0.0433685286519357,0.0529863752094108,0.007230813643698,0.0315061385679436,0.0004415970950062,0.0168296383336166,0.0176992328642844,-0.0078098092662699,-0.0111842746193726,-0.039021968415527,0.0171627837128653,-0.0422536641562512,0.0108060688167954,-0.0252877564121971,-0.0109861847281178,-0.0893924683437462,-0.0091308034706256,0.0185268131103628,0.0067822572818676,0.0567573092584787,0.0147345601684583,-0.0358943983213184,0.0266101809848324,0.0338890925938214,-0.1505861213883723,-0.0562973168828805,0.0670082048985452,-0.0344280306780404,-0.0559530998734938,-0.0201231133700701,-0.0079134961212291,0.0149080503623235,0.1227737104209578,-0.0343643631487041,0.0588077680448746,0.0265797915804122,0.031806485779301,0.01838934594292,0.0012837809775452,-0.0307766868271739,0.0089238050861839,0.111344205490989,-0.0883777865912175,0.0234601724219436,0.0262869156785917,0.0007535539380807,0.0030373386427881,0.1318147728706438,-0.0718018827141486,-0.0011644494180996,0.0490548653957347,0.2733399209835161,-0.0045012200179238,-0.0508726110617461,0.0639638447380945,-0.0128359953468418,0.0067867366697089,-0.0311494362398482,0.0239645012758176,-0.0094964465101737,-0.0243813382211893,0.0689359705286583,0.0807000799527315,-0.0610614498794085,-0.1165633942301255,-0.0409231538426638,0.0514492981349294,-0.0155093767153025,0.1267319622470895,0.0992057373621184,0.1168304173134247,0.1263794780037812,-0.0167866273666323,0.0285423205779868,-0.0319139327250709,0.0025145555906642,0.0497029940734738,0.1087305261279123,0.0133572243662281,0.0323342229319463,0.0860572119290215,-0.0266521470729274,0.0848806454278714,0.0478048226885889,0.2111748765657795,0.0769328578471584,0.0115004470549588,0.0197511930617269,0.1081277447082931,-0.0356444045957754,0.0760507409216689,,,,,,,,,,,,,,,,,,,,,,,,time,2512,52,165.7949981689453,-0.0360363518207632,0.1473127936662271,0.1013972776049533,-0.2597219661091824,1.0617159193674015,0.7307926293055944,1.620477175682642,2391,0.5527319037097356,5,0.0088706674739272,-0.2274287603614897,-0.0761660136712237,0.0,-0.8757359091640537,-0.3230040054543207,0.5994335863029002,0.2719265713627933,165.29423477674231,148.12901684748363,210.6640357451995,6.546084835795887,-0.1319702389650644,0.0388417122602045,0.0381530830544185,-0.2157932173982059,0.9812659801992916,0.0127644739910068,1.0,-0.0099984471487818,2026-07-02,59.0,8,-0.2264948148232878,-0.1301186711225407,True,False,False,0.8571428571428571,2.0,0.2857142857142857,-0.0264144851097747,-0.2391075581933359
EQIX,Falling Wedge,bullish,1,0.7720809756310959,5,36,1017,1018,2020-10-01,2020,0,681.381545038439,678.0738479720574,744.3587388311514,645.8433558151701,1.1288709797776286,0.0048780779206778,True,0.0785210484933944,0.0421025712268097,0.0097495123402915,-0.0296895379358667,0.0202188776524621,0.0244395257967302,0.0174399551542063,-0.0032498983115871,-0.0101856990022854,0.0035811653470301,-0.0165234208141378,0.0265976007660722,-0.0029723134305532,0.0615694241071884,-0.0237052329592449,-0.0432744659075396,-0.0175244093882199,0.0238505960348085,-0.0108295179364442,0.0061808070358533,-0.0231325493970034,0.0150808432874636,0.0771399853714333,0.0660014261018659,0.0183678948410994,0.0205595668994695,0.0129788136620068,-0.0167034746827701,-0.0406501966389426,-0.0520700564638189,0.0167296747049481,0.0263856220111231,-0.0601174533710229,-0.0009740872510238,-0.0259101623091627,-0.0136051643875437,0.0164100917082929,0.0579602634835545,0.0039733234918877,-0.008114071371436,-0.0749999143057039,0.1324239416759616,0.0302385922956087,0.0354751403566118,0.0108410484390106,0.0624598512045134,-0.0310055377117542,-0.0258202414321053,0.0206219914200349,0.2641200448770038,0.0935263619716677,0.0509982492143434,0.0925598083280581,-0.0352943557630714,0.0440620172965953,0.0641875316720872,0.1020292555281774,-0.0279374832747635,0.0932184500406221,0.0419126119463681,-0.0044788668740061,-0.0208189489794116,-0.0180700913284984,-0.0147261883358861,-0.075791624530827,0.0667644624039622,0.0038379619760879,0.0035623387646528,-0.0682197140294141,-0.080304898766202,-0.1766872518137925,-0.1457961039243029,0.0987905707621203,0.0231182298501162,-0.0713720992205261,0.0191086499114034,-0.0078650748282954,0.0006692626546165,0.0916017235312853,-0.0259308697288029,0.0663381678902963,-0.0536983454086592,0.045034830642872,0.2218859354519964,0.10236317323096,-0.1235768265557895,0.015851606782006,0.0300809206052818,0.0178576905205056,0.1001259111984664,0.1298670259637542,-0.1070276177326673,-0.0680162022545396,-0.1948069770970848,-0.1594933137946308,-0.0958818177917125,0.0007447972726914,-0.0631188458854629,0.1217664547955224,-0.0958103996942929,-0.0736163725824124,0.069844424433664,-0.0249434445633517,0.0623938908931096,-0.0693183659491918,0.0024369782722706,-0.1581336466676416,0.0972630945666901,0.1220764243569183,0.1084028720568888,-0.1232576298510124,-0.0262373468678785,-0.1296850015882207,0.1532570110572113,-0.0539506903779975,target,1022,5,744.3587388311514,0.0924257403965347,0.0931603653400027,0.0052853005069947,1.7720991184175945,1.7861842445859344,0.1013362330540618,1.7720991184175945,981,0.4698410690955769,5,0.0054890137658386,0.1005191881401028,-0.0897403281786628,0.0,-0.7475543639185799,-0.2777132948230031,0.7736494064630506,0.1097088797252564,678.0738479720574,645.8433558151701,744.3587388311514,15.147101350030685,0.1476625335924029,0.0024219712715092,0.0221151223205267,0.2363093881943467,0.7908905123205899,0.0054335113413215,1.0,-0.0539861443338701,2020-10-01,2.0,5,0.160171521008688,0.087431500694123,False,False,False,0.0,0.0,0.0,-0.0232423731129946,-1.0369674131328108
EQIX,Falling Wedge,bullish,1,0.7375354794338123,13,78,1100,1101,2021-02-01,2021,11,679.9526501970913,614.5377659183409,775.3949886722698,586.9194290442401,1.1795858876934546,0.1064456700736642,True,-0.0166823589240325,-0.0452875469542728,0.0274158395693016,0.0060816600963247,0.008814451031065,0.0070881731017684,-0.0457691210790131,0.0223765938955029,-0.0166823589240325,-0.0387064887008069,-0.0212253942600751,-0.0150112297212803,-0.0430819495800222,-0.0365055864908974,-0.0463578370480659,0.0109988053292273,0.0090907100088364,0.0204503507736382,-0.1046736804486894,-0.0265633615025393,-0.0426793849882403,0.0412757419055935,-0.0024991555724123,-0.0947253693342882,-0.1280455686637998,-0.0595654416036615,-0.0578620236173054,0.0351425723143088,-0.0559801917184729,-0.1440920140243686,0.005163110852032,0.0038848007680007,0.0579602634835545,0.0263192503042173,-0.0011708275867333,0.0226590251928131,-0.0040074243579248,-0.0174307124127536,-0.0524746534776896,0.012130394322972,0.020090257364836,-0.0258055465500859,0.0078112585614475,0.0357014656920819,0.0189667289147819,-0.0860973839553907,-0.1542917513819168,-0.1724400286463148,-0.0124180449540847,-0.0461578665819278,0.1752432422543046,-0.0437380402552265,0.0683743286558988,-0.0339037002436813,-0.004375002454394,-0.081276996789439,-0.0275823206630824,0.0637441211959353,0.0177846430752286,-0.0399446627252348,-0.0502935401329192,0.1205873393311116,0.0591038704474822,0.0372357011741619,0.0626625975057348,0.1155752095844597,-0.0248217605906501,-0.0022640402265262,-0.1719685052622744,-0.1083227947815896,-0.1514490748953418,0.0176175229449999,-0.0755401120199621,0.139704458877131,0.0448635894871201,-0.1301765631826597,0.03351589145047,0.0014043924281645,0.2639449285038708,0.0335424120793372,0.1496935706258286,-0.0245319393951132,-0.0949847254585762,0.0518073413965072,0.0916780721605114,0.0620843700492947,0.0913189342929843,0.1210829952570438,0.0790867760777229,-0.0171452468625701,0.0670524671946612,-0.153623751576928,-0.065327444682403,-0.1683619407030125,0.1095343746820873,-0.0053176374545456,-0.1454268896667742,-0.1205299566649866,0.0741211377297685,-0.0511607914449065,0.0194140329151624,0.1136439642449946,0.1696126096080827,-0.1359401763879594,0.1217664547955224,0.0577086737810705,-0.1656523980403761,-0.0427211211339083,0.1093461434761156,0.138419661357223,-0.0565296518025776,0.0628490307477775,0.1363773539846025,0.0077881915163953,-0.0851925949945414,stop,1116,16,586.9194290442401,-0.1368230877927816,0.0134983335762405,0.1576213472895343,-1.0,0.0986553789568304,1.1520084061269809,1.0258952371257708,1011,0.7609752756192001,5,0.0273442627577918,0.0886354744906052,0.3545601136114824,0.0,-1.2428086932500622,-0.4818334176308631,0.2804081887761028,0.1936212411521232,614.5377659183409,586.9194290442401,775.3949886722698,14.361038347438214,0.0435440855163267,0.0724641281098494,0.0212147029654828,-0.0298666097990456,0.8987873448834645,-0.002702764835796,1.0,0.0062851589235648,2021-02-01,61.0,10,0.0267384501257832,0.0717869654748921,False,False,False,0.2222222222222222,0.0,0.0,0.029325604746601,0.3974287815464324
EQIX,Falling Wedge,bullish,1,0.6338431601416442,13,143,1475,1476,2022-07-28,2022,0,646.0954879117782,605.2471538059742,781.0392753118801,536.3993649683183,2.6901491570140825,0.067490336549189,True,-0.0109686896939888,-0.0271376288191766,-0.0175746360907853,0.0306750218419322,0.0017601902995354,-0.0545654581908106,0.0269045577383311,0.0435025286576835,-0.0370345580964693,0.0158519950727356,-0.0716012275735253,0.0012861940624289,-0.0208429758953692,-0.0267643903768615,-0.017631643176644,-0.0113631652285364,-0.0176685943381522,0.0355145499163307,-0.0458991980050559,0.0455629138804207,0.0240821681046405,-0.0052588084140406,-0.0059154629033783,-0.0218806539939162,-0.052328805452001,0.0400875959683015,-0.0117378996621387,-0.0025814888712891,0.0174913345134399,0.067397904726955,-0.0144948296783123,-0.028395792011254,0.0051101511101747,-0.0014053814438219,0.071533719107196,-0.0448895230974297,0.0189667289147819,0.0094618883304407,-0.0127686905017656,0.0687669226627423,0.0736698212949726,-0.009494008282833,0.0425565627857627,0.0280470603619811,-0.0653063025705933,-0.0344814426767817,-0.017306433377807,-0.0465768608370893,-0.0080582123530755,0.010056853516466,-0.1186194338845741,-0.0216169452407897,-0.0717215994302409,-0.0715968062820047,-0.0596056190980429,0.0442522828542861,0.0063163532149546,-0.1037451262027495,0.0621649508528221,0.0045966349470776,0.0883673641898348,-0.0060209621920596,0.0096319394708939,0.1205873393311116,0.0796172602515972,-0.0199297968403452,-0.1056240994037983,-0.1594461164742093,-0.0012867464391647,-0.1546924188749719,-0.0611686502804543,-0.0231689787915987,0.0094205737605348,-0.0664672351651042,0.1560408739531629,0.1105963352005079,-0.0736211393407589,0.0429018644546488,0.0255754109979675,0.1279580130918922,0.196333351214025,-0.0458034879237226,-0.1511783333058676,0.0707515013844655,0.102467284655527,0.0776760790287511,-0.0231689787915987,-0.0848544141573717,0.0078300626404181,0.0301192495345763,0.0984892928435168,-0.1840872851391705,-0.2381072111259224,-0.1602025430059306,0.0067416152559536,-0.0079107209286676,0.1568311789220546,-0.0467199447899815,0.0076846539602235,0.1093461434761156,-0.1082560772035065,-0.0612947549026285,0.0261397289070097,-0.1201732421714276,-0.0126156241945594,-0.0965902183823587,-0.0215100854038892,0.0058202587976827,0.1217664547955224,0.1475785537047977,0.0658891082870378,0.0922510455078897,0.0917244032732458,0.0610000487028274,-0.2589923374065895,stop,1516,41,536.3993649683183,-0.169783143507169,0.0213010347783283,0.1790342382955309,-1.0,0.1254602449826175,1.0544877106010897,1.23016004375702,1332,0.4439658096071673,6,0.1319446044540979,0.0378213178612483,-0.0102292480722657,0.0175438596491228,-0.884080156187875,-0.4401143465807068,0.7798888407848061,0.2044784380308969,605.2471538059742,536.3993649683183,781.0392753118801,17.516742580188,-0.0178943673480025,0.0841584324184514,0.0268608916508235,0.0316093735245608,0.976511996941648,0.0410757214402861,0.0,0.0676498869975199,2022-07-28,52.0,9,-0.0039749203544211,-0.0182664440527523,False,False,False,0.25,0.0,0.0,-0.0027481593595974,0.2471462829868766
EQIX,Falling Wedge,bullish,1,0.7319291413141863,5,47,1645,1646,2023-03-31,2023,2,664.0924464664647,637.6011281982292,718.4246643769948,608.4223721599287,0.9539602478177756,0.0415484181201126,True,-0.0112146268868957,-0.0130735476452235,0.0413980188986864,-0.0316309717748334,-0.0048366658728441,0.0166751728508545,0.0355349939341711,-0.0107419904445349,0.0064746152971697,-0.0274137088396214,-0.0046987760642838,0.0475266651957921,0.0201441080792954,0.0023510536750301,0.0181302352335748,0.0086225091101403,-0.0075262550234074,0.0446243188370163,-0.0127312895779403,0.0248380331288933,0.0255866653793712,-0.0044055377525465,-0.0206106866003949,-0.0088344952503796,-0.0212841475027232,0.0179607028970227,0.0615152760793702,-0.0225965025413299,-0.0810192267676496,-0.0136331187276291,-0.0373623493533096,-0.0253647189561061,0.0265800175075006,-0.0765834064757037,0.0736556800597869,0.0199049170634204,-0.0451133720677884,-0.0206254628581775,0.0350637909781266,0.0512174581141666,0.0399318189129616,-0.0495610707278278,0.0433320727654797,0.0129794798336577,0.0346519020443718,-0.0110811896393967,0.0108646164013301,-0.0054248924377655,0.1077312364150981,-0.0151914840088628,0.0548086517013954,0.0015369416309809,-0.0153484164970064,-0.0284349709726403,0.1766407394958351,0.0460668073832182,0.0699390021373103,0.0701170802846316,0.0266979068167478,0.2435683806245623,-0.012913845266993,0.069839120085372,0.074143400692358,-0.0209838210935651,0.0626625975057348,0.0898008437361039,0.0025421906300191,0.0993387660764089,-0.0442634399675052,0.0332136085544121,0.0055018153427912,0.0891113255591111,0.0114524480262754,0.0358139225125138,-0.0452523233626238,0.0887321670685101,-0.1150702282230666,0.0374436091779739,0.0088316830444454,0.0927854079715455,0.0250468017658904,0.0112179138177896,-0.0159637060612919,0.0748080359709453,0.0353664235861963,-0.0702495387442859,0.0205885463596224,0.0371455325035823,-0.0876554630679337,0.1024882566470513,-0.0190923819151686,0.0173361869225579,0.0820109484378062,0.0106863725341954,0.0869466539502146,0.03350507042122,0.2431348397718424,0.0045795244593282,-0.0226824015456587,-0.0408184153091499,-0.0799580038938003,-0.0592678018979681,0.0363889388652016,-0.025128447252507,0.0975693351146238,0.0248353686845741,-0.16301628917003,0.2064595191257039,0.1371424888053924,-0.0059438302707152,0.0783293732310137,0.128494630986232,0.1391391969228073,0.1111213718972001,0.0354693922930299,target,1696,51,718.4246643769948,0.0818142386645466,0.0946429227967867,0.0534794421560736,0.975968122682228,1.129002447432978,0.637960233024497,0.975968122682228,1596,0.5938559790796721,7,0.1081245310340605,0.0955980955655768,0.1917591228824435,0.0,-0.9481914449859858,-0.3543354659063108,0.5764263487197366,0.1197716741658394,637.6011281982292,608.4223721599287,718.4246643769948,14.684459011230558,0.1043301054559722,0.0240659440140156,0.0219038476908479,0.2969141986769823,0.9094475299093177,0.003133690212338,1.0,0.0167308950854756,2023-03-31,44.0,10,0.0348751684539947,-0.0368347612048495,False,True,False,0.0,2.0,0.2222222222222222,0.0508314053524229,0.6598041014345797
EQIX,Falling Wedge,bullish,1,0.7121517173740698,5,47,1927,1928,2024-05-15,2024,4,770.9699995450261,681.5722619397393,863.1756291307047,646.3153915223829,3.2144832719847574,0.1311639903755221,True,-0.0335944296300416,-0.0335000470969711,-0.0246343318837489,0.0093480861133523,0.0314318568629248,-0.000993994575113,-0.0152730377341072,-0.0107419904445349,0.0233699325681566,-0.010256996125259,0.0269266532135319,-0.0154808674886771,-0.0572753002434545,-0.0465386599941693,-0.0195052635627356,0.0123895194104532,0.0666924865486948,-0.0179063287553881,-0.0015293247128861,-0.0312216369205173,0.0006083937531933,-0.0021243441836966,-0.0294586722223426,-0.059354088667522,-0.045634067245555,-0.0525621529179902,-0.0405333524250278,0.0438716174498128,0.049457389575461,0.0023458459477241,0.0204588989213256,0.008208309461658,0.0388746053579307,0.0471923776491784,0.047987040803465,-0.0074552031075572,-0.0154320328990777,-0.0584297791967532,0.0622541082440151,-0.0805250399288812,0.0188255820385829,0.0835313517448523,0.0621561171403237,-0.0115441279433803,-0.0214998990233159,-0.0692131715121393,-0.05197131821652,-0.0756939011343023,0.103371135974158,-0.1042629197219949,0.0621649508528221,-0.0640108365869068,-0.1481899252490651,0.0476063906889876,-0.0307697500347329,0.0774986785049243,0.0654036177885202,0.0538283300602642,0.0243812517252055,0.0751504982322133,-0.0452451378983043,0.0666928111113331,-0.0097355904679172,-0.0153484164970064,0.0155459229818499,-0.0194280635883615,0.005198872955316,0.0556385618220836,-0.0627458373491894,-0.0049037815901652,-0.0680531737876227,-0.0613646679758042,0.1804446018776837,0.1368086403813015,0.0930162565767136,0.100831499005032,0.007579713623997,0.1379701900537122,0.1474257820716935,-0.2246892269067623,-0.1060938305444947,-0.0097499610527845,0.1044675589230392,0.0540840510369449,-0.0333352687689093,-0.0317402949101081,-0.1595233743296829,0.0836522911138002,0.0743732532316985,0.014753450015065,0.1178694766991339,-0.0362427885962287,0.0129414233904441,0.003296894885614,0.1906235410936887,-0.0877605502256196,-0.0641472154572945,0.0236031680962169,0.0208046681134377,-0.0408394590671098,-0.065358664470188,-0.0413189181080007,-0.0329679950277995,0.2250422865844532,0.021957935665239,-0.1355154057515404,-0.0376818719238306,0.0612392833693695,0.0369709114519869,0.0588004813217619,-0.0404196922252437,-0.0691376909106997,-0.0267874711848102,0.0509284948556818,0.0105396315804591,time,1987,60,780.9474487304688,0.0129414233904441,0.018197317916841,0.0903327106972503,0.0800407569660824,0.1125476739978931,0.5586942274328879,0.7396888975731222,1876,0.4979927557456883,6,0.1247173476684928,0.1417371224074428,-0.0745513460092139,0.0212765957446808,-2.4761784993334865,-1.9781857435877992,0.965336629826652,0.082843751270965,681.5722619397393,646.3153915223829,863.1756291307047,26.35601670478795,0.0352379538811975,0.0299600816445835,0.0343248580730271,0.0729934646186682,0.8237108207329495,0.0132942528651167,1.0,0.0583958547847263,2024-05-15,30.0,5,0.0706225301956906,0.0278511208960094,False,True,False,0.0,0.0,0.0,0.0393808368946259,0.6818896552105876
ERIE,Falling Wedge,bullish,1,0.6999984386075566,3,30,645,646,2019-04-11,2019,0,152.50753156478055,151.7521597160186,163.40172334203183,145.89213025319836,1.138704783198914,0.0049776678643356,True,0.0209351664569215,0.0208660736537324,-0.0017789310752561,-0.0299686818854124,0.0263199313906037,0.0229518158332358,-0.0224947691702546,0.0227332625395351,0.0312398318988023,-0.0351780221734848,0.0480624666642097,0.0287210785838338,0.0002853162298885,0.010304447601336,-0.0126974691033426,-0.0271744985779883,0.0155889213429265,0.0052157401996346,0.0182064331304756,0.0061924959537633,0.0383450600965833,0.0538505994078097,0.0109989150125765,0.04589821302415,0.034139907411999,0.0113415671952648,-0.0592523581634152,0.009364729381786,-0.0198017811908244,0.0097702060972628,-0.0109481138453345,0.0275921848777032,0.072876151494827,-0.081785852450691,-0.0359012084051361,0.015668235938449,0.0081717817643136,0.0624348937638228,-0.0200914270487659,-0.0223950784424572,-0.0064105328336269,-0.0557678254118571,0.0171188614786366,0.0460542885469448,0.0017052791669158,0.0474110129284591,0.1261774913945927,0.1327290885238797,0.0258323809795943,0.2085426439671642,0.0110828532488793,0.0593057661297604,-0.0233911353325589,-0.046342220209961,0.0631340643503179,0.1666179920599046,0.0955840319678991,0.0439347949704751,0.140768841690609,-0.1171292771260243,0.0599703371060316,-0.0079529992801827,0.0041188147657844,0.0500819892521162,0.0699667403971333,-0.041186870785095,-0.0739691007931421,-0.0237735577003076,0.0929176869116728,0.3519230783071696,0.3554744593741847,0.0228721479986819,-0.0759231065540947,-0.0981516414047543,0.0051517244727061,-0.0321248832699048,-0.0044591120317347,0.0953228637722549,-0.0026955519068697,-0.0482878312585547,0.236902777015086,-0.0180059010505212,0.0843767375240611,-0.1103436235800815,0.3165517149327088,-0.0055762279618607,-0.0240622580982585,-0.0030844904005189,-0.028888051010512,0.0343507339729851,-0.1195556844861064,0.340704561473434,0.5100635615911004,0.4802862747622283,-0.0507840277291663,-0.1819952048920431,0.3613537875945378,-0.141495609728665,-0.1450037836443571,0.0442735936392331,-0.135447018434647,0.0065947456400583,0.0089328616527055,-0.1970010928409911,0.0142876315281648,-0.1573902072833199,-0.0077214586657308,0.0794392326093076,-0.0012034097479441,0.1106903934405616,-0.0254412792397833,0.4404082389414439,-0.1854335066170996,0.4924455387659465,0.4935880903416899,target,656,11,163.40172334203183,0.0714337952065256,0.0721094021343242,0.0075456474592193,1.6467922751984554,1.662367315927463,0.17395287358438,1.6467922751984554,615,0.510049854511293,5,0.1003470515899402,0.246730046962329,-0.3124873404901762,0.0,-0.7752092476097403,-0.2651593930984491,0.7645333922550397,0.0881601077300634,151.7521597160186,145.89213025319836,163.40172334203183,2.544021267016563,0.2775278477055634,0.0273616661660358,0.0167230314319006,0.413427414555771,0.7658748660316936,0.0001723029992233,1.0,0.029589925560634,2019-04-11,8.0,10,0.0677044617234159,0.0912257445774686,False,False,False,0.1111111111111111,0.0,0.0,-0.0037809732548211,-0.7385561410309479
ERIE,Falling Wedge,bullish,1,0.7842149010344138,8,77,816,817,2019-12-13,2019,2,148.70031235489714,149.70270986188746,195.69666818425128,143.4610198989121,1.5582119707046047,-0.0066959209216393,True,-0.0043419906942381,-0.014012101807691,-0.0065599194942376,0.025192160360111,0.0365788787241767,0.0221275572908248,-0.0210784512325132,0.0243930766193494,0.0085375415147115,0.0254975096864373,0.037963001861542,-0.0075165867582925,-0.0250716364094395,-0.0619891795692207,0.0325907739836077,-0.0238624114576788,-0.0173433094136752,0.0092896824402883,0.0038101019563157,0.153051268786289,-0.0503496414968298,0.0315912651329286,-0.0141845748204728,-0.0257595596549199,-0.03653148048081,-0.027029418644049,0.0147178361723443,-0.0174363588313543,-0.0103109009728609,0.0166111300089339,-0.0377088614474169,-0.0120634117271928,0.0645282615525482,-0.029277332085334,0.0156733292714936,0.0451379898430321,0.121691292461725,-0.0016633375853134,0.0228590251407014,-0.0257595596549199,0.154563360440771,-0.0626922174625046,0.0165887444373491,-0.013053284472324,-0.0043726122260486,-0.0373097433658989,-0.022633412833657,-0.0534585022970842,-0.0860167870075393,0.0385045181078003,-0.0459502054819036,-0.0349109319842713,-0.0084433068604211,0.0547343493006082,-0.0104310135310874,0.0538408867662825,-0.0103758610071069,-0.0408477290344729,0.0109774868017549,0.0699076013908939,-0.0628842483557697,0.0038283452345952,-0.0514371688872909,-0.0357813623095818,-0.0626357114738036,0.0010347227648939,0.0343887500763857,0.0306500841565624,-0.0150410337669834,-0.0511401982490826,-0.1133509497219964,0.0137532079844338,0.0497455476534638,0.4057005908974678,-0.0199093595828405,0.1074869752379275,0.0927997796742257,0.0886656860545953,0.0758584089308365,-0.0524081377327526,-0.0165469370240152,-0.0439704665324491,0.0697030619675902,0.1451030688664911,0.2343134216610267,-0.0502978445044097,0.2463936001299194,-0.0439704665324491,-0.0899301381044497,-0.1221323082344105,-0.0165469370240152,-0.1048307359383919,-0.2016402841979743,0.0173000483922173,0.2687535974253741,-0.0474111669635259,0.0078924302380383,0.1262693403658141,0.1015994882245767,-0.0443187428141664,-0.0144657646079501,0.3989240960987068,0.4217974998872629,-0.0092815236498231,-0.0320187917896359,0.1246546936964236,0.4807788549499929,0.1161841396117826,0.2527393362829584,0.2649601896688354,-0.0127811331597817,0.0354956713230358,0.0253739563359243,0.1235720327157214,-0.3310761943899525,stop,828,12,143.4610198989121,-0.0352339035003546,0.0193052962109551,0.0388451265965044,-1.0,0.5479181780344267,1.1024928474392124,8.969981390458262,737,0.7609974544572969,6,0.1306120427540438,0.1602509111730869,-0.3177885629879721,0.0,-1.186974738930844,-0.4259772844735464,0.2116701792852887,0.1827604876590989,149.70270986188746,143.4610198989121,195.69666818425128,3.058913746399731,-0.1627256636179755,-0.0529004867829769,0.0207684147003516,-0.3085576103914039,0.2499999999999947,-0.0002371569061794,1.0,0.0251010530823498,2019-12-13,8.0,10,0.0201858626546156,0.0390912298585044,False,False,False,0.2222222222222222,1.0,0.1111111111111111,-0.092633910431488,-1.024324896199946
ERIE,Falling Wedge,bullish,1,0.6681761048866003,3,27,1065,1066,2020-12-09,2020,0,202.98073510548443,199.88736618260828,231.65958771411036,191.61660881649703,0.7241086162924438,0.01547555997136,True,0.0804602809046917,0.0673229381153524,-0.0516509831477345,0.0013708389227435,-0.0001045428368061,-0.0143702629386466,0.0160001002706862,0.0482524196068185,-0.0113361139539022,-0.0202945184878806,-0.0614594313520836,-0.0053625862449597,-0.1034550620104229,-0.0440146626704236,0.0640596738573391,-0.0366832147873128,0.0076586249944561,0.0105145949624145,-0.0555706730511429,0.0118767280559639,-0.0211361552258205,0.0303661074482177,0.0922272368341165,0.1113502336105913,0.1010407829503208,-0.0488371796240815,0.0759606360256999,0.0123294402103655,0.0076074438149102,-0.0064272971724187,-0.0528669373004313,-0.1363732473765844,0.0825134032095835,-0.0041130619789901,-0.0513265392491277,-0.0419328485920116,0.0583754489956664,-0.0651352190172338,0.0228824570729433,0.0433821332723165,0.032481653862846,0.063869412644425,-0.0136613861351418,0.0346179735984359,0.0272594116279927,0.1093199487161331,0.1529146095290281,0.1049763250029769,0.0825859923576228,-0.0043494172966782,-0.1054455303478276,0.0689964354730205,0.2504266410387836,-0.0411573611788937,0.0234858281019036,0.036336260489445,0.0241579576324295,0.0506274666311903,-0.0550278074929383,0.1176266715404625,-0.0314294562572901,-0.1018894791960172,-0.1256786780210735,0.005023822484713,-0.0294332803508579,0.0031067574195027,0.0111133467215911,0.2233910477225875,0.1327912486554443,0.1503354039090352,0.0769727394731569,0.0419101094884135,-0.0481897499441661,-0.0785784701783494,0.1361966478277909,-0.0965543142432403,0.2145118158140926,-0.0211166826369133,0.0103239702898378,0.0484135944445327,-0.0108216878168855,-0.0630358658033669,-0.1181103528010999,0.0871619382018797,0.3283020247086998,0.1575817443240141,-0.0824400435794023,0.2145898650659778,-0.0582802930168914,-0.1022398335242764,0.1534741541314583,0.1146804753714299,0.0313490786789876,-0.0328335960381338,-0.0689602004997302,0.0012663830256585,0.1202667233455592,0.324712964952887,-0.2585553368905117,-0.1288307362619223,-0.0613651791383912,-0.1462313245684486,0.0964169309995341,-0.0012956208261529,0.2041411176508603,0.3077260359731844,-0.2121221891115491,-0.0033948288492328,0.0770974697755677,-0.0707958534657854,-0.0472978326393114,0.2018239319055013,0.0265615254747395,0.1308216928147652,0.0067497949956265,target,1084,19,231.65958771411036,0.1412885444213323,0.1451331714141854,0.0047432993081574,2.5236302272016857,2.5923011653249257,0.0847226047926046,2.5236302272016857,1038,0.6406625702038607,5,0.0406113168376611,0.1220634273547363,0.7829695790770861,0.0,-0.9535646178577594,-0.3129020476539043,0.3874525065605801,0.1426659860377137,199.88736618260828,191.61660881649703,231.65958771411036,6.430741224490114,0.1580021211346605,-0.0098357330218609,0.0316996274366809,0.2953561876738557,0.995683626982824,0.0071992043353719,1.0,0.0361823938186502,2020-12-09,50.0,6,0.1805839645324964,0.1118461212707895,False,False,False,0.0,0.0,0.0,-0.0534012142193091,-0.8801748027615107
ERIE,Falling Wedge,bullish,1,0.7078655601128752,8,100,1213,1214,2021-07-14,2021,5,167.61621473685855,174.7153730547726,240.5881827692242,162.66361033006888,0.7760371337394836,-0.0406327056044948,True,0.0105510100758434,0.0111489521364456,-0.0146575716188406,-0.0501199707119193,-0.0076058725853155,0.0335546694678792,0.0105510100758434,-0.0285041279521446,-0.0191462566996164,-0.0149080735966714,-0.0021839221274571,0.0071559222563255,-0.0187397699684832,-0.010954074984035,0.0016135762623021,-0.0100401728378393,-0.0052925670822064,-0.0435579313489911,0.0340325822567397,0.0064858409885679,0.0109730988430551,0.0408380583239187,0.0145762877277878,0.0042420747496365,-0.0050034249429824,0.083159688233855,0.176201513221176,0.0916233274699416,-0.0406534009497576,0.0231261052928282,0.0674354220301725,0.0415394285472452,0.1080760364397999,-0.0626922174625046,0.0037965302002831,0.0285554275058188,-0.0707709501983568,0.0395111313382978,0.0429430293838719,-0.0484040736136435,0.0248527985703133,0.2517663516227681,-0.1070832388863302,0.0252843724221512,-0.0732161062092612,-0.0260104839982968,-0.0408441043797587,-0.0614739935275832,-0.0207912467374818,-0.0308076594878194,0.1376553429711504,-0.0712479731095541,-0.0628721469318173,0.0502465945827785,-0.0229982065891382,0.0572422023698957,0.0447117738362514,0.0267396815636795,-0.0550411952722288,-0.0594717979336844,-0.0259864894047991,0.0914888107121965,0.0410374691876591,0.133700859186074,0.0057213925515753,0.0195329703266902,0.0281235369227754,0.0592078789340071,-0.0581536942636692,-0.0434001594724565,-0.0759892896670405,-0.0977279139310557,-0.0070713247279076,0.0480267375200436,0.0905629816708741,-0.0429107582062807,-0.0531646458765483,-0.1847109735117666,-0.0787903749939267,0.0015364926462544,0.2350178551982429,0.0843871343123616,0.0615724260699068,-0.0138397241092044,0.0106879002753546,0.1201258367710538,0.0552538053044027,-0.1243286761765983,-0.0932245937662041,0.0042612838559279,-0.0421145437364929,-0.0420776057018784,0.0240762174726447,0.0119895015858457,0.0043936088269038,0.0181855832762063,-0.1263465602452664,-0.1621708772293997,0.0019614335766759,0.1314805838625377,-0.0251295816017812,0.2038793072547839,-0.0400568314003512,-0.0937493555989577,-0.0380916315074457,0.0939252962064636,-0.2158396137815662,0.1118489242896005,0.0268770570204639,-0.1292038178664887,-0.0426923080867626,-0.0796969636137074,0.1966136831482883,0.0889564735773877,0.0278189969672655,stop,1232,19,162.66361033006888,-0.0295472870244969,0.0284443700028855,0.0356773552203805,-1.0,0.9626728159273316,1.2074663636902183,14.734059504596448,1108,0.5000469971574186,5,0.0147991344918676,0.3006455828534922,0.0330468680783202,0.0,-2.5686802369190675,-2.068633239761648,0.9398176681673704,0.1060055232933713,174.7153730547726,162.66361033006888,240.5881827692242,2.902031591806874,-0.1696771627831945,-0.0517610266935286,0.0172226926283908,-0.2735566185092171,0.2088616763402142,0.0017867856357491,1.0,0.0310664873656447,2021-07-14,50.0,7,0.0824275743433751,0.0907962453049786,False,False,False,0.1666666666666666,0.0,0.0,-0.054540735495975,-0.5913491751260884
ERIE,Falling Wedge,bullish,1,0.6615555983153522,13,85,1390,1391,2022-03-25,2022,7,164.33641512742534,155.94009307717533,212.72897582605583,150.40667574376124,1.2515069751420862,0.0538432540635629,True,0.0176181574913434,0.0157157284196676,-0.1102677163192291,-0.0038878126683931,0.0367285199683826,0.0016225228899187,-0.06295446712091,-0.0414643039338704,-0.1639220065854363,0.0367285199683826,0.0693073710069092,0.0458805059738787,-0.0055969704945626,-0.0281904945016534,-0.0038878126683931,-0.0177202792150386,-0.0256711470493794,0.0060276914345933,0.0095307840472209,0.0071828271533285,-0.0180881627994673,-0.0312476299835089,0.0326126605362048,0.0483303669277033,0.0582628759632247,-0.0587996372562911,0.0506383806006729,-0.0044560446969943,0.0187260967566382,-0.0474359089888016,0.0664181953181966,0.0621306447630338,-0.034485502398902,0.0265217055389288,0.0366203610292501,0.0598638858859383,0.0020150488140249,0.0439183004713588,-0.0292398863690322,-0.0166339663633814,0.0401241283724107,0.0051346580796007,-0.0645107514846867,0.0743558390750156,0.0488127125165178,0.0343444539445284,-0.0187393885204834,0.0333554317334003,-0.0409818455198373,-0.0608164254531472,-0.1457070458248256,-0.0329948288345643,0.0610415754637292,0.03699582829502,0.0294358748178882,-0.1574499372712803,0.0197814907279039,0.033650981774892,-0.0241254894118715,-0.1096690515140028,-0.1748900177234098,-0.0610485412953332,0.0300893605715464,0.0710887652881402,0.0751646487406068,-0.0195211240174619,0.0038063277411606,-0.0156451188996805,0.0053503400967429,-0.077848755142609,0.0441261794549977,-0.0055617473958075,0.0243768976892095,-0.0501719056543993,0.0012663725489208,0.3565936480853124,0.0598935816807408,0.1378279621067881,-0.0767072560800941,-0.1839016378112005,-0.0283205613233072,-0.0342565600211887,-0.1018224839783151,0.0615724260699068,0.1921790139267927,0.0343507339729851,-0.1633695984299178,-0.0805857170627886,0.2643280394958225,-0.0368875995136837,0.2013218272768107,-0.1064550269217383,0.0119160889973302,0.1801520440920856,0.1161841396117826,-0.0736853189786252,-0.0804882679760424,0.208597132190067,0.4902633221786623,0.1766543284196704,0.2634309672423232,0.2833790520197794,0.0477890999488921,-0.154588227306645,-0.0214067114849211,0.460148055601032,-0.2055302057785858,0.4404082389414439,-0.1237038930219039,-0.1270380294231781,-0.0613651791383912,0.1520077775863579,-0.04991632738585,0.1448558990238575,-0.082383703616156,stop,1414,24,150.40667574376124,-0.0847635587819235,0.0683155633840935,0.0981164782530171,-1.0,0.8059544026443402,1.157531369175373,3.474046381325853,1298,0.8106208895767757,6,0.1625878976479162,0.27182968327275,-0.2444047678921691,0.0375,-1.219138314149434,-0.4085174245726591,0.1465430716831499,0.2047084225392646,155.94009307717533,150.40667574376124,212.72897582605583,3.359064088181443,-0.0434091699140021,0.0022030185857473,0.0204287164809707,-0.0032427019550189,0.6977810329861093,0.0026998115321701,1.0,0.0373418051181757,2022-03-25,55.0,8,0.0453539403084151,0.0273662416947455,False,False,False,0.1428571428571428,2.0,0.2857142857142857,-0.021245685042993,0.0749670436559802
ERIE,Falling Wedge,bullish,1,0.8369044534759936,8,164,1726,1727,2023-07-28,2023,0,208.5033001556192,199.46022060724025,268.56811595943327,186.7394546016314,1.6837119173215631,0.0453377596838511,True,0.2525240382905005,0.2756979339189344,-0.0165556965698067,-0.0175609933860849,0.0203755200202433,0.0470442462079749,0.0639848564297,-0.0030386484431608,-0.0373993484907766,0.0143141454684891,0.0289737385715833,0.0095905417648598,-0.0039532542342628,-0.0023429971020724,0.017089496535277,-0.0003613426280419,-0.0037318707780175,0.0179505058950755,0.0022144688896119,0.0319460757724259,0.0044015779350332,0.00780799689104,0.2434865873530459,0.3292224997166888,0.3549325774643751,-0.0174428632017178,0.0579633984066174,-0.0017413193703682,0.1113502336105913,0.0157796465618262,0.0383975167028243,0.0398045735390655,0.0778489362042851,0.0339545190850982,-0.0467479323150498,0.1574320447615138,-0.0769985443675977,0.0066484668632091,0.0257537588821172,0.0462565201782481,0.0204424883035487,0.0022166932820322,0.0140999120901319,0.0112221034880295,-0.1200510428360458,0.3094130442232708,0.2830844574178319,0.321212284491147,-0.1236807961478311,0.1666179920599046,0.134608090704251,0.0688872224477838,0.005560602521633,-0.0802925157300855,-0.1575488372645305,0.0477029428052007,-0.0079529992801827,0.0428389172006282,-0.0027987448481875,0.015187326479344,-0.1690662442047854,0.0061068117447466,0.0553473914418487,0.1633575222923877,0.0140810311372194,0.1080349638321329,0.041965216694394,-0.0392389626986893,0.2685986108584728,0.3506920445340828,0.4024081345636204,0.011724943141655,-0.0176330194803362,-0.0338113920700789,0.0360689058215459,0.1656170204132299,0.1036691892155168,0.2552135070359602,-0.0533038323749923,-0.1206946342321193,-0.0456823957129376,-0.1506829317810968,0.0210588754944809,0.0626226771880087,0.1205137010122165,0.3409002711649262,-0.164379355342891,-0.1206855443834897,-0.0964832785988742,0.0494855798326898,-0.0646571045038296,0.3357489854421036,0.3654444620357686,0.4429831824933049,0.0122556858635174,0.1121196375937072,0.1490071617967174,0.2458248758402526,0.0835332097434007,0.2753844612758114,-0.0970898056241268,0.0509558359377069,-0.0583532982494677,0.0884400929078987,-0.0868032407804169,0.4155775545578652,0.49329350404875,-0.0299622110707857,-0.0577690021938701,-0.1043566619416076,-0.1286728412794452,-0.15432581495614,0.0677119125310861,-0.0956090574622091,0.3063863621088364,target,1734,8,268.56811595943327,0.2880760916445155,0.3094883752236685,0.0190032597529456,2.7598438729413037,2.9649791179533387,0.1820561702836394,2.7598438729413037,1562,0.664318783237117,6,0.0524813530608342,0.6446852082242942,0.0529152050989809,0.0,-1.4592624947031383,-0.7949437114660209,0.4043360699847931,0.1668652923684425,199.46022060724025,186.7394546016314,268.56811595943327,4.195584132130155,-0.0671216638686191,0.0319382603325626,0.0201187111555811,-0.1168224223573225,0.6606605264966648,0.0398483199667092,1.0,0.042934549193307,2023-07-28,54.0,11,0.0685660214929098,0.1037525677300883,False,False,False,0.1,2.0,0.2,0.0401956125965688,0.5920886854782117
ERIE,Falling Wedge,bullish,1,0.7561918776328925,5,36,1919,1920,2024-05-03,2024,1,378.2547276988262,367.715635177291,407.5026557466099,353.9388605574022,0.858556216986669,0.0286609855913628,True,0.0351880085754086,0.0213873894710661,0.0499820465283002,0.0086762812231222,0.0261131793253521,0.0141797295743095,0.0258230740727873,0.0106905372936954,-0.0038307343145969,0.000368131936939,-0.0127930737358603,-0.0492800187331815,-0.0303983704339025,-0.0038307343145969,0.0094240972412735,0.0275550934464179,0.0085807546625951,-0.0429742959946709,0.0373033144687362,-0.0653260795240392,-0.015891478582824,0.1249484343001605,0.0292220141534077,0.0103375305702797,-0.020221929985414,-0.0217294520478374,0.0587110298819788,0.0987227752662727,0.01947240885965,0.01123411221673,0.0132186726814946,-0.001597444113022,0.0570794270516183,0.0019681876996147,0.0220181694301677,-0.0051874662859003,0.0416260923478855,0.029546453213971,-0.0030333408539069,0.0093995041581833,-0.038830926802138,-0.0148414293472225,0.0462565201782481,0.0433856362154552,0.0229050747431334,-0.009178669654439,-0.0768681525278217,-0.1042159954295377,-0.0737464343305943,0.0432797338912755,0.0605024539932081,-0.0334761337416689,0.0750375609479478,0.1361948801226618,-0.0433430525298816,0.0299092205849176,-0.0706508995900292,0.0501853225593871,0.2169076124187325,0.0577169050951114,-0.0136045040753843,-0.0301540621171003,0.4210371560401047,0.1395872168760552,0.0540329383388529,-0.0287036989834994,0.0362287305735282,0.2504483624950886,-0.1407376179562574,-0.066734426226152,-0.1388144430947742,-0.0666602717361616,-0.0595850379251493,0.127492085657481,0.0677162307944003,-0.0870671032477777,0.0127578320893528,0.081029362069811,-0.0598771446337388,0.1584155343838131,0.0943174105318878,-0.0588882043977624,-0.1206855443834897,-0.0118885784957544,0.0843871343123616,-0.0847500908159604,-0.1346321635698684,0.1678347860849773,0.0387333203939728,-0.0074074915880367,0.0782355641991392,-0.0777083077123268,0.1271273465696243,0.0515324000579733,0.0799705335239679,0.136015874899289,0.0250121398217646,-0.0930325955603842,0.3033406916293772,0.3128037913552068,-0.1601690996396009,0.2067804023602635,-0.1354226327135852,-0.0990640531352828,0.067439357842467,0.4155775545578652,0.295378676518738,0.1076354013188731,0.2181422501950398,-0.0436522613615754,0.0258337444916323,-0.0854498952075535,0.2068346130515392,-0.1096637023595663,0.0434118069902005,stop,1936,17,353.9388605574022,-0.0642843707185194,0.0483006628042921,0.0672436913767681,-1.0,0.7513593469831911,1.0460348390311958,1.2028330257635609,1882,0.3793351812488198,7,0.0874595209107576,0.2099900022564613,-0.543650855498789,0.0,-1.4715798440790406,-1.0922446628302205,1.3432809104669698,0.0612934829561461,367.715635177291,353.9388605574022,407.5026557466099,6.894362134416265,0.2092705164271315,-0.0114400826413587,0.0183548194542908,0.4237462039876105,0.9467960647656712,0.0029094911464777,1.0,-0.0137721753393216,2024-05-03,39.0,15,0.3235545390938585,0.1800485113572891,False,False,False,0.0,0.0,0.0,-0.0282537306563516,-0.4746731733340221
ERIE,Falling Wedge,bullish,1,0.7351099969694559,3,31,2276,2277,2025-10-07,2025,0,315.59250953606653,310.47439190090927,360.4230896275126,297.3681708553154,0.6675125927634867,0.0164848302103792,True,0.0007479350836754,0.0127136223806075,-0.03418936466312,-0.0072539531753638,0.0497882834278733,0.0221598816010983,0.0037582187855822,-0.0033701881903804,0.1272730141316389,0.0030451201436605,0.0094340244622603,-0.0030386484431608,0.0253303483760636,-0.0023202655721585,-0.0275136588734264,0.0075858101149994,0.0158994448609928,-0.0708506456845063,-0.0198302286626889,0.0006388284702836,-0.0060675427670422,-0.0051335994859518,-0.0035193088591572,0.0155500853652947,0.0139984599097988,-0.0009511323628103,0.0401556395315154,0.0725436712547613,0.0607651342451636,-0.021924303356596,-0.001773627515181,-0.0438991722306505,0.0232882813361152,-0.0162562326478724,0.0285627469506277,0.068721617808714,0.1327905403349811,0.0104709747246838,0.0998132568452452,0.0385087109902353,0.0289967358813776,-0.1612682884808821,0.1138841319143,0.0373007886107454,-0.0117087095603676,-0.0093509528484105,-0.0980990672771051,-0.1055441048351648,0.0651316673911275,-0.015465801117234,-0.0169133322263945,0.0144666212565935,0.0633545980362899,-0.0318027076336565,-0.0190226579133376,0.0929356336979829,-0.1054455303478276,-0.0202054138568074,0.0793470902352346,-0.0999423923282827,-0.0145360553567268,0.109546462416733,-0.1096690515140028,-0.0512280646059903,0.0793062775618449,0.1474044586635041,-0.0529510212026077,0.1198419645970869,-0.1098067045647816,-0.0769399043119885,-0.0972905649794499,0.3550748564299395,-0.02582501236622,-0.0677274590328312,-0.082422934825581,0.344548051125793,-0.0343958156665017,-0.1346829234416259,0.0128696988109529,0.3674462726283336,0.0644731133197731,0.1520652296085971,-0.0899301381044497,-0.1165355090198946,-0.1188776014332632,0.0004218781198759,-0.0680845002326226,0.0105902719764625,-0.1348312441457348,0.0707271748485218,0.0901714538526341,-0.1066936474345964,-0.1342785341687143,-0.1565667323394989,-0.0333991097509589,-0.0079531504125147,0.2281487433677385,-0.0644515105686366,-0.0950310305276711,0.2067804023602635,0.2045163830843275,0.0192023275989707,0.4155775545578652,0.2532213800991776,-0.0509735934979943,0.3436520922122763,0.0758498394836006,0.1400157197276956,-0.1322451199066524,0.1966136831482883,0.1323671857128965,-0.0667179160589586,-0.0747013617169018,0.2686750165064926,-0.2322359109396796,stop,2292,16,297.3681708553154,-0.0577464234101805,0.0300404844486006,0.0598940424331175,-1.0,0.5202137669240401,1.0371905114829745,2.4599290474554705,2245,0.5914692235606476,6,0.0430153392945555,0.0715413301608365,0.0538540071465034,0.0,-1.1881254916217543,-0.5966562680611172,0.527088427381225,0.1058411644940219,310.47439190090927,297.3681708553154,360.4230896275126,6.153522894941773,-0.1397160863954712,-0.0575044558115069,0.0195892751221182,-0.1547828631751263,0.4123065655048066,0.0059457213508624,1.0,0.0317455286651282,2025-10-07,56.0,10,0.2295743029244334,0.0758403404030374,False,False,False,0.0,1.0,0.1111111111111111,-0.0565024217046954,-0.1423029644913816
EG,Falling Wedge,bullish,1,0.7175106750042282,3,30,923,924,2020-05-19,2020,1,164.92961753064222,147.98237730302662,190.36037780097263,135.5591311303208,1.637090010153181,0.1145220163135531,True,0.0836964594604612,0.0576336364560963,-0.0407355848007608,-0.004834844811321,-0.0122012700306216,-0.0208630492119451,-0.002558737662033,0.0167633620523277,0.0199443878202003,-0.0339098677745065,0.0114026122453199,-0.0613252203731783,0.0300689652459265,-0.0751370271238562,0.0739441137728695,0.0149931048671367,-0.0127570295694821,0.0242421459270603,0.0127723461143356,-0.0239810404669651,0.0029241636937729,0.00913698601869,0.0873020336638127,0.1381321514589593,0.0828283788561814,-0.0125213981172576,-0.0077534288520635,-0.0146277779447279,0.0620875393529867,0.0728961472938962,-0.011474623515857,0.0379170526972711,0.0152073545655457,0.0938833717151885,0.0985156575201424,0.0430982069000283,-0.014782351666373,-0.0017518128408416,0.0081373939256403,0.013492425549517,-0.0100563110160022,-0.033718954831978,0.0017766645905987,0.0064049792868867,-0.0370316456425434,0.1226472270104564,0.1523279558802908,0.0987820044506317,0.05668168889647,0.016982722772256,0.0217606219082457,0.0567664222989181,0.034224298186513,0.005955702066221,-0.0041410119489281,-0.0975862685416952,-0.0250107036138941,-0.0351019016416295,0.0518129751979856,-0.0681511161668259,-0.0021355726176921,0.0042243298283608,0.036993089699743,-0.0654481474543562,-0.0396685712893947,-0.0028440681879804,-0.01490042470604,-0.056339495253313,0.1586242274086426,0.1906464509507954,0.1014654374317054,0.1979535273838415,-0.003163463846601,0.0214615661512787,-0.0399294337737767,0.0405359714798623,-0.0543996807783717,0.0015057480953466,0.152532760692946,0.0447593232879186,0.2147479915668542,0.0986102018640904,0.1053152569735034,0.0594271884603585,0.0227349939936434,0.0325255271487607,0.1266322012108693,0.0737498077232383,0.0009685575679552,0.015869717760899,-0.0325537540321734,0.1366822505042733,0.2021738808210318,0.0585319151232142,-0.1161769732977303,-0.0677231079403908,-0.0325622256611016,0.0311409821812791,0.0033765664435687,-0.0235826841615375,0.0962061027557215,-0.1171621869180543,-0.379942739977256,0.0912739444907371,0.0626730112835309,0.1048714283022758,-0.0217164309040519,0.1003375380817148,-0.0153129675951522,0.0167662880147656,0.0549330710124538,0.1624340570624525,-0.052074117785229,-0.0813252335350489,0.2113521647283844,target,934,11,190.36037780097263,0.1541915918504184,0.1617741589183259,0.0025423502107014,0.8658610526127378,0.9084408679200092,0.0142765374112205,0.8658610526127378,892,0.6073817382388453,7,0.0874627026775126,-0.3566571151076694,0.1553434539824689,0.0,-1.1118814412265705,-0.5044997029877263,0.5366503050282897,0.2287458635485619,147.98237730302662,135.5591311303208,190.36037780097263,7.850247204039641,-0.2319691678330808,0.0026859719804763,0.0482207466773737,-0.2937585052048312,0.7164787040811383,-0.0002216349664529,0.0,0.0693306038615086,2020-05-19,48.0,10,-0.2782825867117019,-0.23884659086603,True,False,False,0.8888888888888888,1.0,0.1111111111111111,0.1411788736422317,3.2390547010942994
EG,Falling Wedge,bullish,1,0.7362999594389166,3,23,961,962,2020-07-14,2020,2,189.8593512579912,179.71236991283604,204.66577394725996,171.19882534271733,0.7723067458533469,0.0564623422977317,True,0.0226239731392834,0.0145596782773878,-0.0182415532301716,-0.0004925968904878,-0.0633658530526044,0.0114026122453199,-0.0607141417421754,0.0170435310729657,0.0126668640413809,0.0185384294060213,-0.0120460372810027,-0.0013813458309192,0.0008704119799169,0.0944503068757391,0.0231728467028928,0.0536372260077604,-0.0475943800407041,-0.0020927877122097,0.0043041648723292,0.0090543966970582,0.0272387605845909,-0.0824943470928873,0.0234261477586427,0.0028744387380661,0.0067204624696801,-0.0450169637277363,0.0419096429628793,0.0689047118804122,0.0245024769955417,-0.0490858656580235,0.0040523230958833,-0.0284816423225678,0.0878809532693423,0.0140520595290987,0.0628612186646655,-0.0437237986673211,0.1715006249539501,-0.0265078562847007,0.1151307923235516,0.0187650244875996,-0.0164148284859365,-0.0692082705958953,-0.0278713848809475,0.0174999030029585,0.0316170103376056,-0.0147438678059518,0.0582755411262516,0.0260497797874277,0.0221358061186276,0.0014503879727656,0.0188332350133635,0.1593694067499114,0.0349729403510521,0.0307597231689014,0.0418451921694489,0.0190357520454083,0.030713623224331,0.0818253397435284,-0.0244429197659237,-0.0637907839915478,0.3120310593500983,-0.2114834785629408,0.0987939913962381,0.007337975002535,0.1103245228757974,0.0117879554324287,-0.0226359812045892,0.1634811185000804,0.0171582978467759,-0.0027584574070347,-0.0566648056779937,0.0058021494856359,0.1211348528855986,-0.0064284870158216,-0.0388667820689696,0.0565959775516526,-0.1199639633763681,0.0121406830933088,0.0739739370299741,0.1045373928667117,0.0127562994744345,-0.0650256859539767,0.1010607682126913,0.0712280343732809,-0.0375518611645424,0.0810917179706254,0.08203375467588,0.0156427710759672,-0.0324973514005582,-0.1001746542325824,0.0538662979914605,-0.0223262499807548,-0.0740067014156259,-0.1351525885993539,0.2223109191325529,0.0955767021220028,-0.0576865545036633,-0.0630204488130331,0.1522982305698943,-0.0002948587649446,-0.0735076614573523,-0.0440115781940805,-0.103897062935262,-0.0275871994431765,0.0494851791551247,-0.0574850024718639,-0.0281165866937415,-0.0093008967461871,0.1678392957393555,0.0804709263539917,-0.0800020007390173,0.1996917159970928,0.0986023904596926,0.0457425171836394,-0.1023621027131771,target,979,18,204.66577394725996,0.0779862703162248,0.0781178681519592,0.010153001726429,0.7934622398369575,0.7948011667157038,0.1033005355718983,0.7934622398369575,936,0.5780174144488444,6,0.0754377507387609,0.4156049555158214,-0.1253633696192362,0.0,-1.1094052852799663,-0.5313878708311185,0.654832043499062,0.1057813135711841,179.71236991283604,171.19882534271733,204.66577394725996,5.7030904938162745,-0.0962580374399649,0.05744764040741,0.030643709429921,-0.2228534505586817,0.9079244444589678,-0.0003855244319607,1.0,0.0432286725439625,2020-07-14,48.0,10,-0.175052999570497,-0.0794678680869285,True,False,False,0.8888888888888888,2.0,0.2222222222222222,-0.0305167107520144,-0.5819689153013862
EG,Falling Wedge,bullish,1,0.6785262889300175,3,38,1019,1020,2020-10-05,2020,0,182.9886866993897,177.0335795604558,208.65084026014245,168.10609970133737,0.98541791942273,0.0336382914118293,True,-0.0035365531906725,-0.040369704044785,-0.0100285828833439,-0.0482916830178801,0.023528420027189,-0.0327711237927424,-0.0710875456510713,-0.085965241289463,-0.0086975171412121,0.0290878302837325,0.0068897840858568,-0.0061250185551969,-0.0197545218528149,-0.0086056853905421,-0.0077275772809335,-0.0017330724603311,-0.0059185218133895,-0.0042130505106625,0.0900855404011433,0.0368390996722503,0.0458116875561289,0.0647111939996178,-0.0028382739099893,-0.0442766199562397,-0.0504546954971648,0.0594048855396776,-0.0306866841899008,0.0005521552497691,-0.0116677692199806,-0.0045896223978825,0.0188123207838657,-0.0101999346555984,0.0178246911111366,0.031257009703556,-0.0238231273963203,0.0438238617980322,0.0348081471820744,0.0084433131673375,-0.2780321848390307,0.0234201571886458,-0.0045480454182389,0.0261938724528025,0.0704149581141428,0.0679702823096752,0.0152431590173953,-0.0470076922312977,0.0027609632753109,0.0313273520558299,0.0309323515032129,-0.0891330249835069,-0.0301101274975031,0.0281606236382705,-0.0473643927599153,0.0601024424985097,0.0118507153890379,0.0559337625302713,0.0054120762182479,0.022824163337394,0.0604047270711483,-0.0490486994734755,0.0669083745460639,0.0312126340311356,0.0854170939589535,0.041464149622943,-0.0209893197203355,0.0265926998299996,0.0787005176523174,-0.0032657207134452,-0.0155392890586552,0.1252911112522117,0.048476837012537,-0.3180073474256711,0.0385455595243837,0.2158523527578726,-0.052801859945075,0.0392406717025413,0.0974615913880332,-0.015344295197706,0.1332298223451944,-0.2948766184211941,0.0631776252850893,0.040315874920366,-0.030634306265271,0.0323813443014819,-0.0508193127385603,0.0526132878183329,0.0796558240606879,0.0486771729691706,0.0141468714763595,0.0708360979302999,0.0651069928314664,0.1138532437863215,0.1235841058819204,0.0245414378963642,0.0660188427700885,0.0061800039368649,-0.0206685841976554,-0.0318574581267546,-0.0751394820323132,-0.0324381630471425,-0.0093090092216239,-0.0503715899305282,0.0270500827944273,-0.0277088838069282,-0.027655892509122,0.0590933601558432,-0.0041213303167541,0.0999708066814666,-0.0439774760210498,0.0270774468681955,-0.0018377620107583,0.1307566360657113,0.025504942611586,0.083289603399129,0.1135913011787863,target,1045,26,208.65084026014245,0.1402390170869418,0.1691613105109407,0.062055095196528,1.7243073105577114,2.0799210550420923,0.7629977486107996,1.7243073105577114,981,0.3767013243841418,5,0.0007952099441254,0.1081070914454991,0.1343453009503696,0.0,-1.741457957286691,-1.3647566329025536,1.3053305003674818,0.0784712982955907,177.0335795604558,168.10609970133737,208.65084026014245,5.173668397011743,-0.0737588557776686,-0.0416510817237608,0.028612748882918,0.0898050575899118,0.9666653624946184,0.0101680119145179,1.0,-0.0042324268145079,2020-10-05,48.0,10,0.1491001540913821,0.0055387155592883,False,False,False,0.0,0.0,0.0,-0.0434437369693833,-0.7796666116984035
EG,Falling Wedge,bullish,1,0.6370266059777955,5,58,1452,1453,2022-06-24,2022,0,261.9744881237696,259.5517342536681,282.2066031066747,241.97751013785864,1.3739551067170197,0.0093343775069276,True,0.0015530502049809,0.0266393817172372,-0.0482483794797334,-0.0482916830178801,-0.0467754821183222,0.0091506467553004,0.0274557089710336,-0.0467943045184136,0.0262694393528222,0.0327599636767985,0.0752027184789723,0.012974553945847,0.0033759122994068,0.0348250791338939,-0.0302883251397331,0.0370853018470482,0.0168119728297777,0.0037268732663635,0.0052536830308917,0.0218964374522134,-0.0272163682823792,-0.0224233090974905,-0.0002844717643398,-0.0122819617153526,0.0051584239362428,-0.0457031631900812,0.0297412064952755,0.0045859913663268,0.0630175478797665,0.0136657881125439,-0.0927284540720604,-0.0333150785576407,0.001190364717976,0.0346444100732263,-0.0810927179940355,-0.0735877257599139,-0.0074985839591554,4.660681143153767e-05,0.0428720570533183,0.0222546495585964,-0.0041298179413057,-0.1743952436060903,0.0548137252157383,-0.0095854334091167,-0.0045270105870295,0.0007045823742588,-0.0336343481925249,-0.0451928538334776,0.0118747823051137,-0.0882260643412753,0.050785961937326,-0.0133394418370274,0.0949271303591858,0.0553918740110321,0.0091352923036656,-0.0974348802982032,-0.0051935325056066,-0.1050400132339953,-0.1397951815078193,-0.0106631381645856,-0.1018840122760232,0.1094729195538199,0.1298810386492122,-0.0401208739143835,0.0538212920333183,0.0472515063601377,0.0664375169114139,0.0477425233567601,-0.0373855831776282,-0.030634306265271,-0.0876602235944036,-0.0240219952573665,0.0037102846724483,0.0526132878183329,0.0070097695346795,-0.0966673474668482,0.0393042028534869,-0.0598325592457191,0.0239228637171808,0.0367827906169695,-0.0182170013710574,-0.0810223237725775,0.0829138519645193,0.0625000772433825,0.0036567743879911,0.0910128525470561,-0.1314174145720483,0.137000746379537,0.092011343043727,-0.1677216391881729,-0.0385320234869672,-0.0313846332861987,-0.0361380234646823,-0.0223744789286325,-0.0235826841615375,-0.0258693824495428,-0.0705292986125761,-0.1030695880379148,0.0395018289670561,0.1963080022980148,0.1208104024954646,-0.2746346097501123,-0.0114476592061898,0.0595849968594877,0.0149727319386994,0.1099492406845386,0.2135957625321813,0.1750012151715363,0.126933537480562,0.0960597045696598,0.0916136445185409,0.0329549376125948,0.119053196336847,0.0386021369156628,-0.0824284292728309,stop,1467,15,241.97751013785864,-0.0763317761554835,0.0176115129047484,0.0806097120900738,-1.0,0.2307232163558565,1.0560439721181951,1.011758626586467,1394,0.3502116257898724,6,0.1199154593591784,0.0650286621262719,-0.048757170172084,0.0,-0.7265108479440111,-0.3762992221541402,1.609259762257458,0.102877619538574,259.5517342536681,241.97751013785864,282.2066031066747,6.9126635627387385,0.0297209911488542,0.0132395680156913,0.0264007532571799,0.0891997949015594,0.9516459710208648,0.0062814822186285,0.0,-0.0141051253284434,2022-06-24,59.0,7,0.1086688737523755,0.0329326382580152,False,False,True,0.0,0.0,0.0,0.0729405260422291,2.2138423891503938
ESS,Falling Wedge,bullish,1,0.7372708877450089,3,32,974,975,2020-07-31,2020,0,177.58518273617346,177.52357858713128,206.051381171984,167.66034380645397,2.548017206438032,0.0003470195313348,True,0.0144998485535974,-0.0045364306584969,0.0640371310313621,0.0229803260890664,0.0455889280791517,0.0285007162259474,-0.024032806572698,0.0184797405651382,0.0358116052071526,-0.0196927332954799,0.0407817660268372,0.0006929616819881,-0.0003759645270027,-0.0092954959001343,-0.0025302705294423,0.0192143462564553,0.0212353461589749,0.0034941289453684,0.0101002405679047,-0.0651527531407175,0.0024309162054845,0.023720244359962,0.0037004298818314,-0.0038636085243735,-0.0298134999346504,-0.0334586794527432,0.0281954452950632,-0.2367514692681042,-0.0602433129758532,0.0039516483867956,-0.0064165612760582,-0.0078874445684633,-0.0274946516993815,0.0129328402437192,-0.0085863309577495,-0.0593485200989579,-0.0630719896587885,-0.0123694390143672,0.0144689855921513,-0.0408845419234968,-0.0137934852623534,0.0387318440454926,0.0169165422500718,0.0279411948492331,0.0152077439842164,0.0167344005511051,0.0029090751700266,-0.0648904913867245,-0.0363517947265222,0.0962562559340327,0.0554805757828589,0.0299872541869277,0.0397981033247105,-0.062166005449104,-0.0149550402053475,0.0122218754576819,0.0706601260603512,-0.0036702592282582,-0.0985176700345153,-0.013810130429891,0.0500940635615565,0.0771285157725978,-0.0831554874241619,0.0040874280342591,0.0034306733365492,-0.0559453386213589,-0.0914914913601031,0.0657777678390134,0.0006661040794628,-0.0567272651615956,-0.0786805099711246,-0.084539347203742,0.101047259604535,-0.2224608453971701,0.159481327278723,0.0421956127935234,-0.0658482833348068,0.0887951955675243,0.0430040256324628,-0.0486150219368626,0.0799748463072906,0.0142765968657376,0.0001175483451509,0.0832521078550645,-0.0756119983510317,0.1349299978134885,0.0655765072841996,-0.0238799301964681,0.0310838051120936,0.0862558338292323,-0.004376596551507,-0.0769601972274675,-0.086213382903756,-0.1240683294080607,0.0915583504368715,0.0379237852693314,0.0499853735893334,0.2325092464495111,0.1705105812636274,0.0394158415029772,0.1896045633684604,-0.0533844519005926,0.1084354355033079,-0.1240308794582139,0.0032919674783327,-0.1135777711010429,0.0150899798456773,-0.0239742973723403,0.1675830225477879,-0.0462928475282325,0.0371286785087177,0.3047170327515436,0.0435779598256891,0.179619309806833,-0.151697926943135,stop,1009,35,167.66034380645397,-0.0558877648281285,0.0329090606898425,0.0736362242688919,-1.0,0.5888419547829051,1.317573255887852,2.868177371682044,942,0.4735579836868024,6,0.0920508715367083,0.042255413647843,-0.2948370211753509,0.0,-1.1611057472832147,-0.6875477635964153,0.8477145991454833,0.1068465548421423,177.52357858713128,167.66034380645397,206.051381171984,4.722726012832122,-0.1759908546018275,-0.0562810094770006,0.0265049920043603,-0.2741366791568566,0.8006768512241854,-0.0010876852741028,1.0,0.0457675021250767,2020-07-31,4.0,16,-0.1479815581409547,-0.0384243615966679,True,False,False,0.6666666666666666,2.0,0.1333333333333333,-0.0773828381888614,-1.6576335383635978
ESS,Falling Wedge,bullish,1,0.6542452675763497,5,44,1088,1089,2021-01-13,2021,0,195.3535377020745,190.9560233306861,224.7266453541282,182.11936243831892,0.5107095513849159,0.0230289377349099,True,0.032420965522927,0.0228306867636736,0.0294009366607514,-0.0337561161913894,0.0080904429240749,-0.0135246829022364,-0.0296693506089996,0.0386226479042095,-0.0014114880861592,0.0179242659113383,0.0088183450036387,-0.0076427231377398,-0.0312920751928771,0.0207142130232769,-0.0196927332954799,0.0258110482845568,0.0040614388969459,0.0294818693099221,0.0075999086992237,-0.0492796385266014,0.0241529311369634,-0.0196927332954799,0.03198514019703,0.0247157876062416,0.0324930293085977,0.0192545146773104,0.090483456004442,-0.0153273872869188,-0.055611395501075,0.0025961576090072,-0.054476595606786,0.0324373590532434,-0.2004943183983399,-0.0041132720299477,0.0131778729848064,0.0279140981442045,0.1032282436242753,-0.0437347497469652,-0.0245563959751942,0.0004131919445968,0.0402389441653989,0.035235745522415,-0.0013496757631984,0.0287172135357904,0.0009359912487798,0.0249673376959493,0.1435790941262034,0.1169888249232633,-0.007510134675513,-0.0175611949180758,0.0098960746951908,-0.0378835075071007,0.0229157167144351,0.0484581908564858,-0.0456684812211024,-0.0070047716650282,-0.0431159503343973,-0.026847052004967,0.0148118890836397,0.0457856638236731,-0.0156151655682067,0.0797060962470943,0.0168108276203979,-0.0319356598853894,-0.0452936709383688,-0.0149561733746845,-0.0472316330600927,0.3085709748174361,0.1332624921909321,0.2119576175321478,0.1765650216710985,0.0112716051140338,0.0036091573950596,0.0711017985723192,0.0477029597294553,0.0813112355111125,0.0976927779635268,0.0240660416743669,0.1582629710704388,0.088263080731272,-0.0307982202011759,-0.0330604210473858,0.1047778905507839,-0.106023921182412,0.0098563093858405,0.0109129663196734,-0.1694142476586879,0.1326701449346792,-0.0035704378227054,-0.0449704976033776,0.14854188396845,0.1818474636618844,0.2036326479667662,0.1185064876620731,-0.2244472973631629,-0.0480049460329402,-0.0223204599297131,-0.0074844131521981,-0.0382400895740001,-0.1347136481909092,0.2283664245680656,0.128390450765268,0.0008630527591078,-0.0801959958154967,0.02343531735457,0.0658440321345306,0.0499753662695088,0.0286410953475733,0.1200986527258347,0.1645191899223621,0.1432569911590695,0.2005070236317645,0.0068009645710607,0.0532036050969273,0.1707078821544051,target,1124,36,224.7266453541282,0.1503587188518151,0.1524631875898114,0.0097264568031779,2.2194890929469437,2.250553772442076,0.1435750780036149,2.2194890929469437,1044,0.4869104310716758,6,0.1087658196888941,0.1706308406427374,-0.2866406042823292,0.0256410256410256,-1.4397145290547295,-0.9528040979830548,0.7737068432391642,0.0976419326156823,190.9560233306861,182.11936243831892,224.7266453541282,4.629649788723015,0.048522627464274,-0.0170765480630122,0.0238151445797302,0.06434850445446,0.8907552788739179,-0.0013765184961516,1.0,0.045930307125575,2021-01-13,4.0,11,0.1367575499970743,0.1049077861620104,False,False,True,0.0,1.0,0.1,-0.0180804447994049,-0.1388031925786437
ESS,Falling Wedge,bullish,1,0.6267645340663792,3,46,1372,1373,2022-03-01,2022,2,269.8288573222775,273.24428502172395,312.2288825711164,259.15318441325235,0.8380747577020146,-0.0124995393743547,True,0.0548009041016372,0.0920838641203182,0.0227020290268413,-0.0091129801510295,0.0052783670133198,-0.0222611844419294,0.0334621566089661,0.0381281547520124,-0.0035055957374026,0.0135921762915895,-0.0025606015710271,-0.0243686774525107,0.0039043149566249,0.0378939151576469,0.0048100609728458,0.0258260628463704,0.0507705255951687,0.0071166154911381,-0.0140972443318464,0.0209952449154329,-0.0022195886359333,0.0047142219514548,0.0452475054387506,0.0498843445763255,0.0642240556062078,-0.0141688985643807,0.0267762987359896,-0.0179946145519235,0.0050001680161724,-0.0568875102960623,0.0114081122646256,-0.0415241424475865,0.0318516812894067,0.0149122191325696,-0.0386608131957836,0.0414279464163636,-0.0020161548231545,0.1032282436242753,-0.0693851761481574,-0.0497254931253834,-0.0006813803067949,0.0160274248676066,-0.0472873319212681,-0.0020350908783001,-0.0078874445684633,0.0547654424003379,0.1171168342706101,0.0463123841994346,0.0044087721139369,0.0635325358801526,0.026092218178261,0.0762753726190699,0.0257436542266582,0.041888520689169,0.0336355535069123,0.0132397413499174,0.0515477019734049,0.0924622792535201,-0.0016921238473212,-0.019604792562492,0.0559508179363577,0.0268032832638627,0.0961407917014909,0.0158393889716152,-0.0054080066192466,0.0201183896143677,-0.0985176700345153,-0.0138317523044126,0.0918856004750746,0.0774786494256423,0.1094043364634042,0.0036091573950596,-0.0812705184720169,0.0072916595328806,0.0148904688295286,0.0364243928500147,0.0506364167256321,0.0859856731770856,0.1214383804796708,0.0273744639547226,-0.0987123081894512,-0.0085335180889212,-0.0561856202100062,0.0200582251675385,0.0353711772250697,0.1066739986548455,0.1254250579790119,-0.0698513823690524,0.0814086853428759,0.0622291209173562,0.1382419624729987,0.0473533747569001,-0.1096843133684767,-0.0315901508248643,0.1200986527258347,0.071019111066056,0.071106957465882,-0.0257457759630183,0.1831228625886578,-0.0072844857627542,0.0823689212991349,0.0484495069775368,0.1031554967970294,-0.0207991549402242,-0.0021481401550269,-0.007817739366154,-0.2362284799945174,0.1321299365426202,0.0645698117893451,0.1329625607145497,0.1209270831959772,0.0220122391187347,-0.0038247520485807,-0.0911256356314897,-0.1475317621894564,stop,1420,48,259.15318441325235,-0.0395646077849796,0.1449075025458872,0.0727242834210159,-1.0,3.6625537483755912,1.838114605261552,3.9716489639724943,1324,0.5460575966058177,5,0.011933155787617,0.0119487681187004,0.2743897474311583,0.0,-1.1957384397441997,-0.6496808431383845,0.7914975922794443,0.1126516334485536,273.24428502172395,259.15318441325235,312.2288825711164,6.636542640429574,-0.0258116975035199,-0.0529146946998221,0.0248695039429255,-0.0214399748967029,0.3091189524972951,0.0019231449507013,0.0,-0.0442977118354123,2022-03-01,61.0,5,0.0391130470281124,0.0247545919031642,False,False,False,0.0,0.0,0.0,-0.0261119795819331,-0.6105714351789215
ESS,Falling Wedge,bullish,1,0.7041861497601268,13,218,1587,1588,2023-01-06,2023,0,187.1706282395945,187.1113705393016,336.9291701519187,160.36873534406186,1.2015397305471542,0.000316697484082,True,0.0205947477127286,-0.0002315410704722,-0.0079915703566714,0.0146954848954528,-0.0325802117750917,0.0096262228685739,-0.0716846143804332,0.0299636989557348,-0.0281191820406369,0.0293609372032714,-0.0222611844419294,-0.01317611832968,-0.0053337201673823,0.0472120376309712,-0.0133255349411507,-0.0082469954824856,0.0305750577672696,0.0477033763656051,0.0103986443907677,0.0162990476092754,0.0241529311369634,-0.0193003222062312,0.0186963484776189,0.0127960546537495,-0.013486541749732,-0.0454915401772421,-0.0473231601359114,0.0643372600573073,0.0257374861575863,0.0263959518267229,-0.0165594609296995,-0.0144589821926978,-0.0748030258692096,0.0210344904001043,0.0073569406820153,0.0419764205138817,0.0077996579533952,0.0078496898503037,-0.042450757596619,0.0400869715108564,-0.1232044853914818,0.0527579211075563,-0.0930301343507238,0.0377505452427926,-0.0934517686846977,0.0236805536550375,0.0580953562066368,0.0082452586867298,0.0165441644894464,0.0162584071295091,0.121231920743638,-0.0006475675978148,0.0109253799945723,0.079205369408084,0.0238076218311524,-0.1022194249417364,-0.001343947695888,0.0752617015779206,0.0432627527250519,0.0634221988093817,0.0664975979360198,-0.027637777417403,-0.0274902797622877,0.0433825973493351,0.0128619898687676,-0.0049385609457102,0.0393588316862378,-0.1010605002996019,0.0407612324622031,0.0647736729541281,0.0445365349075761,0.0952318202244997,-0.0288790286371718,0.1274035652333884,0.0419687505888375,0.0657517895788122,0.0206461057965265,0.0411056381227583,-0.0101793353289376,0.0589951072973342,-0.0156454981850965,-0.0012719739340552,-0.0358450517270041,-0.0579441274784897,-0.0251804964781664,-0.0600413325734022,0.1547095213602345,-0.0700378272096291,0.1695593321655839,0.048660157255234,0.0379212124274084,0.0369272565291949,-0.0161967701053941,-0.0670708093163628,-0.0949869773327317,0.1673655200399846,0.1292500222685433,0.0555805027925437,0.0914937846094949,-0.0482065590728933,0.0769608521447464,-0.0599154413335589,-0.0661418527366318,-0.0445285702504257,0.1906497018755324,-0.0404421038718516,0.0266067088640344,0.1589538519860913,0.1457132766165447,0.0806895511576109,-0.0541766842788721,0.0002207523452706,-0.0019102962388015,0.0184061667303137,-0.0527758804211413,time,1647,60,184.1390686035156,-0.0161967701053941,0.1253441982493172,0.0891983430104841,-0.1131099078671491,0.875339380839905,0.6229153278194745,5.58761063989201,1369,0.6279922067198545,6,0.0965908360639162,0.1311256587363916,0.2116306897046858,0.0294117647058823,-1.6985919488792205,-1.0705997421593665,0.4828092619401905,0.307108047588959,187.1113705393016,160.36873534406186,336.9291701519187,4.541906996939312,-0.1751274476289757,0.0122109934351244,0.0242017129881928,-0.1674453112096112,0.8887594240208211,0.008305835467784,0.0,-0.0083883299296686,2023-01-06,1.0,5,-0.123539096591364,-0.1333795382686629,True,False,False,0.75,1.0,0.25,0.0289748683282888,1.0462310119860772
ESS,Falling Wedge,bullish,1,0.6450592259700928,3,25,1775,1776,2023-10-06,2023,1,193.6376970217461,190.80875540033665,216.775794367569,184.15090314995723,0.6005368326871459,0.014826057721901,True,0.0233619604803303,0.0141940929091599,-0.0075243198101913,-0.0058695974235996,-0.0051679917447345,0.0413549946963824,0.0265661672174248,0.005421356775636,-0.0518490286714193,-0.0174386208641704,0.0089821770597697,0.0240331756352076,0.0155687820447218,-0.0511996313366729,-0.0247663553347772,-0.0132817356000598,-0.003860276620212,-0.0079122184572875,0.0052522635144409,0.0188106375075123,0.0272419751619481,0.009867746294248,0.0236504854781219,-0.0129634357242278,0.0019810122010013,0.0450388361280964,-0.05085335328826,0.0489872877086332,-0.006106261099025,0.0438286985105469,-0.0277027222166622,-0.040749896036611,-0.0331842267973998,-0.0031600846875664,0.0274104721628232,0.1166310559201082,0.0143902411400029,0.0173728716107997,0.0233142603689133,0.0708934769791658,-0.0464203114148558,0.0211959006461157,0.0688836872423945,0.058115486128464,-0.00482548521771,-0.0301164324136265,0.0131031317386489,-0.0035255352002776,0.0144334468379667,0.0279875879629052,0.0459840528000576,0.0008411497784519,-0.0706531454637844,-0.0105939165339751,0.060603703198758,0.0401083956809456,0.0281876290757612,0.0088756619698837,0.0212503658315401,0.0726694758362547,0.0295357276258476,-0.001952144166647,-0.0190465686861183,0.0479460051390188,-0.0482090525142738,0.0850756008949236,0.008172232028357,-0.1043405699687911,0.0012593498722948,0.0387968142160384,-0.029284142075483,-0.0416581134587805,0.0972308973901832,-0.0042291056321484,-0.0489544018282536,0.0601215802648498,0.0005485489796079,0.0331737480090701,-0.0834201555819509,-0.0125187428556799,0.0229506391925897,-0.0156454981850965,0.0482317276685864,-0.0023986198228724,-0.007505403476449,-0.0708298620564374,0.0321188482624945,-0.0198678855585023,0.0306690459815912,0.0050990243559108,-0.0190486034355774,0.0385934308053816,0.1423592360771877,0.0415343165514741,-0.0319854507065572,0.0635456170641834,-0.018092585947688,0.1840680109014878,-0.0238032120554358,-0.0708219804373632,0.1271329833808003,0.0693709045053863,0.0519473142331372,-0.0441639668487873,0.0774550885473752,0.0920619782599978,0.1811186937301105,-0.0235083019382006,-0.0083754719996745,0.1017991251842012,-0.0972247573387886,-0.071207172451307,0.0862468078641371,0.1294214004024745,0.1036099848597132,stop,1790,15,184.15090314995723,-0.0489924948380453,0.0381905637597872,0.0494287465949321,-1.0,0.7795186566030974,1.0089044609450686,2.438979665683393,1749,0.4768052307813084,6,0.0721999035068462,0.012009517989941,-0.2529006099878726,0.0,-1.7285538052784108,-1.25174857449708,0.9295090334735324,0.0644391221033774,190.80875540033665,184.15090314995723,216.775794367569,3.9081282095338303,-0.0139962034596741,-0.0530665747677165,0.0200443511009202,0.0514705325693867,0.8417547633058052,-0.0085704619305997,1.0,-0.0324673634867794,2023-10-06,1.0,5,-0.045863012600411,-0.0741271609193419,False,False,False,0.5,0.0,0.0,0.026179673087456,0.6085866731421006
ESS,Falling Wedge,bullish,1,0.7007345061168351,3,28,1866,1867,2024-02-16,2024,1,213.7404460561993,206.9187893010028,234.3269863131716,202.3864177166222,0.8170313265897242,0.0329677975511111,True,-0.0373481086531467,-0.0539638343701033,0.0157676152731083,-0.0624757198015244,-0.0100954036743788,-0.014299802670345,0.0139286837097347,0.017944374939153,-0.0084012957876098,0.0066524539925494,-0.019164379516555,0.032195789636213,0.0123574981133294,0.0117050755549426,0.0393625362065761,-0.0030772829310057,-0.0133965695334395,0.0272557428371409,0.017441602271492,0.0326244680740481,0.0258260628463704,0.020596437054275,-0.0444855029828504,0.0384993512965365,0.0092058326214288,0.0143586567787277,-0.0179946145519235,-0.2367514692681042,-0.0582976082869248,-0.0006900148717253,-0.0283307220138461,-0.0291706798805579,-0.0245563959751942,-0.0754614946219108,-0.0270692657287275,0.035457093137817,-0.0268123392172713,0.0076359099393383,-0.0578108126050642,0.046973302881561,0.0375266329423202,-0.0131676974054136,0.0626492797739755,-0.0070244949588662,0.0602534470060331,0.0554135156428244,0.0130036484888789,-0.0206165063050636,0.0396682634053786,0.0730085057208789,0.1060216579464814,-0.0669340992946425,-0.0133819565416011,0.0134719393541691,0.0119363120521087,-0.0854284222896587,0.3087950588576063,0.0680261566584723,0.0640120410462639,0.0460537817635826,0.0456498653764398,0.0726367130649674,-0.0275844167240078,0.032951854064142,0.0580441483277958,0.041888520689169,-0.0071414562427408,0.0391807715765972,-0.0280401134516912,0.0024435233645083,-0.0123729639827876,0.04932707137215,-0.1271634981582299,0.0731337873651516,0.0387968142160384,-0.0030341956042322,-0.0221805606917353,0.0005485489796079,0.0175126434989654,-0.0566506352830195,0.1783849845447811,-0.1183519952417357,-0.0615704878121808,-0.0163067279102645,0.0899987481063115,0.0463733954151952,0.0463853493662702,0.0589112425567697,0.1154629042942767,-0.0697148994870398,-0.0111010747806876,-0.0089945473728112,0.1414589828463646,0.0867980665092942,-0.1349110208770785,0.1214871224686398,0.0555805027925437,0.0802273985470141,0.1448653988215928,-0.260659711036348,-0.0418532412657085,0.068499398442978,0.161196603985174,0.0579048967361872,-0.1011610114965276,-0.1836253573674744,0.0654881831494258,0.1550631970325229,0.1063667053525181,0.0084273564382952,-0.1216473347312665,-0.1276079022717278,-0.2526920313323327,-0.0098800526555479,0.1519055278097206,target,1920,54,234.3269863131716,0.0963156044483943,0.1013524722377738,0.0390108645822521,1.813148570821611,1.9079679896066932,0.7343824894098459,1.813148570821611,1837,0.6365284739957031,5,0.0475105058408656,0.1568316497210664,0.0393385233122443,0.0,-1.766044704413017,-1.1295162304173234,0.458805798179737,0.0649233842627304,206.9187893010028,202.3864177166222,234.3269863131716,4.6566352810006055,0.0472159203077118,-0.0112866605920417,0.0217105001837317,0.0157480457206593,0.8013856243238358,-0.0115933031465703,1.0,0.035404219624634,2024-02-16,31.0,13,0.001199743920075,0.0047472922428126,False,False,False,0.1666666666666666,0.0,0.0,0.0155717468628518,0.0098065213252643
ESS,Falling Wedge,bullish,1,0.6617519742843088,3,19,2093,2094,2025-01-14,2025,1,273.8128932637883,260.4297841931311,285.9546462931539,253.4087249779143,1.787111385628989,0.0513885503231552,True,-0.0339947233521601,-0.0612845199552439,-0.0652442717027411,0.00551747381568,0.0753836711705848,-0.0140318265408403,-0.0052297734726592,0.006345657851591,-0.0145815145430705,-0.0263185695768028,-0.0291476102538983,0.0172678745457834,-0.0340076132971213,-0.0079122184572875,0.0179826662922866,-0.0706844977080267,0.0137322332564713,0.0249176748100785,0.0024893930914464,-0.0495960409601324,0.0014814278387744,0.0497093727674282,-0.0288983987985373,-0.0453148965479995,-0.0647614232193837,0.042124513672819,-0.0674354883224617,0.0017501331770399,-0.0479666965641288,-0.0115153151370511,-0.0591488631857438,0.0107235290214093,0.0175795174431581,-0.0351102597918311,0.03616923531494,0.0172958802600271,0.0154086201387175,0.031539280615686,-0.3439985784514761,0.0441884801125405,0.2552944866902564,-0.0217579317048826,0.0194368285515642,0.0146942571156212,0.0160653783492925,-0.0420817469132744,0.0023124629673842,-0.0197599496323552,-0.0055001132417615,0.0510580428457343,-0.0081351461853231,0.0476774727321867,0.0497176924505273,0.0285211840639965,0.148986326462029,0.0753841664068197,0.3413022100661169,-0.1704166830742688,-0.0906292615603518,-0.0226601012864109,0.02045629620477,0.0398304650118825,-0.0297565049318376,-0.0009149128208865,0.0336594635614662,-0.0550244026725492,0.0019930147085411,0.1699618548502681,-0.0289630902121631,-0.0038997673964085,0.0620126657577874,-0.0218528354938736,0.056894750334629,0.0358537185213967,0.0655765072841996,-0.0278749004942842,0.025281153815891,0.0877443146954999,0.0072916595328806,-0.0331597832844966,0.1382419624729987,-0.0165875423580282,0.0523547740635421,0.0079106099588424,0.0264908282276858,0.0349967331247214,-0.0530203204331869,-0.225475326321853,0.0050747019978922,-0.0911516446886788,-0.0157212313977503,-0.0068431738743099,-0.0851550116447996,0.0235502130796873,0.0380956500677911,0.1460678329018747,0.0649458753405589,-0.0611227217179426,0.1058230003387883,0.1460202351813047,-0.0098661549726301,0.0826432710348141,0.0805811559530018,-0.2671742294559617,0.0265040875047144,0.0375723588658956,0.1075466641065268,0.0055089731927704,0.0692471867406923,0.1075466641065268,0.1072943647810236,-0.0473370842840038,0.0299495030151912,0.0658810966221812,-0.1269413981109555,target,2121,28,285.9546462931539,0.0443432479918628,0.0458327162597192,0.0528041567887051,0.5950623842762315,0.6150502421556776,0.7086032002921585,0.5950623842762315,2073,0.5939615788842116,6,0.1396397990454141,-0.0162068848545496,-0.2045087779353513,0.0,-1.0934599583174494,-0.4994983794332322,0.5063884162104602,0.0737447290870447,260.4297841931311,253.4087249779143,285.9546462931539,5.812791248717373,0.0303562773030612,-0.023790630786644,0.0216238513941,0.0479511963796788,0.2964289022948109,0.0004592959815854,1.0,-0.0333932108242891,2025-01-14,3.0,6,0.0273895065904743,0.0013394636561454,False,False,True,0.2,2.0,0.4,0.0060053926725987,0.1103755933254515
ESS,Falling Wedge,bullish,1,0.6635016950037776,13,143,2333,2334,2025-12-29,2025,7,255.37236700644976,251.0400190712236,292.57954295666616,237.1727757863788,1.235352396569984,0.0172575988133472,True,-0.0145815145430705,-0.0209238374844196,0.015011728432132,-0.0182963340547442,0.0148051548528522,0.0146851990032954,0.0756941975743688,0.0092877576067709,0.0423413132385652,0.0041442930581019,-0.0291036305462826,-0.0114131201496378,0.0166484925916883,0.0148327963791328,-0.0094333766772087,-0.026546290202141,0.0009365978185902,-0.0212735247200291,0.0146954848954528,0.0510526783506883,-0.0157779811779339,-0.0479075597330436,-0.0193007083701014,-0.0402720532784448,-0.0494655029481299,0.0145602611226496,0.02489763956797,0.0460335072430351,-0.0300700076359721,0.0384993512965365,-0.0536551569798217,-0.0047091968527471,-0.0084858079289551,0.0695131698629238,0.0255865830251977,-0.0021224956184733,0.0015701075605325,0.0084058270383711,0.0502757420396584,0.0007060877266167,0.018603663247283,-0.0231910930023481,-0.0112087369747126,-0.1010752038817235,-0.0231677789123115,-0.0423203763756303,-0.0573222789750671,-0.0689158412742783,-0.0064127734554088,0.0067706044582498,0.0308829890684254,-0.0538085642160152,-0.0344445653755732,-0.0181964004822113,-0.0273298066230233,0.0403584118945652,-0.0375928384371414,0.0554805757828589,0.0414995188978948,0.0816310760443803,0.0312720848113512,0.0096962451092366,-0.0316444302099332,-0.0673027595367848,0.0028006585822843,0.1035635936604979,-0.1284047378595196,0.0221102943219699,-0.0583687377968723,0.0089586405544515,0.0062675413890795,-0.0038997673964085,-0.0799708283293849,0.0545092925015502,0.0484213163847448,0.0543670850870547,0.0030646900197355,0.0859856731770856,-0.0312266110112677,0.0801686026102146,0.1500056422363682,-0.0245718533227976,-0.0393786428849188,-0.076894494774933,0.0417489224221958,0.0127608037476851,-6.327065761835282e-05,0.0896609450486223,-0.0742905243967605,0.0161911134652641,0.0732656155317867,-0.0100340449184594,-0.0641192694644919,-0.0050630307145413,0.1864895391638603,-0.0085569159490961,-0.0523033421341803,0.1347437934440767,0.0437801781260402,-0.0285708310951688,0.0822130202434709,0.0054134012284792,-0.022556550935475,0.0664834239979428,0.1692436004581392,-0.112019787745288,-0.0314929799738047,0.1295057879972014,0.1458444051172216,0.169152577147738,0.1263697680881492,0.0588224952358418,0.0841126132894896,0.012329103131567,-0.1220694344063022,stop,2389,56,237.1727757863788,-0.0712668775929517,0.0233590968807245,0.0784046061616443,-1.0,0.3277693322575808,1.1001549220306874,2.0443962449652893,2183,0.6281771577008248,7,0.1417344861219384,-0.0231814412887377,-0.1174606341289633,0.0072463768115942,-0.9881146866235722,-0.3599375289227467,0.525114287104074,0.1568320853921051,251.0400190712236,237.1727757863788,292.57954295666616,4.040201453149188,-0.0223327827871147,0.018449683149619,0.0158208251257827,-0.0629726195193883,0.7403304670375989,0.0043484016712886,1.0,0.00950042509177,2025-12-29,3.0,6,-0.0624602235360671,-0.030621368486165,False,False,False,0.4,0.0,0.0,-0.0227972206772603,-0.9878929972267506
EL,Falling Wedge,bullish,1,0.7588678397027353,3,29,784,785,2019-10-29,2019,0,175.84811149111027,170.9842493787624,189.74043033675,167.9332293635657,1.649512337633152,0.0284462582373508,True,-0.0451481773291823,-0.0570125882596056,-0.0176861606977741,0.0228856030844031,-0.009093751407545,0.1236297731210249,-0.0467786231028802,0.0274340071263894,-0.1155899261138679,0.0228430825598848,0.0233532981845088,0.0107488374797979,0.009288988304609,0.0271467132342679,0.007489560872494,0.0042163864642772,0.0029860159950365,-0.0069760898056918,0.0089081503059778,0.0149240530968461,0.0219432665141801,0.0102960919501526,-0.0522466411874868,-0.024649724276448,-0.0430066399226825,-0.0292338119014227,0.10105206265047,-0.179151350769054,-0.0216667024990986,-0.0793536727618269,0.0584344054368015,0.0378302245248329,0.039094550139602,0.0053166248653495,0.0540103731523635,-0.0715450396003642,0.0031468032210215,-0.1914103641769494,-0.0530928256394822,0.0178282254456292,0.0901932625486903,0.0584317972861549,-0.1740763248652965,-0.02319719374392,-0.0094556523340654,-0.0063074938254198,0.0141147844328688,-0.0209842200894416,-0.0810358359278542,0.051433196704854,0.1031140804982351,0.0826691086087254,0.0161222484107412,-0.1264055188013809,0.1712601840544243,-0.1812297721742647,-0.0867446736376402,-0.0441326043427995,0.025747844723972,-0.071413260155205,-0.0838198723147896,-0.0133866646944398,-0.0476833896550815,0.0704300440852856,0.1185358241737968,0.1017015749936631,0.0258572590671415,-0.1089946798594653,0.0180135297449729,0.0781018173668905,0.0085710491836716,0.0792244521241423,0.0242303436570383,0.1133331158014827,0.0239536539123954,0.1744101459057889,0.0789348927789761,-0.0749659955395685,-0.0056356425609417,-0.1306852331619835,0.0589606912996623,-0.2909786185481826,0.0284940904322226,0.2135066615083607,0.1819970635875993,0.1792818145196297,-0.2202220022182152,0.0435999896501169,-0.1126441696806301,-0.1289968475017477,0.0287356671492671,0.0648751137111199,0.0247794779290642,-0.0466061015204402,-0.0362002091211932,0.3190955335869478,0.102368386079706,-0.1940135749209157,-0.3330454628615881,-0.062552895798581,-0.0807096465133634,0.1800671585357058,0.1266443605633134,0.2296908782132005,0.1879246821836775,0.1047042918186447,-0.1285154690206477,0.0197987073147369,-0.1192193330714509,0.2044990941108624,-0.2698755901835514,0.1153530959380397,-0.041145146536122,0.3328976482019719,-0.0081088474969054,stop,786,2,167.9332293635657,-0.0450097647363401,0.0100674752056551,0.0656460938749485,-1.0,0.2236731354769084,1.4584856032794804,1.7552148751897494,755,0.60446823657736,7,0.1468784088241797,0.0737001907539409,0.1740416406557074,0.0,-0.9476539946129154,-0.3431857580355568,0.2550215937741549,0.0856874020295574,170.9842493787624,167.9332293635657,189.74043033675,4.025641506117888,0.0978508476973187,-0.0230485194298123,0.0231619671963642,0.1237039401796993,0.6232624086112794,0.0018307344008394,1.0,0.0339997335882868,2019-10-29,56.0,11,0.0025193096708537,0.0276594661225244,False,False,False,0.1,0.0,0.0,-0.0374139894239312,-1.000898809599252
EL,Falling Wedge,bullish,1,0.6435562673666495,8,74,1389,1390,2022-03-24,2022,4,259.22107154208334,255.24931129279685,385.92081969331184,226.0852406236154,1.161931368172458,0.0155603172019158,True,-0.0236274881910494,-0.0246914247199723,0.0384296925929912,-0.1576351780230942,-0.0344772900922071,-0.2200747444150372,0.072073944938108,0.0048213141424036,-0.0919433755037943,-0.021069902398315,0.0089335846784415,-0.0285578394024504,0.0013687836097482,0.0018015641285582,-0.0213637122324747,-0.044029572740069,0.0217775881535664,-0.0228361142870595,-0.0069204587363912,0.003381260142766,0.0127959164190887,-0.0450515302685579,0.0028013152736395,-0.0426303177395376,-0.0373327919152512,-0.0502804152367261,-0.0617595335571536,0.0243749149564116,0.0658272200996643,0.0014362779511403,0.0095443498987453,0.0854911166477374,0.1942384957056302,-0.1263178666973773,0.0789621493387831,0.0118779816824527,-0.2390077111750511,-0.0306783268153151,0.1332164401037558,0.0907201119099296,0.0410268221025811,-0.0512589314946384,-0.0412999725341795,-0.0705502683537523,0.0252247867174657,-0.0471696998020428,-0.0533147811785901,0.0023638867388626,0.0181591658452382,0.0245406218442707,0.0837600295445213,-0.1101930646860498,-0.0140777169878828,0.1411784984548705,-0.0587062617046759,-0.0504215172577099,0.0591411815942024,-0.0300805023757708,-0.1754802563160837,0.0249064764692255,0.064655180275517,0.0535087176880704,0.0524385211480111,0.0487157964379785,0.0926386146660478,-0.0538543457152159,-0.0706275429498324,0.0111999755316845,-0.0588848597539109,-0.149510623713847,-0.0131289468269452,0.0048668917463383,0.0563434474445698,0.0491241617300084,-0.1846132336616696,0.0604126681695234,-0.1254664845232194,-0.012476393313528,0.1625355415791958,-0.0212891450694263,0.0446780766326631,0.0362221235788831,-0.0010959635111484,-0.0296438423610687,-0.0221537488220652,0.0527709581561224,-0.1988767959940645,-0.3039155833258622,0.1285183072826965,0.1695555621829798,0.0216430956064614,-0.1438676058902165,-0.1130565607834394,0.0520063787236314,-0.0654483956123694,0.0182440595077462,0.1000048141581555,0.0908259730578042,0.0690161583133737,-0.1804518959887001,-0.1864491587593268,0.1208205323732596,0.1019670252724023,-0.2109942147993286,-0.3131888023961173,0.0346080479168595,-0.3170156726292797,-0.0016116193578128,0.0887465108457576,0.1155394060522139,0.1152038143758267,-0.0608302925982707,0.09811617849379,0.1291176508487099,-0.100367566737174,stop,1416,27,226.0852406236154,-0.1278284620974128,0.0382920389771156,0.1843604717520311,-1.0,0.2995580041316217,1.4422490009426658,3.823647834966878,1311,0.6217877401590141,5,0.0173349843115822,-0.0293425062717904,0.3806572253375151,0.0,-1.4524118457628137,-0.8306241056037955,0.5213325783876512,0.2820440975732888,255.24931129279685,226.0852406236154,385.92081969331184,10.679537376236254,-0.1388332826812841,-0.0629817030625101,0.0415306231110511,-0.1356094962869514,0.9678295588427815,0.0089237193546716,1.0,0.0550768653614444,2022-03-24,40.0,5,-0.1086057795183295,-0.0751689272572926,True,False,True,0.5,1.0,0.25,-0.0464286919531106,-0.7523056799217613
EL,Falling Wedge,bullish,1,0.6505579964727267,3,36,1542,1543,2022-11-01,2022,0,178.90521978148152,190.17087027060325,243.08648731197167,174.60778525324054,1.6497153700189753,-0.0592396220992799,True,0.0851907297499559,0.0901402425973881,0.0242962765419239,0.0091614935990866,0.0040865249637609,-0.0080409755430653,0.016423484094288,0.0027283028517155,-0.0060332836523172,-0.026387033136049,0.0678658515055057,0.0082332197610388,0.0133804263797365,0.013790035191012,0.1424993726967589,-0.0074319634860398,0.0091614935990866,-0.0092590351032322,-0.0456327385943708,0.0018705293334086,0.0069380096984228,0.0314223703141121,0.0727371116992167,0.1848408498387808,0.1468364635584349,0.0118956352634267,-0.0405684571292187,0.0261127462419656,-0.0236789898052751,-0.0244656795374288,0.0142287581947979,-0.0200599019173578,-0.129564459452606,0.0495129056868421,-0.0605854240402914,0.0383535952849056,-0.0561473389888642,0.017104303441888,-0.0219772994532956,-0.0793484509861679,-0.0161638373616097,0.0512540422775027,0.0269366756275797,0.0013141015298332,0.0199057534556001,0.1956379159221694,0.2345790422295874,0.1726359711693417,-0.0440217107836181,0.0589962600944604,-0.1706461815305422,-0.0147836401959152,0.1047165862956849,-0.141137398023325,-0.0556981288920875,-0.1380513691889278,0.0815830756309283,0.0258572590671415,-0.0704238764836951,-0.02528157824825,0.1689092709686692,0.0284246400184173,0.0777036355860867,0.0632315341222,0.0351752562247555,-0.0402631501143428,0.0440055002416048,-0.062262019629356,0.238277343971593,0.3086153583002746,0.3052273513472241,0.1448621417948965,0.0398678913577519,0.3228800542679431,0.1354671647252465,0.0227327069597653,-0.1216064213144831,0.1153149825845294,-0.0351340505595898,-0.1477779634925125,-0.0296438423610687,-0.1358220838559861,0.2587854078521647,0.0419859581089492,0.3650471397819319,0.0300754850921423,0.0982931270431421,-0.0370832699928272,-0.1103541384661828,0.0106269526906777,0.0961298260999901,0.2553830048844506,0.420035810905687,0.3717693992326703,0.061623619778055,-0.2251773753544288,0.1794507404422538,0.1400128225484835,-0.0202992100767165,-0.2994902860236347,0.4019473666445474,-0.0223754459136544,-0.0686245297421614,0.3558393277676146,0.1471193520318938,0.1648990701957364,0.066671219336464,0.1235642610265492,-0.1265150820119449,0.1266443605633134,0.0814969833173644,0.1309412258083635,0.0759850867615463,-0.2041146144396237,0.3655558662726859,stop,1544,2,174.60778525324054,-0.0240207330646359,0.0309025314120603,0.0266221070583291,-1.0,1.2864941019454608,1.108297027684099,14.934786582254397,1506,0.3333798920954738,7,0.0889549192304708,-0.0281255162040432,0.2366576951272385,0.0,-1.888770851316508,-1.5553909592210378,1.6662942485875318,0.1044002760049966,190.17087027060325,174.60778525324054,243.08648731197167,7.120911455091502,-0.2004136789682304,-0.1028502951335,0.0368785340446066,-0.1538082080759419,0.5159221121278279,0.0270337176959829,0.0,0.0173289850333142,2022-11-01,40.0,5,-0.0308916898150029,-0.048276386963731,False,False,False,0.25,0.0,0.0,-0.1296732543527431,-1.9564350648026017
EL,Falling Wedge,bullish,1,0.7637369012651991,3,44,1639,1640,2023-03-23,2023,0,223.4473780925316,222.39782369677775,278.40575711824204,212.1855926415869,0.8078274164524949,0.0047192655859116,True,0.0371180206655554,0.0068505479098208,-0.0069493227048751,-0.133151493955957,-0.0228361142870595,-0.0102000884107797,0.0078885731119728,0.0026327041495619,-0.014089846097236,-0.0691304581270567,-0.0249373525317595,0.0002848767206562,0.0352156592095678,0.0404215787246493,-0.0438774227507751,-0.0515967624349128,-0.0009584810760651,-0.0126208721414255,-0.0763924716473132,-0.0265508833607833,0.1670947310121757,-0.0610589452889177,0.0521586402598721,0.0141661288920089,-0.0301122090865562,0.0543419504053535,0.0298920094455599,0.0598765435237007,-0.1728908747093773,0.2092398296622626,-0.0600853182870286,-0.0740348505816663,0.0584454251979764,0.0236729877253578,0.0741997713695461,-0.0184274663956569,0.0578330846821735,0.0016113777234436,-0.0671757206415862,-0.0271071487780335,-0.0314362359121601,-0.0154431890641481,-0.0758995987162686,0.0785500114176904,0.0701020049469378,0.0054028992413051,0.0770944684652248,0.0251345824043822,0.0134803736669828,-0.1044654449396176,0.0607561421962596,-0.1072651049329295,0.0433732275046594,-0.0068446710999472,-0.128673818473651,0.0244735287271056,0.0284246400184173,0.0969191209943236,0.0365104791677817,-0.0353618191664135,-0.300329307601434,0.1396372630795814,-0.0815537274579952,-0.0461975968181407,0.2022145176735958,0.077989867659896,0.077431227696852,-0.0185974183705894,0.0784983944889879,-0.1597796884552449,-0.2281239235238792,-0.0662180945567004,-0.0994564614945103,-0.1849266448764315,-0.0020297256756257,-0.2507970398693779,-0.1519601278628938,-0.1086912095616475,-0.2305033813057759,0.1488051204431844,0.1819970635875993,0.0579655211871081,0.0266461355598757,0.2297156335158112,0.1249078668616838,0.0078239559953046,0.0707811021344482,0.2290687087113641,0.1587623381272587,0.1098374809246627,0.1313662742652357,-0.1789344142607736,-0.1667456856701774,-0.2866007100048315,-0.2950768194414357,0.1664066958918231,0.2006983001032667,0.1397013769910691,0.1000048141581555,0.0005565795528219,0.0346080479168595,0.2961366490409294,-0.2663006192487143,-0.1887587657313353,-0.0752872032482097,0.0360341032519815,-0.2497435539731662,-0.0941538490653196,0.002643448030497,-0.0300294655636431,-0.279678381934058,0.0935716780434059,-0.0090305811403675,-0.248839036781044,-0.1334188565128532,stop,1667,28,212.1855926415869,-0.0504001682502672,0.0948757133204562,0.2000503387138545,-1.0,1.882448345198792,3.9692395017509456,4.880076899449399,1595,0.583662495052949,5,0.0183500399020676,0.1831310054580812,-0.3751415464824704,0.0,-1.286197165424689,-0.7025346703717412,0.4018063951626593,0.1465619085444759,222.39782369677775,212.1855926415869,278.40575711824204,5.802785558758779,-0.0206539323415676,-0.0603269393722872,0.0258790664337349,0.0094180212923145,0.2012829115323142,0.0208175302429411,1.0,-0.0149488117845014,2023-03-23,28.0,12,0.0909780968216991,0.0394899024936357,False,False,False,0.0909090909090909,1.0,0.0909090909090909,-0.016735332345237,-0.0353170297594374
EL,Falling Wedge,bullish,1,0.73238101528033,5,66,1981,1982,2024-08-02,2024,4,87.60188779427757,96.4014143283805,143.6722360901988,90.7388194766702,0.726221324594162,-0.0912800563706288,True,-0.0221563500070269,-0.0638848095246653,0.0510359325214986,0.0073114851030731,-0.0383267728785639,-0.1192807191893841,-0.0201064145711267,-0.0124828235265432,0.0309664281897739,0.0119108588154384,-0.0791666806349702,-0.0543705430083081,0.0048474688643076,0.0110080490248754,0.0307840321350667,0.0154839054018376,-0.0262031597613117,-0.0048385787566926,0.0032385442751263,-0.0647821112702794,0.0305357635938121,0.0786130562439073,-0.0149652360356038,0.0416804491978761,-0.0417182037935619,-0.0225224155055895,0.0004064082946741,-0.1278021379991805,0.1446836324308762,-0.05915569547874,-0.0257814424987242,-0.012259843407147,-0.1278021379991805,0.0041827554408766,0.0031468032210215,0.0487475953582221,-0.0164721087921477,0.143774659826352,-0.0148296315751801,0.0503865601638533,0.116030774360563,0.0354272547897553,-0.044029388128698,0.0278343500896101,-0.1954717083818794,0.0452557349874092,0.0127548676758699,-0.0889574660036613,-0.0322570666904451,-0.1534223679692377,-0.0059924184065246,0.1131096341567412,-0.1554313015877282,0.115518792251779,-0.0521927704823035,0.0785650256519483,-0.0855041785510547,-0.0356848724192265,-0.1469212707694194,0.009021929417142,-0.0966497269362463,-0.0399110072972425,0.0783705743690923,0.0443113410079269,0.0066621639377151,-0.086523624813438,0.0591411815942024,0.0942941378490134,0.0273296589602352,0.1014785464808696,-0.0233748851443102,0.0913376160100418,-0.0190421086884918,-0.0208149454757724,-0.1030504482639352,0.0851357000142591,-0.2032783229259204,0.1449271323864387,0.1133505781179455,0.1036365414003417,-0.1547399293995321,0.004404597489823,0.0942139479349646,-0.089281317584227,0.2562998022976386,-0.0660168273284644,0.1230315873679963,0.3463537265225413,0.1133505781179455,-0.2057245514829798,0.1193176929107167,0.0648079940098031,-0.01972945358549,-0.1584434380316716,0.120746872257105,0.0185744937219629,0.1036450026476383,-0.0880986026210453,0.1803901583606768,-0.1130565607834394,-0.0553444823169094,0.2198213505324748,0.1128687559885621,-0.0088545540041771,0.0704541182328248,0.079946586358329,-0.2135452983656934,0.0595714829230957,0.1309412258083635,0.1130285531508556,-0.2236279801668301,-0.2140534426982735,-0.248593274736346,-0.0328363573399853,-0.0203283559329495,stop,1982,1,90.7388194766702,0.0358089507130179,0.0205111635860381,0.009981310200627,1.0,0.5727943203480008,0.2787378574876389,17.874265037597187,1911,0.7242880903004412,7,0.1103639048791516,0.1892634229996108,-0.0042032139859156,0.0151515151515151,-2.1751342434730976,-1.4508461531726475,0.3597468991102053,0.1503331414264471,96.4014143283805,90.7388194766702,143.6722360901988,3.0088765088068032,-0.2645347378741206,-0.1334885330500053,0.0327898554479328,-0.28395916367986,0.5689659330323988,-0.0066928661517355,1.0,-0.0391963745699454,2024-08-02,53.0,9,-0.0567187416397105,-0.0275266323065086,False,False,False,0.25,1.0,0.125,-0.1383135465450538,-1.05756843510251
EVRG,Falling Wedge,bullish,1,0.6268606370889348,5,36,589,590,2019-01-22,2019,2,42.3739381015695,41.90871640443379,47.35459378832435,40.93330876698364,0.7683161861294622,0.011100833837194,True,-0.0042282425615424,-0.0019555783392717,-0.003436387279321,-0.0002425159879558,0.0453541965373007,0.0062209182834609,0.0207411583457153,-0.0925003603012717,0.0065501565021601,0.0081788783359622,0.0154281159057372,0.0138652899468205,0.0081978031110694,0.0312595256277619,2.587493783678952e-07,0.0159531331850402,0.0488227798400087,0.015912998660456,0.0163666688409649,0.0394376340476929,-0.0307181886564921,0.0151315997146139,-0.0132544257319975,0.011980508478659,-0.0224498963785944,-0.003119133475968,0.0289829242095032,0.017973261459417,-0.2877416494077114,0.0083647353316493,-0.0388665479049427,0.1259169673447573,0.0371865846051988,-0.0004722853735927,-0.2828100978327831,-0.0178693540124451,0.0154743842087443,0.0476852408658208,-0.0265090267093941,0.0707673749060469,-0.007863241227153,-0.022892685151064,0.000396742060289,0.0204528780251329,-0.0060036221981649,0.028027835992492,0.0463355202225252,-0.0082078687805147,0.0095188501570098,0.090115137762049,0.0871239614841834,0.0426463117317763,-0.0435681408190703,-0.0381363073539751,0.0383941657627371,-0.0323339694739318,0.0091338278092181,-0.0464024703880276,-0.1018208654929941,-0.0132735340879635,-0.0274932145758542,0.1019449907926108,-0.0376335830287718,-0.0068548316794345,-0.0043699539652432,0.0456026352497493,-0.0655481393266419,0.0371492008552918,0.0441258166518894,0.0039487828190925,-0.0671854664036031,-0.0218295124236168,-0.108940347692081,0.0161443879110105,0.0698083193975556,-0.0056169708533324,0.0141785221018346,0.0112308217824905,-0.0392193886919417,0.0148143832473954,-0.0507117900848766,0.1566508166347473,-0.0691419692189755,0.0737202179147769,0.0520263819034771,0.0314035142743598,-0.1201383394141308,-0.0124603326573098,-0.0262957772413557,-0.011433233099564,-0.0218295124236168,0.0063307732507501,0.0094572987004069,-0.0917318136394029,0.0142662417573704,0.0277674361810755,-0.2262089755941424,-0.0234906372753527,0.0243077586784439,0.0310479393673468,0.0447980802256371,0.0712761760565867,-0.0167197272717376,0.1197419404130279,0.0554147517610827,-0.0090981876770627,-0.0367985083557274,0.0721564018524238,-0.0052469563004032,0.157321682054248,0.0182175388243333,0.0026298629643806,0.1048156615754101,-0.041085114843244,-0.0097983695192779,stop,611,22,40.93330876698364,-0.0339980044132951,0.0560254196136275,0.0385835847621246,-1.0,1.6479031808031164,1.1348779267478484,3.457277709943799,551,0.7175033311321743,5,0.0577379102322787,0.0465077155995568,0.226122618236001,0.0,-1.111964949877618,-0.3944616187454459,0.2775782730098639,0.1032106827691879,41.90871640443379,40.93330876698364,47.35459378832435,0.6580270811999307,0.0266245946929635,-0.0216170699813693,0.0155153811667617,0.0362541562998013,0.5268833523384502,0.0014121728263298,0.0,0.0696885834764953,2019-01-22,1.0,25,0.0743835717344256,0.0575365660297506,False,False,False,0.0,2.0,0.0833333333333333,-0.0179688931587538,-1.020072653935684
EVRG,Falling Wedge,bullish,1,0.6230582027501284,8,66,1020,1021,2020-10-06,2020,4,41.71096281684883,39.708900837190015,56.60713633857816,37.35736562207579,1.4157868524355877,0.0504184688432309,True,0.0030328807635098,-0.0324869206953677,0.0003417552057867,0.0342865926257562,-0.0058629931955265,0.0226026152277509,0.0461963065896959,0.0132627369479656,0.079222184477983,-0.0057478847428998,0.0071774882513269,0.0327085868338976,0.0214920667570821,0.0270269993896761,0.017666561881936,-0.0013683134044291,-0.0240248531398119,-0.0377327210047817,0.0384982465310523,-0.0382234515357721,0.0384225681106209,0.0190885435946237,-0.0112187710065868,0.0523126748775357,0.0367559221865447,0.048745756041906,0.0652475587233145,-0.0652066737171288,-0.0264847172922414,-0.0265451918325297,0.0964459432584465,0.0322540682186673,-0.0465143443547003,0.0352961359641044,-0.0213718003655736,-0.0148935374780911,-0.2828100978327831,0.0120400482538305,0.0055773241390426,0.0274604048036744,-0.0178693540124451,0.0121687621992019,0.0059802912906279,0.0409715405208959,0.029416517489512,0.0568172431766492,0.0799850993743407,0.0861664613609264,-0.0938877735912654,-0.0239948244594447,-0.0894721498557408,0.0935864422433359,-0.0092897429753275,0.0553437485428949,-0.2254885751838695,0.0112911079059663,-0.021732144473599,0.0221050248942085,0.0092699514506553,0.1376702315173992,0.054653867522026,0.0121676577512186,0.0512228324905497,0.0023666051245527,-0.0457034967193387,-0.0392947510611214,-0.033838405489117,-0.0373207859700779,0.0885023583911454,0.0737485654185139,-0.0110438599540017,0.0853244799795285,0.1421506892514947,0.037825094883481,-0.023071896239897,0.1729881080591568,0.0334934877060291,0.0708421643384287,0.0555212965790519,-0.0086022440286118,-0.0242014104886086,0.0600005707008179,-0.0660339879067545,-0.0396938329457668,0.0365898234768204,-0.0326702901778805,0.0611891960944745,0.1209240513540672,0.0512426208197933,0.0574902010710698,0.0454731332305378,0.0319095026306523,0.0624559137399651,-0.0480190328330507,0.0127335241993256,0.0940251921951356,0.0355302482793957,-0.004926710256589,-0.022387177081549,0.1189671922300235,-0.0839268315524768,0.0878419011103459,0.0722539960529404,0.0193650592538692,-0.0316303451051865,0.1535911404593473,-0.0328302506851256,0.044844421129419,0.0096588525621137,-0.0115019188625452,0.0722952893192374,-0.0588381008570066,-0.0286224200563979,0.0331931159410794,0.0384741048261973,time,1080,60,44.31605911254883,0.0624559137399651,0.1851784823731149,0.01269898010349,0.5983778882501348,1.7741588041307437,0.121666443451526,3.421578261676067,950,0.7533953667864858,5,0.0837724303460761,-0.0084187972973319,-0.2429412553543168,0.0158730158730158,-1.3365939249564582,-0.5831985581699737,0.2468804306572909,0.2610283411081924,39.708900837190015,37.35736562207579,56.60713633857816,1.0153297668608905,-0.1164052215375994,-0.0133625900838354,0.0245045921174335,-0.0648893578422695,0.084967874319657,-0.0007615745814496,1.0,0.0091856722488332,2020-10-06,1.0,26,0.1379920926603244,0.0382249637986331,False,False,False,0.04,3.0,0.12,-0.0542133345632462,-0.758607112536442
EVRG,Falling Wedge,bullish,1,0.67584555839508,3,59,1633,1634,2023-03-15,2023,0,51.72060479104895,52.05988849264946,57.24664088765656,49.37303112167888,1.8060425053023417,-0.0065171807205929,True,-0.0360133762388845,-0.0535575935601682,0.0061965261310574,-0.0375219038170812,-0.0042092893798884,0.0073879957486107,0.0317002981775609,-0.0465005905432512,0.001325703826545,0.0364007638161731,-0.0494915252408281,0.0072443578787448,0.0126914187895241,0.0032027957467797,0.016979234167904,0.0388916606524536,0.0233476293476531,-0.0050088195638198,-0.0003668108101493,-0.0106926202296286,-0.0268832466598458,0.0185399719546905,-0.0371750537385448,0.0072026113151952,-0.0343198675313476,0.0395321072300223,0.0317423281268636,0.0319751106158592,0.0072327395036431,-0.0375494286654898,0.0159540260620483,0.0641729710435332,0.0065666872343028,0.0455901015351078,-0.1122186945053277,-0.0122970530895727,-0.0570495310439895,0.008025182211059,-0.0112008466198062,0.0808611709613802,0.0215384852366389,0.0137373994345679,0.0069428147036143,-0.0334993007603073,-0.0136577142684819,0.0023826835679119,0.0391960559603525,-0.0337785686353966,-0.0409216815610925,-0.0224840171162187,-0.0284096445783507,0.0126199977823164,-0.042509204769255,-0.0241096315490082,0.0025741059830954,0.0018651517290193,-0.1050930007504536,-0.0003610919169556,0.0521213080873934,-0.0129701859814911,-0.0203689440413927,0.0369436691690314,-0.0072865846428349,-0.0281442545635943,0.0861080391030981,-0.0251596802501983,-0.0681091789514999,0.0245783341115408,0.0496518806956951,0.0457286117605291,-0.0237684367749115,0.0051426295640506,0.124881064216515,-0.0136531164028408,0.0357546793689651,0.0348939258191136,0.0931454876182018,-0.0523138015360967,0.0674905624873785,-0.0130015044225693,0.0017954952061551,0.066996217674387,0.1246968031805311,0.0639069346890821,-0.0039488464621879,0.0866519132128216,0.12218788368763,0.1316510285104832,-0.011305091870901,0.0291218391532945,0.0932257627104016,-0.0036373815596916,0.0052382717123262,-0.1103727159176009,-0.0493049137035771,0.0264379005737871,-0.100458452003102,0.0314294575528739,0.0456591519023712,0.0224371056111842,0.1333322879606968,0.0156281139540093,-0.0063579400902621,0.0017783281783954,0.0482801768479974,0.0890355338121289,0.0009975107631861,-0.1574560329547617,0.071858999218465,0.0467822979201193,0.0231811621195165,-0.0269333680045319,0.0486273573563269,-0.1362005623932884,-0.0011994340187504,stop,1639,6,49.37303112167888,-0.0453895247136854,0.0211054992534503,0.0458961259164074,-1.0,0.4649861259086238,1.011161192057368,2.353935115523091,1574,0.4321775970729604,7,0.1975928658062218,0.0779771911540041,-0.0217708423379477,0.0,-0.8016632046456473,-0.3694856075726916,0.9609013351415896,0.1033131902030888,52.05988849264946,49.37303112167888,57.24664088765656,1.3079752691198518,-0.029120165129851,-0.0049151102898332,0.025041767745082,-0.1052958607913798,0.8057555141459111,-0.0023455369618351,0.0,-0.0566108587615079,2023-03-15,55.0,16,-0.0949401100622492,-0.0252261457944354,True,True,True,0.4666666666666667,5.0,0.3333333333333333,0.0018804717896665,0.0114979027781
EVRG,Falling Wedge,bullish,1,0.6777695018718037,3,48,1878,1879,2024-03-06,2024,2,45.82505662023278,44.6906288695053,49.77722232501242,42.98187971306497,1.1154259898868786,0.0253840185162745,True,0.0188179309999101,0.0133028263882748,-0.0366483276108218,0.01090385605586,-0.0271867545499795,-0.0174546690183855,-0.0109432297552817,-0.0306672971877328,0.0290142655536804,0.0055755647280699,0.0152945607656156,0.0040062557924027,-0.0155088852542046,-0.0014087999264499,-0.0461866854712954,-0.0024143177328885,-0.0219613833443373,0.0071671862628885,-0.0004383241960987,-0.0341319681704446,0.0082527348834975,-0.0070468167319649,0.0274070827453036,0.0253539790181371,0.0078986221287993,-0.017213689234184,-0.0048004578373564,0.0012798751906697,-0.0048982209242163,-0.0616088882207983,0.0612149533617536,-0.0265451918325297,0.0064326774620169,0.0618196112026225,0.0101354114006981,0.0479949784285298,-0.0066070669512381,0.037550491295071,0.0305920646193067,0.072686155212192,0.0232084157166203,0.0366618622232439,-0.0390268191172776,0.0310608667281018,-0.0336205447048004,0.0140381548172159,0.0433774752293854,0.0404072505717305,0.1176445840973294,0.0405136418948139,0.0610077724595501,-0.0076309849345291,0.0366396556703738,-0.0102374348656282,0.0487060641175105,-0.0753270957446,0.0521499653833432,-0.050073469340152,-0.0194176840850113,0.0739608333965475,-0.0316602805445008,0.0454132030144478,0.0540798413283853,0.0308880886630618,0.0083937414409089,0.0235855096011343,-0.001855373611971,0.1050297292272517,0.018286959870972,0.060608564274126,0.0733553535284153,0.0307801763586395,0.1070083423880552,0.03119286057863,0.1183947635847686,0.0434338724530474,0.0151524650265366,-0.0388202095598847,0.0349258004138717,0.1115847625817889,-0.1293718476752413,-0.1007670015333458,0.030372738051857,0.0574541644112922,0.0633251787801341,-0.0393711420229033,-0.018138096360602,0.0030201739755788,0.1207577171507992,-0.0376807920254714,0.0276345127354693,0.039064142308475,0.0952503846228074,0.0643258747082207,0.0596659091962716,0.0501022223964242,0.0626408891449827,0.0947527418858875,0.0351125818280702,-0.0474424064510125,0.0731622171520904,0.0247034311612386,0.00462945130779,-0.0292593286715383,-0.0190532363624978,-0.1757925812734152,0.0366472313549184,0.0747898733993088,0.0822824472463457,0.1598019068776219,0.0588142082150973,-0.0040732306533124,-0.0582006088854814,0.0378359214077117,0.0691944026089823,target,1923,45,49.77722232501242,0.0862446442245019,0.1063602542951866,0.0186153161111405,1.3900526888833424,1.714267115398885,0.3000333579827432,1.3900526888833424,1828,0.6030344766003111,7,0.1592897741855024,0.0257591632704563,0.0971201838600421,0.0,-1.119667874705939,-0.5166333981056264,0.6237324807477904,0.0971854810499593,44.6906288695053,42.98187971306497,49.77722232501242,0.778454063756987,-0.0441605945692764,-0.0056311466817373,0.0171383579382101,-0.0264744651267672,0.3544301352532441,0.0087387542813255,1.0,0.0319243614764941,2024-03-06,28.0,24,0.0462322277443647,0.0069859762259554,False,False,False,0.0434782608695652,6.0,0.2608695652173913,-0.0206100068738738,-0.6110963073798964
EXE,Falling Wedge,bullish,1,0.6459463957846181,13,165,585,586,2023-06-08,2023,12,74.15284539170733,74.0880034986567,100.5761667027491,62.93848387817678,1.127647376783345,0.0008752009770625,True,0.0034462395449026,-0.0259519967735384,0.0368296640523964,-0.0223623119279218,-0.0114315421864601,0.0423069109008211,-0.0058107611145163,-0.0625301424679287,0.0376666910106244,0.0849985941825401,0.0477193344998809,-0.0087070265281556,0.0152324471273903,-0.0386424118050605,0.0362239018854819,0.0221874072642365,-0.0166165079354652,0.0360284818857914,-0.0275747750504933,0.0718307985868784,0.0238826280489001,-0.0161411951060755,-0.0088082697212405,-0.0081230386524364,-0.0194245790165066,0.0529315006336339,0.0236418554949098,0.0491756592438752,0.0883977807739981,-0.0252242215165355,0.0426453035003893,0.0576648867248703,-0.0263082237840668,0.1015796886924884,-0.0181740448305239,-0.0327000598408042,-0.0348070954448985,-0.0067101192393675,-0.0164167645081835,-0.0995268326810698,0.0424892340982456,0.09722241187604,-0.0499368243554684,-0.0446125162208925,0.0874660516013492,-0.0225629221633359,0.0195692118152726,-0.0067894670031951,0.0018647085172829,0.0113266358935038,-0.0191925509360917,-0.145436569503576,0.0285543697251255,0.0882431869846982,0.0805263589413678,-0.1031770258076482,0.1552177485774513,-0.0452783443415218,0.0552548018113621,-0.0808490687452079,-0.0394874782945248,0.0344981442195442,0.0640686469453279,-0.023646521541929,-0.0598367925767614,-0.0450993294600319,0.133857136202576,0.0268271309090051,0.0136574524392749,0.0695384394696443,0.0173841932867913,0.1038812490184684,0.0142235452218419,0.1036102638140668,0.0981969362464902,0.0264072923835454,0.0332068607623448,0.0172859715646913,0.0455792913676507,0.0953936131469557,0.0449906801315802,0.0886698692073404,0.0432677659471729,0.1469201780076641,0.0040311704947659,-0.1272195373595707,-0.1430739420436143,-0.1018132662027816,-0.0638364060059112,0.0047973612719247,0.0229346021683454,0.0466657645124957,0.1000637977797127,0.0513411812519726,0.0675983929315058,0.1527104805552457,-0.0876963619714734,0.0179715419997419,0.0521158204513529,0.2756039227736244,0.2881044010374767,0.1188970437855494,0.31825905498718,-0.0803764076507053,-0.1102202667944769,-0.0803764076507053,0.164866656595005,0.2589208015953512,0.0821185781938138,0.2627187572379914,0.3158525993094712,0.29445227404992,0.1187319418512216,0.0057354090532897,-0.0217356138373062,time,645,60,81.57286071777344,0.1000637977797127,0.1228681388189803,0.0367998831525328,0.6616529453873571,0.8124423392645129,0.2433322701921321,2.356203808764417,408,0.5272976397146899,6,0.1749779117853307,0.4616716598834154,-0.172342589184716,0.0181818181818181,-1.1086112554162124,-0.5813136157015232,0.8849684107768718,0.2978132011648928,74.0880034986567,62.93848387817678,100.5761667027491,2.258744906100165,-0.0565578623049357,0.0396014505954696,0.0304120007975787,-0.1049481679041967,0.9512183775435245,0.002708232852236,1.0,0.0394331684672351,2023-06-08,18.0,9,-0.1070295055585446,-0.0690562784131909,True,False,False,0.5,1.0,0.125,0.0531954715761293,0.6138123532725465
EXE,Falling Wedge,bullish,1,0.6193580744512636,3,24,856,857,2024-07-09,2024,0,77.51102412148084,77.31042649062402,86.21031658264928,75.83886803537484,1.1499221801214703,0.0025947034567341,True,0.0038781386461483,-0.0101056206697005,-0.1095579824126843,0.0034462395449026,0.0068636434142448,-0.0900981985064085,0.0274548117393402,0.0228889621426076,0.0939516072239408,0.0032481785029601,-0.0303175102021103,0.004194536013454,-0.0241149830357589,0.0370773043383911,0.0027063928435744,-0.066998555305053,-0.0393985446473782,0.0020407612824089,0.0873781859271756,-0.0238994534902432,-0.0480813491818764,0.009128101808322,0.0104825312461579,-0.030784210391486,-0.0248782534623693,-0.033688197578683,-0.0621321177982852,-0.0005975020157154,-0.0453226500158507,0.1188398898551748,-0.0051622073021534,-0.0425834421162732,-0.1346586384638457,0.1897220929599423,0.021400118226649,-0.0303724604920341,-0.0213937889931619,0.0245680265721908,0.0655160731743631,-0.0607425449524324,0.0419378793057776,0.0124709019970641,-0.0177239376252732,-0.0396077396273009,-0.0677844758084728,-0.02641847435657,-0.1428919127886069,-0.0802067917779293,-0.0376483015689178,-0.0744429682962769,-0.0761236856053022,0.0422433512077418,-0.0019465188608257,0.0770822822256644,0.1664138575662899,-0.0364726978202619,0.0169589063179937,0.1114216413133575,0.0125219633239879,0.0292076853241276,0.210322318327899,-0.0219632216107467,0.0020522537970268,-0.0051436824641426,-0.0440423927897544,0.065934998485619,-0.1597311620041016,0.1772680173139813,-0.1655875449977748,-0.1396732583584852,-0.1286872003354029,0.0702100245909518,-0.1890156849758288,-0.0996297367608577,0.2788983896241035,-0.1327038217349283,0.0554679946140748,0.0510059930606527,0.1019589895284358,-0.0272284797015176,0.0678036642143948,0.0050209789103943,0.0724788585548723,-0.0249772466795014,-0.057493406047108,-0.111191607295884,-0.0087189714415418,0.0135860198343242,-0.0151978259436335,-0.1164772347310688,0.1515851027706973,-0.1439423583780368,0.0169496159648079,-0.0073466566019297,0.0844907374924797,0.2653850667108104,0.0876880413991094,-0.1050395569775878,-0.058320086717482,0.1647368332350129,0.1644280125452277,0.2607784991338622,0.3170399732426847,0.2318097992938972,-0.0756891548718273,0.1033761605605254,0.1376679726513274,0.0502440322539199,-0.1088644181942832,0.0283837899350127,-0.1625850481020041,-0.02880652105885,-0.0956850310012411,0.1217125363349889,-0.0521879659284712,stop,864,8,75.83886803537484,-0.0215731388542264,0.0227245168591408,0.0323598523190317,-1.0,1.0533709078078286,1.5000066767146432,5.202440450057951,832,0.6965376059765442,5,0.1189941317650984,0.0566547215521946,0.2481693789353543,0.0,-1.0793289839780609,-0.382791378001515,0.2562135805621703,0.084413564116183,77.31042649062402,75.83886803537484,86.21031658264928,1.4638068867463312,-0.0011679562273131,-0.0535271225725139,0.0188782802239738,0.0577776885011229,0.7452855991247826,-0.00181594522395,1.0,0.0441997037115637,2024-07-09,24.0,21,0.0932675071906659,0.0458479613226432,False,False,False,0.1,2.0,0.1,-0.0789694393426023,-1.6495417496710776
EXE,Falling Wedge,bullish,1,0.6535089144933953,3,34,1121,1122,2025-07-30,2025,0,100.04239381831177,96.31806072608413,124.6211156656576,90.42515785244711,2.162094907652872,0.0386670273897971,True,-0.021419953882333,-0.0109737180457604,0.0196190212836542,0.0745945660737759,-0.0091275449497614,0.0962981102988269,-0.0034318299342998,-0.0246180884932862,0.0375797250137521,-0.0057991519368719,0.0177214363067794,0.0842624846801411,-0.0590974726370397,0.049659007941186,-0.0012529379855977,0.0164105218179895,0.0385997913149629,0.0501419929374189,-0.0134788578033311,-0.0413305086380698,0.0254749770489948,-0.0003434354122254,-0.039014044228683,-0.0713838949406036,-0.0798756213467217,0.0032055752327906,0.0663792152600977,0.0454447692306219,0.0619994798667493,0.0193807844742794,-0.0158113337262474,0.0372957473686148,0.021891192213252,0.0311587389580203,0.0100066830622196,-0.1149333457957934,0.0646820813147284,-0.0178687044144755,-0.0011957744778111,0.0191566964408631,-0.0359428415894769,-0.0298737857091896,-0.0573819396456262,0.0411534225126399,0.0345229129482171,-0.0805473736168273,-0.0684023708365777,-0.0796150716024377,0.1051306706729444,-0.1308754611718275,0.053153379350878,-0.1288025588216312,0.0589672816743902,0.0355450729807023,-0.0201670712609068,-0.0980648612847321,-0.0688251151082968,-0.0896890722129916,0.0020522537970268,0.1048851948351115,-0.0198498807233751,0.0128274077159848,-0.0181138539309063,0.0257613579601938,-0.1296231049286498,0.1240605666761669,0.0245186506802956,0.1442998992758366,-0.0677619086453884,0.0203582941957389,-0.0115662375734577,-0.0775834739863119,0.0554508951014456,-0.0866834192437298,0.1216883020120069,0.1003423750816587,0.0572088782638409,-0.1128348951423156,-0.0546467675487709,-0.1678413546417065,0.0415231400152902,-0.1008895143924167,0.0794824807766632,0.0332068607623448,0.189819176410672,0.1221930804195217,0.0302406396046726,-0.0618955269868161,0.0647397288940232,-0.0638364060059112,0.0554679946140748,0.0091006844953271,0.0211404333202245,-0.0322835113551234,-0.052128562624534,0.0579856116602433,-0.0730063079998802,-0.0767755023811177,-0.0004722584905471,0.0020900142125619,0.2736188036965687,-0.028654752333907,0.2177801884089378,0.1888862474680777,-0.1278263769371695,-0.1306987812037716,0.0967408205020987,-0.0700234433757392,-0.0079115303809242,0.1445938066709913,0.0871117168623563,-0.1594407705568772,-0.1763476074109846,0.0843072329273768,0.0086490058845365,stop,1134,13,90.42515785244711,-0.0961316058003433,0.0193983094069644,0.1025186951316563,-1.0,0.2017890915840201,1.0664410968498588,2.5556949974592893,1087,0.5567853409592122,5,0.0778948131715562,0.0527975405644105,0.0615555275229817,0.0333333333333333,-1.4224084569003466,-0.8656231159411271,0.5319030759702829,0.1565425360833546,96.31806072608413,90.42515785244711,124.6211156656576,3.253021389210112,0.0152250021506992,-0.068770350218282,0.0324119012535911,0.0315564223753896,0.7781686499061753,0.0063398828896681,1.0,0.0272159792516075,2025-07-30,8.0,6,-0.0125205613435575,0.0070941846633476,False,False,False,0.4,0.0,0.0,-0.0542892327097429,-0.9508865595195424
EXE,Falling Wedge,bullish,1,0.8333168241690765,3,37,1242,1243,2026-01-22,2026,2,109.42213486274736,100.91618167646344,130.91497558846697,96.43998988878052,1.859710500135065,0.0842873070005159,True,-0.0130219454771234,-0.0215811110016492,0.0082053027027373,0.0015936031543495,0.0069271471841469,0.0710124437769472,0.0145642241327872,0.0031246760024292,0.0596844335593849,0.0315963931293923,0.0315997633369942,-0.0982093399162843,0.0626316797897321,0.0029797420653776,0.0145642241327872,0.0260631351808222,-0.0353190671908181,0.1585320941940882,-0.0353190671908181,-0.0611429083741746,0.0425860767858821,-0.0179793464406575,-0.0274067059778787,-0.0177817525099838,-0.0024798553461276,0.0401283739769944,0.0275637764657499,-0.0311432786809278,-0.0464604033622984,0.0907549292493119,0.0275684051847699,-0.0051622073021534,-0.0054184549568164,-0.1104666591503135,-0.0385560367402566,-0.0111374253278684,-0.0816327503520019,0.1965986217589859,0.0520781422377047,-0.0742386024770276,0.0286738302559879,-0.0422785100839218,0.0015156400106155,0.0141076053596331,0.0580739843746591,-0.0223102015320251,-0.0295464230701687,-0.0314065544292401,0.0493013542168969,-0.0157350291525701,0.0488291410059271,0.1642547173979023,0.0783244137389058,-0.0777792382855462,0.0658247283202029,-0.0652825390930761,-0.0301705702259017,0.0236701496423394,-0.0093677855957388,0.0073109017179444,0.0355570247110232,0.0003427449643778,0.1154046727192217,0.021490420973089,-0.0654060749034199,-0.0560081728206962,0.0552477669072746,0.0071750093183216,-0.0471956048479926,-0.0309294068761158,0.0240131533651325,0.1442543002005407,-0.0937265855138179,-0.1304983890580344,0.1240281946367523,-0.0936081787898166,0.1138503445894882,0.0097478413107667,-0.186213090480532,0.0510215493608052,0.0186468554231986,0.2157057117963383,0.126738054775727,-0.1844072722544372,0.1939643643902049,0.1593242583560874,0.0521958776737696,0.1792605035280048,0.0669067163089323,0.0861509085734599,-0.044586030086729,-0.0713672036131513,-0.137931704121468,-0.1706360148959511,0.2170291009920515,-0.1488717663768479,0.1723387613161375,0.032137395090475,-0.224195612557728,0.3980320289014194,-0.0725638080309262,0.0727334641891341,-0.0231114444360933,0.1482348671142361,0.0386366280759675,-0.0346144472345659,0.0924371201816824,0.0802759924115665,0.0409010955433324,0.1747860503769434,0.0591024853902848,0.14112160570692,-0.1786470104231079,0.0227259283437053,-0.1883561258501974,stop,1294,52,96.43998988878052,-0.1186427681222894,0.036703265159873,0.1192401278964236,-1.0,0.3093594809086183,1.0050349446796318,1.655569304519349,1203,0.7667641595834623,5,0.010449429584345,0.0900382233425027,-0.1467124476569973,0.0,-1.3819818249817863,-0.6152176653983222,0.268933818583184,0.1844059670393802,100.91618167646344,96.43998988878052,130.91497558846697,3.689847804449889,0.0316179959022024,-0.0238246668616829,0.034294070593685,0.1318770398615993,0.5249159751195097,0.0045662315515315,1.0,0.0060599723571719,2026-01-22,63.0,7,0.1153379012383002,0.0752989739594944,False,False,False,0.0,1.0,0.1666666666666666,-0.0407331872136387,-0.8067047095052831
EXE,Falling Wedge,bullish,1,0.6385296086902448,3,43,1366,1367,2026-07-22,2026,0,93.00123981787796,88.09360289580087,100.36794441714552,83.69074914792162,1.2086503347996356,0.0557093450688122,False,-0.0117571098421943,0.0016461567360774,-0.0095036184045659,0.0239961203366021,0.0375976690408403,0.0150589954147333,-0.0053749066086538,-0.0122618117847937,0.0197431361414024,-0.0532011583508096,-0.0299730399704754,0.0118437400177211,-0.0564508905902777,-0.0002621091584018,0.0253314723730553,-0.0013315656154814,0.0004751487034639,0.0266723933859598,-0.0957040897665811,0.0362239018854819,0.041711819384903,0.0266248518811222,-0.0118179127579566,-0.0292859433315403,-0.0704290558611945,0.0644831460194772,0.0117979109663206,0.0351185343110505,0.0372112268963067,0.0260602438678203,0.0112992760391481,0.0275637764657499,0.0225624605708942,-0.0290001748438986,-0.0273376882421022,-0.0738679213560172,-0.0036074414192099,0.0846728476417337,0.1174597061776441,0.1455470161797081,0.0821888141646842,-0.0663444234039514,-0.0305563040757288,-0.0103032792172812,-0.0345652095678866,-0.0488050691902634,0.0325668664993075,-0.0075889453911932,-0.0059265877869123,0.0367545192413008,0.1361368099561033,0.0966741156679886,-0.0568447898210111,-0.01583847887468,-0.0647436077023075,0.0883680068790464,-0.0048369229460247,-0.0216071214288319,-0.1442078821210323,-0.0558069996572366,0.0181115614883236,-0.0118410975490398,0.0078561992639996,-0.0246514909146164,-0.0360243320720903,0.1064258755421696,-0.0598367925767614,0.1177420629866774,0.0272717141205542,,,,,,,,,,,,,,,,,,,,,,,,,,,,,,,,,,,,,,,,,,,,,,,time,1405,39,89.83999633789062,-0.0339914122239436,0.0767598322963235,0.0583796089770098,-0.3395356476955858,0.7667436470138213,0.5831460668839592,0.7912262479397444,1323,0.5711654376775739,5,0.0063606434124301,-0.1090224289824355,0.2729529163320543,0.0,-0.8713468762935657,-0.3001814386159951,0.5472240999488244,0.1241296694508183,88.09360289580087,83.69074914792162,100.36794441714552,2.264109355775988,-0.088352493586953,0.0224026204105973,0.0244468421554931,-0.1002836404554642,0.9256949709823548,0.023142867412057,1.0,0.0188526891852258,2026-07-22,63.0,7,0.2182472678834859,0.1022120620876059,False,False,False,0.0,0.0,0.0,0.0086332048728118,0.5430541646131604
EXC,Falling Wedge,bullish,1,0.6918401535757128,3,19,1065,1066,2020-12-09,2020,2,23.98832078001609,23.57872773073157,26.42063928359877,23.521000945092865,0.5967437421307803,0.0173712956000875,True,0.0285991347034964,0.015461791914157,0.022645899861309,0.0404742912060507,0.0100242566374579,0.0209182258794349,-0.0155301565392053,-0.0261738097569725,0.0120253663218314,-0.0155301565392053,0.0031064145943446,-0.0089550957722642,-0.0116213621523291,0.0279988685264775,0.0233078674929627,0.0095709446426233,-0.0030809512314206,0.0187735702151305,0.0751547756765336,0.0088096860921018,0.0300483307695826,0.0162973888240407,0.0166859169660721,0.0109063034996392,0.0005968528393687,-0.0245544655295799,-0.0477916257752102,0.034802269128582,-0.0127118056245708,0.0287101485246508,0.0007357840852535,0.0693137075941336,-0.0006825513606155,-0.0104393266209763,-0.084038487075253,0.0599052010893594,0.0487749265439831,-0.0361266508020284,0.0096718987797816,0.0461775686000753,-0.0077676143259082,0.0932183263092107,-0.0291358803475864,-0.0476797311868925,0.0002133892575137,0.0063765494364431,0.0230246592525407,-0.0249136252735104,-0.1010691027369076,0.0390364452446025,0.0125200459072951,-0.0273913100549981,-0.0379908065485451,0.0280579454906391,-0.0594421830684445,0.0236672579215724,-0.0391358097666965,-0.0169226147712981,0.0236922192573039,-0.0355643826104546,-0.0406773560183256,0.0264018754913044,-0.0693166780005133,0.1007022323333659,0.0016063725330535,0.0894254307000192,0.0062111763095606,0.1361684900441806,0.020025696869705,0.0601065416148292,-0.013256122821049,-0.0604282426984889,0.0083065397277033,-0.0379603185497624,0.077541719066702,0.0544406311129961,-0.2022263640161984,-0.2290172869832097,-0.0884992895002835,-0.0313953675348154,0.0184730644229182,0.0858934312284374,-0.0018370375074776,0.1366989699183391,0.2100118201553753,0.1688422960177349,0.029179098181211,0.0373478584095514,-0.0193111575495108,-0.0251358207849069,0.0170613284523126,0.0527072480363978,0.0163315357661044,-0.047851138951017,0.1433658585308506,0.156916808792378,0.1196317772402246,0.016646378475787,0.0708323546812343,0.1079701343224681,0.1035686673452254,0.1009430541830262,-0.0042244104327112,0.1067834484640029,0.0258102684798835,0.119470385989848,-0.0778737905662972,-0.1098688861347954,0.0804307860047004,-0.1479264348990893,0.0467768440796938,0.0131593225316772,-0.0783371786827427,0.07089557462883,-0.0269170123856052,stop,1114,49,23.521000945092865,-0.0194811399767729,0.0673775531268708,0.0264179327613474,-1.0,3.4586042298964106,1.356077354448721,5.204826163610822,1044,0.9171076423437224,6,0.1158077193993161,0.0835419269170218,-0.2100056561085972,0.0,-1.4897496138073962,-0.5726419714636667,0.0329958854465171,0.0724052496451231,23.57872773073157,23.521000945092865,26.42063928359877,0.4892014471081575,0.0902831755244801,0.0054515715463352,0.0204776929012067,0.1005576612408962,0.2399961492795997,-0.0009681947052745,1.0,0.0361823938186502,2020-12-09,1.0,26,0.0914031432439161,0.0566773695137792,False,False,False,0.08,1.0,0.04,0.0383147589887759,1.1333828505085002
EXC,Falling Wedge,bullish,1,0.7036730168692622,3,25,1745,1746,2023-08-24,2023,2,35.82489230333467,35.17736589078936,39.44769858035187,34.96143807193749,0.7741841421038563,0.0184074729914571,True,-1.6695969762281493e-07,-0.0266026844478834,-0.0164489453004732,0.0392106981613493,0.0122448303331708,-0.0204257249400307,-0.0327535807492909,0.0247561166359524,0.0099772268700251,0.0240207255940811,0.0082150573143877,0.0549659884818389,0.0028676670249117,0.0186319973669195,0.026581793295354,0.0298818279027752,0.0081871013596672,0.010306289927193,-0.0245662216774497,-0.0045893940538626,0.0216197743105095,0.0159036898518276,-0.0104295128451404,0.0114656815175913,-0.0041265716326246,0.0134771027534401,0.0622344380035346,-0.0157881902818118,0.0198502199128014,-0.0417387592057645,0.002128381240656,-0.062484973033817,-0.0091292977690766,0.0664660613297505,0.0104380146697102,-0.0570439856157595,0.0016388324437599,0.0004728219829737,-0.0018490565630465,0.0281634797261949,0.0173726238727049,0.0157184740403748,0.0517187179257345,0.0156983305531814,0.009236706523104,0.005136684392159,0.002243190572593,0.0176113305104079,0.0454199983403329,0.0331858569317484,-0.0507306847046292,0.0278542344562333,0.0141509470875451,0.054397358823043,-0.0421106345021685,0.0480668190719741,-0.0157218573963632,0.0540722924284047,-0.0336292154557249,-0.0496277060511752,-0.0586823962031936,-0.0124840566156051,0.0660786105618531,0.0139187611038757,-0.0433311250409979,-0.0798934339423778,0.0542564775948817,0.0293356954532355,-0.0004831065244515,-0.0204389131573937,0.0160438110691514,0.0680713284415373,0.0658197811248719,0.0610240591847968,0.0096021191218078,0.0945075928690535,-0.2338601058468465,0.132077574129203,-0.0540258701442641,0.1056012666417873,0.0070422938775571,0.1231129047578569,-0.0618499836869304,0.0111111026126182,0.0599498605451562,-0.0728348887368742,0.1386110722484046,0.1794796076089315,-0.0851680168009235,0.1794796076089315,-0.076839469974106,-0.0529845049365222,-0.0200704862985687,-0.0513007866567918,-0.1018403998373606,0.1249849326736978,0.0317394770929302,0.127217086121848,0.0544348620420023,0.0894210141507148,0.1011133054717094,-0.0783371786827427,0.0369656205632797,-0.0237905630613333,0.048437021807377,-0.1188963237449004,0.102306105905582,-0.0498521044400926,-0.107459337669901,0.0405588753894399,-0.0246793325065621,-0.0578507605738399,0.0812765668523294,0.1504073671407164,-0.0413782980333135,stop,1767,22,34.96143807193749,-0.024102074727432,0.0508472403328019,0.0256729287206603,-1.0,2.109662380016173,1.0651750528115478,4.195713154540965,1718,0.8997185267876393,7,0.1254787062651292,0.0343274110167484,-0.2924494121431461,0.0,-1.1921666555169228,-0.2924481287292812,0.0670003689126951,0.0941258677047685,35.17736589078936,34.96143807193749,39.44769858035187,0.4659669513744141,-0.0123404606072,-0.0140890304890703,0.0130197727693947,-0.0167547214421448,0.0574745906886587,0.0014907315861825,1.0,-0.0344758425131584,2023-08-24,56.0,10,-0.0220607843619526,-0.0337104055204572,False,False,True,0.2222222222222222,3.0,0.3333333333333333,0.0272695304918949,1.059490161668097
EXC,Falling Wedge,bullish,1,0.635616414820408,3,44,1965,1966,2024-07-11,2024,2,32.65386880499989,31.364572117755586,36.92614533082752,31.205037552916902,0.8147296222806033,0.0411067838707874,True,0.0211325797225576,0.0300455037581798,0.035395697271624,0.0092018266610922,-0.0139812461148877,0.0232123674302862,0.0110136547451269,0.0158851959634411,-0.0085805685989641,0.0085947227195934,-0.0082823792299726,-0.024016088964389,-0.0075022351019264,-0.0560592801442351,0.0095705546765143,0.0366696664554999,-0.05028611390573,-0.0117948324629038,0.0107220433700236,0.0366709054288232,-0.0023484586196935,-0.1181134796468411,0.0263339821259335,0.027895067253022,0.0623624883417774,0.0276646215609379,0.0021460616097941,-0.0238552633692576,0.049244463811392,-0.028486571156557,-0.0493643560987746,0.0047060699590104,0.0158340766833735,-0.0363732192083252,0.0201861975717148,0.0002013720861668,-0.0174133544482525,0.039955260666834,0.0750254824983482,0.0079854854926035,-0.0291573532251818,0.0841594682109849,0.0178646635261576,0.0142957710386888,0.0243437773622794,0.0179469345244251,0.0577626523662817,0.1061460428835603,0.0698738434421737,-0.0609898734557621,0.0278629187783101,0.0748437247574052,-0.2381949795555125,0.0665913452813649,-0.0608868408458064,-0.030435697528431,0.053981051626297,0.0542136182277517,0.0249661815869621,-0.0031479674373222,0.0609351303390706,-0.0022280810959579,-0.0317679287457123,0.0830674820425907,-0.0017936044699871,0.0508112567640872,0.0094576915492947,-0.0406455229815521,0.0524369649523185,0.087384209895815,0.1183545712511295,-0.0229679901612074,0.1129785632060504,0.0998667152830332,0.0096632555172497,-0.0060562309048844,-0.0483827085979021,-0.2534846186723219,0.0029946617595644,0.1386110722484046,0.0409819939944531,-0.1430742141229356,0.0155304310185067,0.0626717487660823,0.0207066606890209,0.102896353015675,-0.0436451574294971,0.1134113292555947,0.0229888363707873,0.0678527468954321,-0.0070565919839487,0.0730598670884572,0.1445998754223234,0.1139209874349314,0.0633892431560367,-0.062116811222562,-0.0266399847502528,0.0250268386235235,0.1620562814035537,0.1114313406612801,0.0818543055964873,-0.0326617261928856,0.0412112155911061,0.156916808792378,0.043227648950159,0.0535688319537011,0.0269120829484639,0.0216637154128747,0.1558065273091062,0.0709417534150165,-0.0252745603563505,-0.044099349238199,0.0101916650017772,0.0643961175531979,0.0997097781919028,target,2009,44,36.92614533082752,0.1308352327664608,0.1366295064678165,0.0188788070508562,2.9487744136423,3.0793661944258166,0.4254919872464602,2.9487744136423,1919,0.927019129667443,7,0.1388482349584465,0.0334252084773762,0.3140603773584904,0.0,-1.7519028718614027,-0.8248837421939591,0.0542098819722334,0.0910362179542799,31.364572117755586,31.205037552916902,36.92614533082752,0.4784458102268757,-0.0307944421028236,-0.0287645116018629,0.0147225638931033,-0.0105390968914199,0.7564116358229959,0.0049008223504032,1.0,0.0397156113068133,2024-07-11,28.0,24,0.0497907544660309,0.0737270007919912,False,False,False,0.0434782608695652,8.0,0.3478260869565217,-0.0404548628597137,-0.7656189101776707
EXC,Falling Wedge,bullish,1,0.6629080436154422,8,71,2220,2221,2025-07-18,2025,0,41.49351161455431,41.41055080326231,45.76458348365202,38.54409462521298,1.0317211912551998,0.0020033737702773,True,0.0135945712356027,0.000346490388184,-0.0351638308753652,-0.0097280738506405,-0.0452969352302448,0.012584629690183,-0.0211707590172994,-0.081247678438205,0.0126021694999676,0.0008908306551653,-0.0412200780403667,0.0453439840881029,0.0424430477761783,0.0016057901934165,0.0203594895305905,-0.0306725038365522,0.0458441538670784,0.0229358640093073,-0.0521004935235284,0.0119043949844357,0.0185587186038631,-0.0087299281825945,0.0181074316404281,0.0292625577760838,0.0404749863942861,0.0260909229880486,0.003396085721216,0.0160202545685694,0.0157747389148228,-0.0296137646311538,0.0064516545715103,0.0121648218626695,0.0358353075103421,0.0517687660945105,0.0228012290557713,-0.00467062117378,0.0352798036893537,-0.0297469006021852,-0.0178336301787275,0.0051899953459408,-0.0570439856157595,-0.0353699517545619,-0.0718354816404752,0.0227766669329967,0.029530474265681,0.0274142384798443,0.0363358366286674,0.013004500245209,0.0175345034451457,-0.0029523496787703,-0.0208332929235504,0.0794072770759335,0.2052301073474456,0.0549532228990301,0.0846855177214085,0.044666363395136,0.0242278052018496,-0.1954725608733353,-0.0348287800251914,0.0132804788474867,6.881088232546517e-08,0.0542056232842915,0.0236672579215724,0.0660019921837427,-0.0200677134858994,0.0661780300591874,0.0366317611895794,-0.0496277060511752,0.0139914563114289,0.0096021191218078,-0.0415135490306628,-0.0074831161161239,0.1590084464114931,-0.0040096947894051,0.1428771626445242,-0.0665985591605434,0.0073380840853982,0.0960534813166866,0.070231091860649,0.0762331168662153,0.0009837563230596,0.0146099732552982,0.1662355183828834,-0.0400833700867782,0.0085073539767113,-0.0300457623749551,-0.0199509291785167,0.0188362171845879,0.1821750436741749,0.1507096409987789,-0.0013319018405284,-0.0366126585498726,0.0891055785230925,0.0316788093969322,0.1127497254504765,0.0307552745494961,0.0345094968485077,0.0886293185549949,0.0645930456172052,-0.0396518872755073,0.0191813661075781,0.0518283459470525,0.1308831691797987,-0.0572767268140539,0.0148103910560519,0.0256519374437729,-0.0402540556509187,-0.0186739049845927,0.0372271159492061,-0.0214436396412113,0.0933859842711566,0.1186782513545252,0.1331706764149143,0.1064169854325207,0.0448470350325438,time,2280,60,45.19081497192383,0.0891055785230925,0.1007289451083087,0.0101574819866222,1.2535709161271258,1.41709282508297,0.142899291049605,1.4481071630537854,2149,0.361022859388021,5,0.0407261115820292,0.1985325596636367,-0.2374426983928794,0.0,-0.7138551499675166,-0.3528322905794967,1.3017542903005794,0.117941610014099,41.41055080326231,38.54409462521298,45.76458348365202,0.6139341236268392,0.0520670534079672,0.0019573791318552,0.0147959054182346,0.1624102499818596,0.7727306880906345,0.0013970091132833,1.0,0.0535539925767543,2025-07-18,1.0,28,0.1067692285010348,0.0469846752281433,False,False,False,0.074074074074074,2.0,0.074074074074074,-0.019404944432209,-0.7711862846498495
EXC,Falling Wedge,bullish,1,0.6560346253440784,3,23,2266,2267,2025-09-23,2025,2,42.663604736328125,41.714904314409296,44.06395951026101,40.89372352982164,2.3653631846956307,0.0227424810750704,True,0.0176350911050851,0.0151219034888459,-0.001076276179753,-0.0124238128040509,0.0098269316125259,0.0331679029352545,0.0095814490759635,0.0239887993363103,0.0254760126689534,0.0155559299438736,-0.0236945218647438,0.0246562258596525,-0.0039060512643441,-0.0173735249356947,-0.0175235877765419,-0.0176367280576638,0.0022617399377649,0.0641675534026531,-0.0329009847959637,-0.0052541567904311,-0.005546145573312,0.0037445803182583,0.0138805243526495,0.0578793398574106,0.0509418545327824,-0.0114539270163546,0.0409623152408049,0.0410325470143904,-0.0718287672638181,-0.0091528210844604,0.0382054591015847,0.0145630840499606,0.0167053468176989,-0.0195464701794628,0.0308889763366917,0.0436242685127234,0.003111091175787,0.0629505715911886,0.0551572134273949,0.0103642586837089,0.0211628557135867,0.025512403832905,0.0255930488228048,-0.0030142360382293,0.0287652573139305,0.0406992160547688,0.0852362587723472,0.0750332225822612,-0.0414846251766382,-0.0126210019262489,0.0308131857684228,-0.0423684852722142,-0.035167955621387,0.0016230482039869,0.017378406864376,0.0407947858353159,-0.0181729644516516,0.0148861280539369,0.028297436363186,0.0686829987089479,-0.0677465696664729,0.0404092664352437,-0.0245372484565186,-0.0065918158555496,-0.0102792200476574,0.0795950426112062,0.0211914688922161,0.0471342784042461,0.0786444507890098,0.0577656954465697,0.0644321870037805,-0.0175292240082277,0.0114123762861673,0.1186422771788628,0.0519646996767184,-0.0555126638549539,-0.0439211034249019,-0.0985051528910005,-0.0661697516314427,0.0551647518147757,-0.160603594380974,-0.0864782058946866,-0.0148554592781572,-0.189508040806085,-0.0198658934578634,0.0660274654615358,-0.0722373478349847,0.027184258180817,-0.0436899548096513,0.0421653350509485,-0.0037991876154395,0.0827714162584968,0.0085037492820105,-0.0018648750918317,0.0304340893981385,0.1362908267902751,0.0521555887902374,0.0751397230854558,0.0919661523735377,0.0868753480215058,-0.0231571012732729,0.1769647846900099,-0.0357394692057045,0.0059057830137074,0.0517972470272531,0.1305311451333566,0.0078015398221298,0.0054683482729749,0.0572382341463635,0.0726972233279774,-0.1405541466429278,-0.0886624443663549,-0.0228498810671212,0.1433730166492237,-0.0321800511173277,target,2275,9,44.06395951026101,0.0328231705358099,0.0339135701806467,0.0165045931283543,0.7912139915294141,0.8174984558657372,0.3978489827302695,0.7912139915294141,2241,0.5239545159492917,5,0.103356043829983,0.0335695358406138,-0.0874716610945789,0.0,-1.23739413079306,-0.7134396148437548,0.8255816297286915,0.0427845232586719,41.714904314409296,40.89372352982164,44.06395951026101,0.6207801507686277,0.0476725321235895,0.0085620781121067,0.0145505789912785,0.0330930389956318,0.951923676498104,-0.0036865861788891,1.0,0.0351437386662962,2025-09-23,1.0,28,0.0594849072393772,0.0631739130454309,False,False,False,0.037037037037037,3.0,0.1111111111111111,-0.0110382821389892,-0.4783283448243086
EXC,Falling Wedge,bullish,1,0.8131009243433319,5,49,2348,2349,2026-01-21,2026,4,43.70751089710637,41.73229467783904,48.13842562612734,41.359141375010296,1.8650345375155768,0.0473306400837867,True,-0.0035620476105207,-0.011636166725484,0.007370571576168,-0.0151883248315491,-0.0413838106907948,0.018358616987298,0.0136103350770322,-0.0628792248758641,0.046239638652022,-0.0438081717978808,0.0254042684692317,-0.0160940591448168,0.0051842719254378,0.0002638444331177,-0.0249075254240807,-0.022263063903992,-0.0179863736692127,-0.0128141663187496,0.026581793295354,-0.0412473623634807,0.0136920898486676,0.002235042876858,0.003419532883441,-0.0331701830048496,-0.0278646641858144,0.0563536851537196,0.0484498041778278,0.0557470846463215,0.0181032720977232,0.0065064756700397,0.0005434579587944,-0.0661095911066047,0.0640161366507823,-0.0083141848258945,-0.0353699517545619,-0.0168861289296711,-0.0104514997260424,0.086459431508181,0.0260689834957748,0.0240668747189947,0.0043159101117189,-0.0187134970585471,0.0224719643496253,0.0205782017438951,-0.0181348857431826,-0.0461552601617943,0.0543186976274823,0.0621030571207623,-0.0747721463654992,0.0081714505915102,0.0281244228472263,0.0375990138684891,-0.0599212625907031,-0.0395239663048004,0.0820641179337218,-0.0004857708914226,0.0373114606239128,-0.1240971772401908,0.031318127335236,0.0355481043649577,-0.2613198679439638,0.0272678889397801,-0.0909794631384258,0.1808772859827769,-0.0371926251414457,0.0601846387502875,0.028002898790469,-0.0162127088143964,0.0617204765476063,0.0779405330614244,0.1215008190678468,-0.0968684659036919,-0.1967846185349845,0.0129865111832125,0.012671413399296,0.0222944531051407,-0.0056393514326026,-0.0430365343923846,-0.0403611501291979,-0.0857040513568968,0.0283187966497744,0.0788447896031196,-0.0112625815051515,-0.0242056611710107,0.0785625232667677,-0.1924845222740085,-0.0433310744108251,0.0678812468604315,0.0223425913600558,-0.0320144544914804,0.065752125358647,0.0970424338022139,0.0557126993328183,0.0234891627252458,0.0401396443583688,0.0749015417878786,0.0919661523735377,-0.0114610284525626,0.1319159038478534,0.0208113793911923,-0.0180722237436593,0.1445998754223234,-0.0549853081996838,0.0350642333482262,-0.0406656259108407,0.1064169854325207,0.1086129478609787,0.108580555614979,0.0973608510459225,0.1306381576676512,0.0546362011151351,0.076170412691636,-0.0674459883528071,-0.0309650629987399,0.0058017191178227,target,2374,26,48.13842562612734,0.1013765057326638,0.1104184422020463,0.0371773131197306,1.8868047329562083,2.055091935224841,0.6919387272814762,1.8868047329562083,2295,0.9009256060402424,7,0.1089987838723646,0.0400720188973486,-0.3124252393793875,0.0,-1.3505070736790037,-0.44958146763877,0.0873171215992034,0.1042705128970388,41.73229467783904,41.359141375010296,48.13842562612734,0.7436567348850655,0.020335679420693,0.0116360969232822,0.0169841447266086,0.0303069880401427,0.7125002980235059,0.0024472458463313,1.0,0.0070673563507306,2026-01-21,13.0,27,0.0530654957965586,0.049418166704602,False,False,False,0.0384615384615384,4.0,0.1538461538461538,-0.0084804897687839,-0.414345682931737
EXC,Falling Wedge,bullish,1,0.7046333403285762,3,41,2431,2432,2026-05-20,2026,1,44.03269218621732,43.60723852142485,52.02214281084156,42.64734954896184,0.7508016315418646,0.0097564917939814,True,0.0158235663167918,-0.0057836715377757,0.0394548916288146,0.0285991347034964,-0.0283922382477919,-0.0166000247454702,-0.0096898028072693,0.0101785695658984,-0.0260083083928284,0.0048956021883548,0.0198020929418307,0.004926074875964,0.0048639481906371,0.0339025643838599,0.0211436471676873,0.0048910860657231,-0.0668645466268683,0.0350034001040069,0.0163659779479947,-0.0139811897466317,-0.0074240008249554,0.0045637769314494,0.0128420335515966,0.0040053119460621,-0.0209730417277118,-0.008083903593501,0.0800435432998976,0.0245493273994925,0.0083038188372779,0.0134273463416831,-0.045561497631904,0.0022677028242268,-0.0213358179489439,-0.1406601226202918,-0.0447949860303062,0.0048647049859584,0.0351145205889231,-0.0217479259977599,-0.1035566832022636,0.0408747521393157,-0.0245237085599132,-0.0109791872983656,0.0395580377952649,-0.0200263739850649,-0.0006694536306662,0.0136521072604091,0.0305508801413636,0.0169803220888553,0.0471741752964085,-0.0141464475928612,0.0042383253276048,-0.0247619808590725,-0.0171562264224204,0.1406728504124021,-0.0028553512613405,-0.0449142572857651,0.0486856457493083,0.0081663509226643,-0.0065123343221572,-0.054817517624058,-0.0038064348898149,0.0104972109803986,-0.0029618058909753,0.0310905250161157,0.0688360503155849,-0.0394562099668697,0.024813272771532,-0.0107698812709516,0.022450082171077,0.0339252470292141,0.0266662111109394,0.0199433894367282,0.0202326406185504,0.0734379449375972,0.1405761537687904,0.0414380890874981,0.0945075928690535,-0.0107998590739378,-0.0400833700867782,0.0724798238188568,-0.130390275288008,-0.0969906686938189,0.0688437261536318,-0.0723982932679223,0.0387925517637974,0.1371442955307757,0.2100118201553753,0.0927451370920027,0.0013558788732785,-0.085214451084298,-0.0855581568626782,0.0094215485417894,0.0251517198542099,-0.0236143245662376,0.0859163292141886,0.0183188386609807,-0.0026678521738222,0.0707608204899741,-0.1535366017886538,0.0001729941448835,-0.1084655392419705,0.0672775328691481,0.1419252863811002,0.0568698353307091,-0.0082899563688461,0.0691114358611102,-0.0301976138424722,-0.0781405463680761,0.1368321948054167,-0.0353202796909107,-0.2472085401588817,0.0597985279660737,0.0873998502420643,0.0593383467968713,0.0156569666977655,time,2491,60,45.14019012451172,0.0251517198542099,0.0919654550053223,0.0067928524860076,0.7994397259644602,2.923093870868855,0.215908739498066,5.767129668695005,2389,0.8083553242005102,7,0.1171142500393803,0.0630423472298264,0.0882119330273847,0.0,-1.2524245020496128,-0.4440691778491089,0.1767343935489185,0.1402384151385138,43.60723852142485,42.64734954896184,52.02214281084156,0.8944197439716568,-0.0103288921305652,-0.0485500751110014,0.0203126291909252,-0.0288797675551834,0.4629621780471621,0.0020170317944765,1.0,0.0422378170385209,2026-05-20,13.0,27,0.0459490335003114,0.0422954636788894,False,False,False,0.0,4.0,0.1538461538461538,-0.0204190094601634,-0.5019837668566047
ES,Falling Wedge,bullish,1,0.670964770310011,3,39,1077,1078,2020-12-28,2020,0,69.0611166275804,67.72163758034594,78.68569566195066,66.59748608354128,0.8204836638467646,0.0197791886772567,True,-0.0046771739211297,0.0019571023612824,0.0433433370994595,-0.0051703536160835,0.0019737017454999,-0.0273290027139024,0.0414505972502254,-0.0294166585956815,-0.0126612254336809,-0.0339285006116019,0.0035511074556764,0.0154495910208516,-0.0045180696599833,-0.0294654640856526,-0.0269816386908703,0.0217607343810053,0.0061678722719353,0.0309617495675063,-0.0168290617334504,-0.0252090265300016,0.0172172730393695,-0.0118947616783922,-0.0026007839452411,0.0464215986702143,0.0331527885199671,0.0164650563664618,-0.0043866919458909,0.0168336387857044,0.0585481212388487,-0.0355138433234009,0.0301136948405074,0.0760568630186051,0.0496369237856439,0.0213635992062595,-0.0554055482682779,0.0296214840281512,-0.0050712463039752,0.0104038629511247,0.006744090073697,-0.0723674385395533,0.0166429177182509,0.0197898995647622,-0.0394978101879942,-0.008637745135285,-0.0556709556267629,0.0426381550578704,0.0351963181423109,0.033591156955143,0.010663675902333,-0.0545515947902919,-0.0075899322296807,0.0604199669200955,-0.109708183234367,0.0384047846889188,-0.0087409619642077,-0.0229078596302555,-0.0663257514769194,-0.0269915625887655,0.0366604783510777,0.0587005865303555,0.0058376345266144,-0.0578967906815878,0.0089252360926939,-0.0385266184846361,0.0788676875194804,0.0795686933693262,0.0596103360547777,0.046361426010431,0.0306572555980413,-0.0579980021219872,-0.0807903510323848,-0.1386739519377307,-0.0016653304752456,0.019074441173678,0.1058197741111557,0.0568765985012114,0.0386106288517931,0.0436036748084089,0.0543887570208634,0.1414302424587727,-0.0419192003512833,0.0936600126290079,-0.1185183824314445,-0.0041870242727849,-0.0113038794862802,-0.0146054222723431,-0.1416002630801305,-0.0091762762927767,0.0561701997797539,0.0536625694923134,0.0168181349964853,-0.0679212672831584,0.0135349767978676,-0.0323877246849821,-0.0072002525860807,0.1757441569498734,0.0862113460265827,0.068252000378068,-0.1055308976650226,0.1484540241535654,-0.0558434528804999,0.0273210395809446,0.0585489515160644,0.0157904517782732,-0.0072967892615961,0.1096589453331084,0.1187700988554119,-0.0483984380943274,-0.0340577625395183,0.1174326209219043,-0.0190304689077605,0.1492239598769265,0.0842439173859537,0.1250744142685518,-0.0368334164566535,stop,1111,34,66.59748608354128,-0.0356731930258891,0.0782272970213776,0.0475913453193951,-1.0,2.1928874425287805,1.3340926696653297,3.906664924924485,1038,0.7836783123172579,7,0.1425474172000228,0.0694295010428813,0.2213574368634017,0.0,-1.1094988300145312,-0.3258205176972757,0.1451585214630633,0.1266889961175592,67.72163758034594,66.59748608354128,78.68569566195066,1.2809883983771724,0.0092651806163905,-0.037499455242159,0.0186533166294447,0.0373943493802721,0.9259287167508023,0.0060608381412099,1.0,0.0277352346199564,2020-12-28,1.0,26,0.0962058624494517,0.0393995443352412,False,False,False,0.04,3.0,0.12,0.0114761055325668,0.0909373853568371
ES,Falling Wedge,bullish,1,0.8106940554442039,5,36,1188,1189,2021-06-08,2021,3,66.85361563057556,67.22424102022421,75.59787259463337,65.1889584308384,1.5453408380237648,-0.0055132699755903,True,0.0268447602213606,0.0237727710317021,-0.0150014938366483,-0.0036383632847981,-0.0148962869362986,0.0378937082582633,-0.0375959256135418,-0.0009252410942219,0.0007668569337464,0.0104924428050554,-0.010256773066812,-0.0170785901272698,0.0279668242108934,0.0008332994249131,-0.0001684080812133,-0.0045221395320448,0.0346739392240127,-0.0820593689091514,-0.0083369286054214,0.0091214291817738,-0.0066848128517843,-0.0303181837488574,0.0323314610038308,-0.0166710210786413,-0.019776374460497,-0.0070062779795574,0.0188398693874234,0.006744090073697,-0.1372303160808501,-0.1156415566056044,-0.0428505421922918,-0.0273101955145058,-0.0118783228574337,-0.0238941950494636,0.0143060182083656,-0.0641513428146821,0.02100531831062,-0.0135033010441284,0.0096469926065185,-0.0123788919768027,0.0695676879190569,0.0765034506800645,0.0464215986702143,0.013959777086778,0.0034101548452807,-0.0078990218622763,0.0137287314980008,-0.0162851138299544,-0.0140730384071301,0.0421794120124849,0.0569105332978137,0.1036833097767457,0.1632449236901529,-0.0079297503110131,-0.0520288811912325,0.0568124142418393,0.0979755641574782,0.0474010414477583,-0.0612802143533413,-0.0526336429278014,0.075873133244011,-0.0799934784589225,0.0568124142418393,-0.0355538371282669,-0.0210930097936301,0.0437924219079524,0.1047904827544763,0.1083168961995115,-0.0179316032220354,0.08077943698348,0.0400492608373077,-0.0707617138880831,0.0207804694664395,-0.048155902675757,0.0800087186852267,-0.0180641827789729,0.0920174987775801,0.0680605870582138,-0.0275859460445927,0.0330329403202624,0.1343300611585438,0.0946706952846574,0.0909105090061721,-0.0262135490369708,0.084755802438712,0.0203486541740245,0.0277732174488851,-0.0585090356090675,-0.0419192003512833,0.0186162940847989,-0.0796688751665176,0.0610580848658664,0.1235595949864538,0.052436110559729,0.0269987553947601,0.0724296264690989,-0.0302956161983923,0.1138329859053779,-0.002149984908756,-0.0193578995191529,0.1454358609387585,0.0092732910036543,-0.0651947831494944,0.0888988790226503,0.0508740502074418,0.0912306831199658,-0.0694718994939509,0.0900131567306363,0.0339721989077705,0.0055925550272981,0.0464765058704343,0.1297710131407441,0.020153207606081,0.130447060912769,0.0801131126370691,stop,1197,9,65.1889584308384,-0.0249000324669924,0.0351801401700295,0.0286835337093063,-1.0,1.4128551927257311,1.1519476429329711,5.252887480640736,1149,0.6072638500214036,5,0.0181185018647128,0.0986173360456126,0.1033771162055379,0.0,-1.387240320564456,-0.779976470543043,0.555245622493664,0.0801319998631622,67.22424102022421,65.1889584308384,75.59787259463337,1.048180200866687,-0.0427885436113704,-0.0434345222592795,0.0157618153362892,-0.0307934040868028,0.3421057915088859,0.0035318609063612,1.0,0.0103840027414769,2021-06-08,58.0,16,0.0573453782951249,0.0458952929790386,False,False,True,0.0,1.0,0.0666666666666666,-0.0077477989418836,-0.008308192874482
ES,Falling Wedge,bullish,1,0.6463718735890114,3,24,1372,1373,2022-03-01,2022,1,66.98886174535603,67.51374110695167,77.02667764490366,64.65134836330623,1.6573889471480856,-0.0077744078907455,True,0.0636250282786923,0.1009079882973732,-0.0163364623203345,0.0164247235256413,-0.0754846030790046,0.0398926847927549,0.0055608115865686,-0.0036107302329053,0.0233980637449615,0.0025589937787311,-0.0139606990601216,0.0051301128410914,-0.0195167340554784,-0.0015796704547273,0.0011636686966955,-0.0238129308141106,-0.0098903095148138,0.0125081491432279,0.0165922050746307,-0.0064662709050063,-0.0101953297349007,-0.0127665676008258,0.0671445730080886,0.0521248217948746,0.0664645328247569,0.0170047330767901,-0.0585198980584154,-0.035909980450428,-0.0222104921068273,-0.0723772825112704,-0.0770896353933467,0.0088763302501164,-0.0633134631015029,-0.1076350311120865,0.009851045765167,0.0221261177075611,-0.0207523898003205,0.0438816420564933,0.0138658204966013,0.0531645860208125,0.0431458816212857,0.0130048418787789,-0.0067093243801676,0.0585481212388487,0.0044443390869257,0.0609550236806238,0.0972498298342037,0.0264453797630281,0.0658387229363923,0.0491751228325409,0.0020411604644692,0.0316612829982074,0.0226957795274582,0.1172945073632569,-0.055405300155108,-0.0610948074580844,0.0223145920473888,-0.0297820860978602,-0.0471820326295826,-0.0128491761763476,-0.0400864402814079,-0.0711695628473103,0.0056085006811459,0.0626325334140041,-0.0348459487527929,0.0040730467409733,-0.0356105662811049,0.0244692072572156,0.096260903055031,0.1188751289818657,0.1508008160196275,-0.117869909562866,-0.1144535178622027,-0.1071491873309019,-0.1201912042215784,-0.0123446866794234,0.1292207985491746,-0.0284942096692577,0.0423705098000952,-0.0718293448615037,-0.036901929675823,0.0050744840244938,0.0641664206046941,0.0588776223200731,0.1105466976369449,0.0883634369184793,0.1606602422603587,-0.1147826000657392,0.0802908263093606,0.0971181017021844,-0.0052500691139009,0.1135040049277326,0.1600931236375453,0.2381872861811577,0.138258792845642,-0.0019464526278544,0.1130182734237867,0.0569631985255771,-0.1468341538893532,0.0692872755934126,0.0808572025755014,0.1478771721501195,0.0596347418483063,-0.0498403868969239,-0.1882436835437302,-0.0970414736839733,0.0191382252532026,0.0992024040382848,0.0752810157032857,0.0564753515492499,0.0593042599152757,-0.0854759300515165,0.0542336179321052,-0.0439413312045386,0.1392827176647523,target,1398,26,77.02667764490366,0.1498430580549981,0.1543748284372676,0.0066249847412108,4.2942282070467925,4.424100464433973,0.1898599555844637,4.2942282070467925,1347,0.555175399853093,5,0.0407005081553166,-0.0315874150839028,0.259344283789527,0.0,-1.2013877158735562,-0.6462123160204516,0.6511298355604632,0.1014222572230192,67.51374110695167,64.65134836330623,77.02667764490366,1.6638121369245706,-0.0523567939527386,-0.0713139257796029,0.0248987695238489,-0.1044181367681054,0.2575759327225967,0.0011000165094396,0.0,-0.0442977118354123,2022-03-01,57.0,16,-0.0068026503799762,0.0170988371315976,False,False,False,0.1333333333333333,1.0,0.0666666666666666,-0.0722129570190407,-2.3809545551090165
ES,Falling Wedge,bullish,1,0.6525186478339541,8,55,1647,1648,2023-04-04,2023,4,67.84364182401578,65.91143520514927,74.39672193840332,62.03323878899684,0.664740202432803,0.0293151956538726,True,0.0154022705672984,0.0150592322025573,0.0094169844262312,-0.003022484698166,0.0176205757993386,-0.0076030754753331,0.0533606123273708,0.0707528458119248,0.0080011827580102,0.0011797698654429,0.0004795781910331,0.0405584012041553,-0.0212031992657958,0.0138431279009618,-0.0479089709763077,-0.0408927295567294,0.0090643081045533,-0.0589628685376127,-0.009680361586284,0.0610954117155573,0.0104924428050554,-0.0139608689383623,0.0107707364735462,0.0054734569828818,-0.0097994579095599,0.0092635011400952,-0.0103707142148241,0.0315454911640056,0.0032015314107602,0.0125347971624383,-0.0243775069029847,0.0255254337067019,-0.0055448979296929,-0.0144129729732096,-0.0798422032120134,0.0017385096168744,0.0437084613860081,-4.7806996805732644e-08,0.0212529052320571,0.0597024160338182,0.0188556664715198,-0.0173969027873872,0.013145429037378,0.0016097227014375,-0.0277621665383365,0.0023546343479993,-0.0244399460942386,-0.0247094820414253,-0.0397067532174527,-0.0028003465299004,0.080592099446789,-0.0567905551514409,0.0322629597892412,0.0075310949980136,0.0085150223013763,0.0148354055945563,0.0183440556888287,-0.0100000263077379,-0.1253163230169464,-0.0158254923375098,-0.0415354043950343,-0.0322879874555539,-0.0612735071582665,-0.0774726597876612,-0.0008541550282878,0.0415562395301416,-0.1670343881826418,0.0325793404160306,-0.0047058770540657,-0.1158456221249926,-0.1499463020892071,-0.0931869755399734,0.0088957491357972,-0.097257701074684,0.0936600126290079,-0.0196278117854739,0.0355744969507016,-0.0269052668403002,0.0588392698140467,0.0523892558713647,-0.0648983480729517,0.100915251529956,-0.0718725292674706,-0.0146054222723431,0.1193943620136412,-0.0781103092505322,0.1045627429565214,-0.0747296975218883,0.1219723562260932,-0.0757231121751074,-0.0844227675164632,-0.1155887999154897,-0.0889986571765589,-0.1797456159776257,0.1086082899627958,0.0068053991968062,0.0205595222810397,0.070634712601749,0.1133823204819608,0.0314557405958646,0.0040014558544709,-0.0401656737269267,0.05054382414771,0.0842936167182843,0.0584078290412264,0.0497508793002761,0.0179599924302729,0.0706490164375559,-0.0945110380147684,0.0003448351430492,0.199696360171349,0.1094128734860857,-0.1306621623401234,0.0428309521231369,-0.1276985944711497,stop,1683,36,62.03323878899684,-0.0856440320537469,0.0356416905219444,0.0954213015692018,-1.0,0.4161608189999395,1.1141617142607083,1.1278185136026773,1588,0.4534987826588766,6,0.0771583808926446,0.1645545948062612,0.4015517309477259,0.0,-1.036592099886917,-0.5830933172280436,1.0447083051383412,0.1034747607375363,65.91143520514927,62.03323878899684,74.39672193840332,1.3453501694285686,-0.0352329553646535,0.0095784844809114,0.0199597333650728,-0.0118924004507771,0.8131895771152664,0.0020666222854863,1.0,0.0300291961759766,2023-04-04,55.0,16,0.0282208839390492,-0.014344148650595,False,False,False,0.0666666666666666,0.0,0.0,0.0052524308103422,0.3015798637293818
ES,Falling Wedge,bullish,1,0.6051718599732594,3,46,2095,2096,2025-01-16,2025,1,54.16237117689935,52.09373267982824,63.98839827056986,50.80781646456353,1.038528178004742,0.0397099303631227,True,-0.0296348454208846,-0.0480783349963175,-0.0006339147210158,0.0060805606447544,0.0345495426890345,-0.003683794346275,-0.0055106339067902,0.0078841032876673,-0.0201107104800084,0.003016391591154,-0.0364828881366303,0.0257504759528532,-0.0451613257061643,0.018251516595531,0.0257803669951908,-0.0238129308141106,0.028988788063037,-0.008652116125461,-0.005302396325757,0.0180479267420121,0.0348126060673008,-0.0286086455440699,-0.0308949915469973,-0.0062026705861867,-0.0143440262588515,0.0422436173940594,-0.0273101955145058,-0.0306882889163256,0.0043200770191074,0.0304866624520148,0.0018834781174825,0.0063812934851943,0.0260655433346261,0.0075310853449559,-0.0218725962798618,0.0683921272394294,0.0227188608502473,-0.0726933455018893,0.0391813324085892,-0.0094505950090493,0.0446242870550139,0.0439651313672277,0.0174343297645906,0.0546769517147505,0.0369297091329816,-0.0204436438591186,0.0603031292548399,0.0389617517943363,0.0357335263227236,0.0230334573425285,-0.0549585420828546,0.0208708975226075,-0.0488370978882598,0.0415455877835497,0.0983861139496924,-0.0548953610983263,0.0206710906553087,-0.0080829208817584,-0.0736819132846199,0.0373100265754291,-0.0676814694532539,0.0544850366675062,-0.0152931825496906,0.0020555796819587,-0.0097283430906039,-0.0791353406023385,0.0118780996859511,-0.0595380853549466,0.0665962712598098,0.0724299688968366,0.1223663796322319,0.0047805392095177,-0.117869909562866,0.1000374912483732,-0.0879377364283428,-0.0760427970479799,0.0096899986643206,0.1146921472536333,0.0690632253211638,0.0107052116044483,-0.101453688735862,0.083388782465098,0.0092021806459645,0.1145424228000595,0.0252067128619251,0.0416528805642484,0.0496441334261037,0.108736075059453,0.0561701997797539,0.0083051180013697,-0.0747664111858561,0.0550426400996102,0.0197675473156264,0.1139417255649227,0.0943846581629783,-0.1590491429160514,0.0621370830916796,-0.0195543113925101,0.0284223381298052,-0.1567013523409141,-0.0531950454036761,-0.0517556356226401,0.0547082806138461,0.1077703247181132,0.1085816196179012,-0.002149984908756,0.079602053488742,0.0637835897550123,0.136987937804732,-0.1237269507731818,-0.0771999754281397,-0.0431201292356043,-0.0799734199049275,0.1083413402570565,0.0158528834299532,stop,2151,56,50.80781646456353,-0.0619351523842914,0.1090626365991122,0.0642830891585315,-1.0,1.760916578075193,1.0379095987311329,2.9291598844809195,2048,0.8172510379312083,5,0.0153112995988143,-0.0984074542872429,0.0407990319890041,0.0,-1.2882475527473716,-0.4709965148161631,0.1704136118955237,0.1578442183231587,52.09373267982824,50.80781646456353,63.98839827056986,0.9851824468151464,-0.0416910991161115,-0.0191355394922,0.0181643890820465,-0.0337551704581944,0.9767436702684464,-0.0022962381178995,1.0,-0.021685822118629,2025-01-16,1.0,28,0.0851936342039916,0.0408852845473739,False,True,True,0.1111111111111111,6.0,0.2222222222222222,0.0122744081019254,0.6603490008725051
ES,Falling Wedge,bullish,1,0.6190698216227976,3,16,2490,2491,2026-08-14,2026,2,72.13999938964844,71.21143450055797,79.00571114676336,70.21200190952851,0.7591861138143123,0.0130395475895543,False,-0.0267535392501364,-0.0132772553065158,-0.0167821980981878,-0.0820593689091514,0.0375988110473655,-0.0069043073236849,0.0132827781668192,0.0260837046399686,0.0139142577244448,0.005655484862264,-0.0253760816697981,0.0518716897284812,0.0213269944819536,0.0089629193901037,0.0144255012651497,0.0031941636522874,2.506951182201789e-07,0.0125401975567109,-0.1320516274093267,0.0379684135713083,-0.0074342937132056,4.552936593604784e-05,-0.0255666802013643,-0.0180205581197212,-0.0092210307494032,0.0195677187316416,0.0188398693874234,0.0489632076603527,0.0723909131550202,0.0120592844600393,0.0515927267311542,-0.0289593313078571,0.0156453367643647,-0.0412636605333897,-0.0063261826448158,-0.0359782672300644,0.0183205438636568,0.0243455888630501,-0.0137448095549242,-0.0132783091437607,0.0979693734126201,-0.0149872165360159,0.0158096915772634,0.0763753208034303,-0.0407311445454005,-0.0318510908154106,-0.0528139394348325,-0.0331020324836832,0.0287421205155227,0.0166250891201891,0.0448129673610337,-0.1336329621537383,0.0843790640499964,0.0083825572637967,-0.0958333851392724,0.0683767889983439,0.0173417714162824,0.0367153177506329,-0.023120776860805,0.0717767524638213,0.0088324432197941,0.0352205463391364,-0.0150226109578086,0.0143111809725244,-0.0007833405038673,-0.0198935492880576,-0.0436043729583873,-0.0324485090432772,-0.0563727940631256,,,,,,,,,,,,,,,,,,,,,,,,,,,,,,,,,,,,,,,,,,,,,,,stop,2495,5,70.21200190952851,-0.0267257762189083,0.0120599217347216,0.0277238704868492,-1.0,0.4512468276296266,1.03734575414258,3.561058470204979,2472,0.7916845683836267,5,0.0606939019274901,0.0417855132688027,0.2315450765988951,0.0,-1.1371710543612514,-0.3454864859776453,0.1841837487297652,0.0879632076250061,71.21143450055797,70.21200190952851,79.00571114676336,1.566427503313337,0.0435950683257326,4.146572801477788e-05,0.0216476988681679,0.0522338739301255,0.8235298517510135,-0.0096926691471177,1.0,0.0444645425138627,2026-08-14,13.0,27,0.0114150775245733,0.0189632089221729,False,False,True,0.0384615384615384,1.0,0.0384615384615384,0.0016400556933627,0.0034705119507472
EXPE,Falling Wedge,bullish,1,0.7506270395004628,8,81,588,589,2019-01-18,2019,0,113.69460208128892,113.07135852813494,131.5387109439821,103.62644500202896,0.614919131975479,0.0055119489255883,True,8.563284679596883e-05,0.004088334663447,-0.0341434577665138,-0.0046586738672481,0.0705874832282906,0.0224133126136807,0.0066050421656667,0.003547228322601,0.0252836659055799,0.0100062831247578,-0.0135075519394921,-0.0587356655388722,0.0341194304152328,-0.0085911859494368,0.0289176462728288,0.0272539194712655,0.037346374953108,0.136775807339907,0.038243958498233,0.0200823342729306,0.0548795603630285,-0.0530898352000948,-0.0170811509874766,0.0556268397027095,0.0286649695152212,-0.2819972578086656,-0.0003188491138195,-0.0485850800707505,-0.0222560892106141,0.0485819472410316,-0.0187091644201264,-0.0979914793712509,0.1345708982320972,0.0565789869453097,-0.0151481593844203,-0.0769590357259442,0.0273326842217807,-0.0101798755610926,0.0483559805967308,0.038748990105371,-0.0206869472645813,-0.2728538177785881,-0.0436363417013732,-0.0104622869269621,0.003863791809481,0.0837143949620289,0.0958730348845424,0.0466693856347124,0.0756959966538874,-0.074394723998705,0.0448975057895366,0.0765737116385947,0.0732443374244624,0.1106514334833306,0.2412416907150512,0.0395833403715293,-0.4228673295747559,0.1068460046161803,-0.0551479254535447,0.0465352179245954,0.1103367079121691,0.1036647595926416,-0.0497827683628571,0.1044075793035279,0.0726462925239488,-0.3446969106054887,0.0717260854843113,-0.1744752770941476,0.088038748467329,0.0471786791363926,-0.023903028412989,0.2802889168838269,0.3502593042322945,-0.1169761672776265,0.0251598912176147,0.039315305862017,0.1834590946046568,-0.1356557832508406,-0.1000809953688351,0.2218305410114087,0.3071491676855229,-0.0866121632967428,0.1016052962548272,0.1112945240111988,-0.1441289464217834,-0.0470233770504349,0.0015245599291642,0.1152176195946659,-0.1431139708648562,0.1178275900150487,-0.1273010705049229,-0.0005232877269175,0.0793034444963116,-0.0212105961292821,-0.2572919671018607,0.2549880104567794,0.0888638884634589,0.3095491024885113,0.3408572633137872,0.0523635798545492,0.0789517808002959,0.0975813083707977,-0.073153835246244,0.3720059378972089,0.281115811605765,0.1182681106650955,0.2502099830830968,-0.0040440413328581,-0.2123261803190916,0.1277218147003369,0.0454546743664676,0.1627039424186425,-0.1279388796941274,0.0968195120718176,-0.0208315463468097,time,648,60,122.71097564697266,0.0793034444963116,0.1546612050670862,0.0233273156969562,0.8955336606991501,1.7465107098634458,0.2634235694686824,1.7723311944994773,507,0.4438923820381247,6,0.0307843239525855,0.0957675953628802,-0.2213644432400898,0.0,-0.8218098857244204,-0.3779175036862958,0.9468627213115252,0.1498690118812975,113.07135852813494,103.62644500202896,131.5387109439821,2.939480142372442,-0.0203193442767209,0.0119326094136233,0.0255377585706463,-0.0683015935340206,0.735136071394696,0.0110531133769893,0.0,0.0666880525979196,2019-01-18,37.0,20,-0.0298620900594883,0.007675564641145,False,True,False,0.4210526315789473,3.0,0.1578947368421052,-0.0003972572136592,0.2248800160001842
EXPE,Falling Wedge,bullish,1,0.639426817165283,3,29,1583,1584,2022-12-30,2022,0,87.41810137947823,84.89803994544263,118.3998391598568,79.70354024142205,0.8388506703614983,0.0296833876925197,True,0.0579938753811175,0.048914045210332,-0.0133948004545335,-0.0452996807151004,-0.0170939902270839,0.0236991867722489,-0.1283526856086477,-0.0379108000306278,0.0148692866312061,0.0136300747274844,0.0126320843407394,0.0068735566363749,-0.0653776765125442,0.047870653149922,-0.0069750366064936,-0.0227431069662032,0.0533075358271852,0.0205056518873241,0.0492163226295065,0.0022015570093294,-0.0428475679157339,0.0114667554531724,0.0641800093797413,0.2021888109681966,0.167326485584482,-0.0290220428289542,-0.0081780026717014,-0.0403687145326364,0.0679624639678158,-0.0205391467776354,-0.0167090835191311,-0.0394748859953136,-0.0384187717825401,0.093200758666623,-0.0829273065591608,-0.0663346521573728,0.0005499420395764,-0.0022652237737169,-0.0775879991271144,0.0110072984069562,-0.1027770299767648,-0.0097168617997447,-0.0217191334728177,-0.0467446039806724,0.0307449052981132,0.2221547154970062,0.2896309721377526,0.2321082528412772,0.038011544165678,0.0148954216280492,0.0364194127545789,0.2184958381472825,0.0212677700797216,-0.0261290236605364,-0.0223164530944104,0.0681914031424411,-0.2711266156808273,-0.0734523879247899,0.0775480069654119,0.1087157413853394,0.0165889029166306,0.0640451668774086,0.0509771836281278,0.1016542810974285,0.1626350465252377,0.2412416907150512,-0.0918535522633378,0.037182624556036,0.2509813720397265,0.1977885917068929,0.1708093230022758,-0.0153326863082544,-0.2486982530301283,-0.0044356578720324,-0.0241204282790472,0.2814307902521784,-0.14638723415263,0.0601869869562989,0.1954995033944762,0.2133988738420897,0.167539279189461,0.0848323992424089,0.011959746015556,0.1515382850237889,-0.1928466850094666,-0.0054661209380074,0.1893254857361435,-0.0278137141265416,-0.0242294548858434,-0.0990046664911998,-0.1416734512361934,0.17650344184074,0.0722103241916913,0.0240490097537866,-0.075952880436616,0.0596322812250893,0.1117875951310747,-0.0492970852366682,0.1782396560639252,-0.057169942240276,-0.0858552418008248,0.0997461696845758,-0.0090658924583674,0.0592289707039077,0.1386199703814177,0.3833332787604273,-0.0293723617006524,0.1952192548547751,-0.1578990828144252,0.3188647600011891,-0.0513029638824976,0.0897615975260952,0.0492842146679768,-0.1593812300728321,0.0217892707738266,target,1605,22,118.3998391598568,0.3544087241827431,0.4097934167278944,0.0261762356619586,4.016007809899212,4.643603415292676,0.2966178868609995,4.016007809899212,1554,0.6569468841530302,5,0.0563015724383832,0.07743468104463,0.4088354242324201,0.0,-1.100534152348169,-0.4435872681951326,0.2597459960001492,0.2626170726691566,84.89803994544263,79.70354024142205,118.3998391598568,3.3936675353696706,-0.2508892773814855,-0.0730806547413185,0.0392775702682188,-0.0912863223695147,0.9285717066107212,-0.0154941282776241,0.0,-0.0569343986017073,2022-12-30,21.0,9,0.1187997790673129,-0.0164816010992285,False,False,False,0.125,0.0,0.0,-0.1091255184720221,-0.9271970606841776
EXPE,Falling Wedge,bullish,1,0.6794906060584727,3,22,1627,1628,2023-03-07,2023,1,105.88211775758045,106.62844848331042,124.277106525808,100.44095870625176,0.6186673201845967,-0.006999358392116,True,-0.1234279871609295,-0.1067107584132475,0.0183502430584188,0.0288016450381856,-0.0093328114280157,0.0129603253222017,0.0165978907820205,-0.0016804383051183,0.0426290863704266,0.0336581160257316,0.0703847548264211,-0.0340557662923811,0.0683737856122972,-0.0462575388321744,-0.0245598512884017,0.057723747643561,-0.0249216503893139,-0.0650676360806491,0.1014023961582242,-0.0650676360806491,0.0719037661141628,0.0479062258282902,-0.1384154198650914,-0.0987424032567643,-0.1038691252429342,-0.0093704122367245,-0.1565657014301673,0.0580419097655775,0.0514473871116258,-0.0622694145947551,0.0433583978058658,-0.1169263410616276,-0.0030600660634334,0.1581178853730376,-0.0097168617997447,0.0583241675005288,0.1739081523103207,0.1878189330376876,-0.0299295234048102,0.0415585815193888,0.0073995686071954,0.1118928280430209,0.106381599207258,0.0686156174198213,0.0269282449342957,-0.1340401508589823,-0.1265020211563337,-0.1562209526615536,-0.4228673295747559,-0.0582592655639447,-0.0697221966600941,0.016912724122295,0.0600497624013482,0.0474212555501285,0.1059746017326024,-0.056427663733481,0.0648329276501049,0.09688045264355,-0.0958930369400362,0.1269940829774312,0.1280909455135197,-0.1177632700991572,0.0488203108178051,0.0698272275969962,-0.0513718903629858,0.1021624888909726,0.060481452377763,-0.0611605723803656,-0.1262511715043185,-0.1563110430898744,-0.1843919947343695,0.0893296858634116,0.0699675498894345,0.2596088982303142,0.0345656928430511,0.1428921880634222,0.0825405986614917,0.0765739920322055,0.1761298466170426,0.1982100876614541,0.1468148451346003,0.1911669046173894,-0.2095020458839802,-0.0583940164718042,-0.0351988445418188,-0.0232975429033949,0.113748990933906,0.0236842862355044,0.1047686451024032,-0.0788870474594348,-0.1165329194701048,-0.2157205328476291,-0.0809499417598076,-0.1438026758952215,-0.0809499417598076,-0.1187012641107704,-0.1835582063888493,-0.1801101278083148,0.274904556458224,0.2990558664044402,-0.1010911215625988,0.3418698408529375,-0.0325565273551121,0.2275796232321552,0.3744425849731432,-0.0344021544320161,0.0394239576908974,-0.1323242355643282,-0.4611546063837487,0.1202336473463798,0.0995461472058287,0.2058855724179769,-0.1927837056147213,-0.225156582947925,-0.0929576078924971,stop,1629,2,100.44095870625176,-0.0513888385174382,0.0119236031438365,0.0622263783007734,-1.0,0.2320270994214125,1.2108928727715378,3.380711461418437,1604,0.5198016291838952,7,0.1783103387904342,0.3446623585717121,-0.2853491072732123,0.0,-1.1103749061796668,-0.5905732769957882,0.7489189299353091,0.1242553051817242,106.62844848331042,100.44095870625176,124.277106525808,3.2436092882546217,0.0440429009979128,0.0141266738567542,0.0305885621202152,0.0529873869101633,0.103152100489462,0.0018425168526454,1.0,-0.0282068454756642,2023-03-07,5.0,9,0.2523233875487161,0.1774336829821352,False,False,False,0.125,0.0,0.0,-0.1019640986883799,-0.7422698512800491
EXPE,Falling Wedge,bullish,1,0.6556689104710699,5,54,1798,1799,2023-11-08,2023,3,114.92672799372976,98.18038703314556,112.95553560824776,91.11659858183424,4.605404306159282,0.1705670701311317,True,0.1185205986606496,0.0928609356174041,0.18115709203806,-0.0167125396920823,-0.0435499719263567,0.0575621721994061,-0.0046157390805584,0.0228503778356166,-0.0059752560485759,0.0539926345599333,0.016139467955021,-0.1424772718164308,-0.0021218359767657,0.0948453283174139,0.0085862958889624,0.0231231678236427,-0.0347100722876089,-0.0177599489109189,0.0137573060001636,-0.0114699507250219,0.0691117457477294,-0.0084451663205369,0.105856206881595,0.1748198708199364,0.136980182446128,-0.0083249996816309,-0.1590724152898982,0.0784871066642671,0.023069621319022,-0.1018990680404277,0.0296949046522845,0.0499901727721305,0.0897260449516488,0.0384975821700095,-0.0299919192552791,-0.03673992684726,-0.0382884768588449,-0.0034634683192539,-0.0359095770954259,-0.0034410190919481,0.0074600271184424,-0.1765835416495118,-0.0014736067747651,0.0371291744748514,0.0379428124077825,0.1849793994386268,0.2328355898705918,0.187674523649922,-0.033077604801596,-0.1173086214907884,0.098751963719819,0.0253578332727375,-0.095429987070905,0.0241019434856126,0.1786495639809064,0.2412416907150512,-0.0582592655639447,0.0691894711062452,-0.021298488415218,-0.1704528491081494,0.0834111351212507,0.0201020816416488,0.0276067036646174,0.0834617062095883,0.0300629885937373,0.1433990981501043,-0.023459757323027,0.0005692923243498,0.2075046449599898,0.2845864370914113,0.1976985569356391,0.0270830373233021,0.0408864328266973,0.1411879622864589,0.1674747511940446,-0.2897368823399344,-0.045171543187785,0.1084007416365446,-0.3933629427946138,-0.1083145875142841,0.2049211238702015,-0.1306818241768306,0.1570215913362691,0.1355242327979966,0.0139691230523837,0.0428018669461505,-0.0461963489048388,-0.2756866320411169,0.3820227355077525,-0.0756073162473606,0.037139688290783,0.2799026765983202,0.3190867806224304,0.187816620122609,0.3779489204721498,0.1288885281258529,-0.0781097328151462,0.2331382387599478,0.1762365602394484,0.1250990668819178,-0.1736837900757377,0.1255961392858984,0.1454385799834086,-0.0909361831177,0.1441552867959921,-0.072601614979661,0.3334032592071156,-0.1736837900757377,-0.0268078193462799,0.2182707236725447,-0.2047327804367513,0.0789803915227711,0.0165131712334369,-0.0002708509924123,0.2549446654053775,target,1799,1,112.95553560824776,-0.0171517315414176,0.0129591673509571,0.0265190218581633,-0.0827879744533088,0.0625513064378641,0.1280020095241593,0.0827879744533088,1741,0.3529376621717808,5,0.0395735568969864,0.0028997814545246,-0.1627385765117847,0.0,-1.2759745731184706,-0.9230369109466908,1.7284222291195286,0.1054492625869641,98.18038703314556,91.11659858183424,112.95553560824776,4.497646911719853,0.1196839825668758,0.1350733170677269,0.0391214760420268,0.2804569821935743,0.0593217599327548,-0.0001694201523358,1.0,0.0021313618013605,2023-11-08,5.0,9,0.0221747764975792,0.0194186927847015,False,True,False,0.375,1.0,0.125,0.1242565271211951,1.80390582964896
EXPE,Falling Wedge,bullish,1,0.6368243297406343,3,24,1911,1912,2024-04-23,2024,1,133.46966761714103,128.0624250341093,142.94936355735558,125.47026983991924,0.7725817342249134,0.0422234904703038,True,-0.0050989813110648,0.0039423871172257,-2.9556203706704313e-08,-0.0120766595329233,-0.0120766595329233,0.0116397717409306,0.0801621458823167,0.021658734669006,0.0118977545368432,0.0020746623019312,0.0669930220070513,0.0341318553642771,-0.0546128466684757,-0.005875525205565,0.0487889783938575,-0.0535516558949628,0.0095679553955265,-0.018504734815774,-0.0504247521753591,-0.0042939442843709,-0.2028516393832882,-0.025828093962682,0.0025601017249744,-0.1656073914454386,-0.1864932983467312,-0.0326495257573549,0.0148237140125548,-0.025712857626574,0.1291762695990208,-0.4354491921653326,0.0509512696490996,-0.0141181994211585,-0.0384490777692598,-0.0808175659181985,0.0217222331853983,0.0203439686891189,-0.078583072333543,-0.0076596746670269,-0.0571181343216865,-0.0735087817947023,-0.1155250206845828,0.0100734190880271,0.0562790075075567,0.0369979441304355,0.0010381625072728,-0.1346981357408919,-0.1744752770941476,-0.2234329191298879,-0.1238320070815427,0.0319909292419664,0.1454701657797601,0.0834111351212507,-0.0251670588919177,-0.0271252460787785,-0.0223802477823877,0.1758947597875106,0.0691894711062452,-0.0284845790678965,0.3212817981136675,0.035081210019481,0.1452696717955524,-0.1238320070815427,-0.0108591031723999,-0.0278573744388164,-0.0155479494070168,0.0313463400808342,-0.0724940884786803,0.0681914031424411,-0.2059526382295342,-0.0727164378964394,-0.1525491402722419,-0.1855194230749641,0.2214795835656804,0.1502088229791338,-0.1932985290698901,0.2970418827119332,0.1451554446706846,-0.0471544709388445,-0.1059624212436493,-0.2018048146490751,-0.0541791825636311,-0.1334801879665548,-0.0643557647879538,0.141672352147437,0.1763485104815285,-0.0560448057857648,0.2055732160373475,0.1818279931399968,0.1315162800930009,-0.0725356540997094,-0.1040257789555517,-0.0943395905309971,0.0041383995730068,-0.0831189383793695,0.1272505203704508,-0.051544200378559,-0.0596723419260698,-0.0672254288055529,-0.5306765059892444,0.1277218147003369,0.1495360530606186,-0.448368422381073,-0.1167130094282096,0.0737980809288414,-0.075952880436616,-0.0481062689506062,-0.1780587283881521,0.0046556081815101,0.0224174187793879,-0.0124588693284853,-0.0992689657126012,0.0224174187793879,-0.0117000877535177,0.3312395845424556,0.0461738600797917,stop,1919,8,125.47026983991924,-0.0599342001822327,0.0271947419199011,0.1491280678202755,-1.0,0.4537433024419154,2.488196511621825,1.1850512006301153,1886,0.7260412740751573,5,0.0327060890409885,-0.0119419388900356,-0.1600586272633404,0.0,-1.0947756935387107,-0.3687344194635605,0.2625544847079671,0.0948711727640164,128.0624250341093,125.47026983991924,142.94936355735558,2.7849662974727107,0.0749199416788219,0.0057714826652941,0.0209122739284972,0.4417510458782276,0.9088069326884312,0.0071432672561209,1.0,-0.0271658204016861,2024-04-23,10.0,6,0.3040354085991164,0.0907284568834663,False,False,False,0.0,0.0,0.0,0.0826037955680533,1.0007935010720082
EXPD,Falling Wedge,bullish,1,0.6437972525214527,3,22,1243,1244,2021-08-25,2021,0,117.01882296844984,116.25880318594278,123.25111982634036,112.9098157827558,0.6310534305445682,0.0065373095342422,True,-0.0084698191381451,-0.015580659806522,-0.0040633449398235,-0.0006750969583944,0.0157362273488275,-0.0187732160823549,-0.0014165886398778,0.091901403061805,-0.006427495916106,0.0686176170778121,-0.0381659681445714,0.046628340445026,-0.0230035357536583,-0.0406628104512529,0.0205914867849372,0.0118625757923085,0.0202116024459626,0.0049095371788345,-0.0196755982223773,0.0023140698603794,0.0244950381961612,0.013034418355025,-0.0168417522100782,-0.0041945247513005,-0.0050193734430917,0.0860234659004977,-0.0261661218693787,0.0156474164282707,0.0495272525194343,0.0278775744636006,0.0574828384818058,0.0006229110093831,0.038889979999364,0.0236189072764556,0.0234049346159599,-0.0125482572641887,0.0432284628197403,0.0097169282155986,0.051878917419009,-0.0132647600455392,0.0770362134528637,-0.0052403163085269,0.0351096961078363,0.0555411921580322,-0.0326162321213999,-0.0294830749142414,0.0081471979780152,0.0170865115488674,0.0178769642879359,0.1188885811498996,-0.0214857746259689,0.0492342483490313,0.0056200512699911,0.0455780430955143,0.032606772034825,-0.0787962836423029,0.0006874432414156,0.0566816409536865,0.1053655831753337,0.0079508316938325,0.0300181848110474,0.0189935211820746,0.0100741998977358,0.0274629000169486,0.0874220792580253,-0.2252938356086151,0.0096033907467254,-0.0128829797842467,-0.0061330800971292,-0.0305719449370954,-0.0449121422016741,0.0998299072353376,0.0723683633375704,0.0289829395611629,-0.0396921256992101,-0.1982147503364886,0.0117825533765101,-0.1072616038637183,0.0444730351884419,-0.0301677926100649,0.0490613048286772,0.1225248900251705,0.1171707617138309,0.0591913054686139,-0.0513676064793291,-0.0796492404635434,0.0587901898705798,-0.0777351006859171,-0.051181958465006,0.3035243193627244,-0.0902190181217574,-0.0426824635992747,0.0285554142478134,-0.0218779235531587,-0.0294760987617332,0.2161097824996785,-0.0046986634958045,0.03083680883207,-0.0028401642685994,-0.0028401642685994,-0.0198911130276674,0.1532845211994629,-0.0099885475734502,-0.1130737560427005,0.0465421493320912,0.1026387665293877,0.1096507407446056,0.042888131061096,0.0467917193729781,-0.0163546154627022,-0.1056384444440812,0.0052640698779067,0.0079953778546399,-0.0197836022562475,0.0066845693626969,stop,1268,25,112.9098157827558,-0.0351140703816674,0.0485602171904833,0.0431554776324308,-1.0,1.382927603170604,1.2290081202024807,1.5167403161495907,1221,0.4009566146478711,6,0.066779410958384,0.0306163014457341,-0.2373926443595959,0.0,-0.8711202468804214,-0.4701636322325513,1.0405744369633732,0.0536844723290173,116.25880318594278,112.9098157827558,123.25111982634036,1.957304393106894,0.1539509761534341,-0.0121568356161833,0.0167048463361251,0.3559677792604041,0.8801351340758912,0.0001629337254203,1.0,0.0229701811021429,2021-08-25,25.0,6,0.2007026516785857,0.0838919085684912,False,False,False,0.0,1.0,0.2,-0.0282063535194679,-1.186381378844878
EXPD,Falling Wedge,bullish,1,0.672777179285405,3,50,1382,1383,2022-03-15,2022,0,95.3388081454038,93.68113259865504,126.24391295510463,89.60077312836233,0.7354991724982733,0.0176948708962616,True,0.05918038144775,0.0101059128512872,-0.0143414447156838,0.011731974340317,0.0096270375625844,0.0465340443324302,-0.0039604784639548,-0.025764174421669,-0.0078944347300424,-0.0271684356229733,0.0036985299526663,0.0032935021678897,0.0002722760962412,-0.0358318227109013,0.0077732997327628,-0.0290428219646049,0.0176575286404172,-0.0388490816972144,0.0318669490488339,0.0323488812912731,0.0177123589405117,-0.0451562015795801,0.0614550071377848,0.0476427585559846,-0.0293389983943397,0.0299689126165567,0.0262221855231039,0.0203714274972679,0.0238949956202569,-0.0175857794940856,-0.0125074821045662,7.619125130808868e-08,0.0248717605014665,-0.0555608546332556,0.0423691136473212,0.0544505646661799,0.0097522356427255,0.0479149338704008,0.036868668295793,-0.0320920022490005,0.0388254808786117,0.0227123682661538,-0.0347428106836062,-0.018892485456927,-0.0406300747758098,0.0393321968649927,-0.0377960049577082,-0.060503052717226,-0.0798412743753586,0.0519405534218315,-0.0141419673920623,0.1345718610067945,0.016684985878691,0.0515139973593676,0.0458702226338343,-0.076294923537095,0.1225315174177998,-0.0253375987149792,0.0892077177051235,0.0389667567342426,-0.0176035157117975,0.0639352342497556,-0.0732758437894748,0.0218062031948762,0.0279721129751739,-0.0443813729660634,0.0109453350781356,-0.0087504917751654,-0.0546119804273898,0.0740998193544346,0.1576561544173645,0.0163960934635176,-0.0360298924081554,-0.0566210575003681,0.124736022641243,-0.0813526742023027,0.0995284011755985,0.02133619727903,-0.05517435403783,-0.0498290022225322,0.017502377486315,-0.0267222631837468,-0.024849224822802,-0.0603678920418947,-0.005744967680648,0.156281067245771,0.1102866979480334,-0.2249636960457737,0.0301904161620305,0.0065783467748079,0.0679841380064745,0.0726415826525962,0.0126965098202971,0.0759752567931191,0.0476254454682891,0.0712924300608386,0.002933537083563,0.0184863198476694,-0.012812947573397,0.0040294985244448,-0.005223971873405,-0.0243700347564341,-0.052553781866734,0.0862286646912544,0.0942355543531399,0.0210502867843711,0.3607786220891251,0.0699966563808955,-0.0163464675851918,-0.229033357968228,-0.0488121091398853,0.2246238724270206,-0.1494597401497314,-0.0266521837491771,-0.0091043048321242,time,1442,60,96.54927825927734,0.0126965098202971,0.1448181039032362,0.0555999409375639,0.2109555118221741,2.406187027964596,0.9238061612031258,5.386008401467635,1332,0.6361059070978485,7,0.1662789845125284,0.0923664216559692,0.1332393483709273,0.0,-2.265580044839294,-1.6294741377414452,0.4463000417609373,0.1038378023523935,93.68113259865504,89.60077312836233,126.24391295510463,2.944369366814697,-0.1801817167391677,-0.1085828360821605,0.0312091568502024,-0.220865979599696,0.7815517260535785,0.0102873063547228,0.0,-0.0292697608674308,2022-03-15,6.0,6,0.0186647726167172,-0.0160471683179849,False,False,True,0.2,0.0,0.0,-0.086525267166515,-1.5883532838921903
EXPD,Falling Wedge,bullish,1,0.7315765825192635,3,40,1466,1467,2022-07-15,2022,0,92.8380513876064,91.9864836886569,109.92846197413542,87.70995518020032,4.722012316042167,0.009257530724098,True,0.039667021848714,0.022390280823529,0.0238997617078409,0.0120219038073485,0.0346861373485907,-0.0151055367908339,-0.0056936664422536,0.1838180953429535,0.02004347689438,0.0717421878419497,0.001328552196687,0.0123999907226455,0.0176575286404172,-0.033429134566164,-0.0143023264794125,-0.155872989316413,-0.0267360963357444,0.0352626871220784,0.0372644723863151,0.0335780177595841,-0.0196755982223773,0.0275386282073313,0.0276457172574678,0.0918712881593428,0.0310804642947084,0.0268200851044202,0.0029121042962694,0.0116974874468351,-0.0004636173827051,0.0121662937838373,-0.0066146237952001,0.0416819151279672,0.0248717605014665,0.0049874951467401,0.0180598562237439,0.021656678352885,-0.0116138390811373,0.0276235893241196,0.0248717605014665,-0.0436141164375704,0.0552672956731896,0.0440146245124346,0.0369216035956767,-0.0073699338158857,-0.0056893177665027,0.0779619330937403,0.1012228343013912,0.0015268204682243,-0.0641098414422601,-0.0981300734573094,-0.0135610924571494,0.0939018643734306,0.1254238471954238,0.0178769642879359,-0.0066970774586757,-0.1605845260355495,-0.0588907423297528,-0.0662600525031484,-0.0331786486512962,0.0085478224147406,-0.088646990126972,-0.0135038472149597,-0.0741469142751095,0.0195889644434024,-0.0621310770443308,-0.2025466484041461,0.0008677053992913,0.0745324182079318,0.1313052315553164,0.0747096387543644,0.0165450548885861,-0.0456393472936393,0.1806271146173323,-0.016191093877618,-0.001537216423435,0.0403718338219616,0.0403984684129279,-0.0210108684598567,0.0932406942173538,-0.0783117128878755,0.0957809759440961,0.0039360275930955,-0.0127446747864609,-0.0394852887819804,-0.007480903723785,0.0515893632118162,-0.0815644665142087,0.0239958399492383,-0.0216361258770186,0.161399973787079,-0.0813225261466593,0.0604888354152462,-0.0774843627360226,-0.0082709185631048,0.0545564402437805,-0.034137173054713,-0.1438833031594063,-0.0229780609432804,0.2638904721516599,-0.0679215589887368,0.0797552511127048,-0.0495157784705542,-0.0354998986518193,-0.0028401642685994,-0.0449820504297979,-0.0068578625686872,-0.0275666728103743,0.0317251205733033,0.1855726003996456,0.0145647383593363,0.1056511246728941,0.0672461843625062,0.0518754592864205,-0.0225294737355621,-0.0972906324400586,stop,1510,44,87.70995518020032,-0.0552370082176311,0.1268112151235784,0.0742986572988747,-1.0,2.29576545174113,1.3450883691263955,3.3327008494588672,1426,0.579234321338236,7,0.1643396174334764,0.0901928442076311,-0.0632378322576481,0.0285714285714285,-1.1359849273530174,-0.5567506060147835,0.4674544803149842,0.1232907295598119,91.9864836886569,87.70995518020032,109.92846197413542,2.4573457290838374,-0.1303481694336086,-0.0566167156604873,0.0266003762499726,-0.2221343326067825,0.8356177984479854,0.017067111598531,0.0,0.0200250992681341,2022-07-15,6.0,6,-0.1471175670926779,-0.0747806049086589,True,True,False,0.8,1.0,0.2,-0.0144483608699886,0.0302297100081775
EXPD,Falling Wedge,bullish,1,0.6763675066440954,8,70,1925,1926,2024-05-13,2024,5,115.06571762535935,111.68896135378998,126.98222797556993,108.81231680507052,1.6073842745270952,0.0302335721510833,True,-0.0006750969583944,-0.0178499099577491,0.0032573376956588,0.0035765517988237,0.0281119961634159,0.0204560213979836,0.0555438118996012,-0.0312768160494266,0.0012416365605696,0.0267596149664097,-0.0047216033131536,0.0226666594862101,-0.0240741536631815,0.0187001290780541,0.0047298390627896,0.0303412890845067,-0.018005037774524,0.0341518351533347,0.0099751664763179,-0.0091661302202176,0.0147664280156192,0.0399257805427033,-0.0120231147764691,0.0050637049114965,-0.0116314120813927,0.0431250497882518,0.0170194643248016,-0.032568620344576,-0.0515352674125295,-0.0462383281238025,0.053163983873218,-0.0516719168546404,0.0140832259098353,0.0078437633342343,0.0163603340243665,-0.0425453854163271,0.034201788391726,-0.014211935591646,-0.0239719982441917,-0.0538625208528196,0.0182420292613136,0.012390501028469,-0.0392111173847434,0.0106097895924637,-0.0630020782535565,0.0146526668590041,0.0563402231857652,0.0259435785097112,0.0788222596238961,0.0255878163513496,0.0262763330216551,-0.0127589077677671,0.0292344208453474,0.0064832187589123,0.0611621867831466,-0.0983845788245127,-0.0442685433137625,-0.0143750061503589,0.0336275580652194,0.0823240791327908,0.0153940758771884,0.0035912795309849,-0.0578649856819442,-0.0622502791829199,0.0231567420673046,0.0049896531327151,-0.0238584231407478,0.0680624350835306,0.0490926564751638,0.0425002503288938,-0.0288192269789591,-0.0370514502724614,0.0060139784891044,-0.2066931569735789,0.1281689304993214,0.0841976624603968,0.1010525142325295,0.0113243115298229,-0.059464293065538,0.0676370593538973,-0.0153109573456475,-0.0133236811036193,0.0413678992393129,-3.143689963902574e-08,-0.0431497526958845,0.0566929684083747,0.073403708487636,0.2238097873604012,0.045442467227821,0.1156456849426783,0.0513923304217089,0.0109424513409249,0.0114239804611,-0.0101682938816447,0.1886340829898123,0.1304688230684816,-0.008439631636681,0.2179159517002569,0.0373499755998334,0.0992199739128478,0.0697386110298701,0.0144064019996794,-0.0087001567344587,-0.0133988111534134,-0.0398701791925387,0.0645206353111802,0.1274405260277835,0.0469401496300523,0.1404000773247771,-0.0380647248012803,0.0029197886529233,0.1003281764021859,0.0296270300514138,0.1386993842034474,-0.0535828237582086,time,1985,60,116.3802261352539,0.0114239804611,0.0973508435203452,0.0529362475062679,0.2102069813963778,1.79130444265768,0.9740535562569306,1.9056047569425003,1850,0.7554233233809601,6,0.1867582360872979,0.1156746101991059,4.082054089615816e-05,0.0147058823529411,-1.0724128617194282,-0.3169895383384674,0.2670284693608372,0.1081369714264625,111.68896135378998,108.81231680507052,126.98222797556993,2.1773469425465035,-0.010897770913219,0.0005751861003266,0.019064222500938,0.0401206882775344,0.0821247314047287,0.0005916775799745,1.0,0.0326293635692926,2024-05-13,57.0,6,0.0571705139219549,-0.0151230728262194,False,False,True,0.0,1.0,0.2,0.0110953894839541,0.2088186700307527
EXPD,Falling Wedge,bullish,1,0.615288726356548,8,90,2116,2117,2025-02-18,2025,0,117.72175343046132,112.48317509370456,126.80909391644924,105.31052430315655,2.3235045904406317,0.0465721058495434,True,-0.0107706020222333,0.0151932646602291,0.0283877335260454,-0.0294605297888469,-0.040856828363082,0.0030007680410892,-0.0125414707850062,0.0538485320150856,0.0228339444602279,-0.0325126272628032,0.030789915809021,0.0199981659739407,0.0027571338392353,0.0299180884366465,0.0136052592104241,0.0050289345697189,-0.0002342987792142,-0.0086022533769161,-0.0115353950473853,0.0327923294078957,-0.0468749369533678,-0.0047567079167817,-0.0135498898730297,-0.0136928913934308,0.0407590386778687,0.0492223778178286,0.0298939030689604,0.0460000774192872,0.0180514440581027,0.0104591174025066,0.0410602692349399,0.0075750690395066,-0.0268536209199349,-0.0374076981637389,0.0295169173730984,0.0801479680386088,0.0102116357452881,0.0318124608332477,-0.0155047699459655,0.0135250643674129,0.0178305516318848,0.0311397892184324,0.000751750610249,0.0215050540408554,0.006479283009807,-0.0319637235874497,-0.0214578169091949,0.0589578842799224,-8.775296443697123e-05,0.096262870676417,-0.0031038814509365,0.0479535294067472,0.1249365490129947,-0.0691844074629919,-0.0214857746259689,0.0012052701775315,0.2116910932657378,0.0632614216737168,-0.2025466484041461,0.0396882224958572,0.0396882224958572,-0.0592955414632209,0.0450363151921247,0.1693549807512822,0.0404465128493936,-0.0025412218131662,-0.0332832015478241,0.0541446363279336,-0.04856487663884,-0.0813225261466593,0.0348143477636855,0.072021815969532,0.0300377283580077,-0.1236009601251321,-0.0210108684598567,-0.0501921054809463,-0.1004477189778539,-0.0432205214160279,-0.0455896683614407,-0.0664423312544507,0.0558779838321765,0.1026127932469695,0.1360036136036724,0.0236627197684275,-0.0721075711907892,-0.0177877111775245,0.2870725813937336,0.1114641968603666,-0.0684460419883323,0.1827113291607491,0.0432456593598271,-0.1031157723027147,-0.0459213536640707,-0.0119546857583003,0.0635491667480434,0.3619776696344507,0.0452524601518884,0.098363878995433,-0.0249226613474022,-0.0354035471300965,-0.0564827131254217,0.0513456758769892,-0.0613553311917316,0.0184863198476694,-0.0456081082891111,0.2192619840631455,0.0079953778546399,0.2084856378284183,0.0281316129365205,0.2126076294015011,0.0420551266666395,0.2113794355667126,-0.0416302578915054,0.1001199790242122,-0.1161018204451205,target,2130,14,126.80909391644924,0.0771933837305254,0.0783167649115074,0.0469232677035849,0.7321869891190491,0.7428423723240078,0.4450719017506795,0.7321869891190491,2026,0.3651384442896669,7,0.1469897226160711,-0.0432595945900293,-0.1286596840692599,0.0,-1.0460855507691005,-0.6809471064794324,1.4343886621363962,0.1039435972516503,112.48317509370456,105.31052430315655,126.80909391644924,2.528856370948822,-0.0075501926043461,0.0389726934380816,0.0217983225187316,-0.0058388378498909,0.7464786118223297,0.0476902508395629,1.0,0.0232771685222745,2025-02-18,51.0,6,0.01297970286865,0.0080832693463437,False,False,True,0.0,1.0,0.2,0.0755228114208599,1.9164060425058635
FICO,Falling Wedge,bullish,1,0.7340815985868244,8,51,788,789,2019-11-04,2019,6,319.6300048828125,298.3788791232639,407.4622124565972,280.5328132875502,0.5004202748401978,0.0712219505012936,True,0.0515595539123185,0.049088696220555,-0.098749684380919,0.0827112080859864,-0.0465317573775084,0.0222896758612449,-0.0776792725187721,-0.0231566742956464,0.010256397257099,0.0153145641666152,-0.0162702434703831,0.0161776083846212,0.0276330995103486,0.0128953800644986,0.0169707982608393,-0.0285141268830779,-0.0136279918712653,0.092123819409569,-0.002478377116345,0.0404312830488788,-0.0053211698860183,-0.0201743499197382,0.0513445445958172,0.108312719670609,0.0939104704112301,-0.0733827190634645,-0.002852262034133,0.0534301888873636,0.0323852394749977,-0.0692745697480453,0.0757549301422215,-0.0558460841896218,-0.0217868047963781,-0.0027451408977113,-0.0299808068931488,-0.0402416219829286,-0.0191401584892515,0.0087083298613603,0.0580107499771496,-0.0510405337103215,0.0189126531610379,0.008732169015067,0.0292188374263275,0.0404614962064302,0.114516364057257,0.1046207068503986,0.1192315639000629,0.1128594131962978,0.1059346509139065,0.0713847716233602,0.0298247979305539,-0.0105125751123892,0.0807340661045894,0.1541486781278103,0.1033342471206784,0.1028273443055209,0.0107960140328722,0.0412246449182771,0.0227300465412754,0.0565272786644706,0.0396019449575433,0.0975830171814824,0.0890080428954422,0.0906387936836099,0.0701817737926135,-0.0426366744998902,0.0,0.0336837541534418,0.0618808330333044,0.1980102230018305,0.1366387772585715,0.0506103515481579,0.1522305217284083,0.0876358185828212,-0.0401954106744341,0.0427069411693723,0.0433346432815864,0.2826686507095468,0.181530209958681,-0.1282113618891783,0.05,0.1089855592759108,0.1172608112488378,-0.0759039373453567,0.0584743272994825,0.116135346683432,0.1315654718076078,0.1103556095041617,-0.2677674237141224,0.2345686173374048,-0.0980610234545207,0.1401140368489405,0.258893091186289,0.2077802729981817,0.1628117821859018,0.2136249015923079,-0.2061512323046958,0.0480787906740687,0.1614684561204664,0.4080704752759909,0.1911606943814188,-0.1680725480852182,-0.3288935264945799,0.1764940252180642,0.0043100059189327,-0.2655358082243911,0.1197359773308712,0.3461246989910742,0.1769813498913222,0.0171695609095545,0.023641216431067,0.2502629376000158,-0.1299721389742953,0.1612773686533859,0.1907637418317259,target,834,46,407.4622124565972,0.2747933743141135,0.2765072225156574,0.0,2.246509378040032,2.2605205457652917,0.0,2.246509378040032,731,0.7540648824727822,5,0.0121229879787769,0.0825496446217921,-0.0763126205986043,0.0,-1.263563904414692,-0.5094990219419073,0.2741401118890695,0.2537069290781774,298.3788791232639,280.5328132875502,407.4622124565972,9.097854614257812,0.0151013525128245,-0.0506534575745857,0.0302435156995801,0.0785171118678382,0.1752001953125,0.0029438524730966,1.0,0.0487583797043695,2019-11-04,44.0,10,0.1108498643072066,0.0854790696448846,False,False,False,0.0,0.0,0.0,-0.0763603208027425,-1.3610974513590035
FICO,Falling Wedge,bullish,1,0.6188307744420251,5,90,1311,1312,2021-12-01,2021,1,361.6199951171875,351.1722732909998,548.0938560302848,336.6113401453265,1.7279254179168453,0.0297509872527157,True,0.1183009771498766,0.0766131661731752,0.0052313688239982,0.0455843969726552,0.0409355608574526,0.0017227836132809,-0.0378022736972875,-0.0586913606803165,-0.0063874709496254,0.0352303727751139,-0.008057163783482,-0.0921860805777616,-0.0132284845240894,0.0017633783598909,-0.0911494214080825,-0.0335310956981602,0.2763038493989214,-0.0092668457004606,0.024927441049755,0.0155213383118801,0.0614055535926976,0.0443296796744914,0.108168200829333,0.1476412127906141,0.103557290895943,0.0107644251176233,0.0814249606271917,0.0217189029754973,-0.0100521781948083,-0.1886271062203087,-0.1423911603256692,0.0200861059853205,-0.0323283483149928,0.001435708912822,-0.0344198232586874,-0.0244724756729959,-0.0379717741700561,0.0507873223396819,0.0023836488890531,-0.0136900167783364,-0.036437330734229,0.0131666165944195,0.0233090922423946,0.0397922573474416,0.021433611991199,0.1593455908229861,0.2087550225476651,0.1486242630813516,-0.0270432075323425,0.0537827182445318,0.1420114665917227,-0.1531623530918012,0.0636066831580481,0.0543017844677649,0.0231604753224519,0.1623163738809261,-0.0302083164321146,0.0109435775049642,0.0231604753224519,0.0331188977303174,-0.0730534838360411,0.0209186526942053,-0.0081441393636239,0.1745472942948938,-0.0403582856307415,0.0638601127810993,-0.0302083164321146,0.0441973273398814,0.1833676356969411,0.3636413964260625,0.3796762310788484,0.2345686173374048,0.191748633950346,0.1249836548569154,-0.0793795022143956,-0.1167167858934357,0.4085329590047803,0.0958355232616021,-0.0337914307791876,0.1444475291622033,0.0594999463548344,0.0504530180747206,0.1847220812428305,0.0738721621097462,0.012011174584978,0.2161656731465386,0.1597529084471596,0.2536790154801769,0.0817958747600515,0.0509459038552182,-0.178336850142717,0.266901891096074,0.3029976461581203,0.3308768451412396,-0.2823805357244489,-0.0814344790080591,0.2695192012666161,-0.0881565531542032,0.1291213959854098,-0.36180804975584,0.1906652606869598,0.1954117190888649,-0.0141949686487496,0.1731759734265585,0.1203172616076106,-0.1976334976276178,-0.3484723986292177,0.1876883732440863,-0.0156534840719442,0.0813546032894763,0.0880526389146647,0.1562442625426072,0.0532970589512851,0.0541970768028574,0.2875321031987745,time,1371,60,471.1900024414063,0.3029976461581203,0.468475295799913,0.0,4.381283497553296,6.774056196556857,0.0,7.4563730485670705,1220,0.7779904003000924,6,0.1429495244484496,0.1718525205333887,0.0506000268168409,0.0919540229885057,-2.401385341339996,-1.6233949410399025,0.2282356635595609,0.1417282812594146,351.1722732909998,336.6113401453265,548.0938560302848,13.477133614676337,-0.218130169870913,-0.0705985530269081,0.0370678643281087,-0.2421627914550783,0.6359136660264854,0.0137909411543877,1.0,-0.0246806899840249,2021-12-01,37.0,14,0.1139877492543908,0.0063293641544361,False,False,True,0.3076923076923077,0.0,0.0,-0.0128644189327101,0.290949863099501
FICO,Falling Wedge,bullish,1,0.6442096162077958,3,25,1592,1593,2023-01-13,2023,1,616.010009765625,599.5949401855469,648.6887588500977,571.786961709299,0.9695643171936468,0.0273769314580913,True,0.0550965112633794,0.0497012399244858,0.0827112080859864,0.0373368186652844,0.0086200892476908,0.0836268341413886,0.0033197050134439,0.0228804526479335,0.0018753001158722,0.0438410861155051,-0.0166666435472893,0.0066338646619565,0.0267140329097155,0.0919813617515532,-0.0485512560562912,-0.0007266049662285,-0.0266560623631736,0.0763778396357079,-0.0174233326122649,0.019317319495387,-0.0131960189843952,0.0073936230445206,0.0356260304132642,0.0458921431195671,0.0405970698494486,-0.0431230262094308,-0.0277813393430236,-0.044555021587171,-0.0476774238788019,-0.0613553113553113,-0.0427199550749922,-0.0585382005859519,0.1352817488309983,0.1103748933119732,-0.0239752407936585,0.0274306964657153,-0.0202995711499929,-0.0352589349432959,0.0517448683075949,-0.0258366634192124,-0.0190188206025424,0.0368974607496341,0.0536824338589836,0.0517448683075949,0.4014470791920346,0.0249689161155099,0.126994657925306,0.0909831498274733,0.1232008810498725,-0.0970306767306622,-0.1141590575658305,0.0790479389025233,0.2898567056970258,0.1206240906011459,-0.025142459316585,-0.0232706198124578,0.0385690168833676,0.0722845721836604,0.1399327276552215,0.0200168965509017,0.132586835867863,-0.0078458889949374,-0.0882935611898514,-0.0407126240346623,0.1367136865920248,-0.119805836650346,0.1061309719310767,0.2029990443260143,0.0797095257280378,0.1312965757059452,0.1482360225671236,0.0204911790727801,0.0570946072809164,0.0292740044513735,0.0061718729174558,0.0554132650261574,0.0606886282184209,-0.1905040591282821,-0.0574516513074048,0.2124795526907266,0.0942414411624479,0.0009883437045785,0.1971230441547609,0.1904227862931429,0.0601480504251932,0.09931050279806,0.2046826292637058,0.1465169227009495,-0.0092663683018614,-0.01856022845747,0.0004918646514566,0.0733087563250898,0.1110695959895005,0.0831454576745869,0.1905199070930723,-0.1079156594198258,0.1328859666385526,0.0855871411972972,-0.0246320122687405,-0.1795250282606022,-0.0115247956486085,-0.3441161949509115,0.0426477555111501,-0.080735345871285,0.2888732087475034,0.2275342922154501,0.143943066270505,0.2533352839985165,-0.227418034180387,-0.2207858070641691,-0.2658030719998764,0.5361369134255234,0.4348907705979592,0.0300700122957466,0.0658711775731569,target,1596,4,648.6887588500977,0.0530490553179583,0.0550477631969536,0.0094479103130695,0.7389528881602736,0.7667941183371354,0.131605748134003,0.7389528881602736,1566,0.4690628357281755,5,0.0896213039190233,0.3622569505062849,-0.2734674329501915,0.0,-0.796110633887936,-0.3270477981597609,0.9613576901094528,0.0930655920330304,599.5949401855469,571.786961709299,648.6887588500977,19.02713884626116,0.3289146169729053,0.0598694169818878,0.0307922374619622,0.442727061689401,0.8726068753382131,-0.0105024046488231,1.0,0.00232818889911,2023-01-13,28.0,12,0.2316387172781076,0.1235349966075707,False,False,False,0.0909090909090909,1.0,0.0909090909090909,0.0009916308473809,-0.3595323396952191
FICO,Falling Wedge,bullish,1,0.6300938649328415,3,40,1920,1921,2024-05-06,2024,0,1240.0999755859375,1187.984256150332,1354.3294332889673,1091.8795631609728,1.0442170885598652,0.0438690320732757,True,0.0745343565282026,0.0680617292036698,-0.0247239608928239,0.0250873223205934,0.0001538198538368,0.0372596816251769,0.0273203165346966,0.0281238408900406,0.0521740646405621,-0.0620264410475238,0.0063200073242186,0.0016801878363172,0.007634559044471,0.0288006373718934,-0.0283696221379584,-0.0146675137782574,0.0310894359374735,0.0732511920846059,-0.1026731110191556,0.1327099820180242,0.0014032903609786,0.1254888940256791,0.0572325273785601,0.1662608320055156,0.1421091263674327,-0.0105242149707545,-0.0970655761075323,-0.0210668211842811,0.1745008514752917,-0.0068175855314571,0.0851664260620532,0.0054105111660236,0.0071003244531904,0.0383757250236742,-0.0407578838390532,-0.2124659720866417,-0.0831288343558281,0.0106854736923163,-0.0831288343558281,-0.0742891083788391,-0.0705445147546559,-0.0258366634192124,-0.0176901690809433,0.0615515467906713,0.0143499755859375,0.1835695991963091,0.0505120682861399,0.02958673040342,-0.1379343809026204,0.0493622256013057,-0.0197117003879366,0.0641252417160045,0.0448539963066232,0.048832038284859,0.0471590733966937,0.0210691407367005,0.1028273443055209,0.0591012246343651,-0.088953780771196,-0.0010006501472792,0.0328528254238909,0.0465272084776753,0.0339089537795993,-0.0862854857720533,0.0810098097722229,0.05819855537298,0.0345083299929325,0.0556744242823399,0.0282058485810085,0.2338199247772814,0.1648826256197206,-0.1697413460783567,0.0220819755109187,0.0925685270294727,-0.0588437696577189,-0.1158846341646634,0.0462186709065988,-0.1900920680208082,0.0202663132767155,-0.1357747935914529,-0.2985457656116339,-0.0141549534989644,0.0398904610832311,0.0556476249181239,0.186659532912234,0.3276066578550061,-0.1098330415684523,-0.105644045964474,0.0925909735921348,0.0912162162162162,0.0228199879006572,0.2438672986250422,0.2732440789105197,0.2206861671668587,0.1376820849311535,0.2247501754044543,0.1457178256072304,0.0903074474444822,0.0300700122957466,0.0349793351236087,-0.0318400210896636,0.1996004498703794,-0.1576799241525585,0.3966678216911854,0.0554978411905231,0.3161953363141752,0.2136219597109252,0.0620673462895919,0.0846203575230748,0.260029224636001,-0.0385801399362923,0.3607748812326452,0.1200289148796125,0.0470993175968548,0.1456635665823632,target,1924,4,1354.3294332889673,0.0921131037431537,0.0952503809714025,0.0087169879334364,0.7706729176783086,0.7969212417148328,0.0729314967255939,0.7706729176783086,1880,0.3401632064270636,6,0.048136639362511,0.031931179312723,-0.036264957541622,0.0,-0.8824635832099712,-0.5423003767829073,1.4988005285111623,0.1232079423236689,1187.984256150332,1091.8795631609728,1354.3294332889673,41.99501255580357,0.161411237202002,0.0136868095846443,0.0337952668057166,0.3796422759379423,0.9997407467127,0.0107040338527912,1.0,-0.0041446591036314,2024-05-06,6.0,13,0.2303670332022636,0.1009279470061064,False,False,False,0.0833333333333333,2.0,0.1666666666666666,0.0236045604003157,0.008817203424789
FICO,Falling Wedge,bullish,1,0.6229371808508877,8,116,2158,2159,2025-04-17,2025,6,1891.6700439453125,1811.8949840657715,2488.137709639115,1560.728506156673,1.7455663411995788,0.0440285229448182,True,0.0320563381772251,-0.0245097540301275,0.0273256950529807,-0.0405626823626659,0.0485177721354153,-0.004725302329375,-0.0099703363482791,-0.005142841641865,0.0211940680431179,0.0732947920055206,0.1241110503808886,0.0458441399908684,0.0227589558269589,0.0494585757362273,0.0696036044827501,0.033200711019335,0.0152581746606519,-0.0416787626820165,-0.0088611406964742,-0.0233718587062738,0.0128555851397218,0.1045988812086902,0.0063708841314163,0.0827310652989394,-0.0047660544612226,-0.0025533433954242,0.0449751365919908,-0.0683168009397475,-0.054164631560626,-0.1018682169816279,0.0075649954469252,0.0194789754457924,-0.0455403931879179,-0.0216673382985215,0.0209417786455397,0.063643086203043,-0.0712498247923565,-0.1403104533012813,0.0642196552198577,0.0357091175426136,-0.0888774505491056,-0.0760402330438357,0.1333375704058055,0.0241205104905655,0.0280102589173816,0.0941604453559859,0.1639925787405347,0.0238434977819284,0.0106726884707428,-0.0545517251891023,-0.0409088036811366,-0.0708654098646849,0.0702806768190267,0.2636711331817443,-0.1084168840722934,0.1817717401340848,-0.0966889090857375,0.0589055094065837,0.1584938707106982,0.1047567271161469,-0.084085757361806,0.2363445902164604,-0.0387821861851377,0.0490578994142292,0.1412962578153582,0.070907857612233,-0.1579560332245879,0.15059661433659,0.1217675859120641,-0.0408528059870832,-0.1972731993212121,0.3576937272284519,0.2747096757587819,0.1093288819033893,0.0556249737243597,0.2036705824908087,-0.0588437696577189,0.0630822031489288,0.0618074245494937,0.0543009451692113,0.1405288696289062,0.1717412127517332,0.0669114152343537,-0.0417252752112429,0.3051670074450792,0.1440847238606393,-0.1159235317506602,0.2053032368168614,-0.1566312504033263,0.1548696762578205,0.0462914348940084,-0.1429524141790772,-0.1876225957488245,-0.3889147480666887,0.1029008567078073,0.2193996546094438,-0.2223775618331065,0.040549747428751,0.2049842081859823,0.1833333333333333,-0.154423103751717,0.1007472225987335,-0.0318400210896636,-0.1680725480852182,0.1591517152501431,0.107869147398679,0.2853807900723444,0.1181781894862676,-0.1230083717531143,-0.267723329497295,-0.0499586479073129,0.4620052458600641,-0.1862533087888668,0.2471574034108865,-0.2390226268306316,stop,2184,26,1560.728506156673,-0.1749467560941126,0.1722975181396698,0.2153546841779927,-1.0,0.9848568900985074,1.2309727198493623,1.802335450785101,2036,0.5364704941237617,7,0.1669049114489701,0.5937240655198368,0.364232964036943,0.0782608695652174,-1.2015898841770043,-0.6651193900532427,0.831896873088673,0.277312893576515,1811.8949840657715,1560.728506156673,2488.137709639115,92.92358398437496,0.0053827207248133,0.0457954975700285,0.0486844835132899,-0.0739235359706592,0.4771017948359606,0.007448243583916,0.0,-0.0663079535358434,2025-04-17,33.0,7,-0.0902291633871944,-0.0475820913643468,True,False,False,0.8333333333333334,0.0,0.0,0.0753495543890139,0.5818029433139511
EXR,Falling Wedge,bullish,1,0.6797344768064372,3,52,1372,1373,2022-03-01,2022,2,157.1546948453195,157.2992604113913,198.7659874492701,143.82048148795695,0.8336081157874797,-0.0009190479706877,True,0.0255086434638867,0.0627916034825676,-0.0161401253651876,0.0183295612173453,0.0323465104015892,0.0377225380837749,-0.0240684281062274,-0.0094102480272945,-0.0252745294055595,0.2044652745121102,0.0011480909740604,0.031629909429689,0.0092302272826809,-0.0083076157170804,0.0598296103399909,0.0057570885271995,-0.0209386461049042,0.0554490169851835,0.0125702739781219,-0.0211855988322597,0.0044754855467885,-0.0007179873517643,0.0081631230454738,-0.0028739923964627,0.0114657186334194,-0.0161884462671633,0.0581751906187066,-0.0364748014506335,-0.0602001059309629,0.0264186506661834,-0.191742879362909,-0.0186664567350791,-0.0460836032582001,-0.0116948271535386,0.0299712413809658,0.0102587103267473,-0.0296143249757601,-0.0343013974793405,0.0214103605312372,0.0254135738958642,0.0577666376757231,0.0248870509969854,-0.026094036669749,0.0347869196829344,0.0139849781461347,0.0055253858716299,0.1002082580898202,0.0294038080186447,-0.0630162107443131,-0.0194287422644651,0.0395055922372573,-0.029601777767454,0.0067674262737915,0.0662347157878826,-0.0397195509785175,-0.1269237697344434,0.0076723681319732,0.0301107810392975,-0.0571915795797629,0.0617497637539836,-0.0818195296607824,0.0611089607314827,0.0490107228219591,0.0132886462692427,0.1082392803713823,-0.0169224159406551,0.0779937292588908,0.0055083673423863,0.0955799192223634,0.0722428354515516,0.1041685224893135,0.1787513395613844,-0.0864371358602716,0.0116920992690556,-0.0285672509453165,0.2622417119160665,0.1239675571701901,-0.0156537363091536,-0.0864371358602716,0.1372394835272343,0.0244393681226584,-0.0447283130458263,-0.2367987039841205,-0.0501806364114042,0.0090818012397921,0.0722788600884627,-0.0978390506533535,0.0704470573423949,-0.0726760701548877,-0.0496009391929058,0.1636238176554867,0.0580006292777909,-0.0934979084746359,-0.0154037459310235,0.1390184685523712,-0.0947007451385247,0.1659311150177729,0.2286590642163211,0.014565156010478,-0.0631201161554793,0.2808464532755717,-0.0322273159976428,0.1917929279106331,0.0433171201078705,0.0257696017118325,0.0505273583309424,-0.1215373747693118,-0.0608388735852816,-0.0259068641779529,0.1723958068715061,0.0373576263406503,0.1038527501906454,0.1604848218309889,-0.1693200878408204,-0.1458412531097644,stop,1420,48,143.82048148795695,-0.0848476933539074,0.1688592983893133,0.1150498560950001,-1.0,1.9901460100392587,1.3559573813647094,3.120640977367797,1318,0.5690834273236707,5,0.0280279034281631,0.2133597470379824,0.1328546098246315,0.0192307692307692,-1.2665288846875065,-0.6974454573638335,0.7234190694704764,0.1887821951465507,157.2992604113913,143.82048148795695,198.7659874492701,4.981425360691574,0.0428424672829252,-0.0607981576137505,0.031750591410263,0.0439530292624901,0.6339296053841623,0.0131811479255374,0.0,-0.0442977118354123,2022-03-01,52.0,9,-0.0638396730197197,-0.0399093854666823,False,False,True,0.625,1.0,0.125,0.0126120981218647,-0.4352377575228255
EXR,Falling Wedge,bullish,1,0.7207492652034136,3,34,1430,1431,2022-05-23,2022,0,143.84064535988668,141.50138259364894,203.58539546909697,128.27825008075274,0.6127468997924713,0.0165317308096941,True,0.0234319025638418,-0.0284581566849966,0.0413640416057832,-0.0163403613464532,-0.0279474669031881,0.0252903986159933,0.0463325194564689,0.0390604020678431,0.0162976328079655,0.0145452507710401,0.0160652679950079,0.0513533478191476,0.0053407886014475,0.0197195020139182,-0.0077164166000596,-0.053267565170664,0.0282252390574599,0.0238356600063518,-0.0033132313610112,-0.0415151687093007,0.0190757238047283,-0.0031015664299284,0.0137667026587143,0.0340569961086891,-0.0249912723228427,-0.041949516776251,0.0891361416852549,0.0603614021403389,0.0188690526548718,-0.0255630005192885,0.0657147823311294,0.0171668600539842,0.0001157167790806,-0.0192216744711203,0.0388430134274864,-0.0153588652043381,-0.154757723293481,0.0317479443719144,-0.0727125206094165,0.0263141048490604,0.0671338924441893,0.0288673940011499,0.0141237387614723,0.0459618700591768,0.0152693478428949,0.0245538980822837,-0.0453507267702715,-0.0031845629340575,0.1201370451215935,-0.0527263144885551,0.0199525467459864,-0.0185151796017397,0.0407447250303592,0.0287186923960418,-0.0043136021806637,0.0171342013927193,0.0536429983988631,0.0145205863756605,-0.0829426710723462,0.0163865145585613,-0.0574567828117753,-0.0097901618774344,0.0369941669594697,0.0498520389346757,0.0826798713588621,0.0411880767418213,0.0008155376796181,0.1206868825541158,-0.0662361853810632,0.0170904741790833,-0.0031679077474056,0.4127451561885396,0.0255842223820692,0.0442419869675538,-0.0154961421653914,-0.0897041942307347,0.1605500309976877,0.1125750878792657,0.0362920323459983,0.0280495111325602,0.1372550119999045,-0.0565508220451808,0.0406321704145133,0.0291681192890216,0.1216048597779879,-0.016574757993939,-0.101433308945989,0.3302902550472009,0.0499268201339668,0.1509364618373057,-0.0982439180082288,-0.0480019549711222,0.2355478500351073,0.1408404026402336,0.1502618078197057,0.2120828633159746,-0.0713393195012381,0.2181766135777292,0.0743494045350898,0.1590690200549944,-0.0357757842183001,0.0771247316281267,0.0118100022831826,-0.2202762134289968,0.0707790812987527,-0.0112437316585336,0.1907029764842021,-0.032635910824843,-0.0271949949094838,0.2170731871400362,0.0324375352262051,-0.0595452961672094,0.1223622940920063,0.0917456606353759,0.1770496536659685,time,1490,60,177.7220001220703,0.2355478500351073,0.2553180282588619,0.0915003412389381,2.1771298154604617,2.3598623025601664,0.8457225188275236,3.83904592047704,1396,0.5531757470888915,6,0.0330908752365639,0.1082569443093139,0.5973650714277599,0.0,-1.5455219204758104,-0.9923461733869148,0.5950680155807303,0.208087686932538,141.50138259364894,128.27825008075274,203.58539546909697,5.547851921625492,-0.0957639348704717,-0.1124998783038981,0.0385207614452158,-0.1258467833093262,0.8009134301466834,0.0151124882943636,0.0,-0.0737205744169889,2022-05-23,52.0,9,-0.1013204208299822,-0.0861504713572668,True,False,False,0.5,2.0,0.25,-0.0458889075482126,-1.927588224376291
EXR,Falling Wedge,bullish,1,0.6933804243630426,3,21,1589,1590,2023-01-10,2023,2,126.34266837263011,121.01212734788488,144.790222120434,117.8715783761553,0.9610383910643948,0.0440496431355268,True,0.0128265668899809,0.0147133601325882,0.0307380076360894,0.0805334428972441,-0.0038236414252437,-0.023512529420012,0.0390915785151884,-0.0338596995785803,0.0429586542256059,-0.0333783348503498,0.0234955811477091,-0.0247368878066156,0.0246662720169121,0.0067217670334285,0.0390915785151884,-0.0630943858186477,-0.0057599221984104,0.0344990310271082,0.0357050243881496,-0.1070278452507426,0.0038842865104149,-0.0405338771951561,0.0115436618715169,0.0189374415369154,-0.0017645032285713,0.0366832772165957,0.0397178200788874,-0.062802011148028,-0.0263412845538549,0.032785028439781,-0.0214501852573812,-0.0191596201291412,-0.0069013511166611,-0.020678579491175,-0.0111380905987535,-0.066972386306226,0.0055472303405543,-0.0400937032280085,-0.112996516697561,0.0277811150869713,-0.0196417637454543,-0.0333463381877674,-0.0448594999242142,0.0099295286562814,0.0050404516907969,0.0353822854806333,0.1168489963887362,0.0698867069091717,0.0172044302603779,0.0063018338795217,-0.1067777186555497,-0.0221904670671553,-0.0151811216134345,0.0381276463969468,0.0719001222585447,-0.0270315008140888,-0.1425938969716293,0.0093703887777276,0.0113356149587526,-0.0766055750226666,0.1004926245067003,0.0524131557848046,-0.0601541614475046,0.0829731900675734,-0.0889469710506321,-0.016312397882637,0.0701993608354321,-0.008827982896543,0.1220641676735092,0.0772278281746305,0.0789360128289742,0.0192022981415949,-0.0392851956010694,0.0507758893264416,-0.0859418768916592,0.0045348338006889,0.0415657847573756,0.0144660568647325,0.0045348338006889,-0.1275965802361048,-0.0451048318804403,0.0723138518853967,0.0277580302920221,-0.1002790711828395,-0.0582136198397543,0.029285488052233,0.174257231576663,-0.0819498004394551,0.0436123766050344,-0.1053977972261197,-0.1060003354037459,0.0906009498545464,0.104565048975511,0.0573435939589899,-0.0428005910734168,-0.2518587535587591,0.0632980372632658,0.2852601835514043,0.1512284700758053,0.0021386716485636,0.1354050277601797,0.0707790812987527,-0.0452179494060167,0.107211878923787,0.0486293261895371,-0.0827992251752091,0.0668016813498122,-0.0224918400190354,-0.0264535732510987,0.0429561913030984,0.1604055951581142,0.0782186464304937,-0.0699220462148442,0.0501442361432107,0.0685183965556287,time,1649,60,139.55369567871094,0.104565048975511,0.1436435708949925,0.0036937796300788,1.559542787478175,2.1423821549527537,0.0550911364462943,2.17770720833809,1566,0.767986956102756,5,0.0386864698206016,0.0265789086265844,-0.5115422247331971,0.0,-1.3961055721342903,-0.628118616031542,0.2401004272441501,0.1236898216012883,121.01212734788488,117.8715783761553,144.790222120434,3.128966784395465,-0.1622517083138381,-0.0457753668402822,0.0251765686946692,-0.1076184491931737,0.7605602776673427,-0.0023082887446072,0.0,-0.0023048235307066,2023-01-10,44.0,10,-0.0588929266418595,-0.073399805990254,False,False,False,0.4444444444444444,1.0,0.1111111111111111,-0.0570004094739752,-0.8753296800837298
EXR,Falling Wedge,bullish,1,0.8664078317691851,5,60,1700,1701,2023-06-21,2023,0,126.99046423411248,125.45832167342894,146.43626212987067,120.52016989905744,0.7952720195015023,0.0122123629604398,True,0.0103081383748073,0.0046854321970979,-0.0178569983013288,0.0747092605809622,-0.0372317454113286,-0.0436285310412746,-0.0179008491624143,-0.0017097852420009,0.0004863015288842,0.0512493929095507,-0.0076089279651363,0.0014045241261899,0.0074642515906422,0.0058464354511196,0.0183295612173453,0.0052044624788265,0.0661542342613739,0.0013104977470139,-0.0222048313657429,-0.0030821285226405,0.0059265137947481,-0.0069975743500355,0.0063149351585696,0.0133797109307247,0.0002216826591299,0.049765793850842,-0.0246425172950705,0.0488612731489632,0.0382308842185084,-0.0374475696617498,0.0153954381561014,-0.0754582308004484,-0.0172986258240231,0.0399849713880102,0.0071228277281549,0.0114822149451379,0.0335991959418096,-0.0051893707535592,0.0328438791071834,0.0256989326584615,0.0529816403418275,-0.0164903113412544,-0.0022559189564765,-0.0088028560600453,-0.0164443537218913,0.0057828460772006,0.0089590159455996,-0.033050299809888,0.0660340558110432,-0.1336656373956576,0.0783994171207616,0.0088252898073806,0.0111509690124858,-0.0445532341442411,0.1308934996111213,-0.0335084898478594,-0.006006140675277,-0.0366425004047801,0.0407063140564767,0.0145205863756605,0.0371277848228543,0.041124308415813,-0.0584473760742741,-0.055089983797834,0.1128825861960665,0.0032867993389573,0.0618743968840496,0.0430723797801189,-0.0051402352990436,-0.1310940226655265,-0.1364862776880221,-0.0793399099106446,-0.0809734249875167,0.0244393681226584,-0.0574075172690312,0.0358575274290191,-0.0364467221424271,0.0248801312557536,-0.0235777968644538,0.0726705565357206,-0.0567276501016845,0.2401576772976592,-0.0039629315383228,-0.0240153462843433,0.1210553212282012,0.1537152860716102,-0.0687526637634776,0.0610832457412355,0.0887674945895355,0.0090818012397921,0.091160521782597,-0.1556772710871205,-0.1156335458358387,-0.1409448249251476,0.2189830609466954,-0.0012932397843139,0.1060602567246777,-0.1397667173224511,-0.006774676204347,-0.0687481283778709,-0.0815965633494376,0.0250987363075785,-0.0126838357318801,0.0858352004195093,0.0961143847854382,-0.0288780854136322,0.0878576606684089,0.0668459779660295,-0.0608388735852816,0.1501913954344746,0.0667728918647965,0.0184956405564971,-0.0284675741415676,0.0510489557671935,-0.1428463692123646,stop,1728,28,120.52016989905744,-0.0509510251346649,0.0835211814010157,0.0578376331082036,-1.0,1.6392443759525328,1.1351613231595865,3.005396182736834,1640,0.6669816927674418,7,0.0403102256384678,0.0974986765830332,-0.4675811199961442,0.0,-0.9898934657608064,-0.3229117729933616,0.3493623734494349,0.1452260325367738,125.45832167342894,120.52016989905744,146.43626212987067,3.095721387581688,-0.0622219364732385,-0.0171902667334356,0.0244577311714287,-0.0007830345603663,0.9191902066483524,-0.0023646005952991,1.0,0.0424213082192996,2023-06-21,44.0,10,-0.0198476844657673,-0.0333210735712834,False,False,False,0.4444444444444444,0.0,0.0,-0.0161724369988658,-0.2671239397603659
EXR,Falling Wedge,bullish,1,0.6858032783308052,8,53,2328,2329,2025-12-19,2025,7,125.19624296987593,123.12604155649524,157.59489902039377,119.63485247159493,1.7468679526097748,0.0168136763531929,True,0.0093415380126278,0.0036246514849302,-0.004105079473889,0.065811435274004,0.0330876926592051,0.0351674190550526,0.053140477142211,0.0205571311135688,0.0648275623249117,-0.0537189859906087,-0.0112973322077356,0.0124378242963032,0.0026054834796793,-0.0447843913570555,-0.0405385390276775,0.0014044571561095,0.0181816605178499,0.0136702423155206,-0.0209832977669519,-0.0026590777346279,0.0376696222319843,-0.0639043071905099,0.0035130381717606,0.0457810341546405,0.0342741360282927,-0.0340602879142252,-0.0077790293816889,-0.0307340016794666,0.050701300537419,-0.0180670449035279,-0.0296143249757601,0.008693258308406,0.0080498867278793,0.0160881313070739,-0.0224266287240947,-0.0028739923964627,0.1970765610653206,0.0257138918192261,0.0474134565854074,-0.0161012174991932,-0.054727637030757,0.0161676205238114,-0.0289402770017589,-0.0396747885367603,-0.0415426010695847,0.0436129203665773,0.1226743540528945,0.1205395987209405,0.0402592982263694,-0.0656190931416638,-0.0757698154431231,-0.1194973077097488,-0.016312397882637,-0.0258502691193595,0.1720308424020431,-0.0954982152818954,0.021910625415938,-0.0336713769542871,-0.1414991409636332,0.0525238032982569,0.1033233868277307,-0.0054306126765434,0.0520436050442203,0.0150775596465453,0.1623503485646209,0.1435997567744587,0.0525238032982569,0.0342142604960504,0.1091389010118145,0.1278468975130711,0.127057325389617,0.1262779485803979,0.1145422072984883,-0.0928071054666664,0.0123863376174269,-0.0662218092567975,-0.2367987039841205,0.1032971722156959,0.1891255202733803,0.1473564890490168,-0.135561256651493,0.0113435887420731,-0.053324584958766,-0.02283003940727,0.0629046755313142,-0.2725348647724235,0.0929066832229503,-0.0451048318804403,0.0775771678061201,0.1362279370815644,-0.1110797541039572,0.1259627586662464,0.062042979401129,0.097338480648543,-0.0220568177414958,-0.1032895370583882,0.0501159623979301,-0.0275467557254549,0.0993140340327494,0.2506777833662443,0.044993085609764,0.0748286946115073,-0.0624472493466375,0.1165486712261341,-0.1868466445158383,0.0053009154958785,-0.08302134942789,0.0109683041139665,0.054246298385886,0.1632244615138556,0.0213396342220222,0.165473063662308,-0.0991613354408127,-0.0559909079768539,0.0412094638308852,time,2388,60,132.9637908935547,0.062042979401129,0.1981009892654298,0.0039372694483301,1.3966916953736042,4.459586067965106,0.0886345496946072,5.825639480006311,2268,0.8522148011932642,5,0.0095651100540441,-0.0744901921785722,0.1603650901868556,0.0,-1.2728130856494162,-0.4205982844561531,0.1512732166795515,0.2020536729141015,123.12604155649524,119.63485247159493,157.59489902039377,2.3609204201961327,-0.0668815972551204,-0.0355606127969801,0.0187794651103384,-0.1063868683004646,0.4117689297382675,-0.0026741044120304,1.0,0.0460837976740242,2025-12-19,4.0,14,0.0063925511939793,-0.0079844727135764,False,False,False,0.2307692307692307,0.0,0.0,0.0261095300164262,0.900115534180333
EXR,Falling Wedge,bullish,1,0.6091113531275921,3,31,2511,2512,2026-09-15,2026,2,136.50999450683594,133.7301254951692,156.42906490892847,133.64417066325484,1.9373545061523112,0.020787156232551,False,,,,,,,,,,,,,,,,,,,,,,,,,,,,,,,,,,,,,,,,,,,,,,,,,,,,,,,,,,,,,,,,,,,,,,,,,,,,,,,,,,,,,,,,,,,,,,,,,,,,,,,,,,,,,,,,,,,,time,2512,1,137.2100067138672,0.0051279190916397,0.0151637785328245,0.0013917455883252,0.2442621198086354,0.7223079425677801,0.0662940895836018,6.950556450532532,2478,0.9598038908566492,6,0.1509252624080104,0.0422776151669768,-0.1029787915482082,0.064516129032258,-2.0962776616939243,-1.1364737708372683,0.0082704859845204,0.0693629338835584,133.7301254951692,133.64417066325484,156.42906490892847,2.5537091838182016,-0.0069157501853377,-0.0438393003208381,0.0185994838095927,0.0066301764202394,0.3054532137784091,0.0010161082224473,1.0,-0.0197755427280464,2026-09-15,17.0,15,0.0556170617647473,0.0222502909085713,False,False,True,0.0714285714285714,0.0,0.0,-0.0217975124435128,-0.4607422713274616
XOM,Falling Wedge,bullish,1,0.7523810963238179,8,75,1255,1256,2021-09-13,2021,0,46.73657050271731,45.53530275573755,56.22971739040875,42.51220961931055,1.1894595211967358,0.0263810203134842,True,-0.03591331190785,-0.0075962155206441,-0.0411064576678258,-0.0016178954160432,0.0106830401016051,0.1002864188388947,-0.0153291943051537,0.002598426642979,-0.0345983846433611,-0.0129640179628094,-0.0215304134596413,-0.0571469512472431,0.0029963645514308,0.0015360945813003,0.0208886844891247,0.0043981820041647,-0.023992724022659,0.0300972483536148,-0.0255076502730341,-0.0596112030748634,-0.0004871385440543,-0.0415165674506037,-0.0278171049826411,0.0648228175860328,0.0738873051103534,0.002446917428496,0.0468310610236022,-0.0717993537330343,0.0829473507198925,-0.1358003730694065,0.1967646287811442,0.0007257285428394,0.034163581924733,-0.0051992811351897,0.0908836728717781,-0.073931894102747,0.014925356550441,-0.0575263538201968,0.0200018750069066,0.0442005682670849,-0.0188562914249867,-0.0290718510166508,0.0412965689024431,-0.0033758119742498,0.0681517300998364,0.052433926093896,0.1054047394231076,0.1322668056413933,-0.031504432000164,0.0278149797801654,-0.003396569478392,-0.0552505790531044,0.0298103196960661,0.0535761863226018,-0.0250852546076698,0.0509233138026963,0.0125260772386912,0.0092891024298651,0.0286880009432581,0.0158794914131537,-0.0452673183338567,0.102649853594152,-0.1117336309978195,-0.0191853230744848,0.0143529022586703,-0.0023256978229094,0.1054063810095244,-0.0040858170205203,0.0977506401181115,0.1801038536792318,0.1303129574295372,0.0066582423882088,-0.0723015972310614,-0.0841222380607752,-0.1035879132741118,0.0605319083850661,0.0117104302700064,0.0247414327937427,-0.102823407757747,0.1031061435572506,-0.0384954551303731,0.0634660962829121,-0.0664222009288623,0.0988546940181562,-0.0577010722403296,0.0071848353659091,-0.0890435042031176,0.0476071460467775,0.000193683271622,-0.0830889537657317,-0.0167965950875678,0.1946202699442331,0.1331811034803471,0.0848452373995729,0.4027675954662533,-0.0117637201164111,-0.1071320291143405,0.4046909552667574,0.0014151428861455,0.0541452718861685,0.3182323879687085,0.0593513904391949,-0.0405167697092045,0.0591326403448988,-0.0716447277249049,0.1225577277804157,0.0684783470580883,-0.0344366307831903,0.0140669841688201,-0.0987261370499951,0.1214883333993739,0.0277587831586374,0.052320069524385,0.1089193120494078,0.0606258571353867,time,1315,60,52.96099853515625,0.1331811034803471,0.1946897382689482,0.0490215789777863,1.4734602947604256,2.1539662282414263,0.5423543454938357,2.247238611876274,1180,0.5638283807217661,6,0.1077592247442522,0.1012637743454576,-0.1616116479545027,0.0,-1.1184803906746823,-0.5546520099529164,0.5607586104010868,0.1726815004081372,45.53530275573755,42.51220961931055,56.22971739040875,1.0172627458476324,0.0400850054385673,-0.0191356063342212,0.0218916823421164,-0.0556897922112695,0.5725184837904689,0.0124119933815491,1.0,0.0014800021410679,2021-09-13,2.0,16,0.0033404565357375,0.0856250538889427,False,False,False,0.1333333333333333,2.0,0.1333333333333333,-0.0348094878616386,-0.99773223075596
XOM,Falling Wedge,bullish,1,0.7528904062620616,3,23,1464,1465,2022-07-13,2022,0,71.10660810776355,73.28284589226428,91.62374728236637,69.01400059272441,0.6438811085161278,-0.0296964147339486,True,0.0902870125745809,0.0336506654995811,0.0689945023078937,0.0089937072286034,-0.0120726281914615,0.0346785758762497,0.0373218261398249,0.0342598201766646,-0.002243404996298,-0.0415684613659101,0.0419094422921464,-0.0018629097531279,0.0231030590929601,0.0346584433042909,0.0314419180056999,0.0166937085350789,0.0280275565741816,-0.0627249518909521,-0.0258141556377234,0.0308657377271797,-0.0030213164405276,0.0494014814411587,0.0757349150532843,0.1187540265965532,0.0453352227228243,0.0878573407894163,-0.0276114366848408,-0.1723360985745493,-0.0006913688173714,0.064163419982363,0.0116869605253242,-0.0033758119742498,-0.0017987073616501,-0.069846212907861,0.0334408352913793,-0.0360166881919341,-0.0448877520367828,-0.01252758504019,-0.0106730803098569,0.0364532293832771,0.0311470745568474,-0.0337995841051506,-0.0353505209564183,-0.0003679612494303,-0.0221488822605264,0.1290881680936634,0.1172874091242417,-0.0068528326805803,0.1579791045252025,0.0495284774496629,-0.0172193746455605,-0.1345486065636858,0.0438140008426248,-0.0058147192236142,-0.0381366540367689,0.0175397194620847,0.0406645784151495,0.0553759096292334,-0.0151497045105697,0.022144542849412,-0.0477013080100708,0.0325038005031528,0.0158794914131537,0.0181912483707278,0.0441803035463153,-0.0020983857080153,-0.1097428145299143,-0.0540611073549883,0.1136209840030651,0.1708268330574984,0.0991746171895548,-0.1288452026418245,-0.0538562952644783,0.0806251388596099,0.0241531136683206,-0.1348479664406625,0.1265396780398757,0.0203311983093297,-0.099630743387436,-0.1167076218145305,-0.0451454280763011,0.0147813344899654,0.2206853312718635,0.0300316923228514,0.0919109487536005,-0.0603834919084971,-0.0270663785143828,-0.0033649105530842,0.0232617844845504,0.1098029706805805,-0.0076199417428322,0.1675940725306725,0.2590304245693717,0.2560245561789556,-0.1672229260825157,-0.1331237370618118,-0.040392796368022,0.2366983197634151,-0.1100938579506041,0.000992787107197,0.1248744785141224,0.1290391442874594,0.0458360935464801,0.131694492982916,0.1092776848346828,0.0660084591052458,0.024524331023308,-0.1672229260825157,-0.0667176855663529,0.0709436865419106,0.0609903239890674,0.2367782201246664,0.183011063448655,0.0317656881361225,0.2206473823547004,time,1524,60,89.52538299560547,0.2590304245693717,0.260510799962208,0.01417221813488,8.8018296577213,8.852132675441668,0.4815706498673291,9.804580661758315,1441,0.6423986922582098,5,0.0156398751156909,0.2427821594890973,-0.1620714442931787,0.0,-0.9760107345767076,-0.3336120423184849,0.3536223343396416,0.1798402055766773,73.28284589226428,69.01400059272441,91.62374728236637,3.1206483521249515,0.1219956967323696,-0.0699481837749848,0.0423402001759446,0.2656521369732343,0.51162661016004,-0.0132544355171669,0.0,0.0145769940212623,2022-07-13,19.0,12,0.1575024607666486,0.018099476354312,False,False,True,0.0,4.0,0.3636363636363636,0.0409287971342448,0.7597324621776532
XOM,Falling Wedge,bullish,1,0.8113424358583804,5,54,1826,1827,2023-12-19,2023,3,94.64405995452196,90.8414941274376,108.97665315496364,89.2876922308786,1.2075076214236071,0.0418593492281169,True,-0.0177777441091933,-0.0231580064019818,0.0554507688472671,0.1142362138132067,0.013307296430433,-0.0609673150435572,0.0263155101273688,-0.010630691452486,-0.0087587652572473,0.0161345028564672,-0.0046623595377525,0.0736602847956855,-0.0122522709934688,0.0016189156146804,-0.0130346117074686,-0.0294820540680484,-0.000611031695229,-0.0458290192234186,-0.0471040477889438,-0.0016345088736341,0.0013458075467618,-0.0355896677363136,-0.0193533919419084,-0.0114008144479594,0.0026932116690437,-0.0223546394676311,-0.001095463789437,0.0500853336886579,0.0080242093876405,0.0578304680264678,0.0364388850334427,0.0127950081948937,0.0368757744198897,-0.0003738383987014,-0.0093776920595143,-0.0836312345928674,0.037308546375302,0.0463255487896216,0.0095915576704197,0.0273681034394848,0.0046109663671485,0.0568638136277563,0.0414153204692784,0.0646636208013367,0.0030864976024387,-0.0302233537272408,-0.0632850819031611,-0.081155718301318,0.0231735522396867,0.0173496927136318,-0.1156320595785056,0.0248686780613636,0.0872342650215274,0.0132623204917177,-0.1376100316421867,-0.0162620066700789,0.0467263564972511,-0.0807567837282954,0.0700623025501347,-0.0211970186496756,0.106504693530151,0.1132565968395256,-0.0491936389475918,0.1431968866761117,0.0311633421488557,-0.0835395812319893,-0.0367101236874926,0.0594110913908818,-0.0730505086044123,0.0115365276288077,-0.0423710243298556,-0.0565117303732479,0.0167394669765554,0.0039483000830304,0.2943331041764658,0.05657344601664,-0.0390058984736414,-0.0033221780234953,-0.0178992291390325,0.0561383029967612,0.064229530840093,-0.0731091785310105,-0.0653662372996414,-0.0183899171652968,-0.0422537355286855,0.0327118159252766,0.0065861079296127,0.0035327403609137,0.0434904871800025,-0.0178247393876865,0.0122712398039983,-0.0013070572895728,0.0951081871817394,0.0096717667317935,0.0278991716911989,-0.4665172064621925,-0.126373282731623,-0.0931206794240853,0.0384290893913279,0.0677125990592488,-0.256832577128292,0.1701828604221964,0.0819580103627393,-0.0224119382548947,0.3389801109878154,0.0154414914068641,-0.0139508145466678,0.3007830169250935,-0.0420579439465372,-0.0159912900182903,0.1915845529895823,-0.0179593729680767,0.0685525662997519,0.0899718540079659,0.0782941762785831,stop,1843,17,89.2876922308786,-0.0565948642336051,0.0103383193883026,0.057681178787457,-1.0,0.1826723948948702,1.0191945783166465,2.675804563823476,1769,0.8434475099966555,6,0.0546999368714202,0.188097861849886,-0.0558538899307942,0.0,-1.3949215473289889,-0.551474037332337,0.1416987442013856,0.1156438398040899,90.8414941274376,89.2876922308786,108.97665315496364,1.8360594266679888,-0.0325132479646144,-0.0131643738967434,0.0194956927192446,0.0087969385807085,0.8571397431076689,0.003443191315636,1.0,0.0495424279606679,2023-12-19,15.0,19,0.1601256419681374,0.0590565000318823,False,False,False,0.0,0.0,0.0,-0.0282607199294793,-0.6159803139298651
FFIV,Falling Wedge,bullish,1,0.7863073520043005,8,126,599,600,2019-02-05,2019,1,162.24000549316406,160.3431247583,220.2566300137643,148.3310018777596,0.6329716352560442,0.0118301345176066,True,0.0176282082933736,0.012825982485122,0.0409554352952146,0.0040264910168636,0.0134630009271847,0.0205759205093651,0.0446401569709686,0.0049025455307134,0.0867263234852835,-0.0298135016821975,0.0137435593194554,0.0046862875785174,-0.0091108499108126,-0.018528544830953,-0.0286188250322071,0.0392690477083441,-0.0159299742464138,0.0574693234605343,0.0113931490806216,-0.0113155639006992,-0.0339490562487559,0.0335262580855,0.0062226491375472,0.0366123457932665,0.0160106192586031,-0.0314108137635209,-0.0380000523158482,0.0386312314092847,0.0238961781132094,-0.0183456614233302,-0.0011597599399557,0.0428446344746507,-0.1362569010419101,-0.1363106885002655,0.0428984677254398,-0.0596560166567489,0.0122971126306541,-0.0127959153427056,0.0407791983354477,0.0292988771373143,-0.0014858236851782,0.003585815539447,0.0318325345314323,0.0050439184190493,-0.0834576863734695,0.0490009133296167,-0.0071499237107598,-0.0237924584356411,0.126325367258606,0.028317200580693,-0.0261729922245967,0.0139992692660317,-0.1192308041150356,-0.0148413935700338,0.0882167332081584,0.0508253148782571,0.0238899909064338,-0.0735799779994026,0.0355827451187016,0.0052119529660266,0.0539923488615616,0.1156250346790659,0.0580943157234024,0.0292793150369843,0.0506292818996516,-0.0007706478857744,0.062458059641236,0.0438338832016658,-0.0347341735823415,0.0275517817391313,-0.027038254946146,0.246613880005772,0.3368826107033336,0.062155285524555,0.1379545731977982,0.0308697658794725,0.1020588594324447,0.3057869550880523,0.0347846036083294,-0.0287662334847278,0.0709894762541119,0.0464594614649491,0.0240388692653041,-0.0140898998132572,-0.098423186455658,0.1566726691086843,0.1863417241368021,0.3367424385115511,-0.0640260046394952,0.0983360999949021,0.2540804566100758,-0.0837213384805187,-0.0611439708645922,-0.1332598982361366,-0.1178625991665168,-0.0531943767615717,0.1799632065777066,0.0939737351046823,-0.0156980800954922,0.1510659927082585,0.1184497540278231,0.0971507696768538,0.0181717383894564,0.1492347621637406,-0.0710841832980921,-0.0278419791865509,-0.1596506682998572,-0.1723223149569145,0.1298803995095334,0.0720480199038058,-0.0602230743217007,-0.0706514249966767,0.2895334259125039,0.0531888930915394,-0.0913505706637187,time,659,60,152.32000732421875,-0.0611439708645922,0.0690335094244933,0.0821622373010604,-0.7132069588333952,0.8052335924219619,0.958372159476002,4.17115604573902,472,0.7223201109408506,7,0.0541120411126794,0.2291116804048396,0.1810649380420526,0.0083333333333333,-1.1079013722289992,-0.3855812612881488,0.3075150894168905,0.2964937997085826,160.3431247583,148.3310018777596,220.2566300137643,4.039998735700335,-0.0663585957331193,-0.0061961836058279,0.0248753072138676,-0.0570167352321399,0.0963875356190826,0.0007369834111734,1.0,0.0735904309514352,2019-02-05,37.0,20,0.0290907164924725,0.0652591601270635,False,False,False,0.2631578947368421,0.0,0.0,-0.1036290126503466,-2.003293049148028
FFIV,Falling Wedge,bullish,1,0.650458002158246,5,50,958,959,2020-07-09,2020,0,144.4600067138672,140.80333709716797,154.05333103277744,130.99262005349863,2.155600377167621,0.0259700493758592,True,0.0206285171607498,1.2126698377246116e-05,-0.0184536711252466,-0.0019291739003405,-0.024641797134377,0.0433632855969816,-0.0199666441706526,0.0343797599482789,-0.0006946859096591,0.0286761931196393,0.0095319531851285,0.0029675558013695,0.004095903990491,-0.0161700451534453,-0.0068314753375358,0.0550508923046111,0.017774081084114,0.154877718918615,0.0446512459307695,0.0205759205093651,0.0006454770018897,0.0121509480026533,0.0036258450276173,0.0709538939749756,0.0434334952475217,-0.0272769617787549,0.0445078547267967,0.0947988507404347,0.0678910919549002,0.0561594016071271,-0.0485076773737914,0.0115769506031289,0.0374969551226727,-0.0375292431354055,0.0699667587267078,0.0315442831870698,0.0566723034530038,-0.0365873744452338,-0.0273769637310863,0.1163062228133029,-0.006046429344113,-0.074516390885656,-0.0162200927734373,-0.0176810765202851,-0.1360085284321993,0.0629953972492165,-0.021597744918816,-0.0852926250201719,-0.0390577080225181,-0.0145531836976395,0.0209873625766041,0.1041532563977061,0.0550500826730067,-0.029101849560874,0.0686789601003194,-0.1726027636145424,0.0688596803507668,-0.0040945516787732,-0.0068301117810943,0.0256166237286197,0.1665014219535046,-0.0355555216471353,0.0278524177947878,0.048871264861575,-0.1293116480375865,-0.0362041914874914,0.3521700883132623,0.1251330907357009,-0.0514258809167259,-0.109234482242144,-0.2081176321310118,-0.2538422099173274,0.048250860998539,-0.0023540335329674,-0.0252081570734592,0.0821360710541703,0.0449081093914078,-0.0287819764672635,-0.0016614991726559,0.0790886565183168,0.0673279591359181,0.1997323968755473,0.1433977688428469,0.0162287313336035,-0.0455640086328072,0.0780355505119174,0.063906396047479,0.1027441148148151,0.0974793656121157,-0.1563085554227634,-0.1234334528190382,-0.1285385866470638,-0.1520144378600473,-0.2184021584711298,0.0046566654889028,0.1832803107441873,0.0542485812569843,0.0257347291021872,0.0879046426328546,0.1049941273990016,0.2050674644887067,0.1153522997724756,-0.2850485496150637,0.2440926688058036,0.2061294855374773,0.0972239817339584,0.1001124693016786,0.1047006327249793,-0.0964373768532297,0.1162717815822582,-0.119425907044561,-0.0704093091772928,-0.2040935582701436,-0.0616227306534908,-0.192651058307931,target,966,8,154.05333103277744,0.0664081674723426,0.0785683948306022,0.0313582571476586,0.7123374831986675,0.8427760434121186,0.336369197107612,0.7123374831986675,908,0.35261377272074,5,0.1021178929900089,0.1470683803727743,-0.2635319874281319,0.0232558139534883,-0.6582459291206377,-0.3056321563998985,1.3822098425669218,0.1200380958660853,140.80333709716797,130.99262005349863,154.05333103277744,4.497858319963727,0.0885951737231101,0.0318328293144924,0.0310582660715798,0.0614189734158885,0.9750357131519636,0.0398776885710354,1.0,-0.0101458337746009,2020-07-09,32.0,11,-0.0297320604454569,0.030490563415582,False,False,False,0.4,1.0,0.1,0.0133822404055598,0.1831664875843785
FFIV,Falling Wedge,bullish,1,0.7003631278010655,5,56,1014,1015,2020-09-28,2020,1,122.98999786376952,118.97876721528588,161.86675882843065,116.10435594287048,0.7289610965777839,0.0337138360260997,True,0.0193512067985297,0.002014151172645,0.020962388702026,-0.0080021065655125,0.0180205480481336,0.0402856503426654,0.0312773870498128,-0.0040687147818281,-0.0064794379843896,0.0493584782822325,-0.0131914392698797,0.0037094720141999,0.0468149513519609,-0.0133702121282333,-0.0312440179930062,-0.0051625085411294,0.026285174097679,0.0018967127472391,0.0052743302793334,0.0205482501889726,0.0235423560842673,-0.0332609035820014,0.0106913888814026,0.0468330940424162,-0.0084414129748997,0.2044716930962939,0.0378239537810722,0.0726241524337876,0.0367642589161278,0.0500519598912907,0.003260793444604,0.016735006449478,-0.0148513582086967,0.0152051253804734,-0.0266355326949985,0.0323288653969038,0.0323288653969038,-0.0010151871166454,-0.0136257821157586,-0.0027453950818455,0.0668317706364134,-0.0476390681828005,0.0566723034530038,0.0535127935059029,-0.1600674762693665,0.026231506936809,0.0209773304810725,0.0047480595838342,-0.2030848215377793,0.0867943734874265,0.0315529636312261,0.227375706878238,-0.0587374062693241,-0.1870008171597833,-0.077217461627283,-0.1097320242346577,0.0762023670219784,-0.0841375896028681,0.2193456592713751,-0.0391016850540787,0.0224777896016614,0.0749844634759939,0.1796032133556546,-0.0895011671520878,0.0692064968422827,0.0743122278558576,0.0324751492229646,0.0636475483782532,0.00550408116182,0.3188064051184376,0.2484705126705291,0.0206509759750899,0.1367419492704247,0.0988033508937382,-0.0429909431812927,-0.0196195405468545,0.1109836529879408,-0.0760765742184181,0.1917606221048713,-0.1517048221811386,0.0899288820773671,0.0223427917971303,-0.1107474375189537,0.1429518912263416,0.0801764993106617,0.2757132503421116,0.0847946983936287,0.1030781164078988,0.1706049967905427,0.3324271626729591,0.0988033508937382,0.2408752614435482,0.4280836038731943,0.3237763052796905,0.134051928947017,-0.1033865941538083,-0.102761834331868,0.2237245051874012,0.1302853996151844,0.1248118179915285,0.087257053807868,-0.0072727324342626,0.3807941921236439,-0.0545180065550768,0.223993982220962,-0.0093748789086328,0.1461765358482252,0.1773524915582636,0.0047529153262868,0.2031237353139545,0.0419334092083933,0.0516506385163342,0.1304061179757198,-0.0068965151213455,0.3392783957664049,target,1044,30,161.86675882843065,0.3160969317823972,0.3212456526748942,0.0099195157483818,5.64606196651962,5.738027418520161,0.1771804625797066,5.64606196651962,957,0.8273214376593143,7,0.1488634852824477,0.0817610650984472,-0.3553777526829056,0.0188679245283018,-1.5107124031770234,-0.6833909655177082,0.1223828929159326,0.1964925865736994,118.97876721528588,116.10435594287048,161.86675882843065,3.122857775006977,-0.059889446162315,-0.073982308931035,0.0253129424129278,0.123486071300136,0.938463946163792,0.0148345596381942,1.0,-0.0429353253017879,2020-09-28,32.0,11,0.1164976846078345,0.0009476926753411,False,False,True,0.0,2.0,0.2,-0.0111380853621063,-0.0666873297210976
FFIV,Falling Wedge,bullish,1,0.6381893395735198,3,25,1275,1276,2021-10-11,2021,2,202.3500061035156,199.04856872558597,218.08428955078125,193.7317309654888,0.9933513635339192,0.0165860895110534,True,-0.0019768181033252,-0.0284188862449892,0.0210884074150805,0.0087137735825963,0.0135197151129462,-0.0738882567057909,-0.0266610870682212,0.022860407753011,-0.0536382326533089,0.0137867774203834,-0.0126641792722299,0.0606448642459696,-0.011037985764531,0.0180205480481336,0.0292128749589886,0.0208055092518208,0.0029675558013695,0.0402831185421883,0.0769824647066885,0.1012027784651579,-0.1245704291389525,-0.00633210288972,-0.0080416441939042,0.0293056214327351,-0.0163251758895022,0.0834225262686443,0.0359768995645291,0.0075031392144782,0.0816742205438707,0.0131961622241463,0.068268258749228,-0.0368940534311756,-0.0616738042438878,-0.0101490784567906,-0.0222138132064168,-0.0188702588662685,0.100852491034836,-0.0475071248488986,0.0478672614338586,-0.0991199886914871,-0.0270193619756052,0.1960603419222111,0.0144563132766202,0.0011278723499621,0.0689211338720954,0.0095116645960377,0.1028415959026363,0.0264993590010225,-0.073502542202041,0.1036284230260542,-0.0545561920946947,0.0209980804948251,0.1190476147759611,-0.0789983089241322,0.1062113368681825,-0.2268375842623361,-0.0086907075789354,-0.0108845028888973,0.0109547510975511,-0.0061428626019891,-0.0399944832715468,0.0373918630956442,-0.0547894929584703,0.0117718811139373,0.1484635921327008,0.014649394874878,-0.0356772758188143,0.0569967576769228,0.1008396087748963,0.1475166293271883,0.0726662232581432,0.2034868638896905,0.220291710335269,0.0202431949285102,-0.018043031008491,-0.1284300624449166,0.0312744396161033,0.0265631375600172,0.0038441893745297,0.1030663439298442,-0.0004909005253427,0.1826922909544674,0.1097935466923138,0.0420548593888441,-0.2327098575487389,0.0412141384195126,-0.0543270888368903,-0.1348676214213245,-0.0518699340749919,0.0836180350964035,-0.0088150424929237,0.125587168735594,0.1480602448796151,0.0692033589808429,-0.0957152275185321,-0.0856200534593799,-0.1183448209532092,0.048832457325697,0.2538825737798189,-0.1118181584554426,0.0115321295273469,0.0681961617064605,-0.093479908460291,0.2309862351173255,-0.0277649084867014,0.0739654159618876,-0.2620636799517432,-0.1945852095559076,0.1579885488260151,0.0647033166791568,0.1040053782500052,0.0095744229133674,-0.0158286634937993,-0.0657008626341714,0.1504229875237199,target,1287,12,218.08428955078125,0.0777577611696067,0.1122807044002773,0.0276748501833541,1.825688225923604,2.6362585154023077,0.6497827017388245,1.825688225923604,1248,0.6914628942149537,5,0.0432748613722501,-0.0163193968639182,-0.3516404742211194,0.0,-0.9614356517127688,-0.2699727574978156,0.3883608332879794,0.0938492869633859,199.04856872558597,193.7317309654888,218.08428955078125,4.459286281040728,0.0319014803170873,-0.0070005586065772,0.0220429372900198,-0.0227052992668704,0.4752076016570273,-0.0032873618970173,1.0,-0.0235061927919743,2021-10-11,35.0,13,-0.0058043529142328,0.0421691430852748,False,False,False,0.25,1.0,0.0833333333333333,0.0046800648383017,-0.2956403487940325
FFIV,Falling Wedge,bullish,1,0.6488272150678353,8,60,1556,1557,2022-11-21,2022,6,153.6199951171875,146.7370700934447,173.80834502387802,132.26993320692196,1.0160977280511474,0.046906518028196,True,-0.0247362837765354,-0.0212066546482678,0.0128989529264309,-0.0029584080231848,0.0329128528883138,-0.0052179840712746,0.0096892946115079,0.0260726115703198,-0.051970789554614,0.033203086541367,-0.0863940566620138,-0.0335247824088383,0.0178018496075145,-0.0115950882800517,0.0239070015880591,-0.0238762720171373,-0.0079675754869796,-0.0038679682751503,0.0204571759851019,0.0316584787680038,0.0603305387786818,0.0532950689454621,-0.0294789831481113,-0.0283817260053002,-0.0213222471455739,-0.0144185977618833,-0.0018981681901146,0.0343679188837469,-0.0389208672846859,0.0360890639353106,-0.01527662485618,-0.040386022618813,-0.0419424811792674,-0.0472920913756996,0.1914037027586401,0.0465984584507139,5.288098855005252e-05,0.0756134921536402,0.1187136661754846,0.0371609680027096,0.0086884342998629,0.0382853550139847,-0.0472789619559228,-0.0106052624824087,-0.0653520007402456,-0.0415618691161713,-0.0693268730308195,-0.033165898652266,0.176433885918992,-0.0174705953963862,0.1004444546169704,-0.0170574085924316,-0.3014176523740327,0.219666451378985,-0.0173015029988841,-0.0037549455805047,-0.0009237499832611,0.0968342376924986,0.0326586300578963,0.0739908188982478,-0.0162231551784695,-0.0933963689801613,0.0285750486682214,0.104189984403874,0.1943064014364568,-0.0090074571366831,0.0463762061808963,0.0112312483453678,-0.0997345995996991,-0.0583908443289589,-0.0610834382925669,0.0871507617261273,0.0276990294444716,0.0401399688114814,-0.132531356827248,0.1544791759842478,0.0193038167832773,0.1330688361214673,0.1536947877778602,0.4009129986277386,-0.1249349428914463,-0.1867639426987649,0.1991267718423242,0.1145390955183967,0.2417174340094756,0.0199665696111726,0.0506939964788917,-0.0804146421399397,-0.1104353032861937,0.0405764939355941,0.0768160367072798,-0.1146311236057696,-0.043874433332936,-0.0753903610207037,0.1853408813476562,-0.2632271880406976,-0.1166919603352991,-0.1447958426619748,0.0409836594017429,0.1723880694740518,0.4927071135071694,0.0184867194210489,0.1261837542545072,0.0631081705630407,0.1449999686999199,0.011311744464548,-0.0868849775156931,-0.1723223149569145,-0.106575062373201,0.1589828628910723,-0.0152319843442246,0.0879046426328546,-0.0149253862079862,0.0658633906556318,-0.0762547463767987,time,1616,60,146.8800048828125,-0.043874433332936,0.0412707446829644,0.1049992848373601,-0.3156894936746894,0.2969551855787024,0.7555008361014548,0.9455874175701362,1490,0.4521297122767307,6,0.0807782045857808,0.1043296100360131,0.3941918436534051,0.0,-0.962814651123813,-0.5106849388470835,1.138029508830448,0.156474276283059,146.7370700934447,132.26993320692196,173.80834502387802,4.594997950962612,-0.0957606963706558,0.048681744833779,0.030073945630441,-0.0353558060805296,0.9595487510072522,-0.0056905059417033,0.0,0.0414916936217255,2022-11-21,32.0,13,0.1597152870118463,0.0265103760633571,False,False,False,0.4166666666666667,1.0,0.0833333333333333,-0.0081238989104537,0.1106401459216764
FDS,Falling Wedge,bullish,1,0.6376062698901989,3,34,727,728,2019-08-08,2019,0,260.15069053108147,257.81433350390193,283.09372309307923,246.4289072127609,0.9925473287456098,0.0090621688694596,True,-0.0305631094085435,-0.0034599820555961,-0.0281814268211709,0.0360044392441933,0.0130336086712268,0.0443528577252554,-0.029133120586784,0.0607411392342869,0.0746239810022884,-0.0173838600760722,0.0073352156486106,0.0125967991999866,0.0389484520036473,0.0156107657004509,0.0210984681540264,0.0209429285644797,-0.02524247625764,0.0210526460584519,-0.0230847010585177,0.0131000014729818,-0.0065014518871198,-0.0360779361286688,-0.0412549259017392,-0.0175256334475938,-0.0167740130042539,0.0232081711213889,0.0484104019041402,-0.0573792985199063,-0.0804299056653565,0.0654288555388609,-0.0174403424590127,0.0419690103503553,-0.1287417916082652,-0.0223175495450446,0.1135977998543198,0.0341360927163449,0.0730759980882838,0.0217388773040172,0.0731488276008029,-0.0206987042159936,-0.0071100023131543,0.0245612491964855,-0.0596932829962509,-0.0046455279332549,-0.0214459758090596,-0.0224942785780788,-0.0156344636231439,-0.0343306607668706,-0.1129613021643162,-0.0202833113230553,0.1092578565162201,-0.11164399304446,0.0102320268796798,0.1260417473460267,-0.0168474227947336,-0.0290419279120927,-0.0122358343427337,0.025854844332473,0.0377502525173849,0.0062679202263415,-0.041153092512432,-0.1473320322754744,0.025980219290892,0.0260766553187614,-0.1065944170818635,0.0701101299453685,0.0496864501626026,0.005672620604054,-0.010376333107576,-0.1391353666930329,-0.1498313246639923,0.0094478614980693,0.0823731521642936,-0.1290837771437404,0.0061655550764996,-0.0361281680338398,-0.003692639288765,0.1273307703332431,-0.262882506760784,-0.0203352186667682,0.0272928324108103,-0.062305683448035,-0.0866094230672807,0.1265326074912942,0.1826957670590616,-0.1470405036622091,-0.0734603099845474,0.2256424110607446,0.0804392575943764,0.1187095471365358,-0.0039307235550621,-0.1471934071037277,-0.0861704116480258,-0.1373494143476873,0.0906543640965877,0.012301714979737,0.0040724401320237,0.0386921280208707,0.1385299878473895,0.1462584483191276,0.1488673367072976,-0.0665194470695431,0.0509258886938543,-0.0682920126583749,0.1021379210352455,4.88688322850539e-05,-0.2739535441120071,0.0164480698124365,-0.1149736720460071,0.0653870206067106,-0.0610632029360858,0.0049058198420472,0.2848580392723558,-0.1083006115892382,-0.1067196895373615,stop,749,22,246.4289072127609,-0.0527455194922157,0.0029921857479338,0.0645276895828167,-1.0,0.0567287188891084,1.2233776480737812,1.6720153663529675,693,0.4039136004978306,6,0.0921692656464363,0.0855456331029977,-0.3931695916283281,0.03125,-1.127596421778167,-0.7236828212803431,1.2573260834955735,0.0732180116245207,257.81433350390193,246.4289072127609,283.09372309307923,5.534334123529403,0.1384760326619802,-0.0200733726353912,0.0212131183211302,0.2831765532129056,0.8422622967198183,0.0109953644296036,1.0,-0.0190101878444878,2019-08-08,44.0,10,0.3169608136509201,0.1987945114713649,False,False,False,0.1111111111111111,0.0,0.0,-0.0517330416356788,-1.371542657678286
FDS,Falling Wedge,bullish,1,0.7251127386429842,3,27,1354,1355,2022-02-02,2022,2,402.9434604194618,390.4069754578659,486.86451352331005,376.8637018865416,0.9663230001564754,0.0321113242069848,True,-0.0163012719705195,-0.0309146709352403,0.0286932155229528,0.0155878134972011,0.0222720268073135,-0.0103872017880591,-0.0002187483835424,0.009961977638663,0.0019013296134284,0.0478927698515461,-0.0211241158407662,0.0205720086671719,-0.0109604087180077,0.027051851826376,-0.0546323901234897,-0.0736069271370438,-0.0576455241857295,0.0272115322531651,0.015607854391227,0.0809165881110527,-0.0074000195016283,-0.0546369467697662,-0.0166541062571227,-0.0287156410066916,-0.019069325482215,-0.0228353099259409,0.0047002554965465,0.0144934050137011,-0.0443337746845502,-0.0397441592471711,0.0624752874801513,-0.0092211613852669,0.0632134744215795,0.0090653025936271,0.0092473507233217,0.0293431811913709,0.0158169752131009,0.0459942263657362,0.008469457432491,0.0313772228367819,0.0317429609546837,-0.007969026273195,-0.0037398025563527,-0.0367285730692672,0.0238114777737199,-0.037974579524445,-0.0282653110290258,0.0055300290925673,-0.0834743802894066,0.1082964898426706,0.0248569689419666,-0.071454113461032,0.0064192863677006,0.0570932746919876,0.0340733126960812,-0.0295460863677013,-0.0148801510903945,0.0331400709850384,-0.0252821245733803,-0.0017108066017021,0.0242136604180416,-0.0212398560309969,-0.1380081830280373,0.0703598232701598,-0.0271217383705193,0.0399020100798328,0.0302352105598491,-0.0461252162433745,-0.026752683618865,0.0248479516193469,0.0202065683513299,-0.0876520658436152,0.0842697160647156,-0.3023246462795097,0.0990892822878259,-0.0261110773707078,-0.04571737068789,0.0915001961579113,-0.0935967944664585,-0.0105325289223149,-0.0864101076183306,0.109221505599427,0.1627735950421456,0.109221505599427,-0.0379420352647327,-0.0729840672173689,0.1015162519603485,0.0264686242771539,0.1455204082481076,0.1931252187201382,0.0153110584607254,0.006110618181997,-0.04752786151668,0.0360070137101824,-0.007535559643106,0.1893336758416894,-0.009014630971778,-0.0629903621383501,-0.1979177562385488,-0.082747988646408,0.0301494790050027,-0.2986575400447124,-0.0351050034582032,-0.0124151683609553,0.0260450172983859,0.059743257580914,0.0453916286304649,0.2319728181768379,0.0613935484019876,0.0306542720170388,0.2831959748419106,0.1159570072538274,0.1806642858507423,-0.0904729553870186,-0.0704100615171661,stop,1362,8,376.8637018865416,-0.0647231214666479,0.0084567043428239,0.0706698470676293,-1.0,0.1306597109532439,1.0918794623347363,3.217861584029445,1325,0.7324412858636264,7,0.0904382687880879,0.0416290834201724,-0.0279840200436928,0.0,-1.641815276536893,-0.9093739906732592,0.3147305887154019,0.1255241383285663,390.4069754578659,376.8637018865416,486.86451352331005,11.9300412794902,0.1014917605942662,-0.0563556047706701,0.0293178651227357,0.1996020990471807,0.8859476291402222,0.001637685186731,1.0,-0.0422992264449509,2022-02-02,47.0,4,-0.0143827516577685,-5.6184656360924734e-05,False,False,True,0.6666666666666666,0.0,0.0,-0.0430065660345401,-1.1578350404681432
FDS,Falling Wedge,bullish,1,0.6813736363516588,8,82,1456,1457,2022-06-30,2022,5,366.6288988585334,343.1369424506056,472.4088952198799,327.6687713613909,2.1470781352593566,0.0684623353001678,True,0.0444425473199689,0.0122828751758987,0.106189408578436,0.0207754777254149,-0.0035496235276846,0.0093739903253096,-0.0116210802144459,0.0170863336872464,0.0100546513177102,-0.00120434319764,-0.0430282242943116,0.0047645705204055,0.0096035559062881,0.0109708532138905,0.0206649871136199,-0.0127941276975911,-0.0597157848200601,-0.0328626331194361,0.0249596132944411,-0.0035941211936584,-0.0115488185024152,0.0209529509450916,0.0406686655169384,0.0401516945266853,0.01739313509248,-0.0294469904295883,-0.2124613232271736,0.0156862211300079,0.0370041344530382,-0.0007440586471784,-0.0371907653105356,-0.0121496635904168,-0.0049647691258737,-0.0151334267093383,0.0348380169048481,-0.0633825350145328,-0.0081573989788015,-0.0352817137814649,0.0267569027505873,0.0441503474142692,0.0534643067926241,0.0986146598228119,0.0052421136069977,0.021500018102424,0.0535741336744717,0.0415557840348265,0.1173868783291256,0.0232983594099494,0.0901661162367302,0.1248449505333011,0.0308717591825287,0.0611551325899792,-0.1206019336307852,-0.0397687539264589,-0.0177389485564922,-0.0642586958492079,0.0478392753548024,-0.0652070797488963,0.0535816828354573,0.0582433339710506,0.1553132947599214,0.0085734668938293,-0.0579746951285912,0.092561230598392,-0.0332440943468355,0.111768981417071,0.0463805150143747,0.0640031417793516,0.0900614443301495,0.1575388856485182,0.0811897089805648,0.0489217340554755,0.0684883537655107,-0.0441816030730618,0.0283124678604083,0.1914304888512328,0.1563929160632757,0.0265965537603818,-0.3023246462795097,-0.0699149707891169,0.099662990463327,0.0015329368192491,-0.0242350126362066,0.0293267557921619,-0.003692639288765,0.0197840851786741,-0.0504685780379963,0.0362370508921303,-0.0717182548984971,0.2052348739220375,0.0222880278854424,0.1391552091332105,0.012130758522747,0.0406880308923939,0.2916913967825736,0.0831022392367022,-0.1083006115892382,0.1465154281294869,-0.0675731679764934,0.1110606045464217,0.1189059684218534,0.0726863778066133,0.0607453765445997,0.1260428933027124,0.0039527525347846,-0.1006085216634204,0.1406503388351649,0.2722355044749298,0.1002966336260555,0.0283479072267434,-0.0797093080178549,-0.0737970858039335,-0.1071060933479746,0.0152539778804976,-0.0395888720247641,time,1516,60,371.0763854980469,0.012130758522747,0.1943519352724058,0.003042631200227,0.1141548276462827,1.828922044086568,0.0286322606786562,2.7150834239211603,1369,0.8283241007647671,5,0.0106734429399228,-0.0949727539761637,-0.1775481881264456,0.025,-1.1289904249284888,-0.3006663241637255,0.1630889808190448,0.295854009366663,343.1369424506056,327.6687713613909,472.4088952198799,10.879224205513506,-0.077318907214293,0.0094832950334926,0.029671355624231,-0.2098149318706755,0.8387106439076225,-0.005246811986821,0.0,-0.074978255765873,2022-06-30,47.0,4,-0.2813300638331624,-0.1672464161308015,True,False,False,1.0,0.0,0.0,0.0415199395209814,0.4630029674510075
FDS,Falling Wedge,bullish,1,0.6877205082944562,8,150,1695,1696,2023-06-13,2023,0,390.4820840960096,387.445011837678,458.96551741567873,348.5568954827665,1.2643943770460235,0.0078387181807466,True,0.0426066873727146,0.0436464095224996,0.0408025931395139,-0.0390321314698673,-0.0070701247603788,0.0083449300608346,-0.153627725407377,-0.0156712869153805,0.0290012320195438,0.0127616423908174,0.0258575182006355,0.0660550015471379,0.0046425902997369,0.0165065003851188,0.0839901188127871,0.024643182387616,-0.0582833009332074,-0.011559245126131,0.0241485159568417,-0.0216580593253601,-0.0133030015325449,0.0472704593932939,0.0394157169165331,-0.0260070097079589,-0.0282976481874661,0.0561696728603526,-0.0873748750781978,-0.0198874671885781,-0.0032652630614542,-0.0023818217612634,-0.0682288668756263,0.0036189564813267,0.0420786814269849,-0.066896670844839,0.0237614056121291,-0.0789699292712918,0.008947342520013,0.0190090876834525,0.0677134054740113,-0.0017287504270026,0.0253402129727977,-0.0208509763765882,0.0336324162140015,-0.0449672472982222,0.0211336149808676,-0.0213496561101026,0.0192100023512358,-0.013329113998576,0.1734427392981838,-0.0522292454011736,0.1007277925924809,0.0390929669041362,0.2005123947999283,-0.0032885302540694,0.0160781533670779,-0.0166936876493928,0.0530203814922722,0.0292698686593499,0.0498835364633443,-0.0216972591251191,-0.0415988362857925,0.0299264272791106,-0.0337499934414015,-0.0358117682828548,0.0305687094416649,0.0248569689419666,0.0774851840629955,0.0490160392245344,-0.0142305897531262,0.0402670813934418,0.0161111611880357,0.0521284625450746,0.0332984356804297,0.020411566924497,0.0483676733184303,-0.0206609248000073,0.0302011994186037,-0.0408299103922304,0.1486838640520666,-0.0793095370279459,0.0514620687906173,0.2016621882612357,-0.0628964425253113,-0.0420650177931437,-0.0185447597729417,0.2208635742235152,0.0068120634912625,-0.1455770360721913,0.1006843606270802,-0.0010406359643629,-0.0685722203046372,0.0185131327594397,0.0589552468587588,0.0356951591040022,-0.0311001793918136,0.0939170818688366,-0.1134860371550868,-0.0394918339808086,0.232454603266567,0.0167025645008622,0.0689591179552335,0.1284492765136775,0.0563875831121232,0.1744424713404218,0.2313075109897326,-0.1101040398072744,0.1907203044636736,-0.007512860613882,-0.034766203980482,-0.0439864429782077,-0.0730095442626411,-0.0984893304479843,0.0971682990899125,0.208968617878154,0.0115786989407081,time,1755,60,413.5030517578125,0.0589552468587588,0.0968626212599028,0.0511279032656501,0.5490963409650865,0.9021573777397854,0.4761941659178115,1.6334675068828897,1545,0.373673482667384,6,0.1059737003487762,0.1252683481301393,-0.0295454908546696,0.0,-0.7350285192007505,-0.3613550365333667,1.06954298124948,0.1928379423428075,387.445011837678,348.5568954827665,458.96551741567873,6.840526682199794,-0.0222587394513639,0.0119992768733798,0.0175004823709052,-0.0920520599994328,0.8772804805695646,0.0013242840321261,1.0,0.0572625807992261,2023-06-13,46.0,7,0.0413516248094705,0.0563392551487997,False,False,False,0.1666666666666666,0.0,0.0,0.0066059391877613,0.292985440087365
FDS,Falling Wedge,bullish,1,0.6457965992656232,8,114,2002,2003,2024-09-03,2024,0,416.5227278133575,412.4292761631804,468.4084699534642,377.624339364674,2.345726702076292,0.0099252208481861,True,0.0294543588206126,0.0320170601002682,-0.0662869363172049,0.0469694280574608,-0.1317232489369606,0.0182740830988556,0.0098762424542537,0.0157874629633676,-0.0242555187440873,0.0746239810022884,0.02709727576478,-0.0346689663911109,0.042927549601168,-0.0290735546968587,0.0271365480954954,-0.0025946791165639,0.0020038197225413,-0.0129515890175464,-0.1129306473370754,-0.0141519848195723,-0.020835736239407,-0.0224182517237936,0.0398140949496111,0.0470896990530493,0.0236984187318891,-0.2217318532833155,-0.0676024933600029,-0.0366252592888018,0.0182178793302403,0.0695950193630718,-0.0142060252607308,-0.127336556980101,-0.0109021581478817,0.0175462120528842,-0.0236011892585943,-0.008301278592697,-0.0265902553824727,0.0303924496696488,-0.00324509640985,-0.0219257579995035,0.0695950193630718,0.0403896121301849,0.0558204384501972,0.0418191287079878,0.0335724689025862,0.0563456838527533,0.0627394900898177,0.0260908990239849,-0.0006741172897856,-0.0059598928514114,-0.0062094354222969,0.0275476503090097,-0.0722406527518821,0.0052941102749166,-0.0684441922689407,0.0619002754749309,-0.0491149484842523,-0.028024178644479,0.0480751572230044,0.0283673458524404,-0.0130154378811176,0.0496340169641529,-0.0032885302540694,0.0659745849124122,-0.0104992577122859,0.1638714696307166,0.0994967441918384,-0.0579746951285912,0.0510036892826022,0.0746753516532117,0.0140530176691986,0.0629123753437581,0.0897026546291426,-0.0786733738638492,0.1725135880162736,-0.0963078584685307,-0.0144979906555932,0.0153110584607254,0.1125255157759659,0.131948283008024,0.1314105950335951,-0.0336264298853618,-0.051443823944354,0.0619947357276016,0.1029861733209005,-0.2589883138411918,-0.0025985178485925,0.1232755482942011,0.0067716520626355,0.1062698070087821,0.0180287553288815,0.044699629978061,0.1468280113988687,0.0517856587531473,-0.2772216226869457,0.0094882801905218,-0.096520115788553,0.0284341840559232,0.0725039908899691,0.1564837545462087,0.2750887695127892,0.2218657785729587,-0.0659482285628856,0.0991374228805941,-0.0018752972655169,-0.2786109031011988,0.2142140324746144,-0.1037526610169906,0.1997604712716907,0.0871484079174813,0.020445374570537,0.0011727784608619,-0.0315283431651756,0.0950480202049044,0.1155613067007792,target,2048,46,468.4084699534642,0.1245688138375884,0.1246380101045291,0.0152993633276234,1.3338789654115546,1.334619916875357,0.1638251043596912,1.3338789654115546,1888,0.417325689891925,6,0.150325152731099,0.1420080473374179,0.1186936656130135,0.02,-0.7255279581425677,-0.3082022682506419,1.0809192284723077,0.1418711902875012,412.4292761631804,377.624339364674,468.4084699534642,5.902095398080129,-0.0260003236914194,0.0310825032834531,0.0142187453340969,-0.0777835431478283,0.7971475000725434,-0.0147810831362767,1.0,0.0670688056111061,2024-09-03,6.0,13,0.0871860453177324,0.088306069905109,False,False,False,0.1666666666666666,0.0,0.0,0.0265677284081302,1.0255439794691033
FAST,Falling Wedge,bullish,1,0.6646373829255298,3,25,811,812,2019-12-06,2019,0,15.166386283240884,14.889428328913128,16.084408275422632,14.354624902271478,1.1612306624126918,0.0186009797159198,True,0.0297548955164566,0.0205956959430961,0.0207608013852935,0.0160011428695974,0.0047272476771513,0.0293546468718828,-0.0086712074068339,0.0378865154905661,0.0031496734894851,0.0293975524523846,0.040892476326626,-0.0495754044234685,-0.0130207884260635,0.0224764394442553,-0.0351851631765905,0.0128594647872859,0.0262022847494376,0.0007643498262814,-0.0579399633818449,0.0417874038234173,-0.0217310312505022,-0.0020921208293493,0.024852679501506,0.032257928152571,0.0072392446575069,-0.016225191640478,-0.0186412860411619,0.0490408507201749,-0.0079339787317613,0.0008321811779683,0.0094635846115302,-0.0864853409053239,0.0663999839961306,0.0210064490601837,-0.0982116379586518,0.0079226320696699,0.0701672300386906,-0.0443736795405842,0.104875618908663,-0.0011367237451,0.0109659394858074,-0.0242642570800871,-0.0820445170405531,0.0817169099542505,0.0319935445980408,0.0285045125557005,-0.0008346584065163,-0.0322450920535873,0.0175821632730535,-0.0108261338073269,-0.0167383054587482,-0.067941290966266,0.0102370161656606,0.1029748313285094,0.0861403787908157,-0.0975756804413898,-0.0489462234304975,-0.1017699419554721,-0.0161288346316218,0.0490017847592965,0.0548262463843063,-0.0226617441940821,-0.0980028292027581,0.024699515064865,0.1702799529468048,0.1834096856488991,0.018116122221385,0.0026551099605269,-0.0128012495293143,0.0543389569271264,-0.0094459154010435,0.0128329126572399,0.1650711994435545,0.0745734703576688,-0.0408072516276951,0.0395565758957594,0.1443673787344026,0.0322864036116725,0.154996170344273,-0.1491070753129746,0.0275019191393059,0.1345096638015441,-0.0308499142396059,0.0233963219726673,0.1947967600641318,-0.0764577840744553,0.0703164696725584,0.090795701218735,0.0504813488664979,0.0703217534574982,0.1883187849727245,-0.0045060835206487,-0.0243516328495214,0.0090184823262577,-0.0887778513998189,-0.0922633613844318,0.077287686708771,-0.0446788907750078,-0.1555519630207975,-0.0762005942020032,-0.0063933051513459,0.0925269995390507,0.171392637797366,-0.0355495814616856,-0.150352259121321,0.0415936427364129,0.2214808149421243,-0.0680992541338203,0.1157957457259526,-0.0851335197196794,0.2741776872040866,0.042776643846232,0.0090085872643574,0.052224381959828,-0.0391148452172349,target,852,41,16.084408275422632,0.0605300415693734,0.0708609204758552,0.0369858889937088,1.1309012891022796,1.3239162610069255,0.6910186819158327,1.1309012891022796,786,0.4473099325517942,5,0.1069147861378368,0.1598073616826802,-0.1970649551939051,0.0,-0.9668149602207188,-0.5195050276689209,0.967316028463324,0.0717561797619884,14.889428328913128,14.354624902271478,16.084408275422632,0.2952311622994134,0.1084591885668235,0.0216665834147355,0.0194769781936022,0.1153165522212875,0.6545405364165353,0.008503919550078,1.0,0.0217083416622188,2019-12-06,19.0,4,0.1466099284129089,0.1255201592424422,False,False,False,0.0,0.0,0.0,-0.0590091520577111,-0.9903973097130504
FAST,Falling Wedge,bullish,1,0.701305933592267,3,34,1598,1599,2023-01-24,2023,2,22.563936727738778,22.08595845463512,25.243096797874895,20.60006937953956,1.8735764141207507,0.0216417265334185,True,0.0222447770818776,-0.0043496700995668,-0.026288154192111,0.0345141525455929,-0.0552475243645086,0.1348607563552064,-0.0177716560776923,-0.0040340617707173,0.0207121473477411,-0.0150645148051183,0.0421679682053057,0.0277791165255145,-1.2896298962061792e-07,0.0236596775286404,0.1018089072225754,-0.0131309552278755,0.0023564889159322,-0.0024176028012073,0.0116319145301306,-0.1079365164040216,-0.0092793657845994,-0.0018165163994582,0.0149195704625606,0.0890367395418429,0.0404444623156712,-0.0874924789339328,0.0170444862184835,0.1753432114681341,-0.0090614717202318,-0.0444694731201174,-0.0249384641433231,0.0637427545597462,-0.001307990348754,-0.0569037788796384,0.0067770899344583,0.0493850800555062,0.0298267148615472,-0.0382890995533934,-0.0198087127942366,-0.040099259138811,-0.0415114944094067,-0.0102072122361708,-0.086488707113708,0.0331678726096422,0.0384022947672151,0.0913811714376925,0.0507534807255232,0.0442121588466462,0.1815377971849641,0.113210462716297,0.049354489020867,0.136635186558987,0.0540459958175787,-0.0321805248329493,0.0521393211242755,0.1084117003228894,0.0546682138730543,-0.090377082958162,-0.0063147014810612,0.0057994026192127,0.0236290473314069,-0.0612523029088354,-0.012274023720509,0.0364856345217186,-0.0738447665061325,0.0451640285290515,-0.0217357265405879,0.0430743504808075,0.0204446556678795,0.0554371657722445,0.0613557056578049,0.0616449665112384,-0.08390233421207,0.0539354992685214,0.1745456526713809,0.0169666472818585,0.1291038260473387,0.019626881748711,0.1486317224733186,0.1073869259850528,0.0811531871979835,0.1131079545684612,0.0382706249730049,-0.0011098401355895,0.1491370285635336,0.1647111463855715,0.1077356612800495,-0.0298504355996898,0.0063508313936009,0.0668693843485805,-0.0624371826114562,-0.0076567416347254,0.1118438377061112,0.0676412119285232,0.0324585130100678,0.1974952536661556,-0.0602816852617389,0.2095377178482591,0.0442919768044718,-0.1012387695196275,0.0657002251455221,-0.0328183407162955,0.0136081932927121,0.0767354290475035,0.0559200287792551,0.2272175042969926,-0.030742369076532,0.0717957750792526,0.0607713620236851,0.0955520384227004,-0.1531744065031599,-0.1199976175019026,-0.0068211391236655,0.0901961538989319,0.0750335455254818,target,1605,7,25.243096797874895,0.1187363757691502,0.1269127957384773,0.0186046909898548,1.3642265973782792,1.458169919475105,0.2137593818233964,1.3642265973782792,1562,0.4493670223490553,5,0.098181361300692,0.1081543208716371,-0.127728511406203,0.0,-1.107463204541676,-0.6580961821926247,1.159900898424633,0.1177224191125602,22.08595845463512,20.60006937953956,25.243096797874895,0.6368613101523852,-0.0140366544621852,0.0001735873420396,0.0281507329105205,0.03996240701378,0.9379860778434232,-0.0002040541579074,1.0,0.0511660425474123,2023-01-24,41.0,5,0.1389172008637278,0.0787026397019481,False,False,False,0.0,0.0,0.0,0.0052511207400139,0.564752924855095
FAST,Falling Wedge,bullish,1,0.7277234375760534,5,101,1964,1965,2024-07-10,2024,0,30.50016415164057,29.801598970102816,39.26196084654708,29.202574622910348,1.1338332534186195,0.0234405268736943,True,0.0934228051008956,0.1014378756482103,0.0030253740159971,0.0180108842380208,0.0764943263807755,-0.0145132293056433,0.0059022171879605,-0.0061628831221745,-0.0085444095829131,-0.0744050475288022,0.0009084645200312,-0.0448568908868617,-0.009581026348,0.016793653979988,0.0495350179011888,0.0043637909272631,-0.1024844877633255,0.0054663615754675,-0.0256410016060296,-0.0088808276258944,0.0387117458889822,0.0306109886087744,0.0956851540281553,0.0515541639717165,0.087550832511913,0.0415584467180039,-0.0317354296909704,0.0094393212650016,-0.0371548622770807,-0.0158615395904173,-0.0404411160857979,-0.0235782303412295,0.1039444171771553,0.0788114107882189,0.0738462233868677,0.0363483227268135,-0.0254270974995068,-0.019167118754907,-0.0361445908170021,-0.0237238411404923,0.0003972390752771,0.0343409493059552,0.0439995035157121,0.0383437324147308,0.0821048474807397,0.0370591345888629,0.0209192455415054,0.0971163138357373,-0.0799757458137677,0.005921693201911,-0.0817188974091346,-0.100376714352048,-0.0369753430989266,0.0098312169538146,0.1013628873768925,0.0327865645675597,-0.0460010603645489,-0.1154886793153174,-0.0924085984333268,0.0018711541255647,0.0540662988819986,-0.1250231352800107,-0.0372662625772733,0.0881378859274109,-0.0609747899456445,0.0170003199481882,-0.0286148918036087,0.0262717698424339,0.0442979619198971,0.024061476064477,0.0451323257771152,0.0509187328858602,-0.0771019735104003,0.1099982951013389,0.2184266047320602,0.0132585753012983,0.1134071089279251,0.0265920458579707,-0.0880493510591593,0.2433976042025263,0.0069813341244022,0.0886780309657535,0.0768063338303897,-0.0689222188389427,-0.0929584958285717,0.0180199574017454,0.0470443780286475,-0.0385865268355111,0.2045653982924518,0.0833195094924243,-0.0368817334338619,-0.0208842044174403,0.1109448035225417,0.0964790015271424,0.119094986894197,0.298519279034295,-0.1103124614606856,0.0693971393570425,-0.030742369076532,-0.0688620514583349,0.0724911712883227,0.0001249612480924,0.0507239848215199,-0.0326977176020065,-0.0504794428491132,-0.0177355403013204,-0.0063933051513459,0.0408744014162452,-0.099115873620721,0.0413363447516308,0.022244955070136,0.083051711035925,0.0367602346792366,-0.1026424851727452,0.0951629073773498,time,2024,60,33.88399887084961,0.1109448035225417,0.1389107748377792,0.000312458320515,2.607785161861116,3.265132263459181,0.0073444104281427,6.752363903152408,1863,0.8626445222521035,7,0.1793812697721719,0.2885120924945992,-0.1407245795344957,0.0103092783505154,-1.3874190302006653,-0.5247745079485585,0.1018386194854573,0.198502761355301,29.801598970102816,29.202574622910348,39.26196084654708,0.4965718058322217,-0.0241471442934287,-0.0263921566224366,0.0164091334747659,0.0283584211047227,0.8918894769399975,0.0004795450566599,1.0,0.0512844846480513,2024-07-10,44.0,19,0.1166503807891887,0.071288711896347,False,False,False,0.1111111111111111,1.0,0.0555555555555555,-0.0011555122429382,-0.0575164406952682
FAST,Falling Wedge,bullish,1,0.6847552121598109,3,32,2007,2008,2024-09-10,2024,1,32.53266359812919,32.0314868544566,34.80067014756341,30.528616898832453,1.5854053452341197,0.0156463777641611,True,0.0397701438598321,0.0135811552404543,-0.0208467908273614,-0.0140171716825273,0.0111300730769363,0.0021479811130369,0.0529473272161278,0.0092098845989934,-0.0310743360478502,0.0178895255323341,-0.0100371851770947,0.1071593467253013,0.0369133089235496,-0.0101381966827399,0.0291593134955401,0.0090040952080825,0.040369835994503,-0.0139587526700145,-0.0332020244562063,-0.0203133514840814,-0.0035858752901533,0.0025756684494264,0.031703510059042,0.0577405520428941,0.0133588992332822,0.0342882434655287,0.104875618908663,-0.0042102287598428,-0.0165154381475552,-0.0114361707460908,0.0104459572266393,-0.0580172458505836,-0.0471944747087834,-0.0201196559378369,-0.0326127953771766,0.0837382533699022,-0.0471194365955704,0.0052748748149069,0.1009689008670919,-0.0285178953835607,-0.0895519686165456,-0.0051376329892446,0.0001746647745279,-0.0142441783047929,-0.0342146026018348,0.0611968125725021,0.0335838751661301,-0.0142163606157867,0.0052891686538187,0.0099591810613912,-0.0135639404253556,0.0757544010730491,-0.0166226913276361,-0.024854143850794,0.0549661283432632,0.0482170671325294,0.0170355837891746,0.0295718214383213,-0.0143400562867261,-0.123803694582346,0.0702562629412801,0.0093991544435798,0.019174614940312,-0.0907336772162232,-0.069068514095044,0.1270209889671294,0.1605326778022373,-0.028659333013534,0.0213073251767087,0.1562057391520683,0.1019524184449802,0.0037383034225169,0.1085037185637221,0.0316729704896545,0.0628202626035803,-0.1629694972963756,-0.0865921875586029,-0.0294250647806071,0.2118850411975723,-0.0935765324191636,0.0162267819373296,0.0511207956357706,0.0739706716246417,0.1481636420384535,0.0867327544181519,0.0379609440888213,0.0272976855641653,0.0651010418343607,0.000756384480691,-0.0602207275327095,0.0573697629813791,0.1286789015874007,0.2164669237990355,0.1056162530357058,-0.1504825783223844,-0.0888456544754234,0.0463224398226278,-0.0536006989605427,0.0476962158530616,0.0648976071637243,0.1289077430100538,0.0916904900092661,-0.0711431197717284,0.1150927966797905,0.293528830040237,-0.1406559654080207,-0.1524227905697479,0.1130059192939514,0.1058634761838301,-0.1069318207035252,0.1961832446303726,-0.0950527889118447,-0.0058292239364444,0.0587398948325619,0.1966187229760447,target,2030,23,34.80067014756341,0.0697147512251239,0.1375756482405286,0.0151715832752521,1.131713422761112,2.233332329568115,0.2462876813788754,1.131713422761112,1974,0.4656426696857981,5,0.1032016505693381,0.0620067612413519,-0.3258290605883697,0.0,-0.8694427824218525,-0.4038001127360598,1.0133464156809495,0.0930996714651214,32.0314868544566,30.528616898832453,34.80067014756341,0.6376740516311725,0.0236977412163834,0.0296754317574339,0.0193783963683309,-0.065375721359679,0.8913057900585482,0.0033780498966429,1.0,0.0291035474693621,2024-09-10,44.0,19,0.0048485378833151,0.0344833667542663,False,False,False,0.2222222222222222,1.0,0.0555555555555555,0.0234395287373454,0.3264848999740787
FRT,Falling Wedge,bullish,1,0.6681222330762656,3,46,811,812,2019-12-06,2019,1,99.43456946103832,98.1170075503362,110.08619835497925,96.58187412410264,1.1904113320621084,0.0134284763018905,True,-0.0327782557790877,-0.0419374553524481,-0.006177838432316,0.0009627046857354,-0.0087691814375774,-0.0647247630427395,0.0202590057380087,-0.0377041274010733,-0.0130991268458763,-0.0094045811155478,-0.0228874375026235,0.0545855431440673,0.0202590057380087,0.0179698275346207,0.0116047455541077,-0.0056930424242276,-0.0182166531359015,-0.108042384729234,0.0253263879442278,-0.023784227357715,-0.0247342988767298,0.0311164362749911,-0.024720555494698,-0.0369418891762284,-0.0619605726712925,0.018260180100206,0.0955384506427754,-0.0072094817470597,-0.1144688433597737,-0.080855257791509,0.0249844294234808,0.0429235118344553,-0.0010115807072175,-0.0168563323146256,-0.0065589460865148,-0.0270032358975738,-0.1180737866349431,0.0253614966069215,0.0090187216389459,0.0237601189635165,0.0267182507592651,0.036104313175965,0.0771656840408845,-0.0003436732014647,-0.1180737866349431,-0.0314109008167679,-0.0432773793307535,-0.0746878129778246,-0.0119130732206432,0.0244723266926865,0.1872653579283019,-0.0400696852878003,-0.071974828487043,-0.10799574926536,0.049513716776443,0.077796082055795,0.0235105124928187,0.1072195044872723,-0.0575265103307879,-0.0630821289896985,-0.0035769218395007,-0.0353228032268911,0.0736683711257539,0.0127133905972895,0.0013766507194166,0.0824692186660358,-0.0321779506774472,-0.0464799579690259,-0.0517716554431343,-0.0222884162897284,-0.0860732886178984,0.0405165655603905,-0.1323076884144406,-0.0360400376361896,0.074038668202599,-0.1528780355136664,0.184786623930008,0.0262275548809824,0.0581587950704576,0.2395489294855017,0.1193145559216679,-0.0468843710205568,0.0587724023536653,0.1232994727411194,-0.0934023258131101,-0.0572672520166707,0.0232441481012983,-0.0095249900779469,0.0436654387757349,-0.0880108565256617,-0.0032093284997067,-0.0408908297650022,-0.0777760341276938,-0.0444059189519145,0.0300793173660272,-0.0714720279296984,0.0190691134057219,0.0841398378269886,0.0605833439922993,-0.0573269640813901,0.0755573254831627,0.0581994851184541,-0.0895905675226427,-0.1463335282932558,-0.053830232271271,0.1514651368322372,0.1505893386972918,0.0081267730994833,0.0356773183552272,-0.0419326167855215,-0.0587825381594946,-0.0322838493103698,0.0202967549906534,-0.0346682488114441,-0.0831541927278168,stop,815,4,96.58187412410264,-0.0286891707018799,0.0069644067103552,0.0347463457820485,-1.0,0.2427538524108994,1.2111310620690656,3.7338823939687793,764,0.800191770821418,7,0.1641010429050959,0.040170460866814,-0.0412974413559432,0.0222222222222222,-1.2188798622965695,-0.4186880914751528,0.1953656286024293,0.0919568941668015,98.1170075503362,96.58187412410264,110.08619835497925,1.189839295461334,4.824035297090745e-05,-0.019908124790643,0.0119960180194708,0.0203515705079604,0.4794632219226069,0.0020585793170926,1.0,0.0217083416622188,2019-12-06,5.0,4,0.0304226604170732,0.0117571351040752,False,False,False,0.0,0.0,0.0,0.0067379827283021,0.4335130660999194
FRT,Falling Wedge,bullish,1,0.6952321826550069,3,36,978,979,2020-08-06,2020,0,58.70307038468585,58.863819447566016,73.65693037485227,54.88402612569004,1.269049421915664,-0.0027308636168835,True,0.0865716389646698,0.0759202011879434,0.0865716389646698,0.0221467594904396,0.0029107035772164,0.0094499324212444,0.0437867987800881,0.0285385899489458,0.0033609019224776,-0.0823846815673411,0.0238723419156794,0.008357200889794,-0.0164002273334422,-0.0280504210349196,-0.0010529337664074,0.0453376626226116,-0.0211352484901329,-0.0027362626761721,0.0461407903336708,0.0557334866185392,0.0059137165311815,-0.0109139977318957,0.0755993013938574,0.0641026226849914,0.049100484415085,-0.048543687730062,-0.0146126749418309,0.0349349204212887,-0.0734592151844607,0.0455070657010754,0.0652051004913971,-0.014604430048414,0.0619387630050498,0.0641026226849914,-0.0172940268122786,-0.0155438604582917,0.0165241652104581,0.0497173415276759,0.0136530030820591,-0.0072278782750847,-0.0300009684331924,-0.0172894334819546,0.0779327910205098,-0.0141223466816849,0.004073977470739,0.0550580612565919,0.0884216378785838,0.0520861923225044,-0.0707748584259777,0.0314473350433051,0.0095199747561316,0.0097518725465217,0.0021191837651695,-0.0909846943117312,-0.0277124572243345,0.0296318600258189,-0.0392188565725367,0.0045523508435654,0.0988249889151771,0.0454724997897519,0.0644813805074109,-0.0811699436014707,-0.072585686168739,0.1949196893345011,0.0267729966750627,0.0398251015154078,0.0253795234608178,-0.0091048552726643,0.0788642675985244,0.05023058755376,0.0445409528671398,-0.0308064738087645,0.1096671874549524,0.0278625951917856,0.0190565286238857,0.0852238828860234,0.0129961518694556,-0.0197868124508525,-0.0905077801853638,0.0177536839409804,-0.072973627682911,0.0868674808538489,0.0694408511952269,0.1294598277976049,0.0494963493655196,-0.0691158319713804,0.0485393871461605,0.019362963547594,0.0602367698283974,-0.1235768172023333,-0.0292645871707497,0.035234001092306,-0.0789897148905968,-0.0626885054421229,0.1228734005246035,-0.0598865881878184,0.0426127940342448,0.2089896321687545,-0.1373558603036904,-0.0873417265973485,0.0426127940342448,0.0909781704039194,0.1756722313189225,0.0328948023041339,-0.0111640887070657,0.1254867714456875,-0.0067932059641176,-0.0474784869307184,0.0947780410710914,0.1077152865013146,0.140347552243186,0.0154679295495507,-0.0644498836004596,0.0091754960977141,-0.1187464679609042,stop,1036,58,54.88402612569004,-0.0650569763041236,0.1116836226178764,0.0985401419462305,-1.0,1.716704786521063,1.514674482957558,3.915602694297768,942,0.5977181145891048,6,0.1443892651104198,0.1049999289160166,0.1506911342175241,0.0,-1.185549331178999,-0.5878312165898941,0.5336103161217048,0.1607383498235211,58.863819447566016,54.88402612569004,73.65693037485227,2.185210632650381,-0.2481784423998065,-0.078613739767853,0.0368546094867317,-0.3927619712141568,0.787232710382234,-0.014439510142574,1.0,0.0634580851136494,2020-08-06,3.0,4,-0.4093097619699523,-0.25548461623443,True,True,False,1.0,2.0,0.6666666666666666,-0.0158373943365624,-0.4449049422877684
FRT,Falling Wedge,bullish,1,0.7348118346598038,5,33,1091,1092,2021-01-19,2021,3,69.89567906283919,67.29537851830503,76.68981799519327,65.01991207337038,1.3058153967244877,0.0386401057812142,True,0.0109316175119167,0.0038998253578912,-0.0079702305512749,0.0273274821110829,-0.0402345140776199,0.0197418759685363,0.0155690730916338,0.0049160686605864,0.00243080443176,0.0171388411228778,-0.1615319488869445,-0.0414241122498235,-0.0137344280575311,-0.1323471932676762,-0.0381279026565999,0.030516024103955,-0.0037679219040877,-0.0276911533995982,0.0421789021053695,0.010791570057115,0.0351112660798533,-0.0238156285035218,0.0251777738030121,-0.0067182604785441,-0.0078725942222096,0.0093763405027951,0.02784328414273,-0.0072941334669616,-0.0173004730967568,0.0386787352023956,-0.0043450512769854,-0.1341011201614321,0.0117458062452746,-0.0710721738232432,0.04962363861662,0.0222247944130669,-0.0083043757848209,-0.0734592151844607,0.0129527199523302,0.036104313175965,0.0100786889502915,-0.0611799926366689,0.0424829672007194,0.0013068642839504,0.0313734518313484,-0.002555013932852,0.1639718881140293,0.134374308702023,-0.0329245250225246,-0.0209039897745726,0.0398251015154078,0.3405979590550361,0.02245537667958,-0.0272093725574089,-0.0190905573344083,0.1229386159679952,0.0006235482250609,0.0129935249384993,-0.0372475033838902,-0.010868694491999,0.0335555934622326,0.0394259419309284,-0.0002379654521281,-0.0383321617797264,-0.0353228032268911,0.0273572882290555,-0.0740246708502875,-0.012336600668688,0.1474081828409657,0.204002488587951,0.1616263483822968,0.1112059815760015,-0.1330844989370349,0.1127847640288031,-0.1225885866432626,-0.0190165327578473,0.0278180810301991,-0.0476985209088072,0.0268564563501827,-0.0002866529816765,0.1437622026179212,-0.0141236143394927,0.0688807596240692,0.0212408483395292,0.1981608318011491,0.0206750620350995,-0.1121504619624352,-0.04865104915252,-0.1332393064316264,-0.1041589688113286,0.1051338936795183,0.1989264541801289,0.2135452790127334,0.1187640866192782,0.0802848560026376,-0.3951562257353868,0.0148451780288794,-0.1177792941804103,0.0965845812417263,-0.1220798065013275,0.0296013111430364,0.0454581445230635,0.0370720532263866,-0.0063195142217776,0.1253849642101607,-0.050701347885059,0.140347552243186,-0.0664940975289455,0.1270043278983132,0.0704591917711578,-0.0105747437829424,-0.3927565268477306,-0.0798634482485848,-0.0423607314182877,0.2393974578158287,target,1107,16,76.68981799519327,0.0972039906250263,0.1093145247706266,0.0391710717487582,1.3934502914164597,1.5670586713387848,0.5615298404153082,1.3934502914164597,1055,0.6834111157027243,6,0.1517178350260601,0.1876434398826352,-0.3884757030801606,0.0,-1.0568449161899949,-0.3734338004872716,0.3745663741919102,0.1134806494836375,67.29537851830503,65.01991207337038,76.68981799519327,2.0387674589205,0.0969853082631864,0.0028940847185288,0.0293761058556054,0.1920275445453085,0.8623466399792401,0.0027505187639464,1.0,0.0215561981118777,2021-01-19,3.0,5,0.2965223128386127,0.2085853147454071,False,True,False,0.0,2.0,0.5,-0.0428480602826252,-1.0227219546958628
FRT,Falling Wedge,bullish,1,0.8199480682678463,5,64,1388,1389,2022-03-23,2022,3,97.41465763321796,97.45497129557184,119.97852252650654,93.19569942729709,1.981416016373168,-0.0004136645039033,True,0.0605027245040834,0.0318890659110906,0.0030607121282106,-0.0226694650760759,0.0414078742823773,-0.0071086994249991,0.0503122111122509,0.0044104218766816,0.0589283864119805,0.0030448172686534,0.0056294188146219,0.0308425917017998,-0.0069984186888353,-0.0102014205997689,-0.0017995996336267,0.0270040581341832,0.0654090765241994,-0.0353638563182557,-0.0417819827899783,0.053723485858077,-0.0433880107181691,-0.0106063779189622,0.0523099633568652,0.0454624694543432,0.0441619863615445,-0.0129578977523487,0.0141940782375622,9.84188722357171e-05,0.026646441721827,-0.0823431511402769,0.0234601952771382,-0.0743894032158701,0.0205181084374379,-0.0056862860347871,-0.007684482097908,0.0185432543122738,-0.048543687730062,0.0191483921084887,-0.0174576003266009,0.0349018651323251,-0.0181145704403894,-0.025206296849412,-0.0222163568872809,0.0779327910205098,-0.0876425771420053,0.0538024076792004,0.0706720230160187,0.0883425313968496,0.0417676858901923,0.0387475169562616,-0.0027614299438549,0.003081636871157,0.0140531645683326,-0.0666984749101561,0.0505520910032111,0.07222629853317,0.0773919864320804,0.0187275941762505,0.1034400996910911,0.0034488440895954,0.0685591894770136,0.0039547756578413,0.0042550361859963,0.0673624174322822,0.0528399577311891,0.0095166860817894,-0.011030297223633,-0.018374191341232,0.0441189936480898,-0.0496494691506304,0.0770044537469502,-0.1323076884144406,0.0506460298208133,0.0838806522775827,-0.0384618050018424,-0.1412754274409022,-0.0152152402745069,-0.0332688958283258,-0.0397065021067933,-0.0439372710809496,-0.1094630137222544,0.0468970471718952,0.0564643979237038,-0.0039963311931443,-0.0276113604659473,-0.1555190988296751,-0.071393668367764,-0.0040107941127459,0.0739203284125857,-0.0435600016710344,-0.0301578111228782,-0.0207456464492991,-0.1906509497864384,-0.0146191716090461,-0.0688124142015879,-0.1168232974225029,-0.3434727341479393,-0.0444211777423805,0.1237895153186896,0.0640167004166192,0.142530639482489,0.1994417050242112,0.185470693577491,0.044079182182628,-0.0346682488114441,-0.0240478404985081,0.0013165842981079,-0.0469131268350271,0.020828947306712,-0.3153805416116402,0.0924391849390851,0.0416779152989335,0.1263721760578067,0.0173507547260112,-0.1938896806543262,stop,1420,32,93.19569942729709,-0.0433092750970386,0.094941420181055,0.0499912256558556,-1.0,2.1921729229669533,1.1542845162807616,5.348207730909146,1321,0.7431317440086779,7,0.1112095758864865,0.0888397378587189,0.068874894925875,0.0,-1.1930969669501486,-0.4499652229414717,0.3036046539665626,0.1736111154934166,97.45497129557184,93.19569942729709,119.97852252650654,2.353684712260466,-0.0284696505194095,-0.0317702204888193,0.0241573707854319,0.0033327836309255,0.0747111569070172,-0.0005902066606684,1.0,0.0550509017279421,2022-03-23,60.0,5,0.0540221527245614,0.0131072208375919,False,False,False,0.0,1.0,0.25,-0.0056504683298486,-0.1147081530440647
FRT,Falling Wedge,bullish,1,0.6582756726413849,8,108,1691,1692,2023-06-07,2023,5,84.03916848049599,76.36367098225656,106.59864429642238,74.00885006161442,1.6386724141592168,0.1005124216726414,True,-0.0239082653087133,-0.0486610642144721,0.0357335423805187,-0.0138796304525031,0.0357335423805187,0.0314290823828071,0.0257341949389928,0.0051685210849092,-0.0180881921851124,0.0028468592453254,-0.0212349536728958,-0.0014407263419996,-0.002346821026661,-0.0191893422745198,0.0101155608651599,0.0518670484422345,0.0184545384845373,-0.0281314184151545,0.0159670945979244,0.0112146143896592,0.0393605970318473,-0.0034286734530102,-0.0327025372288422,-0.0440030764692385,-0.0709862422880658,0.1324349536401519,0.088212132904599,-0.0134311036488761,0.0291165321263151,0.0825151640769712,-0.006303461937793,0.0652051004913971,-0.0199404859201786,0.0022043059244849,-0.0401102112607004,-0.0080659928510248,-0.0334005421503419,-0.0168892268498184,0.0170250639669222,-0.0040595786120803,0.0706877679146684,0.0303036608543969,0.0412847384754178,0.0616497102983637,-0.0133777905888555,-0.0672561133119394,0.0048909867723636,-0.0268915631634081,0.0382357027461319,0.0552061375225689,0.0042166282122033,-0.0463487574612967,-0.0424280150479925,0.0537813285956658,0.2505391564299961,0.019992289759197,0.0675087827019949,-0.0636306268978527,0.2697137252843442,0.0058163465400544,0.005159430488028,0.0464839838411201,0.0639408507389556,-0.0319788906388195,0.0054895299447657,-0.0247944651754113,-0.0784296891705654,0.0187275941762505,-0.0259690653571032,0.0827860236845701,0.0315699105488496,-0.0280653764340113,0.019753461321273,0.0706215028816488,0.0827860236845701,0.0020417786395867,0.0461379306848881,-0.0996438286533215,-0.1467185233130792,-0.0003076552028042,0.0827860236845701,0.0729544430064403,0.0928728825206366,0.1414739139544796,0.0515357652019869,0.2044543694831717,0.2297681775344782,-0.0827733840475674,-0.072973627682911,-0.0937855920073468,0.0151808355863842,0.0533810676424164,0.026668203197119,-0.0348526716154513,0.0800640233645402,0.0256871804542642,0.0206404061510605,0.0761490660259351,0.0884152443410459,-0.0869760038025475,0.0244225666399289,-0.0033860158884158,0.0058495140107852,0.0250577839820467,0.0746317536141107,-0.3260803839232679,-0.0108596106168962,-0.0007173111327281,-0.0142201820248163,-0.1269910115138849,-0.0393115385657354,0.0652567356243596,-0.2199127858131,0.0300860854617277,0.0422779273776984,time,1751,60,86.28034210205078,0.026668203197119,0.0949310838490596,0.0598124819628393,0.223439927623424,0.7953814641227314,0.5011397484101187,2.249128579353904,1578,0.8690084265536571,5,0.009996403769756,0.0135466816101106,-0.025067271428216,0.0754716981132075,-1.3252244917383598,-0.4562160651847002,0.1187719158005085,0.2572721622224348,76.36367098225656,74.00885006161442,106.59864429642238,1.924103236021871,-0.01765733160408,0.0342384692933463,0.0227586987372477,-0.0721906467393095,0.8974932482455868,0.0070829772979281,1.0,0.0380111563353153,2023-06-07,2.0,5,-0.0746901311036231,-0.0268391882185338,False,False,False,0.5,1.0,0.25,-0.0056399741171247,-0.3470070091178723
FRT,Falling Wedge,bullish,1,0.6819941018963922,8,57,1796,1797,2023-11-06,2023,4,83.69574073054821,79.81349244489911,92.39954981045317,74.7350163643984,2.1416511981493747,0.048641503669687,True,-0.0309377326803366,-0.0412662417751208,0.030516024103955,-0.1237772187076445,0.0123928891757731,0.0070848086122543,0.0281596723936321,0.0399388206346607,-0.0319753628235164,-0.0470890967381174,-0.0065157922331404,0.0159546250165638,-0.0035593820060845,0.0422626031139659,0.0134748943746687,-0.0176720173960654,-0.0038988881266416,-0.0166666027282014,0.0094235621232674,0.0202437968685329,0.0538037711339001,-0.0271899765650784,-0.0306832891916708,-0.0178609048402671,-0.0604830463759087,0.0691666155443457,0.0015544167060661,-0.0004376447815984,-0.0070291481892269,-0.0339915149781839,0.0559142791689084,0.0227318964767329,0.0210785761876877,0.0049500882488568,-0.0068879892958295,-0.032698795598404,0.0188123919683085,0.026875100695892,0.0631950457169481,0.0502163628252199,0.0122405365135893,-0.0104414347520551,-0.004012702324295,-0.0427905439317676,0.0227318964767329,-0.0294197764741635,0.0607058946711149,0.0127131213311213,-0.1011109234165298,0.0384023269940587,0.0824692186660358,0.1123551409172529,-0.0110893241691403,-0.0840833384699784,-0.0003072673919154,0.0274995924953349,0.0525613073332664,0.0072331816916586,-0.0184227174482264,0.0268718277610384,0.0320468490046956,0.0045523508435654,0.0368185669181753,0.0274320956221563,-0.0265910463729572,0.0144611202449107,0.0509937523534413,-0.0643990209624215,0.0503212100403938,0.0937125902605535,0.0168585665752791,0.0123185995518646,-0.0098461316979476,-0.003831673818375,0.0640096698622449,-0.0937855920073468,-0.1417999091916755,-0.1614586487676221,0.0338486560414739,0.0688667162749026,-0.2347655069519174,0.1788878817930033,0.0190968420958641,-0.0115207205778989,0.1624738245589441,0.1303894033319954,0.0701117596053026,0.0491058131779102,-0.0707990190588161,0.0319192779626704,-0.0638643758550006,0.0922447469440747,0.0954313424052994,-0.043805878107999,-0.0569458948415333,0.1837845270104112,-0.0360614432238368,0.0761254445499626,-0.0181962305891777,0.1346303774718737,0.1252865213007328,0.1280900034785392,0.0960028743264467,0.0109660064970895,0.0086140549898292,0.0312698357157996,0.0674574447102795,0.0557892832293587,-0.0075593198516128,-0.1217648594797473,0.0001196518308299,-0.0113362919202216,-0.0068655678842437,0.1435767907821523,0.0552821820001528,target,1822,26,92.39954981045317,0.1039934529993129,0.1057837325552066,0.03572196141329,0.9713287368579944,0.9880504624041252,0.3336533854481237,0.9713287368579944,1735,0.3911124704625538,6,0.135347965350819,0.1888487873354447,0.1022598295147667,0.0,-1.335097610508362,-0.9439851400458116,1.3773840816270702,0.0969562891039664,79.81349244489911,74.7350163643984,92.39954981045317,2.104407531706932,-0.0148907126190439,0.0234191689052478,0.0251141722866462,0.0207428403236524,0.5358837701686509,-0.0050263540257945,1.0,0.0078651636986986,2023-11-06,2.0,5,0.079569370192261,0.0104505533896293,False,False,False,0.0,2.0,0.5,-0.0013480928498514,-0.092494926032956
FDX,Falling Wedge,bullish,1,0.6486959172226325,3,18,744,745,2019-09-03,2019,2,111.36939009494318,107.75603944547254,118.59015670070744,104.16307943481178,0.9097784508531666,0.0335326972675076,True,0.0977774433088174,0.0807550397308429,0.0100571525126182,-0.036577186197546,0.0089438440322304,0.0417227074847734,0.0181653996178559,-0.0314153202185764,0.0646340168689172,0.1901751908086351,0.0199755707861606,0.0176879343662226,0.0084065454266886,0.0230930708216103,-0.0002766274077808,-0.0960679605182956,0.0288379209596134,0.0279086127305114,0.1058130837275364,-0.0184500891031833,-0.0242663246460218,-0.0205947794155997,0.0808888051769989,0.1044054005030132,0.0778650940493619,0.0166269001207055,0.0626648589146625,0.0361638600157854,-0.0701583757037905,0.0542836067620533,-0.0708019638571679,0.222795139017941,-0.1378247790151626,0.1941155546258222,-0.0512381060903239,0.0315001419034144,-0.0033454423296477,-0.0216475384009839,-0.0425083250503218,0.0131255922548758,-0.0327998617674979,0.0355671691335282,0.0191759937062088,-0.0175121664761621,-0.0489595963932834,0.0949442674344805,-0.0973573959512453,-0.1023176243619435,-0.0606681554402001,0.0552780397912395,-0.0246388186796208,-0.2991950732888156,-0.0243773733226179,-0.0230743917686329,0.0796568634181562,-0.1866376855659295,-0.0081914339230203,-0.1042521943324492,0.2691074379700109,-0.0783256162698444,-0.2234280000667193,0.107951394668299,0.0967568822291284,-0.1084608699796504,0.0424625339624789,0.0081266889533071,0.0883277704456999,-0.0416796563072298,-0.0755943130759248,0.0069652979905867,-0.0321633104528991,0.0264579457368066,0.0916619484670733,0.0230499031418893,-0.0518905481046372,0.0349198378910275,-0.1025550817984204,0.0356437480383264,0.1646528080234639,-0.0385196350438329,0.122985467785267,0.205531571888107,-0.1744736676158407,-0.0627785398500688,0.0679391475316302,0.0333933956446468,0.0698214078170631,0.1705863082208818,-0.0739309743309329,0.1609193752662403,-0.2467352916722862,-0.0158686583612334,0.0292063687658963,-0.047174970467211,0.1732612207857289,0.2186784268267265,0.0599524336539543,0.0673453214754224,-0.0205330749234975,0.3392356302294637,-0.0459859633419281,-0.1406468107264625,0.12913476616543,0.0281861971536658,0.1733345614116117,-0.0945176934245008,-0.1222760165947048,0.1242228411079473,0.1995596798409227,0.1463428855189157,0.0888425073130432,0.0031372248926815,-0.0746062861372617,0.2037827676381993,-0.0436161621773715,target,748,4,118.59015670070744,0.0648361870313602,0.0682716383481212,0.0020312435768637,1.0020060119962386,1.0550989378903837,0.0313917022119416,1.0020060119962386,724,0.5691785849391707,5,0.008421880292845,-0.0221366773026279,-0.1977147082832123,0.0,-1.1315668172491098,-0.5623882323099397,0.6593112766977735,0.081338543908227,107.75603944547254,104.16307943481178,118.59015670070744,3.1104886171129,-0.1148010211769895,-0.0416572169904889,0.0283195564999313,-0.1302687246679227,0.4371251034686057,-0.0177794802457545,1.0,0.0243817159578616,2019-09-03,16.0,6,-0.0036321971731554,0.0226488385773022,False,False,False,0.0,0.0,0.0,-0.0381836271604158,-0.1380926812116323
FDX,Falling Wedge,bullish,1,0.6612536652559443,3,28,1199,1200,2021-06-23,2021,1,218.830013250728,211.45947484675457,245.34186886166708,205.56834010763663,1.1684976396747224,0.0348555599568896,True,-0.0087220293158792,-0.0161827718068975,-0.0301403934698829,0.0240576785959982,0.0179806513111786,2.715359506133552e-07,0.00061164410153,-0.0344106630939634,-0.0431570359376679,0.1743467730034371,-0.0149018862985681,-0.0233225935199687,0.0306533271261741,-0.0534689825129682,-0.0432636949050482,-0.0609249871696653,0.0164818707550742,-0.0252976916835943,-0.0161127420912849,0.009350421146574,-0.0843106947556519,0.0510001402431579,-0.0034805999349198,-0.0256347883662971,-0.0398269693583644,0.0085105402377696,-0.0194530036349779,0.0132254907033821,-0.0141542687313059,0.0143208567173964,0.0157433026649771,0.1058345707356711,-0.0216610488951563,0.0356747410041513,-0.0059393207125653,0.02496651277941,0.1259630277733141,0.0153511099994325,0.0591033515091559,-0.0651293239809794,0.0055595585933214,-0.1825070043693758,-0.0088481000442788,-0.0122575640056865,0.0685197607619056,-0.0337759478215752,-0.0144039632840602,-0.0392811136711301,-0.0218405375599355,0.0202908436855575,0.0061594346116986,0.0361399721922963,0.0003525030829001,0.023657983079284,0.001409001103235,-0.0242041340202608,-0.0147586070621871,0.1284455148137271,0.0078570018242656,-0.0763436476721423,0.0668677317557198,0.0047759550477741,-0.0138905162703145,-0.0401176704769048,0.09632922697157,0.0842751540101423,0.0587389829153781,0.1576502117093383,-0.0394936834711173,-0.1109632313848151,-0.1461959799152551,0.2324232417505707,0.0752661352790633,-0.2261568399527239,0.0738686354662747,0.1467460496584804,0.0326808855653466,0.0380625547669577,-0.0134540430698968,-0.1927427760293023,-0.0366321273519431,0.0259677260827839,-0.1435770933879087,-0.0103967717043202,-0.0148805293262886,0.4424685044282099,-0.0144725503896746,0.0798006921185678,0.2073123486021881,0.1708847910727839,0.0318249360720814,-0.1562129198673776,-0.1495674842455042,-0.1917526866105664,-0.0863983256098666,-0.2084361247286447,0.2224643944161293,0.1004190227235897,0.1249390315350955,-0.1287481691264749,0.0063229062209597,0.2224817476738603,0.129308505996009,0.0473714236806992,0.0884365805046836,-0.1300889639253882,0.023080119430223,-0.2019535130350188,-0.0461656415696004,-0.399386034095313,-0.0002610202898554,0.1426791365271342,-0.0291332981137678,0.323188993274776,-0.1595735228199657,stop,1222,23,205.56834010763663,-0.0606026245947195,0.009579046781346,0.0725520205354837,-1.0,0.1580632331587287,1.1971762117676557,1.999133542568899,1170,0.7516230534183623,5,0.0731568120253762,0.0490485608210786,0.2632749741168907,0.0,-1.0177045395726818,-0.2660814861543187,0.2354216975494653,0.1439891063846984,211.45947484675457,205.56834010763663,245.34186886166708,4.86174020423413,0.0889399888801376,-0.00411118756389,0.0225404712817276,0.0963604394308867,0.2694886804548059,0.0077597760944145,1.0,0.0137302167531561,2021-06-23,25.0,6,0.1793360675972446,0.1278482356812806,False,False,False,0.0,0.0,0.0,-0.0118680649726578,-0.4537600809421849
FDX,Falling Wedge,bullish,1,0.6279129761995674,3,31,1251,1252,2021-09-07,2021,2,191.95540492706772,193.3927959921916,219.8853075082968,190.5169541262788,0.6460877415090023,-0.0074324953923408,True,-0.0305791526955724,-0.0156753512163169,-0.0256598284115383,0.0089438440322304,-0.0030325599221087,-0.0160523745532694,0.0258735776066449,0.0062541697830278,0.0009556128379151,0.0094010303432907,0.0306604803155394,0.0030572863466427,0.0303055971377887,0.0761904363046557,-0.0179682883714984,0.0461009563576311,0.0009127831521875,0.0097795909283759,-0.0008705695640701,-0.021962128841348,-0.0238084574056977,0.001895634766986,-0.0376279923377417,-0.0424687493429516,-0.0072699910200613,0.0634550649647331,-0.0723307313743736,0.0290545308959166,0.2043645220944485,0.0508160017492134,0.111114399577975,0.0143197814855795,0.0290064953153794,0.0097708346512017,0.0638038758093606,0.0302558295728856,0.012916365474072,-0.0594064530475549,-0.0248740945410794,0.0299646849064039,-0.0085380624207199,-0.0178455143856695,0.0339256427776584,-0.0293456030382772,-0.1787918638186577,-0.0570505346753764,-0.1480720178300484,-0.1116940241145764,-0.03151877615209,0.0673073412099172,0.0604115428075402,-0.0362077354063736,0.0550923315334286,-0.0468721257929101,-0.0262347311773163,-0.0185759565919552,0.1042650905288613,-0.0193103149048161,0.052578124527759,-0.0405896466251054,0.2135752201379617,0.0338460433224725,-0.0683679743222775,0.0480622864489275,-0.0264533903354307,-0.1168164638407835,-0.0982928845317613,0.0001719801539405,-0.1533755158795478,-0.1043874023848047,-0.1320876434293371,-0.0677045198281302,0.0731920482272707,0.1479211281734351,0.1242533541104637,-0.0154999657100431,0.0733331423621423,0.2533790903206987,0.2925337803030077,0.0586883623578686,-0.0267814183716018,-0.0284492090034783,0.0436715270282841,0.0127546214462754,-0.0211521193301594,0.2925337803030077,0.1276097363434849,0.3122301666219644,-0.0258258888199998,0.1111771050103396,-0.006272331927173,-0.1909670218656876,-0.1347387792687082,-0.1370746692675128,0.0522236003133493,0.2110634221913598,-0.2472988600575724,-0.2537559154642261,-0.0619572658666173,-0.0967546133644517,0.1363822834105332,0.1881612186830508,0.6543185875827398,0.0902004085130701,-0.0784130485758823,0.0765122819741281,0.1553509714001901,0.0033760053296552,0.1535048266220835,-0.02214247557926,0.1139791561129675,0.0488804071155586,0.4596580102299803,0.3177608078199865,-0.2297912696882404,stop,1252,1,190.5169541262788,-0.007493671779315,0.0001519208492374,0.0167521509172507,-1.0,0.0202732190188592,2.235506359311357,19.416654755178403,1218,0.8206069272319909,6,0.0814963704321525,-0.0115387695928186,0.0032417807082154,0.0,-1.3554208062472384,-0.5348138790152452,0.1793002269042268,0.0871920844227616,193.3927959921916,190.5169541262788,219.8853075082968,2.8520621011864336,-0.0501937887932363,-0.0637272897371306,0.0148359577083662,0.027606217302154,0.1541942908179138,0.0010150668933817,1.0,0.0211022116637393,2021-09-07,25.0,6,0.15305626028649,0.0832601710418523,False,False,False,0.0,1.0,0.2,-0.0662756967171281,-0.9870396537891256
FDX,Falling Wedge,bullish,1,0.6113910575745753,3,24,1869,1870,2024-02-22,2024,1,186.1917407691188,182.5667417658385,198.19512838218293,178.43530077122017,0.6856770655496411,0.019855746825617,True,0.0194079653795804,0.0217446680359074,0.0329152389037492,-0.026778905145597,-0.0055626619742301,0.0189294673891804,0.0534742022364669,0.0388646121224156,-0.0118166915375039,0.0199691571937663,-0.0464048609618605,-0.0330037227311172,0.0090692162508154,0.0325310109814416,0.0380044689034073,0.0171624248616995,0.0335552881791902,0.0083241042635691,0.0087506743860503,-0.0478049307139435,-0.0284993136357145,-0.0512706927255299,0.0163875610672676,0.0246079029321557,0.0137296628395344,0.0465431416490409,-0.0216125164843989,0.0471150063793455,-0.0564878431961832,0.0268650602596973,-0.0297728612888719,0.0059385658463173,-0.0475152372753613,-0.0030013892341754,0.0168018979073754,0.0060002953885891,-0.013639814132717,-0.0118768144739486,-0.0943684472847512,0.011756402910606,0.1077274904631699,-0.0014798968295591,-0.0515827124878814,-0.0331382999242083,-0.012153457310104,0.0300019743880567,0.089916450234764,0.0613413479817777,0.0603042510327052,0.1707387278944898,-0.0328074520937374,-0.0606681554402001,0.1081204840726657,-0.0225354812290404,0.0171797364855224,0.0594008234536429,-0.1192377475478164,0.0219270273563589,0.0314014213906199,-0.0038475186270642,-0.0636750117032695,0.1222805603976966,-0.0564540704670391,0.0748302646905036,-0.1271489984165652,0.0488411454963451,-0.1024741649606103,0.1084664955267975,0.0781843333691637,0.0987230961400655,0.1234085282234916,0.0391537567300734,0.0516634828789186,0.1276097363434849,-0.0502876309444809,-0.0843483802191673,-0.2500875138251169,-0.0851975503198791,0.0415684015397292,0.0230499031418893,-0.2517358533221007,-0.0402460809942798,-0.0506615769392233,0.2778263082730967,-0.2314239523896067,0.0196050741829574,0.0569397989053659,0.0665662157307094,0.0171502779462264,0.0469105158135234,0.0182558039779301,0.111607559314563,0.0586409373497915,0.0157855853594015,0.0189136472909958,-0.1034314272630575,0.0447607510352934,-0.0291020124505049,0.217727209694073,-0.2843830213756607,-0.0151161791073747,-0.0977373102724712,0.0581832996295219,0.0320052587246864,0.1225943401397191,0.217727209694073,-0.2052843839940662,-0.0205330749234975,0.074116945103154,-0.2472988600575724,-0.1067665495789987,-0.140922559670871,-0.1358501160863052,-0.0612715012451903,0.0917243540854942,target,1888,19,198.19512838218293,0.0644678843620059,0.0706983841373605,0.0211275319253196,1.547538254188269,1.6971001149580534,0.5071620419156379,1.547538254188269,1844,0.6453411965816882,5,0.0221829093088914,-0.1115290018573744,-0.1166168618020927,0.0,-1.026368124553391,-0.3810269279716954,0.4204372377312306,0.0752552469759989,182.5667417658385,178.43530077122017,198.19512838218293,2.9585075562765684,-0.0151292655151142,-0.0237778669235361,0.0158941308486778,-0.0480825542751315,0.94853140816341,0.0030236770294653,1.0,0.0455510217299783,2024-02-22,57.0,6,-0.0088194570903515,0.0114291071540335,False,False,True,0.4,0.0,0.0,-0.009774611659123,-0.4941095480882095
FDX,Falling Wedge,bullish,1,0.8000734306982011,3,34,1925,1926,2024-05-13,2024,1,204.74940492093967,200.56971316540265,223.34212682213703,195.90893169030937,0.9299748173036884,0.0208390972374292,True,-0.046815367881466,-0.0639901808808207,-0.016545413818969,0.0174306354951121,-0.0434673646149457,-0.0170614347707658,0.049176958861419,0.0543419980487616,-0.010259764949094,0.0492887785776052,0.037121231401678,-0.0419475293611417,-0.0211063561481561,0.0281607492835354,0.0461009563576311,-0.0734735970803102,0.0524642762558875,-0.0314076984600204,-0.0182095068741429,-0.0257270154042713,0.0279573597042275,0.0351013605791454,-0.0517122990356252,-0.07177613646891,-0.0884712534617992,0.0487075343311333,-0.0354652674743349,-0.1088973207012202,-0.0407443091426591,0.0281655073225595,-0.0925683294210999,-0.0030272042058114,0.0529833983541114,0.0077694895923756,0.0627190860169497,-0.0258422937124589,0.1052897334247378,0.0589879415676266,-0.0361479806026098,0.0472885217409599,-0.0506330955163378,-0.0015822935493553,-0.0103520220130484,-0.0128273605967385,-0.1554795798596683,-0.0636933442466655,-0.0553477199985784,-0.0857443646746324,0.0183501855559895,-0.0737936205610831,-0.0143849559564531,-0.0309133913423452,0.0105348192522269,-0.0393040781476216,-0.1378123040751038,0.0312212922743282,-0.0842175641679116,0.0654585876914699,0.0280415803621343,0.0596892235176982,0.0681575720638871,-0.0100239411147871,-0.0335499034736388,0.0624679768866947,-0.0879057665654182,0.0732251343804561,-0.0524005785743928,-0.1230710520247378,-0.041836180797648,0.1270806322207602,0.0557611549129073,0.226007619567073,0.0587398260855993,0.1111771050103396,-0.0866803177384918,0.0169462746761688,-0.1933246710705741,-0.0015108325975029,-0.0236413957765943,-0.1195823485513688,0.0877160128327949,-0.022852839755567,-0.0223186977384016,0.0449917274224738,0.2820534222760202,0.0951855873749345,-0.0765089500876773,0.0245606667260784,-0.003514186661311,0.1454481152852584,0.0070662664778924,0.099582713032903,0.0483649497895195,0.0267726754467747,-0.1224488332200056,0.2279861303663446,-0.1145105251963396,0.2217411893448524,-0.1254576406941002,0.2342341335556874,0.7773495821804512,-0.1483847272234255,-0.0024716057540535,0.1682924112388324,-0.0132647609885129,-0.0070543890367028,-0.1072100696517636,0.0463869454905125,-0.0974810438324488,-0.1438846599658448,0.0587926923868169,-0.0543008530471025,0.0213524680473193,0.6420763169247898,-0.0247221882567457,stop,1930,5,195.90893169030937,-0.043177039923725,0.0015342666345798,0.0492104139993711,-1.0,0.0355343172503314,1.1397357041220175,2.103136496899004,1890,0.6730963171503799,6,0.0525991104243216,0.1841490064753113,-0.5049722785204265,0.0,-1.3098301604293987,-0.6367338432790235,0.3982790376462015,0.0751110899897133,200.56971316540265,195.90893169030937,223.34212682213703,3.214298720908159,0.0475118063262192,0.005689675075591,0.0157181072106893,0.1174155048431477,0.5636368852929468,0.0011289170415189,1.0,0.0326293635692926,2024-05-13,57.0,6,0.0571705139219549,-0.0151230728262194,False,False,True,0.0,1.0,0.2,0.0024452032782101,-0.2419740654906564
FDX,Falling Wedge,bullish,1,0.6406103121931358,3,40,2101,2102,2025-01-27,2025,0,218.6056587117248,213.43302753160287,239.1118845238352,204.4259087827296,1.014970660425422,0.024235383061115,True,-0.1197238408950026,-0.1149787390782151,-0.0030360187033759,-0.0007160919682459,0.0395270245461474,0.0380569918620854,0.0218779678846376,0.0287758733215222,-0.0534066250617443,0.0003418178871732,0.0020280259095735,0.0272909677633148,-0.0082992221433823,-0.0136146191768679,-0.0049869042909076,0.0280978723401184,-0.0510527782721158,-0.067313355732144,0.0277295968859985,0.0279573597042275,-0.0586514565096697,-0.0668663893483824,-0.1154108427399007,-0.0809665427207664,-0.088009128563405,-0.0592276299861973,0.0535071039522043,0.04054633622383,-0.0375643239653586,0.0657599175393306,-0.0321992942433925,-0.0797175139841949,0.0650509487535906,-0.0052500947991539,0.0469170573546084,-0.0225845489667005,-0.0137062579967054,0.1667041667133748,-0.0393491235115345,0.0288680383942736,0.0357889011964547,0.0411663271572451,0.0218015862632141,-0.0222070386974356,-0.0374602400054437,-0.0918087585903668,-0.0871947036864631,-0.0765722439550107,0.1137740267502394,-0.0377452565787599,0.0889659724253726,0.1883243449944025,-0.044972143952896,-0.2099306668571903,0.0594008234536429,0.0906107443592667,0.0375250689985353,0.3427171523658583,0.1389291520669227,-0.0553477199985784,0.1068982597518173,0.0003829000727031,-0.0650545394078151,-0.0106014397028536,-0.0398406370828258,0.1122070277094042,0.2164726996904995,0.1118868434722613,-0.1444248343129634,-0.1373502874815395,-0.0983423895559951,0.1214213674938478,-0.0327149304458964,0.1071668221551143,-0.0160271073028315,-0.0280588215075959,-0.1105242854121691,-0.0521719932369981,0.1406300227525727,-0.20769343583088,-0.2319698277759095,0.006674642059242,0.0072696446916808,-0.0429737351188388,-0.3260412954131271,0.0951310557488969,0.1894957960173364,0.0758167711641133,-0.0480176982662289,0.0954589536675827,0.0217368756279805,-0.1255807285349341,-0.2448101453198513,-0.1389372364380178,-0.1057059038340382,0.1890698341857188,0.109368104369304,0.1159808921030516,0.1013633454644777,0.1055561174327246,0.0376490775362983,-0.1039519668352139,-0.1141951819164507,0.1018975491135742,0.0214014505589612,-0.3255883370829483,0.0396051781621249,0.1954637365814597,0.116942963931143,0.074116945103154,-0.0814967069309109,0.1515910869664591,0.1711004909311682,0.2043877026039191,-0.2950379642420502,stop,2106,5,204.4259087827296,-0.0648645145444016,0.0003203201449222,0.1219303635051804,-1.0,0.0049382955715026,1.8797699229170268,1.446162726056166,2061,0.514457231299178,7,0.1600766677760093,0.1530759753923756,0.3718805002427485,0.0,-0.8853423130940522,-0.370885081794867,0.6036318469400953,0.1012883644433933,213.43302753160287,204.4259087827296,239.1118845238352,3.7844718652569673,0.0246009323529123,-0.0015666336048011,0.0172780449897733,-0.0478342027998797,0.9540951177165716,0.0020125349465414,1.0,-0.0032097241768145,2025-01-27,51.0,6,0.0365581469636295,0.0411909866629049,False,False,True,0.0,1.0,0.2,-0.0030558785999961,-0.2145410643971491
FIS,Falling Wedge,bullish,1,0.7387969789372332,3,29,769,770,2019-10-08,2019,2,111.72179844641003,112.07277375068584,123.39004913975646,109.30610316918016,1.1477893738279312,-0.0031316732202645,True,0.0182473190985867,-0.0097151045792585,0.002077941037001,0.0234069262070564,-0.0194859112843609,-0.0075823732036741,0.0552786099492035,-0.0009734401207112,0.0056105382858191,-0.0277635428707213,-0.0303665374729377,-0.0035402316963335,0.0063304469656659,-0.0138928828451443,0.002126744906876,0.0233522333382589,0.006926700665631,0.0437188262330081,-0.0416583566597993,-0.0337906710979553,-0.0069429072337359,-0.0161495800361008,0.0199131924452345,-0.0382579818195696,-0.0666671860937651,0.0492167544285206,-0.0397374948613341,0.0313286761190836,-0.0338379112936136,0.0707522173740087,0.0145355253126138,-0.0353246941108887,-0.0532188417572299,0.0040064943997113,-0.0132830351531575,-0.0152614394805734,0.0372348864897382,-0.0259880849646091,0.0205589310238558,-0.0253751330046763,0.038490482095735,-0.0250435592402887,-0.0107871235834722,0.0477898394814739,0.037285936758415,-0.0419251031212352,0.0134940479041354,-0.0424991427558594,-0.0051464784789088,-0.0220599033274883,0.0715333080447058,0.011392696491415,-0.1287975237064516,-0.1826482160862652,0.0271258753188325,-0.0598151602753423,0.0800336473498248,-0.0874879697977433,0.0274080595825549,0.0777899450613233,0.0069490768088908,-0.1094031219332103,-0.036411882789628,-0.0965208380242825,-0.1121725282139777,0.0211766736876628,-0.0148235287097024,-0.1406173627113429,0.0471188094895921,0.0407116727923679,-0.030517997510731,0.0274482572442222,-0.3614309939662578,0.0624691995263604,-0.0008249485226574,-0.0375532128490547,0.0150902019942475,-0.0010175220693684,0.0462741298038515,0.112926545919932,-0.0704348612939854,-0.028549895845584,0.1422082009598917,-0.0096536423667337,0.1358010761900159,-0.0699202214174954,0.0731878216561394,0.0172314588213093,0.0278998248120982,0.0139605925178774,0.0986299485347328,0.0310245748098908,0.0686194968324189,-0.0457231702811358,0.06456355693505,0.1774176574656649,-0.0277118627908405,0.2170845850498806,-0.1584757458701328,0.0285746350797517,-0.0098658875453919,-0.192661313720547,-0.0620355416977683,0.1188150021647911,0.0061992675331572,0.1377917149026226,0.1762796198837595,0.0268904889664964,-0.096181528539065,-0.1264561944208916,0.0613370007957096,-0.100748561410334,-0.2695497626305693,-0.0334937882232678,0.0717308297360152,stop,778,9,109.30610316918016,-0.0216224166708935,0.0239974470204525,0.0253776455424933,-1.0,1.109841114696306,1.173672949178466,4.830183178867927,738,0.6877679292448955,7,0.1248911678505758,0.0366973399299819,-0.0653314566105605,0.0,-1.1361545807305693,-0.4483866514856782,0.4038416162256359,0.0837216848458138,112.07277375068584,109.30610316918016,123.39004913975646,2.16160290912234,0.0946415345931981,-0.0303867223441924,0.01948251851356,0.1449821748003326,0.3322673270705495,-0.0052842992186379,1.0,-0.0277314775239254,2019-10-08,43.0,5,0.0703265655327745,0.0646876863782646,False,False,False,0.0,1.0,0.25,-0.0031075857463097,-0.4023558906185278
FIS,Falling Wedge,bullish,1,0.7864892039029523,5,45,1209,1210,2021-07-08,2021,3,125.7454616780684,126.180794267407,135.70281688353404,123.15593802254833,0.6827144233981361,-0.0034500701304513,True,0.0303723868855581,0.0252398926966956,-0.0121981872328477,0.0049794899149937,0.0008649797180337,-0.1156012622404784,-0.0440110949836276,-0.0154749631612787,-0.0137487884595287,0.0182473190985867,-0.0065106771534223,-0.0180125143371775,-0.0203476046393272,0.0308737581610329,-0.0178437286977624,0.0013147518612013,0.0781046134293608,0.0747126414025518,-0.0518635372575618,-0.0021142767796045,0.0087636488397684,0.0276635817884212,0.0339824794219914,0.0131752019718052,0.0064010102660716,-0.0211180502755732,0.072511087338039,-0.0088800562828753,-0.020234452144433,0.0592471450977774,-0.047675038539179,9.361963329190814e-05,0.0310377134524668,0.0313818200128497,0.0361781877833076,0.085621105743328,0.0021392608486319,-0.0900496881209794,0.0063696854159884,-0.0477688044581228,-0.0301094782238471,0.0717829338533253,-0.0565791326111748,-0.0048700888660829,-0.0373610980819034,0.0115893683930634,-0.1018651122572006,-0.1232047927979541,-0.0150010765994207,0.045395115444504,0.0708572779928853,-0.0386806114000405,-0.0797752419147879,0.0969971399015938,-0.0318427012818062,-0.0534723569292416,-0.2109064621355023,-0.0179946008900537,-0.0312497579586402,0.0243252185419258,-0.0149803327416399,0.0719017134107473,0.003026874165559,0.0325485768349347,0.0379629987396477,0.0419070485605066,-0.0890052651238593,0.0522965648605824,-0.0965806183310953,-0.1203105293663487,-0.1680762027321275,0.0999151885478548,0.0405168433189271,0.0524954231750747,0.009991703744955,0.0397135994611617,-0.0704392228675677,0.060120869022731,-0.1317950950773703,-0.0005655113969589,0.0842994856782601,-0.2016573326354213,-0.0147492625718796,-0.1808744573394564,0.0085711473328153,0.0100156310263308,-0.1684148470476563,0.0203378935596125,0.0656647369192844,0.0342827714651106,-0.02660840457133,-0.1068515873535726,-0.1426327895508466,-0.1498026283198955,0.0879951619215759,-0.1571281516652145,0.1396288807210948,-0.1025812650608178,-0.1200365346425812,-0.1328690720084517,0.087479654313834,0.0338623185407203,0.0115732785688005,0.0907506798374655,-0.18730210252864,0.1252207503299478,0.0812081886055373,-0.0117527952387184,-0.0088091884331881,-0.0923432118927799,-0.139785982632497,-0.1690226709341291,-0.0059116951576897,-0.1790873752823782,-0.1101872329189412,stop,1226,17,123.15593802254833,-0.0205933766591889,0.0554055820420322,0.0462519994748662,-1.0,2.690456400568476,2.245964818704379,3.8452458946415207,1161,0.6556131724516834,6,0.0310259725124507,0.1312198030602072,-0.074117167956251,0.0,-0.9441963267856204,-0.2885831543339393,0.4574990187921836,0.0711760461677538,126.180794267407,123.15593802254833,135.70281688353404,1.878462044352084,0.0068397030914113,-0.0277873120556143,0.0150492267426858,0.0429842046213964,0.2710819009100036,-0.0105066996142481,1.0,0.0253286838289359,2021-07-08,44.0,7,0.016889111748396,0.0241797163192722,False,False,False,0.1666666666666666,2.0,0.3333333333333333,-0.0131467681590687,-0.2463001196566998
FIS,Falling Wedge,bullish,1,0.6684306749474894,3,38,1265,1266,2021-09-27,2021,0,108.1861336898068,108.45211683661222,122.57716704609828,106.0584764683405,0.7117597653226061,-0.0024525399278848,True,-0.0215845685962542,0.0035467463597044,-0.0191330064863833,-0.0151085415200717,-0.0042307541611474,-0.0260746710649492,0.0328573587615155,0.0070887851734746,0.0002212506416343,-0.0009422288995977,0.002005960029084,0.021404087920221,0.0026787680196109,-0.0727722340655843,0.0001804244634313,0.0062234070546949,0.0210227618073426,-0.0305356969118364,0.057462609870009,-0.0578589923006379,-0.0305398417408857,-0.058797592294987,-0.0133421613110011,-0.0632985169060589,-0.051926764334473,-0.0232462760091595,0.0260972367613685,-0.0152614394805734,-0.0119355653595492,0.0495165976433424,0.0113398745065953,-0.0181498234023267,-0.1548697493217594,-0.0191168328833684,-0.0352202460537267,0.1222789305377858,0.0013449763939226,0.0131752019718052,-0.0029837097091965,0.0706970528822372,0.0011497598218115,0.0376101385461549,0.0544103419757593,-0.1150058124067593,-0.0182705913771398,-0.0619765201579201,-0.0101861180294678,-0.0462568337861711,0.1937763628246549,0.01000525376204,0.0242586938053548,0.1186092355701304,0.02359254126433,0.0199316507808515,-0.0308794283424407,0.0644282667132285,0.0917721078889315,-0.0449004619093755,-0.0550907803149454,0.034842012438164,0.0488946817449491,0.0342143558415075,0.0180804888604253,-0.0038986310490136,0.0869244304976422,-0.0146025312149907,-0.0039669893416305,0.0966621514983592,-0.0458187885953765,-0.1278900423755227,-0.1912983753236419,0.0367087855510701,-0.0039364909843759,0.1762060718635838,-0.0223930097327982,0.0597083108111313,-0.0059108847455709,0.0721716904469758,-0.0280254416730542,-0.1552091882728611,-0.0251984234616338,0.0138534322896717,0.0313262646577721,0.0578230865335742,0.0164943302989963,0.108104317111215,-0.0166210834804296,0.0422730114406768,-0.1325760289292097,0.061360835122004,-0.0558684391065409,-0.1394045996625325,-0.1082478277375365,-0.1650988663452788,0.2273601182894453,0.110655386643228,0.0626688217754487,0.0392911604439298,0.0477376939152232,-0.0500382654515879,-0.2033902425388265,-0.1568842843895788,-0.0713289138019668,0.342272301254116,-0.0405255568326411,0.184254541334321,-0.1981956387814644,-0.1864657265622238,0.1760921574609653,-0.1507189845006161,-0.1219004387048472,0.025575940026554,-0.1222566680962309,-0.1313588304515557,-0.0973900562891211,stop,1268,3,106.0584764683405,-0.0196666351675599,0.0054161982455311,0.021503780102879,-1.0,0.2754003518845528,1.0934142988704805,6.763793157609186,1227,0.7343168985687872,7,0.0801008472469016,-0.1098974212694265,-0.1632133524823968,0.0,-1.1019414777743668,-0.3676245792055785,0.2542985642494565,0.1038344105573885,108.45211683661222,106.0584764683405,122.57716704609828,2.241783309512212,-0.1083758561114323,-0.0577789302944657,0.0206182001603638,-0.1315546282114057,0.8793109344951031,-0.001065215981909,1.0,-0.0137522113086436,2021-09-27,44.0,7,-0.0350536853292475,-0.0228686640920355,False,False,False,0.3333333333333333,1.0,0.1666666666666666,-0.0234715917915558,-0.1444426407137541
FIS,Falling Wedge,bullish,1,0.6172349410181477,3,38,1757,1758,2023-09-12,2023,1,51.64358349037367,51.02736330834648,59.657100509615134,49.11063765484275,0.910499692991433,0.0120762693205116,True,0.0396357842895427,0.0440024152888034,-0.0151778755368142,0.0538181428935817,0.0290826244584319,-0.0267546302118594,0.0079132303595026,-0.0392133194474122,-0.0300001879585696,0.011902190485648,0.0086967979905334,-0.0083808815274407,0.0356032174539884,0.0467942853911713,-0.0141464768437423,0.018320884143208,0.0106966978237792,0.0159317724783334,-0.0004295711585743,0.0421261139721083,-0.0041993902355945,0.09884325869452,0.0275644401283027,-0.0073202204061608,0.0348962400185877,0.0448963687893977,-0.0357030850201695,-0.0062262576281744,-0.0199522801499968,-0.0008969723845895,0.0147274602299993,-0.0777284823625724,0.0507117851790888,-0.0159113936246643,0.0125687838012595,0.1003567754682459,0.0408685808429953,0.0413082089275973,0.0145970612396444,-0.0078342369322789,-0.0388705401537624,0.0332712538091293,0.0169182230166982,-0.040336726875395,0.0978259004868504,-0.018549741739126,-0.0519551384522507,-0.0292145433233038,0.108520087264432,-0.2477629271671931,0.009057604294115,-0.0038986310490136,0.0937324968313733,-0.2701321187454182,-0.0896824421634941,0.075303524816209,0.0043173850066353,-0.025094570690062,-0.0365008155517923,0.0077909561435038,-0.0007445814717387,-0.0394848378525307,-0.0038986310490136,-0.0924222957781714,-0.1011035788475358,-0.0169461355466641,-0.0606844803240296,-0.0459740477762846,-0.015174736469417,-0.0876629251574195,-0.070297381484058,-0.0916483011940557,0.071347270082432,-0.1041368111441874,0.1111332865811458,0.0614249896307788,0.0552553364236458,-0.0952330268589121,0.011267507321468,-0.0929550437991149,0.0777957013464576,0.1164960140653654,0.0312294910203572,-0.0144775324897042,0.0477535753938618,0.1295334806205643,-0.0325265574315891,0.086636214182739,-0.1217677330601848,0.0681326139401627,-0.0944239320274178,-0.0987047522876102,0.0526691183116856,0.0299358808173522,0.0254297603637236,0.2045761289597294,-0.1140986455960807,0.0519937981682681,-0.044114005995917,0.0023476182930137,-0.118004059811642,-0.0480765555009856,0.0328643812989279,-0.0574450473621656,0.03504634590169,0.027710421239699,-0.2233003949967258,-0.1320749636271493,-0.1565748683522403,-0.0452265892945418,-0.1603857846980109,-0.0818397249756268,-0.0133701763598642,-0.0278830941614159,0.0947903911370513,stop,1772,15,49.11063765484275,-0.0490466707447414,0.062845741219144,0.053026218399593,-1.0,1.2813457114391822,1.081137977245444,3.163714322995687,1718,0.6720893772649399,5,0.1476594984433782,0.127806795859692,-0.2522788855842598,0.0,-1.2393979287342367,-0.5673085514692954,0.4095869583714219,0.1200263407569569,51.02736330834648,49.11063765484275,59.657100509615134,0.940793722444127,-0.0636391238826074,-0.0282765376617013,0.0183118609844796,0.1398038461974635,0.4000008030935094,-0.0025215843779402,1.0,-0.0047309441211348,2023-09-12,49.0,6,0.2401839372278282,0.1024249339540182,False,False,False,0.0,1.0,0.2,-0.0091456055994757,0.4880129359498804
FERG,Falling Wedge,bullish,1,0.7004804553740974,5,37,1373,1374,2022-03-02,2022,3,138.07316735847664,137.31418246340013,166.128408332994,131.8721311751034,1.6592946802151822,0.005527359821545,True,-0.0130059870897805,0.0166442599137247,0.0051022986022239,0.0400515460467254,0.1122943580952673,0.0500050257232933,0.0,0.0,-0.0137052980959163,0.0247730225763798,-0.0459564657540192,0.0,0.0055715134187657,0.0283060467390809,0.0653523202402257,0.0007988829298397,-0.0006746914914627,0.0178666989764479,0.0182846789131443,0.041312275788885,0.0717818722058005,0.0288760833386196,-0.0355079955024455,-0.046742310691265,-0.0357313880565476,0.0373311125561373,-0.0027434617889825,0.0115163954292336,-0.0240454363195479,0.0254098666490327,0.0381633996498589,0.0310456965962058,0.0373059177014427,0.0592940221654592,0.0753304333414617,0.0787882103516313,-0.0078235273117422,-0.0306407363051705,0.0114842994994157,0.0033327102180382,0.0381819279645128,0.0,0.0212071804527087,-0.0026019297586158,-0.0042017739064861,-0.0665590260504946,-0.089673261129287,-0.1342958614895822,-0.0844163896638456,-0.0873899696966892,0.0573448498653392,-0.0287136897292908,0.0065574230757721,0.0435459603942536,0.1779879685177059,-0.0754024679662012,0.0440223005176647,0.0302788815244314,0.0912421827887308,-0.1337636094824225,-0.0266489805803219,0.0040703854111638,-0.1100019609337554,0.0181295042244651,0.0288392331708828,-0.0207004837867141,0.1193004051715598,0.0615534960658934,-0.0954650130737181,-0.1526857959863139,-0.1269609310656493,0.0248039987040951,0.1772392335531873,0.0713142031709572,0.0428534950373491,0.1370610654926862,-0.0637139516735924,0.0074040129652213,-0.0335906264195723,0.0661792528384557,0.2966799056018343,-0.0655631176746617,-0.039873564171929,0.2928914774607691,-0.0252617337528183,-0.0555248757025707,-0.085745576500132,0.018417645212891,0.6835472691811673,0.0877757515859611,-0.041647745311913,-0.2274481019661832,-0.207929534240517,-0.1309642548139198,0.0400568823536342,0.0559214821851288,0.084887321832052,0.1512008352978373,0.2325786903679196,0.1020643458483046,-0.0187181946037322,0.0161055496300828,0.0562298431492718,-0.2380123025367219,0.1131185582255163,0.3308975556185836,0.1301214477645771,0.1121400832069929,-0.1416089062439566,0.2011549496973077,0.0541175882135751,-0.0780539912507752,0.1422697066049998,0.2872556494649965,-0.2896158889817968,stop,1376,3,131.8721311751034,-0.0449112329499447,0.0053475774217068,0.0946064726969948,-1.0,0.1190699312946261,2.1065213863631262,4.524282739994568,1333,0.7503503016212971,5,0.1231812076171877,0.1633190381972638,0.0713763346497,0.0,-1.035627335376156,-0.2852770337548558,0.2606724404614962,0.1592711977284843,137.31418246340013,131.8721311751034,166.128408332994,2.8173536542725617,0.0271881421994784,-0.058813677436459,0.0202232099756316,0.0697458366072054,0.917972009632122,0.0025851527400817,0.0,-0.0332485259432062,2022-03-02,10.0,8,-0.0929110956188111,-0.0759493440682148,True,False,False,0.7142857142857143,0.0,0.0,0.0026388850702607,-0.3517266267397725
FERG,Falling Wedge,bullish,1,0.7187489435985271,8,59,1657,1658,2023-04-19,2023,2,125.59139248861824,122.86860644885805,148.26340059024767,115.24254432883085,1.0396220839196002,0.0221601442260479,True,0.0053335311939231,0.0219917581596325,0.0073334059838701,-0.0331707322560854,0.0023509128456804,0.04096656945952,-0.014239853518527,0.0076434576480808,0.0165390935753513,-0.0375603639404937,-0.0050543921830775,0.0,-0.0197561244919596,-0.0158607373668616,-0.0516159941116134,-0.0162280918261662,-0.0941635401245537,0.0132781076277812,0.0375904070667161,0.0233432134466349,-0.0362265652671249,0.0057821532375395,0.0137859849036875,0.0479266339647768,0.0556843488929377,0.0335821763485533,-0.0113287167239763,-0.0013212706393977,0.0202532246525182,0.0338953990170758,0.0037563260597934,0.0107011281861491,0.0634876283061731,-0.0108713599800747,0.0263884833713738,0.0789247029209634,0.002042202387213,-0.0055602208337204,0.0479395518379122,-0.2147418140423845,-0.0032489733070414,-0.1019465507444206,0.0,-0.0335429047608735,0.0314348724437374,0.0494344397397981,0.1021636832401566,0.0923875912589773,0.1101859182864857,-0.0338316836224694,-0.134594870194729,-0.0598845352279996,0.1152425628273152,0.0241566898878973,-0.0277848690576842,0.0823586674007004,0.0241446946685133,0.077854743724451,0.0577467194537573,-0.000625717051837,-0.0139399430510342,0.0084305443481682,0.1181024886429091,-0.0990193455142818,0.1175371180885456,-0.0274414357418868,-0.0889980473158335,0.0345656701987062,0.0879534147026719,0.1466576438607947,0.0703219002298878,-0.2168825593345712,-0.0348547262441761,0.1067489367831031,0.1611880919197961,0.0951098662874325,0.0560960377897232,0.0878370101667038,0.0619221418156825,0.134940988525996,0.1083585733471881,0.057150335852032,0.0868835977742934,0.1073599107366489,0.0102285965293034,0.1548556441224122,0.0045923008207084,0.0909993850858763,0.2264479373383174,0.0611225261282861,-0.0218902439264815,0.0797469262848809,0.2047156051247891,0.1042690019888319,0.0916689734882576,-0.0785779492981135,0.3008276349947121,0.0807060673515223,-0.0167282885312366,-0.0396365110111066,0.2703204875847809,0.0157665336489518,-0.1032900638487838,0.1110153698964424,0.0651430441615208,-0.2577240620762714,0.0331147849702824,-0.0208645366852677,0.0581891743893625,0.0187296254948401,0.0213116455412729,0.1676301654335228,0.0584159757193525,0.1531544741292063,0.1582569778571267,target,1707,50,148.26340059024767,0.1805219900216019,0.1969391948890962,0.0001501578606151,2.1907759928033546,2.39001165538572,0.0018222834576934,2.1907759928033546,1596,0.5929294207134443,5,0.0073524795558529,0.280597829897941,0.3105792232135909,0.0,-1.0169012528137051,-0.4239718321002596,0.5150286920572622,0.1733110389739988,122.86860644885805,115.24254432883085,148.26340059024767,2.360634622120839,0.0894587605668943,-0.0188710527157281,0.0187510750014043,0.27632614901821,0.7958575607642082,-0.0134228320967537,1.0,0.0381790281117924,2023-04-19,42.0,7,0.2296473538465624,0.0664571394392004,False,False,False,0.0,0.0,0.0,-0.0192459547483838,-0.5737059001487962
FERG,Falling Wedge,bullish,1,0.6981812028525807,5,53,1966,1967,2024-07-12,2024,0,196.4046694759129,190.92714079033908,219.7322332000449,178.48816326920723,1.6295221732365146,0.0286891044557608,True,0.0178666989764479,0.0410683070456585,-0.0092017922579296,0.0485786683961162,-0.0039293979336239,0.1201917485366614,-0.0017827701437245,0.0031960981207861,-0.0263320200038595,0.0,-0.0141532893319086,-0.0185469978613446,-0.0134516903104739,0.0350437423318705,0.0003449930507777,0.0341033463968087,0.0262321318346081,0.0039636215455558,0.055429118673614,0.0,-0.0024444173484752,-0.0247524758707801,0.007242268085214,0.0726942490013771,0.1039915967278957,0.0327826224467291,0.1115979612712767,0.0137652066532694,0.0451070769364925,0.0432541476575651,-0.3535518493597596,0.02391633968401,0.0167586519281706,-0.0077501861914544,-0.0160557265908002,-0.0077013214304318,0.0328053562697692,-0.0321030217038538,0.0,-0.0120459665654146,0.0751790767458535,-0.0138322033556641,0.0057364319137771,-0.0058918619016988,0.0838606944155284,0.0709026775602088,-0.0258675711459713,0.025802416834565,0.1270878766968413,-0.0239181134369653,0.047394105307009,-0.1108143839816382,0.1048449734001086,-0.0309931164801798,-0.080659187299718,-0.0278599858522985,0.0461844450435686,0.0577467194537573,-0.1205041058166973,-0.0590520518672071,0.0580675330757447,0.0582350108749454,-0.0153348386161796,-0.0315824424537189,-0.0269151714389521,0.0309473150513071,-0.0137734111433436,-0.0979031406608744,-0.0204274726387468,-0.0876651299003012,-0.0598731493998927,-0.1506762891538557,-0.0672729493573426,0.1520216055869594,0.0149590951115052,0.0068484908343007,0.0972021906380116,0.103146827111775,-0.0720567960408589,0.0653674956572578,0.0630214103395492,0.2511168851177872,0.0573900669297662,0.2893868194433864,0.1481353892748744,0.0261516588060581,0.0335567803071332,0.1482840744360287,0.043511530196066,0.0127535227640867,-0.0439938988385971,-0.1466078253584958,-0.0394860273705202,-0.0528512069155298,-0.1319682591752957,0.2367876419687653,0.2755073110385684,-0.1006415999595382,0.0165385988197568,0.2237489380676276,0.1765397204067587,-0.1941233052580367,0.1974562454600998,-0.0147454436816837,-0.0098209133095686,0.0518393632587557,0.1185023435678302,-0.0403892685733944,-0.0186133569530255,-0.000625717051837,0.3409313197419759,0.0234834795272405,-0.0488074968670192,0.1277906920720151,-0.1009555420255199,stop,2008,42,178.48816326920723,-0.0912224045106164,0.1074951011423044,0.0986599561472046,-1.0,1.1783848684869311,1.0815320718247734,1.3020152174200754,1913,0.3945062715952329,5,0.0020513582365889,0.0573038238777927,0.6023002681674781,0.0,-1.0963004483053491,-0.7017941767101099,1.2000272005621628,0.1115684951323081,190.92714079033908,178.48816326920723,219.7322332000449,3.774916994997812,0.0701872185016116,0.0018659533641316,0.0191946594952977,0.0984541604628825,0.905249132047896,0.0113038035036707,1.0,0.0377504729837692,2024-07-12,47.0,6,0.141021294783882,0.1233805840326314,False,False,False,0.0,1.0,0.2,-0.0238585484470931,-0.6366834292390001
FITB,Falling Wedge,bullish,1,0.6883710533386648,3,26,686,687,2019-06-11,2019,0,20.595387041202105,20.343736076714823,22.039316853581116,19.74133925427097,0.9494364036398948,0.0123699483486376,True,0.0231192536303201,0.0100924386402354,0.0166086613501854,-0.0098060658666481,0.0236326332366605,0.0108794971608587,0.0054333959948507,-0.0439271115469218,0.0262117055931196,0.0913829632277289,0.0232049501143238,0.0799878449991009,-0.0077571198900296,0.0434094435811653,-0.0045564472558453,0.0180086434432871,0.0216670859223169,-0.034610911093156,-0.0049415907102641,0.0189479828776133,-0.02665791849646,0.0159546940808346,0.0099656367941841,-0.0058718081480784,-0.0181162352024855,0.0599851296773852,0.0788747442759463,0.009988755003663,-0.0215228137011105,0.0293128434353149,0.0559218734498194,0.0002471530454843,0.073437404220827,0.0374918632155893,0.1319258198687536,-0.0733334383012614,-0.0826118004395223,-0.0473390544043138,-0.0090696113371381,-0.1085726314314895,0.0397739025275301,0.0218408013241488,-0.023944574218893,-0.0054543611273506,0.1346831975655507,-0.020953568280525,0.0233212370822379,-0.0162515804834297,0.0440899453261922,0.273875687688131,0.0251292657295605,0.1590356564459834,-0.1355947199520398,-0.0020558098370689,-0.0424572048039778,0.0411471053786667,-0.0568977057502676,-0.0188201951709524,-0.0271912063598234,0.0551621472938079,0.0333629159340007,0.038366391919796,0.043631140368288,0.0727964657358177,0.0184006107692895,0.000173612111594,-0.1617646576811573,0.1006905478979247,0.0002672374300497,-0.0174040352762793,-0.0199351555287049,0.0379861978936522,-0.0936695921540345,0.1286099424400257,0.0360552492780574,0.087186420638839,0.0868864271947118,0.007762898341677,0.1190805519648245,0.1522636802143593,-0.0589656968281536,0.2780324020663016,0.0197042723978881,0.1344630629960974,-0.0228883343595536,0.0807489503080802,-0.0163721860719472,0.1542814950543645,0.0477286991671055,-0.1112431749402876,-0.0063527024667896,-0.0704689634330402,-0.0096292004503282,-0.0464521874145749,0.0085213963246422,0.1415745878292964,-0.03067837041771,0.1581600099520996,0.1581600099520996,0.0795348936908317,0.1316053416088403,0.0173766011767091,0.1531880761100408,0.0206632023190562,0.0420826758578654,0.1734723839246339,0.0266191799773061,-0.0428027267199495,-0.0761592432342578,0.0317677122020931,0.1001099661251887,0.0863548727778094,-0.1309012624073428,0.072472735478249,-0.0656853025767033,target,715,29,22.039316853581116,0.0701093798087093,0.0844097292578989,0.0179817033894798,1.6906897183909382,2.0355430582594374,0.4336292964322087,1.6906897183909382,660,0.5534145065463248,5,0.0465877703646228,0.105263041383391,0.0377674455353198,0.0,-0.8239804367781252,-0.2705659302318021,0.5289694002320464,0.0794967124241941,20.343736076714823,19.74133925427097,22.039316853581116,0.3832955560857609,0.0243255744736867,-0.0007946547801311,0.0185021114394611,0.0908450414239931,0.4888886063180028,0.007402190879683,1.0,0.0286261370928551,2019-06-11,9.0,15,0.0689598187096198,0.0101139530081557,False,True,False,0.0,5.0,0.3571428571428571,-0.0144130920860518,-0.4944263265982367
FITB,Falling Wedge,bullish,1,0.6865659965486042,3,35,966,967,2020-07-21,2020,0,15.28016184656113,15.117267500044989,19.99660836190958,13.526438652228052,0.951761062711118,0.0107753829530143,True,0.0078451371439145,0.0184727386151833,0.065374789082738,0.085341847954002,0.0210761716115504,-0.1976119779223255,0.0284339838956972,0.0472792987291166,-0.0927690057219621,-0.0211370319713792,0.0114488798422489,-0.0990488977758989,0.0498137900161328,0.0444442860794007,0.0312284590776772,0.0086717304036947,-0.0250576572491717,-0.0010459804481035,0.0322992379351079,0.004838661016884,0.0165470862101309,-0.0091831128870623,0.0077979092499906,0.0193512706548601,0.0025931260630165,-0.0010940081333525,-0.015792189560686,-0.0529817065444581,0.0490421232734237,0.0299879830870781,0.0784919036602205,-0.0146683722863247,-0.0465120511412726,0.0216726851660409,-0.0818823169517272,0.0300953435457278,0.0242239235893999,0.0268311866961068,0.0611570736363791,-0.0178571907848418,0.0479578290376974,0.0283692866363327,0.0465922751713481,-0.0087998730957852,0.0415417936588744,0.0070324857218511,0.0502091109859654,0.0070199055606385,0.1590356564459834,-0.0390432091211369,0.0505469738129069,0.4064288933307194,-0.0194200289271256,-0.0678438702395425,-0.0418346617320135,0.2555245671921988,0.0844739456410925,0.0467766237714122,0.0455808379725171,0.0011662448922906,0.073095975315655,-0.0588028932962765,-0.1270190879814939,-0.063725424784962,0.0619156394752871,0.0915009394122869,-0.0223640754565167,0.006407326907307,0.008089092354436,0.1532422937693278,0.1094986726594289,0.0023986100369874,0.1532422937693278,0.2780324020663016,0.1107526609647708,0.095076741851876,-0.0040629590410973,-0.3854365940407982,0.1087280717433654,0.2477879708149462,0.0494521836121828,0.0996249836089449,0.0783541976104491,-0.026785696221479,-0.0625283625405825,0.1092196916762497,0.0954815203645316,0.0111793734776819,-0.5432433270458497,0.2209119039232552,0.0399627251760066,0.1193348741789743,0.2040556202149193,0.1279579494233413,0.1226828688921335,0.1099766371138324,-0.2535295426390856,0.0193546376030961,0.1897426817826484,0.1240184218014199,0.0479779447014507,0.376484746715898,0.1019626419909309,0.0088890352669961,0.0928964381356938,0.0858633310844489,0.0150125532289622,0.0994485433995069,0.0922089625210038,-0.0933237950510201,-0.1584521485533008,-0.3417598877791584,0.2227558836240428,-0.1164317831201445,0.1667667116789515,time,1026,60,18.398164749145508,0.2040556202149193,0.2676226126049127,0.0449791614965316,1.7779333207542594,2.3317914980064565,0.3919027071150663,2.6893905096249022,931,0.5885891084651604,6,0.1057522466005713,0.26001300810505,-0.3516604691443418,0.0303030303030303,-0.9989665195798034,-0.4103774111146424,0.5533513976666297,0.2860515955758577,15.117267500044989,13.526438652228052,19.99660836190958,0.6558923254912736,-0.1658867481667246,0.0032681547209665,0.0423923201837884,-0.3123055788717022,0.9518084194512842,0.0065039641439612,1.0,0.0463266915099382,2020-07-21,5.0,15,-0.2887303816859019,-0.133546307172758,True,True,False,0.8571428571428571,1.0,0.0714285714285714,-0.0406590663158675,-1.0022163186010942
FITB,Falling Wedge,bullish,1,0.8130008131044193,5,81,1470,1471,2022-07-21,2022,2,29.313674671591087,29.04778239954541,40.54930100042444,26.840353346334624,2.051393983273265,0.0091536169057035,True,-0.0264998996515752,-0.0444232207132087,-0.0647704314728819,-0.0356151272453257,-0.0084919364180368,0.0155054207335065,-0.0287507408350269,0.0168003544776027,0.0062847646605479,-0.0758999778811516,-0.0452898398517668,0.0283356819990523,-0.0294248582914351,0.0518392718846034,-0.031141714889358,0.0849504736758486,-0.0209268162924498,0.0055033903712768,-0.0155397172684758,-0.0065917438643868,0.0373901703459624,0.0256327166128418,-0.0219898666741226,-0.0160164580338204,-0.0542449666131188,0.0981869595972477,0.0404686377539929,0.0150631069864004,-0.0466417970156048,0.0861435946882529,1.978912389510868e-07,-0.0397531711375356,-0.0110180584392873,0.0683468333547216,-0.0011455371801141,0.0289907447345867,-0.0138414933716373,-0.031686386666075,0.0523469009929995,-0.0265485598173524,-0.0825656303977284,0.1010100608712345,0.1073313910388797,-0.0206542905136014,0.0466667271094916,-0.0345514695578259,0.0864879791166164,0.013866823767705,-0.0027389728644358,0.1122665673096299,0.0184235673735866,0.2425581874263116,-0.0335223475962841,-0.0819404796177488,-0.0027571354004775,0.0606639130007589,0.0482685737165939,-0.083675269573893,-0.0670126930532938,-0.1184930035010558,-0.0248275598882043,-0.0478759856142718,0.1937014636130265,-0.0008018667119447,-0.035368590394134,0.1182692874404267,-0.0307638162167002,0.0462201634433383,0.070958278972055,0.0200929790045467,0.0496130455009805,0.0606400702635148,0.0472466774296429,0.0334738111693067,0.015200547977185,-0.0105204935667573,-0.0487342578065018,0.0320663875695859,0.0620122729892127,0.0706622414350222,-0.0697125170755491,0.0439618681639353,0.0365178277473223,0.1544157668274404,0.1165871291950999,-0.0989378178566672,0.0440937084646382,0.0120950929285481,-0.1072170467139408,0.0512195075983403,0.1742895039645826,-0.0108750350306513,-0.0009338958716959,0.0988880462413397,-0.0452503581285917,-0.0392161421647724,-0.121242789005758,0.0799305030072938,0.3002880187817498,0.0845348713604183,-0.0332230940241945,0.145627293327313,0.2475567135742682,-0.0991676700782794,0.0154008385221067,-0.1969159206048414,0.1580294703048759,0.0078580965358077,0.1271304241793078,-0.0775285285826024,0.0496621876424072,0.2084026592750092,0.0981601653321251,0.0831622191219432,-0.0505938437904752,stop,1517,47,26.840353346334624,-0.0843743185719887,0.1025045338470491,0.0896915086664157,-1.0,1.2148783608793423,1.0630190582207824,4.5427281178956,1387,0.7162990276146168,6,0.0864302335471411,0.1104027734268238,-0.2864273544282704,0.0126582278481012,-1.285209976034558,-0.5689109484199403,0.3443588862179172,0.2161919816015939,29.04778239954541,26.840353346334624,40.54930100042444,0.9231412581322376,-0.1733905688124111,-0.0313766150887351,0.0315745853429774,-0.2750973770663603,0.5089287843025011,-0.0164312015234117,0.0,0.0651726253613247,2022-07-21,15.0,13,-0.2036967368552779,-0.1164527505338749,True,True,False,0.9166666666666666,4.0,0.3333333333333333,-0.0536784079136543,-2.051087894279035
FITB,Falling Wedge,bullish,1,0.7878336218379455,3,36,2391,2392,2026-03-24,2026,2,45.38511322951999,42.887297566938514,59.04479915811635,41.9332156765725,2.349132481638717,0.0582413862445607,True,0.0164721114714119,0.0291187251040744,-0.011262851969538,0.0746505682492073,-0.0381056480776722,0.0226109114202339,0.0025706731711037,-0.0164507345155103,-0.0057028453606156,-0.0397389031213327,0.0573924899624382,-0.0390189988369436,-0.0016129823667693,0.0336379566757254,-0.0420276784870559,0.0169492354171691,-0.062009246657168,0.0099554566546817,-0.0259058022719423,0.0409057168567377,-0.0002091372457605,-0.0048193209564844,0.0178816685443867,0.0794819948862082,0.0531560898156953,-0.0115668035180107,-0.0147020269315447,-1.0576799269745862e-07,0.084958772524825,-0.0251351691555097,0.0277191018473028,0.0375335658562494,0.1473683396355265,-0.0204128014563386,0.0351128032479919,0.0398216035149645,-0.014792880536936,-0.0026239338225105,0.0452693413549396,0.0857859279943011,0.0745648777531939,-0.0291733215973991,-0.023039087317785,-0.0356122611593593,-0.0204915805783386,0.0604527767918297,0.1061737142973151,0.0264067672259749,-0.1131179862238909,-0.0066038326125993,-0.0270486556738802,0.3887168643388559,-0.1457173947340583,-0.0238826630593275,0.0780340894844706,0.0958907104329265,-0.0456670433395226,0.0686058537032201,0.0918100378586874,0.0391199883677861,-0.0353740582184618,-0.0402798032396606,-0.0027123398701568,-0.1210778074317235,0.0347573233140618,0.0519487118902157,0.0606215827537108,-0.0617313839240859,0.0918591046064867,0.0689804036848951,-0.0563935421410866,0.1290828667877237,-0.078629688992073,0.0229572342373269,0.2698324444427915,0.0533933605420253,-0.0504786794243313,0.0132515133973003,0.2652468809845245,-0.0213694532879645,-0.2212859786581357,0.1517572352749014,0.2438357632260737,-0.041090534426728,0.2012860208219673,-0.0785185623560899,0.171307165205669,-0.0579842368856318,0.0913840332098894,-0.0064789788125675,-0.0023351325069551,0.0162222400459092,0.1538687001627778,0.0172390945740725,0.2404539919467128,0.2836615236461164,0.2330711219582741,0.2181649662548532,0.0558711340433837,0.3716692042573362,0.0799305030072938,-0.0001342805775187,0.0764427522705826,-0.0013936418754695,-0.0789152768711243,0.0453649732204382,0.0075189776958197,0.1006768079041937,0.0994485433995069,0.1235566269636412,0.1016967119519673,-0.112275953093563,0.1221896730668123,-0.0448970705588647,0.0577636357322582,time,2451,60,52.36846160888672,0.1538687001627778,0.2098774534863676,0.0388117399582753,2.0230462440589614,2.7594422617405585,0.5102918570503148,3.957152759916849,2353,0.8860617832034541,5,0.0153424151262641,0.1032966149552114,-0.4185335068813404,0.0555555555555555,-1.4591383031161684,-0.573076519912709,0.0972397643731584,0.2201659605755132,42.887297566938514,41.9332156765725,59.04479915811635,1.4268957557274926,0.0281309252783503,-0.0746590337436118,0.0315286002907499,0.0409921307210738,0.6858646481390858,-0.0152082752813108,0.0,-0.0471173434841297,2026-03-24,60.0,9,0.036855742920338,0.0296186321648803,False,False,False,0.125,5.0,0.625,-0.0200955700236169,-1.0293209428194083
FE,Falling Wedge,bullish,1,0.6895030795284712,3,40,1280,1281,2021-10-18,2021,2,29.682065872583102,29.434680221693327,33.64233559988111,28.61672317327742,1.097411853723458,0.008404563903074,True,0.0272128506956352,0.0124443108314407,-0.0069840463965791,-0.0331909124251846,0.0002108113990466,-0.0142386209162065,0.0120991123373448,0.0075736949800366,0.0438577280440217,0.0263711633248153,0.0020074947181909,0.0097172594239789,0.0215709779915356,-0.0296898324728701,0.0314711421058262,0.0114107755988519,-0.056654553010725,0.0143692064908658,0.0112450979271288,-0.025048593017531,0.0225107375860138,-0.0025557013495189,0.0249102035786831,0.0665200687866507,0.0417496166838537,-0.0970485369152587,-0.0115339417788263,-0.0097433687812278,-0.0361558263245489,0.004783363656805,0.0297575236699492,0.0287122578165526,0.0728985827244417,0.0239973927315764,0.0615646397690123,0.0221331248473204,0.0350881691764779,-0.0043929355195027,0.0095651838267774,0.0334436843971097,-0.0274841567850352,-0.0041620762880435,-0.0252212183571507,-0.0161733644462174,0.0336379823003167,0.0603367448006243,0.0952699987519942,0.054037895407291,0.0147230960733593,-0.0295880059066567,0.0917808850117252,0.0704604174997807,0.0917472528037159,0.0299922272476411,-0.146949169165902,0.0297170807888889,0.0128146823486674,0.0429242877061784,-0.0045123752896131,0.114276909620389,0.0537135346084867,-0.0196082551711785,0.0870362373779574,-0.0044357163202851,0.0591832551259157,0.0952699987519942,-0.0029032735436588,0.0081798523961622,0.0655788526538158,0.1099844777208125,0.0778186442043318,-0.0275935117661908,0.0381694074016789,0.2191537360181716,-0.1313938196459128,0.0936111261866523,-0.0451444424696262,0.07241674570164,0.0774220249690096,-0.2766265036782895,-0.0086724983261905,0.0691365808178958,0.0568126868486247,0.1662885035691932,0.0466997433757792,0.0655751254673222,0.0172293958300722,0.0456509747837841,0.0694980719055995,0.0684743368349718,0.069815162645233,0.0756583353973416,0.1496861836250109,0.0967708392934127,-0.1091366410303179,0.0396311498403758,0.1719447615573603,-0.0511081336119548,0.1286057645047429,0.0228874968814489,-0.0430143003075652,-0.0375472218682685,0.0395794181425948,0.0624147814311808,-0.0696873576640568,0.0242434057152167,0.0998694024904831,0.044415591376328,0.0564804256619444,0.1507840018998876,0.01847001031543,-0.0899205587906406,0.0135202221375989,-0.0740433773676341,0.1297667415593032,target,1329,49,33.64233559988111,0.1334229815504872,0.1385813829372375,0.0032985910681348,3.717366937304816,3.8610878356209457,0.0919037577625521,3.717366937304816,1238,0.6868928825968024,7,0.1098994939192536,0.0450853530565094,0.1728244419970048,0.0,-1.4820527121607112,-0.7951598295639146,0.4194352929004196,0.0887685299652268,29.434680221693327,28.61672317327742,33.64233559988111,0.4738000303432793,0.0179169386829978,-0.0366331377955104,0.0160551819930934,0.017773805180687,0.3770480526302538,-0.004096198627227,1.0,0.0302966813285483,2021-10-18,59.0,11,-0.017914844470834,0.0211694513872304,False,False,False,0.1,1.0,0.1,-0.0100294087643854,-0.3745878729331393
FE,Falling Wedge,bullish,1,0.6044943969215496,3,23,1538,1539,2022-10-26,2022,2,31.14855585802321,30.5676645418755,35.43945188907708,30.07807517510905,0.6344224453321995,0.0190034575703985,True,0.0334692406950272,0.0548750841299914,0.0140172813373526,0.0220186127623394,0.0350974138128374,-0.047803050626712,0.0054554277006184,-0.0316406646513096,-0.0407990223946028,0.0531366011999812,0.0331860509353758,0.0324172187661691,0.0191972696399047,0.0447118185374906,-0.0259479579316058,-0.0059401576508033,0.0051031752441599,0.0047832786886599,-0.0052225681817489,0.0073271650518662,0.0013049217982943,0.0138687909782859,0.0267556604441995,0.0221331248473204,0.0454709082938752,0.0160737607492029,0.0237352709815252,-0.0023996480777308,0.0346292316705771,-0.0202881652627361,0.0118276962609351,-0.0925421530803606,0.0156718412871297,-0.0262159542585442,0.0245384029749866,0.0120353680132874,-0.0132421507779337,0.0145898591196194,1.13424549974539e-07,0.0406024905467619,0.1369450424676381,0.0124388758705349,0.0003490329688931,-0.02682803671185,-0.0186551950836285,0.0149698406931775,0.0861882292996032,0.0356751324980533,0.0359638358330354,-0.0507507636349525,0.037775442429472,0.0410481726946363,-0.013220980538679,0.0103268818599118,0.0754719307758626,0.036115825508362,-0.0366257211225469,0.0807442283253692,-0.0026481848405396,-0.0013850957853248,-0.0621316247337652,-0.0529036511890979,-0.1421610328406851,0.0050829293358838,0.0241755727196533,-0.0148597035294399,0.0462920247260179,0.0041400544136935,0.0851657222792598,0.1381471823077176,0.1397178724705762,-0.0640357258832193,0.0377900512003266,0.1451160267555997,-0.0577496139080672,0.1337587417455539,0.0804467889918372,-0.011177383505124,0.1444550388095526,-0.0696424598566883,-0.005358606824758,-0.0032794470192467,0.0398404850790841,0.0040356333480717,-0.0757176938994074,-0.0635944014909619,-0.0508790436562681,0.003791074320222,0.1561730524979021,-0.0319361783526214,0.0141955682848735,0.1218355869758845,0.1320993515213719,0.0825843651365199,0.0437879521692525,0.1006472757210912,0.0889988345838381,-0.0434752729013322,0.0075931174943071,-0.0087773942690572,0.0288579058078017,-0.1964790497414611,0.0648271975116239,0.0001411456766353,0.0725708272738523,0.0510546574814452,-0.2149930172404764,0.0319967112137935,0.0015186558513755,0.0437893158493285,0.105117363613715,0.0792914496486354,-0.0299145794538406,-0.005289432277395,0.1210361683207153,target,1563,25,35.43945188907708,0.1377558577871795,0.1535426756094308,0.0016326904296871,4.008382495397103,4.467743028104874,0.0475075822101958,4.008382495397103,1513,0.8407874512313424,6,0.1012485955274503,-0.0065425280682666,0.0756150439597185,0.0,-1.151644373218357,-0.3108569219870054,0.1376498753990508,0.116439527413897,30.5676645418755,30.07807517510905,35.43945188907708,0.8820889674323015,-0.1040505234468047,-0.0692223826840808,0.0286067913819956,-0.1713241257518566,0.1117660918444051,0.006918490264373,0.0,0.0310095664193534,2022-10-26,58.0,10,-0.1405157419547438,-0.0912761390793197,True,False,False,1.0,2.0,0.2222222222222222,-0.0030340648625093,-0.1667500784298575
FE,Falling Wedge,bullish,1,0.636257313833167,8,71,1647,1648,2023-04-04,2023,2,34.853641995542226,34.149143883011405,38.16074812215379,32.34896682560147,0.8655409429679829,0.0206300373135062,True,0.0287840955955145,0.0284410572307733,0.0420076987400359,0.0324172187661691,0.0231107561833083,0.0141871198613767,-0.0387572991822304,0.0375871999006001,-0.0401058411801743,0.0361114130552115,0.0285792499152723,-0.0334858250959423,0.0556224545702104,0.0095959549401729,-0.02809494981817,0.0015573275581297,0.0190260163230926,-0.0174415099915437,0.0163779396731433,0.0106978991757085,0.0115860705536372,-0.0215503202469302,0.0208326669104606,0.0124070185221054,-0.0028658963703362,-0.006415574325037,0.0046054240248096,0.0465008774347794,0.0279639578989985,0.0378308796475579,0.0448688777820698,0.0574816104378517,0.0199371226793347,-0.0164060212541327,0.0511347585872468,-0.0133847751087259,0.0303411230387478,0.0007997785971909,-0.050569391410315,0.0130803453159054,-0.282704790156825,0.0521789035567858,0.0443704879879163,-0.0172771253482123,0.0522294898582995,0.0075787205598931,-0.0339949917166301,-0.0342645276638168,0.0447056622831782,-0.0825185189365813,0.026551823856459,0.0931661091274618,0.0176092999069583,0.026551823856459,0.0863839417950307,0.0864977884652666,-0.025245125005076,-0.0280468823009484,-0.0476548241796448,-0.0026481848405396,-0.0294819840659984,-0.0762289835294151,0.0139466308935682,0.0719073201120377,0.0778771733034648,0.0641214592629446,-0.0010898263071382,-0.0314338080057469,-0.0482435365012171,-0.0680833295241949,-0.1021840094884094,0.0605639847049845,0.0556405558016022,-0.0062395148081617,0.0881603290372177,0.0089278132058185,0.0324244378370082,-0.106931969352378,0.1383490597335186,0.0228442636655097,0.0751989526916077,0.0231795240750174,0.0180645018035572,-0.0622368103875434,-0.0636278029357487,0.0740547067058992,-0.0860479258676236,0.0690402384883488,0.0207515765596331,0.074091125785263,-0.0053814562716252,-0.0896246090477902,-0.0254728525402245,-0.1162198113412913,-0.0056819967044809,0.0343801300527399,-0.005289432277395,0.0519538555635619,-0.0238054509533949,0.1373613860270184,-0.0282284345295178,-0.0434752729013322,0.1658285653641296,-0.0689552590711763,-0.0260847583641276,0.0176105797445955,0.121474104067792,0.0017497687125744,0.0744634489916804,-0.0762084335508108,0.1151874767712803,0.1625209283319488,0.1656575168809031,0.0349715075382532,-0.0657443640249366,stop,1683,36,32.34896682560147,-0.0718626526966995,0.0419355247167408,0.0798639446525272,-1.0,0.583551026062621,1.1113414500519148,1.3203732628889326,1574,0.4715738249655897,5,0.0179218447073844,0.0230595459041897,-0.0468072923298615,0.0,-0.9892515114387952,-0.517677686473205,0.9413566005561932,0.1059225947968756,34.149143883011405,32.34896682560147,38.16074812215379,0.7715734435972094,0.0282668138926316,0.0084136021833458,0.0222479382882754,0.0867809273343993,0.9090858648911154,0.0002512249067201,1.0,0.0300291961759766,2023-04-04,56.0,10,0.0799897883522939,0.0172463078988451,False,False,False,0.0,1.0,0.1111111111111111,-0.0114044646606991,-0.2129149795765912
FE,Falling Wedge,bullish,1,0.6398215972551651,5,48,1865,1866,2024-02-15,2024,4,33.55672607039276,33.35814508041916,35.27073661158005,31.839823150322207,2.419964470179617,0.0059529985703601,True,0.0064587444358004,-0.0057996084461915,-0.0819410262234378,-0.0150097566871598,-0.007998120890706,-0.0625261364475128,0.0504223799022076,0.005170307271382,0.0179624415627241,0.0074926326429778,-0.0271941148999533,-0.0329228509860741,-0.0130582313553604,0.0052910031437738,0.0285115006056939,-0.0227010904239434,0.0006189688975477,-0.011725945784296,-0.0082478447514345,0.027134627110338,0.0504842925875472,-0.0026061785396671,0.011100901599068,-0.0177609215360322,-0.0399851877164626,0.027548745622846,0.0023796080418068,-0.0077873259058219,-0.0066516022112922,0.0683093193855133,0.0129046891456112,0.0044514363951899,0.0227123992703024,-0.0273119022823069,0.0023796080418068,0.0051722444172299,-0.1128926676546946,0.0091482001098701,0.0884301062012737,0.0171125596677659,0.0503033562584898,-0.0376551838101919,0.0348657606169888,0.0395258903159043,0.0115514016041107,-0.0279857536975523,0.0212594177449523,0.0018971738237134,0.017473227865852,0.101594310903947,0.036665025044003,-0.0884849135818666,-0.0096225785561959,-0.1157771416048265,-0.1195625737309409,0.0259266832136932,0.0575360160696365,0.0190645963845426,-0.0243442341503912,0.0813148793717013,-0.0334311513670643,0.0099720681648256,0.0335696133695779,0.0317552564501792,-0.023745098116773,0.0537135346084867,0.1091818618001778,0.0119598298449135,0.0125214571457784,0.0064587444358004,-0.0021467123023577,0.0708437205245087,0.0715232021253549,-0.1292754154026296,-0.0617870064125209,0.1158559715870293,-0.007569436847327,0.027162048287262,0.072852870871529,0.0690316385790075,-0.1003502481809108,0.0014578304790322,0.0978467042965993,-0.0449523356460396,0.0601020723591108,-0.078661561771186,-0.0607740424797563,0.0216808224787765,-0.0889507250528575,-0.2563199137673398,-0.2356444422717005,0.0292551567480033,0.0797787861179961,0.0382631752339561,0.0540957595025723,-0.0386280107881001,-0.0121105543454065,-0.0089751407430449,0.1065445850076582,-0.2587721602259339,-0.0146917449897864,0.0840474929112844,0.1377431793310291,0.020861909239209,0.0928568250535384,0.0735028909271677,0.0612421122183766,-0.0316875909163665,0.0748440028082524,0.0524208736688691,-0.074934966170279,-0.2081491396762337,0.0909066340219044,0.0455377628494111,0.06744605013379,target,1918,53,35.27073661158005,0.0510780025915449,0.0583962493685754,0.0309471899498138,0.9983153509441572,1.1413498810515756,0.6048602769873775,0.9983153509441572,1813,0.4313853732925838,7,0.1676882195205531,0.0399768322769926,0.0711684546372271,0.0208333333333333,-0.6900261676183004,-0.2586407943257156,1.2698188841988174,0.0822918100709225,33.35814508041916,31.839823150322207,35.27073661158005,0.6591323352695567,0.0262087323909538,0.0157288299460465,0.019568602152939,0.0527564034963836,0.8043471049707257,0.002708018910277,1.0,0.0535583471146356,2024-02-15,28.0,24,-0.0069546163332239,-0.0184206534885854,False,False,True,0.1739130434782608,11.0,0.4782608695652174,0.0124863749887431,0.497757289382234
FE,Falling Wedge,bullish,1,0.661363123972527,8,66,2100,2101,2025-01-24,2025,5,37.04621336162075,37.16881522176561,41.97985515857155,35.60189295926611,1.0104017097163855,-0.0032985140745909,True,0.0010059725396602,-0.0107793865673857,-2.2350629425016427e-07,-0.0010144565606635,0.0132888550175933,0.0080036422501654,0.019835484558045,-0.0003281756532649,0.0245535853794014,-0.0046473450739918,0.0283209200031919,0.040721981984559,-0.0086395067745013,-0.0266110160168898,-0.0108110302946276,-0.0490890274152654,0.0390278007279396,-0.0357144851170188,-0.0545969416912347,0.0241491730042113,-0.0087334481747329,0.0366017155040845,-0.000709902567875,0.0208718162490852,0.0108517640994723,0.0225503244178377,0.0200711437896885,-0.0265758605622462,0.0435672209095936,-0.1128926676546946,-0.0590098668824743,0.0095844499033186,-0.0395645877382666,-0.0640727922734267,0.0125568704979202,-0.0202267696879188,0.0453702229190013,0.0532636540264535,0.0555404481220789,0.0043402063162032,-0.0067815135017857,0.0278315662808525,0.0356137334129091,-0.0459363676430578,0.013403391527492,0.0224401759401113,0.0900146852064758,0.0859799149587139,0.0425533122785113,-0.0522723510383039,0.101594310903947,0.0648620648165902,0.0399791001903928,-0.0284754115288105,0.0569239294423349,0.0898186926668589,0.0327955852226309,0.0273567074736449,0.0106513315225662,0.0726268786133563,0.0171474507967659,0.0127994057491334,0.0190645963845426,-0.1164510752556597,-0.0390011848960054,0.056200721220919,0.0774138002565565,0.0804657946637887,0.0617120022322878,-0.0086153581191288,0.0233327430929903,0.0531935637348874,-0.0104371790551709,-0.1101115318834702,0.0500970909148923,0.0878720718846,0.1048384081674433,0.0268664950666643,0.0884677289760809,0.0720509975193923,0.0166331382160807,-0.0232039451240002,-0.0458599796288569,0.0148863862079493,0.0468025781686147,-0.0054311248284607,0.060429299767567,0.0889024601385004,0.0870122540288582,0.0582749618368501,0.0822754762611261,-0.0457933156376062,0.0856932880751746,0.1966092868584797,0.0111145298044155,0.0265974203122989,-0.0110229341374648,0.0342889408538025,0.1336107039894787,0.084615044440395,-0.0178266754082302,-0.0692297127938462,-0.0492506665588371,-0.0770415108979835,0.1876103435130416,-0.0209505489050311,0.2093203098869478,0.0611617083594557,0.1039196388182757,-0.0011151480976604,-0.0353405715148757,0.1146664164625221,0.109336883398531,-0.0042626491367725,0.0461832119557514,stop,2141,41,35.60189295926611,-0.0389869914168051,0.1085713941788539,0.0434408798790928,-1.0,2.78481078517012,1.1142403735305364,3.415891507803672,2029,0.4532791447207365,7,0.1482982068925334,0.0820160079511092,-0.1033129499271813,0.0,-1.5390758643604745,-1.0857967196397402,1.105866695308805,0.0764348923521415,37.16881522176561,35.60189295926611,41.97985515857155,0.6136208667881604,-0.0286258372209566,-0.0306791112284886,0.0167959989265351,-0.0099327160599119,0.9411751506243704,-0.0033317006298814,1.0,0.0223311434262807,2025-01-24,1.0,28,0.0562378882626899,0.0244567735070351,False,True,False,0.1851851851851851,6.0,0.2222222222222222,-0.0038124815120193,-0.0757521069776233
FE,Falling Wedge,bullish,1,0.7155747330581859,3,37,2215,2216,2025-07-11,2025,2,38.40365469123947,37.549042197452025,41.29313574555516,37.11613485392563,0.5181551418264203,0.0227599012857226,True,0.0104063128228717,0.0033134245084502,-0.0012440544940591,-0.0260465593871166,0.0346728354604697,-0.0252644158907153,-0.0329108622172897,-0.0095871431235352,-0.0043721655196055,-0.0012121071913472,0.0231901693166578,-0.0002806036578056,-0.0064921364532607,-0.0023073926213228,0.0048209409123376,0.0278392397720537,0.0024270111704138,0.0023831364035644,0.0190505827511702,-0.0069159197878239,0.0244350773807755,0.0221372465167537,0.008190168855856,0.0391476193102615,0.0167777919269442,-0.0244294368180449,-0.0256569096465453,0.0238513237536677,-0.0141678184080565,0.015858220434554,0.0009691922066794,0.0398490193591674,0.0143664648997434,-0.0377852080072087,0.0501674381648753,-0.0951695263361942,0.0154781790164864,0.0183252073771507,-0.059740295868733,0.0106930717702,0.0315365413171153,0.0686896061466111,0.0988294430074196,0.062623790217646,-0.0063122797532864,0.0297488181685991,0.0829470035231827,0.0604488334523434,0.0261917938195348,0.0649348122193702,-0.018640281735223,0.0081758874536699,-0.0289404232904803,0.0082492282611348,-0.0289053964372799,-0.02824972212317,0.0944533909594993,-0.0246208323782692,0.0159870498033045,0.0545640003017668,0.0429293491703084,0.0356580280941059,0.0229073826735684,0.0678998353772686,0.043202219493859,-0.095411931745489,0.0868883324426577,-0.0242125482140479,0.0667939948158782,0.0841986812770476,0.0430053587536696,-0.1101115318834702,0.0431846495048282,0.0875422952433719,0.0712753663514269,-0.1132354014948182,0.1283635048428526,-0.0447582647055999,-0.0014113528538129,-0.0276899357996577,0.0727423071333237,0.0569461675816123,0.0147458614534592,-0.0024434977341468,-0.1132354014948182,-0.0057197662250011,0.0138648565232826,0.0720244756625567,0.0041335336913328,-0.0711825475654684,-0.01898183593125,0.0813960071620474,0.1608010419524035,0.0800642084631502,-0.021960312008617,0.0153116729363249,0.0558504574650664,0.0446538745306608,0.1706011129459428,-0.1964790497414611,-0.2498451937403452,0.0336458502019489,0.0863609696618972,-0.3409565934796116,0.1596533035691842,0.0566607570087085,-0.0809275001670473,-0.2378072128060502,-0.0230323961872058,0.120446928372782,0.1444031704317177,0.0561373505305808,0.020228724787304,-0.0760472602502859,0.1739561092493288,target,2231,16,41.29313574555516,0.0752397415700865,0.0864716821679903,0.0086720166687979,2.244222551431939,2.5792446270019265,0.2586656329272627,2.244222551431939,2176,0.825532396362739,7,0.0984602574694194,0.0658587264451029,0.2237246159141503,0.0,-1.2751719735642282,-0.4496395772014892,0.1786005943072022,0.072978184215833,37.549042197452025,37.11613485392563,41.29313574555516,0.5267384734917465,-0.0011052893692137,-0.0176399909367706,0.013705653129919,0.0492881863619651,0.6666666666666511,-0.0081418653243732,1.0,0.0400817827528552,2025-07-11,1.0,28,0.0794767717290125,0.0265707483818824,False,False,False,0.1111111111111111,3.0,0.1111111111111111,-0.00588770048621,-0.0532987890898735
FSLR,Falling Wedge,bullish,1,0.7439915900985795,3,27,680,681,2019-06-03,2019,2,59.54999923706055,59.08000183105469,66.18999862670898,56.29506952095403,0.820588193527315,0.0079552706743284,True,0.0606213376423505,0.0178593118788721,0.1496716856320088,-0.0444717831272462,-0.0293734186794657,-0.0877411587350595,0.001975764321703,-0.018729986194008,0.1336724959506336,0.0323961411279754,0.0122189636192364,-0.0166539570947342,0.0762690058970196,-0.055002919244117,-0.0267166545642373,0.0213653713487054,-0.0010688165533403,0.037025590043711,0.0974941878606492,-0.0467232528875074,-0.0036063727653017,0.0710605593296147,0.0454682653780385,0.0233417196886103,-0.0208629791307608,0.0085723573756393,0.0341400577512869,0.0213713639077537,-0.0449103175576951,-0.0907908925162064,0.0819587723635402,-0.0065326212692763,-0.117196704101693,-0.0673880265429356,0.0421371011468549,0.0749971989087581,0.1327260362617612,0.0942788454592653,0.006256903784195,0.0706898940248694,-0.0427290214166971,-0.0894850470022512,-0.0362822771794131,-0.1598204176563076,0.0088524740250384,0.0272994357002859,0.1104953501370056,0.0384034661638217,-0.198228868318628,-0.0236391314033026,-0.0366850211465388,-0.0134378899998462,-0.1942492110279802,-0.0181086823352731,0.0747706938147132,-0.1180953473121688,-0.2243178649089476,0.083356782870557,0.0535664168739058,-0.0642349403599128,-0.1529841200944897,-0.1130534681618086,0.2308565964784694,-0.0609840808430295,-0.0319712719742705,-0.136879428488326,0.0931044051001692,0.0209656467212346,0.1520077893627793,0.1089840766014282,0.0185441024207539,-0.1344435067450989,-0.0095930867538894,0.0369741167359134,0.0296779603709866,-0.2324804446425924,0.0375528473477475,0.1387332622439878,-0.1620007949110129,0.0895000457763672,-0.1261714785235914,0.1929251534598215,-0.0705882574354564,-0.2129094425608305,0.049783513076961,-0.1153178624199602,0.1801721849017739,-0.3108478770580525,-0.0136032413374557,0.2677117333114529,-0.1647898416395418,0.1354698274415518,0.0387909555480463,-0.0014276710772214,0.1076360198803412,0.3419476425560157,0.1940625190734863,0.0194476624957273,0.1898253595685251,0.3018713056860029,0.256122433409399,0.1555261185149727,-0.0011834138949241,0.3606366137241195,-0.04340116481734,0.2325494130748555,0.4604736139161312,-0.0827334421639749,-0.2691573336440296,0.2006731327683131,-0.2002996094664384,0.7244481555173843,0.2035250746257293,0.4068151807450966,-0.1391483085304233,target,700,20,66.18999862670898,0.1115029298861196,0.1284634392811329,0.0043660507953691,2.039982417067695,2.3502804602283143,0.0798783212573351,2.039982417067695,651,0.5736178453513746,5,0.0336104179475955,0.1013960432955538,-0.3723073593073592,0.0,-0.9940071177248756,-0.4203892723735007,0.6787534954967972,0.1148756222972186,59.08000183105469,56.29506952095403,66.18999862670898,1.7849995749337335,0.168949517493657,0.0078466203527973,0.0303829714882337,0.2940528199434382,0.5443543239140032,-0.0006891956391517,0.0,-0.0661834336409287,2019-06-03,54.0,20,0.120705746313793,0.0389415955019865,False,False,True,0.1578947368421052,1.0,0.0526315789473684,0.0421682077717401,0.5787819143163051
FSLR,Falling Wedge,bullish,1,0.7332321683242206,3,62,1352,1353,2022-01-31,2022,0,78.31999969482422,77.97977498500234,124.38204559299118,70.85578637374078,1.76752311816621,0.0043629865550049,True,-0.1095505856037649,-0.1019621163583406,0.0470812369537529,-0.0136964593942818,-0.0344190724637374,0.175114026274036,-0.0442799702853271,-0.0476449132033672,-0.0218919488360154,-0.0081410323989201,0.0209815736402945,0.012280989090353,0.1004690321367898,0.0851078083876764,-0.0256770073917125,0.0177433746682822,-0.0468995873063932,0.0604504422024563,0.0717223053667857,-0.0124627639483565,-0.0515839488081869,-0.0466844973226225,-0.1214290649718402,-0.128830392967397,-0.1029584388984101,-0.0062569270379613,-0.0430408837848174,-0.0299044811834575,0.0488010023169029,-0.0028145995211992,-0.0989580298475582,0.0121383623757367,-0.1865196262905574,0.0397569335932974,0.1270606452647127,0.0293845305160302,0.0792490564655126,0.1178888603358512,-0.1432518168161173,0.1000455109521625,-0.0112292257781005,0.0053878475739326,0.0872979740102788,0.1084734261936888,-0.010727798531547,-0.1399694310077366,-0.0344739141823645,0.0114565749084608,0.012284254664697,0.0867525979039587,-0.1333528540297995,0.0107422862914723,0.1368454412707018,-0.1708165678111697,0.1123845102133058,0.1011823740167592,0.0394109839949077,-0.1023931939603204,0.0797002918811278,0.2663331902668571,-0.153974962688614,0.0513931900684188,-0.1088428021028354,0.1509518418849915,0.0360756562017499,-0.0067979586630245,0.2747937340047988,0.0350282485875705,-0.0703589272821422,0.0800561372254544,0.0527556044062793,-0.0628348238530779,0.3058398114535949,0.145509793116854,0.2955191756021629,0.0176846542729918,0.0211218657343914,-0.2293239857694022,0.1149147835495663,0.0455531398457162,0.3357009174667786,0.4396615646525568,-0.1810395654474805,-0.0331924944072586,0.2455344181455163,-0.0498954026561189,-0.3181002858699671,0.2942545572916666,0.0230429560284168,0.273000424929082,0.1286063111319204,-0.010521753535441,-0.0789070522121591,-0.0076510982875748,0.1915314820435669,-0.0324017697034727,-0.1364511215841536,0.6637955080244247,-0.1073307415424879,-0.2671065741989213,0.0002044228494049,-0.12057970572209,-0.2187298101299141,-0.03247998046875,-0.1364511215841536,-0.3821701284484615,0.0857620264971819,-0.3685869201907362,0.3242723632292323,-0.1737006513606722,-0.0320080672426704,-0.2300577871535543,0.1447217108705405,-0.1596985731607092,-0.0295337802633392,stop,1356,4,70.85578637374078,-0.0953040519684361,0.0070225109027184,0.1395556734903574,-1.0,0.073685334019631,1.4643204628547897,6.1710516455980695,1290,0.4605793662641955,7,0.1653982346194826,0.2813623674267627,-0.2585009613169062,0.0196078431372549,-2.2528471703291304,-1.7922678040649391,0.7509503724503328,0.1371191932235285,77.97977498500234,70.85578637374078,124.38204559299118,3.8214269365583142,-0.1406592494170371,-0.1349473649901807,0.0487551297584623,-0.1120425939250933,0.9618643519865516,0.0057204873252496,1.0,-0.0527413132422628,2022-01-31,32.0,13,-0.1676524913468576,-0.1377477107866066,True,False,True,0.75,1.0,0.0833333333333333,0.0401279953213502,0.6092772749195289
FSLR,Falling Wedge,bullish,1,0.7207967429252051,3,29,1622,1623,2023-02-28,2023,0,180.5500030517578,166.5198803420892,186.1547947718093,155.39630263549282,2.2344401068815416,0.0842549410967981,True,0.1868733850129198,0.1796404847310744,-0.0688009637176706,-0.0419325457565884,0.0681374029791876,-0.0153428938817683,0.0265498827726002,0.0124204236221363,0.1407089740516656,0.0265439219870251,-0.0556639582030528,-0.0794580144733381,0.000548218970066,0.1591179956517454,-0.020144998791782,-0.0467360561029777,0.004499193111914,0.0480826163501573,-0.0164752826956253,0.0057696142924275,-0.1568326793787832,-0.0650170593608115,0.1905746954415934,0.1481029619628946,0.1574097885756414,0.0669276337723294,0.0053634082716043,-0.1180679316914135,-0.0248001079039262,-0.0390710048988217,0.1420078237040938,-0.0708955101723601,-0.0175884827039097,0.095633779892899,-0.004752508484491,0.1327260362617612,-0.0034051611000912,-0.0019162177851052,0.0550070725239038,-0.106499105352275,-0.1500460716985887,0.064707173922847,-0.0187582062322176,0.0744987401938861,0.0183379852706875,0.143132494673354,0.1631680473947869,0.1588693439978101,-0.2674614683491425,0.1511251389420218,0.1800174554716116,-0.0180695624580594,-0.0359011432935746,0.0521611220903592,0.1100400533973657,0.0152458521397673,0.0072960716922874,0.2882851491961089,0.0281317351374206,0.0482278515673801,-0.1430691001469604,-0.0166562410450318,0.0155180353699568,0.077142616268736,0.019051851484978,0.0316637404629964,-0.1404425775535904,0.0274457815276463,0.1416804292996731,0.1050124128197491,0.0784749314373722,-0.0884970247398634,0.00885124734857,-0.0513434101526124,-0.2403213385650966,-0.1321154080904446,0.0487883575120036,0.0942965315322006,0.082863752616195,-0.0618758620027093,0.1024335722152876,-0.0403827600802851,-0.0032535534726375,-0.0594128858950685,0.1912102182959296,0.2464330967272361,0.0350930025974165,0.0656897691770785,0.3885416454739041,0.1052877011581632,0.0840817304156269,0.0661939937162044,0.0996953735572077,0.0560726041902068,0.7958951806525036,0.1096354325612385,0.2096253202769937,-0.3685869201907362,0.1533966724497832,0.4675297770239774,-0.0330455672911345,0.2360902479918882,-0.0843389102277573,0.2462585034013604,0.1201827754191025,-0.0629016682230242,0.0708573000407366,0.1811380129950504,0.3308036963925069,0.3412800292968749,-0.189951521454634,-0.1417585442399259,0.5299898737950528,0.6404693707750768,-0.077933079515039,target,1623,1,186.1547947718093,0.031042878013382,0.0905565802734413,0.0180559939657849,0.2228217569303356,0.6500034020503118,0.1296035856226147,0.2228217569303356,1593,0.3589615448627347,7,0.1651538173246898,0.1093760395163472,-0.1570467773226989,0.0,-0.6445954065646177,-0.2856338617018833,1.0173133902445946,0.1241995799460965,166.5198803420892,155.39630263549282,186.1547947718093,6.1557126726423,0.3520070199511411,0.0279442267048126,0.0363941864423291,0.3892402413934164,0.8831159639790623,0.0007826433227067,1.0,-0.0108090097814734,2023-02-28,26.0,16,-0.0272696168577808,0.0837699431293506,False,False,False,0.4666666666666667,0.0,0.0,-0.026423657105819,-0.8752631639815115
FSLR,Falling Wedge,bullish,1,0.8243920510123001,3,33,1707,1708,2023-06-30,2023,0,191.1100006103516,185.31490279217087,232.0435725620805,173.2628653390068,1.1033851451296104,0.0312716232254666,True,-0.0015174155471021,0.0058428056833368,0.037025590043711,-0.0156533995623403,0.0157749239154521,-0.0211554032589663,-0.0015174155471021,-0.008942199804947,-0.0182350857257277,-0.0127525061783517,0.0335041212309483,-0.0209477660090661,-0.0105537430402141,0.0103367393433821,0.1030347081707556,0.0074201791295567,0.0335386115581755,-0.0033164255279711,0.037025590043711,-0.0616578294403509,0.0262664455144205,0.0010568274013191,-0.0080300136599218,0.0816284132368456,0.0637470866560503,0.0263480025235103,-0.0809560584818905,0.1334247222186635,0.1142951806620145,0.2800254496308849,-0.1407755104858453,-0.2039672850648848,-0.0845964559352392,-0.0724262001678164,0.0173142677132831,0.003660588803529,-0.0344512127752036,-0.0487150093632988,-0.0596816964049463,0.2015945912978627,0.001792798332858,0.100602411794815,-0.0989580298475582,0.1095061108993045,-0.0088964831424035,0.0738714041264637,0.0852388322647017,0.0516660464263729,0.1478984709510937,0.0606469167829624,-0.0397701098238294,0.3149001718371633,0.1235898009732239,0.0842337759662836,0.012864803365548,0.0442467869579503,0.3270445916118878,-0.1317204301075268,0.0808014594467323,0.1517585173300528,-0.0988372133040547,-0.0176950430786917,0.0419009162677079,0.1968619246361054,-0.1318675609118392,0.0867033425559904,-0.1007092225444273,0.1091592258111815,0.022138276028526,-0.0750876775557833,-0.0747264776618742,0.0980040601189975,-0.0780839631401116,-0.1338340931904421,-0.0557220643725067,-0.1313286488679456,1.063197390494028,-0.0003594618616655,0.3438871299227906,-0.0335294506428707,-0.0920905872310624,0.0737100190989263,-0.0417515132539367,0.0631120274870724,0.245846205491286,0.0841222784764743,0.0946745829256481,-0.1332476215889866,-0.2904558770588593,0.297199726773151,-0.1102986876648535,-0.13824025015154,-0.155512537940379,-0.1204322930251127,0.0120467410464448,-0.1694838999051613,-0.2445074850250834,0.0707792324407809,-0.1836735381564985,0.4317129132486241,-0.3481417354493005,0.3128365855775685,0.1447217108705405,-0.1351645948870041,0.7345455054080847,-0.2574366224492306,-0.2897467165214659,0.160235835825828,-0.0833030016280309,-0.4162190407004607,-0.1346017735466567,-0.1046734912539198,-0.3502181855332661,-0.0693050232714946,-0.1095327087448939,stop,1758,51,173.2628653390068,-0.0933867155792269,0.1747161283188223,0.1095704169040332,-1.0,1.870888458119052,1.1732976818429433,2.293565400238294,1674,0.4790202259711343,6,0.0181578190891474,0.0652413905352011,-0.5563293163583565,0.0,-1.5499960654587612,-1.0709758394876303,0.8345527623730091,0.1143482667806755,185.31490279217087,173.2628653390068,232.0435725620805,6.633571079799107,0.0966634585035313,-0.0254643754045494,0.0348970025124717,0.3004720443259634,0.9046970463478268,0.0113581417263832,1.0,0.05477830150814,2023-06-30,26.0,16,0.991449429340946,0.4030543594690017,False,False,False,0.0666666666666666,0.0,0.0,-0.1398212837996457,-1.4584025314933793
FSLR,Falling Wedge,bullish,1,0.6054216850880799,5,52,1781,1782,2023-10-16,2023,0,149.10000610351562,150.73000226702015,224.82999093191984,136.341069470991,0.7282243143508438,-0.0108140127313006,True,0.0148893435937342,0.0434239151231816,0.1265822811975983,0.0844665815867826,0.0746675189682017,-0.0695156334125761,0.0130715384880344,-0.0828168842154489,0.2062150291267748,0.2871496042959214,0.001975764321703,0.230753608618264,-0.0473300970873786,0.0158602103804335,0.2001478073044951,0.0143817125432159,-0.0205321192930088,0.0174232904165068,-0.0468990203963242,0.0236316355930681,0.013513481968407,0.0463740371688987,-0.0395666737849441,-0.0857142740183666,-0.0459277675433112,-0.0170141521286572,-0.0451692302640512,-0.0888647735805083,-0.0229907286888925,0.2661290339496163,0.0513473926678436,0.0425108449551265,0.1205871052321641,-0.0423041157727408,0.0969526293583273,0.1777979376987861,0.2450180020150094,-0.035714327692746,0.0007603291211419,0.0007603291211419,-0.1493584126186709,-0.1086455802648149,-0.1813648454160514,0.0407638257083604,0.0452565530529942,-0.1055371648410355,-0.1023474791478575,-0.1193989974405007,0.0661893995720985,0.1253696614859873,-0.0587006114820649,-0.1759851945361762,-0.1913756901065807,-0.0654062257544335,0.3185333521018008,-0.1413083129149075,0.1149587902086923,0.18619395347067,-0.0101699652194843,-0.0554160732711966,0.0259370064460067,0.1567316078135716,0.0400762715423708,0.1281127530549242,0.0228849629446286,0.1947168161806063,0.0532484115309017,0.1427176929635079,-0.1462129094494037,-0.0617036340068555,-0.1339985938052659,-0.0958442363792737,-0.2139251313598059,-0.0060691439679522,-0.0760893319259201,0.1139019490353374,0.3319292815538255,0.1890033667752084,0.127916653951009,0.0106646618013959,0.1416762822441561,0.0397424706736684,-0.1420608672333487,-0.3029202211920312,0.137560151966114,-0.2186039308742176,-0.1122449111991438,0.2935985489268788,-0.2645892178370662,0.4083503803431987,-0.2197003699142561,-0.0688184532762443,0.0750502127736221,-0.0300105011947293,0.3658374334687742,-0.0879710473336823,-0.1413793156367184,0.3295204152435169,-0.0472843060478235,0.069746883808142,-0.0388592854826435,0.0474648274166482,0.3274118472882548,0.9495233105481486,-0.1545032484786899,0.2462585034013604,0.2900827221848401,0.1929142543247766,0.2369295858406566,-0.2092703997329149,-0.125249092266002,0.5155638684743014,0.0399999876280088,0.123132984230732,-0.0714432836703621,stop,1791,10,136.341069470991,-0.0855730121410356,0.0637826567239268,0.1134138361494718,-1.0,0.7453594904291154,1.3253458457504197,5.935446425476867,1729,0.5172503519680969,5,0.0036031301317477,-0.0331442399780572,0.0770036016199857,0.0,-1.8918529359284568,-1.3746025839603702,0.7102267427165692,0.1783434502233691,150.73000226702015,136.341069470991,224.82999093191984,6.736430576869419,-0.1888547103535736,-0.1293514105350651,0.0445266103233205,-0.3088309483850842,0.8858510330345358,0.0051378753126261,1.0,-0.0171088382275531,2023-10-16,26.0,16,0.2815546164087916,0.1279862012782104,False,False,False,0.2,0.0,0.0,-0.0685117037761209,-0.6049660498904019
FSLR,Falling Wedge,bullish,1,0.6946095331928726,3,27,1861,1862,2024-02-09,2024,0,152.39999389648438,145.05798986737364,177.04512818962985,136.87384854830225,1.3792705563638188,0.0506142683751755,True,0.030052506656697,0.0333647350036298,0.0068815010878098,-0.0392820238823485,0.1506155400064408,-0.0337743699371624,0.0737624972679436,-0.057865755917158,-0.0227452405447005,0.0218775825105155,-0.0150224612115615,-0.0563455329300034,-0.0094641958058334,0.0582757246679352,0.086683436647067,-0.0844155997693617,0.0688455636840339,0.1385412935058667,0.0246168334400429,-0.0117015976811253,0.0458443829641144,-0.0105537430402141,0.0133138149035819,-0.0513122859489174,-0.0609297571757925,0.018956779389031,-0.0300242897310956,-0.1212489160860417,0.0612861489692784,-0.0489519469751801,-0.0240704296677628,-0.0342857142857142,-0.0389100293161818,0.0176338322424836,0.0445947875931782,0.0305322165068251,-0.0068460483326566,-0.1521739289170744,0.0158059798452654,-0.0411110983954535,-0.1906733881530642,0.1508642126012731,0.0628810069625873,-0.0080679569713367,-0.036664123662458,-0.0347886406297125,0.064042061394401,0.0438693941206655,-0.0167712629219874,-0.1645855830397166,0.16280510771706,-0.0259390893926475,0.1092187779525217,0.0986915659681659,-0.061701698316136,0.0566122249681122,-0.0774012435652918,0.2593144560357674,-0.0190470427699661,-0.0237419628531821,0.1001228373130815,-0.2495512209128272,-0.0237419628531821,0.0505985329886364,-0.0372568138347864,0.0270694345727797,0.07415989990982,0.1025301277176014,0.0469728071602099,0.2119422857306487,0.172507491280583,-0.035305866249244,-0.0777870535780874,0.2198150602439994,-0.1845493444056302,0.1315145080483417,-0.1911110877990722,-0.3202422683063355,-0.0284542801753864,0.1155303030303029,0.1642715290936536,0.1631002557843965,0.4396615646525568,0.186839550752514,-0.0834456256299789,0.1962074173717238,-0.0050590306008488,0.0981283235628649,-0.2293239857694022,0.1018822922127353,0.1264341002759397,0.1725369676048966,0.2773622438670979,0.2422908576232756,-0.271359514987417,0.1463053126060844,-0.1064253586989184,0.3439500723819648,0.3827126414540147,0.2049904149321755,0.3887468269121428,-0.2741388551373714,0.1888862010747061,0.1022163479781284,0.010236530755677,-0.3383171303758343,0.1605027573456035,0.2976959111988293,-0.0697143966150167,-0.365805883479107,-0.1074505610358212,0.1125587042073086,0.4068151807450966,-0.1183303190466097,0.2226584997563161,target,1898,37,177.04512818962985,0.1617134860903297,0.1636483165369836,0.0702099565404839,1.5873311591811836,1.6063228755182524,0.6891599111234001,1.5873311591811836,1834,0.6259224027149656,6,0.1410227466857175,0.1105663715472708,0.2075393680438302,0.0,-0.8830292951775165,-0.2571068924625471,0.3609544061003412,0.1792388237192856,145.05798986737364,136.87384854830225,177.04512818962985,6.474998474121094,-0.1235410805285084,-0.0285410145675718,0.0427392638555847,-0.2610116381669953,0.8324089425703539,0.0092896685623005,1.0,0.052167671344766,2024-02-09,35.0,8,0.0299837101451743,0.0572245000627145,False,False,False,0.4285714285714285,2.0,0.2857142857142857,-0.0562292224981137,-0.3462623437993965
FISV,Falling Wedge,bullish,1,0.6953835357814656,3,27,964,965,2020-07-17,2020,2,102.5500030517578,96.98959643374523,109.93464497358616,92.80100275675444,1.10219366556487,0.0573299283888755,True,-0.0187226303383999,-0.0170115946559549,-0.0053013692463961,0.0038191341454976,-0.0018431232890948,0.011168226852142,0.0129783415631234,0.0240352784456752,0.0024946561460963,0.0034408028895094,0.0702255980354289,-0.027799250042517,0.0201273273747588,0.036147779873989,0.0059731797393909,0.0145432216521457,-0.0392081632068603,-0.0166128731805407,0.0218096198127109,-0.0392258182648689,0.0296235992491193,-0.1080178308876629,-0.0196415472214822,-0.0269137206640301,-0.042749114041739,0.0208724959808623,0.0226496902627095,0.0482098614728008,0.0636051752736983,0.1239153663087513,0.0261872783691394,0.0454452669405751,0.0591961720439464,-0.009518516588308,-0.034147055472911,0.0102987880021758,0.0217578510804812,0.0203453128710338,-0.126588022295938,0.119571013647356,0.0372916525647313,0.0082250818029625,0.0482474623725548,0.0632831056775746,0.0430122921248703,-0.0575067342859835,-0.0271087891366351,-0.0750506403468306,0.0172503015170346,0.0484791662013632,-0.0724775331273299,-0.051933162421978,0.0622880645857664,-0.0031857583610566,-0.0454930291682924,-0.1582515442037665,0.0362791196427856,-0.089649579497262,0.0619203804248389,-0.102551876230701,-0.043116567040257,0.1724138586828185,-0.0402124942620356,0.1248380617873097,0.0348621911160234,0.0891597562021464,0.010978274869642,-0.0376903647528142,-0.0278041524348469,-0.052462259607122,-0.1054441961168211,0.031252512835135,0.138068944799514,0.0990555177655729,0.1115502002516013,0.2336459636808951,0.0095149654990516,0.0474532403138407,0.118873360463054,-0.0040190867091869,0.069299332836427,0.0253583052404771,0.0695890848442679,0.0244115923805918,0.1859642336895561,0.1061927358715626,0.1193306783003305,0.0317583154343952,0.0317974521458674,0.1290886461160507,0.085826091012195,-0.135662863945682,0.0402730095613312,-0.060559993913841,-0.0505247210196012,-0.0033749441435467,0.0714352580771557,0.0441438896650872,-0.1012000956578182,0.1243489434580429,0.0352642572046029,0.0266817489177819,-0.0023980815347721,0.0671100738848022,0.0778317887085722,0.0492366887213564,0.0509107968405539,0.1169067363683349,0.1449618739936187,0.0054072394770541,0.1472850618890944,0.1471840337152334,0.232296633055046,0.1471296239782262,-0.0262588307186099,stop,1003,39,92.80100275675444,-0.0950658215981034,0.0180399650811068,0.1014139562787719,-1.0,0.189762890362131,1.0667762038338615,0.7574768384829358,935,0.6200005187927029,6,0.10543640184783,0.0460231026480253,0.1036986752288591,0.0,-1.0599417918035077,-0.4399412730108037,0.5531647696651842,0.1073541547880896,96.98959643374523,92.80100275675444,109.93464497358616,2.846428462437216,-0.0396913679327478,0.0078248713798236,0.0277429678827448,-0.1464936423298436,0.8907564641493255,0.0153955167133876,1.0,0.0364222566970833,2020-07-17,59.0,5,-0.0467496839204096,0.0213613530704279,False,False,False,0.5,0.0,0.0,-0.0029872958435901,-0.0819075833251649
FISV,Falling Wedge,bullish,1,0.8037923193916324,3,64,1207,1208,2021-07-06,2021,2,109.08000183105467,107.94019652984974,133.9955708430366,106.03358912811252,0.7225027233977155,0.0105596000178647,True,0.0092592087447913,0.0048084711034439,0.016099373742161,0.0333696684609103,-0.0126952179812617,-0.0066867790360432,-0.0063181872178389,0.0282251267206101,-0.001171802938645,-0.1522381010509672,-0.0145715947583525,-0.0140964190243151,-0.0059303286301427,-0.0639999999999999,-0.0074889315884643,-0.0031289607862039,-0.0239704260316022,0.0707973976152296,0.0349790134459122,0.0379840538941145,-0.0140833016457014,-0.026106667860217,0.0158108129783322,-0.0022002703441074,0.0037949130943075,-0.0265810034310403,0.0950537989688438,-0.0372059641621137,0.008339915882745,0.0390624984477958,0.012019551356728,0.0460119691879779,-0.0589667205116176,0.0066927553329165,-0.0008832577618979,0.0169468479760792,0.0187241586030348,0.0378187973772015,-0.0171211106087356,0.055688589136656,0.0303194425158304,-0.0207378042648844,-0.14896117089184,0.0577560796970273,0.0217535292600323,-0.0089868154496443,-0.0080675180421746,-0.0253392525159065,0.0418277012310666,-0.0033938981874275,0.0838171068367283,0.0448806722221071,-0.0759834001431893,0.019473089670946,-0.0184458276764128,0.0265078220709757,0.1390812203235423,0.028742486245961,0.1190831322551433,-0.0523086163551739,0.0226093024444087,-0.0038335459590586,0.0453114093684721,-0.1988698131288763,-0.0652949924537473,-0.0484999974568685,0.0536581931851392,0.0956739665368593,-0.0207693185937044,0.0798496418982728,0.0385728818658381,0.0319807908665683,0.0686663460797782,0.0620625755766213,0.078857521566251,0.0363409040469442,0.0053023008533144,-0.0109352459438698,-0.0323657740360057,0.018801829522274,0.0130102655875108,-0.0914337645197781,-0.5402661104287566,-0.0353834271333934,-0.0286253917317439,0.0190570537860579,-0.0753197913864497,-0.0082734546839134,-0.0486317525136588,-0.1456966020465947,0.1705800010935421,0.1054632281705379,0.0145764238283867,0.0095451690030194,-0.4911929952308377,0.112286593522934,0.0455114567702898,0.0013844165019969,0.1102031217663717,0.1079672513055627,-0.1008684841576851,-0.0377754486095091,0.0858051890759119,0.2215894282702906,-0.0694758138628773,-0.1217735079962283,-0.0317521701343965,-0.0681056891160954,0.1921636916677644,-0.0031421809341244,0.1882257602813486,-0.2061989129454257,0.0426163406023896,0.204035363306885,0.0055012533241584,stop,1227,20,106.03358912811252,-0.0279282421324168,0.0726072427209158,0.0292446130166643,-1.0,2.599778474300725,1.0471340400876732,8.17865845553985,1141,0.8643251982889268,7,0.0373454329928057,0.0640922319916932,-0.0445072654969123,0.0,-1.6405802877696454,-0.7762550894807193,0.138894251780151,0.1313310696757218,107.94019652984974,106.03358912811252,133.9955708430366,1.6664303370884477,-0.0321466465112106,-0.0400749124373394,0.0153305463097843,-0.0287705617707612,0.4436606097076256,-0.0008236143557741,1.0,0.0287937027043678,2021-07-06,44.0,7,0.0320265065526599,0.0380260063632724,False,False,False,0.0,2.0,0.3333333333333333,-0.0269548818033075,-0.5779077266251159
FISV,Falling Wedge,bullish,1,0.610202712776437,3,32,1532,1533,2022-10-18,2022,0,95.3499984741211,96.72587854721962,112.02941715016084,90.2016067618244,0.8750838715799033,-0.0142245290894602,True,0.0496067481135549,0.0064347862492835,-0.0114825251254637,0.0355018341405717,-0.0166128731805407,0.0032879740516964,-0.0075022550833591,0.0088799686817584,-0.0073352077507575,0.0075000127156574,0.0356856288821745,-0.0163562297595152,-0.0325084374131023,0.0214229585240897,-0.0049130908039526,0.0366758724605911,-0.0148888481987847,0.0244051865200771,0.046632074468397,-0.027239322592895,-0.0007581831525226,0.0049410514199761,0.0453399686733501,0.0909281416642961,0.048840428070547,-0.042662665575749,0.0593169810027007,-0.0752075355515748,-0.0112868724178627,0.0464324403600044,0.0222169675257555,-0.0763544564084492,0.0169187588718853,0.020788773285207,0.0370175522843148,0.0549999937719227,-0.0272885600421706,0.0094411428181144,0.040570306374557,-0.0031857583610566,-0.0060518034225218,-0.0333139115741606,0.0159943623412435,0.0066426927416387,0.0067476825915877,0.0878413371335268,0.0524383857369126,-0.0275094735690921,0.1357199933446993,0.0234005013343907,-0.0255636808836724,0.0467116175519182,0.0296218751655463,0.0453457952193319,-0.0156542440779553,-0.0547219041388822,0.0185106831293946,0.0359658039623538,-0.1309288013767309,-0.0636085079926886,0.0189045580863824,0.0319712310441619,-0.1720298219763397,0.0617650171926438,-0.0003988138634677,-0.0761084953654676,0.0712090528388027,0.0718057998525583,0.0498425027845636,0.0687992164967756,-0.0136150078445314,-0.0287600468080065,0.0394025242313074,0.0861101334267628,-0.0857693846512294,0.1516864620866402,0.0244115923805918,-0.0378223419283411,-0.1169911612451604,0.0308463835043593,0.0991197243243409,-0.5402661104287566,0.1281574807196142,0.0531636620855058,-0.459717148655351,0.0399806986604702,0.1290886461160507,0.0335801751883468,0.1025547668011519,0.0735236962134535,-0.0512725660255054,0.0852478571969634,0.075616142630873,-0.0093181464917841,0.0865938578447529,0.1045104990588581,0.1370005038347421,-0.0697247900137527,-0.5597242610643658,0.0168435728980074,0.2073077983228286,0.0146099727277879,0.1058663716278405,0.0699448752800988,-0.254493045970984,0.07109596338459,-0.254493045970984,0.0990144536711117,0.0469731791878449,0.1868996889559075,0.0993143843599857,-0.4264247070595643,0.0092256597678659,-0.1040038465530229,0.0962992884163955,time,1592,60,102.55999755859376,0.075616142630873,0.1141059785728831,0.0263240920440256,1.4004371631730963,2.113282261881143,0.4875313061815872,3.2397338058410963,1500,0.3936917253291804,5,0.0459091780010246,0.0363472229256767,-0.2237512749211326,0.0,-1.202272928028665,-0.8085812026994941,1.3019279850046814,0.1114542067150858,96.72587854721962,90.2016067618244,112.02941715016084,2.797856467110769,-0.0270799765120193,-0.0499293290040593,0.0287934189547503,-0.0515373249055765,0.3496928351607247,0.0128376292979397,0.0,-0.0337420409122736,2022-10-18,37.0,6,-0.1927953709213359,-0.1294925664746171,True,False,False,1.0,1.0,0.2,0.0083845782462044,-0.0802238646424978
FISV,Falling Wedge,bullish,1,0.6936510325747219,3,41,1751,1752,2023-09-01,2023,0,122.77999877929688,122.27983548747945,134.57154288220795,117.54470025690097,0.9605863403454912,0.0040903170160762,True,-0.0089591015235176,-0.0039006813269567,-0.0314494797192536,0.0070646675071905,-0.0232802696689773,0.0185697898840615,0.0225470588672633,-0.0192721698021671,0.049161149829868,0.0306725772389868,-0.0287557856827838,-0.0056596138873765,0.0269415190039976,-0.052638691601193,0.0257920099778155,0.0195529318462124,0.002744187403733,-0.0232925212181912,0.0493789269959339,0.0552317220027527,0.0044750672942313,-0.0484253946330738,-0.0129269856054691,-0.012868560406934,-0.0005880963094397,0.0092603794314702,0.0214814495676742,-0.0404975867848704,-0.1623220996078622,-0.0130638691101432,0.0296085792701574,0.0278100220195638,0.0267413982070789,0.0676652091340728,-0.0816761097131865,-0.0078619997270428,-0.0063571258115545,0.0273958047231037,0.032521185385818,0.0509259471235337,-0.0001047782979927,-0.0008501610805259,0.0432463521342183,0.0452045426503762,-0.0476394096994063,-0.0139429468976582,-0.0808763675183402,-0.0322602278445346,0.0839999728732641,0.0874389555321779,0.0247394437581114,0.0046368177405242,-0.0038791741199541,-0.3049703635809662,-0.0082456078155908,0.0789953739164486,0.0655006163914317,0.0498676142725118,0.17038988249335,0.0287169984103679,0.1356409013463546,0.031336589783387,0.0994715478238501,-0.0516079528802686,-0.0661875534120235,0.028763577968305,-0.010459544127976,0.0515043428950063,-0.1056589894817558,-0.0801433167920006,-0.0054331668811653,-0.4303587819266353,-0.1197443962141304,-0.0426993962700882,-0.0829814642274267,0.0162812597526518,0.1588485438349374,0.0733378284505295,0.0827627691288506,0.0504964989897862,0.1222465261043923,0.0888832734678934,0.047000732572648,-0.0349198150362498,-0.0558021203621139,-0.0556635672545204,-0.2453454853144095,0.1413930257161457,-0.0592008465671727,0.1640000406901041,-0.0046362718926747,-0.0708382344741264,0.038198423912976,0.0253201550182746,-0.09890202949221,-0.0150609800800051,0.0744029447030958,0.1750993539165977,0.0120639672590334,0.0476500947590496,-0.0475471928434553,0.0443069269640068,0.0586567679358911,-0.1146067015380067,-0.0540335298480447,0.0027066835858051,0.2700937800464575,0.100033331483937,0.048894414979179,-0.1655212720551306,-0.0391022915324414,0.0403104841149168,-0.0982192430497855,-0.0064876884922627,0.0264615328721446,stop,1764,13,117.54470025690097,-0.0426396691191259,0.007818855628092,0.0498452123964302,-1.0,0.1833704573609115,1.168986847838185,2.2523155179152488,1710,0.514750843594534,6,0.0803710336035728,0.059484588139363,-0.3126094346118865,0.0,-1.0696943536819463,-0.5549435100874037,0.8005395810924245,0.0849355199015187,122.27983548747945,117.54470025690097,134.57154288220795,1.5285720825195273,0.0749892580975708,-0.014873574555082,0.0124466420723624,0.0384745082037278,0.8552620351454938,0.0068374811370619,1.0,0.0098027052173994,2023-09-01,49.0,6,0.1077586910740651,0.1189028185358092,False,False,False,0.2,1.0,0.2,-0.0476688079786031,-1.443844269181486
FISV,Falling Wedge,bullish,1,0.6066399990805121,3,31,2087,2088,2025-01-03,2025,1,208.57000732421875,205.0715333205003,227.4630739652198,201.0337558550764,0.6385662236608175,0.0170597739582449,True,-0.0337536956307351,-0.0087986036996358,-0.0018867409907604,0.0023923641470404,0.0687274406485132,0.0064761933826265,-0.0163562297595152,0.0125912874573825,0.0659038622264731,-0.0109941504151711,-0.0007763659360955,0.0881630745955139,-0.0011000061035155,0.0013963144011068,0.0714981145874904,0.0024630347774547,-0.0513437465274165,0.0392884051132906,-0.0236024910209491,0.0033433761945798,-0.0100982392313437,-0.0108273014564054,-0.0455166054352501,0.0019657112188857,-0.0094047841210405,-0.0002813456760465,0.0076810198720054,0.0729173464587384,-0.0087519690294396,-0.0398221803889456,0.0267184159134603,-0.0192894308896695,0.0103046630424115,-0.0434702309867437,-0.0090773403034365,-0.0243648566329905,-0.0401693282659638,-0.0243902618327289,0.0173483045601616,0.0275374281416858,0.0487109604649278,0.0170376130959644,-0.1000370930323525,0.0818980109190183,-0.0032206382437631,0.0021017568595711,0.0270891964236332,0.0178483532141873,-0.0153391576731177,0.0429537034424114,-0.0808763675183402,0.0252510290088414,-0.0219901202643405,-0.089649579497262,-0.0038335459590586,0.0266040204639699,0.154875664420014,0.0738941852834216,0.0436334954945412,-0.0835581463761759,0.0318405993724986,-0.0421792982978724,0.0327069116230231,0.1348913898260972,-0.0292466071151035,0.0208806987051379,-0.0158227848101265,-0.0551233880823213,0.0195935613213213,0.0833772775517813,0.1055318066543405,-0.019241460318361,0.1527172349760599,0.1571032696034766,0.0100796414197419,0.0878117602061716,0.064042723422441,0.0375351772529384,-0.0228757831152337,-0.0460888595022586,0.0310225998770803,0.070545866140292,-0.0057413801319897,0.0888763836391277,0.100272510118752,0.2902235987991619,0.0639028079445178,0.118873360463054,-0.0370293070646418,-0.0278989551436956,0.0742530175266165,0.0239580672461188,0.0842881812097644,0.1346880090550397,0.079729778303287,0.0792692652204498,0.0683970129756572,-0.477958574759848,-0.1146067015380067,-0.0073699035399966,-0.0080659694383653,-0.0041289749024223,0.1459978080834072,0.0678746950103383,0.0596300368873727,0.1118722442149562,-0.031406436014243,0.0799776494572537,0.0211927211789653,0.0640364716529946,0.0868927729624571,-0.0242705398206205,0.1740877817777342,-0.3390557939914163,0.0826834140237667,stop,2091,4,201.0337558550764,-0.0361329587404548,0.0020137035728845,0.04310305977594,-1.0,0.0557303814323405,1.192901474953984,2.5069580969212377,2055,0.7494092421949734,7,0.1714132494782389,0.1402313928021377,-0.094025607903875,0.0666666666666666,-1.0318789603426013,-0.2824697181476253,0.248295081373374,0.0962440220392034,205.0715333205003,201.0337558550764,227.4630739652198,3.585001264299649,0.2029705257029224,-0.000472483782256,0.0171884793518121,0.3857551985675331,0.9430403584845524,0.0072822605646818,1.0,-0.0225745662033242,2025-01-03,61.0,6,0.2080466302900769,0.0998427822710752,False,False,True,0.0,1.0,0.2,-0.0134960003186633,-1.2005816245535377
FLEX,Falling Wedge,bullish,1,0.6671099935234016,5,26,685,686,2019-06-10,2019,4,7.354936122894287,6.708227157592773,9.8074951171875,6.602186584670932,0.6820155459672699,0.0964053467643131,True,-0.0891393056684988,-0.0835719916427878,-0.0831040191830583,-0.0471933322919279,-0.0196214805542843,-0.0524233097329258,-0.0678180550073245,0.0151197414701944,0.0299877730377786,-0.0245201710726551,0.1029061814877385,0.0907080372302593,-0.0149700335614413,0.008758550656194,-0.0604026907025537,-0.0039391155111914,-0.0323479853187702,0.0159026513534497,0.0267579567278368,0.0,-0.0280658734390754,0.0216293584450621,-0.083007514870164,-0.0358606700194022,-0.0498758935219093,0.0564191374898728,-0.0374432894633682,0.0044718548180811,0.0478682148304216,0.101363369680506,-0.0832402099556867,0.0752090174066801,-0.0455050624191446,0.1278934604545825,0.028887433313911,0.1158107193864608,0.0278810885498836,-0.0426551911224039,0.1626660351213515,-0.0092824617716809,0.0511440191344774,0.0253286549376048,0.0435684495876513,0.1853657563914759,-0.0375047996023159,-0.0757729798578203,-0.0040983715496836,-0.0303724358231902,-0.0018621140102074,0.2824636417443629,0.0445993354005058,0.1245550956327652,0.0175219458489623,0.0026539096652382,-0.0260990343412922,0.056103091903177,-0.1149328857279056,-0.1888858894398949,-0.0073821618356663,-0.1059768858162014,-0.0517552413456849,0.1212056890038206,-0.3084659969739822,0.0007954852210974,0.0485003276880007,-0.0128885027601224,-0.0440414245681006,0.0357142857142858,0.0023104949001584,0.0665983593936341,0.0727500891536292,-0.0481366835966766,-0.2730700210520198,0.0832769116166014,-0.0589286043849713,-0.350982666015625,0.0976430864711823,0.0249580878513904,0.1427736031305067,0.1039926225832803,-0.0471280716843058,-0.0036062164846923,0.1112608025873267,0.0281063110065558,-0.32749998022616,0.1294964481818763,-0.0167229114694367,-0.1943127909972133,0.1444733749447915,-0.0291206901442219,-0.0118363336179199,0.0913665454586206,0.0051229158129066,-0.0102735690835524,-0.4253222293286113,0.0639013224674038,0.327173844937735,-0.4039016876574191,0.3387914764743329,-0.0302520934526657,-0.3977012040434758,0.4037503178448582,0.1934536561104032,-0.0207778176845812,0.2525169735863097,0.4094067860950863,0.2305004977759379,-0.2043941383403446,0.010429833440958,-0.3523077349911073,0.262332802517665,-0.4114158598821719,0.0587576474194142,0.0021628902235355,-0.0102323483627564,time,745,60,7.392614841461182,0.0051229158129066,0.1813525034557217,0.0901639795962492,0.0500547880186338,1.7719520383790974,0.880970730425859,3.2581341731298297,655,0.907168596130216,5,0.0100248180024114,0.0160527582038545,0.0551190981559512,0.0,-1.589078379946625,-0.681909783816408,0.0599335841652558,0.2312805733598715,6.708227157592773,6.602186584670932,9.8074951171875,0.2718270165579658,-0.0522304975786361,-0.0755642843986318,0.0373797379226091,0.1393151966196864,0.4482737553648537,0.0084121536787478,1.0,0.0030200018980375,2019-06-10,39.0,4,0.1517060014640567,0.0033515048163983,False,False,False,0.3333333333333333,1.0,0.3333333333333333,-0.0057609792756905,0.0232502806845759
FLEX,Falling Wedge,bullish,1,0.6354612086507683,3,25,1324,1325,2021-12-20,2021,1,12.938960075378418,12.771433463463424,15.061155979449936,12.09534693230625,0.9794270101319852,0.0131172912104389,True,0.0599883559831988,0.0201723222622924,0.0325982100514419,0.0229244435606845,-0.0980281324617008,0.042092039994116,0.0393518457488148,0.1517072158612231,-0.0644490292592553,0.0065056971013104,-0.0098716640572222,0.1098397451978256,0.0092002688196235,-0.0642857707824,0.0398523883227177,0.0159304134906335,-0.0968494953598861,-0.046001037559193,0.0682985587731117,-0.0171270395679592,0.0173688511157952,0.0218093645843926,0.0509450123044951,0.0873616720212584,0.0460629524562812,-0.0308284780868955,-0.0503432376652325,-0.0557511649484405,-0.0011594468268795,0.130869886798276,0.2125523220810963,-0.0618593854398934,-0.0301388850762728,-0.0571114905294748,-0.029490707885786,0.1867350513574652,0.0455136776364781,0.0060377522121393,0.0214410786166849,0.0885173949077589,0.1150627759071412,0.1096153163990287,0.0387283820939945,0.1403044347592961,0.048498866190177,0.0460019648962253,-0.0128129882307572,0.0021453464857551,0.0106145096568106,0.1582758673306168,-0.1453348984880978,0.0074732769260437,-0.0092526597433547,0.0342889203250842,-0.0022856842850039,-0.0412728920467861,0.0164035517415668,0.0128866505378903,-0.018753745665593,0.0417371550737342,0.0632102291878073,-0.1686892938281428,0.0569545044980794,-0.0872908300270324,0.0175219458489623,0.0991667040172532,0.1611479633064532,-0.0364387778804335,-0.0213311130550501,0.0198019780087435,0.0459896866195213,-0.0050235430296947,0.2087557827825732,0.045409767098888,0.11969900913308,0.3692509309140115,-0.1380953008693333,0.2329630141581262,-0.1712227857535933,0.048733619551295,-0.0071403973329545,-0.0704734584894277,-0.0808609874767425,-0.0113507560594887,0.0353838136005106,-0.0587143774610001,0.0338345772251824,-0.0786146868341902,-0.0009646522918816,-0.0158642807949939,0.0472267680458697,-0.0053446247970682,-0.0139778321446946,0.0242681117050903,0.07409035266505,-0.130311659214046,-0.0065476645588381,-0.1086223043557194,0.1439205030009525,0.4789082688454227,-0.0782386044783274,0.2047477369651629,0.9889226751041515,0.2476744540902071,0.4428587390267506,-0.0151856682128904,-0.0946463239652769,0.1208737485040225,-0.0664985418671145,-0.0380067113484209,0.0546723863136737,-0.0943054923252633,-0.1536751588953628,0.1878761345177697,-0.1219031756352897,stop,1347,23,12.09534693230625,-0.0651994548369835,0.1059988798217031,0.0995923120006857,-1.0,1.625763284167471,1.527502219914165,2.5156031784227078,1298,0.5939235035716288,5,0.0285474913835292,-0.0166756685332548,-0.1599925485384031,0.0,-1.104333042292892,-0.5104095387212652,0.5490210346407821,0.1384730855807618,12.771433463463424,12.09534693230625,15.061155979449936,0.5167401177542551,-0.0514659045912367,-0.0516115090141526,0.0403598656050565,-0.0075934504309366,0.9491537057414164,-0.0414235968723054,1.0,-0.0262567086459788,2021-12-20,34.0,6,0.1698707370083698,0.0942003083887654,False,True,False,0.0,0.0,0.0,-0.0010480455514322,0.5571396717121451
FLEX,Falling Wedge,bullish,1,0.7776429504971216,13,92,1676,1677,2023-05-16,2023,3,17.75433349609375,16.598085511405507,19.27969101240049,14.52119575623307,3.515564418734761,0.0696615271618956,True,0.0428692026457009,0.0386495462758766,-0.0504098332597184,0.0251845378381763,0.0042589149506251,0.0159046150807653,0.0176564886297347,0.1389310877783496,-0.0727497105948462,-0.0313662235153747,0.0727070637492828,0.0429740960856925,-0.0089108678280476,0.011776282853839,0.0764895171843358,0.0088365636444556,-0.0074177299645898,0.0136872046472249,0.0199999898757936,-0.0727497105948462,0.0261127914689893,0.0031210773242582,0.0311673948779959,0.0776740624366163,0.0643359256979867,-0.1159891130481545,-0.1214338319213547,0.1237720691081507,-0.0057335608256704,0.0375275873436249,0.0183397585657474,0.1964017579487473,-0.0146051892767135,0.0657350143801451,0.0376344272580129,-0.0766002345273033,0.0924050108735099,0.0550982217157982,-0.0210305505383275,-0.0306287167595465,0.0641665853742132,-0.084982562188844,-0.0564516375948068,0.0234708331335207,0.0215759423572754,0.0672404718677151,0.1307299956684211,0.0705142540078822,0.0093716038720281,0.0818832085521044,0.0325900015650841,-0.0011552004437965,0.1263516979114212,0.0741433355870995,-0.1425591094462961,0.0516726274160745,0.5640860074384331,0.1913828336989262,-0.0473684111200647,-0.0698293705486088,0.1608795960629256,-0.0368609574702848,0.0116169806845172,-0.0200296685064044,0.0157989940851022,-0.0440414245681006,0.1410752983503445,0.0785218705651797,0.0718534999841369,0.1842104923905159,0.0906035277820962,-0.1019491089759081,0.1174999538610399,0.0308286000065349,0.0752810658675837,0.031811869704057,0.090100789719639,0.2029702963404862,0.1160043419363945,0.3740459121431614,0.0860216063374816,-0.1380953008693333,-0.2015752897222967,0.0657395050354248,-0.1116666925630742,-0.1238532914293371,0.1270719491350864,0.0314523553530923,0.0434512105252777,0.2153530103750149,-0.0339476370602167,0.1393832351045104,0.1235143500740838,0.0387432722851273,-0.3564576186147917,0.3587385850107023,-0.0625354692590165,0.2097401933049578,-0.0198799582765722,-0.07154466860371,-0.0689265430889025,-0.0596389957258027,-0.1859774025063878,-0.1303548917026658,-0.2261970240433876,0.1312431768653841,-0.0301598894357199,-0.1326413325533879,0.0510360411634835,-0.0974804065657215,0.0416508935158501,-0.0997128571623452,0.0844901591805502,0.2146652519495788,0.146011487901479,target,1684,8,19.27969101240049,0.0859146594628486,0.1052631692031615,0.005942277413566,0.4717885964154655,0.5780382901253095,0.0326312033125146,0.4717885964154655,1581,0.3652429130316018,5,0.0027928804797152,0.174059464221433,-0.2743847848409295,0.0120481927710843,-0.6792316413969147,-0.3139887283653131,1.4403056596719526,0.2233160318082571,16.598085511405507,14.52119575623307,19.27969101240049,0.5038215773446216,0.1335922391801136,0.0906885533536523,0.0285958614320509,0.165503457516154,0.0,-0.0025423128043228,1.0,-0.0095603537581895,2023-05-16,31.0,4,0.0764256328063914,0.056903346747569,False,False,False,0.0,1.0,0.3333333333333333,0.1298542799692476,2.2746570924068257
FLEX,Falling Wedge,bullish,1,0.726689784736044,5,37,2483,2484,2026-08-05,2026,1,119.5,117.27577932257464,183.8952660811574,96.16584818596492,0.9387282960554044,0.0189657292432694,False,0.042092039994116,0.0391318496607322,-0.0047789098379363,-0.0796577265057922,0.0202970289276014,-0.0242266826045248,-0.0549085499738946,0.0052631444565582,0.0286184490181073,0.0022736793700497,-0.0267175090876651,-0.0290093565095647,-0.0269266192386258,-0.0434304947336314,0.0329068333921753,-0.0980281324617008,0.0344828163041917,-0.0808655158981683,0.0561428724405856,-0.1495345690078265,0.0210821659754447,-0.0804993199501024,0.066967859790352,-0.0541422696293149,-0.0526491386893707,-0.0779816411682891,-0.0354872743603664,0.0211765658748912,0.0336358928801638,0.028653281102291,-0.0299869663493337,-0.056657196374903,-0.0290635026976541,-0.0121539190499241,-0.0149333395248479,0.0070299331339729,0.1009573499074261,0.0696683015840076,0.0656934126765653,0.011869342412907,0.0416956005082507,-0.0150837247861649,0.1351568230293545,0.0243445453231239,-0.0549451031430181,-0.0648216886782375,-0.1133891468766342,-0.1068324302875786,0.0830962123035183,0.069455498235655,0.0775593229921425,-0.1149328857279056,0.0686754796449007,-0.0026824529691517,-0.0755805067288968,0.1670929609997868,0.2895521880608982,-0.0446894408432413,0.3766447039233342,-0.100867695036819,0.1245550956327652,0.1171192105167446,-0.083935525012073,-0.0330858500218131,0.0313953423350483,0.0221556436085339,0.1741743029457427,0.1077050492485585,-0.1760594795820207,,,,,,,,,,,,,,,,,,,,,,,,,,,,,,,,,,,,,,,,,,,,,,,time,2512,29,109.375,-0.0847280334728033,0.1015063170109832,0.1443514644351464,-0.4339133507269802,0.5198391173368694,0.7392597827200403,2.759700313701774,2445,0.4801687508004481,5,0.0348237315896256,0.6051784009649734,-0.5469463841907778,0.0,-1.2993308300553774,-0.8191620792549046,0.8574550934542483,0.3278314869981546,117.27577932257464,96.16584818596492,183.8952660811574,9.167143140520368,0.3685824213914641,-0.119987315168997,0.0752145007146633,0.8469465252147506,0.0196070413812274,-0.0089969173536844,1.0,0.0327206235771906,2026-08-05,23.0,10,0.6869820061281762,0.3951321201255056,False,True,False,0.0,2.0,0.2222222222222222,-0.0823246031108718,-0.4885153666653995
F,Falling Wedge,bullish,1,0.6208390188987066,3,29,579,580,2019-01-07,2019,2,5.693436092342811,5.220508720566549,7.308315109913565,4.926385057290474,0.7805157583988472,0.090590284796026,True,0.0676960680035003,0.0654377564103945,0.0174368541941296,0.0537261165116911,0.0336497893292961,-0.0105347865933557,-0.0929123147422881,0.0217610626031432,0.0079747649991168,-0.0054199422565697,0.0980077827075514,-0.0342679534205558,0.0246913841340579,0.061403530081606,-0.0117521743731551,-0.0851485307778399,-0.0426751782158716,0.0161137387702328,0.0019533750513864,-0.0025883637028286,0.0473084098305436,0.0115133081048128,0.0621840243917451,0.0095013487131128,-0.0140167632660777,0.0091285291120224,-0.0560432929975779,0.003924602933079,0.0709830307081211,0.088607626318244,-0.022982430733823,-0.0696151906677838,0.0041771563386925,0.04987534363477,0.0303028935258802,-0.0225099559342706,-0.0086084667897258,0.0238627678020404,-0.0015987142690095,-0.0156250772537371,-0.0899468252294243,-0.0524720601861837,0.0319731091185948,0.0802752322478634,0.0342173356878958,0.0051050680448294,0.0572969062977815,-0.0060936009659715,0.4210649253623539,-0.1138296208134482,0.0519711118809167,0.2844755692502516,-0.1191895108912275,-0.0636642373872485,-0.0230126851209773,-0.1899441413277994,-0.1480324667764776,-0.0446927464265953,-0.0666136644266931,-0.0533548978081643,0.0278183158906639,-0.0882038234372541,-0.0665065241418008,0.0077904056431532,0.0593582472356393,-0.0536987365956602,-0.0562767410788009,0.0314132870595855,0.0674533029932606,0.0367551155305829,-0.0431060734153461,-0.1429526338833141,0.1193653188205885,0.0012029796281554,-0.0202264034253409,-0.0477365877499591,0.2075797037038227,-0.1316866167533912,0.0343227089279138,-0.0093456258696199,0.0007862572139405,-0.0548162572649059,0.0759964801777253,0.0056817507099542,-0.1028707272795268,-0.0515732230007636,-0.0648576505801905,-0.0750243903521654,0.2183712144977974,-0.0613126519880316,0.4391279550004456,0.0197535355039262,0.1032140720623393,-0.0169543371550398,0.5768543209365287,-0.0162895111055987,-0.0264466138974109,-0.0644928524238317,-0.1205525440097415,0.1949839509322228,0.1638511888418263,-0.1910111841517398,0.122807205111487,0.0220946423823407,0.0865090166076507,-0.1274462574681146,-0.3887501504939604,0.3462410550829575,-0.1353727859471,-0.021126744813319,0.1949083289235229,0.2056727720446793,-0.0118858677551945,-0.0216628843802688,0.0637698178414925,time,639,60,6.281078815460205,0.1032140720623393,0.1201308680000442,0.024940552129515,0.7661064209075721,0.891671334006159,0.1851212411797991,2.105308439432025,548,0.7410669786432749,5,0.0856955852975863,0.067592256255661,0.1567456956683213,0.0,-1.5932369650620777,-0.8521699864188017,0.3028744623690437,0.2022859884257306,5.220508720566549,4.926385057290474,7.308315109913565,0.2337651551496745,-0.1617839259718071,-0.0638057010449112,0.0417025660626582,-0.2262606096909934,0.7647062123439053,0.0037129148868217,0.0,-0.0517882785063561,2019-01-07,50.0,3,-0.2185941436370349,-0.153361811926614,True,True,False,1.0,1.0,0.5,-0.0404267207291437,-0.4190690978141385
F,Falling Wedge,bullish,1,0.7700745329120738,8,98,777,778,2019-10-18,2019,0,6.6266558389989525,6.447870567580612,7.79326368987801,5.932346352824907,1.369108005781359,0.0277278009141901,True,-0.0511421313491814,-0.0584227641045561,0.0135258296243336,0.000936189916139,0.0297983565378181,0.1222663870850666,-0.0248543306587206,-0.0375426309982115,-0.0148306546041432,-0.0140188550426723,-0.0425196067313162,-0.0151953942587339,0.0387757772238692,0.0010448914816822,0.036269477669474,0.0228378669840159,0.1155998817697392,0.0144811953636154,-0.0031872300494768,-0.0270726844682408,-0.0148837669420918,-0.1420982818291383,-0.0541087522528318,-0.0326436017347711,-0.055087069890241,-0.0471928117656202,0.0072397702887558,-0.0394967681116978,0.1132662035223794,-0.0512821490323468,0.0591715159956505,0.0140264954430591,0.0337186485717573,0.0219126029047291,0.0393558906094224,0.028081068873099,-0.0421455786408763,-0.0641627387857523,0.0750709206631892,0.173970823081534,-0.0234291216728125,0.0300459714265806,0.048202648297182,0.0565067413360824,-0.0193756966658256,-0.0533178235516955,-0.0261150475529097,-0.0674278419601559,0.0077851176740009,0.0125350721664214,0.2052274098964095,0.0637524442302408,-0.0219412888285666,0.2233766225275528,0.1590711118603502,-0.2111843317059024,-0.0881682644377636,0.0616433313025848,0.1538299819895319,0.0426588925469999,0.0192771196451093,-0.1185647785943878,-0.0432276561066642,0.0681035552409581,0.1478258785535575,-0.1620098179947291,0.0915492075054236,-0.0234474112653442,-0.0555196573631988,0.0217632711137107,-0.0452994431550806,-0.1115912315870056,0.0704105177286984,0.1088381142022403,-0.0516636056621571,0.0636451489453091,-0.0136179746780901,-0.1325092345670966,0.0807699663279919,-0.0824964479244849,-0.0713795777792737,-0.155797158755928,0.0585545411501799,-0.0799725300982093,-0.1016677766307829,-0.0091362621797174,0.2168574288167133,-0.0826258673054016,-0.1991341722836636,0.0428565588989173,0.0541816167636457,0.0415371684446165,1.7657862905196e-07,-0.1014742702538442,-0.0464275639446736,0.4317181083462573,0.0836800874403873,-0.0058700901054297,0.2423999574118656,-0.0028962917877739,0.0840525800683098,0.2690647795814063,0.428730821889816,0.1794640421234437,-0.0677501829240307,0.3236150863954334,0.034801606173048,0.0796822284066265,-0.0769059160582363,0.1606325219147708,0.3696447967391145,0.0166181278589647,0.079622912338461,-0.0553293658990582,-0.1264272357198061,time,837,60,6.626657009124756,1.7657862905196e-07,0.0413494795388373,0.0750815146914094,1.6853086795780708e-06,0.394649324950916,0.7165959383219399,1.6802418433134,679,0.5219151281007002,5,0.0183848918228779,0.136402234662347,-0.0542845159391549,0.0,-0.9281233933488334,-0.4062082652481319,0.6814056024811066,0.1911628561075717,6.447870567580612,5.932346352824907,7.79326368987801,0.146953349543956,0.0156132232241399,0.0249336689741237,0.0222974078348837,0.0084124016056099,0.8695661187865942,-0.0021954987175611,1.0,-0.0010394063010468,2019-10-18,50.0,3,-0.0150876503262147,0.0355210923588369,False,False,False,0.0,0.0,0.0,0.0170607658039156,0.2791044309730685
F,Falling Wedge,bullish,1,0.6485069024926631,3,21,962,963,2020-07-15,2020,2,4.8840156896230456,4.357706139339577,5.151401817412967,4.176346716556413,1.0202072164113638,0.1207767420414522,True,0.0270272003428362,0.0049188800743931,-0.0118663316423452,0.0434320890596009,0.0195019763464174,-0.0132866782038441,0.1251690774632541,0.0774195881406654,0.0260520460807209,0.0196532960337396,-0.099447623270213,0.1365642034719925,-0.0135396482197983,0.0310678954414023,0.0424593485695996,-0.0102686147895314,-0.0405028825352514,0.040413324443395,0.0263808908413516,0.0075399027232765,0.0472005375195678,0.0002930283600577,0.0043154290511333,0.0390389865734854,0.0223715169159612,0.2719594368050404,-0.0110292468211368,-0.0529184704528373,-0.0422961099714305,-0.0477760486604437,0.0137653095530474,0.124143672687816,-0.0714582686364656,0.0359066206221592,-0.0603647278302715,-0.0035883506968106,0.0116153076276346,0.2235917521796901,0.1120509962819933,0.0130723129480294,0.0141784899517494,-0.0458424873886902,-0.0455428753933303,0.0682691952321072,-0.0790005793553683,0.0176021901393613,0.0675676989086941,0.0123750069861714,-0.0434783722814337,-0.1949381749460048,0.0584239952518774,-0.134648062817563,-0.0191826327184482,0.0554457013728459,0.0177338951997914,0.0784222626808632,0.0294420310433669,0.0077904056431532,-0.0348507419866777,0.004558163396829,-0.0096317656766254,-0.0592059253608869,-0.028461307232026,-0.0607674772048733,-0.0453147942516568,-0.1693862403972013,-0.1570749032913339,0.0235294963290888,0.1016474212710399,0.0375375987228223,-0.0065542242977922,-0.0517309104204465,0.2413443564849831,0.1041417840090441,0.1517072157501597,-0.0539167499133347,0.1234084084270372,-0.1330353788548895,-0.104304651187455,-0.2639147746278804,-0.0355040933571594,-0.5026236664072158,-0.2059713900081248,-0.0552019056321982,0.2477063079518984,0.1375405851473812,0.0649691389607722,0.0827973618080977,0.1151630018490237,-0.1124998601448687,-0.0169517369097622,0.0508814465765692,0.1036036433937945,0.024282196088927,-0.0241170688814971,-0.06751387957206,0.1036325594669669,-0.1114374483692819,-0.0532904582888564,0.3471460244629532,0.0708214210027917,-0.1118156257872676,0.0951169169166796,0.1697201164541464,0.183224486552298,-0.1402573637588168,-0.0098219872642616,-0.0956496514048095,-0.1883208356700381,-0.1564316867281101,0.0441905321316993,-0.1323791463822291,-0.1023936108739682,-0.102094205439995,0.1176871889654774,target,968,6,5.151401817412967,0.0547471885395518,0.0600600957937349,0.0120118341038894,0.3778406825315844,0.4145079992778554,0.0829003226894635,0.3778406825315844,939,0.7202426113920894,5,0.059135308638404,0.2987292265495147,-0.2196397842647233,0.0476190476190476,-1.015922939820315,-0.2956803284282209,0.3223057582502384,0.1655162133259281,4.357706139339577,4.176346716556413,5.151401817412967,0.1749528726647931,-0.067119644077593,0.1335734329283209,0.0353963319117392,-0.2621497767278147,0.8461522943183069,0.0283018767191598,1.0,0.0329318336875767,2020-07-15,16.0,3,-0.1662932968631484,-0.024373553700375,True,True,False,0.5,1.0,0.5,0.016670869886664,0.5804597566695363
F,Falling Wedge,bullish,1,0.7023551628545587,3,52,1174,1175,2021-05-18,2021,0,8.822030435946102,8.870927265473593,10.122031268374236,8.040551954208745,1.081225634420717,-0.0055120313879476,True,0.0648379130563578,0.0370189791756503,0.0056006916347532,-0.1123347886648622,-0.0060742828859867,-0.0329512920408295,0.075403125091608,-0.0632798465649118,0.0227273018775946,0.0140514100067776,-0.0528810741658437,-0.0161020072790223,-0.0071686132994007,0.0155980842700726,-0.0507073574894185,0.0017154740056903,0.0081746183754973,0.0634268244026492,0.0069283997357019,-0.0689097930771566,0.0537269399893292,0.0327866440828372,0.0703513901561039,0.2394012218158818,0.2064462693382276,0.0299298461593067,-0.0328644289885535,-0.0362117455446565,0.1505880774406833,0.0122988950035127,0.0054531320077213,-0.0254582790013918,0.0833970945687316,0.0771206906541674,-0.0664653314427594,-0.0623960035365287,-0.0282715978171007,0.1330675894455406,0.1188380451043933,-0.193072756257834,-0.0266479739370042,0.0449113963399581,-0.014440715951575,0.0064360074688449,-0.0258965898281203,0.231885454221515,0.2485450913948002,0.2112157722833596,0.0913082662113193,0.1359307061468375,0.1404380357497419,0.1433071531647758,0.0337031357659218,-0.057709638788302,-0.0679213989898362,-0.0294177771189956,-0.0778762881969361,-0.016621674592042,-0.0739014837175455,0.1600095147472557,-0.0732281588088387,0.0386314665558218,-0.0082341335438961,-0.081395150073614,0.2082866759824773,-0.0322561494590897,0.0083842111035159,-0.0083396419297752,0.2268902078843604,0.164588313432398,0.0927012000478297,0.007456268193889,0.0601502527127222,0.1264371306553386,-0.029151907013727,0.0641347410300607,-0.0084317901988354,-0.1225636959587644,-0.0481927941705968,-0.1191707142212274,0.0235733499569901,-0.040833929969948,0.0715705207598853,0.2182999313251179,-0.0228871625982617,0.0831039368903088,0.0939288740445458,0.0073963553672025,-0.1115828589229067,0.16694207322914,-0.025630682358339,0.1448609184947683,0.1554445519549336,0.0580142835403223,-0.1108411995639854,-0.0986586300904753,-0.4573689259322236,-0.2612656916563619,0.2385716883783708,-0.1302020412331695,-0.0764472582124938,-0.1422936827918628,-0.0403717724910622,0.2694614031247111,-0.3890274551568244,0.1023775819294527,-0.0339729804382793,-0.0531554002205375,-0.5182599436066018,0.0858405094191543,0.1167495117807575,0.0909529193156175,0.0838855033565018,0.1200817634426967,0.2156417569872644,target,1180,6,10.122031268374236,0.1473584615091749,0.1596008432906749,0.0149625399415539,1.6635145596562235,1.8017175520722863,0.1689105789195754,1.6635145596562235,1122,0.3376267259745944,7,0.0977872689262718,0.3495474095493971,-0.1490028144905069,0.0,-0.6213116488694275,-0.2836849228948316,1.2213881257031551,0.1726242823058658,8.870927265473593,8.040551954208745,10.122031268374236,0.287048667838897,0.2642081194914787,-0.0062538061661033,0.0322428900399328,0.4215456781460487,0.0250005960470166,0.011522665139982,1.0,-0.0005580217433756,2021-05-18,20.0,9,0.3855120206639515,0.2769220363194586,False,False,False,0.0,1.0,0.125,0.0241070276045322,0.0349668588898196
F,Falling Wedge,bullish,1,0.6291532984449993,8,57,1257,1258,2021-09-15,2021,0,9.665365887449044,9.486719806901746,11.495102620999234,8.865722951985754,1.0795371618796257,0.0188311749670659,True,0.0037935658319947,0.0218057326722994,0.0515223184012516,0.0856890362696412,0.0324510982073817,0.0907217914891529,-0.007620694348945,0.0495196054842368,-0.0174218163716348,-0.027537400823911,-0.0053708196094828,0.0449275392542376,0.046167971121718,0.0032188746823091,-0.1408731763890079,0.0653973267061611,0.0286004300984596,-0.0308438637841782,0.0219922573791497,0.0414636099409189,0.0599999578414074,0.0202019448276509,-0.0168167336868311,0.0849772359833302,0.1106371372683637,-0.0446534430775953,0.0318629456820944,0.0906040522868127,0.0170511436606195,-0.028208812250297,-0.0116731789222529,-0.0111231207666409,0.0042916247032185,0.0324562383110047,-0.0015987142690095,0.0195839196592455,0.0118107102351576,0.006912754471223,0.2181273129645986,-0.0128755350685423,-0.0220882252540707,-0.0386266110869718,0.1504524811589236,-0.0032921231208137,0.0172811835692285,0.0636625058390336,0.1767828472701875,0.2008055489879666,0.068044989489741,0.2428845586899777,-0.0379148665356026,-0.0219412888285666,0.0642749899474333,-0.0219412888285666,-0.1087381379265686,0.1972232274301244,-0.0914177086069334,0.1226417911929329,0.2690794574883888,0.0133096207741734,0.3708159228913308,-0.0541586709438696,0.1053272532499514,0.1429780521383779,-0.1597437369063914,-0.22277214311629,0.1036759550023544,-0.049849932775781,0.1301939450788767,0.4688924446592264,0.4291327593481766,-0.0631792996815943,0.4313947538527132,0.0778816167470228,-0.0382632921997543,0.3572240452918376,-0.0076596595514066,-0.1484372828749042,-0.1501159422591614,0.0150251626696138,0.2404692669941968,0.2269736352585729,-0.2055445964070197,0.0569908071213862,0.1372451386042013,0.0205011724866892,-0.1945002642990627,-0.041544310349887,0.05299599933936,0.2495166481427106,-0.0780524626249861,0.4219463878462,0.4923017220939472,0.4464194549423066,-0.0718573961830748,0.0054764847514985,0.0222118703360143,-0.0355928699469413,0.1034897923554294,-0.1429604516849729,0.1238366064546119,-0.091126629621701,0.2166994685310703,0.1303289450856775,-0.034239552687988,0.0507247080638508,-0.0578932727599578,0.1242175372144107,-0.0976543938495165,-0.0711331290969515,-0.0707478639968204,0.1125411829447713,-0.1426790070403736,0.0124052657557902,0.4879993573627058,target,1276,19,11.495102620999234,0.1893085843678399,0.189681216057898,0.0417300279654212,2.2881922073007432,2.29269624462283,0.5043951129832672,2.2881922073007432,1200,0.5335023275996692,5,0.1026297562315399,0.3009379282207742,-0.0481271263461775,0.0,-0.8278439245686773,-0.2943415969690044,0.4797942639960351,0.1711505372033425,9.486719806901746,8.865722951985754,11.495102620999234,0.2278578194248644,0.0730388628592115,-0.0222038318765955,0.0235033429180417,0.0417650765555235,0.931818723679105,0.0023328246012164,1.0,0.0086480335073613,2021-09-15,20.0,9,0.019641930080575,0.055927552210109,False,False,False,0.25,1.0,0.125,0.0200964010604323,0.0258816277295379
F,Falling Wedge,bullish,1,0.6524207859973671,5,37,1386,1387,2022-03-21,2022,2,12.386468936578266,12.179141175611306,16.177067720958178,11.039750144660132,0.6949394798876887,0.0170231839813248,True,-0.0029903442388399,-0.0255310898155074,-0.0010765212934485,-0.0192721124338184,-0.0818182473383335,-0.0103873355360669,0.0202189330394668,0.0332102304897214,0.0811565733046091,-0.0160984961114771,0.0032188746823091,-0.0414545161412375,-0.0426875382898941,0.010651178859379,-0.0309798488206353,-0.0297563179483386,0.0396945500365688,-0.0276451105579245,0.0295518319469041,0.0530240911940353,-0.1561095873720627,-0.0051083177510805,0.0065930400632262,-0.0035883506968106,-0.0281252559703826,-0.0348929691592596,0.0354519186780764,0.0389745889540205,-0.0510637659654181,0.0418410213077748,0.04312105069184,0.0141621065542101,-0.0281589950405576,0.0626073217310634,0.1120509962819933,0.0446197147195355,-0.002614309933394,0.0588235176441978,0.0236823361219689,0.1152512361458195,-0.0368520468190872,0.1330675894455406,-0.0517956945855336,-0.0189394081952087,0.0408698191380685,-0.0305986520825931,-0.0340907606947834,-0.0322516854582606,-0.0400331931106998,0.1596424835455785,0.0642749899474333,0.1296701337372803,-0.0574897763792783,-0.0870861529758658,0.306122970496187,-0.0276381602078203,-0.0325706973171434,0.0238561467188072,0.1596424835455785,0.0246468806824371,0.0358753323371905,-0.0468364768064017,0.0432974493847895,0.004499756340665,0.1101528644554565,0.0201930890051738,0.0523692034721692,-0.0400557986161131,-0.0742174371075546,-0.1854053348972366,-0.1012085366721329,0.019061955801489,0.203746551149244,-0.0552019056321982,-0.0224772611712145,0.0377432175615226,0.0870607272037233,0.0012029796281554,0.0225835744380809,0.2192517441406847,0.0270428138472704,0.0819584241075281,0.0337377657843172,0.0929459895310589,0.3168669529990267,0.0179640742442097,-0.0613636919209085,-0.040460599387413,-0.0447430819803268,0.0202764218965703,0.0237044319304222,-0.2344503891057988,-0.2612656916563619,-0.1117570660103669,0.1644294217461668,0.3236150863954334,-0.0718573961830748,-0.129308224231369,0.0826411223950955,-0.1023936108739682,0.1949839509322228,0.0749185866608088,-0.1614177556251198,-0.1795978952649326,0.0229421988034259,0.5445887762303381,0.1772361232151564,-0.1404537858071179,-0.1341992456688826,0.0330060790846444,0.399820660771319,0.0321612012942422,-0.1675065529277805,-0.2688819050481228,-0.2960020334512862,stop,1399,13,11.039750144660132,-0.1087249965114078,0.0645935161738329,0.1291865006345826,-1.0,0.5940999608774927,1.188195031314882,2.8146921295877627,1347,0.5115929535741239,7,0.1687520379957359,0.0653082087989775,-0.2288475806795646,0.0,-1.429236535328462,-0.9176435817543452,0.7961915083058041,0.1710434885788614,12.179141175611306,11.039750144660132,16.177067720958178,0.5736041675512543,-0.0134720876462877,-0.130280740731015,0.0469833290092454,0.2986068027288171,0.1923070339532253,0.0005931485180947,1.0,0.0265772197073614,2022-03-21,23.0,8,0.0797413182728741,-2.0724048227394043e-05,False,False,False,0.1428571428571428,1.0,0.1428571428571428,-0.064321338083581,-0.7491538487833077
F,Falling Wedge,bullish,1,0.6338715292471991,5,58,1466,1467,2022-07-15,2022,0,9.060819944005017,8.480851012619667,12.267065634806189,7.535846899106815,0.8385886606024612,0.0683856997985632,True,0.0551441915645367,0.0378674505393517,-0.0121681742708357,-0.0160258255566019,-0.0511210036711022,-0.0093796079801435,0.0164836101322773,-0.0015696561450339,0.0014202441759136,0.0418691949863565,0.0179051467155975,-0.0671723489318568,-0.0051083177510805,-0.0703248011929184,0.0062835545386141,0.0024793766512869,-0.0105519797355227,-0.0043289833843432,0.0772462939212528,-0.0134875814279309,0.0232561225517795,-0.0322465649812567,0.0604712566323141,0.2090536129781506,0.1482627891135162,0.0552994806959754,-0.0679612514099821,0.0047258803227037,0.0393558906094224,0.0318629456820944,-0.015239424931926,0.0336134012467912,0.0382327196782144,-0.0839090408146899,0.0563012123308455,-0.0674847484145381,-0.0225099559342706,0.0423227023767291,0.0449113963399581,0.0140088281735453,0.0382327196782144,0.0130357457270364,0.1094827232475748,0.1757604315004119,-0.0087083018953944,0.1874869452677148,0.344968744342591,0.2452727305094242,0.0047982279343929,-0.0871211523555139,0.0206275309550685,-0.0708918380007239,-0.0285086190338911,0.0661764833156226,0.0427238746054572,0.0345871233920593,-0.0261150475529097,0.022146582576469,0.0661224081959106,-0.2386799788610201,-0.0596153175773712,0.010830262512286,-0.1244318931631243,-0.0281126327780387,0.0662199385030626,-0.0262254368805013,-0.0281126327780387,0.2485450913948002,0.3517205956223913,0.2917685320848227,0.2336039482190444,0.2402597706489568,-0.0937949978715246,0.3243647919653911,0.437821993337969,0.0417244896550155,0.0162735977852932,0.2043230342717692,-0.0110443490497312,-0.0076343491885205,0.0626675149120568,-0.1123161274345317,0.0930447396018683,0.0003604177060709,-0.0011403255190897,0.0007849524697289,0.1346519274034872,-0.1335103747644536,-0.2134857969168064,0.2183712144977974,-0.3615960864000761,0.2497622302292891,-0.0556956798487738,0.0135177643241439,-0.1067235677225254,-0.0084166156246753,0.0060660719954412,0.0913832114807757,0.1687244258764839,0.3333332151707375,-0.165490712604184,-0.1756686842726021,-0.0429831531524173,-0.0826981882709795,-0.0777948487185354,-0.1035400521681265,0.0045626710285875,-0.0254400815791961,-0.0812516912336271,0.0963492890579693,-0.3494900228031485,-0.0707478639968204,-0.143615287601706,0.0369581519404573,-0.0208714931888693,target,1487,21,12.267065634806189,0.3538582281311686,0.3674125903596305,0.0205761323332654,2.102493353261336,2.1830283083012225,0.1222556889378876,2.102493353261336,1408,0.5348728914923175,6,0.0412954773429942,-0.1139955530558104,-0.164473081489158,0.0,-1.3109303357316515,-0.7760574442393278,0.6117267844927146,0.2140704621999425,8.480851012619667,7.535846899106815,12.267065634806189,0.355827648534172,-0.2843673929859845,-0.0515121650080376,0.040163543686326,-0.508764669651008,0.951220703579306,0.0166812573348451,0.0,0.0200250992681341,2022-07-15,23.0,8,-0.2554903720062821,-0.1727904865981682,True,True,True,0.7142857142857143,0.0,0.0,0.0143622799170621,0.0864921587320015
F,Falling Wedge,bullish,1,0.7821923100134813,5,55,1953,1954,2024-06-24,2024,0,10.638400950509393,10.579885026143714,11.883578322732513,10.006333432122217,1.2742301090773978,0.0055308658100803,True,0.0484799417736914,0.0459981834935507,0.0315791150769591,0.0318569564628519,0.0567442282410677,0.1151204949633253,-0.0623743074515322,-0.0172954212647289,0.012463359435485,-0.0056000086846978,0.0815898679891085,-0.0140495677395817,-0.013134918207096,0.0032945700611881,0.0387757772238692,0.0326406901933604,-0.0244173656041944,-0.0068597264785033,0.0254882915698189,-0.0579212503894763,-0.0717556684320641,-0.0074623960083892,0.0410458057258529,0.0599835744363588,0.0382369267262669,-0.1220657220448987,-0.0086704484649801,0.0517809738336119,-0.0548043288971595,-0.2543074771857794,-0.0127504223244886,0.02544773044663,-0.0199277641817251,-0.0129218383211889,0.1382981127935991,0.0381510441141093,0.0477388069750304,-0.0224067172255424,0.0075872957689058,-0.0847456522064555,-0.0185016970535262,0.0224998255503756,0.0424400962027586,0.0568561474111397,0.0141784899517494,0.0682897516792505,0.1364011327213659,0.118404391856709,-0.0627474926268587,0.0378962389388868,0.0592274691774474,0.1670532169564125,-0.0912630999984653,-0.0106557467804445,0.042264112394166,-0.0827796256400674,0.1106300723039463,0.1823646889443764,0.1614237257371396,0.1305504593279576,-0.3393937599773533,0.0722569998292774,0.0070706516519178,0.2011353841802572,-0.0212766717027387,0.0417883314099722,-0.0128313385551598,0.09532214884241,0.1019993445007119,-0.1087627267708037,-0.1358036241069273,-0.0714995791011909,0.0210525319650543,0.0355332698392645,0.1219511004473143,-0.0527753910762454,0.0732847548175676,0.113237618701699,0.0287274985577923,-0.0961125485653341,-0.0120178981741394,-0.0255705209698628,0.0669553183315008,0.0782804209774385,0.2880064156204007,0.0088499189525741,0.0377033055461739,0.1810491472252984,0.2308999182259916,-0.5026236664072158,-0.0485612602979875,-0.1325812445016085,-0.0837282403347458,-0.1157324895168255,-0.1810506111743539,0.0788888603902531,-0.034239552687988,0.5717797128901605,-0.1470509461790251,0.1090073819095163,0.0569854915987497,-0.0298319565437799,0.1605954486349918,0.1061732985860683,0.114786154125229,0.0708214210027917,0.1633189849718699,-0.0543683780012954,-0.1260918557453301,-0.0106905122204546,0.1477189033261496,0.0404790240731596,-0.052957053621843,-0.096241526827059,-0.1281298547601363,target,1966,13,11.883578322732513,0.1170455388940285,0.1676253491699511,0.0180770655939391,1.970006899579952,2.821321491870626,0.3042571658921746,1.970006899579952,1898,0.5021206312680198,7,0.1196363633018417,0.1745837264764589,-0.191930668867991,0.0,-0.7597404831874949,-0.2576198519194769,0.6656627596670288,0.1257939574112775,10.579885026143714,10.006333432122217,11.883578322732513,0.2441373809617692,0.0551259062456617,0.0057027383959433,0.0228361051808735,0.0773347466932039,0.9393925382192262,0.0076013391536424,1.0,0.0352326159951614,2024-06-24,13.0,3,0.0985521359992536,0.0874071534741169,False,False,False,0.5,0.0,0.0,-0.0094751638534023,-0.0910600962058252
F,Falling Wedge,bullish,1,0.7298894685550404,3,24,2463,2464,2026-07-08,2026,2,13.444392861853965,13.307667567209876,17.482237322831566,13.05917322869746,1.0128804102600837,0.0102741741896965,False,0.0434142729721573,0.0334323070708306,-0.1196735764948023,-0.0198255293603066,-0.0467504363597671,-0.0125828272829141,-0.010904567824407,-0.0327474950416846,0.0033898536404743,0.091819784592021,0.0091954433505836,-0.1396959399939105,0.0721029549739316,-0.0695651821349353,-0.0086005037630442,-0.0202993945020535,0.0136454160301435,-0.0054894624244822,0.0095798313727955,0.059344739751004,-0.0184528608976017,0.0698254397913653,0.0521984886010369,0.0610743240879496,0.0609940436831142,-0.0073731537889929,-0.0029895713138955,-0.1795590554151003,-0.0121960793468705,0.0250140227589648,-0.0240796108585945,0.1342857153500423,-0.1326684056335988,0.0192468468480144,-0.0456316981505502,-0.0641820639684592,0.0160645184008352,-0.0296426503203282,-0.0562153751385714,0.0183278785727158,-0.0231903414596782,0.0145816877240365,-0.1113415516997183,-0.1125227038958424,0.1133769878437558,0.0841090542625414,0.0397351015675946,0.0097090051275527,0.1909356289798074,0.0154829871062811,-0.1853403171598687,-0.0675134299727909,0.0988371841713149,-0.084099901946934,-0.063849053447085,-0.1536606742643786,0.0759495273190908,0.0497436242626005,-0.0254886582185545,-0.3192261656671082,0.010830262512286,0.0159999681791762,-0.1933255798205524,0.0590776277338749,-0.0400331931106998,-0.0961767982802327,0.0183146446427506,0.1159232822203555,0.0686160533056279,0.0517395979585251,0.0279087313760644,-0.1849787437385398,0.0153854351384994,0.1384862588816415,-0.1348086774488326,0.0821837478577685,0.013694630377919,0.0596272703602351,0.159739078694578,-0.0468619836446539,-0.0223776919999593,0.1761745900445939,0.0203884553872664,-0.139240464477678,-0.1267985488593821,-0.2000237555567829,0.0977735239212087,-0.0544746325641656,-0.0618470559027158,-0.0659426662239222,0.0657525875171722,0.0621470300703125,,,,,,,,,,,,,,,,,,,,,,,,time,2512,49,13.449999809265137,0.0004170472753053,0.1986755536433281,0.0218971021115412,0.0145551963829787,6.933894239346986,0.7642218048738162,10.481928005307909,2437,0.8775738490606436,6,0.0863923189109884,0.4139177712358686,-0.115299541436986,0.0,-1.3567154187197858,-0.4791415696591458,0.0920258555552209,0.1709115159367739,13.307667567209876,13.05917322869746,17.482237322831566,0.4586043134417587,0.0453999071952651,-0.026977084878165,0.0343386034233747,0.0258514945532639,0.787879663612983,-0.0132743646323001,1.0,0.0109580441079983,2026-07-08,47.0,2,,,False,False,False,,,,,
FTV,Falling Wedge,bullish,1,0.6847787869400005,8,94,580,581,2019-01-08,2019,5,41.58878165519234,41.01921289191616,58.81270088781584,37.916534450360864,0.5310515622797554,0.0138854142515356,True,0.0276023236876241,0.0167699271349242,0.0593034077079355,-0.0170046518949523,-0.0744907368914291,-0.0337729355824699,-0.0293447414809764,-0.0116760474247231,0.0003163991715213,0.0694597454024272,-0.0170199323038003,-0.0014918110320641,-0.0150888083319115,0.0182516271852581,-0.0114396805939079,0.1361467620482264,0.0019205214259143,-0.0064709854902105,-0.0605398226140023,0.0406315976619366,-0.0342476815453278,-0.0229148717249731,0.0280759560030006,0.0444868206604112,0.0217737079385307,0.0236432288218606,-0.0400769201483872,0.0193120835056119,0.0218498114128025,-0.0126106047177294,-0.0170881502380357,0.0298328649332511,-0.0200901778633231,-0.0182127527453853,-0.020974365710914,-0.0079366471558605,-0.0345902487652657,0.0004113725252756,-0.0989875118509173,-0.0285792361434568,0.0521599547323969,-0.0076241027978879,0.0212290816504769,-0.0025980632069182,-0.0131793404449013,0.0521923068707765,0.1004257345170906,0.0414878911097293,-0.0254867485577493,-0.0123301889057708,0.0073380270441116,0.0105049582424903,-0.0010567240800454,0.0262241722486555,0.0717241820010345,0.0086388356440825,-0.0200495048050453,-0.0172839404877702,0.0100096716550177,0.0065844720672623,-0.0177330912907485,-0.0168017400134098,0.0041982740795809,0.1049264982031759,-0.0200245813564092,-0.1156070162466081,0.0065844720672623,0.0498431457733583,0.0974155758529669,0.1911620539255505,0.1234107759397187,0.0991906117612211,0.0109719812156174,-0.0246305832963792,-0.1773337126110099,0.0939093773467301,0.0738260927689249,0.0123936983936543,0.080518372821408,-0.0506918474252648,-0.0572794148825922,0.0001257736399633,0.09991150078942,0.0845243432295483,-0.055480163193054,0.0512989223180821,0.1465738160634344,-0.0732425584780602,-0.0033949638671088,0.1162394282244283,-0.0053145233204501,0.1700562463506248,0.2681628594911442,0.1482491852109999,0.0561138705544137,0.106582536200916,-0.1166468401932938,0.0534679344516277,-0.1977252033405859,-0.0939901984462014,-0.0602428671689844,-0.0739350310135426,-0.0340039986557602,0.0611182632350886,-0.1241200304141605,-0.0636411959789077,0.1256402050991827,-0.1712477385702095,-0.0426738340190393,0.0512741020137161,-0.0261851941545743,-0.0649778738929407,-0.0639364438859025,0.0747128542838488,0.2983836936859097,time,640,60,52.74134826660156,0.2681628594911442,0.2806534429786664,0.0004404353195553,3.036986888229116,3.178444726014398,0.0049879998040768,4.690294054812661,481,0.6926622014711457,5,0.0271597242505193,0.0674959849318308,-0.6732161031203554,0.0434782608695652,-1.579517260540835,-0.8868550590696889,0.3976294712297881,0.2245170562589007,41.01921289191616,37.916534450360864,58.81270088781584,1.284246837959605,-0.1131791337981772,-0.0475012200653445,0.0308796500584175,-0.1241261444969387,0.5675672361644702,0.0128317489473082,0.0,-0.0201105902808966,2019-01-08,22.0,16,-0.0706745660214852,-0.0653107331048312,False,False,False,0.3333333333333333,0.0,0.0,-0.0133972520466681,-0.5135454380109867
FTV,Falling Wedge,bullish,1,0.6318632049835753,3,27,1081,1082,2021-01-04,2021,2,50.64617367528295,50.66349622704863,54.0855489232012,49.727478670040014,0.4853794571001804,-0.0003419138641368,True,0.032234514304902,0.0034651890036725,-0.0075718990321487,0.0118881049044738,-0.0605398226140023,-0.1088598862593251,0.0520951373759723,-0.0002299314832426,0.0322962684564189,-0.0781618986532289,0.004956690754172,-0.0296383562242553,-0.1545029231569927,0.0018705112990817,0.0405676850650749,0.0071420146168323,0.0286629747375048,-0.0248184086518801,-0.0240243051619878,-0.0285892440562305,0.0150374927130478,0.0228809787298234,0.0472114551369466,0.0219252410419659,-0.0067353340663127,0.0325814612045955,0.0176360471465522,0.023285787131468,0.0205633483719145,-0.0081555214950698,-0.098234622176427,-0.072408181564484,-0.0034834029903529,-0.0066546581618101,-0.0006414932126531,0.0621215327237401,-0.0044562005828994,-0.017041839598721,0.0065161165547766,0.0189325130892763,0.0137001806596126,-0.0437945298051565,0.0265932841266234,0.0180531668740191,0.0120298100349922,0.022068101125466,-0.0333963414928697,-0.0699351448648646,0.0647542071502935,0.0791662616604065,0.0424409677890182,0.0632959257882037,0.0199152532528463,0.0126488400075293,-0.1156070162466081,0.0459046250087111,0.0013458103823043,-0.0076204134091142,0.1312104670717755,-0.1123913275808822,0.0536092673389994,-0.0077983999468914,0.0039201832292969,0.014145167825655,-0.0044777909346341,-0.0279958512317751,-0.0010567240800454,-0.0387769052667692,-0.0442279688832857,-0.015534300852815,-0.0517199785982744,-0.1198434797575999,0.2474536939125247,0.0303712236918491,0.0439122940258358,0.0229756451931799,0.0150479429529057,0.2222478296749586,0.1035794129697635,-0.0076001936995656,0.0442426572557301,-0.12975664407765,0.0831133886370187,0.0994324684400702,0.045975159121125,0.0989126758247023,-0.0863379395678407,-0.043825519961719,0.0578850639339796,0.0942122821168345,-0.2004877970443063,-0.0466098090349048,0.0267630041520625,-0.0534543588597822,0.1483529462630965,-0.0252796755210038,0.0312738457481371,-0.0040617282387448,-0.0434464716732352,-0.1374243145350194,0.0545404054729852,0.0685640560857048,-0.1960209452299522,-0.0136809440190845,0.0918370351553816,0.0120164736974957,-0.1667541002083794,0.0209104450779982,-0.0045682077475255,-0.0587154280125999,0.110707916122152,0.0810436633456641,-0.0960126350594428,0.0197547246430216,0.0321111510837301,stop,1096,15,49.727478670040014,-0.0181394750792652,0.0659212436914206,0.0278788531099861,-1.0,3.6341318259409383,1.5369162000643373,3.7437617797962734,1052,0.6510103641547473,5,0.0993713368814293,0.064626999880422,-0.1706319028580951,0.0,-1.1404895387166554,-0.4894791745619034,0.4791822311665412,0.0551356953636837,50.66349622704863,49.727478670040014,54.0855489232012,1.1030816923936568,0.1580323064146223,0.001464642552166,0.0217991548728677,0.1914402005748006,0.0595238812656058,0.0025416036282819,1.0,0.0100139337445048,2021-01-04,17.0,22,0.3372727833650728,0.2332979928126151,False,False,False,0.0,1.0,0.0476190476190476,-0.0089729724559617,-0.0330778140678586
FTV,Falling Wedge,bullish,1,0.601491167971474,3,24,1985,1986,2024-08-08,2024,0,51.3000948179065,51.15221061953071,62.54847636788247,48.66684883575397,0.8751807482920747,0.0028910617270434,True,0.0151273618144016,-0.0287753393719958,-0.0096587210137523,0.1276001074981463,-0.0387765879118903,-0.0060401487924884,0.0165528473217055,0.0052501660360724,-0.0034684613864714,-0.0263433130645243,-0.0017831092767488,-0.0001715001743755,-0.0034684613864714,-0.0194915500009179,-0.0001368118316852,-0.0405449045971322,-0.0081892609405993,-0.0040501681427973,0.0219462711368021,0.0062316366185959,-0.0420667248988055,-0.0202217837026429,0.0174688857399007,0.0535273868777119,0.0036790483904738,0.1005217809860412,-0.0112224402773761,-0.081712116387869,-0.0378285133495944,-0.0348044573002581,-0.0715856040234049,-0.0103813767092579,-0.0211882828689751,-0.0181355326261163,-0.0339099734437087,0.0285587287028337,-0.0103996156331069,-0.0150717526817604,-0.0301323544036978,-0.0339099734437087,-0.0115535067344039,0.0357271370688889,-0.0921497420187112,0.055423941608744,0.0098013137947208,0.067725003864748,0.0279274693160824,0.0080145189661784,0.0301188288223572,0.0705170458477535,0.0172326117629872,0.0337500317320702,-0.0032321834058862,0.1216369977588276,0.070490125556756,0.1240884413318581,-0.0989891398588571,-0.0103058578618465,0.0285331502754113,0.0411573458196319,0.0638864249097617,-0.0098528602028789,-0.0584878467747898,-0.282674236106987,0.0378386550157183,0.1187798147679892,0.0259804911056042,-0.0130040695823786,0.0125542807704273,0.1199116967880626,0.0351123226628051,0.1356321473766062,-0.1326810657760868,0.1336647869703375,0.0235042745249876,-0.1623457598315387,-0.0137499534919631,-0.1116848356214789,0.0654529807538568,0.0603634339808458,-0.1643541869977729,-0.0012812687678667,0.0566249785574615,-0.006959504931109,-0.2078173794442903,0.0281608133955293,0.0031706439856757,-0.12975664407765,-0.0143701365990285,0.1118281172658344,0.0064940856874133,0.1359169204400745,0.0388050621819611,-0.0423215244292163,0.1891264165683432,0.0171860954273219,-0.0387223357754854,0.0600733414320138,0.0789631854222303,0.1976665723733011,0.0546000799337778,0.0268820297915262,-0.0793123775470039,-0.0490283598193181,-0.0113823226740727,0.0953090731600987,0.0265827305283206,0.0993619117157833,-0.0073792265686366,-0.126723483232598,0.1444303747163242,0.2004725995289673,-0.0853926127956664,-0.0573603848339813,0.0020373968143988,time,2045,60,53.29079818725586,0.0388050621819611,0.1631588103098141,0.014981764278868,0.7559883819596959,3.1786101625144147,0.2918701607273298,4.271678994751966,1961,0.6372454439320642,5,0.0178944504339276,-0.0050837604570621,1.0088117806380963,0.0,-1.0901890105167271,-0.4529435665846645,0.3730973023532063,0.1692874355011733,51.15221061953071,48.66684883575397,62.54847636788247,1.6662262387967206,-0.0860987509137496,-0.0555925975812628,0.0324139747963754,-0.1615399955387156,0.9550581289529902,0.0059692257958599,1.0,-0.0464167823122836,2024-08-08,44.0,19,0.037840066795564,0.0338154990375694,False,False,False,0.0555555555555555,0.0,0.0,-0.0545581103396444,-0.787210010158318
FTNT,Falling Wedge,bullish,1,0.770247321519585,3,43,768,769,2019-10-07,2019,1,15.395999908447266,15.431852178819945,17.198977350748798,14.869757863274804,0.7444405837387075,-0.0023232642431532,True,0.0302676383292339,0.0133970448242934,0.0080622865741037,0.0424540610652761,0.0452819743083279,-0.0111912014212207,-0.0106383120061027,0.3288552443246901,-0.03179736772009,-0.0240182911552933,0.0338303915816855,-0.0092340903350014,-0.0328198737291794,-0.0517615126773424,0.0590082594185821,-0.0389182162616317,-0.0291442600381324,0.0466939986830723,0.0307933272413818,-0.0659320607701071,-0.0506097526226915,0.0288137633626814,0.0168812199380835,-0.0090932933330261,-0.0398452522795018,0.0383871613283206,0.0075066696478578,-0.0423140722858019,0.0256219468356309,-0.0042189732816649,-0.052873896475886,0.3563614954157861,0.0493507118807385,0.0375032691945336,0.0643592316545118,0.0432253409803495,0.1035127723769933,-0.1295016186097836,0.0332631964432565,0.1505785527359242,-0.1585449740109324,-0.007864476476072,0.0161137816335883,0.0156828086281664,0.0265089988222344,-0.0377261896549136,0.1936866958096057,0.1375775467318325,-0.0216354419294231,-0.0606880795265353,-0.0300826395838713,-0.0807566269505819,0.013519972705656,-0.1823677707722441,-0.1144961092195034,-0.0456151917087649,0.0110639764597368,-0.0115250793845652,0.0935231296108902,-0.0561986622130081,0.0917440853278628,-0.0988538761224886,0.0830187864108216,-0.0375902358775419,0.0007937194338545,0.060450836251225,0.1488106528707466,0.199168179929192,0.1955725145240328,0.348402205269664,0.2848026908206027,0.0206531003959609,0.0368181392084663,0.1750543545879552,-0.0405944484610069,-0.1087518921979353,-0.0138134381475865,0.0546410241511365,0.2556516222530145,0.1926243359355828,0.07452050105786,-0.0263983062389647,0.2553758739957927,0.2761666475455606,0.0422163819105845,0.1329236314726207,0.1553850812952486,0.0176537642328831,-0.0153398177387337,0.0039200338602021,-0.008797625989852,0.2744067571132245,0.4247857206038996,0.303059375580146,0.2596845656915416,0.2776311170059296,0.1955836154917547,-0.1970925152962483,0.1214736938476561,-0.0850018421771863,0.2153484652640014,0.0346268990739662,0.3034745183480065,0.2449485001111475,0.2349254962107032,0.205836367589171,0.1169678327014902,0.2375745640704136,0.0378516620610012,0.0381077472753079,0.161602894693738,1.070958775405904,0.5330114226266074,0.2253933467571867,0.2131403642662949,target,787,19,17.198977350748798,0.1171068753587287,0.1938165283231858,0.0240322088697906,3.4261371907496496,5.670393081840131,0.7030982965981436,3.4261371907496496,724,0.5555040626111204,7,0.099235123768872,0.0987906259221347,-0.2336967766610447,0.0,-1.2511923210540183,-0.6956882584428975,0.7164381617862445,0.0832712123546403,15.431852178819945,14.869757863274804,17.198977350748798,0.3844286373683379,-0.0338452017046457,-0.0257894574428045,0.0247030349944381,-0.0960733832904467,0.5955899625893657,0.0,1.0,-0.0126314278984752,2019-10-07,37.0,20,0.0155445348778398,0.0492488818315894,False,False,False,0.3684210526315789,1.0,0.0526315789473684,-0.002693900357976,0.2264397485381661
FTNT,Falling Wedge,bullish,1,0.7693661212572919,13,82,1023,1024,2020-10-09,2020,0,25.540000915527344,25.051018920599205,31.45666631062828,22.24903776590461,1.1497671610517484,0.0195194453558156,True,0.0300704628628629,0.0366493089961788,0.0325711322531161,-0.0780263082356993,-0.0398338836749481,0.000812036477676,-0.019185637656292,0.0192102530678421,0.1770179715914428,0.0671554550732678,0.0198428057130295,-0.066054832900861,-0.0085748349539969,-0.0412714848803114,0.0315574904380306,-0.0002266895424557,0.0546848218526652,-0.0191714490405607,0.0391979128030315,0.0567433511020898,0.0396078587175383,-0.0336418518284927,0.0184497570440573,0.0209866593140892,0.0318851399936538,0.0001677289285493,-0.0612851189961731,0.1303530589735109,-0.0160774252400142,-0.0096754593092299,-0.0756429170881006,-0.1447963536941013,0.0263731451028315,0.0034067116079856,-0.0347413000457053,-0.0130558829798435,0.0567768269538038,-0.0484270019341848,-0.0296735898326661,0.0766810672869335,0.072115340796298,0.0041167875548444,-0.0296925785161519,-0.2333130857567172,-0.0741727156725866,0.0410147974071251,-0.0821457088839426,-0.0837759811394892,-0.0224802159176868,0.073638302717411,0.0446491925640839,-0.1364871828945363,0.0055164752796659,-0.0801193549892538,0.0010187293234555,-0.0384663037836694,0.258713164468952,-0.0764850141953629,-0.0173830113300008,0.1089428320524306,-0.061614030068697,0.0865357032997697,-0.1178243264971586,0.1254964213225622,0.035992552352295,0.4196039362386594,-0.0380862605461008,0.0848150045090663,-0.1149445395792369,0.0029756579307016,-0.052803941158863,-0.1919082015778538,0.1171971643608227,0.1121860177608782,0.1271843414472293,0.8208283589711041,-0.0062630208509246,-0.0708084918083028,-0.1406388545103534,-0.019028330732586,-0.0132556176428481,0.0165863189134094,-0.0315789765718452,0.0086160648801536,-0.1797777811686197,-0.0347011218707018,0.2546920695788461,0.1448916199339189,-0.1137208095391858,0.1743263850723369,-0.0327111520568909,-0.0441301411987277,0.081519136665632,0.0084269158958987,0.285371310980091,-0.1793070703485237,-0.2359671853973423,0.0611246920961154,-0.1381151619046906,0.2356700877208404,-0.1305235642813487,0.3047872069319421,-0.1647157386759649,0.0023602787752328,0.0032701113143176,-0.0969759956485286,0.3212174157192269,-0.0661287250450222,0.3319751923890055,0.0795074066610705,0.3747574686894186,-0.1579535460348831,0.0149788893790274,0.2746286891571954,0.025521048541773,stop,1038,15,22.24903776590461,-0.1288552479112071,0.0566953759717097,0.1640563971753915,-1.0,0.4399927584693944,1.2731836679903106,1.797852217147799,941,0.415794963110914,7,0.1062241794186526,0.5453097766200916,-0.1645294268223023,0.0,-0.8894881566380162,-0.4736931935271019,0.935757092290182,0.2132414103757214,25.051018920599205,22.24903776590461,31.45666631062828,0.6757143565586637,0.0476503246389279,0.0104099951116556,0.026775810545427,0.2058486557830772,0.7796144842932743,0.016277615513061,1.0,0.0424428064295907,2020-10-09,31.0,12,0.6004257238584649,0.2887545856964537,False,False,False,0.0,1.0,0.0909090909090909,0.0078152707455423,0.1129779498518527
FTNT,Falling Wedge,bullish,1,0.6843548905988994,3,25,1592,1593,2023-01-13,2023,0,48.7599983215332,48.25054735272249,58.00687704609436,44.86653135799389,1.289725843176466,0.0105584495256916,True,0.0358900750664541,0.0304948037275605,0.0309278493608646,-0.0625505624381562,-0.0266554621652871,0.0314646098157058,0.048822421213416,0.0672951355332398,0.0131546361284426,0.1241792225421549,0.0869308549456273,-0.0325000281259413,0.0329983445891501,-0.0381037924237028,-0.0335041526744943,0.0249804775080559,-0.016171040125562,0.0502841558198685,0.0375383842732715,0.0913635083623818,0.0399978582460847,-0.0283253500906474,0.0137837215517305,0.0469647455774426,0.0416696723073242,0.0006666978200275,0.0197333017985026,0.0194200460232205,-0.0498179148088799,0.0314603693457744,-0.0371816316408105,0.0018801840773008,0.0156992030654463,-0.0061076898377928,-0.0041865626079593,0.0173892222533702,0.1805502435938344,0.0706303737769196,0.0832474328858845,0.0841673720598918,-0.0961926771326707,-0.0348039514878215,0.0614896441260464,-0.0333250237325741,-0.026276459861058,0.03204263659161,0.2335931828634967,0.197581674765664,0.0051282001121668,-0.0473036421845924,-0.1009732814574742,-0.0378039431087848,-0.0039800482791694,0.0513263772673961,0.0578858704670266,0.2231942184403863,0.1862588268141021,0.0232364706885601,0.0231264512107551,-0.0066385860539774,0.086011325251752,0.0670213016221403,0.1579318483236167,-0.2622972952352987,-0.1144961092195034,0.0380005537683587,0.0177514826290197,0.0531375503989517,0.2127673042907251,0.2487695136518992,0.2657089605130777,0.0972624970038349,0.1549481760059412,-0.1431873488492967,0.1100871256908226,0.1482969417038453,0.0469928292329846,-0.2390362923531138,0.1989424962125641,0.1635904189359183,0.2359542372272252,0.0484856561454225,0.0853371003692733,-0.1037248789811091,0.08482832738236,0.0417849354014034,0.2305489791252291,0.0827637068877729,0.0602214543494423,-0.0038004354164655,0.2093659336955875,0.1732864206634171,0.3779738464784576,0.3500497081635441,0.1396738969404591,0.0669666905811212,0.1725450928662932,0.1488855486782954,0.2872285578582261,0.2289537887329202,-0.0490859713834056,0.1764813760118293,0.320285761582169,0.0702625831757668,-0.1764186078149162,0.0446457482586806,-0.0297436340101282,-0.0025732028293358,0.1558747086064253,0.3004568085407915,0.1941598132726578,0.2293052020188766,0.0169405596850631,0.2141132540067531,0.2525259477395305,target,1609,17,58.00687704609436,0.189640669459941,0.2602543658374602,0.0200984326491155,2.374972951139513,3.2593065666776715,0.2517035720127091,2.374972951139513,1567,0.4870242438436343,6,0.1393951682074372,0.0781445427512301,-0.2493279374892256,0.0,-1.017651174283208,-0.5306269304395643,0.7247601338501045,0.1560691722888899,48.25054735272249,44.86653135799389,58.00687704609436,1.6457140786307218,-0.1119233057253622,-0.0455376553035432,0.0336753450910552,-0.1884756236922214,0.9462019013128112,-0.0444215177292778,1.0,0.00232818889911,2023-01-13,24.0,14,0.0430290318077803,-0.0205334199910007,False,False,False,0.3846153846153846,6.0,0.4615384615384615,-0.0903314780787236,-1.1459325686108146
FOXA,Falling Wedge,bullish,1,0.7757400292653013,3,32,339,340,2020-07-15,2020,0,23.818911245161576,23.39384890610259,31.44703991459089,21.611475085069948,1.0760947090319146,0.0181698334790947,True,0.0015460208599795,-0.0205622994084635,-0.0464665583675574,-0.0401431519768431,-0.0282935457056573,-0.1462815237495836,-0.010963451076028,0.0196713638378249,0.0079291929734415,-0.0127371341952861,0.0083066422913464,0.0172316497824882,-0.0147857230135637,0.0463059180746872,-0.0490909703800561,-0.0102472488955188,-0.0183118439445832,0.0455494989148534,-0.0212484542935798,-0.0423633281934645,-0.0086567544949421,-0.015317080838894,0.0175416460225253,-0.0003864790801685,-0.0170539487376927,-0.0326336913901655,0.0196589480154543,0.0196740511172532,0.0892213447414504,0.0448557175847101,-0.0169491857735236,-0.0387460234593574,-0.0271526175588328,-0.1649346319784813,0.0185133905816736,0.0571430225630886,-0.0217798555488598,0.0110564716479377,-0.0127015603222211,-0.0326864813643217,0.0227157007181357,-0.0308435891206848,0.0098890263441171,0.0435406743818775,-0.0564025068433033,0.0045416107030341,-0.0367220903942054,-0.0919147823167282,-0.129767300602564,0.0144229937819655,-0.0461847154953134,0.1298649770077067,-0.0899535086703497,0.0226080080474546,0.0307114737752023,-0.0839528403081232,-0.0443441862932232,0.0218722615337692,-0.0947781460237265,0.0740113923114746,-0.1044948600084859,0.0375603197268885,-0.1029194417001182,0.0343559811556481,-0.0153617543809689,-0.067812467336951,-0.0516198297337181,-0.0277882105995959,-0.012043597703554,0.0987499750864242,0.0546581520658095,0.1317898533645802,-0.0735415130328163,0.1371866810035518,0.1620613605243059,0.0617446943589969,0.1184256793321296,0.1131116036214607,-0.0678627517598602,0.1431022113233218,0.0914575580102132,0.0182740702365553,0.0679565680010914,0.131894439745138,0.0803122063792265,0.4252390883471368,0.0563059784128501,0.0023512954078237,0.0447418790720404,0.1286809005537392,0.3990116026277308,-0.0098621951900365,0.1521478480234315,0.0728264007185639,-0.125040973146964,0.1781077550766072,-0.0636974546974541,-0.0590565138961333,-0.0789555567003017,-0.02430891405871,-0.0093606635236891,-0.0981641550898788,0.0108216279271202,0.0607147827204068,0.2055285342430683,-0.0736516650184064,-0.2179214825400446,0.0815851057528027,0.0851949599891495,-0.0607061434160514,0.1602500114051253,0.0418720257726008,0.085782686997605,0.1497824524336204,0.1397090270119078,time,399,60,27.442907333374023,0.1521478480234315,0.1661793703368937,0.0655199833521449,1.6417218100033384,1.793126226883502,0.7069806576804581,3.455650861999414,307,0.5719978554401162,7,0.0724471505063532,0.1193398437226744,0.1050598002533418,0.0,-1.3690361232463586,-0.7970382678062423,0.5297260150158127,0.191645766524423,23.39384890610259,21.611475085069948,31.44703991459089,0.986153260326135,-0.1585680793198617,-0.0510971641329386,0.0411002499068235,-0.295544302402444,0.858822605437059,0.0119858200756775,1.0,0.0329318336875767,2020-07-15,,0,,,False,False,False,,,,,
FOXA,Falling Wedge,bullish,1,0.6534294131758122,3,20,597,598,2021-07-23,2021,2,33.706937346032845,33.532985021024075,36.75763191507348,32.00235307507606,1.7754165141702338,0.0051874989625799,True,-0.0124618033125364,-0.0106409108297942,-0.1015176953055129,-0.0339314211046817,0.0133556496085194,0.0791230444279436,-0.0053791474293098,0.0360899044230864,-0.0429738851694094,-0.0168801773400654,-0.0191103313977385,-0.1883800422514996,-0.0183118439445832,0.0149055828350539,0.0265433086023743,-0.0240026066427633,0.0173034123754938,-0.0194565780263578,-0.0508595360327576,-0.0008091302883742,-0.051421716832275,-0.072413894435762,0.0104445518838945,0.010246704947316,0.0030081888016606,0.0360625896149526,0.0243972902501004,-0.0406028990693273,0.0587323088689464,-0.1363222820196071,0.0367359710682502,-0.0114906595767514,0.0421795290285449,0.1915227460392219,-0.2205718647189528,0.0531808138816327,0.0198697565836887,-0.0813985601439151,0.0251907256395476,0.0601836474828318,0.0244976598156201,0.0210495527490119,-0.1204049250162109,-0.0168667138261718,0.0355100589428001,0.0101739676676053,0.0180004902015711,0.0087815662807149,-0.065422943617077,-0.2155388949071505,-0.0102961046141363,-0.0115141816387619,0.024546045729612,0.0168428469290298,0.0336051156906742,0.1149451718641343,-0.0759572759082933,-0.1777244194629219,0.0935150793850556,0.1247960884676628,0.0557983959941594,0.0397101696598276,0.0318133691736564,-0.1180812377671759,-0.036785482681222,-0.0085597270761091,0.0895923904871249,-0.0423731816715913,0.0248549289997462,0.0349479540119346,0.0437787987900519,0.126766887197181,0.0411518158805335,0.0643392246204941,-0.0388279395621997,-0.1104872965378952,-0.3176589719301361,-0.1856711532048829,-0.2187181063429998,0.120076397421315,-0.1827064446579843,0.1241940452438008,-0.0514423101868448,0.0900640514621897,-0.0592772670386352,-0.2130128119255327,-0.0221156520652687,0.0024044056613246,-0.0901252721466966,-0.0833333188560832,0.0173160498902511,0.0843011373658381,0.1687410107530857,0.1475427194927592,0.1106081916740258,-0.2472423065035444,0.0589881865778405,0.088006103748524,-0.0763090968986894,0.1523366813958924,0.1177843255431569,0.0288215448909283,-0.3018083144410514,0.0988605107660494,0.1053294946260672,0.1401863915332954,0.0594119446735534,0.1080044774500794,-0.020395044692555,-0.0347683286151911,0.0061546764738993,0.2396034961854964,0.0535957338982768,-0.0438873865506229,0.1365769466663142,stop,604,7,32.00235307507606,-0.0505707253512134,0.0227087498476691,0.0540016050341651,-1.0,0.4490493203322072,1.0678431970102125,1.789700058260111,575,0.3497960684615946,5,0.0340574064045733,0.0056092214382306,-0.0514100556580517,0.0,-1.264474943669631,-0.9146788752080366,1.7158681461976015,0.0689348184339924,33.532985021024075,32.00235307507606,36.75763191507348,0.862776363521527,0.0746129078556534,-0.0231328403889541,0.0255398189990147,0.2064890875563605,0.8942302754649238,0.0036109779242452,1.0,0.034909624726066,2021-07-23,19.0,4,0.0201629699764569,-0.0247361898820462,False,False,False,0.6666666666666666,1.0,0.3333333333333333,-0.0172548235815543,-0.3193986430936303
FOXA,Falling Wedge,bullish,1,0.7043054147905171,3,38,784,785,2022-04-20,2022,0,37.45806560201923,37.14386138885811,41.78203055151687,35.17048570791498,1.7735916981330506,0.0084591154880673,True,-0.0852675865717629,-0.0155525879902124,0.0362760256212053,-0.0213854103059303,0.0360899044230864,-0.0278261341931345,0.0054399522086265,0.0534767748334177,0.1631702223740636,0.028328402312878,-0.0005932769430269,-0.0193448430076654,-0.0501260816012322,-0.0134917267705678,-0.0114686494753828,0.0251594149189033,0.0567979112682048,0.0528290782322071,0.0735880374919675,0.1045791411698768,0.0581866074709569,0.0530326911253449,-0.1154034886294528,-0.0655904312135375,-0.0221607129463072,0.0606985170792919,0.062181154287813,0.007333205389125,0.0393685989336682,-0.0079126891247319,-0.0579242787667856,-0.0970730014064954,-0.007654235830887,-0.0437876464440533,-0.0370254366672784,-0.0773791247544164,0.0408970383389621,-0.0186437283058766,-0.019592914904276,-0.0208781797041174,0.0379338284964683,0.0210495527490119,0.1308585312979282,0.015287442917409,-0.0297004632073756,-0.0654922397322067,-0.1551463470280497,-0.0287807336662443,-0.0794566533293487,-0.0155238902322655,-0.0080024430862343,0.0300240217986695,-0.0372121655776047,0.0405788659058576,0.0703742400775588,0.0477451384745664,-0.027069104521594,-0.1031032189495385,-0.0614053849228741,0.0834738541196957,0.0092940730985253,0.0506599816304389,0.052804562035313,0.1270751017580904,0.0469001016427916,-0.0523410032422837,-0.0528799802448184,0.0154444858130404,-0.162015376140449,-0.1856711532048829,-0.0031011359320539,-0.0946541705360013,0.1929975171696358,0.0683308636366288,0.0889816867495461,-0.0203806130711338,-0.0363064907678012,0.065074894955972,0.0788502213767829,-0.0258568412560308,0.0552857573965428,-0.0772017169492093,-0.0664987328885707,-0.0894141710050515,-0.013269476030722,-0.2080900205113766,-0.0326263714461938,-0.0582700387239317,0.1045541678818151,0.1120284554734825,0.1031812460109375,-0.1930069615781489,-0.1617054497336958,-0.0169244470813928,-0.1216947917554938,0.1897591644274558,0.054370632838389,0.4432324064013235,-0.1216947917554938,-0.0045661757263602,-0.3497386147307864,-0.1658573536209803,-0.0666458095440396,-0.0974733318151701,0.0491338440608875,-0.0181106622444996,0.1456678072773569,0.1000001018934648,-0.027730562722907,0.2969591165808338,0.2113877390542742,0.1750506263773847,-0.0553952236247567,0.1163564886106756,-0.1993559802327737,stop,788,4,35.17048570791498,-0.0610704225468851,0.0121341826520191,0.07795161954083,-1.0,0.198691643941115,1.2764218141930324,1.8901918838514564,746,0.4382143170217648,5,0.0457944134148194,0.0492936244876149,-0.0516251361608234,0.0,-0.8255905759471494,-0.3873762589253859,0.8015698108086141,0.1155053789346332,37.14386138885811,35.17048570791498,41.78203055151687,0.8873141942365227,0.021661418954294,-0.0288664191989249,0.0237361044833446,-0.075336174183004,0.969359195322912,-0.0058703111677369,0.0,-0.0108544946115521,2022-04-20,5.0,4,-0.0787894732062679,-0.0312000280113047,False,False,False,0.3333333333333333,0.0,0.0,0.0159355314055905,0.0219939117907585
FOXA,Falling Wedge,bullish,1,0.6669724599252744,5,47,1155,1156,2023-10-11,2023,1,30.24435355425817,29.81790594214517,34.32287600488196,28.42237799654333,0.5808920533777637,0.0143017290664346,True,0.0083066422913464,0.023731696123868,-0.0144448035836999,0.0014242556409964,0.1007652501046638,0.0152418851125741,-0.0092911867466185,0.0208839938935512,-0.0254793682448004,0.0232871128561114,0.047743946411344,-0.0022893728781273,0.0522279344127936,-0.150689931306754,0.0027102237815679,0.0544253681208242,-0.072413894435762,0.0643821672098379,0.0222124248575898,0.0720031019204123,-0.0012949653878687,-0.0128125348480361,-0.0011229380531835,-0.0335461920863219,0.01085251843629,0.010592587986574,-0.0108495222871111,0.0244735024778133,0.0499999004582012,0.0378788640425296,0.0770482992918977,0.0508579980873218,-0.0373922855423677,-0.0129827263300207,0.1060606802923451,-0.0305419052847116,-0.1818318428568691,-0.0368380889806376,0.0473954968321264,-0.0071307604351656,0.039086902134394,0.0361685575662769,0.0473954968321264,0.0461092881683427,-0.0377358155746119,-0.0444344234302446,-0.0246005389504251,-0.02528715572558,0.0074372493057275,-0.0564795019885302,-0.0174450542485956,-0.0950238132749465,0.0801000222663013,0.0113257514895439,-0.0042254657472442,-0.0436817283757267,-0.2025580603063169,-0.0157816871694745,0.1630224535793645,0.0977150802763491,-0.1975221134438937,-0.0671797045119843,0.0119925594952952,-0.0226028622766363,0.0448897070135094,0.0891245130745195,-0.2343823127794605,0.0057256736961301,-0.0023230742541216,-0.062939286629996,-0.1116405268485445,-0.3103974613685386,0.1495056777563066,0.3000473797830398,-0.0593696241453789,-0.0161545931204576,0.0887485329891073,0.1057799396221137,-0.0358160549039529,0.036003834958294,-0.0773740795491632,-0.004652781946865,0.0592694240036482,-0.1235588033677402,-0.0404624570539107,-0.1049260238508301,0.1240582310032705,0.059142928084751,0.0768736828352567,-0.0388279395621997,-0.0882558831700582,-0.0679209830798306,-0.023961631295667,-0.1145310226905161,0.0660909645761498,-0.1800876880555126,0.1360941897620478,0.1463012855984449,0.0789023508024926,-0.1814315699990077,0.0975802428198056,-0.0569182189063512,0.1255692721572816,0.0953765233233108,0.0988605107660494,-0.3287940398416982,0.1499447529886608,-0.1068154502053485,-0.0534400301460166,0.0116317542762223,-0.0685727728957049,-0.1819749209316583,-0.0460240327891678,0.132138857067654,-0.0206832303140497,stop,1167,12,28.42237799654333,-0.0602418416530617,0.0261981819991037,0.0610223023346912,-1.0,0.4348834843061644,1.0129554585353526,2.2385165560284306,1107,0.4887830284874361,5,0.0258734176834001,0.0526986896899268,-0.1456706849924357,0.0,-1.375547835362222,-0.8867648068747891,0.8717786087059247,0.094832920502318,29.81790594214517,28.42237799654333,34.32287600488196,0.6250409739099683,-0.0455322001654663,-0.0280256199353241,0.0207392533959066,-0.0679084858826211,0.2268914028164733,0.0031979909084784,1.0,-0.0193746781824096,2023-10-11,7.0,4,-0.2027530234382534,-0.1357270886553405,True,False,True,0.6666666666666666,2.0,0.6666666666666666,0.0177130602156489,0.2994264385296192
FOXA,Falling Wedge,bullish,1,0.6085978124645339,3,12,1477,1478,2025-01-24,2025,1,48.00817825755497,47.07480257621416,49.55986744937724,46.19272825656492,1.1527530148621354,0.0198275007065547,True,0.0463047700665697,0.0345194109595237,0.062643526500427,-0.0232834934338321,-0.0141578579850522,0.0423008899380217,-0.0422607388611208,0.0447139820517101,-0.0134780448998592,0.0069931891103072,-0.0348011046257085,-0.0250181869197227,0.0749012454340263,0.0343588506829422,0.0236423943451724,0.0384379253313555,0.0612971666634929,0.0360471156198476,-0.0262220888504459,0.0047065532856476,0.0822883201009585,0.0447093229240487,0.0274138217459589,0.0792190458482515,0.0691989936986385,-0.0213672986615233,-0.0186069228500564,-0.0339401979955777,0.0085538191343077,-0.0939769370397708,-0.0236596946445163,0.0944792904746332,0.0097217183308182,0.0888703207021477,0.0600537103082146,-0.0004931027363493,-0.0020174809079639,0.0948049517466211,0.0147191782031435,-0.0267711560174815,0.1482576529548451,0.0599999390718708,0.0857585231332824,-0.0401967706436805,0.1640817921579946,0.0508054791122036,0.1857302932085354,0.1816955229607735,-0.1175580688155091,-0.0386711689297438,-0.0913811220337388,0.0408391731853305,-0.1061470446566951,0.0724755809137458,-0.008571330197461,0.0227240179292331,0.0203408723948004,0.0411129123214188,-0.036105100194974,-0.0708967418513792,0.0709644615325133,-0.0215624992439587,0.043100269685675,0.1096822949099785,0.0205816390351702,-0.0172326253320078,0.0274626618046072,0.0057256736961301,0.1873861004008786,0.0967523013287083,0.1287004025408276,-0.044213939185735,-0.0279965763376874,-0.2019159401554789,-0.1334884282329178,-0.092806005738521,0.0695818716947236,-0.0165528080236572,-0.157124523469603,-0.028434859086221,0.1274028501101667,0.0139416837503221,0.1471420365268219,0.0454910104273109,0.1686273497995676,0.0329447951059767,-0.0737639552700054,-0.3175477132261639,-0.1840727467798077,0.0697711341114204,0.0936027399400003,0.1222229025306828,-0.0098620842307426,0.1010539145525625,0.0918272584716182,0.0752662478998449,0.1176123346251911,-0.005459571999465,0.1179125152469091,0.0970160427532267,-0.1362905815722094,0.0035337982462584,-0.0271711497135408,0.1749919277593561,-0.0970191315876644,0.2344346669163977,-0.143051118707382,-0.1653565229283328,0.0535957338982768,0.1867221925276929,0.1383739916948121,0.1016757186363801,0.3450704729475737,0.3129914531878754,-0.0836958981458836,target,1478,1,49.55986744937724,0.032321351239319,0.0356741060865612,0.0011244056863202,0.8547132617125578,0.9433742836478972,0.029734043126075,0.8547132617125578,1464,0.5151605005307276,5,0.1117968818500494,0.0652267660108407,0.2648001287430745,0.0,-0.896387200918614,-0.3812267003879007,0.6176188439813094,0.0477270547444831,47.07480257621416,46.19272825656492,49.55986744937724,0.8467912823131611,0.2355213538643867,0.0286737214220744,0.0175827654949088,0.3317617934584362,0.962265599508646,-0.000411830495287,1.0,0.0223311434262807,2025-01-24,53.0,4,0.2229142896756537,0.1903946762840347,False,True,False,0.0,1.0,0.3333333333333333,-0.0131651210061444,-1.6278673756999682
BEN,Falling Wedge,bullish,1,0.6995064872974739,3,21,958,959,2020-07-09,2020,1,14.972982498243706,15.422728637956013,17.896333690997693,14.276288175065249,0.6866156166073984,-0.0291612561090818,True,0.0645682727104108,0.0439518822480382,0.05541418439767,0.0142607989880831,-0.0088615989184318,-0.0022858355047833,0.009466336302949,0.0381843012629774,-0.0419787698314441,-0.0199048994090184,-0.0011641433238935,-0.0447210193511661,0.0629966255685627,0.0003812500134321,0.054065939291813,0.1114434809700668,0.018703835428486,0.0767825048430907,-0.0098868732372976,-0.010463483999787,-0.0599922395494602,0.0382384493643344,0.0505343305451017,0.039090368289917,0.0115699695624631,0.0229042921530879,-0.1301519135696734,0.0017751736601343,0.0024484639744737,0.0500586703380532,0.0318438201891015,0.0418931295911817,0.0181159399193018,0.0369255812857456,0.0165425838370056,-0.0200094370366875,-0.0338728278896092,-0.0278654789724037,0.0750161950120738,-0.1090505877666345,0.0713601398260848,-0.0412520683136691,0.0406504686253956,0.0223663858970553,0.0219239778308732,0.0345092428603725,0.0915448099512767,0.0278499298499208,-0.0877808938986097,-0.0994861318880663,0.0520658772474154,0.0036698202313971,0.0495909877537743,0.0064882769045346,-0.0752868787665287,0.0091639039605124,-0.0773838855828071,-0.0133080328348789,0.1191335277750527,0.0130267197779296,0.03783526383068,-0.0346880208706632,0.1989267004425656,0.1520720482218169,-0.1686985058823576,0.0238543226975573,0.0960309682180962,-0.051712608533431,0.0838691370110772,0.0750590209180619,-0.0238241289708058,0.0798028305202516,0.0397447597954521,-0.0260058720041649,-0.2303083071745034,-0.023029883785102,0.193732479394723,0.3504571720325342,-0.0711093684728407,-0.0177418195680372,0.0601596261748018,0.2101392880589245,-0.0492462005058736,-0.0784016801892393,0.2354855744822552,-0.1127942679680091,0.2743226939279084,-0.0629232205080256,0.1414042367761778,-0.005247834496611,-0.070118290729262,0.0331429251299939,0.0388044503703008,-0.0275832702407816,-0.0969420638451913,-0.1080275328228465,-0.0038243447659858,-0.0626846249775001,-0.0275165657815925,0.0847001426761404,-0.1461458578839017,0.0337798358260708,-0.0937878412939384,-0.1667039805324456,0.1521856051421168,-0.3193965081231691,0.0863272710549736,0.2189940922978366,0.1689458730796356,-0.0694230780677733,0.0545886531671782,-0.0517330499975124,0.1242412390427163,0.2179713763798803,0.0390270183415663,time,1018,60,15.554000854492188,0.0388044503703008,0.1634821176494821,0.0453356400078004,0.8339645335385533,3.513470405749961,0.974329374877934,4.196031308848727,936,0.4714489289538631,5,0.0407951734471695,0.2619792025120224,-0.2911011754976914,0.0,-0.934933126666376,-0.4634841977125118,0.9191090470171512,0.1338105396355722,15.422728637956013,14.276288175065249,17.896333690997693,0.5632263830826434,-0.1085446955879636,0.009995364474731,0.0376347344954969,-0.1899908864374541,0.0869564315997865,-0.0052057311092154,1.0,-0.0101458337746009,2020-07-09,7.0,4,-0.1320043298415869,-0.0274615578113364,True,False,False,0.3333333333333333,0.0,0.0,-0.0815808797906199,-0.8102018183999681
BEN,Falling Wedge,bullish,1,0.7501851132187305,5,77,1417,1418,2022-05-04,2022,0,21.01008633001102,20.884172334157256,28.67776740478044,19.240611666114688,1.1358530611831392,0.0060291590128196,True,-0.0878535279661165,-0.0129506938649669,-0.0195160897749621,0.0859823168466176,0.0112000391297188,-0.0179220132514913,0.0518809955338621,0.0141201329806326,-0.0093390294086967,-0.0495892820729809,0.0826653991488737,0.0041252800391198,-0.0396987162118182,-0.0266283079607289,0.0058915277253417,-0.055528741666427,-0.0015074516463726,0.0123342556236176,0.0163010464589661,0.0116072387516947,0.0409490985021219,-0.0129372137573496,-0.0930730522156035,-0.0362875119418649,0.0407115258400924,-0.086847993978643,0.0229650015370241,-0.0424232454668673,0.1470815271218977,0.0186187148009728,0.0187306299351539,-0.0724436080854163,-0.0036283001888913,-0.0130435296320338,-0.0321754592015478,0.0019512449989431,-0.0478741078951899,0.037980044718995,-0.0627725561557066,-0.0278050193134632,0.0205429407913684,0.0277691795578536,0.0465184298177345,0.1425201580236912,-0.0105507486384578,-0.0405431770792358,0.0259738653935184,0.0428386503155009,0.1609945943389075,-0.1094713224064857,0.1397464509748782,0.0067596025883016,0.026168378351054,-0.094121696188742,0.0285572144114738,0.0395498146197237,0.0921390072585777,0.0597853602622602,0.2160193175858147,-0.0031986200047444,0.0757945661785153,0.0495909877537743,0.0868562809287198,-0.080496402264087,-0.0514680039172258,-0.0570825910291664,-0.0078381068824585,0.0016403099938759,-0.0030223917341299,-0.0886033008185913,0.0095314165701734,-0.0604896046974393,-0.1003185944581377,0.142557576494082,0.0096651686168576,0.2448233704868887,-0.0085160183392604,0.0669010172385891,0.1313372205006506,-0.03727700430084,-0.023083828732177,-0.0822646094067138,0.0673387725406464,-0.0197312851160008,0.0465019839922944,-0.2008405501356723,-0.1052713583853378,0.0258195968172765,-0.0529718328060043,-0.0445044496657229,0.0214859309667019,-0.0896613758991253,0.0799160231589835,0.1081941664595886,-0.0622266930178939,0.1565294103761905,-0.223462799444007,-0.113723732876281,-0.0438651193541952,0.5301816640263106,-0.0787454333069631,-0.0440822719861365,0.3081417359577107,0.1386336482450623,0.0601450032985275,0.1426274073411704,-0.0137812478156424,-0.0268224624597452,0.1146436224124416,-0.1376513634285039,0.0655113426070228,-0.0089881389374275,-0.141087628511064,-0.2800699811196497,0.0628206750586371,stop,1422,5,19.240611666114688,-0.0842202471757004,0.007639375601966,0.0935830768629861,-1.0,0.0907071144784073,1.1111707695152329,4.333309332548117,1340,0.5548003728538968,7,0.1145417622854186,0.1637147680735957,-0.0193488630991292,0.0289855072463768,-1.5568430090489025,-1.002042636195012,0.5917741341342851,0.1584406121381641,20.884172334157256,19.240611666114688,28.67776740478044,0.7939258548932094,-0.1212462817324538,-0.0131741821345924,0.0369136554598708,-0.275349867520431,0.9378527785859788,-0.003913670327836,0.0,-0.0487106411577579,2022-05-04,12.0,4,-0.2892664955542063,-0.1762390420503654,True,False,True,1.0,0.0,0.0,0.1099127706893149,1.5443502602902115
BEN,Falling Wedge,bullish,1,0.6378510759709947,5,92,1701,1702,2023-06-22,2023,4,21.163072812784304,22.646149793117644,28.371133825199596,19.787682928984168,0.7924493453545484,-0.0654891446838376,True,0.0777246067581078,0.0657595062668181,-0.0179717905971101,0.0452893706055173,-0.0196955501261861,-0.0187370007033659,-0.061806783763902,0.0185759510711105,-0.0803117322098914,0.0194443193121209,0.0403224122878069,-0.0501738590244013,-0.0030972665843499,-0.0306265497497075,-0.1333583865064823,0.0439094102877941,-0.0461537937664761,-0.0226012823721337,0.0185185527232654,-0.0063812641266444,-0.0567879755229274,0.0037640674035097,0.0956185643262305,0.0515859180417883,0.0386045749973715,0.0531772424333496,-0.0208695747445167,-0.0342741526761269,0.0434953187751245,0.0134939917990193,-0.0745813750468377,-0.050920905269721,0.0895141244851869,0.0505155114647912,0.004591399522783,0.016353816157554,-0.0211575794771693,0.0396148745946178,-0.0725737208218466,-0.0214551932039014,-0.047547081453052,-0.0003102569847743,-0.042598029162718,-0.004306311799557,0.0012519497898502,0.0555152156226855,0.1790630257320293,0.1345985044888948,-0.0392248408010216,-0.0495756683434135,0.0816400286817964,0.1645257683390186,0.0292794006071261,0.035225096180508,-0.0850174152316523,0.1528291187667305,-0.0330709352733293,0.0784314093252089,-0.0233965788576716,0.0549212831742425,0.0361372145877847,-0.0616396572058705,0.0653702167227401,-0.0048939695908923,0.0599728102043968,-0.0184460196249227,-0.0380701344982687,0.1689208081308442,0.1503671289673616,0.0560091346998448,0.0477628424570015,0.1181433482724318,-0.1030713026320094,0.0937895679169344,-0.0808078859448069,-0.1197876703407473,-0.0275180422286351,0.1483894917942243,-0.0053274243308071,-0.0921888724846106,-0.0924273506155504,0.054738851782534,-0.06702507970089,0.0211237181833083,-0.0419753209128049,0.2146422214254233,-0.0409269844921241,0.2014088255224468,0.2723955529740516,0.0490562381987789,0.2118524700067234,0.0202849170801512,0.0507814510323376,0.0224515455192857,0.1619344122630721,0.1395490906800069,-0.0420465448007756,0.0688322419765297,-0.0592769379850735,-0.1883437260386633,0.1803904707149055,-0.1275093802667077,-0.0017256325649358,-0.0567560432537092,0.0989981842793212,0.1611025864338169,-0.172831245453517,-0.0060626640269916,0.0862425092760417,0.0863272710549736,-0.1531875357673395,0.0859229926041906,0.1083021467195117,0.2159582559625534,0.0214904284419771,time,1761,60,22.237764358520508,0.0507814510323376,0.2112339868439481,0.0007952468416314,0.7813722918819817,3.2502494723618343,0.0122364334737462,5.240740169252784,1605,0.5300586220319787,5,0.1064208380051771,0.461343240852369,-0.2070191086245574,0.0,-0.9194365100233532,-0.3893778879913752,0.8660774368517611,0.2188924565758297,22.646149793117644,19.787682928984168,28.371133825199596,0.5181073158109223,-0.0229541875640251,-0.0081963672027646,0.0241835847606263,0.0104703893578212,0.0,-0.0049751726406718,1.0,0.0580586494871497,2023-06-22,39.0,4,-0.0182481800162912,-0.0117475535883155,False,False,False,0.3333333333333333,0.0,0.0,0.0080767066761322,0.0710016517132112
BEN,Falling Wedge,bullish,1,0.7733808971725256,5,63,1958,1959,2024-07-01,2024,1,19.836810022388548,19.907685807631367,24.626469781241525,18.94281880663118,1.54402196195875,-0.0035602222140581,True,-0.0067537588897053,-0.0290453721813777,-0.003244095102753,0.0719100107877563,0.0217737433541245,-0.0714047179978986,0.029289499082044,0.0378029427179646,0.0414815659467253,0.0311372159689011,0.0804726731698952,0.0405000696499395,0.0048256504894992,-0.048552465118299,0.0256410569829563,0.024731536614952,-0.0530112329004541,-0.0073710198449393,-0.0041667862432627,0.0447433773474601,-0.0155892615460997,-0.0224653178351114,-0.0181789811658753,0.0792434214572634,0.0403248928961887,0.0241837611038122,0.0499333548920841,-0.0862539089200491,0.1038052061679486,0.0977918060328433,-0.018092196097676,0.0382592782597168,0.0338174694082009,-0.0526602524465079,0.0110447117847685,-0.0188419810092764,-0.0438470245314398,-0.0346621571084505,-0.0752383608008367,0.1012491123505257,0.0028526909602792,-0.0422757905067359,0.0352049699609247,-0.0126803977311821,-0.0882560012327151,0.0779767069304517,0.0270146254619347,0.0301412650991631,-0.1129448914997776,0.0577081137106729,-0.0712797955563671,-0.0505422468054346,0.0732682235245825,-0.0436110911421712,0.0101406761043374,0.0734920134442649,0.0465731084298055,-0.1542970784159841,-0.0045085895499914,-0.0678304901119868,0.1119374369318886,-0.1001314736001515,0.0566127084368759,-0.061912355161462,-0.1073992796631391,-0.0090765986400959,0.1548050698825069,-0.1282274617664632,0.0433758255343392,-0.0841962972519093,-0.1170453990029131,-0.1162463163831263,-0.0549524748367646,-0.1588291534052884,0.0384886409428786,-0.0402155394745735,-0.0117603473514158,0.0712555918262296,0.3009439170951422,0.00270704278914,0.0015065222779808,0.143323112059946,-0.0803738783469162,0.0031528218027492,-0.0859724312287075,-0.0039722378901445,-0.0630871588004273,0.1566670691356997,0.2317131592188488,-0.1347584291719465,-0.0396108142805338,-0.0921952520508478,-0.0720397058078743,-0.123701318642063,0.3193488795167343,-0.3231704382307342,-0.2034178040902994,0.1121786432977813,0.1704081835782123,-0.1095825734031019,-0.0873433880104157,-0.0199411131067324,0.0504055442615745,0.1270945960537113,0.308143232763145,-0.0341662296196479,0.1295200742156845,-0.0848745151206142,0.1805960365000525,-0.0499951791395005,0.0542175381167444,-0.0630551479385448,0.0093943685010027,-0.0275165657815925,-0.0949519129260473,stop,1982,24,18.94281880663118,-0.0450672872678811,0.0972535051276546,0.0580820414870054,-1.0,2.1579622609538784,1.2887849481989977,5.357613894220757,1894,0.6967607486963343,7,0.0936029050240689,0.0058764838137126,-0.2551517921477785,0.0166666666666666,-1.1725089430882587,-0.4757481943919219,0.3440882516131621,0.152215340615596,19.907685807631367,18.94281880663118,24.626469781241525,0.4096987842834765,-0.1075552418854133,-0.0419231693671268,0.0207281236636657,-0.2369337176030178,0.1136344917572372,0.0013422491425285,1.0,0.037410723518358,2024-07-01,14.0,4,-0.0918881019261977,0.0021834948198282,False,False,False,0.3333333333333333,0.0,0.0,-0.029019331941034,-0.3989124593010811
BEN,Falling Wedge,bullish,1,0.6599281447164339,5,59,2313,2314,2025-11-28,2025,1,21.590984870638724,21.487638929265074,24.545150692305057,20.1553434327097,0.7435010756147088,0.0048095531441985,True,0.0432456975491923,0.0331103369455543,-0.0152475238882807,0.0289181770721993,0.0193073083926824,-0.0087302959615273,0.0182268007175838,0.0142405791333148,-0.1001716319425484,-0.0522514347017277,-0.0053571292332239,0.067869408887851,0.0261958955758521,-0.0339992834772652,-0.0119153215614713,0.023492082414771,-0.0146669107327157,-0.0790158888653235,0.0030097927980268,-0.0108351903174291,0.0128754496719964,0.0017942709521754,0.0490587398024453,0.0468122502939565,0.0424664290265068,0.0214588631005141,0.0958310249446912,0.0035918398585588,0.0021939355522748,-0.0321849222807893,0.0411361955794351,-0.0162260881824862,0.0232663196797424,0.0156524978733167,-0.0377359600888591,0.0150403250309145,0.0391062390616068,-0.047415895354019,0.0189717771383026,0.0362887495853272,-0.0401788082762853,-0.1253283866055654,0.0116281718306561,0.0596154059992759,0.0205795543542013,0.0415477083539158,0.0869370950081618,0.0706254400603776,0.02195612398839,-0.0470082847099151,-0.010843112223555,0.043914999443517,0.0156134001836405,0.0174307456074676,-0.0058373585238921,0.0140520791615175,-0.0374174898045771,0.0116007739337367,0.225982601599747,-0.024424399410041,0.0714515574324285,-0.0020344182012843,-0.0017675423394075,0.0064010654733033,0.1702087344419365,-0.1452636885344771,0.0226731021854016,-0.0676807239522787,0.0729866867205789,0.1597009371366795,0.1322044832937357,-0.0815913704547586,0.0265338762488742,-0.0794430007888867,0.0773310078570905,-0.1678972626613221,0.0122699438471123,-0.0007611588858352,-0.0085160183392604,-0.058157247005269,-0.0156924029407407,0.3984996487573204,0.163419040775206,0.02225649841435,0.0985452458966986,0.0078465024419651,0.0626554031495933,-0.0030142111404658,0.1444174097151289,-0.1103604849705406,0.0985452458966986,0.1303566038460316,0.2396958538675964,0.2212418155177848,-0.0357591842094939,-0.0526611920760525,-0.0559721836525909,-0.0556369961567888,0.0304556749693256,-0.0078481080024572,-0.0328840975845245,-0.0151020392544722,0.0672347481876649,-0.1080275328228465,0.0246094021797211,-0.106639982290246,-0.1740512952556474,0.0037049493131358,0.1430753665184858,-0.1317647141565705,0.2529067921931127,-0.0095144406525501,-0.0282864862323981,0.3889890880756002,0.234854465413076,target,2338,25,24.545150692305057,0.1368240420419015,0.1371034246392441,0.0040124900295754,2.057732344315615,2.0619340518401934,0.060344880854878,2.057732344315615,2253,0.3700627299842701,6,0.0824438502648258,0.1455508144028718,-0.0278460259350775,0.0,-1.2900679199222114,-0.9200051899379378,1.5190415416059988,0.0904070527851152,21.487638929265074,20.1553434327097,24.545150692305057,0.4929856779672187,0.034636072584236,-0.0069917691831133,0.0226712210707148,0.0730162435157941,0.4736836821764132,-0.0004440775064693,1.0,0.0052366234496772,2025-11-28,63.0,4,0.2305563956938512,0.107474362258257,False,False,False,0.0,0.0,0.0,-0.0091185072347891,-0.2107074214381626
FCX,Falling Wedge,bullish,1,0.730522616444365,3,19,1617,1618,2023-02-21,2023,0,40.130833324794985,40.47804669507133,44.84847630294428,39.13257418956542,1.3410611841007702,-0.0085778193026943,True,-0.0252201263529292,-0.0170605820939359,0.104018400712369,0.0157066453793905,-0.0548407246090865,0.0193068997484378,0.0228126199248182,-0.0141664997398825,0.0390320535446375,0.0085876483009863,0.0369509952007807,-0.0252098546933351,0.1225604385714163,0.1106971190309151,-0.0310812780891611,0.0545398875483047,-0.0774134323288356,-0.0381506572754926,0.0458277364140682,0.0783780874618953,-0.0172744584724028,0.0088103702814532,-0.045674726198493,-0.0449678327219406,-0.0418391831478313,0.036531693740343,-0.1416268656401671,0.1159174412201173,0.1079269714866963,-0.0406222949330774,0.0074328450168859,-0.0185874088082905,-0.1202185486733048,0.0651536232017,0.0524234024018874,0.1689426463220575,0.2282069376766844,-0.0904805618251628,-0.0654081701800174,0.1217256411469029,0.1185915811141937,0.0453040721220974,0.0134276965542088,-0.0787800059501623,-0.0101526917194653,-0.0707532329356469,-0.0896979128295775,-0.0919818527892529,0.0412930387130545,0.1450952813011639,0.0511401661356065,0.1505905398074498,0.0592553503153836,0.1445685334489597,0.0801416298453605,0.0989368468571538,-0.0153985441766859,0.0618169559384229,0.0105168933397845,0.0524005286063504,-0.0431355412713673,-0.1587490916433509,-0.3486257842354132,0.1951976512299384,0.098306782761361,0.035321244539848,0.1117571705137843,0.1563429327783845,-0.136036542069837,0.000317947787787,-0.0402322188916068,-0.1355557050970021,-0.2290228601167143,0.2820959951005926,-0.0479757108488912,0.2183782920061259,-0.113688128449661,0.0564451914929169,0.0219759197515567,-0.1852528813716067,-0.2073194502227874,0.1487437350222722,0.0126688115428714,0.0113107757485977,-0.0928597913173967,-0.089156432114701,-0.0658822800374503,0.2091782884585682,0.2256829927355461,-0.1651342845839259,-0.0130157847428594,0.0082371131399844,-0.1446312644835823,-0.1879202394927617,-0.1913020349393875,0.4665157859745568,-0.0779487537619366,0.5805843635806562,0.0710627889942676,0.0390346902767091,0.2746426748038231,0.2570778054460501,-0.0499300169749139,0.7372565848650046,-0.0218175390395013,0.5934366929429724,0.2300124024608718,-0.1480004297841038,0.1111285988376509,0.0473432441103451,0.2675400026557197,-0.0470463664989866,-0.1020926330159527,0.3631940667182682,-0.314665860866188,stop,1619,2,39.13257418956542,-0.0248751160273761,0.0107066565788509,0.0497264171868354,-1.0,0.4304163472872966,1.9990426228408111,4.7258700788792565,1598,0.4889716119567674,5,0.0547807882529566,0.1876313241776095,-0.1641979024162642,0.0,-0.8051450612563634,-0.3161734492995968,0.5069220528252308,0.0939438272107484,40.47804669507133,39.13257418956542,44.84847630294428,1.4485869200378687,0.2312690321202368,0.0216015095002608,0.0355635327499274,0.412986579219446,0.257143479951025,0.0177287044045684,1.0,-0.0038439747138289,2023-02-21,18.0,9,-0.0458796041357969,-0.0380364568738219,False,False,False,0.5,0.0,0.0,0.018264454990107,0.2061567757079291
FCX,Falling Wedge,bullish,1,0.6513358344225884,5,46,2092,2093,2025-01-13,2025,2,38.836421810927554,37.79630095031007,49.38731884802553,35.75176795664379,1.3614466669927128,0.0275191178624836,True,0.0187263534077031,-0.0132573150679167,0.0744161014871334,-0.0398338543272716,0.0315700191637977,-0.1246803867023648,-0.0690456726507146,-0.0318214383022794,0.1033910875739159,0.0277538255638949,0.0740434477138327,-0.0391215862386882,0.0228835705938244,0.0900417891025668,0.0681645600731037,0.0458277364140682,-0.0515386045147974,0.0145275178062478,0.0070755158338036,0.075931807020084,0.0148601450896415,0.0594871697063774,0.0010297158873943,-0.0940160963858987,-0.1285155396912753,0.0196408080883434,0.0330864893674898,-0.0480264526989581,-0.014945610631765,-0.0753470801787821,-0.2989569493443256,-0.0708227703863503,0.0364163540860236,-0.0651574725965341,-0.0683391561752814,-0.0609815319119259,-0.0309227091368,-0.1089966135912529,-0.0035304555738511,-0.0704646904844609,-0.0549626636700515,0.031667753112061,0.0033726753910041,-0.0021768169800796,-0.0392307361783407,-0.0495822149112068,-0.049778622195212,-0.085629812425711,0.1214116735796306,-0.0646219797259795,-0.0218271922839633,0.0398590537352387,-0.0431355412713673,-0.0319356771603737,-0.0926088879104598,0.1685486502203335,-0.08751794688051,-0.0059097486206244,-0.0712787520572948,0.1581859287599698,-0.5093332366830818,0.0747664784213537,0.1096724250573184,0.0332735949524722,-0.0054852912659443,-0.0795089852805931,-0.0409582720524381,0.0830119081794331,-0.036509032280868,-0.0702543541374867,-0.0266340011984891,0.0480253670092183,0.1747647026458305,0.2644560188888738,0.1775731151859532,0.1778706748006764,0.1531409130648697,0.1307283353647437,-0.0554798166811085,0.0457373494006954,0.0416156202476969,0.3189970348489632,0.14035117476514,-0.1827746049497096,0.1400062969332876,0.0738915144670975,0.0848102234728642,0.004288701618025,0.1653116420731069,0.0564515787819752,-0.3262497886658164,-0.1519301568011059,-0.1471010654147228,-0.0887644761462952,0.091315995153163,0.127254767452053,-0.1851230653635232,0.0953847010733603,-0.1749433557627605,0.0555818846257689,0.1194918936187263,-0.0645268597509499,0.5706587503250533,-0.0260557706377069,-0.4405682002106574,0.222828278194072,-0.2205142134510924,-0.1589414091602695,0.2903915904735454,0.2908584268326182,0.5996240969327964,-0.0232512630228224,0.2067311361907733,0.213337988706598,-0.2265778340256601,stop,2102,10,35.75176795664379,-0.0794268295184656,0.0349046228057863,0.1036219794663348,-1.0,0.439456327507967,1.3046218777024725,3.4204476532903625,2044,0.6166675901713139,5,0.0797934337627748,0.01984258575217,0.0023125062939153,0.0,-1.803481227581265,-1.186813637409944,0.5158614196604069,0.1364507144579148,37.79630095031007,35.75176795664379,49.38731884802553,1.0157233155878898,-0.1482067082825433,-0.0675764327910412,0.0263529754227134,-0.2268460256323728,0.8061237597362354,-0.008465753446691,1.0,-0.0396951154924442,2025-01-13,13.0,5,-0.1706730217070157,-0.1374492453783439,True,False,True,0.75,1.0,0.25,-0.0189557932264804,-0.3307138477298072
FCX,Falling Wedge,bullish,1,0.6212042019528926,3,27,2473,2474,2026-07-22,2026,1,62.63999938964844,60.83000378951033,74.66748542009418,54.75042801026086,1.0195250266466402,0.0297549808874124,False,-0.042305200143721,-0.0289019335654492,0.020997527259275,0.0883921375529723,-0.0155116619682643,0.0131930144523459,0.0261382661458071,0.0262037825027934,0.0879064224049546,0.0483470204786009,0.0560830847981899,0.037246125215701,-0.0543850556705909,-0.062413976429967,0.0034331051259213,-0.0402863295284252,0.0413043632860115,0.2000000300082418,-0.0268321897727058,0.0238916971354778,0.0011979184916786,0.0076172476488469,-0.0664313266005643,0.1077586217396335,0.0666155092099793,0.0911948968947231,-0.0956521352138126,-0.0015370242349862,-0.0879766908567968,0.0734267760162765,-0.1168024647834388,0.0772793145680299,-0.084586093173447,0.1060605915967132,-0.0401254472483607,0.1556856727478142,0.0419127413618707,-0.043896597671548,0.0551564611732062,0.0563919166429931,0.0366388370266459,0.063251071857818,0.0246550782963321,-0.111698531500738,0.1902313486699252,0.0882781356311725,0.1029693009433214,0.0628134890528206,0.0890754739863413,0.038764161009529,0.1254236546906757,0.3700204109234948,0.25714275023783,0.0045235411071054,-0.1624495922623254,-0.0643884318346335,0.1129945035932851,0.0724342076905262,-0.1826961609183839,-0.0623707056725136,-0.0624535223108313,0.004814439244587,-0.1507581754418736,-0.0988885951728704,0.044186588121809,0.0733266417204319,-0.1764210792925545,0.0956936759294828,0.0865706116758658,,,,,,,,,,,,,,,,,,,,,,,,,,,,,,,,,,,,,,,,,,,,,,,target,2495,22,74.66748542009418,0.1920096766864487,0.2345147283611539,0.0710408813266183,1.5244790181972308,1.8619519027086304,0.5640358073907038,1.5244790181972308,2445,0.5053541472196822,5,0.0794537019014271,0.076282952865829,0.0019904231644605,0.0,-0.9572467674559187,-0.4518926202362359,0.8322317745290396,0.2161277363730157,60.83000378951033,54.75042801026086,74.66748542009418,2.784159510418672,0.1582878347716587,0.0213539334348977,0.0428332232372103,0.0870857969394196,0.9674789687924016,0.0060741247614517,1.0,0.0188526891852258,2026-07-22,46.0,9,0.0678654750886411,0.0840231268047719,False,False,True,0.625,0.0,0.0,0.0911220658981492,0.8831957980563462
GEV,Falling Wedge,bullish,1,0.6294261606092374,3,35,241,242,2025-03-14,2025,0,311.41891435340216,298.6824702475458,441.5574768335398,265.2584422263637,0.9079926857576364,0.0426420877505817,True,0.0683839371514323,0.0632548909026806,-0.020747296316831,0.0212527824809711,0.0449062987588559,0.0676649286624182,-0.0416406001356072,0.0113370770388749,-0.0198382063329012,-0.0220983123185916,0.0257893754015197,0.1188080023484972,0.0080273325907105,0.0368269442810036,0.0237672619809363,0.0253348725904374,0.056192123317768,0.0979977203906345,0.0499467957087569,0.1054419663590822,0.0584398373102335,0.0991352726052463,0.0310567283153315,-0.0306240079547988,-0.0209251607802729,-0.0901852016193512,0.0699490460702383,0.1785782519927481,-0.0398252625381987,0.013455979568598,-0.0099172796943269,0.0539502248470931,0.1110376509987116,0.1514929039434087,-0.1511811687287564,0.031548757170172,0.140279021739704,0.1160773463516684,0.2101962714568124,-0.0465752091125751,0.0609524356288593,-0.0094734816709443,0.1108432041252149,-0.0859452496074039,0.1318651153241516,-0.07798017576709,0.0285760078083749,0.0769844781252965,0.209667612527439,0.2223989477091903,0.0893627861093757,0.2376529997423937,0.0968146626813437,-0.0548640088346229,0.3181635934024551,0.0036151244583928,0.0730800231303852,0.0639512580251524,0.1260415934433221,0.1938373830990429,0.2076495180833144,0.1781606577250751,0.0954751289567907,-0.113241868011035,0.0009759393570156,0.1890924116595607,-0.0130886417209741,0.0504417231512068,-0.0801833344263662,0.3342325397484265,0.2952235831716396,0.0996328854050228,-0.2004261415327181,0.0824041132777642,0.1721166325510823,0.120193104047185,0.2958465853060028,0.0171787298720149,0.1048312305746346,0.3783051163056754,0.3342325397484265,0.5053751636153538,-0.2358730421890389,0.4708947610988554,0.0976788053049171,0.1606548046089277,0.0118451812517803,0.0285637523327118,0.2873528543582997,-0.0451665757833179,0.3629276862883162,0.1818041304263316,0.4901272244614538,0.4153137086167231,0.1262464377561887,0.1251370748336482,-0.0165213255940187,0.6172160170184491,-0.0341328332102192,-0.0665266836979447,0.1251604565692146,0.4954729281411236,0.3302327668162597,0.0157638564089253,-0.0414536472923856,0.2487766044654344,0.0890318839674766,0.3463093016610135,0.7876791564348458,0.6636174633583913,0.8155254176582509,-0.119944634321394,0.2600631025521418,0.6553304669149655,0.2189780339394355,stop,256,15,265.2584422263637,-0.1482262958333191,0.118783995537399,0.1928000012188435,-1.0,0.8013692501023703,1.3007138857173337,2.8192641124203117,206,0.6321857259408856,6,0.0822076378125825,0.2582627383672251,0.1548370136698211,0.0625,-1.0837381605953136,-0.4515524346544277,0.4010349322520239,0.267697384078867,298.6824702475458,265.2584422263637,441.5574768335398,22.36314971997204,0.1702790786195791,-0.1133032003590785,0.0715517795606417,0.5006730810230717,0.8304699234675621,0.0206834157621356,0.0,-0.0769520865596177,2025-03-14,,0,,,False,False,False,,,,,
FOX,Falling Wedge,bullish,1,0.7155659915876631,8,109,170,171,2019-11-12,2019,5,30.545264228004427,29.02319412364286,36.87660008536832,27.23213959826124,1.512990489283094,0.0524432320535546,True,0.0535233494187887,0.0404672243558046,0.0442511192685131,0.0008271186789308,0.0553880542077747,0.063105274263381,0.0577659683009736,-0.0080278183604801,0.02993622437123,0.0219470340543175,-0.0073813820493334,-0.0323325836325613,0.0459126174950779,-0.0409302473757818,-0.0332153995329334,0.0440780443904531,-0.0012058898297697,0.0186291969220746,-0.0331692302772635,0.0348371642929141,-0.048467240708915,0.0036190184236637,0.0427449972736754,0.0463868238048765,0.0263481868536694,0.0269277756150823,-0.0010214075334401,-0.0097049991379483,-0.0181923537013021,-0.1316068748782745,0.0185657193733594,0.0905486516530671,3.48053243115487e-07,-0.0098278382813994,0.0380607210091501,0.0093876967527064,-0.0713639707984884,0.0804639125159989,-0.0484595701450306,-0.0398926499754768,-0.085011897343594,-0.0824210857658246,-0.0007613424120974,0.0398828125562686,-0.0592126680708534,0.0590687748306192,0.0493606259174077,0.028217951595207,-0.097106932592247,-0.0474870318773877,0.0197410713818835,0.0662449406379785,0.0458523213987767,0.0801861123989662,-0.004594091833545,0.0687416599204395,0.1982851018138347,-0.0321131786448596,0.0569274238208019,0.0332515965759059,-0.0442384848662588,-0.0680831163300785,-0.037709115750972,-0.0459517136151315,0.0091485511445139,0.004582666740533,-0.0529882777734764,-0.1084548813087412,0.0471488948553609,0.0730000547967411,0.0099899537864198,-0.4250087249411972,0.043500321949863,-0.1295391754331284,-0.0242412854540442,0.141587040472398,0.0759287296580664,-0.0586271829820719,-0.1032927907425191,-0.3182758124667073,-0.0408094640122073,0.0119704780023608,-0.1323993370838285,-0.0516667110065385,0.0109465255974099,0.1099966114950508,0.0917435408753646,-0.1516973304463291,0.0692479047081424,0.1456200255505515,-0.2088955733121719,0.1201956652753179,0.0936661811103454,0.0013807328527861,-0.1883407004982258,0.3625923231593888,0.0220032265152161,-0.0484931371115859,-0.1512505873056234,0.1914429066447203,0.1602020028704114,0.1029775174258755,-0.0517156009121443,-0.0282339899476296,0.1662151590179443,0.0248924993391981,0.0855721003978986,0.0271837858797441,-0.1451907365162397,0.1194237216333462,0.06464183517213,-0.0813583700091605,-0.117726508992343,0.1260175352545491,0.0616234320094718,time,230,60,33.40632247924805,0.0936661811103454,0.1549209828751028,0.0104073696204974,0.8635528605108321,1.4282898729194409,0.0959504668561903,1.9109863240655287,56,0.7253935259197432,7,0.1155183709049242,-0.1327736399441956,-0.3131754554575293,0.0093457943925233,-1.083410530072752,-0.3580170041530084,0.3406199937987555,0.2313789646844473,29.02319412364286,27.23213959826124,36.87660008536832,0.6862008423686363,-0.0258865636705327,0.0513027759660695,0.0223454489310877,-0.0796199673652764,0.0894317011748075,-0.0002922398741034,1.0,0.0338596215533746,2019-11-12,,0,,,False,False,False,,,,,
FOX,Falling Wedge,bullish,1,0.7693121785110177,3,32,338,339,2020-07-15,2020,0,23.741481920578543,23.446320595946304,30.406482417058413,21.582326754665807,0.991476611987468,0.0125888121091064,True,-0.0030826640985243,-0.0251909843669674,0.031516502626175,-0.067903220539372,0.0171095861239454,-0.0038299812863409,0.0050760790098149,-0.040447054689759,-0.0042633960841169,0.0032825188236556,0.0028938275529408,-0.0110344225791829,-0.0175007740888605,0.0013075156574875,0.0385643589765469,0.0186028244634188,0.036276082313555,-0.0292651660128029,-0.1220587207539671,-0.0506984636039408,-0.0775893999111668,0.0112483184632601,0.0098529851784111,-0.0011558319924913,-0.0178233016500155,0.1196226213199951,0.0212649841723187,0.1196226213199951,0.0783549924176925,0.0343426823243888,0.0187081821036612,0.1005452723230304,-0.0508802399092799,-0.1433647704207463,3.48053243115487e-07,0.0478374321593442,0.0681653556861647,0.043820240789097,0.0042261673887822,0.0131874492283561,0.0181158482494661,-0.0525528702713941,0.0187080997083035,-0.060122370416323,-0.0080504038000523,-0.0207334141137935,-0.0285163819364278,-0.0837090738589505,0.041414495714612,0.0091485511445139,0.0121096119028454,-0.0387993882972995,-0.0368885981522406,0.1081761894119317,0.0332882110800363,0.2088314229043237,-0.05061068994916,0.0778825506582272,0.1001308727025149,0.0779086859456417,0.1048414838130864,0.0304949124034326,0.1084995128537624,0.0297491404205836,-0.0554946653515485,0.0208154082975362,0.029555896557468,-0.1145461129512692,-0.0633417564918777,0.0938281375620049,0.0497363145413902,0.1203086993975797,-0.1693395278677072,0.1852801365162342,0.0513196345589095,0.0995452036148298,0.202623366426847,-0.0510416881911388,-0.040626583586404,0.0513196345589095,0.3410033012510434,0.2930799430804893,0.1047452277611362,0.4183638720527016,-0.1173498958540998,0.1252614642097109,0.0835290405537494,-0.0194907187754878,-0.0524618320670761,-0.0880638151960577,0.0961542783317583,0.0121201505232085,0.1513364919981896,0.0720150446933221,0.0069565985288511,0.1855311850012886,-0.0242120454237891,-0.0153221211534702,-0.1408190167301222,-0.1092766524231441,0.1106875896987238,-0.0111111605597377,0.0832986043200025,0.1156522033540066,-0.0760794791945812,0.3333334129132352,-0.1947090091350752,-0.1602632744063794,-0.0575381711810326,0.1966624671818972,0.099798429019168,0.1171991473506319,0.0763279705383257,0.0249494573418069,0.1232831852461593,time,398,60,27.334434509277344,0.1513364919981896,0.1606624122612361,0.0643542583287974,1.6640548328447518,1.7666001111153284,0.7076218906108646,3.086855730288557,306,0.5189445018829103,7,0.0723294821904263,0.1202802608722044,0.0036064260193358,0.0,-1.3295129143179911,-0.810568412435078,0.686114790358495,0.1739696649816279,23.446320595946304,21.582326754665807,30.406482417058413,0.9258722182748738,-0.1380076660415145,-0.0336091585535685,0.0385523890255185,-0.2763739601442508,0.8761911854997726,0.0079585544114832,1.0,0.0329318336875767,2020-07-15,,0,,,False,False,False,,,,,
FOX,Falling Wedge,bullish,1,0.7606043967717147,13,103,618,619,2021-08-24,2021,9,31.81626510620117,31.89383054228332,38.562888855227264,30.070711665452468,1.6441100439574834,-0.0024319887189253,True,0.0170273929094655,0.009463236599096,0.0300938871023472,-0.0140212001418299,0.0352609753307522,0.0096971856950249,-0.0358565240473031,0.0301970459458755,0.0459126174950779,-0.0134319548495207,-0.0007749286491913,0.0059709438718043,0.0012913822746445,0.0206692943463266,0.0211420479208501,0.0758043490060991,0.0180305341108235,0.0655517827034419,-0.0119430080466512,0.004180747917426,0.0937388352428119,0.0232225908248564,-0.0032094372932177,-0.0220326426306131,-0.0281463753076348,0.116749970547834,0.0258681805234197,-0.0447622427092153,-0.0208540153712136,0.0156403369997435,0.017554253360664,0.0052658393702247,0.033642062206594,0.0039669125180372,0.0390549884443982,0.0059751852891887,-0.0112404574598543,0.0485536641430903,-0.0313124307094919,-0.0139533276792773,0.0414402950676775,-0.1232842489022268,-0.0276752495241273,0.0441321593229799,0.0467837051045159,-0.0306099216577611,0.0402285586029425,0.0601031855291248,0.2031699339089259,0.1233133476798591,0.023628534148353,0.0450389877462267,0.0394908332339811,0.0095458424213912,0.1807180606989884,-0.1299695797334497,0.1248151279573304,-0.0713735674663086,-0.1025125913646178,-0.0307293732386679,-0.0246063361877687,0.1106627312232049,0.0203528090250186,-0.0006329927246664,0.0167972217810365,0.0325526478809077,0.0119937803507415,0.0447643819773537,0.0088775686370505,0.1806092314281149,0.1679145330110369,0.0811568462908516,0.1004532917790268,0.1965959386010076,0.0471661314498874,0.0715638143612042,0.1120306951593466,-0.0144432193625456,-0.0639073513037921,0.1763330562029816,0.2038861300107968,0.0274943155708273,-0.0522918912051733,-0.0138696263009508,0.1268657342553791,0.0294620631266511,0.1081269714410679,0.100851961833877,-0.0779022760378455,-0.0405254993557027,0.3354894951848186,0.1078824023430292,0.1024895200410818,0.0545840175158927,0.2144528613878895,0.17109668210405,0.3776248976291128,0.0570845072186654,0.0733355746784643,0.1401355395013943,0.1726368221280674,0.1196123541019618,-0.137878956376979,0.1311922035591959,-0.3272903704775732,0.0591459834446612,0.2190005169271105,0.0635747416822758,-0.0404580580798555,0.106511494672665,0.1028618257272748,-0.1544912392844319,0.1549016654402515,0.0325633065447359,0.0257089024146349,time,678,60,35.07709884643555,0.1024895200410818,0.1897133600960269,0.0414157768780437,1.868080153899926,3.457912211736386,0.7548868490476762,3.865034201492188,506,0.6841183371092666,7,0.1874492119756777,0.5581132110762967,-0.0900657125706884,0.0,-1.0134504652693277,-0.3293321281600608,0.404968989144597,0.1644972532483623,31.89383054228332,30.070711665452468,38.562888855227264,0.7306884857896515,0.0272193275286076,-0.0047842537124835,0.022999417757224,0.0518605482979452,0.2750030994592706,-0.0008741961348829,1.0,0.0204094246295605,2021-08-24,19.0,4,-0.1863091613734777,-0.0451165650732263,True,False,False,0.6666666666666666,1.0,0.3333333333333333,0.0074890785318022,0.0339570637766725
FOX,Falling Wedge,bullish,1,0.6057101469534549,5,46,1154,1155,2023-10-11,2023,2,27.74178761534377,27.11434114195704,32.18609690791099,26.24068925440628,0.6068319774996885,0.0231407604596305,True,0.0076389172024151,0.0230639710349367,0.1617088027176583,-0.003882685651626,0.004180747917426,0.0032351598168571,0.0231798370776388,0.0077432501976921,-0.0016747042919208,0.0828527997075905,0.0347512035509083,-0.0231398951122612,-0.0231914852503362,-0.0064299048452935,-0.0326586309305457,0.0050195280761091,-0.006766289646761,-0.0244564274416249,0.0163306854181664,-0.0181092685021084,0.0150701929091958,-0.0134319548495207,-0.002377630840947,-0.0336805712852344,0.0107181392373775,0.0487465890073588,-0.0386170351198715,-0.047505796231641,-0.1793598878782759,-0.0157283898209883,0.1488014125700636,-0.0018075793484381,0.0113242775593329,-0.0128004481788864,-0.003463314036038,-0.027385965267432,-0.0570897328388974,0.0032381668325653,0.0686550333048423,-0.018794275029214,0.0173883945174284,0.0180410470335299,0.2101143076538809,-0.0267380561301259,0.0712073482699715,-0.0420918761286927,-0.0208332677707986,-0.0215198845459535,0.0394159939989382,0.009111877795964,0.0423339910377043,0.1181128344320343,0.1522792732425435,-0.0110425748581478,-0.0170349538008834,0.1274779012744833,0.0372288088970509,0.0323100710432868,0.0687416599204395,-0.0420143314419924,0.0897390372190893,0.024763588975035,0.064525224573412,-0.0109371572898127,0.1159607708933452,-0.0312093823114129,0.074784873316867,-0.1086882501719042,-0.0596262306081006,-0.0510416881911388,-0.0997429284096873,-0.0758619979391588,0.3908996956965278,0.1095411362490104,0.1593856474180703,-0.020909948490582,0.1065810066207848,0.0555875141757045,0.1153046923925804,0.3108737269778407,0.0525128394153058,0.056176059012543,0.1116542804263458,-0.0668612786573684,-0.171643802436924,0.0108600018622357,-0.0586430358160638,0.1957954488678066,0.0130596941406071,0.0241960330183172,-0.1173498958540998,-0.111099579045113,-0.0111111605597377,-0.1016805519545868,0.1089508608814568,0.0098712709952646,0.0672721308775294,-0.1364513504667781,0.1132539354576671,0.1121978845534985,0.1855311850012886,0.060380058494436,0.0648775802715475,0.0684353238193971,0.0782672559068695,0.2464554691568266,-0.2922062826701149,-0.0242120454237891,0.0503532836150237,0.2632575493160756,-0.1059134944617539,0.1219459925488122,-0.0158915235547322,0.0485174366974123,-0.0623557866105346,stop,1165,11,26.24068925440628,-0.0541096479344125,0.0272569952780045,0.0559027050209233,-1.0,0.5037363264873446,1.033137474645634,2.9607049132953325,1106,0.6601052651377908,5,0.1028146229674381,0.061301245672402,0.0538296463329783,0.0,-1.5945669216969078,-0.9344616565591212,0.416111426562442,0.1004591136137522,27.11434114195704,26.24068925440628,32.18609690791099,0.5518079425742568,-0.0499302325971666,-0.0326411121288267,0.0198839540866151,-0.0629384464976449,0.2342325933053778,0.0038035435792516,1.0,-0.0193746781824096,2023-10-11,7.0,4,-0.2027530234382534,-0.1357270886553405,True,False,True,0.6666666666666666,2.0,0.6666666666666666,0.0190962325165635,0.3453242532713549
FOX,Falling Wedge,bullish,1,0.6568221604797133,3,28,1201,1202,2023-12-18,2023,2,26.653306495205424,26.80582383717757,28.575807863402616,25.851333697175853,1.0489636400224536,-0.0056897091803094,True,0.0065052373896847,-9.7523559409618e-05,-0.0387158270283266,-0.0519008930450501,0.0410683237017237,-0.0098533322084709,-0.0857804662491588,0.028185799647252,0.0418714387386103,0.0051921344923062,0.0352379582986741,0.0140059355186938,0.0139108425654073,-0.0049127218212642,-0.0555042203152404,0.0062991266026188,-0.0088190999693935,0.0256825087452381,0.0382125876735752,-0.0080027053991432,-0.032284620293232,0.0500352507998875,0.0063088363669494,0.0108420745177584,0.0187568491905466,0.0102563578046941,-0.1041404344299204,-0.0151849772123978,-0.0030478990394762,-0.0648485248748956,0.0202558139330932,0.0101731380281655,-0.0235610715038271,-7.081287367594058e-08,0.0309278300640374,-0.0716182691059417,-0.1122119783456395,-0.0534794825468728,0.0449590982548431,0.027715545966473,-0.0352715400690351,-0.0291653517288206,-0.0340279355566847,0.0362466499691216,0.0061711179545993,0.0288346736803263,0.0328876453617767,0.0245072256318064,0.148659153363954,-0.0610941770822786,0.0,-0.0229266039857863,0.1486048917009406,-0.0082262492332654,0.0474542735222023,0.0051585365841571,-0.2118561658459092,0.1269113756412483,0.0545274424515358,0.1270252015867297,0.0628634768748017,0.1166814669781828,-0.0233611780000678,0.0484358913120077,0.0322118004742324,-0.081549592488851,-0.0458491936144911,0.0973012069474226,0.0048390675024385,0.016985909225506,-0.0454016990479642,0.03910986089525,0.1259511809300859,-0.1183159209426329,0.0125173107632672,-0.0384187442650305,-0.0478819265234944,-0.097875143897863,0.0674356906684645,-0.13172641264035,0.003579125382912,0.074166916285377,-0.0196453735729748,0.1912586614066753,0.1040095732091148,0.0966237894470489,-0.1713853567536268,0.153871713859977,-0.1377352243764222,-0.069664823641253,-0.0190007119609408,0.0161422000118268,-0.0185857730804154,-0.1008748565515321,0.1283044651642459,0.2144955588235826,0.2215625909559739,-0.1417982698330213,0.1435832524138232,0.0069735048055259,0.2096197074837096,0.0152203427955146,-0.0533874239302227,0.0114331798100775,-0.1232993047161098,-0.1221387114853002,0.0739120664612051,0.0384105740333871,0.1935594820365405,-0.0031631134679019,0.057394740484342,-0.1544912392844319,0.0593391063263346,0.0821113097379908,-0.0614678640111787,target,1226,25,28.575807863402616,0.0721299388705496,0.077520809922063,0.0115285750939793,2.397215183508388,2.576379038897432,0.3831484636234424,2.397215183508388,1171,0.4876158637497317,6,0.0432022049012947,0.0244499710937904,0.1347368499874575,0.0,-0.88392533969001,-0.3963094759402786,0.9775519747664296,0.0683448000378334,26.80582383717757,25.851333697175853,28.575807863402616,0.6250849140189426,-0.0691557518410105,-0.0177817095396803,0.0234863875787563,-0.1036311534430092,0.5306090673060658,0.0050632450562748,1.0,0.0512291623865119,2023-12-18,7.0,4,-0.0427895945484172,-0.0309043376173455,False,False,False,0.3333333333333333,0.0,0.0,-0.0653500448290469,-1.992211377059155
FOX,Falling Wedge,bullish,1,0.619926320110317,3,13,1476,1477,2025-01-24,2025,0,45.66527752380483,45.061762303518805,46.755720598636174,43.95010572278767,1.0186078418762192,0.0133930674131423,True,0.0426946517184609,0.0309092926114149,0.0630877647622607,0.038027627154642,0.0373932636225298,-0.0289684588070452,-0.0302237596252162,-0.006766289646761,0.0681894540891152,-0.0190779120953223,0.0205634116503712,0.0235293411451449,0.0032351598168571,0.029736124699059,-0.0628201443675929,0.0348371642929141,-0.0053379937260933,-0.0203118799031173,0.0383315655431608,-0.0171058271766615,-0.0169322817210142,-0.0031535364960046,0.0353830120578996,0.0748765838665113,0.0648565317168983,0.0332129305833945,0.0094242128967776,0.0278267644595002,-0.0304298463218229,0.0599999420647821,-0.0592126680708534,0.016643559943773,-0.2030215303897323,-0.0387837204676451,0.0804639125159989,-0.1334616315240555,-0.0655276537830187,-0.0030485777637291,0.0686550333048423,0.0243355865626808,0.0748765838665113,0.0306488464501342,0.0302057546807938,-0.1090908188838148,-0.0076481677562929,0.0845731582481001,0.1634842828760341,0.1594495126282722,0.0166247987644034,0.0369056711108772,-0.0691681233480613,0.3287954160052897,0.0331974826235648,-0.1602564575001214,0.3634127366998363,-0.0569993648920957,-0.0811677100918153,0.0994638785475638,0.311744730220366,0.0325399908756651,-0.2060171337732109,-0.0527129643504395,0.0106581429027385,0.1166197340640271,-0.0015452986076534,-0.0027618211966712,0.0510313976592293,-0.0886884480750743,0.1294004499941132,0.0720109629375291,0.1039590641496484,0.065359352367351,0.0631779522008402,-0.101070728829257,-0.1013659957766636,0.0404067711887474,-0.0755135264001198,0.0345270084304023,0.0240507555253275,0.0403203063801327,-0.1189170030414675,-0.0477644436626903,0.2017044782119654,0.1022480619572172,0.1070688685194336,0.1153046923925804,0.0927752504969896,0.0606891760637486,0.0610053246797839,0.0923854761083777,-0.0786783784678422,0.0431252930202863,-0.0343059626589692,0.0766100361243359,-0.0831340574413082,0.1534277855203267,0.4131090533183075,-0.1195885372514624,-0.0124020635935628,-0.0882062019714398,0.1895050606684569,-0.012372772445768,-0.105802630629054,-0.0735869742284085,0.1226138969661314,-0.0658912706543847,-0.1574554974474101,-0.100283161541252,-0.0277501809269963,-0.1360500500531498,-0.1737750314992651,0.037832588074504,-0.0667771178259478,0.164499056414598,-0.0272015573316149,target,1477,1,46.755720598636174,0.0238790418882903,0.0311092199946768,0.001673441621301,0.6357631778837937,0.8282617308444189,0.0445542399958301,0.6357631778837937,1463,0.3652693367158169,5,0.0213139864365628,0.0613357630247712,0.127011240908089,0.0,-0.6155622441115223,-0.2502929073957157,1.105927577023137,0.0462463556285335,45.061762303518805,43.95010572278767,46.755720598636174,0.7958922907736893,0.257347284010359,0.0314257854150648,0.0174512926822509,0.3601061421371769,0.9487166947063694,-0.0039105911252844,1.0,0.0223311434262807,2025-01-24,53.0,4,0.2229142896756537,0.1903946762840347,False,True,False,0.0,1.0,0.3333333333333333,-0.0060943327512819,-1.3761410527130205
GEHC,Falling Wedge,bullish,1,0.6348817880999956,3,36,113,114,2023-05-31,2023,0,79.28767940261682,77.68926531163291,91.00989828330064,73.6434720781837,2.409635329541653,0.0205744523979243,True,0.0094068102708133,-0.0108279351448501,-0.0967907586175198,-0.0108234646431045,0.0345506916990696,-0.0320209640641016,0.0070833361240543,0.0074101125580428,0.0389763852631674,0.0675707567784762,0.0341165152165496,0.0283676944095387,0.0502947431664071,0.0035164496272073,0.002507344958142,-0.0188422474209442,0.0110738282291495,0.0085713732810268,0.0344091867757743,-0.0174035130658193,0.0336945453079799,-0.0132770686429067,0.0007575629238038,-0.0150506903321475,-0.0607106751022273,-0.087687397342502,0.0474973931647608,-0.0375645432443972,0.0464554802284598,-0.0190474517721238,0.1261502290281178,-0.0228308330570841,-0.0234491807908189,-0.0151785138755334,-0.015156011830717,0.0494806739797473,-0.0054143395559046,0.0441423326040464,-0.0878753511083465,-0.0133847808257318,0.001614757542707,-0.0433931128892113,-0.0611437656654249,0.0436717818916891,-0.0513083783723923,-0.0088296397376145,-0.0131695069728952,-0.0649464423154919,0.0085825335238183,-0.025859114190481,-0.0373586695451914,-0.0140535797800103,0.0604475316265491,0.0213923452347466,0.0247363106748885,-0.0206497699015402,-0.0546485687812505,-0.0950000777535513,-0.03118342874873,-0.09001290261605,-0.0385076560979404,0.0247051110686071,0.0074742475762816,0.0709935620548087,0.0737241044700978,-0.0299998625133854,0.1044840318198827,0.0461538967025221,-0.0134405092140988,-0.0229699430414297,-0.1199044469548787,-0.1272223109371135,3.53587896744223e-05,0.0220376169707854,0.110368796823153,-0.1279727340277576,-0.060914155216863,0.0032518817036382,-0.0210310989632827,0.0630223573606858,0.0351396157598384,0.0369812406427105,0.0416597889041379,-0.0895622778479311,-0.1694499849857762,-0.068034919121682,0.0811391066267142,-0.2390427181914916,-0.1820879301773675,0.1303926925602019,0.0532517847081985,0.0024319513895466,-0.1394056667820876,-0.1956478026544955,-0.0608913033971518,0.3878207265577218,0.1720303860098282,0.0384626005794355,-0.0353049680680164,-0.1734031468055272,0.1765977412065471,0.139044499112229,0.1814493075832024,0.0463685449183319,-0.1597996755237193,-0.2403624126985183,0.175761170972978,0.127701791000349,0.0380652568438872,-0.0316759823714667,-0.014180915059085,-0.1432640866790796,-0.014060104894019,-0.1544627413495264,-0.1622005011790076,stop,160,47,73.6434720781837,-0.0711864361141439,0.0432709212664787,0.0800584837227456,-1.0,0.6078534567610036,1.1246311529681836,2.0768583092154858,77,0.6126981279087284,5,0.1258387458976718,0.1120464901417186,-0.0898111613806509,0.0588235294117647,-1.0008058015057466,-0.3881076735970183,0.4961146850496334,0.1522950010613892,77.68926531163291,73.6434720781837,91.00989828330064,2.049035425589818,0.0863373618372578,-0.0023689777887583,0.025914555508781,0.3256677285684408,0.8892801056669286,0.0074396460893348,1.0,0.0170625857474702,2023-05-31,,0,,,False,False,False,,,,,
GEHC,Falling Wedge,bullish,1,0.6198055530141874,5,62,197,198,2023-09-29,2023,4,67.64758538197133,64.38656374530066,89.08887247137633,63.20431688523797,1.0558956225251164,0.0506475489136297,True,0.0067644850565939,-7.999004445036206e-05,0.0259949592839139,0.0025181251277917,-0.0702417274603374,0.0115692457009828,-0.2542523296134302,-0.0183978760124626,-0.0074613054152178,0.0153563923791479,0.0527352896791977,0.0239014231841165,-0.0431924138505166,0.0231865389063774,0.0591758322399349,0.0168962086513826,-0.0266795249567707,-0.0221688508836058,0.0524523358421018,-0.0116199815830444,-0.0037802396204553,0.0050309049980914,0.0152133347267341,-0.0129412583479284,-0.0243800010411985,-0.0708417247226061,-0.0471145038016231,-0.030613195574669,0.0452625924820884,-0.0021898113644367,0.0343479494791929,-0.0139513499050359,-0.1303704922357064,0.0234839593655824,-0.021198169993826,-0.0301131352817476,0.0669983412067192,0.0258413769834875,-0.0236308234661999,0.0078016712791855,0.1234972152002589,0.0357961908654467,0.0278629677566342,0.0232668605817811,-0.0267460005455394,-0.0138107542633778,-0.0716318362375624,-0.0342682594388966,0.0268909000631605,0.0232112279192002,0.0336765353815433,0.0616450180049366,0.0254854520229972,0.0108993654904647,0.0662147141877131,0.0716889173023329,-0.1758199771201136,-0.1040461695646163,-0.0110637569596852,0.0108993654904647,-0.0049407821284532,-0.0813354798114656,0.0089445511635886,0.0397686129578602,0.0716773669663175,0.0278359066740703,0.0409094528774196,-0.0161304052043385,-0.0779523770232323,0.046657774331366,-0.0186463567515968,-0.1646199298585621,-0.0061305334691664,0.0717444379963403,0.1502632742840544,0.057206868554106,-0.0112083973536964,-0.003894325184352,0.0059037904478427,0.1384693790211997,-0.1439554379645249,-0.0427013584044103,0.081928722193785,-0.0282766186481127,0.0668601839323173,0.1655627876750112,-0.0730945308000856,-0.0765286842877219,0.0503134905085851,0.2203183520690517,-0.0318505576118349,0.0253422286763747,0.1496464348247574,0.0301993784680978,0.0336877818380882,-0.1683493081540809,-0.1791038932100147,0.0132005808081945,-0.0502491405470856,0.1293122201872962,0.1323987410841465,0.0243567389500536,0.0186766990880558,-0.0885834780850745,0.1327864076797411,0.0873258440952944,0.1265478183925983,-0.165697929640661,0.1477551556510343,0.1751205660404224,-0.1043899734334563,-0.0095619626034115,-0.0221462254510507,0.0308573370524816,0.1364492358376288,stop,213,16,63.20431688523797,-0.0656825882497429,0.014558583146795,0.0678066089161161,-1.0,0.2216505703374441,1.0323376517730558,4.825566383208314,131,0.8965385348283312,5,0.0001411709560944,-0.0270171686706145,0.0500309994752192,0.0161290322580645,-1.82475656523778,-0.9282180304094486,0.097410685119437,0.173780654583355,64.38656374530066,63.20431688523797,89.08887247137633,1.6851491603335584,-0.0763085782198528,-0.0361376317762438,0.0248960592348872,-0.171040482400431,0.048458490318724,0.0042994972886567,1.0,-0.047434264677809,2023-09-29,,0,,,False,False,False,,,,,
GEHC,Falling Wedge,bullish,1,0.6478558540308894,3,29,499,500,2024-12-11,2024,2,82.05962127591367,81.3459737377328,90.46543198867369,79.30704444877294,0.652050540375274,0.0087729915248384,True,-0.0636462983321922,-0.0301801053534875,-0.0084236497912865,-0.0112898228576343,-0.0373547671041044,0.0283676944095387,0.0451917759743696,0.0402274324783757,0.0935873535659632,0.0041705713573925,-0.046085141635238,0.0153736365869749,0.0152461406837713,0.0310439101134079,-0.0071463606877358,0.0028725078769686,-0.0117825371295929,-0.0123577108830682,0.0001542442866877,0.0345359956273707,-0.0363635565815253,-0.0094827663533311,-0.0701705458290574,-0.0318230413107536,-0.0265211186566541,0.0570571192556943,0.0301416774448144,0.1415294925960184,-0.0225525058030712,-0.0340070589903129,-0.0358744989941212,0.0532267307408851,-0.0772881982197724,-0.0566856160883715,0.048604124137892,0.0123068779682888,-0.013965500083291,-0.0788731476034216,0.0230434255161171,0.1265848170069439,0.0156266891352006,0.0308314176097497,0.0355641968866198,-0.0205893286429158,-0.0421422967873731,-0.0414499621650323,0.0368032422476845,0.0751050539992159,-0.1335227073327304,-0.0715474992089338,-0.0030842543766265,-0.0768459423139501,-0.0716318362375624,0.0232112279192002,0.0428571222148237,0.0465907488989787,0.0247363106748885,-0.0196581238852621,-0.0292569647154149,0.1791943634428874,-0.0466594977737062,0.1415169031718397,-0.0682289710394488,0.1058823367441985,0.0478890118693444,-0.0239972693186143,-0.0924117644303014,0.0236763137984412,0.0368677668425819,0.0575208722482638,0.0562559445115478,0.0354760339397619,-0.0103546800097884,0.0555415072609306,0.1300336701189295,-0.0778092547473315,-0.0119766545539428,0.0362922867790198,-0.0442385660461928,-0.0241009974393688,-0.0187135752502486,0.1041332119562605,0.1856420024481226,0.1761528256171978,0.2173736710304672,-0.1694499849857762,0.0199601668293074,-0.0130863656503456,-0.0426258497048396,-0.007726380095416,-0.0546245339288341,0.0332259455698682,0.0181511181106572,0.0937042407649679,-0.0810891880769306,0.0078359576144058,-0.1202832879553065,-0.0965495205324762,0.0386591915479361,0.1913201103637356,0.018730202997377,0.0990030391200824,-0.0244492406168717,0.027577536356532,0.1814493075832024,0.1221675794469023,0.0104219189367094,0.1450240800576034,-0.1589606086414478,0.1223002035212899,0.127701791000349,0.0487621969562663,-0.023141982719804,-0.1695596860941147,-0.0051948619326147,stop,503,4,79.30704444877294,-0.0335436208983415,0.0035224208560379,0.0378961624230497,-1.0,0.1050101557823201,1.1297576531138116,3.0537969476011497,468,0.6547986547878406,7,0.115597826312235,-0.0290478786446179,-0.1607939367043447,0.0,-1.3897417598320894,-0.7349431050442466,0.4745253893231385,0.0739739367692243,81.3459737377328,79.30704444877294,90.46543198867369,1.4342748327407917,-0.021615605904193,-0.0417430402832255,0.0173897343499971,0.0900092933101577,0.6258060070288738,-0.0037639452914983,1.0,0.0176915830728738,2024-12-11,,0,,,False,False,False,,,,,
GRMN,Falling Wedge,bullish,1,0.6314161102487384,3,13,857,858,2020-02-13,2020,0,84.78679944680218,84.26843160949892,88.83576958513407,82.37698941878419,0.6707528295617625,0.0061513882174215,True,-0.0158959407277429,-0.0039556331504772,0.0230729194938976,0.0625512544750448,-0.0491576269273245,0.0797529910629724,0.0128852251100921,-0.0004542647547405,-0.0132072450500981,0.0053079435451,0.014917336983419,-0.0005018025523082,-0.0849412931910418,-0.0417743168231569,-0.0417743168231569,0.0166560739376324,-0.0351288154426928,0.0249637329609191,0.0986498019600043,0.0091164887218195,0.0500321291916527,0.0216386806714183,-0.0235261855552155,-0.0993478766984268,0.022870565490251,0.0368577253630733,0.2195441790138859,0.0042036373724225,0.0217948842429909,0.0241859672208277,-0.0002998989113962,-0.0180370037541047,-0.0475099862526188,-0.0474349612367077,0.0163737573284807,0.0151290245550703,0.0683692908597328,0.0543213452468591,-0.00764714084246,0.0498011544507435,0.0067679706729932,-0.0675500879719145,0.0211586484380794,-0.0837770809535746,0.020103672612699,-0.1136656315711809,-0.2057300725951174,-0.0036915648417764,-0.0373251888871591,0.0336484257736242,0.0940153467224418,0.0863910399691194,0.0237522758912247,0.2129628835582866,-0.0102759530217988,0.0128999485082899,0.0033083292959594,0.0108385166375084,-0.0219974454188423,0.0773000601166258,-0.0602175628841777,0.0565330065203786,0.0589878192645845,-0.1030879019206602,0.0564568440383157,-0.0126658733563731,0.0969193898247626,0.2050191700157049,-0.2449032291275082,-0.2008006084103869,-0.0223495041822784,0.117526224237737,0.1176774407601592,0.1054473774187902,0.0155426728833039,0.0102746602213763,0.0319938131531278,-0.2268936133284099,0.1754428446044185,0.2741853604189337,-0.0161421764397087,0.1061277603145551,-0.1023405929722022,0.0318905316985274,0.0327573245113554,0.2109979767836123,-0.0151976602709532,-0.0301635603927501,0.0461610195228789,0.0358748530714925,-0.044500850651572,-0.2446336786876205,-0.1698883814056587,-0.0416255827463899,0.0279645714145817,-0.1337023841511004,0.2032720684819289,0.2103070936342104,-0.0098336053314227,0.1995330280289828,0.0998698856502424,-0.0190903346893355,0.0798896914250846,-0.0592976067866519,-0.1791442410269353,0.2030394531737331,0.1458850268827365,-0.0266177078022628,-0.1522954598460256,0.2084941298248017,-0.106627227651297,0.1623102560738236,0.2505679889907424,-0.0361360267911066,-0.2233078113808952,target,860,3,88.83576958513407,0.0477547231968855,0.0758099759146131,0.0132465948428741,1.6802030414248386,2.667299558557249,0.4660684316346598,1.6802030414248386,844,0.4526127671322333,5,0.0007437467921848,0.0036708770484008,-0.0334974418380152,0.0,-0.7645496287718594,-0.3119368616396198,0.6995339616790506,0.0540386458923894,84.26843160949892,82.37698941878419,88.83576958513407,1.7340448827773878,0.1392699443152334,0.003831912355753,0.0204185363242941,0.3010043099962085,0.8461565548082596,-0.0026581798221816,1.0,0.0270274295678991,2020-02-13,30.0,19,0.1985808037514724,0.1367240297605318,False,False,False,0.0555555555555555,1.0,0.0555555555555555,-0.0100675267430825,-0.3744432826415245
GRMN,Falling Wedge,bullish,1,0.6375456738134229,13,115,1384,1385,2022-03-17,2022,0,108.10755494395096,101.61007038439776,156.10382336491818,90.57014866026589,1.1959021306740778,0.063945281554995,True,-0.0183191785504035,-0.0468352787269377,0.0246777490515197,-0.0112836603419916,-0.0216889836924533,0.0106361987660135,0.0156475662905266,0.0022919986192804,0.0141535027602537,0.0001767245694332,0.0037372826235546,-0.0084911191185481,-0.0108070017564688,-0.0771816918697021,0.0189073566771726,0.0494086378985656,0.0222136169152424,0.0168013150725507,-0.021312496827766,0.0135148105323767,0.0076146063471509,0.0228457307711169,-0.0219122857147949,-0.0032772657995068,-0.0344190115108984,-0.0589821874510971,0.0396891630357614,0.0381402811010986,-0.0405298828888415,0.0199479158263167,-0.0623767121610601,-0.0176729515101426,-0.0832419996451826,-0.0015579870299492,-0.027277116004338,0.0012332398020187,0.0545308250949196,0.0218071499685525,-0.0107542467147486,-0.03327845698225,0.0121034049665935,0.0275909323148648,0.0386797996825041,-0.0182926693321031,-0.036412919927715,0.003555455093233,-0.0646218503917188,-0.0641426091244727,-0.0656431388596258,-0.069162608073332,0.0083760549024416,-0.0243191055799451,0.0235878172347294,0.0990015278874496,0.168590996221664,-0.2826342600449144,0.1076788579707386,-0.0031666809820876,0.0418325816309563,0.030897149552874,0.0303790986312868,-0.0196840012487043,-0.0907062794082372,-0.0228844785310669,-0.0831482362506601,0.0044063170221417,-0.0508717582091892,-0.0748855525729033,-0.0510040654563996,-0.1482355117897479,-0.0654047674553277,0.1584130572291995,-0.0267712033557777,0.1223701230767717,0.1501577621836518,-0.0147006250721636,0.050706401947226,-0.1132467117789559,0.1063730265497626,0.0208940058159423,-0.1339693785073686,-0.0036189994406115,-0.1265461780382846,-0.0762709604743042,-0.0181725756782296,0.0613115117606255,0.0725533243514107,-0.1965255514475004,-0.1439742148275952,0.2053715633019246,0.0872075342100746,-0.1573136073800378,-0.1804201323425811,-0.0365846902324227,0.057135138853108,0.2013776732272083,0.027279522982226,0.0021241348293505,0.1755991266080556,0.0384611379678128,0.0466808122223807,0.2850610958435868,0.0721736490029949,-0.0485812424475756,0.1490104672946572,0.282563989975821,-0.0030686841922727,-0.1721787788919927,0.1730891589527965,0.0027422633685019,0.0328825311076605,-0.1237178185171923,0.0373053341702138,-0.2660174829022246,-0.228916233815337,stop,1422,38,90.57014866026589,-0.162221838175671,0.0230252216151541,0.1796637333367076,-1.0,0.1419366336499035,1.107518786355686,2.7367940073109795,1269,0.359154753200429,5,0.0347002638235898,0.1127628311572213,0.2777760762300825,0.0297029702970297,-2.5194183844158875,-2.1602636312154577,1.4211435589884411,0.1349657785617838,101.61007038439776,90.57014866026589,156.10382336491818,2.717920971137154,-0.1813456519621258,-0.0252598697885246,0.0256781973019757,-0.301320308992029,0.946644115515122,-0.0073259846716249,0.0,-0.0123825046629931,2022-03-17,46.0,21,-0.0453786266092618,-0.019457741254526,False,False,True,0.35,2.0,0.1,-0.0440239326598694,-0.5119688633246389
GRMN,Falling Wedge,bullish,1,0.6159266140886457,8,89,1458,1459,2022-07-05,2022,0,92.38699205558405,91.11680940583553,117.38522136732854,83.50759260532314,1.0717565646698215,0.0139401572336792,True,0.0081242341644518,0.0114738794626702,0.0259509640962105,-0.0467282495973871,0.0178876164144907,0.0121682605537221,0.1119154342462536,0.016602353395358,0.0086473830020468,0.0184729112751727,0.0039015899925081,-0.005636980242223,-0.0310476741585101,0.0126528264886009,-0.0936959182579594,-0.0434047363737495,0.0067570270524337,-0.0105242245462114,0.0388703344652283,-0.0304425096124806,0.0644393614374689,-0.0150899436430428,0.0050394428650553,0.0228870440710882,-0.0037024518095816,0.0460953846222051,0.0188718794501054,-0.0293807349828838,0.0395136764979442,-0.0239300463793792,-0.0320999530430478,-0.0735684407945934,0.0398011023594078,0.0158418769178763,-0.0489026063931281,0.0334805134211686,-0.0777071844835806,-0.0007870046378704,0.0008208132772458,0.0099036289550695,0.0070036270252651,0.0346838952263759,-0.0923220376335739,-0.0068080938341017,0.0294938976449168,0.0283868344103171,-0.044089808181763,-0.1120023355595597,0.0215748112928917,0.0646428039274951,-0.0234834618674659,0.1100142212748183,0.0190933336161123,0.0265938605567279,-0.0063797382254646,-0.1039213247601303,0.0538693552402413,0.0496717229514509,0.0655493375740026,-0.0850878793274353,0.038906635750407,0.0125561455518274,0.0186888627335293,0.0081019120704401,0.2910414050442615,0.0752239026191619,0.0649248753415672,-0.0215904468072367,-0.0780893249096231,-0.1132467117789559,-0.1553811485806657,0.0661824143994203,0.0493157728118773,0.0555368241729103,0.0906038899915007,-0.2217712238016141,0.1463120118473433,0.0336740691265762,-0.0067066168538486,0.1024052973910778,-0.0770817510051863,0.0683628080985101,0.1908210650866277,0.2077969436126339,-0.0468106086701466,0.0207485545258347,0.0092901631833055,0.0669488469257901,0.118446273275325,-0.006331973975248,0.0969459763080575,-0.1614811486014933,-0.1618404930969273,-0.1355185827875376,0.1991486498594092,-0.0295978144289312,0.2128784893795847,-0.0220575106402094,0.1594234898401219,0.083024475419515,0.1201017087124287,-0.0007749061140219,0.0963273541868765,-0.0295978144289312,-0.0892416428453274,0.1991486498594092,0.1630417510856645,0.1076973815964075,-0.0551697280564309,0.0542739455117569,-0.0023295538189365,0.042666538997278,-0.0385813010601907,0.2701449503725555,-0.2338668487683288,stop,1497,39,83.50759260532314,-0.0961109270114419,0.0732189954891098,0.1064106028008372,-1.0,0.7618175972893613,1.1071644620405037,2.8153063111728764,1369,0.5584674972946067,5,0.024250173387669,-0.2307662420186434,-0.3330582383832655,0.0,-1.0975768250853213,-0.5391093277907155,0.5693025979624692,0.2103992408993682,91.11680940583553,83.50759260532314,117.38522136732854,2.422486269618865,-0.1925368211637641,-0.0208972317004146,0.0264781740550254,-0.2558833019762413,0.9824121180985562,-0.0144177968645121,0.0,-0.0655965961380021,2022-07-05,46.0,21,-0.1918328265112763,-0.0979473540878371,True,True,False,0.85,6.0,0.3,-0.0115560790040282,0.1738587045162655
GRMN,Falling Wedge,bullish,1,0.6070816039013981,3,38,1505,1506,2022-09-09,2022,2,83.80094971588167,82.11906068271878,101.97163507109394,80.01387652956379,1.573561402985964,0.0204811041331944,True,-0.0558100346551304,-0.0028814484557353,0.018029572188134,0.0462982164794869,-0.0570734735502255,-0.0512719411882733,0.002104500536558,-0.0069769291863784,-0.0458917968067565,-0.0018063842948634,0.0269827369163015,0.0118981230103885,-0.0195443458324804,-0.0095570758607479,0.0150548780742656,-0.0434047363737495,-0.016553853369736,-0.0402961415326114,0.0501080707980909,0.0143570805474968,0.0188322169415429,0.0277311681787832,-0.0527610289388917,-0.0884102136938856,0.0077746228481515,0.025666051566014,0.0360074706732038,0.0550623075249629,-0.0075849461239867,0.0052099550986635,-0.0231459881003113,0.0730254515556474,0.0185822862947766,0.034349597476754,0.0532420899546615,0.0276459074105117,0.1050128865283352,0.0360964209325609,-0.0178244760826491,-0.0451286323056271,0.0551890774276402,0.0150589246607213,-0.021658944417254,0.0412545019674104,0.0022302671877876,-0.1118247241553768,-0.1222215226278667,-0.0133617731404274,0.0078567868242849,-0.2383009383720393,-0.034030187136679,-0.0013652166310534,0.0562388131774147,-0.095831363654901,0.0746459411800877,-0.032551521524441,0.0123621407716099,0.0096048957772769,-0.0032899799677539,0.0228082384751773,0.0147946976046529,0.0852775723351522,-0.0306977085879684,-0.0272389051781687,0.0590314103753766,0.0359597220947049,-0.0683215684794201,0.0071362954364739,-0.1149259788538561,-0.0469992763396928,0.0285523326479965,0.1169381570555934,0.034967715421919,-0.0213863852586378,0.1695348352463594,0.073362423628549,-0.1408785408602526,-0.1265461780382846,0.0341225773667654,0.0495607563512905,0.0354668826294566,0.1036630148555006,0.1355920404087875,0.0868933511978979,-0.0010959535793663,-0.1134949623608961,0.155532669774544,0.2139580245609855,-0.0421423908462553,0.195828639482448,0.0919145049352734,-0.0995888354382767,0.0341705527339666,0.0526364997859007,0.2590136220484857,0.1134585584725764,-0.0726513394307747,0.0926572731997787,0.366029525425416,0.0623560733319261,-0.1875445626783711,0.0232449912106191,0.0759067319208375,0.0542739455117569,0.0173920472358533,0.0623858286130938,0.0960697080369152,0.2767907624242629,0.1661155395814804,-0.1278582785849353,0.214386735161242,0.3752583727894885,0.2202346293692472,-0.181122001544512,-0.0611493553707527,stop,1510,5,80.01387652956379,-0.0451912919741072,0.0229382676583183,0.0573520061619767,-1.0,0.5075815861042671,1.2690941917490912,4.798081384025052,1465,0.8243344656015121,7,0.1916380011346272,-0.0206096746465825,-0.372483889725269,0.0526315789473684,-1.4084168914918416,-0.5840824258903247,0.1811761501635373,0.153060977003858,82.11906068271878,80.01387652956379,101.97163507109394,1.9699798370808463,-0.1828939029679527,-0.0672880194275312,0.0236915884557865,-0.1713227233953382,0.6479980468749955,0.0042261972665955,0.0,-0.0318818325357905,2022-09-09,46.0,21,-0.0093678668161112,-0.0241621408440589,False,False,False,0.35,0.0,0.0,-0.0571246274915221,-0.3823388666451512
GRMN,Falling Wedge,bullish,1,0.7084209373767459,3,36,2042,2043,2024-10-29,2024,0,180.2976723356226,160.38425132451027,178.19725451438126,153.75089334237884,1.912274859156884,0.1241607006090697,True,0.0974205221814352,0.1053167644071536,-0.0127386726059363,0.0345818815911074,-0.024570069544848,0.0007330810179289,-0.0454228296913747,0.0574897804122009,-0.0253954734350057,-0.0477123450404886,-0.0208139100926249,-0.0589443616252705,-0.0230707623028769,0.0449117699248957,-0.0017633130112492,0.0402473946943517,-0.0026908699918125,0.0110565144642991,0.0293732446093513,-0.0643591730984447,0.0140291954257461,0.0057062490763843,0.1018881556426185,0.1476624475480772,0.1208083644897459,0.0107477918662963,-0.0038296700146153,0.1458084334770042,-0.005517796911571,-0.0568069814283733,0.0003845970056812,-0.0635334795421438,-0.0324711049123651,-0.0322226001622508,0.0030306537385058,0.0068219861082363,-0.0324711049123651,0.0969420789621458,-0.0051511117900764,0.0148038662900029,-0.0322226001622508,-0.0275296370069955,-0.0684858227380115,0.024193866253565,0.0451472130427708,0.1482805186899177,0.1437398810218644,0.1104345465307299,0.0723750462624053,0.0241722459941495,0.0746759666215122,0.0097038093830421,-0.038751920672276,0.0638267627570599,0.0344123297055496,-0.0174504242261424,0.0757537746806507,-0.0009755252793456,0.0300044017981799,-0.0218892884331974,0.0537985051053493,-0.0604385152208688,0.090047270060098,0.0176400017469635,0.0044063170221417,0.0476003758999583,0.0821389956124467,0.0276772639172315,0.1153035113851189,0.1359705774287039,0.0979964331420868,0.0636956737194764,-0.1133915585370095,0.2115463671540756,-0.1304818708255791,-0.0108215477148447,0.1792094529087069,-0.0564119806702817,-0.0563336206424813,0.044738484298366,0.0413690381380889,0.1069860777206799,-0.1465035765158329,-0.0880155994299342,-0.0490531976807778,0.0445074822335285,0.0191213341753309,0.1072072864494728,0.0327573245113554,0.1701006729632235,0.0658995133395334,0.114164289648949,0.1743089703125544,0.130845733031363,-0.2038563170299269,0.1931115775039711,-0.0856705738628724,-0.1022103016148898,-0.0166774803878938,-0.0062502961235452,0.3196436938014306,-0.0048161664684895,0.1167600318907682,-0.0751245208811084,-0.1592595865628997,-0.064402158422043,-0.1602000502705026,0.0211305551081093,0.0109598819150755,-0.0218480821699037,0.0074316297748251,0.0333667664489121,-0.0556602627379203,-0.0191539802049484,0.187945252327247,target,2043,1,178.19725451438126,-0.0116497223399059,0.1134873424208259,0.0,-0.0791213812333277,0.7707716135067915,0.0,0.0791213812333277,2006,0.4977354825566836,6,0.1322916349460355,0.0584357012941121,-0.223677595194623,0.0,-1.0503906005817172,-0.5526551180250322,0.7858660273183583,0.0854018563220564,160.38425132451027,153.75089334237884,178.19725451438126,2.3687708455350696,0.0659565280534517,-0.0362716148323922,0.0147050160371481,0.1610972396333647,0.5824760106968718,-0.010403659518186,1.0,0.0231262002618763,2024-10-29,39.0,15,0.218035687901184,0.1486191454291592,False,False,False,0.0,1.0,0.0714285714285714,-0.0529487256890536,-1.0583511360500908
IT,Falling Wedge,bullish,1,0.6338782161535396,3,19,1065,1066,2020-12-09,2020,2,153.47000122070312,155.21742547809745,162.42851160376097,149.63427583463894,0.8923595926782033,-0.0112579129051517,True,0.0250211527161479,0.0118838099268085,0.260859104150644,-0.0670530186289189,0.0212696038560846,-0.0193216521141209,0.010949810546728,-0.0156483454011586,0.0177272943715876,0.0287855388567508,-0.0165574740509765,0.0062641380159182,-0.0196873273639693,0.0062684993463293,0.0407673351213497,0.0135711604788448,0.0092330776832532,-0.0809669259216419,-0.0083114304208954,0.0199912974134235,0.0450002325745495,0.0174491612924376,0.0114916487258369,0.0232618233989307,0.0129523727386602,0.0051721302787886,0.0938412839166125,-0.0689977409559634,0.0404326941553867,0.0260147551995668,0.0308061189586796,0.0394808876932466,0.0026921591444977,-0.1513064050548953,-0.016900595718525,-0.1108257928229961,0.0727435642653029,0.0681254364029604,-0.0238614981297398,0.0258939274326983,0.0179081602240598,0.0432536636523477,0.0770401455454947,-0.0202039177687465,-0.0302533905267022,0.017209044104327,0.1018440396070317,0.0539057550809805,0.0006223683883963,0.063213110751793,0.1511054368468423,0.0342689831994968,-0.0217673227913174,0.0524256885836547,0.028395493567666,-0.0717829993084998,-0.0500104502980686,0.007015666650554,0.0209923367280517,-0.3321590764113614,0.0096251298264373,0.0146721386518635,-0.0165562535105892,0.2252905112182359,-0.0365208548711308,0.074026621974258,-0.0001902510190913,-0.0399600627813403,0.0962087288372391,0.095393231727384,0.0220305672915057,0.07375039000312,0.122493866755686,0.2357987184258645,-0.0330724993353988,0.0190077091746778,-0.0350863331226345,0.1067305292782594,0.036259285492713,0.0594530331833309,0.1472201255019478,-0.0749167867080646,-0.0493353377725221,-0.3013671737611316,0.3694569855965131,-0.0937464768825331,-0.354830684204574,0.1980019165390849,-0.0777716443839311,-0.0983381298688216,0.1998151095772549,0.0729171015529419,0.1963901684362701,0.1322074937191486,0.0968788255808696,0.2200261416604778,-0.1044399424755513,-0.0328691192412113,-0.1221811539665449,0.2866666862763554,-0.1037902300475702,-0.371478662416902,-0.0009025549990723,0.0112565526413916,-0.085175322569078,-0.03273803552427,-0.3347042459837148,0.0610715772997814,-0.0815315132026557,-0.0057868608848994,0.1890138329622548,0.1277511365500012,-0.0725868843697212,-0.1127332971206654,0.2198028219278063,target,1083,18,162.42851160376097,0.0583730391073284,0.0843812917523794,0.0111422864420783,2.33554529623147,3.376153307348759,0.4458105160708118,2.33554529623147,1044,0.4212158596602495,7,0.1953367727228988,0.2290040935573998,-0.3022562792677735,0.0,-0.6795682863138667,-0.2583524266536166,1.2491280879517992,0.0645029622656657,155.21742547809745,149.63427583463894,162.42851160376097,2.7864303588867188,0.2450445628117148,0.1065963543060162,0.0180258139855121,0.3234588852070095,0.2685973341404053,0.0041010604272699,1.0,0.0361823938186502,2020-12-09,60.0,12,0.2033934621526876,0.1346573261560402,False,False,False,0.0,0.0,0.0,-0.0616850968851929,-0.4868911179333748
IT,Falling Wedge,bullish,1,0.7181434087944392,13,112,1389,1390,2022-03-24,2022,5,295.3500061035156,288.4370030645114,385.4591069007988,253.45661568683067,0.4821814789160458,0.0239671157499099,True,0.0071440166174332,0.0060800800885103,-0.0761964408768453,-0.0005347679307802,-0.0010599403704512,-0.0094269196372797,-0.0199632897406297,-0.0057258360807014,0.0181159420289855,0.0114573662591086,-0.0173269635070145,0.0125869102919884,-0.0417205170145436,-0.000422696615202,-0.0456250720582848,0.1790208395311558,0.0107106661741913,0.022603980739714,0.0687605662289583,-0.0096005928974505,0.0044642567657984,0.019730592008694,0.0011516124524626,-0.0020315086883909,0.0032660171358953,-0.1856030848482696,-0.0155567832185531,-0.041000313908725,-0.0302368518034766,-0.0009644719949941,0.0158111378766505,-0.0645630561899976,-0.0164242724693324,0.020958325375882,-0.0123316032024988,0.0003529752182176,-0.0685801068724712,0.0367664409734864,-0.0049153957925212,-0.0700118219252473,-0.0014130767727561,-0.071768970696074,-0.013175085937671,0.2761445755441634,0.0365378482460982,0.0084671709315135,-0.0068394091400222,0.0488392587774305,-0.3792567285428638,-0.0549067493291346,-0.1798111384939605,-0.048154850527495,-0.1438802649293497,-0.0408573117071213,-0.0857974284041047,0.0821870432027194,-0.0191434483817305,0.1129403569782756,-0.0181875228881835,-0.0288852395146441,-0.0078775817254722,-0.0040125353582973,0.0394956427172268,0.1030458193346894,-0.0603475729232403,0.0359919648404958,0.0072788485479617,0.028592468802107,0.0262399022750838,-0.1534112472694595,-0.0170295703825577,-0.0343061030221802,0.0797404311603622,0.2207541529957408,0.0721797672749886,-0.0454984211630571,-0.0499378464977193,-0.0121442441327511,0.0727728709841657,0.1030087590929018,0.1210351884800822,0.0144572755428771,0.1511949263278793,-0.0309371758869061,0.0353176220909841,-0.1984519453490798,0.0333119185605266,0.1292866080116259,0.0769212777337,-0.1095561531972357,-0.0714750069480657,-0.1812949423724015,-0.2101574607804957,-0.0450945212734248,0.0999019513703669,0.045178697217856,0.2693501712219182,-0.0480698462938143,0.4304819681558265,-0.0370519405363216,0.3387973533080692,0.0772535297232615,0.3370016879930289,0.0783390085663031,-0.0772482573391142,-0.216136129693565,0.5086121102193117,0.1249185723205639,0.3391313299805605,-0.0039439074659436,-0.2271159231746173,0.0973587688654509,0.0073203827630943,-0.1196615881130152,-0.3113783577349567,stop,1419,30,253.45661568683067,-0.1418432014590918,0.0702894153344653,0.1573387515164503,-1.0,0.4955430687648227,1.109244221069189,2.150914497514512,1272,0.5502972069601504,5,0.0120807091101731,0.3159716533474612,0.1163326248539537,0.0,-1.0491868032078289,-0.4988895962476803,0.6873998574349888,0.2822760020719209,288.4370030645114,253.45661568683067,385.4591069007988,9.495718819754464,0.001821909260913,0.0351837703526092,0.0320541423601917,-0.0863839931090979,0.9934412287065062,0.0094306355020794,1.0,0.0550768653614444,2022-03-24,40.0,5,-0.1086057795183295,-0.0751689272572926,True,False,True,0.75,1.0,0.25,0.0860862421514248,0.7132596313309653
IT,Falling Wedge,bullish,1,0.6587884622484534,8,52,1461,1462,2022-07-08,2022,1,240.4499969482422,242.73063929166483,315.74388553180734,213.51777422869645,0.8019897024173139,-0.0093957744686785,True,0.0009981513670624,0.0028640880116355,0.0393147720091824,-0.0234303891080097,-0.1617659152461665,0.0417313760785913,0.019976422444156,-0.00457680801435,-0.0408545020831804,-0.0047666162805254,-0.0246738765550695,0.0122477456028122,0.0156116674748685,0.0058511396732303,-0.0193707193201443,-0.0135057822041128,0.0169338450269045,-0.0416536090914276,-0.0324082941853069,0.0212696038560846,0.0370727914078579,-0.0316024008000526,0.0104281288327953,0.0552714024271026,0.0313241722889066,-0.3193917499166173,-0.0137687664143038,0.0100970962672557,-0.0328971120235863,-0.0030063936038605,-6.794824314892978e-05,0.0422385710972441,0.0244447243616867,-0.0037574300594401,-0.0737083681821639,0.0397720124010039,-0.0535530910359277,0.0451255503994338,-0.1755711152139445,0.0501206764529802,-0.0401383469747416,-0.2160146756010547,-0.0522158778619773,0.0687751856527769,0.0358958330819727,0.0886524636979232,0.2286962203829883,0.1571137968596423,-0.1961789594439571,0.1282050932833407,0.0263358515267706,-0.0715372862966235,0.0362773253481965,0.2142410162245311,0.0987497050050292,0.0742435994137802,-0.0179248547356609,0.0054794545812792,0.1173431753402409,0.0540635678977488,-0.0451224747390055,0.084938588551134,0.0535754357864741,-0.0552397152034442,0.0384626379879042,-0.0269295702982689,0.0936673494242301,-0.0728967969368452,0.2017085632471456,0.2015804412337987,0.1850194153295923,-0.024981699263013,0.1516025480133043,0.0911654081805082,0.0316406277163574,0.0112317871888902,0.0318979092845412,0.1389523381521227,0.1817235931148373,-0.0266308606249593,-0.0454984211630571,-0.0511157714083851,-0.4383151192746929,-0.092972842431458,0.0629316724192898,0.0950074926875172,0.2227431627066647,-0.1547297400397222,0.0408895049966291,0.0890093889431724,-0.0480328359218581,0.1882545340699642,0.1826158825561228,0.2285767676167055,-0.0173998241662501,0.0714285499227802,-0.0132033241600095,0.1081733679500049,0.1081733679500049,0.1756003685683296,0.1078595459068521,-0.1263969150876691,-0.1713579170660563,0.1269161867031181,0.1999058696315936,0.2836345268367244,-0.1146943427287234,-0.2039977275416661,-0.4467365285604081,0.1106958104886306,0.1217709125968455,-0.1755094392170557,-0.3573100435158501,-0.0074409436436221,0.1936103075127441,target,1487,26,315.74388553180734,0.3131374071082748,0.3139946609150539,0.0390933417167302,2.795680451911662,2.803333985649682,0.3490240666123128,2.795680451911662,1408,0.5080003792636962,5,0.0166355078137643,0.0261625636780491,-0.1373842625364556,0.0,-0.8932291707094393,-0.3852287914457414,0.7035117505993141,0.2321079157127709,242.73063929166483,213.51777422869645,315.74388553180734,6.909283229282936,-0.169594898258439,-0.0412033805539553,0.028476623213275,-0.1997954826011755,0.4450137758247933,-0.0040812994145899,0.0,-0.0507540410783338,2022-07-08,40.0,5,-0.2692158020254525,-0.1800170659967049,True,False,True,1.0,1.0,0.25,-0.0034683833570262,-0.4275432110384925
IT,Falling Wedge,bullish,1,0.7332960541835865,3,34,1602,1603,2023-01-30,2023,1,333.739990234375,329.2740945661721,360.91061835921687,317.797316048707,1.3444628698039325,0.013562851563184,True,0.0215437246113567,-0.0001450208433804,0.0193976651283798,-0.0002055588225771,0.0144338791812115,0.0478383283955115,0.0374582225258386,0.0207669073712013,-0.0232785338727138,0.0407189729530823,0.0184685277850935,0.0039813865568563,-0.0005893125143544,0.0023517154823977,0.0242375440036632,0.0218569304444991,0.020566545093702,0.0130806054977279,0.0514086402299727,0.0060861508090455,0.0038368926106984,0.0069611815981514,0.0050748900884873,0.0530952290382069,0.0239278265791444,0.2720123652016095,0.0046915964826521,-0.1283611316157723,-0.0068420945552357,0.0574695786608621,0.0147046097773684,0.0040105207158354,0.0036864304100496,-0.0068581073305277,0.1549132213875268,0.0293402725495826,0.0915674720570365,-0.0594203038674316,0.0622136589646926,0.0255049727733074,-0.1067414091364552,0.0417752119187331,0.0429338103756709,0.0091907021668196,-0.0018121443859622,0.0278962674106888,-0.0177683012204107,-0.0056277283236776,-0.0521015860436102,0.096867017443855,0.0114342517756707,0.0487949777553677,-0.0521015860436102,0.0860704042566191,-0.0408990717083549,0.0552139895304488,-0.0950421216476067,0.0415106286016762,0.0239186650172662,-0.0425310100208008,-0.0150983713561937,-0.1510874779567378,0.0498460176915633,0.0294827428357355,0.0535871547783066,-0.0207599335452617,-0.2978667526100983,-0.0105543453783258,-0.0037024808892061,-0.0569604476667503,-0.0469382202397616,0.040282408368734,0.0769212777337,-0.3173031820736361,0.0140266799121795,0.3533012348416555,0.1144417949758866,-0.3639122782032107,0.0386002586664846,0.0838935182322508,0.0040910374665905,0.0421174038980967,-0.1345619441473632,-0.0131145022399523,0.0710226515628817,0.0961836002416889,-0.1397562214301785,0.2146597015488767,-0.0227629487490623,0.1217561765585151,0.0746066229046993,-0.0746851121701922,-0.1178161981098742,-0.1297156318582557,0.1489039795451496,0.0056316738842994,-0.0633096289709685,0.0020982527572586,0.1554855503792602,-0.1653014887717202,0.263805941450556,-0.0421520244384153,0.3011663563327051,0.115028379431864,-0.3874865429555173,-0.0350236165621936,0.0873683947695498,-0.1492163394521011,-0.0689234039608377,-0.0020405988368104,-0.0377321642530045,-0.0079227191969067,-0.1453728223507197,0.2645892399955243,-0.1297960190497228,stop,1630,28,317.797316048707,-0.0477697448677696,0.0687062499679955,0.0597471175911613,-1.0,1.438279608948716,1.2507313521674877,1.7042704259281327,1567,0.4513399164072248,7,0.1375120421651642,0.182226014816113,-0.0223387621517154,0.0,-1.3502679151181176,-0.8989279987108902,1.085294112872221,0.0643748031642172,329.2740945661721,317.797316048707,360.91061835921687,7.080714634486607,0.1351133001469886,-0.0148409423855391,0.02124936861097,0.2551604167210295,0.608024037261523,-0.0070562582846179,1.0,0.0447268697741831,2023-01-30,53.0,6,0.0204514003463001,0.0376818804929599,False,False,False,0.4,1.0,0.2,-0.0169592654313416,-0.6207505466322345
IT,Falling Wedge,bullish,1,0.660230705730593,8,103,1961,1962,2024-07-05,2024,0,451.75,446.951826283984,501.63882230538775,403.6568394394576,0.5536316360934911,0.0107353263458136,True,0.0080354286282513,-0.0001563196682241,0.0274046325714871,0.0237578608470305,-0.0066732972980697,0.0049280733796905,-0.0542620595951358,0.0429957529034539,0.0258147794693801,0.0434477130660266,0.0099419197707191,-0.1117411887847307,-0.0281048628903524,0.0324183714731605,-0.0192241668701171,-0.0308834395902733,-0.0248465225673765,0.025680494247253,0.0184568473884094,0.0253268424521595,0.0045600003692587,0.0257142532703489,0.0062998284476352,0.0150525463043027,0.0266649023565495,-0.0824272744992791,0.0018650882353463,0.0076771871387502,0.041770459784836,0.0135738380272427,0.021724437144255,0.0715937385517426,0.0511934043292625,-0.0107407123153185,0.0970131307778365,-0.0129416490639523,-0.0087788818449069,0.0386565353333281,0.0653780919411481,0.0255049727733074,-0.0129920183954699,-0.0150721713038293,-0.0012828433888276,0.0134021886967288,0.1124141754140561,-0.0058240385625101,0.0609629408852725,0.1015430853223682,-0.0223753685213226,0.1308706231193421,0.084938588551134,0.0980250130725932,-0.0497851236397401,-0.0006539837313593,0.0280339661668995,-0.0175161277684973,0.1672291197923703,-0.3637069896095822,0.0982955884727587,0.023262276044236,0.0388438857358746,0.0040290498985564,0.1651372436920888,0.0348400036361129,-0.1584569853679834,0.0654971804061228,-0.0106174841543003,-0.0114171681051958,0.0457392755007671,0.0890093889431724,0.0741741272030453,-6.721210807991707e-05,-0.1095283531877924,-0.1882213328280246,0.072244219931941,0.1102957461883642,-0.0533253488293055,-0.0342723540371907,-0.0400832164035565,-0.087511143314925,-0.0085807289633499,0.3004190946808396,-0.0152054937079577,-0.0115536981206161,0.0247386972247931,-0.0774144657474369,-0.0354304787330775,-0.2002818416672073,0.0393081328588142,0.1516805627376498,-0.0019064844496565,0.0972441738669611,0.1217709125968455,0.0856193766599939,-8.493661726427515e-05,-0.2278549793623725,-0.3255672516496717,0.105008102849736,-0.0104099289677068,-0.1196792898453852,-0.2137982521124964,0.0627885008794708,0.1421107098755045,0.117602970034625,-0.0082162568465311,0.0599124117977813,-0.086368780188578,0.2202055650183265,-0.0622622674655976,-0.4160987600000957,-0.0906408385975685,0.021423005796765,0.3011663563327051,0.0341894791756711,0.1465996345914797,target,1978,17,501.63882230538775,0.110434581749613,0.120420573096811,0.029286133893366,1.0373371540550929,1.1311378429371992,0.2750913192671839,1.0373371540550929,1858,0.357697118005693,6,0.0619131553039432,0.2959636208138341,0.1840895028178673,0.0,-0.6886755311826949,-0.3309784131770018,1.524237898234487,0.1552942062255298,446.951826283984,403.6568394394576,501.63882230538775,7.458570207868291,0.0484697981270572,0.0290425062708905,0.0165008961012515,0.0572344125266397,0.9248561439160607,-0.0005583472920156,1.0,0.0406968169727066,2024-07-05,39.0,15,0.2299463695377852,0.1506507898609639,False,False,False,0.0714285714285714,0.0,0.0,0.0141301251953408,0.4057222051325762
IT,Falling Wedge,bullish,1,0.6105288009113848,3,25,2311,2312,2025-11-25,2025,2,234.8800048828125,224.57059433880977,264.2764766917508,220.2495436362165,1.5426904756908744,0.0459072149421706,True,-0.0126447597026616,-0.021882832802695,0.0130043145256715,0.0147036201614119,-0.0092371686988022,0.0370727914078579,-0.0113897571562009,-0.0226843843699903,0.0404930596718637,-0.0110677114195723,0.0165923901796074,-0.0484746632477701,0.0212060077788425,-0.0252554333024539,-0.0133541732004697,-0.0179102819531328,-0.0720765870979706,0.0228578712052982,-0.0188157933439057,-0.0011858765784821,-0.0373987562263954,0.0008961782688821,-0.0065435420328761,-0.0170299723980152,-0.0316987645180347,0.0442537622799068,-0.0371666590372721,0.1718472604629011,0.0643175941309892,0.0510138419857575,-0.0407428850446428,0.0145174007739186,-0.024947721649062,-0.0087788818449069,0.0151079575792492,-0.0884852711114504,0.0157057386976819,-0.0477495274164551,0.0320541924090584,0.0492313448014263,0.1348914468541744,0.0298218699181833,-0.0294930601220914,-0.0307795263345628,-0.0611886512217103,-0.0297014837035699,0.069397085550561,0.0475710384178975,-0.0739880149631553,-0.0473080512294312,-0.0090117899518072,0.0267625987100943,0.0970352645436796,-0.0603475729232403,0.0029263951861802,0.1299469837345845,-0.0172697797371887,-0.3270487289327755,0.022721289685516,0.0860704042566191,-0.0473080512294312,-0.0587953998113525,0.0466640859031786,0.0328572688184105,0.084938588551134,0.0167790783749255,-0.1732996355254458,-0.0792354163618712,0.0867426096956298,0.0072377252763187,-0.0180665503547301,0.2579116893513611,0.0197893888412825,-0.4475762297859377,0.0745463839533966,0.1129305751280884,0.1120256683357743,-0.0670084225197585,0.077099496936333,0.0969492060037482,0.0789174425604182,0.0978619712549331,0.0171221176017339,0.2101755885208351,-0.0397850925316648,-0.0412682300902903,-0.1670656969947536,-0.0202568723733435,0.0837358022545671,0.0891812941208805,0.1721430368701533,-0.0286337305955691,-0.3727009823105112,-0.3900422679687949,-0.0074409436436221,0.1557763772968425,0.1388002595123227,0.1035643725505364,0.105543526981422,-0.012016988565911,0.0652494441878699,0.0064046192447309,0.1494936399821993,0.0943718685210857,0.2476242849511967,-0.0542570400570048,-0.0164365273935099,-0.0503198442914529,0.1823417818496151,0.129518294864509,-0.0383126519821962,0.0866164584845463,-0.0027442995772493,-0.0689555521566074,-0.4334420363484773,stop,2354,43,220.2495436362165,-0.0622890877999408,0.0937499512768581,0.1055006738085698,-1.0,1.505078250270141,1.6937264219924903,2.009264869607424,2284,0.8287289558036486,5,0.1005449695791478,-0.0452023317659634,-0.0632499812132397,0.0,-1.2062419526991033,-0.3775129968954497,0.1584004556339823,0.1340530832022777,224.57059433880977,220.2495436362165,264.2764766917508,7.643571036202579,-0.3302892062546434,-0.0366701972625942,0.0324733234669106,-0.4591203436639244,0.8898951448087902,-0.0033009457413674,1.0,-0.0175239889734202,2025-11-25,16.0,8,-0.228955664462267,-0.1802366646978865,True,False,False,0.7142857142857143,1.0,0.1428571428571428,0.0176275039648371,0.6117800250058173
GE,Falling Wedge,bullish,1,0.7137054270019633,3,36,924,925,2020-05-20,2020,2,31.06831377686825,29.20936204031682,40.06966849256924,26.27553530196656,2.037553609404965,0.0636423258401048,True,0.0560746673477896,0.0352521521916959,-0.0484915132098489,0.0010033775146311,-0.0832697401497197,0.0130652114277254,0.0256271519617636,-0.0531918844179223,0.2130965394106689,-0.1159949933350088,0.0463723364795325,0.0333910394476562,0.0421971241451382,-0.01920375370902,-0.0113625020253852,-0.0274386800457107,-0.1580406970243039,-0.0325710911433462,-0.0947075037547359,0.0512274800579961,0.049636608704805,0.0093969049064637,0.0640375965857207,0.2056074972594546,0.1565159208236504,0.0360706232029399,0.0075258299432119,-0.0588238575668802,0.0172567459039001,0.1074629183685098,0.0887098350208268,0.0537954093552319,0.0685385040165003,-0.134387273103847,0.0191870910098876,0.1835103726003313,0.0334547729052028,0.0101218761360308,0.0385514828898214,0.0634375733919159,0.0175393000096231,-0.0366302261247579,-0.0499203724645608,-0.0244468833852025,0.051707974397684,0.1809744124341361,0.1339564237755539,0.0834496616012527,0.0928954027813107,0.2923354442792714,0.0694124796186461,-0.0230954591957527,-0.0448017517952874,0.0231923318396287,0.0115494967962685,-0.0779608627393032,-0.0703170086907776,0.055140223138751,0.0055383330705869,-0.0190339618414659,0.0718188995157211,0.0469691337229456,0.0884838122344062,0.0131909848931741,-0.0783754262329549,0.0342845402573785,0.047405933406138,-0.0186667286424153,0.1079581329547404,0.1028970617340359,0.0141284726058004,0.1456252998111198,0.0483181982194658,-0.1632349749060023,0.1887626179735064,-0.4177018297637587,-0.081081124279749,-0.0491869574644916,-0.0383560240061751,0.0002096327312661,-0.0557246609071506,0.1970806478276985,0.1736081781013556,-0.0027893578675232,0.1435642993755745,0.1099975194946154,-0.0810024184923438,-0.417752510415066,0.0608227964226826,0.1801567702103532,0.0173789785715243,0.1049623077021907,0.0389386623618499,-0.1009992255791492,-0.2086091290769802,0.5217086666237751,-0.0589941483646063,0.2397752799317618,-0.1296687538827445,0.0268209771234546,-0.1195023892967508,0.1358695083236971,-0.001545843548654,0.106057392764516,0.106057392764516,0.696347909763797,-0.3887516124786242,0.0168752289109694,0.2206646268708396,-0.0885799037689835,0.194122095825268,-0.0591374816017838,-0.0123962605587339,0.034623995682788,-0.0226482152385261,target,935,11,40.06966849256924,0.2897278165898689,0.3333331305058843,0.0233643729202119,1.8781078163404183,2.1607713239855104,0.1514552931845651,1.8781078163404183,886,0.5822818473812663,6,0.0316435638004057,-0.367957965226883,0.1711158665765715,0.0,-1.443463553427256,-0.8611817060459923,0.6696763373178543,0.1861500593757783,29.20936204031682,26.27553530196656,40.06966849256924,1.72140960444448,-0.3230451924437429,-0.0445005161419519,0.0554072294994672,-0.4377446809803228,0.7222224584469006,0.0193238964457735,0.0,0.0638839773889403,2020-05-20,17.0,14,-0.1552571250494118,-0.0867167563310062,True,False,False,0.6923076923076923,0.0,0.0,-0.1102586208743108,-0.8982106029668292
GE,Falling Wedge,bullish,1,0.6048872726610814,8,54,990,991,2020-08-24,2020,0,32.22960695152058,31.543228881376194,40.86724371780235,27.806413162206223,1.264009079602014,0.0217599178804943,True,-0.0466166998845284,-0.0634421852647263,0.0789563334081833,0.0756818354387798,0.0298157707673367,-0.0377778929581911,-0.0847666722928147,-0.0848565745337638,-0.0190881641605383,-0.0255533504230796,-0.0085560511097338,-0.0374828939388941,-0.0452458023225237,0.0315487918315378,0.0007399390218261,0.0199680647159348,-0.0263857007379906,-0.0122248920616128,-0.0158559322611078,-0.0161649034565496,0.0207285815386017,0.0109779890254482,-0.0393396236590708,-0.0766918061248073,-0.0466507289605067,0.0848540745144104,-0.0156921189137185,-0.0440251569924647,-0.0312497841699678,-0.1036301723653411,-0.0534211193412644,-0.0232729812233851,-0.0338483941124364,-0.1340940153420363,-0.0729563245007909,0.0128357126389984,0.045160939079724,0.0064275674325293,-0.0545608873889736,-0.0676328636702578,-0.0292682212862464,0.0345632442388952,0.07353035357581,-0.05835036859779,-0.0108837730306823,-0.0529160916520578,-0.0601505184056593,-0.025487551064276,0.0122670685112817,-0.1605793328374328,-0.0096448210752166,0.2922374785576918,0.0358076279748327,-0.0592749887111005,0.0812834777600883,-0.1458055547094938,-0.0380057522270272,0.0135987998168574,0.2502742458332365,-0.0059285212912496,-0.0221658443264005,-0.0078528494629257,-0.0059314770545424,0.0145292567326191,0.1009092436359115,-0.0059285212912496,0.040549796215817,-0.0997064293554462,-0.0741821635404718,0.1055835287289064,0.1020187867557838,0.0947663742443301,-0.0099255907050898,0.125121500869324,0.1690111360887951,0.1107929326225101,0.0817117620648402,-0.1747137583570781,0.2202256221607006,-0.1026567187525341,-0.0213257045792319,0.0096936445417885,0.2946914497798292,0.0707516986565457,-0.0901142601352074,0.0051592814069363,0.1254017729384864,0.0235456126877169,-0.0127329615974618,-0.1404476790339079,-0.0531915320886966,0.0692952995882766,0.4580451416289555,0.4040945329698591,0.2098736098656624,-0.2107607580699499,0.8160187781226909,0.1892643282847592,0.4326026651797856,0.1411940993839244,0.04421701183938,-0.0579258090671706,0.0600486738859467,0.1445376710032899,-0.1011507737484406,-0.0716181149303266,-0.0042402286861,-0.1018545430856511,0.0741245174881199,-0.1669897100800764,0.0826570410679459,-0.1092727840358355,-0.2735438471383954,0.0365331796701362,0.4013593912814707,target,1044,54,40.86724371780235,0.2680031679962591,0.4173762774741082,0.1082708759622396,1.952805411137256,3.041212755899736,0.7889158700190567,1.952805411137256,936,0.4780420471158428,5,0.1636374630301769,0.2260870906327274,-0.1165317664268393,0.0,-0.886514474596744,-0.4084724274809015,0.7432218323912307,0.214083361774598,31.543228881376194,27.806413162206223,40.86724371780235,1.1285551059117789,-0.2442366667387971,-0.015106868476804,0.0351217330610759,-0.4128502992492664,0.970587407691712,0.0063390147781685,1.0,0.0609494844545903,2020-08-24,17.0,14,0.0313843204947532,0.1118409451177873,False,False,False,0.2307692307692307,0.0,0.0,-0.1247029161076574,-0.8482292163129109
GE,Falling Wedge,bullish,1,0.6037894798645302,3,82,2432,2433,2026-05-21,2026,0,302.8724754145756,300.271084688311,363.7436527348109,259.4581683665325,0.8003735282176208,0.0086634739704121,True,0.0676339378516817,0.0539117934364399,-0.051529883855887,-0.0664785922907555,-0.0104243840386886,-0.046737439610738,-0.0203422047423328,0.0462843350189052,0.0236820084572382,0.0481975269931296,0.0179260377041718,0.0074512602461274,0.0365665373666823,-0.0022233356714397,0.0649023153162753,0.0480330983416239,-0.0041608671160469,0.0182748586366598,0.0006269984208862,0.004790262309217,0.0394469675109852,0.1111114936618407,0.0543640882187889,0.0816157653107891,0.0932607827890387,0.0077592107980333,-0.0956544957269325,-0.0059390647087431,0.05991943458503,0.0085320450521217,-0.0011221862455359,-0.131041167457119,0.017580298263798,0.0207390124022011,0.0181579091426167,0.1127378252672717,-0.0034736097934988,0.0272928510499033,0.1099233993178028,0.0040338759823748,-0.0811814789385982,-0.1301701149923932,-0.0597342540796189,-0.0079040296007929,0.0185206554382593,0.0871669595229801,0.171046944683247,0.1709561483446384,-0.0495104826161837,0.0756660974772098,0.0515466423334984,-0.0651556632394866,-0.0812113100564783,0.0485828590883177,-0.3346906834973807,0.0298683703178437,-0.049846278183432,0.1105604203010162,0.0179188531681646,-0.0323816732451494,0.0612871175254017,-0.0157584836201318,-0.078684045682416,0.0406595268238167,-0.0591412704856325,-0.0194477446383221,0.0203073418424737,0.0243643103738047,0.1863002494839002,0.1248959210990594,0.1195788753871811,0.0071735213715551,0.0809816285067259,-0.0975425727026151,0.1553319984457091,0.1405984708140739,0.0967545091406376,0.243212742709143,0.6768489790466181,0.3052632132765334,-0.1243095073313067,-0.072411125115219,-0.060604442838037,-0.0155492698861934,-0.0295225137166003,-0.0208607496267765,-0.1476322208733178,-0.0279069459674777,-0.0039061828495334,-0.1026567187525341,-0.113318944523064,0.0803987276426434,0.2384420070673731,0.2073700169081676,-0.1057264576270463,-0.3658071442474888,-0.0440158664740421,0.0017755369987348,-0.3353852155774034,-0.0493221385079023,0.2788721953383524,0.384756201892378,-0.1203082909254099,0.437638939068409,-0.0848736198542878,-0.0740193919601358,0.0463305546373704,0.0024976347083716,0.0192089394424213,-0.0287252386723719,0.0847841213497557,-0.2478607891068571,0.0200830203980417,0.0148031966265793,0.2467066976919997,target,2451,19,363.7436527348109,0.2009795615693175,0.2026380764743442,0.0098928276999175,1.4020994796225603,1.4136698247219663,0.0690156176167495,1.4020994796225603,2350,0.4004572947370255,6,0.0323571855243299,-0.0171837096263159,0.1733100486973702,0.0,-0.7427540300904513,-0.3422967353534245,1.1926152726582364,0.2560222141949893,300.271084688311,259.4581683665325,363.7436527348109,9.752853816237067,0.0076503785786312,0.0262696486688398,0.0323601878873201,0.022077552054921,0.8622393057161334,-0.0055635724304877,1.0,0.048373130487892,2026-05-21,30.0,3,0.0666244841596241,0.0542256307112456,False,False,False,0.5,0.0,0.0,0.0233559429196504,0.2327706677921783
GEN,Falling Wedge,bullish,1,0.7139278903548634,5,52,1322,1323,2021-12-16,2021,0,22.64537174648548,22.514225490108977,24.873315523645797,21.46387630703965,1.4951646886122396,0.0058250396592198,True,0.0348002100561808,0.015192190118402,0.0026538841657177,0.0747368630773626,0.0421867375784259,0.0599348688097611,0.0486833001096889,0.0671079489001467,0.0107528360379081,0.028111291156651,-0.0864015249519654,0.0087289070456963,-0.0508650013943167,-0.0383222323568379,0.0401481168199926,0.0126962070711866,0.0035586635128095,-0.0019921950439181,0.0437317786413684,-0.035064925934511,-0.0054249538899584,-0.0379845301975468,0.0254514080982977,0.0392003056272425,0.0101458314039057,-0.0675966087956478,0.0479959395739231,0.0172136102754034,-0.009273063061291,-0.1321167191252201,-0.0157315941292884,-0.0142296770773914,-0.0595893915295635,-0.0322841684763406,0.1491931559718797,-0.0609045604097638,0.0500351522159894,0.0128301366019427,-0.0798064379168883,0.0726296134659052,0.0327612215258903,-0.0143369224590932,-0.031880006051945,-0.0512281682459755,0.0254206713980138,0.0472451964397155,0.0752002989025721,0.0683318655381488,-0.1021145297984773,-0.0070030671249722,0.1316446448827357,-0.0134915436045047,-0.1046597566211098,0.0021920210746457,0.0217229746631191,-0.201073477030014,0.007587934120329,-0.0054883512945943,0.0312021381319156,0.0397382271767663,0.0062684220634334,0.0356011993918707,0.0376656748524419,0.0033586394935101,-0.0127585710898756,0.0514306971883566,-0.0673324907122705,0.006109081068691,0.0821703055609723,0.1792002607586664,0.2280138927307933,-0.1311086901197115,0.0885510436423999,0.1380595918653848,0.2748354031780529,-0.1597950052437777,-0.1297045525346581,0.1506307784572582,0.1041217144338286,-0.0636971619651479,0.0316764493742158,0.0324736026171064,0.1172743020352016,-0.0449646674515725,0.0219136304794733,-0.0023136428671913,-0.0117790602233252,-0.0781249867149023,0.2210589751222806,0.3503302687909344,0.0650063626070986,0.130478042984519,0.2097644207236617,0.2864190502283245,0.090592041865418,-0.3013170217757551,-0.1908405018795617,0.2527511826441087,0.0083778299939669,0.0823023926017132,0.0469230659671744,0.0872645962876423,-0.0541734616134972,0.0822237868673378,-0.0978365075326662,-0.0394590830440583,0.3271763185890799,0.073232055397155,-0.1137098072517953,-0.2079233663309628,-0.0003752308832386,0.0023761931894223,-0.1614404190940824,0.2773058180499785,0.2015919266212927,target,1336,14,24.873315523645797,0.0983840672655809,0.1072002178147469,0.0,1.885698160803153,2.0546746967197773,0.0,1.885698160803153,1270,0.4658343455753584,7,0.0685159808137232,0.0388839347334608,1.0585924318903963,0.0,-0.7678148603482771,-0.3019805147729195,0.7338616513875073,0.1099654554206965,22.514225490108977,21.46387630703965,24.873315523645797,0.5887806955497586,0.030009260067656,0.0167258838511994,0.0254702613778774,-0.0389965375123707,0.8588245325865499,0.0060435067818405,1.0,-0.0036098417463898,2021-12-16,38.0,13,0.0579129036587762,0.0161286163984544,False,False,False,0.3333333333333333,0.0,0.0,0.036971962870692,0.2132402953750344
GEN,Falling Wedge,bullish,1,0.7804025611276015,8,61,1430,1431,2022-05-23,2022,0,22.34590330950242,22.38011566811537,28.973605026752157,20.844244933251304,0.8464739805630033,-0.001528694450033,True,-0.0089576425886245,-0.060847701837463,0.017831143336878,0.013157818511936,-0.0180820236369516,0.1656087244733841,-0.0354039392428116,-0.0116220604089223,0.0091653061172463,-0.0057671203980402,-0.0507331229470752,0.0053724379516009,-0.0544768962478733,0.0064724941450802,-0.0326964848256632,-0.0378815772295948,-0.0253396089750237,0.0107368699927932,0.0643393530499005,0.0230609252726339,0.0236735439702784,-0.035064925934511,-0.0105751854373877,0.0145096072736492,-0.0445386611578826,0.0459174251182818,-0.009961720434497,0.0451016779691915,-0.0439350903307993,0.1764703582545479,0.0514041939345144,0.0689347261699937,-0.0127457423981248,0.0550525097659206,0.0018676802073565,0.0427040911553482,-0.0157218766652422,-0.0036916235199644,-0.0115386408371453,-0.0220970079496063,-0.018497614601297,-0.0118920560740628,-0.0388270844556212,-0.0474203232848839,0.0506022438985609,-0.0005766990224743,-0.0935303897708202,-0.0513642259346063,0.0640979375881278,0.0029196984666717,-0.0141787075337537,-0.0217162860326611,0.3505938865351747,0.0397382271767663,-0.0847349457916574,0.03032094367391,0.0107309914015987,0.1021504049602859,0.1287437456375977,-0.0983260553087899,0.0389184854569615,0.1154057840995064,0.0581518966412435,0.0169291022233339,-0.0249822882792989,0.0919489213307143,0.0820589563367728,0.0302258054865127,-0.1394802149742711,0.023512748310523,0.003254366384034,-0.0156648557714643,-0.0838773460111458,-0.0239073442305216,0.0318102920384111,-0.1500742258651652,-0.0676530866349901,-0.0098981465934073,-0.017337673690723,-0.0330589208595198,0.3870698380968786,-0.2645355109124978,-0.0052364124086179,-0.1513710718727858,0.0443076937302735,0.0003351561574729,0.30865829272233,-0.069581962369264,-0.0209011597644048,-0.1475804430600585,0.0918940573853364,0.0333428898062162,-0.0272332216719034,-0.1219406690667771,0.0702292165213063,0.2053872729089281,0.0142676856310608,0.0942050281912063,0.0940037442306698,0.3752253286233216,-0.1241244784062421,-0.0472343472291657,-0.1404817530956101,0.2925980928358567,-0.0391493109877241,0.0542792829548084,0.1549805254602527,-0.1306654096345558,-0.2773784715450059,0.0299639194732441,-0.0366087754338426,-0.1425696225661613,-0.1272305178302016,-0.193007519576562,-0.0335677161981826,stop,1444,14,20.844244933251304,-0.0672006119176462,0.0464169723060868,0.0947580061443607,-1.0,0.6907224648931843,1.410076537107815,4.413588218244254,1369,0.5797163281919486,5,0.0067774926777622,0.1144243930084876,-0.4352936841329501,0.0,-1.0301296830627178,-0.4504133548707652,0.4139193451803823,0.2115281591622644,22.38011566811537,20.844244933251304,28.973605026752157,0.7025339304918045,-0.0533764985326896,-0.0548893401850388,0.0313242633361472,-0.0096085978757991,0.4499990463293196,0.0078155674669233,0.0,-0.0737205744169889,2022-05-23,42.0,11,-0.0057503858645282,-0.0056864406326708,False,False,False,0.4,3.0,0.3,-0.0400084917557779,-0.5898072873954624
GEN,Falling Wedge,bullish,1,0.6571479567462031,3,51,1527,1528,2022-10-11,2022,0,19.29655300470205,19.08924946506201,24.896324773545672,17.97843045407778,0.7179184401597449,0.0108597009023039,True,0.0228680374269856,-0.0133160432809487,-0.0498028795445337,-0.0543852997799044,0.1278026313580647,0.0030477753310735,0.0021970731643303,-1.3158739786689466e-07,-0.0188356081420003,-0.0005291077487228,0.0042599523089281,-0.0147471108232631,-0.0089246144511586,-0.0221695321742093,0.0769502879608592,0.0107289313511806,-0.0001933802073299,-0.0496134757977515,-0.0190644958888647,0.0139586174811299,0.1683263633973692,0.0355009973923381,0.0126426877469787,0.0600285409469543,-0.0146568592274212,-0.0376028929385404,-0.0213812281841949,-0.1111111209189918,-0.0288659744148084,0.0310070489490588,0.0519961504029975,0.0467332322391516,-0.0138003378202715,0.0063263656911736,0.1764703582545479,0.02082906028675,-0.0572917268815594,-0.0142260533545672,-0.0289331111680118,-0.0097346198983916,0.0225777875138255,-0.0527125122955282,0.0310955127241392,-0.0066572754073467,0.0334843009478227,0.0581183927605915,0.030014360336062,-0.0365182994818669,-0.0708511596104111,0.0784982204444502,-0.0878176007282335,0.0312021381319156,0.089750771433583,0.0454683000958013,0.1386898736545694,-0.0069065130697765,0.089750771433583,0.0850472072259354,-0.0420194877940699,0.1691767972438298,0.1041988914455815,0.0654629131878345,0.0291752642344558,0.157401760307049,-0.0261348167507317,-0.072523093283903,0.1020949960071404,0.0021920210746457,-0.0140785023981003,0.0851271102134119,-0.0125641749130473,0.3496473587010678,0.1037399661805613,-0.0335795855281289,7.67265582179988e-08,0.0238866107611861,-0.1628838047000941,-0.003482414110364,-0.0276116991365688,0.0065149159504449,0.0569584929783295,-0.1467532038011668,0.014532584768981,0.1733542858340266,0.1428062934301781,0.0544641187536358,-0.024942597481217,-0.0334801072514991,-0.1226344828638791,-0.0748052907615176,0.1679198170780846,0.0619445434369809,0.0300325476334697,-0.0584509408324269,0.3641930775817459,-0.0327118012014715,-0.2100478226833203,0.0676300441519528,0.0394362829603023,0.0676300441519528,0.0738932159992167,-0.0568324554956588,0.0484551557899746,-0.1511631415682872,-0.060032243117981,-0.1490931265545774,0.1031717296851539,-0.0232848317415818,0.0855453937640151,-0.0565282526956943,-0.1963557696068983,-0.2225182451082632,0.2000675014105748,-0.1534695756630193,0.0431332886305629,time,1587,60,19.87607765197754,0.0300325476334697,0.1459708293640362,0.0233443868919531,0.43965915536535,2.1369286525212874,0.3417483441198252,4.248293731255517,1476,0.5418535547662447,6,0.0383975225436339,0.0141928113418314,0.2692694282623711,0.0,-1.9850524712327444,-1.443198916466495,0.7007706590548013,0.1201816267132743,19.08924946506201,17.97843045407778,24.896324773545672,0.4846136792107877,-0.153748583359131,-0.069420505344967,0.0251980357693625,-0.205645181302968,0.4545460850748054,0.005293270115839,0.0,-0.086213190024146,2022-10-11,42.0,11,-0.058494284423515,-0.0501053355863488,False,False,False,0.5,1.0,0.1,-0.0179774482199322,-0.0871904892534984
GEN,Falling Wedge,bullish,1,0.6850844507765714,3,30,1923,1924,2024-05-09,2024,0,21.44514756908182,19.120527628010933,22.57678488261226,18.26590042083868,1.468956810149899,0.1215771858547143,True,0.1308413010621931,0.1176566769094304,-0.007843362734476,-0.0028828796653758,0.0216014869911946,-0.1122023863390554,-0.0126830268099581,0.0151583354088398,0.0212261434412941,0.0037912829764006,0.0373220461630998,0.0307121558825129,0.0215053220336773,-0.0636260075113606,-0.0494209059705239,-0.083908864797254,0.0386157007041061,0.0215010551428875,0.038582580140932,0.0185405462747325,0.0453398922323426,-0.0453734291881727,0.1340435168434009,0.1033361800321592,0.0953831731059584,0.0196587002706523,-0.045822567125088,-0.0440835290103532,-0.1954643031993344,0.0860557977365414,-0.0714285481214065,-0.0595324214595547,0.0009317739029166,0.0618048249092042,0.0719426717183453,0.0595946595281886,0.2297897245399867,-0.0454049782414971,0.12188872477685,0.0183616393270342,-0.0288376820338627,-0.0223311017214542,-0.0333895261066671,-0.0529248043358213,0.00846622512365,0.0993724160082427,0.1055722407458039,0.0821922574709066,0.0182564540020309,-0.0542054617062348,0.142551618298675,0.0131091879232581,-0.0221207258474609,0.1084672801799238,-0.2157590629968863,0.1032230296940199,0.036520795594287,-0.001300925153039,0.1300084169317839,-0.1314420057805665,0.2828155609325571,0.0306609410681175,0.0529969471739777,0.0202689436936966,0.0037699219227138,0.042960217634195,0.0472945832098801,-0.0303205508057222,0.0766844824473436,0.0791851945429937,0.0105721192230008,-0.0240670531075692,0.0736148577620754,-0.0643827560257352,0.0753682459697586,0.1337792422071264,-0.1271189272437185,0.0483205144285661,-0.1193472946109528,-0.0495241790882063,0.0141038716926549,-0.1217697004153943,-0.0239079205846787,0.2520824595597408,-0.0317760814345665,-0.1520679385719819,0.1537188366022721,-0.0865980056971389,-0.0894529413142698,0.0107239405489445,0.2043554937682858,0.0753824613207331,0.0921551649375158,0.0882754246474164,-0.0541734616134972,-0.1513270349456263,0.130685361066916,0.0103164997867806,0.0907734798614614,-0.0532068913545014,0.1230299525651505,0.0256427264262451,-0.0408237655542209,0.1148970159531412,0.1178571614203041,-0.0346521148944611,-0.1511631415682872,0.0698885915269673,-0.0742766779257296,0.0190358929372416,-0.1217982495927167,-0.0194206053974506,-0.0065208226973031,0.260619697223849,0.0793859842763027,target,1925,2,22.57678488261226,0.0527689217285667,0.0747665373551105,0.0169114006399083,0.355945058928742,0.5043267641824084,0.1140733844876168,0.355945058928742,1893,0.4510810454387544,5,0.0103436477568565,0.0255221880782203,0.0427252513534415,0.0,-1.545893030359994,-1.0948119849212357,0.8474137669047195,0.0883338342519609,19.120527628010933,18.26590042083868,22.57678488261226,0.4185681647367015,-0.0092646037977589,-0.0433367196301344,0.0215620077150996,0.0874854456269351,0.9117627259365624,0.0034964901942251,1.0,0.0041891419555715,2024-05-09,37.0,8,0.0712959391645469,-0.0060333824161846,False,False,False,0.0,2.0,0.2857142857142857,-0.0016148070642846,-0.0310174791263027
GEN,Falling Wedge,bullish,1,0.6855544668503982,3,17,1954,1955,2024-06-25,2024,0,23.11451626636925,23.1049372025044,25.18378482016675,22.060024945032893,0.6108491629702155,0.000414589478469,True,0.0356845039542275,0.0258994868052291,-0.0415609941961002,0.1720929980576142,-0.003274799000158,-0.0395733458306332,0.0109936501659746,0.0600939193012435,-0.0079519928845768,0.1555024024470708,-0.0021158684837815,0.0333601201660826,0.0219429537730651,0.0191633662850654,-0.1201082150848618,-0.0032557985359936,0.044270821759399,-0.0132642240220698,0.0141411514088556,0.0236708057518573,-0.033955789778028,-0.0111110952014937,0.0217315006493009,0.0207467181219589,-0.0116800133327077,-0.0088706391815235,-0.0282943639474252,0.0061438604398897,-0.0749904386719959,0.0344635458000852,-0.0273710600467903,0.0478214445919387,0.0501253610545695,0.0304757547779013,0.0414972117160075,0.0440835101642598,0.2407494034274206,-0.0275938917630911,0.0350208560231262,-0.0550804786721952,0.0119557753902912,-0.0272110381912005,0.0967909623830352,0.045151549024168,0.0066266565516308,-0.0013279809215461,0.045643192877107,0.050167719862973,-0.1206396066745251,-0.0749908772386386,0.1020949960071404,-0.0483065011498088,0.0322744175301989,0.0100546428386623,0.1438428966722085,-0.1360066866315544,-0.0262819068456467,0.0825973311389229,0.032716241080378,0.0298174913774702,0.0369533929412915,0.0343217988548778,-0.0764419317059856,0.1402798818219699,0.0544554793977694,-0.1229711036753403,-0.0406294313708562,0.0962441042580777,0.0381739614457764,0.0737761631407085,0.0426370941474425,-0.1025138876533894,-0.0426503982980628,-0.1062559297424516,0.0057970854750126,0.0141038716926549,-0.0021032521187844,0.0715310758340428,0.0753472007648663,-0.0028585464509037,-0.1881091710669236,-0.2723522632056147,-0.0296871761403232,0.0298884599761559,0.0397476760858375,-0.1217697004153943,-0.0102268665943563,-0.0008311255013979,-0.0005889530232953,-0.1468105569988141,-0.1893020672248637,0.1227583893710088,0.12048032319936,0.0702861481485574,-0.0772811463614628,0.0915748197256121,-0.0044418582494709,-0.0262417099014699,-0.059242197202239,0.0043354859549209,0.16830420504063,0.1070404666051028,0.0807122165076514,0.0738932159992167,0.1197943109957724,-0.024029920302281,0.2663769247000587,0.0579965858229194,0.1172541661111641,-0.0478692895970367,-0.022982682668928,0.0867922072758851,0.0270760725566625,-0.0954989663610419,0.0783021778667767,target,1976,22,25.18378482016675,0.0895224684761499,0.0900414042564786,0.0045643406062408,1.9623381548319567,1.9737132598640248,0.100050633944052,1.9623381548319567,1937,0.3500923144785317,5,0.0259802713212441,0.2381709134523635,-0.3499887120333584,0.0,-0.8248715829134383,-0.4747792684348983,1.184297828679746,0.0817487531686042,23.1049372025044,22.060024945032893,25.18378482016675,0.623421259929481,0.142068842623237,0.0552941712392656,0.0268928700803224,0.0540441744328203,0.2592576894276658,0.004983631044759,1.0,0.0323883533674864,2024-06-25,37.0,8,-0.0189896262157027,0.0092946208634285,False,False,False,0.2857142857142857,2.0,0.2857142857142857,-0.024559842704612,-0.5205770259854205
GEN,Falling Wedge,bullish,1,0.7284616321340549,3,36,2095,2096,2025-01-16,2025,2,26.79332326676639,26.19779293644615,32.4370308034388,25.61406333439578,0.9778547836915912,0.0227320802086248,True,-0.0086705521273193,-0.0271140417027522,-0.0194230545317173,0.0267546465500383,-0.0130197209553093,0.0486771851646452,0.0088173300327407,-0.0093209280330206,0.082880810301964,-0.0619670369658436,0.0050712666961532,-0.0078517274141807,-0.0049927609167682,0.0524491597654526,-0.0760868477791792,0.0170327240901706,-0.0211643648906665,0.0783331846511103,0.0249299764892656,0.0439276592337392,0.0029082241389697,-0.0203570813425267,-0.0165504843415712,-0.0278179144760785,-0.0359592701487433,0.0350208560231262,0.2288868560817569,-0.025127943275047,-0.1967821276668516,-0.0385990850420601,0.1061222301494264,-0.0349076516470022,0.0451941013258725,0.0201963847669108,0.0128755772346791,0.0571989965003876,-0.086723923847244,0.0162707454425041,0.1059881976016003,0.0683545790338784,0.0043526368008819,0.1117054881796206,0.0954994207287851,-0.035476583003664,0.0121655885235727,-0.0529286316716352,0.0059327010765566,-0.0154086763839469,0.0507149444477004,-0.0509497171081436,0.2231281416512753,-0.1952894705256338,-0.0815781077212769,-0.0086211418511518,0.1264026028433877,-0.2422496720017878,-0.1103910434670111,0.059471839565715,-0.0764419317059856,-0.1094479357110578,-0.0888586791089911,-0.0717061967674607,0.0507149444477004,0.1446996981505397,-0.0527935911098681,0.1253633284231119,0.1433307386532618,-0.0296412977234211,0.0156398284075115,0.0106502940618682,0.0605867047972635,0.2106040142291085,0.174392810325261,0.0202467226167601,0.0439301243856646,0.1104651061770836,0.0715310758340428,0.0029042799112894,-0.012259762372706,0.3261206698367225,0.3393302507092719,0.1844267852448706,0.1851414930066062,-0.1133437942113078,-0.1840375288209803,0.2968095933234111,0.0208054813372176,0.0646980624398851,-0.1278856768530443,-0.1025138876533894,-0.0149743657403151,-0.0641692786244043,-0.1054747486488684,-0.0113005703995721,-0.2716244723462606,-0.1976781444495194,0.0176402769543737,-0.0272825695419012,-0.1286435545757281,0.3066056291051535,0.0361717343228233,-0.0985993400361111,-0.0965427848922928,0.0506733381442014,0.3761193354215804,0.1107356269303543,0.0044868957896599,-0.0770501867980931,-0.0120486930695554,-0.0266897082270106,0.1473270981400982,0.1752273067571095,0.0143868408450618,0.1530758118133139,-0.1282892706632313,stop,2105,10,25.61406333439578,-0.0440132013721987,0.0245665555871024,0.0718930346366154,-1.0,0.5581633423879954,1.633442521680031,4.785804538722129,2057,0.8455021709625117,5,0.0058848918615982,0.079959119195216,0.0403879408072174,0.0,-1.3544568230730591,-0.5089546521105425,0.1498754889244714,0.1582319108086155,26.19779293644615,25.61406333439578,32.4370308034388,0.4355851272124789,0.0625204392975815,-0.0592928474988614,0.0164714497447136,0.0695240903867482,0.1777773068283043,0.004352685485607,1.0,-0.021685822118629,2025-01-16,56.0,10,0.087007680218117,0.0539050736522273,False,False,False,0.1111111111111111,2.0,0.2222222222222222,-0.0629995698571357,-0.9222904329492888
GEN,Falling Wedge,bullish,1,0.7121407664044016,3,48,2287,2288,2025-10-22,2025,1,26.756094493364948,26.39324891864157,31.486310104996875,25.653036395128936,1.0766461038123016,0.0137476661490922,True,-0.0527666513356124,-0.0816088209136551,0.0107368699927932,-0.0004005307104768,-0.0334745374781941,0.0548694746643596,0.0206608949970559,0.0478631051192222,0.0303635794679195,0.0171080785976209,0.0209634774316929,0.0749034783498874,0.0417677598648735,-0.0154913944255749,0.0747556435630107,-0.0326557183551963,0.0456365653337711,0.0090521994707988,0.0005059972735523,0.0117574103100013,0.0785169369513596,0.0087289070456963,-0.0760750612088211,-0.053133064003765,-0.0672922772906841,0.0284614662088389,0.0855670749779038,0.0095694418774583,0.0529876648632847,0.0939346929688298,-0.0284090440147041,0.013692547700167,-0.0275710713554069,0.0060706229735132,0.0284868446934318,-0.0223311017214542,0.001306903583921,-9.418278235084898e-08,-0.0028928395883008,-0.0792125941933287,-0.0667809099775781,-0.0199423673401941,0.0860557977365414,-0.0387563940432134,0.0099568013716868,-0.0596427361306957,-0.0405798657939736,-0.032362782775569,0.0315408074766798,0.0305657430513799,0.0061908718996912,0.0505001746178992,-0.0054883512945943,-0.0810522645486698,0.0032000737404822,-0.0814122457930838,-0.0822326257134951,0.0290731251556639,0.0261106468828704,-0.0914154077605051,0.1046278204071313,0.089750771433583,0.0969246995632018,0.01865110123477,-0.0960876567220582,0.0511879221149464,-0.0093097121489795,-0.126483616900384,-0.0388219596288001,0.0194299748680604,0.0069323417508688,0.1036812891561331,0.2298855372640322,0.0148048033452949,-0.2640852947591302,0.0746965054646364,0.0014779800441684,0.2043554937682858,-0.0372863070388252,-0.1644638959684616,0.2271872204035467,0.3487685001377987,0.1137944273955222,-0.0428914400274286,0.333837674785717,0.1137747055917943,-0.0099200369197576,-0.1431218061707948,-0.0726189831850522,-0.2472883485803456,0.0732431816988221,-0.0234615854522373,-0.0744503684874889,-0.0916062106153495,0.0861658373293068,-0.0305083125875825,0.1287543056334661,-0.0549591559862218,-0.2189586144287577,-0.0975892814404764,0.2373909531991984,0.0942839208822607,-0.1583113726981081,-0.1291457361444293,-0.1904444899756872,0.0032133055540821,0.3316149871575109,-0.1041311162940127,-0.0698626962059357,0.0340176155331699,0.3271763185890799,-0.1613621529065637,0.1045982780516114,0.0579650999344538,-0.0839457531473072,stop,2292,5,25.653036395128936,-0.0412264240773089,0.0091608432292469,0.0553316820650261,-1.0,0.2222080482184996,1.3421411947169308,4.288274225261925,2238,0.5237633256549223,6,0.0501091486046115,0.0964881817413578,-0.0660392044484891,0.0212765957446808,-2.9900759154385543,-2.46631258978364,0.8297068282416072,0.0519764427330115,26.39324891864157,25.653036395128936,31.486310104996875,0.5105271119051229,-0.0284991555065708,-0.0620166046415241,0.0191368788952159,0.1162553872335752,0.566662004247046,-0.0021929335893562,1.0,0.0101347354204963,2025-10-22,56.0,10,0.1542981598286197,0.0664624010650574,False,False,False,0.1111111111111111,1.0,0.1111111111111111,-0.0881476635387474,-1.519258251936094
GNRC,Falling Wedge,bullish,1,0.7544242371707293,3,32,1643,1644,2023-03-29,2023,0,114.98999786376952,110.7607342314061,144.71014608003657,104.8969271602507,0.6908813817627635,0.0381837811180219,True,-0.1340986038386887,-0.1427849003009568,-0.0469762860545011,-0.0462727009756426,-0.0041322015789594,0.010201311649421,-0.0444026720275035,-0.0029090652405787,0.1207082825546619,0.0123071875391236,0.0457810421572808,0.0666384580277006,-0.0281425886578162,0.010288888966045,-0.0580270334795982,0.1094412743354713,-0.0236461653175766,0.0385750645837013,0.0062571641603415,0.1171962702385733,0.0443042333698713,0.0266314500039541,-0.1517896995513872,-0.1000086982662982,-0.1232216082375592,-0.0554263983051367,-0.0170961950191169,-0.0046681457296411,-0.0076947893415179,-0.2029752576455716,-0.0638643343141183,-0.1361603000449515,0.0783386210844516,-0.0957045805401256,-0.0432114330395876,-0.052275368327046,0.2279419113002956,0.1103928535126201,-0.0594220976586736,0.0570844642704384,0.0143655474071666,0.0819249725341797,-0.0650423058081417,0.1064310794341381,-0.1229345325786357,-0.0875088838258495,-0.133837722198075,-0.1544273692436609,0.1763523823506423,0.2575287216011133,0.2225675603780275,0.1142857642278447,0.000140895006782,-0.3513062762225988,-0.2148258727435573,0.0272281572224726,0.0862734501170543,0.2605076813610663,0.0953054339728705,0.0549560341663919,-0.1193055158465991,-0.0888909466557417,-0.0350090326451505,-0.0735253540601598,0.097886488020026,0.0003960010539887,0.1398830302277502,0.086376864216354,-0.1706789954855038,0.0125228495361158,-0.0136098763892207,-0.0395938838318868,0.0497499083634478,0.5849908996541404,0.2901713242778132,0.4504697015091072,0.5691028029171137,0.3985751008866094,0.0890130856178434,0.2423234735354944,0.1476782311367099,0.0086153470552885,0.098031942820489,-0.099840160866506,0.2302189006673105,0.1552191154841871,-0.0676077566308841,-0.0493408475927102,0.0212872143156714,0.1534195528544981,0.0573501585193167,-0.1519688559985368,0.1393164356959599,0.0676673441348643,0.2384379627437871,0.1220993587560268,0.0745830658270614,-0.0866992288265894,-0.173739932704951,-8.970119368334473e-05,-0.0710679582021769,0.2788888950540562,-0.2773329736024909,-0.2162990857981581,-0.1936369982922873,-0.1823148744361289,-0.1117930135960383,-0.0906404050118733,0.2868093563033962,0.46162156122012,0.2037278538383924,-0.272527149597958,0.1740586316334502,0.1426522859963037,0.123979553190447,stop,1645,2,104.8969271602507,-0.0877734663103154,0.0080876626006863,0.1033133096279589,-1.0,0.0921424542138179,1.1770448857824949,2.944609137227732,1611,0.7169286763896128,7,0.1346674471979216,0.1591812834818906,-0.3342218174374057,0.0,-1.096104886975832,-0.3791762105862186,0.2640727450934079,0.2406058456832157,110.7607342314061,104.8969271602507,144.71014608003657,5.4535718645368245,-0.2891323576997087,-0.0436287910418681,0.0484417460991058,-0.3753190485600672,0.8278482235120211,0.0153033368906596,1.0,0.020625582598182,2023-03-29,26.0,16,0.108560520686324,0.0891696552776026,False,False,False,0.2666666666666666,3.0,0.2,-0.0520466565911572,-0.0338094474520628
GNRC,Falling Wedge,bullish,1,0.8229630144365775,3,39,1858,1859,2024-02-06,2024,0,119.9800033569336,116.21365918818174,136.97713240397377,110.63886965400847,1.0112231105970642,0.0324087908001684,True,0.0317552713118303,0.0362083212915306,-0.020515556540291,0.0210112241425328,-0.010840996314074,-0.024148457797782,0.0012590421609415,0.1142414518766052,0.1173587165090941,-0.0311365997125714,0.0317282179243547,0.0270459198064825,-0.006292673154304,0.0213409074944932,-0.0046794876328838,-0.0265947178939432,0.0346534073837805,0.2577686600290587,0.0258826677589554,0.0255775926191272,-0.008257157785052,0.0073659399160077,0.0041168662723037,-0.0530088384097716,-0.054862557589694,-0.0055577613036719,0.1207182657652794,0.0861309131282834,0.0195103528025912,-0.0119462829955593,-0.0116822874160447,0.040518904580572,0.1529386045442486,-0.0158951524469086,0.1677689005761087,0.0876272806528464,0.0098991940868624,-0.0324860295098885,0.1244852618211573,-0.0002006889119721,-0.0647342700313254,0.0783736336756171,-0.1339562641521318,0.1606567811127328,0.0319363768754124,-0.0932141250524821,-0.0756792930238733,-0.1028004405091677,-0.0584839814791852,0.0176838411410953,0.0609015909148018,0.1354499492084133,0.0208869678483787,0.0669300755244475,-0.059159714376514,-0.0244827270507812,0.2102367846996755,0.0638408830135588,0.2885662731703051,0.129651801040785,0.2050748800925175,0.1520671408685241,-0.0203082994667997,0.1183499908447265,0.1539729054503276,-0.0675769088362374,-0.0355176199883463,-0.2805940869992571,-0.1295537803048951,0.0946823859236085,0.0576594334877422,0.0796059744090282,-0.5655555422343905,0.518175458184154,0.6696623569820241,-0.2814832874892412,-0.2814832874892412,0.1156334526137465,-0.0777999877929687,0.2917333984374999,-0.0369411086531461,-0.0306437424233474,0.0204613939615905,-0.2759294754419572,-0.0767974440144023,0.0712903422694053,-0.1333591032083494,0.3009293109863147,0.0358664855949797,0.1719473842456393,0.1921293198021352,0.0593102909866348,0.0723453914178788,0.0515730751123155,0.3228652340761713,-0.3050182422306522,0.1148906475057824,0.1719929203169181,0.0137311368413963,0.023803596352268,0.3313670856627604,-0.272527149597958,0.2495704368167171,-0.2592136912138609,0.4922082477101439,0.1426522859963037,-0.037334546969542,-0.0809582469472178,-0.162006256282614,-0.5079999949834118,0.5542238824292802,-0.1257768190620699,-0.0716474044421487,0.0073597338934494,0.0422362486242931,stop,1870,12,110.63886965400847,-0.077855754638844,0.1043506942221041,0.0816803031968866,-1.0,1.3403080441023838,1.0491235179182816,1.8196002313635284,1819,0.5538951007457773,7,0.0447323270451528,0.427984012331797,-0.1519117515991251,0.0,-0.8975250282444278,-0.3436299274986458,0.4350583599702403,0.1512848874929631,116.21365918818174,110.63886965400847,136.97713240397377,3.636428833007815,0.0037262208622954,-0.0289583167705689,0.0309878899044872,0.0609347963708333,0.9517243314631048,-0.0009650023020706,1.0,0.040834276611575,2024-02-06,2.0,20,0.1481177574647747,0.1851702993586284,False,True,True,0.2105263157894736,3.0,0.1578947368421052,-0.0053483218957754,0.2467270225340525
GNRC,Falling Wedge,bullish,1,0.690150887837773,3,27,1960,1961,2024-07-03,2024,1,138.27999877929688,136.18285852549047,155.4300057547439,129.86648724530187,1.2842872998255903,0.0153994436341917,True,0.0735464149459332,0.0650103029381767,0.0550814943970647,-0.0013195041626941,0.051208574326256,0.0208586131433392,0.0106845850185846,0.0148721432818563,0.008814204438351,-0.0059982602103463,0.1077600559158629,-0.0976655773647486,0.0120676902633494,-0.0029443941643839,0.0174119670881687,0.0095380271159548,0.0150046928382663,0.0,0.0269626194359633,0.1061777937799632,0.0071110801091269,0.0554496926980747,0.0529926400485328,0.1351605626728171,0.1335477951839374,0.0462747475444547,0.0075972972381592,0.0819249725341797,-0.0374000708232927,0.1984585457253271,-0.0892307447350543,0.0111555892408947,0.1395785616333704,0.09807285708246,-0.0227042816609291,-0.1391579075863486,-0.0422983690071248,-0.0051248472848065,-0.0257261484348767,-0.0454546117484245,0.0981560023963874,-0.0010712953839562,0.0657928015162525,0.031759161740819,0.0191328234115972,0.1156738085028627,0.0522129106482469,0.0680890587954698,0.0377186540826866,0.1539729054503276,0.0262752358715612,-0.0516067826183634,0.0377186540826866,0.0040016975048162,-0.0172461451662587,0.2575287216011133,0.0001899016380519,0.0216082349878468,-0.1818708840770752,-0.022787177386876,0.0782891551314926,-0.0537779993272562,-0.0102782531972004,0.1064403313924395,0.1712941484447452,-0.3205101488424181,-0.1206395217877844,-0.0455896958563466,0.0486763590518375,0.1209140972541462,0.1089889536946411,0.2064147226805432,0.0442342044950234,-0.0801834007238868,0.0067114566479797,0.095642400868781,0.6223177211298441,-0.0017816713023541,-0.1354053683887263,-0.0110444844274368,0.082612364391305,-0.0492871332821079,0.0532849672078834,0.2204386356298102,-0.0275717961348608,0.1153846295275813,0.1875107400532178,0.0713601229823301,-0.1646584271939046,0.0696011052365985,0.0319258933513901,0.0540387631166957,0.1197569981543353,0.0808769998171448,-0.1140393455031575,0.1220485142299108,0.2608980293810092,0.0193636768657137,0.0422428396204177,-0.3392856993399235,0.1263573053973483,-0.1157207426823678,-0.0334058042897613,-8.970119368334473e-05,-0.0021747846257298,0.2505769741595607,0.2225461728503439,-0.0393436615388401,-0.1095490105817482,-0.112663886860658,0.0577397343347811,-0.186370254221225,-0.0720628052131938,0.1479390725395633,0.1135066669879173,target,1966,6,155.4300057547439,0.1240237715276484,0.1314724334325941,0.0112091630419501,2.038388716310898,2.160810959979496,0.1842278394098571,2.038388716310898,1932,0.5676751645982985,6,0.1585355337619813,0.1653742286843209,-0.0678455001648291,0.0,-1.0916560858118625,-0.5239809212135708,0.6310840841190215,0.1075507964760353,136.18285852549047,129.86648724530187,155.4300057547439,4.416428702218192,0.1377011461278177,-0.0133032291835516,0.031996151135811,0.0836931444048421,0.7692317366097815,-0.0004369814804092,1.0,0.0470278868525411,2024-07-03,2.0,20,0.3005539720779002,0.2379867147682857,False,False,False,0.1578947368421052,1.0,0.0526315789473684,-0.0343039200079677,-0.1470115188026287
GNRC,Falling Wedge,bullish,1,0.7270849284842036,5,76,2137,2138,2025-03-19,2025,0,132.27000427246094,133.03124834195887,194.7324751726294,122.223668546093,0.7611578686612974,-0.0057222951673816,True,0.0117940387707278,-0.0005796945009182,0.0086406663303462,-0.042806416019785,-0.1104615431565504,-0.022958925573466,0.0053900319633755,-0.0445585615943959,0.0275762189230905,-0.0122337816411519,-0.0192257428720747,0.069590711428666,0.0734589966030188,-0.0171336883362384,-0.0255875382310258,0.090623773204298,-0.0343831227185477,-0.0323562271121212,-0.0043945260239524,0.0028401566599043,-0.0177569370546551,0.0016755191255597,0.0169970855755131,-0.0309216864335676,-0.0360485395223609,0.0204461320922095,0.0316634934348514,0.0242833667097222,-0.0081853792253125,0.1269871874835295,-0.0355426253453169,0.1103928535126201,0.0605232782092375,-0.1059194045968227,0.000358945752432,-0.0503371900179516,-0.0031992845203804,0.332712392293029,0.0438040331700577,-0.0074502707608566,0.0461111068725585,0.0366712932613124,0.0456303278161345,0.1310230569905279,-0.0686150888187183,-0.0674895976492108,-0.1634535574826725,-0.0993903371371015,-0.0647829031450705,0.0757754360897779,0.0297595157087751,-0.051329507422546,-0.0232198288671309,0.0822484833568975,-0.0937967618403907,0.1539729054503276,0.0481777615017362,0.118625237308414,0.4945265775546652,0.0163043395237783,0.0283999633789062,0.0301712028861904,-0.0765388003680048,-0.2405765098803972,0.1649139834233359,0.1505033449354438,0.2968182130293415,0.0075475212277136,-0.2208285661752607,-0.036365049010509,-0.087678090040825,-0.1445801640897165,-0.0516987718795253,0.1506817746426396,0.0648468235006083,0.082057747069087,0.1912704203484447,0.0016708820257858,0.354803896564192,0.0056033400722674,0.0553177717318817,0.0620080539983614,0.1360525903089797,-0.0444341173252942,0.2363619384291104,0.050769806342809,-0.0733399167420595,0.1658448890409272,0.1116856607300453,0.218239924885345,0.0798820022244299,-0.119017276604425,-0.057080235940763,-0.1200377659388579,0.6699820579334936,0.0257241292033905,-0.186370254221225,-0.06779657307876,-0.2873414685162462,-0.617222902746075,0.4967501296071213,-0.040413218096268,-0.186370254221225,0.1505297199044681,0.1868383014807029,-0.2875172582165948,-0.0076509072305673,0.0601027479394753,-0.1468719108128959,-0.0748190090380394,0.201011091473199,0.0503476361663852,0.0739371626849336,-8.970119368334473e-05,-0.0577182118918425,stop,2148,11,122.223668546093,-0.0759532426238805,0.0503514643395754,0.127542165280586,-1.0,0.6629271193715225,1.6792194891819578,6.217438138786005,2061,0.5623877483888882,7,0.0926497227909961,0.2605550161338166,0.3800276155071695,0.0,-1.89740415575794,-1.3350164073690496,0.5909607644698434,0.1517932600017214,133.03124834195887,122.223668546093,194.7324751726294,4.85642787388393,-0.133930163025174,-0.0761985966922286,0.0363314725847897,-0.0550017599657046,0.5660376000460644,0.0036393640894711,0.0,-0.0747230613892108,2025-03-19,59.0,4,0.1149001542620908,-0.02392039521379,False,False,True,0.6666666666666666,1.0,0.3333333333333333,0.0145655910982114,0.1258640265424751
GNRC,Falling Wedge,bullish,1,0.6341116082549523,3,19,2311,2312,2025-11-25,2025,0,148.1300048828125,143.8826312164756,199.541297798728,128.84286717006125,0.5222821826756758,0.0295197108256006,True,0.0745290820375432,0.0652910089375098,-0.0075126428248022,0.284831036008647,-0.0101408622634242,0.0178007142497862,0.0132847249942973,0.1005663379568828,-0.0099880749742959,-0.0438311203753764,-0.1063054277391856,0.0548476116148719,0.0436893203883494,0.039925549225535,-0.0450476827273536,0.0924936010955972,0.0436478412994054,-0.05179962177156,0.0601634771498642,0.021014190186277,-0.0171336883362384,0.0896778671574809,0.0460199245218053,0.1244852618211573,0.1098164697011379,-0.0049218535423277,0.0999999799226458,0.1467589818925736,0.1395785616333704,0.0944301648612027,0.0462747475444547,0.0645544399918265,0.0660696456681435,-0.1088310724694092,-0.0672432823255724,0.0354065071530573,-0.0170326337855423,-0.1722454933016179,0.0725361942594269,0.0002817222051378,0.0067114208510046,0.1208401615825021,0.0811650544694326,-0.0103731034583661,0.1066536615629698,0.0894545715854117,-0.0494161012821791,-0.0712421484148425,0.0618627731612078,0.1825324641334464,0.092794889239711,-0.0008320186592215,0.0803726939216451,0.0127074999026584,-0.0258604412703093,0.0015838814485098,-0.1740613263150108,0.0981665265418705,0.2575287216011133,0.0456901720319344,0.1335497417111457,-0.0156457204220479,-0.050876489943497,-0.0535185072157118,0.1744083708921333,-0.2390953134755433,0.0522508875278466,-0.1843895908611089,-0.0718745619797177,0.1281306629440428,0.1028263873129939,-0.0367321964585949,0.0599224869286985,-0.2942148760330578,0.3450799809891207,0.150397395456074,-0.1066259464074598,0.1193568519523546,0.145873054625496,0.0229543895563892,-0.012567701286494,-0.0668453563941845,0.184835449025877,-0.0387268444538071,-0.0844045496209959,-0.0783473675412075,-0.0692666625976562,-0.2667962410741629,-0.0004825282319512,0.3025146565445318,-0.0032793573357198,0.1144984310618803,0.587591915324591,0.5702506296663072,0.2546808770362367,0.2124102470202324,0.1648256260888796,0.260168743382408,0.2402052509421388,0.1688800579145004,-0.4077893879766591,0.1562799131872947,0.2020379319751064,-0.0113398241823535,0.4552819830400954,0.0987734028839011,0.0142381497191721,-0.025157182844481,-0.0626990051635238,0.0527931254616467,0.1781470685475452,0.0387231413852655,0.0896048049903761,0.631658274535674,0.4520057554274181,target,2363,52,199.541297798728,0.3470687316630254,0.4909201297754145,0.0899885329889796,2.6655740048937444,3.7703884476661327,0.6911342693551602,2.6655740048937444,2292,0.5036599511942916,5,0.0905331010028564,0.0772529708014451,-0.2808843788055678,0.0,-1.2525073343421,-0.7488473831478056,0.6719718555367954,0.2069075669316274,143.8826312164756,128.84286717006125,199.541297798728,7.433569771902902,-0.0125387008111235,-0.1201991856086096,0.0500374925556324,0.1927739375233768,0.8277592783965502,0.0074621838107964,1.0,-0.0175239889734202,2025-11-25,59.0,4,0.6874431958988252,0.349432708214858,False,False,False,0.0,1.0,0.3333333333333333,-0.2116540414645999,-1.8462144152175093
GD,Falling Wedge,bullish,1,0.818324590695235,3,26,962,963,2020-07-15,2020,0,127.44922576761871,126.28209150880603,146.81572175152644,120.02835598676552,1.427378488330597,0.0092422784962449,True,0.0413004520195825,0.0191921317511394,0.026442282143402,0.0147993894851539,-0.0225287285367912,0.0128157570102043,-0.0646720774773608,-0.000874688145966,-0.0355589588109642,-0.0081680880549708,-0.0213827136831559,-0.0126690863768161,-0.018650969275989,0.0278579712152569,0.0771159183793979,0.0098593117407277,0.0188956787421548,0.00014791885828,-0.0168054067390263,0.0051102437072325,-0.0467763066788795,-0.011494259221243,0.0446272926055501,0.0269380669796515,0.0102705973221273,0.0146839914964727,-0.0541564871292896,0.0016860137567118,-0.0638946946839595,0.0029049996789902,-0.0114564168903785,0.0215722782472687,-0.008245735335492,-0.0025419799258435,-0.0147411931783003,-0.0060939419399249,0.0378656329848599,0.0001678279474837,-0.0122258311323049,0.0040484995187348,-0.0068068490955701,0.0683580319110803,0.0153320825350073,-0.0143173129940644,-0.0177543710599471,0.0292188397440747,0.0748355112421257,0.0196428193196029,-0.0137070997841898,0.0019922828865082,0.1073004502595931,-0.0443846626539576,0.0890203821400612,-0.0441548712935667,0.0272138671462252,0.1453200769415219,0.0215378246963289,0.028117330211971,0.0481382177572142,-0.0039310618214326,0.0439038972482868,-0.0783664389158317,0.0501659025732039,-0.0213671299015596,-0.0293397179405655,0.0266871401609107,-0.0836456124622944,-0.1224566341198102,0.0674333040856948,-0.0202033173511179,-0.0642951403717325,0.0676599213500335,0.0016373448768449,0.0492820519257894,0.0595523685888299,0.0577272713922158,0.0420734150758039,-0.0358978326153532,-0.0561059608165278,-0.1405097661344544,0.0797216023142912,0.0403000580654637,0.0177440922709108,-0.0139109743517739,-0.0350705747427499,0.0612114822332034,0.0212484656312341,0.0156248278242725,0.0192682799556758,0.0208941663121255,0.079863033626772,-0.0378189809902483,0.0043276248035364,-0.0749938225013311,0.0494647959515539,0.0883683159536572,-0.0812081104754137,0.2539943537737101,-0.0218851600241684,0.0511289912265184,-0.0843516806568033,0.0822016710302404,0.1910234087010343,0.0795311102184408,0.0750871284560803,0.065370795143864,-0.0186799051193128,0.0134055827900039,-0.0963447441431022,-0.256507194995217,-0.027357832294047,-0.0329434247155161,0.1425666366240894,-0.0455281887504227,-0.017039202631223,stop,1011,49,120.02835598676552,-0.0582260875745439,0.1052775909429537,0.0641148122262485,-1.0,1.8080828599066023,1.1011355029507264,2.609733974024957,936,0.5697149675644808,6,0.0554063741781175,0.378296669112502,-0.2459292450067357,0.0,-0.9076644987081586,-0.337949531143675,0.4852231279285731,0.1312329735695923,126.28209150880603,120.02835598676552,146.81572175152644,3.037916654392982,-0.0836226001654046,0.0069952009764409,0.0237921348791201,-0.177104756716252,0.3536504805589851,0.024344527504295,1.0,0.0329318336875767,2020-07-15,21.0,5,-0.2015094987336934,-0.1036141948636949,True,False,False,1.0,1.0,0.25,0.0036962003017744,0.1672269826166749
GD,Falling Wedge,bullish,1,0.7305792357002668,3,16,1085,1086,2021-01-08,2021,2,132.598704073588,129.56726171486923,138.21592003483954,127.13861079277018,1.3254323115875666,0.0233966691785914,True,0.0268344803065045,0.0325246556556918,-0.012600149483447,0.0004499795936232,0.0028203489546894,-0.0054432197053597,-0.0082098203270856,-0.0030796327283967,0.0347623591214456,-0.0222042617526055,-0.0084600338293595,0.0323291848795703,0.0162095888158126,0.032619397686455,0.0155798958745867,0.018390063948561,-0.0100397754074471,0.0328399704241695,0.0136156483771494,0.0115756597814635,0.0034631782391911,0.0227244217228512,0.0184673400972112,0.0267675066863897,0.0094592191255113,0.0353754914454749,-0.0419353927684408,0.0166660807740237,-0.0843828284155484,-0.0645356522263576,-0.0033647864349712,0.0576829197720185,0.0112600471594024,-0.0035797152202526,-0.0177543710599471,-0.04527408582485,-0.0284924397820008,-0.0361028023214731,0.0269380669796515,0.0333253234298311,0.0006379353595791,0.0064182343705432,0.0016159660265318,-0.00194808198855,0.0371939062583335,0.0317803159097398,0.0702086450271097,0.0367035352426714,0.0676596030722682,0.0232101998945104,0.0199179691602107,0.0418278614324911,0.0046110307744489,0.0123024195602396,0.0442845901219879,0.0486639124899386,0.0282703365409766,-0.02160913556691,0.1312531241183197,0.0116934299663875,0.1048915952065636,0.0520911882418493,0.0048526118522496,-0.0567095387934383,-0.0402252249574289,0.0177618784891195,0.0002496234029365,-0.0117362118513107,0.0460455818693392,0.131214363230173,0.1065483593662766,0.0388066817356929,0.0493782507561715,0.0578453190822507,0.0585416966487806,0.069668951015801,-0.0483295747031354,0.1219603548034602,-0.0768621083883728,0.0256551649079803,5.961294580214549e-05,0.0675012218642416,-0.0076543298900416,-0.043022806368539,0.1558250503833846,0.056629742817023,-0.0091242725307072,0.0184251880506305,0.1146710619045985,0.0430438173457627,0.0014247740170429,0.0964921734102816,0.2388117417181321,0.1592255075844242,0.1343118720741172,0.1464431357557134,0.0223250484181534,0.0892511247390097,0.0439117997913116,-0.0004941173310304,0.0948505379539501,0.0064074601574515,-0.0087889496294059,-0.0330362711792338,0.255627896011487,0.1260575313602054,-0.0398750203819313,0.0812999683408195,0.0964650990079383,0.041075857448483,0.1173976870934927,0.0123447260149482,0.1738187390785202,0.0979436209385176,0.1659448544350062,target,1095,10,138.21592003483954,0.0423625253391175,0.0437953371319692,0.0055906578228992,1.0287765560683182,1.0635724793506067,0.1357694720783736,1.0287765560683182,1067,0.6154038097942225,5,0.0409413730484937,0.0259662011296297,-0.3620996956962758,0.0,-1.1470153532176657,-0.5316115434234452,0.5233899840715708,0.0529298883749943,129.56726171486923,127.13861079277018,138.21592003483954,2.804517835774068,0.0488643502192791,0.0157459005035129,0.0210774692577129,0.0701103021597477,0.5398020147729803,-0.0085685662886685,1.0,0.0437105568376066,2021-01-08,51.0,5,0.0420217259836999,-0.0204054558386722,False,False,True,0.0,0.0,0.0,0.0179632964405582,0.2740845484056315
GD,Falling Wedge,bullish,1,0.8408974364300936,5,91,1474,1475,2022-07-27,2022,0,201.71426716752777,201.01430460749464,238.85347843759973,187.14990513642272,1.1540438955969632,0.0034821529811019,True,0.0531915222787724,0.0219389411448063,0.0383946462349946,0.013660480731205,0.0148149822483976,0.0087761461017239,0.0432951009291628,0.0195718450176884,0.1119321477847981,-0.0115823474714169,0.0097374065693491,0.0091138152359073,0.0322949247425923,-0.0032129316283926,-0.0137427748580528,-0.0636459476319226,0.0056208007177049,0.0171770901854144,-0.0065225766482791,0.0268866779469982,-0.0041369538492308,0.0137949919861006,0.0400801460615352,0.0522327904285486,0.0071954425340077,-0.0407755265806202,-0.0324214312104436,-0.0223179975576925,0.0539088715716156,0.0402809019281764,0.096841989349613,0.019061920818749,0.0444721059754882,0.0007937672995115,0.0377396335622937,-0.0290357515682702,-0.0060841624931055,-0.0969943021939946,-0.0522771250321363,-0.0471428265051874,-0.0103965744764625,0.0336454619622295,-0.0126311941480258,-0.0371188078628372,-0.0326943444789767,0.0568900600105524,0.0706329681713455,0.0413214645853399,0.028946090401019,-0.0562597641130222,0.0564447410822599,0.0624043527159954,-0.0587022059408697,0.0080607830283612,0.0805050163643967,0.0406634504921956,0.0099817192810696,0.0273099027916683,0.0950751299275323,8.208454257618847e-05,0.0195907219059616,-0.0622379905697307,0.027469681831832,-0.0073810611234405,0.0246432350598375,-0.0025597543150718,-0.0728674314262129,-0.0015157356479276,0.059650319856924,0.0414117684589487,0.1064362652107048,0.1035384571244986,0.1326432304811344,0.0134165593700212,-0.0797145912200146,-0.2552775528825154,-0.0055215677574514,0.1495582805191813,0.0039725610904512,0.0321705501325066,-0.1156462177236113,-0.0384059006036675,0.0565938577498992,-0.0044477426390503,0.0521864990606271,0.0491996895665838,0.0619793248911328,0.0710268096560051,-0.013946855297511,-0.0177992821752136,0.0421484097903361,0.0295280425022816,0.0901616264050415,0.1771974987567847,0.133056436440726,0.0626097931747518,0.0368825052438253,0.0922024462167725,0.0772878928980709,0.0415684549637052,0.2050613694572489,0.0503050332386594,-0.0079996344361618,0.0901035166848009,0.0048663313058823,-0.0468769535118238,0.0048663313058823,0.0697984751261695,-0.1374555282491071,0.0720891789668563,0.0824211245547408,0.0372415976379865,0.0658944136938199,0.0981927261902877,0.0385558508598868,time,1534,60,219.90115356445312,0.0901616264050415,0.1144187730344475,0.0319148819002906,1.2487252347946105,1.5846831398148178,0.4420164096790766,2.550006048377121,1383,0.5522389607975813,7,0.070897912676735,0.1521372694114784,-0.090747891413326,0.0,-0.9521199927169284,-0.3998810319193462,0.6317191742456378,0.1726660825401944,201.01430460749464,187.14990513642272,238.85347843759973,4.047732374786174,0.0171835426045448,0.0017515402201153,0.0199909017101124,0.0792576038654557,0.6778530362954526,0.0083629943057981,0.0,0.0535662406714612,2022-07-27,9.0,5,0.0712647336130061,0.0273724836221267,False,False,False,0.0,1.0,0.25,0.0371262933507016,1.04281577816104
GD,Falling Wedge,bullish,1,0.6162922658731333,3,32,1688,1689,2023-06-02,2023,0,196.6506238095407,193.82999519099965,215.44720032586636,188.2388459436943,1.359918158059319,0.0145520749549707,True,0.0108574663627849,0.0070751066922685,0.0272842248947229,0.0012131818990384,-0.0226816325252101,-0.0055580834321059,0.0039944022065472,0.0133773173033719,0.0002039016016164,-0.0103664831793812,0.0020931394339827,0.0025336347802391,-0.0075870437133377,0.049310144127423,-0.0332306705322166,0.031909645127897,0.0178591915872106,0.0014865383369984,0.0044133165967745,0.0261436449149761,0.066764101496449,-0.0009867522489924,0.0024486804289847,0.0350013488174718,0.0050854949002232,-0.048154893278861,-0.0179754290675454,-0.0306879452264128,-0.0371188078628372,0.0007549531161952,0.072851125200458,0.0650947457344723,-0.0100175805278091,0.0157895769639531,-0.0522771250321363,-0.0154748170052815,-0.0272487023529361,0.0736147311152235,-0.0058360584438871,0.0202309503769535,-0.0180595304087901,0.007203650177364,-0.0727297052247064,0.0190212104747984,-0.0430612354524757,0.0402053931536849,0.0275725574078973,-0.0124909671504176,0.0133144684047321,0.0249907785463066,0.0116338444729457,-0.0055244764389533,0.014725193446929,-0.0906116524303363,-0.0188865825305184,0.1022033221532621,-0.031188539315478,0.119076029603639,0.0684389703797676,-0.1077476398161438,0.0395433380320617,0.0049823728423952,0.0356492520346884,0.190895186458045,-0.1515260911292063,0.0262129066244913,-0.0102269518800635,-0.0126898078200305,0.0164093613259706,0.0797216023142912,0.00991787726849,0.0362858646724673,-0.0326278423580513,0.0278871954895061,-0.0552589551474993,-0.0134159703736493,0.1098988458351932,-0.1462920282372208,0.1375130009777652,0.1242144201504451,0.0739216452446833,0.0389751684141572,0.0049547890064891,0.1167479710521279,0.0922938890656772,0.0947759263208671,0.0952802377362429,-0.0143955547767371,0.0732358113244087,0.2433866803161115,-0.0318078204191935,0.0309429385996017,0.0836027462198216,0.0309540195236428,0.1704783231716775,-0.0825454254270076,0.0865457750175733,0.0006685053842943,0.0303136068256191,0.2124363496306567,-0.1645954681219239,0.1910234087010343,0.0843895086054316,-0.3632162260974381,-0.0044773297416599,0.0692104669965174,0.09564937392708,0.1429305903119326,-0.0251151879400711,0.0952749310100082,0.1145500079412538,0.0170579300919657,0.1835850071835307,0.0655118787798121,0.0376189449073073,target,1736,48,215.44720032586636,0.0955836099179143,0.0959648726723857,0.0060005296573151,2.234554551499002,2.2434677158380865,0.1402804400113509,2.234554551499002,1656,0.6268373577447761,6,0.1626361700801602,0.0056604478079891,-0.1053753721298106,0.0,-1.0803003350013007,-0.4534629772565268,0.4457498245804814,0.0842081453434592,193.82999519099965,188.2388459436943,215.44720032586636,3.229500557172886,-0.0898038308533534,-0.0390277577790373,0.0164932209408441,-0.1623084473862989,0.8313256334480921,0.0084741323548072,1.0,0.0562533967191372,2023-06-02,60.0,6,-0.1494811756643566,-0.0786739418400699,True,False,False,0.8,1.0,0.2,-0.0178241179906667,-0.7647030351992071
GD,Falling Wedge,bullish,1,0.7726651891568368,3,39,2329,2330,2025-12-22,2025,1,341.1704537120274,331.9297129168608,356.31554196755087,326.98708956438,2.2968066850061657,0.0278394504485988,True,-0.0179361245000332,-0.0224542110251445,0.0049149019205274,-0.0547738363185211,0.0178591915872106,0.0101517295661437,-0.0275674424795635,0.0085961316700602,-0.0038872718621321,-0.0109461215259529,-0.0331641726678068,0.015941955198669,0.0817534405491144,0.0039436243566277,-0.0094692959664702,0.0028156045291665,0.0642317318148553,-0.0201087614457214,0.0093628648018226,0.0245104237271482,0.0011559025989431,-0.0089098643275037,-0.021756661286364,-8.67149282139934e-05,-0.0083626144117046,-0.0537190166385734,0.0296405115299975,-0.041647573736154,0.0218321779241481,0.0052023212590863,0.1021697485402512,-0.0317788039885275,-0.0092066780164103,0.0001678279474837,0.0349529434393345,-0.068557000310612,-0.0694613565577819,-0.0142836566984223,0.0155879412063828,0.0640461164049051,0.0246956136613205,-0.0271080291041407,0.0313867552084083,0.0300093697464782,-0.0139172000818668,-0.0015873155149793,0.0626448622399431,0.0552462194141349,0.1126815516067385,0.0802726846000037,0.0582306124813585,0.0872635670495625,-0.0165533405755456,0.0738353629871544,0.1120720549530502,0.0288535613438896,0.0268788805756097,0.0225553226760579,-0.0198833039517303,0.0251363040176626,-0.0089838528754342,0.0804031917613388,0.0550878916983952,0.1315147503935216,0.0202126870659464,-0.0330357400381183,0.1130779592028483,-0.1375392629283804,0.0220408181377466,0.0207874346029686,0.0127308044252025,-0.0171603449009621,0.0357445745717286,-0.01449754539234,0.0762652898286473,0.079646784886191,0.0626907796188187,0.0236514041678328,0.0135190415763817,0.0444986096200306,-0.043022806368539,0.0402441667985131,0.12305101226123,-0.0111002751467482,-0.2326928309497085,0.0386174952330884,-0.121275335101855,0.012827862420975,-0.0984532627800127,0.0242708078199107,-0.0836692927789893,0.0231296278337589,0.0044045520645297,0.053501937789132,0.0059382121428903,0.0503050332386594,0.138323426185466,0.0693722750460541,-0.0544950805075866,-0.1179639544859093,0.0674166651557095,-0.0586558684330008,-0.0731559513489238,0.1123817002495044,-0.0304280691416205,0.0596967424349239,0.0115996429117986,0.0953129651999842,-0.0069933580069575,0.0424849527064921,0.2464096595787119,-0.1009257140792532,0.0667586302924014,0.1841367685367141,-0.0309713818192731,target,2338,9,356.31554196755087,0.0443915587963166,0.0470680422947093,0.0329504279076534,1.0678064877884137,1.13218734130058,0.7925984500034311,1.0678064877884137,2289,0.7225249036855508,6,0.111723532460992,0.0913905099447205,-0.0349553982854858,0.0,-1.1159873078021223,-0.3934624041165715,0.3130591677582299,0.0598801964102263,331.9297129168608,326.98708956438,356.31554196755087,5.885240603918711,0.1329046811159169,0.0128742659411082,0.0172741351746777,0.2399421120762184,0.941675535169332,-0.0014438902687248,1.0,0.0422190070134671,2025-12-22,11.0,7,0.2615937010752467,0.1663685412270299,False,False,False,0.0,1.0,0.1666666666666666,-0.0396744883637857,-2.1943047300260696
GIS,Falling Wedge,bullish,1,0.6358218398933433,3,26,1123,1124,2021-03-05,2021,0,46.12009263190773,44.84165791179609,49.505111777433854,43.73609877253455,1.7678744110445856,0.028509978882278,True,0.0305208614748195,0.0060833131912239,0.0257532100186439,-0.0199385932693376,0.0438211539335307,0.0073600325219937,-0.0074627059918696,0.030963507742781,-0.0242502906268148,0.0188923204849555,0.0140453754850218,-0.0143873466302268,0.0305208614748195,0.0062752028914976,-0.0386751498161764,-0.0061855186457677,-0.0159314699495823,-0.0207660232438349,-0.0112077045291046,0.0699189245681972,-0.0001283899305392,0.0542140782396987,0.0233792877384253,0.0536747536012074,0.0378278047534079,0.0474381398078298,-0.0636041712029827,-0.0214823802791502,-0.0179860357384319,-0.0160250425108412,0.0178780163679721,-0.0757856232690697,-0.0160250425108412,0.0198066039920905,-0.0179778075423598,0.0067011085511958,0.0247919334818742,0.0733793061355063,-0.024619127716266,0.0546303043038944,-0.0333275074437728,-0.0169250611631737,-0.0083093011836706,-0.0067387715325043,-0.0016960582769974,0.0574685794876923,0.0792842074135993,0.0194106821032216,-0.0518000066698598,-0.1098231839130713,0.0174349761811434,-0.0375278944403967,-0.0013785094562055,-0.0317326772608304,-0.054854010116866,0.0849305967626998,-0.0928897951720125,0.0087934615452389,-0.0127648170593771,-0.0828649376230147,-0.0027731923655763,-0.1087380677059184,-0.0218840840855769,-0.0503754855037046,-0.0235998264284195,0.0070838808510038,0.0703985966410987,-0.0170292035224819,0.1048539163807056,0.0895636048393238,-0.0011911530131536,0.1354624813846205,0.02113813818545,-0.1194843614353063,0.0457685697314906,-0.0379600188562251,-0.0113495115144675,0.1187122483413609,0.0477500910105339,-0.0790881187161548,-0.0858099057519219,0.0124280201543041,-0.0478128453334457,0.0153924013612709,-0.1456722624157406,0.0522735055319039,-0.0772561506179277,-0.0168604843435705,0.0002560226295689,0.0015507891099084,-0.0294017152620564,0.099561760179644,0.1083125726478106,0.013723517626154,-0.0499978130378987,0.0561648669944918,-0.0769003466856123,0.0123042267421948,-0.0170540819800198,0.1861316518890099,-0.1649111080963931,-0.0607256865381029,-0.0755881153356987,-0.1256631690868236,0.0898132927195154,0.0503639721085955,0.1320789076345367,0.0473823365532191,-0.056167588865714,0.0264116235016178,0.0568449685966303,-0.0368765959909301,-0.0558614822939924,0.048306123431048,0.109009773534827,target,1134,11,49.505111777433854,0.0733957577349753,0.0810384227116928,0.007367096672702,1.419894238492768,1.5677471431028178,0.142521835631981,1.419894238492768,1097,0.5858811312469844,6,0.1969793077173804,0.0397135074757526,-0.0907869929932286,0.0,-1.2601165864358763,-0.6742354551888876,0.5098888450846218,0.0670000809341575,44.84165791179609,43.73609877253455,49.505111777433854,0.9765576941653772,-0.0490996603612889,-0.0044109339004231,0.0212600088776992,-0.1045917775492079,0.842695401153408,0.0050642978450352,1.0,-0.0066292233895777,2021-03-05,60.0,12,-0.0855012152278089,-0.024661203716444,True,False,False,0.4545454545454545,2.0,0.1818181818181818,0.0117830106841228,0.1339779601578948
GIS,Falling Wedge,bullish,1,0.798166180901484,8,76,1262,1263,2021-09-22,2021,0,49.51051923216389,48.72229009833661,52.44918451497749,46.34808286441528,1.2794009285336492,0.0161779984527901,True,0.0098040348594006,0.02208088115503,0.0012461766441296,-0.0005009425570078,0.0097115510371297,-0.0140637371556583,0.0106172498497958,-0.0772070966981578,-0.0154292542911564,-0.0494297926536572,-0.1010000228881835,-0.0343666916359095,-0.0427968081619325,-0.0196184995754605,-0.0175632307860872,-0.0258743010909633,-0.0097806552912173,-0.026611339507202,0.0181817685777718,-0.0321672500297058,-0.0606795595925235,-0.0157924841737279,0.0349602808583868,0.0324028935047582,0.0436565039699945,-0.0001667291901947,0.0239717571873543,0.0001518438968675,-0.0012046836490959,-0.0154438377744872,0.0504894310606818,0.0113416425831762,-0.0250422778784132,-0.0053807311389787,-0.020516585742652,-0.0272097098429214,-0.0373774936866716,0.0007345351733962,0.067686059631044,-0.0353149308827874,-0.0160250425108412,-0.0666301393900891,-0.0077597026773059,-0.1250594334120346,-0.0292899561018769,0.0453051927220497,0.0506648620706438,0.0221095077135506,0.0471040771731952,-0.0370925134501974,-0.0237624347701611,0.0608018828028442,-0.0287614989966742,0.0541198037144241,-0.0135810227938015,-0.002049588302654,0.0193768157206537,0.013772820742532,0.0158677841678909,-0.0049044536068312,0.073998731644379,0.1050733461547357,-0.0363073508261451,-0.0048232578790293,0.0328623517345336,0.0011935403233369,0.0355278667475289,-0.0316561519903275,0.0368268246551321,0.0575341729703995,-0.0067834512526516,0.1477081252066219,-0.0609039837513635,0.0829957141266268,-0.0847869991702099,-0.0286766570061924,-0.0470459896746841,-0.0503530766752069,-0.0803880823925644,0.0720991411947595,0.0349475818130258,-0.0417617603092461,-0.04684053666503,0.0409645927553556,0.0184934982017948,-0.0634971692562388,0.051990081656928,0.0449848773908823,-0.0046983693831375,-0.1146180399997329,-0.0379600188562251,0.0659015265100913,0.1537039862294535,0.0932283801977411,-0.0170070581896547,-0.0433245624755233,0.1206938396173327,0.1362447839131604,0.0626781343159763,-0.2396006522187039,-0.0718883198495101,-0.0786215504002196,0.0738767788432408,-0.0206311560237864,0.2173061503840907,-0.0569397544304717,0.1537039862294535,0.0653789722605744,-0.1658707354745537,-0.013040105193823,-0.0584222277858448,-0.0865573199579309,0.1261595295169766,-0.0515685160621215,0.1510754753785205,target,1292,30,52.44918451497749,0.0593543620302923,0.0598797590266178,0.0221002652774442,0.9292409209503528,0.9374664392110156,0.3459976681946035,0.9292409209503528,1186,0.3617116434232008,7,0.0655409062920742,0.1724420585600026,-0.167466930940655,0.0,-0.7954033839409492,-0.433691740517748,1.4008656299060005,0.0779012586509662,48.72229009833661,46.34808286441528,52.44918451497749,0.9502277517756532,0.0173429248465515,0.0179743038172841,0.0192757183564814,0.0395185245396445,0.6069643904355411,0.0306844575378002,1.0,-0.0194369788037029,2021-09-22,60.0,12,0.008509002948019,-0.0082569489489167,False,False,True,0.1818181818181818,2.0,0.1818181818181818,0.0550160060695878,2.2712601845010627
GIS,Falling Wedge,bullish,1,0.6028918698196217,3,28,1618,1619,2023-02-22,2023,2,68.97952332537895,63.95444689810756,73.376509111666,63.52056819152,1.0952655579214536,0.0785727446799338,True,-0.0178126336763484,-0.000828951055571,0.0204881487253163,-0.0142599458265573,-0.0121646328117341,0.0253091112886256,-0.0358137413664262,-0.0038994037171757,-0.0010731123859075,-0.0121809541410938,-0.0040396876163787,0.071576615775087,-0.0160860417545792,-0.0566036019044456,0.0167514721060175,0.036553415589849,-0.0654750914103364,-0.0117184920459598,0.0249429005097505,-0.0006812406257379,-0.0772070966981578,-0.011696065562452,-0.0114487614827336,-0.0138265848279859,-0.0072522469227268,-0.0269007133400196,-0.005264937497434,-0.0348052374239254,0.0030291527515435,-0.0369987054640011,0.0524390985797933,0.0395710008224785,0.0161480877700757,0.0056663899334712,0.0177559056923115,0.0923673339515878,0.0197491442597281,-0.0445901352372256,-0.0349157912594467,0.0208062125111712,-0.0435369012275325,-0.0282582480453351,-0.0354394172966497,-0.0433626334115523,-0.0038036147203747,-0.0103093843954191,-0.0051069163283508,0.0146995801623518,0.1386662837211685,-0.0482036530835034,-0.1917960044971906,-0.0662557587332439,0.068891462690471,-0.0393357095296522,-0.0287614989966742,-0.0219515284959901,0.0369288905810325,-0.0234384115224152,0.0154849892851598,0.0166792093751377,0.046122075807633,-0.0089315977397467,0.0501596715759578,-0.0190868252074954,0.0091629642259241,-0.0247296275189855,0.143266330998234,0.0189753893497166,-0.0086992489426276,0.0976155500434881,0.0680011057536678,0.1234800922784244,-0.0082022689907252,0.0732111966157034,0.0244996783696067,0.1253256405482434,0.0420524978353893,0.0233921949661892,-0.0574931691796274,-0.0150957423184366,0.1648300536958111,-0.0245453220865664,-0.0604215420893069,-0.0776256235485552,-0.2062031660441601,0.118081743289603,0.0180915048240282,-0.0912058364721468,-0.0043318128939555,0.0104145859888931,-0.0172247170281611,0.0895640506554755,0.109272301346982,0.0612845306832257,-0.1029176431564833,-0.0613189617894456,-0.1237880850848731,-0.0840468570539249,-0.0671492466410333,-0.0312924171299555,0.0965073986683355,0.1675491427654305,-0.0223672031811688,-0.0122747134404112,0.03745579896877,-0.1053629229735956,-0.2105090967648629,-0.048538548198723,-0.0604067080477243,0.0407431249522027,0.0990004388200824,0.0344912008790463,-0.1718313654088925,0.1792995551370539,0.1316101567809907,target,1641,23,73.376509111666,0.0637433483781311,0.0751119203795597,0.0326355171133403,0.8054628914267712,0.9491165134697224,0.4123833881675622,0.8054628914267712,1588,0.905027656985808,6,0.1380678739612586,0.0286738587084784,-0.0140330070232641,0.0,-1.28684144683099,-0.3818137898451718,0.0654765153777329,0.0970359951232339,63.95444689810756,63.52056819152,73.376509111666,1.4576348495632525,0.0519963834072227,-0.0061874854639852,0.0211314116303108,0.0497156650118193,0.208587061835646,0.0038673375154691,1.0,-0.0041479652544508,2023-02-22,57.0,15,-0.0194571365735534,0.0197081447533875,False,False,True,0.2857142857142857,3.0,0.2142857142857142,0.0342524902167004,0.4967808895202855
GIS,Falling Wedge,bullish,1,0.6608041677863027,8,101,1783,1784,2023-10-18,2023,7,55.40903674462865,54.82263724329067,78.47702681065192,52.85446915531594,1.0389639769140062,0.0106963023091295,True,0.0422290728990195,0.0733233292330318,0.0090908580996669,0.0700129858733493,-0.0639475141799053,-0.0330318905458706,0.0260660503738539,0.0101522333119692,0.0230077872876819,0.0042508701947376,-0.0297161766989335,-0.0575245034554244,0.0020919696967149,0.0271678872555756,-0.1001941034887913,-0.0108582952948951,-0.0135182485347749,0.0265130380469442,0.0418221309692525,0.0519843755603899,0.0527721295919962,0.0168599597870295,0.0395789957064912,0.0334974570249793,0.0527340283300237,-0.0011969407813512,0.0122065456543696,-0.0423474984944642,-0.019479652582115,0.0339143353728779,-0.111776833164978,0.016541112130793,-0.0319087321574689,0.0128266381529893,0.0164534266355824,0.0442019663336121,-0.0045993899495815,-0.0176823695218176,-0.0892912697231339,0.0162309954435935,0.0851299541002301,-0.0234870955944932,-0.03742309334484,0.037306302763477,-0.00208599423486,0.0388208366730582,0.0269885381775685,-0.0164734612693078,-0.0531399099304216,0.0603137368067263,-0.0037878417035313,-0.0402340009613865,0.0247707738378091,0.095016461588391,-0.0145214432534304,-0.0058281183690068,-0.0834920429169877,-0.0102059533393377,-0.0183156521375267,0.0239974668450448,-0.0876949736718945,0.0005205038890898,0.0266356062890986,0.0929367685209998,0.0044269551412166,0.075016164004309,-0.0110354073829413,0.1485647147844655,0.0157913477755342,0.052865523257582,-0.0424123484486622,0.05261763066711,-0.0961208399068593,0.0049641376264382,-0.1078825120061456,0.1299483348890169,0.0927512143382607,-0.0098995718967762,-0.0102245993203848,-0.0235966272521356,0.0989044884493686,0.0060901874142191,0.0857274939752699,-0.1901393860765012,-0.0363605678764212,0.0406091111438156,-0.0137496884685495,0.1046991715753211,-0.1182898290030248,0.0633793485503071,0.078580369740584,0.0452651299294364,0.0066482270197665,-0.0998734493036288,0.3493369766733143,0.0565425182059362,-0.0365220736718536,-0.1904210677352504,-0.0716339472853194,-0.0550645372310135,-0.0134799400314485,-0.027069365621456,-0.0819806564374658,-0.1486175138525804,0.1238804779533808,-0.0686233462976889,-0.0455278936280257,0.1202158014106211,-0.2795636856105481,0.1722483823957212,-0.1252162043205671,0.1639242659925173,0.1266178786119189,-0.0115745418394557,0.0087746506357297,time,1843,60,55.77740859985352,0.0066482270197665,0.0833465227464581,0.0093665282170959,0.1442012561209938,1.807801273576015,0.2031617046743713,9.030095802722352,1675,0.6193974643420364,6,0.0528650266189079,0.0494476810316162,0.1472048269152204,0.0297029702970297,-4.455269255431156,-3.83587179108912,0.5984873476237758,0.0673382360156458,54.82263724329067,52.85446915531594,78.47702681065192,1.1458749448572416,-0.1718816291160421,-0.0388265728032319,0.0206115714756193,-0.2620220156210423,0.1868153979652171,0.0019053448037278,1.0,-0.0192187487181673,2023-10-18,57.0,15,-0.1438355420660317,-0.1168999132489128,True,False,False,0.7142857142857143,1.0,0.0714285714285714,0.0480895399259996,1.362524461240836
GIS,Falling Wedge,bullish,1,0.8632355507602213,3,44,2174,2175,2025-05-12,2025,0,51.01271560262927,50.87448533111581,62.01976853889039,50.15021206662561,1.151994772389437,0.0027170844208799,True,-0.0001821863249624,-0.0197910188563521,0.0255398321599775,-0.0177952133357651,0.0071474112700495,0.0002000370701946,0.0276861318834287,0.0138136533367005,0.003185232586216,-0.0182796654453153,-0.0244136196838832,0.0069069558278314,0.0304820203481532,0.0092468009610857,-0.077007110536191,0.0324925893465775,0.005646763584161,-0.0651307627923414,-0.0298889584262239,0.0700129858733493,0.0082726136661768,0.0388048991989018,-0.0025283161696166,-0.012946720750563,-0.0262136076549382,-0.0108989093753614,0.0360118775181883,-0.0124037110879174,-0.003231992058574,-0.058582112119458,-0.0062495463127966,-0.0491358077167815,0.0262965816243923,0.0196041482168451,-0.0157495802651428,0.037580816259626,0.0046719986549066,-0.0156089259322306,0.0460027638802449,-0.0011525598275525,-0.0050158110946826,0.06403743243399,-0.0106595791385238,-0.0302692817486506,0.0594926588203008,-0.0166837437871041,-0.006199904249409,-0.0399156113014457,-0.0349266147061457,0.0629656210113278,-0.0372838408772662,-0.0395906613310247,-0.0217248545800737,-0.0317326772608304,0.0155489477446315,-0.0335506267617723,0.2299316734422241,0.0506648620706438,0.0220976846554494,0.0568182029089303,0.0334655194847537,-0.0256354122940818,0.0447966742779259,0.0933872004544762,0.0220003175648852,0.0290138763310985,-0.1653683765344359,-0.0393459897841182,-0.0177764805402389,-0.0521647462432877,-0.1280293173770106,-0.1401316342918341,0.060086676117264,0.0798404842517126,-0.0951317614653636,0.085314575572772,0.0230469768013206,-0.2413309075681767,0.0895636048393238,-0.0703305225499121,-0.0572900480204641,-0.0641110551700196,0.0272862170600403,-0.107575047244508,0.0322253973797894,-0.0750557660712714,-0.0778032038780731,0.0397018914537457,0.106036382247749,0.0633793485503071,-0.1333884129163086,-0.0293814059981923,-0.0744949044366035,-0.1614134022445957,-0.004152285964949,-0.0486884512513837,-0.0502087887069016,-0.0375080463959095,0.0087020029024951,-0.0566227502182828,0.1344207265396146,0.0830290511893114,0.1206938396173327,-0.0447588935318583,-0.1528634607319079,0.0496647934158702,0.0053299655882963,0.1284640266722478,-0.0236003643402978,-0.0149903131836252,-0.0944890622924261,0.0503639721085955,0.0166232643632766,0.0862158586438406,-0.0822761586577705,stop,2175,1,50.15021206662561,-0.0169076185381357,0.0005470236909813,0.027169979473395,-1.0,0.0323536806645763,1.60696667080064,12.761748186287363,2130,0.7487073508929277,7,0.0863192319322319,0.1198765425606529,-0.381199232895443,0.0,-1.0690890463684672,-0.3203816954755349,0.0927925540012831,0.1418875442466445,50.87448533111581,50.15021206662561,62.01976853889039,0.9694126000070876,-0.1345072152953079,-0.0557325651831825,0.0190033512073092,-0.1519415729291049,0.6239322091370378,0.0025688949817768,1.0,0.0918644441095668,2025-05-12,24.0,16,-0.0181808468391542,-0.0212440388557496,False,False,True,0.2666666666666666,1.0,0.0666666666666666,-0.0333460097062975,-0.6094729151021248
GIS,Falling Wedge,bullish,1,0.718823106919316,3,36,2242,2243,2025-08-19,2025,0,46.892443318521046,46.695654570375865,50.66587062507037,45.26162239841547,1.6864550204293476,0.0042142839618748,True,-0.0112427776591945,-0.0202513201597256,0.0314861014517857,0.0184758525483423,0.0041686648412881,0.0374462894875051,0.0584752926279878,0.0470561840398608,-0.0020507167640564,-0.0503758980252919,-0.0125323744242533,0.0345095862788611,0.0161742782317488,-0.0211669649285499,-0.0134555970063146,-0.0512979972381204,0.0103737601338074,-0.0064180447688085,-0.0639475141799053,-0.0048490461251342,-0.0211323845147429,-0.0053549639521865,-0.0115220030448857,-0.0012046836490959,-0.0079924247021554,0.0121945337185562,-0.0080994694956452,0.0129679155193986,0.0260988835921702,-0.0037348885883831,-0.0513440101449734,0.0501762194024617,0.0125423776048396,0.0339143353728779,0.049062962130508,0.0132448782675995,-0.0062460281897545,-0.0220051965965062,0.016995470664407,0.0188540801427201,0.0159129332970433,-0.0348052374239254,-0.0051947462980298,0.0328348473732189,0.0461513427892357,-0.0116807438059869,-0.0126480978046186,-0.0435834111719579,0.024866293078565,-0.0202154553328571,-0.0389817541718985,-0.002049588302654,0.0078245305015625,-0.0346410716805947,0.0935356197261516,-0.0176189217761231,0.0330976610091036,-0.0006379241268369,0.0102342374254484,0.0629656210113278,0.0588995792295021,-0.0085300538950462,-0.0239827154721984,-0.0029167284943527,-0.0505106627707946,0.083878856269961,-0.0246213503279568,0.0098491159746696,-0.0206703621983675,-0.0295281281869826,-0.0727157797617802,0.0411823344433088,-0.0799693200184267,0.1685965627410888,0.0143996852134951,0.1516687246246686,0.030898804866813,-0.0395841859625061,-0.0166846868077937,-0.0322566742213644,-0.0595045253054756,-0.0819578311898296,0.1640357990846186,-0.1016006156601087,0.0120091344140058,-0.0215955236559105,-0.0629985199292344,-0.0698666246552477,0.0397018914537457,0.0707826416417742,0.1052179981281453,-0.041151881647271,-0.0547352193743104,-0.1264816440524658,-0.041815071006004,-0.0340084771903173,-0.003309720055032,-0.1344527535118812,0.0138425172810452,0.0343773796751918,-0.0939934751735501,-0.0511825336713467,-0.08049616285861,-0.0904940072652905,-0.0505414710409694,0.1430255860625056,0.1391463844960772,0.0754585128120706,0.0712043097458967,-0.0118522664936843,0.176234589704729,0.185152881302449,-0.0458721800752476,-0.0643393057395306,-0.0615394562242355,stop,2283,41,45.26162239841547,-0.0347779045981477,0.0305158470815194,0.0348135026488517,-1.0,0.877449272292981,1.0010235823898896,2.313820763536094,2206,0.5136297481386063,6,0.034908955608467,-0.0713235989758307,-0.1573951808826175,0.0,-0.8082165449621699,-0.2945867968235673,0.5683584497878024,0.0842049369576022,46.695654570375865,45.26162239841547,50.66587062507037,0.8217311251849198,-0.1224720378709327,-0.0196729116699948,0.0174886331439113,-0.1132861326377988,0.6266682942708288,0.0018236855185829,1.0,0.0174123882727657,2025-08-19,24.0,16,0.0436591802271928,0.0074683664128478,False,False,True,0.0666666666666666,3.0,0.2,-0.0215160419584777,-0.1166842229529024
GPC,Falling Wedge,bullish,1,0.6217887853526185,5,57,682,683,2019-06-05,2019,4,81.2735105729416,78.89669773790399,99.46474788109752,76.16780565380849,0.592980065495945,0.0301256314039075,True,0.0169758591639479,-0.0010263582465015,0.0110224698576373,0.0089286301911692,0.0140451690054659,0.0019717759560069,0.0087724794587151,-0.0460136812020819,0.0031243449282223,0.1008439123740965,0.0403345706782019,0.0142771528277707,-0.0048442272503712,-0.0468966918308182,0.0223585413169875,-0.0188302401798267,-0.0138961205519496,0.0286816333512367,-0.0093983070598493,-0.0521798433067398,0.0063820100476552,0.0465039224575705,0.0112164841104929,0.0204505711160147,-0.0140368209631729,0.0125355394341881,0.0144691915573731,-0.0294707119919019,-0.0090268135725158,0.0618984779159212,0.0276853912191399,0.0249012358203846,0.0485422917276818,0.0101266011962224,0.0976586800245287,0.1154384908235721,0.0588658589903825,0.0337136567553117,0.0616945950966321,0.0080796163069962,0.0444560900274695,0.0088295583203381,-0.082859313492492,0.0737685837880235,0.064586223398249,-0.0118440910512604,0.0538071487443145,-0.0060719682275474,0.0654768311785722,0.0702280785193922,-0.0344867132985502,-0.0461031517440045,0.1155444097719671,-0.0159510603285214,0.036854805446383,0.0669798466482716,0.0394817026925227,0.0433330428089826,0.025427983175319,-0.0407184913937206,-0.0159838123196882,0.1014110436581694,0.0348306168556977,0.0323163828607593,-0.0836321862060288,0.1034385164767663,-0.0542158655831734,0.0390937958275956,0.0296408599919789,-0.0615506596181383,-0.1073833287426206,0.2171264114975939,0.0370220308259321,-0.0776951304873099,0.051978238724136,0.0759807551001288,0.0227206796350849,-0.1649583995299933,-0.0236277487334441,0.1422705754662585,0.0249718507320682,0.0197780661390216,-0.0600047250370957,-0.0348583731117725,0.0147706365134785,0.1084768151830484,-0.0361393232615089,0.0285877964461982,0.0172619057619731,0.0380186663872059,-0.1019568966149622,-0.0765368511999404,-0.1105929590789542,-0.148409157519433,0.0606303556815337,0.1308306501574265,-0.1130721212217148,-0.0734481159338438,-0.0243213292436356,0.083828672586355,0.1679467935248726,-0.079292281634226,-0.0536566647851787,0.0638115389108688,0.1386314515639468,-0.0957602239834919,0.0921769746326957,0.073134180064331,0.110357706088324,-0.0504352140460682,0.0621600294046273,-0.0520554804841892,-0.0638492139098945,0.0967848747493229,-0.1343130881850573,stop,722,40,76.16780565380849,-0.0628212671403043,0.0540056659851187,0.0668122380721441,-1.0,0.8596717074251788,1.063528978537258,3.5629237482930254,621,0.8054481561678064,5,0.0895989434825162,0.0788185398064333,0.2092942396444361,0.0,-1.3341345066892631,-0.528686350521456,0.2197633489227232,0.1785429513545386,78.89669773790399,76.16780565380849,99.46474788109752,1.2142991285060236,0.0034366445112428,-0.0303559307865565,0.0149815047818114,-0.0101491371956915,0.7575759327226061,0.0061457536907019,1.0,-0.0172613999908697,2019-06-05,35.0,14,0.1183008678349812,0.0721663612308265,False,False,False,0.0,1.0,0.0769230769230769,0.018474417245219,0.4272739887429971
GPC,Falling Wedge,bullish,1,0.6599892706578453,3,25,737,738,2019-08-22,2019,2,72.10775624780521,71.86386833235844,84.70710459157391,69.51111960270035,0.6396256805668685,0.0033937487795512,True,0.0024612649924951,-0.0032450926821485,0.0172592396339994,0.0089462685627348,0.0059509674413613,0.0658895762622411,0.0168472620827537,-0.0429232093738535,-0.0176244751829135,-0.0020813917129691,-0.0009700041136271,0.0124924333396674,0.0214466626159293,-0.0159948098591461,-0.0487824530257416,-0.0593514359447664,0.0059515775720853,-0.028943699794615,0.0167061157111323,-0.011531899506452,0.0138823408025687,-0.0077213370420451,0.0049888785690779,0.0643660310539706,0.0398573562215291,0.085323945871452,0.0268174735344883,-0.0183657175183494,-0.0079230130545545,0.0207648671787881,-0.0262341323456154,-0.0082231768196028,0.0166527953761785,-0.0051085235176391,0.0122796398160194,-0.0292168358543581,0.0018491104851454,0.0038613463763166,-0.0380066411335532,-0.0051299509925401,-0.0343515325883739,0.0287711590091404,0.0308372299348564,0.032662965535354,0.0620148348346589,0.05690223884758,0.100134625854934,0.0701005323874064,0.066084645583766,0.1644001653130002,0.0164649967262924,-0.0656071945185023,0.0119149432908749,-0.0623128789527432,-0.0095392203338937,-0.0617054962788036,0.0865838977446995,0.1018760043634354,-0.0769838022822245,-0.000427142498151,-0.0977351789377619,-0.0831243915533707,0.0842456538495284,-0.0175324703360075,-0.081576815930024,0.0486731008481244,-0.0459239889606255,-0.0555340568376649,0.1040225873399366,0.143575915411803,0.1146124458713186,0.0127091966628312,0.0747268525675826,0.0293619971082639,0.0738185463331042,0.1109453314107089,0.0258217111302578,-0.068331214610095,0.0553732767616437,0.0367679184186993,-0.0391982757224691,0.1248815577587421,-0.1061420811205554,-0.0660089167666178,-0.0051222022055161,0.2376878169042025,0.1159146086220208,0.0373151620118499,-0.0660056634956768,0.0436554855638566,0.0107270540394259,0.11163100734319,0.1828420155956587,0.1061548600250097,0.1679467935248726,0.1173990221862091,0.0729415795232639,0.0503690152947104,0.0685034460060156,-0.046273542749944,-0.1631618858946681,-0.1419716711131996,-0.1064262948169394,-0.0817384819477398,-0.0908870574285374,-0.046381602121842,0.0768738966923074,-0.0850298891196861,0.0544251624456331,-0.0037566231512516,-0.0453112534948201,-0.0155799919985235,0.006199300644216,-0.0726443503845464,0.1970672369908822,target,780,43,84.70710459157391,0.1747294465864368,0.1781034083321752,0.0236099861754326,4.852179979636646,4.945873801454097,0.6556416475757594,4.852179979636646,710,0.6576637182880014,7,0.1484792560462913,0.0238097797984537,-0.1827695151593251,0.0,-1.6503999117339851,-0.9927361934459854,0.459712575446656,0.087888444705758,71.86386833235844,69.51111960270035,84.70710459157391,1.531849839559862,-0.1065713772622938,-0.0863832809401298,0.0211398282904432,-0.1775364687648537,0.4152523195293022,0.0041183064739815,1.0,-0.0254668522955691,2019-08-22,35.0,14,0.1213414197044486,0.101474908642229,False,True,False,0.0,1.0,0.0769230769230769,-0.0754371964738308,-1.3585309690592091
GPC,Falling Wedge,bullish,1,0.7314541198660665,3,41,1259,1260,2021-09-17,2021,2,103.9826363198272,103.91301500477748,114.1232661065634,102.00483318704968,2.045041876206139,0.0006699961024756,True,0.0238014413249936,0.0030372961580744,0.0018814146911283,0.015742672154327,-0.024205685937209,0.0006281908741967,-0.0164752070106526,0.0970801085532422,-0.0212386255823933,0.001796211715306,-0.0358035368517373,0.0083349772693441,0.0168084028994575,-0.013106318956621,0.0536315442221919,-0.2085899898559139,-0.0044627674936894,0.0157329687737162,0.0204145716301251,0.0224211281901327,-0.0422451737461382,-0.0147904553196011,0.030123719814033,0.0138148038785796,0.0152865271021356,0.0276017543673463,-0.0119192737241583,0.0091730977473332,0.0045199842363961,-0.0067152599461107,-0.0077613185765671,0.020836090139864,0.0082845906196975,-0.0079720335265396,-0.0948093683412457,-0.055820359893609,-0.0843789295448277,0.0259980905745602,-0.0078440910301235,0.00012996881558,-0.0463042294033437,-0.0452499933883474,0.0728056317094643,-0.0359202688561044,0.0139444837294757,0.0248848755931426,0.0585051348519549,0.033233791885604,0.0977753591978056,0.0717439612743211,0.0292847125534747,-0.0680537420443005,0.0815319857007121,-0.0105077214656236,0.0188412810930589,0.0209203934878592,-0.1416591764156329,0.0276009513046302,-0.077237860894014,0.0414870731210075,0.0209658832990506,-0.1073652470815855,-0.0157048897683894,-0.1171213435103531,-0.0461031517440045,0.0124115411078205,0.0770540514057021,0.0257452187761653,0.0614246708820697,0.1311580506752894,0.0566779301402458,-0.0795147806249365,-0.0120656658866801,0.0883578651889211,-0.0020182024532306,0.1439688073840928,-0.0175155706330264,-0.026577444953568,-0.1220056580329421,0.0167087134774874,0.1481852312416891,0.0363297167848606,-0.1758042453626866,0.0635158479347672,0.0754381701250996,0.0328804149002719,0.0183424290689229,-0.1149907207252901,0.0528096160476185,0.2350921665111378,-0.0927654210956742,0.1177394872304476,0.1099374549640863,0.037066684405483,0.0537525043656723,-0.0967985724549287,-0.0896927551890017,0.4051014499801226,-0.013326716459863,-0.1177866301956018,0.0941585815693817,0.2647619608032381,0.0240153467501986,0.1473352045612124,0.0798884828675179,-0.0222407096563822,-0.0577057541375717,0.1251232853938724,0.0490098032805035,0.0292874689701276,0.1027915229184139,0.0402853594699175,-0.1681780055752023,-0.0076784355678419,0.067832285379397,target,1283,24,114.1232661065634,0.0975223378213445,0.1280791133006351,0.0128163263678608,5.127218992971914,6.733735849534667,0.6738160040195507,5.127218992971914,1216,0.6970427559371886,7,0.1150415729345397,-0.0335786914300081,-0.1855289544415899,0.0,-1.4905492725506666,-0.7935065166134752,0.3996411953034744,0.0618814052737895,103.91301500477748,102.00483318704968,114.1232661065634,1.790338140057958,0.0571835346237972,-0.0170499115422532,0.0169579895274444,0.0534816956608128,0.0334735780273269,-0.0041871545138392,1.0,0.0067158364575421,2021-09-17,30.0,3,0.1611797480228782,0.1167078416368063,False,False,False,0.0,0.0,0.0,0.0137169001249994,0.157118365955076
GPC,Falling Wedge,bullish,1,0.6878152112889596,3,18,1581,1582,2022-12-28,2022,1,156.81963458999363,157.50557010774753,168.8133154932334,154.3834570904919,0.5809234702029078,-0.0043549921268477,True,-0.0405805310014711,-0.0399219769254677,-0.0141165284251588,0.0342922261699059,0.0089248458276298,-0.0350821029680501,0.000335649232475,-0.0718047376071577,-0.0826883544123564,-0.0168367492039606,-0.0179856761522532,-0.0233605386245054,-0.016068093717624,0.0319422051731099,-0.0248579360804898,0.0443252545675101,0.0037035683121255,0.057790478908887,0.0403345706782019,0.0522844455676552,0.0157329687737162,-0.0193519110689323,-0.0389562102490076,-0.0384177127793269,-0.0840675205116138,-0.0336471218543251,-0.0234839168450794,-0.0105762533410436,-0.0102477437290728,0.0025937877736206,-0.0089495592947473,0.0023232320328863,-0.0106905530131033,-0.0919963778036636,-0.0112557123505268,-0.0857865868208537,0.0588299488377532,0.0075858438266873,0.0163965256276894,-0.0386837549009643,0.0311898387856226,-0.0080590883488393,-0.1444913646421467,0.0045199842363961,0.0315581899749428,-0.0222741786868885,-0.055549202481507,-0.1241686544542454,-0.0264117343593873,0.0257326033229521,0.0858251914642596,0.1629823607792946,-0.0660764793065735,0.0486730312567398,-0.0972038761684738,0.0209747946383165,0.0717439612743211,-0.1024978118540367,-0.0492932417279927,-0.0766887119541566,-0.2246367562974062,-0.0143785659206714,-0.0029257320798961,0.0726013734144672,-0.0497455601828387,0.1588353602879431,-0.2367318779272438,-0.0292125010921988,-0.0391274938598779,0.0150255371660414,-0.0326525765107916,-0.0207679819584765,-0.1674128099068859,0.0137068363353314,0.0687914577638597,-0.035584355745757,-0.0324021319433744,-0.1197991523997803,-0.1061894707439008,0.0143390382129313,0.1577899475217017,0.0484980336884435,-0.0625449655083563,-0.0814319950041516,-0.1251184154611437,-0.0051673149326755,-0.0355817525794071,0.0980463478844186,0.018910183599142,0.0640952363084406,0.0804651011793253,0.0263934453505572,-0.0898004084017535,-0.1381982571026793,0.1201499996416721,0.0012420729239821,0.0841298510872305,-0.1322979191164076,0.1875699192979258,0.0848476389741184,0.0621600294046273,0.105062753069286,0.2259791548117322,0.0567829882732813,-0.0236627047467922,-0.0140538191325614,0.0662713660533917,0.1080394293318169,0.0060875257170895,0.202895705580935,-0.0476990368679974,-0.013916983948071,-0.0520554804841892,0.0716742070855891,-0.1447607432495865,stop,1583,2,154.3834570904919,-0.0155349010082259,0.004439378445332,0.0206034056617531,-1.0,0.2857680549738494,1.3262656550462246,4.92315560163119,1562,0.6149688656339265,5,0.006534115519452,0.0227613185534165,-0.0722715216153535,0.0,-0.99209024844213,-0.3771213828082072,0.4454209612263816,0.0622207912267398,157.50557010774753,154.3834570904919,168.8133154932334,3.135379871339213,0.1709775311745756,-0.0124884198065672,0.0200517448400182,0.3262322263365582,0.0246159480168274,-2.799065623726449e-07,0.0,-0.0426092342438266,2022-12-28,11.0,11,0.0435145580633946,-0.017439850421404,False,False,False,0.2,1.0,0.1,0.0237901154855399,-0.0281966132902678
GPC,Falling Wedge,bullish,1,0.6084550230674035,13,176,1816,1817,2023-12-05,2023,1,123.58301967886898,125.31302261549422,167.91168015875775,111.31938448379458,2.254211974322023,-0.0138054521430985,True,0.0047409030591367,-0.0067888697784272,-0.0362447589087502,-0.0123483687783912,-0.008895691396076,-0.016068093717624,-0.003526348280389,0.0101497492508524,-0.0419148629763991,0.0262442035976286,0.0214965657652019,-0.0533149025351489,-0.0307633934589002,0.007903226389321,0.0418258085869129,-0.0036003945191406,-0.0052757586193367,-0.0152270539574539,-0.0342848775935497,0.0177617828290637,-0.0391052774153727,0.0248481505530975,0.0122579178183594,0.029335375960136,-0.0097989548748225,-0.064113213617075,0.024702906415718,0.0516987625007405,0.0464995985733451,-0.0270823089418313,0.0388480752624176,0.0823492803777128,-0.016042814194887,0.0109712509189356,-0.0062259748757215,-0.0082893699704015,0.0826398669608496,0.0879387986735504,-0.0196877746578499,-0.026462678550878,0.0621941801206047,-0.0028284984543904,-0.0204891550105307,-0.0325101767699087,0.018238884800817,0.0152178939820751,0.0086670622132398,-0.0139230407484038,0.0739673008463157,0.0198755272183188,-0.0640573843522126,0.0313795629080824,0.081377917387037,-0.0206024433853462,0.0630852768922349,0.0267433181616016,0.0174146686492553,-0.0238176127545697,0.0696574345668437,0.0434896103548325,-0.0718593302321768,-0.0467040155315443,-0.063217246076922,0.1260169289018804,0.0722715960462636,0.0689628961048016,-0.2020658983179774,-0.0173328901899177,-0.0005621986466001,0.0547445035806593,-0.0270852347116223,0.2294688253684567,0.0847972083530894,-0.0314510423718271,0.0274980149086745,-0.0452295453945004,0.0068061549711537,-0.0841448404157431,-0.0850628843870342,-0.0359712181045448,-0.0446762371987432,-0.0477619577405648,0.1164680311081691,0.3997824266741718,-0.1128256992924444,0.0336139319809976,0.0117708483181127,0.1073760502759761,-0.0927654210956742,-0.0633882113703661,-0.1149907207252901,0.0417788178875558,0.1183405403113664,-0.0027708001425121,0.0940974643334173,-0.0175310036841853,-0.3431512835562199,0.2367364742071054,0.2175986891526768,-0.0002131527467276,0.0316596336351033,-0.0906004597508647,-0.0326075349630666,0.1604871626294763,0.1723431944898839,0.1053223233405244,0.2328016279212834,0.0748662746590564,0.0474175736625106,0.0958463697158129,-0.0661189474711723,-0.0003257641932846,-0.0330659227879773,-0.0474862723965192,0.0764367180015247,time,1876,60,138.20790100097656,0.1183405403113664,0.1315398296102251,0.0162235789940682,1.1925404734789862,1.3255522602143823,0.1634881379128836,3.614642785337667,1639,0.5056228584551674,6,0.1411621920755455,0.0481669507981186,0.0113794760062242,0.0484848484848484,-1.2974001796826784,-0.7917773212275101,0.842911502587463,0.2209313715271555,125.31302261549422,111.31938448379458,167.91168015875775,1.88583910797224,-0.1253866022840685,-0.0189671982747974,0.0153689981341958,-0.1080881617326225,0.074324568141162,-0.0040056237773011,1.0,0.0479927057538185,2023-12-05,21.0,13,0.0844855231984957,0.0507852838701563,False,False,False,0.0,0.0,0.0,-0.0333242104268013,-0.1468907309442915
GPC,Falling Wedge,bullish,1,0.6941759948231179,8,58,1972,1973,2024-07-22,2024,7,126.20631425363884,125.90138556454406,152.0022348541553,121.52877673314708,1.2496643574458943,0.0024219645218952,True,0.0499263864978811,0.0675624167572269,-0.0077451882448295,0.0397822797316538,0.0054146552595903,0.0161684535098125,0.0080918044187947,-0.0118795753851658,0.0435600402656011,-0.0252590676478002,0.0068505695292104,0.0542756213117168,0.0058747376371977,-0.0148909867515325,0.0159223963014063,0.0148975672189386,-0.008895691396076,0.0019717759560069,0.0135473836722901,0.0063820100476552,-0.008656088616186,0.051204064889289,0.0395955484125024,0.0172795313688105,0.0842900733002938,0.0416049747141309,0.0297736838439075,0.0090382966149791,-0.0204128884573985,0.0332452813346069,0.0620148348346589,0.0019827188498666,-0.0652693550839644,0.0136839904740291,-0.023383795467271,-0.005984217959455,-0.0356779209037957,-0.0181741423239704,-0.0094555415509223,0.0259574281781591,-0.0143248885690943,-0.0382081180310868,0.0574181844010943,-0.0295282378101201,-0.027083012127128,0.0179186676207492,0.0197058234344424,0.0105631029985617,-0.0476493462415259,-0.0617054962788036,0.014718832564031,-0.1271680204847838,0.0544335761936614,-0.0221023512941392,0.0888920496379361,0.0438495200791486,0.0576016867114985,0.0021530644830296,0.1542747926796677,0.0634419038113462,-0.0596216126384273,0.0409435877468276,-0.0544661979798906,0.0154570958920521,-0.123580993415294,-0.0085187606509876,0.0221452418378331,-0.0061940303846411,0.0173605963210155,0.0171855893250096,0.0018035373793736,0.0407880606342312,-0.1087345585200068,0.0022361052548762,0.0981200977941467,0.0916480534846393,-0.0312195703857444,0.09140126296119,-0.0434639132360907,-0.199605614503176,0.1073760502759761,-0.0765014561113949,0.1831544593279208,0.0882707503444677,-0.0112377881820813,-0.090398841065831,-0.0081266524574669,-0.0231294533816744,-0.0819770818379022,0.0402787946983671,0.046825804479879,0.0114003638462934,0.0399987557378072,-0.0087233895267184,0.105470896071492,-0.080295937728382,-0.0398075580334236,0.0706863362380809,-0.0908870574285374,0.0625402696735175,0.1032873070609972,-0.0443368433805417,0.0060875257170895,0.0696841072433203,-0.1004989560441954,-0.0308529133720295,-0.0198205284996424,0.0657280869038192,0.0355183192279744,0.0054024776082628,0.1518289588512806,0.2016456267094775,0.0561501761628169,-0.0851003777766088,0.0178772599775687,time,2032,60,131.25440979003906,0.0399987557378072,0.0972059055762252,0.0199969020850589,1.079220746874846,2.6227473350492496,0.5395435734272577,5.514850599809727,1907,0.7574117613596263,5,0.0527378734767096,0.0175811471068438,-0.1747692211896199,0.0,-1.345133909767377,-0.5877221484077523,0.2975222604485452,0.1436262972853763,125.90138556454406,121.52877673314708,152.0022348541553,2.763411073484037,-0.025498058121544,-0.0268338648332338,0.0215209503993254,-0.0128948316393397,0.5821578755077327,0.0041226176607531,1.0,0.0186221591887034,2024-07-22,51.0,3,0.0343602180815367,0.027032644999295,False,False,False,0.0,0.0,0.0,-0.0098213466371311,0.1858347331576423
GPC,Falling Wedge,bullish,1,0.6921991819640987,3,24,2208,2209,2025-07-01,2025,1,120.07877447804904,115.14202278683548,124.99050331517104,111.8651865078922,1.0756136219960235,0.042875325374065,True,-0.0007978369787603,-0.0118469525603733,-0.0110527163826836,-0.0121714839567459,0.0107231380432284,-0.0160061932618871,0.0404856969906166,-0.0252498405309163,0.0200196485116292,-0.024205685937209,0.0224987770171232,0.0294010066576455,0.0047409030591367,-0.0643515176485542,-0.0164844927971024,-0.0314759882762778,-0.0158414829779981,-0.0392452921550258,0.0087556276601363,1.0136532080373685e-07,-0.0715329091984009,0.0143038057912294,0.0080366079225764,-0.0223374996716113,-0.033645862487201,0.0258419029237586,0.005857621007995,0.0040937161601486,0.0340869854799958,0.0447421960140757,0.0038749169424818,-0.0193493876195273,0.014164489041704,0.0611799599915794,0.0095894031630385,-0.028986505562388,-0.0016229565134278,-0.0212325681722974,-0.0609972681032728,0.015798784027345,0.0256841471121129,-0.0093733559187099,-0.0011029013614788,0.023850822630002,0.0116880533898426,-0.0292269024032602,0.0532907255827388,0.0253924394060063,-0.037211235326236,-0.0300316683595425,-0.055716377334708,0.0352335034946311,0.077256362799466,0.1485486912585647,-0.0088508771152805,0.0460369352331189,0.1023375046828005,-0.0661057894052021,0.1072536353693711,-0.0769838022822245,0.025012371868893,0.1349788850037647,-0.0440930964953359,-0.0045329328718997,0.0439184328020301,-0.0012118470221905,0.0559371206837835,0.0865838977446995,0.0263727398463136,0.1156761487659361,0.0680609756762467,0.0536284116196854,0.3791020020575024,-0.0958613267743651,-0.0021253218554584,-0.0506213581577625,-0.06274426730161,-0.0830407340066967,-0.0820976463422485,0.0406444568368735,0.092930851617258,-0.0578972114609872,-0.0253943050538377,-0.34171881106734,0.0784376647940598,0.2536622615397728,-0.028729635283534,-0.0692819890891929,-0.0063163544744986,0.106744711899877,-0.0135233156513788,0.1113862445736302,0.0950211693979679,0.0259485636582221,0.0658956890420534,0.1196744105582154,0.0316596336351033,-0.036975698809165,0.1734591174264579,-0.1131425106014175,-0.0017675174921855,-0.2306134280210272,0.1351460808550983,0.138373335215389,0.1544890184068437,0.0254223949358223,0.1006834904250157,-0.1588732511379739,-0.0704153573458942,0.0473966562922112,0.1505152044162956,-0.0204835965115356,-0.122701468036057,-0.0326940862758549,0.0772687635490981,target,2222,14,124.99050331517104,0.0409042219032631,0.0648581946753513,0.0396490724313117,0.5980003933686748,0.948196154929134,0.5796507012577108,0.5980003933686748,2183,0.4633734986973516,5,0.0055118685313591,0.0867056323361818,0.074112369790533,0.0,-1.3623655740936342,-0.8989920753962747,0.9782457763415854,0.0552600899151741,115.14202278683548,111.8651865078922,124.99050331517104,2.208069618037324,0.03489655984742,0.0336518520095614,0.0183899778147738,0.0932119779300177,0.8065061446631494,-0.0019783997698441,1.0,0.0451585853723228,2025-07-01,48.0,3,0.1260206920251476,0.0661878186788307,False,False,False,0.0,0.0,0.0,-0.0077593676122099,0.2785416262835802
GM,Falling Wedge,bullish,1,0.6784319663794669,3,33,579,580,2019-01-07,2019,0,31.805296916802018,30.3196389127622,38.23682662805669,28.51275883369989,0.9480279148478662,0.0489998580891566,True,0.0760000114739736,0.0737416998808677,0.0169959588572952,-0.1913938144127261,-0.0600234390469026,0.0707822656360432,0.1148047504326392,0.0097958152228116,-0.0302365074901634,0.3151770599135306,0.0013492382422335,0.0893025706588359,-0.0109645778913674,0.0217195335432081,-0.040163288379257,0.0375489518107714,-0.0623600592052303,0.056135676025885,-0.0185759943016717,-0.0280511506767129,-0.040132963616535,0.0031517464456423,0.0632569228855571,0.0899998977034541,0.0664817857242636,-0.0246680429607276,-0.0332070482370875,0.1389311814552731,-0.0019026210661362,-0.0211099710496462,0.0723409674758952,-0.0166332003653388,0.038851659263988,0.0313127193254232,-0.0829656632208144,0.0405488717186417,0.1186507751786101,0.0197457075670111,0.0147097964263611,-0.0902052525768152,-0.0238757096268107,0.0006955587415313,0.0346217241050919,-0.0454242890919134,0.040177308788053,0.0794701741109246,0.1228569620238118,0.0594664547600587,0.0335249612428096,0.0221709235496394,0.0571076593158645,-0.0347769605067193,0.1156309533671775,0.1243321661124277,-0.1822267849319869,-0.1625359536139266,0.0140063320910006,-0.0621065170704213,0.0181290243388945,0.0810392033095013,-0.15587654721573,0.1664050173867659,-0.082145845510117,-0.1077510484806295,-0.1307506438667565,0.0895087596660797,-0.2647489322260148,0.1049973086618361,0.140660308242827,0.1048568684220834,0.0249956794761543,-0.0395851938035592,0.0115336464894721,0.1186629910590095,0.0432323992977932,-0.0087922882121589,0.0966578105677598,0.0993891649637666,0.1188929356741135,-0.1405206232319404,-0.0043927876864063,0.0748073422569337,0.2848687128646106,0.0333189568974139,-0.0260676407123187,-0.0288540939832804,0.1778408822503669,0.1541641459532872,0.1502161190560085,-0.1387885102193889,0.0476597774674056,0.053644681074639,0.1077423622144058,-0.0124260470029733,-0.0434851349984132,-0.0803916577507627,-0.3324176239574863,-0.0376956592956654,-0.2684957446458879,-0.0890599483856172,0.0761904697322026,0.1835799876488664,-0.0505680532696114,0.0509675920679923,0.1505235884400793,0.0932712633502137,0.3446810244159437,-0.0420236257324246,0.4087482017138115,-0.1315604170849006,-0.2762770489524143,0.1492688222899383,0.1722500339840684,0.0479566261442341,0.0914692274286974,time,639,60,35.23207473754883,0.1077423622144058,0.1857141973712634,0.0237144874349189,1.04077089900148,1.7939641212877036,0.229077476117373,1.953365321501486,546,0.6442682413651799,6,0.0911030775206714,0.0379563656612675,-0.2028590924262528,0.0,-0.8948137908443927,-0.2505455494792153,0.3169745053503551,0.234830236028124,30.3196389127622,28.51275883369989,38.23682662805669,1.2683164602090975,-0.0493922099620046,-0.0134199497375585,0.0406203034163025,-0.103697055992848,0.5906040783932204,0.0114010753085793,0.0,-0.0517882785063561,2019-01-07,50.0,3,-0.2185941436370349,-0.153361811926614,True,True,False,1.0,1.0,0.5,0.0389169633637746,0.4920563237261524
GM,Falling Wedge,bullish,1,0.7225176850116334,3,24,962,963,2020-07-15,2020,2,25.2561796529936,23.447147330211862,30.05076092209862,22.07405950032171,0.9848988359067752,0.0771536211763714,True,-0.0018974357357732,-0.0240057560042163,0.0245020226072427,-0.0184896199489461,-0.0484929839201673,-0.0568206758978526,0.0495838079616199,0.0703517834232798,0.0261972590360899,0.0151139695119506,-0.0039419053608344,-0.0035391338426739,0.0049416438955725,-0.0035195900803438,-0.0155801010793348,0.0322873859049741,-0.0269179755363169,-0.0426581169491795,0.0237684671918225,-0.0129650740513942,0.0204323807955029,-0.0800230354802973,0.000391038855191,-0.0174574413663491,-0.0341249110238733,0.0948418733257945,-0.0264786189912867,-0.0362206787582199,0.0298831903142129,0.0137252391663822,0.0241775797017593,-0.0432668753860322,0.0389786606952786,-0.058417281049018,0.0091576358511475,-0.0172209413962297,0.0758040752676645,-0.0463601801200289,-0.0316743691957076,0.0317440280933751,-0.0098669247070362,-0.0350045789379892,0.0401750105146381,-0.0986428714437993,0.1543561683755372,-0.0229419484323713,0.0637571515492489,0.0085644596267262,0.0438938457553692,-0.0414946853260989,-0.1463877594192023,0.0269256103437309,-0.1113933418602265,0.0399088112263985,0.0135605806366816,0.0126405975146179,0.0625712294799891,-0.0684122279948618,0.0814513528801237,-0.0428241381462728,-0.1278000549268031,-0.0434578010516557,0.1021042906601137,0.0344705685807047,0.1608581324250098,0.069310231519472,0.0080213384076031,-0.0423034842138162,0.0621749967247051,0.1449718199849243,0.1008799969643097,0.1468455376303572,0.0089441230094973,-0.1519097587588489,-0.162926996137076,0.17547394289922,0.0149025771702624,0.0551114070764546,-0.1111369282680437,0.0711785443048993,-0.040600988248968,0.120821935490947,0.2139058570659382,-0.1460744720723904,0.0713432696156093,0.0268387315636202,0.1306341908673125,0.1064841136214698,-0.0344806329612248,-0.0760554544069735,-0.1910061508429071,0.1335571775539666,0.2223910003893556,0.1430695530844881,0.0778586416479327,0.380915195260016,0.0007524805308141,-0.0844526777990422,0.0874748374217475,-0.2449351538290906,0.1613122913042874,-0.1882638654169692,0.2289203000483719,-0.0079132328674749,0.0331475955401405,-0.2722019126235696,0.4661625108457288,0.1286948703993693,0.1801729208360201,-0.0312959358138434,0.0514148196738843,0.1600769260962031,-0.092617235208201,0.0469910106125959,0.1682802810564096,target,998,36,30.05076092209862,0.1898379459989596,0.1962048423930096,0.0724856978719842,1.5067254028981958,1.5572588433231611,0.5753119680884082,1.5067254028981958,936,0.6685348016190518,6,0.0949523177596884,0.4430856305477222,-0.1375240162965549,0.0,-1.3937327833502855,-0.7251979817312293,0.4334830902033009,0.1544103209746164,23.447147330211862,22.07405950032171,30.05076092209862,0.924942017328344,-0.1003729315289071,0.0430733329174481,0.0359003098480544,-0.2259486131444416,0.8333319204848875,0.0265209228359026,1.0,0.0329318336875767,2020-07-15,16.0,3,-0.1662932968631484,-0.024373553700375,True,True,False,0.5,1.0,0.5,-0.0739219226797115,-1.373067420157576
GM,Falling Wedge,bullish,1,0.6355151753207725,3,65,1390,1391,2022-03-25,2022,1,42.077667972085045,41.77491061096328,67.29644927992115,35.92240021382696,0.5919955182705897,0.0072473491072488,True,-0.0214124616917479,-0.0233148907634237,-0.0768032758856901,0.0429076721994867,-0.0052476458538271,0.0134179935803289,-0.0137602331796288,0.0815217850757936,0.0251214474984609,0.0255777225339237,0.0068858262245203,-0.0414157337924846,0.0203395357720739,0.0005786066109509,0.0370625583298691,0.0815217850757936,0.0623506978188306,0.0140762159773419,-0.0306068942052327,0.1002670168805759,0.0118156069834194,-0.0076606341712626,-0.0388099643654101,-0.1036448672509516,-0.0937123582154302,0.0203519198346049,0.0888890018020891,-0.0412678540685941,0.1802186275215418,-0.0544692879000101,-0.0110484042823231,-0.0783461977115893,0.1472746676623528,-0.0485382250487748,-0.0777576306456366,-0.0365221776232527,-0.014884177460631,0.0806584650175576,-0.1015220269985334,-0.0027662182486912,-0.0203511493321846,-0.1046558341770822,0.0602705161974934,0.0914299625233827,0.0179457690226341,-0.1083903545551693,-0.0929385544894447,-0.0408437342355609,0.0196115426739476,0.0075256837792057,-0.0637008201905915,-0.1807691768991758,-0.0618812232617888,0.0051735671850123,0.2350772327842158,-0.0638497101754967,0.075703465192626,0.0077974125735549,0.0209871634536904,-0.0582729365676515,0.0428791248926399,0.1190139377629164,-0.0164213248342508,-0.0573632711003067,-0.0014298423354265,-0.0720458748851187,0.036396628823347,0.0371417998733081,-0.0945172234266776,-0.1799546452103714,-0.0579797106127646,-0.0206632538614914,-0.1070958471259594,0.009152667537686,0.113996394779797,0.1710523714610436,-0.0720634788098365,-0.0239093710883526,-0.0143814677428809,0.0182264426348335,0.0749793842358645,0.0215021310822995,-0.0239093710883526,0.0795515819980803,0.1028770941328258,-0.0550340820018274,-0.0430395359734181,0.1505016522774176,0.1076826695214119,-0.1654771846329448,0.1535468752802349,-0.2038294288411929,-0.2521641669318383,-0.0839282118370828,0.1181647746002088,-0.0231225265506671,0.2287431331865428,0.1481613317770387,0.2287431331865428,0.0271207348362145,0.2278820071196161,0.099386856088512,-0.1842965831501285,-0.1060312633824712,0.0565419351217726,-0.04426144487094,-0.0614642706080024,0.254828478098013,0.380915195260016,0.0631615683464292,-0.1014225380748973,0.2130440129200979,-0.0468293892808393,0.0595060121468487,-0.3291027247703336,stop,1413,23,35.92240021382696,-0.1462834813550404,0.0646922981229528,0.1501140509879299,-1.0,0.4422392571170766,1.0261859343065023,4.097105487247385,1324,0.6014892197686619,6,0.1473719573032967,0.0945920095034098,-0.0806955541126609,0.015625,-1.6036417772742249,-1.0021525575055614,0.6113851044637858,0.2977996492019079,41.77491061096328,35.92240021382696,67.29644927992115,1.5212588280604054,-0.1987782133556088,-0.0973160990372097,0.036360662448396,-0.1642734134852043,0.2747253207909402,-0.001578463433575,1.0,0.0373418051181757,2022-03-25,23.0,8,0.0458441385563457,0.0092236576538591,False,False,False,0.1428571428571428,1.0,0.1428571428571428,-0.0621196323436308,-0.5135989600990805
GM,Falling Wedge,bullish,1,0.6425577166321822,5,58,1436,1437,2022-06-01,2022,2,36.80597480558585,35.85051637807237,48.13934285097923,33.16421017094761,0.8284811012537537,0.026651176162636,True,-0.0184896199489461,-0.0228862938574412,-0.0104572444041216,0.0063017699917171,0.0624494448065262,0.0226536352985744,-0.0202854532073554,-0.0091518375184106,-0.0038115351526948,0.0300962366276849,0.0343992518148603,-0.0473809306749585,0.0366077719824693,-0.0567550148714964,0.0789652834289817,0.0650621533561925,-0.0509982200899081,-0.0332661139310426,-0.0054905242017534,0.0381282633596122,-0.0293130766969598,-0.0164061194745162,-0.0230570069711162,-0.1098961761218279,-0.0360847109985956,0.0074036084413724,-0.0711001330927862,-0.0355062223315243,0.0592998745734849,0.0064859814080575,-0.1547572447659732,-0.302307459292774,-0.0166278510189386,0.0146342706366326,-0.0754781364395056,-0.004450692906358,-0.0502566948728794,-0.0372024648854101,-0.053181920794591,0.0020203653676706,-0.0285801637595495,0.0665080850498134,0.0564664466364948,0.0058174727902333,-0.0442812192406699,-0.0771414711969678,-0.1729167675885642,-0.098322674578044,0.0398458796514396,0.3195698968180023,0.1018864437055295,0.0780557164836031,-0.0469067793846085,-0.031991870990168,0.1243759019835684,0.0102015588382802,0.1169987963636696,-0.1196578951526671,-0.0716837480007152,0.0056203584001737,0.0394848004912062,0.0678432252226048,0.0797663679686175,-0.041758636011236,0.0413386683537537,0.0158430758777001,0.0139727744164206,0.2071887110814949,-0.2204164298943977,-0.0557292205373097,-0.0663531958379665,0.1359892828880555,-0.0238953762331753,0.0756286281654894,0.0106113382702532,0.2014263862122123,-0.0246328723022194,-0.0854434152913525,0.5295520831818383,-0.0452209124264907,-0.0233457130705351,-0.1621498980797918,0.1423286965388281,0.097668030743699,-0.0213327616262785,0.0365036791825634,0.0184442599203702,0.0505414572326445,0.3333333544692889,0.0678836528326436,-0.183308072036628,-0.1122583119658805,0.0216144776017785,0.027376566385644,0.2364001107397444,0.0465786230914149,0.0174111126605776,0.489997211982726,0.0967864844839903,0.1458418287799063,0.5424768133471365,-0.0117157579760848,0.1632332659572923,-0.0089064411600955,-0.0100741315414978,0.1387801738552656,0.4388664377555857,0.1258448045999958,0.0113905276669639,0.2117653986612881,0.3570227131989907,0.2242115127185395,0.0381996445359604,-0.0140166317916826,-0.1403902074765222,stop,1444,8,33.16421017094761,-0.0989449309215292,0.022135376050656,0.1627604254590155,-1.0,0.2237140987870427,1.6449597159059806,3.1120539580173103,1376,0.6908492002560694,7,0.088472528604987,-0.3204231807862738,0.0296796511675669,0.0,-1.1776288079624186,-0.4867796077063505,0.372623521482661,0.2592025895883019,35.85051637807237,33.16421017094761,48.13934285097923,1.7540327006077463,-0.2403383554760558,-0.0382294021218204,0.0478180757328527,-0.3386900360007336,0.2126433253677691,0.0085316385934017,0.0,-0.0163071505254227,2022-06-01,23.0,8,-0.09664152462795,-0.0838291876386732,True,False,True,0.7142857142857143,1.0,0.1428571428571428,-0.0320030481061577,-0.140743711193514
GM,Falling Wedge,bullish,1,0.6948275250042893,5,63,1681,1682,2023-05-23,2023,3,31.84687103817439,31.275997220075737,41.56553812110894,30.19151377853329,0.9055355558303906,0.0182527774920062,True,-0.0178786328584218,-0.0310448377729554,0.0204013345916278,0.0382834909682923,0.0362791194667344,-0.0165058828698937,0.0157432954162219,-0.0196325882528439,0.0322183916799927,0.012553647922598,0.0729411662622607,0.0293205037074488,0.0194092328159756,0.1035533933848269,0.0643032308770983,-0.004945996832102,-0.0262522217450638,-0.0677071596097085,-0.0104572444041216,0.0413437239079461,-0.0057396101367593,0.0138572932462273,-0.0353269888782597,0.1006323583666284,0.0663712910940848,-0.0367220991039373,0.0113845562291761,-0.017174092664427,0.0002581194465625,0.0165017220139698,-0.0815881401972646,-0.0712156139863774,0.0173085440331948,-0.0248816447182075,0.101860458623973,-0.0978083524061042,0.0079573822713825,0.0132470426804327,-0.0103648177584885,-0.0891216918204583,-0.0151148459149151,-0.0336982746873032,-0.070277650261031,0.0988906782526075,-0.0628773745897871,0.1178041630944785,0.1140028383855429,0.0516598219870259,-0.079847966396099,0.0237627618032096,0.0289970022159651,-0.0752777491778698,-0.092960522833372,-0.0065155106024108,0.0038416391113784,0.1169987963636696,0.0990682218094101,0.0346038445429073,0.1948510591382459,-0.0617250500579308,-0.1165822930583334,0.0780557164836031,-0.0422710041436035,0.2254503057269825,0.1980342210067811,-0.13794017387107,-0.1126378442992119,0.0087247848930136,0.0996713264527796,0.1714348253791637,0.070955553626141,-0.0101868813265643,-0.1519097587588489,-0.0592224761033753,-0.0283834354451314,-0.0549793403413503,0.0764173007825976,0.1318738637804251,0.1306341908673125,-0.1438232971465792,-0.0308430913935716,0.1881337195234984,0.067428358620579,-0.0101868813265643,0.159324273192986,-0.049152559484107,-0.0311293998682307,-0.3634936479134831,0.0976149008168598,0.1070123676356427,0.250403826016466,0.1576582237727357,0.0064311021366838,-0.055887552894781,0.0844454759105741,0.114193718218692,-0.1289512238196234,0.3809208687246039,-0.0140166317916826,0.1189376037011022,-0.010748580374069,0.0755314212571895,0.1630683991812602,0.0500763357554012,0.387903093270973,-0.2805988420548102,-0.3126262761086522,0.3372598633836885,-0.0509289000231202,0.1243163826127871,0.1946743621992495,0.1413386998837629,-0.1842965831501285,-0.1025478865057458,-0.0479664628768887,time,1741,60,32.05168151855469,0.0064311021366838,0.2470996137818804,0.0345452791148815,0.1237258478116711,4.7538677755884695,0.6646052038264545,5.871039031804948,1615,0.8476115641176626,6,0.1113349814007113,0.1179045758902765,-0.0238704717248854,0.0,-1.1446509040229456,-0.2970393399052818,0.1423321828577042,0.2097455497618844,31.275997220075737,30.19151377853329,41.56553812110894,0.8382206010001269,-0.0923591292550025,-0.0151412607422191,0.0259895657370767,-0.1558371277822353,0.533331920484887,0.0042604391602629,1.0,0.019725254213295,2023-05-23,9.0,10,0.0671577385957324,0.0724282110861525,False,False,False,0.2222222222222222,1.0,0.1111111111111111,0.0109174386776273,0.5428907118515106
GM,Falling Wedge,bullish,1,0.6793380462656241,3,30,2124,2125,2025-02-28,2025,2,49.142510274415095,45.396349312392886,57.88354514024138,44.6077722848309,1.4464405470766355,0.0825211942978756,True,-0.0484010374956617,-0.0144180147454887,-0.0654944061213457,0.0383359559615061,0.0604363540538497,0.0385714950718913,-0.0905938827102974,0.0296839594709574,-0.0330734059843613,0.0687644931474311,0.0293600552199111,-0.035423176342317,0.0540090412914178,-0.0604777606840744,0.0760000114739736,0.063965830123724,-0.0340094578169243,-0.0129650740513942,-0.0164192472346219,-0.0254323008864287,0.0885495025251983,-0.002729566937034,-0.0569539584742147,-0.0303479772425209,0.0256250614339029,-0.0564596190927961,0.1176324024275004,-0.0444587959568129,0.0357985736939356,-0.0335442297524204,-0.0218100374679666,0.1107695431221371,-0.0049035243443255,0.0023009338635306,-0.0610381960476759,0.033583365131101,0.1753116372980401,0.0035423417729978,0.1506025076406636,-0.0177560809133997,-0.0252630927995988,-0.0446142102608552,0.0200939228514931,-0.0783461977115893,-0.1367421095058285,-0.0365829339399274,-0.0636457732064637,0.001516507418543,0.0390933903957826,-0.1004783188664342,0.1141108949174514,0.0549451489675383,0.0878302366940153,-0.0168526076698215,-0.0711593024504968,0.1029482952793643,0.1002015579503012,-0.059458114557378,-0.0014298423354265,0.1871168299786079,-0.0483277483419325,0.0207610828721156,0.2726447040282365,-0.0824934939669504,0.1823664665058739,-0.079772071987926,0.0165267864172795,-0.0659009040960126,-0.096279422693173,-0.0524127855379144,0.0208418342765602,0.0093625870843299,0.1089258844660021,0.0599720444970213,0.0279228363847894,0.016551537829343,-0.0014056684606609,-0.3402068416730454,-0.0356146862678488,0.1346559216678222,-0.075255780471641,-0.0803448619369537,0.2622630541404331,-0.0386051042475658,-0.0921191421633154,-0.120119260309351,-0.0528088196078715,0.0921710781261533,0.2223483789358213,0.1579580941041289,-0.0495767625365186,-0.062716510015968,-0.0153035921769667,-0.0098494128410472,-0.0910827232382124,-0.3721417765106694,-0.0960750008329828,-0.1166453225764455,0.1654713292102516,0.2266393030163342,0.0733105584066549,-0.0412086864432057,-0.1251600615798731,-0.0723751890436512,0.0535745424387841,-0.0910224540548725,-0.1774189745251714,-0.0280785777865105,-0.1187170539193717,0.032547192368741,-0.1507948331306159,-0.1639070176184897,0.2266393030163342,-0.0936225169592025,0.0326998058111419,stop,2126,2,44.6077722848309,-0.0922772964641389,0.010404170918894,0.1114447284947059,-1.0,0.1127489785414046,1.2077155786419895,1.927572196211447,2092,0.888682252338184,5,0.0296563886273798,-0.0983337897880124,-0.3914257232302568,0.0,-1.234890973492497,-0.3462087211543144,0.0877528656877075,0.1991087839274291,45.396349312392886,44.6077722848309,57.88354514024138,1.4242991534723568,0.0085326308978312,-0.023563263460554,0.0294844740451546,0.002308662145009,0.847457407946206,-0.0023094858475503,1.0,-0.0179491886158219,2025-02-28,58.0,3,-0.0494795616169463,-0.0246561985509508,False,False,False,1.0,0.0,0.0,-0.0090607764416429,-0.4601828143420224
GM,Falling Wedge,bullish,1,0.6705484410453082,8,54,2408,2409,2026-04-17,2026,7,80.51859212910551,75.55472143671557,89.9830577947132,70.46609176633359,0.9674618740236192,0.06569901388026,True,-0.034751391830646,-0.0420315352353749,-0.0365855153221776,-0.0740741092451781,0.00407070927809,0.0048157733714639,-0.1451613527153561,-0.0905938827102974,-0.031780385786612,-0.0281020082343248,0.016727190760017,-0.0146021466773857,0.1045128336670662,0.0129407208605114,-0.0472733783535311,0.000799017683057,-0.0677071596097085,0.009785198865897,0.0564308782182769,0.0467344485235616,-0.0344925876222063,-0.0277839061332918,-0.0176844087715395,-0.0629483343349633,-0.0796954366270236,0.0219652270400123,-0.0335442297524204,0.0508115708018066,0.0100040146057238,-0.1158689088226024,0.0667166101883021,0.0642215645551396,0.0958511692005541,0.020415417510353,-0.0333825341179033,0.3689463840528468,0.0297455507050548,0.1483330602005506,0.0374999577564736,0.061353320733003,0.0654719920144331,-0.1602996409606848,0.0110457092951863,0.1753116372980401,-0.0405879393708021,-0.1051488309816167,-0.0742023617999824,-0.117078871511458,0.0827251964121877,0.0645994689182409,0.0379123160027266,-0.1146654554579088,0.1132189883165806,0.1358110579041924,-0.046503059948645,-0.0187888382899946,0.0809097534183744,-0.0996326023471979,-0.0241486854354501,0.2426430206642877,0.1563068116323103,-0.0374072462076904,-0.0620307406550187,-0.0490910282139643,0.1635680341319638,0.2671808514269918,0.0731118731851261,-0.1113933418602265,-0.1169186804798267,0.0419518947781318,-0.0230189053075433,-0.0990839335433734,0.0052544134580159,0.2288362630411125,-0.1091711942215998,0.0831622732404515,0.1443595289780939,-0.1117666564627339,0.0402149050857987,-0.0707381602862916,-0.0969083551452313,0.2570381853714294,-0.048950812206446,0.1707519231168199,-0.0250485542344625,-0.143365769721582,0.0149830479197006,-0.1756755416708673,-0.1744123812031247,-0.1122978921478414,0.0932896896489041,0.0484283458272932,-0.0377406658890639,-0.1054267825520227,-0.00808228246907,0.0052817568036687,0.2405360814798633,0.1781653908827898,0.1134343345097916,-0.1704324440838107,0.0727407822951831,-0.0936540076049463,0.1332176297599923,0.1075272211451576,-0.0770275452908518,-0.0213176006367785,-0.3570975775537292,0.0597341061614176,-0.0165256268108934,0.2348162054075617,0.3039317305471936,0.1827399099098681,0.25871171359681,0.0405613846012302,-0.0971037240215863,stop,2430,22,70.46609176633359,-0.1248469464872596,0.0042046960268823,0.1289884246571183,-1.0,0.0336788054909411,1.0331724426298352,0.9415036383045616,2347,0.613676969794948,5,0.0853520794790415,0.1284604388022014,-0.0865413988423974,0.0,-1.042875499368766,-0.4291985295738139,0.5993454696685553,0.1756690030973278,75.55472143671557,70.46609176633359,89.9830577947132,2.2924223198298788,0.1829936967141876,0.0532268545410232,0.0283096695788021,0.4130670504334253,0.5871560061128527,0.0172966481003988,1.0,0.0792353365352871,2026-04-17,47.0,2,,,False,False,False,,,,,
GILD,Falling Wedge,bullish,1,0.7717274144147551,8,105,1045,1046,2020-11-10,2020,0,48.84562260332079,47.74389122022123,66.92892821102845,45.26538610645038,0.9618826006766922,0.0230758607005401,True,0.0006565700515108,-0.011184356571418,0.0032003714436119,-0.0168828716535028,0.0159500783683936,0.0307509550222186,0.0153775871647847,0.0046685343050925,-0.0041205994048673,0.0105738643008044,-0.0077371210865018,0.0211908507259543,-0.0262873791610951,0.0190923766750112,-0.0455022970520428,-0.029140809441419,-0.0012364396942958,-0.004910339366265,-0.0381025169015352,0.0069770609854573,0.0103939459337341,0.0694918063806979,-0.0010307828257009,-0.011160289116182,-0.0302960188059714,0.0234828167569249,-0.0278448112672767,-0.0168220573217879,-0.0183172979981619,-0.0635899453979957,-0.0161313001059997,-0.0033556746561994,-0.0040183748707246,0.0364685443926509,-0.0065930528722413,0.0222120695508112,-0.0120236760059627,-0.017600245893044,0.053212978155942,0.066578176049894,-0.0239693803091244,0.0043590833790669,0.0158290426794052,0.1022818895913453,-0.0146124649027312,-0.0161376050639215,-0.0018054383105374,-0.0311265167555017,0.0573582304633624,0.0364088269787983,-0.0375300943796129,-0.0146860736072985,0.0257675704296067,0.0170817750350387,0.1432760613233983,0.0015518595559356,0.0346316183717743,0.0293703737730446,-0.0173415068982424,0.0050795612176004,0.0042005766676562,0.2056455630111371,0.0261120957188885,0.1023966363322415,0.0764592113658331,-0.0629364349809928,-0.0133659732411622,-0.0559461740673367,-0.0299821234640209,0.0463400430871019,-0.0279732328613773,-0.1381702776321721,-0.0194680743339427,-0.0604768109904593,-0.0218441694162629,0.055399092415181,0.2011763004995008,0.0182059027575918,0.0923936013004891,0.0347061936534525,-0.0316774008550859,0.109564621826925,0.0364743753952361,-0.0340314725013775,0.1647254981975396,0.0765995522404743,-0.0161037750130864,-0.0489586047132631,-0.0331270124648819,-0.0261161212298314,0.0124224569832169,0.0277553492811397,0.1281683760790186,0.0277908277652654,0.1199230112004801,0.1902458708808179,-0.0626588066763119,0.1142965978825862,-0.01174794446531,-0.0209287086097712,0.199488677003305,0.0946858933161178,0.2158515280923785,-0.1500386762938417,0.0535121151441826,0.3647172492602824,0.1210786742351561,0.1751024912001295,-0.1098874034435029,0.049272502336511,0.0215762609663199,-0.062495558863127,-0.0539113397840117,0.0717411070543074,0.0621771990571837,time,1105,60,55.106086730957024,0.1281683760790186,0.1512396551168965,0.061215150355137,1.748617481864308,2.063381880765099,0.8351660943254136,5.05086902038868,940,0.6874643617945864,7,0.0811236918774366,0.1803539406931309,0.1360885857623577,0.0,-1.8294457617464364,-1.1419813999518518,0.3437926024237445,0.1668194657682044,47.74389122022123,45.26538610645038,66.92892821102845,1.3216050130802326,-0.1319394698980851,-0.0291982001410541,0.0271951355282311,-0.1980220240117958,0.7461768456074411,-0.0103301014981683,1.0,0.0111674250254241,2020-11-10,52.0,9,-0.0052327289543189,0.0260591718607601,False,False,False,0.125,1.0,0.125,-0.0618248238111572,-0.7865448847335703
GILD,Falling Wedge,bullish,1,0.714866466729574,3,30,1683,1684,2023-05-25,2023,1,69.60465245627127,69.8608847819703,80.6840492357843,67.5152410464512,1.1199197860962566,-0.0036677509381495,True,-0.0014101386712951,-0.0317235204780438,0.0115203835728177,-0.0163805662304354,-0.0437956818919831,0.0045657928474838,0.0252928288822731,0.0271465564037203,-0.0104298673049866,0.0462018362345379,-0.0076471051666714,0.0253892767810801,-0.0045285411934367,-0.0162631702812352,0.0476849936453747,0.0107190251181072,0.0011806419112325,-0.0238392595480273,0.005502276260954,-0.0037894882482478,-0.0062186162560946,-0.0107772247594447,-0.004486843210146,0.0015382717618297,-0.0335423589455414,-0.0388913559667807,0.0079794564619743,-0.0424826954462311,0.0331967704501765,0.1246929854749663,0.0411918285240175,0.0242275928049997,-0.0342658691986266,0.009688772548861,-0.0206644254416222,-0.0415523404991586,-0.0003755927463259,-0.0257362669051739,0.0349392922293729,0.1022818895913453,-0.0658254099889389,0.0024072734376157,-0.0972132636608403,0.0005727045166386,0.0091514135886217,0.0003721337730851,-0.0089872871311281,-0.0516346259845031,0.0116728511770307,0.0975752913506751,0.0670480058189149,-0.0016837882955191,0.0391021310845529,0.0486211160681282,0.0792302851421031,0.0379504760171074,0.0051735452460524,-0.0758796508614004,-0.0107847678063023,0.0293757580707805,-0.0280969842922284,-0.0547754702065671,0.0757034481439555,-0.0429577870738732,0.0810020639547153,-0.0589852924962479,0.0336121888944966,-0.0138245138257038,-0.0249412324366617,-0.0003146922283548,-0.1009620283166917,-0.0941058811423408,0.0771930813406847,0.259520567007043,-0.0155050144537206,-0.0429202862266153,-0.0831971543592193,-0.0585488063776157,-0.0762516075309399,-0.0765204651426245,0.0533516794296371,-0.0640992505678398,0.0830890044562984,0.050700189030409,-0.1280084168925914,0.0598105905406471,0.0548264993231972,-0.0940139333627703,-0.028496865072732,0.0565750487217764,-0.0164684974324741,0.0038387837072346,-0.011705296481297,-0.0705683550752617,0.1042054902759808,-0.0270315696182833,0.0073352559886676,0.0676937500223264,0.0293723238507912,0.0741352153187966,0.04018146554897,0.1075249529018467,-0.0121187927588755,-0.0116268637358839,-0.0081886496090091,0.1344225873171682,-0.0755037591462933,0.0410797010199259,-0.0158194681145846,0.061614306632135,0.0567499104792472,-0.0506848812787589,-0.0309148841432679,-0.0671202524369958,-0.0329705884069922,stop,1691,8,67.5152410464512,-0.0300182722862201,0.0079487531613081,0.036923109558654,-1.0,0.2647971570621334,1.2300211420096792,5.302640125080546,1652,0.653729511876693,6,0.1074567532181306,0.0417280045442423,-0.1885604038409748,0.0,-1.2901354522494866,-0.6364059403728012,0.4277056739475938,0.1067951493773184,69.8608847819703,67.5152410464512,80.6840492357843,1.3277162644231597,0.007708578097767,-0.0407729406385066,0.0191610840455317,-0.0726319211682224,0.7239587058627177,-0.0199873378968432,1.0,0.0054312513318126,2023-05-25,50.0,8,-0.0865768835091616,-0.0168688287422039,True,False,False,0.7142857142857143,0.0,0.0,-0.0465828886650729,-1.410801679723548
GILD,Falling Wedge,bullish,1,0.6292749255977881,3,22,1814,1815,2023-12-01,2023,2,70.31899107952081,66.84052122528885,77.58228869951449,67.0412822307782,0.7991624936531742,0.0520413334675777,True,0.0223832636254097,0.0122868209503272,-0.0270626147167358,-0.0139118699459391,0.0305625646867557,-0.0108963490467397,0.0266519808908738,-0.0114580028784098,-0.0450416889711133,-0.0023156277878143,-0.0030261623844978,0.0146410146415014,0.0249872751672697,0.0661216325676896,0.005502276260954,0.0103891934968258,-0.0287720170215172,0.0096084996176857,0.0560855038101597,0.0122136596123505,0.0378465484520162,-0.0257233150076807,0.016063138553228,0.0487994447392845,0.0144868933073905,0.0247587320913671,-0.0370264088638183,0.0120043894678671,0.0154842564776978,0.0334519699887534,-0.0267221882240715,-0.0030966476518655,0.0219068478334079,0.0040112603948776,0.0148904119400781,-0.0468667488557945,0.0248118831902071,-0.0613849719319844,0.0209421222324293,-0.0279921993314896,-0.0216036798190106,-0.0548805656722528,-0.0262794566606084,-0.0212176989544483,0.0284755807211147,0.0551161003206617,0.0867927905843255,0.0451635338178075,0.0658235220148442,-0.022174915575711,-0.0030130646587344,0.0034335667458251,-0.0376621180160214,0.0166911377631362,0.0379927909236621,0.010073542570941,-0.0058281388852208,0.0758070145065603,0.0246062504065549,0.0811713210438931,0.0586604424919483,-0.0232182358634037,0.062897743393522,-0.1015134188426983,0.0896718008263335,-0.0199119611449113,0.0324464445847278,0.019517594309669,0.0685192246545797,0.0217732938946697,-0.0424009487398653,-0.0321388232019658,0.1364672384597913,0.0574843907347926,-0.0199060292277083,-0.0247671612380636,0.0116725539436519,-0.0161510163890152,-0.0517594544520091,0.0263298921486427,0.0032535202254562,0.0976715903397844,0.0729183174257808,-0.0137859568185315,-0.0692216512825726,0.0835201805581484,-0.0632861786313039,-0.0489402773536121,0.0280553642977885,0.0044975688878392,-0.0517594544520091,0.0152655631959255,-0.0586526581125522,-0.1783627762121237,-0.0522011692772346,0.1512625144802963,0.1176037278421231,-0.0168367910203804,0.2013933392453866,0.3659542459978031,0.0199618121838929,0.0321656522742197,-0.1595938926375131,0.0894957193970094,0.0215139475803622,0.0465245995495395,-0.0081228132729462,-0.0755037591462933,0.0342095597584364,0.0647099570057676,0.0641547413805903,0.1323900050527686,0.0001867475311347,0.149062791025113,-0.117569204860056,target,1836,22,77.58228869951449,0.1032906972709537,0.1091185676744821,0.0016819414138711,2.2159679078207306,2.3409973066569107,0.0360838710014331,2.2159679078207306,1790,0.9775930422109382,5,0.0642449075726754,0.0159107541661227,-0.1889487807051103,0.0,-1.2331669038072692,-0.255573861596325,-0.0235758507582617,0.1192776394936951,66.84052122528885,67.0412822307782,77.58228869951449,1.119060852334693,0.0026890343688372,0.0123199549580044,0.0158402804771443,0.0164017739811703,0.9931492532633754,0.002349859750117,1.0,0.0657906798948915,2023-12-01,50.0,8,0.0138227725662185,-0.0040875150047764,False,False,False,0.2857142857142857,2.0,0.2857142857142857,-0.0500013904589749,-1.4351147850869697
GILD,Falling Wedge,bullish,1,0.6139440060429997,5,82,1948,1949,2024-06-14,2024,0,60.79200495619835,60.20847629665968,72.15292764058381,56.46356395677802,1.4741028060875077,0.0096918024741814,True,0.0923550891519255,0.0879073635031648,0.0552906355440376,0.0205030905489851,-0.0228379118171739,0.0012805810700455,0.0146854229341588,-0.0539756879423134,0.0351014595825971,-0.037666189318653,-0.0133576279049361,0.0038276257222651,-0.0528616730315488,-0.0129422396373719,-0.0285953741164685,0.0097623552577605,-0.0122340528113092,0.0063674218355302,-0.0558872096054647,0.0275187532189231,-0.0295512789210158,-0.0220172689103501,0.1007345475670407,0.0600772509973173,0.0508177428009759,0.0133804342374224,-0.0287115509602755,0.1036667208849095,-0.0110732926143052,-0.0523748489806334,0.0238925673104715,-0.0313771163468984,0.0034002249847022,0.0133800354832041,0.053371199408756,0.0362262037960572,0.0148268910441899,-0.0264928623860115,-0.0202834687577183,0.0005727045166386,0.0289274009749811,-0.0589250851680275,0.1868362337298801,0.0268317521071472,0.0228031260213357,0.045133387533026,0.1064093283005136,0.0610242754010124,0.0015439932912415,-0.0002388202354249,-0.0192118160956565,0.0387751462657339,-0.1143215678235916,0.0092952755145412,-0.011693146263431,0.0127462379343259,0.0546538130949199,-0.0599319772754839,-0.0599455055590135,-0.0411161104575706,0.0578200430946553,-0.042727281608176,-0.1135060966128586,0.0580797831393637,0.0370490525073781,0.0045714824952938,0.0321228928922898,-0.0330779201534736,0.1158649543932605,0.1425482983970205,0.1393961104807735,0.0060906316732247,0.19632558894264,0.0833620773431007,-0.0027499871018046,0.0219722720594497,-0.0809247492342027,-0.0260235113202833,0.0043387112743844,0.0942972511933464,-0.0860075536994152,-0.060937152771333,-0.0425458658455656,-0.0042238463914899,-0.0547148181921836,-0.0433819944523415,0.1479260943699998,-0.0544786927142343,-0.1382129360653022,-0.0181951231078616,-0.0140582119013231,0.1461553891940803,0.2500386424404566,0.2239748396604586,0.0293263266816832,0.0038393246160699,-0.0231958045322788,0.3282930549550775,0.011856682464719,0.2956648282745413,-0.0251412593924212,0.02367185761115,-0.0390401584218875,-0.063653929514349,0.0553874683744519,-0.0947113974723314,0.2457036448019682,0.3339806897792317,-0.1594442199299262,0.0385277434614965,-0.1111371243738612,-0.0413418782053385,-0.0904885706388564,-0.0526820375964477,0.216767880393322,target,1975,27,72.15292764058381,0.1868818554770681,0.1944402794062938,0.0318146298601139,2.6247146919426494,2.7308710990712384,0.4468295019834334,2.6247146919426494,1866,0.3820147185542328,5,0.0002781244896886,-0.1107717109351102,0.0012164362318392,0.0,-1.5821077184097123,-1.2000929998554757,1.2984684564271505,0.1008717931266244,60.20847629665968,56.46356395677802,72.15292764058381,1.3266997464186672,-0.1032770200771228,-0.0039612521237272,0.0217196014731172,-0.191979031345196,0.8075585968224013,-0.0006370117227433,1.0,0.0266510499047545,2024-06-14,33.0,12,0.0581135811460917,0.0543302524105921,False,False,False,0.1818181818181818,1.0,0.0909090909090909,-0.0431920877940103,-0.5498198588607749
GILD,Falling Wedge,bullish,1,0.7069813257365789,3,39,2276,2277,2025-10-07,2025,0,114.28559638908324,111.08232185459524,118.11055852360732,105.73470786272478,1.1211078541630743,0.0288369425576198,True,0.0116983646016126,0.0236640518985448,0.0151563463145627,0.0648516673617278,-0.0077371210865018,-0.0334935664034562,-0.0270550495751298,-0.0208889231814036,0.0020493016537539,0.001061495622995,0.030981956482788,0.0134858631743062,-0.0017735930480166,-0.0067651332172206,0.0310910926935044,0.0824408686621178,0.0364253678720727,-0.0308420662967022,-0.0210714073060345,-0.0382947544146762,-0.0145360974547164,-0.0485784663756477,0.0103729755276965,0.0595166645868845,0.0579650391313886,0.0457532496961441,-0.0461268821844285,0.0054000767397006,0.0394960794389931,-0.0378763221858217,-0.0342658691986266,0.0385751246024934,-0.0510488473743574,-0.0284267294517615,-0.0180420232222048,0.1028063152268237,0.003630906785865,0.0042915021397929,-0.0778605950966614,0.003630906785865,0.0820677374967133,-0.0036575239736493,0.0057584179957388,0.0671811144063656,0.031756806899702,0.0528644923105502,0.0502945481397967,0.042849510581737,-0.0112140976569816,-0.0237406812745989,-0.0436137407037983,-0.0170425081259635,0.036468732994942,0.0311804874834908,0.0361231031425892,0.0111389089312488,-0.0133992253979126,0.0406161717533191,-0.0548281111190691,0.0992657593163206,0.0622922740884941,-0.030363912738486,-0.0907186298172558,-0.0317492241976183,0.0792302851421031,-0.0526788925292049,0.0451859998774493,0.0358130423394769,0.0448962610643694,0.0673725267253804,0.0470218660579189,-0.0565977981406662,0.0544005626527674,0.1057069512615429,0.0323124617558512,0.1169681302361176,0.0485675611668692,0.0132993068198872,7.870306878432487e-05,0.1436549987526572,0.0216788225928834,0.0514569472491801,0.0673127677417917,0.0505597657121823,0.0320044899347886,0.1282469708436151,-0.0059194515844588,0.0798982775505368,0.1922708251901663,-0.0607508519394788,0.1459889443553621,0.0093156074643614,0.0451980310414323,0.0229098328706478,0.136929152191146,0.2895664906170898,0.0149724087679001,0.0551600968332599,-0.0005133380940459,0.0129864508273607,0.0192956698953359,0.0494290047587224,-0.052016506373807,0.0985669657031236,-0.0676367792419789,0.0210905787938731,-0.0451597897471116,-0.1260770741613875,0.0050581525137083,0.3150978415879346,-0.0995003348992933,0.251548205141096,0.0050581525137083,0.1058160524945017,-0.0042855389646244,target,2283,7,118.11055852360732,0.0334684532029923,0.0380838132249625,0.0115276105122121,0.4473175065647837,0.5090033969883657,0.1540705200714725,0.4473175065647837,2237,0.359921733949492,6,0.0422229760422119,0.1061750541406651,0.5216496199841456,0.0,-0.7401409220236899,-0.3802191880741999,1.5646601358240355,0.0753571151211834,111.08232185459524,105.73470786272478,118.11055852360732,3.02244782193027,0.1015840619267198,0.0252222238866837,0.0265211807463562,0.1223078198041918,0.968213995914827,0.0001759641801972,1.0,0.0317455286651282,2025-10-07,27.0,16,0.188361509731791,0.1019693490621265,False,False,False,0.1333333333333333,1.0,0.0666666666666666,-0.0147876384979622,-0.8458351566603438
GILD,Falling Wedge,bullish,1,0.6623203385346419,8,73,2438,2439,2026-06-01,2026,2,127.43008538137684,131.85376064635318,154.14180466511698,124.66221684893408,0.9187804622399244,-0.033549860415746,True,-0.0068997479221225,0.0166265365627906,0.0287050933999144,-0.0227142484977092,0.0146785794078818,-0.0204894414566043,-0.0136438870559444,0.0223832636254097,-0.0296767475687605,-0.0024956739014114,-0.0121029017227777,-0.0221179021970323,0.0373388902634457,-0.0403140608369388,0.0434669576828243,0.0731400353742748,0.0047094741425417,0.0235066996389947,0.0181739963464873,-0.0141994189794929,0.1080473723185315,-0.0057129500232325,-0.0164339044201426,-0.0300262635024939,-0.027120109140668,0.0512984215148109,0.0291537439112912,0.0026612230544449,-0.0104730084058421,-0.0135576271093458,-0.0279189530522835,0.056608218316738,-0.007002505452804,0.0817140270906133,0.0267321994811309,0.0606365688590189,-0.0481017038003845,0.0795285475946931,0.0070381417959932,-0.0074186857808102,-0.0150735439222268,0.0283860178137866,-0.0258409704141621,-0.0263759618377952,-0.0211602378935166,-0.0410679590906614,-0.0141071649909584,-0.0030954818981244,0.0066786764486208,0.0645113591153085,0.0386852885773392,0.0474340853036607,-0.0003313818098836,0.0328692996566399,-0.008252155323701,0.104881213341869,-0.0328783861739322,0.1396168819150072,0.0496805343447741,0.0624626227574016,0.0236154854987808,-0.0507599017581892,-0.0133951696306705,0.0005166119723394,-0.0209826509238468,-0.0221101272809959,0.0411584411606047,0.1188433380890012,-0.0432193682549648,0.0357571184777787,0.0696933766116496,-0.0315646696416445,0.0325369312585608,0.0119484091572592,0.0588409166724364,0.032485688526,0.0055091057019944,-0.020077028785462,-0.0440235719333573,0.0518126723282261,0.1161198491400083,-0.0225350420014771,0.0353667872150507,0.0962618900780618,0.1755336829693317,0.1909617886257053,0.1632559195933445,-0.0292463169805577,0.0299872636578735,-0.1044911749746948,0.0407869211079916,-0.0037163826079538,0.15561869992383,0.1410570987584896,0.0235037282574039,0.1308925983243558,0.0001769454244227,0.1067542452155105,-0.0774021107278774,-0.0932540963682003,-0.071003870566507,-0.1569395200559917,-0.0539478367037932,0.089425546690095,0.027359159830838,0.0764184664686884,0.0910146915297391,0.0947892023969636,-0.1841477072280609,-0.1126936844398718,0.0112746318115661,0.0399795821956381,0.0792455414757189,0.251548205141096,0.1419690139902433,stop,2444,6,124.66221684893408,-0.0217206833390953,0.0206993440521265,0.0448872738935858,-1.0,0.9529784919275304,2.0665682194626256,9.650645964808804,2363,0.5441330357611233,6,0.1204047584785818,0.2750327400255106,-0.1702214902210284,0.0147058823529411,-1.1580947250443934,-0.6139616892832729,0.6867349689479403,0.1154133027176208,131.85376064635318,124.66221684893408,154.14180466511698,3.2643270022748863,0.0259594858743748,-0.0281833611376896,0.0252043221719999,0.0408229595310583,0.164741681550567,-0.0032730035687106,1.0,0.052577485036245,2026-06-01,12.0,11,0.0509317741842696,0.0573113914993597,False,True,False,0.2,1.0,0.1,0.0033166804586424,0.0268688750134631
GPN,Falling Wedge,bullish,1,0.694737631022472,5,34,966,967,2020-07-21,2020,4,164.4631133517956,158.41755333492267,190.1009875486832,149.00360840663768,1.0724458907833765,0.0381621852478151,True,-0.0115028454293628,-0.000875243958094,0.0277543533854625,-0.1063344428727879,-0.0181441627668277,0.0083184902755748,-0.0002897829806255,0.0262835487664061,-0.0491847669201784,-0.0248195828538237,-0.0154380326739128,-0.0288534658128952,-0.0137291826575535,0.0204516558943119,0.0079484776144489,0.0318016846956776,-0.0826502892957455,0.0055999700309732,-0.2141130637498309,-0.0561102418654901,0.0381175510159645,-0.1302761276522313,0.0171805250917913,0.0020703169679916,-0.014687827623852,-0.0144721060450188,0.0282593939818807,-0.0249731768094098,-0.1005514018595715,0.1002829106673446,-0.0015630328635635,0.0611735308477039,0.1059188817536753,0.0314274397438536,0.0114085115136597,0.0063026925422748,0.0267895131303368,-0.0765318798966873,-0.0359428375960764,0.0706452029848709,-0.0170653966160644,-0.014761029739258,0.0772341299276431,0.1479815913888342,-0.0133028081166781,-0.0163426894789958,-0.0216828795913296,-0.0648720850166565,0.0591777752173017,0.1123389019484959,0.0933509067727356,0.1101903869839211,0.1225345838676819,0.0558822919620676,0.027531383412507,0.0051198222856025,0.0703655439918875,-0.0273239306991629,0.1621187103050791,0.0198847247202602,-0.0822907286378418,-0.0082449043988978,0.0361999804355601,0.0439903489262933,0.0836104222663682,-0.1343319361384758,-0.0064004153921138,-0.0345246216763451,-0.0571418418989758,0.0122241873390149,-0.0315194337708839,-0.1352173343835865,0.2600897720745965,-0.0057566503304751,0.0985757657912027,-0.2176585338610067,-0.0700216203814783,-0.0977981963134619,-0.0227972708668574,-0.0603494456993971,0.0029433717439659,0.2193100395180269,0.076282112754058,-0.0685412065745364,0.0285284969046755,0.0947499685287605,-0.0431892919389773,0.119658039910709,0.2046054929105063,-0.2494539844695608,-0.0071874274569865,0.0058855824460061,0.0202855111109754,-0.0558121596806024,0.0692062906243757,0.1635724035881689,0.2157847702403845,-0.1139741335494712,0.0458348861236195,-0.1669089994466306,-0.1609375550816084,0.0536449156652267,0.0456166613938457,-0.1426411676216431,0.1778022938692101,-0.1910884012409092,0.04445802319024,-0.1953796894066083,0.064298121972079,-0.1390668099345819,-0.0554097535139198,0.0898443258217218,0.2157954407123428,0.0225471957427343,0.0181355701535465,time,1026,60,167.79933166503906,0.0202855111109754,0.0667164169800206,0.0523824186238265,0.2158036965011862,0.7097503889765534,0.5572607714369209,1.6583890808817652,928,0.6293608362051314,5,0.0181682944715143,0.1906354222023243,0.4750802290143101,0.0,-1.1484299019516282,-0.5190690657464948,0.5421808594676617,0.1594254337221397,158.41755333492267,149.00360840663768,190.1009875486832,4.8875819380185135,0.0053324816301594,-0.0034358659595099,0.0296876789557818,-0.1225548012331747,0.3010401267159411,0.0043650619136252,1.0,0.0463266915099382,2020-07-21,28.0,23,0.2464746192378253,0.2779766072206535,False,False,False,0.0,0.0,0.0,-0.052930285291264,-0.4819336235014739
GPN,Falling Wedge,bullish,1,0.6749489241005714,8,68,1212,1213,2021-07-13,2021,7,182.799486612022,180.3330914733248,222.5513978028091,177.4644612941632,1.0116917203531377,0.0136768860254474,True,-0.0192768925960324,-0.0047824082672628,-0.0678579421658411,-0.0570436582779925,-0.0510372448990671,0.0634414233652529,-0.1059970332744619,-0.0045337578483121,0.0326627299076545,-0.0110468072428588,-0.0379301053026712,0.0192773991345911,-0.0049176688669512,0.0229049328622261,-0.0487764131462141,0.0134687974160525,0.0314833471020681,-0.003839208034489,0.0443637105830923,0.0151569254845045,-0.0070037908083302,-0.0062154774780892,-0.0111049005215406,0.0012469875869849,-0.0024339979466612,-0.0652512406287696,-0.0007902843235446,0.0108734834743295,-0.0289356784346697,-0.1644110224188878,0.0009986652236537,0.0368924894677051,-0.0070298030984561,0.0206460075669963,0.0144130988761057,-0.0257400979444257,0.0515160209532021,-0.0438845505170359,-0.0107195875568261,-0.018305999510213,0.0525213604587189,0.0578062387085824,-0.0235284273596891,-0.0541198954280882,-0.0680444756258217,0.0145016724928416,-0.1179985300738187,-0.130069905218949,-0.0945243484695114,0.0776200367313491,-0.0071296188897649,0.032160529265542,0.0243525180006327,0.0781507721032137,-0.0138153955410416,-0.0318914645933128,-0.0913111146405243,-0.0197061752042134,0.0098946041910097,0.1029512103121219,0.0248414217935053,0.0361742464038317,0.0727227206041223,0.0277478377005651,0.0991933593222962,0.0393580256637795,-0.0172115350751036,-0.0054610272610723,-0.13520436019469,-0.1165957692950669,-0.1474828895054465,0.2801379174745493,-0.1193344872082181,-0.1150174045259405,-0.0461337019333496,-0.0688519355738829,0.0344072597340787,-0.2172734307023495,-0.2053599842671768,-0.1502864427832461,0.1922672845617301,0.0796635229337143,-0.1640077581069418,-0.0219505554984954,0.0474331011671322,0.1001550286346395,-0.0127659123805771,-0.1196893937029368,0.324392988421291,0.1671616952901757,-0.0383582516911109,-0.1139252462872212,-0.1749795827604807,-0.1724495181103598,-0.0862886844967388,-0.0740275894374499,-0.2087840026951836,-0.1494556567760462,-0.0493645830255928,0.003394940539934,-0.2119524945700607,0.2185284001070655,-0.1203237693314136,0.0066116069890589,-0.0538856380566652,-0.2011993383277056,0.028828464095292,0.0040992420786147,0.1030734463045195,-0.1442337851720149,-0.0464541153017229,-0.056463871191641,0.1234975885971352,0.1199240454685039,-0.1352557930503752,stop,1216,4,177.4644612941632,-0.0291851219975358,0.0229658131756783,0.0419828693628229,-1.0,0.7869013937175723,1.4385024454024062,7.451119502229744,1137,0.899677385538439,5,0.0088669694619779,0.0544050430571225,0.3629673518065979,0.0,-1.2600416217288937,-0.3603642361904559,0.0951638148127759,0.1696628147375676,180.3330914733248,177.4644612941632,222.5513978028091,3.075333507166379,-0.0183720635603658,-0.0147578841840846,0.0169432612316195,-0.0486782431555303,0.5962088757298545,-0.0026898102331841,1.0,0.0276420294177823,2021-07-13,44.0,7,0.0428589229627964,0.0378614452917547,False,False,False,0.0,2.0,0.3333333333333333,-0.0219570600559369,-0.4779349369618446
GPN,Falling Wedge,bullish,1,0.6428093606585698,3,24,1253,1254,2021-09-09,2021,1,164.61527808469532,150.8734012513496,172.03498896592873,149.20088703429178,2.131197119974348,0.0910821703452702,True,-0.0524094340670622,-0.0438291091996316,0.0342235206443342,0.0804142139221268,-0.0524094340670622,-0.0097785614411856,0.0097479126378619,-0.0001266241194695,0.0499234004241802,0.0133213530834908,-0.0586273851181508,-0.0134393579496386,-0.062531471200587,0.0034396323231487,0.0099083509954553,0.0357334445521297,0.0278037283901437,0.0008585259718849,0.0033497320019995,0.0269438331937945,-0.0158130831621544,-0.0490663501475413,-0.0541032031138002,-0.0524671822037876,-0.0381883196003078,0.0030046433846981,0.0403119615655962,0.0015415891894601,-0.0876815172173691,0.0645928414238339,-0.1192134917062478,-0.0289356784346697,0.0525213604587189,-0.0079695605150069,0.0499879141229904,0.1336955872747056,0.0201715324469986,-0.0729698760628353,-0.0022979164405962,-0.0886749975359945,0.0466979274969134,0.0396209994999026,-0.001585048812581,-0.0848647719354456,0.0218181751217323,-0.0514557658700278,-0.0762164046864651,-0.0518844374566986,-0.1035333772018648,-0.0900456689848469,0.1010708971436957,-0.0408723228452763,-0.0197929845089311,-0.0121508586487141,0.0029004727491146,-0.0030983856497819,-0.0975397750941606,-0.1331606387504124,0.0370737531772866,0.0317443811889874,0.0117721095068161,0.0187706410015096,-0.0536211367585911,0.0371439991469366,0.0816615346027282,0.0905980106671768,0.066077009391503,-0.166685577909635,-0.0641320087976422,-0.2162831662563541,-0.2547848946606984,-0.166246736082274,0.0879373453263716,-0.1832629569626838,0.023439147216989,0.044318059663047,-0.0936687764435797,0.105705355712119,-0.1640077581069418,-0.045498539290574,-0.1169442339456764,0.1298778542352829,0.0851121981982139,0.0187367350335443,0.0647249251527442,-0.1143763608325961,0.1019819974606948,0.0285284969046755,0.183410932071047,0.1140328509573334,0.030390549841301,-0.222992720561806,-0.305038576391973,-0.3135356941599833,-0.1335640214898347,-0.0488173386018115,-0.0144672829195134,-0.2149875731031558,-0.0740858145274192,-0.0706523175651719,0.127067629885532,0.1248320024511095,0.1685329019120029,0.0473180732115086,0.2455072044298651,-0.0222932503911122,0.0876213953958515,0.1016543699672229,0.2449021334777605,0.100993914390312,-0.1520435092151253,-0.1740106322225284,0.0617142715027081,0.2375542483669048,-0.3371773966397283,stop,1261,8,149.20088703429178,-0.0936388847362804,0.004796035148294,0.0956893137042453,-1.0,0.0512184138224342,1.021897195526619,0.4813495944777637,1228,0.8186778823541019,5,0.0819676821567962,-0.1443939531909689,-0.250237007866838,0.0,-1.2398090450454289,-0.4211311626913226,0.1196915006800907,0.0995703304832423,150.8734012513496,149.20088703429178,172.03498896592873,3.859517937229748,-0.1125471517980971,-0.029065389523419,0.0235792076780129,-0.1779821868002026,0.366319899758141,0.0025327195334119,1.0,0.0117175101120592,2021-09-09,44.0,7,-0.0559368698455031,-0.0120657531549851,False,False,False,0.3333333333333333,0.0,0.0,0.0232427227641828,0.7863799568351323
GPN,Falling Wedge,bullish,1,0.6481623834974112,8,89,1466,1467,2022-07-15,2022,0,111.07467399146871,108.46291599177096,156.540859745352,100.3956402847601,0.9856480538617276,0.0240797324672326,True,0.0225688785771378,0.0052921375519527,-0.0030773017662594,-0.0135221774566127,-0.0108438316780193,0.0977792016494625,-0.0656375669821133,-0.0554805546607997,0.0085307609875082,-0.0487764131462141,-0.1617423232538437,-0.0749789663810377,0.0061402545009354,-0.0179676573550753,0.0043436630667377,0.054353724111541,0.0192773991345911,-0.0415897596795131,0.0225716065874954,0.0541442956892825,0.0318546533387917,-0.0556089967170049,0.0350803780776452,0.053665097510325,-0.0071257263543094,0.0197040848900109,0.0001836450236052,-0.0193373148701504,0.0189385420539416,-0.0388663971117012,0.0567250590999839,-0.0659194521410488,0.0319342694257525,0.0091821639222551,0.0266514213775819,0.019467958970825,0.0752492046874877,-0.0498969930159817,0.0004057362676703,0.0142426117692007,-0.0302013218482189,0.0401908939574904,-0.0865884032499804,0.0308000150615326,-0.0623325919627176,0.054138440894948,0.1666810258615989,0.0669850120284321,0.0856331753141761,0.0651626828833378,0.0409834373237321,0.0589467283228437,-0.0946889054229179,0.0256667326159218,0.0039826071054276,0.0048927242784702,0.0289881353421079,-0.0613231435783206,-0.1100645461873232,-0.1261894629958062,0.0319790012407918,0.0101184576654187,0.0029004727491146,0.1123389019484959,0.133625180794412,0.0647482733085973,0.0165785466402141,0.038107712552257,0.1500616902665514,0.1754677513224414,0.1173031674566631,0.2107506340341216,0.1197479135535213,-0.0685412065745364,0.0543048907499148,-0.2053599842671768,0.1564768837340868,0.2840045215760909,-0.086161272576863,0.1914054915033678,0.0313148826140134,0.0858208549286425,0.1264009859812989,-0.1027985651475352,-0.0070827016349013,-0.0843809199306528,0.1220353158108069,0.0993062622312195,-0.0858755563019756,0.0016797069847018,-0.145315759664552,0.1405811324422617,-0.0528251465351673,0.0163882976377505,0.0235586648721126,-0.1139741335494712,0.0202855111109754,-0.0018833031704211,0.0876156014021554,-0.2480901405533511,-0.1119329916329268,0.169932251645446,-0.0050198194940488,0.0168136830176834,0.2132959221120889,0.1420414881710379,-0.0988245137673163,-0.1906022558941447,-0.3018984366183797,-0.100744742077698,0.1199993561590926,0.0403844983922792,0.1211566198772946,0.3027093118440456,-0.05706627512749,time,1526,60,105.20713806152344,-0.0528251465351673,0.1790852424055703,0.0762995144333735,-0.5494444620264911,1.8626998905702257,0.7936058564990144,4.2575187046484615,1377,0.7302398203073113,7,0.0663013583031906,-0.0705415487156637,-0.1234880475466967,0.024390243902439,-1.0719730102982905,-0.3417331899909783,0.246319817464285,0.3476082384735129,108.46291599177096,100.3956402847601,156.540859745352,3.4882122714000903,-0.1393294963064999,-0.0338003917117761,0.0317570949032967,-0.2251056686174027,0.4931513148681219,0.022815146689044,0.0,0.0200250992681341,2022-07-15,37.0,6,-0.1287319862441541,-0.0714940402209303,True,False,False,0.8,0.0,0.0,0.0108973964072597,0.684842615849965
GPN,Falling Wedge,bullish,1,0.6044649789610913,3,42,1690,1691,2023-06-06,2023,0,97.44706058513763,96.11310490502512,116.15053732007743,92.50846615632172,0.8457486070902155,0.0138790197385743,True,-0.0052401409206223,-0.0244261521644665,0.0170524701427932,-0.0010893182020017,0.0043706789823294,-0.0156397751705565,-0.0356519541558946,-0.0152789701363365,-0.0395897226734706,0.0344116653205226,0.0469126133307871,-0.0463178216093361,0.0188176988622523,0.0114270121692861,-0.0384369753665411,-0.0119119278640862,0.0352741273006498,0.01935452541495,-0.0026031962391676,-0.0196167343785967,-0.0391595958913759,0.0677890084109906,-0.0047458313329821,-0.012178284364976,-0.0311206631213412,-0.0410183989933748,-0.0476507414910937,-0.1192134917062478,-0.0398966630276079,0.0283468629036944,-0.0035358015122657,0.0082485886496219,0.08616796068112,0.0650452113839281,0.021742503137154,0.0664218971354211,-0.030072480804458,0.1038461733549411,0.0405536301361906,-0.0263550566435437,-0.0648067322286888,0.0495481245989357,-0.1280341074744457,0.0590878699805994,-0.0119457489388039,-0.0130022643220298,0.0433283507513586,0.01332841137001,0.136505295550446,-0.0233056592857938,-0.0667658993638714,-0.0825329515979134,0.0834334406115846,-0.1228684596662417,0.0887218463282746,0.1081255823896234,0.0718906913197225,0.0825259388433061,0.0113761162876584,-0.0198875399233263,-0.1490227995772406,-0.0064004153921138,-0.0522925412059688,0.0603892062000919,-0.1064471225256948,0.096993350523167,-0.1752585051729881,0.1912793300293578,0.0370054055327546,0.2057845512397731,0.1542784605116716,-0.0317125043188422,-0.0485297133602489,0.1113716178038974,-0.1640077581069418,0.0487401130775893,-0.0798349035049394,0.1387432862554716,-0.1731544728834431,0.1183642444987953,-0.007679108957723,-0.0558855249032151,0.1583851791706532,-0.0516961337671439,0.0881630139822056,0.1424865206670851,0.0084211309654773,0.1177671938074729,0.0513688286080955,-0.0479116231697487,0.2374194475602835,0.1777436095685341,0.2557406246249982,0.2006970762626765,-0.0199506893971765,-0.201722668731806,-0.0020313760648744,-0.0070303326092023,-0.0040737662532404,0.1700563491427034,0.1005859898490202,-0.1562320985733966,-0.1772027715054998,0.1506094025320092,0.1489687068268179,0.1030734463045195,0.2499308807712223,0.0114715259883955,0.0848525224945586,0.1292723102380681,0.2058107690958754,-0.100762946211352,0.1825844757807475,-0.0426384259072165,0.2144620594364895,stop,1704,14,92.50846615632172,-0.0506797680623845,0.0191431637705574,0.0512314848617644,-1.0,0.3777279277796428,1.0108863323664148,3.7872064621885166,1648,0.7241984519337712,7,0.124569431861098,-0.0667158874781814,0.0165348436837247,0.0,-1.003714445441632,-0.2795159935078595,0.2493286920815546,0.1803762818496321,96.11310490502512,92.50846615632172,116.15053732007743,2.8016822025790376,-0.0679848513449283,-0.0293709828677417,0.0288420593763876,-0.0169457199577999,0.8333326911294926,-0.0034656187315759,1.0,0.0370451711684589,2023-06-06,49.0,6,0.0252805791475834,0.0315775642609061,False,False,False,0.2,0.0,0.0,-0.0237058620513854,-0.1942080415407822
GDDY,Falling Wedge,bullish,1,0.6856732255500394,3,43,693,694,2019-06-20,2019,0,72.37999725341797,72.13186831190092,84.31354651545831,68.19348927979823,1.0414889996214018,0.0034399350429152,True,-0.0366122409096836,-0.0276703437925026,-0.0289353304690893,-0.0714931303998279,0.0353567586887548,0.0044650830180952,0.0114637174446807,-0.0759822256038476,0.0437150107845547,-0.0104941674858874,0.0230295350554179,-0.0748961135216546,0.0034227819943366,0.0258917124034556,-0.0825355109886487,-0.0013547385877334,-0.1140630124861089,0.0422437806468085,-0.0742507607929567,0.377975502837909,0.1158167330574853,0.0120365358452014,-0.0446828489817308,-0.0092566757995238,-0.0239781382868706,0.0760783257567667,-0.26530608541691,0.025215416856128,-0.0132616565211819,-0.0956137219021088,-0.0124737128056315,0.0352503233279439,0.0278990516201578,-0.0240923038247646,0.0494829066962052,0.0406353390945648,-0.0278865891102392,-0.046439630078497,-0.031236689061621,-0.0023860289784102,-0.0248177797196094,-0.001386749040004,-0.0466039547193962,0.0101389355129666,0.0960210671644992,0.0022825009579332,0.0002763784639407,-0.0100591328769663,0.0235994718895007,0.0673854459757057,0.093427445957974,-0.075327768455117,0.0360153203692743,0.0006856863839286,0.38760333770237,-0.0544401015917254,-0.0004116204737373,0.0366573135143371,-0.1486783360370438,0.0378587672227417,0.0293696158277505,0.0446612763857132,-0.1895901361069103,0.0468946341771951,-0.1173955599645614,0.1342938330080358,0.0661734702626681,0.0215827387488969,-0.021741863275909,-0.1219950034737041,-0.1040435603669728,0.177170871278099,-0.0065651273358761,-0.0411277186041052,0.0286250114440917,0.1098124137839924,-0.0889712872939315,-0.1483909351482082,-0.0422043795062448,0.0740353623375038,-0.0434955922558232,0.085959881628528,0.011682657095102,-0.0053834511869037,-0.1020805346201287,0.083543259126634,0.0675816754110498,-0.2322686602874956,-0.0259229614917334,-0.0413352783954082,-0.1671909803754827,-0.1066687147538871,-0.0795799216000099,-0.1000812511141724,-0.2080363614993547,-0.0991357873987268,-0.0703933593512626,0.0322033712008471,-0.0120126652794149,0.293302982914998,0.2452071566363152,0.4272337332710274,-0.0113756696786965,0.0679350976913397,0.0161918030020762,0.0123738443744625,0.0341085185736818,0.1902141957412715,0.0013244831009415,0.2246750384853912,-0.115569645753678,-0.138333526465288,-0.1909695358487707,-0.0591323397157065,-0.1115704883000826,stop,697,4,68.19348927979823,-0.0578406760497913,0.0038685606426737,0.0587178800949637,-1.0,0.0668830467912156,1.0151658677781912,2.8504780922995243,650,0.4609338971214345,7,0.093141264006161,0.0298683768824528,-0.1893778013398236,0.0,-1.3796413152846567,-0.9187074181632218,0.967693740577948,0.1023155793219613,72.13186831190092,68.19348927979823,84.31354651545831,1.8164285932268416,0.0023667467297308,-0.045503956600903,0.0250231255663901,0.1709952310439426,0.2510454507728355,0.0174177799283423,1.0,0.0358154568980351,2019-06-20,25.0,14,0.425187109668711,0.2028055397530777,False,False,False,0.0,1.0,0.0769230769230769,-0.0857471401901226,-1.4210235885316342
GDDY,Falling Wedge,bullish,1,0.6269649389185243,3,24,816,817,2019-12-13,2019,1,67.52999877929688,66.91500200544081,73.10755474306018,64.47041288537172,0.9598915562944904,0.0091907159145876,True,0.0207315496991851,0.0110614385857321,-0.0270166536693432,-0.0756372159297318,-0.057297268429318,0.0510964255876382,0.0098962150652255,-0.072013534257242,0.0175000429153442,-0.0473372781065088,-0.0563088126118638,0.0031177543242462,-0.0043252407568072,-0.0527622919094667,-0.0130290535826373,-0.0089848629754577,0.0148789188364724,0.1883332994249131,0.0032080520533108,-0.0514450536935201,0.0916185584809654,0.033293976345093,0.0233922508436195,0.0001481139702543,-0.0106238068556356,-0.0028719125931719,0.0072627768289859,0.0277302337251985,-0.0924802744311551,0.0351025886378562,-0.0566725563264629,-0.0244339471398159,-0.0346819942532575,0.000572586819036,0.1713099730811729,0.0876368751242124,0.0457572393327894,-0.0438765601472833,0.1280506825621425,-0.1954155798812559,0.033752967043388,0.0061235232648282,0.0108360702295122,0.0980421357145071,-0.0580761015583767,-0.0070353223313881,0.0750777400632585,0.0442526505998313,0.0383985495678758,-0.0127334680530979,-0.1657928818986107,0.0212680081923122,0.0731808547142307,-0.0276073566570839,0.0267097110526348,0.0678414046152797,0.0945964822984744,0.0274703902801451,-0.0646415491804843,-0.1140361004565135,0.0467262195003024,0.067239353395222,-0.0488711865430482,-0.0143151998613052,-0.0073294211717329,0.0516729625596332,0.0026613050891506,-0.085325432952339,0.0762221078387062,0.049903788057156,-0.0123069634157577,0.0893200872098762,-0.0304919361984523,0.0640069740447843,0.1344968924596672,0.2046974222141806,0.1107969613182178,0.0133277676071346,0.2621265603381271,0.0456043895006959,0.0468633560172706,0.0674493052365334,0.1158257621214198,0.1305307268525148,-0.0406808959497841,-0.1825985895709536,0.0089885290876139,0.0835322367722257,-0.0436024873362493,0.2040176548900731,0.0627980190723334,-0.0174466487272054,-0.2330815659454009,-0.0141412333552093,0.0557363744480723,0.2221952978556733,0.1403549161087658,0.1515151484691204,-0.1411708148443202,0.2303201703872575,-0.1048670406716011,0.0059266501609485,0.0922144600487493,0.2342425676910744,-0.1718354044081289,0.204058098438487,-0.0765936850496825,0.1650379895794329,0.0840108306714062,0.2470336978209923,0.0819221368944318,0.2219951057357794,-0.2706282625031081,0.0272727903255758,-0.3030186173033473,target,837,21,73.10755474306018,0.0825937518819155,0.091663002418178,0.0120687465739464,1.82297740842563,2.023150405320068,0.2663767155628629,1.82297740842563,791,0.537173374481072,6,0.1790569586417856,0.186900702554043,-0.2993975323151092,0.0,-0.9613199233111528,-0.4241465488300863,0.7064633323500166,0.0808559373980481,66.91500200544081,64.47041288537172,73.10755474306018,1.313213348388672,-0.0437915033222792,0.0215676104923387,0.0195273360355192,-0.0561403508771929,0.2635644243621438,-0.0026623325477121,1.0,0.0251010530823498,2019-12-13,25.0,14,-0.0118732226636978,0.0124982186956696,False,False,False,0.4615384615384615,1.0,0.0769230769230769,-0.0312086994156426,-0.4102583423627113
GDDY,Falling Wedge,bullish,1,0.7359636741720015,3,26,1092,1093,2021-01-20,2021,0,83.37000274658203,81.7486633300781,93.63933105468756,79.23823256914474,0.9110804536564556,0.0198332223483266,True,-0.065731116425545,-0.0395145763512743,-0.0756372159297318,-0.0512898870521224,0.0101451487715782,0.046088224912512,-0.027571603443017,-0.0304475165191601,0.0066357002007335,0.1310665922485185,0.0135899103925967,0.0051951012474842,-0.0078696638490698,0.016654179434671,-0.0330150845509659,-0.0192183571300287,0.0238213176835453,0.0248939492531934,-0.0674137963259868,0.0382522739086561,0.00234397297363,-0.1269994587396571,-0.059692305799914,0.0092358956183191,0.0161021995709791,0.0380062685577298,-0.0035401868058287,0.0446821914919168,0.0258744301816,-0.0472237485985572,0.0101389355129666,-0.0556804529888639,-0.0068894034909089,-0.0070175633870227,0.0331219134958917,0.0687483308822911,0.0248307308751425,-0.0397143345159755,0.0361985779848641,0.1023361705419887,-0.0428489744534049,0.0380062685577298,-0.026380751914289,0.0192126939317713,-0.0091475773994585,-0.0008997803046599,-0.0130742944869322,-0.0292777097384182,0.0501124159331318,-0.128018638418923,0.0376288431232263,0.1319183150558573,0.0207504069654742,-0.0394502420727519,0.0107225890002631,0.0815103419021632,-0.0452288639103846,-0.0394502420727519,0.0800076917563141,-0.1542412963371795,0.0068791340175156,0.1319183150558573,0.0410870470666511,0.0541884248068922,0.0629623722425074,-0.0562618815898197,0.0786392838506315,-0.0552969002365645,-0.0265931502938377,-0.1204270191287592,-0.138607069565145,0.0589364460761476,-0.0041348278689501,0.0737237994550723,-0.0612696780646102,0.0737938230052595,-0.1867107072223146,-0.1376944535337332,0.1143953431732109,0.0767990391884898,0.083093814140017,-0.0418355031974777,0.0564503783917391,-0.273644630790041,-0.0706667073567708,0.204447066642786,-0.2414998144892638,-0.0983179964727219,-0.1117959903169204,0.0129285851826788,0.0745810664911947,-0.1005059717504488,0.0387429005772881,-0.0500414234918069,0.0915857913359168,0.1720789552709305,-0.10050247967022,-0.0477260793162512,0.1902141957412715,-0.015432098765432,-0.1625744135612489,0.0750967702557963,0.0151561347360908,-0.0567961979675695,-0.0636588557323015,0.0264950737648281,0.26313756395907,0.1827821754410847,-0.0511258358986962,0.4439175938572108,-0.255290358164785,0.2047473599742948,-0.1530598737432478,0.1163821476483091,-0.0050284778809644,stop,1097,5,79.23823256914474,-0.0495594343447072,0.0182319370635827,0.0710088233574221,-1.0,0.3678802493339977,1.43280132827032,2.4854548697272936,1066,0.6221226271556581,5,0.0275405130894688,0.2037617980845631,-0.1161719999297098,0.0,-0.8789517103442429,-0.256829083188585,0.2982847310747554,0.1293401177569021,81.7486633300781,79.23823256914474,93.63933105468756,2.1289269583565846,0.0915085014691907,0.0255985652526151,0.0256775643990174,0.1890147665375843,0.6945467862215909,0.0115656340433607,1.0,0.0398453142611587,2021-01-20,37.0,14,0.3902825442776063,0.3256970631770695,False,False,False,0.0,1.0,0.0769230769230769,-0.0218901297825637,0.0721041268489793
GDDY,Falling Wedge,bullish,1,0.6177919180283147,3,26,1287,1288,2021-10-27,2021,1,69.43000030517578,70.06579268606089,72.80262957121195,68.25288879484556,1.2036826674456091,-0.0090742194801657,True,-0.0319746681685904,-0.0523059257342977,0.0371981520893425,0.0096914131815744,0.0377548177967117,-0.0292320557426295,-0.0168635862997911,-0.0188247930364756,0.0027147238180864,-0.002908145621489,-0.027187225792524,-0.0140142559138228,0.0337376001072136,0.0147261712639357,-0.0115876761502978,0.0379113407381155,-0.0172358445417715,-0.0168201005655654,0.0008604267274539,-0.0622182894965827,-0.1028977471792274,0.0243797055270491,-0.0259338997140556,0.0241970372719491,0.0062810274351037,0.0327219205396835,0.0077887305332096,-0.0998921892756937,-0.0091095770273039,0.0369226621381992,0.0273929733300895,0.0561257210670875,0.0115282107165135,0.0626229458167904,-0.0595897741510244,0.1487522945066968,0.0782522295480083,0.0526315299408619,-0.023829988626589,-0.0053966744610968,-0.0459218558480754,-0.0808498168389605,0.0541861538430259,-0.0210378875361296,0.0482408257039388,0.0106201155759875,-0.0239090257066529,-0.054603166701947,-0.0695891225812344,0.0798138194292035,0.0136246613862487,-0.048542397709216,-0.0096229539525358,-0.0746662298930124,0.1220367113239064,0.0585732112933212,0.0609999520438058,0.0628939713139149,0.0766294684684505,0.1112983665614821,0.1813958091925298,-0.0761077890877208,0.1556273256403946,0.0642677482962268,-0.0720987202208719,-0.0099417999690865,-0.0633177804141077,-0.0422313394185078,-0.0499611712918125,0.0946276777465957,0.0577564252747995,-0.1266429337904563,-0.1867107072223146,0.0990551325279895,0.0366229062489902,0.0349871310029656,-0.0548070672688179,0.1469769195497017,0.1041082412356624,0.025345518660635,0.0243616624153002,0.3571805279246809,0.0983120747785077,0.0370583958380799,0.025293591561122,0.0984021722954122,0.1159654187350411,0.151358633301802,-0.0296339385746344,-0.0559560405184706,0.024443767219042,0.0483416074505837,0.0570358500225651,0.0879379580844835,-0.0420608270725698,0.07421875,0.2758621373842169,-0.0478409477071057,0.1675267311790627,-0.046719949058859,-0.0795799216000099,-0.1804494010328625,0.0068854075648943,-0.2050306636131614,0.0988260667847975,0.0670375536415526,0.0340136046575867,-0.0874508917850723,-0.2484524987540538,-0.0044797337032487,0.067449099462826,-0.1859449312782125,-0.0123441447049571,0.0066577897491209,0.0741296885168679,stop,1291,4,68.25288879484556,-0.0169539320921258,0.0112343191108804,0.0322626797338865,-1.0,0.6626379679849177,1.9029614816536236,2.86517397581987,1260,0.4233996179477103,7,0.1715971587179552,0.007826996983528,-0.1349695116390761,0.0,-0.7543341298880231,-0.3309345119403171,1.1801553047006512,0.0472897621502594,70.06579268606089,68.25288879484556,72.80262957121195,1.3414295741489954,-0.127753558418415,-0.031985705196454,0.0193708241754367,-0.2121729374531137,0.0250921540531376,0.0019911732969664,1.0,0.0448613516159099,2021-10-27,37.0,14,0.0987012490912611,0.080284087513851,False,False,True,0.0769230769230769,1.0,0.0769230769230769,-0.0400956282293779,-0.2664791233649082
GDDY,Falling Wedge,bullish,1,0.6239528834706817,8,71,1456,1457,2022-06-30,2022,3,69.93000030517578,70.75656032562256,96.20562553405762,63.4619527179463,0.5592131689383825,-0.0116817439491537,True,0.0439010393454408,0.0117413672013706,0.0766896210487579,0.0013842535586681,0.1360869476760642,0.0871600489124797,0.0307190722523471,-0.0723068646562645,0.0620375737917049,-0.0172572484077193,0.0153399751380429,0.0005551057019506,-0.0750507265760366,0.0285062698917748,0.0421280684022773,-0.0301771688057401,0.0030761450750302,0.0428489750043985,-0.0188247930364756,0.0187815286802177,0.0550007335761246,0.038281446903797,0.0226520911388708,0.0125839732529335,-0.0101745861812716,0.003036347946318,0.0233392807503745,0.0664711165152447,-0.0173333062065972,0.0301285483503681,-0.0715748278697679,0.2173611323038737,-0.0683657836166351,0.0331553071539556,-0.0309255962012363,-0.0132793472846027,0.0430711455306964,0.0148558227035426,0.0304164526440697,0.0395074261144059,-0.0105953171708168,-0.0803792369886545,0.0125786585245444,-0.1610282158534941,-0.0121075521257343,0.0101673704919408,0.0607750605098373,-0.0333134584093388,0.0689021574854888,-0.0515618262915553,-0.0177645578032963,-0.0140584761362023,0.1273885322805452,0.0206905239432615,0.1254019484661215,0.0684895661391777,0.0683593392194086,0.031888827303377,-0.0057014096475122,0.0455602954973521,0.149478195301395,-0.0156682092458062,-0.1477355813408184,0.0726013818442525,-0.0647661926451609,0.012119731448225,0.0358749563360334,-0.0434376133332619,0.0374719810687861,0.1115401546935286,0.0351909780255752,0.0181224186903394,0.1577476793676917,-0.2885011641141544,-0.1097402201070414,0.1005575291578984,-0.0235861095099637,-0.006997900928704,-0.3248787518458852,-0.1235672529202759,0.0513369987447993,0.0969679484675414,0.0631265738468447,-0.3774980039618828,0.0796852585584286,0.0679496459962762,-0.1266429337904563,-0.0317547190302544,-0.0824948360936912,-0.0603605521261441,-0.0369238776131233,0.1594127681541164,-0.0042900479114628,0.024267224458184,-0.0262871200396205,0.0097166158640957,0.1788748801296031,0.0591697836821933,0.4096178618295567,-0.1265038991678287,0.194754238061076,-0.0306956205508194,-0.0989370040300291,0.0690195918862337,0.112711399906185,-0.0307042296503631,-0.1187680673238562,-0.0165563433126415,0.1791575216363548,0.0540693504928653,0.3695429818139639,-0.1004713681410458,0.1533416545039934,0.0510711115964195,-0.0688962148707796,time,1516,60,69.62999725341797,-0.0042900479114628,0.1949091547824455,0.0296010251078321,-0.0463823198131904,2.107281535826832,0.3200347039671181,4.062373517591378,1382,0.6367405346985784,5,0.0467752815217314,0.0554176536025645,0.0379328297279784,0.0298507462686567,-1.0216349569591543,-0.3848944222605757,0.4598999343253337,0.3024543017656669,70.75656032562256,63.4619527179463,96.20562553405762,2.434141431535993,-0.0755071507469592,-0.0589903605922085,0.034993408812092,-0.1702255035281967,0.7428545270647321,-0.0113845945720878,0.0,-0.074978255765873,2022-06-30,28.0,22,-0.4091614299080914,-0.3056137575658811,True,False,False,1.0,1.0,0.0476190476190476,-0.0114362337773085,-0.1957609103213234
GDDY,Falling Wedge,bullish,1,0.6754638180924677,3,14,2095,2096,2025-01-16,2025,2,203.69000244140625,194.8650054931641,209.9499969482422,188.54705065350208,1.2958747205406451,0.0452877463858012,True,0.0177230132411139,-0.0007204763343189,0.0496486860422908,-0.0477857451609726,0.0187259472691621,0.0082667032877603,0.041724106361126,0.0193846482496995,-0.0162209652468617,0.0095351061717978,0.004959504565339,0.0317556655596762,0.0340154777759638,0.0054919418668077,-0.0108550677857671,-0.014216662667941,0.0268378428665161,0.0268378428665161,0.0748519359662742,-0.0196546603944899,-0.018541864434649,0.0023809160505021,0.0063659452806763,0.0439883712881568,0.0358470156154919,0.0301013136499341,0.0398122472552946,0.0254091537746949,0.1195779693446799,0.0211920327698158,-0.0163764244378602,-0.0049045961639437,0.0665104245438186,-0.0906941226748077,0.0796757341519622,0.0437237163921733,0.0357065989993496,-0.081201573220163,0.0772417465503865,0.0437966556371189,-0.028009719515479,-0.0410541436421663,0.0002694541087897,-0.0319739965914249,0.036484236696797,0.0277240359067082,-0.1055525540885823,-0.1268939315490859,0.1380643207025649,0.0333731226084119,-0.071663209814934,-0.0053712822210132,-0.0040280348529304,-0.1282583543061225,-0.0218742978647006,-0.0032867416434251,0.0960553256162581,-0.1545215255338965,0.0253462054819195,0.1348993344902447,0.0072876268716972,0.0783963590967273,0.2497300839305418,0.1720124399710476,0.0394992528180744,0.093736433483756,0.1339899105748854,0.0705774948242843,-0.1497507773002518,-0.1157150917654828,-0.0657786810300875,-0.1548829779020324,0.0260559733075811,0.1673441162824542,-0.0417948991824419,-0.1046478502489288,-0.0569199545245988,0.0348661766469307,-0.0630884455615887,-0.0837226194393304,0.1343780656028794,-0.1173745711269823,-0.052149685155867,0.0361256816898829,-0.177744004260891,0.683905481224989,-0.2780465351487031,-0.1486055798803982,0.03260766889173,-0.0180925786860193,0.1110579627783112,-0.1121786630308317,-0.1572978946482096,-0.0631237163989133,0.035765034135748,0.1349945302130391,0.0708812983271509,-0.1381134506151633,-0.1657424506559219,0.0268991959254569,0.1612193970217967,0.2246750384853912,0.1164072875593462,0.0558163636184543,-0.0144698569152255,0.0490728632138863,0.2087756880382836,0.0293702998041831,0.0287526619974389,-0.0423561144722186,0.2217216161058171,-0.0621237158073491,0.1005697126689395,-0.1624653798018513,-0.2012803955905697,target,2102,7,209.9499969482422,0.0307329492454431,0.0572438682426913,0.0183121198037789,0.4133932798911949,0.7699954292546242,0.2463189330443814,0.4133932798911949,2079,0.3459508565114302,5,0.0241194111504602,0.0642454251499096,0.0179638924263989,0.0,-1.3910872385323898,-1.0451363820209554,1.684113685785113,0.0490212553138254,194.8650054931641,188.54705065350208,209.9499969482422,4.640000479561942,0.2693515648686013,0.0241586520551098,0.0231018189622087,0.392181327756812,0.3272258105749195,0.0021589995407116,1.0,-0.021685822118629,2025-01-16,16.0,8,0.2023706913477654,0.1204451768161138,False,False,False,0.1428571428571428,1.0,0.1428571428571428,0.0018367842380142,-0.6915337491358473
GDDY,Falling Wedge,bullish,1,0.6220390580356431,13,64,2163,2164,2025-04-25,2025,7,184.19000244140625,172.87513856630062,225.9518911000846,150.64980908619077,1.1525712048711934,0.0654510762446398,True,-0.042999066528949,-0.0708740161475265,0.0685466053387666,0.0446337157866905,-0.0130698675101075,-0.0174712257823724,0.0828260697959364,0.0248939492531934,0.0431706043238637,0.0064620070958825,-0.011065709144826,-0.0259014115025011,-0.0144609729106565,-0.0538081525640873,0.0431706043238637,0.0002875829954434,-0.0185185614541552,-0.0183241690979759,-0.0237176060800935,-0.0231307916218908,0.0049940706337574,-0.0209481352564679,-0.0469274968600621,-0.0086323704697081,-0.0321185445979635,0.0504067537349148,0.0375188662697119,-0.0137710981509728,-0.0390476564160821,0.041514342725633,0.0828025632467732,-0.0026378107066341,-0.0861400356356808,0.0753316037790261,0.0091628282330746,0.0716914313019516,0.1719907835044811,0.0828104298624672,0.0032885427888478,-0.0375869775082751,0.0042204084508998,0.0752213025422023,0.0541861538430259,0.0253884322687643,-0.0615150476425044,-0.0358741612942893,-0.0073294211717329,-0.0576024143280089,0.0541118817033106,0.0623462479098342,0.0364032982533102,0.0580480279546302,0.0352812193236504,-0.0375000346790662,0.0042857215518044,-0.0007212979106513,0.0800379733913487,0.0281690860844658,-0.1770303578516034,0.0807291598463753,-0.0075757705495946,0.1120809764768466,-0.0479519548157082,-0.0144143777566628,0.0282637851356308,-0.13748527800268,0.2622673570955751,0.0909335972609639,-0.0328433841928219,-0.0255171121447665,-0.1292255628202634,-0.1014731969969048,0.013636949502761,0.0360232710051529,-0.0757838068781672,0.2596285416457402,0.1059528526201645,0.1067430975280416,0.0183776911761976,0.1736064973424693,-0.0817870739501805,0.0075955301854098,-0.0173418069187598,-0.1802096292157934,-0.0682435856437223,0.0618745906425641,0.0243616624153002,-0.0678337469817356,-0.1475362363068953,0.0113378688730207,0.1586238447021026,-0.0373947778821048,-0.092621734798124,-0.2462243598282637,0.0144720468225789,0.0687499464912859,-0.0661333211263021,-0.0004763072423349,0.0287526619974389,-0.1056128076181405,-0.002435619131286,0.1597252704432485,-0.0965754424081511,-0.0689756556575167,0.1720601425086712,0.1387947826434283,0.1308895676741297,-0.2121518774877621,0.3144250587234278,-0.0703412083652748,-0.0117981440519535,0.3301224689094388,0.0369498766954312,-0.0802759215600296,-0.1266300107111405,time,2223,60,167.1300048828125,-0.092621734798124,0.0508170936874227,0.0997882873076103,-0.5086433872910554,0.2790681768355425,0.5479993716242074,1.2451296334636186,2092,0.3754546092346716,5,0.0735898066365437,0.1768033551146781,0.2156229922799539,0.0169491525423728,-1.267603057445657,-0.8921484482109919,1.4137405100640947,0.1961148804745904,172.87513856630062,150.64980908619077,225.9518911000846,7.135640825544082,0.042205600321423,0.0379490582531634,0.0389075303326979,0.1206843919132238,0.8830523122570565,0.0049329309316088,0.0,-0.0289908411085407,2025-04-25,16.0,8,0.092475580877847,0.0666554049734255,False,False,False,0.2857142857142857,1.0,0.1428571428571428,-0.0256397345049207,-0.718824711707763
GDDY,Falling Wedge,bullish,1,0.7794004954678211,3,29,2296,2297,2025-11-04,2025,2,135.22999572753906,129.2027800588903,147.59933725993005,124.5794883797173,2.0305189087707296,0.0466492722981777,True,-0.0263255022633175,-0.0382072424971573,0.0735190694675056,-0.0163273581712667,-0.1028977471792274,0.0137226633781935,-0.0311727688770594,-0.0075202349606334,0.0315894670296408,0.0134227598803584,0.0046709209179045,0.0092604320524667,0.0094655823971299,0.024194890268798,0.0196771275085356,0.1012442860453284,0.0393829173266173,-0.0043847585654271,-0.0018401601771688,0.0385545461541458,-0.0237670821596471,0.1081470809211573,-0.0412725839261851,-0.0735783277571745,-0.0515035706063203,-0.1050681921847268,-0.0469990331214211,0.0302135083002319,0.0918268979045233,0.0749184115551038,-0.0165315241404526,0.0783764016602748,0.1928035318943077,-0.0569895920869817,0.003460696735466,0.0123927661846898,-0.0103927856862181,-0.0259812970027745,0.0123983506024536,0.0599689750462832,0.0837141805646646,0.0388155686936377,0.0390224073037805,0.0182405235691647,0.0311577869120005,-0.0988457068923749,-0.0380832216164568,-0.0512836156333054,-0.0979532253431972,0.0300949855724934,0.049180350483132,0.0269089092383412,-0.074271188681646,0.0364032982533102,0.1897895061600707,0.1238719939048293,0.0319061173042136,0.1563732163532916,0.0538075827065667,-0.0471887816494678,0.1219999614514801,0.0463086838690227,0.0065115515988012,-0.0236594679506472,0.0836474677212097,-0.0123392255435981,0.0663133042004076,-0.0015404343448059,-0.0763914518816472,-0.1235672529202759,-0.138691606843717,-0.018637772104398,-0.1518665369497007,-0.2119140746872292,-0.1097402201070414,-0.0428571824903611,-0.0832091396026279,0.1216805254732569,0.092500393556685,0.2801056759366078,0.0659838063278464,0.1134948940851936,0.0380285987410686,-0.1664538833478236,0.0910633813665851,-0.2425913376773032,-0.0602765202380731,-0.1792378581263644,0.0246002450790407,-0.117237964568459,-0.0272702675002561,-0.0943754910786082,-0.2593358956846274,-0.2926476973460599,0.0032641129929151,0.1549558960665711,-0.13696136347141,0.0850767972545245,0.2406334371999736,0.0313414341579467,0.1793825297442235,-0.0802716478729864,0.0145110602634561,0.1783577056092347,-0.041163558082589,0.0220911178790701,0.0051858343394859,-0.0312055361563442,-0.0293330891745652,0.0867765330450662,0.1496449945951508,0.1100256712444993,-0.198476108894531,-0.0304205801871906,-0.2950066577122525,stop,2306,10,124.5794883797173,-0.0787584684190951,0.0035791525871055,0.085202957246616,-1.0,0.0454446697472575,1.0818259795661338,1.1613851930650767,2265,0.6537629332232853,6,0.0825035247870648,0.0528452245240389,-0.1326141791445285,0.0,-1.24050273282541,-0.5867397996021313,0.476861400842922,0.0968581748081733,129.2027800588903,124.5794883797173,147.59933725993005,3.9352852957589306,-0.1946409924420925,-0.0245810775016352,0.0291114477657755,-0.2594499964515414,0.7331721863778248,-0.0062213862398093,1.0,0.0091464171727162,2025-11-04,16.0,8,-0.1703787195559987,-0.1486013982692061,True,False,False,0.5714285714285714,1.0,0.1428571428571428,0.063420671929277,1.1279791516923272
HAL,Falling Wedge,bullish,1,0.729526398860405,3,56,690,691,2019-06-17,2019,2,19.178986558910765,18.698130460018632,31.70836689492296,17.89448979429271,1.892767674627386,0.0257168009347419,True,0.0185520335553037,0.0059291644997534,0.0525153851319122,0.0123810871816092,0.0251200306610084,-0.082795356693947,0.0023565984378401,0.0353770734021732,-0.0246750985025315,0.1017022804247587,0.0045754943590741,0.0468264156873308,-0.0399254727757329,-0.0153340898752163,-0.0035807076357237,0.0919233387505922,-0.0084985767669212,0.0001698204838935,0.0017203118094946,-0.0073643016041453,0.0908772642411801,0.0607499334201291,0.0013459620484648,0.0384615092578728,0.0188728131454012,0.0043521585663757,0.0296510803042469,-0.0309934883150664,-0.1809091071400572,0.0358506041240545,-0.0973227033132173,-0.0160362258952786,-0.0386995806583642,-0.0463857463640482,-0.0376979635979142,-0.0085699172268606,0.0928327082450894,0.0763850424020204,-0.0528410054484991,0.0764559392813626,0.0174674414218762,-0.0638032565492089,0.0937790569213579,0.0961415102379656,0.0492957171370134,0.0385138960512304,0.0352941288324342,0.001497182983382,-0.1555163143372593,0.0158633338061138,0.025599324314983,0.0814991237786,0.3171141430043209,-0.0342597182504142,-0.0443451781413732,-0.0743128346249206,-0.0419294709702628,0.0605001519391796,-0.0428733324222216,-0.0825793433664239,-0.0743128346249206,-0.1362508490129869,-0.069943944714169,-0.0822052532574211,0.0343675914071812,-0.110246416717829,0.0881647891444037,-0.0184752933414157,0.052501245151776,-0.1185519101873422,-0.1274157363295747,0.0263628947193865,-0.0831113100842991,-0.0678132082687831,0.6330648429054886,0.0252190796676616,-0.0050984345963691,0.3265914502627882,0.1123407322267817,0.2155797282462372,0.0869100004579273,-0.0390992016713998,0.0906065527978698,-0.0174418872183143,0.0550312416800149,-0.0802960265183192,-0.1802597238850901,-0.0115757403367441,0.5890958047400938,-0.0980631358475276,-0.2242715734495215,-0.1862405144787363,-0.0840087769105449,-0.119426249073515,-0.0499542644564564,0.072768964264188,-0.004780420227532,0.2930063786590731,0.1533573274931727,0.4162114225861408,0.2595226013761949,-0.1315561085596669,-0.0490287786450289,-0.1868014490387211,0.1405437923169368,-0.3720110522580628,-0.0038901332121726,0.3301969122831614,-0.2211667006166224,0.1408973983733856,-0.0624848305846936,-0.2409791059639223,-0.0913398320092722,-0.0516959030709349,-0.1010495878460033,stop,724,34,17.89448979429271,-0.0669741730446786,0.089592597309811,0.0968327621587327,-1.0,1.3377186046036529,1.4458224380633324,9.754310544906517,632,0.877323474310018,7,0.0944763332899443,0.0469972261962701,0.3637502232294545,0.0357142857142857,-1.6969337314260349,-0.8196102571160183,0.1194763230463828,0.3098355450481887,18.698130460018632,17.89448979429271,31.70836689492296,0.6819360961601316,-0.2882622669277038,-0.1564946265209768,0.035766811347193,-0.2549615312003591,0.7358482757379717,-0.0060805206395491,1.0,0.0123489987113685,2019-06-17,14.0,15,-0.0272700859863257,-0.0918461316727493,False,False,False,0.4285714285714285,3.0,0.2142857142857142,-0.0716704190992028,-0.459556079881586
HAL,Falling Wedge,bullish,1,0.6477922376724965,5,44,1251,1252,2021-09-07,2021,2,18.249224497922324,18.16857806062976,21.434884543747017,16.003694794578095,0.959462801138204,0.0044387864049375,True,-0.0024855547509954,0.01241824672826,-0.0053476326409332,-0.2343151354059582,-0.0282729245996409,-0.0346030838233619,-0.1754840241376416,-0.0233113772457737,0.0284630351363448,0.0727858417750324,-0.0052182370208563,0.0201968662348439,-0.0283778394000711,0.0374330083972593,0.0523848600889649,-0.0059024305364346,0.0147272578789676,0.0740742042307984,0.0906514485992915,0.0547032899236625,0.0713201572877182,0.0357072301490291,-0.0030662804955574,-0.0318098038975347,0.0033889544253555,0.0680120415019227,0.1722652940104214,0.1816804429383005,-0.042830965911682,-0.059363263800817,-0.0110548187825842,-0.0874837189153404,-0.0865133570291988,0.2496194353080134,0.009202230816806,0.0700742365491922,-0.0396509380867379,-0.0220678318866893,0.1253196038076018,-0.0426908383996146,-0.5527013977614692,0.01477840336551,-0.1339976255785042,0.0463493916687034,0.0520472172364223,-0.0273594809500475,0.1635184166062326,0.1998964103217047,-0.2347213080934171,-0.1594294510084895,-0.0200676377065476,-0.0334199317985162,0.0142854294572358,-0.1513130463144869,-0.109901348946355,-0.1375186449680027,0.4177499731560479,0.2242152526953373,0.0192844748408684,0.1860014758452497,-0.0258408095113569,0.012334450083969,0.0265895518246073,0.0385367074554077,0.0412845255658433,-0.0600002452227032,0.1174999269163774,0.1711679465068694,0.1466815520673357,0.2614307017506514,0.233730460706119,-0.0683429657050015,0.1985879137765844,-0.0631319601825786,0.332965317084279,-0.1555704071821153,0.1532822627398384,0.0992647709816296,0.2111046411715571,-0.0321679344504676,-0.1255285193623042,-0.0359739093113367,-0.1287366172758522,-0.1736601639299418,0.1501558355583445,-0.0686512835151195,0.1968956024085932,0.1985879137765844,0.3014992174445468,0.2259937027392755,-0.02054783805327,0.2016294228149891,0.0511924430728174,0.0488565530740128,-0.1049842058852387,0.060892908047121,0.0800830094106983,0.3194446221048108,0.0550492145440024,-0.0084797692320562,-0.1719414772165558,0.3076192915384148,0.1011618906550813,-0.2063491681747579,0.16464152631148,0.0300607409901978,0.0629412343152768,0.4470563872199848,-0.0303886237612978,-0.0950901506620837,-0.2403905981818778,-0.094991769819116,0.1988459650548804,0.3091111169857832,-0.0080221641394199,target,1271,20,21.434884543747017,0.174564132639575,0.1824051421066174,0.0511931328068931,1.4186675157671464,1.4823907173980515,0.4160421356055125,1.4186675157671464,1205,0.3800308064987184,7,0.1628860330388385,0.1377768141171536,-0.193916791223462,0.0,-0.8325191060279589,-0.4524882995292427,1.4519543307637832,0.1697348836965031,18.16857806062976,16.003694794578095,21.434884543747017,0.6455491371479815,-0.0431409296969781,-0.0318725907357673,0.035747177198886,-0.1480774977331964,0.0799980163574184,-0.0104114203867956,1.0,0.0211022116637393,2021-09-07,2.0,16,0.0111247433674375,0.0683246506092603,False,False,False,0.0666666666666666,2.0,0.1333333333333333,0.0156982735817312,0.7232735200060401
HAL,Falling Wedge,bullish,1,0.720011469058186,3,23,1464,1465,2022-07-13,2022,0,24.842825722291607,25.821859610604637,40.11486734805305,23.65487302843013,0.6588240483973768,-0.0379149256899744,True,0.077319493768095,0.0206831466930952,0.0149789407352025,-0.0128466092911337,0.0306550930927318,0.0302886508028232,0.0907609963893012,0.0382341223384112,0.0339573912558806,-0.0411708958191526,-0.0655220802125884,-0.0196342484384778,0.042818071980742,-0.0324342072091813,-0.0310461649914111,-0.0559507366230583,-0.0926076227294496,-0.0248190779240226,-0.0559507366230583,0.0055643364075945,-0.0184772449074855,-0.0289695947263374,0.0869280745927284,0.0636965542605316,-0.0097222496131972,-0.0751163613092533,-0.0459043818384309,-0.0756004158800484,0.0283521058795483,0.0455730275077581,-0.0076411489533713,0.0563225233642896,0.0755418998867705,0.098207931958715,0.0468599154294882,0.0267351069380756,0.0186519013248924,-0.0199726040114941,0.1056179110983537,-0.1114433536189172,-0.0383560391726557,-0.0923122058433321,0.0118400447884554,-0.0397696956234342,0.0800885599710006,0.0593128181657111,0.0460234935548855,-0.0781167482499365,0.0344739089807333,0.0943553445923557,-0.0859896602277039,0.171670184166679,-0.0118653665488687,0.1192419357647407,0.1571430538626959,0.3236714425005009,0.0309198862444568,-0.0084034693933787,-0.0973243463405058,-0.053196294986568,0.2520566419554726,-0.0094270601191096,0.0721832565360567,0.1244238169588043,0.0034493452165536,-0.0184752933414157,-0.073919378439174,-0.0024761965887313,-0.0051020939847941,0.050223252420072,-0.0214289634478714,-0.1213981392540961,0.0751737670564112,0.2427472122193754,-0.1797996718003605,0.0432579224758502,-0.4313023480153352,-0.0652127748460811,0.1990103495989885,0.1380416606526198,-0.0698025405220527,0.2722643383617913,0.0383944768225377,-0.1064271507600661,0.0270732312046579,-0.0644052162341844,-0.1505465884440786,0.0163435332931991,0.1523212256315684,0.0034420328686652,-0.0202737211541323,0.0502781724623081,0.1019763110027822,0.0989704426123661,-0.0237331441353854,0.0710638810745984,-0.1807306005021449,-0.1383460003526184,-0.169560885233561,-0.1882633700099164,-0.5651190424117586,-0.2313818396790132,0.171458524528437,-0.0943972187178691,0.0432005110222504,0.0187491674962774,0.026801612576216,-0.0555624059092652,-0.1384277732681704,-0.1717444608026075,-0.2557958909668263,0.1025989983387287,-0.0864408456084667,0.2684614488342087,0.1818347776891266,stop,1515,51,23.65487302843013,-0.0478187428089357,0.1907218874510376,0.1094728250469332,-1.0,3.9884337447574634,2.289328799051495,12.85576581010075,1441,0.6862664641975464,5,0.0395885640146834,0.2564147917486352,-0.0833222776860134,0.0,-1.2090017165838365,-0.5227352523862985,0.2670956002608838,0.2615545751425302,25.821859610604637,23.65487302843013,40.11486734805305,1.5092292931593891,-0.0764848996936931,-0.2035463974786642,0.0583038965764299,0.1019068201025807,0.2148140194323452,-0.017132862595736,0.0,0.0145769940212623,2022-07-13,19.0,12,0.1575024607666486,0.018099476354312,False,False,True,0.0,4.0,0.3636363636363636,-0.0536613369869906,-0.8688278964415556
HAL,Falling Wedge,bullish,1,0.6640102320678519,3,29,1623,1624,2023-03-01,2023,0,34.57269441483554,34.413661850148685,39.90631027025387,32.287769946955365,0.7034737503027465,0.0046212043745692,True,-0.0053534452205135,-0.0212442775085872,0.0032282089391946,0.0161572537852794,0.0488286661248986,0.0104055278237666,0.0121130048685338,0.0319925240276539,0.062854166749976,-0.1226464728344525,0.0691817981658244,-0.0455306631593311,-0.0717316438098989,-0.0173870179221926,0.0308046374137116,-0.0694279170761936,-0.0877190510934746,-0.0769831299344314,-0.0842070157761094,-0.0134906518100386,0.0009524892559475,-0.0352370459738398,0.0115386713912452,-0.1860279559449872,-0.1773697589677053,-0.0874837189153404,-0.0294795993497457,-0.0035771041106783,-0.0309934883150664,0.0109140824964444,0.0378776018106299,0.3091895166450242,-0.0092680375530964,0.1213164113310591,0.0030292464787724,-0.089383009463267,0.1285326317211224,0.1123887325200827,0.0040558321935284,-0.1253231014500002,0.0872861908542197,-0.0605022673439742,0.2588241108298805,-0.0427218689228084,0.0791709168520859,-0.2197206098604308,-0.1608673704916166,-0.1868472491038126,-0.0061605697681099,-0.0684539862171016,-0.2978623068316086,0.2052516525113137,-0.1050828253102608,0.0994913368511944,-0.0601267347935357,0.0887336225677866,-0.0560869481378327,-0.0328027010515141,0.1039998221938036,0.0072961974930443,-0.2087672875475658,-0.0577091172986898,0.0578367170074001,-0.1006005851172769,-0.0543165067944493,-0.0249190728441034,0.0699335595078973,-0.0232849322417074,-0.1376858372005507,-0.1434690393210055,-0.1977219156228719,-0.002621094902564,-0.0510811527587156,-0.2937539987077442,-0.0536896862203088,-0.0929373610123424,-0.1635036347180303,-0.0450875932106051,-0.0365633041122404,0.0708689875172476,-0.0585275590404658,0.1801592125663922,-0.1148624565254921,0.0332998322077218,-0.0122524400890158,0.0569239763594817,-0.063273361080687,-0.0625807794065921,0.0582978984836248,0.130482250832792,0.0149954786446406,-0.1181837000623603,-0.1884369199977287,-0.2484157086380769,0.0752318584183064,-0.2550503241961639,-0.2202531094980175,-0.150344883334119,-0.0051714015800201,-0.0297975479044884,-0.1832034398989873,-0.1182561908026611,0.0912770581155113,-0.2718042596238116,-0.0267485365510005,-0.1374669708251428,-0.168406662738983,-0.071169982317646,-0.0604826569515426,0.2243405538808993,0.1415243047251133,0.1831817812278997,0.6462921724548034,0.0679066318036789,-0.1750168397179101,stop,1630,7,32.287769946955365,-0.0660904365874268,0.0455031040940153,0.0805675323562029,-1.0,0.6884975564327256,1.2190497826357265,2.334263530543118,1594,0.3739573889021592,6,0.1000981091172769,0.1643246690860356,-0.2824860697390607,0.0,-1.3502224386277408,-0.9762650497255798,1.3974702753433292,0.0974927689178366,34.413661850148685,32.287769946955365,39.90631027025387,1.3131324330547822,0.1039786808525267,-0.0336711303583264,0.037829901997021,0.1896284863113908,0.8965507262390549,0.0016559975756658,1.0,-0.0288820750935522,2023-03-01,15.0,19,0.0476565502678079,0.0517418976735379,False,False,True,0.1666666666666666,0.0,0.0,-0.0272826767078183,-0.2481740033454325
HAL,Falling Wedge,bullish,1,0.7755621273169964,8,74,1852,1853,2024-01-29,2024,4,33.72304659018357,32.4759856557107,42.12619406014576,30.277478981303872,2.443700392610092,0.0383994791626465,True,-0.0394992872959314,-0.0435558452645032,-0.1618054673853126,0.0571805251457417,0.092406872804899,0.0379875149248838,-0.0328307072548036,-0.0324747554460195,-0.0501205914126732,0.2918921037860615,0.0629037142267139,0.074261061394895,0.0077194060193193,-0.0131626919596476,0.0292145952543385,0.0072990484262891,0.0785961593332784,0.0313404569468855,0.0105312282458156,0.1412765025244535,-0.0287976036728456,0.1148427920655756,-0.0754122954943238,-0.0394992872959314,-0.0607402753923758,-0.0589079689978644,0.02563114577911,0.0235901330024239,0.0831410045136691,0.1740215754596703,-0.0572095244308411,0.0714658134270855,0.0581217151811312,0.0866667656954627,0.0823845523213464,-0.1039189583147105,-0.0767017643396471,0.0400889338898062,-0.0114467752295881,0.0722955453032121,-0.0347265712732671,-0.0083801912550237,0.0367906258052099,0.095151358121224,0.0588234925452757,-0.0673433326561157,-0.0275383733140355,-0.0609084051384305,-0.0608760635295555,-0.0030647535669942,0.1885935815920114,-0.070814617112212,-0.2014387904088889,0.1375431487339609,0.1451341927453979,-0.1794468212774954,0.0858400224117197,0.0063532501771288,0.0486798301155353,-0.6132552253325978,-0.087885192895913,0.1831730451612145,-0.2101488027287116,-0.0865190831784247,0.0001913878722332,0.0515200827313739,-0.0967586265458375,0.0599383491186993,0.0076236809818322,0.0708212477573868,0.0099481810229344,0.100682945208065,0.3265914502627882,0.0270270474318998,-0.0720509909570836,-0.062444195933358,0.0641280698284791,-0.1065598896382188,-0.0899786937096887,0.5951183093355645,-0.0401250285336481,0.1911030608262849,0.1517693021262831,-0.109532230261329,0.3926245657751157,0.1512203509758758,-0.099826724008078,-0.0986381232635978,0.2820904590132291,0.2107680771796964,-0.1251281106165486,-0.0136207347946997,0.0822813865572493,0.0488088165978728,0.0240229465976893,0.1430911086756738,0.287693302593041,0.0971455323371091,0.4832594979038926,0.4719257762658206,-0.1898226269893372,-0.1466639537736173,-0.2096973781256309,-0.0731166728323721,-0.0604693795186405,0.2002485835140093,0.3029024038841124,-0.1834532494824321,-0.1539500305091222,0.1508179390428226,-0.0325955080220724,-0.1834532494824321,0.0478611832080611,0.3978976426027287,0.0135991931627841,time,1912,60,36.497825622558594,0.0822813865572493,0.1616637179079433,0.0600832228502574,0.8053184111738331,1.582262695093212,0.5880567597181507,2.4388282059264,1774,0.6443405132053335,5,0.0562609810958809,0.1787044981254517,0.044439938822697,0.0,-1.3238783014575148,-0.6795377882521844,0.4680839192312299,0.1939880634395602,32.4759856557107,30.277478981303872,42.12619406014576,0.8998618007141648,0.0275767917085913,0.031668832871627,0.0257941798304418,-0.0171581099834698,0.711861119193098,-0.0074606838402103,1.0,0.0305859102488292,2024-01-29,24.0,21,-0.0046068623523548,0.0181153417041346,False,False,False,0.25,2.0,0.1,0.0514292006925959,1.2626487993819
HAL,Falling Wedge,bullish,1,0.6019591003225145,5,48,1969,1970,2024-07-17,2024,4,34.44615870580751,30.90702415926484,38.04410938364384,30.22977333115105,0.8530863575499684,0.1145090684986496,True,-0.0926842054963149,-0.0617449350519205,0.0280704898434653,0.0785961593332784,0.0402412547982822,-0.0346030838233619,0.0018734241996649,0.0545836980359728,-0.0926076227294496,-0.0851941059267396,-0.0263370770302844,0.1285393380109143,-0.0614090298318926,-0.0148733632194594,-0.0173663221325542,-0.0136053049761262,0.0436320697964194,0.0226456669676076,-0.0139859831391554,0.0512461179314516,0.0414169336964931,-0.0033784747286093,-0.0990584447501108,-0.0462044940851495,-0.0324179071898766,-0.1047764917421748,0.0483614180949991,0.0731032659236627,0.0475706220724527,0.1019532879872289,0.09217608087369,0.0371587760190765,-0.0625696562516224,0.0530227934258324,-0.0565137499512398,0.0094458729996271,0.0679857263293357,0.0322169272157442,-0.0386995806583642,-0.0124317666759588,0.0295564416295219,0.0895221502555383,0.0224665359280802,-0.1215517830754675,-0.0501492934146955,-0.0590968729344129,-0.1509900773345216,-0.1245627162146026,-0.0507368973469504,0.1395276473906197,0.1664386081755615,0.0010623948757924,0.0186335780678674,0.1844389740305039,0.2305833893071538,0.0252822777219214,-0.032866691041147,-0.0963435500666686,-0.0360297215090273,0.0343914107438287,-0.1208993953715833,-0.0544221217400902,-0.0607547830067828,-0.0743224007626385,-0.0780173037353085,-0.1508477347787965,-0.2351592071729705,-0.2086739311393776,-0.131054304466617,-0.2249588826706059,-0.2259975402315328,-0.098422635445615,-0.1252609173407946,0.8834458332645179,-0.0034424431547473,0.3014980068913706,0.0750638363397875,0.2155445938088225,-0.0525258602528015,0.1359916305968804,0.0114003333620704,-0.1080144106306078,0.0205624741068322,-0.0970177409911733,0.2242056309164333,0.0242688071947179,0.1718012299402849,-0.0364088537995949,-0.1440374188251419,-0.1195757868964332,-0.0091162294591932,-0.2884568866518867,-0.1499995297386694,-0.1847119407896377,0.2820428338139622,0.0100621857559912,-0.159540753996831,-0.5651190424117586,-0.055289870917964,-0.1811106743609947,0.1721882516071236,-0.150344883334119,-0.2545927909774061,-0.1355897163031209,-0.1688607288858719,0.2494932618437455,-0.0634540239652474,0.3373251146520157,-0.1355897163031209,-0.2718392254765436,0.058727809366345,-0.1093656923002832,0.7506605718814681,0.4485266112085293,-0.1529160057834654,stop,1981,12,30.22977333115105,-0.1224050963321373,0.0198020134383095,0.1358635572054792,-1.0,0.1617744197886844,1.1099501677350372,0.8533258604544611,1917,0.8282964854853249,7,0.1326533052685983,0.0368195969566396,0.7045194364330316,0.0208333333333333,-1.5899180867858076,-0.7616216013004844,0.1821451422589888,0.1283528879542334,30.90702415926484,30.22977333115105,38.04410938364384,0.7592442530145885,-0.0068179372589199,0.0385307155026137,0.0220414752465301,0.0958182878383453,0.4242406727740372,0.0058398286877139,1.0,0.0212700554625431,2024-07-17,24.0,21,0.1984048264689595,0.0917251545174406,False,False,False,0.0,1.0,0.05,0.0131668572569671,0.8328179630438479
HAL,Falling Wedge,bullish,1,0.6576554281100647,8,66,2016,2017,2024-09-23,2024,2,29.126800764745617,27.9802248284729,38.70228059086065,25.944710050719124,1.1924502667184709,0.0409780816023306,True,-0.0497219217271718,-0.0554717718517692,-0.0840294042293913,-0.0852525729846241,0.0125556549962453,0.0325637149435809,-0.0504052243677995,0.016042896529862,0.0171510443098827,0.0664914529309383,0.0365999278471445,0.0547032899236625,0.0315081756157364,-0.0097109268331322,-0.1871157803142554,-0.0281524652310367,0.3742687159272375,-0.1347022317255345,-0.0083361466879384,-0.0824127137386374,0.0007749721024414,-0.0142274687768084,-0.0476376672390505,0.0170102636596962,0.0217078658925047,0.0592874983214313,0.0346042437425186,-0.0349129786073962,-0.0348110018927222,-0.1032421176274092,-0.0615331471223643,0.06576390103512,0.0444658472663783,0.0106408457793027,0.0194745462099292,-0.1584159298458646,0.0198369526197281,-0.0145118508322604,0.0619703064787251,-0.0462044940851495,-0.0231730919671504,0.039988249821472,0.054094685209072,0.0042779523549616,0.0290048035530976,0.0186800026391252,-0.0755641939043395,-0.0986151666392,0.1004833221167103,0.0593015038722775,0.1878273815027507,-0.0423884725025001,0.0719178431285276,-0.0499999518663765,0.1700362711614502,-0.1794468212774954,-0.1973344738124558,-0.1513130463144869,-0.0161875289220219,-0.1332910769195929,0.3635299003159109,-0.0176711024017555,0.1864778126685728,-0.014883881231409,-0.0904717740401224,0.0456837150996543,-0.0426609750918473,-0.0074610777271455,-0.0876715722922718,-0.0039252032160715,-0.0348993332218986,-0.3552604829982014,0.0100461400993641,-0.0359739093113367,-0.0188897533552151,-0.0972327466630331,0.126804351307832,-0.1464863609941493,0.1653354063829595,-0.0602639587323723,0.2144137218757635,-0.1125373422283807,-0.2314897290625901,-0.0441059667682482,-0.02356966489549,0.0518749418711037,-0.2219183000168318,-0.1019107653914489,-0.0627027441300233,0.2735191866485285,-0.0155844647770995,0.0303714188408718,-0.1057732877110578,-0.1650393073759383,0.0261609663366608,0.2002485835140093,-0.075942748439357,0.0723726031617806,0.2695861292350272,0.288356935760117,-0.1951577847364022,0.1190041620254616,0.0151264212365229,-0.1814998959870468,0.0644009479413751,0.0100621857559912,-0.1027352657043146,0.0470607405011311,0.2147882124057278,-0.0230433567066015,0.3640576031748308,0.0495223195032359,-0.1503023957595228,0.0434329116899896,-0.1585482514564886,stop,2076,60,25.944710050719124,-0.1092495787549047,0.065423614872762,0.1107064860592855,-1.0,0.5988454657526536,1.013335587386102,3.0091787716506038,1948,0.6682670784832629,5,0.0403358826904977,-0.1343260374134768,-0.2755692902302991,0.0,-1.2685373591521636,-0.6002702806689015,0.360370633780483,0.2463799726709823,27.9802248284729,25.944710050719124,38.70228059086065,0.74317645738808,-0.1346953033175879,-0.0439923710382615,0.0260434009221421,-0.2114223650832203,0.6911779555475753,0.0037326098233092,1.0,0.0165215989863232,2024-09-23,24.0,21,0.0054484267067802,0.0395052731489122,False,False,False,0.4,2.0,0.1,-0.0504125039320739,-0.7014121370989539
HAL,Falling Wedge,bullish,1,0.6321576443794108,3,41,2139,2140,2025-03-21,2025,2,24.22400033832694,24.054850185165435,28.998754892989496,22.738805264246977,0.8773642426650742,0.0070318522817416,True,-0.0015929234309903,0.0249312924307497,-0.0071103005620353,-0.0446141506525226,0.0322974545616148,0.0281968994326415,-0.0984817491540851,0.0434896336133265,0.0474738057055412,-0.0094036660433259,-0.0376759143976755,0.0361421728652087,-0.0214066305842488,-0.0567107393567778,0.0009566516673755,0.0625000373223292,-0.0497219217271718,-0.0944161417333456,-0.0110870141345401,-0.0446141506525226,0.0471671177953536,0.0360680654081588,0.0054546036003446,-0.2043009948495586,-0.08951472978858,0.1425542587040391,0.0037778948431899,0.1565561619793509,-0.0587243825171396,0.055148907751602,0.0038470940998773,-0.1287401278305521,-0.0561882444140771,-0.055900621697948,0.0553335275111048,0.07588770466343,0.0562058769833488,-0.0183181650322246,-0.0490935144771234,0.025556304101729,0.0473910432086845,-0.0145203939869429,-0.1102187751246418,0.1841729279735811,0.1136664114105918,-0.2257206892570526,-0.1270410931760844,-0.0273214010208714,0.1318694333380705,0.1462963593330781,0.0525989536779156,0.1992781970839057,0.1212779608354648,0.0454411204841078,-0.0654601486719771,-0.1390116744016962,0.1283726815777428,0.1560891704278992,0.0210781537274793,0.1464024580917744,0.2286667814785556,0.1163218438295914,-0.0108947100913106,0.1315059160865308,0.088639190600678,-0.098154730551919,0.11573949338776,-0.0197225118118312,-0.2018577900976755,-0.16885693978986,-0.2109906892205695,0.3119741686309372,-0.7828362997044915,0.0580922194324415,1.036983940257589,-0.0085646636897951,-0.2204109028802237,0.0597349482807967,0.2327280336756991,0.0239717042103708,0.0071441985445772,0.1304326297529225,0.2637186185161269,-0.1508213789857109,0.0322320094009516,-0.0515067727236469,0.0751737670564112,0.0113901601847039,0.046754168296055,0.0371227484408118,0.0179328194967776,-0.2254192455995252,-0.075942748439357,-0.1227718881431226,0.1663026483388447,-0.0635049064017834,-0.1837529360435412,0.4345256907991361,-0.0948843492752005,0.1194093635851121,-0.1292242692502353,-0.1681571552743151,-0.0963656527837905,0.1019946745911524,0.6035674281971009,-0.2057196699053172,-0.2218302956092698,-0.0724895944264557,-0.2252033047183731,0.0701918927451052,0.3076192915384148,-0.5218155224173222,0.3098767757544298,-0.2369792248627041,-0.0706207926684063,stop,2148,9,22.738805264246977,-0.061310892228238,0.0450019522629898,0.1099163753056285,-1.0,0.7339960425867568,1.7927707673287494,3.2149006133893736,2096,0.6854918070263709,7,0.1338965835242983,-0.0127715726843352,-0.0462359312603033,0.0,-1.0898681887212884,-0.4043763816949131,0.4232259905916402,0.1545147204022823,24.054850185165435,22.738805264246977,28.998754892989496,0.7008942628102596,-0.1542742517470199,-0.0535431178664278,0.0293666014763809,-0.1391877034617792,0.4489784002397762,-0.0068027908743932,0.0,-0.0571116100088038,2025-03-21,9.0,15,0.0151617956485923,-0.0120127012052776,False,False,False,0.2142857142857142,1.0,0.0714285714285714,-0.0325538083946842,-0.2239022059247967
HAL,Falling Wedge,bullish,1,0.6227610077916266,8,64,2487,2488,2026-08-11,2026,1,33.43482857759908,32.24752189680402,44.99784378140771,29.46643434813149,0.7562892688276861,0.0368185401840981,False,0.0318547163778948,0.0412259773138754,-0.0187852646720491,0.1093918633028667,0.0972627320322394,-0.0655969642120374,-0.0450819436173822,0.0562297722230955,-0.0313104534812096,-0.0041708899323877,0.0102785216982503,0.0382046356977976,0.0308046070242595,0.0706416284539519,0.0587716969169045,-0.0643020389307474,-0.0047041619305385,-0.0405862129431667,-0.0411338452174935,0.0042042773321067,0.0105312282458156,0.0966402111246833,0.0184902464221468,0.006251902419569,0.0176110543325871,-0.0041577532490431,-0.0175092075488176,0.0172957492180396,-0.0762771275051074,0.0202835419803295,-0.0538990911306954,-0.0447640631596742,0.2171468413976991,-0.0350525596190099,0.0611931650176633,-0.0441260254399734,0.0880361694831499,-0.0121609199132453,0.0438113580468326,-0.0759643292741852,-0.0127732425355894,0.0301204247726802,0.0942808436961004,-0.0553346857154163,-0.0373357694702538,0.0011112364669949,0.1105186611601733,0.1264084743928054,-0.0349625341800718,-0.0973310284512469,0.0333805774409061,-0.0557117550835403,0.0168747359749352,0.061442748216943,-0.0427133179640024,0.0906149290099109,-0.077885363255464,-0.128163583421271,0.0085393480121471,0.0357143447662997,-0.0258408095113569,-0.0886296312165444,-0.0225929372314123,0.0930425697066459,0.0783685212402685,-0.1794468212774954,-0.0998333975975125,0.026124008932703,0.1309691309546313,,,,,,,,,,,,,,,,,,,,,,,,,,,,,,,,,,,,,,,,,,,,,,,time,2512,25,34.849998474121094,0.0423262195957589,0.1383339766482531,0.0270913857178706,0.3566102092412019,1.1655023488713372,0.2282524832539496,2.913776841511019,2422,0.5217069998952397,5,0.0907164110114535,0.157524166671886,0.1349832724039248,0.0,-1.691361083762066,-1.1696540838668208,0.7071363814915941,0.1731551590808285,32.24752189680402,29.46643434813149,44.99784378140771,0.9989356795808164,-0.0018713040045493,-0.0362425711346515,0.0296914707063992,-0.0226867179350965,0.5945893002587748,0.0014863894082832,1.0,0.0249125201747721,2026-08-11,64.0,14,0.2538737058520841,0.2147516678430963,False,False,False,0.0,0.0,0.0,-0.1357474585887476,-1.7819104015703855
GL,Falling Wedge,bullish,1,0.7582488216275015,3,30,1433,1434,2022-05-26,2022,0,93.7308652975877,91.870783422062,104.97735862318213,87.22480782451191,0.964089082348378,0.0202467183389556,True,-0.0076176824229804,-0.0140650651239465,-0.0094205867964199,0.0326950691445353,-0.0062618413578116,-0.0488788882209765,-0.0167870779363409,0.0867962761609375,-0.0086216218576307,0.0140036318116831,0.0560390763489482,-0.0119702019436297,0.0036790543529972,-0.023847440573152,-0.1207134791446785,-0.0144548089004232,0.0080908940388335,-0.0038722333750332,-0.0098197732363646,0.0022838167818384,-0.0339116303661301,0.0135590939906657,-0.0030470488690728,-0.0547661402232951,-0.0103688193711904,0.0048006387264134,0.0693590758637414,-0.1084721124370802,-0.0053546082362636,0.0223334937506711,0.0242152124743244,-0.0261183591658459,0.0647785512782197,-0.0888607096883025,0.037605841490709,0.0256964643050627,-0.0061402851639494,0.0494311603953874,-0.0324573153631275,0.0465939729809798,0.0147071793554538,0.0575843275361442,-0.0390983623089783,-0.0639344923065272,-0.0156998356092011,-0.0563146321171867,0.0177065781439187,0.0609549400392901,0.0129983357671401,-0.2823913047281213,0.0656437531470364,0.0032523709628753,-0.0300833222276128,0.0512032697616586,-0.0268048713862141,0.1388139781033259,0.0325630669094425,0.0256552073309286,0.0201459640343006,-0.0881733036992475,0.0636893304894463,0.1317828140465211,0.0597714684382433,-0.0258801458053953,-0.0075981857199847,-0.034274261597644,0.0101723815423953,-0.041396468969844,0.0137520743239562,0.0383495447006947,0.0759350727341841,0.1192584857695184,0.0046428836055787,0.0580575481148775,-0.0491866185766244,-0.2479781941262157,0.1376978838776033,0.085064141424582,0.0640194089480641,0.0926155971660074,0.0560383882523927,-0.0024349793176325,0.0359193649309292,0.0424585708327778,0.0433746136569064,0.0021885834016259,0.0177075821772461,0.0654960459625044,0.1221907862435265,-0.1108106676065323,-0.0245209745558696,0.0127596221916314,0.0346353263292953,0.019384040668243,0.1375069538852293,0.2268813206447359,0.1660955032170672,0.0070809939250398,0.2004746135964645,-0.3653015120144969,0.0092280649584379,0.0441112639334977,0.0796763074140205,0.1577564257998789,0.1188286995139682,-0.0482816135361344,0.0970792979375307,-0.0478068440301703,0.0567261079735013,0.0794299210065332,-0.0101871324591644,0.3040808717306287,-0.0016642963852545,0.0883245546220721,-0.0303666487573739,stop,1444,11,87.22480782451191,-0.0694121136342825,0.0196623786253151,0.0954292278473729,-1.0,0.2832701324859806,1.3748209476831237,1.7286188097993476,1403,0.3705210353941212,7,0.0352725887507591,0.0832835547743171,-0.0678631423771812,0.0,-1.3996565178710398,-1.0291354824769103,1.3390484854517883,0.0822085922318279,91.870783422062,87.22480782451191,104.97735862318213,2.490148700248343,0.0051888143993783,-0.0279899996941471,0.0266245638029335,0.040280251769712,0.701612010090432,0.0112383082046403,0.0,-0.0525933718936183,2022-05-26,16.0,5,0.0029929385551432,0.0052640982726264,False,False,True,0.25,1.0,0.25,-0.0411638034085936,-0.9447575956675468
GL,Falling Wedge,bullish,1,0.6267110573280568,3,22,1608,1609,2023-02-07,2023,2,117.63946037929124,116.17394622742302,122.08128422608422,112.654796335854,1.5160745742806812,0.0126148262967611,True,-0.0042901825005318,-0.0031039995887064,-0.056092038994438,-0.0274976298453016,-0.0657961166869768,0.0033607572917087,0.0200308863661082,-0.018938084655789,0.0008318647874991,-0.0005367590409193,0.0330188413120333,-0.0067345688095861,-0.0114455250392563,0.0218330793099752,-0.018934948139169,-0.0013159000166886,0.035087943796763,0.0319241297559338,-0.002279771184511,0.0030241547730862,0.0520379498544785,-0.0389351465289629,-0.0019223384158311,-0.0059400693348407,0.0293758412337292,-0.0037765612766682,0.0159932869967514,-0.0092066893740241,0.0122533481773157,0.0971876656633625,0.0291473306669249,0.0521335812326471,-0.0048296432795886,0.022814392532015,0.0260308175622685,0.0014790003828084,0.026119459263221,0.0646041317249708,0.0040041627007041,0.0355732234711267,0.0109908431322549,-0.0031678803661864,-0.0106919618122192,0.0071145402423067,0.0371383996381804,-0.0264856416987493,-0.0231828135422981,0.0112132317813928,-0.0563690768710384,-0.1001735557201201,-0.0070070746954015,-0.0170075360219745,-0.0359075338452473,0.0637202200972568,0.0228057440822233,-0.0234204210667957,0.0633671163815814,0.1427048718120738,-0.0130959029777983,-0.0054371266693832,-0.0358245527288784,-0.0129973421632043,-0.0440805401931343,0.0432584569750329,-0.0146908499192659,-0.0114429719296088,-0.0403428797497874,-0.0273800722562963,-0.0177167621693097,-0.1050842596036862,-0.0954640086328055,0.0365962666302286,0.1569722354628386,0.0872750984374948,0.0053039716571334,0.1093049747020034,0.0790968690317683,0.0261153429080831,0.0430672074360638,0.0267883178947205,0.0435845229945912,0.0282979181387947,0.1496271107739268,0.0209287141746146,0.0313175304776827,-0.3212330529629497,0.0596802794082442,-0.6082315354317072,0.1396101986498801,0.1837495384626566,0.0972312508143087,-0.1248383975867051,-0.1249254458670955,-0.1093037057261112,0.0979796685112177,0.0574014535799776,0.1770124997463364,-0.0016642963852545,0.0217037567756679,0.0574014535799776,0.0402399465894096,-0.0236235734622565,0.0550350483478472,0.0192722303303951,0.0617003893439085,0.1094315988865151,-0.0085228326303624,-0.1218113445941786,0.0490613654017111,0.0754271514737841,0.0027574417827969,0.004132629332149,-0.022490463677148,0.1192046833910813,-0.1634078861832743,stop,1629,21,112.654796335854,-0.0423723810647019,0.0190577433404346,0.043560726164993,-1.0,0.4497680531885575,1.0280452754938774,0.8910979372102423,1584,0.481589230692612,5,0.0782255931063224,-0.0068102494532213,0.0188645346748113,0.0,-0.7939168148429152,-0.3123275841503038,0.9820739204916435,0.0612995702731151,116.17394622742302,112.654796335854,122.08128422608422,2.322368546381448,0.1475975468521482,0.0205184421965107,0.0196603085396526,0.2446238188495004,0.7631556756626431,-0.00543254957169,1.0,0.0704636511222651,2023-02-07,17.0,17,0.1975660469885427,0.1571772126342214,False,False,True,0.0,0.0,0.0,-0.0369430195543177,-1.030796108463571
GL,Falling Wedge,bullish,1,0.761163052328066,3,42,2298,2299,2025-11-06,2025,1,130.94415919794898,131.91873684161874,151.98622887199917,127.69291411948598,0.956416947989242,-0.0073877120642826,True,0.0107020892642708,0.0045186093387477,0.0162852442272178,0.0135439975742357,-0.0117916692311287,-0.0055436597511585,0.0119378964437057,0.0194483784773644,0.0434649904589774,0.0031824541736,0.0509105275346635,0.0117194080268774,0.1754904818655787,0.0129880859063491,-0.0495930595086763,0.0099301173025763,0.032352765319304,-0.0224069132529178,0.0008979376137658,-0.0076678788179224,-0.0151028742130351,0.0146375334864936,-0.0045320989175227,-0.0104743723430703,0.0125525500342801,-0.461420689471394,-0.0449628232102301,-0.0095095747646336,-0.0185787613500769,0.0323229622949217,-0.0057289352400996,-0.0002449342780068,0.0195071052267681,-0.000807540328287,0.1071852328944591,-0.0235235133042509,0.0356522701367081,-0.0070941449075513,-0.0131050614071625,0.0404523667974512,-0.0079837580448658,-0.2018683640909249,-0.0077509383566596,-0.0384218615750869,0.0246763850642959,0.0185858565526609,-0.0028842573530349,-0.0295046255658377,0.0347680817394704,0.0247859020948502,-0.0468359461868894,0.0932853561145607,0.1315526374031121,-0.0017244489605693,-0.1020477462247891,0.0272661947082202,-0.0972420656910686,-0.0028842573530349,-0.013733795225113,0.0933875895099498,0.0036960050029422,0.0481437600192813,0.0520691710816096,-0.0141077021692238,-0.0928279639730605,-0.0005766512404697,-0.0182995081779012,0.0045155534300418,-0.0090437656481309,0.0619575933495868,0.0231136432909035,0.065589203688172,0.0209488715366406,0.0035889169248204,0.0044985928755412,0.0785456579532486,-0.0415036340750882,0.0480679238144887,-0.0054770990327109,0.0508914268393754,0.0092085287984773,0.0927166845863722,0.1837495384626566,0.1029175401985211,0.025502849549289,0.0005376170861224,0.0562529113540928,0.0585413958316491,0.0372497988992948,-0.012311178858558,-0.0726514439759486,0.026614388226764,0.1013513796938161,0.0709465697548792,-0.0707113186308733,0.045826116399847,0.01562700435382,-0.0845993241916106,0.0789227940152244,-0.0495534153724566,0.0501557451164373,0.0157506897663282,0.081658957898357,0.2176361874838899,0.1756636351688143,0.0428784926710545,0.0265535689546823,0.0661534146109878,0.0441261772780401,-0.0015702321757139,0.0543159428601343,-0.0688958796578866,-0.3528006291165316,0.1642324053937305,0.0787828630525023,time,2358,60,144.2155303955078,0.1013513796938161,0.1109335963650503,0.0192787945655395,4.081935036356216,4.467859589869264,0.7764550145595215,6.472003545176503,2255,0.6736709251321125,7,0.0903489679675112,0.1882671787822074,0.1422627986333509,0.0,-1.323531917538719,-0.6498609924066115,0.4137183554332317,0.10370538402337,131.91873684161874,127.69291411948598,151.98622887199917,2.542211040611551,0.0294082134780964,-0.0466751974166742,0.0194026836124509,0.0919980084836562,0.1170874920929233,-7.47959744881177e-05,1.0,-0.0012664668426748,2025-11-06,7.0,12,0.1484823619713153,0.0758208078573396,False,False,False,0.0,1.0,0.0909090909090909,-0.023686878072263,-0.530976369887926
GL,Falling Wedge,bullish,1,0.7775136262320265,3,24,2397,2398,2026-04-01,2026,1,139.30482891920434,138.0921341548286,148.1343455821202,133.65995152906223,1.3356641943372205,0.0087817801629168,True,0.0561049107733682,0.0042965229453806,0.0328217017790224,-0.0152656765747293,0.0109701644201503,0.0090931860370804,-0.0345684693164942,-0.0056637499797416,0.035486371655699,0.0310643794406928,-0.0568696714440232,0.0162852442272178,-0.0008803104787061,-0.0215029661409329,0.0304183617232294,0.0560390763489482,0.0138324148888488,-0.0043619892957348,-0.0143999892587288,0.0218979682222359,0.0198405902059639,-0.0014649479861624,0.0499663263496764,0.0725136196147211,-0.0129416897330203,0.0532294830349857,0.0135700439233827,0.0300653753592561,0.0716631246483145,-0.0406819441048683,-0.0101320313246927,-0.0183807728677692,0.0552575385032996,0.0115532864159426,-0.0038944363844152,0.0470599729439054,0.0647785512782197,-0.0049510049213417,-0.0099249657954847,-0.0039517393155729,0.0255007609817801,0.0227182459668513,-0.006026085049206,0.0627625739022077,0.129863737001751,0.0480096339048938,0.1056176910429311,-0.0061362832193967,0.1007058522424935,0.0148617462426001,0.0351325386497192,0.0382681216816507,-0.0376967066692389,0.0537423065296518,0.0211944582067931,-0.0045605852614866,0.0298160866126491,0.0679500121763156,-0.037611862700101,0.0070807200559643,-0.027475272162667,0.0130701763973619,0.0262955906323363,0.0436317455981529,0.0297686577311757,0.0472458938842159,0.0083528622985347,0.061236271026458,0.0810672603843021,0.0980224073719215,-0.0722384569783978,-0.2945870261539978,0.0590815347498865,0.0573933882010839,-0.0422146535336842,0.0576792372285626,-0.003718239448828,-0.0696981080408322,0.0726223042442291,0.0655502546624156,0.0030583809827549,0.1594472257011063,0.1753615880486996,0.0431094050052156,-0.0091583065901676,-0.0595290665558188,-0.0139672536013943,0.0818454653820981,-0.1031885656042141,0.0328919293288747,-0.0430164463371791,0.089574254988481,0.2843938944305302,0.1351271293635294,0.0049288822415136,0.0571936046922632,-0.0953187616263467,0.1591645815436615,-0.0787795778407935,0.12478220720134,0.0270459009278916,0.1499616643147017,-0.0084606443173986,0.0668268943193304,-0.0322844982844688,0.0770002902670008,0.072907568318864,0.0174362162945267,0.1458263643347075,0.0995501839240935,-0.0118079312554831,-0.0222040169101549,-0.0893032447723446,0.1015289292635948,0.2460941637987052,target,2402,5,148.1343455821202,0.0633827034670628,0.06871593492223,0.0045142225124216,1.564164472081407,1.695778472545972,0.1114024187477154,1.564164472081407,2372,0.4132528142081727,7,0.0600144244959895,0.0560438690775202,-0.128638936399062,0.0,-1.1406092141659818,-0.7273563999578092,1.2181740454038466,0.056221941942399,138.0921341548286,133.65995152906223,148.1343455821202,2.7342527178876384,0.0305552035666822,-0.0063906123784068,0.0195521854057231,-0.0139369751981339,0.5482422384773412,0.0023712873673771,0.0,-0.0410149463112108,2026-04-01,9.0,16,-0.0414457751601686,-0.0389466238047266,False,False,True,0.3333333333333333,1.0,0.0666666666666666,0.0309647417566048,0.2898264197650618
GS,Falling Wedge,bullish,1,0.7647510377113136,3,32,737,738,2019-08-22,2019,0,169.58690631850047,168.79858628626732,199.6243054368199,163.47219981316425,0.604315320073035,0.0046701814841993,True,0.0194552441544699,0.0137488864798263,-0.0036179602513732,0.0107193151570772,0.0676242021546482,-0.0401450879191404,0.009141128976942,0.0447224645092456,-0.0623664425644007,-0.0459693743598949,0.0125733711860263,0.0268078040526649,-0.0169109904278166,-0.0067332790732809,0.0192575891320425,-0.0115079289383875,-0.0452206384712143,-0.0225546068726951,-0.0587093788657221,-0.0348629921984681,-0.0176740631097921,-0.0373417439156963,0.0300936747444317,0.0383471015216345,0.0138384266891931,-0.030779353008262,-0.0889524272315734,-0.0033391512360954,-0.0274212621234015,0.0369122418860963,0.1406633177926315,-0.0177740084888602,-0.0268446950743533,-0.0027913782104304,0.033258782763831,0.0190818316128209,-0.09339960652358,0.00265731883336,-0.0041149730950854,-0.0018534263482821,0.0162458275386636,0.0011053992276077,0.1213538731065386,-0.0687200360344739,-0.024956757298205,0.0393305256171872,0.0710695638150313,0.0410354703475037,0.0560586809154959,0.1161493655972791,0.0325985133332928,0.0714789058044036,0.1391214235526083,-0.1034309727099928,0.0431507847679897,0.1838699020985736,0.0177055212458006,0.113792626912621,-0.1573048224342201,0.0438446941707155,-0.0159928209164815,0.002400030624811,-0.0817870982823878,0.1851171953585531,-0.0180851848293209,-0.128069607895003,0.0215415872414903,0.2248318859160645,0.0337200332914167,0.0348894952781873,0.0059260257377029,-0.0501801673770784,0.1912330552654799,0.0393573261429813,0.087641935791267,-0.0399939924435608,-0.1090258339074927,-0.0332517812708249,0.0942172140017405,0.0316874999473788,0.2273484167597057,0.2143218413601453,0.1484746757971167,0.0582927676444067,-0.1404028743362323,0.1803866613613236,0.129922362530195,0.1269071826076477,-0.0974252391893669,0.0428414734050235,-0.0716567744258184,-0.0166452922050145,0.1036916126451283,0.0270044570744794,0.0105181261982512,0.0835162923945678,-0.0622175952835354,0.2266098282373041,0.0724566560882709,0.2381567229004462,-0.0900894129239514,0.0848471675300965,0.1154239040271403,0.0031578668713814,-0.0358254306460538,-0.0736312410916338,0.1027597971813221,0.1610833964547364,0.1698565693679321,0.0563851050776584,0.3278464210862362,0.1558115096948149,0.1730386437551416,0.1336771719592524,0.0110225377011594,time,797,60,187.1716461181641,0.1036916126451283,0.1263417687561968,0.0279866300757643,2.87581092965258,3.5039964196928697,0.7761886868465834,4.912320663650205,705,0.7299127104470554,6,0.0588463193002654,0.1017022014100974,-0.1718825916000901,0.0,-1.0205274797422006,-0.2906147692951437,0.2415868185730652,0.1560079197940717,168.79858628626732,163.47219981316425,199.6243054368199,4.437341260740055,0.0335063217674171,-0.0174244261507902,0.0259574709897693,0.0415995279908194,0.5944875976955585,0.0079729677516042,1.0,-0.0254668522955691,2019-08-22,9.0,15,-0.0361185327011301,-0.0174616274273177,False,False,False,0.2857142857142857,2.0,0.1428571428571428,0.0095627971518453,0.2089468502437462
GS,Falling Wedge,bullish,1,0.679906817634765,5,40,1282,1283,2021-10-20,2021,3,360.3750391807884,348.7774728614244,375.80384455906767,329.9034200711179,2.5442635363898622,0.0332520510118266,True,0.0103002026036704,0.0054968883527057,-0.0452206384712143,0.0147487463201696,-0.0184235774736261,-0.0140583624083302,-0.0415091117077534,-0.003362877923371,0.0057495233686641,-0.0116607019973905,0.0493739740115364,-0.0158016478923118,-0.0182200034145925,0.0068111254919109,-0.0555698365218538,-0.0107138863690018,0.0634459638170006,-0.0140885271057876,-0.0005788313586445,0.0881088483584431,0.0001986446061474,-0.0681515071189889,0.0147463367931202,0.0272862233462287,-0.001378953785788,-0.022200016344431,0.0194946439793628,-0.0045925259055981,0.0744802695226349,-0.0200061051811848,-0.0469652467170833,0.0165240778771453,0.0605627844919103,-0.0400471746803483,0.0549305882265596,-0.0093642040133442,0.1040548540827073,0.0575339501498497,0.0772861067336745,0.0709120442348911,-0.0200509254797041,0.0660829490506735,0.0548158238406939,0.063964964541197,0.0142803668339381,-0.0012986379159484,-0.0374876732057525,-0.0737230452125594,0.0338116157090173,0.1068732562585359,-0.0124792843978676,-0.0046505099842556,0.1787700955788507,0.0159712640839135,-0.0036795909401405,0.2648853573501135,0.0104373824454178,0.0576471046732263,0.0121915099444867,0.0749740701653138,0.1399428542885483,-0.097863931546726,0.1401773722405557,0.0039310573818425,-0.0026915433376837,0.2250239023932814,0.0253323664257261,0.1156922389808297,-0.1017025025914018,-0.0180258652497108,-0.0505205915515617,-0.1445435669113454,0.0560606608951781,0.2870352052248173,0.0536184253929008,0.2590538428192219,0.0019751705012316,0.1517554129400571,0.1479276109104539,-0.002536894174239,-0.3416747761884129,0.1286680630275076,-0.1052153919551295,-0.2248465222244161,0.1035046058402897,0.0785331442351766,0.0893425262971785,0.0512507608239587,0.0719351171831201,-0.0186568754598787,0.0052008817767039,-0.0504452352974295,-0.0586273020696048,-0.0909064698893535,0.0605682056960648,-0.0807252782457516,0.0953291790785613,0.1647991055026252,0.2018903677297177,-0.1555132336746466,-0.2627846466621785,-0.0374497441764876,0.1917503707915797,0.1667173380869417,0.2616592978137211,-0.1555132336746466,0.0312186200904653,0.1476054731672296,0.2689400084190425,0.0330075361978066,0.0744420105487582,-0.0998576026955905,-0.2507793806403409,0.4285582229293103,-0.1128204328837139,target,1291,9,375.80384455906767,0.0428131909839046,0.0475910174062911,0.005358880878066,0.5063336254876845,0.5628389715925143,0.0633772330721132,0.5063336254876845,1239,0.4238143439664177,7,0.1622990003433395,0.0672506618993331,0.2375551917898484,0.0,-0.7534624004673532,-0.3296480565009342,1.2415475396823126,0.0982107660796417,348.7774728614244,329.9034200711179,375.80384455906767,9.032784256993486,0.1479244996029411,0.0229596569187051,0.0249979730039069,0.243029173742886,0.2078730344628196,-0.0028145230485425,1.0,0.0332297543130815,2021-10-20,15.0,8,0.232998578587217,0.1690506113891632,False,False,False,0.0,0.0,0.0,-0.0463712804508411,-1.4776891453354275
GS,Falling Wedge,bullish,1,0.6988307704273389,8,69,1473,1474,2022-07-26,2022,5,288.67352403084027,270.7197210812037,318.8530314679739,246.0711715462368,2.0772750287687,0.0663187848965434,True,0.0236974251582131,-0.0110425360921673,0.0010462004220421,0.0318290915134265,0.0418037068176286,0.0089515423184987,-0.0809620353392783,-0.1234200517985234,0.0284372344027137,0.008199263248114,-0.0012378127890438,0.003630182418171,-0.0042287733009966,0.0703590209054483,-0.0004868948781592,-0.0037304602787219,0.0106857094284382,0.0001288612208774,0.013166849359733,0.0132779027656324,0.0135138163660621,0.0600027981121698,0.0191491176125015,0.0509855177533415,0.0079029301911406,0.0478681993048284,0.0053081800510514,0.1926922982582355,0.0681599242521471,0.0284211099985833,0.0824856763865296,0.0418003855611943,0.0272862233462287,0.062543805583805,-0.0090318276921624,-0.0672413309948405,0.0334089305768752,0.0364942085200663,0.0089450895994176,-0.0675806607731035,-0.0352628914725913,-0.0278777465467362,-0.0022240476524402,-0.0499571665918345,0.0315080084187764,0.03059819934664,0.0621003476972317,0.0164821215992829,-0.0011618385906757,0.092131730846892,0.0062006108292247,-0.0418027484664823,-0.0766371411264292,0.1178973485428274,0.0652172986553172,0.0176639152548054,0.0777605210213798,-0.051885092102474,-0.0075978139253054,-0.1088367688340995,0.1243198750517047,0.0245386505544966,0.0939960445305707,0.0589093940297631,0.1571818426295184,0.1171860502656068,0.1607123707759856,0.0111211736838618,0.0202545765159073,0.008871520337967,0.0479720309351053,-0.0068857352090978,-0.1037278615708606,-0.0575574048930076,-0.0657799584877097,0.040218963616881,0.1329876681269628,0.0303462655289301,0.2246831716500978,0.1090858003591628,0.1299967391692134,0.0101430594629807,0.0298124993051085,0.1275212340253548,0.027649800786164,-0.0562334281699925,0.089933202974654,0.0406588564556278,0.1204007271505056,0.191345047356676,-0.0264379091174121,-0.0405365165880449,-0.0192831310755721,0.0424528924785959,0.3636670213224722,0.0296668017244383,0.0766375148995268,-0.0759839426111239,0.0107486522822544,0.0295328687477063,-0.0164141520905279,0.1351843434367456,0.0275715069094766,-0.1464871400602047,-0.057454093789523,-0.1164079948625032,-0.0632200558386184,0.0339714105119384,-0.0077737232634749,0.0997733366101989,0.1362651077099785,-0.035408096130435,0.1782317596367917,-0.0871243615578035,-0.0450319692549377,target,1485,12,318.8530314679739,0.1045454637326193,0.1116491678752537,0.0059633569925786,0.7084000219950414,0.7565347185301182,0.0404077046854105,0.7084000219950414,1399,0.4265173764023779,7,0.0804787471907645,-0.2006632413844455,-0.1208136117910263,0.0,-1.0349844099889776,-0.6084670335865997,1.242632521091118,0.158072975623171,270.7197210812037,246.0711715462368,318.8530314679739,8.105158831440177,-0.0785375154994493,0.0470741772712905,0.0282306091655018,-0.0611548257049595,0.1209767496202845,-0.0072505941979048,0.0,0.0059188128207445,2022-07-26,17.0,8,-0.1671778135704322,-0.1252382942386932,True,True,False,0.7142857142857143,4.0,0.5714285714285714,0.0544017799016745,1.2990608139443045
GS,Falling Wedge,bullish,1,0.6479423298021145,3,38,1793,1794,2023-11-01,2023,2,289.6646360696945,273.7616218836715,335.1044033361481,270.01337955236613,1.411727860577366,0.0580907363004321,True,0.0480156059125918,0.0230027461853334,0.0046801052502578,0.0154574998727219,0.0288647606348415,-0.0143712307145604,-0.0303427492671402,0.0087815118942,-0.0140172512696347,-0.0167290871556199,0.0529726687757101,0.0662202974842811,0.0013243205614992,0.0921614766259417,0.0161599992091061,-0.0143849533244324,-0.062413069347875,0.0229652650063934,0.0184761326175657,0.0273563044105866,-0.0870310700185954,-0.0042853656129998,0.0424233276309794,0.0901221519833914,0.0359705893993909,0.0982222122616898,-0.0120738996265389,-0.0321438887054906,0.0248192295825757,-0.0304375567268901,0.0853722387886679,-0.0418328453752603,0.1273783149974467,-0.2599998716728871,-0.0227375330008566,0.1686032649546354,-0.0218931267257682,0.0221427238024081,0.0162678450643638,-0.0240052580308445,0.1351544666017168,0.0734681760299205,-0.0467519657815657,0.0291417510246241,0.0859999321145534,0.0713874415045664,0.1119005825426244,0.0419957898689502,-0.0045182068568671,0.0745449413589962,0.0278322107922754,0.0976728920622569,0.1305402181168375,0.0357680916709126,0.0540510160365865,-0.0481389894349333,0.091895254846972,0.0475944206813259,0.0578065521839481,0.050680482677726,0.037722973608393,-0.0052766183859823,0.0493434023041781,-0.0096960405826852,-0.0445663120528541,0.1298238776257085,-0.0068076865186632,0.0102015721132742,0.0730768799302541,0.2558933937123842,0.1371417482341381,0.0064526620715807,-0.0374154417810571,0.111621579696034,0.1023689747736451,0.0432454891537696,0.0885756147552643,0.1650110927847388,0.0505652354204968,0.0704879801091975,0.0507815283972996,-0.0354744448172724,-0.1048633137934391,0.1548509504773698,0.2798143090054816,0.0343257773479364,-0.0209033248999618,0.1257365531783907,-0.1240994449465162,0.0355409850652661,0.0972578320802284,0.2011993640084615,0.2594746162243906,0.1040516650888556,-0.0038268199699426,-0.0415856662117261,0.0033716040154787,-0.1901231250645106,0.2710444652866559,-0.0300860056198444,-0.1464871400602047,0.2927553644800333,0.0557504251173259,0.1335011595316295,0.0345154980862416,-0.0212294048909621,0.0170560990651962,-0.0166873145899487,0.0605682056960648,-0.0508336284977867,-0.1168838966461898,0.0021997945596516,-0.0694740068307216,0.1558807880442321,0.2425032964493569,target,1822,29,335.1044033361481,0.1568702617033328,0.181276438240295,0.0054570778135661,2.3123084890976378,2.6720618839097154,0.0804387473888383,2.3123084890976378,1753,0.8732524620486738,5,0.0061495727507786,-0.0073031476486684,0.2956918959656704,0.0263157894736842,-1.643640472842382,-0.7703880107937114,0.1150088351792742,0.1209833445407865,273.7616218836715,270.01337955236613,335.1044033361481,6.289462884135697,-0.0657452008345556,-0.0340289193888991,0.0218917597225717,-0.0504199442952342,0.7985220702298662,-0.0009223363667274,1.0,-0.0047096500029844,2023-11-01,17.0,17,0.0265987098904294,-0.0584064578137735,False,False,False,0.125,3.0,0.1875,-0.0015592259876959,-0.0675797558760686
HIG,Falling Wedge,bullish,1,0.6655651436137954,3,34,839,840,2020-01-17,2020,0,52.74039385340608,52.07437101190197,53.8969130552776,51.031945049077365,1.208570656799045,0.0127898393885907,True,-0.0486405570695566,-0.0262773450323713,-0.062452978155853,-0.0197031921003006,-0.0287728081700991,-0.0528810865370859,0.014631968750465,0.0419806477415924,0.0171153363826117,0.0222434499147166,-0.0142412537841768,0.0199310746256928,0.0073041853678814,0.0352015790627238,0.0419678306127515,0.0042137200217975,-0.0073296839257498,-0.0123178955340029,-0.0032539032078033,0.0270547669636165,-0.0063037386472523,0.0117519597014497,-0.0504475560237053,-0.0150670597081484,0.0054225322842829,0.0113390887395541,-0.0195455393624519,0.0585298237962095,-0.0011056836283355,0.0055186537272036,-0.0202640313621537,-0.029193221892281,0.0385398392473956,0.003129077627612,-0.0232198981651207,0.0404576526250324,-0.0009600733985607,-0.015774797421468,0.0080945785175423,0.0811404892013301,0.0265256225208807,0.0218506617550704,-0.0036438356265893,-0.001730462433449,0.030557210886501,-0.0255793174758445,-0.0414347099508525,-0.0590534245658487,0.0657254709122425,0.0404078482976602,0.0868163512179036,-0.0137740366391868,-0.0435811957111226,0.0132205961335964,-0.0171858072215385,0.0184417274388002,0.0240794526044518,-0.0016181738028872,-0.0205733964444924,0.0166047053348086,0.1000331038981314,0.0649405004463226,0.0163024309165922,-0.0647857473871725,0.0446079650200028,0.0214277981071155,0.0236403130644737,0.0047983316043946,-0.0604111218403573,-0.4510373015630828,-0.2150143232008332,0.0935215824571973,0.073580904468345,-0.0109150664759467,0.1743089921665692,-0.0793532062618883,0.0212991065596075,0.0437907271508672,-0.0429574064511618,0.1640051207824076,0.0475129372200016,0.0593425510664067,-0.0030351043458558,0.0138612743073196,0.0099319635406094,-0.0505188796934247,0.0074552046385798,0.0127107177747045,0.1606424036599998,0.0580308022432345,-0.216638042033443,-0.4778661307017893,-0.3617134760202105,-0.206057192425127,-0.4211505177272561,0.0770585973445894,0.0640855844534979,0.0289099515634168,0.0310614165622,0.1269951070342911,-0.0219216030808794,0.0906456142596634,-0.0110460356844191,0.0687498068375958,-0.0576075133471442,0.1653170414915175,0.0456525891270767,-0.0005476509508622,-0.0283401429199608,0.0702459505839137,0.0468175375461723,0.0779758062051843,-0.1050000656563256,0.0525524897944968,-0.3767361741920489,stop,842,3,51.031945049077365,-0.0323935541527697,0.0042580791956375,0.0438914084057061,-1.0,0.1314483485065022,1.354942659231273,0.676941093547096,805,0.3722734150994971,6,0.0926046292900316,0.0614603080459363,0.0022907797736475,0.0,-0.8918056676383935,-0.519532252538898,1.3701744615329237,0.0335531317031925,52.07437101190197,51.031945049077365,53.8969130552776,0.5972187337183337,0.0740337422618817,0.0055677955272721,0.0112941493865848,0.0826720144424937,1.0,0.0046457429636161,1.0,0.0437811202959124,2020-01-17,48.0,10,0.0859543732385497,0.0801051499355685,False,False,False,0.0,0.0,0.0,-0.0299385107950211,-1.5399503942357626
HIG,Falling Wedge,bullish,1,0.7928570106628853,8,65,1231,1232,2021-08-09,2021,7,59.87451458110317,56.40707158124761,62.84015622018386,53.791004674272585,1.7132078788227063,0.0614717783188076,True,0.0194013890066939,0.0095505990730608,-0.0197031921003006,-0.0182347841575684,0.0429232523403257,-0.1038986896461365,0.0027083241801513,-0.0157460035278065,-0.0236701192683589,-0.0087554296627114,-0.0123574368341558,0.0144693823310815,-0.0055438436903062,-0.0321960334700081,-0.0181092585181693,-0.0246442067129857,0.00935824698381,-0.0151800207516478,0.0020946004519866,0.0317911209290904,0.0033285380227194,0.0145868506917514,0.0282403241271559,0.0055648362687186,-0.004941118662922,0.0079584451547303,-0.0438077225678451,-0.0243749233037425,0.0149006430163405,0.01656694520843,0.0074160239376839,0.009266892940233,-0.0202093692177958,0.0433631680676878,0.1025372791229728,0.0230124909009379,0.0293893625276275,-1.073526454398177e-07,0.0098722305905731,0.0108772574594826,-0.0086328249347784,-0.0109824906178778,0.0322386553281961,0.0301139670498489,-0.0181816013927207,-0.0050013798271483,0.0214277981071155,0.0014327582341715,-0.0392357589715134,-0.0177814412370816,0.0607271761389258,-0.0227058606376515,0.0026536136461128,0.0488956552889465,0.034739729158596,0.066880261022078,0.0396130233237008,0.0504692995074251,0.0189743210459447,-0.074500897333034,0.0190924543047874,0.0403464830489948,0.0907120049677214,0.0090958363278577,0.0182345608009284,0.0618606027820429,-0.0032771212877588,0.0301568010907091,-0.000319739042271,0.0843222969475141,0.1026735531712179,-0.0393366447985101,0.0338290387427142,0.0154835393259171,0.0837236872929845,0.0958801059923086,0.0123513024772536,0.122506363227224,-0.0074643954342674,0.0768111868826435,0.1016036364042127,-0.0375207732446234,0.1921009855984323,0.1240026472220108,-0.0708908205876672,0.0073438449488183,0.1583288143204921,0.146176511098099,0.012188321640967,-0.1240311953330854,0.0993717602559782,0.0341994011459189,0.100348041759299,0.0534223343548103,-0.0335140544685442,-0.0475208563017721,0.0561543447039387,0.0427950561689642,0.1210070065813608,-0.0468451194916649,-0.056766907991971,0.332052623487983,0.0580128481875634,0.0604163309967917,0.1410567538285867,0.0063631793640033,0.0458270405716672,0.0649881243594874,0.050382559001648,0.057800502145783,0.0419024225244648,-0.008061340143683,-0.2123248908854935,0.0832183458285258,0.062500843335917,target,1248,17,62.84015622018386,0.049530950853281,0.0716219055321808,0.0147389789523643,0.4874885854547314,0.7049099767714697,0.1450625089314062,0.4874885854547314,1159,0.5391827475414468,6,0.1107798340078596,0.3801175085309249,-0.3719943892499356,0.0,-1.0953488412705066,-0.5561660937290587,0.8261255374082549,0.0928924963537887,56.40707158124761,53.791004674272585,62.84015622018386,1.3050892355638142,0.1882263415761746,0.0529454591096743,0.0217186785866052,0.3425289801453597,0.637933756018001,-0.0025602644253517,1.0,0.0115542349055555,2021-08-09,8.0,16,0.145202823896529,0.1119923882846378,False,False,False,0.0666666666666666,1.0,0.0666666666666666,0.0387647875088112,0.4109355712641309
HIG,Falling Wedge,bullish,1,0.6646632154804903,3,30,1426,1427,2022-05-17,2022,0,64.53935544350645,64.82311286515994,72.72541336916788,62.12200912868221,0.8404770138766424,-0.0043774112212682,True,-0.0221245662957363,0.0016919524445618,0.0063380024076267,0.0083017944317353,-0.0242938777262535,0.0064372146736559,-0.0017832007728918,-0.0185280524333665,0.0016791460209386,0.0490626345238738,-0.0057749135402421,0.0146452613357093,-0.0163667687875733,0.1891891025376288,0.0154896272328746,-0.007453078910001,0.0048096085044588,-0.0070067888897277,0.0414888514377764,0.0202693601357188,0.03509111982369,-0.0029610315486731,-0.0375562668185842,0.0163027158554662,0.0012097548104597,0.0160597976804968,-0.0168602261527871,0.0024840879491407,-0.0086328249347784,-0.020113350820706,0.0496026696485452,0.134801876294071,-0.0174837785918269,0.01656694520843,-0.051393698400429,0.0158290778234289,0.0117735144683739,-0.0686757139528074,-0.3673258617578887,-0.0171284799271126,0.03529060913306,-0.0392768227157469,-0.0288889291472842,0.0468888292176847,0.0103603326166996,0.0311088131735381,-0.0442934155939184,0.0159294127559858,-0.026910707164036,0.0745653114719677,0.125628118744479,-0.0026410783564323,0.0096214353895862,0.0136252417098117,0.0085032045517081,0.0282761666121935,-0.0157017856833372,0.0069334873534037,0.0236016822822984,0.0877520536367317,0.1036569313901576,0.0410873482074027,-0.0273110424119406,0.014840592694681,-0.0373606901803209,0.0448613238651343,0.0489271392418722,0.0330610894591931,-0.0720442067346461,-0.1018952694052433,-0.0604915722075586,0.0987648243792638,0.0209595833227445,-0.1158941606719957,-0.4432558869935588,0.1143214652674291,0.0870532847403289,0.0248709801732649,-0.1153640448673577,0.0771817948288595,0.0178141518134451,0.0207830853906321,0.0899225137109449,-0.0729629133850434,-0.0543764368173079,0.0180648723285437,0.030419501723228,0.0223476165389848,-0.1122634396240324,-0.0321771815882734,0.0542758382666592,-0.0884195418320812,-0.016775839192932,-0.0798363456321431,0.0096243413167509,0.0058340729712982,-0.0290886436822753,0.0071817629641321,0.0862137835561922,0.0892614577665209,0.1319707303822959,0.1606274069274254,0.0011113509595999,0.056762095202647,0.0822992097615822,0.0437689125765274,0.0164674499591803,0.02483046922704,0.1802736444423449,-0.0873978761525379,-0.0418812461657618,0.2326007318254446,0.0762384613896027,0.1402096932321663,-0.0761212296159408,stop,1428,2,62.12200912868221,-0.0374553835905633,0.0062401758428771,0.0502055464071655,-1.0,0.1666029084387586,1.3404093509221082,3.3863819492725886,1396,0.5956186111994489,5,0.0317761231046827,0.0582189603121021,0.2184231236183447,0.0,-0.8904927158650299,-0.2948741046655816,0.5110340460778995,0.1228601912370955,64.82311286515994,62.12200912868221,72.72541336916788,1.8548349354561544,0.0172899459643447,-0.0042423288265243,0.0285492925012663,-0.0077261746568048,1.0,0.0124168230480419,0.0,-0.0825094641007874,2022-05-17,26.0,8,-0.0687637046601956,-0.0442050309217549,False,False,False,0.5714285714285714,2.0,0.2857142857142857,0.0291479692403992,0.6449111662502091
HIG,Falling Wedge,bullish,1,0.6333065415751402,3,19,2392,2393,2026-03-25,2026,2,132.92383773459508,132.0778310890023,145.42197836814535,128.65460858870165,0.927165783167526,0.0064053644628876,True,0.0038020023462839,-0.0010748687275761,-0.0487416906943034,0.0248539198942545,-0.0246045841434637,0.0385081995796008,0.0103190196913254,0.0288197011972604,-0.0075007689248893,-0.0027987626098594,0.0201175763976306,0.0042581309113745,0.0299887832951739,0.0697781614080013,0.0215603979447327,-0.0471555809244088,0.0035093166516286,0.0403823182669704,-0.0193136220200387,0.024785752792044,-0.0412170022365919,-0.0119901548258322,-0.0018759532362465,0.0466676073038399,0.0039568550363873,0.0687038943503572,0.0068312254871658,-0.0267039917898656,0.1584120842017529,-0.0144804558755718,0.0263644720638125,0.0311892602964303,0.2473277047598137,0.0128887828891017,0.0151927762950461,0.0558722496868662,0.0056426839649692,-0.0101510149362891,0.0044092832895379,-0.0165981322568239,0.0547754851347535,0.1160227314954651,0.0032467000849656,0.0144485814710555,0.0705227244949751,0.0054717550484639,0.0407782429324503,-0.0457016009347643,-0.0256130254129227,-0.0255995548454585,0.1585044073197217,0.0042946256550615,0.0160198361275707,0.1643806885915373,0.011021405162066,0.0140624280298951,0.0025061000097403,0.0469039742849428,0.0162096889624243,0.0326795839719913,0.0501093882973575,0.0577866046419439,0.0129373577591456,0.0378813503394768,-0.080071217978656,-0.0273110424119406,0.0685575707976147,-0.0228993761688131,0.0151602032758154,0.0140151776956236,-0.1250210974314443,-0.001318284299654,-0.0320997952560504,-0.0009554078215496,0.0794201733340909,0.0958801059923086,-0.0559844717871089,0.0719643952660493,0.0244419528755321,0.0569026100847525,0.0181802784030173,-0.3536529556271104,0.0253906248595445,0.0725266446143759,0.0340042819545522,0.0790378452874598,0.196121108873635,0.0916425778990195,0.0152731952123021,-0.2353247928395072,0.0315295758645521,0.003366194551113,-0.0300128259759642,-0.174551311891618,0.0455579319702248,0.0360547752623661,0.0444919908106151,0.0172650112381966,0.0610204109495737,0.0474056429452052,0.1566492865713773,0.4229729240803106,0.0149611992312741,-0.073160520801388,0.100348041759299,0.0223361898061651,0.1558830413059144,0.1340304475402194,-0.0204195044876732,0.0408286774254609,0.0478144331018854,0.0683400259114683,0.0212559133858822,0.0198704701001608,-0.0981881453812911,stop,2436,44,128.65460858870165,-0.0321178595100276,0.0556880265307732,0.0410020533335759,-1.0,1.733864814789004,1.2766122636776136,2.9274935138049947,2371,0.567487510345768,5,0.0837717539308985,0.0749578824839984,0.0026983737422012,0.0,-1.4808230608912076,-0.9133355505454228,0.6694084077293108,0.0615625088448044,132.0778310890023,128.65460858870165,145.42197836814535,2.8114217453517147,0.0264525235938035,-0.0159564098346011,0.0211569300424058,0.0262201294102535,0.0364985047530595,0.004430877486252,0.0,-0.0498250924154898,2026-03-25,1.0,14,0.0142276241617809,0.004801322665584,False,False,True,0.1538461538461538,1.0,0.0769230769230769,-0.0038264162484968,-0.4919122681029593
HAS,Falling Wedge,bullish,1,0.7579636728242625,13,129,1504,1505,2022-09-08,2022,10,68.01149730561123,69.21611101369504,86.55440979655177,63.67251576419199,0.6787396714078257,-0.017403660657061,True,-0.0326222603646947,-0.0012871171069978,0.0676739925723644,0.0590864085762561,0.0449579174169945,0.0185804664154152,-0.0288068611385207,0.0150359629088168,-0.0194198566099264,-0.0478173034497371,0.024044720839331,0.037653253174942,-0.0241794050081423,-0.0346873810228929,-0.0425698685023209,0.1150754785910468,-0.0081956425749176,0.0186244813728859,-0.0672936678890975,0.0150213713369884,-0.0340389439338356,-0.0103093404712828,-0.0375440494949131,-0.0940212684132127,-0.0270234864422097,0.0413135228335646,0.0457362529324072,-0.0474671916884169,0.0019465995073877,-0.025256324124688,-0.0526864617852268,0.0209381757527913,0.0695930173588157,0.032222014925942,0.0291990956612131,0.0489072957582974,0.0337320187806819,-0.0526864617852268,0.0921995384211751,-0.0639964144830933,0.0064357671561179,0.0110287872444772,0.0214047107524133,-0.0890977090181884,0.0038589471158569,-0.1003875274790278,-0.1497146784375504,-0.0801736648140535,-0.044951770786641,0.0759999887682989,-0.06998979893556,-0.1360112467057973,-0.044951770786641,0.064030221608003,0.0285459998407815,0.0422680099598029,-0.0120065720849494,0.0190673629230722,0.0218209408188434,-0.0290363783048612,0.0944937617635457,-0.0088216809914187,-0.0053166901871303,-0.0992398515739992,0.0897025527553618,-0.0019353160989545,0.0826057963952451,0.0849427641421822,-0.1572754945635097,-0.2325865771036717,-0.1575856292249918,0.0530797896945285,0.0237435640423937,0.1396736544038375,-0.0066273489239478,0.052849302241384,0.0217570519625853,-0.0240563432324145,-0.0863103853120341,-0.059933933659273,0.0293081657925873,0.0035384400217608,0.060013563182665,0.0914422536097805,-0.0157838733115835,0.1071653088513158,-0.0232766944266988,0.121892805028569,0.0938332536106809,0.0792115459056006,-0.012520903898509,-0.2650365378828331,-0.2062579490774988,-0.220762447987788,-0.3282548829864101,0.3309876253286783,0.1161222778074473,0.1099210379818595,-0.0407374215481077,-0.059989621685385,0.0124466149644675,0.047498717211269,-0.0013799227954456,0.1570272463410151,-0.0194207265689144,0.0234649331842702,-0.050779032180067,-0.142678587681576,-0.1122922827095975,-0.0230838707478399,-0.008055511911326,0.031053367453212,0.1488721522841309,-0.1884671855860096,-0.2063706953852823,stop,1510,6,63.67251576419199,-0.0637977652796251,0.0326222532138169,0.065368468622769,-1.0,0.5113384939242603,1.0246200370226055,4.27356334981672,1365,0.6776386865718406,7,0.0775480760013902,0.0607972962396525,-0.1710704613203432,0.0078740157480314,-0.9354904685641224,-0.2578517819922806,0.4413937772470462,0.2202063694716941,69.21611101369504,63.67251576419199,86.55440979655177,1.5823642732108252,-0.092055101114395,-0.0052703725911601,0.0235140440108821,-0.0981332955426061,0.9226482774899786,-0.0036585881936476,0.0,-0.0466917062346314,2022-09-08,42.0,11,0.0038020337371833,-0.0172046388062426,False,False,False,0.2,0.0,0.0,0.0458755252944505,0.8922737547243593
HAS,Falling Wedge,bullish,1,0.7394777957941898,3,23,2397,2398,2026-04-01,2026,1,86.831960366361,90.91063091964396,100.17885641844693,86.61429944121653,1.3479834371230153,-0.044864616074308,True,0.0551021120712209,0.0032937242432333,0.0175326577363357,-0.004597332816801,-0.0574235554476291,-0.0092722443100424,0.029448818661828,0.0136266008066434,-0.0246881957395288,0.013776925153073,0.1721341079007994,0.0350614182227113,0.0532473612895019,0.0169575834820532,-0.0282715786723323,0.036029952032361,0.0124334139299748,-0.0643967574469572,0.00766625154903,0.0395702334408354,-0.1543666562994559,0.0230421290780964,0.0487265554436961,0.0583901548718652,-0.0270651544758762,-0.0662518636862476,0.0379610421344855,0.0386719452611075,0.0556722130187603,-0.1692361001144726,0.0126830743009409,0.0684787627882825,-0.0357285049844602,-0.0429508836621684,0.020000012456639,0.0023474480894645,0.0154203754128563,0.0331299799691295,0.0304108040696733,0.0234580394164665,0.0026399660198586,0.0007785296867712,0.0598729516703828,-0.0327139283541341,-0.0266860203812767,0.0569922627162623,0.0866214404297343,-0.0251325338325936,-0.0291100717482165,0.0045391473146818,0.040714169152902,-0.016996557338249,-0.0306154253802743,-0.062157465284875,0.0108875583319096,0.0048866183879909,0.124719033558146,0.0184537937458082,0.1687485976502369,0.0072545102878278,-0.0163563823750182,0.0685296266185706,-0.0022450042637767,0.0129314375935938,0.0381792434949617,0.0367605445927221,-0.0185471781558141,0.029666528407872,0.0671093042001843,-0.0230157468649975,-0.1932766112153169,0.0046505874501732,-0.0349282745621529,-0.0625691348692293,-0.0135367585657509,-0.0049246775693877,0.0442667139265713,0.0435423018837446,0.1258163258799463,-0.0030363166211251,0.0175947638599751,-0.0730518405922611,-0.1184242368617427,-0.0611467606914365,0.138412380750668,-0.5686571438729311,-0.0868501585945519,0.1218886735772468,0.0162840758323503,-0.0846809431628715,-0.087572237599186,0.0113303861551,-0.0347894213677906,-0.1840561864347913,-0.0812560267335809,-0.1668125906343276,-0.0583082784798699,0.0277037135058528,-0.30016318244683,0.1970655250923456,0.0599167947780325,-0.0211951382566415,-0.2160723016925025,0.1662757524285583,-0.2788418013682234,-0.2016829398261044,-0.0023579223646438,0.1053122576389318,0.0705767242058479,0.2369624820789622,0.0855828014917843,0.0996392966115979,-0.1365552052407173,0.1699933796996902,-0.0225785883921987,stop,2398,1,86.61429944121653,-0.0025066913637111,0.0256236078733276,0.0102040127848588,,,,,2373,0.4494903572961933,6,0.0795490292853054,0.1266800014372389,-0.0417229933788548,0.0,-0.9999961309659284,-0.5505057736697365,1.0312860185768524,0.085648155983904,90.91063091964396,86.61429944121653,100.17885641844693,2.5273261783972285,0.0981402551002337,-0.0567521531278037,0.0287216824489345,0.1975268878832583,0.2302157088753524,-0.0213675409391778,0.0,-0.0410149463112108,2026-04-01,50.0,15,0.0199239066524226,-0.0194304869961401,False,False,True,0.3571428571428571,3.0,0.2142857142857142,0.0193661292547349,-0.1525599691439918
DOC,Falling Wedge,bullish,1,0.7171997924928157,3,15,1243,1244,2021-08-25,2021,1,26.584885264297345,26.231313820310845,28.48810237075753,25.714339913082995,1.2816378793109806,0.0134789834168629,True,0.0336726993906046,0.0265618587222278,0.0246355825321329,0.0027905238007754,0.0264149741355108,-0.0040789830854894,-0.0478595440748912,-0.0101477945042509,0.0762265892895122,0.2115266856902919,-0.0830126515156757,0.0477917414858595,-0.027810012210685,-0.0496140506830903,-0.0316243662007411,0.0416812601121601,0.0244341616704155,-0.0310863739166825,0.0150549781726125,5.25602948053816e-07,0.0174734577267698,-0.0088627078267321,0.0239759995805671,0.0076400942038175,0.0068152455120262,0.0352238256314558,0.0088227884374019,0.0793264385274672,0.0667490914655781,0.0841501175177554,-0.0749101683224571,0.0253251822987614,-0.0328007421487572,-0.0184254044077329,-0.0134623383929555,0.0350877407185206,-0.0537860089499061,-0.0166173492155767,-0.0670635795567318,0.0047537980636152,-0.0183693636506886,-0.0370978526321259,0.0041430396351762,-0.0400448661870513,-0.0244263348899667,0.0103111935067284,-0.0237693417335176,-0.0148300281626654,0.0371212296852234,-0.0062110516135652,-0.0124666322338123,0.0179260591392333,-0.0471702230673077,-0.01544180404303,0.1147961102577004,0.0735005186159818,-0.0548110850157731,0.0345969910848937,-0.0993151513298002,-0.0308640127858143,-0.0005101565838393,-0.0952733104268269,-0.0267745034899727,0.0131652436104106,0.1898285726576896,0.0343734969074132,0.0367937398627051,-0.1137931499687822,-0.0262428857966539,-0.0158460442838888,-0.0301862415484674,0.0299950606887655,-0.0170638879373508,0.1308909026662825,0.0434021044868218,0.0974485788674299,0.0876439392022845,-0.1591502832521866,-0.0989949646731409,-0.3292244470693105,-0.019512152788978,0.0257941343427265,0.0068258873346334,0.1118723555691423,0.0660766295434878,-0.1248357597874827,0.0076801440962117,-0.0118183009000718,0.1330440159609835,0.1259012968567627,0.1033230953318657,-0.0263109617108326,-0.0057324970557253,-0.0561658348566975,0.1118433041834561,-0.1393704725396747,0.1463834547253717,0.1219977651505972,0.0938295556465531,0.1829674316499874,-0.0543992948674174,-0.1825247935284257,-0.1743189127656719,-0.1128867490468689,0.1030259931747101,-0.0939986535328386,0.0754294667499855,0.0507096542627854,0.0633258134570633,-0.1743189127656719,0.0559867495435575,-0.0295096982317027,-0.0807263301445492,0.1131423852449573,-0.0095618848740354,stop,1264,21,25.714339913082995,-0.0327458758072378,0.0382002744797393,0.0424446892547292,-1.0,1.166567500121522,1.296184273848238,2.186235448624625,1227,0.5490814760162777,5,0.0848246651633656,0.0815427495965264,-0.3707401788565952,0.0,-1.3863806509973666,-0.8372991749810906,0.5783935618344761,0.0514581969057825,26.231313820310845,25.714339913082995,28.48810237075753,0.4830586077526008,0.1078575313622574,0.0076613698190528,0.018227157371459,0.2033453511241671,0.4647865378622616,-0.0028450374235641,1.0,0.0229701811021429,2021-08-25,4.0,11,0.2336611198007838,0.1526414979124446,False,False,False,0.0,1.0,0.1,-0.0068331289979076,0.1029787086348612
DOC,Falling Wedge,bullish,1,0.725361373690839,3,27,1437,1438,2022-06-02,2022,2,22.47536116340084,22.9088611679646,27.2795600113636,21.97436386074912,2.3003066405268187,-0.0189228090119977,True,-0.1069831972030622,-0.0804072613200548,0.0022115904681554,-8.903634562962283e-08,0.0350256322993753,0.007295637169437,0.0020451605193385,0.0205867722488968,-0.0520340792066532,-0.0574300610359215,0.0220864383811572,0.0159945296863612,0.0098564504268305,0.0222288540499011,-0.0798109222945918,0.0392027463131545,-0.0107631186715054,0.0165344417264183,-0.0360493094099176,0.0304422299820974,0.0200801426281536,0.020823095224026,-0.1083995042764806,-0.1706228666190321,-0.0596870702916039,-0.0088119433405866,-0.0022650179795666,0.1775740365729405,0.0141256265040248,-0.0219694355409967,-0.0557780355522196,-0.0040882372189426,0.0348536551494476,0.0391062760598583,0.0306904124956741,-0.0447619668754853,0.0465317725894522,-0.041942167195334,-0.0168854787099628,0.0525479264245687,0.0362220063487899,-0.0442223868731072,-0.0112738132169084,-0.0082266883041074,0.0428787852542895,-0.1813381329486235,-0.0856552662494813,-0.0140908911111784,-0.0724634524777644,0.0714287650488689,0.0527560903461941,-0.0969163209366984,0.0093457271600851,-0.1381273129286215,-0.0050100751214012,0.0234499929039335,0.0010226030738123,0.0923975354546999,-0.0466191863871257,0.0623361651072804,-0.2970823094074428,0.0521130535471721,-0.0101595016037419,0.049943083791079,0.1252072180167154,-0.0249511468151482,-0.0627691650500588,0.0468707443058096,-0.0772938916508637,-0.052287682247844,-0.0526379636161667,-0.0682946969700319,-0.0023872405455529,0.0221701556958149,0.0161712442187997,-0.0187208317661151,0.2054711254846013,0.3455570366093139,-0.0222721720391244,0.0926674298406211,0.0070813918303664,0.0304979969907972,-0.0138355737644504,-0.0479081132602927,-0.0166185455978341,0.1178318142974395,0.0740232928234372,-0.1402216427328434,-0.0041874866070329,0.0435571655894519,0.0011900897816297,-0.0833763042417938,-0.0704651227541418,-0.0509917828488628,-0.003290971376156,0.0313336139062079,0.1196790142827384,-0.1327661956961228,0.0534296353857222,-0.1766481720459193,-0.0766553254676172,-0.2338429413045174,0.1712061859399793,-0.0344720184977067,-0.1907645345397496,0.0400918970300729,-0.0519276521827625,-0.1621540791158922,0.1455880154992221,-0.0247565945059775,0.0865175437676584,0.0609920062067403,0.0126606724786213,0.0467941359926615,-0.054515834542002,stop,1439,2,21.97436386074912,-0.0222909567062951,0.0051599456520452,0.0264877561432646,-1.0,0.2314815698595863,1.1882736345624998,9.589270885361554,1408,0.7442962754321809,5,0.0668244883038571,0.0842268121376563,0.3319728868003702,0.0,-1.0227169526346198,-0.2784206772024405,0.2937898451847205,0.1518094151718828,22.9088611679646,21.97436386074912,27.2795600113636,0.5561138421885435,-0.1206865527348712,-0.0956843590158801,0.0245658040067238,-0.082446834006074,0.9125005066387558,-0.0030684304758338,0.0,-0.0271991663534262,2022-06-02,62.0,6,0.0924396142712391,0.010643731494937,False,False,False,0.0,0.0,0.0,-0.0849623787647317,-2.222735567451386
DOC,Falling Wedge,bullish,1,0.78604664681108,8,95,2124,2125,2025-02-28,2025,0,18.54074321149832,18.19175542043058,21.255416419878188,16.794471639118328,1.2726984607814895,0.0191838436149929,True,0.0004878072988128,0.0344708300489857,-0.0249121841210506,0.0138070089042496,0.0799822758874129,0.0321913185685367,-0.0251726224434409,-0.0149924644080841,0.0318180506568015,-0.0629749528860242,0.0315913411936892,-0.0534223405223718,-0.0159092398913512,0.0155875434127634,-0.0011200932963159,0.0172043652088838,0.0203295213688319,0.035103860111525,0.0226715793951639,-0.0336439253517181,-0.0044283729457993,0.047493500539554,-0.0050724011702499,-0.0014635975506638,0.05450944112576,-0.0300602657599675,-0.0081591933491645,-0.0648690725489362,-0.0232480711500867,0.05772094316956,0.0101185166512129,0.0017358680973593,-0.0830843082423286,0.0426088326450222,-0.0260152455486823,-0.0081038280873618,-0.0050329374837593,0.0287353947426913,-0.0350141350191759,0.0123142534183908,0.0312191365422513,-0.0234855627683677,0.024457586431283,0.0941395203078614,0.0011870573026409,-0.0013218220181859,-0.0151220941432634,0.0500401864817432,-0.0466164860712521,0.0694588897345542,-0.0714734653060004,0.0305664560034029,-0.0597180739642079,0.0147052655920147,0.0543655379851248,-0.0720510613522645,-0.1131486658030808,0.0498798909260667,0.0368870210128864,-0.0102039844610067,0.2531518421808356,0.079044111675665,0.0417178652302299,0.0472495447026215,-0.0452742638367854,-0.0465117109250654,0.0047056668701641,0.0582080577654908,-0.0288692160412331,-0.1293667716340812,-0.0561121518196066,-0.0511450717758401,-0.3137784794206311,0.0605851037207196,-0.0181926656531203,0.1388112197030921,-0.2110205476249089,-0.0146417338524961,0.0754831973065042,0.0070813918303664,-0.0312637426969811,0.1148062040810438,0.0433096315973704,0.0599928836520717,0.1101090530185946,0.0017359934848735,0.0647295896660069,-0.0565430986394263,-0.1338241029280011,0.0335284741270816,-0.068474286571961,-0.1199312222852992,-0.1440625403600182,-0.1386083610240986,-0.0106243682355019,-0.0156866595497059,-0.0629274287073738,-0.1296391459332305,0.1462955751701022,-0.0363728571653112,0.1776083214416484,0.032761331860061,0.1320077236160379,-0.095663568251021,0.0482131084461914,0.0198833250457253,-0.2435723043203301,-0.0230446712455184,0.0444013299554291,-0.0807263301445492,0.0565631266317074,0.1538593114062503,-0.238909308107732,0.0807752292756631,-0.1418226274194453,stop,2149,25,16.794471639118328,-0.0941856295866832,0.0380488345056919,0.1034145524530474,-1.0,0.4039770681861175,1.0979865283787316,1.5545538570956872,2029,0.3783249555277073,7,0.0782973031193111,0.1361996623550943,-0.1321695422264505,0.0,-1.1091962235124353,-0.7308712679847265,1.3371720881654352,0.1293100379076628,18.19175542043058,16.794471639118328,21.255416419878188,0.3291529971027836,0.0015772058444285,0.0260834273851957,0.0177876598576731,-0.0545327536927334,0.9666658189540026,0.0064422069318517,1.0,-0.0179491886158219,2025-02-28,4.0,14,0.0047773396682986,0.0512025701237097,False,False,False,0.2307692307692307,1.0,0.0769230769230769,-0.0312238994838521,-0.8164270447679078
DOC,Falling Wedge,bullish,1,0.6102237435627844,5,73,2187,2188,2025-05-30,2025,1,15.823983208995294,15.963056830838212,20.29497376772981,15.022720535275283,0.9912501875482592,-0.0087122174228089,True,-0.0023120489871942,-0.0216736616136136,-0.1314891461067894,-0.028096424718772,0.0083147586527012,0.0113567734458537,-0.0071442470293708,-0.0287636105462572,0.0250760589933713,0.0255813217105536,0.0350256322993753,0.0244038541194786,-0.0005739603305755,0.0556161705800279,-0.0221728610198715,0.0005696937697035,0.0209762546599481,0.0416103902548736,-0.0034118264027301,-0.0212454288104896,0.031363194474824,-0.0215847408043656,-0.0030826418467687,0.0046240948364721,-0.0110966085161687,0.04615377899982,-0.0269653902892966,0.014619898611659,0.0280348374372494,-0.0211060506173572,0.0365128351626125,0.0419682798171396,-0.0103929709417183,-0.0338055568541111,0.0379934399061756,0.0212135287888182,0.0306034725489394,-0.0352727660527967,0.0455346249510932,0.0423976670072228,0.0243096763059926,-0.003922871346239,-0.0049994284305654,-0.0847941231372403,-0.0403425780084687,-0.0007629203564742,0.0181139842306177,-0.0361880367766385,-0.0332757763458826,0.011865414134947,0.0158371054471631,-0.0266797381057157,0.0571729820702473,0.0517554092858849,0.0052827808549942,-0.0385037150986502,-0.0799545409969845,0.0264902879611896,-0.0234984549101878,0.088568280924165,-0.0256560483968252,0.0698717908966943,-0.0010073112496974,0.1259186663509648,-0.0066787066117408,-0.1385625347960956,0.0780046496774229,0.0070796306327913,0.0099124756443834,0.0156158900470642,-0.0683946869780756,-0.1109289252129379,0.0422620950214025,0.0446327053222439,0.0484346771291102,0.0485969804756949,0.1336426001185973,0.0652810131627128,0.0593614804463009,0.016158032928484,0.0842723213181877,0.0941921817453763,0.0592818913733792,-0.1274185536333462,0.098692755898162,-0.023801894593599,-0.0734605069793996,0.0033437675218244,-0.0555448272572818,-0.0305630267177762,0.0004113567818522,-0.0032264161953851,0.0310466991802045,-0.0698571703518715,0.2149242362444572,-0.1998870233927355,-0.0659184631754684,0.0259555186403308,0.0153302640967138,-0.0887842706724355,-0.1582186642078189,0.1867751778978954,0.0853136290659213,0.0770888294927407,-0.0908705973498705,-0.0295480090941674,-0.1540521775427639,-0.0019134609587662,-0.1611653312284789,-0.320978092895943,-0.1028503697003485,-0.224755363519299,-0.1766481720459193,0.0371424624834744,0.0876996930733286,time,2247,60,16.315265655517578,0.0310466991802045,0.1185224907506302,0.0276516838985513,0.6131353208323234,2.340677988678701,0.5460878137248927,5.579931157877499,2113,0.6744042636480858,7,0.0840624083209202,-0.1211903865904275,0.4566468450164784,0.0,-1.2475200402317352,-0.5731157765836475,0.4015413757011342,0.1893783127748269,15.963056830838212,15.022720535275283,20.29497376772981,0.3442290420141355,-0.1314747812872713,-0.0437914931760718,0.0216161831536216,-0.1865047342869397,0.4090893327784755,-0.0057076076946797,1.0,0.0553657017165976,2025-05-30,4.0,14,-0.0836525806950482,-0.0363907532042611,True,False,False,0.4615384615384615,1.0,0.0769230769230769,-0.0257808079365597,-0.3660781342491713
HCA,Falling Wedge,bullish,1,0.705418557048607,3,19,1678,1679,2023-05-18,2023,0,274.4029458030323,269.9208354743362,287.0918716870008,263.66831020628445,1.0562681595918078,0.0166052773244409,True,-0.0617474667418164,-0.0486097856026482,0.0008971894366947,0.0168993731818936,-0.000929710939663,-0.024285096837748,0.0058182050002988,0.0191055627652259,-0.0436905177108093,0.0077866799024577,0.017156550330136,0.0036361268992164,0.0228850778686962,-0.0002328141640592,0.0256013304328861,-0.0107726712301707,-0.0229521671148267,0.0030458091826994,0.0993267691402148,0.0128279710436429,0.003401272246494,0.0778892117774472,-0.0724181743023527,-0.02561522008222,-0.0440601012644049,0.0017247074930601,0.0036122965713798,0.001416603044164,0.034772866033685,0.0303225330553367,-0.0510778563580219,0.0685387411193734,0.0029145203736111,0.0685701851015492,-0.0265941490015853,-0.0455361045612439,0.0353459959847335,0.0043959711401608,0.0027730771160634,0.0686217565801614,-0.0652964517821582,0.0638979243886184,-0.0671431602785413,-0.010852842011458,0.0278618398558341,-0.0330286427754561,0.0327695961933012,-0.0170255374574535,-0.0754866894842901,0.1472475815662512,0.0483141089343481,-0.0586244332853437,0.0182676914156056,-0.1043217707275759,-0.0110959434917033,0.0280576073058949,-0.0603131246268552,0.0274847723318771,0.0330397614735504,0.0761295082962538,0.2032621560446779,0.1467583623013464,0.0866292165821176,0.0478247477074806,0.0677231002642744,0.1450089567212413,0.0820056158070781,0.0273815984543963,-0.01099504498623,0.0315593603330977,-0.0534232245890873,0.1002551171909027,0.018974702844972,0.1590856436548728,-0.0204823856389168,-0.0097642660346659,-0.193081977937127,0.2420022855230386,-0.0501381244626636,-0.1486886668843889,-0.0916421212636312,0.0055916575636358,0.1214252814032568,-0.0442552235403082,0.098145502467692,0.0815960180269825,0.0094346431361718,0.0058175589499496,-0.0173449367722728,-0.0003668534059418,0.0395152142932069,0.0162554068773594,-0.0431002478073904,-0.1010891845457891,0.3333819423585609,0.1806354419067863,0.0837532685421889,0.0256426248207772,0.0254333926273757,0.0903837907309526,-0.0875562616563069,-0.0660303428013003,-0.0661869344286354,0.0400533521120574,0.09078757585788,0.0712252561718922,-0.1916150811482998,0.0146595871190202,0.0066180521528309,0.2035807395632303,-0.0555420743311479,0.0042504641881422,-0.0914815718027663,0.0425081765533141,-0.075825317734218,stop,1681,3,263.66831020628445,-0.0391199721465571,0.0152414414549209,0.0513376993122854,-1.0,0.3896076765551136,1.3123143114712943,1.1820546463461383,1659,0.4934142150874316,5,0.04539186074802,0.1125131674990087,-0.3433309484511252,0.0,-0.8130551493155279,-0.3196409342280946,0.600022172183739,0.0608172579787395,269.9208354743362,263.66831020628445,287.0918716870008,4.930864093875649,0.1764976424549276,0.0408895074155344,0.0181025591513175,0.2256133501709958,0.3514629926387484,0.0102377404158442,1.0,0.0178448607397005,2023-05-18,13.0,4,-0.0150224521217903,-0.0170464483855212,False,False,False,0.6666666666666666,0.0,0.0,0.1619965800469244,1.8379814521374005
HCA,Falling Wedge,bullish,1,0.6326697034368304,5,48,1923,1924,2024-05-09,2024,0,317.54569285898475,308.0292784772771,350.7342804620696,285.50244601192014,0.9295432458697764,0.0308945124591772,True,-0.0005576237901974,-0.01374224794296,-0.0324186568343206,-0.0119375844146483,0.0498765486569576,-0.1032992071959423,-0.0298637869652204,-0.0326204832038616,-0.0408000884927872,-0.0339684282486918,-0.054355160544203,0.0574999156248789,-0.0066394111250337,-0.003770862781082,-0.0325614349186769,-0.0072504971154839,0.0280432425990162,-0.001874424427585,-0.116394656590493,0.0761013768539959,0.0136123140408364,0.053635602915194,0.0108916603181601,-0.0234444360065594,-0.0313974429327602,0.0188428098549522,0.1657274203587742,-0.018931128043419,0.043334525229572,-0.3736092578954769,0.0691902929377672,-0.1306578108787971,0.1926851622876559,0.0122410001428685,0.0241294063952097,0.013201380210762,0.1657274203587742,0.0141598045977431,-0.0019268996196698,0.0103816027722414,0.0438939541342953,0.0243030343858701,0.0425521492355223,0.0585302438046804,0.0313076037899715,-0.0436985717095243,0.0450616567746331,0.0216816734997358,0.0552078286884765,0.1109614512735506,0.0159675707944293,-0.0560162271679834,0.0494264416273229,0.1053676553100149,-0.0094801460608316,0.0164046095212238,0.053497910372191,0.043994580438049,-0.0169972932995222,0.0069551692948794,0.028719038781243,0.0442410278653218,0.1512968931655356,0.0070921762314066,0.0010901865678614,0.0213946602362493,0.0140308399287425,-0.0572576672589222,0.0157668214591712,-0.0166164977859967,-0.0852295731059896,-0.0585166830425072,0.2062517164810204,0.1168227262355756,-0.1085127831967228,0.097840708293341,-0.0694752186329802,0.1650461063297295,-0.0068129491012496,0.1324807495009141,-0.1708548338005746,0.176376319096625,-0.0139434481356069,0.1500152868950022,0.1669031122969972,-0.0803651706355219,-0.057829766073704,0.125743176466323,-0.1790892328610829,0.0866835195806963,0.3051683235281384,-0.0658130807472173,0.0951549874178632,0.0912752471277638,0.2653895318779988,0.0249200390466557,0.3228742536348614,0.2043644960025854,-0.064455172171402,0.2486772542781825,-0.012828380318119,-0.0701570861198965,0.0509414904973277,0.083109265752538,0.0899022396000754,0.202796851936434,0.174528828523496,-0.3368122975217432,0.2314059727713939,0.1409208099105852,-0.0242819152010853,0.024973975559154,0.149051858820312,0.0297259476494853,0.0084025891914212,target,1975,52,350.7342804620696,0.104515943215212,0.1056122889441803,0.0301959390116006,1.0357435924482523,1.0466082799682093,0.2992390384386018,1.0357435924482523,1875,0.434325337833354,5,0.0545877470326034,0.1423650598102195,0.1813693653467556,0.0,-0.7169205756406845,-0.2825952378073312,0.8707174765653463,0.1580680481383976,308.0292784772771,285.50244601192014,350.7342804620696,7.659666794313998,0.1534032398396381,0.0057880016560019,0.0241963994523611,0.3868513393105137,0.9792348661198516,0.0007432850951296,1.0,0.0041891419555715,2024-05-09,43.0,3,0.4922222589666023,0.2124379018150541,False,False,False,0.0,0.0,0.0,-0.0398283948041543,-0.8157288135248345
HCA,Falling Wedge,bullish,1,0.6961230306092293,3,37,2090,2091,2025-01-08,2025,2,305.63163796611565,291.39827703107994,355.4106601802796,284.7435618053696,1.122458518345408,0.0488450415014554,True,0.0014239217277181,-0.0084075514823347,-0.0386349155247661,0.0284548019909005,0.0385714013263083,0.0188521999819986,0.0040558449586232,0.0276708231254252,0.0087462335877845,0.0015140986506989,-0.0316846641259233,0.0353998945932008,0.0316988208300141,-0.0200380041127544,0.0264288808434693,0.0240053132337416,-0.0120267366100911,0.0202153483151603,-0.010765311631755,-0.0233249742100178,0.0199999813214295,-0.0666306590160373,-0.0027014971486523,0.013171473806677,-0.0245326688814651,0.028204877261263,-0.0230081923176939,0.0379165025992587,0.0427492685892769,-0.0406516957461792,0.0735948146118088,0.0549645869802992,-0.0739578089874699,0.0269460112418715,-0.0113772934754355,0.0757762473500132,0.0172041587832141,0.0265054287498751,0.0302644524428523,0.0794730662787528,-0.0373735092325582,-0.0374082715328952,0.0850701099920077,-0.0062548470196039,0.0241329487981249,-0.005467068961662,0.0422329631695284,0.0168180009100507,0.0655776295175767,-0.0718001550037029,0.0776447689404131,0.071599327090996,0.0513345490452081,0.1094701987706232,0.0472684867514094,0.0570189367089761,-0.0278257209645167,0.0475556607150111,-0.1040851431661114,-0.1025062536071697,-0.0048968235998955,-0.0033726999825013,0.0892072245947555,0.026509771431842,0.0397532786256398,0.0426139474240625,0.0499338703433589,-0.0900979545021162,0.0236878182128354,0.0878964532724015,0.1310790839265773,0.0485320365866015,0.1016143980419008,0.1817191312281598,0.1726483727046692,0.0614724226525811,0.0892153079336681,0.1289304245883542,0.1177210410458367,0.0611195142306928,0.0676218780554331,0.0272081342179963,-0.0739341087281109,0.146525089459679,-0.1215219937603399,0.0016324962889844,0.0271374995050439,-0.1079094095430771,0.0626243956471552,-0.1662802624064021,0.3795580503820988,0.0276147323658553,0.0691740199313075,0.2056911211045085,-0.13693495311239,0.0889954223360489,0.0963639757848215,0.0250314262156421,0.1414565807794225,0.2523036199926736,-0.0233430525369027,0.1136356114252836,0.0647263913233104,-0.0292211671851946,0.1391261492225879,-0.0239857008359817,0.0342605263006627,-0.2112826609318135,0.1233721487986612,-0.2597013183786528,0.1075444943521175,0.0183424713457929,0.1284550605289305,0.2127384080801346,0.0260798482560498,time,2150,60,326.7734069824219,0.0691740199313075,0.1461111430211167,0.0453075351572666,1.0121453432861829,2.137879411344044,0.662934014399352,2.3831310184377474,2051,0.7521672539400137,6,0.0471912125241532,-0.1153314470709321,-0.1369716752247191,0.0,-2.12395268751174,-1.3717854335717317,0.2935593352094656,0.0829906057859722,291.39827703107994,284.7435618053696,355.4106601802796,6.8692956193790815,-0.0959982700853357,-0.045792929891825,0.0223132613401209,-0.0092523435070023,0.6959776185446407,-0.0005192489327432,1.0,-0.0218395778752243,2025-01-08,36.0,3,0.0587196301573955,-0.0250156060459443,False,False,True,0.0,1.0,0.5,-0.0073028272021568,-0.0521053724494896
HCA,Falling Wedge,bullish,1,0.6531930810050841,3,16,2266,2267,2025-09-23,2025,2,405.16935418822334,398.244712677264,430.08171825150384,384.2595975885261,3.788608234957902,0.0173879057035239,True,0.0466858304778043,0.0441726428615651,0.0593568845646432,0.0382866399658103,0.0091421837900198,-0.0211213619041734,0.0411669719155052,0.027854562573214,0.053635602915194,-0.0500629881302889,-0.0198686128834023,-0.009202597335934,0.028918430103237,-0.0401305630426862,0.0119446485205567,-0.1089306550944129,0.0486005517223155,-0.004854599103905,0.0520520010944842,-0.0107726712301707,-0.0168483768304578,-0.0097142994990874,0.0427132428722813,0.074608890300287,0.0676714049756588,0.0806601067029342,-0.0343902871215101,0.0400614135211738,0.298083577799336,-0.0404786859498927,0.019572245107595,-0.0215546248194827,0.0395299394926502,-0.0081719263575464,0.0538518240424825,-0.0448555819062678,0.1115595972258791,-0.1482773980343341,-0.0324239064374306,0.019572245107595,0.0016512932426493,-0.0177743855942867,-0.0357881879311124,-0.1793499566909471,-0.0135971796032698,0.0702148842104763,0.0609544046063355,0.0507513684162495,0.0020500537043068,-0.0032297009405739,-0.0991167550564318,0.1094228746594072,-0.0604575173324615,0.0249337665968716,0.0614962873998776,-0.3625914300521493,-0.0560044265432204,0.078318438344894,0.0562974425445728,-0.05468175365871,-0.077679390056269,0.0376317325800261,0.0275990317239258,0.1043795272108436,0.0419688926755459,0.0032289419918707,-0.0694638677489625,0.0318925623447992,0.0711546690869273,0.1742429876080875,0.1809094791652983,-0.0275535429168621,0.0755678707820202,0.0157697034212107,0.3051536059304909,-0.015000052587173,0.1466228288201088,0.1628747132973174,0.0906532255545231,-0.2026027569671203,-0.0902731475922956,0.0172678439538798,0.0230339730629332,-0.0582412626746675,0.0019006354192399,-0.0515352468107351,-0.0339948263414968,0.0954172286981973,0.0529292819978715,0.1200019940496353,-0.0160552433266439,0.1436461463195658,0.1605192823297649,0.1501506579559226,0.1383499224140656,0.1441036222528211,-0.0296325787898935,-0.0736344833151281,0.1403833359189041,0.2136738919918512,0.0349473512721523,0.2382132271977146,0.1035081838702913,-0.0724451331644012,-0.1151573651016019,0.2378854705953375,0.0788698188768191,-0.118784652064048,0.0237947428451281,-0.027580994847125,0.1131586197025404,0.1692025414677029,-0.2416374991877864,0.0822799685676087,0.1085443828046173,target,2274,8,430.08171825150384,0.0614862990148741,0.0618139215411594,0.0,1.1914229582013005,1.1977713155702472,0.0,1.1914229582013005,2248,0.5748105430881043,5,0.152147026991309,0.1407931295038609,0.1691435413438513,0.0,-0.8256597237960186,-0.2508491807079092,0.6309721720888888,0.0898525752357502,398.244712677264,384.2595975885261,430.08171825150384,11.696473840422057,0.1705661049713163,0.06274003941768,0.0287087695704126,0.2310680431718736,0.4504047879107745,0.0039780141679053,1.0,0.0351437386662962,2025-09-23,36.0,3,0.0609614815319983,0.0556458444371319,False,False,False,0.5,0.0,0.0,0.0091222126119388,-0.0808068098769728
HCA,Falling Wedge,bullish,1,0.6688372777323425,3,44,2427,2428,2026-05-14,2026,0,434.499183763391,429.2371130673391,558.8926209400852,409.6634119128112,0.719408380252109,0.0122591233047137,True,-0.0983301570380881,-0.0995838262780142,0.0091481675658433,0.0356469097692808,-0.0041418148048246,-0.0230069536227228,0.0012461645340493,0.0338383352131408,0.0093344151883447,-0.0027049467988381,-0.032733262085808,-0.0122573739402479,-0.0189648029848722,-0.0187880230710846,-0.0238869205365381,0.0457996673656364,-0.0142971842538437,-0.0006987937460487,-0.0058470861565895,-0.0249547095204116,-0.0101411588807862,0.0233799378694807,-0.0966286853932461,-0.1305326188199137,-0.1503360504551388,0.0036215747475103,0.0029145203736111,0.0299670269487235,-0.1106854042945625,-0.0205278113004514,0.0608759245719321,0.0418052582545351,0.0371716249006106,0.0267079832401837,-0.0033671478006795,0.0143599314557283,0.0365037012442914,-0.0539851424717665,0.0458217693133509,0.0354536414953061,0.031128998200739,0.0518503513363219,0.0080278735671808,-0.0373735092325582,-0.0152580553854821,-0.13978327427814,-0.1106874464839026,-0.1106335210171028,-0.0218430617539885,-0.1220222357885821,-0.0419729703801815,-0.123742205788673,0.074625454323105,0.071889273604492,-0.0184468136053577,0.180728199416319,0.1018204241050129,0.0594020700895394,0.0086810689023169,-0.0875193581400507,-0.0820347606712552,0.0769614358027723,0.0436849209229426,-0.0638946191200701,-0.0663837540033889,0.0072901241660305,0.0452265377881788,0.148781926961055,-0.1202490293254134,-0.1631744783633101,-0.1793204229937973,0.0388579694971404,0.2103920334080684,0.2172425867967715,0.0422924822821175,0.0131695184696982,0.0333416740802849,0.1587014056315683,0.0096037881620316,-0.0565789074275927,-0.0924273842139625,-0.1567721149534244,0.0211668689288699,-0.224001272505693,0.0454761212788201,-0.1215219937603399,0.0603887069216104,0.1350793088813711,-0.0597769255799653,0.000466251718733,0.0526703122049025,-0.1795629998543606,-0.0530707126357725,-0.0945314136123798,0.0811778639246818,0.2446158475355189,0.2085220139598607,0.1107070704797168,0.2304673184775769,0.0029281622636658,0.2295031329216541,-0.0681790992324536,0.2599045874217487,0.0997968564345057,0.0195212461743636,-0.0519049744990155,0.0319582764789296,0.2624515847484312,-0.242813041763758,-0.1415757232723362,-0.1728747823817751,0.0191628076661665,-0.0245344515280027,0.2005375014517154,-0.1180393224988323,stop,2430,3,409.6634119128112,-0.0571595362630285,0.0037439531917529,0.0836529508189272,-1.0,0.0655000623959672,1.4634994663704963,5.008639873368384,2383,0.7086344042021717,6,0.1198846897386062,0.122828486930278,0.1681460176788181,0.0,-1.478361491641946,-0.7697270874397752,0.3149491138061338,0.1539825948994349,429.2371130673391,409.6634119128112,558.8926209400852,10.484703159295034,-0.0592449527262086,-0.0944404752633788,0.0242794458091846,-0.0612615970267348,0.7503927785871505,0.0033913949861736,1.0,0.0662856887702976,2026-05-14,53.0,3,0.0598239801672411,0.0657901481653264,False,False,False,0.5,0.0,0.0,-0.1529296988960327,-2.789056731938493
HSIC,Falling Wedge,bullish,1,0.6289245699894771,5,35,582,583,2019-01-10,2019,1,61.960784912109375,58.76493476418892,78.36816361371211,55.93604644511981,1.3939907744542537,0.0543836245329756,True,-0.0091139695941203,-0.0296044287945737,-0.0089172663723401,-0.0128314797298606,-0.0017470478082063,0.0080125563526145,0.0067017364843167,-0.0606369309899184,0.0090981338966853,0.0062507581952899,0.0187955557245316,-0.0559720252986306,0.000813085212757,0.0048833505750196,-0.0107056561446075,0.0178773332409607,-0.0142887995325587,-0.0392293021208532,-0.0654790175262055,-0.0356023123656163,0.0427844434220487,0.0222951339052126,-0.0007190820501523,-0.0221519299069953,-0.0535864843130643,-0.0517365091435089,-0.0052757477279375,-0.0170518995429301,0.0140845421763444,0.0100423114847489,-0.0796250002001834,-0.0481199372688948,0.0136425685679688,-0.0900082657019987,0.0168172190988142,0.0223753548829561,0.0185484117077243,-0.092829721493336,-0.0656175723935184,0.0899182334729804,0.0215566788932981,-0.0493748852617637,-0.0325869100362347,0.0239545268608061,-0.0228091110661531,-0.0059471442724544,-0.0453639086434675,-0.0949991699479829,0.0282983644568557,-0.034610958700227,-0.1088720380375108,0.0147914780028204,-0.3203986706906738,-0.0003531435328071,0.0263711971741296,0.0890745940201087,-0.0440296953536661,-0.018427673127731,0.1204705930223652,0.0540276974727222,0.0012933463431747,0.0718757401985275,-0.0873596260624265,-0.0479682162169974,-0.0075609203216437,0.0690025800649676,0.127443682314295,0.0503059155222518,-0.0445326209708942,-0.0327753208713259,-0.1133403124383438,0.1245871371986564,-0.0149875559649466,-0.0013120913062494,-0.0257747821004901,0.0281941169771069,0.0083312170449403,-0.071963040921739,0.0170438620253168,-0.0542312398855749,-0.0996112363780505,-0.0414134625241842,-0.0867466244105888,-0.0817817858609138,0.0244375837378205,-0.0917262918183093,-0.015263890649561,-0.0251098390651098,0.0589676447765226,-0.0372915126009614,-0.0707261183157365,-0.0099564253692233,-0.0053385999622721,-0.1310063728872179,-0.0681818103716773,0.0717004637896168,-0.0344147538645795,0.1316224627053352,-0.116989592069907,0.0028392886054071,0.1132348678146037,-0.0328176626619003,0.134164539951858,0.0717636089211386,0.051842012229889,-0.252671548463442,-0.0226734741614247,-0.0306243875016296,0.0942187475349178,-0.0854585315713282,0.0466654561670434,-0.0081957182295081,-0.0884287055670773,0.2404303639286487,-0.0162398813215713,time,642,60,61.630001068115234,-0.0053385999622721,0.0339240251958917,0.0868417514188573,-0.0549042661032598,0.348888045519747,0.8931147983496378,2.7233345964312323,546,0.6946377276007643,5,0.0647931006462535,-0.0079557154681818,0.1695631990276935,0.0,-1.3240952183333905,-0.6294574907326251,0.2750736830455317,0.1943174593398881,58.76493476418892,55.93604644511981,78.36816361371211,1.9187662942068933,0.0177145897730588,-0.0372572431840009,0.0307804111394662,0.065558363629274,1.0,0.004058124449574,0.0,-0.0141530262429546,2019-01-10,29.0,7,-0.0727144000600787,-0.0677815672691505,False,False,False,0.6666666666666666,2.0,0.3333333333333333,-0.0255471454190393,-0.604173041661582
HSIC,Falling Wedge,bullish,1,0.6767082451906723,3,50,1219,1220,2021-07-22,2021,1,76.81999969482422,76.04423145246469,83.0425842717103,72.92306003069311,0.9218091448945138,0.0102015396505712,True,0.0442593275108798,0.0371055952783931,0.016247958646318,0.0279729811757503,-0.0213811518467719,0.0109352687175108,-0.0355290159826118,0.0413674933948449,0.0165524362061175,-0.0130651696089822,0.0514072639636873,0.0041813628633009,0.0111065725194183,-0.0644283284939986,-0.0053583592458499,-0.0051048616286416,-0.0102466566751803,0.0129621631378764,0.0132614043108405,0.0152461841256359,0.0624674086654122,0.0378330592632247,0.0359379268354847,-0.0011715222370235,-0.0108625171644473,-0.017561898806965,-0.0098347754916162,0.0201302422576623,0.0177686211220209,-0.0372016184614518,-0.0262107592551875,0.0440068972067362,0.0673021924593062,-0.074708238370549,-0.0466940745197745,0.0008718041101396,0.0609006477851663,-0.0170518995429301,0.0040700455227791,-0.0797121509401747,-0.0161556352919581,-0.0160963783003779,-0.0815128023114248,-0.0088888928781147,-0.0136171466954743,0.0103382687830858,-0.0137984582505168,-0.0191467472476392,-0.0299850019950314,0.0476518255803373,-0.0012400604523556,-0.0395974759445733,0.0542093941997541,-0.1233997552326432,-0.0258490377781386,0.1157464145357278,0.0104352553538262,-0.0128379322071665,-0.0213075764235886,0.0837490166967527,-0.0158770429251497,0.0222535191817871,-0.012086646978931,0.0540523870702038,0.0526553322660368,-0.0376057870826145,-0.089407819819121,-0.0440296953536661,-0.0131749238850891,0.0084613580898347,-0.0036386855990622,-0.0635642710288595,0.0565138951133079,-0.021226686208938,0.0379452329722558,-0.0827767840940891,0.0022712972261929,0.1232079998738682,0.0019833601920715,0.0313131035120535,0.0253396356226567,0.0376884206639349,-0.0429722535546596,-0.0720270219404122,0.0307029588969833,-0.0059154671682438,0.0123233760418095,0.1061313331481983,0.0783570778687121,0.1395833529256014,-0.059266621997137,-0.0083192388134306,0.0080708506774935,-0.014278770082406,-0.0320365759064155,-0.0794683632575615,0.1250667622931183,-0.0876774196029395,-0.1972675927233494,-0.048625321253932,-0.0959596418670181,-0.1311960348351671,-0.1328463195085646,0.0767784453068636,-0.1336891002846274,0.1514649603776872,0.0818917629719839,0.0566411544299696,0.0173199950052462,-0.1063026376697972,-0.0326928426890783,-0.027105820086684,-0.0554002878611148,-0.0557303553663388,0.0434126123038795,time,1279,60,77.44000244140625,0.0080708506774935,0.0619630585152316,0.0357979694210449,0.1590999091643035,1.221471859070159,0.7056819548200933,1.5967875084546657,1168,0.5476118021876397,6,0.1146942758320369,0.3186586718887358,-0.0321172603010603,0.0,-0.924665042955459,-0.3770532407678229,0.7530666727140033,0.0875712463174658,76.04423145246469,72.92306003069311,83.0425842717103,1.458572932652065,0.0944406372956176,-0.0051408545401671,0.0190812779443604,0.1168907030190284,0.4770664034885104,-0.002981536548598,1.0,0.030430736967453,2021-07-22,56.0,6,0.1084853415339817,0.1059616053179641,False,True,False,0.0,0.0,0.0,-0.0013370675557169,-0.0120696042296918
HSIC,Falling Wedge,bullish,1,0.6737892913204739,13,131,1542,1543,2022-11-01,2022,7,71.44999694824219,68.1878357873805,92.19854466131837,63.43651155647606,1.3975134138266074,0.0478408080149894,True,0.0331700888426746,0.0381196016901069,-0.0216420513093554,-0.0617952259561377,0.0021164505997197,-0.0549502130277966,0.0041695653976752,0.0564832181575816,0.040150381617787,0.0081915757829649,0.0034169348015862,-0.0192535810262204,-0.0137598281282133,-0.0696335261852498,-0.0131171586513805,0.0511984232170441,-0.1264468436792333,-0.0178268764780333,0.0138235478906076,0.0556060635496735,-0.0197308413296177,-0.0005983682339623,0.0423500064922027,0.1105668560294215,0.0725624697490756,0.0214095834533034,-0.0508328512208818,-0.044415091536253,-0.0026357645319586,-0.0826754575194526,-0.0168996747533448,-0.0343071298206343,0.0137511695530352,-0.0792494441534383,-0.0014536774646054,-0.0978124804992888,0.0550632467413572,-0.0285100986846971,-0.0432276785545241,0.037636603797889,0.0624092732887704,0.0488613364636798,-0.0181454001509715,0.0556608994337468,-0.0503246930850972,0.1233517224915898,0.1325402606743724,0.0705971896141266,-0.0632199770448546,0.0470370068962191,0.0542093941997541,0.0345335003578415,0.0814472915453863,-0.0569150331486398,-0.0019829726416048,0.0416537217549932,0.0323881495234079,0.0401719448006183,0.1152874776838401,0.1039489352591704,0.0365774545312411,0.1276094391814142,0.0281667764328965,0.0130606573075404,0.0769465788630128,0.0481411438976908,-0.0052229765873805,0.0230374224567284,0.0936964639109086,0.1282015962680138,0.1248135893149633,0.0589676447765226,-0.1091636691429089,-0.1789801158538916,0.1105651189100194,0.0160743844053865,-0.0802433453655478,-0.0435446667822635,0.0537975499677627,-0.0194161347391116,0.005224551654567,0.0726144379639637,0.0420738898983137,0.1036164170659004,-0.0202806624533076,0.1253288944413075,-0.0004662111201,0.006610241961124,0.0072852723720251,0.1283076359675481,0.0020161201717492,0.1141822285630609,0.1937019532318629,0.1454355415588462,-0.0287213737040195,-0.0452449571217432,0.1468799714398323,0.0520944111112802,-0.0728806459928965,0.0587976480696608,0.0688012297763613,0.2043191323453954,0.100014732080405,0.1030288394152565,-0.2295551920494919,0.0727671064310542,-0.1744680843514858,-0.1595511785875358,0.1101055664101771,0.0587976480696608,0.182345116375747,0.0747581355695601,0.1526647047365239,0.1846106903174795,0.1507237782148018,time,1602,60,85.29000091552734,0.1937019532318629,0.2107768485826196,0.0477256288084241,1.7270891866235625,1.879332706273162,0.4255321955436049,2.58920391049759,1404,0.6027743352806391,6,0.1621029725666993,0.1797520368039458,-0.0546259120310965,0.0158730158730158,-1.7759138839551978,-1.1731395486745615,0.583011116155421,0.1412100812936316,68.1878357873805,63.43651155647606,92.19854466131837,2.094285147530692,-0.0877642507625415,0.0222838851583608,0.0291927127110824,-0.1259747043935012,0.6635158717567821,0.0018988789827116,0.0,0.0173289850333142,2022-11-01,11.0,11,-0.041098741397695,0.0062402469068811,False,False,False,0.4,0.0,0.0,-0.0001523789909854,0.180906507257934
HSIC,Falling Wedge,bullish,1,0.8547159790462128,3,41,1774,1775,2023-10-05,2023,1,73.55000305175781,73.57325897977205,81.56348112492844,72.37433961896289,1.2360467926401526,-0.000316092128264,True,-0.0134603052629024,-0.0411636699482721,0.0248619477349576,0.0044614088881997,-0.0180929883413971,0.0050129397216425,-0.0145111943110508,-0.0054715229678291,-0.0092194822789867,-0.0166684342108098,-0.0097555207410242,-0.1055757336427667,0.0046974852194969,0.0019135288563187,-0.0282135425041132,-0.0701978542510564,0.0555734322824934,0.0259625625086448,0.0134191890088242,-0.0420612634918512,-0.0479027652450607,-0.015170025644436,-0.0011134135924122,-0.0652617655009477,-0.0758313136387838,-0.0428700634353382,0.0345688379353383,0.0353800893999938,0.0087709409801983,0.0435148282589508,0.032998068598854,0.0232018553302799,-0.1012079190028781,0.0101992482621458,0.0205742434519871,-0.0188216649320096,-0.0450289742674405,0.0375753187979277,0.0360529301188365,0.0240552372666438,0.061190735212629,0.0306768279650184,-0.0531030255259132,0.0516271569677495,-0.0132911506149347,-0.0740649415393497,-0.1585316543617833,-0.1793626414522614,-0.0506328910180133,0.0263700846411198,-0.0448056573637145,0.0266615043312616,-0.0092171572238479,-0.0180129302459014,-0.0637362449414735,-0.0896255398877425,0.0115170985000043,-0.0115937176158348,-0.0075349510346237,-0.0724514697833853,-0.0180577639853604,0.0319702829126975,-0.0429074662897651,0.0023059225058348,0.0021191106469162,-0.0440296953536661,-0.0197244834774782,0.1166849589678884,-0.144796604076029,-0.0545207609768363,-0.1425129127657702,0.1806250549675603,0.0799248108299379,0.0257831636956091,-0.0234339427030978,0.1617785205206912,0.0033221972611103,0.2113599853515624,0.0518332565637955,0.0894953175667809,-0.0201205370183111,0.010884946106989,0.0191697607046945,-0.0923269388500979,-0.0652059437976679,0.0316374701244557,0.0356936608328255,-0.0096405032689449,0.0814082644318712,0.2228459170122771,0.1475736906500229,-0.1116511685259395,0.0273282722425107,-0.0973165351173579,-0.0722031937591981,0.2450954153956719,-0.1547011418046352,0.1413550264185439,-0.0168671531842726,-0.0093358835195622,-0.1047395542818696,-0.1590379021878235,0.0491141411559019,-0.1508951922422603,0.060443439810299,-0.0300192460643466,0.0829796285234167,0.1028347365230231,-0.0386813097384386,0.0978911757866631,0.1020140956745272,0.0684290367441291,-0.0508864821665869,-0.0720535047113375,0.0227914656239185,stop,1779,5,72.37433961896289,-0.0159845463496118,0.0183548391312925,0.0202584015138045,-1.0,1.1482865218591725,1.267374191967384,6.816132789058588,1732,0.7905863312902611,7,0.0089770512462659,0.0134918798823895,-0.1815281007858741,0.0,-1.0705430584144795,-0.2799567271242226,0.2031823401787222,0.0935761912551194,73.57325897977205,72.37433961896289,81.56348112492844,1.202857426234654,-0.0688919606850557,-0.0274982747669647,0.0163298583550492,-0.1228863929781228,0.4444478083693105,-0.0020226741972984,1.0,-0.0423797463162536,2023-10-05,62.0,8,0.0578904353198006,0.0112338411328059,False,False,False,0.1428571428571428,0.0,0.0,0.0129428686846082,0.2833148248607072
HSIC,Falling Wedge,bullish,1,0.7886483646469298,3,59,1922,1923,2024-05-08,2024,0,73.11000061035156,71.78711180628494,83.80830272737825,68.15015899377522,1.8674404945596448,0.0184279429939511,True,0.0222951339052126,-0.0016718619311502,0.0506464496012539,-0.0696335261852498,-0.0193563043989306,0.0294529927663069,0.0395825665069253,-0.0396475935343582,0.0163934426229508,-0.0065596951745465,0.0599753215085168,0.1626736631042074,-0.0119498496801145,0.0262779664986438,-0.0270241023752084,-0.0039602181230086,0.0113423865282855,-0.0384392507228631,0.1535447602475652,0.0130902912771417,0.0683491523601669,0.0101065442837058,0.0010518840496431,-0.009985000011479,-0.0340484328611548,0.02181115733961,0.0405019533203128,0.0528819945453353,-0.0135792671245997,-0.0173396115623417,-0.0062824238842349,-0.0172621551930876,-0.0076442756993431,0.0100763917879294,0.016128977631808,0.067346980311157,0.0245329764821295,0.0100763917879294,-0.0168461923715744,0.0648850005308094,0.0113818756112429,-0.0012052365029511,0.0571202017733392,-0.0111884252228259,-0.0272536646914173,-0.0228921324549404,-0.0616878963011785,-0.0950871831821115,0.0463935850040722,0.0372647590194066,0.0203342961446051,-0.0810910527731897,0.0572675864106475,-0.0336716237788893,-0.0487279943730006,-0.0595421236628673,-0.0429074662897651,-0.0291506929369247,0.0349737303837969,0.0397998574852345,-0.049835034636639,0.0819695172116008,-0.0021146681208608,0.0466480099087258,0.0886998747386698,-0.0001370217509366,0.1280300712792064,0.0810811250976732,-0.0774521330192068,-0.1143482497682797,-0.1910643534543838,-0.0048710209457817,0.1287480378439636,-0.0723897960795787,0.0834655392466789,0.1744540009633941,-0.0649583469403367,-0.0872610201803404,0.1104796992822529,0.0496023171292647,0.1386209721176905,-0.1213076381149756,0.0835184874358001,-0.0665859186452395,0.004649969243941,0.139936836455961,0.1204725292270292,-0.046741842531348,-0.0119326614530357,-0.0980017048140959,0.0315960578507152,-0.1389229746228776,-0.0485570102875251,-0.0517830214440563,-0.0234171652965864,0.149864171219912,-0.1972675927233494,-0.0623136581853915,0.1113094902838789,-0.1259990302248124,-0.0995339427748397,-0.0951948289747361,0.0997890249001374,-0.1297677807837197,0.1453961911959052,-0.1003278888639856,-0.0224978027254566,0.1009531973797281,0.1715493869063831,0.1911887855796548,0.0204264612019635,-0.0050258358809917,0.0940642029147837,-0.0329713714837425,-0.0580682109707618,stop,1942,20,68.15015899377522,-0.067840809399119,0.028587010264567,0.072356734665084,-1.0,0.4213836850970453,1.066566500399443,2.15698462653964,1863,0.6146922644562487,7,0.1468060947914791,0.0628264937041995,-0.2762674412911859,0.0,-1.1054888703885204,-0.4907966059322735,0.544110113720878,0.1409034109103449,71.78711180628494,68.15015899377522,83.80830272737825,1.7778581891741072,-0.0060231218621715,-0.0036807069041996,0.0244345538341983,0.1617435876633313,0.661922500488716,0.0046348573763925,1.0,0.0059713489853734,2024-05-08,63.0,20,0.2685991098196485,0.127520119624579,False,False,False,0.0,1.0,0.0526315789473684,0.00791250621542,0.565727801761429
HSIC,Falling Wedge,bullish,1,0.7091673906295154,3,46,1967,1968,2024-07-15,2024,2,65.94000244140625,64.90147993855237,78.0000225882078,63.36035010481135,1.1848977342833864,0.0160015226746312,True,0.0759780758468697,0.0905818078555119,-0.0644283284939986,0.0094702240388593,-0.0058441162109375,-0.0606369309899184,0.0139631942535765,-0.044187684282158,0.0109352687175108,-0.0054822131783576,-0.0138149997482642,-0.0046441581811798,-0.0227889348529198,0.0248619477349576,-0.0129413863447245,-0.0503615883642278,-0.0750462945022638,-0.0312598442230077,0.0275241741359586,-0.0198733765354957,-0.0066349209912556,0.0010610837278908,0.0924845200613675,0.0838640972785949,0.1160383295777086,-0.0498446217063787,-0.0017480822645051,-0.0880601261883261,0.007116322537378,-0.0807326620708103,-0.062270185303194,0.0293071366396204,0.0077921879755986,-0.0097997041308198,-0.0474643459685615,0.026570094553511,0.0306289839894111,-0.0065560326167344,0.0039917840759511,0.0754059149152055,-0.029803574257766,0.0304424284740427,-0.0236966630120756,0.034378698711881,0.0205556250182632,0.0905534383100103,0.0295722911138036,0.082159912867761,0.123778931948111,-0.118752267316787,0.041848930946716,0.0038643424816322,0.0038931978090313,0.0154004371496954,0.1229050140891532,0.0026350506749965,0.00518939745291,-0.0233892195998884,-0.1244026587637707,-0.0631793698679752,0.1500594156422532,-0.0832721650800237,-0.0387585041405836,-0.0091205850434993,0.0264860048666466,-0.1505666925062817,-0.0038275008841809,0.0722705456451586,0.0319191758386379,0.0244161442332702,0.0494307048638825,0.1712349045139134,0.0434541655713922,0.1104866069943548,0.0814500330679657,-0.0787267400781284,-0.0238543815377276,0.0466529471653984,0.0926163808735853,0.0206036713609139,0.0950413271993424,-0.0425559567898554,0.0096595713220868,-0.1860524513376257,0.0788699378484854,-0.2186453285157199,0.16561841861136,-0.0106879479865596,-0.0107652639102616,0.0901587350027901,0.0046279269631688,0.0024568164163262,0.0614194005522228,0.039996996756904,0.0155626252220799,-0.031910411150171,0.0847159327946729,0.0999999571983494,0.128063614859351,0.0425718902790897,0.0373983550958094,-0.0014086482350387,-0.049619637392588,-0.002902008017255,0.0125811732712743,0.0705686994205978,0.1057707746994665,0.0258254205488599,0.0275389693324563,0.1467953820062233,0.0629424418514488,0.0142609317284609,0.1171534935165536,0.089245405936883,0.0116616824038966,time,2027,60,69.98999786376953,0.0614194005522228,0.1170761439926098,0.0344252985807521,1.5699772271286774,2.9926518047363664,0.8799651954097439,4.6750563925682185,1919,0.8344225459361387,7,0.077971837204752,-0.113639365799481,-0.0050729572988256,0.0,-1.2225267303644631,-0.3881041844283286,0.1723806773074517,0.1546385398400628,64.90147993855237,63.36035010481135,78.0000225882078,1.0078569139753069,-0.0785377763242222,-0.0402920405050588,0.0153076696542173,-0.1096687078435956,0.6075888243985823,0.0032233166470339,1.0,0.0385131772391911,2024-07-15,63.0,20,0.1436746899147398,0.1248521367742527,False,False,False,0.1052631578947368,1.0,0.0526315789473684,-0.0283500050557181,-0.1700551328443639
HSIC,Falling Wedge,bullish,1,0.6490092683386685,3,20,2089,2090,2025-01-07,2025,1,71.61000061035156,69.054002380371,80.6739974975585,66.98271253330978,0.961127549187704,0.0370144834748509,True,-0.0064236710033788,-0.0133542559888383,0.0181215062627813,-0.0084531709656084,-0.0154861797360643,0.0024756872800411,-0.0748021184430661,-0.0089172663723401,0.0075027304594619,-0.0098431792810383,0.0350925183468164,-0.0044183934104014,-0.0135331733012108,0.0129470662762123,0.0771854757805772,0.0176388422648112,-0.006654116921,0.0043466675093919,0.1145196520814384,0.0012513621608531,-0.0245932903349633,0.0186927620300325,-0.013577340087715,0.0438486155967792,0.0080918728058356,-0.0432374830631516,-0.044208156550012,0.0135606224714668,0.0107133483801391,-0.0893024382679715,0.0268629965498741,0.0148314286707045,-0.0062129686995523,0.0148094713745787,0.0,-0.0028479122421116,0.0124648210369635,0.0273972334300725,0.0209218685407193,0.0312459168656495,0.0050708538691772,0.0389960313514901,0.0130252140798443,0.0044619945000272,-0.0420929517229485,0.0435256210680312,0.1150676971587456,0.0851372220142154,-0.0465448614165816,0.0575402932254927,-0.1767199262615647,0.0230714544915293,-0.0664055327852748,0.0025538682125334,-0.0054700458190705,-0.0438410529092283,-0.0940180896070862,-0.02576686338058,0.094332376732853,0.0715071375244802,-0.0955721304451416,-0.0071797417710843,-0.0564864906104835,-0.0616878963011785,0.0028811083859381,0.0431799469632583,-0.00902435848376,0.100828916754369,0.1297087915337746,0.0416142396612169,0.0633231610109402,-0.0239233848148477,-0.1429130585365159,0.1039156908912128,0.1284638070296198,0.0971241762890577,0.0042840690157635,-0.0284303677064394,-0.0124359691747897,0.0110763817037538,-0.0592939274877145,-0.074611215141976,-0.1074380124149948,-0.0435446667822635,-0.0316696215186418,-0.0349737200355884,-0.022152743913123,0.060143865085096,-0.0104055924810133,0.0584910205197415,0.0510335246355482,0.0454772269031226,-0.0857422055203959,0.053377925071872,-0.290546682630558,0.0376088482453198,-0.1591863220369562,0.111879243677585,-0.0650345706214002,-0.0314097375793309,0.0245084540287501,0.1245787477588589,0.0591322515289507,-0.0557303553663388,0.1603460308651654,-0.0726057832284494,-0.0505026066941529,0.0850142046177107,-0.1238344689748673,-0.0811426451242682,-0.0431396811719915,-0.0540913219665498,0.0356951612301112,-0.0092717208331429,-0.0658555578066181,target,2103,14,80.6739974975585,0.1265744562205282,0.1429967571078234,0.0350510000675469,1.958814047514746,2.21295879860498,0.5424348115873323,1.958814047514746,2068,0.6927168670387139,5,0.0741442811225545,0.0354234488196887,-0.3445089450630639,0.0,-1.1628642878266893,-0.4701474207879776,0.2992321146262838,0.1240627303287488,69.054002380371,66.98271253330978,80.6739974975585,1.8821427481515067,0.0152499755844826,-0.0048321490401598,0.0262612361690702,0.1121973223715055,0.3630572010321552,0.0023689822168981,1.0,-0.0282964543296759,2025-01-07,60.0,15,0.1540330405610561,0.0531751149432355,False,False,False,0.1428571428571428,2.0,0.1428571428571428,0.0107928760378779,0.5560868561150317
HSIC,Falling Wedge,bullish,1,0.7197440869951816,3,41,2164,2165,2025-04-28,2025,2,65.16999816894531,65.22810302818436,80.67689575111262,60.12155634382452,1.3736110813761802,-0.0008907948651204,True,0.0216357787590251,-0.0049623424313662,0.0319811537693641,-0.0052968890756122,0.0519641141900002,0.0379343449595244,-0.044187684282158,0.0075027304594619,0.0116666158040363,0.0112085996513655,-0.0710441183854919,0.0055555504045368,0.0644063137056898,0.005419971272953,-0.0390218536313309,-0.0203617024656042,0.0088967848556393,0.0206342513451531,0.0021068058470905,0.0057092942568097,-0.0035048264496319,-0.0249394523882717,0.0188042785668489,0.0813258125006877,0.0192392101350371,0.0222222484523648,-0.0344002846359788,-0.0562269194075452,-0.019952114438236,0.0006160865240074,0.0900661369963857,0.0887256414054005,0.0609006477851663,0.0337570882404194,-0.013776107076441,-0.0029862288108749,0.0266449485660098,-0.0489371911585638,-0.0272002327429223,-0.0593762847913844,-0.035356255785235,0.0542852989556634,-0.0471571623970045,0.0096488014581528,-0.0059231964010244,0.0795470664637697,0.1302747542075228,0.0533223918264185,0.0710274504941843,0.0914557361427048,0.0819695172116008,-0.0295415985292607,0.0459293022383404,0.0695946152145798,0.0574372138073604,-0.1395282219856871,-0.0233892195998884,0.111889503851106,0.0225600474593128,-0.0879841705872622,0.0831260083852993,0.0817378203988079,-0.0797092434813331,-0.0604237372936272,-0.0873596260624265,-0.0266544079781868,0.0335316845272142,0.0733986866402343,0.1158213861648692,0.1169250109049888,0.0076087981514911,-0.0239233848148477,0.0952918542685097,-0.0550469624809361,0.0001308323954183,0.2043335422384091,-0.0240575701400027,0.0277532956240322,0.1740799560546875,0.0103655501826758,0.0846446757765486,-0.0242750097932755,0.0373601749726701,-0.0716787874875464,-0.081886494815165,0.0164728760970025,0.1170521164845423,-0.0154409618818105,0.1087865956140328,0.1441696820150981,-0.0620222549861773,0.0838195246387955,0.1143164767064053,-0.044881522145459,-0.0781864453251303,-0.0551878932582021,0.1482607197810161,-0.0671957018374312,-0.1291995948957314,-0.0619989259312571,-0.105680629788772,0.0928276456871344,-0.1127578953203165,0.2609311294634981,0.010347989613523,0.0087257808008314,-0.0854390996054933,-0.0464018312241912,0.0115015257583914,0.1564925021734449,0.0478207618818464,0.1271385653273067,-0.1036610926461477,0.0566572876467099,0.1105667367913538,time,2224,60,72.62000274658203,0.1143164767064053,0.1624981473811286,0.0394353194266142,1.4757037588441395,2.0976777259450303,0.5090679032956343,3.071620535470128,2121,0.5063548608613959,7,0.187022314584358,0.0829881071462936,-0.4721053250814738,0.0,-1.419632886726807,-0.913278025865407,0.9267312936186256,0.1400266990593984,65.22810302818436,60.12155634382452,80.67689575111262,2.624285016741072,-0.0796631123769765,-0.0596101355576078,0.0400226479938236,-0.0662204705930414,0.6086942099414526,0.0055240236376608,0.0,-0.0086564106494101,2025-04-28,60.0,15,-0.0428936696389665,-0.031126927263463,False,False,False,0.5,0.0,0.0,-0.0220450739814756,-0.2249937877730251
HSY,Falling Wedge,bullish,1,0.6356531445626801,3,70,1761,1762,2023-09-18,2023,0,194.20424926999456,193.316167361186,246.3433117950144,185.90748404198803,0.7908892385754199,0.0045939350077703,True,-0.0299990249166403,-0.0063926901055753,0.0305253633396518,0.0057502210547046,0.0158931856095796,0.0166040985680291,0.0074721663636161,-0.0430695837075667,0.0199010540155715,-0.0185731096219329,0.0526066239249471,0.0043730342397423,-0.041347218301677,-0.0219045961833198,0.0588318563765908,-0.0323689899768772,0.0033860295467447,-0.004511766121992,0.0686982533292523,0.0160578977459215,-0.0026399006049308,-0.0005765819731421,-0.0367544267977859,-0.0627765752262192,-0.028056230832551,0.0412717507796664,0.0167979220247229,-0.0253790153333561,-0.0221228368299368,-0.0185202567317576,-0.0313245207027463,0.004481145183778,-0.011884540514739,0.0251911925969512,0.0402231671348638,-0.0191849764637155,0.0249064816862045,0.0066206722330082,0.0379085937151568,0.0342402278684859,0.0001322134296346,0.031094620427569,0.0016562786425555,-0.0480785498320494,0.0403354481340669,-0.0691948260986374,-0.0965903962131998,-0.0815908872159787,-0.0186915635887446,0.034259854245725,0.0449894087173534,-0.0028087884801942,-0.0552927426790303,0.0332233765113507,0.0322319869434959,0.0170088547603639,0.0177914224246384,-0.0517785218426559,-0.0095413124242779,0.0195789819708853,0.1017977902937739,-0.0249328851794743,0.0428687547170578,-0.0647426206893753,0.056752154947101,0.0273321150140395,-0.0716683431296311,-0.0012230498957362,-0.1029481398450331,-0.0830742491755144,-0.077449529621998,0.113703699940177,-0.0183653669227624,0.0331303190029872,0.1315730684063916,0.0937971932885128,0.033244089139556,0.0064137730490743,-0.0195472245926766,0.0234044860694753,0.0646310572627302,0.0611150846933483,0.2129758549203846,0.0206271686516197,-0.0094450654148722,-0.0851813895351177,-0.0235991973926498,-0.0206304816827558,-0.2078748637113213,-0.0606338851860949,0.0082719741220367,-0.1009547638809165,-0.1248858735231289,-0.1732728845969297,0.0464298880402878,0.1230101498002018,0.0623372991478876,-0.0217647291653406,-0.0022097356772956,0.0195950035214764,-0.1339811507985753,-0.187920585302586,-0.0559649765868223,0.0345874050576018,0.0422151177811684,-0.1208490895729159,0.1392850375322856,-0.0260236236158565,0.0957934927706534,0.0336439793670599,0.0782169642166399,-0.1709506186566892,-0.1147921793178056,0.2322574889585265,-0.128531630398124,stop,1768,7,185.90748404198803,-0.0427218521695262,0.0024018544523917,0.0494018493594494,-1.0,0.0562207472386926,1.1563601962624663,6.284263938073045,1691,0.5231683250389527,7,0.1691479675393643,0.0662099321255589,0.0066329813392231,0.0,-3.0038940255469493,-2.480725700507996,0.802206092631731,0.0722659719131544,193.316167361186,185.90748404198803,246.3433117950144,2.8267341657612195,-0.1120116249865268,-0.0535083353548143,0.0145472471839104,-0.1180314480514856,0.6099083054218314,0.0035790209342156,1.0,0.0199193524684655,2023-09-18,57.0,15,-0.0033712200900107,-0.0444301803939043,False,False,False,0.2142857142857142,6.0,0.4285714285714285,-0.0046061259257473,-0.0271889173467662
HSY,Falling Wedge,bullish,1,0.6136154417197306,3,40,1800,1801,2023-11-10,2023,0,175.12589273754156,172.0299436585567,195.56440921771377,166.06461885971152,0.9625407926963556,0.0179965709058746,True,0.0298778412937921,0.0035592212420654,0.0106997748763926,-0.0174383230667231,0.0077976102366483,-0.015405033462412,0.0439265366715633,-0.0106643187992381,0.0272422771041767,-0.0264118716648811,-0.0686648473610292,-0.0379835669930955,0.0086719893236268,0.0070660706885099,0.0144456575859894,-0.0011199189757595,-0.0086502571178881,0.018277213089703,0.0269962993546521,-0.0088404175860168,-0.0026347722725016,-0.0315092550517966,0.033087798964796,-0.0100561120980243,-0.0447759263638548,0.0196533164411552,0.015041065786874,0.0143758851986788,-0.0037286259600674,0.0051678129286203,0.0043339451402599,-0.0330834822539189,0.020778958531658,0.004481145183778,-0.0162580667962296,0.0332132829163105,-0.0298683744523046,0.0561597629560965,0.0073769145780444,0.0048135516178324,-0.0063830788313361,0.0421987746418444,0.0095306985273631,0.0621707048810398,0.0529965555154989,-0.0232046494255842,-0.0211956465915057,-0.0730135055502194,-0.0111476210340609,0.0208711493276239,-0.0644426831664555,0.0868893736321119,-0.2378597080167961,0.033528272607705,0.0191902883850183,0.0337650382083747,-0.0081644075413243,-0.0593393683191586,0.0305405390037973,0.0086820978013695,0.022036480046252,0.0732734148641163,1.0563737795621365e-07,-0.1087340162954524,0.0557887820145528,0.0115546544346236,0.2531229515313522,-0.0011883827582148,-0.0291139946096464,-0.0035405879258522,-0.0929290709237352,-0.001263194288786,0.0690411368229557,0.0789894364724557,0.0040367582620213,0.0764836667731427,-0.0349759337670866,-0.0306585824699023,0.0705809954234419,-0.0094126984299153,0.0421928491760013,0.0919467982836972,-0.1013735416665837,-0.0479211705753171,0.0048383415016319,0.0287833034684348,0.1016072079160224,0.1351425236877612,0.0227455348383089,0.0531784654321902,0.0032376468654016,-0.031400565112146,0.0630335723578168,-0.0760970289938904,-0.0467644077981992,-0.0260236236158565,0.0380362927101693,-0.1983625439343725,0.0943355562842813,-0.1706851328153904,0.1001880082200419,0.0364334349796422,0.2499824455656656,0.0623766032131465,0.092438255433217,-0.1052414660942315,-0.0078414948884658,-0.0369535092930323,0.2214043783235177,0.1064149698334091,0.1188766824742211,0.0785942755587689,0.0111358268032961,-0.172641351872065,0.0407484124034286,stop,1827,27,166.06461885971152,-0.0517414857174206,0.0440253795989215,0.0575565712636952,-1.0,0.8508719645075591,1.1123872935932484,2.2555897499333435,1760,0.6227127996530453,5,0.008457333380229,-0.0858042380940068,0.0293724196369011,0.0,-0.9953262609826518,-0.3726134613296133,0.4051421465682551,0.1065239711660161,172.0299436585567,166.06461885971152,195.56440921771377,3.2735845280084725,-0.1783567384762185,-0.0334047903225782,0.0186927508050904,-0.2961101500326982,0.8563216626838873,0.0016436325986797,1.0,0.0211124147846084,2023-11-10,57.0,15,-0.1634046705504178,-0.0860228705686579,True,False,False,0.7857142857142857,0.0,0.0,-0.036485505579992,-0.5930974048401837
HSY,Falling Wedge,bullish,1,0.6257177025774942,3,38,1964,1965,2024-07-10,2024,0,172.56976262913795,172.15733508662106,196.28737029902868,166.10232235509102,0.8113809608225492,0.0023956431615845,True,0.0488754121844114,0.0568904827317262,0.0155864159725631,0.0217115669943832,0.0027104704198444,-0.0373136504649951,-0.0278480212909354,0.111167841286887,-0.0227032799818687,-0.0143322065932215,0.0101964254335802,0.0109588410063932,0.0256312767544761,0.0378447178093406,0.0165312673014523,0.0205323916498894,-0.0132899763846693,0.0146650668525942,0.0017978302655443,-0.0012839957205968,0.0019579619344336,0.0427731946460658,0.0380107052898534,0.0386028385382808,0.0745995070784774,0.0477644794884799,0.0287015688705354,-0.0787573701288575,0.0389133585450716,-0.023151833490035,-0.0209072031828299,-0.0141958216508011,-0.0185335770424505,0.001197062677865,0.1142051294450534,0.0287015688705354,-0.0363125043943064,0.0495691070405039,0.0122610793940907,-0.0545363856127503,-0.0459883025170805,-0.0063759382964435,0.0188709137001581,0.0128501341538265,-0.0280104459073567,0.0372895875401204,0.0803417010762406,0.1565387693704725,-0.0995114330363923,0.0149050000406416,0.0160337295329418,-0.003496035825619,0.0137113562970332,0.0627936643118318,0.0075171920943259,-0.0538712420129767,0.0300672379493724,-0.0841223168819097,0.0495948147627531,-0.0149226427465635,0.061029468862495,0.0021678811763545,-0.0617985298965286,0.0367081722735513,0.1185654675517471,-0.0388777723320827,-0.0153522455612433,0.0143976789237849,0.0775647288020647,0.078555862363826,0.0996267120764642,-0.0840679685941123,-0.0561175727375793,-0.0030110979571914,-0.0469693334817332,0.095771777491014,0.0933420320086255,-0.0366897151387114,0.024344359353599,-0.0934990487806778,-0.0428808116563798,0.120446852902994,-0.0035506186172873,0.0002850923055053,0.0490414806754626,-0.0803070122767756,-0.0852170738617099,-0.0684238193255234,-0.0840747884777571,0.08981781629806,0.1321608986620479,0.0825357899242325,0.0398455071160039,0.0253797051206046,0.0596689806387498,0.1651701817009114,-0.189063214597837,0.075340608812114,-0.073152246673791,0.140090808745851,0.0403929725882401,-0.023069293154033,-0.0075235929086093,0.0835989265735965,0.0037900368802696,-0.1060273997914795,0.120519520308725,0.0270914267743271,0.0212444580432964,0.0284055763115598,-0.0450532526344927,0.0115247248783814,-0.1729093177773391,-0.0286035664764221,0.033273690203903,time,2024,60,179.44589233398438,0.0398455071160039,0.1203153263556248,0.0037846679369675,1.06319183687548,3.2103562507033936,0.1009857408553862,3.667232578098425,1926,0.527583642911723,6,0.1269507853842729,0.0739847603694776,0.0741546831225918,0.0,-1.2534107041730156,-0.7258270612612869,0.5961549878808408,0.0837399422350142,172.15733508662106,166.10232235509102,196.28737029902868,2.9669716763857616,-0.0231152880838186,-0.0397016107491313,0.0171262162959003,-0.0166307972028747,0.9752715352272706,-0.0013680618076404,1.0,0.0512844846480513,2024-07-10,32.0,15,0.0211606534681603,0.0178818720156692,False,False,False,0.2142857142857142,1.0,0.0714285714285714,-0.0196879499187153,0.008753170420753
HSY,Falling Wedge,bullish,1,0.6806141806940036,3,28,2041,2042,2024-10-28,2024,2,170.7831702272828,170.64919698658423,191.81113084923504,168.1748618413519,0.888306127021801,0.0007850798190929,True,-0.015238925110047,0.0020759100946604,-0.0024838928148709,0.0442634079440016,0.0013686286459475,-0.0471014092948459,0.0081678519272068,0.0355170594520215,0.0487457522486916,0.0247343014405525,0.0049023143702888,-0.0464982584724384,0.0187237217819189,-0.0255673616977986,0.008239840955645,0.0013768154529074,0.0264047275841592,0.004827028284742,0.0155864159725631,0.0360347297738512,-0.006883860940142,-0.0328471526157877,-0.0211144581099777,-0.0179346719039557,-0.0505467611754248,-0.0222542803949838,0.0045232713393159,0.0003486483296453,-0.0577777480890191,0.0126145656075602,0.0466712067193682,0.0069856180323932,0.0395591962184294,0.0523116964097607,-0.0120721973137047,-0.0238480432418709,-0.0085576770746045,-0.027652092640622,0.0428545532058486,0.0428545532058486,0.0639444957147392,0.0198991341927745,-0.0242253441712921,0.0652716649045666,-0.0557067225144719,-0.0262218968259397,-0.0264707864701108,-0.0569616010113771,0.205733833005044,0.0337484982440332,0.0453276424303741,0.0682060722888531,-0.0430259727336687,-0.0500949411567651,0.0337937245004451,-0.0146654898175031,0.0855892518831997,0.1126266762049079,0.0172799419866163,0.038617661547057,-0.0687424075549275,-0.0303154274273427,0.0375425682712788,0.0653592246503369,-0.0351314894406965,0.0262933702558816,0.0222969324740982,-0.04785115036488,-0.0516002124324279,-0.0544775335536907,-0.0949601568636347,0.0446341420404652,-0.0325373526653829,-0.0877013558477959,0.1228257638158858,-0.0136200158241911,0.0569420061409449,0.0187037653587642,-0.0054231625252334,0.0840417123011929,-0.0647796008872864,0.1316288495391417,0.0625456764309615,-0.0775098508782999,0.0333800848997911,-0.0113010311259446,0.0099492199166784,0.0227136697259,0.0823541206819142,0.2553995377054605,0.1048907216236278,-0.0913343785750205,-0.1474824955170864,-0.1846254565954371,0.0330710151610365,0.0479051512760928,-0.098908442912142,-0.1147921793178056,0.15616656657364,0.0825636017941862,-0.0272104280780008,0.0516275237962435,-0.0277816949547722,0.0173037312552357,0.0026842225454588,-0.031221669861422,-0.0108368547876924,0.0793570058194168,-0.0939815804369088,0.1233715481836048,-0.1706851328153904,0.0854151281046169,0.0729166749232759,-0.1721844743598665,-0.1477214811125268,stop,2043,2,168.1748618413519,-0.0152726312695781,0.0091874243807692,0.0274521550728495,-1.0,0.6015613301075268,1.7974738333093974,8.061915046309812,2011,0.7258196019350824,6,0.0562061031186552,0.0120044271808867,-0.0512617618220289,0.0,-2.0394990176539194,-1.3136794157188534,0.3285473576559233,0.0530309406789325,170.64919698658423,168.1748618413519,191.81113084923504,2.4160032292214004,-0.0439858540177683,-0.0491310584365739,0.014063053460257,-0.0368936696274261,0.515628352764463,-0.0002206051930457,1.0,0.0123220967561756,2024-10-28,32.0,15,0.0081726117595031,0.0210092341545558,False,False,False,0.0714285714285714,0.0,0.0,-0.0063681024043962,0.1870794813075684
HSY,Falling Wedge,bullish,1,0.6584898637753395,3,47,2111,2112,2025-02-10,2025,2,145.67140259082552,134.54913756345604,209.85293280075712,132.9339245770468,1.9314120350349813,0.0826632205065156,True,0.0688590309740959,0.054022056497941,0.0001653553514051,0.0093730076706985,0.0163549888918943,0.0192129126904196,-0.0027716755202373,0.0247398387545267,-0.0311278810919164,0.020214879723984,-0.0010209597740503,0.0110677647416501,-0.0530828378463436,0.0494719806744201,0.0071179559284877,0.0078310608250584,0.0156633629188822,0.0196501677203124,0.0104607008228276,0.006379174503315,0.0244625198580072,-0.0702481470460548,0.0646633224842316,0.1715543957880916,0.1853457567831773,0.0201314166770825,-0.0544246458790983,-0.0850690784834256,-0.0423949067669534,0.0107278183700951,0.0462619628601965,0.0168752663230375,0.0318081101301781,0.0245020623693918,-0.0081031485872424,0.0011430493008015,0.0229580173376779,-0.0018910825004518,0.0274936243456316,-0.0375629193892753,0.0118283501206557,-0.0024753370532096,0.015620909984934,0.0206427754203413,0.0022945967732004,0.1705360537204132,0.1773909547244441,0.25477876790587,-0.0557462612601864,0.022200511924598,-0.0011883827582148,0.0059995581013285,0.0118550419386718,0.0079396504600717,0.0118758609951235,0.0287695464526009,-0.0179152208278945,-0.0089856617265736,0.0294024171259268,0.0420450561767025,0.1047502829471436,-0.0172585618577366,0.1054877796976971,0.029165747100609,0.0504903687924589,-0.058293752780447,0.0253285991750829,-0.0042575156669723,0.1618077015239446,0.0433491204011677,0.2169055650701494,-0.027353019015171,-0.0856412191899167,-0.0470842359303341,0.0664492508361405,0.0772343394048653,0.028852994479569,0.026169242565277,0.1513522071347508,0.0204301798275359,0.1819127846421466,0.1663624047624581,-0.025752102180078,-0.0643404219443242,-0.0537694746243052,0.0174688419004838,0.1456835828633287,-0.0368552937323137,0.0178125572776113,-0.1295923816312233,-0.0573504809909274,0.0247496325783891,0.1061074221759443,0.1720137961199668,0.1082924663213666,-0.0861851019530978,0.034410271777552,-0.0075235929086093,0.0940231465197343,-0.0790924998714756,0.024533561629686,0.1812988543232003,0.1492908253106397,0.0399609525231208,-0.0954727775530892,0.0255842519156805,0.1171230271371994,0.066914481802667,0.0598089537837904,0.0516689847869917,0.1686542618207911,0.0612905942475894,0.0710766387704677,0.1474628919079497,0.0494514125613366,time,2171,60,161.1282196044922,0.1061074221759443,0.2682166729334052,0.0020155887675075,1.213491163395636,3.0674438772093207,0.02305115993068,5.038794189909768,2062,0.944718089330942,5,0.0223284070899272,-0.10479538397302,-0.323369727714252,0.0425531914893617,-1.585381800166185,-0.6406637108352462,0.0359951982590478,0.2832379713611815,134.54913756345604,132.9339245770468,209.85293280075712,4.051088918497775,-0.1547526377200041,-0.0627946644768127,0.0276891509935192,-0.2240942819588088,0.5194347242366572,0.0034209626513093,1.0,0.0419646089342309,2025-02-10,24.0,16,-0.0898483006694826,-0.0710376070942826,True,False,False,0.5333333333333333,2.0,0.1333333333333333,-0.0490914573857166,-0.9176730884607444
HSY,Falling Wedge,bullish,1,0.7352284989767078,3,29,2153,2154,2025-04-10,2025,1,157.20196616491984,154.9597857056351,194.21934748107515,149.576343112573,1.0808018795527798,0.014469434434712,True,0.0123360666228509,0.0058351505627787,-0.0048172217195093,-0.0036955458880121,-0.01372744269966,-0.0212877688567183,-0.0399286731977298,0.0032773307190228,0.04093150422522,-0.0218322594692167,-0.0024814952470432,0.0170605965629042,0.0234124066407812,0.0451392011616098,-0.0369331921589733,0.0307519404807816,0.0081388786576217,0.018303969471664,0.0002762423355864,0.0171012616835661,0.0145744707776924,0.0437241968514083,0.0064366466063011,-0.0077782019236335,-0.060607048985512,0.0283598746797684,0.0375182364337025,-0.033626037074096,-0.0279518568492082,0.0660076674445786,0.0070502958859075,0.061317672377954,0.0799290864973845,0.0152769064763904,0.0308717120723847,-0.0259813213040497,-0.0228000789711149,-0.0174450445800352,-0.0387330895485757,0.0236588560913495,0.0455575055437278,-0.0123028253932053,0.0357551340360353,0.0024750282540322,0.0072704241265393,-0.020888609233607,0.0385270816157228,-0.0404964615996561,-0.2250192315671503,-0.0547170057083247,-0.0360576004579368,-0.0133955072323644,-0.010259756556302,-0.0958664714084326,-0.0124132695505938,0.0855494356302586,-0.0142126094804549,0.0251283818887204,-0.0725722648775279,0.0095119070972995,-0.0233816796317882,-0.0148687799348312,-0.0644913311418551,0.0248385184955173,-0.0436835320228116,-0.0181503783363742,-0.0710649417076315,-0.0766231338055285,0.0736145441311284,0.0228413979524975,-0.1237525277630049,0.0102462093460844,0.0234044860694753,-0.1264415085790186,0.0885818227836041,-0.1307037744391935,-0.1226528702651579,0.0418891641429739,0.0795417381393521,0.046262487022133,0.0447010853762754,0.0431559593948152,0.1197498741989757,0.0725537891137524,-0.0037422600403292,-0.0941145691845402,-0.0183653669227624,-0.0551360262459381,-0.0262647310293555,-0.0245079080256686,0.157016583549306,0.0165826887322583,-0.0075540791292129,-0.2042902068212918,0.1737423824669064,0.1759806549436215,0.0338874934838335,0.0336005010461533,0.08767074293062,-0.0240263884522474,-0.0658981396956264,0.2095285978012779,0.0273287756315478,0.0985193211632513,-0.0263491412555894,-0.0601858445569275,-0.0371998023851909,0.1206294180172518,0.0516123235917551,0.0242875497156074,-0.0827193919912614,0.0709423541141565,0.0429110254689055,-0.166859413445628,-0.0419242300588337,stop,2181,28,149.576343112573,-0.0485084457808042,0.0421731603260471,0.0735538048833025,-1.0,0.8693983005890467,1.5163092467582044,4.854341876335331,2123,0.7739478363583331,5,0.0235449597884243,0.1370501590632431,-0.057773068920776,0.0,-1.145577907043409,-0.3716300706850632,0.2029680025199358,0.1938057979750083,154.9597857056351,149.576343112573,194.21934748107515,5.60958107657702,-0.0713539677843819,-0.0117129965898162,0.0357861148592009,-0.1105809710431778,0.5776174776695336,-0.0032285639827814,0.0,-0.0458123982045841,2025-04-10,24.0,16,-0.0356560019673548,-0.0082381608123558,False,False,False,0.3333333333333333,0.0,0.0,-0.0428833086176321,-0.6758394236872162
HSY,Falling Wedge,bullish,1,0.7049103063518094,3,33,2400,2401,2026-04-07,2026,1,204.133259521063,203.18446303761448,246.09713112763848,199.63928427976865,0.7970119484225974,0.0046696310793845,True,-0.0464982584724384,-0.0732136021713534,-0.058538272806312,0.0165312673014523,0.0011202413240829,-0.0007405004303884,0.0177071373100783,-0.0146501538737876,0.0369396326223483,0.0280101737206275,0.0157807161129142,0.0192581368932223,0.027849157324989,0.005414982107581,0.0155090906064856,-0.0085535396348502,-0.0023457082405985,-0.043709094556855,0.0271570238004228,0.0344139708894015,0.0216953305522198,-0.015526777393214,-0.0526643991539294,-0.0897645655204819,-0.130702465732666,-0.0368458138027792,0.0167411746005394,-0.0557067225144719,-0.0139712432813438,-0.0246063705961759,-0.0154170803209012,0.0756232587990168,-0.0423949067669534,0.0443223877663345,-0.0363125043943064,-0.0459179184701453,-0.0627765752262192,0.0390033363289517,0.0295338160369973,0.0107278183700951,0.0247779726908374,0.0421718743881356,-0.0900195881708375,-0.0030438057056053,-0.0666193907563119,-0.0792280514692247,-0.1080938063056151,-0.1781421292950427,0.0320880712902647,-0.1320350151566197,0.0064905279485156,0.0627936643118318,0.0131651766265827,0.0421428504767522,-0.1153405905292387,0.0686454701674261,-0.0055831362737551,-0.0493327898410594,0.0261078124486593,-0.0134140537425435,0.0351945212435338,0.017425415221409,-0.078368479348359,0.036734939362885,-0.1082247859208398,0.0347160150565855,0.0596467198523198,0.0147926203644273,-0.105476053983554,-0.1095484249006099,-0.2246446594125818,0.0421049214505808,0.0999532418266047,-0.0739306860087729,0.043832227680655,-0.0524333014387229,0.0291279730763227,0.0783350099249091,0.0395957415500176,0.0967688202728958,-0.1269265351945604,0.0538340412110958,-0.0093043906164297,0.048143233445187,0.1593292507158594,0.0780214154529599,0.0302023167915497,0.0627759395607803,-0.0126089119123808,0.1104305771140694,0.0917365984022933,-0.1489977990658555,-0.1147005852951944,-0.2186475890405929,0.1798798833270452,0.0994416072264061,0.0359729580913459,0.1195741458166401,0.0342215983999003,0.1184838461332231,-0.0189202429346222,0.1035855960053699,0.0699386793118264,0.0281224765987908,-0.089901512362494,0.1133004184570336,0.0353402011721442,-0.02686551049787,-0.088462866226108,0.0654522140250148,0.0175353757533938,0.1184838461332231,-0.0040863120162613,-0.0238255871830679,-0.1590641260567411,stop,2403,3,199.63928427976865,-0.0220149095342823,0.0181843799851949,0.0247443941138805,-1.0,0.8260029393660512,1.1239834565455629,9.337806586243858,2366,0.835814282538589,7,0.1488263109036066,0.213543693959918,0.0582025906591106,0.0,-1.253781470306768,-0.4179671877681795,0.1239266413834808,0.1488340290767962,203.18446303761448,199.63928427976865,246.09713112763848,5.402799523705866,0.0948665518712994,-0.0425978979198011,0.0265104999735767,0.0759193655201995,0.3564010369643141,-0.0015867236638066,0.0,-0.025431899005892,2026-04-07,7.0,20,-0.0286138364651855,-0.0415987625367113,False,True,False,0.3684210526315789,3.0,0.1578947368421052,-0.0060810380616602,-0.6158961267440948
HPE,Falling Wedge,bullish,1,0.6841872546800861,3,35,637,638,2019-04-01,2019,0,12.73244335200055,12.644277057059298,13.844413517992646,11.945577468822211,0.893299179711904,0.0069728221347402,True,0.0163213653247926,0.0067069243047548,0.0259067985088805,-0.0015923000234081,-0.0382688216092946,-0.0716722345431039,-0.0430314076288957,0.0090973421588402,0.0025396920029587,0.0449087864801935,-0.0481638253074838,-0.0184676970427113,0.0223330710976727,-0.0022857938345892,-0.0330006229364676,0.0596672189186804,-0.0619358330052549,-0.0278174043390785,0.0191899191455093,0.0674413600234711,0.0108766357440561,-0.0492660747186559,0.0229984248702267,0.0351537548941012,0.0214142996809032,-0.0734337387791503,0.0645837165411853,-0.0380339837622667,0.0349945764131827,-0.0456917998478209,-0.0326712828067261,-0.1330355745444232,0.0485733761744089,-0.0515464040518549,0.1441943433733516,0.0580501900011078,0.1218310435599745,0.1097844639576981,0.0510751925054109,-0.0847851721956376,0.0467289850853063,0.0223260154163629,-0.0207577892643147,-0.1490773652353251,-0.0034681062271632,0.0316717205784359,-0.0075329947963308,-0.0354316740301851,-0.0358466784391821,0.0742468550312924,-0.0377890712002418,0.0443254345641817,0.0525359083842627,0.017745081464171,0.1425472547986499,-0.0101263629998441,-0.0909090252135089,-0.1302771683041605,-0.1080680600593775,0.1700729312111693,-0.0706587807856389,0.0444707057929827,-0.03436863684902,0.1413520643241321,0.1336427895736358,0.2059904925089017,-0.131399126648905,0.2038875611603119,-0.0366017032120214,-0.1129945261867048,-0.0858306778810287,-0.0489966528934318,0.051023981124407,-0.0293665418816625,0.130435033500045,-0.0662761523266173,0.1938993390004182,0.0408301470781593,0.0840164248919892,-0.3304755962669984,0.0670624808235849,0.0318840757731804,0.0859554575408614,0.064007715952906,0.2140262321440726,-0.0848895321887713,-0.114865116561702,0.1102354708085839,-0.1276939866909423,0.0924742306558015,0.0377517241475588,-0.1330464629182769,-0.0533905337626549,-0.0738172853012587,-0.0468837893198595,-0.0672449986648862,0.3311759358878789,0.192495231511935,-0.0416540359212538,-0.123695381887955,-0.0672740255955476,-0.0844245919178386,-0.1122275183017481,0.6302729731396901,0.1699271133440549,0.0500603977682048,-0.0614598352976455,-0.0980134355745177,0.2103381126379802,0.011116127487359,-0.0759652217013853,0.1450210692031011,0.0550839147101456,-0.3329558270319631,-0.0875751444864423,stop,664,27,11.945577468822211,-0.0618000694308765,0.0489640511459736,0.0668550544263173,-1.0,0.7922976721043974,1.081795781816957,1.413163526039008,602,0.4461824988645005,5,0.0200200534247153,0.242778933843816,0.0605375662517364,0.0,-0.7058949486610113,-0.2597124497965101,0.9210588925478208,0.1153464529372299,12.644277057059298,11.945577468822211,13.844413517992646,0.2674142223563694,0.0424723566996478,0.0140445599480911,0.0210422163837017,-0.008657976453357,0.9729723460137724,0.0077768627342098,1.0,0.0275199718493364,2019-04-01,38.0,9,0.0433365284087789,0.0909666069718342,False,False,False,0.125,0.0,0.0,-0.0300031663330562,-0.2991377803192853
HPE,Falling Wedge,bullish,1,0.676245285738734,5,56,688,689,2019-06-13,2019,0,11.480638287834417,11.423082754370183,14.271408698773662,10.681586243541606,0.6190629008792133,0.0050385289769709,True,0.0526313583094921,0.0298144984768617,-0.0119759196734487,-0.0303664648672955,0.0069815250791567,0.0272374197711706,0.0675777576396334,-0.0661947659918918,-0.0025657448018939,0.0300354970792209,-0.0392422788263063,-0.012540828977604,-0.0113773798734192,0.0125447400964187,0.0706095258063974,0.0323556302315015,0.0061349087762023,0.0038933641366813,-0.0085637318800839,-0.0012555322946129,-0.0258300517186655,0.0016339196807595,0.0501767788398961,0.0505262476074177,0.0378811735244242,-0.0935342864243498,0.1135751274263376,0.0414805964158631,-0.0443350543939752,-0.0015125416944294,0.0751705554612021,-0.0067757118492567,0.0955691395374167,0.0362205665631945,0.0818712891921242,-0.0145293714716956,0.1901914370339144,-0.0396040522885463,-0.0471501417659357,0.0501411761397478,-0.097549038337894,0.0593954117812094,0.0122949677334793,-0.0706774137346463,0.0348993659702496,0.0317691465427172,0.0463157769990976,0.0018842980879785,0.0496190596203336,-0.1171106756716562,-0.0929846557725094,0.0684101548901063,-0.005643017416083,-0.0238120158158126,0.0114142152214427,0.1458334652115125,-0.0433762535204153,-0.022323976318397,0.1430454813890074,0.028604061642081,-0.01159420274544,0.0393651842518105,0.1336427895736358,0.1332428501173634,0.0870661773184553,0.1021257088000637,-0.0379436308035552,-0.106982379182854,0.0222858599596431,-0.0603510843941204,-0.073412874214632,0.1341262498307864,-0.1271640024149789,0.052087679592538,-0.0119520427410588,-0.1376855884982403,0.3374386545375147,0.0908614274239325,0.2604112420620523,0.0427052435581538,0.3199799780957755,-0.0821896085608492,0.1105885756195106,0.0067134550733587,-0.0002608894591832,0.6669134987958876,-0.0223113984202911,0.120848386748801,0.2602922157091205,0.0017656666792618,-0.101096087799101,-0.1564547171857699,0.0491225635791776,0.0132019957749243,-0.1471738325451985,-0.0467506439515164,0.1359036650839342,0.3222561586856609,0.0241464492917211,-0.0177978597492981,-0.0944026921602044,-0.0046221480967235,-0.0907027897370051,-0.2461313786345109,-0.0144917825949705,0.0974242832167231,-0.0718075584883956,-0.1182600643796272,-0.0863877614543583,-0.0727882615448163,0.2268411292536987,0.022375593850912,-0.0327802433323209,0.0927693527802753,0.0552415828044786,stop,723,35,10.681586243541606,-0.0695999668537188,0.0866662026796836,0.0863158828501254,-1.0,1.245204654505563,1.2401713212240335,3.4926015531431065,632,0.571745375892773,5,0.0276088231425601,0.0775782198591015,0.251335709622817,0.0,-1.096303271074939,-0.5245578951821663,0.499168849078036,0.1839093012633941,11.423082754370183,10.681586243541606,14.271408698773662,0.3125583070049336,-0.0513385539796432,-0.0496823865887786,0.0270351023959815,-0.0116536783224102,0.9473721195207556,0.004950401267191,1.0,0.0158566680360723,2019-06-13,38.0,9,0.1134397831022993,0.0384730285150605,False,False,False,0.125,1.0,0.125,-0.028584794972591,-0.4475607405110217
HPE,Falling Wedge,bullish,1,0.7058063726259092,3,23,961,962,2020-07-14,2020,2,8.154771697705629,7.58806092705548,9.611527417956296,7.348132105398587,0.5450808891962198,0.0746845308831829,True,-0.0102460453678755,-0.0183103402297711,-0.0237802353791001,0.0315518535927328,0.0174965224205505,-0.0604509697328842,-0.0230340260645776,-0.0408559104488406,0.0830227787030788,-0.0870751256917782,0.0272684603809751,0.0270268099242736,0.0546318210737786,-0.0006280747976855,0.0030119300909097,0.0203850692033769,-0.0653694847797921,0.0229530151754797,-0.0132264633240194,0.0257532004153406,-0.0477149120719411,-0.0027135281949152,-0.0076586818926236,-0.0286886115253974,-0.0248425877937834,-0.0146308503937481,-0.0268415136382687,-0.0242464450551446,0.068697500480934,0.0333333782438547,-0.0153651819547375,-0.0993230007197334,0.1010300351181205,0.1677314046648035,0.0689870864609805,-0.0348624654999027,0.0816920594095895,-0.0238476810424358,0.0421385224118131,-0.0248485065758371,0.0037254738926479,0.0297985869135684,-0.0955413262031698,0.0239172821810864,-0.0005350251055024,-0.0417390782048434,0.040983428513512,0.008757667174688,0.0097050277763406,0.1028368041975418,-0.0202841460639523,0.1100323314911744,-0.0513448816155185,0.2395395861737856,0.0545767230957792,0.0188322129177784,-0.0601201733969816,-0.033503281992767,0.0604124425290242,0.1277777800941391,0.1208964488411565,-0.0520156760450687,0.0297297257849549,0.0215959027455849,0.033573069597151,-0.0496854490205094,0.002152165489349,-0.0696919835147658,0.0112326970593021,-0.0184558264834978,-0.0723621747544568,0.1081811177180327,-0.1335806693463305,-0.0437747098973139,-0.0853349069822664,0.1223240180128439,-0.0025825442626625,-0.0977486250082803,-0.0164596964818076,0.0902956438694089,0.0840957132875142,0.0105304998703963,0.18702291743211,0.0318840757731804,-0.0065095898582818,0.0844111876288262,0.0412460608450082,0.0305204955658471,0.0449899539730698,-0.0303301224736933,0.1862147499349034,-0.0487256049635231,0.0137094506151616,-0.0474364365685664,0.1225908129799702,-0.0798127773856426,0.0236728544572337,-0.0106081368621059,0.3780861202037633,0.0303717213917478,-0.136515029538543,-0.1013974541970947,0.1093494521461857,-0.368765990841743,-0.0869914536167344,0.1203859229237664,-0.1036519533182187,-0.0070295776175722,0.2306985916309827,0.0816258915993533,-0.0936774635944489,0.1704874258819342,-0.0775757562030541,0.1296534159837441,-0.0028353801860145,time,1021,60,8.266569137573242,0.0137094506151616,0.0860654434121384,0.0833039278115777,0.1385965193549026,0.8700838004745999,0.8421660916527234,1.805956134739496,936,0.8038513185073314,6,0.1223645799728661,0.2395723382931154,-0.2879972015254474,0.0,-1.2875630286900086,-0.4837117101826776,0.1899237049291583,0.1568544788823427,7.58806092705548,7.348132105398587,9.611527417956296,0.2935688472811802,-0.2449257617757573,-0.0228154217500989,0.0369459996471033,-0.375296761179379,0.772727798167788,-0.0052966779209989,1.0,0.0432286725439625,2020-07-14,32.0,11,-0.0305599221813805,0.0392413859251357,False,False,False,0.3,1.0,0.1,-0.0991695249062805,-0.9629484538297326
HPE,Falling Wedge,bullish,1,0.609393101752205,8,46,1020,1021,2020-10-06,2020,1,8.173495687415535,7.932980215103694,9.05106532393863,7.401533892222048,1.1536980703745745,0.0303184258362223,True,0.0124221685833341,-0.0230976328755434,-0.0526316269120782,0.0329034093302158,0.0302147826977521,0.0158126347211358,-0.037097464184009,-0.0055959701127102,0.0172633200560063,-0.0233301483483434,0.0066592843923185,0.0564516071366287,-0.0081310453753633,-0.0521843981110348,0.0495584726366118,0.0384614207972047,-0.0143112560862844,0.0274059262577255,-0.0089457988082566,-0.0452164865942918,-0.0841393831820734,0.0021820480915533,0.0151557021631987,-0.0331264072454208,-0.0486831599364118,-0.0141011383520134,8.11294291747089e-08,0.0062498175932386,-0.0292746962204579,0.6803778147223332,-0.0094340181496355,0.0949820654015598,-0.0098933926512068,-0.0063210097567731,0.0180231610868868,0.0183226373208014,0.0427777134905202,0.0700833239980724,0.058746901446693,-0.0051648509024135,-0.1435741339970229,0.009027504557302,0.0427352148967152,0.0376184203889766,-0.0276055160469153,-0.0748052022432253,-0.0351968739578073,-0.0290155119712216,0.1246497855598358,-0.0682817353875939,-0.0295774657636261,-0.0335305500162962,-0.0081467311397145,-0.0352106767791973,0.0505249290970599,-0.0057720277660501,-0.0201042412007795,0.1536982709261714,0.0563245227075059,0.035293824029343,-0.0024768356560014,0.1257409032445255,-0.0081402627770137,0.0324633291171521,-0.0512617978451682,-0.0178950478912413,0.058903419901696,-0.0474926595122042,-0.0506823216002274,0.1925464719014846,0.107754046528969,-0.14800002789173,0.0524151735228879,0.1793037322817343,0.0485209363073546,0.2231611737593044,0.2149438035398221,0.1938993390004182,0.0764554592635524,0.0142855727065589,0.0408468075335681,-0.0158381762699443,0.0913625663642834,-0.1007787615073668,-0.0211263272668204,0.2030090344055188,-0.0381505412442412,0.0935376087252568,0.0577776976444346,-0.0998532544196412,-0.1475977499654878,0.1466377685770115,0.2390159357847625,0.1285409892117466,0.1821105253052561,0.2454728621763717,0.0958010807241374,-0.0002811407665671,0.1002848697172429,-0.0583866038539458,0.1939834186521143,-0.1325632956913772,0.1376727586580246,0.1529169257506051,-0.4100446499912171,0.0464882396850696,0.208211788863023,-0.0980462052280448,-0.1114161190832022,0.1038098044779587,0.0267771545849249,-0.1135422794894398,-0.048833656656571,0.0546614379324139,0.2102620899964236,stop,1036,16,7.401533892222048,-0.0944469569344792,0.0434780644862689,0.1345757043525272,-1.0,0.4603437304648254,1.4248813166726646,1.1368044921227454,973,0.4901907785144153,5,0.0282798746066253,-0.0724572798495196,0.0641168256482103,0.0,-0.7524122296952276,-0.2622214511808124,0.7295839173596149,0.156743162863442,7.932980215103694,7.401533892222048,9.05106532393863,0.2752903999812636,-0.1080454970041073,0.0070844133804621,0.0340331729254432,0.0126736885614797,0.1038962004057448,0.0040941542700294,1.0,0.0091856722488332,2020-10-06,32.0,11,0.1127984209757582,0.0058143711508202,False,True,False,0.2,2.0,0.2,0.0117845753872477,0.5924006598996572
HPE,Falling Wedge,bullish,1,0.686663039441322,3,14,1084,1085,2021-01-07,2021,1,10.238190188400417,10.02026697867067,10.678314383855168,9.788604560696864,1.1037263014100176,0.0217482438535443,True,0.0417362608903897,0.0473328778028525,-0.0053414056631103,-0.0222636158581625,-0.0009537224816794,0.0313478767362416,-0.0985830997600827,-0.0025204858611006,-0.0086628750318722,-0.0188659119262371,-0.0841851466241871,0.0985485038224334,0.0359712515754879,-0.0248566765096791,0.0550240881666315,0.066858333104661,-0.0063424365803166,-0.0649768954292208,0.0343685623543956,0.0230568387100418,-0.0080117235921283,0.0453103116596209,0.0394901723498028,0.0133556155761254,0.0073388542238148,0.0293239381036369,-0.0717274640755163,-0.0140757917108551,-0.0654146736436335,-0.0218881351895448,0.1369006964812364,-0.0246913597989443,0.0129032785535356,-0.0219573805997913,-0.0075470803331024,0.0005892714998001,-0.0394513401679412,-0.0587067303849324,0.000628145824949,-0.0051083467498206,0.1365012511954564,-0.0420922945330657,0.0077975293931431,-0.0009042934961828,0.1886334705716439,0.0063699810291218,0.0968284195960669,0.0781207331218498,-0.0651068299956671,0.0657268990643236,0.066666420244422,0.4597974247111982,-0.0941703573500678,0.0707140836603346,0.008411841524242,0.2226336019545818,0.0583465702689982,0.1041562942173062,-0.0116573655199099,0.0773333287875133,-0.0201689080563386,0.1230397751664351,0.1120233439786961,0.0074906578985463,-0.0917213658939118,-0.0929846557725094,0.0181574077282107,-0.0175142214210162,0.0467697223362975,0.2362271565189866,0.2332583208216299,0.0944935698748994,-0.0436320470421546,-0.055501896278044,-0.0448467479971003,-0.1048469548393595,-0.1509185089731255,0.0253808371721913,0.0491274195054296,0.0718584945241662,0.0041754043958686,0.1152734476238068,-0.0773171999561213,-0.164738303043555,0.0221830527775217,-0.1019080546470146,0.2101698878060836,0.036064222091551,0.064176329085577,-0.114597390432948,0.04355290270784,0.242319733301211,0.3397368092133452,0.2691618823182351,0.0568433856684149,0.2642795952146428,-0.0333777745233625,0.084920228952954,-0.0747047565110665,-0.0288260007803659,0.1475413848107736,0.3546331071234216,-0.0871365344838359,0.180502702312516,0.2358708544453538,1.2939472320997378,-0.1306679070085118,-0.2586167535436207,0.0676143776431905,0.0254995540587144,0.3910847002125321,-0.0840960784093942,-0.0112477588062172,-0.1681577073330441,0.2284415166562036,target,1089,5,10.678314383855168,0.0429884762204748,0.0484141309165968,0.0258764137010325,0.9789552163908568,1.102510955837476,0.58927071627741,0.9789552163908568,1069,0.5467519575152746,5,0.1374038590513904,0.1563603725110351,-0.549905203213866,0.0,-0.8816791600435803,-0.3349272025283107,0.5676996586133133,0.0615095850645695,10.02026697867067,9.788604560696864,10.678314383855168,0.2602889765543607,0.220191891736458,0.1007648731202535,0.0254445762555251,0.3633963957041908,0.0847476804706972,0.0099669688353398,1.0,0.0284894833384392,2021-01-07,32.0,7,0.4345840445376399,0.2844635219278513,False,False,False,0.0,0.0,0.0,-0.0472104215338535,-0.2658502178666807
HPE,Falling Wedge,bullish,1,0.6895217115980891,3,40,1466,1467,2022-07-15,2022,0,11.98867600400212,11.81225827871296,14.98065346696319,11.038604351441885,0.7591669374296554,0.0149351395073271,True,0.0291479567940444,0.0118712157688594,-0.0086153222658086,-0.0165974972229234,0.003588324751609,-0.0148698616992424,0.0078011342285659,-0.0026954258900168,0.0068620826393406,0.0038908289170396,-0.0661947659918918,0.0531359686495123,-0.0143112560862844,0.0074390410000646,-0.024658393197426,0.0111379928007455,0.0063815021030138,-0.0376248901380307,0.0453103116596209,-0.0950387829750156,-0.0557497214220854,-0.0841393831820734,0.0428953624601087,0.0642750483256993,0.0034842244610648,-0.0050960180258857,-0.0016951251993398,0.0056537736805557,0.0017092276705892,0.087224690134412,-0.0676171560734544,0.0177741064233922,0.0586720203562483,-0.023255866238062,0.1810609532958362,0.0877486384818921,0.0286624513292814,-0.0183245837203418,0.0534354426041288,-0.0223928758163977,0.107142992999478,0.1247767030161333,-0.0220675809129746,0.019435453506349,-0.0230770465272232,0.0347865382764684,0.1061283943220781,0.0064323804889112,0.1600001677530826,-0.1820008285792538,0.0665729267289128,0.0674157809647362,0.0916174144829296,-0.1050417377950501,0.1078222016371006,0.0510851285380291,0.0937202830303964,0.177020912899767,0.1352656626965416,-0.0012534886953182,-0.1865671258107817,-0.0065769573564062,-0.0095633908329568,0.0339954680534406,-0.1472187313163769,0.0347787132337367,-0.0195731104283148,0.0735385715678886,0.0843765012834729,0.0377212345618622,-0.020443349303916,0.1645775793916193,-0.0517582308362567,0.0105801531037352,0.1340837788974207,0.2246329116823617,0.0051211400435691,-0.0512206509935867,0.1205224683281787,-0.1101769242259858,0.0519174816427989,-0.1302091532118525,-0.0848368587543951,0.0035664859648487,0.0839504548270191,-0.2771965982609644,-0.0131222398105836,-0.0635977073373846,-0.3312732327148054,0.1978911298450023,0.1788157778759453,0.034607846289028,-0.0723856641488527,-0.0031722199759348,-0.0121761188308995,-0.0625468214368349,0.1606125794631856,0.103701852343919,0.0029285949666384,-0.0538634779137784,-0.0746116868477152,0.030746505149523,-0.0740731347565845,0.3620611815031724,-0.0224751225615335,0.2509682441643808,-0.0893996853813181,0.1980313126102484,-0.0995399096531257,-0.0893996853813181,0.0744289073078021,-0.3539478527662201,-0.0275817605228557,-0.1080022660541021,-0.0781787469189819,stop,1515,49,11.038604351441885,-0.0792474208363858,0.1360239316400324,0.1025519483574377,-1.0,1.7164461657479984,1.294073009254982,3.149212435607717,1426,0.6677515253709577,7,0.0878204073674013,-0.0175951334952982,-0.1782061104235237,0.0,-1.0535263901191052,-0.3857748647481456,0.385245806044594,0.1868832460817555,11.81225827871296,11.038604351441885,14.98065346696319,0.3425336882062393,-0.1332773694755126,-0.0788958119471849,0.0288082719930111,-0.214100774477937,0.9682562268960724,0.0122981793577054,0.0,0.0200250992681341,2022-07-15,30.0,11,-0.2473645159943189,-0.1342380645433464,True,False,False,1.0,4.0,0.4,-0.0274089136100276,-0.600009385743502
HPE,Falling Wedge,bullish,1,0.7018852399689023,3,21,1676,1677,2023-05-16,2023,1,13.000203933091292,12.687608697021972,14.79896717831332,12.485403340240396,1.1284421563468914,0.0246378370845163,True,0.0162543285692573,0.0120346721994331,-0.0366527742606102,-0.0248566765096791,-0.0453688393194844,0.0366454178619031,0.0279324833620779,0.054509769460217,0.0882354510724532,-0.0399502236314163,0.0170789062720815,-0.0289659144033018,0.0255720710787958,0.0840520290768218,0.0531250691743032,-0.0102180868956626,0.0084693965825688,0.0074390410000646,-0.0287100785485581,0.0186984054135075,0.0489820973781498,0.0712522268698698,-0.0001091599824477,0.0190812683346777,0.0057431315960481,0.0159949533835934,0.0659590151120899,-0.0502885035138511,0.0316323584725919,-0.018534277469578,0.0308222257226959,0.0392962558728,0.091281089504934,0.0918843827689412,-0.0384889851943475,0.0288810552234333,0.1312169154898108,-0.0016951251993398,0.0646801362044984,0.0026178195976283,0.1535835209671765,-0.1072402803513137,0.0892670636065662,-0.0037107963102983,0.0263157894704932,-0.0130924623332485,0.1966152276687136,0.1363994860081747,-0.0954329060021299,0.0093349504490238,-0.0018867773476723,-0.154421615420816,-0.0802019512536301,0.0202840982116476,0.009183217145078,0.0006350379475179,-0.0957763079516517,0.1155100166484224,0.098390298808201,0.1473129515519502,0.0545906390642521,-0.0064468112006869,0.058823473315644,-0.0772834061099768,-0.0809431774880985,0.0434041092872095,0.0778688802030123,0.0149906116794849,0.1937184610918745,0.2008865945667146,0.1072796299582949,0.1421018900687016,0.1599787512069963,-0.014062085879069,-0.0365266976646934,-0.0174001191491804,0.0049701391023617,-0.2890147230455199,0.7347711513157755,0.0076172320210661,-0.04994600993488,0.0229446359578295,0.075480036384534,-0.4526096840952635,-0.0205785351836903,0.186126843827874,0.0622255621483545,0.036064222091551,0.0147885877215472,0.0987738523790291,0.2374717780960498,0.1557277531982459,0.2528513461691477,0.1680802683801912,0.0295476598184767,0.0370593449381324,0.3889326414604441,-0.0582125289355847,0.5654808056112757,-0.3646815820405457,0.352706799651787,0.053069539634158,0.0733544892124824,-0.131151232507235,-0.0790459446256974,0.077092410141341,0.0253341484063764,0.0826386158989151,0.0819823858195907,-0.0211228077190922,0.0316593072471367,-0.1006347085240491,0.1227124275371795,-0.2451255715867166,0.2067715361972289,target,1694,18,14.79896717831332,0.1383642329366368,0.1505301527893044,0.0254417075514947,3.494097074093714,3.8013217380018416,0.6424767010151765,3.494097074093714,1654,0.8037936738377862,6,0.1592590972060271,0.1118098553574022,-0.1040856413843795,0.0,-1.054275386645077,-0.2504817128072793,0.1256146125684565,0.1239590710585671,12.687608697021972,12.485403340240396,14.79896717831332,0.2919627672459291,-0.0416812211805034,-0.0486604442908229,0.0226342776318461,-0.0669180551359883,0.2318836573519977,-0.0027993177383353,1.0,-0.0095603537581895,2023-05-16,32.0,9,0.0723764932561259,0.1106647625822347,False,False,False,0.125,0.0,0.0,-0.113709600809448,-1.989665812749896
HLT,Falling Wedge,bullish,1,0.6058139873060724,3,31,580,581,2019-01-08,2019,0,70.35222407485405,68.81350917866803,79.1420147541752,64.40106055903809,1.9178323216327968,0.022360651484738,True,0.0082045971213684,-0.0026277994313315,0.0370856134309796,0.0191270679969892,-0.0115733911108195,-0.0195870119301969,0.0143540490172966,-0.0465134723570235,0.028619252667952,0.0231682873476439,0.0179447495043914,-0.0158808526662024,0.0156909435922003,-0.0473329105480463,0.0149529398537477,0.0830641489009338,0.0142857706193095,-0.0365608264621568,-0.0027215993209369,0.0401174319368577,0.0074075885409989,-0.0354804874179444,0.0031962325415697,-0.0164095349592947,-0.0391226476811752,0.0879206782755266,-0.0057518117992262,0.0681195253507644,0.0594624602564901,0.0543042516987004,0.0105861839338308,-0.0545949121878212,0.018195522039091,0.1182695759111858,-0.0176860596954878,0.0505549998940286,0.0052604608019215,0.0292312558230809,0.0486253569518235,-0.024941464376603,0.0281343415135593,-0.0039067866844623,0.0250864415772589,0.0420106940826594,-0.0197338037392001,-0.0423668804406508,0.0508968403616052,-0.008041003045756,0.1168083075430941,-0.0048828762897467,0.2362686408740879,0.1257669606348659,-0.0583463330612135,-0.0935104020477221,0.0063750707179053,0.1981311981941151,0.0139194574140106,0.0749609707849521,0.0056097209549177,0.017467339561163,0.0130208000869771,-0.0555648849324869,0.0468109725059378,-1.485394119926653e-07,-0.0238774455562318,0.0049897884237435,0.0374304462694763,0.1776137454081816,0.0089472739142744,0.1551832998058255,0.0874320218199937,0.053919434005383,0.0064228540723174,-0.0191313846503433,0.1638177121943669,0.0548622761074468,0.1288287076140282,0.1666841314141374,0.0579787645845226,-0.0165372723081946,0.0540130852296978,0.0538643102231577,0.2366248046293031,-0.0153790901414754,0.1299093806534996,-0.0647736709538421,-0.0237357062815282,0.1194477218889962,0.0671748198064232,0.111445291628035,0.0780210407155717,0.0880104392842504,0.2163416728360601,0.0964279985559157,0.1204440936463868,0.1710018180153476,0.0008596564010161,0.1142765596952013,0.0133362295407266,0.116686668895692,0.1108856024057534,0.1119448613221609,-0.0222394456597084,0.1508968435605273,0.0064897872276921,0.2124132584515192,0.0970978565365454,0.1667988393315285,0.030282168933583,0.107672641924404,-0.014808230368038,0.2147846246163796,0.0699286023989902,0.1412900367333143,0.1203395491556089,target,607,27,79.1420147541752,0.1249397697785488,0.1422609813964566,0.0243361041420495,1.4769869212904625,1.6817512094422622,0.2876914820371403,1.4769869212904625,549,0.5444826870947403,5,0.1113754002736173,-0.0200098754282818,-0.077543154740397,0.0,-0.8397333607395183,-0.2952506736447784,0.6588696534522716,0.1588395423745696,68.81350917866803,64.40106055903809,79.1420147541752,2.308176534610373,-0.0679689758836201,0.0033876824096685,0.0328316959385582,-0.1086138844012262,0.7923095432324131,0.0144189645862127,0.0,-0.0201105902808966,2019-01-08,60.0,3,-0.1382136221665012,-0.0966108624228351,True,False,False,1.0,0.0,0.0,0.0095693298385036,0.2667581970873711
HLT,Falling Wedge,bullish,1,0.7000059521349642,5,51,747,748,2019-09-06,2019,0,92.39595365510183,91.88917460778788,100.26377374186684,88.351616809277,0.6616824410447552,0.0055151115403642,True,0.0221345168139779,0.0156157562360559,-0.0306905256946525,0.0442963824162159,0.0200972660900122,-0.0470641099034474,0.0282332058504308,-0.0188523963990628,0.0469022132458545,-0.1025930393498831,-0.0307714833499358,-0.0725974554095094,0.0158870885887809,-0.0222317621172115,-0.0168953634683732,0.0102499520246519,-0.1296677340007039,0.001933990902657,0.0315226682495395,-0.0032540339063089,0.0078574764329748,0.0041920824706678,0.0353067956803431,0.0133017021643859,0.0115719161925365,0.0105174258236537,0.0542163485298918,0.0347049382464581,0.1349594166764474,-0.0063000047120549,-0.0379074077860379,0.0124519409069103,-0.0057518117992262,-0.0105557766704754,-0.0439293337780984,0.0247475779980095,0.0496946661050941,0.0427189577084716,-0.0137379977497514,0.0405483417769449,-0.07224749627432,0.0776746356034954,0.0709702420356737,0.0060121283818233,-0.0032383648902065,-0.0049757191422491,-0.0065983476678257,0.0048702460256542,-0.0521453117875644,0.0900323132917888,0.1206254343249133,0.0167506611223666,-0.0634141748171865,0.0735767234333999,0.0392547972806489,0.009525727803231,-0.0655153378019082,0.0649231764270168,0.04025660613502,0.0904836781147786,0.0843879257887512,-0.014585068844091,-0.0662989051041957,-0.1300544201572906,0.0445855386463673,-0.000394781948722,0.0263760207235796,-0.007740091746143,-0.0216298732120637,0.0249012017504015,-0.0032254565422589,0.0909035573329395,0.1050728474433981,0.0222645668874708,0.1551588593563737,0.1287888995887287,-0.0145074299767626,0.0400885502129806,-0.0204259876390467,-0.0694747905916893,0.0958269013121806,0.1491844584438488,0.0452722378266672,0.0558327101259081,0.1134139775951674,-0.0182012224939822,-0.1538962941258594,0.0852285626707083,-0.0176895771604835,-0.0034147358702212,-0.023998705267756,-0.0133701675331269,0.1163992362671055,0.0698016258521092,0.1436970424552734,0.020419360332458,-0.0289806569206838,-0.1631013871571902,0.1123462404140482,0.0169434437302498,0.2775510011166366,0.2357840373004278,0.112412231742297,0.1025833973271483,0.2077806192343723,-0.0265289071522901,0.0306380048156453,4.065075212333902e-05,0.2659118319422853,0.1053190851833685,0.1020763887570503,0.1388199607642215,-0.0525290448762284,0.0401362845798485,0.0343332570500524,stop,769,22,88.351616809277,-0.0437717961213067,0.0374584976013299,0.0532086982068888,-1.0,0.855767889842113,1.2155932111953798,1.945391886654384,696,0.5358135284507783,7,0.1248792813566196,0.0624454539787424,-0.1755598318864802,0.0,-0.8203763248641357,-0.2845627964133565,0.6467537572775655,0.0983963289833809,91.88917460778788,88.351616809277,100.26377374186684,1.559151502750608,0.1002391088380478,-0.0156724110993511,0.0169160833840631,0.1405871936451996,0.5049478025713515,-0.0007490828346213,1.0,0.0150874609978226,2019-09-06,60.0,3,0.0311115072664946,0.0236056588581705,False,False,False,0.5,0.0,0.0,-0.0160319961021371,-1.275856670229583
HLT,Falling Wedge,bullish,1,0.700952225766353,5,39,2097,2098,2025-01-21,2025,1,246.84210266605496,245.1931413637691,263.77978835545207,237.2934323963043,1.0509792483026748,0.0067251526413598,True,0.0238545409603598,0.026164962720358,-0.051391224696013,0.0180133289643438,0.0142301220419323,-0.003237684727346,-0.0271410687812847,-0.1068002236003593,0.0325774191785168,-0.0287890507285759,-0.0322072355390097,0.0689142390782744,-0.0612972363612764,-0.0549933736752844,-0.0271650790360437,0.0067037263163141,-0.0483998288426227,0.0077919735803981,-0.0058210409869644,0.00943798063221,0.053876607874794,0.0269004230962588,0.0342944022709467,0.0443590286265371,0.0511914432770065,0.1559140798973461,0.0714173291022359,0.0290661604579471,0.0362331205774795,-0.0068515918072606,-0.0379608612557647,-0.0306838596791242,-0.0661397785145041,-0.1398005658196356,-0.014474649802224,0.0884801678119862,0.0203816585377953,0.0365351423950259,0.0757960614118249,-0.014474649802224,-0.0100109980293268,0.0162945107168051,-0.0358689740525035,-0.0101245386737223,0.0749229769765222,0.0324264916041032,0.0878305057546897,0.0762613313827491,0.0149229261852223,0.0374304462694763,-0.0967454890022635,-0.1000153809936286,0.0574840953878168,0.1120388068682909,0.0125788827235868,0.0315300609449418,0.1914781545399095,0.1733615156712733,0.069902126920647,0.109772297086188,0.0320186701750844,0.0194504415216905,0.0671703159187853,-0.0454392179005357,-0.0596184437469768,0.0902342028163076,-0.0048566064392372,-0.0443135074525564,0.0544112908799886,-0.0592107580306419,0.0048076131134452,0.1393282219697391,-0.0586662944902292,-0.0362506235391654,0.0844643671293103,-0.0077859277335919,0.0944848554034385,0.1372236451470099,-0.0594776862694739,-0.0658618281185539,0.1551832998058255,-0.0929062687259055,0.0249012017504015,0.0872937100496875,-0.0387938236559901,0.0413662117574418,-0.0228616223963676,0.1352280122539295,0.0780210407155717,-0.0709018058362856,-0.1628302106921678,-0.0772686817568731,-0.1555714402488819,-0.0257214753067196,0.0661992812133813,0.1475398475202629,-0.0458281189804121,0.2143656693464188,0.0765663143292365,0.2775510011166366,0.0419041161061934,0.0500319448565036,0.0199466679870206,0.2643176116501429,0.3323433520289791,-0.0531392970950586,0.0929672516821309,0.1517153579977663,0.1696715845163301,0.1475266370792798,0.2028277077285305,0.0446540633916707,0.0433520805246845,0.0308719710881899,-0.2693406924532763,target,2109,12,263.77978835545207,0.0686174907216359,0.1050655362397244,0.0097678990906458,1.773826638778616,2.716042878274758,0.2525093737714565,1.773826638778616,2057,0.5193647756027592,5,0.0234721743384407,0.0873685435957929,-0.0577847542431081,0.0,-0.889535868752036,-0.3701710931492761,0.727949101658571,0.0753550972497058,245.1931413637691,237.2934323963043,263.77978835545207,4.090668276580918,0.1070305175343822,-0.0074546730492438,0.0165887453870556,0.1306207755769897,0.6490371565858488,0.0040549077079041,1.0,0.0320658545693886,2025-01-21,45.0,6,0.1146054937908755,0.0959542302264024,False,False,True,0.2,0.0,0.0,0.018562164620265,0.0080211220325845
HLT,Falling Wedge,bullish,1,0.6454148367458772,3,28,2393,2394,2026-03-26,2026,1,299.99384330224046,300.2930895405543,331.5446743993143,285.7686781197424,0.7257015541080732,-0.0009965139017075,True,0.0155861294616284,-0.0051610056460178,-0.0020146521256519,0.0218671105804879,0.0415809295323421,0.0299966755627791,-0.0085441163262495,0.0297651395566747,0.0076404409805181,0.0189190984792591,-0.0147193172983726,0.0224289367421059,-0.0263797108788544,0.011723454338399,-0.0195870119301969,0.0016624436769885,-0.0062849180404147,-0.1599804865331818,-0.0124462247665191,0.0246821900862492,0.0028668353491085,-0.0633415079868197,0.0205943640116958,0.0771306664244524,0.0196053275640275,-0.1765668095612287,0.0312513572927972,0.0626657979755369,-0.0115352163998498,0.0533924067684141,0.0530893654273192,-0.0121298851717828,0.071321383446514,0.0967948764975152,0.098631026963573,0.0017268940902841,-0.3154171993269002,-0.0338123637880596,-0.1897156951075724,-0.0013796029891659,-0.1775688114973796,0.0276649168509155,-0.035998999928678,0.0200143308631175,0.0040077535077436,0.0988088901287967,0.117760772709671,0.006570032575744,0.0037501775229551,-0.0174746233859574,0.0459436916454256,-0.0375600765066558,0.0013299751763382,-0.0323596687004107,0.0025835381566321,-0.0688692080178838,-1.485394119926653e-07,-0.0036930323624818,-0.028346402091267,0.0090368426238836,-0.048882700548154,-0.0497242618534246,0.0207073203688592,0.052851515185146,0.0184987778627778,0.0420166271841924,-0.0340926934079603,0.0941480572898407,0.1192675873295488,0.069801516176003,-0.0907277273093463,0.0761904973019318,-0.0272347489107821,0.0054472784665893,0.0693769624092677,-0.0020325598659393,-0.0258031449747038,-0.0140807897110233,0.0413926014298264,0.0499056074461439,0.0057308563571876,-0.1737969984258484,0.1242524152130717,0.0953006371419638,0.1139363321466557,0.0823008559958415,0.0086455994912419,0.0818474506276467,-0.0809216187224488,0.2129427180819953,0.0486121932106635,0.0352009089405389,0.1456019202466481,0.0009016505402552,-0.038550507101583,0.0200405618885248,0.0647413670409751,-0.0225373256294449,0.063645139072342,0.0190934637765773,0.039459409272432,0.1373274159134727,0.0949648887687006,-0.080032067782271,-0.4766877995614446,0.035590973844942,0.0062356516093049,-0.0237645811214913,0.0848508373331085,0.0652039896055864,0.1069427865316583,0.0288351269453546,0.1393883609653072,0.4081817481555345,0.1119554482702687,target,2407,14,331.5446743993143,0.1051715953559977,0.1070371672339314,0.0263096352800168,2.217958856174999,2.257301814266372,0.554842668065696,2.217958856174999,2364,0.3739410379712342,7,0.1403322323622765,0.098506475731416,0.0801113567788978,0.0,-1.1933756360173766,-0.8194345980461375,1.483202789427066,0.075583963649337,300.2930895405543,285.7686781197424,331.5446743993143,7.602286343536341,0.0809468896950706,-0.009470200642703,0.025221356746446,0.1475997923471466,0.3103457952448804,-0.0044530131750111,0.0,-0.0615816156807617,2026-03-26,35.0,6,0.0789990028078324,0.0439246499336023,False,False,False,0.2,0.0,0.0,-0.0373582634331467,-0.9765660960999576
HD,Falling Wedge,bullish,1,0.7311227260101076,5,94,576,577,2019-01-02,2019,1,141.61344047019043,141.237732782342,184.58458983510585,128.95959859936823,0.6637576637497732,0.0026601084600206,True,0.0459146361855224,0.0066768560131074,0.0104559071401069,0.0151158669807058,-0.0243396701953274,0.0493764833683341,-0.0372005463502291,-0.0177552136138781,-0.0474693993748428,0.0010054411479145,-0.013965423065867,0.014661542667526,0.080955452439132,0.0264830470247632,0.0402871831447999,0.0417411966299694,0.001857066944386,0.0069475346346683,-0.0783193291138472,-0.004295785025753,0.0081945467759452,-0.0367328435896742,0.0440644832570808,0.0302604536163628,-0.0211033281686507,-0.0144523461881164,-0.0240617363673957,-0.0523561907947522,0.0543136907855736,-0.0039395860490734,-0.0016532486897284,0.0143405621831287,-0.0061364402294297,-0.0363925158595755,0.0716798136677387,-0.071798433418314,-0.0156307770784489,0.0403217733832641,0.0414655750468908,-0.0321857847243054,0.0657859439049053,0.0062960163941083,0.0712572537062228,0.0087945288304625,0.0121275159998213,0.023871672891214,0.0680284062151637,-0.0193904234881736,-0.0202454840313637,0.0399371834429271,-0.0603495647421747,0.0426212095298672,-0.018512379334948,-0.0030296334227664,0.0055043987724725,0.1800001352087914,0.0130747542322089,-0.0850319065088562,0.0699867444144974,-0.0799691003204886,0.0498574145685102,0.0815809727576071,0.0477603247260089,0.0787314511125985,0.1006331400327569,0.0131847061605405,0.1124100575132909,-0.0115405733210358,0.0401982136756414,0.0775718944714154,-0.052106123001778,0.0064849479789261,0.0331601658090987,0.0296360776588562,0.1044929020931444,-0.0600933168406926,0.1342219793861556,0.0491836008462591,0.0679228692179141,0.104975392389891,0.0115714805669562,0.0405347053996554,0.0405360503043668,-0.1305270345567197,-0.031300092730383,-0.0539069107590391,0.1526510785550281,0.141649813706076,0.0389587932703761,-0.1009425078162373,0.2297198506805131,0.0371254022134081,0.1249933476500237,-0.0179963356156593,-0.055780170939689,0.0443397853391998,-0.2083125286125333,0.2543741675523205,-0.1908031278228645,0.236064634353259,0.1485464446242248,0.0468931222506996,0.1701569063776979,-0.0419421502127368,0.2376824645917146,0.0041003153608369,0.1152423409670462,0.1146913222397258,0.1989933871289555,0.0971338672733357,-0.2003086728711407,-0.037798971719157,0.0388883544362941,0.0869773724394245,0.072036404512193,time,636,60,159.31417846679688,0.1249933476500237,0.1267522537933805,0.0211242417445455,1.398842989924003,1.4185275057388609,0.2364085612344335,3.395897451824514,481,0.5544236667741423,7,0.0802750984930002,0.1308105934861918,0.4617288089684013,0.0,-1.4228372367874351,-0.8684135700132942,0.7269226872681078,0.1844880085751608,141.237732782342,128.95959859936823,184.58458983510585,4.3294673599457285,-0.0763426777670376,-0.0102117384872648,0.030471361614883,-0.1014824500036185,0.8135615137643503,-0.0122804738701612,0.0,-0.0870996500974248,2019-01-02,35.0,14,0.0145916964924315,-0.0182974803496056,False,False,False,0.2307692307692307,1.0,0.0769230769230769,0.0109773488832734,0.5401981486885927
HD,Falling Wedge,bullish,1,0.7129234067073368,3,31,677,678,2019-05-29,2019,2,157.85297047090086,157.70973162453788,179.16823576667696,154.22129624934968,0.8922564259723059,0.0009082435490028,True,0.0417587766429827,0.0279648017399811,-0.0099793966637483,0.0099542675351653,0.0208649069165485,-0.0207915276166883,-0.0002053522734977,0.0188491820994667,-0.051962743553978,0.0219863705151639,-0.0367610867908525,0.0023816655055179,-0.1961585219073738,0.0261159380766986,0.0300577906390286,0.0234851196767549,-0.0037697492926928,0.0351444412708414,0.0235574738205253,0.0246026693017786,-0.1024386614095093,-0.0337448008744473,0.0526993773942476,0.0536761644675354,0.0204276623245298,-0.0484729194637287,-0.0358304538895974,-0.0798630791905349,0.0286931279161697,0.011389628002925,0.0272145862039725,0.0748278447474368,-0.0715771342819225,-0.0952813100913544,0.0020594807496687,-0.0375577535007602,-0.0383896024469017,0.0291390561454742,0.0166719935754839,0.0076614166178252,-0.0345683987581403,0.0118399884108706,-0.0230473197117783,0.0426744269333938,-0.1140061076276012,0.0699972909504903,0.0932932673291941,0.0475306387897942,0.0485864975504648,-0.0944222007844367,-0.0042445274160435,0.0570287366057489,0.0289688069434346,-0.0402470274552496,-0.0464580488357132,-0.0216095939698638,0.007079528706877,0.0030293351212631,0.07933273096472,-0.0030296334227664,0.0367413497244455,0.1260737225210346,-0.0953352000722759,0.0314527768942451,-0.0935590429752719,-0.0159536627362988,0.0065316381942015,-0.0238897295798649,0.0939894445302616,0.141649813706076,0.0615768330208841,-0.1841578379989946,-0.1102276426523939,-0.0548898483669412,-0.0709548576182576,-0.1580764178654899,0.0203471127077716,0.0011052541563143,0.0574962932009917,0.0371770390762244,0.0619830155251348,0.129532104568566,0.0521250513783586,0.1015637830241058,0.0940848124580699,-0.0502122170999175,0.0814847457725982,0.0242222673020366,0.0539889421363295,-0.0502457169905057,-0.1403763484271504,0.1468513369917334,0.1706215377821913,0.1180546161645441,0.1515159624716586,0.1790879716556619,-0.0153464406383279,0.0735587493735421,0.0403619030434756,0.0959969878947852,0.0438199822819547,-0.0590406964009161,0.1450601624023941,0.2710454061913128,-0.0537753094161737,-0.119226057435239,-0.0634942784888148,0.0308986561969386,-0.1466331506989562,0.027491982027453,0.2619734950906602,-0.1296504585762629,-0.1318538016682858,-0.0240474228771787,0.1417343556607072,target,708,31,179.16823576667696,0.135032399024163,0.1559505703941513,0.0077318871543766,5.869266898800139,6.7784881797116325,0.336071266365639,5.869266898800139,644,0.7396550035116334,5,0.0091820170392582,0.0938914137766158,0.3171864143077247,0.0,-1.4030371350164514,-0.6633821315048163,0.3083693490740379,0.0893917264174697,157.70973162453788,154.22129624934968,179.16823576667696,3.4413337273187983,0.0144023121721454,-0.0336931066433526,0.0218169425332901,0.1403598319482542,0.5090918458745862,-0.0066299425920407,1.0,-0.0535680497036646,2019-05-29,35.0,14,0.1082320069311979,0.0218684804370208,False,False,False,0.0,2.0,0.1538461538461538,-0.0072008487797316,0.026035445298472
HD,Falling Wedge,bullish,1,0.7195146061951783,8,79,1437,1438,2022-06-02,2022,4,271.6561851927002,260.85131307887355,331.2728130361031,249.2588256585404,0.8316218899917452,0.0414215745602153,True,-0.0114398012283619,0.0151361346546454,-0.0319556629717484,0.0064287840685581,0.0362509661682663,0.0274557287536048,0.0133914911214574,-0.0154574846924525,0.0042534327361021,-0.0599361491113403,-0.0253359010023577,-0.0348248226695326,0.0328891614889912,0.0176387439704281,0.0350595523606802,0.0064214804035409,-0.0073710149712256,-0.0188779910351802,0.0331833951639291,0.0049953806385467,-0.0350570913362259,0.0013022261558017,-0.0109625124903541,-0.0984734131351522,0.0124623831922759,0.0881332733572137,0.0530305009093048,0.0462110596419509,-0.0356252817035703,0.0730300359952058,0.0464863914711382,-0.0025577354170497,-0.0453538971984365,0.06774249397489,0.0883582845627768,0.0254841750535819,-0.0181489192505367,-0.0132197928420286,0.001018497699063,0.0346250009126813,0.0449032887169764,0.0230607809470895,0.0123621228406236,-0.0873696471727561,-0.0060797231622622,-0.118277958601945,-0.0799460195802539,-0.0083816444419509,-0.0014935367439876,0.0184444295878178,0.0837266079522904,0.0475152978357906,0.0702238028831101,-0.0296546585366258,0.0158402363275298,0.0628344914016867,0.0396719562574479,0.0831917607456489,-0.3419551957209602,0.123239226620275,0.123239226620275,-0.0096459987188383,-0.0076261653547874,0.0952731309522161,0.092126434775642,0.0400984817863723,0.033056834195696,0.0087483103873033,-0.107288753242949,0.0082088476627604,0.0078585662944377,0.0618479773592475,-0.1672893592670505,-0.1175745918371691,-0.0403673742463331,0.0479547849221666,0.0082088476627604,0.0163461368453536,-0.0286798443801796,0.0153501611378981,0.1043113099209565,0.0951071850756937,0.1000420208095766,0.0376845385213704,0.0467085038963892,0.0679228692179141,0.0379028293831458,-0.1419140354788476,0.0571702477452809,0.0979944222760831,-0.0353275540698756,-0.0049611061119586,-0.0231099112466947,-0.0036365713414157,-0.1181026877981035,0.0418377747407809,0.0667735353676859,-0.1704238188775454,0.1670551878999298,-0.1202994460593144,0.0807904431703876,0.0339822294503162,0.2315589197970931,0.1843012631115217,0.1361660450665813,0.002456012612179,0.1796431206810815,0.101361614237156,0.232683624122308,0.164561453182338,0.0358154834204356,-0.060012126349589,-0.0266182580125692,-0.0816453334284863,-0.077204163063404,stop,1445,8,249.2588256585404,-0.0824474492206838,0.0169122906072799,0.0881547327422433,-1.0,0.2051281242432553,1.0692232879913983,2.661770364157316,1354,0.7690481963227502,6,0.0490689021897615,0.0709615834416315,-0.0171985019195525,0.0131578947368421,-1.0953927664439105,-0.3263445701211589,0.2344702102508667,0.1846097228765071,260.85131307887355,249.2588256585404,331.2728130361031,9.555086864934712,-0.1028358034800956,0.018451621387673,0.0348813677091878,-0.2266638431011984,0.984220521448114,0.0054510231212998,0.0,-0.0271991663534262,2022-06-02,34.0,9,-0.2015348742643089,-0.1157586109930736,True,False,True,1.0,1.0,0.125,0.024098756155085,0.4384672086093804
HD,Falling Wedge,bullish,1,0.7692807811617229,3,35,1519,1520,2022-09-29,2022,1,250.4333577096403,245.5113804845041,308.4835976839872,236.84656830630135,1.5205465665098612,0.0200478577222078,True,0.0452451466648522,0.0137360082754804,-0.0403835678726427,0.0230917850860863,-0.0253997179893775,0.0040920898728999,0.0303794367758154,0.0196406355065734,0.0562229376689384,-0.0110960792277196,0.0556258904079729,0.0177779022527775,0.0241667262889819,-0.0030400006927685,-0.0197214125169733,-0.0129096207770889,0.007727226592302,0.0506811947532115,0.0121816456043717,0.0275780178729905,-0.0061918720434609,-0.010245915576738,0.0352362815655446,0.0180332833447809,0.0065074240616769,0.0352109343585675,-0.0378393378103799,0.011291404319516,-0.0253736679869568,-0.0550242810179494,-0.0564328543145199,0.0386105259720468,0.0613959676105946,0.0061197643532779,0.017547356335555,-0.0617623233032882,-0.024318081004515,-0.0187884061675168,0.0044716433133895,0.0739759411681995,-0.0084009177226971,0.0024500153716882,0.0614485679632754,-0.0317760947931292,0.0337604879901365,0.0167049511130162,0.0476567378227441,-0.0025921692960839,0.1020357232072073,0.053497116925032,-0.0076237721148654,-0.1029784099194558,0.022411110423842,-0.0461406277003509,-0.0084496748297685,0.020054856000004,-0.0032233961953453,-0.1046578665105801,0.0471721431859335,0.0197462909692311,0.0065355836310267,-0.103943744498929,0.0752986121345573,-0.0496599968465342,0.0207822143384444,0.0193415086150119,0.0595868748274996,0.0285401774368454,0.0452405016688038,0.1747896332256322,0.0627662110044662,-0.0199628541813834,0.0581112435960564,0.0900582989011697,-0.0214571331167531,0.2131980408085698,0.003985496295418,0.0553166786423782,-0.009420358179452,-0.0821131675281685,0.0531748551910313,0.0823692722311932,0.0537183080666949,0.0449447669823233,-0.0597816452652435,0.0547559493697604,-0.1091041971960988,0.0456214725774792,0.0202882836097284,-0.1319680374902626,0.0500579404468568,0.1551999725375673,0.1541942304163694,0.0909870093480749,-0.2186165215692135,-0.0649635137239066,-0.1058224585805333,-0.0652908885088564,0.0683780688002875,0.1163466696961923,-0.1184670186598914,0.1410438870863148,0.1579282583215115,0.1265631749353124,0.1877166019890417,-0.0516624410979614,0.0573685990527772,0.1250123286802062,0.0716481529249917,0.0123852124699128,0.0358154834204356,-0.0755244983184109,0.0430711881046743,0.2237902089517596,0.1208582057176372,target,1571,52,308.4835976839872,0.2317991520987874,0.257471740527096,0.0358146033399213,4.272550214113223,4.745750491996312,0.6601391324466443,4.272550214113223,1483,0.71457958518784,7,0.1641883867013166,0.1346938392869245,0.1009161828737299,0.0,-1.659025452332522,-0.944445867144688,0.319457149911867,0.1309299160794579,245.5113804845041,236.84656830630135,308.4835976839872,7.702001662356404,-0.1149937832991261,-0.0598279978582929,0.0306983421433642,-0.0860556884449518,0.8932944606413838,-0.0130407142991447,0.0,-0.0781915677523795,2022-09-29,34.0,9,-0.1348159651534067,-0.1193526842588709,True,False,True,0.875,0.0,0.0,0.0199109802236531,0.3770442731767511
HD,Falling Wedge,bullish,1,0.6181611601363597,3,28,1916,1917,2024-04-30,2024,2,312.25916859303635,311.7442401714525,379.3872375499086,303.2521413733225,0.6187077984086212,0.0016517656310206,True,0.0230621640699795,-0.0083709485873035,0.0153076683327912,-0.0272541104225627,-0.0289204823535861,-0.0175979188370913,0.0213055131184165,0.0118028462877437,0.063351295748981,-0.0003925921861153,0.0046296622293755,0.0099019128084243,0.0186977254696376,0.0190736868176717,0.0151824369929505,-0.0157394935541013,0.0229933706785652,0.0132348475041319,0.0371968260603119,-0.037302701781909,0.0115786082409403,-0.0346325619317139,0.0179413371088364,0.0224917049083857,-0.0212274473228215,0.0137281195299476,0.0319694388236961,-0.0032218989581305,0.0251504217233742,-0.0879628362676023,0.1002975094869522,0.0012909105000642,0.020262489531603,0.0105085937946598,0.0325594417035366,0.0497092111185051,-0.0118497640610134,0.0412503740542034,-0.019193312716895,0.0083096253932311,0.0025578433642239,-0.0309954258759017,-0.0365639867842439,-0.0296639716094846,0.0255104331331916,0.0153090441141898,-0.0213208683050434,-0.0706244589607334,-0.0250659807443414,-0.0063138929387939,0.0792619646585999,0.0671307826943627,0.0993046203451315,0.0849006059333419,-0.0210823971116367,-0.033091756233662,-0.0141154540782845,0.0331537694232442,0.0722900665594092,0.0428526849821395,-0.1206862806569052,-0.0013227756799724,0.0755313330308586,-0.0027987497419827,-0.1133201150336516,0.0705819024004446,-0.0207204875235827,0.1001213245800145,-0.0396514265482801,0.0325931420307421,-0.0606545994920486,0.0443925962832625,-0.0407509552823466,0.0760432168421363,0.1127025831083714,-0.0686823809156724,0.0211356415952366,-0.004411013020518,0.050068021621864,0.0551617505953483,0.1158072403076555,4.8662230573981446e-05,0.001961781613827,-0.1630692707122735,0.0801454540433255,-0.134701133766153,0.054445148393134,0.1099440439496308,0.0725846734401105,0.0341700821587107,0.0187403155130678,0.0108063191307775,0.0870821071802432,-0.0023038218342694,0.1410143413386817,-0.2293838601734092,0.0692941333427525,0.0644379560976327,-0.0650605099996096,0.0372431940704403,-0.0116863510168979,-0.0541853327451994,-0.1466331506989562,-0.1364167960863412,0.1254771088707078,0.068993352741602,-0.0732117772815583,-0.0517346261838905,0.0727406756802921,0.1385436482970872,0.1152037055422203,-0.0619707878142951,0.0430043084092195,0.1045801474270293,0.0795696381893678,time,1976,60,339.45135498046875,0.0870821071802432,0.1361579996957675,0.0277471444377597,3.018996803730798,4.720379182293845,0.9619489362707854,7.452855122936434,1886,0.7064417656909472,5,0.0654169677201509,0.0315542711853604,0.0806439404502483,0.0,-2.053831208686272,-1.347389442995325,0.3649896723512467,0.091068470647883,311.7442401714525,303.2521413733225,379.3872375499086,5.087623566541339,0.0085936725090678,-0.0787758852463731,0.01623396848256,0.224323919292003,0.2969455882940841,-0.0032066124479511,1.0,-0.032495647327287,2024-04-30,49.0,5,0.3862041851546569,0.1417213483855264,False,False,False,0.0,1.0,0.25,-0.0411577618040663,-0.8082827377356134
HD,Falling Wedge,bullish,1,0.6559797345472518,3,34,2093,2094,2025-01-14,2025,2,388.3274902548724,367.08815903175446,424.2728353302068,362.6474225333308,1.714435700609814,0.0578589385153134,True,0.0084841033866631,-0.0188056932164206,0.0089887973874305,-0.029132023732576,0.0082974826771275,0.0286038910357631,0.0188491820994667,0.0039594133425973,0.0163951115753338,-0.0130227749712418,0.0065917852562777,0.0400213888464493,-0.0456846468792275,-0.0101305761167278,-0.0167272845712668,0.0331133648355126,-0.0119858029548491,-0.0018356602048945,0.0711266604240719,0.0153441790941111,0.000334674003138,-0.0493172603041501,0.0047946083445458,0.0166482939686665,-0.0027982327027176,0.009419827518289,-0.0097642423996999,-0.0130408751442641,-0.0064287714286576,0.0018582462721898,-0.0090090465485278,0.0642925867741688,-0.000507674579725,0.1052497634986442,-0.0146273866253502,0.0578337626042955,-0.115237282350124,-0.0339517588979354,-0.0341428390894797,-0.0016284264692503,0.0038123014491711,-0.0734927045839098,0.0574416685180192,0.0798349324074274,0.0987391319903618,0.0083157333228843,0.0012050406697929,-0.0208673719299465,0.0695683549895007,0.0430336415936383,0.0337790555372019,0.1019427676460331,0.0758139593765796,0.1145088965478289,0.0648862037204593,-0.0136381480437766,0.012268402928127,-0.0238956844619763,-0.0040631806438302,0.0427598902837076,0.028852440475565,0.0179555420786301,-0.0281266678499201,0.1071745914579254,-0.0717256041443944,0.1263946335352461,0.0271224016002886,-0.1235030246176005,-0.0288503829306687,-0.1406523582215174,-0.0747399250673215,0.2252439075502172,-0.0009405850245537,0.1184623070502624,0.0464095172145337,0.0332366233233172,0.0997550467931402,0.042018570114781,-0.0801460828586296,-0.0251244160716374,0.1071333126751752,0.082336269764921,0.0738653555833519,0.1687484382510546,0.0787141167757099,-0.0745881067990341,0.1298193961239251,0.0946962544421554,0.0441243006341494,-0.0686823809156724,-0.0469434546391107,-0.1930592777209203,-0.1248884690627712,-0.0161832443382843,0.0971338672733357,-0.0080406074671556,0.1664176200977227,0.058297346942818,0.0573516243463969,-0.159950242034113,-0.0899519637952043,-0.1371337449097157,-0.0073798318699034,0.0627878702745754,-0.1169922577860717,-0.0438977163012986,-0.05453964301416,0.1783682905470065,-0.1152921537700349,0.10232753381915,-0.0711954812921933,0.1515618540087764,-0.0669268871955725,-0.131828789663404,-0.118444303473319,stop,2120,27,362.6474225333308,-0.0661299247825254,0.0480511260533919,0.0699618523761059,-1.0,0.7266169772824123,1.0579454400739474,1.3997371605520283,2057,0.8755515925923043,7,0.1238329626442106,-0.0116136910250362,-0.0901688317728588,0.0588235294117647,-1.223814935050613,-0.3482633424583072,0.1085448801714071,0.1173604045297086,367.08815903175446,362.6474225333308,424.2728353302068,5.942476388186743,0.0640435646463575,-0.0294805214773785,0.0158431199689084,0.1082035378616987,0.689275459098495,0.0036230252516815,1.0,-0.0333932108242891,2025-01-14,42.0,8,0.0582316372446958,0.0036003691515318,False,False,False,0.1428571428571428,1.0,0.1428571428571428,-0.0163688880984872,-0.5935153146093652
HON,Falling Wedge,bullish,1,0.6444717575163371,3,37,1468,1469,2022-07-19,2022,0,160.07078567811757,154.4931319736927,186.0822001927786,148.97038766727098,0.883436225601459,0.0361029233673291,True,0.0260732684746223,0.0300988162563911,0.0094412554936784,0.00106430724915,0.0139059290403378,0.0898831612170822,-0.1021999944559132,0.0053806625861736,-0.0282106121072003,-0.0272774116224036,-0.0137840593447133,-0.0476326365236237,0.0025774044563264,0.0276668915104423,-0.0048512622284647,-0.0101128409370984,0.0148848776638823,0.0207194193440571,0.0136489662092529,-0.0055787935162551,0.0577468627023989,0.0034274406613592,0.0250382901046988,0.0696228035834154,0.0298997381489265,-0.0862045454999593,0.0053697440965558,-0.0974471689642716,0.0770080034810312,-0.0595707880529803,0.0114934990540773,-0.0033240785940159,0.023958227319937,0.0146319588132508,0.0016338081626696,-0.0643274174316484,-0.0243518963608851,-0.0091856047306281,-0.0201117477529446,0.0611854014279069,-0.0469729615053161,-0.0155519142094187,0.0243317844333426,0.0024712543209253,-0.0273369777439373,0.0812378745702308,0.1576667377656948,0.0628057773359487,0.1543415029628918,0.0126910385740415,0.0850060066669089,-0.0061625742861696,-0.0376066270705724,-0.0588664687282306,0.0502831931612883,-0.0422669502499182,-0.026512915327394,0.0600147991442978,0.017233653026363,0.0319439493689863,0.0101057536350523,0.0606590102865887,0.0040662941052886,-0.0770219529171495,0.0530748969065453,0.0049294797748442,-0.0576456030285795,-0.00954309890679,0.1462305684107802,0.0229551792610289,0.0175278438267438,-0.2581616845940065,-0.1169663914694739,0.043178037746604,0.0452363932539383,0.021354078033585,0.0601522205572628,-0.0723808115129264,-0.0812011261944234,-0.1111252017754701,0.1113938860819865,-0.0073112340736112,0.1043310258722771,-0.0667378935491422,-0.0059310055688036,-0.0031432967742622,-0.0516407886862757,-0.1212585555718853,0.0001414639498364,0.0693434998837423,0.0889002282029947,0.0405465370704316,-0.0178562331155335,0.0699091600864774,0.035938166596672,-0.0742453924236137,0.0103790167044319,0.1480469562286996,-0.0534725880108312,0.2115257811141127,-0.0459377370331883,0.0059273639958583,0.0372488326672406,-0.0944491351685286,-0.0354506448709439,0.0165792191403668,-0.0145440153671326,0.076850629801044,0.0762278505878979,-0.0935668066942936,0.0772744600133061,-0.1222512582529767,-0.0171064283680384,-0.020367761741511,-0.0240865585614621,time,1528,60,157.2125244140625,-0.0178562331155335,0.1610202764549055,0.0528697838939338,-0.2574917819399057,2.3219565764271795,0.7623967931838906,2.3432866541581987,1431,0.653921084814957,7,0.1130589687641908,-0.0139210722779545,0.061126956230193,0.0,-1.515738226317381,-0.8618171415024218,0.4052443639723704,0.1113582384584015,154.4931319736927,148.97038766727098,186.0822001927786,3.711196404529157,-0.1019506182831764,-0.040140357304217,0.0231297776793077,-0.1770271111081545,0.9061224104037514,0.0115241278747177,0.0,0.0721863442252068,2022-07-19,2.0,12,-0.2561774613884996,-0.1624438216623231,True,False,False,0.9090909090909092,5.0,0.4545454545454545,-0.0693297419788835,-1.6783787586866583
HON,Falling Wedge,bullish,1,0.6656244467961396,3,54,1645,1646,2023-03-31,2023,0,175.16162592427773,173.5624337623749,197.7557219697284,166.54005457942776,0.8623361482642309,0.0092139302684144,True,0.005824583878887,0.0039656631205593,-0.0193742537806044,0.0291776467728186,0.0070496997466185,0.0129154171399603,-0.0138623334027357,0.0301451591146979,0.0212700356192798,-0.0096786001188905,0.0087174311098598,0.0154262986471718,0.0034736257758722,-0.0090364640615412,-0.029148982783311,-0.0440675277156316,0.0095719403039735,-0.0013487299608132,-0.0325782043717374,0.0095040474760916,-0.030700392848616,-0.0202041265209553,0.0089619995718116,0.0382537395113271,0.0258040872589835,0.0338496001911903,-0.0423021901718071,-0.032716208643297,0.0669200681817792,0.046276509179536,0.0417966945102439,0.0263404228904,-0.0303825539060131,0.0072165092070626,-0.0112473851592869,0.0110791668166141,-0.237964674179309,0.0066734758462105,-0.237964674179309,0.0352021307269661,0.0593356458169342,0.0245734009766802,-0.0668993582748236,-0.0948882624729998,0.0061357291102055,0.0577020371879782,0.0520016797896771,0.0357121709505814,-0.0770381070917313,-0.0609570388502775,0.1241802784572567,-0.0651555574438441,-0.051636024349047,0.1499266093255462,0.0055884667234114,-0.0101003007895703,0.0391056646133236,-0.0798868250457793,0.0323137575983463,-0.0358000486998009,-0.0779348231376586,0.0870098384103312,0.0637486546184558,0.0832209177597529,-0.0373720852304423,-0.1389102222893641,-0.0077493568203877,-0.0292472330866212,0.0563363515560822,0.0262409085010215,-0.0014708847105993,0.0050001425651724,0.0861310745274634,0.0063663500158765,-0.0922252387993549,-0.0250543353783105,0.0098186044337122,0.2535759858455511,0.0651239966581187,-0.0802619969645936,0.0909468947287939,0.0228165054015636,0.0355258130640407,0.052494620073056,0.1762637984284982,-0.0279887324138935,0.081726451095339,-0.0742417414808185,0.1285618692672456,-0.1182103206891355,-0.0612818387690348,-0.0005134865794429,0.0681768391430099,-0.0031477367606007,-0.0204533267293743,0.0586910807642535,-0.0362709508102706,0.0976166827265716,0.0721769533032838,-0.1262170715214415,-0.0393986894027977,0.1396628164386011,0.1089706840876143,-0.0509548345346344,0.0496393157064956,-0.0229962736228923,0.0631936574352975,-0.0913609893543668,0.1410051878025993,0.1965288794779729,0.0514069915740988,0.1587587786097908,-0.0448679760516879,0.0079411241063978,0.0325232371427344,time,1705,60,187.1035919189453,0.0681768391430099,0.0867445387246329,0.0081860241257211,1.3851263901911604,1.7623602282354696,0.1663127564992198,2.620647111961447,1591,0.4316409025060375,7,0.1002622118900844,0.0442033528514245,-0.0021222499139591,0.0,-1.447698043719461,-1.0160571412134192,0.9735197635491246,0.0720903782316332,173.5624337623749,166.54005457942776,197.7557219697284,3.58598176698431,-0.0102883840173514,-0.0269381568916158,0.0204135046599336,0.1352573457302717,0.8731701807228914,0.0052874831531268,1.0,0.0167308950854756,2023-03-31,21.0,13,0.2416112199608742,0.0858305135852199,False,False,False,0.0,2.0,0.1666666666666666,-0.0081176713418206,-0.1732567999589271
HON,Falling Wedge,bullish,1,0.6615469448307473,8,111,1797,1798,2023-11-07,2023,3,173.61617144474064,171.8691954106149,204.43258723078517,163.66261212305645,1.0664864430915808,0.0101645674779125,True,0.0239693237537845,-0.0015821155950674,0.0103755239866314,-0.0176858618539021,-0.0093380462180948,0.0006835975840058,0.0030597682409763,0.0177431956931946,-0.0287035201513868,-0.0302051007568435,0.0311389843317486,-0.0178095003768722,-0.0774778887313251,0.0113786756266749,0.0252892910856372,0.0143432003673487,0.0076786170748663,-0.0365131454202312,-0.0180061244753875,0.0043875038486089,0.0863486103918291,0.0102855954384841,0.0246206549694864,0.0293519403013517,-0.0065753705493094,0.0077361660703041,-0.0643274174316484,0.0127278565094886,0.0177606369010612,0.0069626709864467,0.0344794255444012,-0.0397860943311688,0.0547425777016279,0.0057021485136972,0.0305281769227157,0.0047929340732166,-0.0623531164397372,0.0400001822304789,0.0122907707676767,0.0137536050848288,-0.0601608143521054,0.0270692930547471,0.0216650606993109,-0.0135252893756097,0.0348674544193998,0.0251056289238951,0.0646074458938623,0.0252747518831926,-0.1376650120764604,0.075455632706499,0.1471653963873078,0.0157544298695491,0.0018989332162233,0.0575328907573418,0.0399299278732525,0.123852008438932,-0.0015986335503515,-0.0766097273850249,-0.0891822879060172,-0.0587493499610044,0.0789456647612298,-0.008726291148225,-0.0290406768405687,0.060914711432799,0.0517645125253329,0.0537638199851653,-0.0779348231376586,-0.0608946420997346,0.0562786217014329,0.095503176219267,0.0217581778324309,-0.0324816108055142,0.0709087362885476,0.0787862816841835,-0.0065519068520695,0.0811376057341792,0.053129564644194,0.1062201209547115,0.0354634682617334,0.019189619299867,-3.444806743080342e-05,-0.0113538889207625,0.019189619299867,-0.0335730372887042,-0.0427832375360268,0.08864199528378,0.0716076729226435,-0.038639539043263,-0.0429067257988108,-0.0507669392497205,-0.0321044159964684,0.0788492294785202,0.0388790063609869,-0.0913850794847468,-0.0621112010609439,0.0012835943904887,0.2020723935737836,0.0632536237621748,0.1070393573443908,-0.1021977668511605,0.0942463462668896,0.2255278357932026,0.0880175520617809,0.03666251706344,-0.0488182626920155,-0.0253239408725972,0.0823928375629554,-0.0333940817667459,0.0910740024045504,-0.0292261395221153,-0.0835318385794828,0.2659237437458124,-0.014968789220477,-0.1024373365814219,0.0011047840198614,time,1857,60,180.3661956787109,0.0388790063609869,0.1336113967022125,0.0165881570938183,0.6781518063859918,2.330533069340015,0.2893409516009538,3.096019704118285,1683,0.6765965930308511,7,0.0759407227883543,-0.0966872634563192,-0.0320489004080231,0.0,-1.1045147643230788,-0.4279181712922269,0.4114096417145443,0.1584792217370771,171.8691954106149,163.66261212305645,204.43258723078517,3.3166203305496964,-0.0328041655333172,0.0033042875786211,0.0191308187188787,-0.0431915351058806,0.6213063692580322,-0.0038933867849876,1.0,0.0055001276312041,2023-11-07,21.0,13,0.0254238379500371,-0.0108973287579876,False,False,False,0.0833333333333333,2.0,0.1666666666666666,0.02406149149818,0.7235031878853548
HON,Falling Wedge,bullish,1,0.6558702742408712,3,29,2096,2097,2025-01-17,2025,1,213.19481904442216,208.413008037071,237.47600161745368,205.91861112971296,1.155429494996004,0.0229439181958384,True,0.0104760244147421,0.0126401338877611,0.0116599861484554,-0.0018545238130719,0.0262946923625297,0.0160411769994337,0.0084685625935767,0.0350818800424566,0.0359099452497257,0.0003142953456301,-0.0213775876545515,-0.0155509085238619,0.0301451591146979,0.0056747124828753,-0.0192973615058842,0.1026948176904321,0.0509402209191107,-0.052444166343457,0.0198554895548661,0.0190535756480538,0.0712818115527094,0.0344222356830545,-0.0073896762625969,-0.004297733853965,0.0005300507902955,-0.0244070256982021,0.0044768865006121,-0.0611341329870105,-0.0375096026140301,0.0111181269885916,0.0538142885849373,-0.0190877057095336,-0.085472403589845,0.0005967606832399,0.0499465333241639,0.0250150487037561,0.0114012665267837,0.0034819840746875,0.0254439412071179,0.0038164717941504,-0.020411476155318,-0.0349744031264482,0.0305984157446794,0.0236486197362497,0.0180916718785233,-0.0032203971473203,-0.0686304091407338,-0.0866436933493456,0.0387670886547948,0.0152262323787322,0.0011982089492392,-0.0422669502499182,0.0014250874265648,0.0383577879440377,0.0578411352669376,0.0017721698727792,0.0945661035984526,0.0952380568263824,-0.0036242141365623,0.0481976950487044,0.0355441822326672,-0.0315601382542063,0.0775785760211664,0.0095932097149318,0.0952380568263824,0.0097634017145744,0.053481283193389,0.0709574289926679,-0.1019951292418197,-0.055994436267331,0.0100150928584129,0.0219579698081726,0.2466865700834497,-0.0546676123095203,0.0039395564552946,0.0783629976983337,-0.0576793552582319,0.0717355736249343,0.0918089127505061,-0.0036693918697063,-0.0451668347692945,0.0560821268889639,-0.0873167307710928,0.0815083945788008,-0.0333946423205692,-0.0347978006099553,0.0585949040491653,-0.0166435056367687,-0.0241000109765606,-0.0708486651655809,-0.0369347659922236,-0.0682673207802368,-0.1051886221469388,-0.0028983137895115,-0.1022734488921802,-0.0249751084250851,-0.0379286142939458,0.0675715611012008,-0.1827827277880619,0.1580296367209133,0.0802049952101915,0.1274721921546253,-0.0181930575993405,0.091820137791462,0.1020859264742544,0.0630592911252039,0.1867948002299839,0.0791887663469395,0.1027270053304618,-0.1366209079685673,0.0229844538107022,-0.0320957929740829,-0.1153655181412046,-0.3124864087874497,-0.1111494812182398,stop,2109,13,205.91861112971296,-0.0341293843223885,0.019519205418381,0.0769573560416259,-1.0,0.5719178885268261,2.254870914596094,3.337065523367747,2066,0.8284605906427696,5,0.1567896934311587,0.0907570386959439,-0.3031422680333951,0.0,-1.195120295123861,-0.3666597044811043,0.1238126390976347,0.1045185434184324,208.413008037071,205.91861112971296,237.47600161745368,4.126619745414274,0.0653032967821432,-0.0153047870479972,0.0194247947470059,0.033213654650066,0.0633177617343053,0.018635837810883,1.0,-0.0077755867973557,2025-01-17,56.0,10,0.0965289257138022,0.0574067979461461,False,False,False,0.1111111111111111,2.0,0.2222222222222222,-0.0387547551430875,-0.8723847772229815
HON,Falling Wedge,bullish,1,0.6633556368562071,3,19,2239,2240,2025-08-14,2025,2,211.3657096948492,206.83375199379088,240.9360626002949,204.17286463498067,1.143960913272629,0.0219111129463742,True,-0.0027518753089204,0.0134093356045094,0.0386817688824063,-7.064523503697018e-05,0.0004593709101117,0.0103443685422495,-0.0176611716786169,0.0105809143555526,0.0217329424789938,-0.057339170332431,-0.0018053758191135,0.0283201636311283,-0.0188296556045703,-0.0217097224972616,-0.0268541765690909,0.0146468874274172,-0.0809727946934438,0.0460599181247369,0.0217359356650501,-0.035100773540463,0.0013689170253661,-0.0406202705505812,0.0025997531649594,0.0152738871559203,0.0107382316693014,-0.0708108392198488,0.035753053005983,0.0044768865006121,0.0259139272660806,-0.0113268946176151,0.0260340980701299,-0.0317742851706667,0.0051386212539938,0.0083653432431261,0.0020381929210928,-0.0235222623244906,0.0311804748529958,-0.0508705384831305,0.0212053550692263,0.0185950391013576,0.0056245018577434,0.0151862459515585,0.0192288226287735,0.0344794255444012,0.026795531333883,0.01068835221666,-0.030089030495413,-0.047767133573897,0.018438562595008,-0.1036089008555761,0.054053721421446,-0.0277364676078611,-0.0594862232692583,0.0424240279484391,0.00550110488855,0.0620892799857599,0.047613258915558,0.0021690508722058,0.0298564359151203,0.0553711449911045,0.0100863224119456,-0.0790151445530539,0.0605350048993482,-0.0888160372692389,-0.0568588637038329,-0.0862685159873223,0.0111633454422825,0.025609971067813,-0.0262450844008348,-0.0784790062495174,-0.0921640498335304,-0.0260570449627522,-0.0051522072487408,0.0765577137365485,-0.1199392364361442,-0.0153645983692535,0.0174094830243205,-0.081088405114279,-0.0676169854059894,0.0985575749029905,0.0624689486628609,0.038726162856695,0.0451725850251705,0.0529022086984516,0.0168597186976748,-0.010274167893581,0.0288871079702743,-0.0041134283225143,0.0724652339083977,0.0551182900522575,-0.0110848129867294,-0.0897007132893003,-0.0555532516851423,-0.0971021106979775,-0.0204705294601703,0.0061095221795535,0.084715249385689,0.0591616997354786,0.0901417373323278,0.1070393573443908,-0.0204245344736289,-0.0561606411461681,0.0524753119761445,-0.0850952705006086,0.1104524863863056,0.1789813558325796,-0.3214544247976406,0.0950760947318587,-0.0935668066942936,0.2126652256454999,-0.0354595031869071,0.076850629801044,0.2232612258983428,0.0145906676229248,-0.0894976943657785,stop,2261,22,204.17286463498067,-0.0340303309853471,0.0232089384053657,0.0340335233161635,-1.0,0.6820074249456783,1.000093808397509,4.111078809472683,2218,0.7981338657647374,5,0.1214927234654028,0.0570752934624643,-0.2848292658726075,0.0,-1.9126112726271536,-1.114477406862428,0.1869793548290353,0.0739374271665337,206.83375199379088,204.17286463498067,240.9360626002949,2.964331025297087,0.0013263958763372,-0.0421059793419418,0.0140860309865849,0.0755018049663163,0.5082898372735414,-0.002957985921463,1.0,0.0269251124246121,2025-08-14,56.0,10,0.0747216286601573,0.0595440435560019,False,False,False,0.0,0.0,0.0,-0.0780906222595919,-1.6198356837606636
HON,Falling Wedge,bullish,1,0.6526560411946744,5,57,2433,2434,2026-05-22,2026,1,243.767777771424,226.9580638817849,259.3133697436931,217.1439083996504,1.1409388515132777,0.074065285904072,True,0.0146270829697023,0.003253968658164,0.0030467582369113,-0.0227389001379125,0.0434177703292977,0.0071150071318033,-0.012129692277913,-0.0076080863443657,-0.0102307117266486,0.0103072251181897,0.0173928813840023,-0.0035494530865621,-0.0097415401657041,0.0189222184968038,0.079740698636308,-0.0678074168196376,0.047295624515625,0.0072288489526999,-0.0052590179820142,0.080666644621907,0.0103809600489683,0.005824583878887,0.0050133628291701,-0.0914939832387762,-0.0771074008703959,-0.0611341329870105,-0.0675800114766311,-0.0169676397100491,-0.0055275182357563,0.0287888791655379,0.0709993566717464,0.0938935053291689,-0.0289064602387078,-0.0611286743969901,0.0460337562857477,0.0269259032026814,0.0213774614628134,0.0255004972871848,0.0299367163016208,0.0157547276328802,0.0047986192375135,-0.0184839053050279,-0.01508539421818,0.0679933194931439,0.0262235955058194,-0.1006646132891515,-0.0461544915719582,-0.026767904479116,-0.0874403530983006,0.0203341115159094,-0.0189501500448689,-0.0046098935484745,0.077726471178819,-0.008840495420395,0.0379602014585755,0.0549854939754352,0.0348611829923712,-0.0251042110287098,0.0226030452940932,0.0246279302792038,-0.0298259066558812,-0.0297042218190265,-0.0052764408124715,-0.0453495094564723,-0.0183804067539816,0.0087686745737394,0.0122342131140515,0.017723599379293,-0.0480716583281037,-0.0470725811620827,-0.0461731939536427,0.0051254355052317,0.0451948181495116,-0.0505858006139354,-0.0446562106234563,-0.0576029762866865,0.124794243858628,-0.083367949157841,0.0608968843961761,0.0936488790499483,-0.043510285986367,0.1466447086116231,-0.0382882470074982,0.0172527971162228,0.0954391452861631,-0.0432213097227131,0.2622056837711222,-0.087239185676105,-0.0563580140577365,0.0054492746534713,-0.0531264784076864,-0.0620073518049864,-0.0904048198878415,-0.118446112408409,-0.0250851868682702,0.087936697340754,-0.0532957083601491,-0.0607782627013205,0.0473552752687522,-0.0179550307412414,0.0657774046986567,-0.0383133382108079,0.0412162899754882,-0.0425149469850645,0.0698859255937855,-0.0314578139383158,0.1342680509637881,0.0350685567990785,0.0322979157744007,-0.0291028713966455,0.0772361358228923,-0.0136710411892265,0.1424497382368792,-0.1770362808895106,-0.1026188953475377,stop,2445,12,217.1439083996504,-0.1092181649895428,0.0292111878115397,0.1184317458757418,-1.0,0.2674572294300734,1.0843594184820922,0.5838967940832228,2375,0.6243899095557408,6,0.1784501191809886,0.285898687621116,-0.0556154079455578,0.0185185185185185,-1.0069569000969751,-0.3825669905412327,0.4891729465408676,0.1158286559378846,226.9580638817849,217.1439083996504,259.3133697436931,5.189593885001173,0.0882497374884752,0.0278765269664793,0.0217757331684163,0.2085344263259139,0.8338518192189988,0.0077747590316381,1.0,0.0444014709351121,2026-05-22,9.0,16,0.0110512125163064,-0.0511678545512952,False,False,True,0.2666666666666666,1.0,0.0666666666666666,0.1139236006198642,2.130963779712688
HST,Falling Wedge,bullish,1,0.6254125589894768,8,51,708,709,2019-07-12,2019,6,13.715026178268497,13.892733447931096,15.0926616227221,13.079922429085272,0.3560042157235928,-0.0127913826554459,True,-0.0280527329633837,-0.0149023110812053,-0.0071116739866864,-0.0202029244952689,-0.0500003062428683,-0.0790612078802122,-0.0005885949980313,-0.0413174256362165,-0.0066603468057978,-0.0186185246919438,0.0031482545092857,0.0323806556457202,-0.0329264777667026,0.0128040947249796,0.0462301021859534,0.0071496423730494,0.0122733959457215,-0.0815218771575527,-0.0224666414653379,0.0437999049782249,-0.0149834463212231,0.0469562613028278,-0.0195168761742797,-0.0313528639633784,-0.0342751466011708,-0.0249360757031418,-0.0871277059303973,0.0213500715968035,0.0929350829661925,-0.0120845365974792,0.0390390455158116,0.0339413022256331,0.0351944141140758,-0.0483011673281708,-0.0236078437552759,-0.057158899156572,0.0177638786673386,-0.0493195568830597,-0.0075140942585605,0.0447761185391106,-0.0228681085217214,0.025812989098692,-0.2645655846599212,-0.1321997546573918,-0.0520382321331464,-0.0078074311203194,-0.0847083890115202,-0.0531270271824038,-0.0163195099685313,0.0387877681011845,0.0238756868119569,0.0202403273045175,0.0091576046522727,-0.0678469633404454,-0.0141795481783277,-0.1218920259793731,0.0219230725060506,-0.0490196247430351,0.0633649999614478,0.0073947427040426,-0.0133180354798263,0.0346652122144111,-0.0166819812698042,0.0589741546590976,0.0552187782028215,0.0209690330066576,0.0294114650656533,-0.0888349923756582,-0.0845028972042758,-0.0572056980399476,-0.0474757838398921,-0.0238626518508155,-0.1149084520282799,-0.0107226794223354,0.2320153437668826,0.0280155206826031,-0.0839996432443808,0.0149834621926434,0.0027259400730113,0.0745720740339648,-0.0330008375494049,-0.0087759564606475,-0.0736896916620889,0.0544245238201306,0.1714835786784732,-0.1728394389752128,0.0149892033337128,-0.2235924683077033,0.2361917287544983,0.056577472022,-0.0345341491651048,-0.062508341974545,-0.0648407103435801,-0.0426022709547257,-0.0313054212422075,-0.0597601086243675,0.1340553835949904,-0.1991584986373329,0.0457782597070688,0.1285168104087317,-0.0972933996655943,0.1410687745949317,0.0430713683984784,-0.0910181702964687,-0.1067008024779041,0.0553278802026968,-0.0329146546663462,0.1253030071315559,0.084800835653827,0.1106727837666827,-0.0133331303403877,-0.0483536050421037,0.0131415071153335,0.1270527134344448,-0.0812882869943816,stop,721,13,13.079922429085272,-0.0463071481547405,0.0066008676564915,0.0484049598964348,-1.0,0.1425453287348641,1.0453021147984374,2.169150231320965,651,0.3681033034029207,6,0.0661877866052674,0.0511316413269806,0.077068997001384,0.0,-0.874956941355816,-0.5068536379528951,1.6100942448588371,0.0945113829954264,13.892733447931096,13.079922429085272,15.0926616227221,0.2525618375904409,-0.0053655771355712,-0.0139158433021,0.018394730749315,0.0521719563429416,0.3684284495307094,0.0022029279046142,1.0,0.0432771680103964,2019-07-12,60.0,3,0.2425350738382536,0.1287193541423195,False,False,False,0.0,0.0,0.0,-0.0409874368463146,-0.8290226394431592
HST,Falling Wedge,bullish,1,0.7643036963033016,5,73,1245,1246,2021-08-27,2021,2,12.980602669371583,12.584998673234496,15.01526568569178,11.465128626829824,1.0609351819630397,0.0314345679653069,True,-0.0188105673857398,-0.0234893138472019,0.0205098832310053,0.0220622997739647,0.0109323794877689,-0.0682066667288964,-0.0074971448478883,-0.0109949879563763,-0.0127387895446275,0.0442528402779425,-0.0844577062925775,-0.0030582632310379,0.0027085656836041,0.031908344049147,0.0411854298306944,-0.0074971448478883,0.022421479859586,0.0081374020134818,0.0293072658453501,-0.0148606907614232,-0.018212784514806,-0.0029618821601649,-0.0189575588440827,0.012742905297179,0.0224776868312682,0.051182310358057,-0.0323884308209169,0.0239673643601356,-0.051794328694169,0.0208127105850799,0.035714188334365,0.0111800125031795,0.0542875424028621,-0.05412518113958,-0.1116073397405168,0.0889149067175318,-0.0321603448049171,0.0758622041726879,0.0530430138703525,-0.0431121900979575,0.0494340694060364,0.1523990630038951,-0.0670769038785141,-0.0171609560278155,-0.0590242033226886,0.0053255299378236,0.0315535884234114,0.0468806343344938,0.031385125408853,0.0711515114713612,0.0358725904108465,-0.0360122593476509,0.0387453789352281,0.0540839981797454,-0.0243307288484405,-0.0607734697052232,-0.0026822492503844,0.0421454797593177,-0.0084135019988708,0.1126589815442025,-0.1201924774584112,0.0495631164537622,0.0680156659234352,-0.1218920259793731,-0.0422097467554101,-0.0667863126350646,-0.0036546246207835,-0.0061958010340846,0.0310296559007587,0.0212380003760548,0.007846161806829,-0.0219366493907824,-0.0138148386866298,-0.0601565797680423,-0.0333623805680648,-0.1563062030699707,-0.1728394389752128,0.0026639742482912,-0.0419271429843767,0.1067953804226731,-0.1013433749655061,0.0204969160426653,-0.0090091843206786,-0.0330344632053005,0.0477889063829595,-0.0332917769019782,0.0288776692860717,0.0580584710212579,0.1481482691640008,-0.0815066378968832,0.0827544758303877,0.0343852307928107,0.0364079179728853,-0.0037231361019895,0.0276694243327983,0.0173571143829369,-0.1082943593942138,-0.0326147783022962,0.1664091618909937,-0.164624923540832,0.0065287832008606,0.1127952062343529,0.2637456546748071,0.1900908446158304,-0.0961516065968106,-0.0629973027693144,0.0739771417637638,0.3307922588893142,0.2063485107880647,0.1895101378861061,-0.0709026983157647,0.0930568723652618,0.0515819735811204,0.0687308406401252,-0.0267424948434698,time,1305,60,13.45319938659668,0.0364079179728853,0.1541260582891423,0.0442960117031434,0.3118474510011766,1.3201474043674573,0.3794119276315447,1.3425917958368006,1170,0.4463443227961822,7,0.0587512585389225,0.2104105271838303,-0.011068829903891,0.0,-1.1123229393928264,-0.6659786165966415,1.1483506356300357,0.1611066710225676,12.584998673234496,11.465128626829824,15.01526568569178,0.3977673937107213,0.0223013534027656,0.0069542556597546,0.030755185756749,0.0,0.9218761175881568,9.612373563783194e-08,1.0,0.0267721762965809,2021-08-27,6.0,8,-0.0719589327556293,-0.0092001300654642,False,True,False,0.5714285714285714,1.0,0.1428571428571428,0.020247510028738,0.3568206503243444
HST,Falling Wedge,bullish,1,0.6944988689972911,3,31,1866,1867,2024-02-16,2024,1,16.697488731993456,16.688925848003713,17.611002661150216,16.246450458830104,0.9539585542817702,0.0005130877845422,True,0.0282049079761603,0.0115891822592038,-0.0070855074074102,0.0215995892471594,-0.0328155684898251,0.000534492997734,0.0139615918360598,-0.0011395276532552,0.0171744374084821,0.1018795640283736,0.0032821684873578,0.0122733959457215,0.0347784685775163,-0.0722760204312955,-0.0240095493395432,-0.0228688688839019,-0.0317242397944156,-0.0018531188825025,-0.0226978404062029,-0.0387723303078193,0.0616144161669738,-0.0742857504291276,0.0313264178426564,0.080512730143857,0.0512192114687493,0.0670611985365388,0.0528431872728427,-0.0549589733251845,-0.0255170215631626,-0.1057524020263332,0.0224374616044478,0.0500235517747922,0.0373691641730224,0.046175115688859,-0.052824214840653,0.072727374915376,-0.0122932153997489,-0.0403264451775446,-0.0413581596948406,0.0551619921272668,-0.0328241398376132,0.0075613933285612,0.0130733469825274,0.0316881973960347,-0.0155663054276082,0.076777674818478,0.0589741546590976,0.025353999865155,0.2692994105380772,0.0421454797593177,0.0089463229448643,-0.0339464048424694,0.1001759215948838,-0.0293204990020629,-0.0699106690699894,-0.0691457979336827,-0.0388192573119003,-0.0199880932588214,0.0500568274838275,0.1092574366469998,0.092884495732505,0.106230906459559,0.0138044490440787,-0.0258951915547758,0.0783971993845433,-0.1730265570955081,0.0089463229448643,-0.0386999777599368,0.0399045384238789,-0.0117879276653959,-0.0266044150126919,-0.0178637226845626,0.0543966524461654,0.0217936838643801,-0.1449520950029512,-0.0078823693597973,0.0418979967192543,-0.0187111031654434,-0.0460022278971866,0.0510140953735744,0.0334527709739205,0.1060904256680395,0.2204267197272438,0.0565498936388344,0.103828420822587,0.0760146294233956,0.161961096103347,0.0689231083812103,-0.0134961896730982,-0.2157975899480269,0.1928223404367006,-0.0480112544577752,-0.0402741801575751,-0.0949350964946454,0.0266653251422261,0.077969004015592,0.0617253652361893,0.1170216650682569,-0.0655251018521279,0.2871950334448621,-0.0849599149329634,0.0790024412862719,0.014277236475392,-0.134824819367934,-0.0085858341922742,0.0782685864921342,0.3203283574441093,-0.0290746809439327,0.1511618122180076,-0.0398382840502199,-0.1116950113556037,-0.0250465100441134,0.2219152647952946,-0.040630150968808,-0.085041669353093,target,1869,3,17.611002661150216,0.0547096598667804,0.0610255424471764,0.0066666236290566,2.025357898676404,2.2591725979903208,0.2467991732628392,2.025357898676404,1834,0.4890365134560372,7,0.1473746676489911,0.1674126609814548,-0.1737986275611125,0.0,-0.9303540190583316,-0.4413175056022889,0.9129121143871984,0.0549632584462208,16.688925848003713,16.246450458830104,17.611002661150216,0.3571914433365456,0.1634074528576419,0.0208165194829106,0.0211532793072529,0.290253786170195,0.6666643119026325,-0.0085428311471934,1.0,0.035404219624634,2024-02-16,10.0,6,0.2409840446363449,0.1845722076982021,False,False,False,0.0,1.0,0.2,-0.0182947906005866,-0.230258005655398
HST,Falling Wedge,bullish,1,0.7622337229026221,3,43,1944,1945,2024-06-10,2024,0,15.627193157371783,15.553183717901518,17.928381267307046,14.883713772052957,1.366159219163653,0.0047584752300637,True,-0.0060873836105811,-0.0304848980396122,0.0182067154474496,0.0204081177936543,-1.604187451764716e-07,0.016212739223659,-0.1010729970646914,0.0494407619660668,-0.0097147201901369,-0.0280774783762592,0.0323806556457202,0.0081659369249431,0.0136312630378061,0.0138676182864427,0.0026967765358305,0.1812816625832047,0.0433509255304778,-0.0528998750351463,0.0321750329121974,0.1931821039261922,0.026878111733203,0.0144389065096632,-0.0298149884591577,0.0005535299601564,-0.0228848697788894,-0.0510637376535193,0.0036809810458595,0.0230278754999353,0.0250278476720273,0.0204079995960808,0.0549825797472751,-0.0883293745558477,-0.0141498121788007,-0.0385259432247658,-0.0037197199281907,-0.0012657781076929,0.0370370151444565,0.0674434360054772,0.0710479073519712,0.1061378056895083,-0.0078086754646585,0.0443072189820934,-0.0253968699654826,-0.0245433002488268,0.0759214041792952,-0.0131574130191532,0.0005906951537291,-0.0538235176732215,0.0720550899489591,0.0525681196421463,0.0580962639506021,0.050062554920242,0.0016702547413602,0.0254287694899304,0.0439437433624458,0.0132923869240402,0.1248746055718528,0.1301401270432844,-0.3947369227007297,0.0489955460083497,-0.0504297939675637,0.1388893146427967,0.1193284227593178,-0.0527896761063292,0.0137931960965411,-0.0051704851082647,-0.0090956520897008,-0.0716572874692079,-0.0148722337292745,-0.102937864183505,-0.0772169414220893,-0.0558390193822725,-0.1383974291879558,0.008883054734551,-0.117073304433568,0.0656154535398771,0.1110600928016283,0.0893364630245359,0.0271906234877112,-0.0397188395139325,0.0029000854530201,0.0806415741816082,0.0689231083812103,0.1852792669651037,0.0846419769846653,0.0654206038702753,-0.2043713510862793,0.0361591167298658,-0.2360954730776274,0.2840286733229646,-0.0333623805680648,-0.1171989789948708,-0.063764956812223,-0.0961823225623595,-0.0808739142632002,0.0499983402011183,0.1182782234446395,0.1212440179465559,0.0799359867658699,0.1256565332693715,0.1659131643958924,-0.0112012255580793,0.0272637544176495,-0.1206752425370449,0.0615833692102096,-0.0875848183971231,0.1399860057937463,0.1106727837666827,0.0214910937867762,0.0246416401294498,0.0039823313535256,0.3079091586721894,0.0553278802026968,-0.0365778536297549,-0.1176135182607816,stop,1980,36,14.883713772052957,-0.047576002794085,0.0599098233742102,0.0665631350391878,-1.0,1.2592445740662053,1.3990905315707491,3.0951606128910267,1901,0.5870070769849602,7,0.1058419759300909,0.0617190261746307,0.1101680058565515,0.0,-1.1352132745209675,-0.5482061975360073,0.5450865581460147,0.1059023876998251,15.553183717901518,14.883713772052957,17.928381267307046,0.282300645140039,0.00473515398194,-0.0408346276755113,0.0180248031309561,0.0521848633431296,0.888890772686817,-0.002245694600657,1.0,0.0284536224409452,2024-06-10,10.0,6,0.0863061313373414,0.0540960471532663,False,False,False,0.2,0.0,0.0,-0.0073397360982721,-0.0280686943240138
HST,Falling Wedge,bullish,1,0.7603683049462798,3,59,2116,2117,2025-02-18,2025,0,15.218720637468223,14.911939781431016,17.839304895773182,14.366122279215894,1.533482805397675,0.0205728336174764,True,-0.0531914398918346,-0.027227573209372,0.0238755703540292,-0.0086824975213163,0.0271588344310813,-0.0022892634388376,0.0043980782585406,-0.0461411848431926,0.0196294522087945,-0.0299844843420364,0.0456138840653992,0.0107710686578443,-0.0262527607946861,-0.0055609416825896,0.019982954085822,-0.0085066885614374,0.0179397831958398,0.0308422143885795,-0.0227604648459116,-0.0279240707598807,0.1163880447076595,-0.0045635903516115,-0.0598881367524391,-0.063238760896239,-0.0087868308249393,0.0818239815881429,-0.0141594372065763,0.0703173873777911,-0.0101237169503533,0.0589390623417533,-0.0023461470578538,0.0242231390910423,0.0048467911558118,-0.0204626220876743,0.0502792040893893,0.0215786121255032,0.0010787530981408,-0.005583518302374,0.009950511514811,-0.0256879823990214,0.0981694677490259,-0.0236634099649523,0.0521956546080972,0.0222093474312048,-0.0307519459447022,-0.0813804175090993,-0.1093380641770701,-0.0289223629879528,-0.0962591678308744,0.1140423873586804,-1.3296009659935493e-07,0.0067873418511603,-0.0196237100198501,-0.0028621321201309,0.0067455005947953,0.0098460287451818,0.0824375781907187,0.0539373679927985,-0.0143234019216207,0.0016750985471469,0.1481260001660469,-0.0822901448662902,-0.0070003921754199,0.016597585089819,-0.1097283701861254,-0.0697065931407525,-0.0185466422764998,0.0263622838961856,-0.1116488884238137,-0.1853913994785536,-0.0692545255682087,-0.2146020518450004,0.0087210065211795,-0.08197428449374,0.0940888018468579,0.1152052359258908,0.0557274110384009,0.0623953022791026,0.1133701135959162,0.2018585354501172,0.0571428896058081,-0.1274901908483926,0.0117756037877996,-0.0656650678303227,0.0056849036736923,0.0288552887506683,-0.009545231795796,0.0062073837128848,0.0553146651907869,-0.027870383734352,0.1593979046882834,-0.2078212912545429,-0.0709026983157647,-0.0369360304099943,0.3848404471947657,0.0651491241739785,-0.0136086538446289,0.1139007843199273,0.077574765764588,-0.032295279304385,-0.1744349450766814,-0.0875251986343941,0.0531165930701098,-0.1144230052608531,-0.0612728183416128,-0.0116852831409822,-0.083433916095075,0.0524714903049299,-0.0179997239405542,-0.0430721244982189,0.0896154046432016,-0.0568318651056383,0.0433277573130359,0.0441586612143012,-0.0822813090535554,stop,2121,5,14.366122279215894,-0.0560229981588101,0.0141843835718665,0.062647752236656,-1.0,0.2531885839393601,1.1182506166318766,3.073644504402608,2057,0.7288288256141471,6,0.0685056211991352,0.0350446993622475,0.083224555084401,0.0,-0.9998492982480772,-0.2710204726339295,0.2557876487896804,0.1748630501151383,14.911939781431016,14.366122279215894,17.839304895773182,0.3482162814471805,-0.0125105668558287,-0.017116160209693,0.0227063276104575,0.0673200530348203,0.9295759513223788,0.0006101751013927,1.0,0.0232771685222745,2025-02-18,45.0,6,0.3324336906510883,0.1813613437430954,False,True,False,0.0,1.0,0.2,-0.0515920005488827,-0.9582116218031204
HRL,Falling Wedge,bullish,1,0.6306262491180448,5,53,1094,1095,2021-01-22,2021,4,37.89589153947791,37.17928180660229,45.46141128550093,36.4222960257663,3.401668111297345,0.019274437214878,True,0.0319315121510213,0.0673785667342383,0.2177092534236842,-0.0103159591767479,-0.0157895626136899,-0.0248338573407453,0.0315010033054077,-0.0229441756296274,-0.0077878119334108,0.0172646994242813,0.0379039045762528,0.010790048173717,-0.0246796897691744,-0.0305691722508969,-0.0304849312180488,-0.0514234162970762,-0.0186653137301309,0.0088803023015489,0.0022257643989507,-0.0150248934220472,-0.0090822287928288,0.0098334543009375,0.0282061412645035,0.0803789905873311,0.0698490047919333,0.0317848833743135,0.022369703878698,-0.0015716459763719,0.0052501591322804,0.1608800505711172,0.0305409981174471,-0.0835682399648291,-0.0205927965373059,-0.0123525594537469,-0.007776327281465,-0.0194744783993282,0.0550109535979945,-0.0309469161427977,0.0419319427313016,0.0508716931635513,-0.0091353683252272,0.032897392010299,-0.0400544790770712,-0.1417371782718688,-0.0489397241579347,0.0796095874378783,0.0411802870400679,0.0324228299410636,-0.00656176195594,0.021469800182535,-0.0525420552760342,0.1109082282586755,0.0609978436773017,0.0075911699356949,0.0643978936147844,-0.0277144749015418,0.1088454885912344,-0.0592350263475728,0.0120124124802432,0.0472132460273715,-0.0229567138662085,-0.0532177200853926,0.0098903736517792,0.0461661667946933,-0.0817443391658931,0.035579871563494,-0.0492190409739999,-0.0178263537252922,0.0334775366160713,0.0691480693281647,0.0425475393113543,0.0022842573138692,0.1312500887489829,-0.0811381723611172,-0.0423560302903697,-0.0152466840622651,0.0365989027168833,-0.0539861316495683,0.1050768688725778,-0.0399249353296701,-0.0750947824611738,0.2137426584430606,0.2720729534003756,-0.0744000713620414,0.044632094675749,-0.0577464030864122,-0.093674988501103,0.0103644905365816,-0.0412674155297181,0.0417478099465902,0.0965002746603094,0.0501763300940877,0.0463895742603048,-0.0314116104487376,-0.0780696397498678,-0.0226761879596747,0.102342291418382,0.0463895742603048,-0.2127154925465464,-0.0485958546583732,0.1378494729375459,0.0545820132652181,-0.0148530144923572,-0.0193144882064216,-0.0130497454878142,-0.1347919018712534,0.1053191710116712,-0.0498481099872483,0.1462224298952168,-0.0260567679140553,-0.0207924740447246,0.0428981993627575,0.0522945072241072,-0.0545449227463539,0.0467601212747792,time,1154,60,39.65386581420898,0.0463895742603048,0.120017604695907,0.001101062260043,1.1929829172071678,3.0864467814022767,0.0283155965097292,5.134054545923137,1037,0.8378498177816699,5,0.081228488997365,-0.0666563439705546,-0.1008913106579104,0.0,-1.5676413484374487,-0.7297915306557768,0.1710118623280082,0.1282291172681549,37.17928180660229,36.4222960257663,45.46141128550093,0.7094938211113779,-0.0579158533736196,-0.037121416326239,0.0187221785869478,-0.0926527507943708,0.5090893958204716,0.0002209984579895,1.0,0.042587696555536,2021-01-22,60.0,12,-0.0156343102676269,-0.0008446269314013,False,False,False,0.2727272727272727,2.0,0.1818181818181818,-0.0120040622049436,-0.1398986636349303
HRL,Falling Wedge,bullish,1,0.7367025516079592,3,42,1538,1539,2022-10-26,2022,0,39.68384295039213,38.99654687169152,44.142661369224015,38.19905010899069,1.1810748437867185,0.0176245368843037,True,0.0109147331445944,0.0323205765795586,0.0212908200239798,-0.0086125457192208,0.0449781681138574,-0.0451177705558177,-0.007661191193661,0.0099583627627999,-0.0002113960692833,0.0276471466151637,0.0165880956958603,-0.0009273066152417,-0.0037846063823686,0.0195683854665693,-0.0522964816052745,0.0178106478749773,0.0194902007567154,-0.0060941717465546,0.0258942636904337,0.0084271072754962,-0.014275436747589,0.0632998005613412,0.0041161285344853,0.029032694321553,0.0523704777681078,0.0206186570070616,-0.007252206467829,-0.00995442864678,0.0434392587630441,0.0383553543446666,0.0184189549315387,0.0789634844485163,-0.0621062309061622,-0.0201648318577859,-0.007776327281465,-0.0120880542888031,0.0533317590899129,-0.0348485116096031,0.0084271817112833,-0.051628864340242,-0.0154603084725575,0.0071351104402543,0.0406330726615404,-0.0105411897514272,0.0259031634440307,0.0238624421605933,0.0729096727931033,0.0223965759915534,-0.0686030294342604,-0.0034811011593134,-0.0020029788233418,0.0263884104697751,-0.0004866236822573,0.0421937336356355,-0.0449415411724023,-0.030574920555605,-0.056806563154215,-0.0405941720579444,0.0242947474706514,-0.0029413084146041,-0.1957029570428595,-0.0224556379419949,0.0426569401566505,-0.0297182791577151,-0.0900019682880585,0.0030553860875619,0.0150841541319317,0.0860803228093387,0.0903375420992547,-0.0087318429901899,-0.0071611528273313,0.0849657581241578,-0.073553895737371,-0.0229481211760694,0.0287220116443933,-0.0146680494491678,-0.0160207522957396,0.0081134221465186,-0.0458414589131674,-0.0537363993031244,0.1422988206245903,0.1326869491121924,0.155147400865945,-0.1270298356889577,0.0672844726460246,0.0217159368325419,0.0003432921600579,0.0252663145862901,-0.0699615611789903,-0.1077674808255316,-0.0097938565925629,-0.0149929913692914,-0.0206252786757591,-0.0701402650606112,-0.0370198250507768,-0.0189128279881303,-0.1239506859150636,0.041432365201212,0.0491727672294592,0.1025917159127811,-0.0012590285775,-0.0012590285775,-0.0148398002720306,0.088801202207331,0.0456712825205307,-0.0127799029957175,-0.0510732489171441,0.1029668875125739,-0.0358071016692976,0.004362665345702,0.027419510116841,-0.0567911026535233,-0.0531830199445598,0.2400165148068893,-0.0354032455903629,time,1598,60,38.865352630615234,-0.0206252786757591,0.0855707040135669,0.0320440204339703,-0.551248832129575,2.287035796875025,0.8564358871777632,3.0029902451734354,1496,0.7464781132649935,7,0.1681281018240337,0.0789111210992619,-0.1595694052993344,0.0,-1.0213790854624631,-0.2749009721974723,0.2120407667474691,0.1036060840125649,38.99654687169152,38.19905010899069,44.142661369224015,0.752122564453449,-0.0510912950744613,-0.0246483144081521,0.0189735787130459,-0.1245216748079538,0.629211171498613,0.0086359306638139,0.0,0.0310095664193534,2022-10-26,53.0,15,-0.0681095460571442,-0.0176961238567326,False,True,False,0.4285714285714285,2.0,0.1428571428571428,-0.044583847735901,-1.2799716738359843
HRL,Falling Wedge,bullish,1,0.7241336254447136,3,27,1584,1585,2023-01-03,2023,0,39.70116158834263,39.5104668215472,43.10042440126139,38.47106078900799,0.8768354792722985,0.0048264366922496,True,0.0017457443160824,-0.0175663876085199,0.0355410938776199,0.0341240224994758,-0.0584458921179289,-0.0398433197513773,0.0036556835843066,0.0641330149151986,0.0037960112013066,-0.0131271153042652,-0.0334620439707276,0.0252633284582615,-0.0233770221746471,0.0202193053255292,-0.0081868913796988,0.026982471735615,-0.0249676688387197,0.0499284494267269,0.084730752486863,-0.04548509425812,0.0174171289486173,-0.0276748323833694,-0.0028153247979509,-0.024125505838042,-0.0458123898569278,-0.0063618150924867,-0.0227338874330789,0.0070870133962617,0.0689335230806753,0.0131421525061836,0.0599688657382611,-0.0225625932587011,-0.06851973971031,-0.0160912493855939,0.0137617235403628,-0.0064996518244543,0.0244488171735226,0.001276698618515,0.0315640134782877,-0.0302397195682464,0.0095994281884064,0.0300618593006856,-0.0270759766583815,0.0917307566538734,-0.0424499973561424,-0.029577516907424,-0.0048096739773634,-0.0768906781812942,0.0740565500654601,0.088067631773065,-0.0145435138382754,0.014040504714446,-0.0397040059327177,0.0781148602907786,-0.0778976103726529,-0.0688976462651675,-0.0429961115451505,0.0617920399642164,0.0233818854262919,-0.1196339309680617,-0.0009970917463896,-0.0542131954430302,0.0837606960925567,-0.0355633216871381,0.0692900390370045,0.0395722324191207,-0.0027381230090544,-0.0763160049013469,-0.0047384681810611,-0.0818525817855576,-0.1200331273547946,0.0645886616612776,-0.1230478027036738,-0.1211750014532737,-0.1511552411670812,-0.015986866631757,-0.0373517526436548,-0.0064713833684345,0.0232310073546602,0.1134939460500108,0.0801335993466318,-0.0444384731534879,0.0958243850835292,-0.0603392435193463,0.122982418295696,0.0925988075118486,-0.180372795485776,-0.0024752144198113,-0.0014395892067369,0.2163279568040195,-0.1023092998046817,-0.0799834877130555,-0.1387017265209484,-0.1962745121849951,0.0284806123016059,0.0016981177653554,-0.1332317636753981,0.192661412060987,-0.0560752790984204,-0.0451022134355154,0.0231451496982006,0.0298435763333391,0.0901990812892692,0.0175615343956345,0.0379981447747923,0.2402680787917372,-0.0811379633367798,-0.1332317636753981,-0.1613423368614492,0.1472647980684771,0.0586763192951926,0.00108811218908,0.1935328237943758,-0.1957174306391002,-0.1515306770227477,stop,1596,12,38.47106078900799,-0.0309840002186693,0.0289922176766753,0.032466267000354,-1.0,0.9357157717551938,1.0478397486194035,2.763401840530005,1557,0.6024927279252115,5,0.0119073010345019,0.0687336858622487,-0.0973744302563249,0.0,-0.9891707731779328,-0.3866780452527229,0.475352062671256,0.075553277827308,39.5104668215472,38.47106078900799,43.10042440126139,0.5482249732205418,-0.04727045303284,-0.0226363658751648,0.0138329348331449,-0.028173757032565,0.6721302248793051,-0.001097647347488,0.0,-0.0598196959906062,2023-01-03,57.0,15,0.0345549028748415,0.0380212250544691,False,False,False,0.0714285714285714,1.0,0.0714285714285714,-0.0223345875605636,-0.4638746527709357
HRL,Falling Wedge,bullish,1,0.7347699450704845,3,27,1687,1688,2023-06-01,2023,0,35.334119615014075,33.48098141264984,37.60314796148691,33.23757676666402,2.30521798212796,0.0553489809490495,True,0.0089394232972923,-0.0019675057781149,-0.0095261298677122,0.0134758348383494,0.0136417023452835,-0.0471157314864933,-0.0123949517602219,-0.0156554873767721,-0.020157511629183,-0.0163981153308205,-0.0469244693726235,-0.0279550167757967,0.002332780475007,0.0132808993257911,-0.0201836022772974,-0.0028529812052167,-0.0047732273189385,-0.0324018140593426,0.0152669315531472,-0.005840250454094,-0.0008489928287752,-0.0393390308820575,0.0211578815016807,0.0255771430795732,-0.0170613910349577,-0.0106360250916555,-0.0384856597766274,-0.0599400700034866,0.0009460350556744,0.073512528074809,0.0102873059905574,0.0092366847526264,-0.116086837257086,0.0073206443619386,-0.0006144441637137,0.031680552240999,-0.04350830042931,-0.0252639048309698,0.0122422795695624,0.0247101510525216,0.0222930684895996,0.0408751563596454,-0.013528640765804,-0.0301797374316513,0.0034864439741832,0.0306597815709826,-0.0012415972052639,-0.0493608733304211,-0.0571825975611948,0.1011103349150204,0.0826977537003184,0.0664065306440668,0.0431372271194128,-0.0012603849960287,0.0769587648480762,0.0052395489956078,-0.0279640786473436,-0.0791298082434545,0.01230044612141,-0.0220853515419415,-0.0070026256820892,0.1000001225122542,0.0091312051630612,0.1327819041791345,-0.0233820788920826,-0.0578342400816531,-0.0203789979600872,-0.0568962477149699,-0.0150739685491398,0.0222175131948501,-0.0602101967789092,-0.0317838627219915,0.0014214816223787,-0.1538683578908761,-0.0173614091593352,0.0533856938752017,-0.098357212948004,0.00602432942042,0.007673850427772,0.0472194068089497,0.0043937031734235,0.06574922280332,0.0598487341179965,-0.1174525077626401,0.071767852889452,-0.0422054679071975,0.0254394947133345,-0.0252080727638538,0.0026249302828478,-0.1403542007041665,0.040763683266823,0.0342314486176573,-0.0062883293814672,-0.0531780617984394,-0.0512223128354529,0.0357764183329867,0.0432056468926544,0.0246665353991035,-0.0147723782319446,0.0629086060246428,-0.0529325929854833,-0.0579611680960964,0.0375008520485544,-0.0441953231320602,0.0053221960435851,-0.0391086574657588,-0.0986921949696146,0.0568384132468775,-0.1957174306391002,-0.0395594414603207,-0.0515442826038223,-0.0009401241474638,0.1141724068640062,0.0307750001538311,0.0054856621965765,time,1747,60,35.1119270324707,-0.0062883293814672,0.0434722886432978,0.0407955788393476,-0.1059804633700825,0.732660936584031,0.6875489635748038,1.0822713918098672,1660,0.8134546884424095,5,0.0389602277127577,0.0313156076696787,0.0429655286434107,0.0,-1.277511924471796,-0.4640572360293868,0.0927331313203433,0.0823388779586261,33.48098141264984,33.23757676666402,37.60314796148691,0.6586990975579005,-0.0843764535229181,0.0147031783552715,0.0186744747411317,-0.1550552618713647,0.2325580707642695,0.0496732804586796,1.0,0.0338220277647385,2023-06-01,57.0,15,0.0207902307164558,0.0327313325044866,False,False,False,0.0714285714285714,1.0,0.0714285714285714,0.0352204146133221,1.1958293755353042
HRL,Falling Wedge,bullish,1,0.6617609644999417,3,21,2233,2234,2025-08-06,2025,1,26.95559678072367,26.60673220289601,30.546722308209155,26.22054966107919,0.9425232074356508,0.0131118911998402,True,0.0211489942480587,0.0075533092091708,-0.051244873565031,0.005696521900234,-0.0071430460204919,0.0102608247974205,-0.0302318393012576,-0.0214633779842188,0.0016523531648824,0.0121840760277389,0.002980795706627,-0.0356215001606061,0.0084337749011449,-0.0160371036222677,-0.0003949537520682,0.0161474013070823,0.0019798062956049,0.0058787046741166,-0.0216837667281314,0.0211709790481093,0.0088907900348493,0.1035714006800794,0.0203976458778678,0.0095170786350828,0.0065780247808231,0.0363255918880609,-0.1002038653932894,0.1046011856764046,-0.0155577906210396,-0.0379221024454087,0.0261763021702297,0.0341935817124754,0.0092783676505767,-0.0645955873296952,0.0068981256870856,-0.017830612348232,0.0152919870776835,0.0292016584097436,0.0188770490190157,0.0234019194036525,0.0079907360149906,0.0361577607207714,-0.0641846060426873,-0.00778143280117,0.0502739859221872,0.0049874659165151,-0.1103278524366627,-0.130571892588632,-0.0883104107568953,0.0056443294339403,-0.0070164328552253,0.0412017894663032,0.0503535965764048,0.06133918961816,-0.0592350263475728,-0.082986976835168,0.0631485397204594,-0.0202978779331223,-0.0162310370657732,0.0269258267183509,0.0376590714425071,0.0451682150454304,-0.0541624517815292,0.0181279486609746,-0.0237128908205485,0.0307452918748845,0.0814552763987033,0.0150198434533761,-0.1165696431373457,-0.1307720118784118,-0.1855238899687316,-0.1348693077833133,-0.0118669979717656,-0.0534156532885621,0.0135896535092905,-0.0353185719463332,-0.0212310845267255,-0.0314058968134584,0.0239355059889776,0.0628629147765056,0.0134302576412033,-0.0174309769971813,0.1001680311002708,-0.1368176161152358,-0.0193682910215456,0.0627820501789064,-0.071526897235241,-0.0070000313986071,-0.0158307205959218,0.070541951568309,0.014078795663343,-0.1210373676150575,-0.2402030712051144,-0.3116773897713478,0.0075046121887776,-0.0152904077823645,-0.0818406477892049,0.2096388294249991,0.1829342311481561,-0.0380020667661706,0.0801885663537305,0.0208979045153803,-0.0332389533681216,-0.0235490258720504,0.0428816596080392,-0.0647536727716783,-0.0461238829126238,-0.0372712519547216,-0.1285410771079141,-0.0377394510044853,-0.0720246419811103,-0.0144698083182903,0.1490684380458908,-0.0453576026071957,-0.2429486587575665,stop,2249,16,26.22054966107919,-0.0272688126931073,0.0345434517826337,0.1642581348831672,-1.0,1.2667750580635009,6.023662883007971,4.885571865409662,2211,0.7424187732829405,5,0.0287593572135056,-0.0065125450784362,-0.343201841035846,0.0,-1.656290128195622,-0.913871354912678,0.2186678695651651,0.0749564401552896,26.60673220289601,26.22054966107919,30.546722308209155,0.4268858871929075,-0.0494594714678895,-0.052426018285863,0.0158982762754477,-0.0198432035868462,0.4615412830576152,0.0007066218989391,1.0,0.0139730348896207,2025-08-06,24.0,16,0.0612503974546629,-0.0115654929950091,False,False,True,0.1333333333333333,3.0,0.2,-0.1014795494728054,-2.36989009999262
HRL,Falling Wedge,bullish,1,0.6662202510056376,3,63,2431,2432,2026-05-20,2026,2,20.2867612187603,19.938267690559144,25.971867826223612,19.244570969900195,1.1118495359381906,0.0174786262081418,True,0.1490501893975162,0.1274429515429487,0.0127998234834976,-0.0154908714664735,-0.015060315575797,-0.0228746044572781,-0.018842908246886,-0.0036539718179029,0.0034062167533026,0.0008512285866169,-0.0169009492251939,-0.001604651129256,0.0648265733974242,-0.0304506974511536,-0.0514234162970762,0.0057598507950717,0.0353481687276833,0.0298948069204298,-0.0401310378343306,0.0174789786422795,0.0027347111624689,0.0133495229103806,0.1505493665036258,0.1344374159064241,0.1094590622326501,0.012644344319856,0.0583015808503555,0.0189080567225736,0.0266114008205347,0.0381497586150147,-0.0338030647260028,-0.0067326726663924,0.035339134557087,0.022369703878698,-0.0260290657239053,-0.0244620605783206,0.0405607166463499,-0.0091801401048399,-0.1215597206416234,0.0314211143392733,-0.0120847659138675,0.0225585576278828,-0.0123525594537469,-0.0006144441637137,-0.0881434034216016,0.1358422923572435,0.176814393217028,0.1632438351645198,-0.0460447272906431,0.0837123751955188,-0.0228516188998569,-0.0220373776447975,-0.0094186230403583,0.0619055529823513,0.0683447854457022,-0.0254872652331626,0.0322863765970995,-0.0272550826123867,-0.0917887001891919,-0.1042770060849217,0.0488612419400293,0.0226416339926691,0.0763311429919406,0.0637888837405808,0.002627362518256,-0.0315052535200222,0.0184751395931852,0.0295113836099747,0.1704233820124297,0.246132904806297,0.2388738688880223,0.0410856372881149,-0.1107086472926097,-0.0718015465361201,0.0820218371181817,0.0264020875051436,0.0030953713222374,0.0312277872888173,-0.1321604492227359,0.0427755573517958,-0.0411430332347635,0.0653376868256971,0.0709601825295795,-0.0956027779072619,0.0544063787662247,-0.0351929404626863,0.0351946403364764,-0.0592849689910857,-0.098357212948004,0.0222175131948501,-0.1057491707657318,0.259896708197991,0.1840234228986259,0.1352573784781783,-0.1926056205486526,-0.0134893207768126,0.0809875973474396,-0.0805357287769881,-0.0643398621207529,0.1688026328164329,-0.0256426753129584,-0.0239299947648415,0.0588668553311408,-0.0290903527702598,0.1354077432597926,0.0331322080668259,-0.0230726382181942,0.1063144376858857,0.0230800782936126,0.0845211172041366,0.0593797101386144,-0.0613312031468287,0.0662414595880258,-0.0136768071431601,0.169572441091003,target,2456,25,25.971867826223612,0.2802372713001611,0.2956649393390456,0.014125713873745,5.4549604678046,5.7552678425948285,0.2749641773319464,5.4549604678046,2366,0.7880208625135032,7,0.1558392657156531,0.0485613481241449,0.0248992970404755,0.0317460317460317,-1.7056818732654866,-0.917661010751984,0.2488590479546084,0.1524363783938592,19.938267690559144,19.244570969900195,25.971867826223612,0.5724225445411258,-0.1051856088383242,-0.0279378437641318,0.0279039453551603,-0.0428827861316706,0.888888653414149,-0.0058822785898521,1.0,0.0422378170385209,2026-05-20,7.0,20,0.0244671250979975,-0.0147253264844323,False,False,False,0.1052631578947368,1.0,0.0526315789473684,-0.048079257045819,-0.6379343195141649
HPQ,Falling Wedge,bullish,1,0.690336782303097,3,31,1869,1870,2024-02-22,2024,0,25.98037593298113,25.7618209591069,27.7265252468456,24.47723085652548,0.8478051785251145,0.0084836772300045,True,-0.0274628781131293,-0.0251261754568022,0.0045363187487534,0.0198571135718634,0.0265660045244175,-0.0098852273356945,-0.0431992999759671,-0.0191549099082378,0.0441029297515938,-0.0450558457595674,-0.0440799878106703,0.0315496402838337,0.0672319390517881,0.0228309585974562,0.0275153132136292,0.0614449358459636,-0.0187611515861201,0.0284910805441112,0.0203978176055528,-0.0025947829734827,0.0319852311292163,0.0015637359036382,-0.0377299687842331,0.0490903661489956,0.0382121260563743,0.0626199666341302,-0.0019475335405163,0.0722096892580599,-0.0178753461166129,-0.0168587921290164,0.0157144777337334,0.050028475670184,0.0452580665928201,0.0263632029275586,-0.0180311937260574,0.0378328495173929,0.0744642791438365,0.0522144704041396,0.0101229355743903,-0.0848717141300324,0.0924127985256151,0.0476689820545186,0.1373157369925779,0.0610740477782185,0.0417077941507368,0.0147192064832117,0.0419311580949712,0.0133560558419849,0.0606141871609016,0.3051171907706793,0.2200161706370149,-0.0748740716208524,-0.0584240165985566,-0.001820785494446,-0.013843014448695,0.0980602642374954,-0.0135086075238111,0.0910349388491937,0.0175438525550548,0.0116665500826005,0.0387717946898444,-0.0587139067797379,-0.0590015498268772,-0.0704191148665722,-0.043260538571845,0.1278700191531208,-0.1211840929658789,-0.0309062109965809,0.0206942051728686,-0.0366985553017662,-0.0120131232183401,0.0848089857773981,0.0924210082085572,-0.0914789845907636,0.0435518317998129,0.2043033271895837,-0.3046987703084649,-0.1165870584964714,-0.1029390101858053,-0.1054301533401934,0.0845783375797712,0.0841985520577963,-0.0877358958305392,-0.0417074453960342,0.0427540101328098,-0.0753053617320704,0.1123875711300077,0.1065186157067425,0.1022536749437681,-0.1390313891145291,-0.2783343065377515,-0.0174249322514474,0.0803801218783284,0.0375247698879384,-0.0020482501575936,-0.0010817410576909,0.0106585322171899,-0.1673847885736864,0.0201359856851153,0.0292669473440447,0.4048530005659068,0.2847636337059573,0.2881923181748187,0.0056792317671796,-0.0257633106009516,-0.1719499638482445,-0.0757347212952066,-0.0361756945356708,0.2208093428473216,-0.076407473208362,-0.0401306429974518,0.1493091762824465,0.3701137421597431,0.0043269879353275,0.0208085062578187,target,1883,14,27.7265252468456,0.0672103174476315,0.0720667863046745,0.050463229246828,1.1616638614695878,1.2456031222828572,0.872207005937317,1.1616638614695878,1838,0.3509349499359586,5,0.0017161651575525,0.0969251072852572,-0.1296241549825884,0.0,-0.8446960720736344,-0.4937611221376713,1.573769887030149,0.0759847410190197,25.7618209591069,24.47723085652548,27.7265252468456,0.4605905851188773,-0.0054404777865404,-0.0173007911643906,0.0178386268995245,-0.0497168708339228,0.7540992320584302,0.0021105427038559,1.0,0.0455510217299783,2024-02-22,15.0,6,0.2130447637477714,0.1531856562283955,False,False,False,0.2,0.0,0.0,-0.0094298608254271,0.1180869118824675
HPQ,Falling Wedge,bullish,1,0.6853007947544992,8,63,2114,2115,2025-02-13,2025,7,30.77578325515009,29.350979663359112,38.88876588930748,28.65838561168165,0.8036777014684073,0.0485436468606075,True,0.0374476076162364,0.0538425136264969,0.0843593525186865,0.0636858698021269,0.0216216045039092,-0.0468792427171067,-0.0192480510564678,0.0020098453091124,-0.0281858284919973,-0.0180278255865371,0.012929289448528,-0.0105647946247133,-0.0227272601991816,0.0537929838668977,0.0015198028050562,0.0011265706557084,-0.1098227758191496,0.1215655985128523,0.0190364731985377,-0.06967738687522,0.0129750806599167,-0.0123283888786229,0.0345895617646196,-0.0751947158125604,-0.0493561964473829,0.0433911017335379,0.0355538397324244,0.0339287344799503,0.0167890096930891,-0.0209689029767973,0.0884509684784853,0.0203098903821739,0.1989559092424502,0.0458688138581304,0.0433911017335379,-0.0028433249779044,0.1654241150224185,-0.0611236849406331,0.0239604457846784,0.0356564343910184,0.0860344438147413,0.0647238665267111,-0.0365277901321228,0.0747011218244184,0.0603975324139214,-0.1209983971167719,-0.1402095713510353,-0.0629396745279637,-0.0114145192409418,-0.0793046935624101,-0.0870679720333454,0.0966412352686678,-0.0351678026655644,0.117785638559025,0.0211315162620628,0.1640488632808838,0.0425129547366855,0.1008648415499131,0.0553835941321227,-0.0005161499679908,0.2114905456847287,-0.0022023031114652,-0.0528804150894329,-0.036297660038179,0.1631966466851193,-0.1551102591979637,-0.0260355640728902,-0.0256919093881918,-0.1632779007405769,-0.2906199691744521,-0.1686508724429307,0.0458140770746895,-0.0508618555144585,-0.1008480155341464,-0.0895085199909687,0.0919506620694279,0.1116755164707858,0.2896468194254218,0.0383867781087685,0.285420152242527,-0.0681621910010451,-0.3369103968583641,-0.0584180195918074,0.103793020337936,0.2042744920307595,-0.0058740934195663,0.2922134548435044,0.1916915464119799,0.1234494146635525,-0.0332221380691185,0.2291514683703157,-0.3538030777779617,-0.1447491005045049,-0.1034398246127632,0.1045473851812146,0.2429298393274535,-0.1170655416566761,-0.061781168350016,-0.0088209080102276,0.2686801188555014,0.1363787761719619,0.1674573525050229,-0.1691842553372986,-0.2529717609883117,-0.0480722462730692,0.0407925526265662,-0.1005241198853422,-0.0299023032251101,0.2168366558773264,-0.3270868443573355,-0.0078746849857864,-0.0731509911225044,0.0545792267346296,-0.0759250551666107,-0.1427412019005743,stop,2124,10,28.65838561168165,-0.0688007718898301,0.0569202155950719,0.1018574265356032,-1.0,0.8273194330758035,1.4804692409368063,3.831581970058204,2044,0.8826196188077605,7,0.087619824652807,0.0935981497242595,-0.2057016410704247,0.0793650793650793,-1.3978687059601296,-0.5152490871523764,0.115006921618556,0.2067491434025801,29.350979663359112,28.65838561168165,38.88876588930748,0.6928052006035735,-0.0285742975458099,-0.0045286236058141,0.0225654594077411,-0.0259803701476468,0.9069746810737904,0.0018160234042094,1.0,0.0285939239286192,2025-02-13,19.0,7,0.0693497159852603,-0.0095608468177953,False,False,False,0.0,0.0,0.0,0.0194722459915163,0.2562835968564512
HPQ,Falling Wedge,bullish,1,0.6075482410343499,5,97,2383,2384,2026-03-12,2026,4,18.688627920566624,18.42081405828677,27.752760745817085,16.30254600559843,0.7227510590824822,0.0145386551013677,True,-0.0324607169777011,-0.0183108647146287,0.0388618813164927,-0.0771192644637902,-0.0501488804781329,-0.0928200875015387,-0.0323741255673164,-0.065573807477818,0.0616893189839937,0.0367333075049942,-0.0284486364179658,0.0129750806599167,-0.038658560938905,-0.0509521556028076,-0.0241056400625704,0.0376676678671985,0.0737396731288937,-0.0099404162061291,0.023248668185259,0.0026680824967897,-0.0466463055264434,-0.0071918247122083,-0.0206409157370967,0.0115183784539738,0.0450149917729415,-0.0313670156487345,-0.0187867054334537,0.0191413729498624,0.0124071008388289,0.0032556505491063,-0.0044194008241106,-0.0433735615184817,-0.1376317909961135,-0.0248840530058851,-0.0809917556905747,0.1099112700709374,-0.0410722149765593,-0.0178753461166129,0.036977898974231,0.008010990572717,0.0054994229080886,0.0425534303912418,-0.1333333045914819,-0.0606054413954232,0.0457242663708408,0.0270613377825526,-0.0439789275663481,-0.0619770144635939,0.0179709232848561,0.0524613410110517,0.050254638221266,0.0324251179778851,0.0940754393032676,0.0619539588554047,0.1554192268758771,0.0305405910583507,0.0584243468340028,-0.0439789275663481,0.0686078775969483,-0.1871121079744588,-0.041666863906029,-0.0877311248966284,-0.009357082022033,-0.1254670917280749,0.1398406080148266,-0.0065844173666906,0.0247766370932098,-0.0254632243673154,-0.0569484208813165,0.187434556062036,0.0822984820744847,0.0766317066276605,-0.1243783997062786,-0.1560335566883045,0.001880737010371,0.0874592837119694,-0.1069570357986345,-0.1089209564732683,0.0029125921893977,0.0812415234838892,-0.0655406210779618,0.1453901007393496,0.1505553976817686,0.0941921879329734,0.0593219820538124,0.1785955384680553,0.1559703175721196,0.2043149011024896,-0.0328699894530455,0.1285075322606221,0.0230563095559066,0.1476680785023914,0.3287958977855203,0.2212627257960191,0.0103128549679969,0.0094219267537398,0.0206747082498308,0.0140194664585313,-0.1506176136001539,0.1343828273567668,0.3167341114379949,0.2152249011513962,0.0504614885578686,-0.0837945855349662,-0.3650229662116219,0.0862767228002492,-0.2805455411032288,0.1597454407224103,0.032642907229281,0.1439332148090857,-0.0812946206086224,0.0463121731298485,-0.0126012907521553,-0.116491163749052,0.3213071496822603,target,2438,55,27.752760745817085,0.4850079344388618,0.5465970769131079,0.0570680118872414,3.798751739573569,4.281139439856395,0.446976624581367,3.798751739573569,2282,0.5552815390051624,7,0.1356771877303588,0.1714651221257261,0.4199729685373727,0.0515463917525773,-1.9137725878769412,-1.3584910488717798,0.7823223934701814,0.1772764352965199,18.42081405828677,16.30254600559843,27.752760745817085,0.7265663917349082,-0.1998210254157404,-0.0241350602397004,0.0391851933403706,-0.3131191935889923,0.6849319363519971,0.0048754241705324,1.0,-0.0374299589887261,2026-03-12,50.0,15,0.0706282612811901,0.0347363236658206,False,False,True,0.1428571428571428,0.0,0.0,0.0459716992981144,1.1280712380374391
HWM,Falling Wedge,bullish,1,0.6250033829563659,3,34,1401,1402,2022-05-26,2022,0,34.49214046093445,34.102914823125104,38.168079255756766,31.439854553929635,0.7699318893657923,0.0114132659870298,True,0.0486686379819996,0.0422212552810334,0.1149856285305668,0.023518652402781,-0.0279417556360755,0.0080557201227113,0.0475937443142666,0.0325830858948503,0.0255977516160645,-0.0204029323078808,0.1096346607613678,-0.0448464799133406,0.0354721728784108,0.0946904047550258,-0.0047916457884371,0.014505495801802,-0.0345494749385986,-0.0718752804137305,0.0,0.0680369400703064,-0.0168958954129943,0.0372219160511464,0.0291390025425874,-0.0271973214053663,0.0171999994467383,0.0512241718423993,-0.0084212924719996,0.0587751571243162,-0.0065618489313592,0.0981838099064662,0.0522576277998765,0.1039201792291333,0.1383239497400989,0.0751256611130355,0.0112995104725199,-0.0221730012889456,0.0377427758475903,0.0951621281214178,0.0290735983451684,0.0106946458075849,-0.0621185736426154,-0.1481078761299415,0.0241722213112196,0.0754445129550378,-0.0395943444940639,-0.0559184720382133,-0.0896079343709552,-0.0463595724755838,-0.0042147313838281,0.1734168323187974,0.1142563697261727,-0.3099349592616597,0.2642234407521651,0.0213313814790359,-0.0421826061196584,0.0036495521300801,0.3421630665016089,0.0534824646554277,-0.0106629871688409,0.0977649461341658,-0.0894197187617883,0.1081396659775191,0.0226582990386519,-0.0458736776356613,0.1052958793264675,0.0501743587881202,0.0230429375989469,-0.1864528190918277,-0.12415081912115,-0.0028631866127083,0.034722341420781,-0.2014434988445742,0.2097565863015573,0.0411429836851249,0.2353251271521259,-0.2170260544134639,0.126939213864538,0.0554515119229819,0.0871880692062709,0.0632094393852245,0.0022521435570124,0.2672178198224839,0.1581517541887063,-0.0714682133965015,-0.0278787070816668,0.0569612663277192,-0.2455109150763753,0.0353223334946266,0.0167310578576558,0.0230556665868322,0.0027417670261136,-0.0337691541910279,0.0506644557519475,0.0354131700908952,0.2733931214631262,-0.0456007997801717,0.1901437332690436,0.0828009724924458,0.1684019826089158,0.0800189383109355,-0.0096744730814392,-0.0747110606251253,0.0040510470850481,0.0121513867032772,0.0318395559651889,-0.0702465488057738,0.1305822730397567,0.050468810075023,0.0410195253472014,0.1211180707894172,0.102193108566835,0.2205536006360644,0.0065066585696917,-0.1459332479894303,-0.0077893769800539,stop,1413,12,31.439854553929635,-0.088492214928262,0.0721440243257317,0.0956202085675197,-1.0,0.8152584313119149,1.0805493866893958,1.2043232209624442,1367,0.4235837053340565,7,0.0727653332626908,0.0011636189967378,0.3514763046323916,0.0,-0.7003117435624467,-0.2767280382283892,1.0830662985031605,0.1507767441841619,34.102914823125104,31.439854553929635,38.168079255756766,1.3507087057268177,0.0574853751982238,-0.0114306061630397,0.039521970908823,0.127569229979231,0.4920648376334432,0.0141382897145547,0.0,-0.0525933718936183,2022-05-26,23.0,8,-0.1752367860166468,-0.0993057813527117,True,False,True,0.8571428571428571,1.0,0.1428571428571428,0.0262952641099747,0.191538767746517
HWM,Falling Wedge,bullish,1,0.6521483174156056,3,31,2222,2223,2025-09-05,2025,1,177.9096005548903,173.3336269336162,195.00088534784072,167.87498247338783,1.012160580419768,0.0263998030977947,True,0.0420125312232861,0.0284608567519157,0.0183773159439391,0.0031525972142005,0.0040066558040594,0.00561065120828,0.0377222743238661,-0.0133236038857128,0.0244338890608575,-0.0283388130621822,0.0108295768627943,0.0446330637946021,-0.0233767480168618,0.0533961230073403,-0.0076234806459594,0.0528461077574504,0.011302113212166,0.0139841003277616,-0.0503684799579813,0.0367997429972084,0.1439621508108006,0.0040066558040594,0.0249109365952517,0.0670294196600238,0.0409431735629455,0.1021016856735319,-0.1302192994570995,0.0408098621397341,0.0648945528481237,0.2510612995135604,0.0112995104725199,0.0457659253447031,0.0973412668891979,0.0153725834271742,0.0158023986186577,0.018740257272223,-0.0404033191031848,0.0435431289941417,0.0052822772867198,0.0044099477235524,0.0569626573446104,-0.0631850487801976,-0.0094030448617874,0.0167785123231296,0.2748004621988911,0.0259416388666137,0.0615324352053148,0.0269276849074233,-0.0782476252022666,0.0483728660972637,-0.1116570540272012,0.0336583085065693,0.061871951112211,-0.0916130615828156,0.121655580799,-0.118363987948028,0.1015264804007456,0.0364631714625487,0.0839023873587165,0.0869875308915146,0.0218440320142898,0.1383413988052213,-0.0829539548239557,-0.0438371939610818,-0.046780778352595,-0.0760295556631778,-0.0567822536422167,0.0536045346800573,0.0574342963590748,0.1552052803465322,0.1007343590840175,-0.0274726966125995,-0.0205341751006561,0.0502213884350426,-0.0022832035852037,0.2010655108123562,0.1789460055073348,0.0114651714016213,-0.0448131400800242,-0.0637110613292205,0.1662234308033063,0.1416512641364566,0.2091287026627366,0.1211078156396465,-0.0822187925894732,-0.4246806297971657,0.1206464331896863,0.1234093029416203,-0.0435512486981958,0.1143659703011499,0.1924346275834025,0.1091352465654411,0.1154138953560659,0.063710293918253,0.0036352310321736,0.1410327734868408,0.0285987121150361,0.2260459790074378,0.4234836349610096,0.0398928232229325,-0.1177661956138178,0.1424249332171774,-0.0247553320560305,0.099394541259222,-0.0549079569707783,0.1651819813648058,-0.0405223884878126,-0.2508396335889963,0.147829168484159,-0.1659549803877323,-0.3219603324629057,0.3274182522678783,0.0851087885103567,-0.0511199948046966,0.0753028951282529,target,2238,16,195.00088534784072,0.0960672427999593,0.1015816650043616,0.0109939171660577,1.7032322161274918,1.8010006258176126,0.1949175739087044,1.7032322161274918,2190,0.6559879168230427,7,0.187250273787806,0.0605656653272201,-0.2096774193548386,0.0,-1.109416652487055,-0.4534287356640102,0.4260687536720246,0.0999260443181979,173.3336269336162,167.87498247338783,195.00088534784072,3.83059374660487,0.2231373247030876,-0.0106785451818242,0.0215407915770388,0.4332968068202503,0.6017472373190967,0.0040104704732932,1.0,0.023708908204699,2025-09-05,55.0,4,0.32897003490221,0.1822426112154282,False,False,True,0.0,0.0,0.0,-0.013405139373668,-0.673282668698782
HWM,Falling Wedge,bullish,1,0.6658522717702441,3,29,2366,2367,2026-04-02,2026,1,232.18541458338024,236.4855614291596,276.79242853126743,219.34850251805847,1.0779619248622965,-0.0181835492187859,True,0.0872203449812996,0.051237063069478,-0.0614444256216021,-0.0287752511501013,0.0077587155736982,0.0272002858648388,0.0090279794788237,0.0142150113935428,-0.0204977386020293,0.0016528173179668,0.0180152884212496,0.0727842688355022,-0.03166991531435,0.0221366060507874,0.0382399540645057,-0.0162472176889652,-0.0390267620200562,0.0445506468026446,0.0122254389055804,0.0502763357754454,-0.0412787973479297,0.0279582985410189,0.081865268017271,0.1002152489819041,0.0174536425713265,0.0385623281221725,0.0752582422060246,-0.0663136162031153,0.0110824186435192,-0.0827740646487481,0.0095844864116818,0.1562924113760739,-0.0324273977433166,0.0311179629479165,0.0465590160119848,-0.0151206666855369,0.0241498588180084,0.0584663711109132,-0.0193497282602156,0.0032382503379391,0.1245991850907899,-0.0515207442023866,-0.023405860754836,0.1159709039990661,0.0645362093774037,0.0767899706841372,0.030593800675718,-0.068192533117102,-0.0244576679139134,0.1470748323502817,-0.0019231749288263,-0.0153844545453555,0.1675455916445303,-0.117044857165003,-0.0409366483639918,-0.0142656996255156,0.0129259249603916,0.066235511674261,0.0863506705928343,0.0343388841925631,0.0936864770992673,-0.45095425252606,0.0393731234788086,-0.0553146788552275,0.0346684930610396,-0.0158375752982712,0.1213889924719666,-0.0183994164118691,0.0281402968811225,0.0999680174124442,-0.0565897384033984,-0.0154330765204899,0.0564678311022948,0.318508737023522,0.0589549456299731,0.1379141781400648,0.145185896133507,0.0743698282397384,0.0964349563025666,-0.0056170908700319,-0.0792644153522214,0.4146482389739008,0.0498908199137038,0.0092627615457889,0.1132685867982026,0.3487513739715153,0.0367768046372454,0.0791571801771267,-0.0578676914013058,-0.0410394354919103,0.0068698718404971,0.0126060023727598,0.1573942855268395,0.0158490344981758,-0.2483928514768193,0.0895542638210944,0.2626248113334524,0.134044939436841,-0.1138702783152959,0.0435640741855312,0.0456762204725562,0.4274354864424636,0.2998834772138381,0.0018985224997156,0.3181578173802171,0.4442624327915569,0.1147770724494221,0.3818489872500203,0.1066078379560442,-0.2587760106468717,-0.4441267741213345,0.2093250313461703,-0.1734000944497782,-0.0569631926777881,0.0781876968822877,target,2390,24,276.79242853126743,0.1921180709301977,0.2080035381520538,0.0053786576283505,3.4749021977326358,3.76222782355205,0.0972855344794581,3.4749021977326358,2336,0.4290898949496369,5,0.0328262546893956,0.1519858289002555,0.054337007523538,0.0,-1.180588448600877,-0.7514985536512401,1.169788880411394,0.1266061945730179,236.4855614291596,219.34850251805847,276.79242853126743,8.0011770358753,0.1447455793745942,-0.0185588809263068,0.0344188239521005,0.1955305587884448,0.2518399331219443,-0.0187834806803524,0.0,-0.0347696124896711,2026-04-02,30.0,3,0.0096586226273984,-0.0032794551766268,False,False,False,0.5,0.0,0.0,0.0392649966719286,0.0460464406211826
HUM,Falling Wedge,bullish,1,0.6408823602555254,5,29,582,583,2019-01-10,2019,4,257.7945287901053,257.3882632050993,338.7791951450927,248.2261401018593,1.340825773151126,0.0015784153478757,True,0.0548021013850017,0.0343116421845484,0.0050713289396486,0.0021750556452371,0.0068490180659561,0.0207215434644629,-0.0077064331918923,-0.0335106644349969,-0.0270588972136596,-0.0213602034291892,0.1138232007422408,-0.0879683469647406,0.037087079234352,-0.0259751851473332,-0.0117007531880068,-0.0128236300839233,-0.0181005836209149,0.0086972290290709,0.0390369789188342,0.0219577110619857,0.0121196481948715,0.0046805367746691,0.0535013697451681,0.0898148402963301,0.0583802858902611,0.0449152576965481,-0.037021422636982,-0.0568956496673214,-0.0217023535554251,0.0493545728195694,-0.0441710620460016,-0.0139363011186584,0.010952380690498,-0.0336257323861796,0.0401223737199933,-0.1540153163335328,0.0544705929090243,0.0147605537641324,0.0090954085705379,0.0110188509832742,-0.0536396998566116,0.0547819814756449,0.0131675823649304,0.0484182325818101,-0.0072298181737288,0.093373818706254,0.0833272905339916,0.0336920292294762,0.005431889965223,0.0433545680185738,-0.0036190635910096,0.0063187430504489,0.0364913566007856,-0.0604665196887962,0.0261247302237224,0.01463166024719,0.0190354401439853,-0.0272350360925167,-0.102856332784748,-0.0856993439536534,0.0326631671459478,-0.0244691044360563,0.0120780999084035,0.0171525526052946,0.0617110098073898,0.1216973839152761,-0.0711383743415013,-0.1198591058891827,0.0882599044912528,-0.0101487447671801,-0.0907137363341981,-0.080552690950708,0.0454785246064575,0.1408384572928234,0.0809045333924938,0.0999693466972939,0.0668100166944962,0.1640416900011585,0.0565282080029703,-0.0426573967591231,0.0497255209538236,-0.1226915759848962,-0.3237822861931798,0.1257194883832166,0.0487333816522839,0.1107447004699524,0.1412891013385848,-0.1178762080776852,0.0740956507844785,-0.0679816755752665,-0.0908100620039087,-0.0280750810034434,-0.006402212302655,-0.1320699852276008,0.0334527233645678,0.0919798870057819,-0.0901551016566239,0.1151900134798593,-0.0331306354761651,-0.2728834866925631,0.0746518383900962,-0.380886758738744,0.1479874641322713,0.1223829303565302,-0.1995075017509796,-0.0154758331053016,0.1298808169343879,-0.1367781391492608,0.1769033665758033,-0.2297238195755772,0.0768739565334084,0.041812538626853,0.1330925931419593,0.2261330109575439,-0.0069922054703474,stop,621,39,248.2261401018593,-0.0371163373138787,0.1308444162133517,0.0377313987461286,-1.0,3.5252512958606355,1.0165711779976687,8.463772636501552,549,0.8178668808773168,5,0.0474308867250387,-0.0396676101424929,-0.0680426617597883,0.0,-1.3116392682263225,-0.4937723873490072,0.1805310423422599,0.2090809211888837,257.3882632050993,248.2261401018593,338.7791951450927,7.78328050218701,-0.1088602033571213,-0.1031063032821963,0.0302884146535451,-0.1266463932591611,0.7283356799290996,-0.0041273335685371,0.0,-0.0141530262429546,2019-01-10,28.0,4,-0.006884758913355,-0.0295340163120921,False,False,False,0.0,0.0,0.0,-0.0400229287882787,-1.1814819160714571
HUM,Falling Wedge,bullish,1,0.7003865493737927,3,29,754,755,2019-09-17,2019,1,256.3168981438186,258.6483632575057,293.92225361986505,249.2349566266683,0.8160604289375478,-0.0090140338965375,True,0.0065894670269137,0.0174176109866688,-0.0274270303252553,0.050087663113671,0.0043574760584215,0.0699816137628839,0.0425073805146933,-0.004767688562392,-0.0213233885310392,0.0156611541104085,0.0862582952764237,0.0179801609079521,0.0017881368205185,0.0001931471641063,0.0273063684154306,-0.1166058347125349,-0.0190299320325926,0.0135034661535573,0.0590066466563206,0.0046422628377975,0.0837991644563849,-0.0086422544772716,-0.0073743733534604,-0.066840176828878,-0.047219049202366,-0.0162314329926329,-0.0026941202503392,0.0049745592122876,0.0091200561214384,0.07954408918091,0.027112683063021,0.0585458512213206,-0.0320288151290651,0.0147558325826642,0.0308714759472654,-0.0566290643469964,-0.025713038503846,0.0344304212943973,-0.0151535011249425,-0.0501180947830527,0.0720576264253818,-0.0028025021233117,-0.0384556344180897,0.0275526060949229,-0.0186511304657258,-0.0718645701791583,0.0148178352675256,0.0155825054807509,-0.1006280289090999,-0.3152531398388702,0.0758269230664792,-0.0928350597037026,-0.0395158031875663,0.0176435927354243,-0.0365055519555844,0.0055893082872437,0.0689943619415502,-0.005552775014979,0.0213259354197672,-0.0387190544047048,0.0263920773242902,-0.1796441460834484,0.2471378112803974,-0.0655033197226908,-0.0959109938564195,-0.0028989872533696,0.06991548627989,-0.232759459995257,0.0484628764470581,0.1749420479164998,0.1418729880203832,0.0637981338061164,-0.1377539439997128,-0.01385508117183,0.3623133965002814,-0.0079860038964227,-0.1138732256742272,-0.0080158638680762,-0.1669967810891821,0.0440839848819185,0.1732731534160414,0.007906859952506,-0.1033103228085108,0.1387364160394617,0.0428977660915808,0.0154890804014689,-0.0271603728020349,-0.0060769024403718,-0.0142707166850222,-0.122233115506902,0.1087558345811785,0.1631559331300867,0.2647806844296914,0.2135911402581327,-0.1240342544103549,-0.0124599979026994,0.0790157726798532,0.2729970848594616,-0.0603912619837081,0.0030585531813602,0.1519054147364769,0.240763531467403,-0.0102697027197351,0.1202290525488976,0.1718629309306407,0.0706013975429138,-0.10835130783423,-0.169349474195233,-0.0336931012577498,-0.0444001702922525,0.1124752909060073,0.1327068264058755,0.0931826630292562,0.0653673847818803,0.2172198528059882,stop,760,6,249.2349566266683,-0.0276296317895383,0.0337523231955484,0.0292486769406287,-1.0,1.2215987332964873,1.0585981443192245,5.310034739058165,724,0.6329629091038633,5,0.0524229392189057,0.0967100234673934,-0.0509651566943383,0.0,-1.1169329469727287,-0.483970037868862,0.470914755616185,0.1093075824247025,258.6483632575057,249.2349566266683,293.92225361986505,6.889828208158643,-0.0089165167501881,-0.0363919795791105,0.0268202276363191,-0.0409158856356373,0.2220484679612975,-1.447737083548617e-07,1.0,0.0293847192846123,2019-09-17,28.0,4,-0.0842561542336562,-0.043497511762245,True,False,True,0.6666666666666666,1.0,0.3333333333333333,-0.0532659904746615,-1.1186510030735124
HUM,Falling Wedge,bullish,1,0.847596043159368,3,30,1076,1077,2020-12-24,2020,1,386.05589177124506,369.97490551954365,420.39841533907634,359.1674127758772,1.9558107333842627,0.0434650729327692,True,0.0123401652045869,0.0202759837883379,0.0037339840149464,0.0716184476771486,-0.0389777709368461,-0.01387094296514,-0.0072828868909839,-0.0384808297829228,0.0121146828758151,0.0337449677438999,0.0005898263351409,-0.0552082037392058,-0.0662344597868851,0.0071188008297689,-0.0173078562903643,0.0053184272594783,0.0571130606382801,0.0096081259603386,-0.0813576830267601,-0.063918543773398,-0.0274270303252553,0.0003036815927783,0.0227802753340952,0.0647759237991396,0.0460800440787751,-0.010198301709178,0.0413531087134211,0.0116797277256928,-0.0134417025097713,0.066333326189802,-0.065898179362,-0.017819820514745,0.0545436933992729,-0.0093638797822209,0.0569182536247709,0.0058624611976052,0.101709186895599,0.0595257412529528,-0.0111946842580554,-0.0781524806607635,0.0547819814756449,-0.1047486499891031,0.0363617479254605,0.0268752316389879,-0.048399656016282,0.0569395685372851,-0.0277908059366144,-0.0602056917429688,-0.0484485012055071,-0.0712853112500332,-0.1638578780629015,-0.0434103645489456,-0.0861366779426017,-0.0151440250688593,0.0368574794030829,0.0247158646266996,-0.0503559392807939,0.045934689262107,0.0716374549829554,0.1305726522358508,0.0335829663954743,0.0466382261782261,-0.0136648065444044,-0.1481245752711563,-0.0813856274213146,0.0623147978955491,0.0472665839375299,-0.072202666566576,-0.0130660230243334,-0.0632801404895944,-0.1171616300304925,-0.0116511631225311,-0.1341251531776685,0.0421061284605923,-0.0219122378939472,0.0110964583612069,0.0147486140785726,0.0628839160414846,-0.0084996540524026,0.3113388545120519,-0.068270820425737,0.0055200726983311,0.019898064514221,-0.082238400867302,-0.0067072500736456,0.0071524641427411,0.24577827199317,-0.2586831547617596,0.0326801725176657,-0.0066272035594363,-0.1769451371157558,-0.0621572826030869,0.0184065924509722,-0.027456848331526,0.020052547963355,0.1519485876665469,0.1042638023877116,0.0572684248620178,0.1789591566931896,-0.1193603270434456,-0.0202800517676673,-0.0814815334278453,-0.0743798416380019,0.1716869886280658,-0.0517626648048257,0.0315251025366014,0.0846395815669069,-0.0573949685990051,-0.0231653687350779,0.0716355971475735,0.0161461935249522,-0.0987064773495121,-0.122728434331104,-0.0475468811438319,0.008840620744142,target,1084,8,420.39841533907634,0.0889573875178175,0.1034333153900097,0.0163951078986113,1.2772207596326872,1.4850613461113094,0.2353955387946855,1.2772207596326872,1045,0.6334483035458669,7,0.046728621112675,0.0368596775658103,0.0371345154169338,0.0,-1.3991455837970166,-0.765697280251149,0.4734167383649037,0.0824990147155254,369.97490551954365,359.1674127758772,420.39841533907634,9.147857509722058,0.0421444845869827,-0.0239725666217966,0.0238689407851135,0.0840838113758908,0.4305850758272211,-0.0029621876034221,1.0,0.0218191889018388,2020-12-24,54.0,5,0.1124122188250842,0.0623407660065817,False,False,False,0.0,1.0,0.25,0.0284657538011371,0.4218052951407839
HUM,Falling Wedge,bullish,1,0.7397825780397184,3,43,1431,1432,2022-05-24,2022,0,422.47584800019627,419.9651790600328,472.101717372813,396.9130741708992,0.7313744053807596,0.0059782788320279,True,0.0128761501391672,-0.0311706460952374,0.0149941299426064,0.0006709251100058,-0.0158041773889945,0.0283925153746844,0.0276185773660166,-0.012663716519439,0.0909648004332825,-0.0087270070226734,-0.0188788707919678,0.0157549956686531,-0.0040588057196854,-0.0102660034927466,-0.0199009985170035,0.0249901588713497,0.0313383569414982,0.1030688958615655,-0.0208827755379079,-0.0210165548446089,-0.0627243257116488,0.0496568398207073,0.0032498021469825,0.0195066806817569,-0.028695129261135,-0.0190822106079434,0.1921611939063228,0.023715019671689,0.0028626708642505,-0.0795227081336698,-0.0951718333869945,0.0092569268530036,-0.0688301817547489,-0.0144133318833795,0.0020370580265085,0.0140763724994807,0.01389464977397,0.1904568645634226,0.0841252998780905,-0.0446122070041139,0.0370483777273795,0.008938337530399,0.0788270450639732,0.006541194408024,-0.0172778143940594,0.0032551445016767,0.0288300628993174,0.060990606005135,0.1124493556809722,-0.1008450886408123,0.0290971184601791,-0.0417744258208571,0.0635777363900993,-0.0839997864932059,-0.107287167515466,0.0731810160352981,0.0122981918368536,-0.0841378455862366,0.2209302745680232,-0.1734022642817014,0.1665157947889264,0.0268020146747429,-0.0313273882687136,0.0438125394144039,-0.0627650126447845,0.1032774961898517,0.0262342754827191,-0.067452119202077,0.0225708271459066,0.1084070479676597,0.0969706065761735,0.1397140566980568,-0.0736155722616599,0.028950509215984,0.0348346712344547,-0.0554414832796709,-0.0326067953045937,0.1108005379492256,-0.0378084400960081,0.7304250293005292,-0.0407234999550689,0.0573956408671008,0.0500452057687175,0.086895966478834,0.0485174619745918,0.1124327539626175,0.093101450080046,0.2060305601383552,0.1066448629208427,0.0922833312923094,-0.0756508362900589,0.0292957774329295,0.1330925931419593,0.0524075991053891,0.0285514996470452,-0.0098670930069123,0.0707231852451486,0.1215308737146829,-0.1128703557735457,0.0276810522467032,-0.1215373170424138,-0.1823419511791315,0.004073937796114,0.0615839625696346,0.6122671163265563,-0.1167245932203732,0.0348944747518007,0.0403952643155727,0.0305746891978868,0.2502490678404583,0.0195436980893604,-0.0195734321748818,0.1221642204248281,0.0651293019749212,0.0867702130547865,target,1468,37,472.101717372813,0.1174643937813781,0.127675063462439,0.0525004336945997,1.9413335072323576,2.1100851990856158,0.8676744313280981,1.9413335072323576,1388,0.5623566145776424,7,0.1159131857107299,0.1481709330698279,-0.0568924202487416,0.0,-0.8320185214368818,-0.2696619068592394,0.6541684298284445,0.1418466519140186,419.9651790600328,396.9130741708992,472.101717372813,12.251710876649176,0.0304821324933213,-0.002372123456368,0.0290972389217504,0.0219280128408669,0.9482575143833982,-0.0042818986017348,0.0,-0.0533765232068902,2022-05-24,50.0,5,0.1699306419442006,0.12128849555549,False,False,False,0.0,0.0,0.0,0.0039578873753215,0.2756551831043204
HUM,Falling Wedge,bullish,1,0.7779272642479033,3,44,1596,1597,2023-01-20,2023,0,478.7723302338091,469.7352049875653,557.1229399778381,455.02443192783903,2.319244083623865,0.0192387650537775,True,-0.03346908065455,-0.056054307082295,0.0392261119671748,-0.0472450369820337,0.0685700288896189,-0.0123558302886845,0.0530933053342712,-0.0252754500941388,0.011890256766921,0.0125128330328525,-0.1019343527255118,-0.0062542392319514,0.0668327695431099,0.0060497639228813,0.0086148487809649,-0.0238156299836564,0.0393420651297213,-0.0080284086933595,0.0004083907207914,-0.025461222068392,0.01420000214846,-0.0037726585824103,-0.0367989580338814,-0.0437425234291496,-0.0831406971095159,0.0326634434908463,0.0520696213484317,0.0647795893484826,0.0187122194890758,0.039679242547298,-0.0743350252416703,0.0075788989866896,-0.0455692589218088,0.0505711717569405,0.0045065081724264,0.0187085085814691,-0.1034538640556917,0.0092283201637577,-0.0537806357106854,0.027333661451695,0.0737904608990502,0.023715019671689,-0.0111946842580554,0.039742641968222,-0.081859468761947,-0.0483868419754604,0.0236169402983388,-0.0029510303512394,0.0613161996651243,-0.1364794246545598,0.0478486103855968,-0.0238891162857942,-0.0800524452712247,0.0278989108384843,-0.0871873080929285,-0.0772614106011746,0.0424539915702233,0.0207929948222977,0.0359562094756704,-0.0476807714129944,-0.079679369479051,-0.1328416452164988,0.0218739698018797,0.1182085172569611,0.1886524418976869,0.1334114621290751,0.0203606771916391,-0.0772591470013729,0.0247947729473868,-0.0079860038964227,-0.0042623190072246,0.0660020091026012,0.0883541437770498,0.1493084997765124,0.0462473059548422,0.1596949840109545,0.0550753840580664,-0.0614637434957947,-0.0601813352686029,0.1365670099288054,-0.0332146069574851,-0.2525699636439478,0.048543671297812,0.0392025238099109,0.0362138406273171,0.1087558345811785,-0.2423152679025093,-0.0111217080195975,-0.082238400867302,0.0193658994424243,0.0768504374974146,-0.0223398297819053,0.0305912600684357,-0.0174801183105859,-0.0684230762372772,-0.0657244911682415,-0.0170974586908846,-0.0711215657500158,-0.0165088358553822,0.0682432699349593,-0.3826253052101935,-0.0017823053276765,0.0859234277848999,0.0473835298141103,0.0334605158803622,-0.1058571260595681,-0.0537338413636951,0.1352612915600046,0.130596425392298,0.0875796615229413,-0.2522058821012162,0.0886125855158606,0.8318596237321787,0.1918381464622509,-0.00269266942335,stop,1608,12,455.02443192783903,-0.0496016515707429,0.0590124269797451,0.0537954860865006,-1.0,1.189727057688399,1.084550299898308,3.299265001666785,1552,0.6548658148795382,5,0.0276153626433066,0.0550826228871748,-0.0738626763538058,0.0,-1.105169690021367,-0.4503038751418299,0.284093736155357,0.1351529003533345,469.7352049875653,455.02443192783903,557.1229399778381,11.303722665368586,0.0247425337189766,-0.0404731037993711,0.0236606066000119,0.027089992092812,0.9843727648285204,-0.0001220735712293,1.0,0.0403112628865698,2023-01-20,58.0,5,0.0015545069648177,-0.0113032865261027,False,False,True,0.25,1.0,0.25,0.0475517447683309,0.8080062511377875
HUBB,Falling Wedge,bullish,1,0.6309369555621289,3,20,1913,1914,2024-04-25,2024,0,391.2015922814706,383.9139348733024,427.3004507218766,368.85465897615495,0.9625996725986165,0.0189825290154503,True,-0.0758747043921516,-0.0732678488877985,0.0565521240141382,0.0021305435263847,-0.0087005872088763,0.0325818057552882,-0.0241421763343567,0.0074633106864203,-0.002906920883467,0.0179409454903916,0.0238667582565113,0.0168870631419419,0.0329509871788624,0.0256147059639977,0.028231792975111,0.0092987392947414,0.0265066000539704,0.0359432657838272,0.0139863668562425,0.0209628031499142,-0.0081163874947164,0.0140904017935308,-0.0919318114921445,0.0140002895147217,-0.0132931177050463,-0.021403905822666,-0.0349754600834422,-0.0767754509180294,-0.0374699496332727,-0.0261120068101413,0.0227295196119579,0.021588212656787,-0.0054471687854925,-0.0766058357399598,0.0712875563339781,0.0193761854090812,0.0425000980552454,-0.0217040291799353,-0.0173772824186878,-0.0211826265813649,0.0183262572934013,-0.01443737194831,-0.0200181283121266,0.0283605317599278,-0.0153614579870963,0.022235405169729,-0.0073099736621229,-0.0460382773308301,0.0978460125970561,0.0657714944698364,0.1602048165159277,-0.0216303784127886,0.0271225268912507,-0.0400943600347939,-0.0252415584567776,0.16176286517451,0.0543039116955457,0.1238205131213532,0.0536128026607651,0.0287169268329923,-0.0630916193490823,0.0647972138656691,0.0154375330749556,-0.0493264260155897,0.0090532559233165,0.078441383797154,-0.0289140322139964,-0.0221851089157534,-0.0418303623232004,-0.0565245167443889,-0.1318499358595611,0.1249182916869315,0.1210922267612977,0.047086606121526,-0.1342622469722759,0.0512200482001174,0.0237235760502658,-0.0154580407450026,0.0760067831593021,-0.0574072767996785,-0.1854622763466127,-0.0044397910366704,-0.0478275829699479,0.10725881698572,-0.0350244375153165,-0.0896002913987706,0.0003745699731338,-0.1893536626020014,0.1296536420093872,-0.1311378514648195,0.1317385784161273,-0.0526795008200246,-0.0564250541837115,-0.1536238713658601,-0.0459069101633363,0.0878337606045933,0.1258734943212398,0.0539788837917056,0.0262209036738667,0.1526709658241267,-0.0793235192698825,-0.0699619268107607,0.0048249941451106,0.0634111957819389,0.3036764544107053,0.0381188410751518,0.133424431601373,-0.2708279609250339,0.0913982049044306,0.2525037893293453,0.0765939675685396,0.2333825547945327,-0.0059246176605591,0.1224472621240657,-0.1211457926397692,stop,1916,3,368.85465897615495,-0.0571238301331784,0.0205669100958332,0.0867529567345787,-1.0,0.3600408104268148,1.5186824225953175,1.6153831018871474,1893,0.3952662857919453,5,0.0514821522421603,0.1160670631771683,0.1099190606483306,0.0,-1.1660577723572123,-0.770791486565278,1.0239520261566557,0.0741957031538758,383.9139348733024,368.85465897615495,427.3004507218766,10.226925593605465,0.2104604137136299,0.0220260016801678,0.02622617787214,0.4358619037420079,0.896138245937869,-0.0100111947808219,1.0,-0.0376168301700474,2024-04-25,44.0,19,0.3164182948651386,0.1307241030557082,False,False,False,0.0,1.0,0.0555555555555555,0.0119225094053469,-0.1815922506564726
HUBB,Falling Wedge,bullish,1,0.6623277774156019,5,39,2097,2098,2025-01-21,2025,2,453.167843228245,421.24232552212607,481.2802576020799,397.23128236460616,1.0973118715840438,0.0757889598737437,True,-0.1076956286651753,-0.1053852069051771,-0.0037010712157067,0.0326293927164893,-0.049141617129024,0.0125189577074851,-0.0258914891459505,-0.129289125134319,-0.0022947155108367,-0.0245181850181427,-0.0623680555441629,-0.0117367580861411,0.0178880193805552,0.1181596168844314,0.0384445505478927,-0.0339053461608246,-0.0166074873434949,0.0649363849226347,0.0125010689024427,0.0080151736604281,-0.024677259517068,-0.0623680555441629,-0.1006253286338016,-0.1345709835979065,-0.1277385689474371,0.0530024633847885,0.0050177665916109,-0.0508048741816845,-0.0483078693116945,0.026220089751251,0.004615216707144,-0.0118068195215462,0.0543153885274847,-0.0478990001881577,0.0240112960934155,-0.0367341186723223,0.0820790367019943,-0.0735135187067288,0.0570703254379316,-0.0071973619905515,-0.0541610291473191,-0.0857299744913772,0.0033370933723446,-0.0158547925329409,-0.0050011431380625,-0.1282038923321855,-0.1529844500294552,-0.1645536244013958,0.0131232507885195,0.087479811737354,-0.0381632824996095,-0.0395482711450743,0.004875097404162,-0.0047032547890025,0.2009141202663784,-0.0245984951281074,0.0317632142031496,-0.0605995201670001,0.0490002785053003,0.012009223150003,-0.0551957940981792,-0.098903034825016,-0.0238527717517396,0.0836754472171952,-0.0102190145992429,-0.0419519751835681,0.0364255015210948,-0.0034958042855249,-0.1588861863455098,-0.2586344149673532,-0.194616043823266,0.0584156331994365,0.1259061083328838,-0.0507820706387963,-0.0896002913987706,0.0269343799841084,-0.0305080853316934,-0.0210647105055429,-0.039551455791723,0.0215336928852996,0.0523276467874418,-0.1342622469722759,0.0410553023701996,-0.0247320629159446,0.0677292087354861,0.0585900841153514,-0.0954417744896936,-0.0614926155840493,0.1706610164721791,-0.1206468686962248,0.0198450217552743,-0.2573802105830005,-0.2660651509645954,-0.1362151860224331,0.1003060455441455,0.0322410681310472,0.1224472621240657,0.4709012749163919,0.1584513767468705,0.0727199033139931,-0.0453185384035921,0.1551101920577609,-0.195679825671963,0.0186566481111118,0.0778956873021192,0.0344071086629742,0.1024467262115946,0.1212773725439619,0.3951233667778298,-0.2738039661921962,0.1361906654305047,0.105157075564402,-0.1418386665890436,0.0181005388189861,-0.3393047167346436,stop,2102,5,397.23128236460616,-0.1234345324795376,0.0305558527345858,0.1253750074336014,-1.0,0.2475470366418833,1.0157206813610724,0.5025767394310656,2056,0.5345068076323376,5,0.0200038580350266,0.038391438842906,-0.0095472518470676,0.0,-0.9715923646597366,-0.4370855570273992,0.726969441541454,0.13143026535941,421.24232552212607,397.23128236460616,481.2802576020799,10.744533807271903,0.1061085022619816,0.0134071881787678,0.0243873621113877,0.2237714928200942,0.959563348197468,0.0122090623989057,1.0,0.0320658545693886,2025-01-21,40.0,14,0.2363824310108784,0.1587604291872237,False,True,False,0.0,3.0,0.2307692307692307,-0.018643623323755,-0.2442039116567431
HUBB,Falling Wedge,bullish,1,0.7025549255797953,5,60,2154,2155,2025-04-11,2025,2,351.5041135537746,318.6198992246682,483.50309243056654,288.6049109605656,1.999127722976746,0.1032082880232121,True,-0.0804938189473594,-0.0250393441293231,0.0481225785276511,-0.0137831471753662,-0.0835393774371714,-0.0108599930657856,-0.01680924228383,0.0134258643333493,0.0106874564120063,0.017362997355832,-0.0124579900428162,0.0443104939822205,0.0007393565660307,-0.0301897146905282,0.009155808028969,-0.0538316506660214,0.0028992224945552,0.0419775047148993,0.013829878520583,-0.0488308949723815,-0.0746744507236093,0.005409641478806,-0.073641036015229,-0.0001675445727036,-0.0126663027953963,0.099973530593824,0.0398624408216077,-0.0485447982746267,0.0436163978597226,0.0175269400009152,0.0539128557558887,0.0418566929852282,0.0225246651586177,0.0084770056294074,0.1259625553338266,0.0713150003628459,-0.0998564719463006,0.0113292694132536,0.0825854109531647,-0.0467511528005317,0.0601084481926685,-0.0060562269332714,-0.0485447982746267,0.0795681547009663,0.023510138137254,-0.0267863474561953,0.0568930603537511,-0.014681274776304,0.0254591018644481,-0.0519446419345567,-0.138956934261751,0.0798588820666599,-0.0848039348723956,0.1288569397131536,-0.0202846376251637,-0.0319070794680901,-0.0008486820818316,0.0232435917087112,0.0330231660157425,0.0570348097762438,-0.0776861237858287,-0.0029873850075872,-0.0054078384556602,0.0462432012771385,-0.0516499539537421,0.0565752901893006,-0.0223216052375034,0.1456046860533721,0.0515380177547182,0.0875456336801399,-0.020955473398619,0.1691262207648263,0.1523129594119689,0.0093101373518607,-0.0154580407450026,0.0891404657326897,-0.0092605639373871,-0.0078556851310207,0.0376297128325053,0.2163247737094067,-0.1981292599912224,-0.0884007392086715,0.0031263306114808,0.0618336698480777,0.151158402430694,0.039109946003468,0.1896624537107947,-0.0740448469829698,0.0572517824139973,0.0830309742858197,0.0664664764042648,0.0409288752043608,0.1833005120577693,0.0296012308795727,0.1736068888222133,0.1860648980748704,0.1884160585563232,0.1194277730265702,0.0665427213072973,0.0800597954342829,-0.2262616190599307,-0.4100643307775572,-0.0036955151370546,0.0299649204861809,-0.1401549007338935,0.1868999876669344,0.0560818351314367,0.0379270673214258,0.0690593938989836,0.2493075350718767,-0.0661226913876962,0.214383938662529,-0.0872279744844279,-0.0686206457713979,0.150520755252321,time,2214,60,415.93499755859375,0.1833005120577693,0.1916513204058089,0.0920568134336352,1.0243513645398037,1.071018784233802,0.514447676099296,2.0985795277958488,2092,0.6073509717505255,5,0.0038397684771623,-0.0768082258252861,0.0392879165344939,0.0,-1.8822951196766229,-1.2749441479261023,0.5641697209471659,0.2022983296435964,318.6198992246682,288.6049109605656,483.50309243056654,18.23942918452619,-0.117203737845948,-0.0173228049740322,0.052566497362795,-0.2084706817349263,0.8747555160067937,-0.0053534497709446,0.0,-0.0484423340633973,2025-04-11,40.0,14,-0.1290064518741642,-0.0894438045072786,True,False,False,0.8461538461538461,1.0,0.0769230769230769,0.0905229178301418,2.855862644680489
HUBB,Falling Wedge,bullish,1,0.6340837764369939,3,31,2282,2283,2025-10-15,2025,0,428.4031421522016,422.39024469621336,453.8205458832367,403.1990289977816,1.539143639903516,0.0142354079704487,True,-0.0253672417378215,-0.0268367722786092,0.0041280515499861,-0.0351848770129229,0.0176170842592631,0.0120701962485569,0.0441372966755548,0.0366247068732557,-0.0284175946350513,-0.024449835658304,0.0881588957827403,-0.0397417546991187,0.0160598569952197,0.0139600506421195,-0.006681706131109,0.0061950233200758,-0.0160360700580548,0.0194271942683479,-0.0515028098451695,0.0148179343188894,-0.0017930020079952,-0.0016791323945967,-0.0287527171624059,0.0898000816506749,0.0589522443360626,-0.047082012594402,0.0279388829406368,-0.0618698471330041,0.0054956370031713,0.07958006431517,-0.0042418228556296,0.0635945930800216,0.012453881950325,0.0105963443683452,-0.1060589372078637,-0.0495935511233561,0.0285273200137485,0.0735745869727493,0.0217173386277498,0.0913373203293423,0.0457099568830021,0.0610000345704695,0.0285739966028721,-0.0494239806808063,0.0056010703676523,0.0779285378291652,0.0446693740051609,0.019835245428412,0.0837176882079191,0.0571067701845584,0.0437684261940785,0.0614713561399229,0.1232255429694424,0.1170070071012585,0.0365434883682291,-0.0255611706388154,-0.0855770064565011,-0.0237830196002477,0.0104265715197153,0.0640109325958611,0.0611203987815476,0.1534330916616886,0.0775788425751189,0.0022542177472943,0.1489979616036458,-0.0303370004341694,0.0017334277962042,-0.0065870950898698,0.0011418524438168,0.0708644337380572,0.0373472927321996,0.0861671493114868,0.0655635436921597,0.1093574333257654,0.0580623249869369,0.0648200454519551,0.0054397831902874,0.1259061083328838,0.1373312050623649,0.0207017195067369,-0.0896002913987706,-0.1058015070905032,-0.0854153041643274,0.0027862112871435,-0.1597153764588029,0.0736246417871289,-0.0017727993456974,0.0683772060040108,0.0985171876184258,-0.1351601126229249,0.0706497634777845,0.050372487140355,0.0941411111865848,0.0485605596047133,0.0088209424385088,0.0062792268785556,-0.1065901316904661,-0.078940313875898,0.0161932198594978,-0.0192157688285155,-0.0652562208864155,-0.0947060136661549,-0.2595715060205004,-0.0661226913876962,0.10997171382773,0.081582365413596,-0.2015714035245797,0.1367917580071698,0.1354258509163517,0.1075813459978809,0.0224885080323045,0.2701671153508318,0.1739383550766335,0.0785460868347893,0.0813504892489036,target,2292,10,453.8205458832367,0.0593305726081834,0.1035905954414539,0.0407720835587978,1.008462530512712,1.7607656461720746,0.6930173897278338,1.008462530512712,2251,0.4228881730049519,5,0.0528960911717353,-0.0080987509397957,0.0421418319464288,0.0,-0.7866701478387532,-0.3637819748337977,1.1358502415271745,0.0849178375047243,422.39024469621336,403.1990289977816,453.8205458832367,11.55156475667965,0.0951961582237443,0.008667726887209,0.0269381492769729,0.2602543861781186,0.588864055062525,0.0141544624665141,1.0,0.0118846818501525,2025-10-15,40.0,14,0.3509228067922645,0.1262146079723751,False,False,False,0.0,2.0,0.1538461538461538,-0.0300202382385105,-0.4144037503309133
HII,Falling Wedge,bullish,1,0.6668574141783,3,16,1432,1433,2022-05-25,2022,1,188.8185100202145,182.9159078485773,209.516140365889,174.40909905747048,0.7031157093590201,0.0322694851479159,True,0.0256162621552513,-0.0213397383147739,-0.0166162967898613,0.0157816674045285,0.0044929588061795,0.0182795520105498,0.0694443993691271,-0.0029513322774276,-0.0167592809261697,-0.014129286372668,0.0336827850056358,0.0053993341963609,-0.0214688761980855,0.0288917343052059,-0.0270719565169225,0.0055716383386257,-0.0019789441128248,-0.0050002397947074,0.0456299995016482,0.0462620220249669,0.0807662774379343,-0.0414941882597372,0.0152796637976334,0.0362696186673059,0.029321421087076,-0.0171438703388649,-0.0358524382701614,0.0386185836901191,0.0089412435237996,0.0032005154003733,0.0209021789017782,-0.0235118431486461,0.0511785669307551,0.1915383070826881,-0.0778018698956257,0.1891998267267418,0.0022662451593431,-0.031434215158379,-0.0814536827206977,0.0271479047056579,-0.1283116397691185,0.0451250876739655,0.081926059882466,-0.0493653296058855,0.0417293037010693,0.023424671943737,0.0427583321353508,0.0600783524918262,-0.0361237924643189,0.0245095298553836,-0.0315817948263212,0.0133777054260573,0.0248910363217818,0.0013395446790647,0.0334184761363629,-0.0205765799567733,-0.2871172887317015,0.0029277896237616,0.1427579136660155,-0.0653108493001423,0.0505219932113822,-0.0411333325712339,0.0089529001108574,0.0140530112655041,-0.221253917680557,-0.0403784724288892,-0.0901727363136216,0.0167346014914695,0.0677665452596467,0.0197086673081332,0.0231985925740698,0.1468245405156059,0.361604240277954,-0.1374236603955937,0.0084431445392354,0.1775164028134761,0.097596645699935,0.086856471337831,0.1035661817543258,-0.0938947423277504,0.142692297690375,-0.0933171370669038,0.1324393205724738,-0.0200637864401502,-0.0211074690768936,0.0320654749401918,-0.0301248584707788,-0.0184555770735895,0.0501570612964883,0.0112658929716678,0.0324756014916469,-0.028747134944344,0.1379111525214869,0.0966100611861211,0.1328871671194187,0.2071402694001951,-0.0893706346227669,0.0514484885505734,-0.1329447262484789,-0.0036492382138938,-0.0782090108963132,-0.3314169319420289,0.1359592725100693,0.0853150138613556,-0.2944901728615917,0.36701170210646,-0.076951823787651,0.0793205788890665,-0.0449734995872002,0.1918312920261866,0.1416662142887625,-0.0032290942673837,-0.0369175641638618,-0.0930151691160942,0.1275405458692457,target,1480,48,209.516140365889,0.1096165325288216,0.1497265013441554,0.045469900202088,1.436396699295265,1.9619910187473315,0.5958299634262881,1.436396699295265,1415,0.4958270962670738,5,0.031058672542771,0.0478704119021851,-0.2339658965896589,0.0,-1.1856487727929768,-0.6898216765258957,0.764728080791869,0.1016988369493404,182.9159078485773,174.40909905747048,209.516140365889,5.630561029813358,0.0451879962834063,-0.0117020444263897,0.0300484023969906,0.1030961663423641,0.4691675189200299,0.0021071550835414,0.0,-0.0476910448791666,2022-05-25,9.0,5,0.1801823232200132,0.0955204145367556,False,False,False,0.0,1.0,0.25,-0.0545181069179854,-1.104818359705671
HII,Falling Wedge,bullish,1,0.7289809876696162,8,134,1653,1654,2023-04-13,2023,0,195.5747407535981,194.9827896985894,244.2670572221156,182.85666821990844,0.6017019974340564,0.0030359143795397,True,0.0056530184382832,0.0079058815089533,-0.0392696377557163,-0.0267928088622407,0.0353982382457798,-0.0009485324243083,0.0422422123072763,-0.007026595744667,0.0173894114565871,0.0616015687374134,-0.0084657968903372,-0.0071593421361328,0.0242938206578613,-0.0061075214092154,0.0346652561667537,-0.0018762457075508,0.0009783337712261,0.0127694556450994,0.0159865592901253,0.022737562278847,0.0129341243062837,-0.0060878544530936,-0.0032100919357162,-0.0433708460592457,-0.0424019079989705,-0.0998647064769174,-0.053286474477239,0.0594072162291094,-0.00124533361969,0.0426749006455287,0.0011247824880233,-0.0035803930136307,-0.0873047562591826,0.0551565880521502,-0.0098497328831136,-0.011214934865587,0.0027760531101674,0.0086326265795775,0.0063311175173863,-0.028718638930111,0.0450247834918937,0.0399176850576821,-0.044091264904715,0.0217687290551191,0.0158098090554328,-0.04134424885184,-0.0653174726737459,-0.0636701416025794,0.0632403911165324,-0.0276159254988979,0.1054986633476513,0.1404688300347183,-0.0018761651021261,0.0403823675613101,0.1113516339068239,-0.0309809443129994,0.107653140903533,-0.0780219320483026,0.0896609370482055,0.0734577708502852,0.0569995783815997,-0.0803560121714824,0.0685740905643117,0.0869735005383147,-0.0368702886867632,0.1064776243808138,-0.0379784743405491,0.1184333374173653,-0.1090910788682632,0.0291176069268783,-0.0122814399539523,0.349337098460363,-0.0261944803163641,-0.0840162249850676,-0.0174108848844621,0.0714464680567315,-0.2508712922189368,0.0310913832101651,-0.009110573500711,0.1008000394420081,0.1016254440246688,-0.0627385289279732,0.0675328205911809,0.0201799483623266,-0.1272634169313403,-0.0606169250148059,0.0824292055898952,-0.0021875718043851,0.067719170299952,0.1026857099955318,0.0134446295288535,0.0107235059779968,0.103967654689266,0.0281615740925516,0.1691829534863806,-0.0533467102882241,0.017918673170141,0.0689341172864699,0.1302031325861468,0.0980519360952028,0.0225651780412601,0.0179632171210901,0.1507997559589504,-0.1210241373237902,-0.1329447262484789,-0.0940835009256189,-0.0784616055713723,-0.0824262744958028,0.1629492497415043,0.3529158405485642,-0.0545684705046946,0.0687893838034139,0.1518568309207113,-0.08277087387917,0.0683424562131318,stop,1666,13,182.85666821990844,-0.0650292184189214,0.0165786751990863,0.0688803645489139,-1.0,0.2549419415175151,1.0592217809721052,3.8285924490156455,1519,0.6207071106004749,7,0.1115381796656985,0.0856523503871944,-0.0199520422986339,0.0082644628099173,-1.116933363867792,-0.496226253267317,0.4427454958480643,0.1925574436959635,194.9827896985894,182.85666821990844,244.2670572221156,3.363832835183067,-0.0504322716423855,-0.0036837829233292,0.0171232696936892,-0.0890710121532255,0.7440625490677577,-0.0026124946716746,1.0,0.0661939827080642,2023-04-13,60.0,6,-0.0040357716085005,-0.0152144323811868,False,False,False,0.2,1.0,0.2,-0.000264399989457,-0.1606736275433088
HII,Falling Wedge,bullish,1,0.7950015705992187,5,46,1780,1781,2023-10-13,2023,4,211.8287270499962,189.84209847660415,223.9182013197724,185.41541338810063,2.6245290090943167,0.1158153473324654,True,-0.0276927800288572,0.0014206022643056,0.0390322795462121,0.0379461585469209,-0.0074523688899769,0.0150630556105015,0.0269115182200827,-0.0224283814549861,0.0279790694461683,-0.0443006919139299,-0.0364413182715939,0.0277752431030904,-0.0074066604055713,-0.0225868301867713,-0.0894633244085795,0.0038833825062332,-0.003667156518432,0.0259040408982449,-0.0252743248422516,0.030021596334915,-0.049216733309743,0.0127787698492416,-0.0246456462218459,-0.0541871759877076,-0.0008469226632655,-0.0038215636697239,0.0384831626276336,0.0994841186438217,0.0934828219381005,0.0228044732369328,-0.0575258273839826,-0.0179037736574274,0.0090275244118294,-0.0774811866651548,-0.0032854306125955,0.0241516383752289,0.0578217349581133,-0.0027975496917618,0.0532140304521127,0.0383101808043226,0.0161264940816014,-0.0751187351275076,0.0177379497487333,0.0589799317052424,0.0548230978184498,-0.071512830587406,0.0204145098716299,0.0047628978611293,0.204603180485442,0.0112049008892358,-0.0338885796722355,-0.1593229575887507,0.0445658591773654,0.0326804648419236,-0.1532033846807647,0.0251848678332902,-0.0973530005892777,-0.017517416698542,0.0574942982557917,0.1085096302326051,0.0584463365671812,-0.0397944167996205,-0.0422828309970915,0.0781861995585289,0.0192176188543973,0.0271153251438116,-0.0154638676648829,0.0562058537728857,0.0121851058255653,0.1172401508323428,0.0523053815055429,-0.0022838590255854,0.3383945695299304,0.0465070772860474,0.0987461021506175,0.0137853278449433,-0.0977520771574187,0.0954009319925819,0.2104894249834454,-0.0852182400914204,-0.0025160814104608,0.05596962425914,0.0108471422537312,-0.2599359690487653,0.2002481322802751,0.0501570612964883,0.009149468228996,0.369382726835016,-0.1408106240278354,-0.1327858488547428,0.1337482860265144,0.0716639920647679,0.1281279597717954,0.0251540342319356,0.2093392807301386,0.0314881925265302,0.1629492497415043,-0.0793549287336414,0.1214493298418515,-0.1545338232996455,0.0662665597812666,0.0200203769898204,0.1004344168911,0.075988899496117,-0.1423786291634754,0.1452423158520193,0.2013618353038602,0.1328119503150906,0.0187096039059204,0.0870644797657576,0.1066485901360341,0.1703397867899538,0.0581809117030729,-0.0603285545877315,0.0645429675725182,target,1806,26,223.9182013197724,0.0570719299414135,0.0671460204652763,0.0565836016565542,0.4577038089399874,0.538495708024381,0.4537875279201818,0.4577038089399874,1730,0.7586351136002876,7,0.1371237026103701,0.1198218427261414,0.1434356554793603,0.0,-1.6906533213094412,-0.9320182077091568,0.2895011739209444,0.0932242147284855,189.84209847660415,185.41541338810063,223.9182013197724,4.316319478982505,0.0554733996506711,0.0488699322387837,0.0204217760064574,0.0835879274885806,0.90925839585188,0.0136646385901955,1.0,-0.0267721821790749,2023-10-13,60.0,6,0.0116473243624724,0.0331273768348054,False,True,False,0.4,2.0,0.4,0.0076776784032349,0.2795747803562767
HII,Falling Wedge,bullish,1,0.611887909861789,5,53,2477,2478,2026-07-28,2026,3,298.85625186449454,274.46189948275105,341.6130273562635,257.4710121424423,1.5617387417588555,0.0888806512951958,False,0.0759700082009027,0.0335898473452935,0.0189511889390185,-0.0293220470330175,0.0443483330294169,0.016536699214013,0.022371199659656,-0.0134036556998884,0.0259637087475488,-0.0001860739500052,0.0281266880161275,-0.0238545811874485,-0.0197371583402387,0.0261802525284491,-0.0065962078000645,-0.0050158127226526,0.0033210883269021,0.010678113163189,0.0642277494650698,-0.0751832885190694,-0.0069607879881086,0.0088457470959062,0.0715054504536625,0.0919234698343862,0.0505839181409548,-0.0364562280851046,0.0953664469399164,-0.0011420702222562,0.01467748930515,0.0324230531163047,-0.0530624245653522,-0.0015554550558788,-0.0114377497337821,0.0228044732369328,-0.0030838373340479,-0.009396314449322,-0.0291920109480694,-0.026361196935713,-0.040457423986971,0.0213985919307047,-0.0169971007237407,-0.0353698244474699,0.0371863955224989,0.0560860480932261,0.0204935411659186,0.090127249693239,-0.0303080808125801,-0.0653635607217957,0.0443241921871018,0.0735696106001855,0.083629165756601,0.0233113698695757,-0.0500195214741024,-0.1402142924436197,0.0020577599103024,0.098666198823399,0.0514448893842443,0.1188573119893279,-0.0476540684797262,0.0247658090497082,-0.0083687243952581,0.0558799560597784,0.1301691066271313,0.0747239813185576,-0.0240067112534201,-0.0443605561770993,-0.0527007601080146,-0.0967047224479266,-0.0461765805524174,,,,,,,,,,,,,,,,,,,,,,,,,,,,,,,,,,,,,,,,,,,,,,,time,2512,35,276.2650146484375,-0.0755923193010538,0.1141715729902744,0.086918867581395,-0.5458766789266474,0.8244699946770051,0.6276693612539479,1.0331406989286065,2421,0.5108487892536459,7,0.1822170427325859,-0.2681936210137683,-0.1115947000557439,0.0,-1.7840769625364,-1.2732281732827542,0.8836574954973929,0.1143670982540631,274.46189948275105,257.4710121424423,341.6130273562635,8.092969909911963,-0.1303999100331848,0.0231492589557733,0.0271114118836092,-0.2694253092308688,0.8922331827359962,0.0054119656499194,1.0,-0.000188953641616,2026-07-28,10.0,7,-0.1080870040076141,-0.0176379119911435,True,False,False,0.5,0.0,0.0,-0.0658034289407269,-1.1959975373686635
HBAN,Falling Wedge,bullish,1,0.6486398495969398,3,27,683,684,2019-06-06,2019,2,9.590805228577134,9.388001270472497,10.340987658884362,9.010684098947056,0.7951156842638756,0.0216024638537815,True,0.0052394800036343,-0.0075260742787757,0.1589302398647893,0.0286626907633227,0.0130717924499466,-0.0300612373515324,0.0332457905799319,0.0060933870523209,-0.0038669209512813,-0.0024970299218786,0.0815959542548558,0.0114122237900273,0.0182556731429119,-0.0564764675238622,0.0180108365530526,-0.0801145675681547,0.0477876405781168,-0.0058998745511141,0.0050064794568074,0.0006410169202299,0.0067989145511035,0.0714916601138686,-0.0108649301065387,0.0029704427635459,-0.0317583884313348,-0.0094655286623348,-0.0038961649010932,0.0314354105432304,0.0483996271970541,0.0124632374220092,0.1958263745258606,0.0181532246449878,0.0580177675210553,0.0887886303877796,-0.0270769382235096,0.0097087723997948,-0.0264548448811228,-0.0085452423447395,-0.0372807189533257,-0.1022658882339379,0.0464215794312423,-0.0723683847939998,0.2030795501234268,0.1203471916943832,0.0240118991348401,-0.025494534938034,0.0528919468259538,0.0039929836701513,0.0248683137773004,0.0168006566162406,0.064743772472299,0.0062454014148791,0.0368419893456433,-0.0481652126434255,0.093283634721822,-0.0690904470701221,0.0263690249208368,-0.0124832937043644,0.0465424004204344,0.175644102487029,0.0071049381009198,0.0861474224563541,0.0754227423654374,0.0361526595625449,-0.0101552861737613,-0.0946033353502164,0.0623819874914499,-0.1142321910404756,0.0324009828174126,0.0196108115359305,-0.0087640769911967,0.2862783485203795,-0.1044081478354489,0.0662566306139591,-0.0725914515036333,0.0417386075625747,-0.0713831159192037,0.0094780884084382,0.0547559488047029,0.19547642617493,0.0816327119625457,0.0931864844582321,0.0896202642369592,0.0432372024271778,0.0872117892854897,0.0149823172629273,0.0725960070521107,0.0613778568664979,0.0413145775865322,0.1493128465351496,0.0693161165040445,-0.0408586639142877,0.0022141301622879,-0.0255633872617353,-0.1703929021743103,0.1445744324037192,0.0706962793320602,-0.0473677741495979,0.0316153426201284,-0.1500183578703462,0.2888052646682835,0.3877722411312194,0.25853039485543,0.1120853786346836,0.2706191740569712,0.1119911303388045,0.1376942965375034,0.1664393550106317,0.0112279855490133,0.0224723277010892,0.5635317496934296,-0.0807897798730556,-0.4606541294109009,0.0161905806262245,-0.082037019321761,target,716,33,10.340987658884362,0.0782189203542531,0.0891985450365722,0.0235031644393779,1.2931479168593518,1.4746676658092814,0.388564147865176,1.2931479168593518,654,0.5405886888117262,5,0.0059826432192543,0.0073640048008809,0.0331277001090779,0.0,-1.066786683611955,-0.5261979948002302,0.7813228113959667,0.0875959325139466,9.388001270472497,9.010684098947056,10.340987658884362,0.2199764659871011,-0.0281394941555664,-0.0009416718670396,0.0229190320077544,-0.0565242808587993,0.5454533632151001,-0.0007458468849032,1.0,-0.0094940630138775,2019-06-06,9.0,15,-0.0303153998097788,-0.0058834993111288,False,True,False,0.1428571428571428,5.0,0.3571428571428571,0.0120909114847674,0.3784524997038415
HBAN,Falling Wedge,bullish,1,0.6710682342120736,13,108,1436,1437,2022-06-01,2022,4,11.293961021403785,11.115409143095237,15.089001216082345,10.45584696715594,0.6126693350376018,0.0160634553357368,True,-0.010972736573579,-0.015369410482074,-0.0207350836978303,-0.0021367528801932,0.0516055964882238,0.0358978791798778,0.0572582281064573,-0.0437128345979617,0.0613168604198803,0.0295783025083247,0.0390147904320978,-0.0121121323808045,0.0317917619618062,0.0395938185985011,-0.044088251876596,-0.0437128345979617,0.0242425521188303,0.0863683826861021,0.0736056855296551,-0.0379639292180623,0.0508475296033168,-0.0179855641954505,-0.0289064367829896,-0.082662795067927,-0.0088513299446948,-0.0487320236981619,0.0176238726367004,-0.0311465973048814,0.0174461980194611,-0.1101526422810674,0.0412425158649041,0.0488771031621404,-0.0496551768989296,0.0733494058381938,0.022883324520833,-0.0606810338966306,0.0186649956596793,-0.0156386792845137,-0.0398880853287153,-0.0977241076007896,-0.0035258860991744,-0.0369567861537719,5.4344688082963444e-08,-0.0598130905688394,0.0416667059582638,-0.0690547984123964,-0.1089569887965279,-0.0343628957860077,-0.0007937419579258,-0.0616388891437368,0.0680117026530382,0.0513739947773506,-0.1972319437171565,-0.0419252686863486,0.0264680005104636,0.1456611667938512,0.0372426959137912,0.008111962985781,0.0135270433639547,0.183285572032573,0.095693756094191,0.1064901883757123,0.0802699999790421,-0.0435820300537272,0.0589992417802638,0.326899962402813,0.1090701121589514,0.209924186155733,-0.1677498744174587,-0.0156309289973749,-0.0262549042980316,0.2219932948001608,-0.2027647720948849,-0.0179308555267252,0.0551078267439906,0.0816177394783108,0.1412721922274211,-0.0514426403970191,0.0767125820801732,-0.0365403004246226,-0.1356206875428549,0.1046193668599775,0.3124795505611153,-0.0484613782648454,0.0436420680321081,-0.0207735947127665,-0.1508618133540458,-0.0167446290850806,0.0772816343051061,-0.0636844658807894,0.2842538111181469,-0.0483386754435187,0.0102929905759039,0.0160550793597693,0.0059371512532704,-0.0281891143518344,-0.0145620430913852,0.0139195304758896,-0.216295873356631,0.0142679272795678,0.2039701188166396,-0.0135777806888766,-0.0719678581783807,-0.0069885505940392,-0.0360862608449878,-0.0091069875934238,0.0419905027733611,0.0164585853870744,0.0940362199114726,-0.1036163796007236,0.3598368724625818,-0.083303764114225,-0.0072602994875783,-0.0689690917675179,0.0057683453413912,stop,1443,7,10.45584696715594,-0.0742090443432106,0.0212145242537253,0.0914413175059296,-1.0,0.2858751846420491,1.232212573483915,4.528071299418031,1324,0.7190061599010299,7,0.1337319234917494,0.0535946156217135,0.0220124191314214,0.01,-1.190823627367667,-0.4718174674666354,0.2749079462585466,0.2572111709422044,11.115409143095237,10.45584696715594,15.089001216082345,0.3310643617910064,-0.0928006590234457,-0.0171545109111361,0.029485952947436,-0.065521517114142,0.4150950525870686,-0.0007204438696588,0.0,-0.0163071505254227,2022-06-01,15.0,13,-0.0819827753018999,-0.0860176984003915,True,False,True,0.5833333333333334,6.0,0.5,-0.013076455497446,-0.490456749336315
HBAN,Falling Wedge,bullish,1,0.6240217724904393,5,45,1778,1779,2023-10-11,2023,1,9.079630693782512,8.932805731523757,10.872300870668354,8.644440587894252,1.023626687425655,0.016436600847661,True,-0.0058998745511141,0.0095251792814073,0.0299651218772969,-0.0157485490159975,-0.0130294162426781,0.0184128376510726,0.0026619913752703,-0.0167335732085177,-0.0327661325469248,0.0048812891701193,-0.0589041261410513,0.007092179387218,-0.0889716210877494,0.0218209869000172,0.025110649029338,0.0191036791862624,-0.0452962484961061,-0.0206636576863668,0.0062596585962244,-0.0447552450466103,0.0588233156954265,0.0054230088214972,0.0009658180379987,-0.0688299196354321,-0.0244312091128201,-0.0169952487134361,0.0156052178454877,0.0692041994289884,0.030605758242417,0.0260988551403471,-0.1087613436169686,0.0302700670624582,0.0320364533345127,0.027991634172779,-0.0343688802203828,0.0145412530921791,0.0941344443659746,0.0670146946967618,0.0246610646689153,0.0814815115667724,-0.0346967961319012,0.0131279485696471,-0.0120148787576164,0.0424418343835841,0.0497953930249521,-0.0894385787432057,0.0186822908325772,0.0179956740574223,0.1857839298417196,-0.2322438971517115,-0.0679156255142533,0.2266667961711792,-0.0844475726856553,0.0469227574537125,0.0324038914650444,0.0571089868332612,0.0508832040602011,-0.1099163868329317,-0.0662500848657878,0.0478587865802855,-0.1862662348686139,-0.115019548941053,-0.1089323745860088,0.1601526336050445,-0.005535443201357,-0.104854357030396,0.0671912290807357,-0.0219029861016232,0.0300979056669876,0.1661749680312763,0.1174737278127278,-0.0850884537928552,-0.055532392624904,-0.1253846241843027,-0.0024466795112684,-0.0716127598946154,0.0379975207843545,-0.0777016405498269,0.0680959382793884,-0.0268514690633758,0.0046418751546757,0.0878973203423452,0.2486245805459548,-0.0906245009973508,0.1679484239428263,0.0161735130385494,0.1152598345769717,0.089031431297923,0.1120458577457113,0.0120108660287305,-0.0712844600729111,0.1485149589789752,0.3024357827826696,0.2118663913878204,-0.0448604369344505,0.0002646692560392,0.0621548654751205,0.4499585606445884,0.1135266841570741,0.1936896231835592,-0.0006909493195774,-0.1914735665751052,0.0408538805661444,-0.0163687916608148,-0.052401214165154,0.0121381249687406,0.0600847716021319,0.0227350694589052,-0.0878744713349337,0.0262773672921174,0.052063085752541,-0.0330512737153655,0.0519447398990309,0.0446248528835944,0.2672560032109602,stop,1785,7,8.644440587894252,-0.047930375206369,0.0294984228808326,0.0747297871933279,-1.0,0.6154431872027759,1.5591321134368643,4.119280637657992,1732,0.6870062514135213,6,0.1357915182304336,0.0900314157557047,0.3850031293699076,0.0,-1.5072913479466048,-0.8202850965330765,0.3262049788287742,0.1085711006905375,8.932805731523757,8.644440587894252,10.872300870668354,0.2353130730203984,-0.1240507269793146,-0.0591252043841007,0.0259421027633848,-0.0762574290985145,0.2352937876560901,0.0009765027137094,1.0,-0.0193746781824096,2023-10-11,16.0,9,-0.0302388023765295,-0.1035472965882243,False,False,True,0.125,4.0,0.5,0.001614957689851,-0.0513406649432704
HBAN,Falling Wedge,bullish,1,0.6113432629763126,3,43,2398,2399,2026-04-02,2026,2,15.589228275072497,15.115853136458496,19.754685366087276,14.660479244197871,1.065102390288916,0.0313164685010234,True,0.041322347873884,0.0053390659620624,0.0151099445429128,-0.029653013274672,0.0059565243611721,0.0397726367366206,-0.0340042298828439,-0.0118182786846364,0.0440893143823342,0.058274830987492,0.0255941847481822,-0.0165710064023811,0.0130718700160252,0.0827302802057252,0.0190615534487816,0.0341555612467072,0.063045065079105,0.0149727763689029,0.0251438579843648,0.0283641144177149,-0.0314267247052286,0.0863683826861021,0.0197104656607649,0.0712015440342195,-0.011560062376358,0.0345083304072875,0.0877049066112178,-0.0538507011321988,0.0102113439007789,-0.0821500978619469,0.0116368962192978,-0.0036206023897323,-0.0073099452873783,0.0454188340706946,-0.0498878577374526,0.0160215590689176,-0.3010354376296273,-0.061559276708582,-0.0217549780722573,-0.0377001485174034,0.0100693856192071,0.0386167038922509,-0.2646402637319135,0.0258563494726815,-0.0262171023625277,0.1026856491426538,0.0572155451304721,-0.0415707886623479,-0.2797767033347452,-0.0355555216471353,0.0086550872079727,0.0197434321613636,0.0508721332249395,-0.007168293983779,-0.0293687022161387,0.0160965050637993,-0.0790883864167411,-0.0721237296070603,0.057413812519488,0.1620827676801326,-0.0456490750882085,-0.1517237123245393,0.0337079516297984,0.0474759139658975,-0.0469314848407963,-0.0082890297800506,-0.0684437152519114,0.0065530094350476,0.0782914322106054,0.0063572894393058,-0.1502004663765368,0.1711492693293825,-0.1194379277996077,-0.2753451033496696,0.0446043249123659,-0.0534494048839238,0.1150508693885961,0.0548595863433916,-0.0551655885417092,-0.067755177872707,-0.1429672935119676,-0.0381549932159569,0.0839988182823114,0.1166459237000092,0.1209888064557105,0.2068493312911767,-0.0417731908891996,0.1146328176875599,0.0978855945781245,-0.0656935967725121,-0.1732695184402006,0.001674612104747,0.1373237487699741,-0.0042215022586895,-0.0616400252795554,-0.0368109713008825,0.0479847673483564,-0.1703929021743103,-0.0045876752013812,0.2114658474236554,0.01916813782793,0.0354393544504259,-0.1366318241853614,0.1351998755330516,0.1099312066522646,0.3518571119594074,-0.050242474202251,0.1229848517427654,0.0585399698165096,0.1142553233125975,-0.1668699086253005,0.0440797320183483,-0.0395114561450842,0.1130532095455727,0.1024601412441361,time,2458,60,17.729999542236328,0.1373237487699741,0.1649069169415095,0.0356006989859068,2.305005115480788,2.767993814129378,0.5975644709107265,4.485019044479726,2353,0.8248854614006137,7,0.1793708902928547,0.0636765363569678,-0.3084927079232518,0.0465116279069767,-1.5469642819015452,-0.722078820500932,0.184096740398408,0.1749969272834838,15.115853136458496,14.660479244197871,19.754685366087276,0.3931251825357084,-0.0441556699451929,-0.0519758527128658,0.0251219194066615,-0.0556831167025466,0.76595783535905,-0.0195214103451771,0.0,-0.0347696124896711,2026-04-02,60.0,9,0.0810833731216138,0.0547831708008965,False,False,False,0.0,5.0,0.625,-0.0299757248069684,-0.6198215841171173
IBM,Falling Wedge,bullish,1,0.6505984277501313,5,66,1641,1642,2023-03-27,2023,0,114.86487593079542,111.30214768703388,136.02473088958334,107.28758830464916,1.04082262653722,0.0320095192931895,True,0.0222945397545222,-0.0160611702276969,-0.0138921639968336,0.0255297148291326,0.0004758744707773,0.0531998929240353,0.0096730178319075,-0.0347108405534266,0.0065629290903337,0.019677361866927,-0.0119929652121792,0.0202924947040652,0.0351155187186125,0.0104449151951091,-0.086714975731692,-0.0202148682978053,0.0123499574730079,0.0216928010248773,0.034462062556821,-0.0190693878300115,0.0021470294982599,-0.0358665884565622,0.0208364507492544,0.0095989053503051,-0.0256489170708926,0.0219261159231995,0.0084122657190159,-2.7426722892798242e-08,-0.0329846193772288,0.0576852375766179,0.0106183311174841,-0.0059312275081236,-0.0760237820104903,0.0318351442789519,0.0134268049163794,0.0121031565546478,0.0126125989601522,0.1228176818983737,0.0066544580614875,-0.0033195897852125,-0.0010911101873698,-0.0351250577914998,-0.0227780430299859,0.0218129537883871,0.0471825748288243,0.0001072120249607,-0.0254683843262752,-0.0515189129609989,0.0313609278043505,0.0706327375327997,-0.0205089315839501,0.0491682184929254,0.026430785559304,0.0182373473899299,-0.1362264896866005,0.0655706000245412,-0.0040596898187593,0.0205622512960965,0.1407456033973757,0.0111086918255329,-0.050176972921285,0.0309566977157342,-0.076078390919906,-0.035417698569646,0.0037313721893421,0.0157366986687013,0.0263559687984507,0.078302109599035,-0.0387899761659739,0.0057888866169439,-0.0405007495307851,-0.0253563518266678,0.1492208096006346,0.0123773130057693,-0.1032809645158461,0.0021421888515682,0.1458669235483751,-0.0040239327970755,0.0029578428857317,0.2749763837041052,0.0891367955437156,-0.0145792498301375,-0.0108145935639097,0.3157777428761066,0.0976813613789451,-0.0940880511007785,-0.0059450292933797,0.1101120479967296,-0.0845446308217577,-0.0853517989134768,0.1070874677731268,-0.0381787271081449,0.0292504375937061,-0.0777853618011614,0.1323044424283339,0.1134307158595546,0.0238725836097548,-0.100511084951218,0.0883609179349069,-0.064979529745091,0.1294014374333416,0.0302629374549368,-0.1559169317237452,0.0526580852820217,0.1809572567584707,0.007759015792909,0.0111931446656434,-0.002745917732922,-0.2028518988056389,-0.0431731418120001,-0.039360027515065,0.0863926940275943,-0.053644063354811,-0.1426647996543454,0.0267131457960746,time,1701,60,118.22472381591795,0.0292504375937061,0.0943780383598437,0.0574391431157203,0.4434103667292509,1.4306863090940602,0.8707258286978816,2.7925368552426977,1575,0.6395784360591406,5,0.1031369951626771,0.1543103253470634,-0.0794276919933076,0.0,-1.4731069558083338,-0.8335285197491957,0.3740111130116612,0.1209052703315223,111.30214768703388,107.28758830464916,136.02473088958334,2.367773914185663,-0.0215814697525565,-0.0198906186525793,0.0205928344423696,0.0794477044784047,0.7493407305711758,0.0094181217434976,1.0,0.0006869810628826,2023-03-27,63.0,12,0.1169654502604673,0.0158785338923255,False,False,False,0.0909090909090909,1.0,0.0909090909090909,0.0292076729491374,0.455807285096312
IBM,Falling Wedge,bullish,1,0.6744821243523195,3,19,1672,1673,2023-05-10,2023,0,109.97776191896928,108.72650927134625,119.2293177377843,107.4048880636343,0.8900929039249119,0.0115082573330882,True,0.0302410428160715,0.0222788231081336,-0.0230516503988329,0.3145013486624193,0.0217669068531811,-0.278285740885419,0.0257331053657083,-0.018946172483738,0.0186636737263352,-0.0443328460558783,0.0100375449084764,-0.0052974167053113,0.1051146412403316,-0.0599199201699813,-0.0502835961221252,0.0179389381156762,0.027949726638544,0.0969910534158067,0.0391976039189625,-0.0051215424169946,0.0580582661548165,-0.0124150204203332,0.0183260976489893,0.0299949797763248,0.0320826382935557,-0.1207398633259202,0.0264834026859006,0.0202386721606135,0.0509251867997382,0.0257929154486837,-0.0754528066438191,-0.0387577860249201,0.0044987384359818,0.0451488021519697,-0.0505026883864232,0.0180405448889591,0.0131280067378452,0.0510044310095236,0.04201737432611,-0.0283706034979439,0.0004449054351609,0.0639858620496074,-0.0157530431253077,-0.012142598339874,0.0305163368893301,0.027469690292564,0.101540635498124,0.059836628069217,-0.0405010290718353,0.0339225410940862,-0.0161237550011981,0.026430785559304,-0.0494650191697234,0.0408171553725755,-0.0273115333862408,0.0909233174997448,-0.0168564345175991,-0.0242078944321443,0.0863499638072911,-0.0444586716354623,-0.0803717798359143,0.0599917723260543,0.0908856929855381,0.0857209639200602,0.0096487941951599,0.0317226799375534,0.023109318031919,-0.2962250649233899,0.1023405453603351,0.0891656833286138,0.0179358171881345,0.271475543730816,0.0464394807680064,-0.0370573590434719,0.1483713561956894,0.0540036656035491,-0.1727751507611671,-0.1724967150629154,0.0560395533057955,0.1071428861672216,0.1120149743918985,0.1280085421975472,-0.1180804167850531,0.155989777756472,0.013717519130965,0.1521927610844384,-0.0977107399490684,0.0021036194179986,0.0778882118191146,-0.0465828870653575,-0.1299592080020714,0.0616294125835934,0.1980001219651808,0.0998469367696333,-0.0430420194199443,0.0335921040728672,0.0357201880880764,0.2181735516124812,0.0424171274907445,-8.282784949564803e-05,0.2312110928363482,-0.0756551300804511,0.0575642491917649,0.0210875440965334,-0.0833629300834191,-0.0187814985265684,-0.1358004829936276,0.0330842036920653,0.1364474253944769,-0.0822876530627462,0.0345956547153756,0.0549571933325194,-0.0667775129302266,-0.0660101997352571,0.1816476179731049,target,1688,16,119.2293177377843,0.0841220593817093,0.0909684655329491,0.0120471531859539,3.595806222536516,3.888456569206384,0.5149568223637978,3.595806222536516,1653,0.6408856951913929,5,0.0454051137530503,0.0374758716247245,-0.2576829690508894,0.0,-1.1808157889528654,-0.5399300937614747,0.23184787885578,0.0617445213006133,108.72650927134625,107.4048880636343,119.2293177377843,1.430748659668622,-0.0587549883727216,-0.0258564311404512,0.0130094371337035,-0.0841706937625846,0.6618694769197159,0.0067673657108351,1.0,0.0117633665996281,2023-05-10,63.0,12,0.0671339485768276,0.0369538638295228,False,False,False,0.0,0.0,0.0,-0.0288604987163246,-0.5680110271703543
IEX,Falling Wedge,bullish,1,0.6055348116191429,13,132,585,586,2019-01-15,2019,5,123.01165735954903,119.43527041595166,159.2199353408693,109.66531931033002,0.9546712645764328,0.0299441440634919,True,0.0064425710427298,-0.0034488234346967,-0.0319356003876589,-0.0916470019193785,-0.0054220052913755,-0.0142910588934574,0.008075884925321,-0.0184171336894057,0.0034921258497859,0.0470126102038108,0.0462969679823672,-0.0121371259243393,-0.0240940902926399,-0.0001364201021806,0.0319249266802088,0.0097799297692786,0.0253369256092692,0.0164934503199969,-0.0268951652388509,-0.0738285326897556,0.0207991316545945,0.004208821584936,0.0107117390352035,0.015254678997882,-0.0106239870380775,0.0393990968746946,0.0282140160293575,0.0203934411743196,0.0588629946813701,-0.0349345603603469,0.0008278817758282,0.0131705601189984,0.014722317235255,-0.0051024922701728,0.0631018812594661,0.0153181813201117,0.0693641000065856,0.0644652783154433,-0.0623097039122574,-0.0493362340734133,-0.0287389739564032,0.1386953408436051,-0.0031361299057643,0.0037097793102709,-0.0135807291501224,-0.0014006232679592,0.0513182622803649,-0.0029693588753871,0.0659252362818803,0.0096248127999674,0.0263288892155979,0.065076182404224,-0.0426760893076142,-0.0015545118657595,0.0322094819497911,-0.0222500660276931,0.019988829619173,-0.1526135609636213,0.0849626609044182,0.0337838272356234,0.0289344226445962,-0.032367378261501,0.0352216070414166,0.034871288793761,-0.0124565410136121,0.0041225946157199,0.0173320847814928,0.113293145719993,0.0359304164519722,0.0861231147617567,0.00817969669166,-0.0480711279064675,0.1735099833192808,0.0983083960463777,-0.0102459879309479,0.0861231147617567,0.1110256524726374,-0.0358341305113376,0.0100718396070556,0.1324457934578877,0.0298877337807248,0.0759472986930034,0.1396254165050845,-0.0133120851852742,0.0042337488510322,0.0780647154340605,-0.0156521571211835,0.0754473915845581,0.071531087030656,-0.0212062774890403,0.0590220921780861,0.0360769898828591,0.1663955937734966,0.0565559102041304,0.0977933090937428,0.0716919071002559,0.1205429595906903,-0.0277905564337377,0.0261821471479244,0.0787420625560169,0.3582978231585698,0.1618107013399117,-0.0078513122048057,0.0423780720399018,0.0940903456512731,0.1000398250738208,0.0809326081001382,0.008279037150171,-0.0536382210534692,-0.0715045636892859,0.2174317343542451,0.0128528300942798,0.1519169531462461,0.018022684041802,0.092384576460612,time,645,60,143.48025512695312,0.1663955937734966,0.1680247504200725,0.0373223749525401,1.5336489823590111,1.5486647311325366,0.3439960221729244,2.712974738672911,448,0.6956191384885405,7,0.1507596866727259,0.032923690107762,0.3860904840484047,0.008,-0.9926865207727872,-0.2970673822842474,0.350442918282955,0.3078633381794846,119.43527041595166,109.66531931033002,159.2199353408693,3.2374228775730245,-0.0343169310983735,0.0224113595995913,0.026394249421605,-0.0139559611021813,0.4638779299141339,0.0006671393637307,0.0,0.0053761818958335,2019-01-15,21.0,16,-0.0308649089363277,-0.0505929106749204,False,False,False,0.2,0.0,0.0,-0.00353506601152,-0.383332590252593
IEX,Falling Wedge,bullish,1,0.618745981286073,3,24,677,678,2019-05-29,2019,2,138.59370545940024,139.11323795073136,146.5398404551622,135.03405988937777,0.9243192738921516,-0.0037346013864986,True,0.0425982775680908,0.0288043026650892,-0.0074464557696238,0.044145515743496,0.019998925148871,0.0380871754259644,0.0222710054064572,0.0002464935560364,-0.00250367320753,0.0060317998166432,-0.0144207448497362,-0.009682401963307,-0.0057983773425788,-0.0607649281393194,0.0462933074955083,0.0370661614863527,0.0302047842560013,-0.0271306778114951,0.019691689448239,0.0044775947822284,-0.0048494948333603,0.0100416112546135,0.0353003120729178,0.0570395167074564,0.0237910145644508,0.0360505054870969,-0.0020811078779202,0.0050100859737212,3.1588629934020673e-08,0.0167669165161479,-0.0360441556227628,0.0208901420801939,-0.0697389699364922,0.015254678997882,0.0270840257954287,-0.0318832071694662,0.023882322285647,0.0150910166906643,0.004701954444608,0.0096349553022996,-0.1368123770976744,0.0639178547654961,-0.0059531843733593,-0.013635482052679,0.0670600557530489,0.0565797136299309,0.1095287220274277,0.0637660934880277,-0.0408311572878217,0.0184067339959297,-0.0319284547473808,0.0947873652212218,0.0560625457762771,-0.0506980087050777,0.0278595422975787,0.1335452533109375,-0.0131766234652049,-0.0054629608879058,0.0390845373742527,0.1446723430195242,-0.0968768321996496,-0.0347031797687886,0.0754941807751887,-0.0556287704192974,0.0086860693606558,-0.0534920373056578,-0.0600875853440457,0.0405044851587865,0.0997178497194515,0.0927463744693968,0.0126733937842049,0.0542899937610019,0.0319504886263088,-0.0670727416665331,-0.045914211143203,0.0806661486488071,0.1143569227792653,0.0630758057541909,0.0758129849778048,-0.0035682880684583,-0.0517448619582688,-0.0146676106228591,-0.0228283579550865,0.0436763258356185,-0.1515625561904086,-0.0273291135023631,-0.1405336128364142,0.1199669708818413,-0.0457697292153982,-0.0251063007588484,0.0734951523709495,0.0896867039834994,0.0902997928629456,0.0377328712452984,-0.1657745477679355,0.0395305198420994,-0.018007403226077,-0.280423040001703,-0.2279091766106618,0.0443480807562632,0.0179278386611669,0.0640712128624374,-0.0644868679416945,-0.092199859196799,0.0539991813673716,-0.0247037734665332,0.2509958799152429,0.0287972370711202,0.1685587379553572,-0.034732170125133,0.0846858103172767,-0.1003961406574716,-0.0891438776488673,0.0462534527049167,0.1052302381224268,target,684,7,146.5398404551622,0.0573340251595315,0.0681177373671468,0.0072530669930772,2.2322826358557366,2.652143154006072,0.2823959326123288,2.2322826358557366,651,0.4343654404320139,5,0.0602116272399888,0.0295597774505982,-0.4330748826770048,0.0,-0.9539424872203354,-0.5195770467883217,1.2062835670816507,0.053322368587982,139.11323795073136,135.03405988937777,146.5398404551622,2.622519182405331,0.0608933815143988,-0.0100184049912925,0.0189223543529341,0.1615392681807081,0.3780032510093847,-0.0062055163632402,1.0,-0.0535680497036646,2019-05-29,21.0,16,0.0512305036296614,-0.0149181341211088,False,False,False,0.0666666666666666,2.0,0.1333333333333333,0.0616495941456632,1.6337251314349686
IEX,Falling Wedge,bullish,1,0.7326485794055511,3,47,1924,1925,2024-05-10,2024,0,218.9443492824701,217.65498538098652,245.5251178476194,211.01611979356824,1.9218273855995165,0.0059238886682362,True,-0.0167260628356218,-0.0299111599565398,0.0292306928420018,-0.0039487770898628,-0.0067074610420234,0.0187897796296452,0.0566917355737381,-0.0130188585829298,-0.0119878914019569,-0.0243333180745444,0.0542607825599839,0.0230950935501126,0.0843928167132148,-0.0159969674286405,-0.0150062712961606,-0.0063515436264703,0.0060566504582177,0.0161995642039856,0.0051437139541528,0.0121294485137604,0.0114920229313655,-0.0292745145385591,-0.0262688977280733,-0.0484802864988433,-0.0616463113967737,-0.0230928964677897,0.038325419106179,0.0759872617737007,-0.0890036349027743,-0.0272796231960377,-0.0598936872585212,0.0460088992796416,-0.0372660802396215,-0.0337226676101554,0.0117596000711619,0.0365628238312638,-0.0532930332096419,-0.0235282677691749,-0.091520781364228,-0.091520781364228,0.0197018640503827,-0.0439468153425302,-0.0554098611113963,0.0543575198218377,0.0417810613993159,-0.0332306024737126,-0.1026127168855394,-0.1276814882429321,0.0169278887108543,0.024415970396753,-0.0372042623376149,0.068943794761926,0.0184586763202281,-0.024214769608495,0.0518179868622452,0.0188539933408853,0.0515701450108085,0.0549894789899316,0.103639301756774,-0.0712291614565941,0.0023525004508075,0.0599984727206823,0.0188653425384059,0.018800240021479,0.0203946454893,0.1320735785449811,-0.0205564184815058,0.1062868667041332,-0.1333719304223387,-0.1223816346989675,-0.2000205297242353,-0.0573130241839101,-0.0716887275880241,-0.1135577622407978,0.0377181029018238,-0.047786901073702,-0.0029077658541798,0.1944025041671113,0.2264117236201506,0.0684714940510586,-0.0608060433838748,0.11436438307507,0.082553863428473,0.1193752421774065,-0.1101096032145706,0.0819395813013397,-0.1553338070355678,-0.1121766551684296,0.1806037087338261,0.06194353649141,0.0896530443802048,-0.1486694794282084,-0.1543641711418182,-0.1501028623215599,0.0500033784926994,-0.0640763658338108,-0.0895707614008496,-0.1282008093697405,0.2199663540652372,-0.1068525893798292,0.041859133571253,0.100423521991311,0.073582500365656,-0.0303385821034922,0.0865481942667587,-0.0210249914539474,0.126440481501338,0.1086480324916472,-0.0070177801981796,0.124954426937222,0.0169225446388632,0.1503489326316078,-0.1283132044417552,0.1087662354584155,-0.1860176037533384,stop,1931,7,211.01611979356824,-0.036211162858893,0.0047176373869601,0.0423770532430258,-1.0,0.1302813004195344,1.1702759562889475,3.352673961110445,1877,0.5748316374851471,5,0.0786470836057973,0.1120252275830337,0.1742249167141871,0.0,-1.3382694313817165,-0.7634377938965673,0.5545717441477598,0.0819180539304911,217.65498538098652,211.01611979356824,245.5251178476194,4.059864982047395,0.0444355073674118,-0.0324258895129335,0.0185962015938544,0.1794968142096744,0.7888452875610548,0.0036814445315842,1.0,0.0195558481284772,2024-05-10,44.0,19,0.3030004440682257,0.1553761449869095,False,False,False,0.0,2.0,0.1111111111111111,-0.0456010299881812,-0.8840724991725751
IEX,Falling Wedge,bullish,1,0.6433813037765785,8,87,2012,2013,2024-09-17,2024,0,199.8279832029238,197.4091949132391,219.49270244729388,180.79992889743664,1.0026198399773418,0.0122526627533623,True,0.0331113866554568,0.0165925689921035,-0.0653582311848501,-0.028175863974546,-0.0038841496960585,0.0066624174498957,-0.0236591634725936,0.0085030885490622,-0.0280440206082691,-0.013700777318984,0.0104533795302359,0.0146509644359138,0.0073252569597208,0.0138799417241592,0.0015198415017081,0.0025688635360991,0.013602000878472,-0.0052780175639972,-0.0033205045841853,-0.000306004922571,-0.069678100989405,0.0022553031623138,0.0411105754848508,0.0333544393290987,0.0216040304381883,-0.0057550400760494,-0.0014367606391806,-0.0408323107633615,-0.0206473629224225,0.0044303330219754,0.0179643434031289,0.0004973014231088,0.0638704899534712,-0.0441415220005005,0.0133799926730073,-0.018957589934018,0.012548197923456,-0.0559121311153869,-0.0336453665912278,-0.0853958154278785,0.0234622994073376,0.1181124707295953,0.0355854244491167,-0.0179344335853506,0.0744159876586827,0.0313740139497235,0.032835041187059,0.0012275302667068,-0.028585846289949,0.0700873380196775,0.0051478178986763,-0.0059902406901996,-0.0181630242720732,-0.0343115244044708,0.088731006690506,-0.0243767453276396,0.0474439464047329,0.0117387283564347,0.0318657547804164,0.0089907505431459,0.0466152750770465,0.0513182622803649,-0.022438225502691,-0.0571881467561933,-0.022022412218103,-0.0060759955001393,0.0007486877234395,0.0360202983941682,0.0238572559267015,0.1121074762893632,0.0500382963963546,0.0073316469896069,0.1100233448785903,0.0209998885727709,0.0352422240165197,0.0173677029407859,-0.0285458572294361,0.0527300333571998,0.0233817961053848,0.1600577784617094,0.0460455758940865,-0.1153778312837776,-0.0396976484737611,-0.0003387915276056,0.0035339167216406,0.0564851873299718,-0.0198152537272973,0.0854385966056276,-0.0083402354709771,0.1098334592827623,-0.0035682880684583,0.086468114020596,0.1130829704476339,0.032224105429409,-0.1441820732483829,0.103156254491848,0.1065297977332451,0.0997747721213093,0.0601488251953563,0.0513539958795665,0.1578687913544807,0.0057657682125042,0.1101222377474366,0.2786242835152457,0.0776095922162163,0.051859676728607,-0.1890142218468077,-0.0583943935365723,0.0921515488116184,-0.0071469225904315,0.0146530028724203,0.1306840891267358,-0.0070392291602795,-0.0098332721334242,0.0668483442730993,target,2047,35,219.49270244729388,0.0984082355692932,0.1023020934473305,0.0141918658222238,1.0334592769529405,1.074351622231914,0.1490395118498104,1.0334592769529405,1925,0.3740061902482492,5,0.0396223026503408,0.0959208903296098,0.0033990942303483,0.0,-0.6642058345130957,-0.290199644264845,1.335691871332309,0.1334737057010914,197.4091949132391,180.79992889743664,219.49270244729388,3.505381637878218,-0.0420748637077692,0.0213975217896629,0.0176259803674006,-0.1435794447927754,0.5552497249632238,0.0025163842873705,1.0,0.0061828038625302,2024-09-17,44.0,19,0.0360210545822874,0.0751669312258851,False,False,False,0.0555555555555555,1.0,0.0555555555555555,-0.0116051884165888,0.2790426867004408
IEX,Falling Wedge,bullish,1,0.7099659047993817,3,35,2095,2096,2025-01-16,2025,2,215.1441113341908,201.208860611662,233.57293312034176,197.02091719014183,1.2273975684517393,0.0692576394507009,True,-0.0001364201021806,-0.0185799096776134,0.0332239109166447,0.003641043733396,0.0147255324314732,-0.0111892590229796,0.0031703009798553,-0.0299630144036162,-0.0193303827619558,0.0143434220945213,0.0502358278241863,0.0207513955627531,-0.0250980010424135,0.0269879020207124,0.0006280602676982,-0.114092368897831,0.034225923750575,0.0114920229313655,-0.0621688117053161,0.008585218625349,-0.0038841496960585,-0.0076361459488676,0.0024311585148447,0.019590758927017,0.0114494032543521,-0.0308725915758332,0.0001822053144331,0.0017056347389678,0.0088635438879414,-0.145005115915379,-0.0362650059547086,0.0171653743159647,0.0255785858209074,-0.0619397764026469,-0.0876203110713527,-0.045991728945957,0.0505701867169661,-0.0420279429255648,0.1107280737550344,-0.0233888699299418,0.0428534512359086,-0.0156022815655321,0.0044723464931131,-0.0386561996606451,0.0379973814742766,0.0309534109367193,-0.1126818463637517,-0.1340232238242553,-0.0013849618808268,-0.0432525686546542,0.0688818580687316,0.049564726202945,-0.0573242390774422,0.0095720549795366,-0.0156577516482598,0.040920243280627,0.0495189146678487,-0.0222171409030875,-0.0481103485610573,-0.0461879306768394,-0.0272807650869512,0.0243403524385705,-0.0988357133550591,-0.0354961205867118,-0.0202443116989706,0.0047884495832875,0.0746088709259773,0.0431530747303507,-0.1101496810011525,-0.1609546287048222,-0.1110182179694269,-0.0381893304254205,-0.0107980901549029,0.0724131752382872,0.0940204271929019,0.0941905654810955,-0.0174663954840458,-0.0647726034511162,0.1653660554157277,0.0680436273354045,-0.1031153188485515,0.1329411271522651,-0.0354514730652182,0.0242675772660716,0.0058568824757192,-0.0339826233058755,-0.1029958936969179,-0.055934197702252,0.0307493654991617,0.1689844722455147,-0.0143274880789465,-0.1799446217592673,-0.2279091766106618,-0.1337349983613655,-0.1360878782507403,0.0476089340093819,0.1220508912076072,-0.0871888062459358,0.0767742079376962,-0.1307732164822228,0.0579344876419296,0.1564798250732346,0.0563052258583671,-0.0762905950824047,-0.1684914501751256,0.1105931697752791,0.1023081762826425,0.0856905232522182,-0.0880871495238032,0.0963148617961469,-0.3327433285835132,-0.057928983379479,-0.1042018727833922,0.0111295641058823,-0.2149790059323502,stop,2108,13,197.02091719014183,-0.0842374631202318,0.0274998737262756,0.1099545263452445,-1.0,0.3264565753484905,1.305292470504565,1.01686389494439,2058,0.7677394473927739,7,0.1210408660446712,0.0616598939903669,0.1354087805809616,0.0285714285714285,-1.574092320743714,-0.8063528733509447,0.2653102230548809,0.0918331423704337,201.208860611662,197.02091719014183,233.57293312034176,3.956389586645774,0.0257850939155446,-0.0190236864366477,0.018679876277506,0.0355894300238879,0.859601259181538,0.0041950574655256,1.0,-0.021685822118629,2025-01-16,38.0,11,0.0294467131440487,0.026261663186387,False,False,False,0.2,3.0,0.3,-0.0020242809334152,0.1982331087081691
IEX,Falling Wedge,bullish,1,0.6170966603174587,3,42,2136,2137,2025-03-18,2025,2,180.94598494866764,174.9753562598985,240.02914846717889,174.57673528187274,0.924448889444514,0.0341226834246344,True,-0.0035671589964529,-0.029083066489256,0.1524531321963504,0.0093054557751111,-0.0236454099753845,0.0171831798833494,0.1042388244709264,0.0348420849235653,0.0229523192839025,0.0186430310833667,-0.0343108130247056,-0.0019629632542211,0.0009734974650827,-0.0375276384762125,-0.0061668801730518,-0.0256694751596761,0.0092741159918177,-0.0043508406365913,-0.0068864313037741,-0.0161217788848699,-0.0152413398112429,0.0074051111575172,-0.0138365180730159,-0.0209695637227319,-0.0206630611683206,0.0333290936521226,-0.0275735613215796,0.0759872617737007,0.0041630067767715,-0.0076704386962382,-0.0605739774659639,-0.0150299768493606,0.0540758397907679,-0.011153113400364,0.0130751178527104,0.0434965853684685,0.0097607114887432,0.0218881949621394,0.0016616027314604,-0.0107290622988915,-0.0066085159775836,0.0230709498789443,0.0065186363059177,-0.0293271427919883,0.0061213388801266,-0.0271936912557271,-0.0956063041272822,-0.0536704291810581,0.0419975914678101,0.0274808913190109,0.0710492347021103,0.0233140550557853,0.0812358030709272,0.0454712108321251,-0.0190356600570466,0.0457253260787258,-0.0197783895924722,0.0364880099716999,0.0730586647471875,0.0836527464606888,-0.0032294621357493,-0.0534861266981016,0.0117902808201368,0.0644098323886961,-0.0440190562683886,0.0078163132966389,0.0343783957834498,0.0460136014667689,-0.1233229672627824,0.0185915904463793,-0.0285409935095679,0.0597248216126766,0.0738026368200912,-0.0457860917699819,-0.0649435853378351,0.0931231423286242,-0.1223816346989675,-0.0309304813582212,0.0287653233185207,-0.1171424454855865,0.0640333871383658,0.0602498226081993,0.0898988688207513,0.1309500143011468,0.04513321239682,-0.1470555679962801,0.0907200524370079,-0.0091656579976273,0.0376158378680588,-0.0141081375675685,0.1468203877789653,0.0001253951855213,-0.0099362741809621,-0.0858672686517818,0.1012182980218505,0.1642392989053553,0.0074512393958119,0.0370911159075608,0.0319907491625688,0.0494006175893364,0.0699685024408056,0.0363708950525771,0.0777613693643739,0.1724843367551451,-0.0536382210534692,0.0980555397138485,0.0333098735680577,-0.0466715687604928,-0.0536382210534692,0.0411376355403672,-0.1200922866407304,0.0626468001890701,0.1831175767512418,0.1415044560528846,-0.0616216745260968,stop,2145,9,174.57673528187274,-0.0351997291821744,0.0142138905235056,0.046695122979312,-1.0,0.403806814817876,1.3265761999941494,9.276314575409437,2092,0.966529058117616,7,0.1043170675817862,-0.0841981705617018,0.1244250615768982,0.0,-1.5767155227326963,-0.6101864646150809,0.0099959933865561,0.1967193957989414,174.9753562598985,174.57673528187274,240.02914846717889,4.712214776556972,-0.1054596966229757,-0.084400590866167,0.0260999419969557,-0.0698603178835685,0.9366516149522816,-0.0015167510068651,0.0,-0.0825360676896018,2025-03-18,38.0,11,0.0134657318736857,-0.0135908850533962,False,False,False,0.1,1.0,0.1,-0.0166068363444321,0.048314475760144
IEX,Falling Wedge,bullish,1,0.6639916804164618,3,18,2310,2311,2025-11-24,2025,1,169.51659230749834,163.67006869220222,180.30706381611756,159.13580949202958,1.4136224437961713,0.035721397699729,True,0.022183262161795,0.002889914044686,-0.0019629632542211,0.013789299360748,0.0268466511788072,0.0007257247153709,-0.0209807872712771,0.0077267535687459,-0.1003998438539447,-0.0574721986526276,-0.0194582986182064,-0.0074464557696238,0.0067880187514381,0.0012549287748182,0.0224887096386836,0.0583853704472325,-0.0347486877778424,0.0156439559728251,-0.0124091608727696,-0.0093675832442362,0.0315778002511952,0.0141985959724046,0.0254242706959189,0.0128429168639891,-0.0087086372493112,0.1191635000713735,-0.0291233675563807,-0.0149300744016466,-0.0209695637227319,0.0435062544106568,0.0251968589341646,0.0122779977773415,-0.0405416488647462,0.0617704039106887,0.0418596715272836,0.0618913044793278,-0.0123659103696581,0.0451969284340871,0.0140841588876647,-0.0500311879253212,-0.120989928946612,0.0578412068731231,0.0497870027267235,0.0310704337613687,-0.0454865714790999,0.0013825434376088,0.0527728345033053,0.0208225800252304,0.0006198364837246,0.0106067954479784,0.0379151654850196,0.0441874463317346,-0.0839177476601257,-0.0537558297673627,-0.0085164647623517,-0.1116146977345263,-0.0689980469981633,0.005865843979627,-0.1526135609636213,0.074088153014094,-0.0642644970923607,0.1166676322157305,0.1017293086228166,0.0386013018522879,0.021175689195088,-0.0600567112433759,0.0921828895799785,0.0849626609044182,0.0515295761587748,0.1440891434609674,0.1102339332256812,0.1505927876284538,0.0603662246285625,0.0917000184175225,0.0110871209684999,0.0428888167184802,0.0520761967601892,0.1015339493222533,0.083533787109675,0.033681872166305,-0.1125700548657766,-0.06343217953763,-0.0418944816749873,-0.1184405212476834,0.0158543777062076,-0.1940892613515898,0.0281755048223109,0.0229933635241939,0.0088668936354485,0.1221588410474647,0.0305279229833643,0.1278085845229042,0.2107646050900913,0.18716939065727,0.1996767096750471,0.0547223753708221,-0.0314390449020098,-0.0310632141596131,0.0743072821403991,0.1511916111723636,0.0361506231575117,-0.0410984454590519,0.1133743769303845,0.1048549621696388,-0.0360541536267298,0.1432856136111571,-0.0271193013561401,-0.0679665583030837,-0.0641811170790251,0.0579344876419296,-0.0798774135255472,0.2144533428018509,0.0207400485738373,0.1303394209327686,0.1646530248017658,target,2323,13,180.30706381611756,0.0636543677626881,0.0685930671159635,0.0011675244873273,1.0394660692197448,1.120114272701176,0.0190654959308442,1.0394660692197448,2291,0.63424031995574,5,0.1012878358954103,0.0301533718983102,-0.3088018878321696,0.0,-0.934350422554466,-0.3001101025987269,0.4015017035670907,0.0958012946725761,163.67006869220222,159.13580949202958,180.30706381611756,3.4501320648933835,-0.0195640999626024,0.0287673675444972,0.0205192724727553,-0.0662500055079536,0.4323151960980348,-0.0046879671220994,1.0,-0.024093731302856,2025-11-24,38.0,11,0.0103137185192563,0.0110345821294368,False,False,False,0.2,0.0,0.0,0.0324727244925227,1.0533791788245723
ITW,Falling Wedge,bullish,1,0.6003217149433965,3,34,746,747,2019-09-05,2019,0,128.99870741549697,126.76640486054372,137.10894830757184,120.3869149600138,1.0955754601547565,0.0176095753240694,True,0.0492287428538082,0.0387651526502472,-0.0120078479138346,0.0206907008839123,0.019960424866547,-0.0317305750577887,-0.000588675170688,-0.0127454543714561,0.0412902213175028,0.0239707742347359,0.0190798172106871,0.0458855681063608,-0.0113502047306456,0.0021500885799874,-0.0583636896200963,0.0059306812798765,-0.047943806071208,0.0205264097843043,-0.0377496476905303,0.0185686045533104,-0.0164683314802023,-0.0496804104267443,0.0522575104396067,0.0231043696449981,0.0133449576089903,-0.0341345889003793,0.0075162349151116,0.0025835440680237,0.0134239370706601,-0.0517959667216267,-0.0096620717870408,-0.0083873219287259,0.013456023638823,0.0413253940739584,-0.0157369763887592,-4.889019855625065e-09,0.0545992146347897,-0.042404359221043,0.0017781500640203,3.9397895482240486e-05,-0.036837570697018,-0.0258010156526248,0.051331195747446,-0.0069996321118477,0.0183662490748186,0.0244713780007457,-0.0097186790832122,0.0117755396309011,-0.0509945946131515,0.0204528298650437,0.0358804071702163,0.0670645305761126,0.0477357907385009,-0.0250645215582997,-0.0223308960147151,0.0954578254231506,-0.090281414428018,0.0555822052083705,0.0625867348872732,-0.0014873277549423,0.0190577930741586,0.0290390388601182,0.0024562009772037,-0.0166091657525304,-0.0198278642993932,-0.0147370204295128,0.0492330710755011,0.0126936954069818,-0.0225140450038156,0.1142062857370154,0.0922032195317783,0.0808189830915289,0.0987470018923093,-0.0555686615975431,0.0084652526680455,-0.0167586310593841,-0.0546261929197606,-0.023671879248227,0.0765186278705614,0.0470879345750674,-0.0548449350792991,0.0684006862891652,-0.0501561136730253,0.1095892635359785,0.12013145881709,0.0294395780138214,0.1321874840729879,0.0334958169229422,0.0708311074976222,0.1182994642918389,0.1049631894061595,0.0720388139686214,0.1522107506940015,0.0932128252048272,0.0919421197524752,0.0872987199513846,0.0815069350231239,-0.0683973698185812,0.0926324158625773,0.0326415786839269,0.0824715628390888,-0.2037611949418654,-0.1007801229177188,0.0524177530087126,-0.0076729510409111,0.0517021429659896,-0.0295753495811255,0.0705905117574652,-0.1039529590158035,0.0924043806710506,-0.0675857577281375,-0.1369424282985294,0.0692209230032787,-0.1509743483165683,0.1554514226010099,target,779,33,137.10894830757184,0.0628707144014417,0.0716421644711041,0.0347021892670148,0.9417599104947124,1.073150178780331,0.5198148449435307,0.9417599104947124,712,0.3774271291905688,7,0.1518176019372243,0.0199679488397015,-0.3186498270321167,0.0,-0.7709119021032127,-0.3934847729126423,1.2598830621948276,0.0900964164325162,126.76640486054372,120.3869149600138,137.10894830757184,2.9012565910514394,0.0607822746095114,0.0080897946112485,0.0226197576800287,0.091104103714432,0.7791853205892781,0.013284541901926,1.0,0.0342052890120625,2019-09-05,22.0,16,0.0485580804408078,0.0452132310087809,False,False,False,0.1333333333333333,3.0,0.2,-0.0003993820927147,-0.3832398617772721
ITW,Falling Wedge,bullish,1,0.6889167653618593,3,27,1079,1080,2020-12-30,2020,0,177.5187019679484,177.05912135014876,189.9359038057605,172.84335949820596,0.5866493161551385,0.0025956336747587,True,0.0370703393629132,0.0173814481929019,-0.052226257563388,-0.0327112312480869,0.0069232470020097,-0.0021654878530853,-0.0120248354772878,0.0174252063782243,-0.0148946252367517,0.0045966661057745,0.0143130459773102,-0.024571597659505,0.0480755708366111,-0.0011748308765533,-0.0034403410973555,0.0032651396922513,-0.0173601972931436,0.035039758106468,0.0203242681261908,-0.0223735676939765,0.0155674610333149,0.0457292742946926,0.0356545060852275,0.0179900949594917,2.25692111928133e-05,-0.0078827512763467,-0.0111470219101461,0.009272948700931,-0.0098519132162352,-0.0181940966930681,0.0197386311267506,-0.0074680487553913,-0.0007001619577357,0.0071117263015085,-0.0040003225750936,-0.018588691254725,-0.0111470219101461,0.0222268760625279,-0.038194621577929,-0.044734202969946,0.0220172006014878,-0.0252071155044373,0.0273300340356981,0.041304450291639,0.0299735725827123,0.018897121454389,-0.0375159611792492,-0.0329162907746467,0.0055836295170226,0.0335823419411669,0.0209045744894993,0.029168932080853,-0.0542347273529231,0.0555822052083705,-0.0217813848269786,0.0466055100399644,0.015943604748916,-0.0046572558215157,0.0480854837332274,-0.0597555151463679,-0.040773702695907,0.0372584582068018,0.0513459877530451,0.0739180286489085,0.0545300572637756,0.0092548760393371,-0.043519786501017,0.0742073411496397,-0.0540783941030402,0.0230947610933072,-0.0247829916927082,0.0295758108881234,0.0364126489973899,-0.0271926431746535,0.0123170390362539,0.0426928173445246,-0.0224581678685511,0.0279183661050828,-0.0247088164645654,-0.0609636316238306,0.0424514805554103,-0.0914207544332669,0.0605160446229648,0.1632398449598524,0.1115024392440542,0.1563363736497891,-0.0509605357452968,-0.0355651188834912,0.1173724732442067,-0.0469988658613177,-0.0435663895383535,0.0032697403405909,0.1238973691912537,0.055856691789637,0.0278807391505588,0.1609363349674055,0.0652129555541682,0.1190314342041871,0.1467922474884417,0.0233395969961858,0.119043735338544,-0.1066294379878859,0.041795346234789,0.1041901404352982,0.0506790486579735,0.0741958554601254,0.0049285385675528,0.0851548336393082,-0.0710253861668056,0.0579319432178655,0.0677328798941714,0.0869366361888213,0.2383296135997221,0.0567379419074463,0.05623761932386,stop,1097,18,172.84335949820596,-0.0263371826061831,0.0501536728839877,0.0440576832187058,-1.0,1.9042914966999316,1.6728320518369586,2.6558913958010333,1052,0.5215567780164378,7,0.0999190622825118,0.0209228834230092,-0.1987796525745595,0.0,-0.7826111128563213,-0.2610543348398844,0.4912619499180656,0.0707112777819421,177.05912135014876,172.84335949820596,189.9359038057605,3.430295636621454,0.1145036192865027,-0.0100287211075338,0.0192862959905143,0.1860243823620626,0.805652757633428,0.0037136275558009,1.0,0.0206427368931163,2020-12-30,22.0,14,0.3659397145613152,0.2320686887262715,False,False,False,0.0,2.0,0.1538461538461538,-0.0396113951458029,-1.2148594159290762
ITW,Falling Wedge,bullish,1,0.821003382826347,5,62,1420,1421,2022-05-09,2022,3,191.0919779610289,183.93371816576268,221.50649395584745,175.68591753372692,1.5650604204456828,0.0389176050299551,True,-0.0211768997036803,-0.0102990332112953,-0.0127215450180839,-0.0495799840451516,-0.0269520085653148,0.0100475464103375,0.0264199418790154,-0.047943806071208,0.0066274060572975,-0.0101573659051408,0.1235840083478996,0.0121581114913797,0.0239584261566132,-0.0033838066763463,-0.0130337186628206,-0.003712431270755,0.0443699486284856,0.0354660269707398,0.0263004133304962,0.003161771700578,0.0134663223665878,0.0136749053792915,-0.0297644078288753,-0.04282668460763,-0.0241118039930159,-0.0350172860247703,0.0007850333878629,0.0159857985013311,0.0419685444058028,-0.0469922829034509,-0.0190515917250509,-0.0070388784354392,0.0382215053676227,-0.0074748540184388,-0.0212080967596939,-0.0081833495100382,-0.0425086878982856,0.0446754886024449,-0.0192073871006797,0.0103241209170366,0.0106845829598416,0.0314706958265837,-0.0038988297181397,-0.0049462574630894,0.0079719514578961,-0.0421546956010973,-0.0066651102636384,-0.0344779096706356,0.0188714057187548,0.0204528298650437,-0.0166089170764486,-0.0237387421203495,0.0130885815688295,0.0565103077575313,-0.0233770697516312,0.029168932080853,-0.0030480500270075,-0.0229886844698712,0.0317761533350242,0.1023372394349406,-0.0171479919701049,0.0100939911128812,0.0564449266511761,-0.0050913288093299,0.0370500683292904,0.0132648718648318,-0.0185601094038866,-0.0288569163248212,-0.0181471851519237,-0.1165870623581114,-0.0824213350601132,0.0713738503141012,0.0707173855652327,0.0347781174278487,-0.0553432007761215,0.1351342911131499,0.0410795138165525,0.1519445881276608,0.0319093717415923,0.0538838554079843,0.207512476542053,0.0896823911839865,-0.0623306826078289,0.0985797974231006,0.0291581413998527,0.019696259271499,-0.0365143706440145,0.1100057839875097,0.0354512092047134,0.0480888821040375,-0.0675057252959479,-0.1669521591234596,-0.0034244577678083,-0.0317791439235594,-0.0889373967972689,0.0026237226323595,-0.0825360021435906,0.0620081551945619,0.1450209053462303,-0.0509064268365004,0.0316621283689095,0.1981329358921784,0.1055023633832257,-0.0044792997938731,-0.0546215970547619,0.016609075776157,0.0446253619697358,0.0402519975112942,-0.1315139832952458,0.1620453202657601,0.0807334459879791,0.1213203820216362,-0.0207650897268314,0.0919421197524752,-0.0368603636905298,stop,1444,24,175.68591753372692,-0.0806211783021256,0.0042545362649297,0.1138736125274026,-1.0,0.0527719434834597,1.4124528433541912,1.9741916590771755,1355,0.7475800683653636,6,0.0330706312828412,0.0394012452205134,-0.1275760080000371,0.0,-1.0029452504756249,-0.2553651821102594,0.2944993806481542,0.1671590281857473,183.93371816576268,175.68591753372692,221.50649395584745,5.800445384261179,-0.0577129832200052,0.0136489580048366,0.0306600057009281,-0.0957373580427285,0.5592932877459567,-0.0104172505852478,0.0,-0.1103735764170884,2022-05-09,3.0,13,-0.1266863422774983,-0.0815264560911736,True,False,False,0.5833333333333334,1.0,0.0833333333333333,0.0653103510341548,2.0678900154552147
ITW,Falling Wedge,bullish,1,0.6510009855528431,5,43,1534,1535,2022-10-20,2022,3,173.53852692245047,174.39607618503055,198.97036393981068,163.00410287988743,1.1471197152404475,-0.0049172509000158,True,0.0915519375836728,0.0508530850321862,0.0290533380411297,-0.0077326326790315,0.0120326268752071,0.045363503563053,-0.0164683314802023,0.0206372885877146,0.0264498752642377,-0.0529396614710767,-0.0031751498600094,-0.0044363223016472,-0.0300537705299976,-0.0153645887187573,0.0027795042698399,-0.0662532835452579,-0.0024042047884201,-0.0630101308561499,-0.0466895878371621,-0.0047800752826882,0.002655348151924,0.0081178926751499,0.0998628556797801,0.1133978483734339,0.0972662181580501,-0.0068454599460961,-0.0133094577671259,0.0235856493611905,0.0969500954360995,0.0078176973890544,0.093558296651508,-0.0082384333541357,-0.0399362384352645,0.0031328411484061,-0.0342752982089903,0.0142098646787154,0.0073482517017582,-0.0295880109540057,0.0859386961720478,-0.0041120646385404,-0.0894748653790378,0.0082829750117257,0.0021460218896351,0.0298990338151177,0.0094213304858692,0.1055723021205373,0.1949238569968971,0.1151694742580351,0.0797460202630653,0.0130493847448376,-0.0310460317565643,0.0451562475658338,-0.0138097283130927,0.0750200595108792,0.0130750457761379,0.0019713266780219,0.1254452611563687,0.0487000362457659,-0.013197973116087,-0.0039719030014574,-0.005997110145641,0.0054726307310932,-0.0517479317422918,-0.0789818213253987,-0.0124893821578914,0.1980422251679285,0.0364990709545363,0.0670402717276497,0.1700250720487125,0.1439501530815077,0.0894202788267146,0.0128840657502093,0.0529933603735643,0.0415666366309408,-0.01980365248464,-0.0531150623071682,0.0320481473080844,-0.0379440858350078,0.0450933197458047,0.0089541483659549,-0.0051632375036498,-0.0851045110649251,0.0730708362253909,-0.0350850865829328,-0.0589234819098372,-0.017095789498789,0.0608301521388507,-0.0895152108129333,0.1559828554374602,0.1260905683645343,0.1412613642759532,0.1264988862506644,0.209233951159691,0.1320877255191241,0.0436386209748262,-0.1415647428762217,0.1652626390033575,-0.0671844276803605,0.0854060651944221,0.0226239491926385,0.0419852677435559,0.0208738078889054,-0.0994429307190506,0.1168836197609901,0.0652789410655512,-0.0270061795253182,0.0546789902511277,-0.0516896158429338,-0.1018396467997428,0.0347220569469499,0.0414268962238826,0.0441768104098887,-0.0294090169343913,0.1344621040955518,0.1915697907410095,target,1549,15,198.97036393981068,0.1465486510020048,0.1851617926244159,0.0034298660510008,2.414164923929972,3.0502573851720074,0.0565017982594138,2.414164923929972,1488,0.39568789539364,6,0.110203837695148,0.2196061797204072,0.0560908224555636,0.0238095238095238,-1.2032638294522386,-0.8075759340586012,1.4096981059895073,0.0986554487080966,174.39607618503055,163.00410287988743,198.97036393981068,5.123466752067945,-0.0683618093762301,-0.0366782378398851,0.0296063143389975,-0.080224774212845,0.1954261822357698,-0.0005210948545274,0.0,-0.0235421949810624,2022-10-20,3.0,13,-0.0787987307788832,-0.0321553765853513,False,False,False,0.5833333333333334,0.0,0.0,-0.0099367045606244,-0.1440242044347116
ITW,Falling Wedge,bullish,1,0.7884254036468061,5,64,1775,1776,2023-10-06,2023,0,219.0672870675549,218.80228015203227,255.0778750655378,211.37610427151972,1.1342685370741483,0.0012111707215229,True,-0.0100067416171421,-0.0191746091883124,0.004587704007533,-0.0251746791468608,-0.013725582501726,-0.0281377395757626,0.0250443490187295,-0.0261228158638814,-0.0157680687027369,0.0141468459368951,0.011050150554398,0.0915519375836728,-0.010098825215041,0.0380998616232248,-0.0011748308765533,-0.0464032604764343,-0.0319946427173045,0.0014914268569268,0.038440774323968,-0.0251600824315383,0.0200153358804937,-0.0009233173375595,-0.0109939686641642,-0.0439617464273263,-0.0290172985020971,0.0085643057015922,0.0309058451007682,0.0380668874487641,-0.0278035568446567,-0.0111470219101461,0.0139266884086428,-0.000300371344228,0.0553702982960675,-0.015457355246024,0.0928641684013642,0.0794743033563545,-0.0223607886340231,0.1161536847711373,0.0209080387745723,-0.0159466079024536,0.0265569527798161,-0.0497353251375877,0.0531012608931722,0.0300938981367353,-0.0023851266589194,-0.0650042553468737,-0.0031216388642838,-0.0197503058032104,0.0273947704229831,0.0196515308682811,-0.0262902868514929,0.0376731982365612,0.1348631188645235,0.0559182583038091,-0.0454598002598206,-0.0129138381799845,0.0498383693944335,0.0268871956313205,0.0627016276609473,-0.0495963641973317,0.0430775442314321,0.0787020869839167,-0.0171802750902393,-0.0904511174309155,0.0805118270705302,0.0466055100399644,0.0534525778109988,-0.3156319648165211,-0.0111093372989536,0.0587154270565031,-0.0093655292350183,0.0262263894129555,-0.0207149910670734,-0.0092501549446467,-0.0496894963011481,0.0199541684621078,-0.0488237234217715,-0.0427294510213784,0.0664969667805632,0.169913894143,0.0250814315052161,-0.05718082621067,-0.0663662018343588,0.0154216732744754,-0.0169226586343264,-0.0263233714252578,0.051753368627355,0.0358343879267608,-0.0667108414998659,-0.0334494764983676,-0.0424373641313962,0.0622112408993944,0.1104977410067282,0.0096728214810146,-0.0876487845904417,-0.0634450362400272,-0.0294737512287148,-0.0303599394927369,-0.0476283909683293,-0.1271566054485789,-0.0740196416007481,0.1096173272661096,0.065284097254191,0.0614439462775555,0.0447070161972258,0.1180836512125018,-0.0129840481670762,0.0300907016531901,-0.1075724760976376,-0.003356981447676,0.1169539855140984,-0.0405159092731209,0.187004703990574,0.0297737719638444,0.1035578591680181,stop,1783,8,211.37610427151972,-0.0351087690863829,0.015951061501174,0.0370339257800389,-1.0,0.4543326899877185,1.0548340697709806,4.682061128042174,1711,0.6865283669817555,5,0.0035304902611884,0.0600025975119598,-0.2193306284168619,0.0,-1.07330247510294,-0.3867741081211853,0.3200474205956389,0.1349131631793501,218.80228015203227,211.37610427151972,255.0778750655378,3.706478096944827,0.0053286749256391,-0.0160033579434886,0.0168322593480417,0.0440491246453991,0.7107948859787028,-0.0038224424380065,1.0,-0.0324673634867794,2023-10-06,21.0,13,0.0787727024621616,0.0093810258032245,False,False,False,0.1666666666666666,1.0,0.0833333333333333,0.028231610408609,1.0261638574710263
ITW,Falling Wedge,bullish,1,0.8359464670325659,5,74,1953,1954,2024-06-24,2024,3,228.6757752284329,225.920725122412,262.61205660074813,219.0298122693937,0.797933938357326,0.0121947647987057,True,-0.0278458431083135,-0.0303276013884541,0.0031545140461239,0.0117111698240461,-0.0097152903075902,-0.0124465331819202,-0.0113247164145419,0.0088122891961388,0.0440250357460967,0.0312547263845415,-0.0119804929154305,0.0063829403983559,-0.0388890060310934,0.006549796322792,0.0230725624640917,0.0207678321996405,-0.0206749572256202,-0.0017070080069905,0.0037521270969196,-0.0033838066763463,0.0160808724966952,0.0110430854296352,-0.0316701001505907,-0.0251385390748435,-0.0468851867849353,-0.026884082183038,0.0144286933621589,0.0568036421477595,-0.0462246180474714,-0.0168720515072092,-0.0064617881322948,0.0279740629314506,0.0193488508033581,0.0289849708128013,0.07022655073988,0.0224090810212003,-0.0028257887312189,-0.0469922829034509,-0.0017855729597496,-0.046786148641195,0.0837774350545326,-0.0781094846427483,-0.017013624569822,0.0904160483943783,-0.012102712997949,-0.0307540980724121,0.0123465418134918,-0.005650199051165,0.0538176422330236,-0.0356262038078021,-0.0349330881700796,-0.0398702255611665,-0.0548297828934799,-0.0049425834508296,-0.0310512407061419,0.0113767317867767,0.0688882603975262,-0.0009915638477338,-0.0516794827805838,-0.0224779567604386,-0.0188429076117153,0.0580664701890587,0.0250918938122055,0.0125035654508072,-0.0377544997845133,-0.0176813624712743,0.007888038658077,0.032777803498289,0.0163600664044915,0.0136792749971483,-0.0133616223389751,0.1209467225789133,0.0576785935188217,-0.0675057252959479,-0.0611057513622885,-0.015901886738238,0.0299286022553391,-0.0884325703807529,0.1247206165726078,0.0231207527871251,-0.0312856631806977,0.0089541483659549,-0.0003692111612413,-0.0773224698905475,0.0230947610933072,0.1587253747695516,0.0137690590072334,0.0143320134021813,-0.0114293759903071,-0.0240159456737507,0.0743272404944039,6.781073856498843e-05,0.0536217682765969,0.0216175190945171,0.1067469780585026,-0.0016873553037209,-0.0043733820314414,-0.0546988836509511,-0.0208620877601013,-0.0268109073761583,-0.116219134120509,0.1031924364579137,0.1004838415789073,-0.0557708106405991,0.1981329358921784,0.0575056888615748,0.0072878981306889,-0.0605818755281587,0.0736461430979111,0.0642031442698323,-0.0268109073761583,0.1507070483471961,0.0632378212443574,-0.030752968253808,0.0272929870817241,time,2013,60,240.93777465820312,0.0536217682765969,0.0761544026541435,0.0305114446562042,1.2712053199706208,1.8053839868496728,0.7233314382115232,3.518184914914437,1876,0.6917006682257605,7,0.0465330213626186,0.0896699619927321,-0.2733475179799187,0.0,-1.4976615710116137,-0.8059609027858511,0.4066387639449376,0.0976928057886213,225.920725122412,219.0298122693937,262.61205660074813,3.453186892038413,-0.0149040459585521,-0.00996295444694,0.0150341961749018,-0.04484866705483,0.6122928969002566,0.0040348624091897,1.0,0.0352326159951614,2024-06-24,44.0,19,0.1326393989782557,0.0896387309232713,False,False,False,0.1111111111111111,1.0,0.0555555555555555,0.020611788133364,1.1364364502535669
ITW,Falling Wedge,bullish,1,0.6061861549707146,3,12,2191,2192,2025-06-05,2025,2,240.9086161801844,236.85631671199644,246.33755238161396,232.37196193880584,0.7608189744106484,0.0171086822781059,True,-0.0100201542636471,-0.0185226159432627,-0.0067694884908996,-0.0443355790474226,0.0379677907592284,0.0360403495802588,0.022637970934116,0.0719442973929218,0.0119260333001915,0.0254307553606663,0.01418612718396,-0.0350490547792122,0.0046142921176746,0.0253759608552708,0.0267392474154335,-0.0419146304875936,0.0226819910253082,-0.038433213535633,0.0332772510898726,0.0286136881324721,0.0008007629763324,-0.0049814401263076,-0.019557809846479,-0.0317102316919186,-0.0273286624248986,0.0163609617026274,0.0335587880432068,0.050120854502814,0.022909649457171,0.0163059291472886,0.0184826144686482,-0.009392841217172,0.0095096171645228,0.113318392020036,-0.0501386938640618,-0.0857936674048154,0.0547603074026978,0.0308790582467397,0.0034161672077461,-0.0635058033993104,0.0246110956683711,-0.0030899235750817,0.0159121607749774,0.0245620202335556,0.0036426644473264,-0.043031699243283,0.0310233801920563,-0.0088238582418189,0.1090088252173573,0.0521594738887547,0.061994231025108,0.0368172135326998,0.0145801659786866,0.0462879787704237,-0.0776566187184953,0.0372699737117609,0.0204488173618968,-0.0299984549639006,-0.0626307463934445,-0.054186133438247,0.0047822217144242,0.1337942602683719,-0.0076793459110388,-0.0279760888899792,-0.0711275391627823,0.0509727420147276,-0.0196578927876149,0.0760044447849577,0.0163630037918729,0.0266508072237989,-0.0307706303003669,0.0432682943659823,-0.0191430044745463,-0.0112343003078129,0.061142793184298,0.075755044957662,0.0383469238010916,0.0877166307625678,0.0523596998270401,0.0432965110768797,0.0548133753488315,0.207512476542053,0.0426928173445246,0.087726510084388,0.1049703956171044,0.1896281972191447,0.0507195202915642,0.0325704512762796,-0.0334494764983676,0.0234481647664284,-0.0530292018780622,-0.0273047839415535,0.0617928407923524,-0.010874305423528,-0.0202919236459749,0.1316114511378954,0.0490375239817184,-0.1705423978130792,0.1025028502510991,0.0363296788387805,0.06374317148426,0.001591983557065,0.1467893939269438,-0.0386614602736037,0.0536217682765969,0.0093775445816111,0.0378588981543657,0.0015771768019814,-0.0377186618728117,-0.0184897064295054,0.0334023510459198,-0.0277929785972801,0.0466397560185178,-0.0612870649786133,0.0448278730700581,stop,2201,10,232.37196193880584,-0.0354352383768361,0.0057143389952755,0.0357745961124245,-1.0,0.1612614802955861,1.0095768435922323,0.6359559668136254,2177,0.5048373900000218,5,0.082478430933172,0.0790687572546577,0.1630243703854479,0.0,-0.8707273677516291,-0.3658899777516149,0.8157661948665312,0.0415211217895338,236.85631671199644,232.37196193880584,246.33755238161396,3.6887692774141465,-0.0265665838072265,0.0208272285897257,0.0154605980622073,-0.1056258772093893,0.2785706889880784,0.002312321540236,1.0,0.0568475098785892,2025-06-05,38.0,11,-0.0921375085678661,-0.0074173059862736,True,False,False,0.5,0.0,0.0,-0.0128678004203192,-0.7524725447967016
ITW,Falling Wedge,bullish,1,0.7687250227849619,8,77,2446,2447,2026-06-11,2026,5,255.1349466394265,248.43252459849805,299.0174752473142,239.46918672050936,0.7169221980272212,0.0269788428538513,True,0.028868601306673,0.0181306073083682,-0.0252607042522802,0.0227569047837592,-0.005619223049428,0.0239707742347359,0.0045796648350966,0.0210108914537432,0.0202895460732734,-0.0087548183052664,0.0037030228644956,0.0039117279050933,-0.0035294422322902,0.0440250357460967,0.0092071185902642,0.0222106177439744,-0.0036974736050037,0.0210121215166578,-0.0088627600972889,0.0517032117576334,0.011389007041848,-0.0274557645932266,0.0200391283860786,0.042971747950443,0.0562589831190387,-0.0802324423830077,0.0627374510183336,-0.0146043844890001,-0.0361483065578489,0.0102937893018641,0.0350331685592621,0.0178966475631627,-0.0267402526745155,0.0052233390682578,0.1465552664565008,0.0101661469852178,-0.0443825263956497,-0.0164814146478949,-0.0285594949190834,-0.0207246314673034,-0.0248295873406485,0.0372748290634494,0.0067804119187553,-0.0010538601942224,-0.01332172245845,0.041727626630084,0.0641427353489982,0.0501156635529733,0.0050199109633444,-0.0483182158888201,0.0166211805416724,0.0658264477210783,0.0340259836538083,0.0274557068607086,-0.0046572558215157,0.0593175140901829,0.0160568371364677,0.0006513918823509,0.0678082745871693,-0.0398702255611665,-0.0582447022381135,0.1484100253164926,0.1337942602683719,-0.0033406183339205,0.0515470858868229,-0.0188158413901992,0.0169640892004621,0.056050054119392,0.0378276401992688,0.1543694538635938,0.1080469971451014,-0.0223853307959099,-0.0408491310044765,-0.0218373333580472,0.1247206165726078,0.1136729712137614,0.0240957032174886,0.0493429508856062,0.0220374759992965,0.1038413885170501,0.0583234065836117,-0.0772026427895355,0.1322596227058914,-0.017557613954602,-0.0661387459373394,0.0377845653846289,0.0413370151328411,-0.0273413772008344,-0.0004578112833016,-0.0720977995574957,0.0101343319853994,0.1357853407477617,0.0531289655945748,0.0163760044352949,0.069292418652231,0.1418573414116704,0.033921360511631,-0.0524695845565759,-0.0109761145669409,0.0069082766790455,0.138122627632691,0.069937547547811,0.2181332848350723,0.1562922746088175,0.0031041741157342,-0.0443089026689585,0.0307187471997123,0.0506790486579735,2.04639403735829e-05,-0.051511793958016,-0.0406165780631063,0.041795346234789,0.0732359581505688,-0.0594230975682675,0.0143933256547619,target,2477,31,299.0174752473142,0.1719973260656659,0.18337380827107,0.009856626349887,2.801174589360172,2.9864537073501776,0.1605265145667459,2.801174589360172,2364,0.7361317098255329,6,0.0242158319675242,0.2123741875470211,0.0152976717122199,0.0133333333333333,-1.269272938056952,-0.5331412282314135,0.3055258294289869,0.1298997651869586,248.43252459849805,239.46918672050936,299.0174752473142,4.359315367836999,-0.0137908610486674,-0.0143373722956874,0.0172360570162205,0.044939187692365,0.7068641911000775,0.0029579736355607,1.0,-0.0061294618513026,2026-06-11,33.0,8,0.1888687729964688,0.108259694072041,False,False,False,0.0,0.0,0.0,-0.013631380167031,-0.118886348788304
IDXX,Falling Wedge,bullish,1,0.6323041359370167,8,110,585,586,2019-01-15,2019,4,196.0800018310547,191.111044357072,270.68865830151,173.68677569973863,0.886354002081005,0.0260003679572735,True,0.0283557604379478,0.0184643659605212,-0.0195988479478688,0.0125141988083508,0.0393746232565874,0.124867975680976,0.0134439507791284,-0.0055848501739407,0.0531137755103177,-0.0377730341819665,0.0116570973709619,0.0296305898418072,0.0047199710312426,-0.0478739710927109,0.0250627844902262,0.0393857892401396,0.0101903557711691,-0.0610521074461153,-0.0880733448289192,-0.0087820199819711,-0.0418365705182309,-0.026270962074899,0.0269999902612336,0.059159479479816,0.0332808134438564,0.0152980048354045,0.0068679397752604,0.126746158195661,-0.0074009537442363,-0.0568530642424441,-0.0467815577889177,-0.0459707522352172,0.0670578916052939,0.0299197171099903,0.0317116221283593,0.0035398835567361,0.0485266859509239,0.0088417233360511,-0.0603602989221602,0.0413275648341144,0.0520524137912818,-0.0254336929206554,-0.0409163659667759,0.0497511543369304,0.0051230868566258,0.0490071214552047,0.0729804030240852,0.0186927818683331,0.2199366932013893,0.0155378025073882,-0.0387610609952567,-0.0994274303433947,0.0320875221239957,-0.020067877871816,-0.032523461615504,0.0015371172928284,0.0957902646436934,0.0643120161530812,0.0803705871588995,0.0783961432881659,0.0324303904800555,-0.0247434234933661,0.0408626276116628,0.0734060127425235,0.0062750603524375,0.0062535489822679,-0.0598924862441195,-0.0896756254117109,0.0538751819959242,0.0754283616280055,-0.002515056442091,0.2648080978122737,-0.0761843410809068,0.0763288068110319,-0.1970241115008766,0.1729790266209132,0.0269442666642225,-0.2579054315583564,-0.0361079841661738,0.1800186031689574,-0.0184911885097522,-0.0796052416365826,0.1451815227573771,0.0645726685751084,0.3348476971466529,-0.146160225145137,-0.0430176935866893,-0.2816487841451699,-0.018298656779114,0.0575158486940852,0.1662272919500591,0.0586793530234094,0.1411668319935592,0.031327148424193,0.0835222363882361,-0.0619136826322127,0.1448327115607834,-0.0253861087121118,-0.0091064491572573,-0.1502960160465466,0.0067122578245601,0.1572386016855229,-0.0202743356931353,0.1173567288821095,0.1194864055418329,0.1940372125012981,0.1983467555740306,-0.16209937578736,-0.0166690356013476,-0.0094847024726694,0.2453080670898386,0.0979680523237531,-0.0883396369466421,-0.0785231661139083,0.1040310059831205,time,645,60,223.759994506836,0.1411668319935592,0.1677886249961964,0.0051509307293161,1.2360877576756073,1.4691940189214177,0.0451026797529409,3.331751130138323,471,0.5737404274623585,5,0.0145749311138985,0.2939017095178278,0.3093290606813359,0.0560747663551401,-1.7806766468962774,-1.20693621943392,0.679568525262386,0.1823606331784419,191.111044357072,173.68677569973863,270.68865830151,5.755000523158488,-0.0943090643597237,0.0091404667398673,0.0293607503925407,-0.1761516643605105,0.9514732560784096,0.0042152014334693,0.0,0.0053761818958335,2019-01-15,27.0,13,-0.0346440580664177,-0.0125819908943847,False,False,False,0.1666666666666666,0.0,0.0,0.0337903735341724,0.6238836823761111
IDXX,Falling Wedge,bullish,1,0.6939951973809187,3,17,1011,1012,2020-09-23,2020,2,363.1000061035156,361.2499796549482,426.7000257703999,347.3736362741949,1.1331402529920354,0.0051211807688804,True,0.0826493493351563,0.0400925723335234,0.0199100517927943,0.0096529250922225,-0.0216958877533874,-0.0050965597840776,0.0698227846149031,-0.0496969696969696,0.0203575029984885,-0.0562322800122372,0.0145702766252628,-0.0221761528065672,-0.0145481060191771,0.026192759318524,0.0094205258288322,0.0259752780273319,0.0203064242633355,-0.0316761197814157,0.029164673518379,0.0434636345836982,0.0356000939102081,0.0413410508876812,0.0744165540547648,0.0637014720297701,0.0028706332470058,0.0540341981157874,-0.0982441431679039,0.047027014430079,0.147605645264818,-0.0232530406064218,0.0155827049052901,-0.2129237664838313,-0.0394640949624957,0.0212351005940301,0.0373139071423072,-0.0214305124858933,0.0565854194509409,0.059516992594979,-0.0826619268949653,-0.0249306550927455,-0.0087563307289862,0.0240098758467484,0.0437345110745963,0.0979020603666027,-0.0155833740211894,0.0598364927626828,0.1559625555794344,0.0889988165100801,-0.0743601775326395,0.0029393179338044,0.0150030376574714,0.1059727627400868,0.0316705759466966,0.0247712974854519,0.1079774436240383,-0.0723869522035726,0.2199453247722445,-0.0036856593162646,0.1264278806729282,-0.1065577268264948,0.0033174873805659,-0.0334234730108198,-0.1236943248834024,0.0400340079403416,-0.013516961097592,0.0068554048327975,0.1619579258789489,-0.1061509769210092,0.1403077448257553,0.2229688518154344,0.1138222342008057,0.0012351466293296,-0.1006185469346828,-0.1551928618330247,0.017821450651078,0.1716498911230013,0.0390009653599179,0.0479443852154604,-0.0179062843322753,0.2003821859150132,0.3149986694732376,0.0058252032134911,0.1290879464011396,0.1130143626391748,0.111854484443034,0.0253939600248167,0.1807661741534276,-0.0142080478378811,-0.0142080478378811,-0.0132183557198438,0.0058252032134911,0.1704964576174332,0.315890883396883,0.1570587928710372,0.0174640532546321,0.1370982442583357,-0.1526445157266076,-0.0520821059343603,0.122054546083183,-0.0423091100162122,0.2679706004546149,0.1763750076293946,-0.1219041780934782,-0.0536478219145903,-0.0563457967293251,-0.0039112429730601,-0.1972016099960057,-0.2819539529480644,-0.2407882013931649,0.1795425246275086,-0.0479668789311449,-0.1872313948702221,-0.192164712216064,-0.0510387180704595,0.3549251465721375,target,1026,15,426.7000257703999,0.1751584097984084,0.186615197215748,0.0053153198659848,4.044164060564481,4.308685347187582,0.1227233428138589,4.044164060564481,992,0.676612342731947,5,0.0470293851808913,0.0520835767922016,0.2436903499469778,0.0,-1.2478600372995472,-0.5712476945675999,0.3910128609065382,0.1278808008802216,361.2499796549482,347.3736362741949,426.7000257703999,12.843564714704245,0.2070464118183201,-0.0280512870501435,0.0352971250365611,0.6985016215001139,0.1264250769264819,-0.0014661395910718,1.0,-0.0586669814996463,2020-09-23,56.0,13,0.3740860557122101,0.0805783905997716,False,False,False,0.0,0.0,0.0,-0.0400211919535683,-0.9231161900641852
IDXX,Falling Wedge,bullish,1,0.730616809606947,5,55,1537,1538,2022-10-25,2022,0,353.67999267578125,344.7499378690227,414.3409327478589,309.4398049476972,1.1807540566683694,0.0259029917799471,True,0.1166308551635093,0.1090318177111693,-0.0483223395448561,0.0184906604574377,0.0027678960984058,0.026355278809943,0.0261961347164101,0.0261961347164101,0.0184906604574377,0.0496448846145944,0.0840014913404103,-0.0093226945732695,0.0058642866399054,-0.0296482939220318,-0.0609316713700324,-0.020808528729343,0.0375598180095813,-0.0186242585176179,0.0841062584183234,0.0648204190603287,0.0534806404405765,-0.0110481026528792,0.1016674214400226,0.0826170601272577,0.0816214236450336,0.0327108328559546,0.2043925386522189,0.0053328456379779,0.0834559432337778,-0.0750399456842689,0.0133720751965293,0.1414809149290963,-0.0044247595559132,-0.0060761099620898,0.0187308747371004,0.1240796770051433,0.016849446088796,0.011315893576232,0.0737800292968751,-0.011868966887983,-0.0152953143420174,0.0528109552416837,0.0847933235279576,-0.0481819711578529,0.0537258202811894,0.0448198549937374,0.1652624220126932,0.1173614327491545,0.0423050671986471,-0.0469346372800164,0.0102368408230404,0.123651964448165,0.0169911588480333,0.113838155243185,-0.020530059308534,0.014838504031009,0.1854628554682658,0.0857575387665718,0.175151964766639,0.0287306625231102,0.0151026788884895,-0.0264499520614726,0.0158500139362043,-0.0318478570468183,-0.0226176550573659,0.0944408780599139,-0.0171381981987671,0.2888936139712259,0.1129757451117169,0.1820289703009288,0.1653014006229785,-0.0188508932950258,0.0054284081847826,-0.0291683966305548,-0.0214466614865781,0.0091658761358537,-0.0563148021431197,0.1164290415023587,-0.0124519463115746,-0.1647264654594821,0.2298698661930585,0.016527835212132,0.0651460196722122,0.0448089175546959,0.099118823831702,0.0443128783405457,0.0806272215684484,0.1130935691389629,0.1835340335145556,-0.1508535915540271,-0.0088713891270707,0.154760053058835,0.4027935561038349,0.3481589395036519,-0.4032193441480028,-0.0809584803155281,-0.0669621914530129,0.0498198539718033,0.1328080271360854,0.1739645937923017,0.3667042047205107,0.0546929861931919,-0.0167470147162522,0.1509232375055491,-0.1278861302321324,-0.1252155427204152,-0.0021842853260202,-0.1054164643381839,0.0628262667709553,-0.0869814247059346,0.1182194671581078,-0.0477123656555353,0.2199629496748798,0.2588861006724683,0.3765173339045932,target,1549,12,414.3409327478589,0.1715136318940313,0.1803608059995585,0.0040148805122204,1.3711727546212378,1.441901850349235,0.0320971266868027,1.3711727546212378,1482,0.4163396641869131,7,0.1256222020909667,0.1063992176562274,0.0404280440060706,0.0,-0.9711390618964296,-0.5547993977095186,1.1835318305939255,0.1600606321823663,344.7499378690227,309.4398049476972,414.3409327478589,14.15571594238282,-0.1630190867402106,0.017957209519188,0.0401751545258213,-0.2265563087369262,0.6275463387777573,0.0027251186720969,0.0,0.0592768459845991,2022-10-25,44.0,12,-0.1428297631855051,-0.1104575018282228,True,False,False,0.5454545454545454,3.0,0.2727272727272727,-0.0224658441705404,-0.0852143662991849
IDXX,Falling Wedge,bullish,1,0.6851819657479934,3,33,1777,1778,2023-10-10,2023,2,451.5899963378906,424.2385602678569,543.8399658203125,417.4885878635951,1.3907633405120845,0.0644718293706365,True,-0.0343231695247795,-0.0351952876391382,0.0199100517927943,0.0618031821795648,-0.0126339845155566,-0.0107247767605448,0.0878028852183243,-0.1340601151584926,0.0425886004439157,0.001006467424315,-0.0085568208846193,-0.0111714197465633,-0.0093306122511381,0.0248467456623107,0.0129272460937499,-0.0356485850877509,-0.0415939095757386,-0.0140169600883145,-0.0165096227794182,0.0004725249943904,-0.0091210729897301,-0.0233322329807531,-0.0305560490743167,-0.046103783283633,-0.0185350751330967,0.0105914690022652,0.0557730434433521,-0.0826413269176717,-0.0743614682672948,-0.028547426962949,0.1294024342084785,0.0105431212896767,-0.062088559341991,-0.0603602989221602,-0.0214305124858933,0.0279260044737845,-0.0093520548573392,0.037617903795277,-0.0467588137984495,0.0778018744088846,-0.0105100662555707,-0.017562020265777,0.115326740025544,0.0073306627007596,-0.1405334515173221,-0.0420121459714132,-0.064483259933418,-0.0674443456291037,-0.1015804051366305,-0.3316684651559801,-0.0397457414671603,-0.0195832347053094,0.076472634737799,0.2010620316516398,-0.0624130654676314,-0.0643952448692849,0.0172399215708378,0.0377352188024264,-0.0819037764162349,-0.0902824459307932,-0.0533763072174028,0.1062827926444631,-0.0479251292782001,-0.0158775485291773,-0.0983222404405874,-0.0533707286733583,0.0103832068568108,-0.0830298512618193,-0.0297683410191384,0.1549414331320791,0.1110520888799315,-0.0348652815265423,0.0303022580989222,0.0760224003791989,0.1728821497950896,-0.1045248202881883,0.1792087085229412,0.0020395704307702,-0.0348652815265423,-0.1603248348026589,0.1729790266209132,0.005349376403489,0.0700814500225706,-0.0292696840709499,0.1186799333475745,0.0736947690708145,0.2025549881451149,-0.0260923666810057,0.0974193450971292,-0.0558245079143873,-0.1642785236213396,0.1253829993569334,0.1899288950357895,0.1114763757229018,-0.1516323866069628,0.1182194671581078,-0.1182967753277266,-0.0995062704988476,0.2626306807409981,0.1482888709355183,0.2858726647433616,-0.0812741151326402,0.3281091308593751,0.2077404703128833,0.1288713768816118,-0.1169214918624331,0.0688654853455923,0.0602468420281419,0.0550662351932407,0.1989701908079242,0.2540187955692587,-0.0162505963528842,-0.2707551294443558,0.1452064164703592,0.1195554019447634,stop,1788,11,417.4885878635951,-0.0755140918772259,0.0114927312019617,0.0893288085764133,-1.0,0.1521931988621024,1.1829422344328528,2.705165962630448,1742,0.8713395111755666,5,0.0176797065113915,-0.018850659687978,0.0025711322925692,0.0,-1.7427760561362038,-0.871436544960641,0.1128807511422358,0.1380736258389031,424.2385602678569,417.4885878635951,543.8399658203125,10.699286324637283,-0.0639930842687289,-0.0534165149760145,0.0237392634454212,-0.057369318795427,0.8347717966683819,0.0105822332974139,1.0,-0.0222364748247425,2023-10-10,48.0,12,-0.0793144958362939,-0.0580742215115763,False,False,False,0.5454545454545454,2.0,0.1818181818181818,-0.0228037534658534,-0.773725064659975
IDXX,Falling Wedge,bullish,1,0.6598231722837193,8,132,2007,2008,2024-09-10,2024,0,494.8399963378906,489.2816649568852,581.3888665759744,444.39372479560825,1.2494757810861816,0.0113601873503583,True,0.0352235537190848,0.009034565099707,0.0010273344171323,0.056528933358777,-0.050643007735555,-0.0113148027267866,0.0235805673665239,-0.064659763611469,-0.0475479764155967,-0.0424120993558928,-0.0103350591720984,0.0017908026651547,-0.0243702349991001,0.031011693305736,0.0091837738060447,-0.0010197236257938,0.0590434019534638,0.0106750480021824,0.0405692844618132,-0.014563069940006,0.0488774812307084,-0.0481985924652978,0.0368623541930878,0.0233206867478876,-0.0210609660617242,0.0116456779824529,-0.046103783283633,-0.0883559584963794,0.0633354387376576,-0.0971672237436631,0.1593323018450576,-0.070116333475821,-0.0459430493757452,0.0133971631986642,0.0628156434237867,0.0211158550969503,-0.0247670197847369,0.0483435149625033,0.0299309508523815,0.0675572976271312,-0.0144821521268053,0.1342096980073557,0.0364003164235549,0.0420935056568281,-0.0540879693031726,0.0108629930366692,-0.039022709767802,-0.086822945549719,0.1028353504521619,-0.02131893102598,-0.0710516758781457,-0.0326697743530625,0.0696123669758848,-0.0227507882993562,-0.0386528834698239,0.0513054115108257,0.0715567938976686,-0.0193094334547104,0.0325262170083542,-0.0024622409005059,-0.0369417199824284,-0.0095080208545599,-0.024799125906889,0.1662947607391187,0.0366988698009091,-0.0473046898841857,-0.0470996695580112,0.0255516726341444,-0.0481483342403725,-0.1593646146939882,-0.2136179354010763,0.0337461452529803,-0.00490231059561,0.019544779684212,0.1019925276222808,-0.0125748669720967,0.0949903999214931,0.0830487744315697,0.0575158486940852,0.1380525942375399,-0.0572948648787943,-0.0175223017314567,0.2715531519080687,-0.0180557260697199,0.0827353271431159,0.0826493376551493,0.0095750419896525,0.1022169229358178,-0.0359620673417675,-0.0171301612348623,0.0999230712051928,-0.2100696958868307,-0.122079872502585,-0.2329305432659146,0.2510184350011653,0.1418391111691017,-0.0284421258223683,0.1666666421805172,-0.0729054943237799,0.2087652656076619,-0.049978424692095,0.1767381341437097,-0.0469775344614976,-0.2434239250292862,0.1423630011173944,-0.1718414784627806,-0.1287076175470525,-0.0885186327792434,0.1386216878602701,-0.0172931312472937,0.1054006449795261,-0.2072508359630265,0.3027067688844786,-0.0430420319297741,-0.1488667954368663,stop,2042,35,444.39372479560825,-0.1019446122294371,0.0722657414774309,0.1043569325701758,-1.0,0.7088725916656509,1.0236630488652945,1.7156643611518718,1875,0.4708498347196329,7,0.1816778301216419,0.2270696866943307,0.20950967111408,0.0084033613445378,-0.8681528979492775,-0.3973030632296445,0.8985658017097752,0.164409721699368,489.2816649568852,444.39372479560825,581.3888665759744,9.977144513811384,-0.0331944762980749,0.0329257680521237,0.0201172381656207,-0.0954933989617198,0.9464288842221666,0.0016030083264817,1.0,0.0291035474693621,2024-09-10,5.0,11,-0.0027118178628693,0.0178460439425405,False,False,False,0.5,0.0,0.0,0.0001693126439385,0.0044622563296203
IDXX,Falling Wedge,bullish,1,0.6448361622791424,3,22,2143,2144,2025-03-27,2025,0,422.5400085449219,418.15846705174863,465.9699056809386,402.9087701094775,1.3496004161346764,0.0104781843210435,True,-0.0278790139183814,0.0230998351125736,0.0506278758936167,-0.0423805496251509,-0.0151444953326256,0.0440000093900241,0.0557679180571903,-0.0135670561881586,-0.0408627110918884,-0.0024640137080471,-0.0284443614652099,0.0669460673157924,0.017124169178325,-0.0056094751952106,-0.0153952086128721,0.0050667449144061,-0.0509643007285364,0.0199017740672851,0.0061569852623921,0.03076777597269,-0.0368542949281736,0.0047569691531821,-0.0303505050348329,-0.0963459581326917,-0.0239360002993405,0.0026116177338688,0.024880386721878,0.0471860302397986,0.0826253024289929,-0.0988336165477741,0.1104301195940831,-0.0712560070416713,-0.0641782205203157,0.107498594160996,0.0192599756672147,0.0623925082028224,0.0287623722821084,-0.012535180028199,-0.0050367484706248,-0.0300238482725558,-0.0318630359294109,-0.0344943262203789,-0.0216157946171468,-0.0166030347047738,-0.0001485412909896,-0.1012988858020878,0.0352629185288151,0.0615923479512006,-0.0020153356997015,-0.0043902361164248,0.0359431881810592,0.0414391580374309,-0.063034332609613,0.1009955208544137,-0.0406339642807187,0.2010620316516398,-0.048881167030886,-0.0554498485856814,0.1338218888223554,-0.0144825812656852,0.1263023835363872,0.1191249732760961,-0.0272057182066464,0.0878908338556956,-0.062167526672467,0.1001393303400914,-0.0065650275802119,0.1042051090692877,-0.0010420154500059,0.1870355402591301,0.1630226911925931,0.1931084588146889,-0.1727351042983441,-0.166637582007084,0.1298636696555397,0.1308964348797359,0.0255379989148338,0.0836937019416876,0.0883219849549197,-0.0065432609535364,0.1791032906801877,0.2104753269442134,-0.0882332810766806,0.0016345472674221,-0.0381231346181584,0.0086439069194947,-0.0259773558170359,0.1119268775780331,-0.0041245373795191,0.1895750609554001,-0.0696745112267783,0.1479989156526791,0.2555024122493254,0.1793901609778518,-0.0721426490844421,0.1352490969908748,0.1612143858845209,0.054854855055539,-0.0094847024726694,-0.1555983627808447,-0.0191837355900768,0.0898049867252785,0.0813096971110891,-0.0751578852070925,-0.0806328103757779,0.0382967823896407,0.0351658178706209,0.1480104061720546,-0.0479301528001036,0.186890051592385,-0.0732386417851447,0.1454667951194286,-0.0673233867549149,0.0993617133241513,0.2267557991800996,stop,2149,6,402.9087701094775,-0.0464600701435289,0.0110521674059647,0.0687272399243929,-1.0,0.2378852931521909,1.4792754232198535,2.212285143335818,2121,0.5531065016236987,7,0.1814282300614142,0.0756455772103241,-0.2083246311289114,0.05,-0.9735852126343096,-0.4204787110106019,0.5614286961029559,0.0922280744938155,418.15846705174863,402.9087701094775,465.9699056809386,10.76999773297992,-0.075114374887395,-0.0328417842003416,0.0254887052472687,-0.1655673516518351,0.7713879710318615,0.0035191909477254,0.0,-0.0277993094102483,2025-03-27,35.0,8,-0.0915213909916442,-0.0724735382125132,True,False,False,0.5714285714285714,0.0,0.0,-0.0131542546608264,-0.003954143612282
IDXX,Falling Wedge,bullish,1,0.6598637333244826,8,88,2434,2435,2026-05-26,2026,3,555.5499877929688,544.1961824686141,727.0869063242826,511.3321952423466,0.9570709608590446,0.0208634416964317,True,-0.008514050171328,-0.020087184774178,0.0254638342399458,-0.0633365406709558,0.0131635001485397,0.1191794555046275,-0.0591033174508713,-0.0360247099999927,0.068102220453464,0.0553692695317211,-0.0360247099999927,-0.009791260738506,-0.0125455649112202,0.016288248764954,-0.0478328661475679,-0.0460472211655202,-0.0706255343908695,0.0150528057744729,-0.0354068089705709,0.0016179134939653,0.0018128124182794,0.0222943899091359,-0.0045943459609799,0.0420124693876631,0.0604308463809754,0.0935965150159283,-0.0260531742900999,0.0187131999701164,-0.0093706700545935,-0.0298381540078929,-0.0093520548573392,-0.0040607843143538,-0.065854925824613,-0.0635283132805467,-0.0307088109007411,0.0025615845593716,0.0316196419958716,0.0105914690022652,-0.0161912781425138,0.0466193150882625,0.0836310918561724,0.2890195339495045,0.1125022115691578,0.0234844526640063,0.0014889948780478,0.0190689771438625,-0.0115021416413365,0.0094745841469823,0.2234068058629696,-0.0087469208704324,-0.0815215435831386,0.0118979616912997,-0.1537992653493596,-0.0626028547366583,0.0169083304051136,0.0414391580374309,-0.1463792310511759,-0.0635714530944824,0.0708917674368976,0.0187834059432345,0.2932233471555758,0.0821066681876687,-0.0887090438152495,0.0414391580374309,0.0646373756310196,-0.0456723196955828,0.1130409499235054,0.0581121691589123,-0.0307463649050855,-0.029124278699131,-0.0147434525196882,0.1907349967144926,0.0509290093127265,0.1870355402591301,0.2667009477267525,0.0654193837155578,-0.1581536263926366,-0.0148923659975843,0.0137520421265564,-0.0775691027930471,0.0093752998776814,-0.0981696673801967,0.001179041537537,0.1880928846547449,-0.0696306622023836,-0.0066775010643509,0.0681177556899605,-0.1593646146939882,-0.163126802109268,0.0836550521758241,0.0316895138557298,-0.0495791349497929,-0.0174421791995742,-0.0356669554740463,0.1852168852339117,-0.0338521486231682,-0.0317439705437155,0.2590079249307808,0.1130358139392397,0.0909216904274787,0.3572307880108172,0.4134381808177949,-0.2078985788732034,0.2544853615507787,0.3559226649526383,0.1401597046952047,0.0080758522774784,0.1796743536636935,0.1351475678970943,-0.0356154221754807,0.1139450151102192,0.2883710904358738,0.0818928989323104,0.0172803592839054,-0.1516769807967568,time,2494,60,545.8599853515625,-0.0174421791995742,0.1234813034442154,0.0666006674700682,-0.2191426093989832,1.551412512113941,0.8367672347650796,3.87936413458298,2343,0.621180932783789,6,0.1074907878676326,0.1087749636721444,0.0691226946135188,0.0238095238095238,-1.7919607443597618,-1.1707798115759698,0.5183689137961665,0.1348143367740078,544.1961824686141,511.3321952423466,727.0869063242826,17.993573869977677,-0.1288873714109026,-0.0154778069896209,0.0322922653226446,-0.191687761359481,0.725941863360382,-0.0083129671856788,1.0,0.0495267657810623,2026-05-26,54.0,14,-0.0884913145511351,-0.1044935988731819,True,False,False,0.5384615384615384,2.0,0.1538461538461538,0.0379696213347281,0.1527867370509806
IR,Falling Wedge,bullish,1,0.670463673849134,3,39,584,585,2019-09-09,2019,2,28.2172060186509,26.90470452122608,34.41469675705768,25.54050116386675,2.058074662826665,0.0487833455442463,True,0.104368966551217,0.0949524075530763,0.0093742774814287,-0.0674846347098735,0.0465908666770418,0.0611352976272441,-0.0063526470958583,-0.0486308258822044,0.0411180619211322,0.0159289531248776,-0.0564471686643011,-0.0075505165179212,0.0120725761427327,0.0164820747625029,-0.0252032545436394,0.008552415755233,0.0211540781330143,0.0913528052708285,0.0386364826304352,-0.0262697763974265,-0.0297113690474081,0.0069167464710941,0.0992857443942704,0.0159500072917215,0.0084603233674094,-0.0309081567148956,0.0071086548129988,-0.0820146468655043,-0.0697591179545792,0.0355124313548174,0.0225115504935884,-0.0443687605850373,0.1631236307400521,0.0524706154534577,-0.1241975646261683,-0.0595200528944601,0.0950969274848827,-0.0475690064456134,0.0297936040501547,0.053619689919943,-0.0029322259609922,0.017192305338056,-0.0026606587523503,0.2052333675603104,0.0889608310519696,0.00061533641869,-0.0440360984710755,-0.0341940230523999,0.1611815042105777,-0.0050913976927299,0.1939282453026825,-0.0397581543580425,-0.0979004084656718,0.1071508440142898,0.0377990112658419,0.0816944097012919,0.0539801128292276,-0.0250810463707743,0.0374381962925411,0.0612177114863123,0.0249088098410508,-0.0404835325329059,0.0132851776871503,-0.014709575104144,0.2053571406937342,0.0358188450395147,0.0390416293856721,-0.0067174044829769,-0.0851891044082076,0.1595007882071377,0.1210643675717868,-0.0139505950815945,0.1669766140135826,0.1189853446188045,-0.1269978297152183,0.138193489257651,0.1189853446188045,0.2057209985874806,0.0695246786387862,-0.0224642611209119,0.147605954371423,0.0527465076117703,-0.1186018069231406,0.1119674814601343,0.0168444496978563,0.2403267610080213,0.0596795735185826,0.1016578914600268,-0.0737226448857794,0.0881482845634136,0.0561169928767157,0.0926136267783173,0.1536059430739813,0.1078044994083842,0.0286794911646948,0.3728300162590139,0.0540415492002828,0.2223456716052065,0.2362810158565009,0.0300477693562708,0.0119999470062062,-0.0439255029523234,-0.0633638036093847,-0.2144723962379637,0.2609015209890628,0.1676684666091683,0.2309241258903747,-0.2929003583420539,-0.01872577400843,0.022934520328663,0.0515459960961321,0.0634824329736498,0.0133897384854795,-0.1123960686472825,0.1025415251728179,time,644,60,32.551536560058594,0.1536059430739813,0.1893202608249558,0.0814838754111595,1.619278469817405,1.9957705810016515,0.8589842453362998,2.315343332429737,543,0.6067801865934204,7,0.1645349288462985,-0.0642471150620789,-0.2670188598437708,0.0,-2.023535440873878,-1.4167552542804622,0.6057857456243203,0.1167737996931259,26.90470452122608,25.54050116386675,34.41469675705768,0.9584078659332168,0.0463143159787111,-0.0621336528095631,0.0340480090449972,0.0996127670706492,0.6903227235475196,0.0092331264393454,1.0,0.0225640510908931,2019-09-09,54.0,20,0.0973434146606617,0.0926310763747884,False,False,False,0.1052631578947368,1.0,0.0526315789473684,-0.0732826681205364,-0.8262406868757595
IR,Falling Wedge,bullish,1,0.6590755074552176,3,35,1195,1196,2022-02-09,2022,0,55.05741631712997,55.648447381172446,64.59926139938108,52.482961641089815,1.217308536398921,-0.0106208006127128,True,-0.0079480753000354,0.0025538790462359,0.0169596098508746,0.0069680715984019,0.0604829462450187,0.0672493103677565,0.0286531215169578,0.0386742515151938,0.0164820747625029,0.0219780426031153,0.0195582285586097,-0.0220737601415769,-0.0127935364346492,-0.0049535631256951,-0.0096669220177132,-0.0136659224136492,0.0159601245060998,-0.0375963579116556,0.0264223622373127,0.0374323364960829,-0.0427697722904062,0.0249249375352316,-0.0198593544729261,-0.0908598314144308,-0.0398119664889097,0.0031111633025413,0.0043206712701608,-0.0621443762504089,0.0225664664194915,-0.0239837742074392,-0.0183839015471815,0.018389171413875,-0.0993789721447214,0.0008716286692336,0.0763951435290057,-0.0581784477580917,-0.0198673775173106,0.0140242513050474,0.0217833590870302,0.029093302421226,0.0687824535537686,0.0449253820534438,-0.0664962927343554,-0.0150219205090194,-0.0025991702245232,-0.0877702694210195,-0.122260642046444,-0.0649646685843895,0.0810929627860017,-0.0934609209903793,-0.0311913768910681,0.1094335427127441,0.1077968979672951,0.0183840802065029,-0.0268109463439941,-0.0033490204508049,0.0214988785967074,-0.0925808166666308,-0.1298740972166803,0.0933055939297131,0.050051043517878,0.0079477503000151,0.1750001118191135,0.0359279455071246,-0.068651444638191,0.1809267840356454,0.0404231113590589,0.0032038954704334,-0.1462143407969683,-0.1370794201702689,-0.1344741402447661,-0.0431313143665884,0.0177225383806576,0.1592970676094409,0.1015469650057623,0.0687610506855838,-0.0864693984752409,0.2025011853105012,-0.1133935079226511,0.0625829167704594,-0.1754900657043356,-0.0439052253868751,-0.0515775680091027,0.1056030605998543,0.1173232943826898,0.1862964002962166,0.1388940471194133,0.0833509186373699,-0.0769077843420037,-0.0419228774898442,0.1735370490202428,-0.1763103577763465,-0.2084623652002948,-0.1226687160289135,-0.2104180321037821,-0.1079341186023856,-0.0560975853041548,0.1276257902601505,-0.0875561474025105,-0.1187909457344935,0.2180717241366094,-0.1157946250121134,-0.1386173833393104,-0.0497769599978618,0.0045311816317772,0.2838037099703232,-0.1489948845749218,-0.2204425796942447,0.0810517489331847,0.1543425284588924,0.0607911612331235,-0.1367787912714446,-0.1074022375726557,-0.11872692353031,-0.1741066967244884,stop,1203,8,52.482961641089815,-0.0467594530991307,0.0229407594610141,0.0480492558308964,-1.0,0.4906122279142021,1.0275837856578722,3.706355824033268,1160,0.5555332027700017,5,0.0452406064468363,0.032643549422703,0.3250035871399157,0.0,-1.0144184093081854,-0.4588852065381851,0.6457805037158842,0.1401696859902314,55.648447381172446,52.482961641089815,64.59926139938108,1.7014355270816053,0.0589308012728242,-0.0362601287318824,0.0303761806179775,0.0933333055344665,0.614173890580975,0.0148549812787417,1.0,-0.0259926070966045,2022-02-09,3.0,13,0.0006540828357295,0.0226521409623703,False,False,False,0.0833333333333333,2.0,0.1666666666666666,-0.0301360597170329,-0.9186274189060176
IR,Falling Wedge,bullish,1,0.6281378564462733,3,35,1612,1613,2023-10-09,2023,0,63.96660876327309,63.40260381831695,72.54248429477843,61.96203275628582,0.6047074253779421,0.0088956117097702,True,0.0124709889186613,0.0053105560366331,0.0485222785102439,0.0295712406377466,0.0309093007263758,0.0092066809212836,0.0084747596431082,-0.0244846868260525,0.0108808907275517,-0.0346617366436352,-0.1100530330486329,0.0671915409937999,0.008654693281989,-0.0217051114128566,0.0011026960898707,0.0428727223232696,0.0970350536690933,-0.0442417384705537,-0.0561570618599092,-0.0472053088256215,0.1229630468114519,0.0531101143718768,0.0028716718376413,-0.0754481022623523,-0.0466218311037888,0.074249264265545,-0.0958232019582595,0.0685232005338072,-0.0171345614769463,-0.0218832092580794,-0.055652310773267,-0.0079599510367546,0.0209869760556198,0.0388721690665132,0.1056614033109382,0.0394315820363504,0.0852246876748861,0.0931477786033871,-0.0340388694244581,-0.0382471428381196,0.0124363548910375,-0.0259825126238431,-0.0694100328655601,0.0823811961921781,0.055659032166254,-0.0909701948894137,0.0171473865980862,0.0107953069977102,0.0317369468845445,0.0646580172980484,0.0164691633973841,0.012877629374532,0.0805736157630201,0.068218595143487,0.0846153845646455,0.0131306172572849,0.130098136988104,-0.1071117997267995,0.0468831574279045,0.024409211383978,0.0225920129264061,-0.122260642046444,0.030326784967215,0.0355677541701788,0.0180019379996472,-0.027315675520987,-0.0505052049357962,0.0286320473110164,-0.0029324979332822,0.1220654123451241,0.0674157735037439,0.1388940471194133,0.1730607001414692,0.1957142000444591,0.1019753045455278,-0.0437707285584042,0.1383038269373548,-0.0782345886308762,0.0163700617799851,0.11399910443374,0.3019033954240306,0.1155777233030626,-0.3963069150027114,0.1168298820797852,0.1388940471194133,-0.0769077843420037,0.0660716634221587,-0.021304300966412,0.1479919481023075,0.1740138563159461,0.0834791827521865,0.0517376810441024,0.1685325223309641,0.0848383060578596,0.0171726472183404,0.0854343594978719,-0.0091662545988463,0.2358378991235401,-0.2064237011783387,0.3297110199869639,-0.1917400620527558,0.2726462877701188,0.033271130754426,0.1193052427522065,-0.0716704954726314,0.2569277258497611,-0.3223496127628592,0.0123341547818449,-0.0234285632726456,0.0674877863473486,-0.0515859410503042,0.0790041331050643,0.0812760977057491,-0.0260767461497147,0.1341341669132071,stop,1620,8,61.96203275628582,-0.0313378502588089,0.041153578217109,0.0494934503605465,-1.0,1.3132227602479165,1.5793505282524634,4.278149345104775,1577,0.7089047292933615,7,0.1831227787115446,0.0460980255710399,-0.0266398273160495,0.0,-1.1217900007688115,-0.4128852714754513,0.2494122963422277,0.1088779436000068,63.40260381831695,61.96203275628582,72.54248429477843,1.4373099053168823,0.060114533291405,-0.0376123980235501,0.0224872215937312,0.1563131260327126,0.9085695352400964,-0.0023652911517444,1.0,-0.0326350431166012,2023-10-09,23.0,12,0.1672463917236908,0.0570036489494854,False,False,False,0.0,3.0,0.2727272727272727,-0.0132199909594725,-0.441106822639725
IR,Falling Wedge,bullish,1,0.6712758138586926,3,20,1884,1885,2024-11-06,2024,1,102.7328235748564,94.74150431320628,105.14376501761852,93.11020917156004,1.017385610695229,0.0843486634456591,True,0.0137958318795086,0.0068660267447206,0.0240843319541317,-0.0195789059054254,-0.0302993297601646,-0.0017955157412641,-0.0073165086260388,0.0131820519655698,-0.027994336824775,-0.0081439714824586,0.0127061331329427,0.0003181442223587,0.0077990875372071,0.0661810545498171,0.0505202240411708,-0.0051122964827543,0.008471045762737,0.0413454953485967,0.0287592126982811,0.0220317046726565,0.0159635447324981,0.0752101194111596,0.0004792676191962,0.001940926737818,0.0062912627737528,0.0614861559917689,0.0938243243620793,-0.0228937776907131,-0.051979856700977,0.0226686099250044,0.0425381332173797,-0.0331403970429351,0.1283093980411442,-0.1279004443172031,-0.0501865016098634,0.101382370733476,0.2153453980728716,-0.15793666671364,0.0545453578627712,0.0204815150777619,-0.0116106671525543,0.0115708190858987,0.094741072557249,-0.0026606587523503,-0.0029960995086738,-0.0173384775341066,0.0004833387804914,-0.0224140369319305,0.0548536123227039,0.0245986917326737,0.0337567398940692,0.0124271717904032,0.0999300284342066,0.2096775428642368,0.1530565122772866,0.0049914919181726,0.0476473357651336,-0.0032712918180805,0.2862802526152446,0.0671037936120868,-0.0782313225638565,-0.0069882834746622,0.0711157826318324,0.1010574007048037,0.1378004723446013,0.1112888956688549,0.0387328526683901,0.1719584394549036,-0.0764059671616587,-0.1131107899017735,-0.1203337234781085,-0.1271643010485124,-0.021304300966412,0.1226444073440706,0.1201579474607619,-0.055957264064305,0.1228469885508443,-0.0468432109385102,0.1823922160407196,0.0827571295631535,-0.0219626625820642,0.2626299225352362,0.0205430854092181,0.1331657317783237,-0.0017566814884129,0.2784138286718027,-0.1029968803485809,0.2626299225352362,-0.0147619571334982,0.0406531937322856,-0.0909089293196945,-0.1703696991883567,-0.1015472983813468,-0.1237592723705383,0.0002980793575104,0.1696432752381176,0.001246787271393,-0.3863883103410642,-0.2023915339883804,0.0833148424191181,-0.0206726993289473,0.0219001375104033,-0.0700418616841418,-0.0295625725623004,-0.0676396793364043,-0.1093758949582156,-0.1564704074061859,0.0302367093823603,-0.0592972603417655,0.2552231449498214,0.0690950480394945,0.0609903617802538,0.1627020129987744,0.3460853032207602,-0.1064920724923768,target,1888,4,105.14376501761852,0.0234680733855756,0.0262315975430572,0.0049061460795324,0.250549522376812,0.280053420986544,0.0523789293113957,0.250549522376812,1863,0.7056089904551532,5,0.0469510705695868,0.1231398647032238,0.3851064251718665,0.0,-1.2395708834386088,-0.5339618929834694,0.275493952280101,0.0765362328486134,94.74150431320628,93.11020917156004,105.14376501761852,2.242055483661931,0.1156328447159726,0.0753183728573179,0.0218135379567455,0.1352632668675017,0.8800014919704837,0.0440123633196996,1.0,0.0240841338731268,2024-11-06,44.0,19,0.1320287059494784,0.1372805226382314,False,False,False,0.0555555555555555,1.0,0.0555555555555555,-0.0282426460532547,-1.0316270649581218
IR,Falling Wedge,bullish,1,0.630182901047669,3,48,2145,2146,2025-11-21,2025,0,78.53227364326841,77.46130836951829,87.54303005635819,72.37497038982045,1.0905307729575475,0.0138258092497125,True,0.0076346945760115,-0.0188935316208971,0.0600548884810545,-0.0338798894319896,-0.0297113690474081,1.1493467555467873e-07,-0.05294765714353,-0.0218637165986276,-0.0098362725695902,0.0302143625192143,0.0779933903398659,0.0030155697248339,0.0287090898936286,-0.0257003733199417,0.0003181442223587,-0.0149124508487166,0.0323424087254859,-0.0079480753000354,-0.0366916053172738,-0.0234621366745444,-0.0032234185021881,0.0310672219408296,0.0074577832746064,0.009161500803446,-0.0224369783058251,-0.0573821285219662,-0.3574054612004121,0.0059561116835673,-0.0312310412993392,-0.0032269352431636,0.0496014781296709,0.0157164879424158,-0.0179796763518528,-0.0361976721057891,0.0351519690711068,-0.3042952248460365,0.0913306935591917,-0.0118993305317305,-0.011666118679361,0.0579391919739262,-0.0179796763518528,0.0175436274090898,0.0135430470240145,-0.1284330464029288,0.0261764512082525,0.0423983634801058,0.0321925119970825,-0.0042703379280146,0.0280282828334812,-0.0396037841368747,-0.0176903097381224,0.0784165981408455,-0.0328365582943851,-0.0182017069521931,-0.058823544796259,-0.1210574878359942,0.0200228741312786,-0.002562549446258,0.0771312398188845,0.0545089259215145,-0.033295482541957,-0.089245677723278,0.0709094162053518,-0.0986099333100761,-0.0173721279467075,0.083563308494714,-0.1532281011752704,0.0546096455891715,0.0429593606351891,0.1140095460886672,0.0712657599437882,0.0284958788294655,0.0454000729215715,0.0227573448938691,0.0587267686286259,0.0397150317603585,0.0457399319914009,-0.0345001478432417,-0.0043685930716594,-0.1072087720068958,-0.0930615709555197,-0.0739837760099885,0.0527465076117703,0.0506550558160521,0.0547567869377614,-0.0525780996860868,0.0523492668402509,-0.0696664779127977,-0.1409170649947767,0.0205430854092181,0.0346423950907843,0.117497364876159,0.2164398243477898,0.1730149649976786,0.1078299419300754,0.3591033875998926,0.2493542839098632,0.1537752579489588,0.2549008035507683,-0.0549556214920515,0.3268001188888365,0.0195343412284692,0.3168278022522783,0.1044563120514332,0.0810517489331847,0.1883836135778893,0.2592935228577113,0.2113177842124236,-0.0311414240752881,-0.03775806453215,-0.1214729461935457,-0.0907050617994784,-0.0126894065326724,-0.0673988398510981,0.1056144466245148,target,2181,36,87.54303005635819,0.114739533125209,0.1155363821250422,0.0229036201328266,1.4634257957075512,1.4735890702989427,0.2921203146337472,1.4634257957075512,2097,0.477876588866749,7,0.0822079945737522,-0.11319892637601,-0.1567813313309333,0.0,-0.9110278023790874,-0.4331512135123364,0.9618035740633673,0.1336546818135185,77.46130836951829,72.37497038982045,87.54303005635819,2.150949511281676,-0.0257269482794217,-0.0032895499291704,0.0274068024171391,-0.0223975014333552,0.8295122967903291,-0.0021465448949842,1.0,-0.0269029495069919,2025-11-21,40.0,14,0.1215820960973199,0.0855736226625885,False,False,False,0.1538461538461538,0.0,0.0,0.0210869274437676,1.202380745928526
IR,Falling Wedge,bullish,1,0.7609457218569464,3,48,2237,2238,2026-04-08,2026,0,83.93666314609105,79.35304038869776,108.06344260276342,75.82306495901088,0.9937839314075956,0.0577624087866219,True,-0.0070255493712804,-0.0442195393252448,0.0142493436314095,-0.0112740146271588,0.0502064191764286,0.0023824404100096,0.0226573305894637,0.0089099115601263,-0.0399052790993664,0.0426523924840882,0.0271999146304771,0.0302143625192143,0.0531101143718768,0.0265443364392263,0.0203045586962768,-0.0522544876171904,0.0074435118283238,0.0177004198379537,-0.0510866521472723,-0.0022442528949725,0.0093052403663793,-0.0250502678951209,-0.014578816484289,-0.003334135404015,-0.057228452118929,0.0358732855309451,0.0062007914035966,-0.0742563109387457,-0.0181210027049693,0.0131139327153739,0.0336284685645194,0.0313260357217968,0.0150242863141534,0.0358705555951277,-0.0094117021140773,-0.0908598314144308,0.0211777697091544,-0.0030148693963606,-0.3517617939192992,0.0199961333589939,0.0545453578627712,-0.0232258042021782,0.0028561249931855,0.0375862886645461,0.1297556905784307,0.0033506942798582,-0.0634674979853126,-0.150880801572235,-0.127858370035207,-0.0877339669539439,0.0471235965211063,0.0195009679947983,0.2471744657604699,0.0146007693763672,-0.0602068540646719,0.0926431032610233,0.0437500072055112,0.0476019763041866,-0.0164657114742148,-0.0603448599904781,-0.1201410124680762,0.0122908133985879,0.0296707769306341,0.0278935174901189,0.0622901098657431,0.1028641073834797,0.1293206732195848,0.030723046406123,-0.0852023557918697,-0.1422936202585734,-0.2641743910563121,0.1533339558419195,-0.0220383253582776,-0.0329999581514425,0.0862350897386989,0.1941610432571112,-0.0256322631684041,0.1950051747677594,-0.060579884554697,0.0962489368087118,0.2426332220448346,-0.1106701763959459,0.2194549340938287,0.1078978458618782,0.1865402193014107,-0.0444374205194649,0.1846769992098547,0.2424268627507166,-0.0220383253582776,0.1736447718564475,-0.0570190868765647,-0.2276358010160782,-0.0396214654953065,-0.1557608472287742,0.0465936300898144,0.2320676092873956,-0.2143397310732521,-0.0357494976952539,-0.0165524583361253,0.1687205409627656,0.062117021956588,-0.0974203353238113,0.0931050289690382,0.0906999574933997,-0.1929537919712042,0.277444753985518,0.1865138794480554,0.2827643419253192,0.3145763641036194,0.2753429198029709,-0.110027348408654,0.2258680034952034,0.1610161969448911,0.3211671079889377,-0.1431691751775673,stop,2255,18,75.82306495901088,-0.0966633397489071,0.0609668601395138,0.1032388288724003,-1.0,0.6307133634931452,1.068024642440182,2.973622664120964,2189,0.793626156703249,5,0.0271180051516109,0.1436811195653109,-0.3981841990833529,0.0,-1.1701712919569882,-0.3765451352537383,0.1812866701551362,0.2700137149701779,79.35304038869776,75.82306495901088,108.06344260276342,2.910709963804376,0.0212264745419898,-0.0424862616542041,0.0343948607546089,0.0155893576505277,0.832825866654917,0.0299182855148378,1.0,0.0009986166518081,2026-04-08,34.0,12,0.2217250216536554,0.1563284060045378,False,True,False,0.0909090909090909,6.0,0.5454545454545454,-0.0659038479484347,-0.9588271098418998
INTC,Falling Wedge,bullish,1,0.6694133669640205,3,28,741,742,2019-08-28,2019,1,40.75767352391158,39.9348350943217,48.44176809965848,38.80710756843118,0.6696711625959051,0.0206045280429085,True,0.0783471259515213,0.0574367354403562,0.0396825290194633,-0.0135002848586219,0.0312148998464265,0.0449635303803603,0.0677170736453489,0.040823918732898,0.0430017428873568,-0.0775300986381811,0.1546082703974867,0.0794340258522829,-0.0060675113274766,-0.0141160434201804,-0.0629861788263197,-0.066177954669357,0.2878320534305061,-0.0178925324884482,-0.0314960755078531,-0.0666051954436741,-0.0601650483092659,0.1106413239927917,0.0541780037167442,0.1409814600955925,0.1081763472309038,0.0458988479468684,-0.0066589908465267,-0.0642715074439734,-0.0067546153358191,-0.0527172101452709,-0.0129804637200159,-0.013506776430972,0.0262687854056922,-0.0870521346940795,-0.060020234150653,0.1388781101876643,-0.0252324156128573,-0.1362126535314661,0.0102996125459895,-0.0280192774590453,0.0454544556898053,0.029539543512322,-0.0202972880900949,-0.0430635158773069,-0.0407187378389457,0.1560397833900268,0.0959962555800044,0.0731950791414945,0.1002881569722762,-0.0194174994272063,0.1747305454648235,0.07731635160573,-0.0261793442967437,-0.050000060188341,0.044644884496656,-0.0069716747345714,0.0633982264477692,0.0112867939301444,-0.0244365965630483,0.1232494897402936,0.0043970236294816,0.1476332935360016,0.0749365577845122,0.0270211744379866,0.122978944029737,0.0113710841959167,0.0137103553012931,-0.005719172436412,0.0527843288836894,0.1241928390199242,0.089786600428783,0.1788221905111597,0.0023062190931983,0.1646140506944342,-0.0261389203015597,-0.1639731921562607,0.077144969122435,0.1419904858780953,0.042826280524004,-0.0021787037659232,0.0517095193602912,0.1228607802285945,-0.0408487672796359,0.0057943297666251,-0.2576806633683588,0.1655524398114385,-0.0281719077244892,-0.0420694185580107,0.0912906516197602,0.5533313639882118,0.1086768916049902,0.0668999090674742,0.2600177590098629,0.1915175878610497,-0.1944362022951713,-0.345759776369649,0.0883796210734144,0.044620612226796,-0.1410842199420722,-0.2406950875979143,-0.0445859673633377,-0.2590010176028332,-0.1609271556689728,0.0232990948565319,0.124426033013594,0.278275605422474,0.10125400031795,-0.1083521291134688,-0.1894736002262147,-0.1228278624946702,0.0010085959576715,-0.3313220861684689,0.4987438096031493,0.1237165554112895,0.302754817857858,target,782,41,48.44176809965848,0.1885312362404301,0.2184675472033161,0.0012913809680594,3.939417969516648,4.56494636311311,0.0269838011594926,3.939417969516648,712,0.7523521283282295,5,0.0560488396578521,0.0659551797438433,-0.047645751704287,0.0,-1.3292978551999337,-0.5769457268716991,0.2342244988856034,0.1365556409122167,39.9348350943217,38.80710756843118,48.44176809965848,0.8722492145896682,-0.0600107882435413,-0.0459157382396266,0.021713998634739,-0.1242167971779456,0.7777801325251862,-0.0019654979425293,1.0,-0.0287127932019778,2019-08-28,38.0,9,-0.0763005733050435,-0.0421984999597218,False,True,True,0.625,0.0,0.0,-0.0092757067759465,-0.1697836635590694
INTC,Falling Wedge,bullish,1,0.6787109900538075,3,36,1173,1174,2021-05-17,2021,0,51.20065695618293,50.17838851166425,67.62274922146798,48.63677884804213,0.6363679874801177,0.0203726838354134,True,0.0180517043222356,0.0099467144997398,0.0178179277525867,0.0767110771260872,0.0430017428873568,0.0412782232349597,-0.014913298663818,-0.033057966063058,-0.0575730770774404,-0.0085082669870456,-0.0014902523868626,-0.1968682609786567,-0.0629861788263197,0.022433424345039,0.007299282493494,0.0223905698764084,0.025298870630243,0.0098788101132036,-0.0113603427854703,-0.066177954669357,0.0007713106638127,-0.106158352005127,0.0326623398882338,0.0168004698715968,0.0074929043758378,-0.0222092212616222,-0.0183559091223223,0.0092446541664981,0.0071530243852482,0.0146778482103642,-0.0621216325571597,-0.0013902661908915,0.0420940771608613,0.0357142485727386,0.0219240856381548,0.030904984522377,0.1250564562288452,0.0106591713160817,0.099394360073594,0.0246801223240411,0.1586383869935366,-0.0937422607582831,-0.1560030765704511,-0.0834838980452771,-0.0376447299780625,0.0115409486161833,0.0364610332000399,0.0155854523671992,-0.0348566380959687,-0.0282812273188595,0.1933736344841237,0.0727029061204196,-0.189778670864181,0.0699383287556663,0.0020199478383735,0.0696973296448897,-0.0823673051220444,0.2304721465695145,0.1132994560567222,0.0874508057109035,-0.1015558680752641,-0.0407103258439495,-0.1625198409523441,-0.015977958040613,0.0446590506514519,-0.0485483315874271,0.0736884847026964,0.1450617087115695,0.0165726515327559,0.0101876429015281,-0.0424029562651511,0.1545755289903732,-0.0509154249978501,1.413712150210102,0.0117248478771934,0.0045030794817979,0.0533562729488144,0.1136525367546543,0.1164103361151447,0.0882313048812406,0.0267720571221434,-0.062909457370652,0.2067024267347847,-0.026045127598679,-0.0127001001694967,0.0105155511747607,0.1771847864035958,0.0058433839158582,-0.0739621843821064,0.0245636250156719,0.1496668396739067,-0.1063564787375347,-0.0260623938389993,-0.0968462044588528,1.744300352822003,0.2204172260453487,0.0996196949157972,-0.0294916321831834,-0.0356243232892109,-0.2188577843946093,0.0678919972525613,0.0509110577684972,-0.0441374369008289,-0.041605533504518,-0.1844309408790293,-0.3206028484720186,0.0394299926035306,0.0950023414725764,-0.0655101895859459,0.0645274393745383,-0.0181862011518429,-0.0776649987103267,0.0324604195293656,-0.1241915190513057,-0.0887752495220692,stop,1220,47,48.63677884804213,-0.0500751017772086,0.0441464029861084,0.0648793818822588,-1.0,0.8816038593894859,1.29564153800259,6.405176678696914,1137,0.799763888525902,5,0.0329803065474704,0.0660020313640943,0.1342567628454445,0.0,-1.3228343581306352,-0.5230704696047315,0.1461716136699225,0.2142991891030999,50.17838851166425,48.63677884804213,67.62274922146798,1.130167687480024,0.033883422932867,-0.0979684672675935,0.0223206485805705,0.2460221424744011,0.5044274077299814,-0.001084039757127,1.0,0.0007467604678814,2021-05-17,33.0,10,0.2279970609444164,0.107162042840573,False,False,False,0.1111111111111111,1.0,0.1111111111111111,-0.072177443221532,-0.4065701956220518
INTC,Falling Wedge,bullish,1,0.6278741829479362,5,43,1387,1388,2022-03-22,2022,4,45.287392452813975,43.096033892712285,51.69097524005525,40.683633319248784,0.9108710600531196,0.0508482651920378,True,0.0782088957772537,0.0454508635073827,-0.0326088904469074,0.3784599009964193,-0.0150885732368545,0.0341664501682452,0.0375577407235951,-0.0034715248955947,-0.0083986642911685,-0.0176471172065714,-0.0162535872181018,-0.0402898314911355,0.2440387637012422,-0.0144171358771295,0.0240904653787632,-0.0277246616439211,-0.0064946582877378,-0.0304030606846661,-0.0737942512129123,-0.0008648179323582,0.0928357984697634,-0.0575730770774404,0.0549029323804773,-0.0068095893771161,-0.0160284011331423,0.0140922618713632,-0.1044049002788807,0.1073263462625717,-0.117962443639252,0.0675476818479043,0.045437825015105,-0.0461610722264338,0.0356767243933124,-0.1391190467540859,0.0467635083359709,-0.0067947062596793,-0.0311765155887826,-0.1066665772045161,0.0398589605051531,0.0620382749979155,0.0134536551389723,0.0088210569010487,-0.0135581968292611,-0.0082932523280535,-0.0142991879623993,0.0005613908129851,-0.0072224157794821,-0.0022995212397993,0.0707133584836821,-0.0276366334754509,0.0366344562809157,0.0034750323331178,0.0720461061069868,-0.035364670412701,0.0119080851571937,0.0869538863720353,0.107139042617705,-0.0933590498551693,0.1010080667977251,0.0890346581511087,0.1450918250645181,0.0133631054507852,-0.0594406013778688,0.442332610792858,0.0936638633546758,0.9351027257448296,-0.1832402341054823,0.0462343430998106,-0.1000054146085459,-0.1191751914039846,0.0040040738515777,-0.1361945290266422,-0.0649714049147677,0.1316091746006014,-0.0269065286956234,0.0357482446588055,0.3850876727923673,0.0178448653248788,-0.1490567230031722,0.0166233607700891,-0.0193460687393134,-0.0419579338164604,-0.0597967611139619,-0.1753350036288915,0.0943512868243081,-0.0107971043985374,-0.0424906129577845,0.0065967401938431,0.0775884394779053,-0.2243179852560678,0.0288053626811342,-0.1113294159926202,-0.2233766690895939,-0.0437880093700908,0.0799093969563897,0.2573674693301082,0.0269753839042614,0.0547324505953177,-0.0365102187095481,-0.0338901765026617,0.0864553308148694,-0.0483277916470383,0.1640450349591948,0.1900919649608954,0.2263431819371155,0.0195582607949464,-0.32108669982207,0.0826890348998719,0.2330525792288571,0.0640186033364131,-0.2941318867750799,-0.0050606441095031,-0.0148236093516628,-0.1351351656123088,-0.2531902940490124,stop,1414,27,40.683633319248784,-0.1016565292064884,0.0835741985393933,0.1023523598504261,-1.0,0.8221232732590574,1.006844918367459,1.3909465290123215,1340,0.6962533384905067,6,0.1422120238829521,0.1031069777679052,0.0112927215928417,0.0232558139534883,-0.9993375104156664,-0.3030841719251573,0.4028574543916938,0.1624974034068758,43.096033892712285,40.683633319248784,51.69097524005525,1.2355842761112998,-0.0605755456131498,-0.0091262804035037,0.0273226504387655,-0.0713506157535909,0.925231912269066,0.0023211071319102,1.0,0.0498562537237108,2022-03-22,31.0,8,0.0851774477749724,0.0133470982551378,False,True,True,0.2857142857142857,1.0,0.1428571428571428,0.0817955732347475,1.7545691890599828
INTC,Falling Wedge,bullish,1,0.6748852555333932,3,40,1433,1434,2022-05-26,2022,0,41.05824498564239,40.18726164283953,49.027432625827146,37.78579966176656,0.7348049638023156,0.0216731199688011,True,-0.0045884773452168,-0.0110358600461829,0.0641822468558737,-0.0632022632441067,-0.0056198086748006,-0.0392089568517695,0.0068525542129804,0.0111696214151784,0.0347368340743214,-0.0133048253890605,0.0180517043222356,0.0552021154872557,0.0301782976621232,0.024547999788884,0.0258987676448765,0.0094866408468201,-0.0275274899730546,0.011669277537722,0.0233628552523552,-0.0602058899866779,-0.0714844142947305,0.0049759074513542,-0.0065765360521058,-0.1011701304683717,-0.056772809616267,-0.0976918828132318,0.0440251245394673,0.0623290755745646,-0.0209312163311411,-0.0192468244373029,0.0016109299996489,0.0356581183040258,-0.1044049002788807,-0.0084435334109493,0.0019251187558966,-0.0214059558674608,-0.0172107116927544,-0.0650636082987818,-0.0355412615259075,0.0762761920150509,0.0191451653313645,0.1494133973247375,0.0058871212344302,-0.0245100231193896,-0.0751200556522133,-0.0965051439509304,-0.1137877856320698,-0.0705394237366984,-0.0770416051823458,-0.1078445671562821,-0.0045384607900421,0.0795728029802687,-0.0947282157893112,0.1699512558251086,0.2728327473071332,0.1432070664116087,0.0205646649348396,-0.0402617569511911,0.1840030822447433,-0.030993055137128,0.0317145510774181,0.0356672914955333,0.2351724364425025,-0.0025881598037317,-0.0773349213603473,0.0251799022224041,-0.0294284114606567,-0.0254596726229699,-0.1491701343664475,-0.1062172482794961,-0.0686317202460068,0.0453991596682672,0.2304807728375526,-0.0284470128299466,0.2832133041670528,0.2419257882167835,-0.0284574825027946,-0.0284574825027946,-0.0750421404526836,0.2849321095700821,-0.0643753203592608,0.1846088419297857,-0.2383199387334851,0.1552354181815483,0.1125182361754624,0.0919334020841846,-0.2449586324645892,0.1901752207639462,-0.2259324730697869,-0.026548717378384,-0.0448916280729287,-0.1469668195408967,-0.2132890240155522,-0.2285403096766045,0.0414907156282693,-0.107504508614427,0.0767183765053667,0.278275605422474,-0.0477489941386067,-0.2089847295457582,0.3325044874858704,0.0342911059001045,0.2371398444627874,0.0328483758688935,0.118804312238691,0.1534253100511808,0.0147206984831924,0.5651416779149914,0.357511627123203,0.0394299926035306,0.0346764986422867,-0.0697776731009603,-0.0790622091174669,0.2051047791511622,-0.3137392886637915,stop,1442,9,37.78579966176656,-0.0797025134664223,0.0307407862587748,0.0821292762406625,-1.0,0.3856940631078793,1.0304477571496242,2.4352393551211997,1393,0.3981921690760727,7,0.0578520188830806,0.0525992344241301,0.3939688998223492,0.0,-1.5711488384920425,-1.1729566694159723,1.0718639492942656,0.0965799088988486,40.18726164283953,37.78579966176656,49.027432625827146,1.2352594698808876,-0.1166101154974957,-0.0535611413540575,0.0301616576803165,-0.1125897410973062,0.8749994039529824,-0.0007109805440153,0.0,-0.0525933718936183,2022-05-26,31.0,8,-0.188947678647918,-0.1435983590714432,True,False,True,0.8571428571428571,0.0,0.0,-0.0075370395104501,0.16446920691205
INTC,Falling Wedge,bullish,1,0.716936498574501,5,52,2097,2098,2025-01-21,2025,1,21.729999542236328,19.83263096056487,27.290526741429403,18.228155387292475,2.8719076891681263,0.0956690307727794,True,-0.0888173191823802,-0.086506897422382,0.0215373089991604,0.0320438610466926,-0.100324444431751,0.0082871893152887,-0.0422048323120062,0.0050864216544921,0.0128808128858344,0.0368663229923398,0.0366666327810154,0.0877091386324453,-0.0438283283915147,-0.0076834904960557,0.0337691030989624,0.0031857955475469,0.0248150735240768,-0.0069835676665501,-0.0431480149370676,-0.0128278524188992,0.0611444066001491,-0.0428841222522925,-0.0920226898909735,-0.1122870997749626,-0.1054546851244933,-0.0212034951241916,-0.0184315272699244,0.0317041501421901,0.0172213733333788,0.0144819122505717,0.1023122369640603,0.0184755268505767,-0.0810811479154324,-0.2371111269350406,-0.0191450599517326,-0.0020650782710075,0.0563571830066242,-0.0695901179053545,0.1409339845705983,0.139959448528619,-0.0170128058466836,0.0577702900289229,0.0841812167809128,0.031761015045532,0.0051381753988852,-0.1240199074590379,0.1836171125251451,0.1720479381532045,0.0935906774549211,-0.1280476053043703,0.1970659476257941,0.0178759102143792,0.0419298661576768,-0.0010461347627148,0.0769570864284516,0.0425155305761939,-0.3307830875444647,0.0653004684467499,-0.080186880671923,-0.1207423935802054,0.0513550956963075,-0.0766083008554201,-0.1015377037701907,0.1461137801730401,-0.038607805402085,-0.0348566380959687,0.1633245802464664,-0.1220739139404598,0.1905401885705362,0.1099862562054663,0.1740046273495534,-0.0961489171169216,0.0100465069068802,0.035800371555678,-0.0843157332460099,-0.1144085955876176,-0.036696827292713,-0.0959301971290722,-0.0271048475386197,-0.2346187891286751,0.2427113230858202,-0.0728759567161599,-0.0087431614252789,0.1301033404490561,0.0057836334653942,-0.0576652389421393,-0.1206165097918028,-0.0983096896843352,0.0689507469775254,0.1537202096028542,0.0633561255141066,0.1268343665075678,-0.1150483227181289,0.0148016422240333,-0.0061100870000437,-0.0713563071413158,-0.3451112875792524,-0.1546542816272443,-0.0605933907845835,-0.2555520577619787,-0.0080428241544662,0.1437640194522074,-0.12116934403825,0.0100137073825736,-0.3840400574817225,0.2573674693301082,-0.1214373704208268,0.9630768604767632,0.0122751600631931,-0.2566536167761003,0.0607671132207938,-0.2076683272807042,-0.0234868134051379,0.1654150556061284,-0.0948885037221359,target,2116,19,27.290526741429403,0.2558917310782795,0.2678324812438195,0.1357569681424495,1.5878853978532432,1.661981355340336,0.8424129473112201,1.5878853978532432,2044,0.6727745417192665,5,0.0602377492712257,0.0477117574758962,-0.1600798070510447,0.0204081632653061,-1.1634512266586547,-0.4906766849393922,0.3720449657890168,0.2749563448001099,19.83263096056487,18.228155387292475,27.290526741429403,0.7485716683523995,-0.1621878553126118,-0.0041079744410851,0.0343854686546615,-0.3357155519880023,0.0303037308903852,0.0251280093661558,1.0,0.0320658545693886,2025-01-21,20.0,13,0.2723630890891764,0.2216731823593201,False,False,False,0.0833333333333333,1.0,0.0833333333333333,0.0159882607141543,0.8618807404859443
INCY,Falling Wedge,bullish,1,0.7190360657709293,3,17,924,925,2020-05-20,2020,0,98.48999786376952,97.24076931293187,104.3359312120374,92.96417697445376,1.1876080362127297,0.0128467571746317,True,0.0209158821471158,9.336699102213686e-05,0.0303242855278611,0.1253667310086432,0.0802997845553774,-0.0199426689257252,-0.0075383145458445,0.0069950648716516,0.0519233635328699,-0.0477048296605572,-0.0137146741881709,-0.0337930065666696,0.0303915649488415,0.0197266903796506,0.0002947993186626,-0.0173744855052856,0.0020267311001107,-0.0223349521490209,0.0449344503060906,0.0405582900109084,0.0039676810784958,0.0560475072917994,0.0043931815276313,-0.0476189959766155,-0.0967105724124197,0.0377403786637371,0.0106919988977671,-0.0062179871991594,0.0216325207050394,0.0039191095220558,-0.0524523461686979,-0.032099920236603,0.0281845025475853,-0.030216915615349,-0.0325526783328504,-0.0277179393915469,0.0194206302825592,0.0005781154072916,0.0191857665564236,0.1531678341575999,0.0126228021053658,0.001531604728425,-0.0337731940155873,-0.0459041351791987,-0.0837391093796348,-0.0458190478793766,-0.011473218376763,-0.0619799805510642,-0.0001240190457685,-0.0460396190681079,0.2195788143996819,0.0353184935369894,0.0783967923846831,-0.0565074914831055,-0.0350273840934076,0.0507890112483535,0.100029338652094,-0.1088276710748797,0.1112766501762785,0.0080799626006113,-0.0229350742061844,-0.0652120406363058,-0.0885904042383493,0.1276507122618591,0.063801862237282,-0.0365710659099474,-0.0079342082113013,0.0728036901039004,-0.0314710358584818,0.0570616597469681,-0.0317069293812672,0.0787402087245181,0.1258773250649354,0.1055868499116079,-0.1523649949634858,0.0312022178223736,-0.0908831641163471,0.0799803382394179,-0.0020600262845132,-0.1736504972511698,-0.1394059083642739,-0.0155637230154084,-0.0262963807062374,-0.033228823781134,-0.2343265003459249,-0.0921612286529228,0.1319261190113951,-0.0160427856752165,-0.1174800905501951,-0.0839440512770531,-0.0850102388887963,0.0925169275018897,-0.0367549517281401,-0.1766928396691393,0.0183968283875628,0.4010313755456862,-0.097995523371086,-0.0235480264924978,0.4051132989429853,0.1698331238495405,0.1917090855049497,0.0343818237566118,0.0631911154501032,0.020339989664903,0.1857642539495307,-0.1711443019289177,-0.138886059045637,0.3292755896832195,0.0836998384842,-0.0556659951617107,-0.0430247274665526,0.0720682502472336,0.0612495668086854,0.1329532701668241,-0.1186920905769218,stop,935,11,92.96417697445376,-0.0561054016567147,0.045588441370205,0.0844755800110011,-1.0,0.8125499510571451,1.5056585910902391,1.0579302994729798,907,0.4155752405552179,6,0.1006734545080604,0.4933295348624944,-0.1837488025323836,0.0,-0.6768241307696738,-0.2612488902144532,0.9816613970179012,0.0838325522350561,97.24076931293187,92.96417697445376,104.3359312120374,3.210714067731584,0.1867466217412325,0.1312071362369677,0.0326557575030241,0.1237855994455281,0.9649488201177,0.0053729682476679,0.0,0.0638839773889403,2020-05-20,51.0,4,0.4437317289007934,0.3541207285438699,False,False,False,0.0,0.0,0.0,-0.0499666457247133,-0.476382471218873
INCY,Falling Wedge,bullish,1,0.763187625892033,3,43,1006,1007,2020-09-16,2020,2,86.62000274658203,91.6487009775572,111.51066446040876,88.29821221632199,1.4171252912886112,-0.0548692799498227,True,-0.007504058015105,0.0213616214426195,0.0067623643211898,0.0006006143610182,-0.0387142042344944,0.000275777720001,0.018679353216173,0.0336384395987807,-0.0562720150062046,0.0627244206211823,-0.118502095215453,-0.0431611525162275,0.0577596384610463,-0.0055593455731056,-0.0647356993146782,-0.0356501618732105,0.0092373858694596,0.0142840004332811,-0.0069796536564618,0.0189510933055789,-0.0701685493736486,0.0338321705683446,0.0016458228992664,0.0360193375462645,0.028012880637328,-0.0532137711822607,-0.0417699321194333,0.0913705909355677,0.0417027948075174,0.011547327833858,-0.0311887047246949,-0.0657549721200783,-0.0225235481508011,0.0066584127126643,0.0060832548273903,-0.0697712171324282,-0.039187201884501,0.017318242908433,0.0297703210499795,0.0403465825674949,0.0603531179509542,-0.0776923252986026,0.0679565068401657,0.0041526644146081,0.0292003585883879,0.0357514124050534,0.0776956305026741,0.0304392536994344,-0.0417910629715747,-0.1234536342710049,0.1686035051343257,0.0734377817633133,0.0962531886482103,0.0156014401163937,0.1137351690254651,-0.0384797860000061,-0.0404465104312306,0.0972235596978259,0.032638908297192,0.0451665739797482,-0.0571767631683096,-0.0569471407203286,0.2180468663557169,0.1248531106255452,-0.0055593455731056,0.0432969315853009,-0.0587954654770791,0.0216113742635402,0.0463046954586772,-0.0445624623407654,-0.1181258635675266,0.0438112012018379,0.0495939567593834,-0.0386909130281684,-0.0451889788391055,0.1194897247146902,-0.061135380473933,0.0028436067511103,-0.0555690676853573,0.1799397399371693,0.1998134720629678,0.0541138933362392,-0.1388431961030509,-0.0399840672013557,0.1617718896182467,-0.2131874592584638,0.0351358741795611,-0.122240185183881,0.2034907280609503,-0.1860809043716598,-0.099687229059475,-0.0470322976116507,-0.0527591728228679,-0.1566029031612316,0.066475679676307,-0.1276670457214482,0.0582105944547077,-0.0193509676808782,-0.1378140392055469,-0.0024464458500573,-0.19539793179775,-0.025462091390125,-0.109338608406566,-0.2555358057571441,-0.0062700112638286,0.2188374670883031,-0.1048123836396783,0.199373747224008,-0.1039231745536491,0.2362539871772191,0.0266990541464184,0.1002693352116426,0.2471298250247724,-0.0290186287256888,-0.0545698006234187,stop,1007,1,88.29821221632199,0.0193743871683977,0.0518355774809381,0.0013853930128946,1.0,2.675469269319089,0.0715064172535185,14.831677548383531,961,0.734591796647533,7,0.1424680093424263,0.0681181949476872,-0.2513258650618369,0.0,-1.4354985968538314,-0.7009068002062979,0.3296421094056461,0.1311833478840116,91.6487009775572,88.29821221632199,111.51066446040876,3.2949998038155712,-2.888381170218501e-05,-0.0773151037105777,0.0366355316252318,0.3443946246640186,0.028663689420409,0.0127966549823919,1.0,0.0005314622521865,2020-09-16,51.0,4,0.276759996016007,0.0561457796500663,False,False,True,0.0,0.0,0.0,-0.0412492570232793,-0.2957119287833129
INCY,Falling Wedge,bullish,1,0.7024301821358263,3,33,1125,1126,2021-03-09,2021,2,79.27999877929688,77.5294857889503,106.8052732346639,74.40434375828397,1.2135202534205027,0.022578674068751,True,0.0126135218894722,-0.0033477151532133,-0.0098496579461687,0.0044884005002063,-0.0225921027146946,-0.0032039012723754,-0.0345361854319716,-0.0226596853494658,-0.0437095727122403,0.066623689054188,0.059689874372824,-0.0153567537077982,-0.0604453289842927,0.0358021168638453,-0.0418410379269619,-0.0189290075658881,0.0379918816164905,0.0204860718959158,-0.0081720659809729,-0.0313803647509247,0.0235906211016672,-0.0274278357755318,0.0171850641251797,0.0071897036276578,0.0044037613851015,-0.0975849438626066,-0.0014319833694974,-0.0381634834572993,0.1316348192872567,-0.0236608690355555,-0.0548545564806163,0.0668562261153098,-0.0947772356749072,-0.0390007767719668,0.0638484690996725,-0.0526235108258512,0.1443772135765422,0.0040125353582973,0.0033386181141228,0.0117591723793422,-0.0493134140420383,0.0018473329475572,-0.0074637404469506,0.1147885789907485,-0.0311768173964858,0.0045691219024041,0.0264883767211849,-0.0202965459178317,0.0017082511109149,0.0340014991449073,0.0619248712953848,-0.0017671289036044,0.0838340585927321,0.0703671601690472,0.1359126640225163,-0.0021786396668901,0.0772896262040832,0.0960992329807439,-0.1045714460100446,0.0652152860062973,0.0404809572237223,-0.0157143778164607,-0.0020533659507838,0.0432969315853009,0.25658472725762,0.047862156754844,-0.0682005853820735,0.2355346952389192,-0.0262929519716738,0.0252270437789445,-0.0451407946060944,-0.0306865635202892,0.1002101039477456,0.0268491260911305,-0.0385062120563559,-0.0410072656196188,0.234766182356469,-0.0481561636725975,0.4363901701410582,0.1100460230756037,0.0687639650603071,-0.1015495997439593,0.2780073581192441,-0.0753365244183964,-0.0443255184679646,0.0265399514773911,-0.0623993247801596,0.0066343435077074,0.0245515874594921,-0.0333652334834607,0.0407422168535032,-0.0186813873373979,0.0456609838839623,-0.0324817442477431,0.2153895310075593,0.1926644337397955,-0.1794505529201828,0.1571650324624904,0.1270948867430394,0.3414356582919191,-0.1889577054673675,-0.0544151096333868,-0.0392874923385176,0.0259805382773385,0.1336865070958564,0.2648721449201363,-0.0881891826354562,-0.1281004998448723,-0.0486666870117187,0.1902055521886831,0.0913249772917113,0.2444044354682324,-0.1893810817160073,0.1756260737393351,-0.016509089098967,time,1185,60,82.9000015258789,0.0456609838839623,0.0890514337449434,0.0238395486724198,0.7424649059420094,1.4480100680148318,0.3876400978951532,5.6454516032696525,1090,0.781758205863254,7,0.1487376718659059,0.0712088547181544,0.3999205542957191,0.0,-1.7605776789711929,-0.9788194731079384,0.2404052332603069,0.1780545311746785,77.5294857889503,74.40434375828397,106.8052732346639,2.78714370727539,-0.1359023185899224,-0.092808511376191,0.0352312436578428,-0.1257597250753642,0.0537626028532285,0.0238951785439147,1.0,-0.0085525517357002,2021-03-09,38.0,13,0.1788265507348225,0.1002661289605002,False,False,False,0.1666666666666666,0.0,0.0,-0.0763145183479905,-0.5498858388158316
INCY,Falling Wedge,bullish,1,0.6858665703577647,13,139,1308,1309,2021-11-26,2021,0,68.7699966430664,66.39869451030569,95.81828888448756,59.88965655511484,1.49458405443768,0.0357130836720391,True,-0.0434782319285017,-0.0205291311816593,-0.0137146741881709,0.0105218129984523,-0.0876215424825742,-0.0607221317646051,0.0395578203019524,-0.0058620715963428,-0.001161241295009,0.0265415685523393,0.0265415685523393,0.0043551168004896,0.0316294504468472,0.0178279463629085,0.0666875041259515,-0.0474981678595433,0.0287654532002723,-0.0231249687331804,0.1115089713683057,0.0181231272184529,-0.0734076280928517,0.0400309751074188,-0.0489271763796743,-0.0490038575205786,-0.0633766909964157,-0.0697538612516393,-0.0523883119559427,0.0750230034788774,0.137109030553298,-0.0074637404469506,-0.0884787308417703,-0.065568932554843,0.0780056746976542,0.0082485729517651,0.0173768372598952,-0.0911172050006768,-0.0795268986987297,0.0247258991051495,-0.0365768319025658,-0.0030353156790833,0.0041489065838327,0.0205469232564128,-0.0444272559453458,-0.0780315124289852,0.0287510961970929,-0.0378822248894509,0.0757598802993757,0.0437242119870848,-0.019974115098707,0.047862156754844,0.0119551445761554,0.0288610401071409,-0.0994598675577429,-0.0808295085229962,-0.0214206474790354,0.1268608686448662,0.0011978733840429,0.1359126640225163,-0.0224664225389024,-0.0589578222351052,0.0552050855719647,-0.1016498772910902,-0.0591315257128052,0.0900658977003605,0.0612279290578303,-0.0664826157923372,-0.1351829688506169,0.116862082270353,0.0752371117488389,0.0782318619373514,0.1387262080942557,0.1023863631401096,0.2073571881523852,-0.1326340667053404,0.2291445211674965,-0.0684953181501083,-0.0155637230154084,0.1071692637221228,0.0238835913587407,0.1665854105135289,0.0414456719254936,-0.0618963234328008,-0.0454982991813552,-0.0449629910860599,-0.130965158094814,-0.068901723519915,-0.0346733624177825,0.0809650601283418,0.1198082227051478,-0.0602423255192257,-0.0541701592623637,0.0601947698159417,-0.0113421378125879,0.0762256038558477,-0.1670466865025132,-0.0649329877952814,0.0161421923725098,0.1399738865438879,-0.1651941673753197,-0.1689690334216859,-0.1994691496270102,0.0749208279248181,0.0839562303761569,-0.0749252688414796,0.120326415827122,0.0459175898427133,0.2948176643080138,-0.2132963531997943,0.1782362759424995,-0.1946189533246112,-0.1355931979503943,0.1980825807181387,-0.1406682264667156,-0.1347314980118805,0.0140114551204533,time,1368,60,67.98999786376953,-0.0113421378125879,0.1124037186893327,0.0780863076823912,-0.0878343364749218,0.8704625363865629,0.6047060207157224,3.0458622049980986,1169,0.5165328246792802,7,0.0830725978316584,-0.0204081670481518,0.2168213797727254,0.0,-1.6323961201061516,-1.1158632954268717,0.699210194960194,0.1961578267554465,66.39869451030569,59.88965655511484,95.81828888448756,1.8528573172433032,-0.1111920222357255,0.0224404201926073,0.0270964813054403,-0.183814773815495,0.1821551743697955,0.0304165244871679,1.0,0.001418389149369,2021-11-26,38.0,13,0.144714974123858,0.0599751251263982,False,False,False,0.1666666666666666,0.0,0.0,0.0704603019709174,1.7470699327424244
INCY,Falling Wedge,bullish,1,0.6638068887646841,3,51,1521,1522,2022-10-03,2022,0,69.41000366210938,66.94645846162462,83.21067872737518,64.9907553888136,0.9895988112927192,0.0367987382319399,True,-0.0263651020674657,0.0068789643959188,-0.0347168306807198,-0.0186823322400987,0.0059552378162541,0.0022226813821983,0.0353343585090795,-0.0502672712435317,-0.0333002338619222,-0.0472282313057506,0.0066474195030969,-0.0691164580797912,0.0038278894845575,0.0002725452135454,0.0270907844608374,0.0111811748195429,-0.0135025446707203,-0.0466847700460272,-0.0496419889838094,0.0404863801247861,0.0574696372827245,0.046984112451947,-0.0200816800642757,0.0136867439579286,0.0286709051588005,0.0313701503871242,0.0137347907505247,-0.2468235689051011,0.0076392148972792,0.0220609086996246,0.0400000352125902,0.0165232695480697,-0.0396805169037476,-0.0396106564394068,-0.1425747039307696,0.1160969531593572,-0.0195687056304055,0.0,-0.0093148313302239,-0.037852227571141,0.0790479348246131,0.0013349743359472,0.0671837608080656,-0.059179894764896,-0.0187852226507698,0.0246066607330919,0.0710271202373169,0.0339437106664435,0.0697165434083553,-0.0466063426665904,-0.0269529852238797,0.014601097898472,0.2324776982685432,-0.0519988982511436,-0.0713017523013499,0.1483467258715567,0.004062329830148,-0.0769054336329244,0.1065031199630854,0.1483467258715567,-0.0043390416127001,-0.0982673532366099,0.2088131167026266,0.125658310494974,-0.0269714967187052,-0.0805317282378225,0.0142417569573809,0.0629178476553966,0.0384366081852984,0.1208759393025145,0.0595710884803177,0.0610507044439632,0.1319261190113951,-0.0640782258467753,0.0168017599894751,0.2064515566496256,0.2578401660197653,0.1071711962750872,0.1183611820099523,-0.0001327820815952,0.070205938562458,0.166049644312042,0.0151979377623672,0.0598926769750634,-0.0297722327214859,-0.063066253509941,0.1369170529473413,-0.0505600433140817,0.0667342600875995,-0.0444400188035436,0.0920458099301435,0.0581461168675716,0.1445036486112765,0.1284201847818724,0.0482878558445323,-0.1314064831436651,0.5299158001981499,-0.1497802629784751,-0.1022284205357577,0.2097043797603046,0.0044534660978425,-0.1916138596449951,-0.0277404890830573,-0.1651941673753197,-0.1609574175895528,-0.1063191093736393,-0.3339576070149154,-0.086549725448876,0.0778627775502267,-0.0105643344266281,0.300702050374259,-0.1913683638118067,0.20773776600045,-0.0528693289422608,0.1610979222884357,target,1564,43,83.21067872737518,0.1988283293060757,0.2008355291244783,0.0443740335477902,3.122855791709925,3.154381458097075,0.6969515267259899,3.122855791709925,1470,0.7029081375813517,6,0.1383415955087353,0.097338077952384,-0.0313350517958844,0.0,-1.3292526701194298,-0.6263445325380815,0.2273938113845878,0.12739819478828,66.94645846162462,64.9907553888136,83.21067872737518,1.6228577750069757,-0.0712404120907034,-0.0419439881549486,0.0235777674245938,-0.1389792378164471,0.9066156061213282,0.0073529091875359,0.0,-0.0615033523532709,2022-10-03,49.0,13,0.0368875585337233,0.0602410661917098,False,False,False,0.1666666666666666,2.0,0.1666666666666666,-0.0584755863193181,-0.7944946583386459
INCY,Falling Wedge,bullish,1,0.6812961704387154,5,55,1645,1646,2023-03-31,2023,0,72.08999633789062,72.03594537683432,89.45756881301463,67.58869089399064,1.3287480941893952,0.0007503331950953,True,0.0255237073207901,0.0236647865624624,0.0263488814880183,-0.0335650381661796,-0.0529793258261891,-0.0240557771227404,0.0006006143610182,-0.0496419889838094,0.018679353216173,0.035348952398571,0.0562481453261334,-0.0156837566242092,0.0524227570799626,0.0416027764351147,0.0304265093417095,-0.1228070496563855,-0.038447822390368,-0.0719553345408519,-0.0436942714035131,0.0281513806024491,-0.0376615844351108,0.0049846645924167,0.0353076030361796,0.0403662617552371,0.0279166095028935,-0.0410926271956936,-0.0461851906613793,0.0948370040984154,-0.0355793784625869,-0.0167363712503884,-0.0174201810073926,0.0474638479344318,-0.0551084714467432,0.0752783936108378,-0.0543939355739515,-0.0658071223992702,-0.0090658826163407,-0.1229711145034443,-0.0142039049173932,-0.0310559254070184,0.0994345451945601,0.0158845342452218,-0.0101071346542684,-0.0370821022528975,-0.0713363190946436,0.0551286285732344,0.0450825380093935,0.0287930291702978,-0.0934754179553072,0.1431431730665899,0.0853333536783853,-0.0756725898777191,-0.0118254342712549,0.017360622826779,-0.0310617374547502,0.0798649851771047,0.0490107438999869,0.1306666904025608,-0.0747946690438118,-0.0964767957045613,-0.1001403862748254,0.0737790727446512,0.02706877908514,0.08580976190909,0.0818292655654551,-0.0290016982104325,0.0984402962261776,-0.1618738748909074,0.035183330964476,-0.1417672066191271,-0.169478999830748,0.0157173120644278,-0.0431560055555222,0.1789818798752487,-0.1350092179548133,-0.0145143743503319,-0.170337128808578,-0.113888220232953,0.1891851955245165,-0.0073042612370084,-0.0836609921212924,-0.0162130502554086,0.2339944931341795,0.0351358741795611,0.1186855575460366,-0.0063180169394515,-0.0972860943734489,-0.1523649949634858,-0.0914314689002556,0.2294358798043163,-0.121375273723762,-0.1391810612547258,-0.1545290073637577,-0.2258535832673684,0.1864427889757791,0.0402940056017211,0.0231520337860831,0.0148328415890957,0.1871608015916084,-0.0285057157072253,0.2074928101735917,0.2608839929259796,-0.0213168075081803,0.0223637768261875,-0.1445230298681187,-0.1525321003963623,0.0733995183769318,0.0564624819589685,0.0357536682588175,-0.0769231039152118,-0.1031746163664872,-0.0688189256834906,0.2043266730370405,0.1960932201559428,-0.2001722230543913,stop,1668,23,67.58869089399064,-0.0624400842358495,0.0547926866180265,0.0839228149493384,-1.0,0.8775242264418278,1.344053519087898,3.8583412504610113,1590,0.5412370645990385,5,0.0850286815453623,0.0680965406831335,-0.1210088572007905,0.0,-1.4410264092174874,-0.8997893446184477,0.6796538311070435,0.1379350606093572,72.03594537683432,67.58869089399064,89.45756881301463,1.5521436418805803,-0.0498085158232983,-0.0696375535810976,0.0214770127850766,0.0849721660539251,0.9290738696621432,0.0018299162688997,1.0,0.0167308950854756,2023-03-31,51.0,5,0.0805743513956585,0.0690646329012174,False,False,False,0.0,0.0,0.0,-0.0845190057464342,-1.1615021368717977
INCY,Falling Wedge,bullish,1,0.691485624053963,3,35,2396,2397,2026-03-31,2026,0,94.6500015258789,90.91683690144282,107.95282673634324,87.92055296166552,1.094307968843619,0.0410613122020839,True,0.0131008752644392,-0.0207116509055027,-0.0356008370393648,0.051647667062451,0.0652452037582167,-0.0104920048691218,0.0542501593828872,-0.0435259673364789,0.0410146401768896,0.0474130095234752,-0.0652259252514213,-0.0767982744116644,-0.0686274611653027,0.0215179826954909,0.013206755430315,-0.0132153724893553,0.059489009966994,-0.0028526165525757,-0.0198125398301801,0.0540820320308215,-0.001021560784328,-0.0085530052476223,0.0099938305119329,0.0258848062202334,-0.0445234672767036,-0.0992473479240171,0.0011520001789886,-0.0552137772475986,-0.0005041646663033,0.064157398051134,0.1941271268834088,-0.016348124586235,0.0677683971429352,-0.0979280002725052,0.1001990019385494,0.0994345451945601,-0.0289977140454752,-0.0142039049173932,0.0265515732907806,0.0044487225945906,0.0026516638172962,-0.0481123803209496,0.1092896802751828,0.0431957942840661,-0.0653965598886237,0.0115336097311138,0.0470152865980195,-0.0411939004559864,0.0550478097107896,-0.0775726121743044,0.1819728155955671,0.1402694798214965,-0.0767345328916224,-0.0820813144135804,0.1836076067282275,0.1198435341062693,0.003809745062828,0.0079939787081735,-0.0591315257128052,-0.0856515604074171,0.0606954166699631,-0.0549568926283675,-0.0610591866675594,-0.0570212289796653,0.1538038042669094,-0.0319110137697076,-0.019278165575285,0.0776956305026741,0.0280481972003903,0.0301109184170678,-0.1238880943976319,-0.0459953315897457,0.0123062528463888,0.0150311096176987,0.0524333056143242,0.094178042405286,-0.1327637291082722,-0.1013570594496374,0.1849523155118921,-0.0230621181675204,-0.0339202402280692,0.4729587969262054,-0.0768804975394885,0.0612056713351989,-0.1373754461263151,0.234766182356469,-0.1540685134321042,-0.1405641825828484,0.018018000878927,0.1419934854488627,-0.0208286250898163,0.009059547435696,0.2017960714865792,0.0840899789761078,-0.2114212218141744,-0.1970733950748668,-0.1068238786507429,-0.2598651687743146,-0.0274881661220749,0.1470363413221365,0.0986747547721458,0.1935237823970732,-0.1534242392231815,0.1135371179039301,0.3697451861162268,-0.1442786137095215,0.2436720700126537,-0.1869906208776279,0.2491674990663464,-0.1582376647671339,-0.1322102719355665,-0.1305987114559986,0.2177092424921454,0.0914779248770447,0.2009894731588542,target,2445,49,107.95282673634324,0.1405475435394167,0.1657685637513889,0.0260961561635874,1.9768076215349333,2.331542423171154,0.3670436287808742,1.9768076215349333,2361,0.6232692827053736,7,0.1601174573285789,0.0804676922258051,-0.123875970969758,0.0,-1.4921851511217827,-0.868915868416427,0.4210780320662577,0.0927453833294039,90.91683690144282,87.92055296166552,107.95282673634324,2.5764290945870525,0.0403742198769536,-0.0447307688723669,0.0273738739843015,0.1219454455997521,0.9076937161959134,0.0133953178339987,0.0,-0.0414709939612747,2026-03-31,12.0,11,0.3117518933526864,0.1649005750455465,False,False,True,0.0,2.0,0.2,-0.0214378602904222,-0.4331360429401145
PODD,Falling Wedge,bullish,1,0.8300460188904766,5,73,585,586,2019-01-15,2019,0,76.87999725341797,74.5778597127956,108.4436473803496,66.23839999867138,1.381023729942244,0.0308689140381348,True,-0.0352497292051109,-0.0451411236825375,0.0208746462452167,0.0010555516540591,0.0780300722004565,0.0111620483840761,0.0163500898661115,0.0780300722004565,0.1309240648803222,0.0063728539415617,-0.021775330121561,-0.0517207628160432,0.015666934106179,-0.0505892742055695,0.0507312795216952,-0.1093063829818918,0.0080074026769538,0.085248603893631,0.0922059885561912,-0.0366623524419258,0.0021125385083475,-0.0038490237511371,-0.0513931802209674,0.000650403922271,-0.0252282621136885,0.0983777656055246,0.1308515637952609,-0.0550564102383656,0.0114237860843486,0.0514042590728487,0.0870701063471397,0.0562702635298029,-0.0513660302292142,0.0465581073052092,-0.0761112453463734,0.1617493368805145,-0.0604325511771894,-0.1464493335328244,0.1287390667459238,0.1617493368805145,0.0566667197407155,0.0037317748667546,0.0954509822790172,-0.1015354131350725,0.0127697458044206,-0.0299426876416768,0.1050988829307673,0.0508112617750151,0.0651198538748436,0.0544959558843531,0.1145713620870361,0.0560360697528596,-0.11503755618364,-0.07548848705078,-0.045593745505822,-0.043794810284566,0.0232307801563749,0.1881953011010939,0.0904929521312427,-0.0100785703391088,0.2616713474095937,0.2142300794489242,0.2221242074799501,-0.1105118205319141,0.0837706751957712,0.1800115678924529,-0.1051056782694432,-0.1050750421280006,0.0579356608247062,0.248179012912314,0.1702355948422174,0.2262133827081776,0.229999385361123,0.0920639248854673,-0.0723221668028895,0.1317093569155762,-0.0048701839704702,0.0672275153471226,-0.0060969078303062,0.1199842397733796,0.2201698984729656,-0.1103043055593897,0.1256612392489722,-0.1690557964719842,-0.2180663573427156,0.1224931288931361,0.2643081823572428,0.1886563710869295,-0.0693236921170187,-0.1052692808090396,0.1875292178548466,0.1871436553122577,0.2160510042111518,0.1062113206417856,-0.038328325901089,0.0475382871464424,0.2102518104052062,-0.0480527972230816,0.2129257450527157,-0.0175317845554017,0.366705793941636,0.1994944381120633,0.1467391304347827,-0.2779489184832191,0.0146367835082692,0.1922651568516598,0.1612592852243664,-0.1321681337914777,-0.1558572862352526,-0.0865136336899355,-0.0108477719988511,0.2681856768385606,0.1487913375243439,0.0801897204481856,0.1519642785306557,time,645,60,93.48999786376952,0.2160510042111518,0.3259626181486906,0.0550207580470615,1.5608559704646603,2.3549101312597114,0.3974963181069751,2.9660632113147263,512,0.5654701918783333,7,0.0857221861168917,0.2362893899778064,-0.1071559041071843,0.0,-1.2082971279841737,-0.6428269361058403,0.5261877832383125,0.2282990891026618,74.5778597127956,66.23839999867138,108.4436473803496,3.8807149614606575,-0.1310390083572215,-0.0360869264309847,0.0504185383904714,-0.1048958816972692,0.6037303996628128,0.0036315303026523,0.0,0.0053761818958335,2019-01-15,36.0,14,0.0469322959902336,0.0416986779038472,False,False,False,0.1538461538461538,1.0,0.0769230769230769,-0.0457260429628016,-0.4544958936800455
PODD,Falling Wedge,bullish,1,0.7656372109830494,3,29,831,832,2020-01-07,2020,1,175.7899932861328,171.90255932930165,191.5333353678385,166.45258158796787,1.2661574618096356,0.0226141714934231,True,0.0538711051958962,0.0399056332696097,-0.0387087302622993,-0.0448898011063089,-0.0121361076545594,0.0232006212189543,0.0042664273529597,-0.0019516449169123,-0.0096086092763779,0.1215930621709819,-0.054219785606154,-0.0109191976706551,0.0213740418345276,-0.0625693121693121,0.100408862403039,0.0012996185109399,0.0424647801358935,-0.0500853035351367,-0.0502255853256188,0.0257265816405101,0.0261741680036291,0.0414977200926953,0.0502365149038564,0.0877752347908389,0.0617639870523045,0.0252025588969511,-0.1190604395514366,0.0246424321085105,-0.0377116725215103,0.0482922908944443,-0.0068189436635786,-0.0003006798006025,0.0756174071336175,-0.0245319423219758,-0.0558759043104855,0.009024010035797,-0.0806945699372682,0.0819829925070005,-0.0785138259039516,-0.0177268863120182,0.0578624800897085,0.0646735000239973,0.0324195815745078,0.0097074549446531,0.1007143522144542,0.0823300249857982,0.1052961515021866,0.074578497204206,-0.004919728049555,-0.1004579723001026,0.0040829131723199,-0.0047983012348327,-0.0184931686938927,-0.068576840255393,0.1528363177332021,0.2455163610749788,-0.0127819770708762,-0.1257740778793571,0.0402159721753507,-0.0839883127520161,0.1249323435356761,0.0512590645692527,0.0692301448537211,0.165556587366819,-0.1433398588193367,0.0508739827667072,0.1057497768380517,-0.11503755618364,0.0886918679598327,0.0289550702035392,0.0923723894592416,0.1158154296875,0.1583291035244731,0.2402573098433558,0.0737284910021469,0.1760418940810335,0.0397290573795912,-0.2136623506453128,-0.1138902092089396,0.0385438519716729,-0.0989238142295459,0.1844875381971678,0.1647680917808878,-0.111836655680961,-0.1018167945600542,0.0813918347805455,0.0994604334467283,-0.0116539773691497,-0.0589945358851942,0.1802987265004658,-0.3442968478748854,0.0040662413664629,-0.0497753019749972,0.1658350778400232,-0.0943853514364191,0.0645236411078764,0.2140167302409652,0.2360446352204792,-0.0073371464638836,-0.1003928234948529,0.2371740472099197,0.261275197324482,-0.0573333554315583,-0.4672916463715583,-0.1669366049301656,0.122503200768252,-0.1299706959654508,-0.015785471557685,-0.0992471564577645,-0.2434504241011079,0.2223505782686519,0.0874190273757167,0.463290540742147,-0.1145055236440752,-0.0703733718951956,target,838,7,191.5333353678385,0.0895576692814379,0.0946583993695452,0.0035269079064036,1.6860499023299669,1.7820783668474909,0.0663990340395236,1.6860499023299669,801,0.5740245150571628,7,0.1746852280596373,0.1309998767868967,-0.4499782268599906,0.0,-1.2859470354015363,-0.7119225203443686,0.6219420222251317,0.0808557101643774,171.90255932930165,166.45258158796787,191.5333353678385,4.309999738420759,0.2875701090681106,0.0242560778086184,0.0245332417925067,0.4770471588171272,0.196259736407533,-0.0017434202961034,1.0,0.0300018111422109,2020-01-07,31.0,12,0.2196618017018516,0.2102509660000058,False,False,False,0.1818181818181818,1.0,0.0909090909090909,-0.0786459492853945,-1.0222980003203097
PODD,Falling Wedge,bullish,1,0.6993926742741381,3,30,1273,1274,2021-10-07,2021,2,293.70001220703125,281.1944681803384,326.66108194986964,273.0589825287577,1.605655535087305,0.0444729375638808,True,0.035171896979643,0.0283004063281253,-0.0306842389459366,0.0257583838878254,-0.0002364012267979,0.0302148937780235,0.0180948711260084,-0.0481931117092762,-0.0070921985815602,-0.041855788825134,-0.0497356019800779,0.0297183443790911,0.0313858462633682,-0.0546838831943755,0.016395940194517,0.0094669239182896,0.0722859436114837,-0.0496889004568374,-0.0235998986369835,-0.057738572574178,-0.0064957056290063,-0.015032281343035,0.0427576687768726,0.0328566343050813,0.0007506463671507,0.0362374397838112,0.1399203608602355,-0.1460802974337455,0.045416195750634,0.0684840402902613,-0.0377789414137766,-0.09465001805722,0.0112929739086244,0.0258643826606423,0.0782464244445064,-0.1261361641414065,0.0111878550882789,0.0563389705399419,0.1399618675595237,-0.0213492312839765,-0.0253160261010021,0.0428537442161947,0.013340823918281,0.1875162468265228,-0.053553041971186,0.015266754032824,0.0269321512283611,-0.0354825318452558,0.1674883190562761,-0.0197096519207075,0.0629480887830922,-0.0368791999431022,-0.0953499306754691,0.0939482996050569,0.3107999674479167,0.1004062442367184,0.1081929584772973,0.1374104817708332,0.110993104676367,-0.0609631354466951,-0.060427483862615,-0.0308925003489533,-0.0403703477647569,-0.0467997297683301,-0.1150728890363986,0.1127571765287422,-0.0598290598290598,0.1290991670635664,-0.0114553427241278,-0.1039495999672484,-0.1356687742823701,0.0059877850130474,0.1508273064773975,0.066349833671423,0.0609654919854525,0.1637416302441627,0.0155209816049766,0.1319892405030192,0.159752492966003,-0.041199951171875,0.0500751143907787,-0.0779675687013782,0.0563027688044681,0.2078457062650722,-0.0870804254229915,0.1544908443450861,-0.0077237653124087,0.2334571820229194,0.0342420201451307,-0.0346536510508205,-0.111962057443422,-0.1604976489340504,-0.0612870250318943,-0.1520949981623719,0.026798501892806,0.0674435229980927,0.1157836354620187,-0.1832769091080274,0.056906291022968,0.2429468229574201,0.1996470731847426,0.171866339249409,0.1346745237090882,0.0795515845058993,0.187285625365928,0.1764868360718539,0.2621095172702623,-0.0767508612165208,0.3110800505451665,0.0352484351250697,0.1910503816876874,0.1225399181264443,0.0022790464533068,0.4536914214472825,-0.1901551128694392,stop,1313,40,273.0589825287577,-0.070279294587579,0.1059243583879485,0.1462036633145474,-1.0,1.5071915421113125,2.080323431993966,1.5968713894894873,1241,0.7369816379672789,5,0.1056088442461447,0.0919574456780993,0.2231148162182645,0.0,-1.2836357822707092,-0.546654144303431,0.3116563790285151,0.116643417684374,281.1944681803384,273.0589825287577,326.66108194986964,8.307141985212057,0.0662843067993419,0.010195735608828,0.0283520204273449,0.0204436841060315,0.5013240434996731,0.0039090083728436,1.0,-0.0198553458566056,2021-10-07,46.0,11,0.2136463246232784,0.128188634127375,False,False,False,0.0,0.0,0.0,0.0296728726532307,0.5204721918894087
PODD,Falling Wedge,bullish,1,0.641924461940265,3,23,2037,2038,2024-10-22,2024,2,235.58999633789065,234.41068753864715,244.34465165303843,226.02798359469875,1.2152823316956043,0.0050309514963948,True,-0.0136678181194286,-0.0145452033833523,0.0736731777941046,0.0512439822303552,-0.0566796048786171,0.0194087482859623,0.0260282470951052,0.0453910863247164,-0.017657873585673,-0.0484451314292578,-0.0601197438832441,0.0198816604162814,0.0089697812139848,-0.0215226207754033,-0.0090607701085548,0.0367069181574164,-0.1777803650720949,0.0032384940742475,0.0241578754625824,0.0408726315568728,-0.1425793360150049,0.0378696384931582,-0.0063476578872755,0.0243219622029702,0.0321671383989139,-0.0030714911013831,-0.0115813642910248,0.0041858466042221,0.0013819628933868,0.0705714634486607,-0.0631895486222133,0.0159010722429684,-0.0556107870698167,0.0043919570027051,0.0110230296407749,-0.0166961188711046,-0.0078879521983713,-0.0340602416145158,-0.0476313772123243,-0.0312961855220108,0.0041858466042221,-0.0396027973139896,-0.0364305850311736,-0.0458628958971089,-0.0418580627142978,0.0404788736540899,0.1120590615342624,0.096506692101127,-0.068576840255393,0.1129979134827248,-0.0461821597492289,0.0445399282471878,-0.027278754285729,0.0246782927470385,-0.1221568151079099,0.1014785865556093,0.0583716066323451,-0.0560499913206996,-0.1363463188121744,-0.073051417931066,-0.0332595163715325,0.113768093827842,0.240557147695448,-0.0152294607938784,0.0060716942075107,-0.0296607794962934,-0.0289003642515911,0.0912107234838939,0.1042099831090572,0.0885012370118289,0.0798647841954249,-0.2316718351842642,-0.0775811571377134,-0.0505161123942152,0.0719031091384458,-0.1005950598373822,-0.0203567217225519,0.1259907665340582,0.0856593990047498,-0.2923824916309858,0.1858457853105675,0.2438788211706912,0.0822647858119869,0.1526449968132568,0.0441415364255808,-0.1132039202825104,0.1246605157694531,0.2557485171057672,0.1449320566524097,0.1916379979450646,0.1743458786893714,0.0386338936027399,0.171866339249409,0.1308870966236102,0.1321453492596405,-0.0269875199519208,-0.0385497988661999,0.0854262239710501,-0.0478968878321969,0.0017756762385194,-0.0480527972230816,-0.4955006536101561,0.1160330925262156,0.2763027969382647,-0.3933547693909219,0.151720245303639,-0.1145055236440752,0.0378431468389037,0.1227936514164991,0.217990562373223,-0.3142764276155931,0.1378187474111658,-0.1207648126251215,0.0072506557496323,0.1875057913860347,target,2048,11,244.34465165303843,0.0371605562682364,0.0550108532421703,0.0385839656996874,0.9155661627183111,1.3553638822636596,0.950636291962974,0.9155661627183111,2012,0.3465341990480034,6,0.1697992738061476,0.2077116072419123,-0.3911749047298812,0.0,-0.722868703693058,-0.3763345046450567,1.7602520667749204,0.0558076005904936,234.41068753864715,226.02798359469875,244.34465165303843,4.742143903459827,0.2201640969371585,0.0762314198291562,0.0200428731239553,0.4144795842661972,0.8419755784206847,0.0,1.0,0.0210399071672278,2024-10-22,5.0,11,0.0061085067130854,-0.0180784604321255,False,False,False,0.5,1.0,0.1,0.0232302577219092,-0.0799512674001578
IBKR,Falling Wedge,bullish,1,0.8145712070491486,5,87,1227,1228,2021-08-03,2021,1,14.84151760041372,15.17340325134797,19.467072476261684,14.339018703855082,1.2985300219311244,-0.0218728551160575,True,0.044710147252633,0.0381161466054567,0.0073401840863676,-0.0227480628757772,0.0313304012508901,-0.0346861116491183,-0.0089419792790258,-0.080642480439365,0.0179406851035563,0.0061224345410149,0.0174629590476167,0.0233149581175651,-0.0139999912458989,-0.0137143990509075,0.0237817043408863,0.0060051686236419,-0.004900506872535,0.0710582785935214,0.1364449845796025,0.0241071693085368,-0.0309325312422295,0.0555037785169543,0.0342178150798681,0.0109728699609632,0.0012862906548656,0.024709645144719,0.0005389171940857,0.0773075232011437,0.0538122873668587,-0.0399905674814966,0.0310852306170819,0.0449511839424563,0.0041739165301291,0.0274251672112681,0.0499444899637406,0.1125789836525663,0.0094504448016434,0.0534389736662475,-0.0749171462806337,0.0796174956964155,-0.0069233852796021,-0.053161000124532,0.0044116253700383,-0.0848154802201285,-0.0118164191652854,-0.0041182243293725,0.0602762603919002,0.0334902521563083,0.1480146520177867,-0.0491143298442811,0.1090644325099852,0.0329033985879911,0.065141691438421,0.1734042409776026,0.0241069852701121,0.090532966887419,-0.0156028080287599,-0.098059636249933,0.0254099626700561,0.0864040311936724,0.0246724203847212,0.0711420528944264,-0.0271635890235226,0.1090694605378916,0.1614445959470256,-0.0830752991251998,-0.0236251586347953,-0.0454227616222171,0.0213138949524801,0.0620809237624118,0.0710360162951572,0.0050344885553432,-0.0125216896541918,-0.0863822287688494,0.1455882378237143,0.1730551760164163,0.1049702631669384,-0.0057364357060722,0.1067180814994781,0.2125281872136726,0.0971022830873156,0.3050217364989209,-0.0159815862945388,0.1242759403445299,-0.1849576045621701,0.1101376533921647,0.1482524284652389,0.006459332034131,0.0792351092215095,0.0395818058270431,0.0390070645573101,-0.0074884883734834,0.1769003736771752,0.1413958521488751,0.0527323325998243,0.0076464846370865,-0.1165557924876918,0.1414401384151611,-0.0679124763001409,0.0586621204525512,-0.1425459124446941,0.0644196778127861,0.2051014475563133,0.068203310141989,0.0670819617001372,0.1213064972042916,-0.110448275372268,0.0874054134210242,0.0414944756307817,-0.0770384533221927,0.1158530490389668,-0.1059947773693603,-0.147899780755695,0.3398289246318127,0.1467613554176411,stop,1260,33,14.339018703855082,-0.0338576492032479,0.077499456244286,0.0348597638506357,-1.0,2.2889792430376863,1.029597880271371,9.205104543564294,1139,0.6010860873038562,7,0.0697400709793367,0.3824568282535108,0.2071088031216534,0.0119047619047619,-1.8161821375771376,-1.21509605027328,0.58716531401512,0.1281086779000086,15.17340325134797,14.339018703855082,19.467072476261684,0.3673748425511242,-0.0581168012313181,-0.0518335954732873,0.0246482322072266,-0.1000325465835934,0.1635507354881026,0.0039769328244718,1.0,0.0189868606052412,2021-08-03,23.0,7,0.2288916437674708,0.1278721420424846,False,False,False,0.1666666666666666,4.0,0.6666666666666666,-0.0637389098823469,-0.8572838127633442
IBKR,Falling Wedge,bullish,1,0.7590701091483903,13,108,1478,1479,2022-08-02,2022,10,14.226265779082174,13.622967838405527,18.53130894014673,12.5745451615389,1.2530012447422911,0.0442853530767239,True,0.0477828519515486,0.0452238140178982,0.0027338977943602,-0.0496815152209156,-0.0875913954886951,-0.0463636150177957,-0.1209557527881748,0.025592423427289,-0.053715295677075,-0.1435030275134609,0.019831978930588,0.0104340932254625,-0.0263381759233406,-0.0383806668759587,-0.002643530046973,0.0035643739658131,0.0300671392401603,0.0308721924644526,0.1743423725193815,-0.0310943221786667,-0.06267522340747,-0.0304402477275335,0.0675800667664762,0.1311446708201371,0.0838623451798901,0.0287311839382009,0.0501135722957224,-0.0129160370693546,0.0240684741267851,-0.0436732944357963,-0.0043342841859614,-0.0940880533997204,0.1483053971729031,0.0233047127362377,0.0110616006661707,0.0281483470011565,0.056713507502089,0.024563216378423,0.0265439170789338,-0.0167036137644133,0.1158405405939244,0.0522948844380328,-0.0657088929485878,0.0162477931316948,0.0960902748823273,0.1079145085131987,0.0440016099639073,0.0734680698655334,0.1023400902787021,0.0208479310604645,0.0797865725493855,0.0303140337585507,0.0401261989901613,0.0136482405763875,0.0303823819686595,0.0703626898800409,-0.072743547039429,0.0243902182247952,0.0967044711818045,-0.0009108552601403,-0.1049442114081625,-0.0271635890235226,0.1265189018150327,-0.0851574110921978,0.0057470501693668,0.0004673123258618,-0.0353013899156643,0.0506661120420541,0.0256975499097997,0.1235411607111727,0.2167606054079652,0.0983295243124247,0.0015522078684666,0.036583969039653,-0.1196591181018511,0.2450861902651882,-0.0230776320513395,-0.1545084815357118,0.0442768785138434,0.2073800076205691,-0.1728186571945966,-0.0243914767608158,0.114246190242355,0.085137110423995,0.0200436378577339,0.0089096621539246,-0.0776951667093327,-0.0983938360094995,-0.0625862954531982,0.2520611610028656,-0.0385012259903845,0.1064424282364582,0.3445994881224794,0.409700060961819,0.0788750024524287,-0.1594122733832121,-0.0508350994938011,0.0575641459605749,0.1682192355022589,0.2875141033101975,-0.0756596299837952,0.3047129929532335,-0.0353318089730316,0.0111638272400875,0.100688214317433,0.4906338211294687,-0.0873647995208798,-0.1301771837393694,0.289726712464607,0.1061908035193657,-0.0535064046638005,0.3022080194772474,0.1891477122067346,-0.2057203457353085,0.2651676358704574,target,1533,55,18.53130894014673,0.3026123107719909,0.3198080798443132,0.0015469259559263,2.6063991181921327,2.754506236611733,0.0133236696060029,2.6063991181921327,1360,0.7514166064168799,6,0.0855224685770569,0.1974720383635875,0.0184867869513698,0.0094339622641509,-1.0337331531131222,-0.282316546696244,0.2938524567060767,0.2546710833328763,13.622967838405527,12.5745451615389,18.53130894014673,0.4331524125779267,-0.1271712152209877,0.010498866253803,0.0306847008859993,-0.1507699439581774,0.8083335320156705,-0.005504305051515,0.0,0.0683317571656627,2022-08-02,42.0,11,-0.0182604548568602,-0.0039594302387104,False,False,False,0.3,1.0,0.1,-0.0308721825873686,-0.3200712591988242
IBKR,Falling Wedge,bullish,1,0.670876482222379,3,26,1774,1775,2023-10-05,2023,0,21.688854795957635,21.368924569013583,24.48291724671654,20.793862911283583,0.767667573374541,0.0149717514286127,True,-0.0301826643638106,-0.0578860290491803,0.0406558679880293,-0.0068028198714389,0.0160142248929835,0.0948096989879547,0.0233255226248587,0.0520918336158806,0.0418341771565025,-0.0071349996196695,0.0091320341440421,0.0704746785376151,0.0646411028208409,0.044710147252633,-0.0051495404355385,0.0550215116341334,0.0224217082244813,-0.0059835733958951,-0.0230351074767014,0.0375004742162208,0.0565225465886884,-0.0272686026254285,-0.0578717086268203,-0.0786337244630283,-0.0892032726008643,0.0504575462040679,0.0310852306170819,0.0881884836793096,0.1095563885802779,-0.0202962589342499,0.1804096619603257,-0.0477684772634531,0.1162471573433521,0.0016892574254498,-0.0617194775367629,-0.0181796099974942,6.775834886196819e-05,0.0813150236958419,0.0257627244790026,0.021572452369049,-0.0425589876886632,0.0802104699733501,-0.0352369582351015,-0.0565083256229961,0.0302707395836883,-0.1053619644120752,-0.0882786114763372,-0.1091095985668153,0.0427932377101758,0.0749291849325171,0.0236092597219417,0.0028813952898074,0.1563936417189311,0.0373245206514951,-0.0100374602808456,0.0491416429609583,0.0134119035909336,0.0774539476600451,0.0054609042776128,0.0738991668099986,0.0204300523614755,0.0225181800375857,0.1118125201401021,-0.0223212101917266,-0.1387455905464222,-0.1663342367624898,-0.099720753956617,0.0948645914662242,-0.1067668563559223,-0.1121990287782331,-0.2001911805671671,-0.070522985370575,0.1303624386069146,0.0290987508838735,0.1364946878758628,0.184500233255032,-0.0226756753512784,0.0179104398034732,-0.177846255717706,0.2474112816440135,0.0230482330151677,0.027201170059482,0.0563860569055791,0.0561083937404487,-0.0038650827590765,-0.0229363527204014,0.0956656905248063,-0.1060059618472543,0.2317162453935306,0.1433700551058585,0.2568266579985339,-0.1738114298305474,-0.0393707836550787,-0.1640155910149474,0.3735479975547768,0.0726750683771175,0.0243478584876435,0.171208351132784,-0.1270497326313776,0.0317338735498196,0.2761863221153251,-0.0247489640411182,0.18140498953748,-0.0978260502434122,0.1061908035193657,0.0271193208114117,0.1682502340074316,-0.2866434643241687,0.048151658895833,0.0774681124200429,-0.0036512666541282,0.1401187967942929,0.205917019590373,-0.0817804764951515,-0.1035018062752957,stop,1783,9,20.793862911283583,-0.041265059547582,0.0223533562021839,0.0784069167343703,-1.0,0.5417017798413357,1.9000800578988768,3.1218857942789904,1748,0.6828370752426498,5,0.0235271058126326,0.0542314497686808,0.2248127961382093,0.0,-1.0926414054212197,-0.4098043301785717,0.2954999321046374,0.1120101214609506,21.368924569013583,20.793862911283583,24.48291724671654,0.4990574520655172,0.0648575677461884,-0.026402827002066,0.0230674391695439,0.100801337403021,0.9450983442737756,-0.0092517213450605,1.0,-0.0423797463162536,2023-10-05,17.0,17,0.0085358250075733,-0.0588222852887251,False,False,False,0.1875,2.0,0.125,-0.0193250782612959,-0.7332751145134314
IBKR,Falling Wedge,bullish,1,0.6880671531064636,3,31,2390,2391,2026-03-23,2026,0,66.77185954699156,67.28906876601889,79.93731471509045,63.34916758495911,1.5658860162071344,-0.0076863780181858,True,-0.0479821134318194,-0.018273163771461,0.0025176922390683,-0.0313123232916806,0.1024432787210669,0.0234420787757076,0.0245609720694397,0.0153602338159295,-0.0164101393315572,-0.02177399785636,0.0531962956736948,-0.0039222230867499,-0.0408944530490087,0.0504926550687221,0.0430932036382176,0.002710474346496,0.0470587846551771,0.0222849664100601,0.0738977984806212,-0.0176362073342885,0.0075351948577551,-0.0184542614220256,-0.0638916146008337,0.0180866374707702,0.0059575465647383,0.0437920697578837,0.112032061322381,-0.0273936501658113,-0.0027984890341105,0.1410006200801825,-0.0033020485829536,0.0112614609732915,-0.0452834487509434,0.0105365128631409,0.1278548247414677,0.0599073480772436,0.0153458114157742,0.2000294716384147,-0.0078924033435584,-0.0674092979423254,-0.0274571068041112,0.0771651608000789,-0.0700454006129026,-0.0322590637009208,-0.026863839178546,-0.0063243922069135,0.1901344621677949,0.109129728569427,-0.0968311090957828,0.2349683543521488,0.0579595483457668,-0.0436077812299026,0.0208479310604645,0.1283454330201376,-0.0057957903580252,0.0013675474215326,-0.0326715312606197,-0.0163596365213792,-0.0653226134598541,0.1088097797685456,0.0237911710758944,0.0154915154940067,0.1314957782685841,0.1641659386725864,-0.075053940151331,0.0033299154619783,0.0032022184722841,-0.0086480353186728,0.1626602274668768,0.2473840637132689,0.1208564235453704,-0.170176066573689,0.2178733677023323,0.2429946409826722,0.0968808274061152,-0.0644775229583934,0.2400950331255813,-0.0135985089307177,0.1029789746466807,-0.04655744432361,0.2337383117764877,0.1949498729281895,0.1050676601074722,0.2473264028656991,0.0454419800982521,0.1714430790456147,0.0632091957868583,-0.0587500050795289,-0.1332832090522616,-0.0969454402605365,-0.2044515622649312,0.1886960843618546,0.4228148027909804,0.2851866224022046,-0.2608971772322557,-0.0265062771070039,0.1262371783591906,0.1693685723960853,0.0253086769766013,0.1263423348067591,-0.0495120219789924,0.0559929155071161,0.2313594034746728,-0.1173893545800417,0.3398533063442299,0.081319922186581,0.1860938488853885,0.2567714161358241,0.3362109245948592,0.2408153977994029,-0.0730817807412534,-0.0669692949928234,0.1703417866340755,0.1250898982651374,0.3289773190043027,stop,2395,5,63.34916758495911,-0.051259497417826,0.0436471725791908,0.0579970334280083,-1.0,0.8514943528106464,1.1314397594510783,3.8465206083813017,2359,0.5699088592185216,6,0.1451945974917751,0.0503323683977983,0.0086484853348691,0.0,-0.966487893671621,-0.3965790344530954,0.5282579448401286,0.1645176659044262,67.28906876601889,63.34916758495911,79.93731471509045,2.606425775993447,0.0335298807633246,-0.0583785876432545,0.038493926383669,0.0456178887545637,0.4103577301506751,0.0279517627617789,0.0,-0.0369585881062768,2026-03-23,62.0,10,-0.0017724014711821,-0.0080047155613806,False,False,True,0.3333333333333333,7.0,0.7777777777777778,-0.0116402670132984,-0.3796312829496407
ICE,Falling Wedge,bullish,1,0.6018077485187315,5,35,636,637,2019-03-29,2019,1,69.80846650389707,67.63757172064892,72.90474781464214,65.34294599870212,0.7026146294622108,0.0320959893742813,True,0.0084847242819241,-0.0051079602474093,0.0081177084372441,0.0273364027815052,-0.0415881109429873,-0.0265619735779675,0.0042171595655347,0.0018681917111498,-0.0002592427097914,0.0466825509333765,-0.0180712769688664,-0.0184531625186623,0.0501866394478218,0.0273364027815052,-0.0263651758383487,-0.0301683135276457,-0.0284613216935818,-0.0209198476534715,0.010418610705186,0.051343544933184,0.005310794003889,0.0133108480965258,0.0067207028836441,0.0087456004429133,-0.0104322783475323,0.0362916975992284,-0.0274798966797945,-0.0209178607954695,-0.0029888844440628,0.0168045557855416,0.02952361424482,-0.0129103901512241,-0.1009124813535268,-0.0986287526477327,0.0007598724584327,0.0102584821145987,0.0064652326139946,0.007263933262263,0.0311276935538773,0.0033146157570436,-0.0125734934147879,0.0283896465327166,0.0201666159462652,0.019566626782886,0.0328529737382963,0.010426910397745,0.0663097231921403,0.0341005197819177,-0.0245068853817781,-0.0115600482207438,0.0076666710807449,-0.0057988294667994,0.016193484239191,0.0301069829675486,-0.0893384665344975,-0.0788981560328907,0.0232018445929806,0.0222007693151031,-0.0041288391622578,0.1109133371404884,0.0328654867573514,-0.0509242302622723,0.0200410842220943,-0.0145265972468151,0.0535124194231231,0.0245678226105907,0.0477516416453498,-0.0697133434618487,0.0643284157809072,0.0712701954145897,0.0872521267449641,0.0027159258408893,0.0608026170928466,-0.0085057543509924,-0.0160358863406735,-0.0144140787563121,0.0887649881347243,0.0764478119180478,-0.0079569172159191,-0.0130865445673951,-0.0169678858772617,0.0805029660037337,0.0977977262438765,0.0359821573368783,-0.0235609653939098,-0.0834632665347133,0.1096543679616928,-0.0201919758297284,0.1427484282924869,-0.0728508273812431,0.0551117615597509,0.0475954630077508,0.1331324906227153,0.1068798574638403,0.0556784998554595,0.1897071452662475,0.0845310316770002,0.0428242270933658,0.0474203157021837,-0.0202604589669807,-3.645351298597888e-08,0.2036072246208116,-0.0514816450551177,0.1116911039708483,0.1544176250872906,-0.0588791510316639,0.1168576212135357,0.0827542503997664,0.0519549137450237,0.0029317051759958,0.0919234954981664,-0.185439734183359,0.0125258747633236,0.0449514350648139,0.0842467184505554,target,649,13,72.90474781464214,0.0443539511152593,0.0520818510293573,0.00156641098585,0.6933752307582114,0.8141837326274078,0.0244873467068037,0.6933752307582114,600,0.5254393116893453,6,0.1485297194562614,0.0516378738952898,-0.1512341565846297,0.0,-0.8269896533880938,-0.3015503416987468,0.6856642927355714,0.080293392172392,67.63757172064892,65.34294599870212,72.90474781464214,0.9360898611592876,0.0149129945807888,0.0152710348521518,0.0134921782183322,0.0196820683832177,0.941749874077811,0.0065536594866195,1.0,0.011783592834943,2019-03-29,41.0,4,0.0004843246313055,-0.016353764117637,False,False,False,0.0,0.0,0.0,0.0343123347570184,1.2621779175441572
ICE,Falling Wedge,bullish,1,0.6282395566154663,8,57,1377,1378,2022-03-08,2022,7,118.93651871570064,119.23206996016438,135.12874018038838,112.6248980744414,1.336916369984766,-0.0024787898470812,True,0.031354087015653,0.0289314025281877,-0.0056497030909178,-0.046900602466936,0.0281164535720201,0.0037780413359158,-0.0164548765957238,0.0489693861414066,0.0050300241852661,0.0028651150912721,-0.0343357460360547,-0.0348494694024869,-0.0048051049941293,-0.0170288685058647,0.0125915860499459,-0.0001787808875639,0.0740615839028879,-0.0498164456601983,0.0242320342984267,-0.0250042286579716,0.0162886627477583,0.0200197429793007,0.0313076468153353,0.0831282349439428,0.0223325009089894,0.0184178879817531,0.0622198120001515,-0.0214982146102755,0.1251839507486727,0.0307766660048369,-0.0193343360856862,0.0064904615359644,0.0331033201858068,0.0228306371334987,0.0217184829189645,0.0008616923271826,0.0140877765772924,0.0239922580261708,-0.0189242498451164,-0.0379411832989849,0.0144221866179179,-0.0121919454621302,-0.0486881027021037,0.0060674321373226,0.0122977758304145,0.0714336195428601,0.0365156575541725,-0.0276777137213832,0.041489312212728,-0.0276250804580568,0.0288973620768657,-0.1354516878000189,0.0730800828791733,-0.0189869021750368,0.0486396418387289,-0.0743816130085498,-0.0428849925331578,-0.0133943782803682,0.0830790786870545,0.1002208722104622,-0.003341623080336,0.0038198124975752,-0.0122618196237134,0.0724365380445428,0.0250090345449414,0.0993613393050192,0.0376766545995044,-0.0637885796098453,0.0254360049377968,-0.127621195075511,-0.1399770249203986,-0.0087984728178061,0.0417444580287371,0.0585186086078386,-0.0753501544192473,0.0906547497812877,0.0359195040289277,0.0713145991164472,-0.2181859753791676,0.1162546011206029,0.0537831448692298,-0.0574299542603068,-0.0328010348143271,-0.0643082848909845,0.1229747086335923,0.0701640090933186,0.106116614883541,-0.001664208914422,0.0361225631877764,-0.0307205765489444,0.0128897398528804,-0.1439811270334597,-0.1828892255927718,-0.1677098208128474,-0.1819755472211354,0.072796193538452,0.1973180340820739,0.1197525745278813,-0.017798370187772,-0.036949696277776,0.0630688386462987,0.1051488466450392,0.0620514486862642,0.031427048888637,0.0030192822206371,-0.0878719714721297,-0.0198558169720949,0.067668363428484,-0.0192861195045507,0.1429482492563283,-0.1304171998310517,0.042366499194218,-0.03432240869242,-0.0106089034484615,-0.2013131928681179,stop,1409,32,112.6248980744414,-0.0530671379103182,0.0910693331349106,0.0702090640010019,-1.0,1.7161154100455698,1.323023376908943,2.5654617704427185,1313,0.5466900008429372,5,0.1081324522449724,0.0962443884663559,0.5815079826594902,0.0,-1.0484411080429772,-0.5017511072000381,0.7970991582725706,0.1218001277533623,119.23206996016438,112.6248980744414,135.12874018038838,3.322182823756456,0.0043156520768552,-0.0321598744494525,0.0282976005664786,0.055432200503914,0.0091459727016414,-0.0104993204099625,0.0,-0.0693332391583805,2022-03-08,48.0,6,-0.0047344173182122,-0.0260389817513316,False,False,False,0.2,1.0,0.2,0.0144637727118887,0.4945117470967186
ICE,Falling Wedge,bullish,1,0.6410099024372493,5,73,1459,1460,2022-07-06,2022,1,90.69295170635212,90.64437668599146,129.43349900702913,83.945169446184,1.3266812667634538,0.0005358856460442,True,-0.0121276897549407,0.0042049771282002,0.0700873656218326,-0.0306348982781142,0.08697509765625,0.0289843195002479,0.0017526513836958,-0.0023382712635563,-0.0127124191125662,0.0091148165733259,0.0216239879356532,-0.0444884246096562,0.0030883994417336,0.0196678086612076,0.0255526925789386,0.0091148165733259,0.0229650717595124,0.0019390290725971,-0.0256035234827676,-0.0493439378778628,-0.0278970147497935,0.0015735927517761,-0.0175987477617297,0.0291687971550385,0.0041119353113217,0.0290483599801247,0.0642389085060686,-0.0067048418560786,0.0490733495559814,-0.0367665532096791,0.098190283822503,-0.0070213041077353,0.0118319462163543,-0.0307477637965783,0.0385623681384952,0.0034144962889455,0.0265228126485819,0.0365759583221421,0.0431578845670759,-0.0116594905917286,0.0005486164265802,-0.0159064608967829,0.0368727644267261,0.0159934703747026,-0.0209983209269695,0.012957472960602,0.0770518896652789,0.0008936304275002,-0.0456032091328941,0.0877402420881929,0.0901272997223958,0.0705950892859184,-0.0073757048228443,0.0514592730758856,0.0517648452065857,0.0060033893383306,-0.0133591731233966,0.0249230261177935,0.0541924739592878,0.0147580833344318,-0.0396354913889881,-0.0187793822776433,0.0589673736862412,-0.1235149612312883,-0.108970882174923,-0.0083746358986677,0.0789530239858586,-0.0724105883901431,0.0694788850972723,0.0543649169266344,0.0282430490419614,-0.2735433285284109,0.0426816634876672,-0.0316530333434197,0.144873342935407,0.0039553483547243,-0.0535087450890269,0.1326841097218776,0.0330438180877732,0.035190059804788,0.0622816992840997,0.1135804535125011,0.0212053188506864,0.0052017150961392,0.0044154640944071,-0.0396029599369396,0.0179541863856123,-0.0702155682090071,-0.0045616509719438,0.058574734176741,0.0890542734299595,0.0397843718694526,-0.0476041029909085,0.0065081066793211,0.0125231208377625,0.0970879817123082,0.0689598796821615,-0.0123697069165967,0.0378250392566235,0.0872723590183928,-0.0173945234862928,0.1024713313147098,0.1364587174543399,-0.0400725026002751,0.0536180600994073,0.0271808408578004,-0.0693848393301104,0.0046989495607785,0.0030192822206371,0.1293179758297484,0.0931864228065282,-0.2935482646552694,0.0556997024735363,0.0261117475362264,-0.0727371816745294,time,1519,60,86.37559509277344,-0.0476041029909085,0.1821224762102327,0.0502277391392496,-0.6398186021893234,2.447800522117672,0.6750813444240755,5.741226644102143,1385,0.7642403146585792,5,0.050737973465578,0.0153196125729562,0.0104528174767069,0.0285714285714285,-1.0478075482290377,-0.2835672335704594,0.236790916839192,0.2706265330249562,90.64437668599146,83.945169446184,129.43349900702913,2.5648124039652527,-0.2140788290443317,-0.0463986818093402,0.0283245894199511,-0.2821439827801643,0.294116767082908,0.0029161074991639,0.0,-0.0652869932932195,2022-07-06,48.0,6,-0.1208685459403353,-0.0641410163525446,True,False,False,0.4,0.0,0.0,-0.0577394228858992,-0.8538004320039225
ICE,Falling Wedge,bullish,1,0.7087391315768161,3,46,1529,1530,2022-10-13,2022,0,88.7550737588524,86.59685979646122,110.909553298972,83.36736146799501,1.0009027867339957,0.0249225430051838,True,-0.0313134596619175,-0.0227940237509222,-0.0052931406173769,0.0424339833530555,0.0358883673720422,0.011871952369026,0.0058808768103242,0.0023644636715294,-0.0535926611183815,0.0089669889758301,0.0193600963195772,0.0103280663378173,0.0134227733921901,0.0820116839444735,0.0011192182189487,-0.0279660489308172,-0.0325482886209441,0.0502106916348101,-0.0043870477807386,0.0067028092589258,-0.0186020755322723,-0.0022107379568994,-0.0386115582169735,0.0255229250477138,-0.0054907862016688,-0.0378705296432969,0.0418841191916037,0.0836334786339845,0.0656332993081851,0.0110652094268479,0.1055267147588223,-0.0274798966797945,0.0097646503305779,-0.0524725740984333,-0.0377956620132279,0.0129928817831013,-0.0238663289516603,0.0219262408089064,0.0021490744566343,0.0268415844626825,0.0419184181929532,0.00989370499893,0.0280201413553626,-0.0331615479480209,-0.0099690181881891,0.0135912270384153,0.0996246526260655,0.0286976192839931,0.0334492475216445,-0.0628692022046552,-0.0171626725041725,0.1046168784340333,-0.0868180566731838,0.0197674462617738,0.0245343559432198,-0.0728431820900451,0.0255987638230692,-0.0607527461307894,0.1320867825878433,-0.0210254933541832,0.0099705987468452,-0.0662341921169543,0.1057396471472003,0.0490771184062781,0.0453655335373095,0.0047355791676757,-0.0004779899772816,0.0242179893266276,0.0900758323334528,0.1080965357035881,0.0409955237226433,0.0461776536963252,-0.014563627786418,-0.0614357688564028,0.0392542013727932,-0.0956466323581073,-0.2284098746837132,0.0225468565138655,0.0385848311957157,0.0248009284960315,0.0163403624930251,0.0231559307822686,0.1319807793568155,-0.1535192149037894,0.0607923342691916,-0.0061910263989011,0.0271550454430167,-0.0116541620883051,0.0471012532069161,-0.0326504951194496,-0.1288003518191486,0.1208455845630016,0.1477998701299967,0.0831583376711064,-0.0095774426716466,0.0262976842855591,0.071678787350726,0.1198678230752618,-0.0095774426716466,0.0600727013079946,0.0911290369628785,0.1286942064424303,0.11428046154874,0.0790274117005254,0.1011617401961411,0.0740204559849662,-0.0226578361602814,-0.0568388695064653,0.0501009943801691,0.0928257112926875,0.0410649633877246,0.0544708305864598,-0.1199907646349023,0.0749081326310185,0.0997519408555796,time,1589,60,101.87306213378906,0.1477998701299967,0.1793031313059291,0.0403217073257646,2.434797492285743,2.953769946338094,0.66424410112879,4.112038346537983,1483,0.6230555878710072,6,0.0726070859201688,0.0878265375738944,0.1785101219367824,0.0,-1.692144010264244,-1.0690884223932335,0.360755129174846,0.122460787791873,86.59685979646122,83.36736146799501,110.909553298972,2.1299840792115328,-0.1647559985904977,-0.0735897051470305,0.0242008815910142,-0.2594059838168338,0.908450893408816,-0.0174376832436404,0.0,-0.05805054134941,2022-10-13,48.0,6,-0.0951064315940958,-0.0456996436738548,True,False,False,0.2,1.0,0.2,0.0051186659303027,0.4690933356524052
ICE,Falling Wedge,bullish,1,0.6040312748619272,3,34,1776,1777,2023-10-09,2023,1,108.19321678069166,106.73754579082764,117.67356218763598,102.88800982254384,0.8195532003816643,0.0136378532884451,True,-0.0001787808875639,-0.0073392137695922,0.0037236406644278,0.022864607250981,-0.0374319042052162,0.0499633986432801,0.0239698618060308,0.0058808768103242,0.0395072281714738,0.0058808768103242,0.0189781384316811,0.0079484705303638,-0.0183540955431021,-0.020533408120902,0.0292485397895865,-0.0874961056136253,0.0003058385432366,-0.0281977582906504,0.0014035783474097,0.0206948829746171,0.0056877899817202,0.0184032536604723,-0.0033011664196856,-0.0377881307078398,-0.0089618595492763,-0.0096441863635402,0.0150716212586785,-0.0179681628262188,0.0229038768712577,0.0312437899354218,0.0258560861003085,0.0150067220162317,0.042522266842516,-0.0173629456891892,-0.01825222856894,-0.0369963451755392,-0.0347969821441114,0.0033146157570436,0.0002469362081158,0.0596417728723972,-0.0591467578098876,0.0068333483242521,0.0062351066233283,-0.0086872450143012,0.0280046814317525,-0.0404894292403186,-0.0370735881784141,-0.04342566777879,-0.0128032529054578,-0.0108232132129989,0.037917718027419,0.1721376260449407,0.0178999996877355,0.0512307781747281,0.0224543158050833,-0.0048610948449816,0.0861453425592475,0.018120909399653,0.0101523222406507,0.0532530357966625,0.0339675901717302,0.0266646588394123,-0.035483654650691,-0.2031828632132729,0.0542498323336717,0.0247900025857483,-0.0494301841345283,0.0291008243506682,-0.0531486228311851,0.0191172521934053,-0.0355323866479748,0.0561045652255944,0.003472523599733,-0.0396029599369396,-0.0275059812815676,0.0311570033173664,0.1746362772971021,0.0094368715615031,0.0022990051502806,0.1420466994331599,-0.012289594869993,0.0930061807206674,0.0303113919161301,0.0256375614484243,0.1678488128012492,0.0553150598178899,0.0159522978499202,0.0064964109140464,0.0470933114355234,0.1264022132143691,0.2070527193442912,-0.0366262662545322,0.1262190891249248,0.0425248728518203,-0.0590010327837158,-0.0164094672020933,0.0550753976971758,0.1423019492355071,-0.0660620694320776,-0.1360355915197155,0.0954830145307963,0.0687151191843891,0.0295664862395568,0.0481533923385724,0.1531700738858485,-0.0925874412025828,-0.013450276288407,-0.0806347010458956,0.2455789606109917,0.0398405179064724,0.0650960903391635,0.0937653627866299,0.1049542632494531,0.0331977973690329,0.0906831968299697,stop,1788,12,102.88800982254384,-0.0490345616481808,0.0074146344788102,0.0559229320348857,-1.0,0.1512124148678971,1.1404799014239873,1.786988798313374,1741,0.5158667218196393,7,0.1567438495071277,0.0128217960657825,-0.0328840796946366,0.0,-1.208248065371193,-0.6923813435515623,0.8244566489351977,0.0777629759265501,106.73754579082764,102.88800982254384,117.67356218763598,1.9696467690458093,0.0372546218314377,-0.0122674044125693,0.0181740550315393,0.0619488146049442,0.8578648552352308,-0.00360752252915,1.0,-0.0326350431166012,2023-10-09,47.0,5,0.1002234263684254,0.0895329896680814,False,False,False,0.0,1.0,0.25,-0.0447530039316113,-1.045314674458714
ICE,Falling Wedge,bullish,1,0.7191338098128087,8,80,2100,2101,2025-01-24,2025,3,154.60119480869218,148.62199025918744,172.12102772442563,139.00590141889705,1.430126607258687,0.0402309546459267,True,0.0151804134024344,0.0033950542953884,0.0081612576140128,0.013268457900099,-0.0256035234827676,0.0070139790340113,-0.0125226780749193,-0.0014098533571146,-0.0086031552525188,-0.0097404480177838,-0.0172967564839293,-0.0015069786801413,-0.0264574442004388,-0.0034652394455606,0.0018453209661919,-0.0099163634072955,0.0061313163575258,0.0305668243437784,0.0075376527444148,-0.0364460376346896,-0.0137660493639658,-0.0376106432928137,0.0216714314891297,0.0596417728723972,0.0496217207227842,0.0018376438329463,-0.006127426152341,0.0331300976333686,-0.0039739306806283,0.0027465956042689,0.0290110380383055,-0.0007189610350056,0.0552926055480451,0.0122977758304145,-0.017440413070748,0.0223081937183344,0.015630951950706,0.0872283050479474,-0.1085614728566863,0.0009833688777716,-0.019161162520474,0.0061286213587199,0.0189873919833483,-0.001733354568557,0.0217562896783904,0.0521606649614909,0.0697409207733128,0.0657061505255509,-0.0145265972468151,-0.0456138394309705,0.0249821910691534,-0.0040323570255378,0.0038205875610259,-0.0743816130085498,0.0424578827905488,-0.0133432308811122,-0.0077857890945305,0.1269485674693691,0.0379269589141704,-0.0271584445541817,-0.0490848689450118,-0.0251615925110123,-0.0446436867271289,-0.0223891261486033,0.0229354775105812,-0.0371763366863198,0.0224171416195875,-0.0423602940193922,0.0760493692405493,0.1162546011206029,0.1482027023327221,0.0809356671374343,0.0879601673957342,0.086779713568198,0.0021092121335311,-0.0439542887081922,0.0090495500303631,-0.0303599537768876,0.0395084023785656,-0.048412961381332,0.0022990051502806,-0.1787104678977515,0.0006016350527873,0.0351576408799867,0.0338543736301988,0.1409186845280847,0.0447622790909787,0.0512299996918066,-0.0160358863406735,0.0466439439668999,0.0058073612178815,0.0987473972332081,0.023450988210427,0.1343669869937321,0.0824148608851618,0.0839771996738925,0.1169331215585534,0.148747779509571,0.0816817509813254,0.0531314435697647,-0.0723785171420533,0.0137442338019369,0.0820594317060425,-0.0358109113234865,-0.0181672466073722,-0.1141507134665387,0.0970938381080082,0.0838398452485091,-0.1367955085786336,-0.0136338685982841,0.0551131349861524,-0.0142775825332986,0.001541083374132,0.0568408840762806,-0.0041442247510561,target,2125,25,172.12102772442563,0.1133227523720821,0.1141387661642344,0.0031758006019421,1.1234051503768212,1.1314945594115808,0.0314827400333291,1.1234051503768212,2017,0.4243590389783878,5,0.0348715818935381,0.1843557167349181,0.0002632100781005,0.0,-1.2539733012315877,-0.8296142622531981,1.209214165101696,0.113026312725421,148.62199025918744,139.00590141889705,172.12102772442563,2.663241008375333,0.0587143770516154,0.0272891444725158,0.0172232401450467,0.0736115236996257,0.6190493490765884,-0.0036147819344314,1.0,0.0223311434262807,2025-01-24,32.0,4,0.1754618483479995,0.0999501529497839,False,False,False,0.0,0.0,0.0,0.0318722221536045,0.6993797055400864
ISRG,Falling Wedge,bullish,1,0.6333332333584955,3,32,1532,1533,2022-10-18,2022,0,217.94000244140625,189.9187526702881,231.1387538909912,176.61076022017892,1.616951255845991,0.1475433540771245,True,0.0914471526682647,0.0482751908039933,0.0010295821726069,0.0259546833386392,-0.0042486793636656,0.0272148736454791,0.0082145239862021,0.1997518848574642,-0.0369957918243691,0.0021206748160871,-0.0675930922254025,-0.0988157593338767,-0.047216576318799,-0.0348373482858024,0.0201754118266859,-0.0504388217725789,-0.0518527732887847,-0.0807085813145594,0.0632376749007428,-0.0853688320507016,0.065398988396673,-0.0252335165648174,0.0999577263884036,0.1326970627006418,0.0906093491068926,0.0518089727041828,-0.0074497654887384,-0.1227644808291947,0.0270499419580332,-0.0158199110027733,-0.0197934254914329,0.0202642889439823,-0.0518039548235467,0.0118169987038485,0.0273621935314927,0.0342565907415641,0.0461411420036763,-0.0424029795424951,-0.0340373467990052,-0.0805905384278694,0.0066589560687355,-0.036585206971079,0.0918943035031862,0.0086650891048252,-0.0682201179360985,0.1403745252030771,0.2121684395539398,0.132220580247935,0.0112656361090766,-0.2076397671491305,0.02894048501682,0.0815160636708725,-0.0474341954167856,-0.0094495858162811,-0.0173569122536745,-0.0816630968135238,-0.0741877380111775,-0.0870635973856961,0.0095877746909167,0.0039168344549211,0.0387982714499579,-0.0115561146809688,0.1853377344823006,0.0053470318911299,0.0512651444902179,-0.0572803449431224,0.0164096850161077,0.0965520506319734,0.2154031715822431,0.2877397024529164,0.2053254781116094,-0.0504639092683114,0.3079294192113149,0.1042439331461348,0.2464109803234337,0.0984942685991407,0.1943817681205197,-0.210199872183053,-0.0778446061847324,-0.1604127992171374,-0.1270928183926373,0.0696410969706957,-0.099670094735357,0.0611445064309317,0.2739172915608434,0.0570673873276501,0.0390709031066456,-0.0379182997480403,0.1376118348202692,0.0763853578958837,0.0380821750588613,0.2407007763107636,0.1879415939994326,0.1030073048767754,0.0846195099626772,-0.056707285702566,0.0099133748448412,0.1116562707852415,0.3116545724384143,0.1013636467200662,-0.0190867364199299,0.184256526033637,-0.0037651165909325,0.0399232361932544,0.0832715446566358,-0.0954228509071284,-0.0437158071263967,0.3415102751358696,-0.1371672451129563,0.1268096521770032,0.0997511999427338,-0.0637620222029617,0.0906224764969165,-0.2120847863684288,0.1402595722516331,target,1537,5,231.1387538909912,0.0605613990168394,0.0923648924351302,0.0512526293650401,0.3193562412524922,0.4870644560831899,0.2702686419739933,0.3193562412524922,1500,0.5280948493062401,5,0.0715236133068986,-0.0270946675845705,-0.0213411947838345,0.0,-1.171292802550714,-0.6431979532444806,0.7160743021647562,0.1547360408840539,189.9187526702881,176.61076022017892,231.1387538909912,7.655713762555806,-0.2044364169837328,-0.0644443640859551,0.0395174414463043,-0.3429763095980821,0.1804613240966311,0.0306122842083567,0.0,-0.0337420409122736,2022-10-18,44.0,12,-0.2541552301564773,-0.1473149672012416,True,False,False,0.9090909090909092,3.0,0.2727272727272727,-0.0099151023074586,-0.0238093472969008
ISRG,Falling Wedge,bullish,1,0.82778802644825,3,56,1634,1635,2023-03-16,2023,2,240.38999938964844,232.3522879873369,287.08183969393986,220.19510109428396,1.479499516067947,0.0345927792316362,True,0.0169724274779059,0.0170994305085525,0.0334671324895197,-0.0770146273961064,0.0343671288759912,-0.1065540829220333,-0.0023415482193389,0.0151937858259749,-0.030938087865474,0.0985922814013102,-0.0251317128297292,-0.0203481968838862,0.0188941040234089,0.0782127673378831,0.0165799234251173,0.0027816648509639,-0.0347531902926527,0.0100765053170313,0.0126500605822346,0.0119921171321686,0.0256057121164374,0.0106960685697663,0.0133710372009765,0.0453845987345977,0.018732910593797,-0.0456461083210245,-0.0202023708042062,-0.0153836472216142,-0.0009051225887106,-0.1964277282645407,0.038394405288382,-0.1013859799033717,-0.051080932924051,0.0200000569978113,0.12820709479138,-0.0140802764821441,-0.0448851426063231,-0.0771735984374563,-0.0331911395979253,0.0361559867767431,-0.0152873268640361,-0.0574422961524608,0.001304313688885,0.0091339406980688,0.0982893167277003,0.0624649264945424,0.1107782756838351,0.0618488931641645,0.0207205310045515,-0.1496000019309304,0.0557247041271886,-0.0794895766719433,-0.0607050460430091,0.0578254898759347,0.1140977705789947,-0.0658634594167334,0.0083997873471557,-0.0364589964123295,0.0063026228714515,0.0530172199046292,0.0500341964094606,0.0407521893579181,0.0313149340094272,-0.0198600248525431,-0.0269044023091349,0.0001916704176299,0.0444334024486228,0.043255600884372,0.1064188451037995,0.2698947118796708,0.2231777440159572,0.0576250348772322,0.1568498698072575,0.1369276277120441,0.1943341075030125,-0.1130854345814458,0.0527553929399038,-0.1411052503083881,-0.1315604952130543,-0.0603254943494262,-0.0446032357770015,0.1771201208632631,-0.1155798625666967,-0.0744379831828995,-0.103640991990582,0.0482758189597121,0.0121658405340256,-0.1122364868565983,0.0216963994916132,0.0263987818158808,-0.0316470875459558,0.272098378273076,0.3047132386737021,0.2015139601809819,0.1987385755155439,0.0691739591617048,0.2032664798153431,0.061223024629595,0.3145683125917704,0.1192930807367715,0.1013069221794837,-0.0381621464738629,0.1326944527407154,-0.2202181729403409,-0.2138648362253936,0.0613288535728111,0.1525405115321061,0.1797089067566097,0.1683931370536637,-0.1107345127451472,0.236696910938033,0.0333098498425583,0.0215102369568664,-0.0321813084173895,0.23278362681263,target,1657,23,287.08183969393986,0.1942337053240246,0.2681059824114193,0.0171804355143665,2.3120611761144128,3.191399927130898,0.2045073375665607,2.3120611761144128,1576,0.5959263167921134,7,0.1038397330887817,0.3539511117427727,-0.2061379117909332,0.0,-1.7386800335487198,-1.1427537167566042,0.6480944530688889,0.1180884071191377,232.3522879873369,220.19510109428396,287.08183969393986,5.897143772670199,0.0410606451038981,-0.0209352929696434,0.024520348327111,0.1410001014936066,0.8279672532482846,-0.0067896335622997,1.0,-0.0431663323161605,2023-03-16,27.0,4,0.1335582663492429,0.106875949447428,False,True,False,0.3333333333333333,0.0,0.0,-0.030991936607289,-0.210658060939024
ISRG,Falling Wedge,bullish,1,0.780254596411471,3,35,1746,1747,2023-08-25,2023,0,301.2200012207031,293.02840062191626,377.3415944952712,277.4335464337546,1.2315841111157424,0.0279549715365514,True,0.0305092703145988,0.0102713219328676,-0.0212696146096673,0.0339852881923257,-0.0060759338758346,0.0025935861516126,0.0466813402547829,0.0111118871389241,0.0158131535686041,0.0229530963270223,0.0268502224577524,-0.0229597356187841,-0.0698382852284846,0.0216907297762611,0.0234965624577021,0.0318585197774776,0.0108716263292327,0.0781965502430037,-0.0044832854291757,0.0392204896253032,0.0308146462080913,-0.0651575553230175,0.0201916058934422,0.0037514271238068,-0.0102908679259294,0.0358737784262179,-0.0112963670800934,0.0762790831267099,0.0976161989711386,0.0638147989908852,-0.0410271385416683,-0.0763731513977098,-0.026000291432783,0.0148324719785901,-0.1075796643582923,0.0339230788034705,0.0962835030603919,-0.0069618457491544,0.1152485947078894,0.0312331132146845,0.0043155976013531,0.0438293871869681,0.0190639687864824,-0.0021526332612555,0.0274469428192156,-0.0156670441688452,-0.0264590704083541,-0.0072717423362979,0.0514951808006973,0.0725877326831483,0.0123035975864955,0.0693296567626269,-0.0877283730186041,0.0001916704176299,-0.0042186805524102,-0.0409316563560736,0.0363847228229932,0.0944529375459621,-0.0437418030322167,0.0057249734597761,-0.0641733415723875,0.0321185377040762,-0.1118168151131786,0.0750848004567128,0.1387438854842206,0.1146041301507971,0.0617542627940321,-0.0100914178690907,-0.0465627704661145,-0.0950468254657345,-0.0491510792923081,-0.2113766062880491,-0.0211563586861496,-0.0869657457090559,0.1771201208632631,-0.1600767038010971,0.0496770971701623,0.0480575388889581,0.3089751131973031,0.0923310107314638,0.0914617578943475,0.0892834541211771,-0.1141855282685071,-0.1243114193269249,0.0950962844609975,-0.0099887859618849,-0.0326174702095898,-0.1313673630565796,-0.0411295366470213,0.0403229076557094,0.0621176326976102,-0.1011101954520411,0.0335966903797089,0.0027934615590889,-0.2038848670518785,0.1841633718765198,0.1951095401141636,0.2477460449076125,-0.0200110508400359,0.0846780932512405,-0.0911532311415388,0.1563370233523933,0.0605439532848017,0.2500322600649682,0.125538714726787,-0.1227618488693097,-0.0835605209846945,-0.0042452828966454,0.1835697299016641,0.0456887857797618,0.3032935290369536,-0.0113818297614364,0.1157937834764171,0.1815716900700597,-0.0462567040351812,stop,1779,33,277.4335464337546,-0.0789670496333351,0.0666954261220212,0.1182524233876781,-1.0,0.8445981764762112,1.4974907120977088,3.2002075953048514,1711,0.6063020627106146,5,0.0200088197654619,0.0563421137135462,-0.3679503019980605,0.0,-1.510635280359134,-0.9043332176485142,0.460846565084226,0.1492180049879575,293.02840062191626,277.4335464337546,377.3415944952712,6.671423775809148,0.0569958568862958,-0.0765804009678039,0.0224211865216107,0.2878164200946329,0.930292779779601,0.0057414369372508,1.0,-0.037096442764692,2023-08-25,27.0,4,-0.065252214572979,-0.1362494721505898,False,False,True,0.6666666666666666,0.0,0.0,0.1157699866867352,1.0595714036484902
ISRG,Falling Wedge,bullish,1,0.6988159561213423,5,61,2257,2258,2025-09-10,2025,3,451.1600036621094,461.4031372070313,582.4500122070312,437.0403142602959,1.2704699741431906,-0.0221999651041076,True,-0.0387888994102997,-0.046431989705039,-0.0038930162427719,-0.0157023272189693,0.039235165772185,-0.0715613387747947,-0.0313424724422091,-0.0179557685407401,-0.0149649369089226,0.0248227042121647,-0.079746094945586,0.0184790774553003,-0.0276861580892601,-0.0054667564755483,0.0180119371718854,0.0438492854276011,0.0106369267236774,0.0395357654504431,-0.0904309505410907,0.0358055846571996,-0.022973143087154,0.0273125901405424,-0.0325872030974973,-0.0158923959782221,-0.0292721278352338,0.0004795604415042,0.0584504600358806,0.0669724191935849,0.0203031429581466,0.1219772356545183,-0.0021526332612555,0.0079148558368538,0.0408502644498438,0.0066684297688235,0.0138781193173831,-0.0611751351546254,0.0103780101701542,-0.1891824797975724,0.1343111165364583,-0.0028683436408873,0.0607640491477552,0.0242609943152267,-0.0325115440729263,0.0413733016834427,-0.0018942323795044,-0.0318322755383623,-0.0068046974450288,-0.0385942829612986,0.0638004857453087,0.1156404713863923,0.0438965855233823,-0.0720606905507567,0.0037353468405145,-0.1056057089799159,-0.061473703932487,0.087464969922588,0.1011918533680051,0.0745924840761711,-0.0439484008189667,0.085886419576177,0.029112895723365,0.1351818196257543,-0.0348509744959945,0.0667792026695082,0.0428727933293751,0.0864951594548244,0.233572112571557,0.0618157959040028,-0.0525096432919691,0.2158657313155765,0.1772240985632809,0.0258635223020193,0.1323327099896252,-0.0883008899709878,0.0964119236334613,0.0197476393428468,0.2972548141634519,-0.0505752071700609,0.0814661895484119,0.0908486967348674,-0.05868245682966,0.0318330990871156,0.1363480835959223,0.0691346819135811,-0.1402342924111935,0.3945403518414241,0.1538043463852147,0.0504327055251108,-0.1604127992171374,0.1792415712833468,0.0933657762777826,0.1481447080143194,0.2603732606330078,0.2112928118247048,0.1993856680800774,-0.1089445858044486,0.3090400390625001,0.0845844142088421,0.1290039674076604,-0.0351970025823417,-0.0124662368662362,0.0943530633843372,-0.0354015967335675,0.2408442997735707,0.1035297404869139,-0.0763599380964142,0.0499583039981383,0.1628849066494631,0.3129776902790475,0.0308013474908408,-0.0698468121474881,-0.1304940510437755,0.0749795824228618,-0.1886732011423085,0.2036252806916241,stop,2260,3,437.0403142602959,-0.0312964121092353,0.0263542513395409,0.0402074973428345,-1.0,0.84208538817662,1.284731847295992,9.29836378185906,2193,0.6812046284326244,5,0.0752191926364633,0.0860994586789951,0.1760378501053887,0.0,-1.4210353852829345,-0.7398307568503076,0.4198569334144835,0.1565890074354149,461.4031372070313,437.0403142602959,582.4500122070312,12.864288330078123,-0.1446281164163027,-0.0827079233985683,0.0285885773056461,-0.088592704622518,0.1603910107258385,0.000962445312121,1.0,0.0148127052079045,2025-09-10,37.0,10,-0.0501242036852761,-0.0265931902049855,False,False,False,0.3333333333333333,0.0,0.0,-0.0539159999667676,-0.7634330242386325
ISRG,Falling Wedge,bullish,1,0.6714344962666435,3,17,2403,2404,2026-04-10,2026,2,448.1700134277344,458.83907526189614,499.175448330966,446.21095774723926,1.371840715774738,-0.0232522956508708,True,0.0469464207710459,-0.0013700322660281,-0.0266985029244222,-0.0334223872787264,0.1202343166774639,-0.0097215128291328,0.0214666748046874,0.0379701004268513,-0.0134331369312973,0.0272148736454791,-0.0451613472644887,0.0378974023268801,-0.0189440641397934,0.0042904339815124,-0.0211240872524801,0.0215733493969931,0.0766418351128173,-0.0047526403109632,-0.238151751672588,-0.0298795278771335,0.0265650612350305,-0.0023415482193389,0.0504352437256784,0.0759756047321071,0.0220495699748586,0.0381234977565736,-0.0464727228338067,-0.0492024039784756,0.0256534126972931,0.0125659053587543,-0.0011338273569607,0.0216883211149017,0.0346197052961094,0.0576955583535101,-0.0189967190282874,-0.1162504428093466,-0.0222310983868565,-0.0318777974663526,0.0742153599066357,-0.0158658664400094,-0.0942008753537373,0.0373183948367668,0.0243774627916177,0.1011057126195287,0.0149675474879207,0.0736706485038182,0.0042171142071827,-0.0846655783987633,-0.0069887991108936,-0.0669645600481315,-0.025726802997144,-0.0892645032546206,-0.0668653350828197,-0.0673771724370644,-0.0419138940375475,0.0305475870768228,-0.0684027496448393,-0.0198600248525431,-0.0539558669436061,0.0732106562180328,0.0248913331196256,-0.0666014886528645,-0.0031666755676269,0.0206866454914251,0.0438857927705673,-0.0720606905507567,0.0688590060388938,-0.1168466525950854,0.0294128239601915,-0.0659571751579009,-0.1572017113306625,-0.1299367993364599,-0.1482360053885619,-0.0211673551989896,0.1376118348202692,0.0889577477391438,0.371832651597662,-0.1141855282685071,-0.0305929370110453,0.0017748288762686,0.1656813193561583,0.0490505334102746,0.0984323929483617,0.0054335556259446,-0.0470860378952457,0.1113001017317905,0.4363207277107663,-0.12843758800057,0.0608749206770582,0.0659168060424224,-0.045751633986928,-0.1123468519303915,-0.0737889781408839,-0.176991420073639,0.2059415284655288,-0.112284178559717,0.2788147820366755,0.0272635946903931,-0.1669208604918897,0.4094642911638533,-0.146827404928046,0.1956193274968463,0.1418676611317837,0.0621470731847426,0.2266841399058297,-0.1683770909976712,0.1770818887648588,0.0155320311833317,0.0226971005008429,0.0412753051549845,-0.0767100167540369,0.0700659438074826,0.2055548173686823,0.1575426745201049,-0.1521106085231129,stop,2420,17,446.21095774723926,-0.0043712332860283,0.0959010625008724,0.013811728263708,-1.0,21.93913164218368,3.159686834343499,26.03572497252401,2384,0.6545985394052947,5,0.0287118935803666,-0.013455918009356,0.076712109752123,0.0,-0.9153790604292495,-0.2607805210239478,0.4377918891222822,0.0878370491255973,458.83907526189614,446.21095774723926,499.175448330966,11.447145734514518,-0.1073948944413696,-0.0663175336208505,0.0254031020783655,0.0056461844718109,0.3170398380997686,0.0016485690332246,1.0,0.0229042914627675,2026-04-10,52.0,6,-0.1454820984805697,-0.1594058785696491,True,False,True,0.6,0.0,0.0,0.0099603879962064,0.0711129400580281
INTU,Falling Wedge,bullish,1,0.7320605737344503,8,72,797,798,2019-11-15,2019,1,254.3752257102124,248.92510245377943,289.058456882152,237.72359618023583,0.7782601576010768,0.0218946309661351,True,-0.0267833300518267,-0.0249536067967032,0.0320682431032246,-0.0384797505960144,-0.0320012997815846,-0.0212252359702608,0.0976899125041965,0.0262889779754744,-0.0328188467328369,0.0352854792193286,0.0033398920333838,0.0144720477405737,-0.0613766246005249,0.1040636196767594,-0.0744590417298574,0.0194425057456342,0.0601119399315386,-0.0033160131117815,0.1093088682245015,0.0763952922230211,0.0119780873248762,0.0097755929177973,-0.0436105123566992,-0.0389947294015379,-0.0393481787563457,0.0390645108851659,0.0541608867926979,0.014900066655787,-0.0290115766740104,0.040764858116929,0.0535477002560658,0.0397280080646174,0.0231600417640429,0.0463136675880608,-0.0941684326767596,0.0351140969093488,0.0980593598172716,-0.0146723697674442,-0.0970354511282421,0.0417467528872284,0.0221272087267687,0.0059545906183318,-0.0211552784753091,0.0292412520391218,-0.0148914089284383,-0.0526421535750996,-0.0129607839629415,-0.0385442136512506,0.0241829678517671,0.0533857820615593,0.0894623940538317,0.1190035292030864,0.0099465440884471,0.1009630382629322,-0.077843597447804,-0.0110849480264495,-0.0126050509018323,-0.0020749840506587,-0.0316351045096766,-0.0133399844469401,-0.0007353485673927,-0.06246892230645,0.0727579470789321,0.0664046530496447,-0.1757086303369534,-0.0051856032180146,0.0569097471054544,-0.1222463155070936,-0.016865189634761,0.0246154241532825,-0.0340420715971716,0.1795668451864018,0.0573738818554119,0.1015872606529739,0.0355627841879242,0.0986231864400728,0.0858474987664357,0.2030633896377085,0.0610948329011866,0.081281746627607,0.0185678315282777,0.1932502116110679,0.0285809474695566,0.0596875539142827,0.0829607668188288,-0.4115991553569711,0.2860447079561217,-0.0055059609858907,-0.0554709370587656,0.2091750999497352,-0.0052073927602621,-0.0406088308138026,0.1178439482332385,0.0305736615798604,0.3173432721383484,0.1633940031113456,0.1686393448224854,0.1095941554157884,0.0273627196514563,0.0121922101460505,0.171428193493321,-0.1974235404946537,0.1264431864874831,0.0411642521250636,0.0288167113785819,-0.1569480099035595,0.2100291211800093,0.0009108087411604,0.2670413867381076,-0.0297438946551509,0.0919403833721081,0.0758333158741997,0.1438776610496985,0.1398528355011024,0.0322565424245911,stop,814,17,237.72359618023583,-0.0654608933849018,0.032738818440899,0.0717712264903778,-1.0,0.5001278893094071,1.0963985179421871,2.082873097164593,724,0.6489801800732187,5,0.0091415240751595,0.0733382820385528,-0.1079161618334786,0.0,-0.909319576582647,-0.2603393965094276,0.3910714155799392,0.158998881978705,248.92510245377943,237.72359618023583,289.058456882152,4.149701139555118,0.0255383604375964,0.0105306852340611,0.0163691065492231,0.0958774093244425,0.7203935150328735,0.0059294513345378,1.0,0.0463803501707178,2019-11-15,24.0,11,0.0978214347888064,0.0820048771286252,False,False,False,0.0,1.0,0.1,-0.0387248694962706,-0.8610435048580561
INTU,Falling Wedge,bullish,1,0.7562819352796494,3,29,1523,1524,2022-10-05,2022,1,400.51920262850166,390.4186089662189,479.2103071708689,364.8817243122808,1.112302856769789,0.0258711891039924,True,-0.0589518181448132,-0.0082090167949829,0.0196059123653002,0.0376959191428829,0.0183607565826429,-0.0926621472946339,0.0145096344274633,0.0564400189818359,0.0962488865137549,-0.0887351498265412,-0.030356305445796,0.0045887130184125,0.0504500133695331,-0.1358341459804484,0.029599129727162,-0.0118923783393092,0.0366070405207621,-0.075150801709963,-0.0046157724940461,-0.0248218136289142,-0.0106611193220513,-0.0578512123812419,-0.0505280770561534,-0.0249773625239638,-0.006022195655371,0.019821023984891,0.0263193944457882,0.0324922089548291,-0.0552812345812825,-0.0667466798252434,0.090208732799905,0.0157154150935785,0.0195896760971947,0.0434909980950439,-0.0537896082503791,-0.0263904403692352,-0.0137666184891708,-0.0066284307240133,0.0548910124281298,0.070504836406513,-0.0165803158473608,0.0044178423357867,0.0336954552368442,0.0003203695634115,0.0013861186645647,-0.0336608503249536,-0.0662996871787334,-0.0643033200603933,0.0769359482421256,0.2129796587878392,-0.0360221555033443,0.0220646420507204,0.0343677164895093,-0.0447470342892253,0.0726931165061239,0.0138745687711818,0.1718689816322145,0.0384462492616464,0.1335725964903416,-0.0373348517498803,0.2141308069618961,0.0940482488706864,0.0302783722450363,-0.019823288037656,0.0881845197724704,0.0295984755159206,0.0685417040092817,-0.0514627868056647,-0.1219094616397946,0.0089727106829189,-0.0755810132171221,0.049966531887063,0.0777396351889454,-0.3346733893254467,0.012985828707966,-0.0796315663675872,-0.0090605254502645,0.0253751733011207,-0.0722600199354241,-0.0209868238566628,0.1904239279837742,-0.1549503465080419,-0.1104857609567385,0.0336691848951482,-0.0231084390236723,0.1107658184912285,-0.1440110165001733,-0.0188998028369288,0.012370322001505,0.1457182570645556,-0.048742345005033,0.0268624784951522,-0.0561386971334342,-0.0789440070119843,0.2255312856642,0.046312758156197,0.0219661826569754,-0.0549113243792652,0.0468970053364596,0.0785595018436395,0.3038470910615074,-0.0342830420601412,0.2267793065834236,0.0618829765117059,0.00930066008198,0.0703002163240817,0.0342773831572078,0.0250684822973064,0.036557304729694,0.1725393263663464,0.0380732898627906,0.0532102100361788,0.0391677420132146,0.1282590765021827,-0.1326054687707185,stop,1527,4,364.8817243122808,-0.0889782015003064,0.0119552652573091,0.0917619309404427,-1.0,0.134361731926757,1.0312855215457088,2.208099682141367,1493,0.4848285454711226,7,0.1223821319616104,0.1440349387292885,0.0140762463343109,0.0,-1.5514571748924575,-1.0666286294213292,0.9203375945075456,0.1222627480252394,390.4186089662189,364.8817243122808,479.2103071708689,12.95296008710179,-0.099416531240553,-0.0596297701165599,0.0323067355321339,-0.1637225393420421,0.7681671300819175,-0.0162861649439428,0.0,-0.0481195952187228,2022-10-05,27.0,13,-0.252507445350712,-0.1586029435914463,True,True,False,0.8333333333333334,2.0,0.1666666666666666,0.0261547012526415,0.3243067465124741
INTU,Falling Wedge,bullish,1,0.60894623798284,5,66,1921,1922,2024-05-07,2024,0,629.0890765389566,622.7388406970674,673.7925303538743,591.592694021339,0.6457193502752637,0.0101972695886145,True,-0.0089370787674967,-0.0245408116166894,0.0202727156171029,-0.022986798966012,-0.0496274278952612,0.0283354229083274,0.0121694165325008,0.0671015906428034,-0.0211371317904511,-0.0579072324568743,0.0435221350439141,0.0227205584259313,-0.0519334465991396,-0.0894297601996761,-0.036855840096831,0.0009580745578321,0.029556182968772,0.0145606706148895,-0.0207792919148946,0.0173618937991351,-0.0194293763735151,-0.0115791153741824,-0.0026817407397152,0.0415971436969135,0.0103507375031721,0.0351206779469643,0.0489758426952346,0.0313939969059102,-0.0435630776867643,0.0480134480455738,0.0164602880485384,0.0528047902036359,0.0098512339543748,0.0616468278232271,-0.0034413921717021,-0.0234954862281032,-0.0204360534384161,0.1408825774527318,-0.036263669924792,-0.1260625146156424,0.1051638348690009,0.0463136675880608,0.0244664843613191,0.0345774170657928,0.0541608867926979,0.0187686547125314,-0.1043124970137663,-0.14198277971627,0.0280653174299432,-0.0500526985974338,0.0706401521282675,-0.0370354871125685,-0.2712703857555336,0.022581938384329,-0.097268034771069,-0.0126050509018323,-0.0236307987973946,-0.1035823206287296,0.065394685526406,0.079191984142575,-0.0035907205628519,-0.0499942189310776,-0.0373586119157286,-0.0376454252109191,0.1161080987769755,-0.0421689858384252,0.0202869777545635,-0.1947668557461221,-0.076377474982435,0.0430477119155101,-0.0368524483601542,0.120644716388425,0.034796003555608,-0.1169062529029417,0.0304406225152586,-0.0056589398017566,0.242908099741516,0.0371931115915373,0.004133415359846,0.0869507405061182,-0.1037023318055105,-0.052643140940207,0.1852393182742542,0.4160483135463115,0.0456344329169817,0.1173513768117355,0.0422273449914443,-0.0442657580646957,0.0830049052766457,-0.00731402295305,0.3030540542844981,-0.0279090885490908,-0.0255251330807955,-0.0630971221761509,0.171428193493321,0.0659665006696825,0.0961219783609015,0.0636658016217528,0.1681042865509645,0.0582004076419957,0.0437870911273741,-0.0385236622274615,0.0121922101460505,0.0303859603723717,0.2074434762155486,0.069495514993666,0.1596888318987546,0.0292451235424135,-0.0828427948918404,0.0663443273151558,0.1080539567366689,-0.1084171343017255,0.1104984689912125,-0.2075080204730408,-0.0766916589699838,stop,1934,13,591.592694021339,-0.0596042498844687,0.055322499290868,0.0634172301423754,-1.0,0.9281636695051096,1.063971617213494,1.192207109416855,1855,0.3626813834456085,7,0.1744340011367458,0.1909751378446702,0.0506311938067132,0.0,-0.7466406061615707,-0.3839592227159628,1.255924498822596,0.0902217857262236,622.7388406970674,591.592694021339,673.7925303538743,14.089880637137997,0.109884007893531,0.0076635447757773,0.0223972731103096,0.2898691358611791,0.9553435453764328,0.0007091239363699,1.0,-0.0041978662149289,2024-05-07,4.0,17,0.1979898782035256,0.0718362727673924,False,False,False,0.0625,3.0,0.1875,0.0303320254696184,0.4810707313107543
IP,Falling Wedge,bullish,1,0.6583269442869768,5,45,1231,1232,2021-08-09,2021,0,43.99509345942958,43.78797288646493,49.17208958435967,42.011844854933145,1.943569635601359,0.0047300790448026,True,0.0223866388422999,0.0125358489086668,0.0065844508179371,0.0199237977579684,0.0676271832016066,0.029576528955417,-0.0089567066449828,0.0104337903820423,0.0181610163450445,0.0118405822081653,0.015692564405292,-0.0327478335710282,0.0023722418963929,0.0161984450805048,-0.0079107963041141,0.0304150256373489,0.0457496444270468,-0.01375552986371,-0.0285869887144259,0.1558548000914557,-0.0890820255244422,-0.0033647156168333,0.0100853650939656,0.004853982358526,-0.0056519725731145,0.0121615153581584,-0.0128343954328862,-0.0122699757723377,-0.0373654455693495,0.0265364971883084,-0.0653292761759313,0.0174994140113542,0.0031737242704441,-0.0367906043532269,-0.0086779625307408,0.044677985911822,0.0994973060869255,0.0249486455353147,0.0242368558362306,0.0347456490928743,-0.0687112805615827,0.0040091559029873,0.0544705904194593,0.1123715303131485,-0.1430888884789908,0.0011909303059269,0.0089789970691367,-0.0110160428038073,0.1766847933540882,0.0626515190821848,-0.0344760236796981,0.0084244370533852,-0.0183906406624804,0.0731916866495137,0.0152304961377065,-0.0422605989036817,-0.1149119329328153,0.0553859633692781,-0.0212154936224131,0.1158192283780359,0.1580717601791994,0.1269720907008862,0.1165470153496432,0.0163534689676221,-0.0229299142805142,-0.0084326543547359,-0.0676046917079494,0.0224260483392901,-0.0218978308016905,-0.0136576866341285,0.0046935695895752,0.0450024835631821,-0.0597518018265604,0.02810316260563,-0.046969201587332,-0.1028973634908191,0.0420326439369393,-0.0924512192635524,0.1086589620851647,-0.2478633393213739,-0.0519021364186602,-0.0796774262289197,-0.0231081233370558,-0.0544872239219704,-0.0229061031189499,0.0545799317063968,0.1057629186692958,-0.0032684281695173,0.008076399670797,0.1011560672525453,-0.0374194815665185,0.0028087773039353,-0.1114933867776825,-0.1584190941821711,-0.088282305246311,0.1808541110689518,-0.0518713932057137,0.3104320188409015,0.07199782352473,0.0851686450380588,-0.1162942640486938,-0.0037647795937143,0.1359723054346155,-0.0156110561992256,0.1038083980671022,0.0340905576236263,0.1076759014204857,-0.0915185699862042,0.0454188335312144,0.2918522582159413,-0.0263465896767666,0.0680731298829786,-0.0501738656439096,0.0978527914746265,-0.1659600843038172,stop,1260,29,42.011844854933145,-0.045078858766951,0.0380282263321135,0.0580569442260629,-1.0,0.8435933688719153,1.2878973828109994,2.610361662775284,1186,0.4973916000839012,6,0.1639449919710886,0.1651033875047394,-0.0133823099412206,0.0256410256410256,-1.0520486030288905,-0.5546570029449857,0.6977456883107708,0.089159387009294,43.78797288646493,42.011844854933145,49.17208958435967,0.9007645829101268,0.0865509557515473,-0.033458896315974,0.0204916672457054,0.2485331670243635,0.6838235947501351,-2.846577407122908e-08,1.0,0.0115542349055555,2021-08-09,13.0,6,0.2247039873228851,0.1489361746300979,False,False,False,0.0,1.0,0.2,-0.0519134533615832,-1.1351807790372783
IP,Falling Wedge,bullish,1,0.6521355127162637,5,45,1317,1318,2021-12-09,2021,3,37.47947108461097,37.19382425244925,46.90070423582995,35.93234484863106,1.4074830722138334,0.007679953269202,True,0.0109675653380862,0.0168919064638253,0.0248148191506218,-0.0355063421060029,0.0433390444920969,0.0079544154450028,0.0261165557783296,-0.007599369730012,-0.0243337171697974,-0.0662357779616195,0.0035518499116908,5.434045680097199e-08,-0.0138523393795066,0.0409852626096745,-0.0351650778513215,-0.010340357078119,-0.0314595865844952,0.019259129991769,0.0181176258823858,0.0098606108374315,0.0123287572484245,-0.0468389565050303,0.0142177352719873,-0.0141939140835616,-0.0206371331469992,-0.044824619896391,0.0215378515400472,-0.0076774772034775,-0.0965593752452161,0.0858318691660315,-0.0252871298425816,0.0008714054322684,0.0556172566859218,-0.0090595727461012,0.030642917507659,0.0432314734121239,0.0632322714613973,-0.0140535881941611,0.0321145967615315,0.0834504709710228,-0.0100249135780461,-0.0422489580113183,-0.0118632257409492,0.008641898977687,-0.0141721098085259,-0.0216639661660077,0.0509675919314032,0.0541697366363871,0.0157464322964975,-0.0496946485280556,0.0275801464218059,0.0979182462868972,0.044602599200183,0.003536054484224,-0.0138166237345066,-0.0386331565311673,0.0518059289833707,-0.0999041639916873,0.073796736943301,0.0008106397469245,-0.0969871958127165,0.0385091736237963,-0.0645945706019445,0.0652230890007121,0.0043667130424092,-0.0027927935144917,0.2540967399998677,0.0877196063232559,0.0310031442494694,0.0034405565858046,0.0469131736366212,0.058008439826114,0.1325593072494921,0.0366606567429901,0.0255362031146275,0.197980274328807,0.0073284505627642,-0.0173785247765763,0.0686046302267073,0.2741260475287843,-0.1690938912030505,-0.0727155322755266,-0.191296040859497,-0.0808050110111874,0.1203691104070223,0.1991190453955134,-0.1654648501727846,-0.1168211560828677,0.0967076369499757,0.0126685716901957,-0.0132601309102725,-0.0167011052507569,-0.0961756429345623,0.0136161159198098,-0.0568739531679061,0.0071093585195105,0.0612993465327713,-0.0118641225413013,-0.1594519074008393,0.338267327794687,0.1175362834451885,0.0662368987895312,0.2266893548926918,0.2530450083983069,0.0763091435202134,-0.0358898528370237,0.3100349146846659,-0.0445499396404645,0.023270266478407,-0.0592461172610448,0.3043557847808131,-0.0275549371347959,-0.0059654072665743,0.1124944252621118,-0.1709382367270098,stop,1324,7,35.93234484863106,-0.0412792974716006,0.0150533999232416,0.0565594948019922,-1.0,0.3646719020254195,1.3701661187645973,6.089505130298441,1269,0.7222631149148759,5,0.0541659989804958,-0.0135938837299296,-0.0209055541258572,0.0,-1.7951475985060434,-1.0728844835911686,0.3230020138411419,0.1214848472154038,37.19382425244925,35.93234484863106,46.90070423582995,0.9839074110480956,-0.1343102262237792,-0.0779404269187932,0.0264395445303821,-0.2201919126193259,0.4367789884462757,-0.0038792594739576,1.0,0.0058884585804643,2021-12-09,13.0,6,-0.0704603427869726,-0.0172353583883932,False,False,False,0.4,0.0,0.0,-0.0245336527256618,-0.2217268401876951
IP,Falling Wedge,bullish,1,0.856711883087775,3,36,2090,2091,2025-01-08,2025,1,50.741673747964384,49.34221987042224,57.60161718873815,48.571936196670976,1.3686701847407023,0.0283621993744354,True,0.0275799135899326,0.0177484403798797,0.002609387721874,-0.0045455720637077,-0.0065987299843291,-0.0244514098659499,0.0177069357960963,0.0086636372597934,-0.0155908515048091,-0.0004782409910362,-0.0872675255636015,-0.0035714043138125,0.0065844508179371,0.0114064285673292,0.0890885139138766,-0.0460807525757321,-0.0066668792659604,0.0358876854432135,-0.0190733303705911,-0.0142307548369405,0.0045389070338688,0.0093581266992739,0.0297154824940929,0.0975342971637958,0.0598301544756536,0.1022008958139921,-0.0151294222868189,-0.0573952063265439,0.0809277839318862,0.0041119215934353,0.0265364971883084,0.0137022923868483,-0.0222995605345459,-0.1121472794921935,-0.0984084617876116,0.002837801530142,0.0007521038004225,0.0768249825241456,-0.1136749258834958,-0.0283228381876337,0.0023059011593993,0.0034442315126035,0.0231803017340916,0.0138925064035606,-0.004201564117754,0.1025773991156838,0.024109585800724,-0.0013053764587536,-0.0005385984605602,-0.0507384277127063,0.1048066392194504,-0.0053977242201731,0.0846341866917617,0.0279674836960486,-0.0217469589173104,-0.1536781400497999,0.0430578380216339,-0.1202653321187156,0.0603139245435977,-0.0105101962251161,-0.0289338356971414,0.0034430118647443,0.0131732478369424,-0.0878157401943913,-0.0196193117530697,0.0922548465873329,0.1536762877033934,-0.080465615808694,0.0239287065503627,-0.0809254731544868,-0.0377428425003111,-0.0294700384242448,-0.0156207409403867,0.1653651105089442,0.1073889673866177,0.0556681960374065,-0.003880982648611,-0.2465773447382824,0.1986339630377707,0.0758112522478531,0.0580849093255275,0.0378340799951808,0.0898363581412011,-0.1355071542843071,0.0552864431101183,-0.0155588483037893,-0.0819842366724867,0.1650848957176311,-0.1443150843010916,0.2440871516757878,0.0462159962264796,-0.1122446178093527,-0.1391273831618412,-0.0026102819886403,0.2592911310547878,0.0006521085121191,0.1243251013272572,0.0354560454695707,-0.1081991946577259,-0.0317744003257662,-0.0770466804211474,0.0919339486196089,0.1530630616957213,0.3249520032981334,0.0753011488939074,-0.0278189884249083,0.0927279548290516,0.0136739373465284,-0.0211360535876734,-0.189142844237258,0.0506096542940726,0.1840330158753358,-0.0921824822548743,-0.1131918384584486,-0.1764037146042558,stop,2108,18,48.571936196670976,-0.0427604647428574,0.0986302127054265,0.0458446664262051,-1.0,2.30657485363045,1.0721274125970013,3.1616466409425694,2053,0.8289448316535146,7,0.0832397924631518,0.1494393937266038,-0.2676840612988088,0.0,-1.2384491904211228,-0.4095043587676082,0.1393332926155482,0.1215310597097776,49.34221987042224,48.571936196670976,57.60161718873815,0.9433386791206708,0.1784560848491272,-0.0182279570300353,0.0186148022825951,0.3041545160525543,0.9517243737980404,-0.0046633591012774,1.0,-0.0218395778752243,2025-01-08,57.0,8,0.054345255872749,0.0034170277080154,False,True,True,0.1428571428571428,0.0,0.0,0.0416610967784513,0.1428675985739321
IP,Falling Wedge,bullish,1,0.6379614899414636,3,31,2272,2273,2025-10-01,2025,0,44.0478023661624,43.976336530329775,48.77606075149879,42.67824676238557,1.1464449221809314,0.0016250975290617,True,0.0093013884686001,0.005333880300826,-0.0348556753515841,0.0130920098627498,0.1161900186909949,0.0392714574444028,0.0264096434923499,-0.017481143971999,-0.019631901478632,0.0338755667548065,-0.0189000763571555,0.0458474119956144,0.0520704860927931,-0.0465731712039539,0.0306613754868085,0.0356281638341489,-0.0572234749797931,0.0029409759255798,0.0335050214783247,0.0084108199943127,0.0255731333651136,-0.0917488662070458,0.0004482997252083,0.0153579230570126,0.023233203670726,0.0768249825241456,-0.0222177436323814,0.074602348600999,-0.1577007691801689,-0.1144478411685211,-0.0602821918516809,-0.1233683064364791,0.0573787214172603,-0.1031219938398947,-0.0583454261447984,0.1225103424699045,0.0307583083391651,0.0171137954385871,0.0047229199796452,-0.0121091326689053,-0.037037242900224,-0.0694748394290706,-0.0817902186656777,0.004853982358526,-0.0362745371519004,0.0397281651540861,-0.0432619600623037,-0.0685286807121264,-0.0679563586706044,0.0504341906113459,0.0477955665804408,-0.064048743586606,-0.0038742722079029,-0.0765530432410322,0.0265192381205059,-0.1674495758799875,-0.0937069308835004,0.0714452523325406,-0.0411550186912463,0.0385787807053203,-0.03428033229807,-0.0653785594776943,-0.0768311147496104,0.0532707801276775,0.0841947408527536,0.0025772724988937,0.0324032763958519,-0.0861647449459745,-0.0247529802419588,-0.1380723523695389,-0.1518393047128116,-0.0312097587374938,0.1079294657596512,-0.1228814424386113,-0.0238726073027909,-0.0548821997566189,-0.1307420486229171,-0.0917229639548212,-0.077502569647111,-0.1473470241557427,-0.0978336662660152,0.0261346802207609,-0.0727807604129048,0.0544856515536216,0.1009254155445875,0.1505675538795154,0.0857038191188943,0.1218017553142427,0.0420308790101831,-0.0042087037741707,0.0153414198587678,-0.1305691971290903,-0.1264662605353594,-0.159130639503787,0.065661230681163,0.1950757582875864,-0.050550880515283,-0.028078195902939,-0.0312090324821875,-0.0574262968802143,-0.2525106985186052,0.1882381026275266,-0.0159260862602967,0.2475780751624297,-0.2122372848106636,0.0083382980066821,-0.2400069142322022,0.0198082875896783,0.2246614676797136,-0.0802393871777659,-0.1833425500118674,-0.165243752070352,0.0757337197406795,0.1167134365076867,-0.1177181254063979,stop,2275,3,42.67824676238557,-0.0310924843058442,0.023794073946306,0.0449924686757193,-1.0,0.7652676998162432,1.447052870820699,3.4524033725226224,2241,0.6465005012781646,5,0.029769098768933,-0.0786851929489588,0.0829957977281716,0.0,-0.9492491935896792,-0.3027486923115168,0.3970999321205425,0.1022891852839572,43.976336530329775,42.67824676238557,48.77606075149879,0.9119625969188522,-0.0691078412026885,-0.0352708460115602,0.0206949756075444,-0.1211243746248738,0.2924537468555785,0.0004310383220915,1.0,0.0412639543120214,2025-10-01,57.0,8,-0.0324754667774702,-0.0247406359051315,False,False,True,0.2857142857142857,1.0,0.1428571428571428,-0.0160304324115187,-0.2774243729737375
IFF,Falling Wedge,bullish,1,0.6748794499701484,5,50,962,963,2020-07-15,2020,0,110.34008553329964,108.2668137842141,123.89786981462828,100.05361535548984,0.6922951810028347,0.0191496514640006,True,-0.0057235412745564,-0.0278318615429995,0.0182608437532629,0.006615782319572,0.0067381499391179,-0.0210210331682503,-0.0109626575124466,-0.0151925764363891,0.0435814886618932,-0.0617746405624818,-0.0556125221786519,0.0348166825314362,0.0021006774097191,0.0759735439245534,0.0157582436925405,0.0024218381973795,-0.0085750307920636,0.0017409322054173,0.054092299735158,-0.0499760449301202,-0.0246785328674218,-0.0278153406577411,-0.0050481464377806,-0.0081211219370369,-0.0247885915945611,0.106961348895926,0.0751742984545562,-0.0054024974215981,-0.0180819071791631,0.0573982832808273,0.0406820082676757,0.0386533697672319,-0.1672376568881781,-0.0388743615141311,0.0076909913232936,0.0328696264862713,0.1162162426779516,-0.043558161457089,-0.0199998754838685,0.0639484912207772,-0.0868937394039407,-0.0439455960217227,-0.006468221773528,0.0565357467886518,0.0407132969172261,-0.0184402062838954,-0.0177120668861938,-0.0729047588087166,0.0340078322078594,0.0455526241541606,0.0303450670710134,0.1403764641116118,-0.0215323695774275,-0.0528301734359617,-0.0640449219672544,-0.2223024947519748,-0.0292369392734384,0.0986882397915274,0.0611134879726023,-0.0405405456567689,-0.0164161565631071,-0.1013731510079424,0.1567671169273654,0.1653554568074815,0.0192138889616104,-0.1108497678506175,-0.0729005973818703,0.0222418915064372,-0.0197938144884591,-0.0690695929915368,-0.1131614160121514,-0.0993427906207731,-0.2811220970114583,0.0653171973755619,0.0403225366600517,0.0937319205926172,-0.0825294696969288,-0.1151066868665573,0.0290826656446296,0.0162280495578106,0.1235516692174441,0.1769660529039298,0.0331086321430598,0.0186000760551632,0.1764006448086599,0.0436208454141393,0.1459949632519579,-0.0288441206288008,0.0353637984580657,0.026833194012845,0.0836012933720247,-0.0941585117237089,-0.0954705688782271,-0.1747920161830947,-0.0568060094453799,-0.0215021821068133,0.1000028814722513,0.0328796233996013,0.0129592348267273,-0.1005188727098416,0.0360263689787532,-0.0904419389930247,0.0820501394943966,-0.019576370593741,-0.0254530920161676,-0.0455021290131402,-0.1097215014578235,0.0246319617375907,0.0236252594850967,0.0384706280146771,0.1037314469234957,-0.0997529956250886,-0.2769382973785779,0.0626019851972305,-0.0790088758877382,stop,1011,49,100.05361535548984,-0.0932251423233258,0.0267614562251562,0.0977280366223238,-1.0,0.2870626481034644,1.0483012863995524,1.3180210555196847,912,0.476679303336643,6,0.0650026286018886,0.053530582267985,-0.0910763650449879,0.0,-0.7295217982567382,-0.2528424949200974,0.8041479753373096,0.169847501903607,108.2668137842141,100.05361535548984,123.89786981462828,2.893736381555597,0.0404494829955186,0.0103672414398305,0.0261386828825377,0.0169427215567121,0.6847291751228981,0.0146442540594895,1.0,0.0329318336875767,2020-07-15,14.0,8,0.04958355869298,0.1208814501437838,False,False,False,0.1428571428571428,0.0,0.0,-0.0559305474398003,-0.4785000295466771
IFF,Falling Wedge,bullish,1,0.7102534429737413,3,17,1414,1415,2022-04-29,2022,1,108.30533004981082,110.70710498141216,119.58331021524292,106.41537553234576,0.9274980598734802,-0.0216948580852566,True,0.0038623955190926,0.0056336689199475,0.0149077013713445,-0.0054065200349049,0.0098049281501877,0.0338021120981537,0.0150476320364931,0.0054610826174621,0.0145161335725925,-0.0097786318922136,-0.0074958762299541,-0.0029804711740315,-0.0469034593296584,-0.0158315170801163,0.0283859305919884,-0.0051471326357681,0.0031906339327703,0.0967022424515353,-0.0476154344584588,-0.0045709340367401,-0.00465001060328,0.0243146539112348,-0.0009252576438392,0.0861272422299059,0.1112439413080549,0.0899189842913914,-0.0669235525099373,-0.0571083152323805,0.0134905223835146,-0.0397211119400756,0.0042577308953599,0.0444527037393094,0.02701977665749,0.0084868987371991,-0.0297506380182264,0.0220455783895177,0.0373897447344602,0.105992775711847,0.0146306538701268,0.0538715695391089,0.0508792346163931,-0.0142871123948973,0.0162077451132862,0.1408788936663603,0.0216538766866278,0.0639579442830821,0.0927020759730532,0.0849603261614488,-0.0176934978748419,0.1065102263225747,0.0096427063888406,-0.1109701840494307,0.0037187773603255,0.0089944072964598,-0.0024949825630566,-0.1358409194096402,0.038116169194494,-0.0966884142784622,0.0738400686350111,0.0395802513595002,-0.1396078671426475,0.0965773638352596,-0.0797361475531072,0.083657297404907,-0.1396078671426475,-0.0995046478296642,0.0586647008805951,-0.0176934978748419,0.1087288788250718,-0.0344169649033511,0.0378416847758966,-0.0121744538140476,0.2261158098892048,-0.0626816580525111,0.1809480077134826,0.0032965287253001,0.1598712972460243,0.1755426481294919,-0.0213895070267886,0.0362279210816891,0.0686368182351366,-0.0207626346497391,-0.0120665264809992,0.1044738039653059,-0.0272897681763609,0.1714286187440201,-0.0628351601615446,-0.2639586300349548,-0.0597921966699688,0.1378618918089349,-0.1068222846967729,-0.0651484911920962,0.0033988075739097,0.0259618408010098,0.095323854996435,-0.0447438273540533,0.1018634459324621,-0.1377551185131293,0.1556396350319506,-0.1505075947640495,-0.0719462052943732,0.1502619991324241,-0.139689179684133,0.095353971264837,-0.0618709163862009,0.224856505084142,0.0929774661808768,0.2130596719057214,0.0393638776878741,0.1406920979598391,-0.0532523435017309,-0.1121482925266026,-0.146094027871437,-0.1808414212151714,-0.0071283723293742,stop,1420,6,106.41537553234576,-0.0174502447533824,0.0414199461358857,0.021367480955423,-1.0,2.373602589605935,1.2244803014170582,5.9673288754900575,1396,0.4826194071920484,6,0.0761042411636059,0.1336718653334527,-0.1521529181029359,0.0,-0.8267335880788184,-0.3441141808867738,0.828258308778218,0.0813453999222761,110.70710498141216,106.41537553234576,119.58331021524292,3.0987627306182253,-0.1242174110618831,-0.0406193472844381,0.0287009982452405,-0.1733419476040488,0.0803216604518221,-0.0002397447097022,0.0,-0.0877688894399802,2022-04-29,10.0,8,-0.1050098954123786,-0.0819964241639334,True,False,True,0.7142857142857143,0.0,0.0,-0.0725439707120106,-1.542393526063944
IFF,Falling Wedge,bullish,1,0.6425673063808033,3,29,1532,1533,2022-10-18,2022,2,83.58147364615141,77.34763047284332,112.71978241305555,74.09141191986828,1.2237163386878518,0.080595140862095,True,0.0395676432902372,-0.0036043185740342,0.0071921737862388,0.0193122922516226,-0.0026880651965479,0.0306214781942939,0.0109623650057117,0.0254041720901381,-0.0611555404701238,-0.010905022907425,-0.0024378311765612,-0.0057568709983084,0.0275171985990387,0.0953966187279478,-0.0192124624071211,-0.0096491775941199,-0.0487061912882559,0.0391455776467821,-0.0531975691867744,-0.0014130355862177,-0.0366633249652263,0.0067794492484352,0.0390403316015608,0.0318920125630288,-0.0101957010307203,-0.0222957705536802,-0.0292487801878355,-0.0086640639473866,0.0187181838560539,-0.0019345172377545,-0.027402819521735,-0.024331054795307,0.0061172572630883,0.0134905223835146,-0.0090808792512599,0.0400487619103231,-0.0344707288133585,-0.0449479857130259,0.0977609171970601,0.0204963227250827,-0.0366278972818283,0.0233395623279069,0.0160433176758758,0.0672369675402846,0.052101780983609,0.0260745577350474,0.0584866198404216,-0.021461239465583,-0.0178739351498676,0.0202068823134973,0.0668666682274565,0.0373760576782322,-0.0801775369434785,-0.062740220576835,0.1198939503872731,-0.0590980281052159,-0.188365688599259,0.1242755019270043,0.0586004232615053,0.0551269927986644,0.0403880719171683,0.1464721593380094,0.1025948862432177,-0.0590903062831525,-0.0198388564148566,-0.1288722818480191,0.0431464086908357,-0.0192419230412309,0.0495041585493742,0.1419460508260168,0.0595318264847097,0.0886071446388656,-8.012379335620157e-05,-0.0588556013949689,0.1292469326583316,0.2517972228910474,-0.076241427844037,0.0220588196408579,0.0292067484809537,0.0364336787154944,0.0806248658433712,0.0042858186587757,-0.1252077982138579,-0.028972439235302,-0.0073265818259812,-0.1028745871507291,0.0164233935384021,0.0478488642842676,0.0564959021440902,-0.0402432753358136,-0.1227315258812598,0.1319212492850592,0.2665227022732568,0.1815884131505996,0.0936599151573787,0.2110838264757646,-0.1159063685261959,-0.1304592255371749,0.0284723378534415,-0.0520631273500779,0.0267643818946108,-0.116126098750703,0.076457410267865,-0.154183701494232,0.056475634168577,0.0325674511352751,-0.1364962539616598,0.1101419859451835,-0.0557391852845576,0.1754910655003922,0.0710746631807448,0.0501680200320511,-0.089852580041731,-0.1057436450327202,0.2677333769916452,time,1592,60,105.85783386230467,0.2665227022732568,0.2756750393195183,0.0308108295173485,2.347335650563572,2.427942693983975,0.2713590922373203,3.070402449143651,1501,0.7760885799861797,5,0.0242255110937625,-0.1087692318950138,0.0993237546153977,0.0,-2.057754810870066,-1.2816662308838842,0.244081237990266,0.1717443357948717,77.34763047284332,74.09141191986828,112.71978241305555,2.8727514459213674,-0.2293861283890065,-0.1163741648396319,0.0343002161947495,-0.2444525108166472,0.5427359484071227,0.0233126508456735,0.0,-0.0337420409122736,2022-10-18,10.0,8,-0.1190773464114254,-0.0979793512178848,True,False,False,0.5714285714285714,1.0,0.1428571428571428,-0.0469383082664907,-0.6316586783854914
IVZ,Falling Wedge,bullish,1,0.6006582262464965,3,49,1232,1233,2021-08-10,2021,0,20.225265319573147,19.981778840800388,24.087517272945405,18.47480441546688,0.7459491416733615,0.012185425567597,True,-0.0133460694282145,-0.013841764632605,0.0453679408325187,-0.0569914529534374,0.0413467462074865,-0.0158340402419626,0.0385153810219158,-0.0138941209220295,0.0400771767105878,0.0445928313456207,-0.015847059341476,-0.0311242106029633,-0.0008788127786546,-0.0145437793573975,0.0140464084837796,0.0314193001150437,-0.0199999922834475,0.011357012613808,0.0456214075035223,-0.022446665078187,-0.0242655513809711,0.0028900609039903,-0.0183164984681019,0.0002627434826485,-0.0090877377547486,0.104405389487544,-0.1196582008711735,0.1624998050827724,-0.0082554120838496,-0.0132372370752743,-0.0702820705428038,0.0313230502568147,0.0696985034332413,0.0606402500504685,0.0015478378346678,-0.00867587509945,0.0044816268214988,0.0094522851507081,-0.0011466384962893,-0.0132372370752743,-0.0036843627169141,-0.1024028678606451,0.0077100576923694,-0.0173019100114477,0.2989132350018155,-0.0193767679662903,-0.0177491813903519,-0.0337240148868259,-0.1477915269315779,-0.1339402160988203,0.0825790434985223,-0.4270387086336199,0.0800000213699505,0.021803448561857,-0.0939638491511652,0.0866141066673982,0.1094758928939847,-0.1052714003380389,-0.0028557341232033,0.0083541726922804,-0.0099638073035532,0.1503203890302045,0.1094758928939847,0.1361008379120072,-0.0081588877252487,0.1912770344497916,-0.0136828995094724,0.0196183126014446,-0.0203967875281882,0.0138716506987583,0.0308306061292809,-0.2255964163937284,0.0716865852327279,0.1338957221839776,0.1494252827714055,0.199567665855217,0.2215953651006066,-0.1312126525900251,0.0449640034256642,0.0001279648903458,0.3258903667506063,-0.2469381257826557,-0.1253307546942802,-0.1129321862994023,-0.0259591344172526,-0.066840377981737,0.1602708182364172,0.014262445063607,0.0612580312335018,0.3746131953272575,-0.016776614208074,-0.0264269084864505,0.0595019043861415,0.0090561756250147,-0.099342841504893,-0.0007261213194463,0.2157216055010933,0.055153451422947,-0.0730267779872994,0.073844323146667,0.1567515486349235,-0.1494790046373123,0.6936246451867418,0.2700933221125474,0.0978627247808912,0.1228596447398839,0.3433982940303342,-0.0448426623892718,-0.0164786775816456,-0.0809401741150733,0.0145034229978255,0.0306440700647774,-0.1125721081676074,-0.1305628186107789,-0.0088223889291236,time,1292,60,21.42870712280273,0.0595019043861415,0.0819167680237427,0.073786331171232,0.6874999609568679,0.9464869301082884,0.8525458188727751,2.2064200030472567,1183,0.3590050488783692,7,0.1602374684978346,0.0589954898397611,-0.0988995633988005,0.0,-1.190366454132381,-0.8313614052540135,1.2170116265317434,0.1255490837479536,19.981778840800388,18.47480441546688,24.087517272945405,0.6025650543675152,0.0977619073342686,-0.0570968190632019,0.0300918065339331,0.1126208470236682,0.3999977111816467,0.0008051456789366,1.0,0.0162766075788591,2021-08-10,13.0,6,0.231291033815596,0.1586666555522429,False,False,False,0.0,1.0,0.2,-0.0947831591820531,-1.722578224395119
IVZ,Falling Wedge,bullish,1,0.7362914724372507,8,74,1473,1474,2022-07-26,2022,5,14.100414067422657,13.519734720461074,19.540625800647263,12.45476614097548,0.8417836104020611,0.0429504985835831,True,0.0388235648390407,0.0040836035886602,0.0182850424408571,0.056896638108691,0.0719282012120892,0.0304497642150323,0.0019622632725833,0.004842406429862,0.0006886260875842,0.0199884939075722,-0.0283496047358632,0.0404723199586998,0.0115435726063979,-0.0847741164609177,0.0184291215337937,-0.0081720659809728,0.01397321629629,-0.032576845276443,-0.0179272712941449,-0.0333715051347268,0.0313601134909018,0.0274791372050386,0.0316671894449244,0.0499999614334698,0.0069173738712688,-0.0676171619966128,0.0769558378956025,0.0051078561333275,0.0160894570173002,0.0047670680046847,-0.024417497033751,-0.0254480580879505,0.0856321530327164,0.0234279523895639,0.0313640900195022,-0.0258136537789595,0.041042407249747,0.0250782206641673,0.0764730244999922,-0.0358958466671626,0.0631628982500529,0.0692218334299632,-0.0150056086737745,0.0124798388992393,-0.0212633158329713,0.0342328866627359,0.0489646126581968,0.0033463865602481,-0.0751198859552646,-0.0087625597787426,0.062655880057139,0.114330163348058,0.0739677898842006,0.0266143403993144,0.0644991246272201,-0.0771579370451097,0.0192559555687272,0.0706891867754384,-0.015810480749464,-0.0594622517819052,-0.0060714304042305,0.0722022474642047,0.1415928019892498,0.0471288979935649,-0.0480768724827324,-0.0492881353557479,0.0519134953695819,-0.0679175395630276,0.0321054731401731,-0.0485030452953652,-0.0094025346982268,-0.1891045546340763,0.1752481061695505,0.0021425292458219,0.299069107590673,0.0796467694979126,0.045681775352713,-0.0421533480875867,0.1162865944962749,-0.1752981447910921,0.1314908927828231,-0.1429388469311368,-0.0668865820358414,0.1552986602350377,-0.0607925534820261,0.1089242369783358,0.0774197480833844,0.0245739189123106,0.1147130107318581,-0.127723350101364,0.4518970569197029,-0.0973777966420289,-0.12992394701853,-0.0681879234643619,0.0563886590519036,0.1782987430164251,-0.0706185766299949,-0.0479293603115617,-0.125279161763943,-0.1356027376646347,0.2011362453717395,0.0670987789407742,0.0058581747111217,-0.086249035632796,-0.1043665070917163,-0.0719805234206816,0.3249566136711168,0.3999542091621213,0.0486654002390567,0.455454218531609,0.0701008862706071,-0.2087382034783009,-0.0893252745235514,0.5014490211226972,-0.1983875254971296,stop,1515,42,12.45476614097548,-0.1167091915583707,0.1357346305050682,0.1174433774921804,-1.0,1.1630157718741638,1.0062907293247978,3.3058175116287423,1394,0.7456959738095679,6,0.0216666765796547,0.0275573759155114,-0.1042782977856179,0.0,-1.208530175266424,-0.4628342014568567,0.2866630545929208,0.2524836942703059,13.519734720461074,12.45476614097548,19.540625800647263,0.4727784018827893,-0.2026929158871613,-0.0311509992573736,0.033989252174234,-0.2086364656898646,0.0983628086149549,-0.0087159337560885,0.0,0.0059188128207445,2022-07-26,12.0,4,-0.2095397707396034,-0.1855963284813568,True,True,False,1.0,1.0,0.3333333333333333,-0.0162574319035628,-0.2019025059670037
IVZ,Falling Wedge,bullish,1,0.6850234714306288,3,26,1689,1690,2023-06-05,2023,2,13.250176185300376,12.539100384236662,15.244392698470476,12.06727222853047,1.655215998039972,0.0567086775984051,True,0.0438195110497279,0.0271087375822476,-0.0008884993333027,-0.0188582552693709,0.0201660351505892,0.0004595477639246,0.0063503387785617,-0.0072461363093634,0.0254104400948849,0.0135139639499453,0.0434142279282117,0.0584144971877231,0.0365547329302755,-0.0078347065282396,0.0196382472739959,0.0345410050388637,0.0115435726063979,-0.0048448659473701,0.065822754302083,-0.0383053496216674,-0.0160532646256911,0.0445281282790965,0.0295031903672505,0.0817528600871575,0.0533141944550006,0.0165063153240541,0.0173114456174527,-0.0477140665495767,-0.0066739480300963,-0.0177807858403914,0.0577704238611116,0.0089050861111315,-0.0176395860317867,-0.0437959041122374,-0.077473989184866,0.0399228683588224,0.0303029313696991,0.251088112303456,0.060975688805942,0.0296825877304949,-0.0175477931139292,0.0492420249997911,-0.053324604512465,0.0097718534675006,0.0263685519639325,0.0659579994602555,0.103989226501058,0.0615535906181894,0.0737649698920015,-0.1664475897588426,-0.0408129167560746,-0.0370838311416175,0.0508160953540601,0.0953211193450385,-0.0361803059643194,-0.0811614095160613,0.2847191940306353,0.267452419756758,0.007199605821305,-0.0724798953376855,-0.021193717098176,0.0331977364026778,-0.0415663523809844,-0.0396694630969778,-0.1216214449030183,0.0044510944888236,0.0600462429179011,0.2866867308283405,0.0787173123568688,0.0699804290109786,0.0110776947855801,-0.0895904429736385,-0.0395302666220406,0.0060261080097334,-0.2259372232286463,-0.5591167497080476,0.0439559781253307,0.0849557564803844,-0.1549187504863295,0.1855992085116513,-0.0407708302582522,0.2261491207863177,-0.0668865820358414,0.2747184934928897,0.4975335417773003,0.0206390193001637,-0.0859281014921861,0.0594594282629614,0.1949522515886075,-0.0001739505146504,0.0115770789857476,0.0528447746109059,0.0412394424723649,-0.0197334063418692,0.0514082982293548,-0.1102982170248865,0.4046450736253359,0.1208280831675607,-0.0963641319617452,-0.050467971437814,-0.0117850956191453,-0.0306405434938918,-0.1570928778496682,0.1332184346238409,0.0059342116457046,0.2929949919416141,0.136564634300276,-0.198070607783329,0.1145537615026939,-0.1606425191705075,0.0406242369419571,0.1458117345172656,-0.1664094571623735,0.5642983138431268,-0.0102160751694034,target,1714,25,15.244392698470476,0.150504905390048,0.2086331037553461,0.0013080120431163,1.685865113356798,2.336982108330302,0.0146515614599109,1.685865113356798,1661,0.6123605914180266,5,0.1412649672829387,0.087378785675388,-0.1031274890684179,0.0,-2.002059853599683,-1.3896992621816675,0.5702161030837505,0.090334614477185,12.539100384236662,12.06727222853047,15.244392698470476,0.3713964735230659,-0.0754938312673398,-0.0282520433856539,0.0278474222780793,-0.1902364227064559,0.4651177232483428,0.0058977568824782,1.0,0.0350677502264606,2023-06-05,39.0,4,-0.1016487733431893,-0.0255203446059678,True,False,False,0.3333333333333333,0.0,0.0,-0.0776460340265507,-1.51514569643696
IVZ,Falling Wedge,bullish,1,0.6577837379605378,5,57,1759,1760,2023-09-14,2023,0,13.489624493563555,13.555378219008889,16.790001188267553,13.04646794802979,1.1735672825129424,-0.0048507481224776,True,-0.0487645486346303,-0.013540734938517,-0.046879325928924,0.0069390513255929,0.0196382472739959,-0.0122052204773839,-0.0497066604921725,0.0209965185442169,0.0172095202156852,-0.0093896201090279,-0.0404797765530585,0.0641415896126205,-0.0530538966170488,-0.0129251709398905,-0.0062467087609584,-0.0292164228747469,0.011172952455642,0.0154424563907025,0.0491174330967896,-0.0095742499446145,0.0337493582805057,-0.0128645232446449,-0.0465578261972943,-0.059167806097363,-0.0175253923485569,-0.1462926418309532,-0.0068377009593998,0.0346532920163551,-0.0239889340988049,0.0039088712628458,-0.0170468016856532,-0.0126090589499023,-0.0876712981170599,0.0336171080084737,0.1994949985428653,-0.0560721674009773,0.0562992366257615,0.0196523898636793,-0.075892901873717,0.0590037180215459,-0.0736497607760021,-0.0560525506913921,0.1347222408391151,-0.0590580229660506,-0.0568436384790019,-0.0526346249649494,-0.1339402160988203,-0.1037929995627919,0.1825639721248211,-0.0191972915337259,0.0403805957590817,-0.0528570908629433,-0.0458378011409843,-0.1403508922607891,0.021586797354153,0.002983853517491,0.2413385657157398,-0.0418750217881143,-0.063167313997405,0.0614466464880845,0.0479074260368286,-0.038850587900978,0.1331179695419326,0.0035737685324357,0.0852912935620784,0.0076612341987023,-0.0147392179888239,-0.1303235654273978,-0.1479728830953297,-0.1563450460074497,-0.1266005009337798,0.4492754453323366,-0.0532219015612529,0.0210641961749697,0.1008563882695237,-0.0972425561148663,0.0222327004587015,-0.0935388327695079,0.134625508484744,0.0140364285113854,0.0685617864517078,-0.0859281014921861,0.3046192331046331,0.2744952591800553,-0.028498573552425,0.1314908927828231,0.4449795552384303,0.3132076416123266,0.1028341407827913,0.0329677148290568,-0.0624938547994743,-0.2560611995536383,0.0040682876022266,-0.0251395683535888,0.3600624124401859,0.1993637487267749,-0.0578514620311579,0.0534362073541305,-0.1221248219899815,0.0409035622279645,0.1646367178361965,-0.0244041228947413,0.1530369605267536,-0.1127577195217857,0.1784343845124811,-0.1162743788415769,-0.1183353188970813,0.0068079379647478,0.1944851806259402,0.2022963557513,-0.0140176710722775,0.1687373649526595,0.227727618216615,-0.1389317448176434,-0.0581932729512485,stop,1764,5,13.04646794802979,-0.0328516591210684,0.0273081972151346,0.0526657465696777,-1.0,0.8312577795384868,1.603138105615557,7.447428517001401,1702,0.7536653794880335,7,0.1489335222813568,0.0141176232760762,-0.2260435181514367,0.0377358490566037,-1.0081556493093171,-0.2544902698212878,0.2104585490899233,0.2109692200421378,13.555378219008889,13.04646794802979,16.790001188267553,0.3057284714137515,-0.0695865219624934,-0.0462739228092914,0.0224740044587138,-0.0081349226767922,0.7037044886194995,0.0058786940350699,1.0,0.0243833761046763,2023-09-14,39.0,4,0.0470274370751127,-0.0146126447511878,False,False,False,0.0,0.0,0.0,-0.0107208874195587,-0.1146113027826606
IVZ,Falling Wedge,bullish,1,0.7776272256538356,3,23,2373,2374,2026-02-26,2026,1,26.10012304998937,26.001840736389116,28.95482319780922,24.44248564355226,0.4834082450520137,0.003779821382519,True,-0.0660876606672844,-0.0634817822575919,-0.0029442523885677,0.0155386878070895,0.0080185103212071,-0.0225387037561979,0.0436797291792692,0.0513483017331701,-0.0311242106029633,-0.0002701285585737,0.0226094804992669,0.0251710164145184,0.0280984219221678,-0.0868635338393986,-0.0073528672654824,-0.0027807566319033,-0.023730254423364,0.0380124164275839,-0.025322340317939,-0.02990839742097,0.0818363723775383,-0.0125184576679,-0.069535612357712,-0.1351964220960838,-0.1102655404320839,0.0913443711050729,-0.0342686223079313,0.094292664072036,-0.0567793945963103,-0.0178276843748593,-0.0685589339817638,-0.0162287942119305,-0.1290146447103587,-0.038073113518978,0.0013869858018893,0.0670660930867812,0.028888816450868,-0.0547172779430156,-0.0817668075256011,0.0419945423792695,-0.0302689620104923,0.0037880720969873,-0.0426695773955753,0.0758258603593098,0.0942772515384815,-0.1316309643117778,-0.0898791284088879,-0.0368286325306266,0.0100985789305885,0.0177838497353204,0.0190951872538864,-0.0460219908197827,0.317358926689516,0.0717840792436244,0.0735064507234271,-0.102504872598632,-0.003322603559529,-0.3492169873354525,-0.0447367536609338,-0.011318509691105,-0.0458378011409843,0.0158639300046727,0.076758958614181,-0.1773229300486768,-0.06880423804743,-0.0245848610500396,0.0073613221916046,0.0648236843612033,-0.0799172993986608,-0.0366313941932556,-0.0846481691684013,0.3328444026312653,0.0548579816718148,-0.0866667735831205,-0.0724202435028465,0.0365586715066998,0.1928484244008208,0.0173650756747569,0.0367156033022422,-0.0453759998002918,-0.0313521276918484,0.0950662074837671,0.0814536134457388,0.0044091638924643,0.2554743215366299,0.0228658972078967,0.2912565770103525,0.3617424634913206,0.0759831775061337,0.0426411321243747,-0.1275343093601311,-0.1135680571406576,0.0295077636480618,-0.0650424977006527,-0.1233938086400651,-0.1342938528929556,0.1896902880779718,-0.0043082968962364,0.0914029745484388,0.296520270276275,-0.100587132267531,0.3638205193045944,0.060431104724004,-0.017437626557426,0.0008351809536844,0.0904328156785014,0.0263557975921251,0.1535114021002936,-0.4577314706394879,-0.1343952871302247,-0.0760851434181817,0.4836629110016921,0.0074824306116501,0.0289914439565601,-0.0077374623711222,stop,2376,3,24.44248564355226,-0.0635107123158864,0.0026434930526554,0.0657100218569178,-1.0,0.0416227901760468,1.0346289540903368,1.722149932629523,2349,0.4968807547026718,6,0.0161610154309628,0.0829628999188931,-0.3004942730416409,0.0,-0.7880958156416596,-0.2912150609389914,0.8375504980208857,0.1196636823504418,26.001840736389116,24.44248564355226,28.95482319780922,1.0236020416277447,0.2384365108534556,0.0002809190465309,0.0383351850237343,0.2562653267421144,0.6949148158924123,0.0048543817776622,1.0,-0.0088004347453587,2026-02-26,41.0,4,0.0593200007566201,0.0963239125957386,False,False,False,0.3333333333333333,0.0,0.0,0.0099265831999327,-0.1525820882381055
IQV,Falling Wedge,bullish,1,0.7404399674700921,13,201,1470,1471,2022-07-21,2022,0,227.1300048828125,223.82552702530572,313.16852072010875,185.7293627343505,1.59241236632769,0.0147636326446944,True,0.0390965061115773,0.0211731850499439,-0.0418170741674367,0.0267387913509693,0.0519853866151722,-0.021036530536498,0.0042741881524448,-0.016890924971655,0.0491084523550746,-0.1485060792367171,-0.0438329077470455,-0.0489344539602172,0.0350531720100566,0.0266960244871969,0.0501538790189302,0.0390696574842126,0.1155935423869003,-0.0073921412862886,-0.0228347066200911,0.0264533541974354,0.0292162146228724,0.013507076064311,0.0332662601005959,0.0317438968875916,-0.0064846116917067,-0.0150929395877494,-0.0105896181657815,-0.0397199001018757,-0.1381919437633092,-0.0476238229570429,-0.0543980290608701,0.0065104321887099,-0.0393813495290297,-0.0233846894807792,-0.0509987705311966,0.1104651162790697,0.0372006309086472,0.0333982442100959,-0.0683814297128255,-0.0440646341160868,0.2584409706720392,0.0009816175589534,-0.0101705272151806,0.0549115960191484,-0.0916069080277491,0.0383286946082322,0.0514683317487607,-0.0211528236001505,-0.0324708732152807,-0.2469456914830033,-0.0275652299347615,0.0483458095923401,-0.0794947413480248,-0.1003054671372755,0.0034455051237554,0.1260865616255282,-0.0456341301940738,0.1171012909266075,0.0101991960970408,0.0124992053180563,-0.0422262920704825,0.1632258305789293,-0.0339364950357093,-0.0449444029313823,0.0124668020758189,0.0711565399162252,0.0449948208246191,0.0481726917512035,0.0512597852247542,-0.0972571264112683,-0.0677370599148345,0.0331802461570318,0.0132644165272943,-0.0299579466244421,-0.0927001965976374,0.0932283528249988,0.1341197272211605,0.1466652717824308,-0.140018928954963,-0.045405712561974,-0.122184729371362,-0.0092939358378467,-0.0658472339349912,-0.0432784772769108,0.0484848693650938,-0.0081030413669949,-0.0143431295104308,-0.002506651275035,0.2882847300967328,0.0513385658493918,0.0434654968673302,-0.1111767110802122,-0.2365165326722019,-0.1366945905591663,0.291253402735073,0.2519521115504037,0.2390975008483302,0.1799524322071408,-0.0980491119334636,0.1023328821119087,0.4188362427459409,0.0639257260149941,0.2316989783570511,-0.0044730468909714,0.0457122804501435,-0.0470438270323922,0.0246949198664938,-0.0519015908483408,0.060012366134694,0.0837438538731747,-0.0467799722593819,0.1480733171056572,-0.0932304452428315,0.1240511248799125,-0.3327094899058788,stop,1517,47,185.7293627343505,-0.1822772916762918,0.0967727524105837,0.198564721234365,-1.0,0.5309095363477504,1.0893552312978083,2.0781927857245206,1269,0.4092352449063959,5,0.0055182798743931,0.267979018644398,0.4467460253520141,0.0,-0.8954184016861279,-0.4861831567797308,0.9329830115202709,0.32675971226647,223.82552702530572,185.7293627343505,313.16852072010875,6.374285016741069,-0.0462157981050327,0.0701165317749004,0.0282510520710742,-0.0609705092846315,0.8512058630285718,-0.0072529739766408,0.0,0.0651726253613247,2022-07-21,44.0,12,-0.1375145326081724,-0.1208947241640389,True,False,False,0.8181818181818182,2.0,0.1818181818181818,0.0134873727674146,0.1712876278667194
IQV,Falling Wedge,bullish,1,0.7613599877674747,5,85,1965,1966,2024-07-11,2024,0,220.8000030517578,213.02810266224265,262.62701190649614,204.26156781324687,0.8137969957454199,0.0364829817868563,True,0.0183424048721974,0.0272553289078195,-0.0416564205463407,-0.0119956539707851,0.0063157734118008,0.0551630733508488,-0.0428408221703927,0.0031871728908634,-0.0168965693734493,0.0873009806796893,0.0294884031720605,-0.0076255415263363,0.0250833388162134,-0.0405873352568082,0.06125735270938,0.0639196937602082,-0.0443458790414856,-0.0119291092419928,0.0240578683899335,-0.0117554887713338,0.034259016671662,0.0044953234591353,0.0100976460015538,0.0520379985306505,0.0865054196194059,-0.1091767352614309,-0.0115641228330434,0.0542290863874961,0.0291190336794748,0.0654064892481431,0.0612555729172259,-0.0617513531592553,-0.0055976315968465,-0.0690695127522832,-0.0285630079758103,0.0792079207920792,-0.0056508362675727,0.0979336831413812,0.0287950658925786,-0.061602343608799,0.0375701182594707,0.0002106239999177,0.0588461068960337,-0.0375813939763539,-0.0454545678932812,0.0482098887361942,0.0691576270897129,0.1175410176069915,0.0162302610067031,-0.0052219321148825,-0.0354381349182971,0.0578000488281249,0.0101991960970408,-0.0524165239058879,-0.0737673086090324,0.1317491588392305,0.0486499427534377,-0.0071441189329516,0.1027407287886112,-0.0652145642064629,0.1048716882396771,0.1033185867241155,0.0509220945596435,-0.0198631166539309,0.0029089148313194,-0.0700586068169241,0.0484957744078886,0.0169592067166901,0.0508715623080072,0.10086052520226,0.1318308865575745,-0.0441546686036389,-0.0921476106093305,-0.0744303178188137,0.1222737152073361,-0.0663221403661129,0.0470994293992754,0.0045428900094852,-0.2094451307391394,0.2275724698142143,-0.0326468921904467,-0.1598871787437095,-0.0364956461254345,-0.025500892690132,0.1530217715352106,-0.1264506511164228,-0.0539265729177739,0.1111984542110395,0.0982055820830267,0.0725290630262649,-0.0338965215194515,0.1068035676099877,0.0409419980126257,0.0102631100252337,-0.1295072022557426,0.0880536837622036,0.030392202886903,-0.2534661449090869,0.1416622298236081,0.0633408287859313,0.1750883099355435,0.1327636291427354,0.1053553421946444,0.020868445606077,-0.1537938238905251,-0.0991410031646744,0.0649111687605061,0.1434524288475493,-0.0295672731152227,0.1135522705359683,-0.1197076989104428,-0.0226580914252354,-0.0268039363287112,0.2579603028943584,0.0158042145538063,time,2025,60,229.83999633789065,0.0409419980126257,0.1452898613571794,0.0106884084136464,0.5466051144356489,1.9397241255541569,0.1426979382460639,2.5290789758236083,1880,0.6048106244755949,7,0.0709107692711987,0.2397203974890704,0.3829755247840567,0.0,-1.4371428661167582,-0.832332241641167,0.4199875046117406,0.1152494700800322,213.02810266224265,204.26156781324687,262.62701190649614,4.346426827566971,-0.0064415459107883,-0.0045887514313655,0.0198069029311441,-0.0104171254051578,0.9296734934240708,0.0142466474824474,1.0,0.0397156113068133,2024-07-11,1.0,9,0.0386749092882199,0.0350109397100606,False,False,False,0.0,3.0,0.375,0.0370808575776284,0.7988555247899333
IQV,Falling Wedge,bullish,1,0.631090211821248,3,14,2186,2187,2025-05-29,2025,2,140.1999969482422,138.61333211263036,163.6966654459634,133.42747509573385,1.138768129881122,0.0114466971641846,True,0.0511412148717254,0.0441453835612708,-0.0863152714223098,-0.0321533743259125,-0.0226977955205458,0.0726486649195585,0.0460185298213251,-0.0349544398424357,-0.0413370272116323,-0.0928459157737344,-0.0003870310730239,-0.0090260987705002,0.0107763000582223,-0.0858889762906601,-0.0009604732211501,-0.0470476422991069,-0.1077690745534577,0.046624250472731,0.0199856122021162,-0.0250150439507722,0.0930254019978373,0.0170491700795176,0.065154726606922,0.1350214575365413,0.1098570339666928,0.002685546875,-0.0613859276896849,-0.063635867055324,0.0257672904929751,0.0643414624376779,0.0873944799168147,0.001769285170563,-0.0010060254068144,0.0169057536032277,-0.0645701045987509,-0.0152177711085653,-0.0058211614210622,0.0017104912070347,0.0202230922226431,0.027351245758727,0.0407661470734381,-0.0182546725856981,0.0651223815182471,-0.0229459741718728,0.0598994343224243,0.1269665022084913,0.1231812029128398,0.0759805681190273,-0.0214303659970461,-0.0995766586150964,-0.015718407710602,-0.0183693780994412,0.1101215881901964,0.0818129327828929,0.0116058576994051,0.0822344923164959,-0.0592875007454677,0.1105263157894735,-0.0015909021550958,0.0800091966934029,-0.0012321647717997,0.1247789209575038,0.0731978200680869,0.0417878532560689,-0.1454277317000738,0.0040776280136081,0.0359547586832524,-0.0683486484525577,0.1069249226026795,0.4105563395970919,0.3258382979815073,0.1361105462231246,0.2186743958180141,0.102502777878277,-0.1736526883379997,-0.0643878036922676,0.1353540002994007,0.0964290882309704,0.0416306462961166,0.0545489732971684,-0.0123592629724066,0.1235469922217336,0.015882191898743,-0.1741506440545793,0.0142652997352648,-0.0221524609736686,0.1792415676770455,0.2001902477767179,0.0171546515476637,0.0473110743668228,0.0690055276455094,0.3602990835530094,0.3410842251435462,0.2469484719702843,0.1755803244272866,-0.037863151784096,-0.0451968300898566,0.0093003463109693,0.1017020749077728,0.0359228928171913,-0.0963934282909892,0.22853862603936,-0.1528234314033489,-0.0348124446380293,-0.0297100970202344,-0.1002355512508846,0.0787558000179597,0.2244772632453782,0.2724892343780769,-0.0385044682413793,0.1088558422620622,-0.1548654802124172,-0.1896716855818425,-0.0120772669701875,0.3239107966974066,target,2195,9,163.6966654459634,0.1675939301653159,0.168259606643211,0.0270327629716851,3.469411987060427,3.4831923545811105,0.5596132974792987,3.469411987060427,2170,0.6936284125912682,5,0.0475197759361094,-0.0445068806161514,-0.004936774640568,0.0,-1.1363896005941152,-0.4427611880028407,0.3387159633534143,0.1401928781576294,138.61333211263036,133.42747509573385,163.6966654459634,5.205715724400112,-0.2898540359265007,-0.0895591480569194,0.036914732425779,-0.3012585514085536,0.8341851530356051,0.0130422076272835,1.0,0.0640351813175872,2025-05-29,34.0,9,-0.1896432544993319,-0.1716412118758284,True,False,False,0.75,0.0,0.0,-0.105836526934439,-2.0570377979719345
IRM,Falling Wedge,bullish,1,0.701501246808384,3,29,626,627,2019-03-15,2019,0,23.936828782842408,23.770865254471016,25.121735009121075,23.160755252432217,0.897864238778549,0.0069818042631064,True,0.0063041611000953,0.0144731658044613,0.0230073225373272,-0.0387735264115868,0.0072908027463527,0.0243430269960744,-0.0320571161531916,0.0372185946645169,-0.0336479367024951,-0.0217471531481335,0.0798063409145897,-0.0136926115165451,0.0163109876053249,0.0163562417608833,0.0372185946645169,0.0499294697739698,0.0146970392514083,-0.0314636008993093,-0.0561375537913502,0.0571374016038048,0.0210228220527493,0.0309442637589514,-0.0030840093852975,0.0160462348439422,0.0127426621363053,-0.0348879442459931,-0.0623203420429777,-0.05449434457329,0.0359919072041687,0.1141875291683636,-0.068852692110059,0.0385290849898085,0.0376094682791003,0.0217446139510009,0.0822564922755382,-0.0159893359833577,-0.0032404728164205,0.0175942833304603,0.02407307750377,0.018092996640012,0.0146029812406802,-0.0123744576898536,0.0432858629817902,-0.0170381886694905,-0.0149124381359491,0.0078533307790772,0.0467051491330761,0.0161243031221933,0.0957426263507112,-0.010215607921899,0.0205785789102252,0.0232329294507445,0.0210687897094854,0.0402980526944378,-0.1160184891991494,0.2371671422743198,0.039990010935077,-0.0144691539503052,-0.0519480852125348,-0.0856096658597909,0.2935303609708668,0.0269343315020675,0.0835475702808379,0.1062585898098162,-0.01138463310954,-0.1500002487726639,0.0667631575581657,0.1062158363138354,0.0106210444963407,-0.1002862103199437,-0.0978355802942018,-0.1037962002868628,0.0958367920168297,0.0460707968454492,0.0348015821092924,0.2127322955476351,0.0238033185550292,-0.0005921590877856,-0.0098405815783936,0.0406035066137815,0.2484933009651668,-0.0709114984177875,-0.0589675912464215,0.2072678393493265,0.2269902962488748,0.0917243515632482,0.1359902870589564,-0.0116529907964453,0.0406035066137815,0.003518641841512,0.1716276023315839,-0.1665013651322823,-0.0922631291974236,-0.118368484193456,0.1414882725710531,-0.1055355700794149,-0.0149061937711787,0.2138913619239681,0.0954078665149686,-0.1322971075526976,0.0406963879791746,-0.0322445807863478,-0.010007194328952,-0.0146927174009788,-0.1224934094555784,0.160637356960714,0.2377928839487473,0.0077213308232437,0.1295703254558049,0.1575106929417771,-0.0966291294216502,0.2226295341217512,-0.0668685914695548,-0.0086398693423477,-0.1324147116790487,target,647,21,25.121735009121075,0.0495013870478946,0.0501435404752859,0.0232087848099651,1.5267963406152882,1.546602603864154,0.7158402992566151,1.5267963406152882,597,0.4830436249454876,6,0.0716081732107591,0.1383705372365351,0.0061122463873886,0.0,-0.762865961206011,-0.2798223362605244,0.7132742554876844,0.0593918484966286,23.770865254471016,23.160755252432217,25.121735009121075,0.3418787335566765,0.0494497372198941,0.0026629789633894,0.0142702671243971,0.0209122823672616,0.9285704554433794,0.0005752347853262,1.0,0.0297732344008743,2019-03-15,6.0,16,0.1158490659536803,0.1132082235395073,False,False,False,0.0,0.0,0.0,-0.0132458984221171,-0.1862570100792296
IRM,Falling Wedge,bullish,1,0.7495898891683613,3,29,724,725,2019-08-05,2019,2,21.73070409137265,21.0774031391786,23.150018024563508,20.39083499176404,2.4033432710550016,0.0309953246080727,True,0.0003217384290761,-0.0072327711803457,0.0054910543882562,0.0584891702198759,0.0528620363215652,0.002967216677888,0.0068177144432859,0.0479507344093401,0.0259499070219184,0.009349568515212,-0.0288640269727,0.0251034082413754,0.005319145840384,0.01928067497251,-0.0491665074104081,-0.0207748194184486,0.0156950810135205,0.0186189057065349,0.0200790383147539,-0.0404223751937901,-0.0092128762341263,0.0538517929784674,-0.0106475037626946,0.026383369155255,0.0039289476707804,0.0343005908998659,-0.0517330089796344,0.0530667241051439,-0.0274093502525353,0.0580421183211079,0.033115154723472,0.0560410083882292,0.0730433651335933,0.1539691044610431,-0.0582523836117481,-0.0315817724888948,-0.0011516407842964,-0.0323207032882156,0.0131995591185465,0.0758399323456773,-0.0781132181328727,-0.0837458592919559,0.0111109900211543,0.0396352559963157,0.0652597498845872,0.0112675883268259,0.0415057049025979,0.0246126388481806,-0.0430240190135763,0.0240126587641809,-0.0435554285750963,-0.0530045536911804,0.0311860600125932,0.0208728154068074,0.1726250781313691,0.0218922642026995,0.130483656135151,-0.023977543329135,0.041461166068623,0.0305501011698483,-0.1106454901191782,-0.0549642119087069,0.0116496993790244,0.0185326716532181,-0.0843905066328768,0.0898378188997157,0.0116496993790244,-0.007254653896579,0.0323088408008016,0.0575366570005135,0.0271634839031114,0.1656245450584568,0.1450443076063066,0.2008967513487656,0.1364846331721814,-0.0476598018017325,0.1635677502452548,0.0286268646205498,0.0160504750812962,0.0659467297506755,0.0795066814315728,0.051636913577066,0.0940232996988903,0.1004215985658949,0.0739463848586992,0.0297440860459619,-0.0425838006683123,0.0002494835336455,0.0687092860661198,0.1104353701786207,0.0357140061506457,-0.0162826212255143,0.1083166548681375,0.042911068388906,-0.0902805808509977,-0.0076850822745823,0.0123369431601905,-0.043526514858837,0.033582015177894,0.0116019377511642,0.0832530919318439,0.0974736157972706,0.2112801639698387,0.1843856045269856,0.049935231061799,0.1257680927807676,0.0948510631167263,0.1713450270432421,-0.056966880156087,-0.070144815244578,0.0165005723852658,-0.2472478293183615,-0.0150022355852104,0.0390541415466592,0.0782909767700879,target,746,22,23.150018024563508,0.0653137573096096,0.0678891892836877,0.0180179520971918,1.0592929813856071,1.101062696167817,0.2922246549838153,1.0592929813856071,693,0.6516226941426355,6,0.0989546660004732,0.0584366946083478,0.0604832289747421,0.0,-0.9475862133916544,-0.2959635192490174,0.4817121166255173,0.0927931916437554,21.0774031391786,20.39083499176404,23.150018024563508,0.460962865783919,-0.0389665217238367,0.0074273942536002,0.0212056913609198,-0.1268985690309204,0.5384624413490002,-0.005407010774231,1.0,-0.0437975072443369,2019-08-05,6.0,16,0.0890212064281559,0.0833831668882505,False,False,False,0.0,0.0,0.0,0.0073314965055891,0.5861962567497765
IRM,Falling Wedge,bullish,1,0.7776330131943398,5,67,1475,1476,2022-07-28,2022,0,41.35009342215689,40.972221659655446,49.82507107495445,37.49663267865489,1.469871145556053,0.0092226329741236,True,0.0170407363368969,0.0008717972117091,0.0261002720680925,0.0238294853674314,0.0468698851674185,-0.0030006156626005,0.0446235185264456,-0.0151266705835896,-0.0374998786985362,0.0379172639547162,0.0338401706315651,0.0456474197136937,0.0252575077762837,0.0088676978963022,-0.1058608349094786,0.0114287309013447,-0.0021801969884608,0.0262531067802784,-0.0191625108273112,-0.0330208623539867,-0.0187083275312412,0.0619065166234691,0.0091416524443051,0.1136741339332723,0.0832259824751875,-0.0200459479170864,0.0182701375842886,-0.0149658744504721,-0.0716379033285896,-0.0757744020271409,-0.085373503443235,-0.0298980919228266,0.0198347554255662,-0.0248894973985007,0.0887497220598445,-0.0896525141157523,0.0435296166975498,0.0338239536560991,0.0863951231627642,-0.0379668987384714,-0.0003660322511986,-0.0410919755975505,0.0236328451147103,-0.0277423525134097,-0.0069402298808879,0.1242795874274872,0.1506646208348503,0.121394193375568,0.0703375349281127,-0.0750311410023543,-0.1435231075714478,-0.0220529041445139,0.0738799898188666,-0.0753837602022126,0.0093763314611372,0.185773784712901,-0.0442478666061224,-0.0599074937202261,0.0612181720127791,0.0675019582788891,-0.058778212019133,0.0661142906828393,0.0555109655190977,0.0109488294482686,0.0477204144839806,0.0121999375303489,0.0774285737972693,0.0112131942181037,0.1371496462535211,-0.0205219999885722,0.0730017686059453,0.1224380017018331,0.1366206670796244,0.0854483897389815,-0.0071439504731463,-0.0409406951833233,0.1404375890510711,0.2154820799088102,0.1233883841207856,0.1344381753296448,0.004204468844563,0.2593305420775669,0.1253938270265524,0.0316657144668286,0.0005884529765336,0.0716970745840155,-0.1645544355679604,0.0286268646205498,0.1271794406115105,-0.0810344110390082,-0.0060733800564151,-0.0858816399795232,-0.0106430173096464,0.0672616508103454,-0.1159821711488481,-0.0226763219348461,0.0052736990341426,-0.0322445807863478,0.0386749498231615,0.2777778535642008,0.1005253308572613,0.1469736098199328,-0.0118586899310043,0.0980948092070965,0.0033041371995712,0.3576952537956397,-0.024793031334335,0.0659620905964348,0.1963151065774171,0.1031606061418577,0.1216533261888206,-0.0839826491451642,0.001442426251337,0.0075459595557865,-0.0722861030262521,time,1535,60,40.910003662109375,-0.0106430173096464,0.1810488228147164,0.0892535464856774,-0.1142063691162876,1.9427694313440644,0.9577475238757864,2.1993159440092187,1408,0.4541127298157474,6,0.0331358342605959,0.3351832067006695,-0.1391724354087906,0.0169491525423728,-1.0483026310529795,-0.5941899012372349,0.9062923916321134,0.1496651608199082,40.972221659655446,37.49663267865489,49.82507107495445,0.9256013514666523,-0.0043476999883703,-0.0216087865727345,0.022440470456477,0.1116812095751869,0.9230769230769232,0.0031880888417683,0.0,0.0676498869975199,2022-07-28,11.0,11,0.0680853975910675,0.0250375739928934,False,False,False,0.3,0.0,0.0,-0.0613361152741714,-1.1527087988996492
IRM,Falling Wedge,bullish,1,0.6385122766672917,3,45,2094,2095,2025-01-15,2025,1,100.34651410678356,95.7988773048346,128.42008680292588,92.62332702359627,0.6885871338570819,0.0474706690713948,True,0.0466384478849644,0.0204169452892544,1.801824867087021e-07,-0.0988711212782232,1.801824867087021e-07,0.0376026601656112,-0.0140467573022022,0.0343833000835627,0.0261110464389091,-0.0824822420968621,0.0238294853674314,0.0082176511194067,-0.0264566196774165,-0.0214850006655946,0.0329303998530305,-0.0051850576280846,0.0280083785655704,0.0225411107813333,-0.0483731283845142,-0.1082802771429509,0.0328750459209741,0.0074978515310628,0.0541975935841635,-0.0409026769313957,-0.0591971299556045,0.115592154867214,-0.0390968787787772,0.0207383451316787,-0.0538346099004592,0.0251905802002663,-0.0388332065440489,-0.0042284078415176,0.0159369733351899,0.0723568101410403,-0.0138193098527051,0.1998034423981789,0.1248975737321409,-0.0062113223082896,0.0429061152846286,0.0455884256018852,0.1622244293234753,0.0329870248565986,0.0257548435759571,0.0321259072251305,0.1115309376443993,-0.084483168335995,-0.1043722448264919,-0.1305599997352163,0.1051520922281552,0.0619766497712146,-0.0504055583886662,0.0139614181562459,-0.0364641967044351,-0.0894030108764887,0.0098632613551055,0.0138584832130475,-0.0886215846305042,0.0311431011405594,0.0612181720127791,0.0240094956167453,0.1105835331505029,-0.0624998441396295,0.0284563342568058,0.1069388591161188,-0.035224663015741,0.0718825675433558,0.1017625131643573,0.0576405219678455,-0.1261636520733607,-0.1855194336142248,-0.1327398995807934,-0.1538259673956422,0.1019767393559492,0.1288751297041193,-0.0254182804069089,-0.0154571459793005,0.0458145135132865,0.0129458981397521,0.0691191056923339,-0.0421820877967797,-0.2029460117530367,0.0004932490663431,0.0468750652706753,0.0301864974739323,-0.1097973179243245,0.0399067289146466,0.0508987270970662,0.1484473796535639,-0.0547074651469833,0.005285747089506,0.0055288636560186,-0.1896204020254357,-0.2082454029421783,-0.1095802986647075,-0.0171892662603411,0.3039205581637918,0.2015208482103763,-0.1367489911174859,-0.2027610334431219,0.0725025154939473,0.0698806134860441,-0.1405477718450141,-0.2338153092898665,0.0580961580220902,-0.0184038832369943,0.0566999713163312,0.216145317658001,0.0671427044100287,-0.002569397572722,0.2015208482103763,0.1231465642675997,0.0608499063081471,0.1538672260406859,0.0454487861848462,-0.2521807211925143,stop,2102,8,92.62332702359627,-0.076965175640966,0.0548189551086874,0.0861306708241064,-1.0,0.7122566102416475,1.1190862634537004,3.634972504713259,2048,0.8271664418205111,5,0.0447683446697663,0.0517290030557857,0.3064612071785904,0.0,-1.3188920991645936,-0.4917256573440843,0.1552155736062963,0.2202865491667803,95.7988773048346,92.62332702359627,128.42008680292588,2.416837724617269,0.0522252846550108,-0.0532935488818042,0.0241234806864295,0.0754104530965853,0.4065931301997924,0.031718602466346,1.0,-0.0156151901845196,2025-01-15,2.0,6,-0.0078379070728545,-0.0102559563781962,False,False,True,0.4,1.0,0.2,0.0154477880588677,-0.3825512326005953
INVH,Falling Wedge,bullish,1,0.6496779586556757,13,166,494,495,2019-01-18,2019,0,17.081660233995223,17.071240748784547,20.53653375651261,15.766957325760735,1.9388375510861469,0.0006103531292191,True,0.0344013525562618,0.0384040543729129,0.0023461819505405,0.0344013525562618,-0.0712807833618062,0.0296202166895929,0.0266895658301091,-0.0619206262262498,-0.0157987534185284,0.0223500627466106,0.0211800206035031,0.007076589498266,0.0109429275667267,-0.0041753811392134,-0.0703247629200573,0.0363812959820306,-0.0337503719592874,-0.0165907836804866,-0.0247300473618642,0.0119946759732505,0.0267354415925979,0.0277644090584254,0.0364557910572407,0.0801136437911957,0.0531517736037074,0.0313180974350133,-0.0158414624396359,-0.0126699518160569,0.0376859780589988,-0.110732564411865,0.0425225488395912,-0.011594849306693,0.0379518691798648,0.0259696012273138,-0.0111315830097609,0.1031743947170105,0.0039284075345336,-0.0276902983756247,0.0558600849310937,0.0189505951211428,-0.0408883101586678,0.0014520614792867,0.0110514744283587,0.1075271378463935,0.025106876891306,0.0665161383826156,0.1199247833514876,0.0707211341016575,-0.0232155706254145,-0.039764380990811,-0.0129030035891246,0.0513040172223668,0.0177179623562464,-0.0246548322853052,0.0701031346011236,-0.0298293919815016,1.8672795487617577e-07,0.0042758574565364,0.0365642521160949,-0.059484754805152,0.0494986119372502,-0.026172296700943,-0.1045749517001695,0.0188236654501263,-0.0030930217490302,0.069554637565373,-0.0036140102975127,0.0051142510600654,0.1201422652630789,0.1042843697917459,0.0332026622423642,-0.0347569411236543,0.0969527673566745,0.0274569279385972,-0.1562590306914405,0.0269103390368703,0.0621248063027457,0.0118004696930247,0.0091149716342897,-0.0902297654052326,0.0959084436208592,-0.0654484147138002,-0.0024074560380813,0.0355647995946968,0.0621991929271432,-0.1244849095025434,-0.1038131033068803,0.0722942566307232,0.0385443906369522,0.0380722600170013,-0.0552303528028657,0.1070686872014919,0.1545221539635672,0.0540081133379735,0.0208947051067076,-0.0009673327598759,-0.1287528944018069,-0.0025737962902683,-0.1247956795026513,-0.0088466767247523,0.0923003634788857,-0.0366477690859284,-0.0882356755533235,0.0671986794863637,-0.0091500566686589,0.0909318397682539,0.0354049940791323,0.0376326118040868,0.0873086528256363,-0.0940150386693093,-0.0012352746757631,0.0498092493496833,-0.0054571123553349,0.1242327852539193,0.1492703252403175,time,554,60,19.721155166625977,0.1545221539635672,0.183906595238966,0.015551143877214,2.007674065447477,2.3894599722773293,0.2020527636295195,2.627873948462572,328,0.5316717252414216,7,0.1517776095262228,-0.0254389897811438,-0.0493429539801634,0.0132450331125827,-0.988198215025184,-0.4565264897837621,0.6995721512574545,0.1826258092755995,17.071240748784547,15.766957325760735,20.53653375651261,0.3156670636540747,-0.0401954543313433,0.0192684635744346,0.0184537817626142,-0.0894034685287761,0.7941186370317179,0.0018854459275052,0.0,0.0666880525979196,2019-01-18,6.0,16,0.0586657829529611,0.0639576474007914,False,False,False,0.0,0.0,0.0,0.0083682479217345,0.6466483508473336
INVH,Falling Wedge,bullish,1,0.7155173520184833,3,35,1441,1442,2022-10-21,2022,0,29.081543727348222,28.448889268239896,36.110477089901394,26.68329652660725,0.7065366001508877,0.0222382832996794,True,-0.0433355331273639,-0.0782660392463936,0.0072430980418558,0.0078100581450004,0.0353011974922665,-0.0117012904140956,0.0226451706059302,-0.0043049845984304,0.048384722198381,-0.0066272816929544,-0.0096940506612915,-1.4638176382142376e-07,0.0024993298806839,0.0121993506142197,-0.014685631543611,-0.017256371308882,-0.0287676030752307,-0.0893013153179598,0.0067809604206652,-0.0115988103351345,-0.0215124963582572,8.88615363514589e-08,-0.0397062328560103,-0.0726240451196256,-0.0738477825126859,-0.0041647454204908,-0.0162185652250845,-0.0176084055655966,-0.0327654269091542,0.005110381739414,-0.0175598959350832,-0.0632021399451836,0.057758186670042,0.0415385384188053,-0.0055292682968071,0.0493998297290776,0.0063670786481107,0.0854410781934258,0.028845942324277,0.0274842120638902,0.0274842120638902,-0.0051173743649829,0.0178939959727213,-0.0109047324811654,-0.0293776194951982,-0.079867809228871,-0.0587782030178614,-0.1123576963312187,0.0416681960873159,-0.0223684313719956,0.0669513847814087,-0.0542782822646538,0.1181402807781846,-0.0901946997284973,0.0547693692525828,0.025748696103016,-0.0121383532502543,0.0070050836859567,-0.0084131236929744,-0.0250221447618348,-0.0498273284591557,0.0323325953472619,0.11945560816603,0.0424722193130597,0.0672270947872941,-0.0173437274513473,0.0163094291084688,-0.0512898419510846,-0.0718384042418004,-0.1045299721278133,-0.1201596456847363,-0.1175227546296461,-0.0298025644901585,0.0457514395821505,-0.0159166966007455,-0.0099734183906268,-0.0520079576165001,-0.0180940246500372,-0.2611225165263482,-0.0697333056942998,0.0891372884380896,0.0722018496362442,0.2154814789769414,0.0983254376233466,-0.0009441708128167,0.0303896359774586,-0.0970012218484766,-0.0365391190997165,0.0212366218188031,-0.0386007628370651,-0.0660577403121758,-0.0924903470550344,-0.0687112365991496,-0.107378551631689,-0.0146912468496938,0.0158944994883938,0.0371615668246931,-0.048942068140483,0.0770267354875764,-0.0165066841823103,-0.0145268606288779,-0.0678147873155804,0.0539108195635666,0.0877935946081494,0.0215255103706253,0.1590520628436118,0.2385370055181024,-0.149834493768165,0.1002664143149614,0.1116295059545908,0.022135314137414,-0.2750301327371228,-0.0333856628288123,0.0625884151200684,-0.087050711988185,stop,1445,4,26.68329652660725,-0.0824662962608021,0.0224147572329136,0.0974298419185332,-1.0,0.2718050676366778,1.1814504389818647,2.9308627402469125,1406,0.5943901074823655,6,0.0734199517456688,0.0306565253425532,-0.6431164801165061,0.0,-1.3881504083559162,-0.7937603008735553,0.5381913372655618,0.1588493080637611,28.448889268239896,26.68329652660725,36.110477089901394,0.9334612515348012,-0.126439793967983,-0.0794868556640056,0.0324471754989077,-0.2226721530361903,0.9560429425992736,0.0021511556697777,0.0,0.0172305681422098,2022-10-21,62.0,6,-0.2504574495168592,-0.1744386471183655,True,False,True,0.8,0.0,0.0,0.0215307874364077,0.4389924981948455
INVH,Falling Wedge,bullish,1,0.6564883929887573,3,37,2008,2009,2025-01-28,2025,1,29.21421162015415,29.083376006573275,32.43972797651787,28.199953030966768,1.3324642187380178,0.0044986391384309,True,0.0083762003738705,0.0115892323698307,0.0057820835024484,0.0323267554803856,0.0037511862730379,-0.0003023855052769,-0.0142602387796539,-0.0017736818985905,-0.0259891098102479,-0.0354063562169608,0.0191890883257579,-0.007317028870969,0.0285398717612979,0.0160289166173359,0.0107350146691047,0.0030565179901913,0.0093897836852856,0.0484178903437566,0.0175565803950574,0.0252541621396489,0.0372453669897854,0.0074835144669838,-0.0006091962040483,0.0167525040279157,0.0141186641869683,-0.0511235492482803,-0.058750203495922,0.0105119909470874,0.04432360840588,0.055679793427467,0.0550698019695461,0.0013559219015697,0.0038485084407819,0.0301125561247026,0.0204525293060724,0.0133293038779402,-0.0233832962983157,0.0112316849479123,0.0072831496813132,-0.0193831793187468,0.0120391220854942,-0.0001583172300472,-0.0076759615485012,-0.0055172478764787,-0.0055292682968071,0.0120666566377823,0.0170747021972628,0.0322802997023892,-0.0339718472875774,0.030080494210225,-0.0463071230189997,-0.0573818362255139,0.0065098880123128,-0.0666667025189517,0.0105693797103909,-0.0173437274513473,0.0173988082312872,-0.0268913252702441,0.0069272673136049,0.03540947672484,0.0067115222869831,-0.0636363354877703,0.0014124875375631,0.0661588575901612,0.0057290027174594,0.0003105023634513,-0.0642972774128107,-0.047788653448301,0.0289280592684246,0.1072809186640602,0.1626366128313028,-0.072722314015687,0.0168671055226548,-0.0674149708734446,0.0513527244648925,0.0588618787672903,0.0350822202796583,0.0231789261927655,0.0016401493128523,-0.0017394744069014,-0.0170067457950323,-0.0608274475655783,-0.0507580311181049,-0.0702278099017554,-0.0681357875364419,0.090141776889919,0.0488378958277462,0.039874864710881,-0.0147815000086342,-0.0453071713854603,-0.0825364960235064,0.1165619289971545,0.1004580215030794,0.1921981019290018,0.0898802297474508,0.0703150505471439,0.0282971114063981,0.1342829483815431,0.0051883838655697,0.0680092851906972,-0.0422989018058213,-0.1133112173138066,-0.0536810237169463,0.113458193991325,0.2148018336081065,-0.0706395863719833,-0.0399671251206649,-0.2316834368510278,0.0771142045218582,0.10485154526341,0.1641734118054412,-0.0199282636294959,0.0539688523158221,-0.1049003979912522,0.0780614666108911,target,2030,22,32.43972797651787,0.1104091528569102,0.1174291925751696,0.0154639637702087,3.180171596030545,3.3823734093525584,0.4454164991900418,3.180171596030545,1970,0.6015848168271407,6,0.1369036598244447,0.0211686805483923,-0.090892128359009,0.0,-1.30831683803191,-0.7067320212047647,0.5724232385634632,0.0759567046671809,29.083376006573275,28.199953030966768,32.43972797651787,0.592674471760011,-0.0803599339856634,-0.0371508313732455,0.02025457067193,-0.0719784528974712,0.3592966750692486,0.0006441099543443,1.0,0.0052882752665739,2025-01-28,3.0,6,0.0075446445538547,-0.0040305484881612,False,True,False,0.0,4.0,0.8,-0.0152143453949649,-0.0606477787795809
INVH,Falling Wedge,bullish,1,0.6190411684397895,5,78,2207,2208,2025-11-11,2025,0,27.73009703716969,27.43819282134254,31.23985892140655,26.111222689623787,0.8022646682451587,0.0106386093912167,True,-0.0394138916863845,-0.0033299141988228,-0.0046297567091746,0.0139673307659329,-0.0146883599770183,0.0347208988812357,-0.0230415173149067,-0.0109963334155969,0.0296202166895929,-0.0241573348376691,0.0035369048906523,-0.0039576816987217,-0.0098510061771649,-0.0073873401648354,0.0119965610645609,-0.0726448023080332,-0.018772456375149,0.0074835144669838,0.0145382573930048,-0.0161291641182604,0.0121913349527686,0.0094125864566299,-0.0359744843096261,-0.0219741280298511,-0.0077069990125729,0.0599197408723872,0.0532479950140216,0.0226504679977554,0.0167119043129067,0.0127959076759767,0.0104345360996929,-0.0079669475012712,0.0316934337466012,-0.0367476441004795,-0.0423494769359408,0.0089653938378662,-0.0524103326122028,-0.0230608326755528,0.0391622082226099,0.0303388476863288,-0.0222140254058419,-0.0162984871123937,0.0162569976253885,-0.0126699518160569,-0.0283886118845946,-0.0249776841822111,-0.0763864052399991,-0.0804461838304626,-0.0352023911724853,0.0024075377974539,0.0719520284957024,-0.0170740512208635,0.0083565898380189,-0.1259108446044057,-0.0454412849942894,-0.0531570484106908,0.0143406887208703,-0.0504878648195071,-0.0081358399866114,-0.0028288224312443,-0.0263691825363466,0.0153516391466641,0.0360110450858834,-0.0327690279971506,-0.0039553882765842,-0.0181566292588267,-0.0710318850566754,-0.0048953130798594,-0.0590366030019517,-0.0654338740681765,-0.0819804766553118,0.0364572699864904,0.0898082330319443,-0.0685763873204647,-0.025263263904136,0.1083286197339667,-0.2623912847695752,0.1877548766603691,-0.0972005424656814,-0.0629044588163407,0.0538225418211741,-0.1856010601339577,-0.0566564723065442,0.0370576103913495,-0.0080192915142438,0.0016401493128523,-0.0134139478037624,0.0862277671624474,0.0495589082861553,0.0114817804131936,-0.0568676572264543,-0.0566960435951157,-0.0675498337026691,-0.0839206541317177,0.0322399127380623,-0.0025211357041055,-0.0644534049543759,0.052083508494553,0.012943489691028,0.0577217888614653,0.0273862530851436,-0.2316834368510278,0.0129198185910401,-0.109766608115187,0.03589294963276,0.2059525815413072,-0.0054353187909692,-0.0124877875264337,0.0022134660746198,0.0672564121365191,0.0258653536968234,0.03401150087959,0.0145498895341844,0.0228766685381542,-0.0764281287803266,stop,2225,18,26.111222689623787,-0.058379685630957,0.0163934186293607,0.0709800439478158,-1.0,0.280806901444975,1.2158346380367822,2.1680261284993567,2129,0.3793464711335462,6,0.0469298013502061,0.0356609192774306,0.2738348092843066,0.0,-1.484285864237315,-1.1049393931037708,1.365742047775554,0.0739015269918277,27.43819282134254,26.111222689623787,31.23985892140655,0.5752175815002855,-0.0842258990059034,-0.0070918986423781,0.0207651663834758,-0.1347770610022789,0.960783433749578,0.0046362566021733,1.0,0.03136367623892,2025-11-11,3.0,6,-0.1163278139124195,-0.0811600019919654,True,False,False,0.8,1.0,0.2,0.0120398867245903,0.5517829718997789
J,Falling Wedge,bullish,1,0.6032240703156712,3,17,680,681,2019-06-03,2019,2,60.27009182670158,58.065215243605934,63.05321251380101,56.8842448225216,0.946734725808707,0.0379724172871027,True,0.0348657259538207,-0.0078962998096576,0.0043055340094639,0.0510515419309378,0.0171563138831551,0.0216454946058888,0.1256291993606964,0.040774482634319,0.0034015456975435,0.023197875942972,0.0090470788069092,0.0297217944900025,0.0331140758377423,0.0069037708887866,0.0628198540758633,-0.0362685808028413,-0.0068622374151506,-0.1354333930548442,0.0010754268469896,0.0327617820720633,0.0168371722528282,0.0224883215341216,0.0186973732739483,0.0098138933539608,-0.0343908054654102,0.0029345314743727,-0.1380182951445336,-0.0021602081288841,0.0031866722510469,0.0031866722510469,0.0321067313812224,0.0749212196822046,0.0347396783917495,0.0484528121337657,-0.0511194249218923,0.0351338440460695,-0.0057140719956921,-0.1958317782687469,0.0274542986599404,0.0401493148170617,-0.0422174116706983,0.002762135272541,0.0454074687828978,-0.0670374471792695,-0.0085351323288791,0.0178238128786947,0.0950413918237715,0.0229495078505876,0.0144678194782683,-0.0137062825781237,0.0129497695453888,0.007425301361073,0.0877438274435395,-0.0301226433573299,0.223750746720055,0.03307794054038,-0.0258342504189431,0.0076181396083039,-0.0406963709568176,-0.0157154135902409,-0.0040902225616163,-0.0430305652775658,-0.0076385055549351,-0.0912737510284883,-0.1278447645492151,-0.0444960677100338,-0.0436167605978926,0.0595371243471569,0.0971161382806234,0.089972858696103,-0.0004671154845712,-0.0386425185283747,-0.1549316038535836,0.081242856973926,0.1397379711809507,0.1000151656668884,0.1874775542856237,0.1662110301471784,-0.030665013912283,0.1587864679834483,0.0331427779016366,-0.0507652247370784,0.0968272427390382,-0.1404641173758926,-0.0610933650936266,0.0948367640565932,-0.1270095538470146,0.1148595191882002,0.0667365639679293,-0.0485633849893776,-0.0438129118239298,0.0627765476995904,0.1000656195919322,0.0598469929666645,-0.075317717006291,0.0506786224969386,-0.0349137457664715,0.1442850804391493,0.1233946710719093,0.0664011702694844,0.1176016611583965,0.2078648875151028,0.2088700352168322,-0.0111041226641049,-0.2283102136564703,0.0684577995637931,0.1513901283554464,-0.2867887303773461,0.1645149104688392,-0.0114907434145501,0.0960415424224534,-0.0042007988552703,0.1224986901651461,0.1535055511155227,0.0488966856660067,target,693,13,63.05321251380101,0.0461774754732731,0.0650825295599605,0.0003874577092828,0.8219865468414672,1.158507761292905,0.0068969778281812,0.8219865468414672,661,0.6797503071604993,5,0.0905026158395357,0.0039107653887209,-0.3375851860705394,0.0,-1.104170744884395,-0.4244204377238952,0.3845914605317175,0.0710951026491286,58.065215243605934,56.8842448225216,63.05321251380101,1.0925437262196052,0.0811610939196221,0.004879902266339,0.018266633103837,0.1667010571252429,0.9440545683232794,0.0034532081015299,0.0,-0.0661834336409287,2019-06-03,18.0,11,0.0184178524150742,0.005297215367888,False,False,True,0.2,2.0,0.2,0.0798367766181,0.8365065875870815
J,Falling Wedge,bullish,1,0.7743839741305354,5,43,1221,1222,2021-07-26,2021,3,104.763739388477,105.2035670226922,116.96731077321384,100.86313965030052,0.567071504492393,-0.0041807292914347,True,0.0122920299726392,0.0175658300528745,0.0274839524631311,0.000742538824191,-0.0154473713246838,0.0012991148189156,0.0142951838794109,0.011857298523054,0.021627252855831,-0.0007675410866857,-0.0167214578666277,-0.0104158849472033,-0.0226469494305384,0.0109265585516269,0.0300600196631264,0.0140515802978462,-0.0209702806065769,0.0139797843869908,-0.0146468648551996,-0.0060457860260739,0.0088190169697728,-0.0246097474465649,0.011148509090452,-0.0144704879695803,-0.019517058415769,-0.0750138957180266,-0.0537333609858394,0.078047588015929,-0.0087732790200618,-0.0228885108178736,0.0303884588824725,0.0533884517087173,-0.0067240554750636,0.0965734985660784,-0.025340441018286,0.0764051531944056,0.0909756020230481,-0.0117354744511042,0.0909827871296247,-0.005063686573633,0.0199401272220498,0.0063604152576342,0.0096697201253799,-0.0368438288200748,-0.0043421599278671,-0.0295841434354558,0.0050344597042097,-0.0116734918500276,-0.0189511313629925,0.0208448660328259,-0.0482221376957637,-0.0454113583500346,0.0297784399008229,0.1028815199433759,0.0075215154659054,0.0368657440198487,-0.0256656934416692,0.0431212761075603,0.0034967725454404,0.1053720807524851,-0.0577770851261085,0.0621709057167265,0.0877438274435395,0.1205782017773273,-0.0225873129295213,0.0435750369171827,-0.0294769198203423,0.0262308908644444,-0.0170700122338428,-0.041838106870683,-0.0307204043095107,-0.060160942324282,0.0988619292058277,-0.0418485495380849,-0.1790671629264822,-0.0667122452303058,0.0248540944793571,-0.0089577771279691,0.130795469671161,0.1775754779469094,-0.0079929402229268,0.119786985951348,-0.046567672293669,0.0976501257389548,-0.0502855658060823,-0.0160766839338247,0.0102430545542957,-0.1595632284234364,-0.0407829693459455,0.0505191184878537,0.1006398100162202,-0.0484836233146289,0.0132839032498073,-0.0143893538473889,0.0377506749410039,0.0391641776630902,0.1940321736679717,0.0060461488441574,-0.0688271760001737,-0.1072864218992334,-0.1038344597869549,-0.108911655404886,-0.0235651027889699,0.1665104581027578,0.187698032889074,-0.0485419262297232,0.0288272603489134,-0.1469260119485922,0.1292967353547693,-0.0859409545430626,-0.1386465372600172,0.0508035090309451,0.0892462112738798,-0.0340282814272903,0.0101405605084243,stop,1228,7,100.86313965030052,-0.037232345475113,0.047295088359493,0.0427452441967332,-1.0,1.2702688416744037,1.148067457241047,3.1286397487279687,1175,0.6027938549681945,7,0.0717336636963052,0.107638304175418,0.2229135012950296,0.0,-0.950477932290838,-0.3476840773226436,0.5817818384086454,0.1095303364116648,105.2035670226922,100.86313965030052,116.96731077321384,2.097289230262989,0.1134006538618164,-0.0208565360708279,0.0198945877944143,0.2126583298294464,0.255319566486597,0.0023897620784292,1.0,0.0337778934356904,2021-07-26,16.0,8,0.2174593275378273,0.1387136457741122,False,False,False,0.0,0.0,0.0,-0.0544723564316111,-1.6767894211690224
J,Falling Wedge,bullish,1,0.7365372907859524,3,26,1582,1583,2022-12-29,2022,0,96.26446695620376,95.98673264855802,104.66212035753232,93.88830705851257,0.4944977703126788,0.0028934655861516,True,0.0669155290105838,0.0473694010244059,-0.0158999035484757,0.0230976711860895,-0.016561405851976,0.0180231601502998,-0.0039461413633385,0.0104050871314154,-0.0425784902585936,0.0612279060362166,0.0249179490405493,-0.032875649187703,0.005859459313438,0.0318023124409971,0.022807229323724,0.0025624631188345,-0.0040445436858128,-0.0227272031529791,-0.0215726172147067,-0.0061212917910229,-0.0235511001161194,0.032002835582799,0.064774142652902,0.0461600371806556,-0.000760965894984,0.0671082099190283,0.0769360944876937,-0.0177151609631701,0.0294958751662564,-0.07195970776679,0.0468864777651627,0.0258064247160589,0.0449466361278914,0.0520025565637043,0.0195118436927097,0.0446883471672123,-0.0443659045893477,-0.01140195727198,-0.0381292609368252,0.0084977485820023,-0.0218379442146762,-0.0019322946117048,0.0827349754100597,0.009991292456783,-0.0025023843985688,0.0312219438155806,0.0045661532884286,-0.0478457392114302,0.0548934233949274,0.0124779625253235,0.1354169050446125,0.1106179265084468,0.0965302705634478,-0.065710741737446,-0.0173514525757659,0.0100725345107557,-0.0889755840545117,0.0438898341537723,-0.038375381750926,-0.0426704263177935,0.080649778760504,0.0323034675038436,0.0413555368843268,-0.0896669694067416,0.0110714572178904,-0.1001558458629798,0.0156074243825172,0.0124219397915217,-0.0061539496883575,-0.0057305945027469,-0.0467669565624359,0.0608690299092888,-0.2381331091894363,0.1681750108799913,-0.0991764496712577,0.0337940040924558,0.0365316440651719,0.0736595611818922,0.2191461449449463,0.1694124393025116,-0.0310321143913663,-0.0292331018247243,0.0117249664373786,-0.03256452658324,0.1521735792774676,-0.0196706150953955,0.0747854156584573,-0.0631726561275453,-0.174108477916508,-0.0471117434276353,0.1335046835619808,-0.0257092787569686,-0.0496616150607215,-0.0929303541174849,0.186181158542513,-0.0704172202510677,0.1106652147791689,0.0950622587091825,0.1681970403670534,0.153464409525891,0.0541910534395353,0.2217333236979068,0.0937402436623431,-0.1469260119485922,0.1037123372936552,0.0588238315241234,-0.0217467179058525,0.1195964930559208,0.0799469649402317,0.074421186811364,0.0343941464246306,-0.1201603436045645,-0.096021096995691,0.1050462870309871,-0.1098568430156585,stop,1630,48,93.88830705851257,-0.024683665456458,0.0779576482838619,0.0438372294533183,-1.0,3.1582687109975245,1.7759610917854622,3.5341280734045637,1556,0.6321808552850174,7,0.129725336583021,0.0822862517712261,-0.2438830336139531,0.0,-0.8846149531543104,-0.2524340978692952,0.3384680018067894,0.0848842904374435,95.98673264855802,93.88830705851257,104.66212035753232,2.0864998431019166,-0.0445641357526435,0.0085628409229585,0.0215529847943218,-0.0435486995488652,0.8359989817038833,0.0083893084175714,0.0,-0.0551395509824588,2022-12-29,14.0,10,0.1120734243980592,0.0512407024890164,False,False,False,0.1111111111111111,1.0,0.1111111111111111,-0.0153522244348572,0.0293261620313819
J,Falling Wedge,bullish,1,0.6830147363613653,3,31,1940,1941,2024-06-04,2024,2,112.10596939359436,112.4292983874218,128.82455253365117,107.77273507574849,1.7087831360627008,-0.0028758428493724,True,0.007002634029023,-0.0046407238202295,0.0655774948911354,-0.0485856697450908,0.0013821728256935,0.026513646066776,-0.0452382301618458,-0.0035633234659648,0.023737850023318,0.0142951838794109,0.0142951838794109,0.017743061571104,0.004891137787703,0.006263104572953,0.0161597602489196,0.0814751610698893,-0.0203138685838151,0.0065852072024179,-0.1354333930548442,-0.016561405851976,-0.0246622967174785,-0.0156735398145869,0.0085582721978665,0.0179033762076352,-0.0154819838396289,0.0682715961631381,0.0008311093202808,-0.0015726822480603,0.0340146537913228,-0.0109580940997641,0.0293448010184573,0.0036785087986537,0.0147848373067778,-0.0231523322791976,-0.044569259917186,0.0519821321876292,-0.0141018927704206,0.0073325411827276,0.0093514246275878,0.078047588015929,-0.0457890409066723,0.062733670861929,-0.0355267029910753,0.0583846659125735,-0.0099566118585403,0.0062468306018307,-0.0002165938752379,-0.0425497080874447,0.0646649946991215,0.0754438585308534,0.0080943269971534,-0.0994414037766806,-0.0772396668778886,-0.0607583198387416,0.0695720763797025,-0.1390920391953458,0.0885466524603169,-0.0132200425223353,-0.0050065487363937,-0.0068636839371016,-0.0551025408555136,-0.1467180883124754,0.0790920123742788,-0.009494710096885,-0.0840530016448298,0.0097386006299033,0.1070465546995387,-0.0255139406739564,0.0107986516096259,0.0471320651702154,0.0207706809233432,-0.164576414185389,0.0859741027378173,0.0070693716555332,0.1357779907262939,-0.0519446804252006,-0.0642935016899846,-0.0251061429444935,0.0704024008669419,0.0586329186209204,0.0110670600050171,0.0767207171192716,0.0439664323385888,0.0911218894766217,-0.0275188006559738,-0.0385623566266393,0.1584239053074256,-0.0120050763914901,0.0544836027945938,0.1233160746031885,0.1448630368335555,0.0132414386618854,0.0850360911655323,0.0296802138106551,-0.169150151923043,-0.1036987479041685,-0.0533504074934015,0.0369373291868044,0.1976598894719359,0.2526003856900383,-0.039682920158992,0.002703103192015,-0.1614199036948868,-0.1722539701612614,-0.036803725355003,-0.0918931141767122,-0.0492179292168419,0.0941765668658258,-0.1370638545229355,0.043773809774612,0.3381881705180247,-0.0879839412315016,0.017598854465805,0.0175945092222482,0.0901003935381042,time,2000,60,121.63902282714844,0.0850360911655323,0.0999856621577398,0.0308980494209738,2.199985676817283,2.5867490099695294,0.7993695998492384,3.858222730121789,1907,0.6555071981466252,5,0.0203004593900957,-0.0282082268483442,0.2761591876513278,0.0,-1.0993446302108931,-0.4438374320642652,0.4763254136949898,0.1249962903627342,112.4292983874218,107.77273507574849,128.82455253365117,2.1426045536935385,0.0117690282812048,-0.030696494945986,0.0190985288959152,0.0743394258713203,0.9772719649834706,-0.0022467443935453,1.0,0.022881761759449,2024-06-04,39.0,15,0.1965420142182772,0.1486995452333102,False,False,False,0.0,0.0,0.0,-0.0649008685136497,-1.0512611593047168
J,Falling Wedge,bullish,1,0.709523085196808,13,166,2419,2420,2026-05-04,2026,0,130.82555597963685,129.70715620672058,179.24410616385228,116.74784627647364,1.389480304231331,0.0086224986008776,True,-0.1105198914312984,-0.1348073467607161,-0.0106861101399239,-0.0248027081243462,0.0109440810606298,0.0251715881610099,-0.0037009888945513,-0.0272789250345119,0.0082185791425275,0.0360981795675805,0.0071155182208204,-0.0455597869917533,-0.0793929171304325,0.046268884166031,0.0064835733179495,0.048970807905931,0.0215960123025977,0.0107843373975122,-0.0036226820759558,0.0337995503066137,0.0238145228224293,0.009838276843707,-0.1152228810724917,-0.1364396031265208,-0.1598265144908176,-0.045543671500547,-0.0055166776917581,0.0161667151271238,0.0030120719365427,0.0066351795685535,0.0395793967994781,-0.0107884593570724,0.0972500526467385,0.0493091707316815,0.0316696637622098,-0.0377051743201412,0.0086813956422917,-0.1115557490737373,-0.0511782731355386,0.0255613502710576,0.0388984553048763,-0.0278886626628847,-0.0334261843494307,-0.1384515655585502,-0.0088197439623015,-0.1287340676354504,-0.0701872314700021,-0.1225584835411109,0.032109743597632,-0.0559676220783936,-0.0330016842937974,-0.0614676558104112,0.0292438029599459,0.0461813667801456,0.0500520923920002,-0.0418910083003364,0.1508335873541428,0.0730016493686216,-0.0823345610279114,-0.1072365393460389,0.0725750521765296,0.0209314704836713,0.0104068404313015,-0.0043261493477105,-0.0375571542374962,0.0565200593705845,-0.0392405420147863,-0.124298533547725,-0.0679139422155005,-0.0496755755369552,-0.0855751476736351,0.0222992405943542,-0.0932664867892558,-0.041430199184428,-0.174108477916508,-0.0331756301557727,0.1282971528055507,0.1156533365110443,-0.1392574542203678,0.0292720800543762,-0.1382872937585595,0.034826233775083,-0.0391414581429196,-0.0066634164343236,0.0406448911218884,-0.0255922000489381,0.0651699394450509,-0.1938349158502174,0.1295847582165907,0.11735800056071,-0.0998813291852001,-0.0345989141068631,0.012240729153639,-0.0180053904104413,0.1426793530495302,0.0253061786682751,0.149350751046706,0.1513995242668857,0.1202330699629101,-0.1251058050609403,0.0455791684799964,-0.0875384784682954,-0.0237942904322178,0.2254778800898105,0.1176473961374875,0.0281020292567679,-0.07209754287523,0.0700248140975838,-0.0590851340302779,-0.1117748382232828,0.1419783493171833,-0.1060187140962739,0.1455968846178137,0.0437848647402265,-0.0288465438735938,stop,2424,5,116.74784627647364,-0.1076067255953754,0.0472028491114967,0.1205533344798755,-1.0,0.4386607700432194,1.1203141236095424,3.439376944485222,2253,0.6258326272871622,7,0.1543313177342462,0.0642774654123943,-0.2156191394226868,0.0263157894736842,-1.0848478873895064,-0.4590152601023425,0.4534853482470806,0.2920478807949092,129.70715620672058,116.74784627647364,179.24410616385228,2.822017328803826,-0.0693562354419591,0.0064076669038239,0.0217061313433302,-0.1695408292559309,0.6261699568856902,-0.0014738177417774,1.0,0.0896604696360605,2026-05-04,48.0,10,0.1050108388847856,0.0870327059461311,False,False,False,0.2222222222222222,1.0,0.1111111111111111,0.0085596520031933,0.4732635319387744
JBHT,Falling Wedge,bullish,1,0.6940754074048894,3,33,635,636,2019-03-28,2019,0,94.7284712044995,93.95399008091772,110.3690503864048,88.85195776013953,0.7155300883655521,0.0082431956632682,True,0.0279969247806974,0.0110348535716324,-0.001223253305718,-0.017747256890762,-0.0718774569198827,0.0703999866631759,-0.0028270801188093,0.0627278964336872,-0.0109472958939992,0.0320054284070725,0.0268583690625616,-0.0039887694217942,0.0138381331350316,-0.0228946293579581,-0.0148140985701047,-0.0145723023901186,-0.0173256332623105,0.0268599096157322,0.0359991403361021,0.0237651112295107,-0.0127455727481945,0.0214173621588706,0.0218515253725928,0.0321372247315041,0.0115277153632358,-0.0771684787036735,0.1451297421941282,-0.0059993299113906,0.0025440638069462,0.0318643392814856,-0.006080117197552,-0.0602836509960873,-0.0324444620686714,-0.0265075637989594,0.0315721297519642,-0.0367638255735878,0.0013840924468411,-0.1558708823845913,-0.1449096833032537,0.0725678765837876,0.0524010270248644,0.0436728284890319,-0.0535262902760564,-0.0361333899976371,-0.0439043431012565,0.0470600206181875,-0.0307572876069739,-0.0697806707052379,0.1579631860719075,0.1545728038492866,-0.0808153289776043,0.0700095842555594,-0.1300068513181237,-0.0520843529560068,-0.0675667982537341,-0.0187483202919269,-0.0193788312159761,-0.2632092031809556,-0.0538378464708458,0.0231875686806843,-0.0483570010613747,-0.0801640695503763,0.1527407160970932,0.0446158632619495,0.1190660397699314,0.1062111949529227,0.0721792439424731,-0.0824259358054099,-0.0309548706969476,-0.117572145923422,-0.1189529232378598,0.0135581331704559,0.1102124959290136,0.0747762678348311,0.1280448439659136,0.1696874275830551,0.0117263798343889,-0.0213782166060537,-0.0855014447929669,-0.144963870569839,0.2143365802715826,0.2063063333102377,0.1898980699044032,0.0368343410501901,0.0597297473901994,0.0360247480729161,0.0695159858734364,0.2402955122458265,-0.0809296844299567,0.1958457809650393,0.0760641415252534,-0.1925763245498183,-0.1366519000045027,-0.1815476753774849,-0.0413738048678269,0.1530002451379197,0.1711200636612921,-0.0019644636389387,0.1173563093736014,-0.0675470064266593,0.1146104180631064,0.034264871297257,0.0618991799416863,0.0195758371794581,-0.1040141462409228,0.107471477364635,0.3180222291496668,-0.0320593721669012,-0.0729731887809476,-0.0272800915001736,-0.2668767352304825,0.1029296640074624,0.142210220014052,-0.2790941859185074,-0.1591157760254416,stop,656,21,88.85195776013953,-0.0620353455475257,0.0580639027089587,0.0712733974781201,-1.0,0.935980966922728,1.1489159421787531,2.6615406107709108,602,0.4868513533183276,5,0.026518908869712,0.1821949249441223,0.0011509650334642,0.0,-1.3584954652564611,-0.8716441119381373,0.8672863963397607,0.1076414381232789,93.95399008091772,88.85195776013953,110.3690503864048,2.091798680949034,-0.0926875438211266,-0.0411624048522328,0.0221826313639392,-0.153455033558518,0.8116602974432958,0.0007066370053308,1.0,0.0117211047640988,2019-03-28,16.0,6,-0.0958512331239622,-0.0331153602903195,True,False,False,0.4,0.0,0.0,-0.0468834186077525,-0.8976441827260294
JBHT,Falling Wedge,bullish,1,0.7032879422447668,8,109,1460,1461,2022-07-07,2022,0,158.4170260947186,155.53450014036093,228.84016538835291,142.14096270069257,0.953431518692982,0.0185330325539114,True,0.0039416014286355,0.0281108154513223,0.0015046473138058,-0.0300490958170795,-0.0330428127758057,0.0360819882757721,0.0095299495834648,-0.0200971334739871,-0.0768510410664439,0.0703999866631759,0.032240312008795,0.1085097352418367,-0.0309141857912381,0.0134919399044626,-0.0284288062417679,-0.0369868623686354,0.0196996146740615,-0.0024739276031751,-0.060230939969062,-0.0392560905149714,0.0206955771489725,-0.0371673746962569,0.0081088274038393,0.0423890392445931,0.0126424185723905,0.1429067521771481,-0.0008570799159675,0.0028001534115822,0.0427369690551793,0.0158527598199371,-0.0376268149539728,0.0025102800999849,0.1212412663819109,-0.0241436213053541,0.1596883214229743,0.0400579201787589,-0.0204349987865383,0.0154993912157965,0.0467019893590916,0.0017429355613292,0.0035865823603338,0.0114787330572383,-0.0515876148595298,0.032171293421418,0.0418768930597801,0.015078933706538,0.1012537018683334,0.03179290756721,0.0641001964732657,0.0398185701968822,0.0109693955644318,0.066725430679374,-0.0510990413586197,-0.040307746563558,0.0839352445571992,0.0273783287991347,-0.0605223222849277,0.0362802976540763,0.0117377892409271,0.0809320052464492,0.0882993140212464,-0.0878777888020687,-0.1182025711930867,-0.0201628515690068,-0.0626775563118712,0.0331439191029749,-0.0008118519091793,-0.104196029286369,0.1013805652554697,0.0561559193387883,0.0325290130054836,-0.0354358136167829,0.1222258682499055,0.0590715471236087,-0.0754025277165699,0.158742725027744,0.0189279221819884,0.2383311381688526,-0.0966126311421852,-0.0668598301108752,-0.250738531615346,0.0377146923010662,0.0224195494368031,0.0509362824991321,0.0805228870731424,0.0652399207066196,0.0217594292030234,0.1067859367384833,-0.0727614667156342,0.1551652647522687,0.1688987747437846,0.0207093624743368,-0.0492960242597044,0.0246131704787707,0.0702418399464988,0.1087293743208059,0.1834818695200084,-0.0349520212657621,-0.0249144530183788,0.0279186587369022,0.1367234537739952,0.1769516468110201,-0.1251576464705692,-0.1519667254330101,-0.034241191028525,-0.2279442429952983,0.2692334941655641,-0.0669498596600437,0.2198505092668199,-0.0565817582732854,0.0528901309210854,-0.0076224054641639,0.0734055047524016,-0.0748944807259592,-0.0750061091537097,time,1520,60,150.60769653320312,-0.0492960242597044,0.1988039871357927,0.0501469255376614,-0.4798045677544987,1.9349848704438264,0.4880864997358906,4.32679190224108,1351,0.6673230851751017,7,0.1247124019868737,0.1059675984446135,0.0721611903696706,0.0204081632653061,-1.218255756533272,-0.5509326713581709,0.3335493356223818,0.2917439979290954,155.53450014036093,142.14096270069257,228.84016538835291,4.540615588533685,-0.1028448441684236,-0.0075222708580147,0.0284382311553498,-0.1961190112719193,0.8478251691736102,0.0063120804905565,0.0,-0.0603013766132842,2022-07-07,6.0,6,-0.1565136439840914,-0.0486913680109616,True,True,True,0.6,1.0,0.2,-0.0420824313298887,-0.9619520341320176
JBHT,Falling Wedge,bullish,1,0.7917380395415353,3,27,1523,1524,2022-10-05,2022,1,160.6501885737108,157.87648545227012,183.83317652467667,149.4745330714352,0.8043025763109023,0.0175688172528976,True,-0.008031229171856,0.0427115721779741,0.0695881565500922,0.0404118503834873,0.0244565949743975,-0.0330986996836618,-0.0359382875326026,0.0192155883923077,-0.0387031858353802,-0.0696686352475156,0.0351293483799393,0.030256054725587,0.0190605306792415,-0.0075398900551583,0.129281945655278,0.0383948824722892,0.0180280953400187,-0.0029142542466522,-0.0256537593595383,-0.1119949296760971,0.0459729934797166,-0.1215813614318241,-0.0091663810700522,0.0066526192172353,0.0256077860858281,-0.0108531642730089,-0.0280923774847906,-0.0795142022215815,0.0328774046268771,0.0329956121008923,0.0495015375884135,-0.0169003311304105,0.0474307530593831,0.015174941083961,0.0556218343565086,-0.0727666738275185,-0.0023437223551644,-0.036309324506404,-0.0532871214669623,0.0372214558194401,0.0052451822541443,0.0237673936441638,-0.0551999581536154,0.0620829158813032,-0.0279040641558536,0.0077152146752465,0.0046147920460226,0.0066111591643628,-0.026156036961251,-0.0336584238200021,0.1013996178779392,-0.0447025824696469,-0.166802437893997,0.1429233552107645,0.0785488561234488,0.0467701754813651,0.0448688246622464,0.1248703597398992,-0.0077868517622342,0.0124738530278789,-0.0190086079071443,0.0192933342703496,0.2007735588544548,-0.0075823962485432,0.1766063492457237,-0.0404906803919764,-0.0448501043544325,0.0458693045131475,-0.0255531813138768,0.0982754374233112,0.0137217135232701,-0.0141870421368458,-0.0420503354677866,0.1694528897673137,-0.1853315459510539,0.0900548349499832,-0.0258065606305867,0.0502361853961981,-0.0519482956868809,0.1743383777625007,0.0224588822034055,-0.0337924074116838,-0.0555860063483449,0.2647597288307783,-0.0557127247952231,-0.0072819098694094,0.161099846803477,-0.2058054854909521,-0.0221700300564771,-0.1603743885182313,-0.0025649792205434,0.0947859857168293,0.0475103178937523,0.0247050080152022,-0.0424029349810431,0.0980753711750477,-0.0953094564847009,0.109228287344012,0.0990684874335998,0.0389940563936224,0.0111850553311247,0.0734055047524016,0.043821220010741,0.0061128600985673,0.0300732936067993,-0.0760271471335509,0.149461018795306,0.0614329359464798,0.3566758747663385,0.03060485769382,0.0787297609251838,0.0594216913248795,-0.1695643563717402,0.0900152626033101,-0.0001397642677575,target,1552,29,183.83317652467667,0.1443072563860008,0.1458570243570606,0.0490861033718275,2.07441862772571,2.0966965618250164,0.7056133540826349,2.07441862772571,1495,0.5626527227619361,6,0.0135238620492631,0.1041078710956522,-0.0401933211369903,0.0,-1.122283236324922,-0.559630513562988,0.6456437309691999,0.1174572689754361,157.87648545227012,149.4745330714352,183.83317652467667,5.056990900643336,-0.0800832125929303,-0.0568076577624029,0.0315463451595594,-0.0336364671614115,0.2766672770182278,-0.0141047056253681,0.0,-0.0481195952187228,2022-10-05,6.0,6,-0.0731979204747168,-0.1116748143960845,False,False,False,0.4,1.0,0.2,0.0951172462611004,1.5437606345868606
JBHT,Falling Wedge,bullish,1,0.7661477989876109,3,24,1891,1892,2024-03-25,2024,2,188.4158570112636,190.6445658118207,214.1572730067521,186.0699036285239,1.2161420069163067,-0.0116903872453254,True,0.0096845793386475,0.0142696872819371,-0.0148313177605738,-0.0589072205059527,0.0450326957778481,0.0282035995636968,7.178240202243559e-08,-0.039614447133497,0.0139842278695201,-0.0052430385919597,-0.0482412661194491,-0.0026503503522676,0.0063937827825819,-0.0837906192069066,-0.0108894141456366,0.027759817770582,0.0719461866392561,0.0313873406323397,-0.0221397936804712,-0.0247268223955271,-0.0592802717628142,0.0406691734445077,0.0149314626082635,0.0070431845433425,0.0107074833943796,0.0530617422211134,-0.0142868567320354,-0.0137621036286582,0.0011488545710891,0.01118298604314,-0.0489233899770166,0.0403205271839339,0.0183331130490311,0.0825727077726292,-0.0562679434582137,0.0007226411199963,-0.0887022653443492,-0.0063877178724959,0.0686613453247668,-0.0066760873541775,0.1467731580885534,0.0267996336136235,0.1039768565637759,0.0011104188856172,0.0726505763780096,-0.0125722252790741,-0.1322697398275442,-0.1023790374643014,0.1555360090872082,-0.0114690022049791,-0.031240975950183,0.0042824317593093,-0.0523015053518114,0.0795868987656778,-0.0692970244633821,-0.0105626193014352,0.0879124249766147,0.1103435302408735,0.1435774508390646,0.0018531582175331,-0.1050561934083735,0.0171689933922576,0.0463417394444494,0.0173916921632848,-0.0090302556880502,0.145585377219565,-0.2162569038152968,-0.0447690031871536,-0.1452495509643028,-0.1725642919357858,-0.1919991692181534,0.1415856073170693,0.2746421112537116,-0.1451781693330828,0.1062245053061938,0.0814984728991732,-0.0280276293122372,0.1053065539491768,0.0945549200348547,-0.0589942982720292,0.0301165193454011,-0.0313368359674071,0.1747556424977789,0.0137948013551292,0.0652561062045089,-0.08129295251036,-0.0595379803600599,0.3128873644344099,-0.1488407331286031,-0.1020526262412581,0.1376214229617036,-0.2167134320574895,-0.1932814568534878,-0.2427224202612899,-0.1059817189823681,0.005269972472599,0.0971940446078167,0.1628093066235421,0.0244503286536581,-0.048787039189558,-0.1132598451467927,0.0012986267291099,0.020620739306709,-0.0908826506815214,0.0651434604634684,0.1044841570073942,-0.0338070368463634,-0.0491249780030212,0.1314044848556101,-0.1383824411876406,-0.0439515440143601,0.1799042557261632,0.4936701770130163,0.1242426447776543,-0.2325972040627436,stop,1902,11,186.0699036285239,-0.0124509339073274,0.0351650613119938,0.0294683077170286,-1.0,2.8242910591067343,2.366754810230444,10.972688624113475,1865,0.7480934656672091,6,0.1154433925900165,0.1412959634129749,-0.2954087623993966,0.0,-1.0805843690893528,-0.3324909034221502,0.2810342254207872,0.0976776563010922,190.6445658118207,186.0699036285239,214.1572730067521,3.924770279948435,0.0061412277676775,-0.0565048556894273,0.0209486157644163,0.0177267879447164,0.2770082634148335,-0.0034908323171117,1.0,0.0304253795988431,2024-03-25,57.0,6,0.0378335845672384,0.0243381139060443,False,False,True,0.2,0.0,0.0,-0.1149544497536906,-2.4244403590456027
JBHT,Falling Wedge,bullish,1,0.7227144237128574,3,50,1957,1958,2024-06-28,2024,0,155.9704809313552,154.88579842980744,175.38625072801722,149.36267768265526,1.8522579277341973,0.0070031114055904,True,-0.0087186671640165,-0.0264046006072208,-0.0443296772189617,0.0182700649667144,-0.0027170922559117,0.0766158629577304,0.0190605306792415,-0.0058376427533254,0.0064710331994519,0.0081772573995431,-0.0630223543040487,-0.0063617338958374,-0.0053119465471229,0.036315764201652,0.0203304244597108,-0.0167447010211111,0.0528862570145041,0.0141690176705624,0.0413680169125565,0.0299739301821297,-0.0224647887762097,0.0028934908283104,-0.0167057528489955,0.0639150775364267,0.0347744841932584,0.0621271884611391,0.0439415994000094,0.1429067521771481,0.0447980423004101,0.0070097430961433,-0.0274752363068281,0.0217698032332778,-0.0357275316792934,-0.0170791558297039,0.0813842601741672,-0.0509267782979439,-0.0088479557033606,0.082436970507236,0.0733378153366843,-0.0372681656783746,-0.0214926071565709,-0.0520426316407421,-0.0292396108845381,-0.0429717557234806,-0.0148616564621394,0.0528261230702648,0.0695603327078204,0.0711546695448943,0.0105242855608269,-0.016786413002322,0.016097622340659,-0.098586427282107,-0.1262947060103711,-0.0442965005176905,0.0970115082767153,0.0043313883699411,0.0167311301093537,0.0605005090950547,-0.0294650998470937,-0.13732426093546,-0.0132374691121947,-0.0696726530638426,0.0388395146845621,-0.0120718568029816,-0.0957582350894449,0.068475836443766,-0.0262397177336003,0.1233329505802038,0.0812547624046217,0.1064378271078079,0.078653489681298,0.0878093363088172,0.0806337459559438,0.0658334889498546,0.2724386900057995,0.0224588822034055,-0.2803807504691668,-0.0655406288304937,-0.0162006974199439,-0.1114657807991978,-0.0550415488761437,-0.1621032005022963,0.1507693675240684,0.0347095557360752,0.0917026722534843,0.0201220054768682,0.1312086866305022,0.138718106035504,0.1038274537636836,0.1996421460348876,-0.122553761261303,0.0771084386717904,0.0971940446078167,0.0469360977632498,0.137869801338899,-0.1087106419422155,0.0330628284606127,-0.0749350565388151,-0.0556066891497871,-0.0492960242597044,0.138066581196367,0.0286050059106279,0.0076465126291325,-0.1498029134364585,0.1270982066310391,0.1274904502216611,0.05561212572157,-0.0908826506815214,0.0448144971460358,0.1511564274667534,0.1262426433818984,0.2489980874448658,-0.0303014194182624,0.0756820662420363,0.06005355268958,time,2017,60,171.1298828125,0.0971940446078167,0.1243597061365718,0.028978433261955,2.29416665578342,2.935384490816863,0.6840064696831816,2.938309308843593,1907,0.5846459759990226,7,0.1137021619175562,-0.205810082077854,-0.2836729766705713,0.0,-0.8735756763441094,-0.2889297003450821,0.4025581867707342,0.1172934876256819,154.88579842980744,149.36267768265526,175.38625072801722,3.4499035077709124,-0.1320391102196714,-0.0110869051763734,0.0220401557077637,-0.2052713263333977,0.466463216070116,0.0095466066547764,1.0,0.0447097068742006,2024-06-28,57.0,6,-0.0368326618379518,0.0093138598669375,False,True,False,0.4,0.0,0.0,-0.0306793035817379,-0.375663460574436
JBHT,Falling Wedge,bullish,1,0.6699962149695875,3,36,2087,2088,2025-01-03,2025,0,173.44786888386506,167.31911043353762,197.92741375900252,162.18468697050776,0.918308205309628,0.0366291598995913,True,0.0158128096377645,0.0407679015688638,-0.0068458402831582,0.0217196151632883,-0.0066018889976486,0.007493826323317,0.0294223494148822,0.0001161256005239,0.0644735982626985,-0.0359382875326026,-0.0801998279976342,0.0496862383485443,0.0110750956447434,0.0225522192692151,0.0036128508344697,0.0420587999443808,0.0134919399044626,0.0142280593833339,0.0031261565860287,0.0144319874470262,0.0123327277215652,-0.0011784094136907,0.0068599428565772,-0.0113920673091348,-0.0227625626490611,-0.0665231706245019,-0.0090835274479412,-0.0190791185834245,-0.0590819406418683,-0.1377825357451626,-0.0223787424529099,-0.0520804744750607,0.0410702751601279,0.0418768930597801,0.0090303424952551,0.0955105294450706,-0.1140805564515684,-0.0193552649164759,0.0011841273819379,0.0369161595822384,-0.0544264765817109,0.0594167781284831,-0.0561888612997463,-0.0400234319464419,-0.0429717557234806,0.0090104702727351,-0.0423373949028725,-0.0515782381123185,-0.1035278313770023,-0.0911617020336688,0.1766479138528525,-0.0332685490127011,-0.0254549870838991,0.0436607287340629,0.0241715937299735,0.0639614607989553,-0.0557620367360387,-0.0667221056781699,-0.0647561111230975,-0.0422564050245413,0.0679658829590277,-0.081844806403782,0.0429315998814203,-0.1462038448867786,-0.0593114508864265,0.1579631860719075,0.0060769784570338,-0.0203928316185862,-0.0319732290338996,-0.0905822407582293,-0.06842771165567,-0.0543294904519243,-0.065832865192818,-0.059894119953177,0.0566518439411811,-0.2105651449032324,0.2023541090223717,0.0267340372859785,0.0192256688540997,-0.01758295734086,0.1225701650504194,-0.1052521602660448,0.0494732235351762,0.2209212785070771,0.0593926113200418,-0.0877220667426045,0.045436481018614,0.1773470102654273,0.0359025596336051,-0.1034136555746274,0.006912905494129,-0.1064987124333709,-0.1318366367135809,-0.0814368088683056,-0.1445355790214679,0.0117354719495832,0.1167062334125772,-0.0502831454962662,-0.0238999081095588,0.1141500386259797,0.1295654791675233,-0.0410230150295765,0.1544809337912718,0.0373068817575867,0.0475103178937523,0.0069466444875998,0.0787456665676447,0.1320650519539663,-0.0701885763525683,0.1787970746574387,0.2386123574530629,0.0207428451265785,-0.1444964152497883,0.0117354719495832,-0.172070328190327,stop,2113,26,162.18468697050776,-0.0649369864607489,0.0627408787983005,0.0677955538599437,-1.0,0.9661809427547764,1.0440206353111676,2.1734129008523397,2051,0.6827997141470241,6,0.1471760662771713,0.1508143141005404,-0.1863239672815633,0.0,-1.3941722322021408,-0.7113725180551204,0.3425117903158505,0.1038191428169586,167.31911043353762,162.18468697050776,197.92741375900252,3.609166588791484,0.0236549780171371,-0.0281939289746816,0.0208817391968773,0.116129345665688,0.8212950258036252,0.0134931204470531,1.0,-0.0225745662033242,2025-01-03,51.0,6,0.0243065500491721,-0.0037481169229108,False,False,False,0.2,0.0,0.0,0.0076900634393691,0.2746190316397303
JBHT,Falling Wedge,bullish,1,0.6405511189868015,3,23,2117,2118,2025-02-19,2025,2,166.5676285148338,165.31530628432574,187.18236575118203,160.15254311193098,0.819401258053303,0.007575355595653,True,-0.0513607601317045,-0.0235620648653196,-0.0121584258191754,-0.0327484787828618,0.0671612730108197,-0.0673910564332871,-0.0160215579741117,0.0148899314544328,-0.0118454593640247,0.0326499699022424,-0.0054065893969305,-0.0186933040825689,0.0088883963325203,0.1269769502264868,-0.0026832169894294,0.0295107901324427,0.0041296138735942,-0.0445668607414437,-0.1000785104963635,-0.0026503503522676,0.0070384031864263,0.0015473784079482,-0.0502882049364269,-0.0530178422299045,-0.0064469142721542,0.0540829605337638,0.0950644478747404,-0.1045839974914411,-0.031066748735502,0.033623342922384,-0.0573639089667977,-0.024006288322265,0.0382260753247851,0.126443103753592,-0.0233468898256964,-0.0530408182878652,0.019738333582534,-0.0057504998232073,0.0234236686255289,0.0619298361663538,0.0693047299985409,-0.012766685962217,0.0261949883750947,0.0304360766494367,-0.0371527478347495,-0.0644872911577552,-0.1298815710790125,-0.0572616603202155,-0.023394536411877,-0.0064673524214499,-0.0479590539485368,0.0368897850672247,-0.1103408227360449,0.102479486583042,0.0195612433147844,-0.031240975950183,0.0701682799803702,0.1446718162783196,-0.0015696807318416,-0.0278680954978782,0.0271974468432243,-0.2253407266194967,0.1765556582560825,-0.0197332611743908,0.0704249442903708,0.054362560012634,0.0650266444330194,-0.0027785737383208,-0.1434138103704651,-0.2619525899488781,-0.124106068486221,0.0366282869799023,-0.0170954140641266,0.007455313249977,0.1909213228731143,-0.0931123268522785,-0.0664807854546231,0.0084426072457439,0.1525180739124625,0.0996721827764819,0.0826589751228947,-0.1872958379458459,0.0613015063763908,0.1782850647261862,-0.0520910302822404,-0.0211298302570365,0.2299586968774749,0.0682389020863467,-0.0764004824260874,0.2075963699221381,-0.0855014447929669,-0.2981810974525736,-0.1222795500762412,-0.0907137595862276,0.072091622853474,-0.0660708664947699,-0.2044074546776322,-0.041235322595459,0.2189268788107095,-0.1541576818693624,0.048204941667959,-0.0526911300977489,-0.1445355790214679,-0.0398069084894359,0.1582827833037274,0.0649066988339761,0.1340000178365303,-0.0769293215303228,0.2336463052280279,0.0811391848423812,0.0988467006112623,-0.063073965417062,0.1270881231174414,-0.1142326055687331,-0.136279171143416,stop,2119,2,160.15254311193098,-0.0385133981920834,0.0086390929814623,0.0465088686298988,-1.0,0.2243139631142214,1.2076023101866626,3.2134782222883627,2092,0.6676431055449126,5,0.0471572589714684,-0.0172715838839969,-0.4368527776648737,0.0,-1.2235553033103133,-0.5559121977654038,0.4326842158427652,0.0970239549983783,165.31530628432574,160.15254311193098,187.18236575118203,3.945207051830703,-0.0047288404388281,-0.0243237549531478,0.0236503295821133,-0.0016454279103403,0.414048794246227,-0.0123378176101084,1.0,0.0163834571040122,2025-02-19,51.0,6,-0.0111502727821459,-0.0055054752800182,False,False,True,0.0,1.0,0.2,-0.0081372942900419,0.1407741649769325
JBHT,Falling Wedge,bullish,1,0.6372416822443735,3,20,2490,2491,2026-08-14,2026,2,279.7099914550781,266.7657725146155,300.96523793089546,260.070927473912,1.038480115923362,0.0485227876816671,False,-0.0152299859789993,-0.0017537020353787,0.0052354532503255,7.178240202243559e-08,-0.0152299859789993,0.0022668017674627,-0.015890433647578,0.0130788115624165,0.0291720836545816,0.01362208689037,-0.0369995491228484,0.0081826541339904,0.0104414587134236,0.0094023727049425,-0.0012967726864442,-0.0344408419270413,-0.0506924375934644,0.0236859819370676,-0.0283527620740989,-0.0170554670663248,-0.0283741625139183,0.0059045156818493,-0.009862979952405,-0.0667834301470824,-0.0579839027767644,-0.0192390391469798,-0.0261781669305126,-0.1059199198929433,-0.0066238916205213,0.0892035003387423,-0.01465627505982,0.0135504188613881,-0.0080057655711944,-0.0337178964963031,0.0182857990243487,-0.008915772532703,-0.0247675537947732,0.0103373373839643,0.0033914735794207,-0.0342996129837158,0.0027666327921309,-0.0190956331164102,0.0286021016742428,0.0595811822221206,-0.0390969685803106,-0.0610435276545909,-0.0168746250219709,0.0028372819291784,-0.2009973454651035,0.1243132587764948,0.0427040182586182,-0.00332923596691,0.0225290720333017,0.0095017751865342,-0.1125998904156481,0.1552112317960285,0.0101266690137342,0.166734983740123,-0.0259501434092143,0.0607529761285146,0.1909717858734623,-0.1617515411210115,0.0693825093458091,-0.2053128269107118,0.0002229409608147,-0.0255094690326371,-0.0396961161134669,-0.0113212308545228,-0.0201737961131813,,,,,,,,,,,,,,,,,,,,,,,,,,,,,,,,,,,,,,,,,,,,,,,stop,2496,6,260.070927473912,-0.0702122361771986,0.0293875852555065,0.0820849885827748,-1.0,0.4185536148049674,1.1690980525903245,1.0822942730977965,2468,0.7350742518631342,5,0.0375875848512805,-0.0242971930256009,-0.349429420040644,0.0,-1.097911250489889,-0.3628369986267521,0.2923864461203947,0.1072897266092563,266.7657725146155,260.070927473912,300.96523793089546,7.90883892412009,0.2205719357471407,0.0008227034063283,0.0282751391288439,0.2833911747347077,0.129170708372643,-0.0086781387909842,1.0,0.0444645425138627,2026-08-14,42.0,9,0.1317550605685697,0.1268271297926873,False,False,False,0.125,0.0,0.0,0.0378119792802751,0.2620669415762292
JKHY,Falling Wedge,bullish,1,0.6131330997162617,3,39,788,789,2019-11-04,2019,0,134.0209446609682,129.99366625071966,138.8209226276885,126.68594265586331,2.0533817174779765,0.0309805741033653,True,0.017104862505024,0.0146340048132604,0.0620553744523131,0.0101725345315117,0.0227677196086335,-0.0362729164477585,-0.0101113757833689,-0.0363411900843492,-0.064027320127839,0.02175781575213,0.0267581961017806,-0.0023184782840124,-0.0012118307689564,0.0034855592884366,0.0121921562998621,-0.0010314380265754,0.0136193634189845,-0.0138136842846263,-0.0057926877443323,-0.0145074585898354,0.0027314340473953,0.0176598422163993,0.0167162817262344,0.0307880356220946,0.0163857863627157,0.0535714604352506,-0.0599621321067764,0.0007334598876851,0.0296150251857869,-0.006826268361596,-0.0234817847342841,0.0253332511977886,0.0009228858124858,0.0118976984156606,0.080314638094904,0.1089565560146204,0.0009057353167432,-0.0597296445719968,-0.0111251695483381,-0.0049163632213086,0.027611106715049,-0.0025346895271241,-0.0230504505080888,-0.0857510178880867,0.0101952927161774,0.027154056155867,0.029998801327046,0.0236266506232809,0.0812308482188006,0.0511866513702483,-0.0122064590644799,0.1272442229644941,0.080252688689137,0.0174660064118044,0.0995289432102801,-0.0413899672000284,-0.0436347693908596,0.0299428590814208,-0.0645093605258981,0.1272442229644941,0.1051432090264872,0.0379309720650291,0.1285020632224129,-0.0214028392394604,0.0272042458295476,0.0815724026894939,0.0189224539323122,-0.0054010250931839,-0.0112425671310565,0.0007757279025335,-0.0605957178407254,0.1746330121553003,0.1810235563802915,-0.04203724145627,0.0486032197377039,-0.0159626715890074,0.1218135504491748,0.0546678689528772,-0.0419009240446773,0.1430961175717795,0.0193465772661902,0.0665378557045697,-0.0092916233746759,-0.0994710447960818,0.0378750471053936,0.0798980916673768,-0.023597505747263,0.0330892825936064,0.0450129652705364,0.060295597855406,0.1003566142204077,-0.0459236893935984,0.0258137646540226,-0.0252990535340846,-0.0133372169427742,0.1017288447363409,-0.0220343875987829,-0.1243093272305038,0.0068676430988219,0.0713172155314478,-0.0262230767857994,0.1121945388406593,0.0482124854958883,-0.0549433056593796,0.0632260142047709,0.0235512419698018,0.1119961917650778,0.107718929322901,0.1519023277104414,0.0565281355390421,-0.2200991283835549,0.0123527984354943,0.0597113915844653,0.0845878378638835,-0.0017336930208894,target,789,1,138.8209226276885,0.0358151330664229,0.0376299935837085,0.012588918252522,0.6543935452750633,0.6875536345000177,0.2300174853788036,0.6543935452750633,749,0.4835259321800892,5,0.113075935434347,0.0198583264582388,0.0125231988496714,0.0,-0.8308825308626085,-0.3473565986825196,0.6439072694362645,0.0645560188283769,129.99366625071966,126.68594265586331,138.8209226276885,1.8594386328892856,0.0320216628119012,-0.0083173645290737,0.0142086512031726,0.0630728720342044,0.6936415675137009,0.0084661944675694,1.0,0.0487583797043695,2019-11-04,43.0,5,0.0974814045863878,0.0608974961654482,False,False,False,0.0,0.0,0.0,-0.0220841686299474,-0.0973230221628785
JKHY,Falling Wedge,bullish,1,0.6339383845713479,3,21,823,824,2019-12-24,2019,0,134.60295813086003,134.07741584811913,141.7678550243155,131.9258552009487,0.1668626322767868,0.0039196928089382,True,-0.0035515540685937,-0.013562616995816,0.0236883641877529,-0.0019812069925655,0.000272851038664,-0.0157475937027683,0.0109993595587569,0.0237379936122743,0.1362253470426293,-0.011249535015755,0.0387624787428797,0.0305083921117355,-0.0407996934925143,0.0145128779760528,0.0009606510123438,0.0038370069449251,0.0045527475081668,0.0231450907095969,-6.38772209967664e-05,-0.0087328933747273,-0.0370664791349787,-0.0037284946624992,-0.0131432234110424,0.0150948205177234,-0.0004502898113463,-0.0215046322724626,0.0415454955552994,0.0453088180181944,5.420902819386342e-05,0.0197442308211373,0.1044430702598322,0.0072404189334147,-0.0131540025328713,-0.0203977995787577,-0.0163187543853668,0.1044430702598322,0.0810123767728059,0.0294867085766183,-0.0085967193205195,-0.0353514871280015,-0.0301271981387207,-0.0831384759776024,0.0515668332905108,0.0054711566622658,0.019381440760642,0.0010393825375012,0.033057852169041,0.0109218888393318,0.0783494670300544,0.0147342790797275,-0.0149212398048208,-0.0031983433829821,0.0476740107246196,-0.0374898527835901,0.0655395136362066,0.0155921800263292,0.0223513076983095,0.0176315942491174,-0.0519164051163643,-0.0392089364718448,0.0379309720650291,0.0151670378691588,0.0962520099863906,0.0124523765304906,-0.044193004028511,-0.0408816104029808,-0.0549138906127725,0.094319684711869,0.0214942946188692,0.1469848815157832,0.1445904589600357,0.1866068879484286,0.0671741884716328,-0.0654198337545814,0.0436908122188317,0.0544029428550472,0.02525200651044,0.1278641307158683,0.097046755294611,0.0498534971621027,0.0207935453567509,0.256064527574541,-0.1723325646267652,0.0135962034613101,0.077583638900273,0.0011102333799326,-0.0228864781848224,0.2719974578840511,0.081696165296581,-0.1279997075129113,0.0560840292987609,0.0948759596032791,-0.112275972158059,0.1905031696499668,0.1209294170827164,-0.1020809948479241,-0.1352468774059512,0.1233771632060645,0.0939156847236613,-0.1878589538399715,0.1060577977740977,-0.0216103896005767,0.0201047296554837,0.2333064794372712,-0.1024638169492639,0.0681190105206188,0.1889950879365696,-0.1046420941131037,-0.1411171621736269,-0.0706449669802913,-0.2273610825550773,0.1107350021949689,0.1007064105280006,-0.0450995216064399,-0.1136820183074203,target,850,27,141.7678550243155,0.0532298620546645,0.0609249722808495,0.0129772380175692,2.6763621276574368,3.063267161458964,0.6524869126309335,2.6763621276574368,802,0.5719782424692829,5,0.0868998674227311,0.0710959704483567,-0.0673192526401299,0.0,-1.019279250731191,-0.4473010082619064,0.4985585001319134,0.0471922945133682,134.07741584811913,131.9258552009487,141.7678550243155,1.787495691506777,0.0388272522361998,0.0011175174156905,0.013278856782297,0.095165697331587,0.6320752000921264,0.0008200252616605,1.0,0.0301221227785548,2019-12-24,43.0,5,0.1271784296481775,0.078545334411952,False,False,False,0.0,0.0,0.0,-0.029833626340391,-0.6010362670196187
JKHY,Falling Wedge,bullish,1,0.616807525636854,13,68,1051,1052,2020-11-18,2020,12,147.08887958622157,139.40153709105357,198.83687119907404,133.30440752229634,1.3206178359911889,0.0551453208880101,True,-0.0055431469529971,-0.0253969067779893,-0.0351391989111251,0.0124728084765068,-0.0088604848583914,0.0011161089641635,-0.0081252636530712,0.0029941636925627,0.0040211505295666,0.0247564280610572,-0.0278108223251514,0.0301101261187446,0.0460206555822975,0.0241584534420931,-0.0097312180063467,0.0281680355115665,-0.0004460049691109,0.1225663924572111,-0.0445498712141131,-0.0147914357166617,-0.009541281743825,-0.0110389642570662,-0.0118606358120425,-0.0019935245286485,-0.0331802283124983,-0.0112531925607562,-0.0262407720262959,0.0025064924756603,-0.0528153609231232,0.0024257922238248,-0.0270345894830963,-0.0164487298918283,-0.070082334728466,0.0910291738489197,0.0459035480845637,0.0734928119173035,0.011652149385583,0.0791685051739017,0.0700754111733721,0.024311985718036,0.041637279240829,-0.0585524078968913,0.021302270049788,-0.0212484628932129,0.0102323559170587,-0.011496620768907,0.0280080829650333,-0.0187860388492666,0.032121306708168,-0.0163874651672721,0.0001710873698899,0.0810678254703964,-0.0050954347709624,-0.033591264709733,0.0364724657116997,0.0817205405436778,0.0734821766370192,-0.1038395152774924,-0.0836119672597036,0.0156308160769185,-0.0315152344136641,0.0258836656807039,0.0576325065363194,-0.0097122464545246,-0.0663806049215942,-0.0092579767754857,-0.0238708265951748,0.0797422611300184,0.0229749771890731,-0.0158888901437461,-0.0852479134302242,-0.0522705540081879,-0.0545806860896848,0.0288260734341925,0.0495700511063093,-0.0207590509707288,0.0634677345764607,0.0177801510086168,-0.0042618885812911,0.0445011893232354,-0.1381794485599913,0.0811722535557673,-0.030078762896989,-0.1022450800946133,0.0356534665740777,0.0710082329965215,0.0832861528379105,-0.0311848985213422,0.0498534971621027,0.0389729531869973,0.1104524093921459,-0.0279380799153216,-0.0596593022051602,-0.1678219030972999,0.0502582987164459,0.1095052125435209,0.1284499801338037,0.1863861280671535,0.0233586143334669,-0.141283796118274,0.0042859263240742,0.0595748815715726,0.0042557289988429,-0.1318626279309548,0.0820738359554951,0.0075168191330321,0.0496007444540789,-0.1187560130808804,0.0184788931129868,0.0048947168153081,0.1101788624910502,0.023218355888926,0.0807717777019587,0.0581753581437116,-0.0901133870679262,stop,1106,55,133.30440752229634,-0.0937152563994135,0.068873111752439,0.1053246390607688,-1.0,0.734918885126905,1.1238793245346967,3.754078601840692,971,0.8277912180032245,5,0.1077160903643345,0.1084797190257302,-0.2510121841819226,0.0735294117647058,-1.5353515712183765,-0.7075603532151518,0.190268869998112,0.233797239805292,139.40153709105357,133.30440752229634,198.83687119907404,5.059593325034969,-0.0549121640740857,-0.0026003371522836,0.0344068627621359,-0.1401303653235912,0.500002167438994,0.0039659448442879,1.0,0.0395354378041636,2020-11-18,59.0,5,0.1277848386159887,0.1053812649119665,False,False,False,0.0,0.0,0.0,-0.0592523939867202,-0.9422081195279718
JKHY,Falling Wedge,bullish,1,0.7070177319318287,3,21,1180,1181,2021-05-26,2021,2,145.78292618312005,145.7512654209935,158.72040344571985,140.3982861095248,0.6406607209014431,0.0002172246123224,True,-0.0010903095866492,0.0022417975228791,-0.0102465156680042,0.0029479499932518,-0.0121503899167191,0.037444386893128,0.0076143773434094,0.0037540011903349,-0.0143504847641028,-0.0897941914870211,-0.0137952738954728,-0.0208655398281936,-0.0041012411290957,0.0007471911719829,0.0102778045631692,-0.0094968138446318,-0.0348858435234996,0.0441965766050382,0.0299733541799991,-0.0135807736080725,0.003624514921324,0.0732728251841694,-0.0006196053056989,0.0459057755244061,0.0377186091627252,0.0249036263360067,0.0244209103563177,0.2489927276555994,0.021126983634006,-0.0111251695483381,-0.0365998459052226,0.035199071722483,-0.0721120547931841,-0.0311430985989958,-0.0380115115109591,0.0047317660579033,0.0543040153951177,-0.0135260502547729,0.064810177508187,0.2489927276555994,0.0269189348706901,0.005269652429249,-0.0065843480516728,-0.0117294805659384,-0.0962719700355944,0.023777422306582,0.0543691152110776,0.0393258807385745,-0.0676467795929243,-0.0016829786000591,-0.1257208234005531,0.0119274222606118,0.1090872764542891,-0.0165955002096734,0.0694343051689665,0.1055574559362932,-0.0153315530889631,0.0432860113279034,0.0921958231310531,0.0365213976752309,0.0784773616090479,0.033364134600563,-0.0177774933452247,-0.0646090588754253,0.114383403625546,0.0629296709371738,-0.0403251483482599,-0.0308884616735506,0.0355397919314754,0.1301526339295651,0.0796746210608947,-0.0025930718925671,-0.0943011075407483,0.0627445901956151,0.1043154075152594,-0.0569072018811521,-0.0944488086140279,-0.0132573066746853,0.0805423236858817,-0.0852909796026217,0.1008985370647002,-0.0446886429432735,-0.0308649969206982,0.0377555759280676,0.1151544854206012,-0.0392619705359558,-0.0187038412431318,0.044621197258365,0.0276789918419493,-0.0146617322831215,-0.1162422777452428,0.1320281753779044,0.1356667469086179,0.0770226865530034,-0.0122339788693263,0.0406338091505418,-0.0290043378028885,0.039485537945636,0.0336953766001955,-0.0119886095886112,0.080123268991596,-0.1284775626307993,0.0258137646540226,-0.0091003283418911,0.0536700816628712,0.1669158263700974,0.0879631584252846,0.0042859263240742,0.1619375746993558,0.107718929322901,-0.1092453951050096,-0.1411171621736269,0.1692000621650196,0.0645147630076732,0.1059272116682621,target,1214,34,158.72040344571985,0.0887448043562306,0.0958513464923054,0.0203888324001748,2.402663332325873,2.5950647729942937,0.5520041466337245,2.402663332325873,1157,0.4610596111940924,5,0.021492372291883,0.1100278176890581,-0.1708265335509263,0.0,-1.1903678153012782,-0.7293082041071817,1.065635178744861,0.0656528005460623,145.7512654209935,140.3982861095248,158.72040344571985,2.715937592419873,-0.0089798663869843,-0.0047011632505705,0.0186216613156701,-0.0161196469552229,0.7000011737502391,-0.0004477528440539,1.0,0.0040013037612161,2021-05-26,40.0,15,0.1068639747586674,0.1005533522894503,False,False,False,0.0714285714285714,1.0,0.0714285714285714,-0.0517831488865975,-0.5013240305855874
JKHY,Falling Wedge,bullish,1,0.6183447733024874,3,30,1264,1265,2021-09-24,2021,0,160.3229230233913,159.41034273262994,170.73434926892918,155.64554077209505,0.5598827203773344,0.0057247244759517,True,-0.0354241751187783,-0.0160706406343904,-0.0559191827006352,0.0102121898577416,-0.0029969326061758,0.016527441214865,0.0055605040039965,-0.0236561146683151,-0.016303152590285,0.0162264450383193,0.0603360890427584,-0.0465424127440059,0.0422081500058171,0.0179669948761165,-0.0088366417595751,0.0515379552449137,-6.38772209967664e-05,0.0255123635575198,-0.0109195545861766,0.0340270334572827,-0.014252355477014,-0.0180235896905914,-0.0395542427315563,-0.0292862221244576,-0.0181078096463355,0.014094303370963,0.030224567004311,0.0640050949583048,-0.0179454329088144,-0.0011198652269823,-0.0174288616374848,-0.0262971013204893,0.0365052674556218,-0.000923828735023,0.0278662789569317,0.0359233278536275,0.0588235968747985,0.072136489712584,-0.059196793362524,0.080314638094904,0.0402179212970041,0.0104407637200636,-0.0212484628932129,0.0105125251613023,0.0668770274542762,-0.0494752949159657,0.0185306312034598,-0.0047526435522,-0.0113408361771298,-0.0526023492432504,-0.0664575080506393,0.1514988194834134,-0.0425055213566412,0.1213733975289892,-0.0499078345456179,0.0318619578973276,0.0728977938882604,-0.0817728377586264,0.1294489633164595,-0.0719486663026182,0.0473648279808578,0.0801638575861205,0.0129785763636369,-0.0436347693908596,-0.0966252288171763,-0.0400478106213846,0.032173629048281,-0.0497777114401762,0.0148735937339985,-0.1044018381564586,-0.1632987351235324,-0.1102110377048219,0.0653393244529751,0.0205095830073951,0.0358124989153807,0.1174304102292131,0.0285544068800573,0.0018782109788606,-0.1778675987561502,-0.1561416477555276,-0.0047571047201413,-0.0446144226537637,0.0163980151895799,-0.1005564159217324,0.0361999154135284,0.0324827737728117,-0.0432745977761059,-0.0054107632693581,0.0382010988630692,0.0499273719714621,0.0734482789130326,-0.0980692531579468,-0.0442608249414003,-0.0753545745986786,-0.0981948697217456,0.0052529719872826,0.0788214787623495,0.0013854771556336,0.0803501761771552,-0.1030624293843378,-0.1816127241492866,0.1288963193810239,0.0599115211091263,-0.0251275470271125,0.0869212689297422,0.1276716193062377,0.0657626207910639,0.0279055230925362,0.0121980931815959,0.0888096216317386,0.0374354827401914,0.0835159977273412,-0.0801367328468475,0.1419124712321988,-0.0711916419451947,stop,1266,2,155.64554077209505,-0.0291747565668686,0.0043841700350112,0.0371192631697831,-1.0,0.1502727203554469,1.2723075541249431,2.2259087853366157,1234,0.5640738288557072,7,0.1685892219800858,0.0449611755211714,0.1365276836677271,0.0,-0.910157641524869,-0.3460838126691565,0.536441902338917,0.0661832130101089,159.41034273262994,155.64554077209505,170.73434926892918,3.008858117398664,0.0684581258949283,-0.0096087837078021,0.0187335413442856,0.1105317647972363,0.841666242815711,-1.5554476162638053e-07,1.0,-0.0020793654858547,2021-09-24,40.0,15,0.1877028520452459,0.1155325598938925,False,False,False,0.0714285714285714,0.0,0.0,-0.0095795404151407,0.1877045749615268
JKHY,Falling Wedge,bullish,1,0.8112277528749715,3,43,1532,1533,2022-10-18,2022,1,177.83999404717233,175.37432674311572,200.70843354891892,167.40401899036715,1.275025957368839,0.0140594541393066,True,0.0264785259051574,-0.0166934359591139,0.0331723227881415,-0.0041557026399176,0.0574496593557225,-0.0110545567126983,0.0050729072566848,0.0352349171370753,0.0129532161768324,0.0179054350194403,-0.0027562013776712,0.0328451933472917,-0.0137185312921882,0.0490180690047896,0.0115269996386744,-0.0154207824016779,-0.0205292475423902,0.0197343654395489,0.0030677092483226,-0.0042938651241178,0.0379888745479124,-0.0046941827980802,0.0145111959515726,0.072136489712584,0.0300487761188348,0.0074832245637399,0.0264465265480842,-0.0599392308623959,0.0244146324292093,0.0016837613975511,0.0612006853376794,-0.0442922568224192,-0.0392542566643245,-0.0131540025328713,0.0571681895118147,0.0097523943251509,0.0148414970800643,0.0333954252345947,0.069056198629783,-0.0155388556931204,-0.0542727802734197,-0.0970190832453072,-0.0219696885953687,-0.0347855106857648,0.0342773239580211,0.0741617800305489,-0.0346298203518025,-0.1145776796578073,-0.0247329296099215,0.0332788824108478,0.0504133249949936,-0.0709454879931015,0.1016271438764138,-0.1220149410192766,-0.011445473311002,0.0266732580880215,0.1356107724479707,0.150397847707209,-0.0003373192574217,0.0234837497584909,0.1238435871636982,-0.0737027849919922,-0.0243162160474706,-0.0375523471104708,0.0159050322268086,0.0027046502200276,-0.0600149782924577,0.0290409984412474,-0.0480256588369332,-0.0353369036000773,-0.1177511279413844,-0.0253418898340795,-0.0166305509687725,-0.0159970543890646,0.0095891570702499,0.119267939221848,0.0929121439559581,-0.0078736107919243,-0.1243315328312113,-0.0182961932873054,0.1146770160082832,0.0732808582183059,0.1100604804247571,0.0297432183795434,0.1581889250880583,-0.1127435611815105,0.0651746305542289,0.119267939221848,0.2260580439644812,0.0277233604665638,0.2817152397841931,-0.0906591315537999,-0.029086926042246,-0.1140212151649032,0.0732215768610982,0.0538366676782764,-0.1187560130808804,0.080123268991596,0.0848785799687568,0.0263956702392456,-0.019552773885338,0.1228907125537035,0.0209607815212942,0.0740033781613722,0.0181723871294285,0.1124514280404362,0.0858861172447065,0.1778013096807138,0.0201047296554837,-0.0289772584145013,-0.0094407897028323,0.0339235824268453,0.1184062092109421,0.0498745410050185,-0.0778971313065143,stop,1548,16,167.40401899036715,-0.0586818230214122,0.0797016461553701,0.1075652977936961,-1.0,1.3581998999296263,1.8330258375655253,2.1913083710212957,1488,0.4787459913424161,6,0.0370881730407354,0.2288146693354791,-0.2385680165966422,0.0,-1.5089974631192198,-1.0302514717768012,0.9916372968876752,0.0803335655740927,175.37432674311572,167.40401899036715,200.70843354891892,3.720172889440085,0.0188659724724764,-0.0230565533988489,0.0207802651465817,-0.0606009508216882,0.6127807256560973,0.0139720503718601,0.0,-0.0337420409122736,2022-10-18,46.0,21,-0.1336455183140338,-0.0765559790149277,True,False,False,0.6,4.0,0.2,0.0132835077281704,-0.1253310297637401
JKHY,Falling Wedge,bullish,1,0.6276214409252434,3,24,1686,1687,2023-05-31,2023,0,145.9920590724544,142.05806462836836,157.95030712846642,136.2498843793901,3.088741515782104,0.0276928624529524,True,0.0233214447330054,0.0030866993173419,-0.0103228848953222,0.0250170562090441,0.0098549071283009,0.024296818883166,-0.0479725574566621,-0.0163855164715938,0.0156282842710124,0.0401367189700272,0.0225597059319455,-0.0495200618311978,0.0255227197457834,0.0103400961759307,0.0031159556821955,0.0324999711797671,-0.0105538304007881,-0.0143516196825167,0.0058561071819327,0.0404915329853261,-0.0147641673349664,0.0150834936904589,0.0179948082349132,0.053979796173003,0.0083198114029232,-0.0152510424056009,0.0353483919247237,0.0208407972104007,-0.0038504567471889,0.0594866396374418,0.0011083838068743,0.0745397369453817,-0.0033520458238271,0.0204517805465647,0.0130402159805413,-0.0081290522749116,-0.0487439569993126,0.0227126174302021,0.027500880449766,0.0159436894629372,0.0322258152298506,0.0277698788644857,-0.0041047624021974,-0.0104259781884702,-0.0318485039484762,0.0427166447380438,0.0905995372754744,0.0388226019328776,-0.0050073621983798,-0.0029300812267212,0.0925561818518028,0.0334919146488079,-0.0342352434816174,-0.1136800566217773,-0.0572766418887451,0.1612555570613225,0.0616522343566954,0.0210884021550488,0.0029897545654904,-0.0671095980811278,-0.0423220504083685,0.0921958231310531,-0.0397958376461549,-0.0390396395488022,0.0971250100474805,0.0064552020887944,0.0229913323288653,-0.0676467795929243,0.0844616311984373,0.1019983681743483,0.0050638642608993,0.0743920680328364,0.0716702796945831,0.1090111271286207,-0.0101841202382976,0.0246136981039362,-0.0699898491866662,-0.0078633131799233,0.1812068527789399,-0.1215711501049802,-0.1539552273939789,0.0616521085608035,-0.0551455154159976,0.0276789918419493,-0.0773139150320296,0.1165015818380346,0.0258328674668162,0.0016497201090579,0.0678198049755334,-0.1074926086159949,-0.1780565680269568,0.102975526507534,0.0374712922930988,-0.018770843579309,0.1197191047135624,0.1872530602097202,-0.1165620163516225,-0.0629828529560133,0.0601196829250449,-0.1495189411361588,0.1316655286683361,-0.0044097781920797,-0.1386560619303464,0.0847573380069053,0.1601933997402198,0.0835175482164625,-0.0019070250258774,5.425443461537505e-05,0.0883165689867637,0.1474063100599949,0.0745700821587458,0.1016969370045726,0.0374354827401914,0.0612198356315565,-0.0057231306021308,target,1697,11,157.95030712846642,0.0819102636950772,0.0843762933909564,0.0155256810478134,1.2274721438248697,1.2644270090760066,0.2326612092355663,1.2274721438248697,1662,0.4547274320470168,7,0.1788521153873682,0.0337297489911725,-0.3145281305329995,0.0476190476190476,-1.0359349292351308,-0.5812074971881044,0.8325996511403654,0.0866762129150493,142.05806462836836,136.2498843793901,157.95030712846642,3.427881253055129,-0.1169518571049634,0.0066166636540307,0.0234430512186619,-0.182581429818282,0.7925805654764947,0.0018178849856211,1.0,0.0170625857474702,2023-05-31,52.0,9,-0.0146487221952029,-0.0001458626050649,False,False,False,0.125,1.0,0.125,-0.0165665329219615,-0.1100983689981303
JKHY,Falling Wedge,bullish,1,0.6750952166221936,5,42,1923,1924,2024-05-09,2024,1,163.39923868923157,159.45415035102894,171.21024346035426,155.10252183415986,2.509586885982779,0.0247412082377143,True,0.0012412992400365,-0.011943324912726,0.0013078858276982,0.0315798846316286,-0.0033232131189764,0.0261251805244209,0.1037963158297969,-0.0177359783826704,0.0219436787748621,0.0099849558179456,0.0313893048319149,-0.001987472003036,0.0173822030517034,0.0119286354141794,-9.64938545567895e-05,0.0239288824771488,-0.0165268615529499,-0.038967203965865,0.0001209301645854,-0.0030006883280039,-0.0051050922041538,-0.0008198251735699,-0.0083549521980685,-0.0049653401812084,-0.0129183471074092,0.0346858717064428,0.0646015648197688,0.0343048443340743,0.0342773239580211,-0.0324076929405308,-0.0226598164347062,0.1501364062335433,0.0343048443340743,0.0240760368873604,0.0064136438184112,-0.0282798572534676,0.1067476652672123,0.0351869455364346,0.0392940695807977,-0.028458616269598,0.0280493892718045,0.0166537046303956,-0.023156145250182,0.0483835338228939,0.0025046015117116,-0.0311982560594315,-0.022757413920549,-0.0461373971954464,-0.0096568111690593,-0.033674853467933,-0.0125553267055661,0.068494455655039,0.0950861075617752,0.0223186574371268,0.0386498555084082,-0.0125553267055661,0.0878128778825328,0.0460131087022603,-0.0110632453067033,-0.1292208055876974,-0.1383796069957799,-0.0037556788809679,0.0035347211365834,-0.1851861003012872,-0.0145136159365892,0.0054010591251538,-0.0165955002096734,-0.1109096507851838,-0.0072196299683927,-0.0340254378000192,-0.1026385131200121,-0.0253418898340795,-0.037640134890082,-0.0611770187276606,0.0799743383979194,-0.0677845882733301,-0.0428692575337409,-0.0504970903265374,-0.0587453810322651,0.0192225515536448,-0.0288243957379725,-0.0025930718925671,0.0701911251170073,0.0609615645222167,-0.1583045233747215,0.0941106475665316,-0.1018268459674656,-0.0512501018800646,0.052984921105182,0.0560712271693244,-0.1117074977505019,-0.015773166710561,-0.0124973712927779,-0.0163771115828773,0.1106620666269253,0.1121945388406593,0.212947219865907,0.1269546780366777,0.1027317318855742,-0.0812712472107124,-0.0663793996131753,0.1810759113501032,-0.1392279539586619,0.0551247700945203,0.0267604400194985,-0.1122946258965859,-0.0045829123665828,0.1482413809028959,0.1297455082074841,0.0191934982936643,0.051031137309554,-0.0166983926682259,0.1255370566017399,0.0273713646195499,-0.0629532098398184,stop,1947,24,155.10252183415986,-0.050775737522567,0.0061476071379962,0.0688973000703669,-1.0,0.1210737142963995,1.3568941276282958,0.9414573146904368,1880,0.4807238350605983,6,0.1113277238060844,0.045424951775628,-0.149811288721726,0.0256410256410256,-1.1455552811970666,-0.6648314461364564,0.882082473917351,0.0550409643499502,159.45415035102894,155.10252183415986,171.21024346035426,2.8162544098673914,0.0497549595025985,0.0012072685483222,0.0172486782385906,0.1862378770176425,0.972218690101109,0.0036233269788787,1.0,0.0041891419555715,2024-05-09,37.0,8,0.0712959391645469,-0.0060333824161846,False,False,False,0.0,2.0,0.2857142857142857,0.0196141272973007,0.5450746402576349
JKHY,Falling Wedge,bullish,1,0.7945869786604713,5,58,2417,2418,2026-04-30,2026,0,153.80687684834308,151.9731374571547,181.75843184945396,145.5597638138285,1.1275626423690206,0.0120662073697421,True,-0.0582354200115565,-0.0725578144958535,-0.0348876243261638,0.0226620407192146,-0.0049687925492568,-0.0046613797095126,0.0146844091617808,0.0063388836825111,-0.0243117852539829,0.0227677196086335,-0.0240420364573332,-0.0470171076622401,0.0209279940120119,-0.0588923545055394,0.0370754962521047,0.0281492456516636,0.0165765635503991,-0.0909246215900354,-0.008156378109829,-0.0099242324411643,-0.0138174413628914,0.0157380087016436,-0.0514012503801572,-0.1356248751478471,-0.1729489937067344,0.0438611699113147,0.0268428861756022,0.043226349568757,0.0107108355956873,-0.0482740221234476,0.1047686717015763,-0.0096074460932029,0.020890329285139,0.0130402159805413,-0.0367994387432554,-0.0143078881470385,-0.1094493801910013,0.0017680815609881,-0.0135926618230879,-0.0010818331755678,-0.024610510470264,-0.0046728130144624,0.1051900150713884,-0.0473504923078779,-0.0230504505080888,-0.1374999560605321,-0.1208563571183911,-0.1697021240405136,-0.0985002765614637,-0.0318291542658057,-0.0088090012002562,-0.0163874651672721,-0.1117545643659602,0.0202555745145374,0.0187904976446249,0.0637128801922839,-0.1171903137116595,0.037785973203241,0.056460322658131,0.0249241629215397,0.0644347472362678,0.0748707129022148,0.0280080829650333,0.0172849682684363,0.0978658714466833,0.0578984251702201,-0.0408816104029808,0.0370770503717052,-0.1295572013093671,-0.1142487436777981,-0.1442785586746413,-0.1531014942653991,0.0520626387548195,0.0193465772661902,0.0508641281067892,0.009756809245222,0.0384692170671676,0.0333830836548143,0.0203181056750514,0.077983760940157,-0.0373217755192486,0.0152271293091907,0.110177811787997,0.1812068527789399,-0.0551623959502571,-0.0376108548002201,0.0593402570067833,-0.1690890057937764,-0.1089979251385114,0.0241722958511301,-0.0738331172174147,-0.1171083486157693,0.0198479912837776,-0.0099871958285486,0.1098786386990959,0.0119709081445704,0.0938638425786468,-0.0212788774825479,0.1340709243852287,0.2414115828661418,-0.0380371356141254,-0.120411696369009,0.0593246656037895,-0.1654402516004361,0.0376776837747461,0.0649055184694538,0.0622144528050141,-0.0412969771255247,0.0164973252245876,0.0160566389616199,0.0593098653494508,0.0557181508186401,-0.0262762469080102,-0.0358204525517388,-0.005868936717702,stop,2421,4,145.5597638138285,-0.0536199239169676,0.006642582197305,0.0854508317973431,-1.0,0.1238827232875472,1.5936395569987525,3.389253291925578,2359,0.6790079959620847,7,0.0816763720375238,0.0583008577397725,-0.2391578661282807,0.0192307692307692,-0.9302536792996982,-0.2512456833376151,0.294992621672581,0.1609782955546633,151.9731374571547,145.5597638138285,181.75843184945396,3.187601949539868,-0.0683485754854825,-0.0337329899735068,0.0209012831127048,0.0033981933927329,0.814228676887447,-0.0111219948869409,1.0,0.0967889400184873,2026-04-30,57.0,7,-0.1145530144752393,-0.0794405650041442,True,False,False,0.6666666666666666,0.0,0.0,-0.0484178359214468,-0.7474138138500952
JBL,Falling Wedge,bullish,1,0.7472275791798757,3,25,638,639,2019-04-02,2019,1,27.46736649910231,25.913910050703397,28.48334558110082,25.21710304009042,1.6975946563634083,0.0599468179583633,True,0.0217544248442806,0.021789564260933,0.0678234158398256,0.0274243426449996,0.1104426828172988,-0.0258191594112078,-0.0151415268681267,0.0615669771281797,-0.0054162770161318,-0.0123004758786496,0.0089480863060253,0.1477917645370119,0.1263938134779805,0.0032574086182231,-0.0105622624273367,-0.0224449058782837,0.0156108104475818,0.0335470822687211,0.0103350745019059,0.0140067347436194,-0.0133225296702658,-0.0589560939337443,-0.0014048232681006,0.0842105616578208,0.0743262973511904,0.0880225559046714,-0.0016251051851293,0.0669534960340552,0.1321839265918882,0.0365507622449121,-0.0006477809282053,0.1620370465969103,0.1339986937153532,0.1081687927719243,0.1455801790553523,0.0297344000853854,-0.0255045327365553,-0.0935312955522522,0.1411675076455274,-0.0135962452218935,0.0475688906276909,-0.1142322105635263,-0.0590276591244335,-0.0529392417115278,0.0456860634277909,0.0453831494739239,0.0684211033021495,0.0527940512000546,-0.0512189611165267,0.0764633456581398,0.1104397014204368,-0.0016943730792106,0.1320703884922689,0.0832586593694104,-0.060086784174553,-0.058412006340212,0.1387155177346903,0.0209557065731338,0.063953874487513,-0.0834378740989628,-0.1551313225178409,-0.0540192352005807,0.0629534852711313,0.0730001988481383,-0.0540192352005807,0.0246075649360888,0.0779532638078346,-0.0826446145549947,0.0552357382863833,-0.0987902474344168,-0.0699371437371348,0.1052163057462998,0.156402679857355,0.0203645433418839,-0.1377096545311142,-0.1064852823679352,-0.119504084685167,0.0812497873911617,0.4329878956802957,0.2618180000976435,0.1873009217465284,0.0906687571481714,0.1548066703999051,0.0143209634457233,0.1646428414413832,-0.0893094027486361,0.0418863559976896,-0.2991180779238108,0.2686225634618309,0.1883697365082,0.1165486197935725,-0.1754442544244659,0.0940495911036192,0.0745673376188134,-0.2177104551927743,-0.1061006741433202,-0.5547441048652422,0.1216613357151497,0.1393564121325137,-0.1395955769831869,-0.0723943704859205,0.3151047439500631,0.0324123958463198,0.0859525096293269,0.061997926158428,0.4697167830929787,-0.0256069411051823,0.1983636218940567,0.2259223104900425,0.4512644571172528,0.1742654954471343,-0.0346856354076273,0.2186088322268247,-0.1833196704959574,0.0360261213525752,target,644,6,28.48334558110082,0.0369885872397601,0.0407016285773216,0.0031579000908032,0.4514933919980348,0.496815848280511,0.0385462416919525,0.4514933919980348,612,0.6658375284806721,6,0.1131335591046193,0.1673669219783984,0.3260466839570213,0.0,-0.9372094064336391,-0.2713718779529681,0.3817184532978854,0.0897489329525256,25.913910050703397,25.21710304009042,28.48334558110082,0.6725720610816595,0.0671590558672683,0.0349765368163326,0.0246505604767335,0.0517883218655839,0.8032775095679965,0.0017725072216199,1.0,0.0294228205348121,2019-04-02,54.0,20,0.0293082455208024,0.0893880686661257,False,False,False,0.1578947368421052,0.0,0.0,-0.0327931436358812,-0.5267634972129134
JBL,Falling Wedge,bullish,1,0.6876724707244892,3,26,857,858,2020-02-13,2020,1,38.11988887169701,38.53888236758169,44.599423380482136,36.75030144276295,0.949229838880522,-0.0108719680007414,True,-0.0492726977224781,-0.0373323901452123,-0.0012845797197569,0.0380500552111879,-0.0765737305911998,0.0252597776526737,0.0176310980958811,0.0050000837737982,0.0488574461286366,0.0240002076717535,-0.143169871090636,-0.0208086657185488,-0.0076663124825931,-0.0163167801382041,0.0407349553676172,0.0171506951772795,0.1082371481662178,0.0152092251744866,-0.0256862474758713,-0.0183067696357323,-0.0248935811306075,-0.2667915311555321,-0.0362043288865206,-0.1817719202043883,-0.0595534780157105,0.0378946226579459,0.0614286374696027,0.0556143195454454,0.2641635236251332,-0.0793138294399095,0.0371477608771411,0.0591072384733051,0.0093943437503192,0.0828980248423707,0.0873786484088903,0.0984290373663423,-0.0203664769575574,0.1455801790553523,0.1241456390707886,0.0002403867246834,-0.0855214912629125,0.0965830820294073,-0.0011144971952271,-0.0045915404931637,0.0945515239148853,-0.2349543768275305,-0.3660965379479381,-0.1640580301945972,0.0297902199220094,-0.1829999630187376,0.0002265842941293,0.0357703899400345,0.026130718652698,0.1739219518838075,-0.0466202687108299,-0.1033108735533641,0.1296678858050148,0.04079761174765,-0.0433506676545074,0.0738797007446907,-0.0570339159733965,0.0686951201766723,-0.4716629733650402,0.0808870714998715,0.0197162512245567,0.1823146650789757,-0.013302821360317,-0.0751002511269708,-0.3595173597582855,-0.3482256999181085,-0.1697745956899999,0.0748788651465148,-0.0154440262370362,0.2559674934335425,0.0686822288356268,0.174449291773864,0.1051901881359793,0.2572686722849948,0.0715406331581085,-0.0616070980741242,0.1945286323799124,-0.0116209553951882,0.1024796296059218,0.1528706303250135,-0.0212208876732699,0.0277653782311404,0.137771493895622,0.0442554155928038,-0.0316419019742318,0.0780671134623576,0.257878120800797,-0.4413286458035259,-0.2938474421619778,-0.1655846435027089,0.3140973280552701,0.0777096208429988,-0.0497648067432163,-0.0116443241685307,0.2108194688984339,0.1915461684534232,-0.1886345022611938,-0.1286261796279892,-0.0557150210411824,0.1030366038458443,-0.0545645320726573,0.1603232225703903,0.2762141732100125,0.1769720853987229,0.136021094834684,0.1831366149516098,-0.0028247948802456,-0.0618773151408379,0.1985363124762034,0.2462305648822143,-0.3798970312861754,stop,859,2,36.75030144276295,-0.035928421343089,0.0035742458741472,0.044421963677077,-1.0,0.0994824080917974,1.2364017681957458,4.731011961630007,830,0.5999991614776098,5,0.0087721344517084,0.0538108211801029,0.2118869894150792,0.0,-1.0947371725588153,-0.4947380110812039,0.5384636885219501,0.128549443021944,38.53888236758169,36.75030144276295,44.599423380482136,1.040773547345223,0.1552623688814012,-0.0427290342951185,0.0273375382291883,0.4314271934998643,0.4683525355635525,-0.0122900733088163,1.0,0.0270274295678991,2020-02-13,25.0,8,0.2873438976094284,0.1417199367363077,False,False,False,0.0,0.0,0.0,-0.0843966595853978,-1.5640390324071836
JBL,Falling Wedge,bullish,1,0.6920187681416561,3,24,1463,1464,2022-07-12,2022,0,50.28536664614602,50.70206110894924,62.72026282523109,46.73453397304576,0.7918164969030684,-0.0082184915896776,True,0.080251727490884,0.034477014432743,0.0376667165944768,0.0060069142635366,0.0497816558032886,0.0270729462427923,-0.0178628247147688,0.0853981586384593,-0.0378607930186503,0.0941075315085666,0.0086915072661715,0.0071913341009961,-0.0339100590593245,-0.0078050982199681,0.0175306070764595,0.006413670204211,-0.0121968603376394,-0.0320605048430426,-0.0004142660815373,0.0350566570271366,0.1289434632104189,-0.0308079630631131,0.0637045878609605,0.0753343428132478,0.0332388413269455,0.0170355473184742,-0.0499613872822389,-0.0667557288135197,-0.0024141928811257,0.014525430274332,-0.0348858697007458,0.08287242207652,-0.1212273416569376,0.0262376268459838,-0.0955610466991507,0.0293509099002164,-0.0377358657802884,0.0976728186984363,0.0535648323647419,0.0099859413388283,0.0327500097872539,0.081758413393447,-0.0014861887218425,-0.0030288616532967,0.0129233545739919,0.0730533016440938,0.1579463447087512,0.061305353673374,-0.0504326925206407,0.0370642401317293,0.0347824853481684,-0.0344829300072541,0.041916403556949,-0.1640279846746298,-0.0358630169922455,-0.0907641716213776,0.0827394105010947,-0.0435473433409134,0.0745727269978053,0.0616000466596837,-0.1010569386516064,0.0198840925820698,0.0865406112176068,0.0180781756876335,-0.0497874157906855,0.0778375241339972,-0.0229011406997678,0.0447762923200651,0.1585999259668671,0.1434961173819562,0.0830321948229428,0.2333044394645915,0.0872327597100399,0.195498928681884,0.0297222706928601,-0.0729100317680238,0.3993917078871942,0.2457920126368391,0.017844203661105,0.1795866310162814,0.0189167501710474,0.1363973182153355,-0.060234001320651,0.0327334672009245,-0.1004812750208663,0.3298431368842072,0.0350259075325503,0.0565914171278738,0.0252394855856989,0.0711607153076439,0.0760811855796794,0.0466592659196454,0.22759408418182,0.2181592563204055,0.1750841866313754,0.1596813336121918,0.1243016612815557,-0.000264460653328,0.0543447011610402,0.2603389881124023,-0.1068073676904379,-0.0012902671545748,-0.0760406704403912,0.0137266943533735,0.1090160962423185,-0.0760366746232314,-0.1296829989657335,-0.0226374007109083,0.1665977241059459,0.1917043882374891,0.0262866891006703,-0.0562628756286961,0.4747418191862504,-0.4049492500036947,0.1835014683741391,target,1490,27,62.72026282523109,0.2472865767607586,0.2975115563874519,0.0045238653924067,3.5019662495749397,4.213230831107132,0.0640650379383737,3.5019662495749397,1439,0.4725858578040047,5,0.0128622350351841,0.0670878545424633,-0.1811623667975322,0.0,-1.2189694408466245,-0.7463835830426215,0.8515154136561023,0.1401357941782901,50.70206110894924,46.73453397304576,62.72026282523109,1.6136321499038324,-0.1445081346785111,-0.0895804451578331,0.0315374116889511,-0.2523466509310962,0.2520329489700285,-0.002320747730928,0.0,-0.0187912534375963,2022-07-12,30.0,11,-0.2508217175312741,-0.154699944588039,True,False,False,1.0,4.0,0.4,-0.0461438515226323,-1.0864809560447914
JBL,Falling Wedge,bullish,1,0.7299895552125403,3,20,1589,1590,2023-01-10,2023,2,71.37349216328313,65.94961526913755,74.97288007314444,63.80892108682991,0.9754228747990772,0.0822427374596648,True,0.0890523490358652,0.0909391422784725,0.012016525399523,0.0622890196023995,-0.1033955420003338,-0.0182365627318288,0.0221280554409073,-0.0579060757668249,0.0163852191225346,-0.0394769407523613,0.0258527483111989,-0.0023120722452301,0.0430138324612903,-0.1021773609844839,-0.0048778186903809,0.031454743704814,0.0222144282124014,-0.0462312317005055,0.0546138033762011,0.0294202467634028,-0.0182320716474378,-0.04188220779388,0.0948193121317949,0.1096136141834032,0.0889116694179164,-0.0803926144695149,-0.1091147953533923,-0.0011144971952271,-0.0819370791368025,-0.0849303075873522,0.1355490025076697,0.0370891282121887,0.1043791486373857,-0.0206217033936171,-0.0782845468460777,0.0664033958702254,0.0002403867246834,-0.0261147375924375,0.0553447895257144,0.0777590262703169,0.0348994256580754,0.2641635236251332,-0.0768195955047751,0.0638153366341018,0.1226768818801158,0.0894641057600825,0.1455957212976446,0.0986334318180801,0.1543830637361525,-0.0246368100647381,0.0820616484422416,0.0011287570460754,0.1787353818022994,0.0331213851584533,-0.1010569386516064,-0.0743042008758173,-0.1542884954228087,-0.0294513873988293,0.1148471645017075,-0.0393715798064329,0.0412962782334616,-0.0275788892408043,0.1872572546094242,0.0588465300072873,-0.0139813588973131,0.0712282176737573,0.1891268180342928,-0.0080127563293086,0.1136282171697699,0.1593423902131669,0.1610505748675106,-0.0500347622525215,0.0263129561514718,-0.0710939179522609,0.1262043483258415,0.1303394714184578,0.077837723921931,0.1707130406199932,-0.1943539305160009,0.0378219820392318,0.178735901825199,0.097549067019647,0.0212595450906429,-0.0808922991352214,0.1077585846292814,0.0010383040453847,0.0259601783918601,0.232703245615004,0.1288575445761925,0.3559374348692685,0.1945286323799124,0.0834832376600012,0.1414036612447675,0.0941822062282464,-0.0081950440464436,0.3382279226252225,0.1090160962423185,0.1726516106775828,0.0932790725084775,0.2328588536969658,-0.1498670474457991,0.2661403580192514,0.0391425770021629,-0.004675222964117,0.2717555226822046,0.0268717616670266,-0.0139028907629615,-0.5171490117794615,0.1581956046210146,-0.0326363815261222,0.2039635672380284,0.142052001923159,0.0646707588628665,-0.026870493337211,0.0731271804495592,target,1591,2,74.97288007314444,0.0504303180461855,0.0639066957770012,0.0030564213731999,0.4758218111090764,0.6029745776887774,0.02883804841319,0.4758218111090764,1567,0.6028484238707712,5,0.0557286560619714,0.1119671013039602,-0.3998214190521882,0.0,-1.463282623193619,-0.8604341993228436,0.5758521750794898,0.0837051777366853,65.94961526913755,63.80892108682991,74.97288007314444,1.820248423206063,0.185895545512623,0.0562998357572546,0.0254289621815142,0.3990187558600879,0.8360682392375655,-3.335112519486927e-09,0.0,-0.0023048235307066,2023-01-10,31.0,4,0.324599641320797,0.1445666509217829,False,False,False,0.0,0.0,0.0,-0.0098822598145794,-0.3895460786213541
JBL,Falling Wedge,bullish,1,0.7381119887449005,5,64,1948,1949,2024-06-14,2024,4,119.00892136679263,113.98866379397872,155.2851959624852,110.8822099521202,0.7390149677199507,0.0440417266570247,True,-0.0543233931595152,-0.058771118808276,0.0335533633555844,-0.0976307477228505,-0.0362415657103101,0.0789153466412357,0.0036768366223063,0.0252597776526737,-0.0537066530242718,-0.0115558959198017,0.0290474007194339,0.0412424266515041,0.0486271952289922,0.0810698522117472,0.0025416126319905,0.0174802771621371,-0.0259379256790515,0.0547915757141985,-0.0079914329826211,-0.0454190832279217,0.0521493676777997,-0.0288667690619044,-0.0623736411065588,-0.0916550045108333,-0.1009145127071746,-0.030871904352319,-0.1004024091214852,0.0367488688327812,0.0870091658919893,0.0296900195450837,0.0058273026039981,-0.0897517856523328,-0.0454014677782504,0.1185350094681942,-0.0358117602854232,0.0543468797832511,-0.0130988361501169,0.0043954726848427,0.0116584134859947,0.0287887317658699,0.0737615369460311,0.0118413298211794,0.0401176373853249,0.0965830820294073,-0.074616186373243,-0.1021224595373721,-0.0117185344805591,-0.0571035873800603,0.003549837282853,0.0763888727187804,0.0942525767385078,0.0415367548767835,-0.0474098837632419,0.1244136896757348,0.0408521917374109,0.1852739700639698,0.3140384181834246,-0.1582558599339352,-0.0119569299474099,-0.0259860420567513,-0.4651811189184027,0.0352692144043671,0.053632963318251,-0.0141844773228617,0.0402456159508115,0.1611866231691523,0.0409681679534288,0.0715030785274135,-0.0397254176134734,-0.1291538088818763,-0.1323059967981233,0.2102865412812768,0.2990018811672483,0.1892678683718327,0.0127977939236345,-0.0449131999840959,-0.0125451037082868,0.0837113283577881,0.0650392003560218,-0.1488877488365942,-0.0007018162408711,0.1424208457301523,0.1938556499018495,0.2256327954769423,0.0308061498375977,0.1275565790489683,-0.0124965749927145,-0.0563029230002177,0.2258507815508066,0.1865694401013402,0.2048097376499362,-0.2252417701815071,-0.1335046738598976,-0.1595684766398956,0.0419077361106106,0.2013219685857754,0.0619804839619071,-0.0914523795858673,-0.0208301918370222,0.2107960283536045,0.031811492715424,-0.2604113642018694,0.1503501961518587,-0.0821152614910851,0.2236673676762295,0.2361043577487849,0.1809624818299124,0.1927677587457177,0.236261377001137,-0.1301813327475108,-0.1362259054155009,0.6218532329976099,0.1130223368480811,0.515180963847667,-0.2483432412246708,stop,1951,3,110.8822099521202,-0.068286573152154,0.0816103303660794,0.070729047511208,-1.0,1.1951153293962766,1.0357680030832968,4.463832015764374,1880,0.8979032756671519,6,0.0779318060554752,0.3229070814964108,-0.1041021129264611,0.0,-1.1495365865282705,-0.2516333108611172,0.096304052648211,0.2348870188811848,113.98866379397872,110.8822099521202,155.2851959624852,2.839713282169375,-0.0523762408627009,-0.0138629761906811,0.0238593508569498,-0.0080412028026828,0.6321854200100008,-0.0103220160169875,1.0,0.0266510499047545,2024-06-14,16.0,4,0.2577988982515382,0.1615817311316372,False,False,False,0.0,0.0,0.0,0.0012641617012961,0.1922083788721347
JBL,Falling Wedge,bullish,1,0.778012136791395,3,35,2481,2482,2026-08-03,2026,2,329.2388512856765,303.60857434036734,454.746747177207,280.0731825198973,1.107217128378228,0.0844188178841607,False,0.0222283311337214,0.0059260233961073,0.0105616898459801,-0.0197137534100512,0.0055398942363866,-0.0200730560429995,0.0320995914803201,0.0223035564948896,-0.1199714377911362,-0.0388703126440804,0.0985978195390078,-0.0352165813590898,-0.0051320934694122,0.0765856174273011,0.0339535679591809,0.0275234037341334,0.0248237463390417,-0.0154928961231431,-0.0454888591646946,0.044977029920691,0.0547915757141985,0.0189076133506052,0.014693025331865,0.1234701287652364,0.1076411738856577,-0.0036378798919505,0.1103648361150997,-0.0291358077865089,0.136618631079874,0.0129802783764569,-0.0473160472029929,0.0629205758454662,0.0077192062894149,-0.0236364207943766,-0.0014564789009928,0.0410563644124384,0.0469769436187208,-0.0300048829171647,0.0195159505480322,-0.0823649253330136,0.0163778249798587,-0.0235701977167483,-0.0055628579702092,0.1177542930373913,0.0706620659118546,0.1036570551802039,-0.072831141970075,-0.081271491244944,0.0926784510404536,0.1154146437082468,0.1609022216496436,0.055343137272894,-0.0625857314373101,0.0684211033021495,0.0412643030501007,0.060264501513332,0.0996714221055061,0.0917919821655408,0.0950775924198161,0.077939759659755,0.0830539011954323,0.0028651846513785,-0.0515032502929215,0.1553015829727224,0.0176165447563272,0.0607616333352296,-0.0286223066470291,0.0597082733322809,-0.1325993894577524,,,,,,,,,,,,,,,,,,,,,,,,,,,,,,,,,,,,,,,,,,,,,,,time,2512,31,299.8500061035156,-0.0892629927099962,0.1447269531310728,0.1122250384378074,-0.5977513561783663,0.9691668392826988,0.7515171392618608,2.552754778734704,2444,0.7718657437404541,5,0.0450606160530464,0.0862558416922891,-0.3561721901745653,0.0,-1.2815406419833424,-0.5096748982428877,0.2585460351188106,0.3162148432406899,303.60857434036734,280.0731825198973,454.746747177207,15.92299111081273,0.1424961569296814,-0.0831809040007949,0.050021769548605,0.3430667554683704,0.8303066197719322,-0.0329788763813229,1.0,0.0085054218987581,2026-08-03,23.0,10,0.7176076760595249,0.3350937051926073,False,False,True,0.0,2.0,0.2222222222222222,0.0026015187266244,0.6761962366430195
JPM,Falling Wedge,bullish,1,0.6909133754524971,3,27,682,683,2019-06-05,2019,1,90.67136598305528,88.54251346791679,97.0736753991767,85.92025392720214,1.1951426938251983,0.0240432808123283,True,-0.0079891845368563,-0.0259914019473058,0.0097517286606847,0.0020980047593079,0.0375263820888207,0.0440908937571069,0.018518876991205,0.0428175992180577,-0.0044411823792531,0.0028120056497107,0.0059055320488923,0.0111206229009528,0.0234945210022505,0.0212289716971052,0.0306940372403157,-0.0164013844068383,-0.0233821272490754,-0.0192462721966075,-0.00371787751509,-0.0003547984452466,0.0114817148375163,0.0041966592291695,-0.0178988799313056,-0.002178748085955,-0.0366661401651428,0.0653839301838745,0.0062381908602797,-0.1010489466006616,-0.0315764968065359,0.0917922477751262,-0.0575587559176443,0.0506955356048672,-0.0284741650493163,0.0505337838839232,-0.0102331145989327,0.0124600936343666,-0.0036458414230747,0.0315461820113227,0.0074864832935144,0.0626305750083238,0.0067364643591802,0.0468224678278184,-0.0201935159038637,-0.1391280926793259,-0.0085641442749008,-0.0037738921453721,0.0314909700262282,-0.0283881469456337,0.1414447927853959,-0.0465989785943139,-0.0478049932290433,0.0084619761023922,-0.1354596353185023,0.1049692230419818,-0.0690506872277336,-0.029149117948924,0.0004350287055545,-0.0181640834580566,0.0995432955294424,-0.0823190436066811,-0.0278221367565124,-0.0174650769462022,-0.0036713387785635,0.0314909700262282,-0.0232364366191527,0.0852119196987952,0.182653043056655,0.0618414050340112,0.0207254637513897,0.0325882837481878,-0.0132443853762944,0.1266392742898983,0.088599058479051,0.1165257653371436,-0.0583525729143067,-0.0481888137979675,0.0464791470309657,0.0713658574496443,-0.1135169685073173,0.0496365605589923,0.0371365050102401,-0.0984123747806764,0.043389267833434,0.2425871137919313,0.1563379899466319,0.0046428697206897,0.0109093033478437,0.0824170350959163,-0.0374711518409986,0.1535363229571145,-0.0069045234361178,-0.0107794995304177,-0.0014232247434603,-0.0392394231839391,0.0445259991429374,0.0575126979011586,-0.1104951743528311,0.0575126979011586,0.0949626710599205,0.0005579420416781,0.1532446970505026,-0.0224237855876932,0.2210049763294221,0.0569730504078673,0.052552693605564,-0.090998050464558,0.1308984055360567,0.0778576845245941,0.1514240796331512,0.1135551589398977,0.2580742453085429,0.1346115716174603,0.1118581156066405,0.0692292930583615,-0.0795451732064519,target,717,35,97.0736753991767,0.0706100470276127,0.0719021485910564,0.0225146741009505,1.3475391320720531,1.3721979092949474,0.4296754594288201,1.3475391320720531,654,0.3705495834560898,5,0.0499205261928142,0.0952862657166397,-0.0898157930938644,0.0,-1.8068407939169169,-1.4362912104608292,1.4987908967266532,0.0467479200050046,88.54251346791679,85.92025392720214,97.0736753991767,1.5557728646708475,0.0343329008581887,0.0052100583658474,0.0171614882650117,0.0061508022360303,0.8563216626838858,0.0010933137754687,1.0,-0.0172613999908697,2019-06-05,9.0,15,-0.0295772739908286,-0.0089216070569833,False,True,False,0.1428571428571428,5.0,0.3571428571428571,0.0015014554985308,-0.2709218500132413
JPM,Falling Wedge,bullish,1,0.8227421765657777,5,89,1430,1431,2022-05-23,2022,0,111.88226603730767,107.9913125628949,151.39711066815005,101.5210639336592,1.667188731068896,0.0360302452305749,True,0.0632840702915087,0.0113940110426702,0.0395467836614558,0.0174998108730015,0.042115891897714,-0.0215000498819725,0.0097220877164789,-0.0033230410849663,-0.0451234891485389,-0.0069417092668888,-0.1713720369715577,0.0264104369769824,0.0134929818166813,-0.004844600154098,-0.0171743620746889,-0.0136605781008177,-0.0304228488544912,0.0698951369526807,-0.0132459412087826,0.023377162634286,0.0970824047760057,0.0333379842647936,0.0610404690503448,0.0459151384626508,-0.013133129968881,0.0187134128507842,0.1950765917813635,0.0519805564245516,-0.0013980742792512,0.0269193263412301,-0.0217889713406351,0.0737436005786538,-0.0236211640044885,0.0775662846596161,-0.0395399603076127,0.0090953764465975,-0.0581024964334088,0.0935020619728168,-0.003498361341042,-0.0704797838843905,0.069372685766363,-0.0081998912151727,0.0226456288035237,0.0013912600226277,0.0771477138382468,0.0213888486286321,-0.0738180369225046,-0.0316518730862906,0.0123243384868354,0.1005835848052321,0.0472176166854347,-0.0119497258656255,-0.0596702289840276,0.0258999821658112,0.0221715953684313,0.0418880554649903,0.0856527667359396,-0.0010301078187622,-0.0633369417219898,0.0099168428329821,0.0148520186797214,0.099466592872913,-0.0043302802325823,-0.0174164352935918,0.0501655360491044,0.1050014755045578,0.02032995420489,0.0081394815668689,-0.0981118429978613,-0.064489470306532,-0.084747852233021,0.025617999696986,-0.0391807113660639,0.0682239967494142,-0.0138807316770841,-0.2172622795548796,-0.0220907548617818,0.2002502510750614,0.0311828402574423,-0.0375838006800213,-0.0377492279595177,0.0166469014680192,0.1134978443859988,0.1400829589690015,0.0714633066826391,0.113870744784307,0.1194537494559027,-0.1282790933395019,0.0369955607150913,0.032120507813645,0.0512581520412067,-0.0907213810393253,-0.0132197909294439,-0.1079272383243176,-0.1687839049437185,0.07987297653121,0.1697432748177361,0.1584523356068718,0.1757407018012597,0.0004471522296514,0.2317592380765931,0.278766198470191,0.1310565284491731,0.041846202906371,0.0636618344160961,-0.1680905650886796,-0.0125991657981688,0.0347530420508086,0.3569789714025069,0.0828712446035484,0.1945705775315067,0.000965867260948,0.1868260139222894,0.0300839886060972,-0.1066659165720585,stop,1447,17,101.5210639336592,-0.0926080823228363,0.0706819333282174,0.1004341956117806,-1.0,0.7632371986908952,1.0845078862734905,3.813731672788055,1341,0.6434004591004574,7,0.0737854776632803,0.0196321591491608,-0.1875319098058385,0.0,-1.4123591601215428,-0.7689587010210858,0.3272178659361732,0.1746825761250568,107.9913125628949,101.5210639336592,151.39711066815005,3.7445283314583793,-0.1666450457344426,-0.033301337148188,0.0334040056849719,-0.2152873488447907,0.6781045201649009,0.0265895451844158,0.0,-0.0737205744169889,2022-05-23,15.0,13,-0.1426684776310429,-0.1170222446471772,True,False,True,0.9166666666666666,6.0,0.5,0.0113276832987834,0.6169343763069968
JPM,Falling Wedge,bullish,1,0.7350072437902274,3,31,1468,1469,2022-07-19,2022,2,103.55975023545804,101.28094179806362,119.51605159147688,96.28263904008952,1.4046049006555452,0.0224998740823121,True,-0.0059599140039404,-0.0019343662221716,0.001813959566923,0.06051499104613,-0.0033981400664009,0.0279125412569862,0.02157574884433,-0.0702864083412263,0.0537645399584369,0.0160851600096467,-0.0116345516143474,0.019395325644365,0.0186564416102521,-0.0129856663933659,0.0261659515875798,0.0738511884876917,0.0198654107967826,0.0455664562589357,-0.015960280534924,0.0155415270167582,0.0092962495351931,0.0520739015251712,-0.0233506313136863,-0.0146365662638674,-0.0543596316983563,0.0761060250579663,-0.0349762045178217,0.0296433738146515,-0.0193440884440612,-0.0241057318160721,-0.0085909205596494,0.0292276802479121,-0.0146971233394747,0.0338056487165761,-0.1426629219481903,0.0566686747759186,0.0506726598886351,-0.0174422017665563,-0.030460327570801,0.0254922605866076,-0.0575587559176443,-0.016212388627773,-0.0376216010732985,0.0389496893876983,0.000613470409519,-0.0115119271290745,0.0835230214344557,-0.0113379389952903,0.0782461954160382,0.0045957812891614,-0.0432545762573239,0.009110345177113,0.0158911634436147,-0.0429895415744244,-0.2270812502550963,0.0055075085925915,0.0368001900136525,0.0508032266827171,0.0709541591042315,0.0282749212768325,-0.0625249238607768,0.0690259659095435,-0.0154296931292212,-0.0166172736033419,-0.0699279252873164,0.0745405783958972,0.1450000923806387,-0.0761144291590266,0.0817824957066805,0.0177036428841734,0.0122763074498883,-0.0219088247222052,0.0250315382713972,0.0927084880949817,0.0314197171806602,0.1643929087608628,0.0831621264897692,0.2449629149819494,0.0482385726301173,0.0565607015784768,-0.1040766207456941,0.0670231462064512,-0.0984123747806764,0.0158131715421987,0.100595376319063,0.0959983999453955,-0.0675319892227023,0.1602069664908372,0.0893600943727837,0.2736166725442071,0.0978513971852568,-0.050046976271983,-0.0838126360212743,0.0039527571807366,0.0118648803020293,0.0619770784463027,0.0147404228728482,0.1335866155068918,-0.0117843218129958,-0.0224050078963558,-0.0641929595600269,0.0654713018490114,0.0909019822128665,-0.0220237730641541,0.1638398290063174,0.2114177964124906,0.0751876026134992,0.1263274546206858,0.069344579595785,0.079600872434111,0.1966703629586756,-0.0236650377750167,0.0805920275884715,0.014657726987135,-0.1464181076862029,stop,1516,48,96.28263904008952,-0.0702696866188162,0.0888692134516744,0.0704647762070232,-1.0,1.2646877726060302,1.0027762979685009,2.192669718469348,1435,0.629605184352965,6,0.0712135744378813,0.0293476914740771,-0.0909427359870281,0.0,-1.2336109036659175,-0.6040057193129594,0.5370615737200634,0.120248365726254,101.28094179806362,96.28263904008952,119.51605159147688,3.114749561211316,-0.1888014421283887,-0.0320014939186904,0.0299560769398639,-0.2625875212198479,0.8325972829995808,0.0119865337612907,0.0,0.0721863442252068,2022-07-19,15.0,13,-0.2496422430600492,-0.1248085988701319,True,True,True,0.9166666666666666,4.0,0.3333333333333333,-0.0242274817711612,-0.2704051065326269
JPM,Falling Wedge,bullish,1,0.6173939062758215,3,29,1531,1532,2022-10-17,2022,2,109.57779728362364,99.15322101294736,113.23499761787843,92.06544258481551,1.7694424826718869,0.1051360325381163,True,0.0227311479326224,0.0127612683948055,0.0325074118642834,0.0470472945826456,0.0241356938483094,-0.0141045029047325,-0.0903322708059051,0.0209409113544494,-0.0255644730968914,0.011017797523307,-0.0286235724132699,0.0241618930499547,0.0110411330231905,-0.0323773194592686,0.0116920395016018,0.0207154485162248,-0.0732246761581012,-0.0293671170085366,0.0233361106502114,0.0154229844422528,-0.0119988603188204,-0.0375345280952773,0.027786578027841,0.0519805564245516,0.0224442434931297,-0.0073727324109366,-0.0792039506522575,0.0076833776139046,-0.0439400529125272,0.0459362371335601,-0.0115821780792063,-0.0223883478602475,-0.0077131432266017,-0.0168963648264152,0.0140340269918384,0.0086265948667456,-0.0050014779959863,-0.0115821780792063,0.0779487146057043,0.0028819662084142,-0.0235622539906181,-0.1457161922714989,0.0106089611092312,-0.1168854826037133,0.005737564293297,0.0678999020288776,0.1190875058609146,0.0657993516885855,0.0882121275714942,0.1137550757167658,0.0205981701671695,-0.0278642915503047,-0.0326577608994381,0.0393521721510194,0.0073932241448524,0.0347847557091567,0.0869288800744905,0.0510244128685306,0.0275525346690563,0.0831932428922124,0.0177085327749995,0.0089664196542114,0.0865610947931436,-0.004518646791648,0.0018997184310882,-0.0092745695014798,-0.0072582357294169,-0.124856284438174,0.0960124772255281,0.120508420384235,0.0489599084439948,0.2268619585798481,-0.0036506805395709,0.0336375257158942,0.025189456666514,0.074988428393093,0.037720161931551,0.0893600943727837,0.0219936974035928,-0.0316008512543471,0.2047500047499852,-0.2802500093072764,0.0417881530802906,0.0059692732896436,0.0559999870476508,-0.0616270519969601,0.1531890942742486,-0.057297325560461,0.1557005827137649,-0.0532591404141541,-0.0858650924310375,0.0928285070484823,0.1743302924800596,0.1112778960752236,0.0769001602116365,0.2809576420505963,-0.061971795869258,0.0285305963145083,0.0258954830040401,0.1004978901251523,-0.0380516823018532,0.0005903502357942,0.0261255629114489,0.0561301428179683,0.1097520747740363,0.0634614427295436,0.0970782881327738,0.1758092074679276,0.018870947869805,0.217937610260817,-0.0678345524084214,-0.1090127032775502,0.1584523356068718,0.1802333942723624,0.1073126727336496,target,1538,7,113.23499761787843,0.0333753773566807,0.0462978285358317,0.0335116017053337,0.2088354420153277,0.2896934282810421,0.2096878210539283,0.2088354420153277,1500,0.3871902089812546,5,0.0447172954686232,-0.0061621709168002,0.2366828719064428,0.0,-1.1490020684758524,-0.7618118594945972,1.493650973044239,0.1138539308874836,99.15322101294736,92.06544258481551,113.23499761787843,3.686584363466769,-0.076434872503315,0.024410961901339,0.0347469783455776,-0.0819662099055539,0.572490527080068,0.0379530025368397,0.0,-0.0559258574355503,2022-10-17,15.0,13,-0.071213126460868,-0.0809118153178695,False,False,False,0.6666666666666666,0.0,0.0,0.0228854503587221,1.0810760468750804
JPM,Falling Wedge,bullish,1,0.7367803460351042,3,27,1581,1582,2022-12-28,2022,0,121.729688897699,120.91148785404188,130.66286875866592,117.06361267357968,0.882650400870682,0.0067669421506484,True,0.0257262999227894,0.0263848539987928,-0.0202664461505315,0.0018265186947337,0.0140799260336761,0.0631523805566776,0.0116855717555792,0.0087755022516837,0.006953296639669,-0.028021284644412,-0.0856744149885361,-0.0498942578222636,0.0064991840726293,-0.003823684823748,0.0143852034039253,0.0133630884787887,-0.02995011836692,-0.0116238563248156,-0.0126898712672378,-0.0189498197320184,0.0362860423154143,0.0078708851660393,0.0295271076603727,0.0571005964004465,0.0114507886681596,0.0703775871133807,-0.0350354916780815,0.0646596203677614,0.0874096739722312,-0.0173686623154094,0.0539678357631876,-0.0168268558558924,-0.0801555758484376,-0.034625707032711,-0.0419076451515267,-0.1415670150960611,-0.2076397393985098,-0.0439514238994418,0.0498718163586324,-0.0109380761995854,-0.023424611132636,-0.0114006599279911,0.0922204344110155,0.0160738882875692,0.0121096757785688,0.0680081429746433,0.063390522738882,-0.0052289292338563,0.0040080854681912,0.0235303548625285,0.0513734456365844,0.0229152895542419,0.0022359235660562,0.0439660760147699,0.0559682966331851,0.0401471822868166,0.0212248921761235,-0.2270812502550963,0.0923674534614888,-0.0268656475710334,-0.0321784349786802,0.1231631345327195,0.0004350287055545,-0.0041062486654447,-0.0790770223851452,0.0869288800744905,0.0030045479399696,-0.0080694785474401,0.0536959973133879,0.0773345570124603,0.0296564433356272,0.0195532053123088,0.0236962452929465,0.1039729631964865,0.0088414061763542,0.0665944455737796,0.0200277506845039,0.0644358585409035,0.0547635757355411,-0.0410038167373133,0.0390658384555879,0.0221935541067985,0.0746998443369617,0.0126010686803665,0.1985345833862613,0.0086862276768076,0.0151245093399126,0.0559645435083482,0.0168013632464607,0.0231189243219727,0.0450182522340003,0.0357000398590109,-0.026260889535424,-0.0746587382363498,0.2138494804891513,-0.0009316153706575,0.1431276675030803,-0.0103455804504443,0.0497552352729839,0.0887016438116368,0.068621910382209,0.0536175000853442,0.1660130655629847,-0.0707257606150734,0.1938082438312929,0.0585953021439946,-0.1470362988738499,0.1271323923982028,0.1710988981403687,0.0630048231591824,0.047553374379003,0.0083555397825754,0.0122441944445812,0.15392592535944,-0.0957791866072243,target,1592,11,130.66286875866592,0.0733853831539348,0.0874139614050739,0.0046640724542855,1.914495055779542,2.280475889388944,0.1216774140811793,1.914495055779542,1554,0.5611604065338414,7,0.0973618974265545,0.1920136934487359,0.2055369912105085,0.0,-0.830537664258294,-0.2693772577244517,0.5840192546358544,0.0859871688694042,120.91148785404188,117.06361267357968,130.66286875866592,2.3214091758359428,0.0899287121303376,0.0153009573314757,0.0191378562764581,0.169360775465567,0.604169448206139,0.000835077278489,0.0,-0.0426092342438266,2022-12-28,15.0,13,0.0298147832026827,-0.0376304591676911,False,True,False,0.1666666666666666,2.0,0.1666666666666666,0.0410988644745002,0.7650222552838107
JPM,Falling Wedge,bullish,1,0.6653987046689952,3,61,2399,2400,2026-04-06,2026,0,291.8253790066561,291.7045517941194,335.2250769615466,274.2792815052919,0.6419991443127357,0.0004142109260671,True,0.0700687683158314,0.0252199267165027,0.00667825094029,0.0040962068983356,-0.0008594837526644,0.0096950213844269,-0.0027477295273916,-0.0080087793406783,0.0391317002862858,0.024325031874282,0.0247948141086993,0.0319971776536285,0.0035119458945038,0.0038233364843138,-0.0110114129515582,0.0104483689079284,0.0254990688512077,-0.0008838425092391,-0.0278034984911393,-0.0124821071920402,0.0076841455805218,-0.0360410548567059,0.065476410303681,0.0813603359883943,0.0020639906755839,-0.0282990746407919,0.0243265338214624,0.0163327743549044,-0.0583176156139069,0.0090103984232288,-0.049929564060119,-0.0929735108872796,0.1008820163266888,-0.0271406065961241,0.0938890241414109,-0.0407153496518442,-0.0047217656798966,-0.0351013360143452,-0.0269069160215035,-0.0301093283200933,-0.006188092560139,-0.0226460557622496,0.0079507927614139,0.0052142757885023,-0.018109800467211,0.0905379960212889,0.0494983839801317,-0.0439455989043193,-0.0063059199140812,0.0310552741681797,-0.1371450786461882,0.0617383774303061,0.0030001091466222,0.00260405734368,0.0624317508529264,-0.0920979955779457,-0.006299862318662,0.0030357472705042,0.0290004622287027,0.0085009076448767,-0.0063059199140812,-0.0144200942237713,-0.0283503475216516,0.0469678124355672,0.0965369745794229,0.1229771108448869,0.0662340299956263,0.0099168428329821,0.0368446720472366,0.0266765043863166,-0.1300584868142729,0.206566587989041,0.0243365999157076,0.0067849553055623,-0.0457834709905836,0.0623854908679619,-0.0554819865081088,0.0634193049910336,0.042902256163408,0.1070519808883352,0.0326024386974759,0.1181081556237018,0.151326630920269,-0.387695186653905,0.2082505196747757,-0.0355158038822048,0.0531572572836092,-0.011405054544603,-0.0254180558877008,0.0326024386974759,-0.0719586419183262,0.0028646835546703,0.1396260633443491,0.0009962498617108,0.021390620526543,-0.2098997241951502,0.0071482067447989,0.1349952886832719,0.0733748807298264,-0.0273928222075889,0.0866394038504636,0.0902865210085859,0.3487994207204856,0.256696546524938,0.0739397203990719,-0.0063215433121365,0.0722349203163374,0.1432382015156834,-0.1431190959985738,-0.0489353049464672,0.1020553521290745,0.0525704465326133,0.0571199659061345,0.0751629617309557,0.0816268650114057,target,2450,51,335.2250769615466,0.1487180385154256,0.152247887127027,0.0015009975418537,2.4734672739346366,2.532175451569956,0.0249644786543269,2.4734672739346366,2338,0.4970587601214186,6,0.1175275947028167,0.0995431424694444,-0.1105527457128145,0.0,-1.0514046796941237,-0.554345919572699,0.8469301027125766,0.1146601540970077,291.7045517941194,274.2792815052919,335.2250769615466,6.5262737129403785,-0.0133960820716958,-0.0065482630368589,0.0221887759045996,-0.0253557093552275,0.6198390879971707,0.0032753397657272,0.0,-0.0173270965726622,2026-04-06,61.0,9,0.0269947171162643,-0.003955675451702,False,True,False,0.125,0.0,0.0,0.0008711843720816,-0.0734413207496145
KVUE,Falling Wedge,bullish,1,0.7577871096396209,3,37,205,206,2024-02-28,2024,0,17.26759280055481,17.00218803220503,20.189295341244765,16.677327178165648,0.964699099361186,0.0156100360640087,True,0.0219208111885538,0.0186142893024676,0.0063157921555991,0.0222104748642513,-0.0159603581864712,-0.0062305970063408,-0.0986035586058163,-0.0165616346690495,0.0027336929970223,0.0357744644710127,-0.0430601189605187,0.0055969546232674,0.0409090130014651,-0.0040510568667759,-0.0064843286656748,0.0168539198681014,0.0188347037930631,-0.0209654762951698,-0.0399529296324585,-0.0187646950478183,-0.003191907041693,0.0096006000430459,0.0276706634466017,0.0652401192565035,0.0496910986808203,-0.0114349110475225,0.1640623203593252,-0.0700000501936085,-0.0712710006184352,0.0011409035332796,0.0488646453528236,0.0151071561469315,-0.0930231956450511,0.0156317746044685,0.0262723305024856,0.0397228799239588,0.0204496564766445,0.0190559135567254,-0.0063158336438631,-0.0803875282396695,0.0570859924910431,-0.0006156514801028,-0.0468672430327554,-0.0233645214419342,0.0478168627570436,0.0626435942384141,0.1195202026345993,0.0866006326419923,-0.0540045442583853,-0.0593487927405352,0.0502355221466892,0.0116734632977877,0.0719081079449781,0.014864492662638,-0.1297137029154891,-0.0122395181963379,0.1327988614466495,0.0435036898500846,0.068788175234713,-0.0047765658856683,0.0276058213948633,-0.0651542318627409,0.0474997592927464,0.0161493838652422,0.1885369141854447,0.0677770671810096,0.0909515745132543,-0.0286145428942818,0.0955981559214662,-0.007306560653027,-0.0013709706019038,-0.0119541874369989,0.0106082844377508,-0.2619011897540541,0.0146277963836896,-0.1491666341942932,-0.1110169263916486,0.0904858360114839,-0.305704550036778,0.0309140221259807,-0.100210585778026,-0.0777052960244346,0.02432596874402,-0.0047594863620485,-0.0668824794183237,0.0520179701412255,0.0265486105622627,-0.1244315404197596,-0.0289325908406072,-0.3029713461161388,-0.2336000159459746,0.0691788563626066,0.0253620285019902,-0.0130660780629898,-0.211320858000215,-0.0566452457376718,-0.0906656956029222,-0.0326431995073497,-0.0654591096939629,-0.0830350481843159,-0.0190903034164937,-0.0153595257135306,0.0154900194202209,0.139288787991475,-0.3289643482938013,0.086215870505163,0.2408744381480387,0.0122012756678695,-0.0551450267427423,0.0040001367412172,-0.0503102661409381,0.043192098203207,0.1356409328813286,0.1657742397395194,0.0336600698887854,time,265,60,17.705533981323242,0.0253620285019902,0.1263051010631796,0.0287054210611585,0.7419391612132539,3.6949213558535647,0.839746553502923,4.949809763380872,168,0.6821889151583563,6,0.016879817063151,0.0657826043721099,0.0906099029094038,0.0,-1.7921760878730324,-1.1099871727146775,0.2677791234178966,0.0824970181718159,17.00218803220503,16.677327178165648,20.189295341244765,0.3716718251055163,-0.1162448845820637,-0.0616800821018904,0.0215467311916816,-0.1493522843938279,0.934781256608322,0.0005284709110118,1.0,0.0313104888498139,2024-02-28,,0,,,False,False,False,,,,,
KVUE,Falling Wedge,bullish,1,0.7017327456503665,3,33,252,253,2024-05-06,2024,2,17.714639662172434,17.07568956013929,20.3384109646745,16.693136208295776,1.532907351475506,0.0374186998295331,True,0.0467868194237954,0.0403141920992626,0.0068413519671477,-0.087965126783003,0.0396777496469873,-0.0382570632723128,0.0861667368957785,0.0042462205482298,-0.0333000422593842,-0.0986035586058163,-0.0526751828779499,-0.007337351160393,-0.0134696684352864,-0.033460886727245,0.0010811765290725,-0.0146189023840728,-0.0001804237462678,-0.0386954556569553,-0.0309320656874424,-0.0383892699376048,0.0221574804664546,0.0113207486676298,0.0626064960644171,0.0231362919911826,-0.0010154136469002,-0.0293617829467874,-0.0821307198596984,0.083838379604872,0.0294554398936353,0.0156317746044685,0.0946320458159921,-0.0158910663386635,0.0582918750408578,-0.0188143188127388,0.0213940592415713,0.0403565769857339,0.0127404730979843,-0.1408075926484869,-0.0214529938187102,-0.0165556436380557,0.0029344931353247,0.0403565769857339,0.0599251327733978,0.0655737855164944,0.0163760427861416,0.0123116651202292,-0.0154240509564106,-0.0363493888391305,-0.0080745180074008,0.0640395064143184,-0.0073780662175337,-0.058838040523751,0.108755668309542,0.0985178450724839,0.0469837766894032,-0.0243634439292415,-0.0452608214220261,-0.066278442815851,0.184549004773868,-0.0525151650519318,-0.0353574852190313,-0.0409088379532952,-0.0375426522085186,-0.0582750187832971,-0.0540045442583853,-0.0063751899973039,0.0665158111082238,0.0136698271649726,-0.0198170116136728,-0.0586116522850359,-0.1275489514425967,-0.0095387793080177,0.1350652172604194,-0.1098509256317472,-0.002679702209353,0.0745741492597722,-0.0863788184633801,-0.0299652907285963,-0.0855989830148294,-0.0820748002520369,0.013272951500973,0.0496536319319065,-0.2293868415004274,-0.0715076277763249,0.0776284750004614,0.0310592604079236,0.1031700296882003,0.2893947290456031,0.1218879996920996,-0.0157746774220199,-0.0145511220845219,-0.0665315960548411,-0.0421594531999633,-0.0947173649436243,-0.3024489480289578,-0.0774551645466994,0.0423093119328021,0.0613099193098829,-0.0264953715954338,-0.0700311921863009,-0.0114614187538997,-0.0209945823683886,-0.1864424404694852,-0.2333525557136064,-0.0950842833034756,-0.0827596992280647,-0.1237169285460317,-0.0836568787067639,-0.1111593422846817,-0.0563216572932355,0.0427504467798494,-0.0664770960252383,-0.2034577759957246,0.0802530889621562,0.0340751752031015,stop,276,24,16.693136208295776,-0.0576643653699578,0.077121013749676,0.0701797430906154,-1.0,1.3374119918755718,1.2170383327790486,2.5685388458988765,217,0.8231751856802212,5,0.0433797528179213,-0.0153426534823722,-0.0989333533602861,0.0,-1.2496551360440953,-0.426479950363875,0.1779958708250812,0.1381142499834858,17.07568956013929,16.693136208295776,20.3384109646745,0.3135004612078685,-0.0661605653788445,-0.0351064387581927,0.0182315455396449,0.0129031395486143,0.3258439487715784,0.0062496086393246,1.0,-0.0041446591036314,2024-05-06,,0,,,False,False,False,,,,,
KVUE,Falling Wedge,bullish,1,0.6237290704506654,5,49,302,303,2024-07-18,2024,4,16.812970570768613,16.334464089984284,19.69873860288704,16.003950807299198,0.5569536036545869,0.0292942871065926,True,-0.0113758989646588,0.0139853396494589,-0.075204467616093,-0.0312086974156519,-0.0380751518732448,-0.0159603581864712,-0.0134696684352864,-0.0209654762951698,0.0041622621545149,-0.010840970068396,-0.0202312010958095,-0.0766907448262468,-0.0064843286656748,-0.0045505760245933,-0.0017527192463014,0.0189530179146728,0.1173003261940579,0.0463168546929242,0.0086205123256035,0.0287081518559737,-0.070609121985861,0.0192991059698994,-0.0042417364333011,0.0092089359795488,0.0262430047705378,0.0011833659783968,0.0067381562941544,0.0068801925286516,0.0418462072623879,0.0067381562941544,0.0156317746044685,-0.0063158336438631,0.0182030657016765,0.0124783126770067,-0.1044510404618249,-0.0378353243318865,-0.0542907301010937,0.0116734632977877,0.0534140331474113,0.0139130514168339,0.083838379604872,0.0089288167650345,0.047872491167364,-0.0011581165734324,-0.0594848013745687,0.0059187549668723,0.1798058179744588,0.1786291439417904,-0.0523138125066892,0.0418320272621037,0.0115741693117266,0.0456002157001265,0.0021016005936227,-0.0120092239670251,-0.0007546527975197,-0.0345607229967016,-0.0086911456659081,0.0546720927136774,-0.0476896202015785,-0.1473733571006548,0.0599128043762875,0.0648368308752969,-0.0894814323380711,0.0478358731392454,-0.1143379676650049,0.0362947242383133,0.0192061387953526,0.0403846620246728,0.1839538577848952,0.2793538673954756,0.2619939255306529,-0.0532966545194344,-0.041390753847634,0.1449927441815997,-0.1317704084077736,-0.1170357829016716,-0.0979660495663495,-0.1340816954373797,0.0369786660885078,-0.0820748002520369,-0.0700358549226559,-0.1317704084077736,0.0432990132754587,0.0977860657476779,-0.0370165564015447,-0.1253984413443424,0.0829074800751117,-0.0602793212113885,0.0776284750004614,-0.0953846005499263,-0.0442059838699205,0.3162596107590263,0.1737894855471715,0.121405891540556,-0.0710707950270937,-0.1014605275079241,0.0927855969222644,-0.0789465312755501,-0.134979547432768,0.1945588252706427,0.2596360171977789,0.1127141731221459,0.01311307003817,-0.1046022705658707,-0.0906656956029222,-0.1834131854110372,-0.0209945823683886,0.0776190152282951,0.1296479725589236,0.0382904651670836,0.1903042487961928,-0.0327683132932408,-0.1445185327649826,-0.0363369318566937,0.1683438619874203,target,321,19,19.69873860288704,0.1716393911457672,0.1743363661981885,0.0330443758985074,3.566993245928935,3.6230415209327513,0.6867250277403453,3.566993245928935,249,0.8694825464287034,5,0.039023913598867,-0.0177176000797585,-0.1461925642994082,0.0,-1.1207957392841124,-0.2513131928554084,0.1266377235037675,0.1730861924900864,16.334464089984284,16.003950807299198,19.69873860288704,0.3473970266523817,-0.0606731192320513,-0.0339185719180498,0.0208203480355217,-0.108435268600133,0.0227277653270437,0.0005419269374224,1.0,0.0108532069758111,2024-07-18,,0,,,False,False,False,,,,,
KVUE,Falling Wedge,bullish,1,0.786355274099974,3,52,434,435,2025-01-28,2025,1,19.88889123208752,19.37581912341928,23.795268718604085,18.94157593658539,1.4987615982635512,0.0264800215877376,True,-0.0293843970667113,-0.0261713650707511,0.0421244918634358,-0.0136209881821371,0.0089899154040964,0.0165976880447398,0.0435160975496577,-0.0633390738410911,-0.0102325547341384,-0.0185262625890887,-0.0176637236209972,0.0638197388671564,0.0148540200264628,0.0124712110239513,0.069297796420904,-0.015400344397439,-0.0022777634364864,-0.02482443599351,0.0152408099233549,-0.0400954633215545,0.0495800447558889,0.0055969546232674,-0.036189804986035,-0.0247200031736487,-0.027353843014596,-0.082702757025468,-0.0106544638393302,-0.0181818529799774,0.0203725442997741,0.0069766691971018,-0.0996677611758249,0.040740794029761,0.0418462072623879,0.0052882275133077,-0.0106544638393302,-0.0416868596405644,0.0468571870718301,-0.0236138625207764,-0.0515002103416997,-0.0307166148065883,0.0163760427861416,0.0378054176419662,-0.0677601511974755,0.0176990204393308,-0.0979167423529904,-0.0096653216997275,0.0937454171089755,0.1089510146141019,0.0502355221466892,0.0814619124411988,-0.2279591282046074,0.0001898179607189,-0.0582750187832971,-0.0930121971379611,-0.0005789841594946,0.0308943291560899,-0.0809987847537272,-0.0026367315880484,-0.1305021564921729,0.0575917443996913,0.0092037324700113,-0.0020186954388149,0.1521403416437374,-0.0761381937909475,-0.0016666180504145,0.0669823091399404,0.0354024266496613,-0.1344828825988009,0.1099537798585029,0.1022241455285948,0.1575798396958374,0.2509025621488929,-0.0417903280673801,0.0881669966561369,0.0903790716130701,-0.2382076346088998,0.0626227673674162,-0.0301814434081723,0.1788711611012274,-0.0047594863620485,0.0555684198861807,-0.0820748002520369,-0.1055530785877336,0.0310592604079236,0.1055617884387423,-0.0424972697936393,-0.2336000159459746,0.2529403877149347,-0.141625341526281,-0.0442059838699205,0.0679902200155753,0.0912457828821941,0.0716067602027008,0.1633468406286232,0.1207748052952066,-0.0676893013520949,-0.0943234364658578,-0.0521342934674947,-0.0950584498250237,-0.0052106705723937,0.0379319343461557,0.1574452834963358,-0.0241732081781635,0.2653917444912546,-0.0195904857410478,0.1263367499310297,-0.0114614187538997,-0.3383408303140436,0.0466691702165618,-0.1134282613370842,0.1150156933760437,0.1194412867551564,-0.0847693212327029,0.2408870737743227,0.0554210569805878,stop,441,7,18.94157593658539,-0.0476303723745941,0.0153919276306143,0.0788247384471942,-1.0,0.3231536278902645,1.6549259331266346,4.1236296986485055,381,0.8432212152216471,5,0.0035274181297392,0.0575506201227637,-0.2200055108771365,0.0,-1.2041573067633564,-0.3609360915417091,0.1403157844951918,0.1670651110337793,19.37581912341928,18.94157593658539,23.795268718604085,0.3646336865212602,0.0303818353133045,-0.038885533426444,0.0184021990105555,0.1640321145875807,0.1212149235615416,-0.0018656595188372,1.0,0.0052882752665739,2025-01-28,60.0,15,0.1231458626657688,0.1023149873619875,False,False,False,0.1428571428571428,2.0,0.1428571428571428,-0.0378915180661639,-0.4365123157566415
KVUE,Falling Wedge,bullish,1,0.6895204050468854,3,23,723,724,2026-03-24,2026,1,17.218290535343534,17.153141627859185,19.438165037255928,16.728499254481235,0.8832736738684929,0.0037980743643215,True,-0.0215663795937336,-0.0089197659610711,-0.0345005187261464,-0.025078170408522,0.0189700907502463,0.0676922875858987,0.0443472669903852,-0.0004718313491938,-0.0195166816554364,-0.0259563044067112,0.0138755760201354,-0.029655317166591,0.0103673249466671,0.000482132238526,-0.0086956020324076,0.0103673249466671,-0.0123904301350915,-0.0560686246148497,-0.0266111340407114,0.1234635008882227,0.0129607358245822,0.0123168990144753,-0.0253613058272408,-0.0158910663386635,-0.0422169714091764,0.0115145758722754,0.0423529312233772,0.0188841254034417,-0.1047986642564099,-0.0696970375140794,0.0444443664625038,-0.0287323087020991,-0.0500941850518545,-0.0221908746748344,0.0286952043692931,0.0250118295607884,0.0310802590480534,-0.1072838917970636,-0.0326760111132632,0.0069766280855703,-0.0440447657229404,-0.0118463092584913,0.0021682227138846,-0.0221908746748344,-0.0632338521806631,0.0013919652717037,-0.017593671392641,-0.0973606184639812,-0.0486203561917655,-0.0458212181762357,-0.0286470287005878,-0.081431814115458,0.0235572048553129,0.0665158111082238,-0.0427510123689303,-0.0581394715782317,0.0546769506062225,-0.0604719123706978,0.0191462784598912,0.0947786630325751,0.0092037324700113,-0.0290589247353868,-0.0294872400773427,0.0261171960992785,0.1733847444886995,-0.0669686458137941,-0.1029166707897367,-0.0364223795660543,-0.0094258667244406,-0.0051817137815146,-0.1305556596074963,0.1063656290109846,-0.0326747526108132,0.0306736472177828,-0.0225751722692932,-0.0196580063914665,0.0493386196790481,-0.012055608004006,0.1533447782394028,0.2438717585436929,0.0034557600562399,0.0021325572803396,0.0067896984314954,0.1676118013200631,0.049061665664231,0.2745296617942114,0.1711965195684524,-0.110190079259427,0.0371047587379858,-0.0413390584025799,0.2220348821461097,-0.0691326668191373,0.0407683509306016,-0.0958612546581036,0.1299026648222916,0.1208692256730923,0.1107577573446785,0.0489017323047848,0.0534475059124335,-0.0950584498250237,0.0423093119328021,-0.1599479355732046,0.1080463499776778,0.007461182349417,0.0507213220148905,0.0154900194202209,0.0372543897830037,-0.1834131854110372,0.0668903705223875,0.0438953078347004,-0.0774551645466994,-0.126264679872922,-0.148884822367442,0.0978694116001592,0.033628735235791,stop,728,5,16.728499254481235,-0.0284459877045817,0.013620897399683,0.0397275434042047,-1.0,0.4788336949709464,1.3965956751716455,4.53228668751352,699,0.654399110172317,5,0.0885468229689196,0.110280160571875,-0.344653278484009,0.0,-1.3917792308139585,-0.7373801206416359,0.3952394862218595,0.0812504357921364,17.153141627859185,16.728499254481235,19.438165037255928,0.3298053549412861,-0.0312090748279605,-0.0178872879621183,0.0192307616946507,0.0592317062252316,0.3880582568493899,-0.0028409368160214,0.0,-0.0471173434841297,2026-03-24,8.0,14,0.0477963032909667,0.0424931736678451,False,False,True,0.1538461538461538,2.0,0.1538461538461538,-0.0346160255222948,-0.1587247909389714
JCI,Falling Wedge,bullish,1,0.6626762605353866,3,14,723,724,2019-08-02,2019,2,35.94949214150043,35.79202860389128,36.79881181851806,35.18632080499492,2.274422983742304,0.0043994024298479,True,0.0214872180048528,0.0092343034433746,0.028436810294192,-0.0277451446885006,-0.0172904080173094,-0.0347318383291359,-0.0119884367803058,0.064366335261377,-0.0082391258478797,-0.0260485615948521,-0.0135202432826001,-0.0486545751185228,0.0093023531775122,0.0162670814860017,0.0032137412177593,0.008364054559355,0.0210728074773316,0.0166412288093191,0.050678550056183,0.0319847814398841,0.0011685286409621,-0.0491303678625761,0.0207798394599431,0.0219697124000037,0.0193316201133997,-0.0018988737831793,0.02886685613336,-0.1861040807417625,0.0616454780519049,-0.0217598032930445,-0.0869219876740424,-0.0231170236240095,-0.0279857058171484,-0.0279857058171484,-0.0328144605930234,-0.0085713899833215,-0.0773008908709855,-0.0122856869305894,-0.0457609372490047,0.0027326557091829,0.097765937343035,0.0186233819281995,0.0129974770076888,0.0682681967921496,-0.0073686658157826,0.0354184738613798,0.030661508837481,0.0155271158917134,-0.0233926250251423,0.0585673820926075,-0.0077930556018576,0.1232636077062998,0.0570948833198245,0.1595343505924482,0.0074190746057047,-0.0819431170654407,0.1573057683014942,0.0071001513202832,-0.0150761958352109,0.2566426045087431,0.0754712908289527,0.0327913655046354,0.0532852721155998,0.0277231525674483,0.0102803294310995,0.0245705504752038,0.0326990684407919,0.1143356615875166,-0.022832467156069,0.0658890114306196,0.0310026473159319,-0.021765441424847,0.0030826969375592,0.0929411237871344,0.1913333576400666,0.0371267328042916,0.0803761796373747,0.0776706681526608,-0.1774832253595104,-0.066983371924333,-0.0959540342621484,-0.0032800013204474,0.1894639348683364,-0.0152767183655966,-0.0149613875734923,0.0608894919249201,0.0037090850858945,-0.0917314377960062,0.0942634908157014,0.0830711877289367,-0.0057239465512838,0.044850592190359,0.0362606509651552,-0.0213972530959953,0.079887280004022,-0.0867905791912356,-0.2421981029003715,0.0886689929723563,0.2243257024031442,0.1732595410764019,-0.0576180692378195,0.0346767928957505,0.1953853228283875,0.2473148109221508,0.0233036249437614,-0.1029781206904819,0.0634024883193888,0.125214757709821,0.1149397313590541,0.257348166217626,0.1161383156928947,0.0167286429427322,0.0932474529867302,0.0720577749964488,-0.0355550753473828,target,727,4,36.79881181851806,0.0236253595370592,0.0304200113412998,0.0103813739615495,1.1128820441640146,1.4329468447620628,0.4890187875209971,1.1128820441640146,707,0.4727214392293687,5,0.1063358003877982,0.0524273737505214,-0.1832959660679819,0.0,-0.7576955728382536,-0.2849741336088836,0.9643099540506992,0.0343960403955768,35.79202860389128,35.18632080499492,36.79881181851806,0.618088835478562,0.1758735378835461,0.0388990132024258,0.0169841320094688,0.2785978817984709,0.3043471049707286,-0.0045226715084266,1.0,-0.0195672560938804,2019-08-02,22.0,16,0.1012128820511002,0.0534958990867528,False,False,True,0.2,0.0,0.0,0.0252366929298191,0.3081028776846436
JCI,Falling Wedge,bullish,1,0.7140938349950963,5,49,1459,1460,2022-07-06,2022,2,44.58180211827488,44.98169386312384,61.39749206258858,42.55935032965624,1.7111921214429513,-0.0088900997384803,True,-0.0133556012661011,0.0029770656170398,0.0079855100525361,0.0288339863310214,-0.0347089492338755,0.0226940692923336,0.0270559983012499,0.0150674418505241,0.0066030357388546,0.0073299776408,-0.0104676516474844,0.008162608982607,0.0017523534457604,-0.0491330660510195,-0.0378645217271869,0.0286533256281249,0.0206458631337269,0.048519175742848,-0.01094070540886,-0.0006617290027961,-0.001745782676005,-0.0341034750379625,-0.0155394745338609,0.0260851311555676,0.0010282693118508,-0.0137010646618885,0.0447772149242875,0.0413273447010358,-0.0029572552843886,-0.0236527615162268,0.0161955524553041,0.033317572091966,0.0473222966554633,-0.0292717256677864,0.0021891195813981,-0.0586463347926553,-0.1061597369117924,0.0766667362101631,0.0390167745166498,0.0133517969348539,0.0920187859042773,0.0347522852443178,-0.0354056874983879,0.0182462548854758,-0.0048539060535823,0.0168584680696434,0.1327211189292982,0.0565628596915195,0.0171408297269779,0.243532046337219,-0.0021338271242065,-0.0612763769472211,0.0357352982348002,-0.0443032803955817,0.0253643704280464,-0.0276688905566249,-0.0651727763060572,0.0050825816837871,-0.0023621221108157,0.0480402703769085,-0.1214639935821041,0.0278264239046286,-0.1148500186798322,0.1259395168986024,-0.0445562535847292,0.0648514982440555,-0.085265690677484,0.0342938217905808,0.1297834475462508,0.1297997162974029,0.1036778484127298,-0.0841463498763062,-0.0573952987620999,-0.0378509702349043,0.0643120279041757,0.1351269881604697,0.0474176792904939,0.1612830712413233,0.0577539124105241,0.0005662255978871,0.0295689529994742,0.0541012716516062,0.1156579463956164,0.0733852548312545,0.0714245870384087,0.0939524722340365,0.3028920016047882,0.0633136206493094,0.2101416822439501,-0.08015726608778,0.0171871079067056,0.0678729704374562,0.0394457008688839,0.0935579105391136,0.0356297376203689,-0.1668439611825961,0.1593695675439081,-0.0508350182613299,0.1259447935082525,-0.1957224627533522,0.1161383156928947,0.1558293842326124,0.0212299909096203,0.0415282828294836,-0.0577907862883201,-0.0845831256444719,-0.0558157636130807,-0.211786191269657,0.0280374557180997,0.1386936471281452,0.0840708570399828,0.1317150383185787,0.2139651318642448,-0.0770389741963617,0.0218589049090328,stop,1464,5,42.55935032965624,-0.0453649626646563,0.0050083824632184,0.0454924361398313,-1.0,0.1104019968062366,1.0028099543719953,8.314507193172224,1408,0.7808764853696004,5,0.0215042455429096,-0.0151373690698954,-0.2847381319324781,0.0212765957446808,-1.0700540578835966,-0.2891775725139964,0.2022074269015116,0.2394143921467284,44.98169386312384,42.55935032965624,61.39749206258858,1.3369002508836,-0.2748021917910839,-0.0870930862740105,0.0300502886369397,-0.3895742776749974,0.2700004577636749,0.00602388741632,0.0,-0.0652869932932195,2022-07-06,2.0,12,-0.2844727883142365,-0.1862523917752774,True,False,False,0.9090909090909092,3.0,0.2727272727272727,-0.0601844416194353,-1.3066034783379017
JNJ,Falling Wedge,bullish,1,0.6708515331535254,3,38,1279,1280,2021-10-15,2021,0,139.36576308146738,138.87393080080506,155.63014551386004,135.48216454369924,1.0714399099906229,0.0035415738420176,True,0.0216540099235902,0.0010444979223411,-0.0549143459576721,0.0403149362893253,0.0088903741440533,0.0122420290950824,-0.0335003221195411,0.0241501977507867,0.0113992909665894,0.0142822711920109,0.0262277222255455,0.0114619206667885,0.0526852826883432,-0.0001735528811361,0.0011737978350578,0.0100701396160118,-0.1172328692665086,-0.0360304521428865,-0.0043951432457395,-0.0225533661757248,-0.0044658124039452,-0.0138879388371372,0.025366801951625,0.016412083730295,-0.018004762711119,0.0020252181694788,0.0133109072979817,-0.0089638178627551,-0.0432981029418049,-0.0432981029418049,0.0134096121386675,-0.0246776876749771,0.0161962832402826,0.0203565747522811,0.0054160070699458,0.0054741571054079,0.0278505270101545,-0.020624426824618,0.0156555547183891,0.0338215341432601,-0.0393611292994893,-0.0079168144190092,0.0027482700714458,0.0305553614922677,-0.0124939221992614,0.0171027835780028,0.0297036299009749,-0.0227772626028497,0.0152472971589472,-0.0077146385232177,-0.0351788449890104,-0.0131644359874645,-0.0075001622031994,0.0907142809750607,0.0559660674607893,-0.022207625990557,0.0958358988270715,-0.044000170274483,-0.0560936304229102,0.0012460200931068,0.0280419436124559,0.0697227923505003,0.0274299263079162,0.0558245439336313,0.04011992951339,0.0134571237643208,-0.0341925088547571,0.0151807923363742,0.0152668999465767,0.0580553810080572,0.0071508881669004,0.0142962599003642,-0.023435240312074,-0.0027707965856186,-0.0634473354472199,0.1331316591884044,-0.003394055687694,0.0696336712613103,0.0441768714293739,-0.0943190800506259,-0.0114282877520791,-0.0001556938312822,0.0063002186542104,-0.0069321082708112,-0.0216412486715344,-0.083099684404482,-0.0236812609693432,0.0882639486048726,0.0522929393793161,0.008127331005401,0.0650561468701329,0.0507066682925262,0.0756426636324403,0.0138584252516895,-0.025744804633267,-0.0327658104234689,0.0343624780178231,-0.0147966248768632,0.1265193318562747,-0.0063313816182281,0.0371506265164103,-0.0533723330200578,0.0362962179953354,0.1906924359242845,-0.0818688990041098,-0.0421658630639679,-0.0142373431647396,-0.1216941214742124,0.0304700150688135,0.0320180211479939,0.1036187506669592,0.0027648605711942,-0.0097969799555606,0.0712458936429989,0.0625244401237597,time,1339,60,149.9077606201172,0.0756426636324403,0.0948000302482234,0.0210868661648022,2.7144920969890425,3.4019681558749832,0.7567175560178606,4.187966978105733,1241,0.5980652856744109,6,0.0869786190230083,0.0573169300006934,0.1230282165351588,0.0,-1.5956421838438943,-0.9975768981694954,0.5400536590923067,0.0626180128703177,138.87393080080506,135.48216454369924,155.63014551386004,2.0872282801954003,-0.0178577044414124,-0.0409199837130033,0.0148791288208052,0.0035700655938422,0.6357166212534152,0.0057459958804653,1.0,0.0101270394512038,2021-10-15,41.0,9,0.0365920617960182,0.0054614866059568,False,False,False,0.25,0.0,0.0,-0.0144954521031484,-0.6037554955681934
JNJ,Falling Wedge,bullish,1,0.640187913081279,3,25,1431,1432,2022-05-24,2022,1,160.0676616911054,156.77486508365735,166.3969790359472,152.0183756103545,0.914991484658415,0.0210033451834958,True,-0.0156205187690362,-0.0596673150034409,0.0258116243039931,0.0068119394431511,0.0328938484419818,-0.0255065338765242,0.0105935171743103,0.0210930141897087,-0.0030445511113416,-0.0397388999341775,0.0183003752514763,0.0031526601450704,0.016698220707741,0.0083032961843925,-0.0183413242649923,0.0088414855687095,-0.0116990408358929,-0.0286925717749668,0.0136259223997299,-0.0056177563300531,0.0136237235744125,0.0012900196506824,-0.0180404672144068,-0.018002648150164,-0.066204458093056,0.0080044930371068,0.0260197435857147,0.0096276944209958,0.0131756645712231,0.0045184605233929,-0.0031903550812012,0.0220097550889586,-0.0125430010788163,-0.0222381595479083,-0.0208453728006314,0.0271547136727505,0.0345648431356018,-0.0029451215707029,0.0397531762841434,0.0095858430432991,-0.0103628716015713,0.0391270973566817,-0.0303332545695347,-0.0281286661348674,0.0209507240944579,-0.0241979184716187,-0.0048190982221469,0.0273414448836706,0.0924026124397168,0.0439999491627707,0.0723098022708128,7.769158209969262e-05,0.0244187754322957,-0.0437330616075293,-0.0279466492615937,0.0361616026742421,-0.0413078895982761,0.0486174346919674,0.0060670612657942,0.0255063764633207,0.0173470606120655,0.014934379591432,-0.0761314396357742,0.0260517590450224,0.0017420103817178,0.0258795213386342,0.0928248951532895,0.0439469782699466,-0.0239775417357447,-0.0465851502558843,-0.0580215916473706,0.0354561585318853,0.0501272773540308,0.002617959441818,0.0487355575090044,0.0088437586572058,-0.0370514225823717,0.1121887232395626,0.0135553424600614,0.0667332680238825,0.0701975880047907,0.0848971334111812,-0.0469765278280696,-0.1323814772185042,-0.0417488405126981,-0.0879596787523672,0.1281099841937645,0.0351369216814929,-0.0087006560059532,-0.0876442297568295,-0.0486660707494339,-0.054858688711007,-0.0621503529294333,-0.1428353469660035,0.0343081446181281,0.0102500150851432,0.063711415952866,-0.0786308920205091,-0.0693243353160238,0.0420591072779781,-0.0131300796041523,0.0367350244201403,0.0777115711831017,-0.0438755035372474,-0.0118311471414768,0.0601754212340908,0.0121985987197512,0.2143983930077269,-0.0211483223333567,0.0412875029662853,-0.0502565057126075,0.1398947891936117,0.164500280402364,0.0374093863205953,-0.0944724961652538,stop,1443,12,152.0183756103545,-0.05028677245429,0.0056500541702652,0.0548939045933115,-1.0,0.1123566674596392,1.091617177125641,0.7863203371511113,1405,0.5068968161615577,5,0.0264231029451752,0.0086296114821295,-0.2248309518895754,0.0,-0.8356847904862801,-0.3287879743247168,0.8149650395649224,0.0676789671094078,156.77486508365735,152.0183756103545,166.3969790359472,2.8690828239792694,0.081639596604192,0.0211808433255813,0.0178382228616323,0.1505172539691393,0.8712076987544468,-0.0010587407675197,0.0,-0.0533765232068902,2022-05-24,49.0,13,0.1234317415796393,0.0754709497568177,False,False,False,0.1666666666666666,0.0,0.0,-0.0168880052949923,-0.6954760098683547
JNJ,Falling Wedge,bullish,1,0.6893482143082534,5,47,1512,1513,2022-09-20,2022,4,147.29873896955002,146.0572671187814,159.81109666636252,143.1055980491867,1.4693933410834117,0.0084998978500603,True,-0.0004845102831766,0.0583847244217301,0.0044689412275451,0.0229389778078483,0.0039902863330452,0.0019999516604891,0.0139332172131967,0.034076357070212,0.0168557143023484,-0.0004569682476981,0.0240086329215871,0.0004401401811169,0.0291422063058051,0.0008571368851364,-0.0310028846471608,0.0226761131551038,0.0082502800210797,-0.010075596542278,0.0408546927294144,0.0208184359957375,0.01440147324549,0.0161097421371929,-0.0121988527709372,0.0036359159879231,0.0247177190763093,-0.0190134279120836,0.0079041864618158,-0.001631947298074,0.0124820964756731,0.0308868851487227,-0.0129951613446732,0.0188663405309188,-0.0155963044902316,-0.0413119700333496,-0.0006807975076765,0.039043318974218,-0.0019889755647031,0.0241983484468391,0.0295834762444699,0.0273960353694837,-0.0345355048741868,0.1326925854785841,-0.0452394133166713,-0.0081342596699859,-0.0132724853734519,-0.0027967352993587,0.0059995464743392,0.0447967693977373,-0.0433669489398896,-0.0064053147854208,0.0718503246750739,-0.0293957566969998,-0.0025574017306283,0.0474866310952739,0.0959626303968421,-0.0043909397626976,-0.0111894671264387,0.088663140882621,-0.0165733180618611,-0.0450560545506864,-0.0050694951258485,0.0342702528422476,-0.0475736138447175,-0.056951939867359,-0.0266634349857347,0.0005226404343916,0.0291912560366174,0.0449461408721045,0.0001145798864947,0.0446612774476589,0.012597983590904,0.0599376509691231,0.001231809309113,-0.0545631774381188,0.016205150479803,-0.0862164464165251,-0.0526958864180658,0.0998069012435143,0.1061303900397188,0.0093918237212116,0.1196626724549945,-0.0649843163731446,0.0051705124371963,-0.0132611113761038,0.0157970769998359,-0.0823955030355322,0.1204194306749744,-0.0015962409727371,0.0481280456857293,-0.0550677054008476,-0.0781446727237979,0.0390134572546418,0.0963536907581075,0.0619333897548934,-0.0314816052062876,0.1046132890256461,-0.0631935585271845,0.1590040909972419,-0.0450627188290477,-0.0067290621693408,0.0531937718077537,0.0102500150851432,0.0241879213899369,0.0379216846542709,0.0291105565372096,-0.0446821614140021,-0.0034598317368155,-0.0918379063956232,-0.0633031882183544,0.141488885419394,0.0543270772558774,0.0777115711831017,-0.0233010275161367,4.665856714214378e-05,0.0804134676626112,stop,1525,13,143.1055980491867,-0.0284669166192259,0.0160589174853865,0.0354500265879114,-1.0,0.5641256374967105,1.2453061587980077,2.9840060075368027,1461,0.6225191528424898,6,0.0657038010253646,0.004397672621109,0.2535080821824524,0.0,-1.6597973697398558,-1.0372782168973629,0.5721980597486146,0.0513064270280647,146.0572671187814,143.1055980491867,159.81109666636252,2.617899854497705,-0.0316533480846084,-0.0185828554901893,0.0177781094121827,-0.0493906875917135,0.4113920383211308,-0.0063746234578899,0.0,-0.0669704126499105,2022-09-20,49.0,13,0.0321910646718814,0.0375392976191395,False,False,False,0.25,2.0,0.1666666666666666,-0.0001732221980739,0.1464380455512549
JNJ,Falling Wedge,bullish,1,0.694443580702727,5,53,1781,1782,2023-10-16,2023,0,143.2334154453829,143.82513722219505,162.95111168788662,138.024375639987,1.0718037064293835,-0.0041141749505027,True,-0.0294268381518646,-0.0008922666224172,-0.067148699719829,4.285727122077532e-07,-0.0056234418412109,-0.0040036372835557,0.0060800417791209,0.000816199673121,0.0065156309662313,0.0056153786804429,0.0224001279065855,0.0058201599878697,-0.0190347295607057,-0.0099384852866005,-0.0064998251735207,0.0172197457507374,-0.0070467282630686,-0.0023933310833064,-0.0075888662419539,-0.0161767812960964,-0.0014014833709558,-0.0910662146970344,-0.0207541126268137,-0.057379382541529,-0.0175928760664737,-0.0414402973616665,-0.0506376716640927,0.0164586366193704,0.022136919961408,0.0476861068117353,-0.0157326672285589,-0.0395074675447099,-0.0017307739115388,0.0182827657051947,-0.0066795416585453,-0.0187133749656149,0.0530544489714834,-0.0084714888841264,-0.0119483916444962,-0.0108443137244724,-0.0616941780655793,0.038823064404913,-0.0768869857284744,0.0039673034515514,0.0187665418882216,-0.0511238143131291,-0.0535327636938564,-0.0705842819864995,-0.0361639950791917,-0.031323580142658,0.0327063529309723,-0.0318605907046336,0.0286393901182875,0.0601707021055939,-0.0560289496261372,0.0315543197348908,0.0245901220535833,-0.0146130800513226,0.0026788822097194,0.0274299263079162,0.0316334080914182,-0.0370851901794019,-0.0075231204130776,0.0657453337667208,0.0280419436124559,0.0409552233512644,0.0451950379759442,0.0387655011246999,-0.0657081455532086,0.0021270908828763,-0.070167868915534,-0.0877660231079414,0.0412494283375404,0.0130812238777104,0.0540775811243918,0.1166878552321213,-0.0507968187481954,0.0260227428111503,0.1509502730688103,-0.0470569081941293,0.0528432326010488,0.1548854178508318,-0.0133224182418527,0.0613830767085998,0.0592071638902795,-0.0604267817781605,-0.0051311031597366,0.0648962567482946,-0.0828318041230093,0.0169468925991214,0.0025234394669169,-0.0212440454653132,0.0414184679492257,-0.0636422460191257,0.0427579839443041,0.014370930930067,0.1012375045347211,0.0717384164780705,-0.0175966228225291,0.0322759585800207,0.0876531674435021,0.0106759397749747,0.0351403262510692,0.1424387060811125,0.1148570008280758,0.031914441995448,-0.1361533389951332,0.1639911859834215,0.0568059603546373,-0.1117042576489065,0.0312578851601967,0.0862097259815213,0.0805880775774803,-0.0605965682746605,0.002525346741356,stop,1784,3,138.024375639987,-0.0363674900106125,0.0190409110274053,0.0373767459069486,-1.0,0.5235695678158951,1.0277515961657375,3.7852842326293534,1728,0.4112745905706542,5,0.0413662245909711,0.0940597016899653,-0.8412102957718917,0.0,-1.3190117559784404,-0.907737165407789,0.972698467929312,0.0764064462841874,143.82513722219505,138.024375639987,162.95111168788662,1.8208202630921693,-0.0197602021859155,-0.0317949071534808,0.0125871803608426,-0.0350037046639271,0.4893621626301325,0.0061841266248761,1.0,-0.0171088382275531,2023-10-16,50.0,8,0.0153554915864821,0.0386844638379721,False,False,False,0.4285714285714285,1.0,0.1428571428571428,-0.041470299953076,-1.090159562631008
JNJ,Falling Wedge,bullish,1,0.7049521240120459,5,70,2096,2097,2025-01-17,2025,1,140.9107565171082,139.11057778669465,160.42714161372317,132.85011215737893,1.0892322273729746,0.0129406315397084,True,0.0361208997998545,0.0382850092728735,0.0235064654898435,0.0208935964806262,-0.015564932574191,-0.0018571165803832,-0.0184705851479403,-0.004204973022119,-0.0089911930602951,0.0231411290128973,0.0072792309470746,-0.0046936692891234,-0.0190238676520667,-0.0071604308830224,0.018136851803675,0.0118272918887591,0.0322635354389,0.002740712648646,0.000449542739644,-0.0053758387460146,0.0085855050748449,0.0047596170353916,0.0327088562195972,0.029208622083793,0.0340364067280536,-0.0310884866651018,-0.0128301869178736,0.0741667888716244,-0.014223501180833,0.0176999109882882,-0.0203068012201945,-0.0127113054268365,0.0349439498791668,0.0447873329131176,0.0040630252657922,0.0132585596717864,-0.0230522831363687,0.0214722789053614,0.0018400918055874,0.0084170325171673,0.0214979659809522,0.0134096121386675,-0.0113947342324305,-0.0203068012201945,-0.0514789649777267,0.0263004478857954,0.0587603337888451,0.0407470495802333,-0.0202540479064556,0.0322203417411894,0.0721794413239156,0.0021982844501022,-0.0307107582036514,-0.0360790124996887,-0.0316572242537258,0.0227212489915331,0.0110945608976904,0.0765616629524621,-0.082839713632587,-0.0531866325253505,0.031999916627653,-0.0302248796916129,-0.1366050290607366,0.0958358988270715,-0.0429029482632855,-0.0332807266111456,0.0258795213386342,0.0903376736647196,0.0605959548805085,0.1220166681178891,0.1880261972436331,0.0646501906908667,0.0368356905118658,0.1106493021612333,0.0478110206367889,0.0611811246576095,0.0139943784612293,-0.0132596601180533,0.0056973247423737,-0.030890346568046,-0.0284102786694617,-0.0824846361580498,0.0643889677448694,-0.0483003481690139,0.0142962599003642,0.0540775811243918,-0.0824846361580498,-0.0727107052258121,-0.0094981681364977,0.0646501906908667,-0.1102809126373254,0.1190210511437816,0.0494015301310455,0.1516918384884727,0.0257593206315334,0.0574794140960615,0.0700191079163761,0.0654209574437756,0.0690676821543414,0.1504371397720991,-0.0086489495224679,0.0416406118574181,0.0832381374070168,-0.0671860506551202,-0.0654074135838624,0.0206196726004761,-0.0671507290472165,0.074700394644783,-0.0255128075652731,-0.0777021624797235,0.0951796850873185,0.0666179321990165,0.0537197625934715,0.0034562649021721,0.0211141316084357,target,2125,29,160.42714161372317,0.1385017409529374,0.1430566378518374,0.0369340024328167,2.421194165830983,2.5008198060698725,0.6456553585236839,2.421194165830983,2025,0.3648599523452384,7,0.0701862780091389,0.1059820830021462,0.2569219398980307,0.0,-1.9680507382222991,-1.6031907858770649,1.584161777133048,0.0672536319794952,139.11057778669465,132.85011215737893,160.42714161372317,2.326643608790422,-0.0327879204112727,-0.0129528172382695,0.016570985305284,-0.0391539973971752,0.2372865283321329,-0.0022331401640293,1.0,-0.0077755867973557,2025-01-17,27.0,16,-0.1093432851573257,-0.0664966115293971,True,False,True,0.5333333333333333,2.0,0.1333333333333333,0.0217002740077885,0.7374068669474976
JNJ,Falling Wedge,bullish,1,0.6309060708593887,3,17,2144,2145,2025-03-28,2025,1,158.21972203009707,155.55780135941063,164.37493969350749,153.813438541626,0.7411781686944562,0.0171121001159959,True,-0.0677129679174871,0.0133121009554335,-0.0074290350360859,0.0085760130684702,-0.0039597134793345,0.0120332655639954,-0.0018058315300214,-0.017711530996285,0.0015233634317284,0.002803176271297,-0.0086374551637938,-0.0045450712764719,0.0024399980977705,0.0143241365442849,-0.0015913237196581,-0.0012453675321193,0.0016107733214161,-0.0112686921845529,-0.0012079500569343,-0.0041845798909968,-0.0222778902417288,-0.0002878723885557,-0.0655708885576083,-0.0768996006019389,-0.0479996052327073,0.0440477138923256,0.0431559587094825,0.0121899805952392,-0.0228745937157326,-0.0150401506356145,-0.0245012934775213,0.0410544663008531,0.0580665901365733,0.0526638533793522,0.0248626994396918,0.0241983484468391,-0.0309362578367069,-0.0116170907214691,-0.032451807080545,0.0169737481117842,-0.0090796932483356,0.0043823861350948,-0.014032892705764,0.050301928741524,0.0262265609413394,-0.0887791233723594,-0.0548760623175909,-0.0567310754991575,0.0267637806569842,-0.0253397416403843,-0.0208700150205215,0.0684932896564451,0.001672232286664,0.0121422423843324,-6.81658553413067e-05,-0.0616756012140632,0.0825028261588542,-0.0325759637144404,0.0498780690895344,0.0700119649690627,0.1066982668459228,0.0105101341160307,0.0215407493618371,0.0081367883810856,-0.0092334847584463,0.0189606199124754,0.0061410282412333,-0.0465130925914395,-0.0692348586808822,-0.0596593182240695,-0.1348097722480398,-0.0969534612008606,-0.0366256748106773,0.0037878136682938,-0.072204333192151,-0.0843164532714187,0.0781647257873725,-0.0600572267301078,0.0434470625964764,0.0945985006282805,0.1224390882649724,-0.0977309597800804,0.0053784233634266,-0.0027707965856186,0.0095204738586727,0.0294230618267319,-0.039659997834485,0.0192289044156204,-0.0806190751563264,-0.0526727634487317,0.0086906493308978,-0.0492127163105839,-0.0656111436659891,-0.1730712983204587,-0.0786308920205091,0.0753068009558286,0.0238828289169976,0.1398271095731025,0.0150608434823604,-0.0461446276758298,-0.0561953991132657,0.0914201983396736,-0.0270013405464588,-0.0856724649992791,0.0705549136062131,-0.0861550965831036,-0.1391202721929443,-0.0883141949575618,-0.0383374628307173,0.0137587406897192,-0.0247781922181966,0.092034419361632,0.0570719709615421,-0.0387865991520627,-0.0591002078458462,stop,2146,2,153.813438541626,-0.0278491418891059,0.0137495274853158,0.0683822409558092,-1.0,0.493714583381629,2.455452352108524,1.3969182145260004,2126,0.6597951842242019,6,0.1796614288591107,0.0979397990059616,-0.1634563522289043,0.0,-1.1249509049194195,-0.4651557206952452,0.3373134000878909,0.0434320503892567,155.55780135941063,153.813438541626,164.37493969350749,2.117681852607226,0.0621472250660637,0.0361139135557524,0.0134383954971731,0.0357692282619106,0.4968961170661375,0.0028198105375225,0.0,-0.062015707976899,2025-03-28,27.0,16,-0.0498800023305453,-0.0289497770606848,False,False,False,0.4,0.0,0.0,0.0097471360749182,0.1335924387287823
JNJ,Falling Wedge,bullish,1,0.7085808899156384,3,25,2394,2395,2026-03-27,2026,0,240.9095376592209,236.2593392520596,253.0791854284685,228.71931770018728,0.9266572714726512,0.0196826014238538,True,-0.0103494995532797,-0.0397507102174861,0.0105606977871404,0.0042331580321615,0.0195144059339755,-0.0142344565128704,0.0293125633759228,-0.0444272017018096,0.0131708879095802,0.0151469578838914,-0.0005676472572355,-0.0065345112274749,0.0015620798686744,0.0253643241208163,-0.0337053946373994,0.0192527470456522,-0.0415334762403108,0.0187295741935527,0.0068749523326439,-0.0180882085346486,0.006094225942669,-0.0076364155414812,-0.0105039626919522,-0.0227114162570841,-0.0945584173422612,0.0662665447583148,0.0014154775216563,-0.0028452671705623,0.0301594245909444,-0.0031481150998624,0.0505029373685088,-0.0437335065585696,-0.0165629364214642,-0.0274292136693453,-0.028468022260687,0.022136919961408,-0.0357659172395777,-0.0273111749247305,0.0273614476847747,0.0361260160779579,-0.0237622946301043,0.0192118705546051,0.0109699584938998,-0.0082215435461565,-0.031014441960591,-0.0235058244336051,-0.0745411080624217,-0.191802176771444,-0.0076830481765972,-0.0947037650525988,0.0738767793488852,0.0046276734638601,-0.0131591633815985,-0.0505039521821613,-0.0093145286474989,-0.0605278675129082,0.0017420103817178,-0.0637450040879619,-0.046517449846429,0.0224360041034983,-0.0224558530185616,-0.0126542646303681,0.0193980902420563,-0.0064642535977896,-0.0015708796477359,0.0214338200048542,0.0226596537409493,0.0091157297811521,-0.0638405946266599,-0.0492267721292096,-0.2218221681044831,-0.0457747776908715,0.1964205897983306,0.1451791790262335,0.1382805061263463,0.0848288497847169,0.0090898855722507,0.1278654993903789,0.135059445670777,-0.0655605088420362,-0.0656654415667763,0.0025234394669169,-0.023814942209577,-0.0285731426783577,0.0167784690249599,-0.0495746860438905,-0.0310526394144096,0.0388542341197377,0.0148891051416089,0.0708734029228153,0.0842604701422387,-0.0869711190162793,-0.0045340979241622,-0.1529757475899381,0.0047353975624395,-0.0121823023318372,-0.0299393862131573,0.1587983281811709,0.0129229684155915,-0.0044806786417794,-0.0224741205313213,-0.052089682190154,0.047869883251669,0.0471556868141496,0.0723075055282009,-0.025625802387269,-0.0442735382453104,0.0532883284490268,-0.0697028886879077,-0.0304184192803359,-0.0180824650967186,0.0610366086512328,0.0012589416830581,-0.0502565057126075,-0.0095264908850692,stop,2409,15,228.71931770018728,-0.0506008192015932,0.0152778387466517,0.0573329494338345,-1.0,0.3019286839168544,1.1330438980724915,0.9983124020850134,2369,0.4846473993066752,5,0.0196912467394338,0.1112689250961065,-0.0876628205838457,0.0,-0.88192983048619,-0.3972824311795246,0.8157530634826798,0.0703244949070896,236.2593392520596,228.71931770018728,253.0791854284685,3.949833133368884,0.2341689692383473,0.0176912239695556,0.0166027915123056,0.3687225046282121,0.3718300294001324,0.0081507581039776,0.0,-0.0731326645167863,2026-03-27,12.0,11,0.2971863821123515,0.1369901495074379,False,False,True,0.0,2.0,0.2,0.000493592456884,-0.6496209596922704
KEYS,Falling Wedge,bullish,1,0.7368733736981088,3,36,838,839,2020-01-16,2020,0,103.87000274658205,101.9030985616559,111.28752481278464,99.25084545817592,1.0817495002879696,0.0193017112598994,True,-0.0085683967085264,0.0002650518415977,-0.0128762619997905,-0.029806811228896,-0.0332983230508303,-0.0313568115234376,-0.0290269371582672,-0.0058155223382126,-0.0147368782445004,0.0475263575398854,0.0166694444410884,-0.0010749793524347,0.0126005691773887,0.0187838552232864,0.1353525320389395,-0.0067549056116245,0.0291720664075934,0.0133573039582104,0.0282531122529292,0.0062910862572691,-0.06691132282335,0.0156534945332296,-0.0131684501334503,-0.1047463617514012,-0.074688957547247,0.0081588483184502,-0.1258624877138051,0.0208507082164992,-0.1145129412817018,0.0438642792321208,-0.0539952426440892,0.0570220941689783,0.0775674514095816,0.0630791136602673,0.0183503823212816,-0.1225140233398605,0.0216455337054284,0.0219919367877052,0.1145962279279193,0.0283439296066381,0.0514612503675746,-0.047460924878512,-0.0275489600958191,-0.0892010454157016,0.0445083823890761,-0.1042635873885028,-0.0549725515883897,-0.072759711822501,0.0204556266562387,-0.0540115888728651,-0.1646925352104822,-0.0212415278236094,-0.0280264613636783,0.1040201477354916,-0.0082430508284515,0.0474961130262718,0.0583215250217787,0.0544444679195046,0.0031623361720773,-0.0179245426969708,-0.1607483429104552,0.076433512770704,0.1785889507601266,0.1082730212542255,-0.020931809560835,0.0839332264310084,0.0260358077671207,-0.0920000076293945,-0.06463979501928,-0.1934148785602708,0.0834919924729317,0.2015504627481223,0.2333141830253646,0.0404984032640021,-0.0520906206657497,0.2114832242453637,0.0316786640330337,0.0122168758859286,0.0332185767753812,-0.1004437400137979,-0.0680200201963393,0.2656615844718692,0.0848386496111168,0.0223907037987352,0.1319464512239725,-0.2130970373747291,0.0648472769564869,0.1303454648306634,-0.0916240619640035,0.1956569014935389,0.0448916346966792,-0.2523780574025528,-0.0867430624625353,0.0526636132235458,0.3139361179928037,0.1036410805129615,0.2913604488969805,0.2852472308347569,0.2400550656359781,0.0897087433481687,0.2498597650166065,-0.0720000236265121,0.1906790325177496,0.0290918904387376,0.2132745527725783,0.0050585362024,-0.1149693901425721,0.1727298323842578,-0.1293845934745593,-0.2217938204388454,-0.2013414894662252,0.111199951171875,0.1258885083705703,-0.0100138326622656,-0.1703544427768076,stop,844,6,99.25084545817592,-0.0444705609537314,0.0284008555909973,0.0454414277066961,-1.0,0.6386439698960954,1.0218316731820594,1.605817166005636,802,0.6268419810660824,7,0.149405423729096,0.0956558819720336,-0.3600527744216145,0.0,-0.9271965324775496,-0.3003545514114672,0.4180430088251891,0.0867904988549258,101.9030985616559,99.25084545817592,111.28752481278464,1.9035012381417349,0.1016145631850136,-0.0063634043173764,0.0184144450765691,0.1829938887133417,0.9627344497834478,0.0093014294885691,1.0,0.040607439206808,2020-01-16,31.0,12,0.2532712732947284,0.24305557353134,False,False,False,0.0909090909090909,1.0,0.0909090909090909,-0.0734846972840201,-1.303237416252572
KEYS,Falling Wedge,bullish,1,0.7541807456039947,3,26,1130,1131,2021-03-16,2021,1,136.39999389648438,136.51488359007135,162.36351535744848,125.99210237201883,0.5173846058135322,-0.0008415909721021,True,-0.0089442908745949,0.0005715375061707,0.0170270558950063,-0.0092796472214777,0.0407954129305752,-0.0448718242927893,0.0016552102976832,-0.0184381856150128,0.0304151724256216,0.0075670444892248,-0.0460907202598636,0.0018787517587,0.0530208501085023,0.0011770065348244,0.0306102632505993,0.1640693525185794,0.0493827607740067,-0.0127891488626699,0.0152845304292137,0.0029239841025332,0.0444825002324444,0.0063733850366833,-0.0257039786012141,0.0376832816689804,0.0338993766900919,0.0086979071299235,0.0177988039267873,0.0125589006330777,-0.004435061440043,0.1107042339486135,0.0184824802854739,-0.0613622828008183,-0.0442428613364617,-0.0603396753115222,0.0875649123131405,0.035356775512821,0.0012519542683304,-0.0201134645833586,-0.0478196954759692,0.0350877425316025,-0.040978666005315,0.0347917494946967,-0.0426680936261807,0.0467112382543333,0.0306086664614471,0.0318005034599515,0.0514663092858238,0.0051639434840151,0.0305487213339539,0.0555319820885491,0.1601738742287561,0.1656179535255002,-0.1112008063337206,-0.0096192925181829,-0.0408884697322169,0.1537973195186446,-0.0493370449094435,-0.0666277738455305,0.1440852764158526,-0.0813815468236019,0.0749321156497455,0.0262121401746056,-0.0150905050367564,-0.01970387830766,-0.0622286383235695,-0.035517199286099,-0.0053141744654742,0.0601522413571069,0.0327591945503009,-0.0071847197316063,-0.0381273146781397,0.0210494807603411,0.0522034148231433,0.1993749936421711,0.0616690166729911,-0.1126813748186574,0.1453416209406497,-0.0453291268184267,-0.2056024696093743,-0.0538176704214936,0.0716969807942708,0.0329482116597021,-0.1597630328860598,-0.0562409959923839,0.0566817402606891,0.0875139157238988,0.047484176968213,0.0429842907090209,-0.0916240619640035,0.0548487365804553,-0.1013880468302789,-0.0095522097413498,0.0919355506308794,0.0147109632193391,0.0054094750735893,0.0540508095424296,0.10837315467515,0.1178559835162407,0.0531829053607717,-0.1392428782137237,-0.1909804250679764,-0.0268667724796267,0.2586433553635281,0.2225809436477945,-0.1149693901425721,-0.0793769406099306,0.023048611740337,0.0977449680941826,-0.0824028444017926,0.0882796002139285,-0.1147253015539148,-0.1408983278759665,0.0967162776304995,0.0049641564674005,0.079866182581862,time,1190,60,148.94000244140625,0.0919355506308794,0.1000733853817661,0.019941358815363,1.2048558072924227,1.3115057092194669,0.2613402738017876,2.4945995449637817,1103,0.4935101991012184,6,0.0102817882102506,0.0712434505743264,-0.0857990909934143,0.0,-1.0552069683362464,-0.5616967692350333,0.8704312996125316,0.1608360443318128,136.51488359007135,125.99210237201883,162.36351535744848,3.865000043596541,0.1935410589459945,-0.0358613798132203,0.0281131812897076,0.4589832413226065,0.6471323494062785,0.0027027786155808,1.0,0.0092021823514978,2021-03-16,33.0,10,0.4171238356586209,0.1953919275892919,False,False,False,0.0,2.0,0.2222222222222222,-0.0806959474136742,-1.749865979394936
KEYS,Falling Wedge,bullish,1,0.7110243087164366,3,22,1178,1179,2021-05-24,2021,2,141.11000061035156,139.43125915527344,152.82374572753906,134.0333454788991,1.796781794763739,0.0120399217883317,True,0.0060945404764491,0.0076646755595871,-0.0089615225328062,0.0146378571017964,0.020013723137447,-0.0526213414460711,0.0494087637029256,0.0286332672614815,0.0342018056057724,0.0235421729387765,0.0137676503410939,0.0158857073102678,0.0179668015908787,0.0172206979755282,0.0445497875385412,0.0120374245804664,-0.0555228025661552,0.0616541134032893,-0.0024435499985726,0.0122339120397854,0.0352317335459773,0.0302423965629214,-0.009489389428218,0.0540713262689389,0.0494322225933645,0.0003323991752086,0.1101081604798877,0.0343332926432291,0.0074853111389932,0.0451893216576164,0.0525926189658083,-0.0249696800008621,0.0438642792321208,0.1051775855871655,0.004341769606502,0.0400870386356044,0.0502369406056166,-0.0098225434470274,0.0465259140452134,0.0056856213532721,-0.0445046604234793,0.1091468140901017,-0.0885948193381453,-0.0236000061035156,0.0508771751359191,0.0283466996169774,0.0670399452409415,0.0571331475775758,-0.0507804715240127,0.0295317742707235,0.0810055495222377,0.0605288806251291,0.1698691942635679,-0.0046535006829643,0.0555555555555555,0.1134120197493766,-0.0165830505342606,0.1486486385364067,-0.0374041501255908,0.0070707937825875,0.1509444720997179,0.0537605981662143,0.0530048162835434,0.0447508571173904,0.1713126451469739,0.0334403414735651,-0.0968590951942204,-0.0431535836190655,0.0208698309952978,0.1229537667668527,0.0857411575788429,0.057155409451699,0.1256771314107623,-0.0689488566733189,-0.0999490499441686,0.1982724141922192,0.2114832242453637,0.0928054630232977,0.1756580662621709,0.0020288297941719,-0.098121835937982,-0.0067715626127754,0.2125917508715364,0.1532931649994753,-0.0647344735508813,-0.1387499809265137,0.2908119967056555,-0.1271126572434386,0.0501475147547576,0.1429758887668528,0.2515273354640441,0.0549517781142063,0.1598044288443123,0.1115405733214176,-0.0252680333594296,0.1151600127780325,0.2912436759479744,0.1587780704468833,0.218829497678576,0.1626310515771063,0.1089509702773119,-0.049133467417941,0.0341720287619293,-0.0910079308261901,0.0663428606305804,0.1089461869821775,0.0663902912314289,0.2210863761684849,0.0240301721229678,0.0407070286971684,0.0793913917218012,0.0398176440939881,0.1118164806375625,0.0093659797157776,0.0751919144510027,target,1200,22,152.82374572753906,0.0830114454434223,0.0857487495654364,0.0092126925528653,1.6552657858265982,1.7098482091824254,0.1837030387392906,1.6552657858265982,1154,0.5022552145489592,5,0.0516816094181329,0.0610669694044136,0.1287207412416509,0.0,-1.1221541004687612,-0.6198988859198024,0.9005187540017232,0.0796653182280949,139.43125915527344,134.0333454788991,152.82374572753906,3.034572056361607,0.1247089170564037,-0.0067859924173239,0.0215523578877061,0.1936249927480005,0.28800048828125,0.0058713450087941,1.0,0.003735642169691,2021-05-24,33.0,10,0.2343135205248525,0.1399239269328969,False,False,False,0.0,1.0,0.1111111111111111,-0.0353619752717806,-1.0400586511138254
KEYS,Falling Wedge,bullish,1,0.7599236948767123,13,121,1460,1461,2022-07-07,2022,8,142.22500610351562,139.35201202978865,206.42840569840791,126.00893244179343,2.270395074397127,0.0206168108510185,True,-0.0256987071361884,-0.0015294931135017,-0.0089743199955593,0.0169731971400435,-0.0013586158964169,-0.0319082795969813,0.0108664160602409,0.0010818950147177,0.0028867716998561,0.0436172598191211,0.008517539036013,0.0117742066742272,0.0728139858563803,-0.0013586158964169,0.0215197315603767,-0.0146731848405726,-0.0192433911780732,-0.0003486773077321,-0.0441530154702441,0.0288562942460135,-0.0718781065885026,0.0728139858563803,-0.030589960945832,0.0785725949263469,0.0488259742541443,-0.0078960341142928,0.107678719231449,0.0028971120873924,0.0083019328567217,-0.0091055209212238,-0.0402075037026313,0.0582500471289821,-0.0229807633620041,0.0134723701693535,0.0922022140360128,0.0706666604066506,0.0046892600489316,0.0448230811392249,-0.1034903909455001,0.0505980779295638,-0.0657843047497319,-0.0899430594614455,-0.0082464704110057,-0.0352808920185218,0.0856700530655856,0.0707568655056714,0.1813675307573616,0.1119067364562382,0.1383070173351805,-0.048130432184555,0.170814416244563,0.089524436193435,0.0484362011697911,0.0207735105768458,-0.0596306540749289,0.1960814232920418,-0.075281405497673,-0.0144231012754957,-0.0316320527432631,0.0013311830466571,-0.0253536357616811,0.074102736013589,0.0380394219804771,0.0439210425657445,0.1120660955255681,0.1533416035763575,-0.1754792841130518,-0.0742433667470113,0.1522392730012321,0.1535242785589052,0.1298973722256005,0.0331182992586525,0.1178231963105425,-0.0125527360092942,-0.0958828647688925,0.006340349938247,-0.0378761726266673,-0.0256546619573944,-0.0381032297526698,0.0900956874899221,-0.0840352710082105,0.4649174271902572,-0.0307505163460991,0.011288794380732,0.0214133743341198,0.1444542396278454,-0.0109182356192752,-0.0548941464541323,0.0205681540749289,0.1276971075861528,0.0599810042909465,0.1181727885619197,0.1064158471248033,0.1803250418632785,0.1120561640793784,-0.0904552940103887,0.0469980284472792,0.0326674649526865,-0.1081720167590726,0.0484269544640727,0.1739034930739482,0.1128570000855988,0.437046745380526,0.1808045509565083,0.1736933828381761,0.0824149047668592,0.075629639289811,0.0046376452778804,0.0750137322827395,0.1756353853895771,0.3505425249456437,-0.0887756080083836,-0.0641780132206424,-0.0169616433171191,0.0207265950790493,time,1520,60,157.36000061035156,0.1064158471248033,0.2703110593466825,0.0354720563278616,0.9333328660538756,2.370795352032628,0.3111118963182226,3.9592444468505033,1331,0.7180599658388274,6,0.1146125529967858,0.3341075439018737,-0.2230614548240642,0.0256410256410256,-1.2095984897198238,-0.4915385238809959,0.3350941865008427,0.2570694965927658,139.35201202978865,126.00893244179343,206.42840569840791,4.031142098563058,-0.1349745408121628,0.024458366511098,0.02819177525492,-0.2754863951613496,0.6534965261995974,0.0073671325175812,0.0,-0.0603013766132842,2022-07-07,31.0,8,-0.3177150440826147,-0.1867661148408063,True,False,True,1.0,2.0,0.2857142857142857,0.047900913300716,0.7007813024170922
KEYS,Falling Wedge,bullish,1,0.6900997465631781,3,24,2048,2049,2024-11-06,2024,0,162.50999450683594,154.06444803873703,166.59777323404955,148.40613797344758,1.7904067977292604,0.0548182697281036,True,-0.032059514067973,-0.0389893192027609,-0.0147874169986016,-0.002512097934594,0.0257736393716805,0.1390662247494161,0.0118521838468459,0.0365203337935822,0.0521899141316239,0.0577198002752512,0.0262205096671002,-0.0056781609527361,0.0124378319276874,0.0103750834813867,-0.066970580325929,0.0337084925707973,-0.0487661980963373,0.0081179692212975,-0.0330079490593385,0.008517539036013,-0.0104582018298186,-0.0123058418965429,-0.0434601678169122,0.0182758065417212,0.0226261425776559,0.1110943544905169,-0.059314645292235,-0.003591739268726,-5.813209526150942e-05,-0.0596960648195364,0.0235227238048205,-0.0163153378120166,0.0456291040631653,0.0341820106847001,0.1657639975221523,0.0563953310944314,0.1900283706261274,-0.0189937375626474,0.0201096140781804,0.0039177552243325,0.0871756201950744,-0.0590672975246101,-0.0003325096800714,0.0211164447926739,0.0736755464777545,-0.01248626390822,0.0438127537791348,0.0209153780667128,0.0332257670740927,-0.0318987443101348,-0.0955197161224468,-0.0980037779571669,0.080698397422136,0.0058670242302902,0.0040850688085873,-0.0372922985877299,-0.016496853106211,0.1278259945475133,0.0033030257593378,-0.0052628274575192,-0.0042417773656987,-0.1251111348470052,-0.0509325002701943,0.0741271759144646,-0.014639536085777,0.1558141094124798,0.0103724260684248,0.0139200230258862,0.0423207614714684,0.016860535264179,0.0096376016878441,0.2045105610833038,-0.2361845916796922,-0.0385770481712609,-0.0135928073029897,-0.0666921514386406,-0.0879979019386689,-0.1290501393405042,-0.0683203717014191,-0.2621185777328992,0.0245310048790448,-0.123650807629514,0.0663264549108295,-0.0231892886786566,0.0271142270560433,0.0218089106940373,-0.0647344735508813,0.1276855822464819,0.0819560494943314,0.0076004017134736,0.1712870125775174,0.0359249329896822,0.0923636100731859,0.0701516360839944,0.0746330512728605,0.0759046157385714,0.0420031905720899,-0.1344033765856491,0.3223431426186902,-0.0283944775626227,-0.1068518120794419,-0.0859884947378299,-0.0745035881919915,-0.0678365607464326,0.2827388375356343,-0.0274143090015791,-0.0723957138415282,0.0639807528225777,0.0662125205093602,-0.0318855234591899,-0.0926470289043353,-0.099783833818446,-0.0979594445248522,0.0621705757555111,0.0888674839046161,stop,2057,9,148.40613797344758,-0.0867876254392161,0.0231985994701535,0.0899328701519353,-1.0,0.2673030786676061,1.036240704787136,0.2898341115096097,2024,0.4875626863097219,5,0.0833089698646844,0.0509961217549006,-0.1756723702036901,0.0,-0.7658922738655013,-0.2783295875557856,0.7091819303086974,0.0882250973358167,154.06444803873703,148.40613797344758,166.59777323404955,3.412142072405134,0.0927032656537083,0.0524255900967627,0.0210821250771087,0.0732758808231934,0.8664876079445528,0.0377687786594864,1.0,0.0240841338731268,2024-11-06,17.0,11,0.1925476313868579,0.1280480015829654,False,False,False,0.1,0.0,0.0,0.0473618074337927,0.7738135345370407
KEYS,Falling Wedge,bullish,1,0.6307463681606066,3,36,2481,2482,2026-08-03,2026,1,335.0,313.98437237483085,387.58929771505154,293.7740526986845,0.8745093555885828,0.0669320815753242,False,0.0012238915286846,-0.0150784162089294,0.013969601621647,0.0200308639774153,-0.0449224412292341,0.0069903031136224,-0.0201606166055005,-0.0292957973194646,0.0122008253020684,-0.0115492197721328,0.020639212132623,-0.0251447549806409,-0.0156337936510996,-0.0720689868361557,0.0243991163840335,0.0059748235738501,0.0327008865123792,0.0779145247384347,0.056938045946054,-0.0136612027553372,-0.0388323716393707,-0.0103585048771904,0.0017173658468845,0.0780596832730877,0.062230728393509,-0.0054822890933619,-0.0409733777648758,-0.019548918071546,0.0124022400264283,0.3440449054086671,0.0560465080793513,0.0659627716507094,-0.0052097058181799,0.0114074219089583,0.1521991682863486,0.0597187321190648,-0.0837733786991351,0.0539835372167716,0.0019985469271623,-0.0202222188313802,0.1465736938434561,-0.0561386137719385,-0.020757617372455,-0.0945823359670047,-0.0196304941442636,0.0511587544764489,-0.0367163814715485,-0.0451567307464175,0.3682210456681023,-0.0169404482269392,-0.048130432184555,0.0890730983239822,0.054141668408407,-0.0432161110729426,0.1287548418185318,0.0165993741623748,-0.2240416317145304,-0.0823381714550719,0.000461904344482,0.009578560394299,-0.0225254431036272,0.0115504042401151,-0.03364030321823,0.0229008026297921,-0.0536684379094256,-0.0090978034254711,0.0536379021877779,-0.096116628253311,-0.0429765910522365,,,,,,,,,,,,,,,,,,,,,,,,,,,,,,,,,,,,,,,,,,,,,,,time,2512,31,321.42999267578125,-0.0405074845499067,0.0937612049615205,0.0840239112056904,-0.329161807369451,0.7618988942215792,0.6827741288314342,1.2756358836507182,2444,0.678593189917172,7,0.1428805597074967,-0.0231947992936255,-0.2465382231269389,0.0,-0.9682163397038692,-0.2896231497866933,0.3917682323922488,0.2166302385736405,313.98437237483085,293.7740526986845,387.58929771505154,13.7750026157924,0.1938026247122053,-0.0328358799302828,0.0427941283945611,0.4879582671099918,0.8059114309114309,-0.0061112629168658,1.0,0.0085054218987581,2026-08-03,24.0,11,0.5416923335111996,0.3049241237050393,False,False,False,0.2,1.0,0.1,-0.0370769718897638,-0.7515076751559325
KDP,Falling Wedge,bullish,1,0.7410254959642005,3,33,729,730,2019-08-12,2019,2,24.00779154104543,23.65870191205653,26.001515355101624,22.879241229648542,1.2575374237716632,0.0147552317234702,True,-0.0210158158638269,-0.0369678146319323,-0.0133465706987807,-0.0069775203270548,-0.0366400497102832,1.310518049635334e-08,-0.0261962970436414,0.0230441961843903,0.0056560527339659,-0.0089949293007618,-0.0402398832669154,0.0165624709850773,-0.0354299255387056,-0.0011512234462356,0.0104860927202052,-0.0587646046087936,-0.0113809708559542,-0.0153488632320433,0.0222126054318836,-0.070714169564652,0.0152063696313879,-0.0322169589315938,-0.0078041075771607,-0.0633975689947612,-0.0643010226200175,-0.0644797020990533,0.018505430661484,0.0087904609154061,-0.0589582351478159,0.0161442669645468,0.0175021139941873,-0.0270675432409882,0.0140994341561604,-0.0335762264530206,-0.0261767185763447,0.0018075435818798,0.0525033802927166,-0.0030903851709183,-0.0656748093299153,0.0027726480322343,-0.0014249652838497,0.0381868352016006,-0.0197084535919224,0.0098973283964756,-0.038353602561287,-0.05548250903184,-0.0486866733116017,-0.0847956103188424,0.0203529616169853,0.1010178323903481,-0.1335751784074186,0.0385250759203117,0.0059205988240356,-0.0531452718132123,-0.0253894220916061,-0.0447516887034645,0.0286490129600347,0.0661368042083279,0.176903017282076,-0.0383146641475748,0.0025307408737338,5.729358238970583e-05,0.0004321722788709,0.0717302520606524,0.0387913777719259,-0.1979681181240108,0.0229676616440723,-0.025974972371902,-0.0514314475993304,-0.0514554036106745,-0.0588315089189607,0.0442151948415252,-0.1479934105386015,0.051081062722424,-0.105352259369889,0.020265703390506,0.0612431066285867,0.1096768588985319,0.1076060239546958,0.0325813719436076,0.109874846313331,-0.0381018353283399,0.0616936966724013,0.0289387982709352,0.0581639149636119,0.171688180163049,0.0174445053933216,0.1152858359854034,0.0930496761276213,-0.0597674794561343,0.041979951901931,-0.0901340907846005,-0.01271049888435,-0.0846776818847803,0.0081562029426058,0.1014644842484266,0.0626063316922218,-0.0146968316286362,0.1865352740647015,0.1828844674068703,0.1291547299300814,-0.0235247235079301,0.0521243513821678,0.0686762842106227,-0.0401005119254629,-0.1255627839288757,0.014853531844144,-0.0291201276763545,-0.1734088446225654,-0.1041149272691106,0.062732491900691,-0.053179626878018,-0.0607776500266947,0.0915674451596169,-0.0295239772502751,stop,738,9,22.879241229648542,-0.0470076687173595,0.0126094788081202,0.0672505819123892,-1.0,0.268243015494697,1.43063001734341,1.7666237773559377,694,0.6428205778502675,6,0.0893713296950861,0.0547144818908211,-0.1334566725353365,0.0,-0.9824875356980416,-0.3396669578477768,0.508503310425829,0.0901705441361647,23.65870191205653,22.879241229648542,26.001515355101624,0.4661012551057456,0.0490491092827165,-0.0026610077326026,0.0193670997251657,0.0263366767333068,0.206350551919156,-0.0010312139669609,1.0,-0.0421612322193815,2019-08-12,56.0,11,-0.0079005765225136,-0.0039181568461649,False,False,False,0.5,1.0,0.1,0.0274135190085307,0.2142933055287879
KDP,Falling Wedge,bullish,1,0.610472003611702,3,15,768,769,2019-10-07,2019,2,23.152987534036733,22.816509257295905,24.00218222458664,22.271834416147804,1.2763909915619245,0.0147471408946235,True,0.0007306691976878,-0.0161399243072526,0.0031558263213813,0.0220947717923436,-0.0025932215780366,-0.0169308608050784,-0.0010848569934922,-0.0042900429577151,0.0371736128311215,-0.0071681570600383,-0.0302756092252224,0.0318642143362672,-0.0132962879726853,-0.0875837571623272,-0.0328739756744133,-0.000858432662709,-0.0108146192809531,1.3510983687403666e-07,0.0175763890993665,-0.0028796418210836,0.0044983431782712,0.0092378942107964,0.0049830830134063,0.0040174759495197,-0.026734482996956,-0.0058187102076687,0.0041049063714018,0.0301541707680865,-0.0002997509643434,0.0211132762454173,0.0229184290401744,-0.0555711480879865,-0.0242559943089483,-0.0166792960887202,0.0021503154759774,-0.0103791351372094,-0.0189674115042044,-0.0324119698619286,0.0271995937814639,-0.0032221606554976,0.0056480875617193,0.0373198177715843,0.0068047260016177,0.0577061293001011,0.0562119678745407,-0.0011688162192591,0.0178965689948265,-0.0382125800829467,0.0073941372463821,0.0089837515593611,0.054166689347513,0.0253407930711393,0.017374567255155,-0.0289745164880255,-0.0113917248563032,0.0342266313048404,0.0829397840418526,0.0641930768552265,-0.0014341229359068,-0.0008359187798875,-0.0693196756884197,0.0569620147600642,0.0364673861005611,-0.0312669408320201,0.0059225702659893,0.032974540001883,0.009114578574813,-0.0113917248563032,0.0038242741974307,0.0956906171463807,0.0320911026973194,0.0293078198946425,-0.0352792380096436,0.1363469115990918,0.0263766002063932,-0.0785338128313872,0.2177418410759739,0.0361079555021315,0.0215968551584391,0.0169493511317322,0.0187686842510339,0.0096670720930149,0.0346388260101482,-0.0006582317743755,-0.1747312419479113,0.0255149159425052,0.1202055321314865,-0.1616611385602668,0.0232560783348547,0.0477815359985818,-0.0646832118785001,0.0832549619299834,0.0551386152711919,-0.0665877297525616,0.0181223674882835,-0.0759571201985471,-0.0673233185905799,0.0961123463683581,-0.0859656187041075,0.1610136172537835,-0.0983007784301023,0.0022334067370288,0.0395048047321862,-0.0752739107650443,-0.0234114310556551,0.1569761863983609,0.0245028719905757,0.1047229677840815,-0.0994637425904432,0.0258044012881855,0.0612197736968067,0.0319163894472602,0.0765367120558944,0.0006395682577262,0.0414581406129892,target,787,19,24.00218222458664,0.0366775427707342,0.0383491785810033,0.016435312979689,0.963731130617132,1.0076546693198447,0.4318507065473483,0.963731130617132,751,0.4066527921577731,6,0.1221610545843568,0.0087526420100843,-0.1460721632122794,0.0,-1.1465021566878462,-0.739849364530074,1.2951602726761091,0.0414981376850033,22.816509257295905,22.271834416147804,24.00218222458664,0.3596064457718123,0.0027710856674652,0.0030418726737324,0.015475230150777,0.0059408558247404,0.3600006103515865,-0.0032598117605376,1.0,-0.0126314278984752,2019-10-07,56.0,11,-0.0260332734700862,0.0197969189019484,False,False,False,0.2,0.0,0.0,0.0447392241217426,0.4834056176128507
KDP,Falling Wedge,bullish,1,0.7380132690836829,3,31,1521,1522,2022-10-03,2022,0,33.44500960805251,32.99160797980966,37.0152643645678,31.709006411990543,1.4380862813796211,0.0137429381593139,True,-0.004577133395984,0.0286669330674005,-0.0249022214606171,-0.0111929496964534,-0.0163496093309944,0.0284498935471335,-0.0022439233940459,0.0865023099452055,-0.0011392407767555,-0.0228039634726823,-0.0315398698827463,-0.0203206984758224,-0.0104604554497268,0.012205124294556,-0.0149662706051264,0.0294116600044864,-0.0508884721084501,0.0092563476190064,0.0136023926834505,-0.0134940184774442,0.0367648514600218,-0.0088781996341189,-0.0039277677354278,0.016693575947686,0.0316777371485579,-0.0093148842658824,-0.0036184907823759,-0.0574935023234415,0.2492444282151564,0.0337174612333217,-0.0052353361324456,0.0311283211990571,0.0012594624454025,-0.0105151362356301,-0.0351134126768529,-0.0516355743187635,0.0198748683441469,0.0130641281963168,-0.0426667184561591,0.0316275889184587,0.0602812860103072,0.0285627679542386,-0.0129917461612297,0.0273501999308911,0.0101614117654851,0.0028092198046859,0.0457728639870274,0.0086894544161539,0.0254135896302185,-0.047846727653128,0.0986844748529418,0.0555032068144631,0.0767462051391354,-0.0393835009435157,-0.0020566598016732,-0.0076111743806964,-0.024581484174582,0.0212376008956896,0.1090553166812848,-0.0306273684107288,0.0153583288680012,-0.0073883671076835,0.2061186104964654,0.0558839821528089,0.0219341298549196,0.057637802993439,0.0921006897304015,-0.0022883196254955,0.0120783471864141,0.0258481624023383,-0.0354566884198583,0.0553889507237141,0.0451318492808321,-0.0206806670058781,0.0324415130876514,0.0668668121352413,0.0567064159290038,0.0744247895586163,-0.0038745123229084,-0.0626449134355737,0.0273915645532323,0.0308457036418161,-0.0345729700089857,0.1940199186269218,-0.0805327294373163,-0.0169460665366035,0.1312657412162772,0.0565696109810105,-0.0737049630518968,0.0026711966714207,-0.0528359847184183,0.0044515994079304,-0.0368877069036701,-0.0529711707330742,0.0471619130967613,-0.0816656068221697,0.1962351065804892,0.0241545864998904,-0.01998413621819,-0.1214385476857509,0.1962351065804892,-0.0489015161974847,0.2353532706437779,0.0463140078236539,0.0654607165438179,-0.0848425130467946,-0.0594624397149249,0.1116734426255527,-0.0629340715310219,0.0269002701274527,0.0743662414277501,0.076698517527616,0.0524618457417065,0.0410734080228349,-0.0726306870049429,time,1581,60,32.211299896240234,-0.0368877069036701,0.0697361079290162,0.0455033998615641,-0.7106609680275254,1.3435025955049489,0.8766467993960688,2.0565945757555237,1490,0.3725206981435011,6,0.0279442349825963,0.1076369699907611,0.363613462066864,0.0,-1.6648778943086326,-1.2923571961651272,1.424632539756658,0.0608893712080791,32.99160797980966,31.709006411990543,37.0152643645678,0.6981370252492126,-3.9833041665438e-05,-0.0316377723038717,0.0210270393201822,-0.0253891032501769,0.9636354808952776,0.0030707160325478,0.0,-0.0615033523532709,2022-10-03,42.0,11,-0.0811515852573518,-0.0638962829294031,True,False,False,0.6,1.0,0.1,0.0042041789193299,-0.1569829132762706
KDP,Falling Wedge,bullish,1,0.7484292697876945,5,47,1611,1612,2023-02-10,2023,0,32.00267696881312,31.633896552095564,34.99703662891298,30.98528225921825,1.5080742392319924,0.011657761354509,True,0.0093377466096298,0.0129097132847075,0.0042139859070173,0.0129547964808627,0.0113357567469634,0.0001117546489817,-0.0029100578885149,-0.0197840961038867,0.0332633727231967,-0.0748681448009811,0.0047228203418256,0.000363453590394,0.0137639485501168,-0.0018592028210222,-0.00167751805022,-0.0008382315249987,-0.0360958457835699,0.0184375047683715,0.000363453590394,-0.0421321320791139,0.01998842172537,-0.0339909081374355,0.0140695900154422,0.0008488479861337,0.0277374989192246,-0.0737280173819101,0.0125282154585355,0.0964945057820731,0.020504350495782,0.0503623503455161,0.051595821128699,0.0140691243085191,-0.020421348030375,0.0119510714069404,-0.0112454297335197,0.0585585078060924,0.0374657387268371,0.0733333282165922,0.0236859018834088,-0.0091677072239515,0.0068222222978067,-0.0053520453551048,0.0730608988335683,-0.0107573163952504,0.0356576125986249,-0.0209220412723105,-0.0308432706602665,0.0263107013133108,0.0047058535720909,-0.001648507655335,-0.0829803452747083,0.0320089722308516,0.0103385474177446,-0.0242236867365749,0.0203529616169853,-0.0277704854172944,0.0250938841748342,0.0247232309634273,-0.0543219385529459,0.2221426300822533,0.2676551393073918,0.0385250759203117,0.0407306125064004,0.0667845394261135,0.0437936088645241,-0.032161951009741,0.0267696412447469,0.0028942091714614,-0.0610138702528934,0.0031383092850201,-0.0031343224306776,0.0590091719423266,0.1363469115990918,0.0582946717317724,-0.0251517508663892,0.0796099038052471,0.0719843795806938,0.0464059016338134,-0.1694761748891621,0.0866481851626148,-0.0166088838571524,-0.0692035998871749,0.1047969096465168,-0.0627367636649117,-0.0930323360460085,0.0281424598240456,0.3249702854402034,0.1317180220008835,0.1229379923190538,0.0085242749403011,0.1063921119047628,-0.0433402743310063,-0.0691445742865546,-0.0783890688855175,0.0791595551649038,-0.044439873832401,0.0059345186478945,-0.1174808186719006,-0.0810951249393432,0.0982301039110353,0.0381944899751649,-0.0045861163134858,-0.0644017963804569,0.1385000929249815,-0.0410728307644725,0.0008419961553336,-0.0098880343653378,0.0114958548345385,-0.0210250062469223,-0.0943855838390507,0.1108561697925711,0.1138638825274036,0.0728352084811492,-0.0435602700472759,-0.0765433951372711,stop,1623,12,30.98528225921825,-0.0317909251962368,0.0251836700688001,0.0376344732969599,-1.0,0.7921653715124101,1.1838118288364523,2.9431641740030585,1564,0.7062356506422505,6,0.0996040232761557,0.039720837460333,-0.1214451855737703,0.0,-0.9715940646848238,-0.2653584140425707,0.265324145650161,0.0886671039951,31.633896552095564,30.98528225921825,34.99703662891298,0.4825368714447869,-0.0353803323700903,-0.0192881938413236,0.015103661360004,-0.0857747324943047,0.8923077825967065,0.0048751577698917,1.0,0.0279121994487059,2023-02-10,13.0,4,0.0306243847987068,0.0553113546739789,False,False,False,0.3333333333333333,0.0,0.0,-0.0015645360667799,0.05783947802026
KDP,Falling Wedge,bullish,1,0.695557497413293,3,34,2402,2403,2026-04-09,2026,1,26.27285936017897,25.38811057700121,31.752078196700097,24.513722239621927,0.8374020213319661,0.0348489416136086,True,-0.0158729664031472,-0.0457267867530789,0.0039001512140746,-0.0172090200925882,-0.0200823563537949,-0.0107166592059522,0.0046935480082137,-0.0069153622762344,0.0092402205354846,-0.0771869684188245,0.0144649161966194,0.0346602778762517,-0.0241002564194813,0.0220332718994777,-0.0121120777545684,-0.017555242494408,-0.0231421948204676,0.0105656508845943,-0.0118483885720136,0.0399519210070484,-0.0453246371875136,-0.0327505155741255,-0.0079012803257368,0.0782313405280858,0.0384115263569007,-0.0333900207432946,-0.0184086240192425,0.0547211574223778,-0.0254144297643025,-0.006177116039757,-0.0022567014646496,-0.0204427775467368,0.0338541524375282,-0.0058187102076687,-0.0270864891864235,0.1546173973906341,-0.023459417818725,0.0323717313868721,-0.0047988061648372,0.0615679901734897,-0.0259343776813598,0.0031659280677911,0.0120482380919646,0.026674334943308,0.1051218301219241,0.0636835760581412,0.0778533970067396,0.0040847889015231,-0.0139506297597877,0.0073941372463821,0.0461740635351228,0.0334888149986463,-0.0545212096256512,-0.0568011673667779,-0.0098631311806394,0.0383066466140302,0.0379860850586302,-0.0052682275884491,-0.0439664521465886,0.0885282299271921,0.0151363492554759,0.0711567077244479,-0.0792180704159758,0.0358201505884472,0.011352834575723,-0.0554839885839946,-0.0020989352716802,-0.0782558800111922,0.0785575806280716,0.1538171408901496,0.0712861427487467,0.0127129091716402,0.0531561533892654,-0.1447761830336575,0.0493356854260056,0.0693862457614353,0.1237351273111004,0.0223689672570479,0.1825984089857428,0.0135133419621844,-0.1426452878326223,0.1204661981884207,0.2082771145109847,0.0899574862315466,-0.038405758654766,0.0075328227294908,0.2294110328938696,-0.1616611385602668,0.0638122706689139,-0.0828131038812224,-0.0103986179023918,0.1205389571590135,0.1985752802698996,0.0983047556454013,0.2360118036917915,0.0476718406097509,-0.2260528508226466,-0.0279175485504572,0.0181223674882835,0.0250535179825248,-0.1554937772765515,0.1253838244296743,-0.0350301489294417,0.049375349099193,0.0694214151386081,-0.0243638915942459,0.0878745898756934,-0.091242253721047,0.0002153321960352,-0.0301141400584309,-0.0080485018501519,-0.005915903789329,-0.0016555185115866,0.1312291938979948,0.1893490453046166,target,2445,43,31.752078196700097,0.2085505335146666,0.2199545944966244,0.0340136342946175,3.1147195818289,3.2850401820894457,0.5079964601440912,3.1147195818289,2367,0.6959658813717985,5,0.0145141678263282,0.0489560759799638,0.000889108384334,0.0,-1.7846901463231404,-1.0887242649513398,0.3523313366067802,0.1170168049906513,25.38811057700121,24.513722239621927,31.752078196700097,0.6583782684737101,-0.0719089371626446,-0.0455186120873341,0.0250971937357425,0.0609564753748828,0.8631586132956413,-0.0092879406674739,1.0,0.0080386194858386,2026-04-09,7.0,20,0.0072882979171566,-0.0111845557648523,False,True,False,0.3157894736842105,3.0,0.1578947368421052,-0.017985138580571,-0.1550130946691382
KEY,Falling Wedge,bullish,1,0.6322422417242746,3,31,968,969,2020-07-23,2020,2,9.271105614844656,8.817876165055026,11.262635242726816,8.195352506116436,2.541692136047227,0.0513989356740758,True,-0.0200643591026555,-0.0294428807801246,-0.0474383760715674,0.0135383474343218,0.0239638937816535,0.0168067994743741,0.1387722029571596,0.0042429938993016,-0.0023243243554266,0.1901743601178325,0.0398359359762476,0.0393425406007514,0.0354036471077514,0.0010190041840651,-0.0139116381151819,-0.003445012137864,-0.0070209137134901,0.0089331941069021,0.0293465480019066,0.0146674134206366,0.0400412097543254,-0.0966827268420124,-0.0413276140817399,-0.0224719195709293,-0.0641603057750501,0.0580061177302813,-0.0246112135595603,-0.0187652914342061,-0.0043643804269384,-0.0713200728297603,0.0155456314398203,-0.0038271683832353,0.0136463811646938,-0.1165878528675427,0.0098254514782769,0.0292241251887761,-0.0222682696086712,-0.0059264093544046,0.0999998396417634,-0.0356774282938097,-0.0144760631104761,0.0078808934404257,-0.1761467892304563,-0.0026561276445056,0.0086693253704597,-0.0097804545064758,-0.0377207626120454,-0.0917165427102892,-0.1364276557271068,-0.0402404640004609,0.1137101975931578,-0.0454119222005704,-0.3169667247354624,-0.0260097290176826,-0.0064936052453233,-0.122413860061177,0.0450230104972759,0.1731025988783483,0.0204007644074406,0.0460162689232617,-0.0514511614607238,-0.0131320413547988,-0.0503409755056688,-0.3090682477865127,-0.0970893473244622,0.0734658039400943,0.0915365914468795,0.0126507719585986,-0.0057637762733008,0.0301731626498051,-0.004173471104752,0.0890616115541316,-0.0869967924668472,0.1486401032074518,0.0034590840700399,0.0037178803125912,0.2165253061110479,0.200933294151433,0.1328944923300614,0.4488155961512845,0.366579342711923,-0.1487790161242861,0.0315661173742958,0.1198727385058886,-0.0897503054614092,0.1120014422149524,0.2423488225177479,0.0643528739482386,0.1283515429530217,0.2423488225177479,0.0024529224412412,-0.0812466313012226,0.0529752959120215,-0.0334252362118354,-0.0661152435846389,0.0248652605982317,-0.0532601190588791,0.10965874960533,-0.2425782136195832,0.0399108782915023,0.094044465823506,-0.1520446057822884,0.0840498769834734,0.0421657987932264,-0.0057536551655965,0.026547163937364,0.0275717807809197,0.0042422590992965,0.0421701254318189,-0.1493159482383983,0.1316486035923949,0.0086373849636731,-0.0249714264674112,-0.0127330358947732,0.0565382909075631,time,1028,60,9.762245178222656,0.0529752959120215,0.0920648953616449,0.0773231932030978,0.456554166000633,0.7934379751191334,0.6663903500222839,1.8512887499219892,935,0.6544343839216826,6,0.1940769653969118,0.3914312115301608,-0.3311564494410921,0.064516129032258,-1.2304134466001704,-0.5759790626784849,0.4787455538089232,0.1774883022211538,8.817876165055026,8.195352506116436,11.262635242726816,0.3943565565865526,-0.1739373789840422,0.0232087445870368,0.0427074661985585,-0.3569796095860726,0.8644069440403456,0.0025062902733001,1.0,0.0620540313635864,2020-07-23,5.0,15,-0.2867288427305905,-0.1269707731500505,True,True,False,0.9285714285714286,1.0,0.0714285714285714,-0.0374265941443467,-1.120997611059846
KEY,Falling Wedge,bullish,1,0.6978590397621708,3,31,1214,1215,2021-07-15,2021,0,15.771373510474394,15.595873368502891,18.14148069077932,14.797242815675432,0.8877708710506574,0.0112529858267467,True,-0.0640392919576755,-0.0627778943759653,-0.0074232576179534,-0.0055694974305359,-0.0005513586492637,0.0369717793233543,-0.0378864656169261,-0.1063829658883718,0.023751550660938,-0.023383774965917,-0.0234013231497046,0.0950920721972607,0.0010190041840651,-0.0078874744266463,-0.0191733370603377,-0.0208334630805596,0.0267076400864034,-0.0145921575667582,0.0,-0.00515172276326,-0.0339683715779447,0.0183744463754522,-0.0588248581093402,-0.0211819860513345,-0.0318237726071589,-0.1593485267252717,0.0675510256400879,-0.0336134347245825,-0.054945009884623,-0.0765515892383913,-0.1437944001771456,0.0553830805857697,-0.0157103540971553,-0.0143265324859827,-0.0018930126333713,-0.0393157247106834,0.0171607024856021,0.0319634358448226,0.0871930343315727,-0.0216919298082984,0.0347491667421124,-0.0005668830625,0.0576438212598922,-0.0043475630347511,0.0046883294031319,-0.0106933678368463,0.0261082191465609,0.005237000327888,-0.0750245029668748,0.0579759143594051,0.0100143857663876,-0.0519445761248683,-0.1326278380404609,-0.0505463518288464,0.1439428576797456,0.084192285385207,0.0208281319110474,0.0803736099259531,-0.0378891648238353,-0.0187902440270054,-0.0309698687608185,-0.0391069060149462,-0.0647547165240517,0.1452167432633786,-0.035294073489368,0.1456789365450059,0.0457464175073563,0.0577891002172228,0.0133677121485792,-0.012436217820484,-0.034064257061778,0.0281324582764304,-0.036812448889572,-0.095796916647079,0.0765873283263338,0.0094810494424348,-0.4226352928506455,-0.0432900464272415,-0.028175827118347,0.0013822328722536,0.0720739625519317,-0.245172118376446,-0.0266272257401195,-0.0405264927665574,0.1827222317480821,-0.131391213877112,-0.0075235136787787,0.0989841667612061,-0.132117043190222,-0.08098215546561,0.3272758726191147,0.012284331801013,0.1416371610864875,0.1341768510806542,-0.4470530967296908,0.031416480366347,0.0163975923113897,0.0285965266088599,0.1538610796900452,0.0941299045719641,0.3169943782690367,-0.0282272911376766,0.1875960302860633,-0.0172331873312293,0.1428707962354127,0.0311353662942255,0.0642777329760539,0.2262240534350756,0.1089728354872254,0.0670416813375167,-0.0482981053283658,0.1193813728761059,0.2607796945485094,0.1016309316978036,0.0711124222632538,stop,1216,2,14.797242815675432,-0.0617657488202916,0.00197048852368,0.0960588034845862,-1.0,0.0319026088295832,1.5552115099271415,2.43304845331258,1183,0.5978745776947777,5,0.0454325334169981,0.1411662229495125,0.0912963006718177,0.0,-0.9732965024159888,-0.3754219247212123,0.5107279020529375,0.1314031300072193,15.595873368502891,14.797242815675432,18.14148069077932,0.4361822534305264,0.1025617825614617,-0.0724094283023788,0.0278486330493307,0.0915358404782296,0.7301582495965847,-0.0095044348832126,1.0,0.0333141979470217,2021-07-15,12.0,16,0.1743982124962271,0.1585331576295328,False,False,True,0.0,3.0,0.2,-0.0448840529088954,-1.3926414538995049
KEY,Falling Wedge,bullish,1,0.8784993376993914,5,86,1434,1435,2022-05-27,2022,1,15.697864710416722,15.615461614114494,22.500805972399466,14.243896208577056,1.5558097497599277,0.0052770195552684,True,0.007688499746147,0.0119441877338081,-0.0208077978075398,0.0678276568807452,-0.0256276816735671,0.0403299354514874,0.0755776064043662,0.0298602616464953,0.0160528872644862,0.0105989790038314,0.0048128438818098,-0.204968769533037,-0.0182671368678228,-0.0021581733600258,0.006295840903626,0.079834736983771,0.0646774857259833,-0.0438755866902735,0.0033223216216549,0.0096983217565482,0.0005607552519923,0.0067341515954975,0.0026645678241455,-0.1086621061253825,-0.0154449413537096,0.1718964596880625,-0.028121822542212,0.0159670745609112,0.0147233536342168,-0.0524553046320088,-0.0024988673959283,0.1465932061081514,-0.06228892334886,-0.0140921350548722,0.0161111666262852,0.0372039827861068,0.0013074610226719,-0.1112026892463465,-0.0961856075472601,0.000969919123257,-0.1086621061253825,0.0145630548379414,0.009947255089016,0.0604622748218115,0.0717300107222624,-0.1129604942817737,-0.0973858945636266,-0.0218069227782531,-0.0370234092612991,0.1953521777315447,0.1254898208290396,0.0538216813984688,0.0254544502197935,-0.0012119433467709,-0.1046511001975025,0.0572645757948673,-0.0240643444451933,0.0310748542371792,-0.0179738202014483,0.003466524678072,0.0145578938681412,0.1639301638848485,0.0646399382381062,0.0494761355825612,-0.0049052675301632,0.033261490858498,-0.1149400222924611,0.0080528442325342,-0.1234395267775674,-0.0763709792505621,-0.0503097667442928,-0.0151290935294192,0.0695703614892726,-0.4576693086709804,0.0166101598271579,-0.2316313272305228,-0.0345838370571841,-0.0714375736496788,0.0623866319210397,-0.0356634615386567,-0.018775150915362,-0.1203450178878243,-0.1300902816026996,-0.1425281914187376,0.2245013510542841,0.3821135929285428,0.0691459723016347,0.0238328557420168,0.0523764134072939,-0.1327818010161471,0.2484725147836046,-0.0642897196974438,-0.0389542188224212,-0.0435653200960512,0.1423974055973136,-0.1699135746797673,-0.0544739465463245,-0.0556453195711246,0.0765644026811653,0.1946164156637733,0.1202432734306162,0.2134734143825269,0.1892802955786114,-0.0222251813126421,0.0201297716929971,-0.1025680090744401,0.1404092367098806,0.0181427863786078,0.0392032507140744,0.0538509070509489,0.1744266263290002,0.2432581974790075,0.143449404287123,-0.0649104274188474,-0.1039396652910462,stop,1444,10,14.243896208577056,-0.092622055843993,0.0312660483441994,0.1225010910433115,-1.0,0.337565907593997,1.322590930713574,4.678878017904215,1347,0.5698082470863743,7,0.0606503223187506,0.1551157077169218,0.0384894110938653,0.0,-1.9260982913647229,-1.3562900442783503,0.6733495469195849,0.1725224784288666,15.615461614114494,14.243896208577056,22.500805972399466,0.5094838181022848,-0.1069412881004849,-0.0316674493148686,0.0319479845289798,-0.1115871252510987,0.6153834867769589,0.0012672257212911,0.0,0.0079125656162828,2022-05-27,15.0,13,-0.0906543773451494,-0.0732115295521821,True,False,True,0.5,6.0,0.5,-0.0294885607853772,-1.2296456607140696
KEY,Falling Wedge,bullish,1,0.6723900149958344,3,37,1468,1469,2022-07-19,2022,2,14.426589690526786,13.884142422508232,16.577455217084378,13.12258496684752,0.9217331489687622,0.0390695551450959,True,-0.0167319643647231,-0.0127064165829543,0.0259015602048533,-0.0023122807184839,0.0102260762351922,0.011411535629892,0.0043729766839322,0.0158862524897398,-0.0135209559247088,-0.0337079915422823,-0.0330749826154121,-0.0296090496485963,0.062142899100817,-0.026227265589473,0.0232233800588725,0.01605401768288,-0.0064931911810587,0.0105571872421139,-0.008634824723294,-0.0005420709887247,-0.1224615635469977,-0.028734395880292,-0.0104548300131715,0.0027884075513893,-0.0369346578830995,0.0382127031760619,-0.0981996143218998,0.047161045690961,0.030427155660859,0.1364094968610976,-0.0054620719587979,0.0429140019505593,-0.020273178165961,0.0087478005428254,-0.0573702717472756,-0.1465839558274363,-0.0189912420990544,-0.0399809983398889,-0.0254085611253981,0.1816869286679951,-0.0189912420990544,0.065348840295907,-0.0086625949425895,-0.0235220582660967,-0.0399809983398889,0.000414348270743,0.1031788539169271,0.008317893487181,0.0667547667004473,0.0634920527390823,0.0762922269234369,0.1076780138117496,-0.0809399650860059,0.0575342864457188,-0.0573682950042497,-0.0583420630109412,-0.0637906566761077,0.0188022106660676,0.0201796304960695,0.0360361633159456,-0.2255315990071117,-0.0517770771594924,0.1031698195089516,-0.0576923268987331,-0.1498548268046614,-0.1222479728787749,0.0027470311997239,0.0838390180461412,0.1147298320505643,-0.0056535722365735,-0.0110809076708586,0.0966697488873131,0.040218312622771,0.0994243857496788,-0.0585942948767441,-0.1325786766524498,-0.1904762497024729,0.0175697275515231,0.036555971733575,0.0475857976236839,-0.0123752888269457,-0.3249009778345871,-0.1394456681724029,0.0985829422126409,-0.0544032204521977,0.0704999886721782,0.217569493965213,0.1509790726021123,-0.1735815737129283,-0.0467092123111604,0.0378584515465041,0.0053239912321611,-0.1212094381948912,-0.0334440449928803,-0.1240541741133075,-0.4436060680181036,0.0508707263811503,0.0920354662162048,-0.2422099798823842,0.1777645590182219,-0.2350923696679296,0.0337761731150594,-0.1158152713239623,0.2695541547155433,0.2945184456746776,0.0026779624670081,0.0617283321428501,0.0275215981036212,-0.4521342262750505,-0.0753771028741218,-0.1047044085538724,0.3606071795501808,0.154702908688433,-0.0181455642600489,-0.1069403552500997,stop,1515,47,13.12258496684752,-0.0903889797694559,0.108198381810639,0.0924613500765758,-1.0,1.1970306788129197,1.0229272452505351,1.6494307785089122,1429,0.6558115316097239,7,0.0762693722385595,-0.2038242173031866,-0.1608523254340894,0.0,-1.1216684461827635,-0.4658569145730403,0.4836167497463164,0.1600613686251288,13.884142422508232,13.12258496684752,16.577455217084378,0.445981919251721,-0.1740080600909285,-0.0087235910869176,0.0307083655043194,-0.319880497108448,0.5862053089895064,0.0146894101015984,0.0,0.0721863442252068,2022-07-19,15.0,13,-0.2496422430600492,-0.1248085988701319,True,True,True,0.9166666666666666,4.0,0.3333333333333333,-0.0167830304317046,-0.7567316920269035
KEY,Falling Wedge,bullish,1,0.6297313633600857,3,23,1778,1779,2023-10-11,2023,0,9.089798887467111,8.974482960701323,10.549269448906742,8.457686461028317,0.9091005202995776,0.0128493114612562,True,0.0161751612653837,0.0316002150979053,-0.0477023841427479,-0.018266773894881,-0.0136749092681055,0.0681411551396451,-0.0106488712750582,-0.0211382202463586,0.0303332517264476,-0.0065005301137301,0.1387722029571596,0.0389040894080192,0.0048128438818098,0.0293668821199808,0.0004566260037501,-0.046796715671084,-0.0244975801090168,-0.0282366077211464,-0.071698084840823,0.0011217550857274,-0.0633846591329851,0.0441002174745899,0.0160019768963241,-0.0666031877984776,-0.0222044772758656,0.045680777095054,-0.0666922484911672,0.1088571589504976,0.0584798411072333,-0.0069163567903481,0.0183743210975773,-0.0626350854955757,-0.077186790351162,0.0478574986021089,-0.0284776886107872,-0.0023071663885437,-0.0398148765345415,0.1003325448760694,-0.0961147592489141,-0.0506273169721901,-0.0219297630761027,0.025075248683066,-0.0091549123162164,0.0483334564292499,0.0224071355115924,-0.0672802387023226,0.073263746599866,0.0725771298247111,0.0630191357541933,0.0094606213744055,-0.0265724493696545,-0.0176422964276713,0.0169582958910703,0.1424314301683964,0.0755954907696814,0.2072706696978346,-0.0479886256577635,-0.0172696197817093,-0.0082886459245443,-0.0662714640975454,-0.0404664836458281,-0.0236356134154138,-0.1346844983915421,0.0267226296707681,0.0741164961495084,0.0301511645698993,-0.1913139171046335,0.0600667330550532,0.0666807939356407,0.2689898490729709,0.2202886088544224,0.0491301960953933,0.0366881373436798,0.0691459723016347,0.0231592761801908,-0.0512079638110718,0.2331804377300497,0.0786798749287855,0.025735226166728,0.1062159154693049,0.023930343261777,-0.4151664836719998,0.0665565605575566,0.1763533656359117,0.1953601814356544,0.0432865075021768,0.0320386341253573,0.0071117969257663,0.1958363713051965,-0.0615960166335777,0.2689898490729709,0.2138184399768966,0.422895096069007,0.3323257046741579,-0.0800074282506977,0.0488634907810157,-0.0425829805211084,0.0181976176379057,-0.0742744217981636,-0.3616415764152685,0.1350822668063787,0.2262677588916974,0.0377965679224356,0.0716152925994519,-0.018811408861321,0.1179077460743958,-0.0831511983470164,0.5114379999832617,0.172226084796174,-0.1705796330849985,0.2098530249117647,0.1058352181085005,0.2312998477738947,-0.0505746266211488,0.3726571139496493,stop,1786,8,8.457686461028317,-0.0695408594034289,0.0780208676883355,0.072312054142426,-1.0,1.1219428168943295,1.0398498776513612,2.3088781368561597,1755,0.5085301353183618,5,0.0033734039914112,-0.0081279069123081,0.0214098200711649,0.0,-1.100149032310313,-0.5916188969919639,0.7099580870402881,0.1279287701710299,8.974482960701323,8.457686461028317,10.549269448906742,0.2959093964297405,-0.1485046051075684,-0.0347911140417735,0.032399871319901,-0.0883365547693628,0.4000025431298911,0.005736423190801,1.0,-0.0193746781824096,2023-10-11,16.0,9,-0.0302388023765295,-0.1035472965882243,False,False,True,0.0,4.0,0.5,-0.0325175290448978,-0.5904672867880578
KMI,Falling Wedge,bullish,1,0.6854557874642965,13,85,1050,1051,2020-11-17,2020,6,10.187457242282692,8.860014762424587,11.118466672253492,7.975209289351071,2.095024270114556,0.1498239580240659,True,0.0677607130505637,0.0613603615150655,0.0257816443074778,0.02283802998433,-0.0060826829938507,-0.0712048906556271,0.1075400504898242,0.0328948794059624,-0.0010981145017774,0.0333336691094123,0.0360860168223777,0.0010367336517524,0.0020139553118811,-0.0050045287593627,-0.0215901793919389,0.0037092783408378,-0.0128061114159584,-0.0033934860755938,-0.2981715882601912,-0.005854163295635,-0.0482203607440597,0.0257816443074778,0.0768812232686968,0.0228247012324593,0.0065325408238681,-0.0176741778143003,-0.0521161073336443,0.0704993470751609,0.0414115304796107,0.0578344561831194,0.0113635745468363,0.0304089050974898,-0.0094089194885604,-0.0039605349902975,-0.0648651051324272,-0.0059583144992221,-0.099358937955332,-0.0552164185456188,-0.021149602773723,0.0097649811774491,-0.030285139812054,0.1265451587077193,-0.0274122879100729,0.0697141446750495,0.0365986234235515,0.0194879424769226,0.0413697308982734,0.0157123468212456,0.0354221806726569,0.0857672260265329,0.0324272642148306,0.060070576455032,-0.0450160773376075,-0.0038181544258331,-0.0215474522726042,0.0308880491341223,0.0010049798682347,0.033563392213995,0.0866910515919952,-0.0165622325019345,0.0650226695245321,0.0492754680152907,-0.0783866602705147,0.0708570704272908,-0.0689477414444553,0.0667737372643071,-0.0295282198510833,0.0004931198788711,0.0236472185390905,0.1048503979318085,0.0594333567413869,-0.0227503131872258,0.0997984062687111,0.1802656830731657,-0.1025081296789262,0.0914042475246477,-0.0370945002004146,-0.0727069746497963,-0.1323334150558174,0.121227225520395,0.1509911153376053,0.0287258687258684,-0.0920039919354761,-0.0269003421798519,0.0582191735878852,-0.0345269307928255,0.1198408950877039,-0.014277103938544,0.0632257966531084,0.0370869113807605,-0.0359196473960967,0.0858621992245646,0.0923093057061605,0.000701377300952,0.0052297647133217,0.1629493234959511,0.041195527066334,0.0150969428017033,0.2558419543041239,0.0323420261945648,-0.0451237371445728,0.213506632211164,0.0142023568799471,0.0709721402038052,0.0189897458180996,0.0298187152196049,0.0928283514563546,0.0262482595902968,0.2289100908880239,-0.0301584027638904,0.0307827529512141,-0.001571236377146,0.0101317584626052,0.1083281929208785,0.0282832477615413,target,1088,38,11.118466672253492,0.0913878122704336,0.1012839327773118,0.0392296631439768,0.4208431648618089,0.4664150477037382,0.1806535815204664,0.4208431648618089,959,0.3705842391070668,5,0.0617390798568418,0.2937707068198987,0.2474674096402926,0.0,-1.3963691541071408,-1.0257849150000733,1.4762171781364055,0.1493772912474775,8.860014762424587,7.975209289351071,11.118466672253492,0.3782214030583649,-0.016860667153946,0.1289825657416698,0.0370997159511151,-0.0663815782233978,0.968253247411832,-0.0160934888583023,1.0,0.0502068920704701,2020-11-17,10.0,16,0.0555602506255985,0.111976895480871,False,False,False,0.2666666666666666,2.0,0.1333333333333333,-0.0233706555936545,-0.2107569490900085
KMI,Falling Wedge,bullish,1,0.6390565790043278,3,27,1307,1308,2021-11-24,2021,0,12.401438933817936,12.647230195443356,14.278988621363894,12.338726740144525,0.9151733097638276,-0.0194343945533604,True,-0.0168749417046598,-0.0061901632180912,0.027913356517683,0.0456025576156926,0.0272731139939341,-0.0242803544522065,0.0120479045208488,0.0228295347444105,0.0577467158765574,-0.0483213481408268,0.0652779301868364,0.0399304326216511,0.0189160731640123,0.0430147677882633,0.0008924166011941,-0.030823974766615,0.0323172785122392,-0.0023096714424362,0.0121837776968065,-0.0255054713402947,-0.0149178454460017,0.0210453574340176,-0.0309165692889481,0.0006251047007714,-0.0080480461257528,0.0026688735443536,0.1069871030842075,0.0075297413910191,-0.0014862181089102,-0.000571187112194,0.0037161104866372,0.0570008402811528,0.0068492483089612,0.0242332123808428,0.0333330202500288,0.0025926086432432,0.0466216536508812,-0.0326027176727218,0.0154150799931895,-0.0359065655595282,0.005392214535054,-0.0458766293176492,-0.0495798119718826,-0.0569495268064501,0.0588912424743486,-0.0067878099229576,-0.0224998907061524,-0.043941450862706,0.0084888376075356,0.0056075851573842,0.2034660981540725,-0.036940094349065,-0.0427593681330572,-0.043235447045175,0.0030184529917269,0.0070073521926266,0.0848048253182949,0.0045020271974509,-0.0024261646999413,0.0187598228692191,0.0471857237886674,-0.0248185020848097,0.0525086542818402,-0.0477594461787775,-0.0759819190599395,0.0017566490848988,0.0504173863892083,0.1287066746035425,-0.0396153481104375,0.0825001570255499,0.1278234212920682,-0.0011475644868383,-0.001202564713874,-0.0901238645574048,0.0538062588039129,-0.004080240040455,-0.0339283873530228,0.1169991939855459,0.0350209464372619,0.0281986721724742,0.0017431308126223,-0.0189071710701499,0.1362580466897316,0.1492655737840065,-0.0165991230920674,0.160806306203401,0.0280206377588245,0.0879600838413887,-0.149409464284804,0.0490992744048766,-0.033184925218468,0.0575704160217018,0.0499681022926941,0.1175826333221392,0.0219448599647689,-0.0087912453827162,-0.0619524240894072,0.0899006774507615,-0.0971341451757353,0.0504023360150516,-0.1038953819030941,-0.0060453761849004,0.0361202666727105,0.1976409866008643,-0.0201768921684162,0.0152344603762557,0.005446082940494,-0.0207042240161335,-0.0607336851892564,0.0572859176923663,-0.1408013767445005,0.1536152985382315,-0.0572611523590402,0.3098060030394931,0.0319730529888042,stop,1308,1,12.338726740144525,-0.0050568481615791,0.0225000381469726,0.0068749785423278,-1.0,4.449419367170895,1.3595382583488465,29.93914863389571,1280,0.5584033036049537,6,0.1707349315246819,0.1536538384672363,-0.2636596239251139,0.0,-1.748027871875787,-1.189624568270838,0.5918403117431084,0.0588772632929794,12.647230195443356,12.338726740144525,14.278988621363894,0.2236686472698801,-0.0058344759575572,-0.018789160344418,0.017467993310207,-0.0669143826591486,0.7666670905229944,-0.0024495049776984,1.0,0.0341453778780151,2021-11-24,2.0,16,0.2049270364101048,0.1867490408918872,False,False,False,0.0666666666666666,0.0,0.0,-0.0385349662873437,-0.631266271084468
KMI,Falling Wedge,bullish,1,0.6420440989485383,3,20,1689,1690,2023-06-05,2023,1,14.172156413597987,13.76384242711164,14.70902642269168,13.586614427253895,1.4114877607300915,0.0296656975440274,True,0.0138057783669507,-0.0029049951005295,0.0087253370425146,-0.0046144497184827,-0.0036941815374915,-0.0647367892575598,-0.0525534925561294,0.0014193847520587,-0.0351240247863601,-0.0068317614946264,0.086988990661839,0.0268766097347661,0.0383925803299483,0.0348450211039252,-0.0074670442217338,-0.0196629541233852,-0.0222767492032874,0.0013558028245133,0.0038786869714693,0.0213904232221473,-0.0003072087171819,0.0200657994808648,0.0124722793415603,3.308386387068652e-07,-0.0284383347935182,-0.00783876065525,0.0374515782794258,0.0578344561831194,-0.0170190916976287,0.0371829675393664,0.028368558916296,0.0283323012677481,-0.0380097656572016,-0.0452174227728298,-0.0055369215947604,-0.0056362991787473,0.0914376602831841,-0.0326632243195986,-0.0598046134600999,-0.0261348154153657,0.0360490578110381,-0.050543368847963,0.0419246766695997,-0.0131881127852021,-2.876608834467831e-07,-0.0028490978065736,0.0252103779743282,-0.0172252579085403,0.0272372448452757,0.0893855254337783,0.048053761416049,-0.0798018504298895,0.1250000401256261,0.0798759779205791,-0.0614885376212951,0.0925577611238328,-0.0467506474824011,-0.0355200607233706,-0.0756354523801576,-0.0112954234729172,0.0871561464540742,-0.0762445566560803,0.0490860500931285,-0.0075963715887096,-0.0057320836687994,-0.0034437734311356,-0.0814377831138909,0.0450902099316035,0.0172855691355632,0.0588517228118381,-5.1011413560342334e-05,-0.0233745376275366,0.1330956589429048,-0.0861001566539102,0.2257646831790094,-0.0015994952105458,0.1862464805496977,-0.078431199935962,-0.0421224993462769,0.0065332380747735,0.1053276346405474,0.329409752867549,0.0933661215893633,-0.0883322186330778,-0.0165991230920674,0.0120329018447067,-0.0092277071637948,0.0490992744048766,0.0294453162898331,-0.0486622193889388,0.0632536471564733,0.0168954451874569,0.0637312756256367,0.0027584268114024,0.0733387618764775,0.1943745486308539,-0.0872874438277597,-0.3067145817051069,0.163355347437363,-0.0672314596053865,0.0035238545490341,-0.0190918469571433,0.1289508804280867,0.0855946219015304,0.0654314536162776,0.0541973452633157,0.1369944002116854,0.0547592174526321,-0.0632435940679553,-0.0498565763988563,0.0693786428417728,0.3460756094992798,0.0007038746180403,0.045088144863272,0.022314215594266,target,1692,3,14.70902642269168,0.0378820268014099,0.040216325103739,0.0012005076798831,0.916877050005773,0.9733752028763426,0.0290564690693778,0.916877050005773,1668,0.6883950235179324,5,0.0338574791844229,-0.0448105612566011,0.0368354263871801,0.0,-1.1285216631485295,-0.4401266396305962,0.3073888817509214,0.053251840953142,13.76384242711164,13.586614427253895,14.70902642269168,0.2357571380369853,-0.0280913890015145,-0.007851095640004,0.0165359731730137,-0.0968104872973192,0.2608677624268238,0.0089553277462406,1.0,0.0350677502264606,2023-06-05,15.0,19,-0.1403897969941925,-0.0626449618202927,True,False,True,0.7777777777777778,3.0,0.1666666666666666,-0.013347955245542,-0.2394812751801467
KMI,Falling Wedge,bullish,1,0.6597330205100032,3,25,2417,2418,2026-04-30,2026,2,32.21819889001086,30.917236120998723,34.695352744264994,30.022273349098185,0.915969494258762,0.0420788832455996,True,-0.0307306943600745,-0.0450530888443715,-0.0003150114333224,0.0333334067812458,-0.0282586696239719,0.0077738466859433,-0.0156584980298307,0.0226830473670185,-0.0351350877389872,0.0245430666921933,-0.0322043898525881,-0.0049720740708874,0.0028408252206177,0.0049430752833683,-0.0626149941715018,0.0014721934574197,0.0040323556293937,-0.0041236116151743,0.0075357076740187,0.0136158546758626,0.0206185187402219,-0.010270496697597,-0.0282226476087467,0.0270810658861635,-0.0102430526727237,-0.0153147228172242,0.0549413249633683,0.0283323012677481,0.0082646813393951,0.1254078312566791,-0.0260863941708425,0.0310881036729109,-3.852517131974764e-07,0.0709382497707469,0.0461027477500808,0.0163819702815326,-0.0537804167590414,-0.0189002106714335,0.0404936532696673,0.0484167759080014,-0.0001100583582182,0.0057698620602082,-0.0243759493949441,-0.1169093243718547,0.0380767095881215,0.0141442284195041,-0.0442610761023156,-0.0931068430244381,-0.1095470378533914,0.0455777239691568,0.1287345700298485,0.0827217069200596,-0.001740212339651,-0.0369034953766771,0.0495546728016531,-0.0592405762460405,0.0964003331363636,0.0369972976770696,-0.0753182049452871,-0.0100574209149726,-0.0427398298958551,-0.0515408021487477,-0.0626449785459555,-0.078160620693179,0.0229863190590344,0.0291416019380112,-0.0162135168595755,0.1127908825101933,-0.0473009967134185,-0.0076674763892428,-0.037697291386086,0.0627965620756767,0.0234855214459477,0.0090832065782711,-0.1097905727952551,0.0428011904594562,0.0112863169042194,0.0948453815842376,0.0629147353572272,-0.0031380920268316,0.028225874747243,-0.0882189389984325,0.0680000582747124,-0.0146627579027619,0.0376235774454556,-0.0502334841185899,-0.0191529549706858,0.0094933554968823,-0.3233532694841121,0.0996178498955071,0.0914042475246477,-0.0093188667638835,-0.0279631082035747,-0.057798295315901,-0.0347156736472812,-0.0999574318279005,0.0828664821251663,0.1052696713912173,-0.0070030903996212,0.5725199102004039,-0.0432090470087623,-0.3601865563757546,0.0299203495154416,-0.0679500505339275,0.0169021536670872,0.0556975144110163,-0.0194144017361154,-0.0352988023727238,0.0262919502854368,0.0080191901425028,0.0166067977998418,0.0691777190020526,0.015639961751791,-0.023501865125269,-0.0433468472668048,time,2477,60,31.317277908325195,-0.0279631082035747,0.0704398818060494,0.0522563650109402,-0.4102693670165258,1.0334804525625796,0.7666953773358519,1.1280682373340278,2390,0.6313946424739527,7,0.160373646639352,0.0491751213014224,-0.0748491058427116,0.0,-1.387219002559224,-0.7558243600852805,0.5204436899218854,0.079009645304073,30.917236120998723,30.022273349098185,34.695352744264994,0.8358166684237182,0.149398698213157,7.300257737430371e-05,0.0259029132490924,0.2869799381498621,0.9758043924333756,-0.0015703337862419,1.0,0.0967889400184873,2026-04-30,63.0,7,0.3440396485895176,0.188550534146398,False,False,False,0.0,0.0,0.0,-0.0150479327073444,-1.0079730699573664
KMB,Falling Wedge,bullish,1,0.6490841063692913,3,37,1094,1095,2021-01-22,2021,0,107.12860761893305,105.09934862713686,113.83062451291028,102.4708632569704,1.439182219968538,0.0193080073121616,True,-0.0112275878319392,0.0242194667512778,-0.0100082663419727,0.0223448863836648,0.0320138586916078,-0.0306745225433892,0.0130759131944004,-0.0274013533304431,0.0320628593398515,0.0073979675136788,0.0188085067043135,-0.0324735321149171,-0.0130293713331424,-0.004577713419699,-0.005229342803503,-0.0041597474904234,0.0101428078874921,-0.000516411802274,-0.0006814552646775,-0.007569030799593,-0.0176928578515205,0.0076691325819977,-0.0107027041920118,-0.0107037144481694,-0.0212337002435671,-0.0237309738024129,-0.0310663267040669,0.0208928283371774,0.0919911743113521,0.0077972202801379,0.0435174073429809,0.0287264105407096,0.0792158432812899,0.0267718883534704,-0.011087623533033,-0.0262292507923707,-0.0068760439627563,0.0331818108136454,0.0343830138925576,0.0184651131785515,-0.0078147263100696,0.0122253998763237,0.0806632915462175,-0.0299517121529682,0.0223318413311,-0.0288740437395612,-0.0190120500513978,-0.0277695071504021,0.0028541041161471,-0.0478985716058606,0.0966496479182934,0.0516328730402884,0.0767335240091302,0.0977485229913877,-0.06521386036527,0.0418232258684549,-0.0007543615823242,0.0397065618422822,0.0216402295299369,0.0143314279571331,0.0444543362767795,0.1021414325474947,-0.0050081389907955,0.0652818896749698,-0.043001859117204,0.0300251239863835,-0.047410704490627,0.0572505559351177,-0.0456613480284837,0.0045063467524644,-0.0220941832643459,0.069189239278169,0.1502676095853301,-0.0671509676745077,0.1073201249554507,0.0828388218639264,0.0002476147924812,0.024068984957426,-0.1119589362663874,0.0033042554276812,0.0667912675548523,0.006157829692416,0.0704974319598008,-0.0572659211006817,0.0214685704837749,0.0329492789697605,0.1046875540645906,-0.0266155123586571,-0.0465162537875429,0.109960046481216,0.0045063467524644,-0.0227310225291137,0.0751836033657618,-0.0026175813432807,0.0546534541082732,-0.0026629824357541,-0.1141345234744893,-0.1599909567432051,-0.0070593596578363,0.1311476913035163,0.0371168667089742,-0.0918585995558907,0.0100890469823686,0.0281551455575022,0.0621898936304037,-0.0895474263419936,-0.0530927805311417,0.0626391632660268,0.0438772818825636,-0.0494931142668828,-0.0827475248925744,0.0684070533239205,-0.1560641581152269,-0.0656420521659132,0.0938844974366297,target,1141,47,113.83062451291028,0.0625604779427075,0.073824517029428,0.041766481029142,1.4388975377672273,1.6979716152069642,0.9606334332846876,1.4388975377672273,1057,0.3793238018978929,6,0.0409038412738068,-0.0839164197964048,-0.2530192328431233,0.0,-1.4333091440060968,-1.0539853421082055,1.1375163033641322,0.0439109972808249,105.09934862713686,102.4708632569704,113.83062451291028,1.5853940096084966,-0.0602703169860254,-0.0240166347409952,0.0149545699844607,-0.0894064552513917,0.6861015696632178,0.0061829729985387,1.0,0.042587696555536,2021-01-22,60.0,12,-0.0156343102676269,-0.0008446269314013,False,False,False,0.2727272727272727,2.0,0.1818181818181818,0.0191837387535337,0.8458401166521862
KMB,Falling Wedge,bullish,1,0.6763648099928585,3,40,1633,1634,2023-03-15,2023,0,109.47329114123832,106.99361774388302,118.34544945813434,104.65129489506484,1.2834734895926525,0.0231759001110798,True,0.0100681552254775,-0.007476062095806,-0.0156514833174505,-0.0185428415259405,0.0139210389284019,-0.0220418387577713,-0.0380391348108481,0.0057876595968437,-0.0050753506914479,0.01984863965345,-0.0413540304376223,-0.0129757187000871,-0.056148593038967,-0.0158601002334682,-0.0138900187903149,0.089408565014263,-0.0049815222912702,0.0144167360129554,0.0049905461780439,0.0005722501230682,-0.0024286053973029,-0.0072071669497204,0.0153307036972368,0.0502616665461521,0.0087391876996092,0.036735233370934,-0.012405215898937,0.0277184125757163,-0.0182769640668754,-0.0113028274870431,-0.0215087783506023,0.0102905234176555,0.0197270536359985,-0.0062915342107007,-0.035574899271194,-0.0065069950937722,0.0110860733412283,0.024907691388597,-0.0111049198681145,-0.0155067206393079,-0.0172772681583717,-0.0204499740151679,0.0134399116940886,-0.0098319572165127,-0.0266556344000828,0.0537011060087753,0.089741672861207,0.0167670482654578,-0.067496855173056,-0.0187675248126661,0.0525468065254066,0.0319001128858875,0.0227801945886716,0.072054993432489,0.0891319439659137,-0.044454107780526,-0.0355088880676813,-0.0164883849902971,-0.088464696472406,0.0262322081413004,-0.0173302045080964,-0.0016186943529435,-0.0315649628590793,-0.0766092654923702,0.0256027287239866,0.0234189474690953,-0.0047870342298722,-0.0277713804720093,0.0941013760351197,0.139051851871385,0.0695548033359443,-0.1079866221206105,0.0018391192477382,-0.0717272959250385,0.0776255968278023,-0.0081365573847307,-0.0335428647648696,-0.0379649975094311,-0.0192530352533014,0.0637880763779026,0.068172770157495,0.1112194266361614,0.0002476147924812,0.0830416223489343,0.0086473524796453,0.0864877314599603,-0.0671528349271544,0.081181067521278,0.1797857145239128,0.0407010311097522,0.0097706414350466,0.1157146740197363,0.0756776515045871,-0.03993333612534,0.0335595932757804,-0.0684148584550334,-0.1486307280061264,0.1947741086935519,-0.0711827797020677,0.0259477890714316,-0.034964925237873,0.1018705404887025,0.0678678468349422,0.0034584669889032,0.0657022572668104,-0.0105097014926844,0.1068702520572066,0.0585782591990495,0.0927662053463682,-0.0616424597091949,0.076965702919258,0.0267447292840747,-0.1359071917565906,0.1039294989140857,0.0542885212055574,target,1647,14,118.34544945813434,0.0810440448478844,0.08284427351146,0.0103852877584823,1.8399347207987893,1.880805129348945,0.2357761334368689,1.8399347207987893,1593,0.5332704165777384,7,0.1777928487842457,0.0365822399593753,-0.232215469868063,0.0,-1.2926780549272086,-0.7594076383494703,0.500176974252571,0.0597163219910585,106.99361774388302,104.65129489506484,118.34544945813434,1.5560977893671293,-0.0065724769775521,-0.0233047313769311,0.0142505586171907,0.0352131333984826,0.9548620217384932,-0.0046906849699315,0.0,-0.0566108587615079,2023-03-15,57.0,15,0.0387735214451443,0.0095390525021474,False,True,True,0.1428571428571428,3.0,0.2142857142857142,-0.0128306228725958,-0.3053262873966908
KMB,Falling Wedge,bullish,1,0.6839499599600602,8,95,1756,1757,2023-09-11,2023,0,113.15686784470924,112.42011680604224,128.4288274678786,109.11674644355946,0.8641922447326037,0.006553551620464,True,-0.0228052786238144,-0.0188782666849169,0.0250672282580561,0.013398961636466,0.0248560476128334,-0.0129693401699243,0.0360970175801629,-0.0487959328463076,-0.0044417193326415,-0.0301299143004222,-0.0019278797784266,-0.0139389643489107,-0.0108439443841537,-0.033135330087486,-0.0106060559845895,-0.033135330087486,-0.0513070216936105,-0.0070385012386363,-0.0006572129779428,-0.0097000208965492,0.0599917499375048,0.0193466528625276,-0.0183118031118376,-0.0356137927290268,-0.0060904611758603,0.0143679341568614,-0.0102032832943393,-0.0213239599819899,0.0247496168400533,-0.0274309503159424,-0.0038991497571747,-0.0082364319986506,0.0362299449814265,0.0606761037763687,-0.0223678937985839,0.011200241665743,0.0233814672539658,-0.0404936597811266,-0.0236837640820765,0.0115201911938866,-0.0211126878887014,0.0004390273326131,0.005950791799907,-0.0194164393683983,-0.0653416403696256,-0.0318640656472376,-0.0739611915927455,-0.0445727326873302,-0.0054421976771755,0.0229503660002408,-0.0078565938355014,-0.0124697410845108,-0.0250599770910044,0.0078284304539575,0.0502367407492496,-0.0936581878651611,0.0399453145419554,0.0171020594066748,0.0707276565223817,-0.0170143424447875,0.0926555416028613,0.0189129470425681,0.0039905409440754,-0.039949714272398,0.0858095572850905,-0.0783784147338685,0.0427066297748717,8.804099273063137e-05,-0.082617424408358,-0.05662278451029,-0.0348683442634296,-0.0450491481877739,-0.0875096340719127,0.0601607279755351,-0.0232276728851398,-0.0329570622831352,-0.0676959032340377,-0.0357891865033863,-0.0392710997408491,-0.0543487234778485,-0.0630661989854853,-0.0280190558158902,0.1711131241833672,-0.0542772178601617,-0.0601152776591049,0.0067829073028931,-0.0429404724625906,0.021843057424751,-0.0522826577243279,-0.0461936397185054,0.0133326430495006,-0.0336472599765848,-0.0514682833030412,-0.0766624943603927,-0.0138319764993477,-0.0092718295694356,0.1603632380701665,-0.0225208679905549,-0.1025388012884875,-0.0700364158729905,-0.0430529746552378,-0.0115838132087843,0.1491405179152907,-0.0644500028039036,-0.0317781452803026,-0.1019188622486853,0.0667872019295467,-0.029481253257122,-0.1013503339137361,0.0005223539673278,-0.0090611298064071,-0.0844295890100162,0.0919050796135005,0.0377626451341315,-0.0420270353642888,stop,1766,10,109.11674644355946,-0.0357037224350733,0.0004687036904844,0.0392845303571787,-1.0,0.0131275861035715,1.100292285450545,3.780074435095716,1661,0.6185719954587833,5,0.0167897133097053,0.0664587372633842,-0.071983093082089,0.0235294117647058,-1.2873307908256686,-0.6687587953668847,0.4294383399299956,0.0875765992565736,112.42011680604224,109.11674644355946,128.4288274678786,1.337409727788775,-0.0248777412328922,-0.0125167907206128,0.0118181518248695,0.0658377584383103,0.3000067817300088,0.0043144517854067,1.0,0.0062830852838873,2023-09-11,57.0,15,0.0249620480106889,-0.0341565839082868,False,False,False,0.2857142857142857,6.0,0.4285714285714285,0.0613504579000541,1.6856927775649273
KMB,Falling Wedge,bullish,1,0.6570482605693093,3,31,2028,2029,2024-10-09,2024,1,130.39963047448865,129.67010012828655,139.45519429503315,126.73239497092538,0.7814754551315507,0.0056260490697574,True,0.0260845077746663,0.0147432414826573,-0.0037062824254097,-0.0337849429107365,-0.0157068555282872,-0.0067626191128674,-0.0078406568860279,-0.0011175118927306,-0.0107153399462567,0.0273131421546373,-0.0164510941659798,-0.0072018123143079,0.0003660615319929,0.0173651294836589,-0.0487426847122198,0.0170613870827442,0.0119342206241899,0.0020849193744725,0.005078203792906,0.0094373362131068,-0.0357577460735927,-0.0121522893395903,0.0315494795271812,-0.0375448229277758,-0.0414005247775005,0.016248243383905,0.0003954766451268,-0.0382339922153833,0.0026703523161109,0.035765054692368,0.0202518058380203,-0.054382167790639,0.069100259428571,0.0159759518361437,-0.01596384504816,0.0702317174932436,0.0806632915462175,-0.0109457313354511,0.0097369954714072,0.0063742009727074,0.0009273566389764,0.0287488298929705,-0.0203425335788616,-0.0530558185500937,0.0629857623343017,-0.0489023834263499,-0.0744569211990285,-0.1009777866353182,0.0465969378674864,0.0933825432231016,0.0075745842739789,0.0333586100754794,0.0095731313965004,0.0154527403858149,0.0816611728625442,-0.0669773155762738,-0.048966245025684,-0.0094389521785228,0.021833681634608,-0.0064971635560681,-0.0238786978161743,0.0773315363790811,-0.0517547603288621,-0.0186270426359665,0.0254158568332378,-0.0379783915618019,0.0261413321033761,0.0328363580693955,-0.0848089170202911,-0.0286859825310913,-0.0823358931607202,-0.0461365889881216,0.0267529728187756,-0.0885744527571523,-0.0221561435555814,0.0228072596171724,0.1794329441595235,-0.03536160016236,0.2509804614965163,0.0123548546604368,-0.0818639373206733,0.1044967982410938,-0.1379635980300526,0.1364381266752223,0.0114395588673061,0.0081686613654814,0.0787795318076243,-0.1347014899308146,0.0498726520054981,0.0128592558047759,-0.0156919270362907,-0.0452826495180103,-0.1053667635381258,-0.1428709933321236,0.0275306600884222,0.0840142434613224,0.0449347273226801,-0.0129503993789253,0.0026717695296254,-0.0003035864627569,0.0165403903349761,-0.020969785240073,-0.0682016334665558,-0.029141847381037,-0.0996231571523982,0.0003162154085358,-0.2004057102500366,-0.0476341724520612,-0.170433942458941,0.0724565486379549,0.0839696659454285,0.0284653248748012,0.0556124021549617,0.0695514378659476,-0.0971867211072193,stop,2037,9,126.73239497092538,-0.0281230513477621,0.0310765544298656,0.038599354056844,-1.0,1.1050207193231336,1.3725165729541438,2.469316140658457,1996,0.6563720337115919,5,0.0181235418957555,0.0184382515769541,0.0934499121922056,0.0,-0.9296833631385816,-0.2733113294269967,0.4252342009117382,0.0754032545727626,129.67010012828655,126.73239497092538,139.45519429503315,1.6568302173459222,0.0855819178737546,0.0034210927762896,0.0127102588094254,0.137539152211682,0.5737674162643457,-0.0011266366222568,1.0,0.0441727380811511,2024-10-09,32.0,15,0.073290497868629,0.0491079424249694,False,False,False,0.0714285714285714,1.0,0.0714285714285714,0.0125976218505943,0.1517558186915148
KMB,Falling Wedge,bullish,1,0.7099541356127254,3,30,2057,2058,2024-11-19,2024,2,124.05523199365146,120.16328356755572,140.5757380261382,119.62686188503108,1.4694824358930192,0.0323888321835654,True,0.0326656313007946,0.0152699665716642,0.0224595133562248,-0.0001643396295128,-0.0158601002334682,-0.0141633233755918,0.0360584320238466,0.0419609765092234,0.021644444233466,-0.0025548010172594,0.0032443027604109,-0.0041277317500706,0.0353807769822827,0.0444655266736029,0.0444614872759723,-0.033135330087486,-0.0555104499673263,0.0114433948547334,0.0034513362061459,-0.0041277317500706,-0.0136860988973703,-0.0191929172757914,0.0275632629561966,0.0109375646698151,-0.0183317129155589,0.0338114066270416,-0.0127187069420079,0.0806632915462175,-0.0119357029635698,0.0219206845984452,0.0281610761353188,-0.032455683396854,-0.0014663082155611,-0.0348278975383468,0.0219532216320892,-0.0127073673141553,0.0010378761205585,0.0737898093391409,-0.0125783901446695,-0.0542118572734776,0.019720266496471,-0.0505214034343858,-0.0002669863855115,-0.0268749763409867,0.0192150962006305,0.0084521922324957,-0.0279245199387705,-0.0209800115838176,-0.0409951828694035,0.0440258989080997,-0.0773489687019657,-0.0013456888252215,0.0361376611150106,-0.050148522943044,0.0042492443808452,0.00057788253251,0.0388322032434076,0.0271124993414391,0.0491665346274141,-0.0377308360832353,-0.0278992787578571,-0.0471058162558377,0.0134339325204202,0.0097118733540955,0.0526520995570893,0.0346128125728202,0.0283466419402766,-0.0444657425447608,-0.0285154822943756,-0.0566311740241577,-0.0815298386436275,0.0111722471429807,-0.087632138441274,0.0682802750039623,0.0805004603048455,0.0699044764023271,-0.0082944595331281,0.0804562503734029,0.0272727635358513,-0.1068608018896314,0.1352845928868975,0.1438721080694651,0.087286402078045,-0.0131804287765245,-0.0286859825310913,0.0414770105085715,0.0639754945354584,0.1351488000657277,-0.0889553178939531,0.1707381503817675,-0.0805275137648696,-0.0916927934470992,0.0284449490379785,-0.0132450988892436,-0.0757821168088896,-0.1063684804689449,0.0146836845076827,-0.0134781830512306,-0.054307384126306,0.0392567222395958,-0.1126631678535493,-0.0897213496544629,0.0781133681036521,0.1793553481543541,-0.035036574515632,-0.0844398851095424,0.0604804260624713,0.0964519164863138,0.1688380676403615,0.1359093562622366,0.0221503520347983,-0.0293251814863274,0.0066995327018528,0.1313203328413581,0.0118381098399889,stop,2088,31,119.62686188503108,-0.0356967621393591,0.0390953758000897,0.0614032258199525,-1.0,1.0952078972166313,1.7201343242346812,3.730606436965933,2025,0.9285183379515508,5,0.0100696843045101,-0.0107884367271927,-0.1065613139579781,0.0,-1.4516583649331118,-0.523140026981565,0.0410851645636588,0.1052306380719809,120.16328356755572,119.62686188503108,140.5757380261382,2.072018472378479,0.0148844318474061,-0.0247743878125701,0.016665439707696,0.0315937215415007,0.409092879498554,-0.0021320763612654,1.0,0.0119659565343768,2024-11-19,32.0,15,-0.0275115988516824,-0.0177829174215466,False,False,False,0.4285714285714285,0.0,0.0,0.031976315696151,0.761598611866115
KMB,Falling Wedge,bullish,1,0.7827277067923397,5,44,2230,2231,2025-08-01,2025,0,123.74385082107688,119.61971671942956,134.7392340101618,116.51510057536686,2.513957679851365,0.0344770428717913,True,0.0365407885319151,0.0181444832366541,0.0119105302763731,0.0140002447354252,0.0116093905666645,-0.0032190874545363,0.0133044275103497,-0.0310929620626703,-0.0082162395647866,0.0464742184910473,-0.0529122461431401,-0.0177700072956369,-0.0189337928103905,0.0162745641626915,-0.0058755444938705,-0.0055715068463458,-0.0021457130151714,-0.0175775837876637,-0.0234466091475729,-0.0240154401886362,-0.0303069846180261,0.0177320043658493,0.0420297053979174,0.01202785172588,-0.0163738413458363,0.0933906876943164,0.0129452481717846,0.0055001534666798,-0.0348206159238374,-0.0159194149757266,0.0281402454705177,-0.0241291696458779,0.0285097639444618,0.0163802908091712,0.0165090221395016,-0.0052233767580007,0.0581990422515033,0.0411405601877672,-0.0158754722862525,-0.0366253963859032,0.0336471625885803,-0.0155067206393079,0.0093724969399264,-0.0191733875875097,0.048652011413536,0.0007721951821135,-0.0169003657340311,-0.047875185611597,-0.1116966409035056,0.0980425799264139,-0.0563924935564832,-0.0591836460809674,-0.0524990065563346,-0.078621554028241,0.0705633308759958,-0.067496855173056,0.0639534489498312,-0.0064971635560681,0.0075745842739789,0.0364365015877008,-0.0208386154292121,-0.0254205040186024,-0.0004290710488692,-0.0071470977343924,0.0195098177291235,-0.0274871076312638,-0.0671354279644386,0.1031065358524798,-0.0078174465097356,-0.0570321120048902,-0.1207239512116911,-0.1141892155841797,-0.0038003953603199,0.047197575874593,0.087506138882307,-0.0885744527571523,0.0564327143578988,-0.0548294843790714,-0.03294426066186,0.0483732162548067,0.124929435518269,0.0008262850943929,-0.0779287545090956,0.0353755390525913,-0.080605048916828,-0.0013364965533135,0.0059653996385662,0.0553666751457888,-0.0754390719973054,0.0437585758439553,-0.0498136188377099,-0.0533456498102068,-0.0727148574315931,-0.1709612409750259,-0.0553671704472963,-0.0022449578409121,0.0293857726785289,0.0941999542378788,0.0104445102678012,-0.0697676636946105,0.1116344601000633,0.0698447826456942,-0.0411907668592151,-0.015434276852513,0.1612474360385809,0.0821886316246371,-0.0241120998197641,-0.0461415756028724,0.0062451715246893,-0.0263830336109507,-0.1126631678535493,0.0972931258523277,0.1621857400932371,0.0524688168655866,-0.0969065418989602,stop,2268,38,116.51510057536686,-0.0584170461622547,0.0464371348784643,0.0696399345474542,-1.0,0.7949243915805673,1.1921166700902277,1.5210628138121458,2186,0.6529648758062571,5,0.0184140375757095,0.0429990894820955,-0.1348865363206527,0.0,-0.9152905473917536,-0.2623256715854984,0.2878320443664961,0.1034787723859805,119.61971671942956,116.51510057536686,134.7392340101618,2.252103756137759,-0.0156104550298297,-0.0078378270861274,0.0183000292567429,0.016776339489648,0.3594010236828191,0.0647569780109935,1.0,-0.0057889386577371,2025-08-01,23.0,5,-0.0972409195793128,-0.0796286984576779,True,False,True,0.75,0.0,0.0,0.036520760170374,1.0077934954177832
KMB,Falling Wedge,bullish,1,0.719106788006019,3,35,2291,2292,2025-10-28,2025,0,113.9181973771146,114.45385299618248,124.72997461087924,110.97986223471042,1.5462428423367864,-0.0046801012377081,True,-0.1595824402166747,-0.140009955840541,-0.0593381449316671,0.0039128167081599,-0.0138856990139151,-0.0365934182800937,0.0302302047924631,-0.0128460929921808,0.0095391934699491,0.0002270522997869,0.0043203076293145,0.0203231114564876,-0.0380391348108481,-0.1825059965788916,-0.0157068555282872,9.014882759861288e-05,0.0064130366978776,0.0089057167006394,-0.0541687387134178,-0.0270391850948407,-0.0209881353576648,0.0134977583948183,-0.1413998375004392,-0.1396242792763411,-0.1313189701619591,-0.0323738326833947,0.0070856089601016,0.0227164913335136,-0.0153022552015302,-0.0201714494736929,0.0267799504078283,-0.017225941502846,-0.015918222113356,-0.0400463139134381,-0.0603371165621373,-0.0078474026050853,-0.0378186867731098,0.0641103412814962,0.0067061791881077,0.0672886210745653,-0.0092704685626937,-0.0211126878887014,-0.0236431535474821,7.273959519271678e-05,-0.0208316929484828,-0.1332673146795838,-0.1147390132799869,-0.0948469941223724,0.0221012356763938,-0.0679048966130372,-0.0226836200308944,0.0015180945932238,0.0491665346274141,0.0277096154322304,0.0528005776254394,0.0342738855183926,0.0414208835200358,-0.0198442610514354,-0.0443252194110815,0.0452552715748562,-0.0793924911863183,0.0095158118234013,-0.0638078213699122,0.0479163798754791,0.0156046260959732,0.0313631173415163,-0.0384284821967257,0.016484304943575,-0.1176761906194132,-0.1456500693551838,-0.1510223858004347,0.0377192362358604,0.0237327109772236,0.071028734430605,-0.046340494404272,0.099881590881053,0.0510441495120301,-0.1178596140811664,0.0453671159962429,0.0404390277620496,0.0125574937552483,-0.1456500693551838,-0.091220955611726,-0.0413157329130363,-0.0043979824352122,0.0464685238707636,-0.034280892704081,0.0601607279755351,0.0788547352520381,-0.0472605572955434,0.0705395962698482,-0.1511234365610977,-0.145142953049618,-0.1539374905787414,0.0789099635911418,0.1080223610025543,-0.0168685055674024,-0.0434126000511427,0.0240468185702704,0.0888011502886887,0.0893591169473504,-0.055472008522279,0.0335482331435521,0.0645927013135121,0.1426518725468621,0.0523492477191025,0.0827237416359418,0.096781725734115,0.0846501013505915,-0.1216937772237027,0.0192066734483589,0.0779372406831839,-0.0594497140934119,0.020508504264574,-0.183502595388711,stop,2292,1,110.97986223471042,-0.0257933781437667,0.0030897932908728,0.0291440322652989,-1.0,0.1197901753562892,1.1299036560025757,3.679558903181606,2256,0.5026078185188486,6,0.1056839171826722,0.0353044603089109,-0.2290396953673499,0.0,-1.217749963500247,-0.7151421449813958,0.8190837480006719,0.061924658665067,114.45385299618248,110.97986223471042,124.72997461087924,1.6797242522750833,-0.0728756285912476,-0.031249753948259,0.0146337989353771,-0.0578783253413988,0.4481342775647934,-0.0040624341566527,1.0,0.0313428838719671,2025-10-28,23.0,5,-0.1139659627397748,-0.0957939854696374,True,False,True,0.75,0.0,0.0,-0.0018659117827144,-0.1006479184235297
KLAC,Falling Wedge,bullish,1,0.6602763302709864,3,19,811,812,2019-12-06,2019,2,15.145289885780551,14.782269941604312,17.797195242818773,14.29347413456233,0.8191272802727562,0.024557794277219,True,0.0484297033382954,0.039270503764935,0.0809668130303344,-0.0184230472638663,-0.0284019192743388,-0.018248659941034,0.0081357071814422,-0.0035585469463902,-0.0516677638909931,0.0998454113772029,-0.0229806010025085,0.0592459684323996,-0.0471254393470333,-0.0151032986026088,0.0267611418353124,-0.0072762041607431,-0.1223935406714578,0.0211595054977804,0.0053381013032816,0.0285229927556778,-0.2253432856451102,0.0048887135638766,0.0597126009267342,0.0865732382088744,0.0615545547138103,-0.015959055100975,-0.0917204095438813,0.0717819377405153,0.0346190844353093,-0.0100738730272925,0.0915857028552051,-0.0642250941711689,-0.0602884587285974,0.0466434065047205,-0.1258003078381018,-0.012078107166101,-0.0316349683977911,0.2043257143615919,0.0130463671117804,0.0134642168589611,0.0366617554889168,0.0423024578427233,0.0677391079262244,0.0278706344299548,-0.0628981942094355,0.0778051423402464,0.0802670812346773,0.0488566475876062,-0.0335932166952706,0.0636850196101737,0.1302516197112786,0.0286436984807834,0.0197406758889873,0.0715671610099284,-0.2215725013557828,0.0260377849520978,-0.0715220922634826,-0.0410250990827861,-0.1938116237359305,-0.0565965794012093,-0.1402482186032161,-0.0016102599899429,0.1284063287388459,-0.0268934268798732,0.0074765732803321,-0.1254900817091271,0.1166145003293019,0.0800985324974057,0.0922591414955516,0.0486747132914306,-0.0151101590367392,0.1656450386592041,0.0052075396630359,0.3008401242100347,-0.2203088187989984,0.0298774554932979,-0.2167281589144167,0.1828324830392982,-0.0158552855437036,0.2050322779077078,0.3247498683145253,-0.0655315104866817,-0.0108432195670483,0.1724748311393924,-0.2865443758175878,0.1344165523712068,-0.0235270146003798,0.0063793589530549,0.0844038653250138,0.1541378336809382,-0.0344652299050338,0.0040650325352876,-0.0359165629800644,-0.0025464478042851,-0.0169849306008373,0.4220100870235783,0.3266253646179242,0.1831722736922882,0.1593294377189027,-0.1221356372875946,0.0122368844400155,0.2193558693551105,0.2217602754089389,0.1834797804884591,0.1751623533731654,-0.0726030640643302,-0.0112767327795042,0.0445224901583072,0.0569803986078245,-0.100226447329862,-0.2459261346100368,-0.0006776721267693,0.2169167159858118,0.2732311124301847,-0.1321641842051432,stop,863,52,14.29347413456233,-0.0562429479819969,0.1296148977928043,0.0592354974385238,-1.0,2.3045537697329337,1.0532075498155742,3.113238224634391,790,0.7457972528875435,5,0.0442824253003015,0.0955041447703446,0.7487834427057043,0.0,-1.2433044763088223,-0.4975072234212748,0.2702760936496493,0.1442986281115768,14.782269941604312,14.29347413456233,17.797195242818773,0.4275446327828349,0.2118534347615579,-0.0123557727501784,0.0283058003839888,0.4506494728113892,0.0149801764474734,0.0123219896688513,1.0,0.0217083416622188,2019-12-06,23.0,12,0.2993459785555552,0.1806744272949538,False,False,False,0.0,1.0,0.0909090909090909,-0.0652659078818792,-1.9991855724875416
KLAC,Falling Wedge,bullish,1,0.6517498126104608,3,22,1178,1179,2021-05-24,2021,2,30.39621966574803,28.536469565920527,33.30257730002265,26.652583289210558,1.178229689372854,0.0651709944543559,True,-0.0137443578375914,-0.0121742227544534,-0.026022227218245,0.0269286205699983,-0.0333543352314482,0.0406402518908473,0.0939292031153464,-0.0953273893699079,-0.0117909532127974,0.0766135430721177,0.0317451876915892,-0.0037712447907627,0.0033542769330556,-0.0492247341796786,0.0230728657694621,-0.0560884103807551,-0.008127753686695,0.015565935368621,0.0334616425961764,0.0418954824294919,-0.0189284401503654,0.0800220974977921,-0.0219740387732835,-0.0197732076076784,-0.0244123112832528,-0.1103347525042665,0.0130431330041318,-2.3305903318338043e-08,-0.0467238524315605,0.0082491482432054,0.0358271341578622,-0.0518006177976774,-0.0004970077773414,-0.0796658283246299,0.0487183835852766,-0.0788622105156998,0.0762337227028655,-0.011165166220778,0.1424989254096891,0.1303768988619653,0.0101088350231941,0.1675160081185471,-0.0257604013010021,0.0896293864999513,0.0521235052323176,-0.0382489686406857,-0.0359543045550837,-0.0458611022184495,-0.0138513058285028,0.0289785094865473,-0.0417632490871617,0.0802670812346773,-0.0253773952807915,0.0345122497754923,-0.0475915021638289,-0.0351828393901167,0.1482989765371511,0.0124635445002923,0.1723383972279217,0.0862938492099696,0.1851910190895342,0.2418531550081193,0.1265940891701091,-0.0163151547058809,-0.0125414965544219,-0.0812411085129692,-0.0646044065382286,0.1267344476009133,-0.081207147594025,-0.0101521352394091,-0.047364744427419,0.1422794694767442,0.2599741941818814,0.0769877968633385,0.0663730076941617,-0.0297091320149379,-0.0606060097265737,-0.030311800155615,0.2272383540652491,0.1737302726678111,-0.2089032567295337,0.0102688445604033,0.0474944146234528,0.1233669774704071,0.1828158036562563,0.424434356643665,0.0901820567399369,0.0390969209962053,0.0583626381061423,0.0520638740613281,0.0386300679791953,-0.0943405777973851,-0.004878664364931,-0.0531425198878257,0.2278398214133301,0.1834375816001174,0.1857392880709381,-0.2062088828663537,0.1177468079151966,-0.0085081625013812,0.2132430980606594,0.2253301464418025,0.0151232460248937,-0.1402600993284523,-0.0192177633798416,-0.0761487572485408,-0.0701627090038131,0.0901103519715533,0.0600273680561522,0.1701238030499186,0.2386588537715235,0.1860531491166155,0.0731056907576621,0.1461656181673307,-0.0854885868693965,target,1225,47,33.30257730002265,0.0956157596646678,0.1142658680451031,0.1021148539720031,0.7763461356689596,0.9277745154856022,0.8291151223772486,0.7763461356689596,1154,0.4230041286374713,7,0.1420992106201456,0.0889099650747755,-0.0290677467176426,0.0454545454545454,-1.344764413714641,-0.9217602850771692,1.256586614461939,0.1120620250581375,28.536469565920527,26.652583289210558,33.30257730002265,1.1356505389573492,0.2119758122766031,-0.0005702992808022,0.0376651243045658,0.3103025428158452,0.5927073446464367,0.0135423131410936,1.0,0.003735642169691,2021-05-24,31.0,16,0.3260500835969169,0.2163406137695176,False,False,False,0.0666666666666666,0.0,0.0,-0.0171777064908251,-0.2855044599894849
KLAC,Falling Wedge,bullish,1,0.7128584464744233,3,17,1279,1280,2021-10-15,2021,1,31.11759741438008,30.29555235852638,36.16395655403613,29.79036997401414,0.9330291340536176,0.0271341828043067,True,0.0500492774565093,0.0294397654552602,0.1545756153098065,0.0025066931459638,-0.099466755773474,0.0551279323493567,0.0035746258790638,-0.0001052031644468,0.1495042121790659,0.0088915744790898,0.0366287037871668,-0.0420724057103141,0.0276439376195725,-0.0125198387466356,-0.0500941934407017,0.0287748210357359,-0.071960306038555,-0.0545279563239248,0.0260297651050938,0.0150593343605709,-0.0154702668191003,-0.0781713737114159,0.0458528316804134,0.1410555880621933,0.1066387416207792,-0.0212281390591323,0.0163101881383938,-0.0714101716620423,-0.0621856516621743,0.1024672989046202,-0.013205315852526,0.1698710820039095,-0.0070120949422489,0.0918289947866783,0.0933743104825557,0.1053165253673746,0.0645663000566401,0.0068530943237266,0.0672940804571784,0.0037521360332744,0.1422309922406766,0.0196496380059389,-0.0327540270230075,0.0061398481053849,0.094519234089714,0.1022366719224465,0.2683173152572755,0.2158364227534508,0.1245061490293226,0.0262569178402716,0.3546494423836757,0.0618023277040662,0.1045278314819893,-0.0318249273125844,-0.0291990435549162,-0.0133779767590981,-0.0256428478491352,-0.0421666482597129,-0.0137551042399495,0.0038216488110678,0.0832572052650884,0.0732316487619977,0.070314784455169,0.0633217977789895,0.0539380014092554,0.021573181166584,-0.0488360928111597,0.1116805039121093,0.220913375296624,0.2267948317463854,0.1758903389052286,0.1272994563405995,0.2718522644995982,0.1763010677831615,-0.0450273759055968,0.0968036781724011,-0.0246361058033275,0.2037948094647312,0.0009338739693134,0.1078081978535192,-0.073189176329903,0.1451233665043199,0.0408513937239001,0.0767271896839658,-0.0165316320816063,0.0995165947916807,-0.07733566630796,-0.0887525866267577,0.2942720973505113,-0.0124346796891753,0.2248847284527315,0.1503817569540801,0.3061570812681415,0.2443728428873908,0.1849237238092449,0.135285535875161,-0.0659444714225132,0.076378649845,0.0101220493278912,0.1451367229534688,0.0793795744520851,0.0114332822638898,0.4190473291307359,-0.1455985156196744,-0.1394440324059606,-0.0042924073921518,0.0400597589537778,0.1762985253572919,0.3647538618450654,-0.0647486401743746,-0.0112767327795042,0.0566934386443349,0.0162208836898096,0.3630367957424172,0.2237838146633418,target,1288,9,36.16395655403613,0.1621705902437065,0.1907373528356596,0.0133157085939288,3.802181138045708,4.471945031356621,0.3121943132812538,3.802181138045708,1261,0.7282216542663089,5,0.0423757893587635,0.085347278687861,-0.1824300478951348,0.0,-1.790451762557316,-1.0622301082910093,0.2116543582673972,0.0851450259632445,30.29555235852638,29.79036997401414,36.16395655403613,0.8762008434739607,0.0360529470306498,-0.033155748496356,0.0279506717084103,0.0208685790653815,0.2688871181038254,0.0011825949274018,1.0,0.0101270394512038,2021-10-15,31.0,16,0.0245054403795426,0.0245379386818271,False,True,False,0.3333333333333333,5.0,0.3333333333333333,-0.0626927717842765,-1.7215511082759698
KLAC,Falling Wedge,bullish,1,0.7396919170480991,5,85,1426,1427,2022-05-17,2022,0,33.15437998316754,32.439322750510456,42.62915184135673,28.7132525518485,1.1273372829362192,0.0220429149571512,True,-0.0434667064764864,-0.0196501877361882,0.0268744402025287,-0.0243189645211796,-0.0010536629420508,-0.0390467424045772,-0.0328632791078385,0.0499496946046802,-0.0255077762416805,0.013603629203136,0.0032694667158907,-0.0371711682694374,-0.0718461248869402,-0.0689151958194828,-0.0158382228827324,0.0414708480811987,-0.0094890383133255,0.0521034352393001,-0.0181704277828412,-0.0119358774964213,-0.0236213758557793,0.0142052626055459,-0.034551652482886,0.0344841290513036,0.019391168006297,0.1778051027841523,0.037382480627871,-0.0496251572757779,0.017582104798332,-0.0222396705114426,-0.0073525085186699,-0.0471659276400359,-0.0534568750175932,-0.0040008305845626,0.029499010297554,-0.002276615300321,0.0238378689610787,0.0061804939637575,-0.1185488364952246,-0.0992494232265531,0.0327978989262718,-0.0757625517986119,-0.032325796249701,-0.0013047101263953,0.0745465167840493,0.0401680003313947,-0.0617227128126693,-0.0014998844627651,-0.0804062796358772,0.0983460355522785,0.1818324987974315,-0.1352652657097952,0.0447902611340138,0.0354687410229008,0.0873622505872497,0.0929015794792436,-0.0361089223942132,0.1187631496267409,0.0206973976279076,-0.022945457240375,0.0501807924227086,-0.0112880693466695,-0.0137219816313686,-0.1010510250517877,-0.0715220922634826,0.0668404516876288,-0.1337031531753381,0.0634859831416556,-0.074455557544212,-0.0546521879185959,-0.0132484907209112,-0.0318523043908344,0.1270983549124471,0.1356955490748512,-0.2528271457971883,0.23870642230927,-0.0173326961592782,-0.245100857795284,-0.1033780936445588,-0.0085328775832965,-0.0839975982968337,0.1697911171657959,0.220078049631492,0.0296015165349017,0.0438085440767235,0.1297774148854444,0.0444038632243062,0.1053102144774384,0.2117299821540881,-0.0185304956413586,0.275814667546665,-0.1031653692528355,0.1085055975879301,0.0454450911487189,0.1697729469415922,-0.0928894102911992,0.0204635585619434,0.2065831991318965,-0.0620471195213903,0.2995073165609137,-0.1903174917589303,-0.1485177929448519,-0.0478219171414958,0.0080721355585011,0.0881035830572476,0.3266253646179242,-0.0773035843052225,-0.119885437109394,0.0696252260905445,0.0273692753039282,-0.1229999405255628,0.3114862490847898,-0.0495298717051129,0.1670275819104114,0.0693394040121034,stop,1457,31,28.7132525518485,-0.1339529628837515,0.0789652087490106,0.1534960431667374,-1.0,0.5894995306489715,1.145895095280169,2.1334158960115976,1341,0.5615834856714719,7,0.1597680517750782,0.1552160701950999,-0.2014179358085727,0.0129870129870129,-0.9093941044432864,-0.3478106187718137,0.5921366455243033,0.2489102409987346,32.439322750510456,28.7132525518485,42.62915184135673,1.695152151350895,-0.0315488187688459,0.0364171265925481,0.0501952142953737,-0.1438624658370959,0.8960212526320909,0.0290737701987555,0.0,-0.0825094641007874,2022-05-17,29.0,15,-0.1618003450365843,-0.0803556127812291,True,False,False,0.7857142857142857,5.0,0.3571428571428571,0.0596266787953257,1.1542134053117834
KIM,Falling Wedge,bullish,1,0.7711565924717518,3,35,973,974,2020-07-30,2020,2,8.59902199642385,8.42172615047481,12.132265333833502,7.923576550135927,1.2038348793923273,0.0210521979438911,True,0.0187000106263623,-0.0071666451566512,-0.0214053878770947,2.555286022776216e-07,-0.0080320431886773,-0.0348469099754213,-0.0250000610426749,-0.024893881144788,0.0858852133955214,-0.0413717062254346,0.0043205242985895,0.0133194929204314,0.0054811615536305,0.0117649016009742,-0.0376692098829899,0.0832930039130508,0.0818379475555641,-0.0037235863479817,-0.0373636932957084,-0.0137660376853552,1.8842021276554988e-09,0.0114226007173925,0.0162373812912707,0.0694567813181918,0.0359188862467161,-0.0315898002287783,-0.0109058595236499,-0.068492989617659,-0.017029924988227,-0.0029483837420754,2.3231113721600138e-07,0.0430766445423851,-0.2377173595909315,0.1137281065330462,0.0013250764444336,-0.0848819530562223,0.0064777139989991,-0.0031665258496751,0.0467868893614,0.0100219932246827,0.0225634921401052,0.0097646322955482,0.0262705171293038,0.0136917694063904,-0.0041120648620741,0.0778136710217849,0.0578806309706796,-0.0109441717035563,0.0219462629094242,0.0894024539638764,-0.011260103738628,0.0783026245494045,-0.0226409477680963,0.0562962534556017,0.0506381826909516,-0.0538035252068885,-0.03455821213811,-0.0687078792533661,0.157504976685092,-0.0126091530083669,0.0069030026605498,0.0299725970335209,0.0892116466847656,-0.0056897720393812,-0.2188203765489118,0.4966050975915774,0.0033236453614418,0.0320079780126338,0.023679393375825,0.0073258182376618,-0.005395821320971,0.1415787543613473,0.0902864657436899,-0.1045002893664808,-0.5385480600245565,0.2826885498864744,-0.0027887404863088,-0.0269064779876222,-0.0564347236894795,-0.0937304733558402,-0.0889613854152903,0.5080832311635564,0.0304706956504534,0.246177744426181,-0.1050759822982567,-0.0445175274250778,-0.1734086117785638,0.0689030081531192,0.0208567228004528,0.252140984304922,0.0493303689479458,-0.0154563944428714,0.0324640943134901,-0.0327834133246605,0.0710631705064677,0.1674997784079668,-0.035947975776636,0.0779915803808437,-0.0810157248772656,0.1184869975003912,-0.0666325173921308,0.2571420024483171,-0.0023550304070204,-0.1252999767121662,-0.0494252499331568,0.0275519744526273,0.262730739946728,-0.0307307655864634,-0.037628904375206,0.0190662095956062,0.1380400472892524,0.0259984365266683,-0.0360049872357733,-0.0760046581645773,0.0012378369837665,time,1033,60,8.878181457519531,0.0324640943134901,0.1832939724878347,0.0492352635397674,0.4132968289739312,2.333495487899003,0.6268087474790851,5.230982541710003,936,0.7641336712355289,6,0.1061339738969512,0.8329431562700602,-0.2366421538037023,0.0,-1.5440659776770866,-0.7799323064415589,0.2712809394433147,0.1943076500864303,8.42172615047481,7.923576550135927,12.132265333833502,0.3675451009562581,-0.2684635728333945,-0.0978328959068519,0.0427426778326176,-0.4023327827981131,0.8913039421990473,-0.0229481914718147,1.0,0.0432824085002878,2020-07-30,3.0,4,-0.3883753110617063,-0.2574745459455425,True,True,False,1.0,2.0,0.6666666666666666,-0.0458139183563953,-0.9391624807886412
KIM,Falling Wedge,bullish,1,0.7213636117572104,8,56,1045,1046,2020-11-10,2020,1,10.754178408801629,8.373057982178814,11.028803331306982,7.627288524117024,4.503334245145748,0.2843788292987799,True,0.0818379475555641,0.0699970209326352,-0.0517956909533564,-0.0088660445363454,-0.0030592540513092,-0.0150709539461891,0.0523173739063989,-0.0031867214675962,0.0197401888256638,0.0326429327106256,0.0114462862557607,-0.0197607672868627,-0.020702025730414,0.0850513773218244,0.0148849278670364,0.031708328197886,-0.0128489498913404,-0.0608195924287739,-0.0231727083757571,-0.0357842202643517,0.0160271756502834,0.0066224948170019,0.0810692397245549,0.107681525227649,0.0885457955378596,0.0525046881165642,0.018878832444217,0.0153773623671469,-0.0163931461280785,-0.0589871767667904,-0.0142629094275852,0.0678304029404512,0.112757696011787,-0.0346919730239703,-0.0190164614837483,-0.0610570086324252,0.0239021370420466,0.0366377758093008,-0.0894069446659855,-0.1017579465680093,-0.0320988097583241,0.0078088422585347,-0.0466834220562584,-0.0123573366851359,0.0132222436160891,0.1145711829571577,0.0832658635951757,0.0539447851502115,-0.0621261641757676,0.101028548976084,0.0172957131894913,-0.0903589143511522,-0.0847912497364946,0.0060209104223805,-0.0381418239854388,0.0112299792279229,0.0310525381722825,0.0693592105833265,-0.0569590068894346,0.1119115895914184,-0.0435060510648768,-0.0487373547972386,-0.030823758127021,-0.043599191146152,0.0093553405593889,-0.0472153865233863,-0.0597329090659703,0.1832694166991211,0.0865392917172516,0.120269569062134,0.0459562931136547,-0.0451791893636757,0.1087280832502979,0.10217702928406,-0.0075352981410919,-0.0603373888780036,0.1826792851612002,-0.0356423476224184,0.0617554968673075,-0.2505131457435966,0.0493303689479458,-0.0973216172518245,-0.156846862754474,0.1100251600068891,0.0598479855331259,0.0773333138335563,0.0739130111373262,0.107643273605166,0.1344333604112619,-0.0538120829761405,-0.1050759822982567,0.1074894464117013,0.2370857290519434,0.1367081807381902,-0.0811401095150649,-0.0440063217398492,0.0513292837475432,0.262730739946728,-0.1707522459285083,0.1369125907260557,0.219416550013171,0.097069449437154,-0.0977153704458834,-0.0296568166634891,-0.0898678979677174,0.2058154124294653,0.1013057229917022,-0.0163047752495215,-0.1376228127820181,0.283261590913193,0.2849251858052333,-0.1405514872289547,0.008392572350125,0.07813667615857,0.1910018322020467,target,1048,3,11.028803331306982,0.0255365786270189,0.0315867145705781,0.0495334184451699,0.0878268607572195,0.1086348340898335,0.1703581637992068,0.0878268607572195,988,0.6067391815242379,5,0.00220192749524,-0.0796812408978249,-0.1565389622317528,0.0,-0.9552984683388508,-0.3485592868146132,0.4421353138952416,0.275045217814272,8.373057982178814,7.627288524117024,11.028803331306982,0.5790114276679921,0.1529870468708352,0.2216312270811313,0.0530409878851408,0.6274291856294065,0.6966295626382295,-0.0022108546698011,1.0,0.0111674250254241,2020-11-10,3.0,4,0.5046939122172882,0.125665000808111,False,False,False,0.0,0.0,0.0,0.0637711363968699,1.028283214821942
KIM,Falling Wedge,bullish,1,0.7060762374135627,5,37,1594,1595,2023-01-18,2023,3,17.66432750566588,17.965083219940198,19.56443881322511,16.790398918871787,1.3562888685339634,-0.0167411255819007,True,0.0454330206272148,0.0172074242636399,0.0273269658193062,-0.0092896094011443,0.0253777241221144,0.0266875972676416,0.0321605260617121,0.0285882243848107,0.0111731471977254,-0.0113792561333819,0.0206896324880352,0.0044599228236477,0.283372216214826,-0.0110519303827936,0.0680114895313295,0.0133332635199732,0.0336056575976009,0.0045599661395552,0.0026141924811635,-0.0296763617142771,0.017142645415215,-0.0004747021945921,0.0185714550652914,0.0662566833688151,0.0111920786683992,0.0388078165673804,0.0146630991109188,0.0159996319291932,-0.0115178728699804,-0.0425965416107685,0.0648044479927212,-0.0164028483240937,-0.0197334073154605,0.0321509648530722,-0.039949251800914,-0.0054112731811182,-0.0373134627568665,0.0465514160045255,0.0340024038917594,0.0034271502797162,-0.1666391299227777,-0.0525293407389531,-0.0562747331838867,-0.011936993074912,-0.0399819097385512,0.0787506750632649,0.0080452966596504,-0.0551866790338422,0.0391218331940688,0.0512150695665047,-0.069475502318688,-0.0946341666798874,0.0248090883338936,-0.0720000938390637,0.0239274390331849,0.032272030677384,0.075849439130236,0.0640935730000644,0.1481301055421355,0.0131998360700484,0.1430098169673634,-0.1540830504170137,-0.0042934192938602,0.0085223079218412,0.0176776543036771,0.0315638424695752,-0.0456431659940883,0.0524557456684724,-0.0062406225071419,-0.121312740597232,-0.1386488914987715,-0.0671063705998771,-0.0644038302277812,0.0776185938132518,-0.1350955882865975,0.0218483477936874,0.1714900376960493,0.108571415428083,0.1270832891205153,0.0381414507622448,0.0815505598112984,-0.0538207333282609,-0.1246219377123369,0.0181126341416744,0.0061843713120197,-0.0758336892509121,0.1216395137019947,-0.0445175274250778,0.1010592170872999,-0.0568959305249402,0.0399265052879853,-0.1358592570272481,-0.1045530242736395,-0.1679241038087914,-0.0560344520726756,0.0756338252549568,-0.0055279598431867,-0.0337168438920337,0.0064024118775309,0.0860318562031849,0.0087554917879557,0.0694972137595086,0.1220348587253157,-0.0232751373169949,0.1034024247218627,-0.074558510680501,-0.0159734473206873,-0.2150680874989582,0.2117012282753398,0.1216937028600964,0.2530418344921825,0.0584913138756897,0.0578199277173872,-0.0058209746399625,-0.1417795580879401,stop,1627,33,16.790398918871787,-0.0494742065053865,0.1012778161822814,0.0733554425214686,-1.0,2.04708318406794,1.4827007384844453,2.1742180497030863,1554,0.3622637424955836,5,0.0261809042697969,0.2173672961012542,0.0520744413568474,0.0,-0.7946947072844387,-0.4324309647888548,1.6112078990556833,0.1045585863189267,17.965083219940198,16.790398918871787,19.56443881322511,0.5314469365879759,0.0024530949983125,-0.0108236732822438,0.0297758673134661,0.0374171587429115,0.0394745758032796,0.0013666633858888,0.0,0.0214468569719334,2023-01-18,2.0,5,0.0408498870283944,0.0141022673829094,False,True,False,0.25,0.0,0.0,-0.0475557922844146,-2.3376097387374704
KIM,Falling Wedge,bullish,1,0.8289547114253772,5,51,1874,1875,2024-02-29,2024,0,17.35894592489125,17.23560160539394,20.10257960229356,16.547295944963174,1.5256973468340778,0.0071563686792754,True,-0.005126315225736,-0.0165806164936176,-0.0087001290186338,0.0140038246900469,-0.122738973618764,0.021266152791953,0.0657309901166169,0.0118008627648538,0.0488314629474464,0.0448452427827288,0.0846671950210664,-0.0114072037440808,0.0657309901166169,0.0177823359564941,0.0014665693894166,-0.0089584796994185,0.0407469803719828,0.0045640348769484,-0.0333035020590445,-0.0269282531378295,0.0143229394492518,-0.0062421309336571,-0.0160003606789357,-0.0339036468585545,-0.0456329968219317,-0.0139038211339758,-0.0527999867932109,-0.0018848101000716,0.0254195863126887,-0.0025618095682182,0.0119759845707847,-0.0705308209291782,0.0079914105030705,-0.1888888289394336,0.0090854858574009,0.0068559202849973,-0.0226053458472353,-0.0440588358215928,0.0011921321983872,-0.0628353220416393,0.020116095191252,0.012024874607512,0.037849204128282,-0.0032633501092906,-0.0411458754445257,-0.0153052412048546,0.0077206116822678,-0.0231551046596583,-0.0249107557494864,-0.0774076851982161,-0.0211577946697441,0.0263448238612924,0.0775337617472136,0.0105421919063222,-0.0114832428468265,0.1179065621342727,0.0009479093110245,-0.0808245829852662,0.0186653998274253,0.0410957610625488,0.0173299527823691,-0.0697064508836801,0.0864083276025184,-0.0900856576874482,0.0114370861013339,-0.0973672499579373,-0.0321634661813395,-0.0350358361045982,0.0143171589786789,-0.055486782929399,-0.0571747863108431,0.1600970885582537,-0.0801073669296927,0.0375383000635567,-0.0336763206834855,-0.0883504926951972,0.1479501114133918,-0.0091578195103505,0.0261629910366485,-0.030793621349069,-0.0176383303789264,-0.1490927916631435,0.0097471428509909,0.1071323638979075,0.0214872229653262,-0.0591084865370801,-0.1827450001969403,-0.0579888631994043,0.072976003823759,0.2077242514153785,-0.072370282716226,-0.0559760879376838,-0.0508618408966443,-0.0942918346822929,-0.1476889409863856,0.1078044099140524,-0.0832949673981306,0.1067837895562819,-0.2060419731253487,-0.0809733039274644,0.0175038066782042,0.0657981751357081,0.1424654619348104,0.0310402403078002,-0.1350228808262694,0.170491413910129,0.12355708595295,0.0747983655174415,-0.0267469637904375,-0.0578734033933836,0.1339635230437994,0.040135561953281,-0.0648600284809431,0.049481235545195,-0.0639278712727088,stop,1899,25,16.547295944963174,-0.0467568701141143,0.0154288059995884,0.0626810727203001,-1.0,0.3299794439177183,1.3405746057706904,3.380316325080725,1823,0.6440188964945714,5,0.0246563460952457,0.3473509445362333,-0.1745168409157418,0.0,-1.0743972618116422,-0.4303783653170747,0.4005191295211181,0.1209132277263521,17.23560160539394,16.547295944963174,20.10257960229356,0.3524657616773182,0.0409876531496828,-0.0344772680943592,0.020242906822456,0.0787829642026467,0.7142849357769175,0.0117167867746466,1.0,0.0521868254653001,2024-02-29,29.0,7,0.0862898167031902,0.0709450276602072,False,False,False,0.0,0.0,0.0,-0.0211659031573106,-0.506130319798369
KIM,Falling Wedge,bullish,1,0.6056948277573897,3,30,2283,2284,2025-10-16,2025,1,20.59670864867368,20.3496176554774,22.035783927432878,19.805151073617907,1.6346388045609883,0.0121422916823092,True,0.0296570484088736,0.0110671760178022,0.1680090053901979,-0.0135134201582681,-0.0021731570610064,-0.0308426477981363,-0.0102669187578362,0.0143481694477265,0.0510867928398754,0.0322732528563149,-0.1027933767285329,-0.0391211701378468,0.0004178326137966,-0.0118005610848744,0.0539266665798061,0.0017918866082373,0.0111731471977254,-0.0372342715471598,-0.0049088969526817,0.0220283906849825,0.0151388576616613,-0.0021636546285493,0.023888252057602,-0.0273401170137369,-0.058166489092403,-0.0128634011482378,-0.0872709855298055,0.0458852203546247,-0.0184539924780609,0.042477151853794,0.025555614866509,0.0163588153219682,0.0361506278608678,0.0130998410760239,0.0834819192805687,0.0205719991261532,0.0198261386485423,-0.0103871813937975,0.0201273976039229,0.3125589355655984,-0.0127581420117496,-0.0588507951141964,-0.0202642628762534,-0.0915994579815844,0.0201728418376005,-0.0445310312568613,-0.0532900377049261,-0.0723043971554402,0.0725967519638921,-0.0352089668609771,0.0496062594106399,-0.0166170334949661,0.1461455259476995,0.0399489523377287,0.0225000073231791,-0.1505300288520833,-0.0153388972528297,0.0602921776007485,0.0165746526801484,-0.003197882881514,0.1178061552423077,-0.041716124068773,-0.133266403636196,-0.099515853448927,0.1869415629067008,-0.0365534613529832,-0.0530373490560244,0.1256589122248164,-0.0659444855415555,-0.0537175928443375,-0.0874703968137905,-0.0983855672357576,-0.1461081209692327,0.0215453895002495,-0.1013923014303223,-0.0311318131841188,0.0693125845380668,-0.0958018180940496,0.0239290612200218,-0.0482364257027629,-0.0577907706024759,-0.1259538798276248,-0.0224088535941393,0.0476941255420486,0.0251601843208693,0.1767808496195899,0.0519681169797081,-0.0463945860588032,-0.0002628853055912,0.057610796952374,0.246600617848987,-0.0510543280701893,-0.0349421159198239,-0.0900141735735475,0.1436467763981208,0.0144835176141395,0.0652437244988761,0.4621557942427996,-0.0149334170321003,0.048244872162541,-0.1491278299325095,-0.1627125203766122,0.2054473234299956,0.047695024169758,-0.0752764195250579,-0.0857343961840404,-0.0624368995064423,-0.0063006795174398,-0.0038869838088955,0.0433673334615298,0.1017540364613844,0.156158794310028,0.0214985245664249,0.3624857314177931,-0.0905307312623386,stop,2294,11,19.805151073617907,-0.0384312653326164,0.0403150772989013,0.0426320891344318,-1.0,1.049017693015853,1.109307454892729,1.8180298238669468,2252,0.4663733624445503,5,0.1234711054848647,0.0227478770676605,-0.060156025612351,0.0,-1.4461349502423178,-0.97976158779777,1.0012578086389112,0.0512833134395966,20.3496176554774,19.805151073617907,22.035783927432878,0.3490503870403356,0.0264357553631211,-0.0030787771028466,0.0169233749885772,0.0969859416714442,0.409091106130831,0.0073698751103001,1.0,0.0003195248407501,2025-10-16,4.0,14,0.1006451077230132,0.0474299216875617,False,False,False,0.0,0.0,0.0,-0.0238460413354052,-0.6193527907120197
KKR,Falling Wedge,bullish,1,0.6063331423980215,3,26,1191,1192,2021-06-11,2021,1,54.1161070635134,53.27587085802469,56.85872957890348,51.22558976304423,1.19606940267069,0.0157714213199415,True,-0.0030054370922482,0.0162028049685054,0.0017071519975211,0.0728227197811171,-0.0276014294982853,0.03074552543075,0.0276391332621857,0.0857971642618049,-0.0374998995356249,0.0171265726204601,-0.0447522932230308,-0.0765758618783711,-0.0215877791302814,0.0001960440213111,0.0378785980334663,-0.0228027391871182,0.0043051503931732,0.0116855472552943,0.0112396214291077,0.0518036416300244,0.0281177731131254,-0.0043938808592833,-0.0102979750881155,0.0742575377246412,0.0658329064828588,-0.0547715249231994,0.0491664415349246,0.015631539878262,0.0777183180750866,0.0106995518983099,0.0181445681255671,0.066828573143888,-0.0012908281981499,0.0422338474368466,0.0094711704378263,-0.0442299567819424,0.0777279957059673,0.0211072582776721,0.0420842099416436,0.0570762887675457,0.0219046750232907,-0.0064679639638275,-0.1122068958234471,-0.0735864659800092,0.0233031364818405,0.0622303407717364,0.0689533736591749,0.0357798940182063,0.2211756304738628,0.0701861004741466,0.0514136115674359,0.0130712317846266,0.0381494742210226,-0.1029569488284918,0.0664102210772672,0.1161982499740794,0.0969517004439104,-0.0754625769722465,0.0904256095819477,-0.006116079900447,0.1213534911002811,0.1677551376652775,-0.0436466065174329,0.0280085871211994,-0.0970523960541649,0.1404826978754263,0.1201852597167028,0.0200000149098986,0.0171267531734598,0.1817537401796536,0.1366427314567229,0.1255640346020823,-0.0849786758432922,-0.0464538742876089,0.0766785596007764,0.0217567393309994,0.1360455010935639,0.2297136183987362,-0.0389709418229448,-0.0040708454804067,0.1018669617136787,0.0179625693000369,0.2421712393809587,0.1268627353922418,0.0049794832267762,0.0516456935637712,0.1503724124904202,0.2072870673032356,0.1771201878482782,0.0608742995499556,0.1288359722896785,0.0974906032971067,0.1122346221468573,0.0450694597057512,-0.0290263098598956,0.1470206152592761,0.1778878629939384,0.0028798681025756,-0.0938515948327401,0.1778878629939384,0.1433919318388954,0.1719923501603972,-0.0099875873059197,0.0495131302538791,0.1564127732308295,0.0950000160418629,0.0660327449090514,0.0587656147703399,0.0637443155832102,0.1033467869942781,0.1036259882928092,-0.2356723376220026,0.0229555504247929,0.0611868910826542,0.0505792984812487,target,1199,8,56.85872957890348,0.0506803364878261,0.0586985550423064,0.0334159144827196,0.9488344923398024,1.0989511422842535,0.6256109262790249,0.9488344923398024,1164,0.4897472065442801,5,0.1143772739595477,0.1309208641687866,-0.0783897069239936,0.04,-0.7572420960696242,-0.2674948895253501,0.8848028344873717,0.0822717284868835,53.27587085802469,51.22558976304423,56.85872957890348,0.8959657973561969,0.2958716192841533,0.0334077256746243,0.0165739425485544,0.45113417761857,0.985296510094976,0.0055339001868783,1.0,0.0341962937187785,2021-06-11,52.0,3,0.427018425250919,0.317592560390908,False,False,False,0.0,0.0,0.0,-0.0297930405382181,-1.074073111691223
KKR,Falling Wedge,bullish,1,0.8298533342080473,3,24,1317,1318,2021-12-09,2021,2,73.38620989198547,72.67833939534472,81.32748349596181,69.4029811894768,1.128953687747994,0.0097397725722678,True,-0.0693806857019365,-0.0634563445761975,0.0051083487955141,0.0340516305787683,-0.0047218154131015,-0.0549530350643023,0.0479169619892958,-0.0125422302137213,0.123312386847969,-0.0073351472420081,-0.0406128915466178,0.0151920416747766,0.0205394553204856,0.0714722460653363,0.1207112977160385,-0.0586293169902842,0.0389123979402596,0.0412538276388969,0.0353209786738795,0.0356048623728011,-0.0872083114792268,-0.0894696614792189,-0.0810768870112135,-0.0085091326549214,-0.014952351718359,-0.0039486244991284,0.0597114789124306,0.0255103057614021,-0.1291374245574745,0.149277594043961,0.0261961987645447,-0.0346373184467225,-0.0081071752367115,-0.0254585350555719,0.0087223752063401,0.0623078557394387,-0.0296260484067701,0.0559125573327141,-0.1311501749351856,-0.1300346673766085,-0.0012908281981499,-0.1006936467005685,0.0575318474557835,0.0065622690490969,0.0565516811942095,-0.0042191186572729,-0.0901949651333148,-0.0869928204283309,0.0161482598762583,-0.0512823475204583,0.0303276052088632,-0.099698020931794,-0.0414700072230228,-0.0612526499339335,-0.050552848353586,0.0060642450834935,-0.0098480225558875,0.1120487744290106,0.133695288335893,0.1363633070066252,0.1452453427397668,-0.0191498052420081,0.047226145151604,-0.0134184193730573,0.1165611364133962,-0.0166473344503733,-0.0817055098539758,0.0958952723396504,-0.109922485690638,-0.0740936057831646,-0.0306209887323479,0.0975799710205114,0.045877451702798,0.0191782312809829,0.0789728662569855,0.1860150387106842,0.0066797329381453,-0.0906704090128246,-0.1507299447754277,0.1496402578129352,-0.047662341366873,-0.1126937830738729,0.0229069517111535,0.3919355947521672,0.223699347777327,0.0409009036600891,-0.0217102705085976,-0.0017859401553861,0.0263439153332958,0.2639359455626009,0.1260663727607345,-0.136817600402536,-0.3141492720810265,-0.2043575132266543,-0.1510213583346867,-0.2298365830741559,0.0229951526962111,-0.0476537306725377,-0.3169966233520951,0.1705345264626179,0.0917509148343054,3.563925898397713e-06,-0.021751445460397,-0.1497661907542027,-0.2176371587914236,-0.1024234993108602,0.0710376102064502,0.0636569472086321,-0.0537844926845738,0.1011736308748818,0.0172150192794242,-0.0895244309311393,-0.007134614085423,0.1463500115466212,-0.2790086345602038,stop,1320,3,69.4029811894768,-0.0542776184840645,0.0053672426415143,0.0680717114590599,-1.0,0.0988850062220425,1.2541396133480929,1.993677540778632,1291,0.587080731652259,7,0.104126141321292,0.3265439533612071,-0.2629543377344948,0.0,-0.9803560550769576,-0.3932753234246973,0.6323706121920148,0.1091789055653871,72.67833939534472,69.4029811894768,81.32748349596181,2.387971553892277,0.2382693657213506,0.0318805080184976,0.0328103813211871,0.346332312575029,0.0903625809476117,-0.0055858584300519,1.0,0.0058884585804643,2021-12-09,52.0,3,0.3409335627694658,0.2363760011390057,False,False,False,0.0,0.0,0.0,0.0284235881718357,0.2873742844643909
KKR,Falling Wedge,bullish,1,0.6438436054805304,8,114,1468,1469,2022-07-19,2022,0,48.79381785062205,47.21155119374731,69.53286495289984,41.23963683532872,0.9147065891774612,0.0335143967284916,True,0.0116807393033997,0.0157062870851685,0.0021668373213219,0.0261489604381714,0.0108871135782491,-0.0021569068700415,-0.0223750770290753,0.0421973287340655,0.0356954615880242,0.06001689529571,0.0428358769860546,0.0205619202774463,0.0068504403593387,0.0388200980574675,-0.0036390530032114,0.0510961642171621,0.0093642398709743,0.0411773055595077,-0.0722445230087902,0.0147221032650444,0.0202309464396193,-0.0446445750104604,-0.0022048385499291,0.0342507378445373,-0.0054723275899515,0.1742476353821018,-0.0744351842254551,-0.0129309570221118,0.069629067957132,0.0869568434422007,-0.0575893486781498,0.0030324499547229,-0.0794180907666491,-0.0256133035624545,0.0477356920322393,-0.0563191231955757,0.0777183180750866,0.0127598883064652,0.0138132187354043,0.0046597342537912,-0.0096690685798949,0.0211072582776721,-0.0312703648746501,-0.0476913594817823,-0.051032460738727,0.030966195579969,0.1355556657424008,0.0406947053126547,0.0217804063059763,0.1259141088319846,-0.1006843734756314,-0.0162721794213918,0.0286481311072848,-0.2251974998051978,-0.0710541436991543,-0.0292007620708776,-0.1039331670852032,0.1095562667012721,0.1691128085468716,-0.043059602481846,0.1410002392372933,0.001730456400621,0.0834234644059779,0.1465275467503466,0.0341235528248013,-0.0480379426801751,0.0187371344726072,-0.0129962533148624,0.1240497561648659,-0.0046022638042405,-0.0100295992385256,-0.082203347562053,-0.0464538742876089,0.0672080642048107,0.0506223772569573,0.1085697842108921,0.0999406975652177,0.1745288318774811,0.0595824177539319,0.0271016641563714,0.1116177202396708,-0.2514348506879673,0.1780477646387381,-0.0597004103807412,-0.0241503029909425,0.0968222046722973,0.2310270928326276,0.0598182522214181,0.1638680599130246,-0.1305092447035353,0.0124448995468406,-0.0469396538281121,-0.11895174756797,-0.031186354365959,0.0250852128824985,0.0484807236357671,0.0451675981060692,-0.1618484719133012,-0.0174125058637609,-0.0823025592329453,0.0028798681025756,0.1351699350631703,0.0186903557187749,0.0754819361018983,0.0108876399771193,-0.0144970763810147,0.1543576463752769,0.1732320446251614,-0.1145156848378469,0.293174862757166,0.0654611365879069,-0.0917135392527658,0.1380276449460238,0.106330518336718,-0.1594586118546946,stop,1521,53,41.23963683532872,-0.1548184042171034,0.1450847949813881,0.1560758114572624,-1.0,0.9371288621340796,1.0081218201835722,2.745373331707555,1354,0.5890870580825567,7,0.1556663752131994,0.1681982448653907,0.0445329678101706,0.0396039603960396,-1.076857829474364,-0.4877707713918084,0.4890718959458247,0.2586343469003552,47.21155119374731,41.23963683532872,69.53286495289984,1.876844995174687,-0.180559636538246,0.0159959516614653,0.0382527527522202,-0.2640838023099293,0.9692301372114042,0.0176552996536216,0.0,0.0721863442252068,2022-07-19,38.0,4,-0.1911432479909763,-0.1552286786336797,True,False,False,1.0,0.0,0.0,0.0137130811731938,0.4327742935225822
KKR,Falling Wedge,bullish,1,0.7130877938005175,3,35,1585,1586,2023-01-04,2023,0,46.41596890223276,45.58037764136566,55.72523706754765,42.94510208494307,1.0084926810897945,0.0183322583994736,True,0.0933640095420142,0.0572117806401797,-0.0265718410841749,-0.0240866768841987,-0.0370019128768526,0.0366554366268079,-0.0171935757294121,-0.0487908883962319,0.0763097618961523,-0.0068251520532647,0.0419739021187184,0.0268892261351945,-0.0227343926675651,-0.0180808233899563,0.0302499101529407,0.068840720316089,0.0228988951501751,0.0243026642365709,0.0942515885127193,-0.0586319428138571,0.0375001255123299,0.0647482740733687,0.0801288446002366,0.057148934559305,0.0390202415447085,0.08685674199204,0.0728870977253739,-0.1136563307631198,-0.01159854864065,0.0769597454159438,-0.0156360998698203,-0.0296983906057106,0.0121673660679295,0.0702857480225056,-0.011575466350335,0.1094901036677431,0.0443398516159823,-0.1388814708269827,-0.055885446754272,-0.0176759667658863,0.0183165932514026,-0.0016853429255722,0.0849902648868172,0.0486871638289618,-0.006963770396407,0.0460627424305078,0.2143603278191361,0.1225129282381585,0.0803681522577282,-0.0435592911736788,0.0154850525777876,0.0649932415642002,0.0106597435080439,-0.1422920724325679,0.1060606006952684,0.052430667664683,0.1563979900295262,-0.0045808901072582,-0.0595184217420903,0.0822539440298113,-0.0167607748885635,-0.0736336343226176,-0.0074625950272315,0.1336253044448465,0.0307690192827028,0.1377018935311778,0.0108956336050656,-0.1528507177383425,0.1953111855312116,0.1955263980412551,0.1366611393788663,-0.0734162903397079,0.1004511020973655,0.099431065505543,0.1546995984046535,0.1676282116582739,0.0772659223858707,-0.1116624653299406,0.1098910913139621,0.2009161981111011,-0.2071811737965245,-0.2514348506879673,0.0976637651673246,0.0342325617163075,-0.2926448630441653,0.0277776269060412,0.0479181152379744,0.0608742995499556,0.2201832982826361,0.0203839733484001,-0.1379534761112032,0.1782752125224601,0.1023355727228787,0.0257545505081544,-0.005382354304656,-0.0456128255713854,0.1491442028359071,0.173672894022492,0.1945865120954759,0.0656924875601985,0.4480831893875363,0.166408936170094,0.1578145643368749,0.1999489453606913,0.0415871568723849,0.1404159081060847,0.015424224109604,0.0347942101442713,-0.0185513840294528,0.2562223729666275,0.0422695684223064,-0.0274560577046466,0.1608001640299265,0.0669776201982472,-0.0085064440275503,target,1604,19,55.72523706754765,0.2005617546177536,0.2015910387844288,0.0159096337047216,2.6821162134317382,2.695880850448052,0.2127598384373969,2.6821162134317382,1550,0.5212681623076126,6,0.0793191525501802,0.3223032056845643,-0.0961051612244937,0.0,-1.4029859918697427,-0.8817178295621244,0.6991528540574758,0.1154755795157483,45.58037764136566,42.94510208494307,55.72523706754765,1.4165348369896935,-0.0511881500170636,-0.0305375297382011,0.0303088960821685,0.0219776085694596,0.7426454913664484,0.0175660833605655,0.0,-0.0352055983481744,2023-01-04,38.0,4,0.0834964870098686,-0.0246179484924878,False,False,False,0.3333333333333333,2.0,0.6666666666666666,-0.0023780662328084,0.2931908402756443
KKR,Falling Wedge,bullish,1,0.617493766359818,3,47,2386,2387,2026-03-17,2026,0,87.71088721387163,85.89062939773885,135.5442661540842,79.18650601562035,0.497071462924505,0.021192740452554,True,0.0324815808493959,0.0525248510881384,0.0101223266712182,-0.0402717273111709,-0.1210310231199037,0.0250865870269196,0.0287920892438588,-0.0207469077757406,-0.0538188390612137,-0.0626793162889188,-0.0636595667089381,0.0028024984485988,-0.0120270335559347,0.0309199129770019,-0.0046569143964897,-0.0357141448035239,0.0539923304442184,-0.0872083114792268,0.0011023232771931,0.0125338256645188,0.0492815087894418,-0.0298166498286297,0.0483314324387319,0.050539429588515,0.074843512184467,-0.0094974783103284,-0.100106489627268,-0.0594172040502498,-0.1087324317000805,-0.1165788215764589,-0.0439517274986467,-0.2266589761489724,-0.0306013089817108,0.117169481046538,-0.0144141585208569,-0.0978558001298436,0.0091814291973642,-0.0070461911947544,-0.1056655533035688,0.0549154602620323,0.0619368888110933,0.1094901036677431,0.0057587119779876,0.0795802554742293,0.0312912506514779,0.0730995575862287,0.1794434049398092,0.1293333283356799,-0.0293219187281466,0.1522498604964524,-0.0558860002142993,-0.1028567630440239,-0.009978367345394,0.071700150236353,0.1238251406689012,-0.0354901605416753,0.0332287374720401,-0.2318333712868804,0.0512918222081721,0.0957360745548312,-0.0171279356360272,-0.0080669988419534,-0.001440940584602,0.0384377361382728,0.1371797044396381,-0.0412286559062002,0.125061883221385,0.0579711183514957,0.1617708491568923,0.1065303207787118,-0.0071468420981968,-0.1696256734197277,0.1070665736039062,0.0409392735245721,-0.2183431119530016,-0.1946076864416398,0.0939786952662793,0.0448692521585101,0.066834326236624,0.1177859257182043,0.018606925599109,0.0026797300076475,0.096470122726302,0.0602203766787494,0.1817537401796536,0.0181531561586894,0.0730012859152313,0.2421712393809587,0.087040747786576,-0.0275820680439408,-0.0093878207762811,0.0749290702633907,0.0844634053762047,-0.0223875158161825,0.1999489453606913,0.090516871355315,-0.0845634927599354,-0.3625106543658459,-0.1526211707188034,0.1522532848754789,-0.081084977238655,0.1450016056166745,0.1466743713490741,0.1519693268929038,-0.0138863712078204,0.0702530978610351,0.3395170941540582,0.0917509148343054,0.1152287107994014,-0.0490257379954361,-0.1666839090423659,0.0492322895380046,0.075845408310019,0.0047654601243918,0.0483343519890802,time,2446,60,95.11924743652344,0.0844634053762047,0.222600819230446,0.0197615816833026,0.8690789454807097,2.290431985050412,0.203335095167664,5.611360851627012,2339,0.7017757671805427,6,0.0872390682823008,0.1139347795438934,0.5043675640385368,0.0444444444444444,-1.7360266205489494,-1.034250853368399,0.334001908511477,0.205829918959609,85.89062939773885,79.18650601562035,135.5442661540842,4.8007259769831645,-0.2914355016119552,-0.1749124978372156,0.0541675498385484,-0.3828564710387452,0.6794122662932753,0.0126597270159021,1.0,-0.0176613150552631,2026-03-17,40.0,4,-0.3411650809269421,-0.2606970971421436,True,True,True,1.0,2.0,0.6666666666666666,0.0353667852851262,1.335714519825051
KHC,Falling Wedge,bullish,1,0.6276965821399272,3,35,1222,1223,2021-07-27,2021,1,30.079255510730047,29.96864360538555,33.85830602948121,29.482221291540803,0.85386798657427,0.003690921310987,True,-0.00536427897541,-0.0087076598594488,0.0088325344038397,0.0384474286147393,0.000530030201562,0.0306728675105736,-0.0348273825996158,-0.0168641155786667,-0.0198017957110604,-0.0157728556795914,0.0721832122045225,-0.0220393623510027,-0.0361865278788671,0.0132879235229323,0.0194817708599464,-0.0477130918632237,0.0222395319172925,-0.0248447089830148,0.0214764435340979,0.0221465889113692,0.0393015274382162,0.0430607793521646,-0.0110448188667207,-0.0429122031364133,-0.0497353320206102,0.0108878601033011,-0.015901699889826,-0.1415644173126878,-0.0334683359179224,0.0178202785135697,-0.0638095517570689,0.0174914950876081,0.0388119402666438,0.0464474209989809,-0.036633567924454,-0.0170402899201518,-0.0320039587457483,-0.0857718189028582,0.0737741741202004,0.002381573478559,-0.0313048842802367,-0.0034842230041635,-0.0424354126039774,-0.0474179636784425,-0.027318071960481,-0.0243852304699555,-0.0664114086781173,-0.0852659833068902,0.0243991373832057,0.012045374040229,0.0508643635987464,-0.0291392488106758,0.0478771640888286,0.1137771168800581,-0.066059553258455,-0.0599422407329258,-0.0076118150676944,-0.0058813158990398,0.1183566380151128,-0.2682773419879843,0.1311382085018448,0.0558922050958383,-0.0122434325740842,0.0716958306474466,-0.0734960950810942,-0.0112359787282775,-0.0187435531891124,-0.0990078485869679,-0.0651317893948673,-0.0668051261242459,-0.0658562459819036,0.0075775687080652,0.0129208674669738,0.0237074692299468,-0.0870079044745838,-0.0340011298923658,0.0301535140331503,-0.0417419462617499,-0.2576763082288815,-0.1077363565896476,-0.0133744340538253,0.0629219373895946,0.0669732738048818,-0.1900011970787946,0.0232878917463756,-0.138127348003171,0.1196381111833844,0.091194881844322,0.1409519623677499,0.0158103381498178,-0.0178353737700884,-0.0521869170028036,-0.0464003659636133,-0.0786497090803498,-0.030857099586704,-0.3206142910638098,-0.0197065566191132,-0.3696498969482849,-0.1297011393008867,-0.0599246863367338,0.1722675458928033,0.3230034297171251,0.1230506896554539,-0.1891928498225609,0.0986502654656775,-0.0801338588929202,-0.0447011532622301,-0.1167780732928784,0.0609763838268777,-0.118001745092613,-0.1108545044664465,-0.0210682239437826,0.0106587983106958,0.0418019783137726,-0.0073616165912853,stop,1228,6,29.482221291540803,-0.0198487033356349,0.0020432004045486,0.062835273452199,-1.0,0.102938734586276,3.1657117540463733,6.32970506093104,1186,0.7730500095332922,6,0.1677467804529572,0.0833119620367464,-0.1238924965703311,0.0,-1.3578579909556163,-0.5848079814223265,0.2196586653253754,0.0799669766808011,29.96864360538555,29.482221291540803,33.85830602948121,0.4564844651447059,0.0679280064555765,-0.0534379124211578,0.0151296847842904,0.164120425121615,0.4782644751463745,-0.0007588503158165,1.0,0.026996138847499,2021-07-27,54.0,5,0.1561036956719927,0.0864721051263759,False,False,True,0.0,1.0,0.25,-0.0366799545727642,-0.7262775683527533
KHC,Falling Wedge,bullish,1,0.741492766936738,3,31,1254,1255,2021-09-10,2021,2,28.411648469573148,27.994184075747285,30.55299599757761,27.41515041855273,2.570142394581441,0.0149125401439198,True,-0.000546886074626,0.012438911883209,0.0257973668123279,0.0021633810720662,0.0118666348932849,0.0515391635922757,0.0165670753046491,-0.0080302294867955,-0.0343459259509543,-0.0120683569488923,0.0274363366257182,-0.0273018295226024,-0.0186667422216392,0.0125999759278707,-0.0163935841524439,0.0298944810972956,-0.0060899416193583,0.0147095523213633,0.0742307374663622,-0.0167553072128258,-0.0479867283705267,-0.0199026176997492,-0.0035100581709973,-0.0049218523207723,0.0024513707459851,0.0058116294272378,0.0205620462917124,-0.010904241824112,-0.0456571875751455,-0.0517270413253588,-0.0175388150669876,-0.0237598487386758,-0.0254391716046056,0.0223775684125198,-0.0118750929266158,-0.0091865797913125,0.1321343438457098,0.1712498645736835,0.0167670030275965,0.0797838168392346,-0.020889004342315,-0.0183440230256664,-0.0818713288028778,0.0433142224056037,0.0072139082641087,-0.014022955723959,0.0057425013294536,0.0266439243469834,-0.0116471278861974,-0.0138974715581807,-0.0372421194027329,-0.0250245647674843,-0.0284481729824734,-0.0050394470048897,-0.0122434325740842,0.0195128547823026,0.0565282224459156,-0.0423371907634566,-0.0390663473494045,-0.047746732140613,-0.0301027163971541,-0.0023325540854031,0.0356415571634287,0.0473713338253811,0.2809548854236572,-0.0575845866646063,-0.0417564120659376,0.0383752114841846,0.001546741855341,0.0347276848743316,-0.0129520638402014,-0.1380873738407824,-0.0635749305425396,-0.2005146367771466,0.0761735371118264,0.0135718718048687,0.0752927165049559,0.1442039942332058,-0.0623950306891231,-0.0397531282823157,0.1222996204154887,0.148138707474507,-0.1116888385802968,-0.1394166740276958,0.1029563402605584,-0.299264576071087,-0.0153339385089174,-0.0049901366794442,-0.0450458411782105,-0.0473496100372294,-0.1904009752729304,0.068486630008447,-0.0523101703624562,-0.0782102143885998,0.159966048523898,0.0152378271724356,-0.2680263590685406,0.4875472630639068,0.0066526249621898,-0.1215373541037674,-0.1206885718397636,0.012102884258182,0.0166878026433132,-0.2713468503937142,-0.0061083200677038,0.1429135283675604,-0.0496028294257743,0.1106966759895093,0.1822364208575253,-0.0710964072127868,-0.166625620318455,0.0544283029957939,-0.0400111609230678,0.1946677409925978,-0.0657148526861231,stop,1303,49,27.41515041855273,-0.0350735738578348,0.0445718338331136,0.0494939393738886,-1.0,1.2708095848395295,1.4111461687509936,2.1488727708114674,1221,0.7351312711864726,6,0.0334541969673702,-0.0898206013330429,-0.1120109485312806,0.0,-1.0279315089089187,-0.2928002377224474,0.3164205814860437,0.0793380806521645,27.994184075747285,27.41515041855273,30.55299599757761,0.46608565140814,-0.0293153776842458,-0.0342134744385193,0.0165131043223811,-0.0272240070385277,0.3809593010054363,-0.0019144072087844,1.0,0.0007413475947504,2021-09-10,54.0,5,0.0201531191467061,0.0221838683167048,False,True,False,0.0,1.0,0.25,-0.0152652547593029,-0.2986980601191687
KHC,Falling Wedge,bullish,1,0.665663432657912,13,142,1531,1532,2022-10-17,2022,4,28.90622428404561,28.14289573596741,37.814777808049854,26.61129157188512,1.101718363621637,0.0271233122291194,True,0.0238294977201936,0.0138596181823766,0.0489641904840703,0.0336133676755199,0.03864617353954,0.0130693435208064,-0.0582497647784918,0.0323353855878811,0.0113370898019167,0.0118183925232302,0.0176635734848416,0.0182913035435381,-0.0036041723215151,-0.0418186799559963,-0.0103061533521772,-0.001274974832544,-0.013865369838369,-0.0026796057071405,0.0258817683951357,0.0403039889225826,-0.0139395578969538,-0.0010351281067108,0.0165719391857353,0.0784974491206553,0.0489611361892334,-0.0736423350385607,-0.0087432343672161,-0.0080672287977617,-0.0110904866920645,-0.0409741757075045,0.0013773039987237,-0.0612530959760837,0.0146455731035037,-0.0321232966867933,-0.0433081922122632,-0.0428093670370368,-0.0399309501928576,0.0326086718402629,0.0526456472329781,0.0057714434995763,0.0668824847830287,-0.0890715569692163,0.0404935448783529,0.0958057919304464,-0.0860757131685886,0.089840407699609,0.032239951781803,-0.021048202390526,-0.0267509045616689,0.0071610725776889,-0.0890176815811085,0.0299468601383461,0.0918003624557632,0.0486993470003203,-0.178493121420633,0.0018586268804385,-0.0096920841303517,0.0899614815171814,-0.0031261206474035,-0.0053105809649538,-0.0640110350732615,-0.0066524063792893,-0.0528775451227648,-0.034324926850725,0.0757484085057378,0.054081758818312,-0.0267804326204305,-0.0437449484657178,0.039316145278029,0.1321733309096542,0.060624818969414,0.0099446773328903,-0.1877232743384282,-0.11065547111182,-0.018992142199958,0.1345929664483218,0.0197024669008649,0.005913304026305,0.1005797840683047,-0.1002740451947047,0.115520436537456,-0.0017239899404903,0.0879284190520199,-0.1165729166920059,0.2817178018660218,0.0135793870276037,0.1345929664483218,-0.0422856809591749,0.1601672209329085,0.0712537895632916,0.0266294579693251,0.1029785730228015,0.201854162536847,0.1388017661320111,0.160167747232609,-0.0847165380096741,-0.0116506118990009,0.0175509135705516,0.2601905124090289,-0.1846541064135071,-0.0989116051726095,-0.1696779497460055,-0.0549555738342091,0.0258258394199979,0.2336237573811099,-0.1209962682071384,0.141724711623604,-0.021670595885868,-0.0486446465247895,0.111673465298375,0.0402477201386402,0.0463460902042851,-0.0789053489157812,-0.124308889968964,0.1999412314018143,time,1591,60,34.741065979003906,0.201854162536847,0.2123347329277188,0.0218672617348804,2.542489225954376,2.674499073884977,0.2754328999874301,3.881836481217605,1385,0.7667862843673416,7,0.0953229349143487,0.0374434035733621,-0.0785754098438141,0.0820895522388059,-1.0724761550730422,-0.3056898707057006,0.2214873132252779,0.2827778160855312,28.14289573596741,26.61129157188512,37.814777808049854,0.702135997353804,-0.0505818411766867,-0.0153229099540465,0.0244133334638019,-0.1408459997251383,0.0419616609668529,0.0039179520042149,0.0,-0.0559258574355503,2022-10-17,53.0,15,-0.0841602615516037,-0.0562711332348639,True,True,False,0.5,2.0,0.1428571428571428,0.0644588546281214,1.1936393254329265
KHC,Falling Wedge,bullish,1,0.8109790204010926,3,47,1632,1633,2023-03-14,2023,1,31.26002436355475,31.463087849041276,35.276574270831105,30.92447629945721,1.210802516738048,-0.0064540227729972,True,0.0068818467943287,-0.0308033214558578,-0.0392287301033484,0.021407276839839,-0.010385179892889,0.0038991467840399,0.044986176379647,0.0126333093239712,-0.0232557559330384,-0.0151372633213963,0.0244188732734571,-0.004482259021737,-0.0048028550487824,0.0062906467212511,-0.0015018190985305,-0.0361865278788671,-0.0004772909791996,-0.0337328495957528,-0.004482259021737,-0.0164585733571492,-0.0687397794103122,0.0382235998324882,0.0122324524697311,0.0161458428664991,-0.012928976448467,-0.0022994110953454,-0.0933997117248698,0.0775238568200287,-0.0289210358193141,-0.0236777256431484,-0.0971645471839421,0.0040292450958803,-0.0331722119227645,-0.0360567114520729,-0.0080672287977617,0.0072632573530244,0.0134567749674305,0.0092543199536541,0.0040461859342744,0.0134567749674305,-0.0251810963779411,-0.0062990040408256,0.0082592524483608,0.0084913784990308,0.0383905631074761,0.0246491966120688,0.0397032275435202,-0.0217577056741988,-0.058077676325891,0.0047379133326339,0.0373290726894195,-0.0379965781877825,0.1080410651584582,-0.0362094680098972,0.0544760622504383,0.0164906653943601,-0.0236485941325002,-0.2031659885009039,0.1130882819820238,0.0523614425733907,0.0365786340608389,0.0413219430135765,-0.0450278436605234,-0.0606317706600547,0.0345753614568962,-0.0321766225042347,0.0009462855829223,0.0119369930487245,0.0389557686154255,0.0767600660503735,0.002812778744031,0.0739798940790441,-0.062524307358447,-0.0445877803107677,-0.1099519775707863,-0.0317299383154309,-0.1003695426242671,-0.0365006401374674,0.1257739470502166,0.0184840132060715,-0.0104041921791899,-0.0751422061003601,-0.0822794497658342,-0.0507902186527092,5.514847923593358e-05,0.098211239199802,-0.064286913731403,0.0031409346497144,0.097384882218267,-0.039989349836325,-0.0962025914790759,0.0961465185093591,-0.0052849046564719,-0.1215813362680956,0.1589261530247554,-0.0644901467225721,0.0905386869135229,0.0863867677609317,-0.002491544626442,-0.0151403828841188,0.1903596529724103,0.0393330798827789,-0.0053011853420983,-0.1233096033989126,-0.1090558449425219,-0.1052745481694495,-0.1075711390089148,0.0755138517083733,0.0964698799813881,0.2275972621240736,0.1717671860041913,0.108418433565758,0.029039571229694,0.0826521975678893,-0.0465033210385087,stop,1639,7,30.92447629945721,-0.0107340947721314,0.0147167488202181,0.0147433272600334,-1.0,1.3710284036644298,1.37350448016454,11.970117956361758,1584,0.7454863687513121,7,0.105035919503085,0.0837195930724707,-0.1770117976764204,0.0,-1.5007258191975288,-0.7552394504462202,0.2843250375112222,0.072864862883239,31.463087849041276,30.92447629945721,35.276574270831105,0.4966523972952255,0.021045682559514,-0.0368866656354215,0.0157378192346789,0.0602270423313555,0.8600006103515593,-0.0015740549089969,1.0,-0.0511103926405525,2023-03-14,57.0,15,-0.0002348678325494,9.005477445556131e-05,False,False,True,0.2142857142857142,3.0,0.2142857142857142,-0.0281577092040946,-0.7330078125182118
KHC,Falling Wedge,bullish,1,0.714285574978751,3,29,1688,1689,2023-06-02,2023,0,31.77206563243539,31.46622969458804,35.397783782048265,31.21912569763883,1.3284853455945953,0.0097194974045444,True,-0.0294735990334199,-0.0332559587039363,0.0602459542639224,-0.0016577374244027,0.0629040500769042,0.0162983219468701,-0.028585902174095,-0.0235073636363554,0.0266666537246647,0.0357986212405307,0.0140271457916067,0.0485876362619033,-0.0480071582161155,0.0205447304645634,0.0370694737781325,0.0053837926679962,0.0117831779465451,-0.0238873938860589,0.0086744860247611,-0.0260480858648974,-0.0048976684635784,-0.0091059937184766,-0.0385879360736409,-0.0265787838367348,-0.0564946377539834,-0.0117353470761395,0.0470453658957799,-0.0165168286989491,-0.0137562351091807,0.0117541147408313,-0.2317597919870038,-0.0121904975149937,0.1175512349915692,0.0484050136945304,-0.0066708707392832,-0.099924896046645,-0.013594581962095,0.0248139535509988,0.0234952222767848,-0.0117353470761395,-0.016000170582673,0.0343189115379718,0.0121499323024645,0.0075930594926996,-0.0193865256843865,-0.0202715696370418,-0.0576315464745674,-0.0976950710328824,0.0208845536835857,-0.0428105388935444,0.0128693117455442,0.0280322532958212,0.0871028786860277,-0.0587252020566417,0.0461421555256238,-0.0768206633576183,-0.0124211163361375,-0.0485168871355764,-0.0188868146919772,-0.0517834095379727,-0.0329006774766993,-0.0552625082854576,0.0041814981172791,0.1220924664847509,0.0895599822592903,-0.1191108137061112,-0.0152394741277895,0.1308271368199032,-0.0580922530251824,-0.05578933677463,-0.1255930618204312,-0.006928531117494,-0.0312490530919135,-0.2882443766508724,-0.0871690957371505,0.0038629481532006,-0.0874820507782834,0.0831242202657855,-0.0694318560801547,-0.0068749374476114,-0.0832662629196341,0.0075013623563779,-0.3561070971012756,-0.0285405820476634,0.1358872257284562,0.1129237052488063,-0.01506374424454,-0.0037404642834877,0.0342823042502002,-0.1138191250051309,0.1965001318825827,-0.0255975728436399,-0.1115789889408026,-0.1642277156369814,-0.1847824743451197,0.0057056644056074,-0.0994929550420903,0.2607368104502683,-0.1424372015701257,0.0292788979936835,0.0246216950139077,-0.0832843202431378,-0.0504964038292593,0.213984944716427,0.0849393824191881,0.0513266061804251,-0.0341761753198709,-0.0969638572768537,-0.126651108284963,-0.011361567897527,-0.0948995457151903,0.2107028179463226,0.1221510723486318,0.0129833740541431,-0.116173271741026,stop,1691,3,31.21912569763883,-0.0174033360371783,0.0094737002724094,0.0336576489227552,-1.0,0.5443611645589694,1.9339768450631076,6.557164569686713,1659,0.8259293010678936,5,0.0436026222980038,0.0291262382569319,-0.1763878417446989,0.0,-1.1236397610533349,-0.2977104599854424,0.085506620214009,0.0966668410861788,31.46622969458804,31.21912569763883,35.397783782048265,0.519207544066865,0.0116141088587182,-0.0183382784752612,0.016294466676555,-0.0110232332907493,0.93999481201172,-0.0007854134938632,1.0,0.0562533967191372,2023-06-02,57.0,15,0.0185447241342335,0.0482222139011634,False,False,False,0.1428571428571428,1.0,0.0714285714285714,-0.0194430315788931,-0.3435608167934743
KHC,Falling Wedge,bullish,1,0.6121288657788287,3,37,1755,1756,2023-09-08,2023,0,27.982488500439818,27.733672871878863,31.11728880348852,27.15720462868974,1.1426125376592622,0.0089716075368164,True,0.0114909286561155,0.0188667206943469,0.0420217676885781,-0.0076990216148649,0.052146275269435,0.0230434767655689,0.0185239386079445,-0.0361445334525429,-0.0052797001610173,-0.0101030941540125,-0.0088083475888196,0.0061849271785352,-0.0337008226090593,0.0021738502216355,0.0187139230703912,0.0353117510600675,0.0330857266294684,0.0374311110039693,0.014264417725893,0.007484831908054,0.0486848808231406,0.0018298066124176,-0.0004673295931235,0.0329604613000025,0.0693287929591032,0.0243901499186263,-0.011825527642996,-0.0257234086788381,0.0550672595171197,0.0118791164091467,-0.0341102214026122,0.0264218725152551,0.0199754164527339,-0.0117865955728331,-0.0211169448010293,0.1335183152506454,-0.0404313424840303,0.0386365164017847,0.0327679458240541,0.0177395967419033,-0.0651397019082788,-0.0265165445561019,0.0051151857181974,-0.0156963106412652,-7.079907970997112e-08,0.0273022259868824,-0.0314482729561049,0.0068903307896294,0.0518310348716877,-0.0141797507178995,-0.0312876800588429,0.1097768149617992,-0.0570321082693113,0.0138218625247135,-0.0468658550759537,-0.0167779072123945,0.005627896244172,-0.0152394741277895,0.0368012206794239,-0.0579336273415127,-0.0396286688667095,0.0807424175430111,-0.0193302067605728,-0.0578413319896357,0.0351446731334195,-0.0444015323778782,0.0397483862892791,0.0545874722732286,-0.0328264547422166,0.0060479024677115,0.0328563863319996,-0.1955175337448992,-0.1077363565896476,-0.0197377672716471,0.1384716278352977,0.2082627216713619,-0.2073762109265156,-0.0422130797240744,-0.1030836103389793,-0.0664076175341081,-0.0292567472860088,0.0301535140331503,-0.1120233363855259,-0.0479878486690813,0.0853378748473827,0.2262580651617964,0.1378086932859197,0.0230615201219328,-0.0231245576237041,0.0662984048417547,0.214580457974546,-0.0027405082162359,0.0956501442816397,0.0732047234390351,0.1587218759199673,-0.0339668740173324,0.0540330880902406,0.0334818750601442,-0.0313571676948017,-0.0050829812926231,0.218353478443616,0.0561369636502562,-0.3535019718232645,0.1518307566624204,0.0189179289239369,0.0028874708060047,-0.0657240501110459,-0.0043518221083659,0.0032179341882456,-0.1206885718397636,-0.105482140384771,-0.0953775261061946,-0.0554667744897097,-0.0918376466064482,0.1089129520181142,stop,1775,20,27.15720462868974,-0.0294928691469704,0.0464169166315835,0.0589656038972652,-1.0,1.5738352345536897,1.9993173130570867,3.7984509456135616,1718,0.6046503697798402,5,0.0733167190005139,-0.0640922288757197,-0.1642742772962879,0.0,-1.8446186450585456,-1.2399682752786974,0.5197525129332142,0.0567726464042653,27.733672871878863,27.15720462868974,31.11728880348852,0.349563215408014,-0.1152038033496423,-0.0423898032889781,0.0125339015613733,-0.1080609291653801,0.8412671181035621,-0.0003059402060199,1.0,-0.0008747031901837,2023-09-08,57.0,15,0.0179000210667532,-0.0386144356333562,False,False,False,0.1428571428571428,6.0,0.4285714285714285,0.0108620086571684,0.4580078137121385
KHC,Falling Wedge,bullish,1,0.7412167626645557,3,36,1940,1941,2024-06-04,2024,0,30.88005450419464,30.388912155929347,34.71521503837309,30.15122583041032,1.2450807739438334,0.0161618930531366,True,-0.0456192155134663,-0.0572625733627188,-0.0051005709626189,-0.0490296918034413,0.0486934413162283,-0.0211849527649544,0.0327944130965349,0.0073121301590357,-0.003839574450056,-0.0075281801272759,0.0246376424436869,-0.0066297442042251,-0.0513274501377961,0.0334372734827752,0.0140321158097718,-0.0131629565311043,-0.0784616545793914,0.0236430665258469,-0.0526623044936275,0.1359131569575105,-0.027624242902371,0.0090624798258773,-0.0462679353464866,-0.073413954993339,-0.1067993150406032,-0.0283790866117582,-0.0329613194099207,-0.1105924842229799,0.0005901920124549,-0.0130029156238746,0.0161620295866702,0.1547408714126552,-0.0415118747328198,0.0040072917486491,-0.0451654880562492,-0.0465401933946257,-0.0283790866117582,-0.0062990040408256,-0.0344173115826916,-0.0111385134819012,-0.0040562076028137,-0.0112393192161636,-0.0323556361850421,0.0482758230257995,-0.0971645471839421,-0.0574426159847821,-0.0898638814196278,-0.1321969956318346,-0.0049297079716158,-0.0250207363454567,-0.0256668132128431,0.1023219553288026,0.0699777911574126,0.0165797510442018,-0.0208350800256084,0.0945525844556243,-0.0230072329168631,-0.0362416221608644,-0.072247832154514,0.1037646269797323,0.0008253518659722,0.055420248527461,0.0876179098299834,-0.1090577331376934,-0.063211054945897,-0.0548647767905461,0.0034894541789489,-0.0589694137079719,-0.0918887649195411,0.0040141331344907,-0.0223472511123814,-0.0413438975257182,0.0077517476414608,0.1350919353232742,0.2783992540645879,0.1409519623677499,-0.0628377764839523,-0.0787136975161034,-0.1723809984291974,-0.0698727906149561,-0.0409358800327545,-0.2209101147068342,0.187775759021276,-0.007464942613653,-0.0607559256709214,0.0318460502452919,0.1597644705397618,-0.1402867439059094,-0.1055971350542912,-0.0737808527261444,-0.0523076288290408,0.0132944933797944,4.348253723551743e-05,-0.0553123948176417,0.1649558204310679,-0.0076045512588289,0.0327083642379077,0.0732883522561071,0.0402477201386402,0.050461847652514,-0.0011616064936811,-0.2963275723978925,-0.126651108284963,-0.0185356426043422,-0.007573275183753,-0.1768459166643093,0.2324027470314384,-0.0143247964839077,0.005398509079397,-0.0096154250038484,-0.0780410079147519,-0.0303489854627813,-0.0987474696288016,-0.1257321918406524,0.0196457919570075,stop,1941,1,30.15122583041032,-0.0236019231664671,0.0002243688049932,0.0319596144706544,-1.0,0.0095063780782074,1.3541106055315686,5.262087884474989,1904,0.8552148433445687,7,0.1104655609319663,0.0108823935676203,-0.1709883466157651,0.0,-1.1185296410689602,-0.2633147977243921,0.0718554218280031,0.1139535360654749,30.388912155929347,30.15122583041032,34.71521503837309,0.4870886465997053,0.0234613261254348,-0.0256826122965301,0.015791273150415,0.0145774668917506,0.9061045980593366,-0.0008543359766942,1.0,0.022881761759449,2024-06-04,32.0,15,0.0678756938326163,0.0418836303495198,False,False,False,0.0,1.0,0.0714285714285714,0.0086476189144541,0.1907362014247246
KHC,Falling Wedge,bullish,1,0.7368605494848169,8,68,2109,2110,2025-02-06,2025,5,26.14171643731736,26.81626998334849,31.91102010966065,25.491255736918603,1.1024988437846688,-0.025154637332112,True,0.0037749578246064,-0.000904467479518,0.0236430665258469,0.0138385500722666,-0.0015018190985305,-0.0804784036111495,-0.0104429818656824,0.0123210911011364,-0.0158031784157278,0.0336682408303157,-0.0690324657288233,-0.13542177395347,0.0132879235229323,-0.0211849527649544,-0.00064468865052,-0.0182341655322224,-0.0030353833500923,0.0225706221714565,-0.0108697496972879,0.0726213919232228,-0.0067542167086935,0.0088757583116418,0.0124038145705232,0.0682910575427218,0.0797428946422018,-0.0450200358354021,0.0139453396288542,0.0018615738390794,-0.0298683129016719,-0.0061601544876941,-0.0492281978597454,-0.020740285051884,-0.0293295346651867,-0.0921055291004346,-0.0454209629500612,0.044650325532374,0.013088360842401,0.0068890460054542,0.0627738942677,-0.0283790866117582,0.0278096482888019,0.0290848491840065,0.0114318892319169,0.0036213905336124,-0.0916707674226628,0.0794293850193368,0.1186286950830644,0.1696595007202876,0.092410759427659,0.0932944754371465,-0.0256128694442688,-0.1546900185768976,-0.0997885400000186,-0.0401224397291364,-0.3301389968984335,-0.0333707002169596,-0.0339286871130452,-0.0199689708932556,-0.0648422808698688,0.1254448747010821,-0.0313522052542222,0.0840192046673187,-0.0235178280548991,-0.0218860169895708,0.0422943985580783,-0.0758388531343088,-0.0131578992033942,-0.0041344320300961,0.1453730463639189,0.0317246089969276,0.1966475098148407,-0.073671431393378,-0.0825343087214127,0.1653710959323753,-0.2875088747298272,0.0396460584687523,0.0187126193556363,0.0040141331344907,0.0237074692299468,-0.1148509839810189,0.1405921124736247,-0.13133948478812,-0.0445877803107677,-0.0051697569910699,-0.1440726715913688,0.1067979977888406,-0.0410388864066293,-0.0365762992944606,-0.0725561659055763,0.118716257162837,-0.0529063442511427,0.055187371237841,-0.0061654409134065,0.0625205750994239,-0.0523101703624562,-0.2725984615137431,0.1402453703541102,-0.1186406581007873,-0.2135985660582907,0.4824140799724166,-0.0578987201940741,-0.0801795595389542,-0.3101567867028527,0.0793098075017242,0.0776508186093685,0.1895653398357573,-0.1442356897323116,-0.0610766408511841,-0.0746342808208184,-0.0456776090908894,-0.0859134468364234,-0.0353682187771478,-0.0575946848720493,0.1693510745254405,0.0174019092192517,stop,2113,4,25.491255736918603,-0.0248820960918318,0.0176733242064574,0.0648593265677806,-1.0,0.7102827728512427,2.60666650946148,8.869565323172534,2036,0.6470690729865325,7,0.1410735539100274,0.0838537523794067,-0.0010509464293966,0.0151515151515151,-1.1874034572043022,-0.5403343842177663,0.4772493275398266,0.1304527930158003,26.81626998334849,25.491255736918603,31.91102010966065,0.5309595470247859,-0.1183854567303532,-0.042055708150027,0.0204018308568938,-0.1466074682206967,0.8157898699486485,0.0099615515801503,1.0,0.0300529847380035,2025-02-06,24.0,16,-0.0822373135326419,-0.0707821107918295,True,False,False,0.5333333333333333,3.0,0.2,-0.0085325421716805,0.092885876761672
KHC,Falling Wedge,bullish,1,0.7200626614331048,5,58,2211,2212,2025-07-07,2025,4,24.037301410874825,23.479487770015535,28.422715923237178,23.293918199897405,1.2918617971530804,0.0237574876557418,True,0.0667689275110128,0.0612003138824117,0.0240193107921731,-0.023541643834109,0.0047662985794176,-0.0082889209026256,-0.042402071902304,-0.0128493438436561,0.0048086082610856,0.0018020556005173,0.0173954871687014,-0.0146929449619958,0.0123950201285876,0.0466393393504431,-0.0212996448998346,-0.0159208136894456,-0.0073015195921913,0.0874835530297284,0.0655485511405036,-0.0025357443036455,-0.0404766532787629,0.0076174980637175,0.0626106064656975,0.0544895873354056,0.0425478156627676,0.0607824124242959,-0.0242516732095056,0.0054684888123675,-0.0132095444865564,0.0403683599511119,0.077769470775276,0.0278096482888019,0.0066686588266133,-0.0433081922122632,-0.030658648419047,-0.0295506145366748,-0.0512494446274506,0.0254740166430826,-0.0350589697282877,-0.0038523300678497,0.0081366944120326,0.0192394813970289,0.0300628851127435,-0.0806250132421867,0.0320301716319741,0.0533872944481303,0.028395969624857,0.0125917080219943,-0.0141035536882591,0.0301578023831421,0.0272737122814137,0.3065622706754649,-0.0338530780538471,-0.2991837249720317,0.0161686782320613,-0.0630323597246284,0.1984013748463484,0.0126438605570855,-0.0039237637647873,0.1097768149617992,-0.0065218609338804,0.0578210916848569,0.0519967998517834,-0.1919054922013486,0.0925192158193726,-0.0295031382661682,0.0314158386658034,-0.047298260436418,0.0161253582289688,0.0131268977585454,-0.0173230437129416,0.099243360818287,0.0255437490879584,-0.1239804863533746,0.0164346843303946,0.0540243725611329,0.0165794600055129,0.0323110862985949,0.0162602293044413,-0.0715156318233891,0.1089825940262629,0.0247827412728025,-0.0346658236167976,0.0011318430119886,-0.1282675784302177,0.0154991107546047,0.1422952477970576,-0.093563729222136,-0.1020424158153013,-0.0887987142627404,-0.032681204472303,0.0192482529949065,0.0139055547223143,-0.0612162826932749,0.0366457980285623,-0.0925798730809118,0.073831411176539,0.04748241565552,-0.0118979428671518,-0.048668550933944,-0.1393608461177861,-0.1827394011371087,-0.1926387954097911,0.0242906604459918,0.1325937609892507,0.0770836148356461,-0.1302151001141827,0.051968805937512,0.0185748569960955,-0.0987474696288016,0.2255234702755462,0.1843673576336344,-0.1464743006893115,-0.0324511069615847,0.0240761164706281,time,2271,60,24.371553421020508,0.0139055547223143,0.1201074783025191,0.012882829844927,0.4496362107858196,3.883676164628171,0.4165663946060413,5.8992649384646345,2149,0.933267063288999,6,0.0693063653851443,0.0446301929366488,0.2575850889048137,0.0,-1.3183630254354337,-0.385095962146438,0.0530304339962922,0.1366232506815717,23.479487770015535,23.293918199897405,28.422715923237178,0.4858979287500159,-0.1190633854471514,-0.0303307639179807,0.0201988269294236,-0.1268386324861827,0.144927976912813,-0.0022504888549862,1.0,0.0496836529296453,2025-07-07,24.0,16,-0.0008519740808913,-0.0224961929555533,False,True,False,0.3333333333333333,0.0,0.0,-0.0287998173344077,-0.4516969293287643
KHC,Falling Wedge,bullish,1,0.6651122512500185,3,35,2285,2286,2025-10-20,2025,0,24.15629152045676,23.867206904803936,26.302153389836008,23.047530221697983,0.7357488629863405,0.0121122097280113,True,-0.0085238859168059,-0.029076710397426,-0.0323742143471174,-0.0095467338024499,0.0179428298062538,0.0132767178751864,0.010071223027547,-0.0015148496321153,0.0193154283875824,0.0075631632787607,0.0082474374622254,0.0497682108697805,0.0106266579134686,0.017726709633945,-1.923838993667104e-07,0.0111374868754259,0.0281719858896571,-0.1658795638704282,0.0221393166528109,-0.0383410559933988,0.0229409127960527,-0.0036041723215151,-0.0079072508226946,-0.0573421361147769,-0.0750652961143089,0.0458130389439903,-0.0181169934354247,0.0145220015593006,0.0926230993038965,-0.0082526531503993,-0.0265787838367348,-0.0515040036399276,0.0271138860661925,-0.0214560400806578,-0.04704674052154,0.0468798020242549,-0.0588395758048027,0.0142858329227386,0.0500325749870906,0.0194423640241192,0.0029377842672377,-0.0326632795447897,-0.0519087715351042,0.0085466820258945,-0.0220087205390698,-0.0565332113165901,-0.0511430120321781,-0.0425494582971894,0.1133277200606854,0.0239398477319328,-0.0520668147461055,0.0305322857622534,0.0958116343020665,0.0063206919913165,0.0255322074010104,-0.1013991566371754,0.1044650630221604,-0.0188658846614353,-0.0397936355317384,-0.039556935110375,-0.010701468051112,-0.0525158532329769,0.0193248200229727,-0.0264244865729779,-0.0991069325953153,0.0292835925461925,-0.0169044286299154,-0.0567779706174932,-0.0478642268548767,-0.0286034703040294,-0.039669270164157,-0.2885858583510547,0.1541560917988558,0.0171239516703887,0.0257115389904627,0.0811262725678849,-0.0463903799748817,-0.1089769310519956,-0.1517306336688675,-0.025064487787534,-0.0153477176424309,-0.0529710534751514,0.1186227707075842,-0.053467272084489,0.1005797840683047,-0.0863163181735287,-0.0865026664007019,0.0189267510083372,-0.0590750070085023,0.0201188220166392,-0.1247953579295433,-0.0004605852680182,-0.0459217910684158,-0.079946432479307,0.1253465447785962,-0.0052849046564719,0.0222551351789574,0.002660339809694,0.1088126676665743,-0.1086312425552635,-0.05191281944801,-0.0166924523345735,0.1118706954912782,-0.1098306084761877,0.0514639949624882,-0.0968475582117445,0.0027465681153646,0.002660339809694,0.0380846519925126,-0.0599012457876112,0.0119671095243272,-0.0529068024068327,0.0366457980285623,0.0473343907251244,-0.0489138211787398,stop,2292,7,23.047530221697983,-0.0458994832803629,0.0054241866310692,0.0660597337487097,-1.0,0.1181753310366755,1.439226087692623,1.935368660307197,2250,0.4774779606397258,6,0.0633303885832895,0.0201552075857789,-0.288942135342789,0.0,-1.12783945704947,-0.6503614964097432,0.7951464314592678,0.0706904366043862,23.867206904803936,23.047530221697983,26.302153389836008,0.40251569302347,-0.0625219135353349,-0.0253536479006996,0.0167277870058562,-0.1155801468739753,0.5142833787465799,0.0023511967257787,1.0,0.006688333867215,2025-10-20,24.0,16,-0.0716916347303161,-0.0316855976077823,False,True,False,0.5333333333333333,2.0,0.1333333333333333,-0.0479568740032286,-1.0691047386140649
KHC,Falling Wedge,bullish,1,0.6860319715660248,3,26,2501,2502,2026-08-31,2026,1,25.3467760133759,25.14576655532653,28.10293548994173,23.58586295701789,1.399451596664049,0.0079937693530678,False,-0.0176265571057184,-0.0228102320659019,-0.043454852508763,0.0186191154535104,-0.00574388268743,0.0086736722426297,-0.0185314492259598,-0.0095467338024499,0.0113793784140079,0.0230434767655689,-0.0161939659489243,-0.0365659941995293,-0.0052797001610173,-0.0196486289034856,-0.0385704620250922,-0.0313171873211065,-0.0074606204944615,0.0130006220763623,0.0148569201423185,-0.0096312342214736,-0.0039813295671394,-0.0135441553589152,-0.0091317065391509,-0.0243335274992799,-0.0182706214245835,0.0352019008147164,-0.0245756538508993,0.0032642958176778,0.0213530047251817,-0.019480675926035,-0.0166938285300347,0.0135655581331159,-0.0242516732095056,-0.0291261910437785,0.031302968445251,0.0479573605807983,-0.0782257436376091,-0.0449131535227883,0.0105391472979825,-0.0147661744285506,0.0360657466414118,-0.0087499596548551,-0.0292164467018027,0.0605301187717468,0.0210439582878416,-0.0238747554497732,,,,,,,,,,,,,,,,,,,,,,,,,,,,,,,,,,,,,,,,,,,,,,,,,,,,,,,,,,,,,,,,,,,,,,time,2512,11,24.834999084472656,-0.0201910068812369,0.026716398104103,0.0629972037679765,-0.2906315715335336,0.3845587697722233,0.9067886728481755,1.565187711349151,2474,0.5085327520173815,5,0.0998278442898279,0.0931034384829638,-0.2194055017445565,0.0,-0.7858672459068945,-0.2773344938895025,0.8151769368147982,0.1391566019325112,25.14576655532653,23.58586295701789,28.10293548994173,0.6193836707625638,0.0901775159259832,0.0186507645441071,0.024514448772072,0.0842080846773978,0.1046512659463094,0.0027236851768395,1.0,0.0123800666442988,2026-08-31,7.0,20,-0.0400488043150545,0.0415510094525997,False,False,False,0.4210526315789473,0.0,0.0,-0.0347604200946127,-0.7584765695235196
KR,Falling Wedge,bullish,1,0.700193670072311,13,108,728,729,2019-08-09,2019,5,19.93483262592535,18.92128569916884,25.258978756461744,17.664233387873676,2.0836702197999277,0.0535664934651365,True,-0.0223478388401061,-0.0185196619372168,0.0146482704723462,0.0027705527087058,0.0277655156657989,0.0795033604420747,0.0950767432366206,-0.0174658297247576,-0.0053860183142641,0.0422937677690029,-0.0381439372424877,0.0733015841691056,0.0191855552484467,0.0220284520743379,0.0282183414120926,0.0402098070792156,0.0013509728352565,-0.0013338177737437,0.0402046007918293,0.0151386837338627,0.0024982412313288,-0.0433906256660479,-0.0422715498475423,0.0048330880917422,0.0224563156941731,0.0193691982628578,-0.1113288205602159,0.0438064542806357,0.0752687564050116,0.0361055563314571,0.0867260161804381,-0.0230602769312391,0.084854761282787,0.014049801581436,0.0551057316567513,0.0227769938202802,0.0021937387402075,0.0274216615851286,-0.0027515726808936,-0.0283135443084509,0.0353244468919651,-0.0141387418053836,0.0092077231437521,-0.0292799393390806,-0.0509008010444607,-0.0077887690829069,0.086807382032916,0.0583895230149795,-0.1245551135616434,0.174396505009772,0.0452084349493313,-0.0426777272871807,-0.0272267106137332,-0.0312502452561103,-0.076480836388824,-0.0418649264020158,0.0482713127278051,-0.02935463189775,-0.0338982744193562,0.0382302897167778,-0.0022448401798516,0.0655809453975866,-0.219946253318064,0.0282037283696201,-0.0772603372563955,-0.0666295158861834,-0.0240798850912071,0.0569270015101133,0.1038399360267815,0.0717066225572931,0.0562791495750458,0.0184305549806496,0.1080689188586305,0.0257490360679253,0.0440168210790914,-0.018542942133732,-0.1341771644663757,-0.1687115860720411,-0.0121014402190325,-0.0414304391041205,-0.0058954236100262,0.0490918840129817,-0.0305094361537062,0.0710416085354572,0.0923221138674825,0.081988001601275,0.0267644368334403,0.0708610613419429,-0.0540575876457847,-0.1148790699355807,0.0413275555778243,0.069238777386478,0.0781786499873877,0.0132405787152238,0.0874969476547,0.0384823657870956,0.1182274743462912,-0.0529953375197007,0.0387747707698526,0.2272360352304487,0.2565796535964466,0.1504823424577881,-0.1833062113553006,-0.0205508924557631,0.1118569873366763,0.1320753933500571,0.1113922019636339,-0.013243475910649,-0.0326109627869247,-0.0326005467267425,0.1222776234489353,-0.1528950079357151,0.1726595106868822,0.0932035750925179,0.0195515276358612,time,788,60,21.493310928344727,0.0781786499873877,0.1549757353092601,0.058589324578542,0.6863731284243082,1.3606167449966802,0.5143877261852009,2.34481983491938,615,0.6804275219778744,6,0.1070851081141308,0.0076432546108322,0.0189748221834453,0.0,-1.2377317286621066,-0.5573042066842324,0.3608002263553858,0.1903085428708945,18.92128569916884,17.664233387873676,25.258978756461744,0.5325951738817574,-0.0998031879728189,0.0401428730982091,0.0267397138122822,-0.1533160250266405,0.6176440889048431,-0.0089931218812704,1.0,-0.0300351815547652,2019-08-09,34.0,5,0.1283292630686399,0.0815910364887917,False,False,False,0.0,0.0,0.0,0.0821764547608733,1.5815245268924678
KR,Falling Wedge,bullish,1,0.808738279198688,3,60,1058,1059,2020-11-30,2020,0,29.00213022325489,28.786440876007383,32.40843710014818,26.79216104339406,3.671051059648337,0.0074927410504324,True,-0.0569773848480804,-0.0666061568062384,-0.0046775370430998,-0.0265460593465257,-0.0186397106715577,0.0062736953758879,0.0197194339390718,0.0377444846740659,0.0219405766655835,0.0362738227774663,-0.0414197757836577,0.0237576276030977,0.0250955605886262,0.0094629031779052,0.0517755770838106,-0.0661868670571372,0.0867635857172453,0.0196511232807434,0.0354902380829136,-0.0122631245687137,0.0174003401115694,0.0048246178171003,-0.0682994104693002,-0.0463132611966234,-0.0438239786341013,0.0457109524273655,0.0113066660570211,-0.0171404811533353,0.0273412663479735,0.0187547157330807,-0.0139664071939709,-0.0333926005913147,0.0096542614461458,-0.0293639603080596,0.014945126259372,0.0038003781723194,0.0208841923553191,0.0016363724845045,-0.0159014390302409,0.0202520752501826,-0.0037175102476741,-0.0083124540399633,-0.0118404573022726,0.0352965644878362,0.040446886722105,-0.0521329685904431,-0.041438304644553,-0.0618813863870417,-0.0298489486664987,0.0443638926060327,-0.0320509850927606,-0.069438738115,0.0597338047399027,-0.0915121473350669,-0.0200853635900393,-0.173292650175004,-0.0565488411492733,-0.0566210568980474,0.1050147914581614,0.1203320670196994,0.0326669411836106,0.0286523419551001,0.0235295631757455,-0.0668291389006415,-0.0599062400878736,-0.0446508055147332,0.0355226648658215,-0.1389422319731246,-0.0219427506198535,0.0780012876401328,0.0406081700196263,-0.113753998238514,0.0233678323229855,0.1038978311083609,0.248553429391078,0.0809441156203869,-0.0191120066288743,0.0073282154101159,0.059689991898105,-0.0532261737342382,0.3094465707043734,-0.2035305756465066,-0.0651705091507531,0.0166727519327594,-0.1342217267112899,0.2190805453300726,0.1557496655205852,0.0184822709970777,-0.1006972018124511,0.0233309797357268,0.0968821249907341,0.044315580988146,-0.013301914757028,-0.0581946343706186,0.1198194181419569,0.0778395996099987,0.120344424567544,0.0880792002917512,0.1336217078641712,0.0017669395113169,0.0390973055708536,-0.1382062565157069,-0.1162122039749432,0.0377074012709142,0.157138349248582,0.1061822942517405,0.0673700454540675,-0.167694464326931,-0.085590076717519,-0.06044303247314,0.1678033912412646,-0.0942256997200582,0.0489310576072459,0.0935964345433828,-0.0431482065293526,target,1095,37,32.40843710014818,0.1174502304027995,0.1282755646450771,0.0752590923777721,1.5413368240310898,1.6834011370838915,0.98764906656371,1.5413368240310898,998,0.4867099411581124,7,0.1120996123000605,0.1315082839893386,-0.0793688940086275,0.0,-0.8414239648647336,-0.3547140237066217,0.9518812328745602,0.1288785839331706,28.786440876007383,26.79216104339406,32.40843710014818,0.6456916685686868,0.0122185440657698,0.0016192169004192,0.0221421606012835,0.010898282825865,0.7301604601877079,0.0083256943150569,1.0,0.1087766996728891,2020-11-30,40.0,5,0.1944244571774769,0.1659127792804668,False,False,False,0.0,0.0,0.0,-0.0071754826595736,-0.3826484807270693
KR,Falling Wedge,bullish,1,0.7314604449127012,5,79,1460,1461,2022-07-07,2022,0,44.56501595805622,43.675971838539965,60.81304463500197,39.58056064583892,0.7655517767720857,0.0203554513406787,True,-0.030809761288062,-0.0066405472653752,-0.0340762312748592,-0.023471173597375,-0.0019870818056511,0.0591387768546542,0.001710137956715,-0.0122871986783905,-0.0233082457880424,-0.0217591433373683,-0.0844762796091183,0.0287203870534549,0.0378569221295443,0.0233740633344627,-0.0138954993923512,-0.0755494567168825,-0.0081332681054097,0.0132461812732935,0.0295656841421865,-0.0378544083921892,0.0307839149123845,-0.0084462978245059,-0.0247673504447896,-0.0557028240944355,-0.085449444766638,0.0165436852700724,-0.0412204852255825,0.1183548091913175,0.0375163403195213,0.1517041496707873,0.0292876396469972,-0.0144364432137036,-0.0094900239268503,-0.0056510237996652,0.0059189635568157,-0.029046760814445,-0.0588761012340577,-0.0101505155274823,0.0350545847367296,0.0414384101586127,-0.0641126649995983,-0.0049253145018606,0.0216216988114956,-0.0654570845024297,0.0502966859349205,-0.0659213515720152,-0.0471329618845344,-0.1165937561856578,-0.0669981967353054,-0.1677612099960094,0.1003941787152076,-0.0484160986967281,-0.0615798687008308,0.0045857623852068,-0.0072231256453044,-0.0149310073442506,0.0138968854251231,-0.0298951992024906,0.0585201034228322,0.0142503277728047,0.0393101691369144,0.0027907725781297,0.0969120963681386,-0.0488598654489915,0.0533470421013835,0.1799369289935861,0.0169193181728355,-0.0004235198937178,-0.053871736554961,-0.0026666101026143,-0.0262935164359191,-0.100602529288883,0.1705036098052561,0.1131287116808426,-0.0145411630570693,0.0150135338136352,-0.1060487938278869,0.0408165254299768,-0.0461805186646109,0.0024969715655585,0.0413275555778243,-0.1262866319176222,0.2145052057470122,0.1117789440691006,-0.0869517370522603,-0.001684939478859,0.091489082161196,0.0865454696164587,0.0314851280072148,0.0661823914159884,-0.0128007015183754,-0.0271754158068392,-0.1023793284204753,-0.0284701336820001,0.0318342176882053,0.3536150051973576,0.1168184797673559,0.0391289793353755,0.2154744984273617,0.0546843067407016,0.0683266061117622,0.2091687472189431,-0.0756140460098642,-0.0231275650808372,-0.1901013706541643,0.0666794958289542,0.1367900288039647,0.0141928944373976,0.1127582802009901,-0.0885254068499924,-0.0789298971446053,0.0724165393790392,-0.0989115269108538,-0.0786480078462454,-0.1452808413525177,time,1520,60,40.002479553222656,-0.1023793284204753,0.0668862305590589,0.1060724025877073,-0.9153530564614384,0.5980163820372788,0.9483720924218116,3.2597400636977336,1381,0.614093696691923,6,0.0687994849169866,0.3087133285662997,0.0865446553749382,0.0,-1.349969341716356,-0.7358756450244301,0.5253516943838878,0.2368772449982953,43.675971838539965,39.58056064583892,60.81304463500197,1.4607328650604947,0.0227675750091986,-0.0478310583737319,0.0329591317009618,0.0645918201941448,0.9230780516862436,0.0061180610582551,0.0,-0.0603013766132842,2022-07-07,54.0,6,-0.03982792254244,-0.0053571038750395,False,False,False,0.6,0.0,0.0,-0.0791167884261512,-1.259288662491725
KR,Falling Wedge,bullish,1,0.7053493906177725,3,28,1528,1529,2022-10-12,2022,2,41.84030639337311,40.03600216893119,50.04906846408278,38.894676631145074,0.6836654058781627,0.0450670428288191,True,-0.0616258990871699,-0.116864877176766,-0.0347629581595663,0.0636295715192891,0.0151724602248521,0.0645296339483911,-0.0089285790312044,0.029558195620706,-0.0126171353902831,0.0087599977103276,0.0076234172997455,-0.0194058699942366,0.0061624430697904,0.0073697501083713,0.0079701133381753,0.0296089433733839,0.0568576640703955,0.0040114438404561,0.0003942525705344,-0.0316511358407464,0.0492469180632579,-0.0230773245527827,-0.0726484891766128,-0.0069929780754127,-0.1009478711799611,-0.0277246795388598,-0.0001755939897143,0.0365330662452099,0.023106285621486,0.0192742951531457,-0.0391038690696555,-0.0130432743571173,-0.0178847896391006,-0.0034268053180597,0.0413074531879391,0.0378495723618919,0.0099216957745995,0.0072707806915683,-0.0557162352667561,-0.0219845918061762,-0.0847594841408744,-0.036954767102952,0.0896655154059378,-0.0465686027054462,0.0101233422800486,-0.0033784437647684,0.0502624369285447,-0.0210986313516852,0.0862609916215115,-0.0174776865638875,0.0559075740758907,0.1189600357630291,-0.0167800665655366,0.010641181405685,-0.0927252581468965,-0.0614609547745272,0.0584306201407076,0.0422010667420109,-0.0185334832784221,-0.1469403846047687,0.0192446115070927,-0.036844083189793,-0.0534047793579606,0.1181754680687821,0.014900219078564,0.0283081670846603,-0.2156532744639029,0.0794428771711786,0.0516297948428738,0.0429073460045157,-0.0917679581287551,-0.0641478011515161,-0.001684939478859,0.0182112803377438,-0.070125164052915,0.0746459396957395,0.0740517138967162,-0.0097336274137458,-0.1093610289866627,0.1039951853173957,-0.0331384317005916,0.0377395449581634,0.0620095812490026,0.1518483811364721,-0.0790437921085964,0.0880976015290424,-0.0575687280843625,0.0989673367825851,0.1705611111999374,0.1106889511106679,0.0787934476703464,0.0106670179091875,0.0149997211596915,-0.1007789478470662,0.1024924767476691,0.0150772594526562,-0.0564704128089404,0.0571855924937432,0.060459782776691,0.1744679854716613,0.0784548375548881,0.0462303614432482,-0.1489245513877082,-0.061432332480144,0.1083616157705973,-0.1576755737185472,-0.1735296647514492,-0.061432332480144,0.0605874483440698,0.0611351313765555,0.1809881236045512,-0.0661316535814813,0.312940409578113,0.0765776984691164,-0.0154683889340658,stop,1530,2,38.894676631145074,-0.0704017254207913,0.0568182339201458,0.0743007662468223,-1.0,0.8070574063425723,1.055382745276857,2.786759617916361,1498,0.8004067420740176,5,0.0156968048076277,0.0331577115653793,-0.2844842698792688,0.0,-1.437741432054526,-0.6373346899805195,0.2047446174516949,0.15459596433442,40.03600216893119,38.894676631145074,50.04906846408278,1.0985169603670355,-0.0688649992894475,-0.0237357585449615,0.0260953197692038,-0.2089410827917038,0.3867931997466412,0.0024080407197899,0.0,-0.0926896707021021,2022-10-12,54.0,6,-0.1692728217758349,-0.0600518033947983,True,False,True,0.8,2.0,0.4,-0.0401359756933668,-0.6680508738032459
KR,Falling Wedge,bullish,1,0.6112467621868266,3,36,1588,1589,2023-01-09,2023,2,42.54145802849666,41.16507251205559,48.20113061748708,40.00973868281029,0.9594634858271176,0.0334357607663144,True,-0.0019451216656549,-0.0291111017725806,0.0133275782516046,0.0082961289036076,0.0086880086477354,0.0159539059131454,0.0727168043586021,0.0023563973481823,-0.0474188465447402,-0.0125396098236486,-0.0109464261581906,0.0263084653357401,0.0028807730335087,0.0071854505412571,-0.0038052622605767,0.0561076999720131,0.0643030645736433,-0.0286341957672622,0.0225554380139421,-0.0359674927836908,-0.1563877528273605,-3.7446761524950745e-07,-0.0021941093786498,-0.0434407725848329,-0.076881659091796,0.0804195676460779,-0.0128817855985997,0.0297809481000226,0.0053082796147687,0.0088287001060769,-0.0262059149454502,0.0463732817108313,0.0109790030744383,-0.0113058542717838,0.0010480690611236,-0.0146626106437577,-0.0938398726001148,-0.036619829355756,-0.0268326506194593,0.0198358280695181,-0.1015203974526653,-0.0448320916118266,0.0206119721038231,-0.00035302524108,-0.0600776769045221,-0.0331434695969161,-0.0389021199140602,-0.1110519987337061,-0.0651139689347776,0.0176154351318151,0.0230234263402251,0.0943969025685649,0.0194391038710792,0.0377702705739482,-0.0446508055147332,0.0278534214391663,-0.0086885169127532,-0.0382583595592911,-0.0657133896739321,-0.0170035983798317,0.0788516283223745,0.0511491469153642,-0.0453509506427473,0.0691447573853236,-0.050582903594765,0.0233073694678962,0.1961665428022259,0.0376139960153507,-0.0559505952950853,0.0314768117948436,0.0013412620690813,-0.0056529613084707,0.0694464317003809,-0.0543387500027071,0.0406839422740401,-0.1265322796704497,-0.0780834930646627,-0.0305094361537062,0.0410233644523851,-0.0181985617857955,-0.1345887960682289,-0.1999999790337157,0.0673349142629657,0.0961540191033487,-0.0367042747173518,0.0709043323313256,0.0078165801412835,-0.09718869829753,0.0581345647717617,0.0389111424762662,0.0440563141945578,0.0438433930145587,0.0447371381467398,-0.0118299795235432,-0.0098513922817535,-0.1077714425305239,0.005550804638349,-0.0974766053040687,-0.1561159773294765,0.1146366662577251,0.0086537468128558,0.1686172729188557,-0.0744952596621544,0.1605978746761869,0.2470327701034074,0.1042996769171515,-0.0919724430224683,0.0935831012487808,0.1624290125283489,-0.0129847467942585,0.0830674329123022,0.02966536657047,-0.0185263837474852,0.2361113565827071,0.0024845965719922,stop,1622,34,40.00973868281029,-0.0595118141928864,0.0079965188723633,0.0667799120314309,-1.0,0.1343685952245631,1.1221286552446144,2.2355055265638204,1550,0.7902287704268548,7,0.1770583971646086,0.0499329223578033,-0.1349051727947463,0.0277777777777777,-1.1083519492169032,-0.3181231787900471,0.230304765665595,0.1433136648200436,41.16507251205559,40.00973868281029,48.20113061748708,0.7729672317729087,-0.0503355807434934,-0.0063183741788896,0.0182012118353874,-0.024975067584865,0.6060572782706636,0.0054657499664307,0.0,-0.0166537819741722,2023-01-09,36.0,6,0.0077369248980172,-0.0193969880494092,False,False,False,0.2,3.0,0.6,-0.0217594864154406,-0.3689763510421239
KR,Falling Wedge,bullish,1,0.6596831269981762,3,22,2100,2101,2025-01-24,2025,0,57.14387745105889,56.37887083028613,62.14433556708957,55.286200736882506,0.7381344748695415,0.013569030551811,True,0.0392850701702418,0.0274997110631958,0.0185350903427741,0.0208185675056962,-0.0245870970046657,-0.0050291236917381,0.0084941128819422,0.028095919998655,0.0314762181735763,0.0058822107538822,0.0089614677450056,0.0073697501083713,-0.0240062660751476,0.0265053901216545,0.1394544418995971,-0.0171426898185264,0.0200821633448247,-0.0844762796091183,0.0270955608017666,-0.0314847678522843,-0.0373716018430146,-0.009143334904057,0.0338085835262821,0.0959365568808916,0.0859165047312786,-0.1049036738676952,0.0063971764795367,-0.0283135443084509,0.0297609308095163,0.0496031278880109,0.0130878599957386,-0.0219106686429071,0.0034068028126086,0.0929020193766505,-0.0405311601767587,0.0173318869564522,0.0034068028126086,0.0357395510797771,0.0714868774086252,-0.0145963690588276,-0.0049957409032784,0.0050375808158622,0.0410547326550569,-0.0857482278049983,-0.0467347765243791,0.0948624974907342,0.0992731557823884,0.0952383855346266,-0.0340053968331187,-0.0440518002621668,-0.030276347864516,0.1392676467089699,-0.0445675305053507,0.0220585789123823,0.0033722305761196,-0.023459610204876,0.0014364827716759,0.0401688671086308,0.0487704228180236,-0.0010695086783367,-0.0120866959295481,-0.0387016334212276,-0.1062938220874943,-0.0118775525575556,-0.0120866959295481,0.0056527572319655,0.0382585549547498,0.0230234263402251,0.1010965371249383,0.1080838142757709,0.1400319154878901,-0.0313536961341065,-0.0313536961341065,0.0307899191507663,0.1357098972824311,-0.0273900105008113,0.1580773304050462,0.0288641856083489,-0.0587269903640184,0.2705947298195192,-0.0562921191626483,-0.0427515030968864,0.1885658688949909,-0.151225844851133,-0.0393980327325017,-0.0126171105037499,0.0449204907053486,0.0167331394059797,0.0741573822861638,0.0644010685177618,-0.0453334049212595,0.0822652340920142,0.2365128985348195,0.3474288973181246,0.0182167300046165,0.1438275873889409,-0.039552839271258,-0.0808490123018166,0.3784594823944771,0.1393363493136656,0.2767417577309718,0.0362371297789487,0.0860290157421539,-0.0122381610246097,-0.1172418238933259,-0.0326005467267425,-0.1161150622256004,-0.0574053887569916,0.2306955182185859,0.067933388378202,0.1303902314233473,0.0351908174189401,-0.068569217230468,0.1413202468995902,0.1785225883717381,target,2107,7,62.14433556708957,0.0875064545683541,0.0942506258102936,0.0008430795919746,2.6917805869401064,2.8992376175511705,0.0259339187048211,2.6917805869401064,2078,0.6019980977680126,5,0.078382337789128,0.0581496639613177,-0.2929718765632816,0.0,-1.140691617937835,-0.5386935201698342,0.3591103048586733,0.0704091496492501,56.37887083028613,55.286200736882506,62.14433556708957,1.0577603517749528,0.0626924997624949,-0.022361227832821,0.0187028331418341,0.0959807810457515,0.5000000000000049,-0.0042683540644501,1.0,0.0223311434262807,2025-01-24,47.0,10,0.0520367635026057,0.04916057080886,False,False,False,0.2222222222222222,0.0,0.0,-0.0433177241807713,-1.141555312325118
KR,Falling Wedge,bullish,1,0.6564116690600046,3,27,2198,2199,2025-06-16,2025,0,64.22057947370205,63.859451178276345,71.02784913640824,62.61963811789235,0.9786594303669014,0.0056550485286435,True,0.1122556561178198,0.0983209813851799,0.0206050616756723,-0.0221003924141561,0.0282183414120926,-0.0080441013140709,-0.0080785251312703,0.065652626916357,0.009565047573272,0.0101851773910608,-0.0119761901205468,-0.0201344596925405,-0.0145502386955218,0.0356303609250601,-0.007342655648994,0.0026862874717836,0.0333569107362876,0.0030569411531018,-0.004063650382206,0.0695316910996033,0.0019228969035169,0.0127102169733552,0.102414088776227,0.0808967752956442,0.0487981705848756,0.0338323349638873,0.051432376635448,0.0275866177821018,0.008212751170211,-0.0312620922217944,-0.047171748376936,-0.0408191002992146,0.0301817075231247,-0.0420829645195927,-0.0171406707189115,-0.0333926005913147,0.0246967702210556,0.0528954443215741,0.0432344273470415,0.0092913590133527,0.0940903478501109,-0.0164934255976391,0.0606897403059625,-0.0483788908668194,0.0527749586910555,0.070287908164009,0.0893805094308795,0.0463034015876473,0.0031834747371417,0.0848677795217298,-0.050497120205483,0.0392351165333022,-0.0380210279314654,-0.0955520652431997,0.024515218318325,-0.0368813395539104,0.0432963768857699,0.0938535172084997,0.0719740382794895,-0.0642553215272792,-0.0107528883678947,-0.062199139515185,-0.0457638738616539,0.0533470421013835,-0.1655652407165971,-0.1350215156950259,0.0904231774341006,0.040137265923559,0.0973643357145991,0.0654447177772754,-0.0121722460601452,-0.1270540405928878,0.1328473946400441,-0.0350817588098093,0.009879353363688,-0.06058321203296,0.1117789440691006,0.0623638994641666,-0.0395893148760879,0.1844749981234874,0.0433467513378493,0.0580212892312799,0.1080838142757709,0.0945021738566802,0.0811965206267051,-0.0096264528401378,-0.1270540405928878,-0.0625001235216555,-0.1641262435357183,0.2274332399342944,0.0006237307729139,0.0409978716325836,0.0236572306481299,-0.0752483132657333,0.1200570409395533,0.2572728294382773,0.0396338795232316,0.0926731748642373,-0.0467929924602741,0.0566179909228505,-0.0774905010027917,-0.0346974513887202,-0.1754377077279143,-0.0061150511610681,0.1315462987227005,-0.0390168749896876,0.0284254349924868,-0.2475759662240345,-0.0615633936899772,0.1145580794994611,0.032105787493295,-0.1497070229291432,-0.0879030692561352,0.0592346023188605,0.0233659762538695,target,2202,4,71.02784913640824,0.1059982597244195,0.1227085154112408,0.0119679981354816,4.252041861498001,4.922361420341954,0.4800874014601803,4.252041861498001,2171,0.720789069056151,6,0.1201111732742021,0.0759626483603836,0.06783595681959,0.0,-0.971925884437868,-0.251136815381721,0.2332163833350899,0.0935520585919731,63.859451178276345,62.61963811789235,71.02784913640824,1.1070138276491714,0.0688787737254008,-0.0374072742090918,0.0172376800313669,0.0868245862829828,0.736843373300454,0.0018304180471322,1.0,0.0142712147448664,2025-06-16,47.0,10,0.0350145620909461,0.0772523720719395,False,False,False,0.4444444444444444,0.0,0.0,-0.0439858302868379,-1.3198646097961948
KR,Falling Wedge,bullish,1,0.7006114392571654,3,43,2271,2272,2025-09-30,2025,0,65.59318576234085,65.52352191377497,74.20851280449801,62.6655803435556,0.8855060084481003,0.0010631884021368,True,-0.0029814775007921,-0.0119534799170568,-0.0138954993923512,0.0011922991186115,0.013296734749751,0.0745084586788031,-0.0624545310728862,-0.0326543625067474,0.0277655156657989,-0.0077391047470443,-0.0073637758878335,-0.0711428792965281,-0.0094461425094714,-0.023405721884258,-0.0464669009456473,-0.0059590485890637,0.0157042561414704,-0.0304576279098905,0.002471017359118,0.0168231702951224,0.035470877832008,-0.0030625542768882,0.0033593134581041,0.0305605226685667,0.0319779943948462,-0.1544040037900588,0.1066570755822897,-0.0752798303046232,0.0031077575706546,0.0188175200518061,0.0059524370611032,-0.0066023545236214,0.1036799966168042,0.0385132024880086,0.0183586526880821,-0.0772788528182666,-0.0457417500359371,-0.010825503776327,-0.0096788569015927,0.0177496873880325,0.0277578413795505,0.0246718128921488,-0.0255642236273482,0.0371316923596423,0.0662938480265049,0.0273947152522241,0.0090935262463489,-0.0269303810377201,-0.0107528883678947,-0.0060087999389231,0.0368010133082987,-0.224657742729685,0.0382302897167778,-0.1411508845914246,-0.0319363787012976,-0.0488890065369231,-0.0083494124265309,0.0969120963681386,0.055573264298169,0.0939825145845663,0.0291161384420333,-0.0295336885736053,-0.0371455786818424,-0.0403561586289951,0.1163755376819664,0.1004325292250043,0.0154092557847456,0.0768255828506452,0.0050496420921878,-0.008604204263469,-0.0264728400200922,-0.0509925293747549,0.0657003409104119,0.0931856644294866,0.0576921294753971,0.0813842756548013,-0.109415486491141,0.0152511374841435,0.2951310158568823,0.1122982034607438,0.1561096403799375,0.1989507643418997,-0.1462459432512826,-0.1780560425776658,-0.089365551522519,0.0277478990409816,0.0645119998903442,-0.1839582887863377,-0.0761211255364381,0.0682957237806101,-0.1186148384179112,-0.0227786537008485,-0.0568626952154128,-0.1009690265280746,0.2033376544008691,0.2077976249349211,0.1782658687761873,-0.1665827046470678,0.0412038027919048,-0.0716191616937619,0.1456702310757556,0.018448529198602,0.2891092385136966,0.0301947422583479,0.2321423198869363,0.1009437770592398,-0.0778476117413576,0.1653418585955395,-0.0586254695962916,-0.0137785962927342,0.2564198979108478,-0.0315364673135991,-0.0767059042298398,-0.1177787742885049,-0.1195827379953974,stop,2294,23,62.6655803435556,-0.0446327676382822,0.0406976425329029,0.0617173918195635,-1.0,0.911833271526631,1.3827820922901366,2.942789689784056,2228,0.5221939589348705,7,0.0670705997586068,0.044618781575817,0.3164202971010859,0.0,-1.0986433330861003,-0.5764493741512312,0.6923231590712084,0.103616782592114,65.52352191377497,62.6655803435556,74.20851280449801,1.4164624799791754,0.0135562759643252,-0.0240595679864884,0.0214889444022617,0.0057752428227095,0.96032116063482,-0.0022581446343853,1.0,0.0433518351025481,2025-09-30,47.0,10,0.1448825750898827,0.0652190845722078,False,False,True,0.1111111111111111,0.0,0.0,-0.0150049055574574,-0.6366874907278612
KR,Falling Wedge,bullish,1,0.8016160231904171,3,27,2428,2429,2026-05-15,2026,2,65.68927913406887,64.95752661371841,72.82772227691305,63.29237467598844,1.8203070073291197,0.0112650921070618,True,0.0167826228230938,0.0089294471545775,-0.0203991595918292,0.0221490841572842,0.0942425835450702,0.0356303609250601,0.0057682242800947,0.10311041611108,0.0060634551340659,0.0129308995255006,-0.0175296632100785,-0.0250885359866516,0.0028723695338874,0.024681585890196,0.0340181392468519,0.0356154209123238,0.0103593582320591,0.0289483399957375,-0.0435968397917881,0.0459581059882727,0.0205068072778986,-0.0363492926578937,-0.0002119601527632,-0.0698517926560349,-0.09514136504426,-1.3457564773666777e-07,-0.1080150113400241,0.0194011702874474,-0.0284097829150332,-0.0164527146142453,0.0082806473209908,0.0227272519985348,0.001736335144012,0.0239734942760792,0.0376712293364793,-0.0037163954189733,0.018527608890593,0.0723445314076149,-0.0077629953348882,0.0896655154059378,-0.0132275702553151,0.034773733446958,-0.0273431779506633,-0.0299184241907687,-0.0504257409518944,-0.0720432711543946,-0.0314484207117754,-0.05172336447554,-0.0313469925378701,-0.0657133896739321,0.020533659918891,-0.0062399388264184,-0.1132567531694784,-0.0874824407243409,-0.0080762477103951,-0.0713034727032826,-0.0085875824423339,0.0218253017084233,-0.0705101918540762,0.0466098652124911,0.0337103878886873,-0.0153014180412309,0.0296210531784986,-0.0445976884635958,0.1033946707141268,-0.0132285861139259,0.0381609036646075,-0.0269734562084343,-0.0180103049025959,-0.144844198067393,-0.1677204990401685,-0.1267657826528079,0.0621491065198611,0.0449935255954645,0.0916257481167595,0.2049244307802327,-0.0009004443509157,-0.1204112193571279,0.2820395623279643,0.0875798112438848,-0.0746979770138014,0.0515533074176264,-0.0129568887420028,0.0522214482599594,0.0823005159011678,0.0128648107114586,-0.0872594572319449,-0.1179024686720505,-0.0862683031451947,-0.0748090489789374,0.03280550421242,-0.1599985071144938,-0.1524039320435914,-0.1992391704548248,0.2884019095481722,0.0148300548499902,-0.0734096768440915,0.0614292375578098,0.1173425548242945,-0.063291961800869,0.0602064006746865,-0.0467929924602741,0.0148300548499902,0.0985166766964329,-0.0241723460777615,0.0318868565249477,-0.065830866961807,0.0111546775665227,0.1652443389838713,0.0641057033699736,0.3221671059289126,0.0390642505219298,0.0285904073405076,0.0908692804656516,-0.209161015321536,stop,2436,8,63.29237467598844,-0.0364885182129712,0.0842153576930987,0.0439975618191324,-1.0,2.3079960989800083,1.205791957961497,2.978192609546497,2399,0.7288121835149977,6,0.0805397811862243,0.0870793462169394,-0.0212047360148733,0.0,-1.1066932735622934,-0.3778810900473007,0.3212772573568785,0.0949113364882079,64.95752661371841,63.29237467598844,72.82772227691305,1.3146129614023228,-0.0074225839297727,-0.0495201002743883,0.0200489702458629,0.0253269134708429,0.0931638755414008,0.0121915133551322,1.0,0.040879232009342,2026-05-15,8.0,14,0.0359126085658505,-0.0071409304202558,False,False,False,0.2307692307692307,1.0,0.0769230769230769,-0.001183960915742,0.0410215236249314
LRCX,Falling Wedge,bullish,1,0.6921525563356534,3,15,811,812,2019-12-06,2019,1,25.11671400636665,24.38710675715461,26.78424367934633,23.44597760055096,0.7925356041486417,0.029917745326554,True,0.043695407747895,0.0345362081745346,-0.015114727630848,0.0832634275585784,-0.0731032650419878,0.0560503540977077,-0.0308936843348166,0.0736920791992901,0.0352957732983543,-0.045395960079182,-0.0318940337496427,-0.0278034412438114,-0.0470114277103745,0.0252263055117365,0.0402892858627115,-0.0412310327939536,-0.0269093453308406,-0.0160666184191307,-0.0002953282503386,-0.0764895373115821,-0.014835052591366,-0.0535282046459564,0.0530331294281676,0.1009238844014723,0.0759052009064082,0.013345986900026,0.0334158981732743,-0.1103164175554193,-0.0105406149072925,0.0801300503735336,0.1045844880355264,-0.0300780829817546,-0.1418421684771188,0.0493598697435997,0.1031005443626784,-0.0225930690230392,0.0973588491861892,0.071589345703295,-0.1635493595295997,-0.041762595107769,-0.0309995630854471,0.0999927657987855,0.0183801039985658,0.042930977200154,-0.070094798035727,0.0963032738628493,0.0965929075388547,0.0651824738917836,0.063551823911566,0.0002246668705041,0.024303340238134,-0.1527099554972334,0.1434401555037026,0.043450716928727,-0.2372253532855204,0.1308208995482414,-0.1210669932611238,0.0438798926350705,-0.0565480190088072,0.1417565315939137,0.0613595402368249,-0.1905466771634539,0.1756180989413787,0.2584338008348026,-0.0660683359147317,-0.0817764168843482,-0.0536985942589445,-0.0536985942589445,0.0929178811533668,0.20534901282992,0.14156414050175,0.1163250653764462,0.1302186845685726,-0.0148085682138194,0.2614682773553705,0.1878269887328061,0.0458716520842366,-0.1377828988238547,0.1719385338188368,0.0037351187663432,0.0445476317869166,0.0927011219287641,0.0910583124045139,0.0821663007169342,-0.0187636185503012,-0.1060594803640534,-0.1741129263632755,0.3853700167667164,0.1603941320199775,-0.0633257152425776,0.1118974449450111,0.1368157091442418,0.1072908729884491,0.1406609881642284,0.0165263595547473,0.0787676876945631,0.0337953831310351,0.6219394276509862,-0.1860471675313102,0.1142749799637323,0.4123702017890445,0.2292855687201747,0.1670091573545062,0.224037386378864,-0.0034961615143832,0.0552379916374914,0.292910340817196,-0.0822260105588685,0.1489767607098675,0.1457495498306329,0.1484899277715703,0.8154890607376428,0.505593527522987,-0.0104858379811372,-0.0791190336955179,target,816,5,26.78424367934633,0.0663912354361717,0.0693111779459557,0.0156647796351889,0.998080647057882,1.041977075410067,0.235493635441377,0.998080647057882,795,0.4654324277223604,5,0.0302076297843643,0.1605899325176567,-0.0942416777566989,0.0,-1.0219781226328966,-0.5565456949105295,0.8620676494497275,0.0805941371810939,24.38710675715461,23.44597760055096,26.78424367934633,0.5807141668738033,0.2864107088380556,0.0492133567112524,0.0232448521880779,0.426925142632411,0.5253064906446657,0.0120078766644169,1.0,0.0217083416622188,2019-12-06,23.0,12,0.2993459785555552,0.1806744272949538,False,False,False,0.0,1.0,0.0909090909090909,-0.0329185209700226,-1.0930052529516057
LRCX,Falling Wedge,bullish,1,0.6786863930297219,5,36,1288,1289,2021-10-28,2021,0,53.132316636297446,53.17173621306512,62.59056101021781,50.21170484460362,1.6011274232068449,-0.0007413633553305,True,0.0723393152571809,0.0481218446470681,0.1292926274630836,0.0271698379718317,0.1293102421277514,0.0153527992047763,0.0454611826818684,0.0373631685434086,0.0591073116467615,0.0053377246474608,0.0157017636574801,-0.0341761852235649,0.0264097093347035,-0.0388579880471706,-0.0037314029861345,-0.0155689608593333,0.0285160937549999,0.0189319407470125,-0.0413036344170311,0.040173212246495,-0.0379599583568422,0.0154094601584962,0.0512423680423782,0.0991508799895533,0.0818215045502708,0.031365501473779,-0.1341722785324849,0.1607327452505189,0.248208141239878,0.0219653193716691,0.0682031184616136,-0.223514527565828,-0.0239254327492026,-0.0726577446374009,0.0218965706552038,0.1446948863691215,-0.0738894953584935,0.0412427621892648,-0.0207465157310153,0.0378858296418462,0.0256225983809601,-0.0792436007208315,0.1104485110443951,0.0530069806302437,0.1470043377999468,0.074944494628894,0.1498010015172728,0.1430007531057262,-0.1254196228749218,0.0324914723955518,-0.0962366308921235,0.1553420234544009,-0.1404502517082559,0.0559865950167906,-0.2300007568303943,-0.0694505684119486,0.3023690320780094,0.0937794898898949,-0.0218318134912758,0.0262857739905477,0.0876509115660455,0.0292997179859588,0.1424947107862657,0.0831809831569643,-0.0434696044403364,-0.1661832334047192,-0.1168277433147606,-0.0240578698705471,0.1510533707632155,0.2984697781901306,0.2478704090086272,-0.0287725920196059,-0.1777148142595468,-0.0173490313279793,-0.0097180729957638,-0.0282775936613376,-0.1043945281975674,0.1805865882992556,0.1678532159109034,0.1351975800488911,0.132977265456452,-0.224505340835236,0.1425671275035467,0.003587216876399,0.0363444255361566,-0.1630463473821527,0.055727041138633,0.0662600676285261,0.0861583966452719,0.1322222480811337,-0.0789581885531118,0.2831325449954872,0.0558457946614392,0.0994408199340195,0.0421635988535005,-0.1020652624075443,0.4592118490799894,-0.1249941729210045,-0.0806435375387607,-0.127591148389449,0.246164549964468,-0.2108416388340163,0.2511840055034535,0.0235534184835182,0.1053776353116269,-0.0979911609216729,-0.1437139048464626,-0.3017991524182675,0.4087243823941018,0.0273099801832825,-0.2306038527045297,0.1007372330919109,-0.1311546043478234,0.0881680279926317,0.0457859823849916,target,1305,17,62.59056101021781,0.1780130243268736,0.1839738181089722,0.0038328026526472,3.238446273763412,3.346886150482002,0.0697270635981338,3.238446273763412,1252,0.5384100146801474,5,0.012795833903552,-0.0887738802792795,-0.0034747280357094,0.0,-1.0268354320556137,-0.4884254173754633,0.599359387144135,0.1425900988561548,53.17173621306512,50.21170484460362,62.59056101021781,1.5297844592363308,-0.0455010739270196,-0.0238821301426267,0.0284048337539064,-0.0837682866316384,0.1536610019292738,0.0182797905869604,1.0,0.067996370707517,2021-10-28,31.0,16,0.0767880038610258,0.0684828355100277,False,True,False,0.1333333333333333,4.0,0.2666666666666666,-0.0762280369650967,-1.7650593982063325
LRCX,Falling Wedge,bullish,1,0.625231428546864,8,90,1428,1429,2022-05-19,2022,4,45.9646794307038,45.6794633645801,68.17890483081567,41.14729697220551,1.28264469472277,0.0062438576357017,True,0.0599268160464163,0.0292593938798089,0.0009667514826812,0.0035900656267862,-0.0403795607221076,9.24922973726261e-05,0.0899151468770871,0.0426013159285569,0.0885109159954475,0.0375093638986718,0.031763532438847,0.0632506602407321,0.0099021703565684,-0.0565549275584863,0.016260890095882,-0.0676877443906099,0.0050791171378827,0.032943876569154,0.0204346078250787,-0.1191196028172111,0.0814697293100601,-0.1655611064123467,0.056177431337414,0.0698558040675965,0.0258889965329407,0.0248584104857783,-0.0237779879770712,6.178754633912042e-05,-0.122155353605173,0.1348101095120337,0.1310000682774492,0.0850066801778124,-0.0595885365905991,-0.0092196462732786,-0.0056966362239486,0.0517594674040198,0.1042299961264152,0.02433362785545,-0.0827570529638062,0.0569480226900147,0.10379782014775,0.1128874417868033,0.0094520934710298,-0.0324513965004373,-0.1207543224620112,0.0507185744233679,-0.1239495968474687,-0.0583179152769195,-0.0906115293300052,-0.238684592954065,0.1402962848716797,0.1667447401149651,-0.4022133864090267,-0.0916025315573766,0.0698786019931907,0.1961315151607776,0.1111491669393556,0.0788589834425328,0.0239892882277878,0.0097384935140389,-0.0314993553949752,0.1001110358743306,-0.3099267590779456,-0.0042497360653567,-0.0937530206202306,0.0751191818015104,-0.1078694244535672,0.0679073780277277,-0.1074253135527361,-0.0665570284986246,-0.0683739799953514,0.0840440149068622,0.1655156080477924,-0.1112220129003999,0.4371612214021461,0.2309033114721752,0.0315404519890882,0.3079554390874353,0.1495788730350489,-0.1750143507386468,0.1299392993325654,-0.0698148980464705,0.1398121492800694,0.0765718981009062,0.022864665156504,0.0841618856867592,0.084502912820326,-0.0948755790390936,-0.0247143492929695,-0.0024101505056786,0.0539587324697132,-0.1425799846118313,0.0658967572383082,-0.0315122809894186,-0.2615698907214396,0.1932516327339424,0.6031077821940993,0.1211029723580561,-0.1656481589759123,0.1165004551320472,0.2756889058336409,0.0061772637693811,0.2913451693916149,0.341454079411511,-0.3464374205840652,0.0134507258998306,0.368776051466626,0.1599759407843055,-0.2246736172858086,-0.3462753773654939,0.0990394672554151,0.0496991016641448,0.527921036839998,0.0690740561012539,-0.0287012515568491,stop,1447,19,41.14729697220551,-0.1048061798355617,0.1185422959984704,0.1380887444256189,-1.0,1.131062082259465,1.3175629971655938,4.611264642466579,1334,0.6948665346924795,6,0.1764955034116407,0.1926283143678311,-0.1276770600149026,0.0459770114942528,-1.2941619653831682,-0.599295430690685,0.375164161529872,0.244650954148809,45.6794633645801,41.14729697220551,68.17890483081567,2.4415830494062343,-0.1859631859536593,-0.046865477137559,0.0540513718472321,-0.2472855368818133,0.0692209090676058,0.0042302656693034,0.0,-0.1109438487254544,2022-05-19,29.0,15,-0.2197536591855302,-0.1304528612130309,True,False,False,0.8571428571428571,5.0,0.3571428571428571,0.0581546017566685,1.5455205370648737
LRCX,Falling Wedge,bullish,1,0.696224464759836,5,39,1525,1526,2022-10-07,2022,3,35.65488946558081,37.94551834889137,51.56555342966613,34.17405660794674,1.504363282592953,-0.0603662562268696,True,-0.1487377429278342,-0.1313455162289997,0.0179328841450354,0.0723393152571809,0.0271728720421284,0.0039725363940623,0.0079919046766052,0.0114662069288131,0.0750782003087193,0.0359184606391327,-0.0544838931600279,0.0264860792219501,0.0292781943464826,0.0354560629413269,-0.0719360473892543,-0.0595518825357831,0.0837880940752417,-0.0058214872760977,-0.0527207188598679,-0.0614978195780631,0.0080459006029669,0.0514544340621359,-0.1577562077699686,-0.0018649700374456,-0.0302473579236491,0.1001358910456164,0.0558822139879033,-0.0060742223546415,0.0377301575383119,-0.0344945747299338,0.0670044858341647,0.0865480788810186,-0.0116414195167865,-0.0027240448023164,0.0931756939584058,0.0061398443137736,-0.010661508611204,0.0385464775097246,0.0406016663456123,0.1045463274966918,0.0231524801932998,-0.0307996488192839,-0.0781428718380807,-0.1649298986842906,0.0324397853752325,-0.0191867156936065,0.133953224191188,0.0999109943882896,-0.0625153402484588,-0.0615961514600332,0.0854635024416705,-0.0030147263024479,-0.0202317725352707,0.0289595034076846,-0.0577571438386146,0.1048265419066554,-0.0675442557372738,0.0938812080665787,0.0538005354356685,0.2110263249763628,-0.0632519307848293,0.0105790323007746,0.0485936615498603,0.1566571108884393,0.3222644150433291,0.0038893983519734,0.0679073780277277,0.0186014089481159,0.0904262891692924,0.223309427868698,0.1254140011413251,0.189657155470893,0.0103969313021068,-0.0019817542447547,-0.06360432252411,0.357863328661254,0.0521878830641238,-0.0474514557283499,0.2202818891934486,0.1875082836986115,-0.0778683455963944,0.0259170455692556,-0.2290870689057159,0.4373854175431499,0.1270589494144689,-0.1515974897018316,0.0984953123856398,0.1719774378270857,-0.1087087434741268,-0.0191746856063318,0.1994256156127449,0.1543753586706396,0.1461035888721997,0.0868602275664884,0.3358412270985347,0.0661919159233737,0.0038554540959898,0.5108415309270076,-0.171241837350446,-0.128631819660228,0.2533250948415073,-0.0625044706311961,0.1667547011723595,0.2936769348761052,0.1207953408834336,0.0852271581162773,0.1655736145461455,0.0140903732525377,0.2101458278705614,0.013702789666649,0.1896205320767294,-0.0360605668922026,-0.1219085083201192,-0.1013778610696537,0.0557077173010314,stop,1526,1,34.17405660794674,-0.0415323923262637,0.0008918625430516,0.0798962428769565,-1.0,0.0214739024914688,1.923709143680433,10.744402301759983,1483,0.4701302684438614,5,0.0530262553356823,0.0347411436384521,-0.0882305385700846,0.0,-1.7283433963529755,-1.258213127909103,1.0179895071598004,0.165912626432494,37.94551834889137,34.17405660794674,51.56555342966613,1.6100633365150467,-0.2530693299545113,-0.1554828324618217,0.0445713876431822,-0.2498949242179042,0.1812795057163974,-0.0274899336535333,0.0,-0.1040818327018524,2022-10-07,29.0,15,-0.1749631971760827,-0.1649621043338844,True,True,False,0.8571428571428571,7.0,0.5,-0.0482256660182067,-0.7947396551472999
LRCX,Falling Wedge,bullish,1,0.6989751869157838,3,19,2134,2135,2025-03-14,2025,2,76.49523900580476,75.62206216394407,96.10530075383168,71.09088059721739,0.9127268415890318,0.0115465886128269,True,-0.016470141928822,-0.0215991881775736,-0.0303843473839862,-0.0233757780743798,-0.003643934152113,0.0658349028819216,-0.2447971961211921,0.0433412288232635,-0.0574063844038209,0.093326192694555,-0.0512494171308746,0.0170657751602281,0.0645258041532248,0.0855399316640412,-0.019284792859734,-0.0230489810198709,-0.0477951203283174,0.0342618365954443,-0.0064948028795734,-0.0326540012408202,-0.0171902148482681,0.0183930802791107,-0.0097183310192639,-0.0583582245499954,-0.0486593773754695,0.0345259805921991,-0.0273673928934494,0.2105484192709006,0.0345953791515121,-0.0737147075738118,0.0886974998888023,-0.147291427326358,0.0106151624139629,-0.0839017192210714,-0.0576094255659282,0.1193701921656278,-0.077830977940408,0.0838580213136122,0.1106454284343869,0.0307850682174395,-0.0309995630854471,-0.1240620893657407,-0.0069261770084599,0.0503460101529129,0.101765092206761,-0.0706606632413675,-0.1248864965768304,-0.0764780262599089,0.1092990406268181,0.1198498145462323,0.065386629174174,0.0018603117849749,0.1961315151607776,-0.0648454087672329,0.035869091443599,0.0068699724338543,-0.0573481167473588,0.0460863284823069,0.0139925273475698,0.0516921145698507,-0.1210669932611238,-0.0895676417878719,-0.2045939891016378,-0.0291510673405058,0.1403056595104934,0.2009145197997555,-0.074685859674637,0.0171095282015145,-0.1430918953969081,0.0666579332322547,0.0276489766554679,-0.0689462132390238,0.1890359529236016,0.0272341453099704,-0.0700117018966374,0.0374707596953232,0.0722951177356225,0.0592732791301111,0.052198710739717,0.0849893402989727,-0.0049544734219739,0.2184800858654478,0.1986791319713954,-0.0797982514377216,-0.0885939105127848,0.1664541358862434,0.0028285367031617,-0.0969552175728831,0.1727714803802722,0.1089727342098831,-0.0615481859497536,0.0206641603913075,0.1801322429882133,0.1053187271434825,-0.308326428245705,-0.1884189686066379,0.2372667607803882,0.3856480013196655,0.3556491809035405,-0.0450993523346894,0.0746125110530047,-0.1551063903652786,0.0091434694838932,-0.0518975624679304,0.3868158552892378,-0.127738459647412,0.7105649658395858,0.2000489226341846,0.4089081443955369,0.0643954500790267,0.1165004551320472,0.238313049469534,0.384943325297449,0.3735190695107073,0.0266451430122058,stop,2145,11,71.09088059721739,-0.0706496048489666,0.0307354413664227,0.0864997144717083,-1.0,0.4350405275744765,1.2243481709009656,3.628564256002541,2113,0.6892088525623197,5,0.028321341770912,0.0867306197794102,0.1667414427928542,0.0,-1.1670121706179502,-0.4778033180556268,0.3745737848992001,0.2061088803109972,75.62206216394407,71.09088059721739,96.10530075383168,3.981216395062591,-0.0471739852678301,-0.0034705157995961,0.0510002804322164,0.0355436777728388,0.8476567971509009,0.0199309373564189,0.0,-0.0769520865596177,2025-03-14,18.0,13,-0.1673387505821372,-0.150347001829995,True,False,False,0.75,1.0,0.0833333333333333,0.0408429404675141,0.5996930923251088
LH,Falling Wedge,bullish,1,0.603398475690739,3,30,1003,1004,2020-09-11,2020,2,148.10278743965267,142.2325795372027,167.86822733832855,137.22418497153342,0.9291955021995658,0.041271893693769,True,0.0088006549216514,0.0251460302051932,-0.0270617708498068,0.0324271633603012,0.0175917718780203,-0.0356396046237502,-0.0034708670879717,0.0743568130221081,-0.0377924608258753,0.0091667236466301,-0.0012518433119377,0.0260088170856884,0.014026444337674,0.0211541021069099,-0.0399999442392718,0.0317302130770149,-0.0269537779949813,0.0431132013953621,-0.0124388025997771,-0.0373579292907226,0.0629807621126561,0.1049059549524713,-0.0019740933858856,-0.0044554905477681,0.0176015351575455,0.0545909042593968,-0.0068383915084719,0.0264730427699577,-0.0354137981035139,-0.4210235287945579,0.0377017218788684,-0.0372011753806363,0.0011167482441241,0.0054054532017451,0.0144951881985655,-0.0440815484612049,0.0049098595813659,-0.0385821979752366,-0.0099928137187047,0.1952545429050511,-0.0621167458533806,0.0417292244399312,-0.0855990791556861,0.0448473160371585,0.0431157413957286,0.0091049862542068,0.0767875321072726,0.044939377960834,-0.1447375915394837,0.1083431674105241,0.0545333602993589,-0.081124838098942,-0.1144109965016085,-0.0771949430736425,0.0494591485519408,-0.0204764444153281,0.1054059595903562,0.0217275466586364,-0.0389902141622259,0.0078729926580918,0.046072467545434,0.120718646199152,0.0730367278565471,-0.0513216420728485,0.1724906166861977,-0.0439483673884409,0.1394278694420077,-0.0540552449791412,0.0631461210739433,0.1767324708848017,0.1350375645577142,-0.0129026242916229,0.1424350538341607,0.0630289080541857,0.0851068027463113,-0.0082354787962042,0.0849142175961421,0.0692249238629316,0.0871353053335175,0.0957706563003923,-0.0350514135285453,-0.0631616133223018,0.0509137328797701,-0.0361078857085769,-0.0791500413771177,0.0533421056178451,0.1487855002732312,0.0423408275393883,0.0314845877331966,0.0679145067062203,0.0911199076477917,0.1327870719297659,0.0854233702392179,-0.0125868048117427,0.0681522863881753,0.0648699431998409,-0.0916784840286029,-0.0322663587800409,0.3974116766091924,-0.047614489650956,0.0396175015421749,0.2052637483021751,-0.0100825935906517,0.0347115109926434,-0.0434572487431961,0.0941787607809514,0.1310944451520637,0.0228118324722435,-0.0914493224726656,0.0730247085385114,-0.0714553375431142,0.0592391976820776,0.0885590277336119,0.1830763563486777,0.0317230121925623,target,1030,27,167.86822733832855,0.133457581996758,0.1387788856833626,0.029207990513661,1.8169098426567492,1.8893548015665576,0.3976415925907072,1.8169098426567492,971,0.6546343048181675,6,0.1758010064166962,0.1313607302115587,0.2217382826811327,0.0,-1.597148871962433,-0.9425145671442664,0.4766514060627628,0.0969070655620178,142.2325795372027,137.22418497153342,167.86822733832855,4.038313168743214,0.0664300442770413,-0.0194106142060326,0.0273165471352944,0.2016291942763757,0.5114305867785806,0.0087562522515165,1.0,-0.0082237387419075,2020-09-11,55.0,5,0.2103453793403229,0.0794819406402389,False,False,False,0.0,0.0,0.0,-0.0509159709221887,-0.802141176112143
LH,Falling Wedge,bullish,1,0.6945770478414626,8,93,1404,1405,2022-04-14,2022,5,218.95259643309703,220.2901058117112,269.9557382335007,208.0010970224732,0.9658044316314612,-0.0060715817157824,True,-0.0009301764475474,0.0237258509094103,0.0213243640646427,0.0067321788952687,0.028518031718888,0.0378447354846138,-0.0082256885917151,-0.0157164439526178,0.0329069212775332,0.0126140580993894,0.0103984047316179,0.0001396245399618,0.066369121756999,-0.0253613022247776,0.0137867232947772,0.0233242828165844,-0.0091162980813936,-0.032299719345879,0.0178505545589635,0.0370877727650698,0.0050364741835156,-0.0298843421837785,-0.0105966491379306,-0.1060014606795825,-0.049203431267227,0.0828130363288306,-0.031301528265147,0.0227351612456792,-0.0055960269381902,-0.0782526747193563,0.034279273447219,0.0102885841819835,-0.0525661699343509,0.0606000347969648,0.0169862253199231,0.0509336349042188,0.0090109421071282,-0.0173100091163155,0.0503115068700323,0.0154959343650731,-0.0531617543910836,-0.0128539457353418,0.0321821846731231,-0.0034261297666224,-0.0063975801723951,-0.1122399956396511,-0.0898537485551728,-0.0095214596011304,0.0984673786920151,-0.0389750788592865,0.0151558962036144,0.0114539667106245,0.0900075341209969,0.0266821104759533,0.0040231293363963,-0.1003815729482824,0.0965916110366538,-0.0207298233294251,-0.0732764663737804,-0.0573750173627551,0.0731638752821444,0.0597578306789747,0.0737325751014605,-0.0356791412855989,0.0280198184828364,0.2111912551669879,-0.0186854472916407,0.1286209008488226,-0.1184420152895084,-0.1922425980530571,-0.0507394287845088,-0.0811596904112921,0.1437314222960459,0.1891907810469806,-0.0129154760290792,-0.3137629371526585,0.1137893295005696,-0.0205316879927978,-0.0344866112203613,-0.091539646780365,0.041106177491786,0.0376884129588253,-0.1477082936203347,-0.023757529233384,-0.0625018762554177,-0.0421081517151737,0.0568790512800436,0.1293043978739458,-0.0129026242916229,0.1255134418587868,0.1881092387778391,-0.2013394844721739,-0.1033585401304167,0.0256303259692864,0.1388520466657239,0.0310157135307831,-0.0774294919328805,-0.0387743793694165,0.0921408393706659,-0.0447780735325703,0.0265922110010046,0.1192136937743948,0.0006592736797372,0.0648664114711019,-0.1353155030385384,0.1570610603305828,-0.0201671549157809,0.0643979350305565,0.0300485676508155,0.0686564259648117,-0.0643864444493084,-0.2310295665472211,0.065713675775149,0.0424727462247007,-0.1178490394646323,stop,1411,7,208.0010970224732,-0.0500176731814649,0.0444618239759492,0.0699855639621833,-1.0,0.8889222778244985,1.399216707028223,4.65718344932078,1306,0.6992574257867545,7,0.1098899748583105,0.0403537173741039,0.0672764378353396,0.0,-1.0850714812116389,-0.3858140554248852,0.3839566085337425,0.1901772277518931,220.2901058117112,208.0010970224732,269.9557382335007,4.616136502773993,-0.0538780013546487,-0.0065263845939731,0.0210616547504497,-0.0241922493903957,0.48614441660702,0.0043134385741827,0.0,-0.0043529392818797,2022-04-14,35.0,4,0.0862383353776146,0.0483500961882914,False,False,True,0.0,0.0,0.0,-0.0330070331160638,-0.65771377056562
LH,Falling Wedge,bullish,1,0.7012846357472955,3,43,1532,1533,2022-10-18,2022,2,173.510750223936,170.585021242395,215.671287609546,162.55940707485877,1.0121164939246794,0.0171511482088666,True,0.0775805044730857,0.0344085426088143,-0.0821601124819814,-0.0805688858135295,0.0353477599814371,-0.0026936969049874,0.036050509324867,-0.0204032524598098,0.0403424396025124,0.0206083842684263,-0.0133488509069006,0.0298063260605661,0.0065806966350965,-0.0125046285272097,0.0347192147233397,0.0791964896744223,0.016313539266771,-0.015220803184182,-0.0604005318074855,0.0027286202731298,0.0036140997153395,0.0212249908046047,0.0756188890608643,0.0509019669441477,0.0088142533503985,0.0169343838778164,-0.0461205221062681,0.015578403189113,-0.0142714058803281,-0.0175658579701134,-0.0689342615968495,-0.0437812662088561,-0.0301121560432828,-0.03476806152262,0.0236756200109158,0.0259233432362853,0.0095561540841129,0.0216782042063115,0.0090109421071282,0.0303921246734775,-0.0457356001474128,-0.0818767796116288,-0.0070430984208215,0.0048311152151139,-0.0257230413867343,0.0638195549588797,0.1605441280400847,0.0805962687340799,-0.0372024451457368,-0.1741175324527771,0.1273204084940049,-0.1159966961288533,-0.0315285999764242,0.086263207469631,0.002944463916233,0.022725634358621,0.0365634274018293,-0.0307703427628153,-0.0273771586141994,-0.1090406022717361,-0.05951369223779,0.000781946555816,0.0185174197959143,0.0381361161672422,0.0252839430095672,0.0326551306875748,0.0245677991542074,0.0312201585981508,0.1674724987391617,0.0921598797651739,0.0097456554238668,0.1319705482101658,0.0212732699150943,0.0684832311308167,-0.0154551864443331,-0.0754826771213769,-0.0471874290079887,0.0686467006725499,-0.0604949104792417,0.079272535279206,0.0291522780580009,0.1074841576320566,0.0303321163326641,0.065362779501346,0.1082808098914298,0.1124141512292136,0.0555386312669907,0.0225753953339828,-0.0121539688959717,0.0052637498713556,0.1253050242865478,0.0511308194320484,0.1920367570865877,0.1071024679639305,-0.0651049068133318,0.1023185784436584,-0.1033170392933527,0.0644933534025451,-0.0198848527719002,0.0025410765735411,0.0878912828923392,0.0253185200315384,0.0432010836677108,-0.0335343015985285,0.0468849627539638,0.2470612555343907,-0.0022478720923353,0.046019477515738,-0.0688882345680571,0.0167860180500463,0.116223717715983,-0.0411549017782705,-0.0491013824677006,0.108987357186409,0.1658120974673683,time,1592,60,206.8311920166016,0.1920367570865877,0.2061493545245453,0.0243648732866405,3.0425895106275846,3.26618650103645,0.3860318670986365,3.849805161950616,1487,0.671419524023683,6,0.0885989242277453,0.2164499952929801,0.1860734693926189,0.0,-1.7152517867236785,-1.0438322626999958,0.4547449859561406,0.1207925541513729,170.585021242395,162.55940707485877,215.671287609546,4.611466159356488,-0.1470020846182366,-0.0601750790726834,0.0264264189665917,-0.209980472247214,0.207015389984513,0.0214188240203114,0.0,-0.0337420409122736,2022-10-18,35.0,4,-0.043962055775977,0.0083307323723966,False,True,False,0.0,0.0,0.0,-0.0760184785016992,-1.2043275985535031
LH,Falling Wedge,bullish,1,0.710924239727382,3,28,1689,1690,2023-06-05,2023,1,179.86242238010396,178.24515846851045,192.8346742968157,172.77521347303838,1.058608755059198,0.0090732557646395,True,0.0322711735243497,0.0155604000568694,-0.017590801588626,0.0071621306861371,0.0238510216226317,0.0317819843532893,0.0165922485576162,-0.0106459508900994,-0.0132750326627818,0.0044557001704419,0.0207198295070867,0.0111738239026322,-0.0355948751054523,-0.0226790683244427,-0.0865625904017979,-0.0865953952471767,-0.0027359031690283,-0.0156058893876784,0.0036668505495476,0.0025032924943939,-0.0495446894314972,0.0656815704570199,0.0399332607197389,0.0640831060254172,0.0356444403932603,0.0168248055147941,0.003897477636888,0.0686592679513911,-0.034104187841543,0.0112381231427616,0.0861714499997139,-0.022403381364956,0.0128551558543104,-0.0111331702547664,-0.0039716710559568,-0.0118654348609222,0.0100552656685617,0.0041557204344426,-0.0016871693584993,0.0028271020851293,-0.0755836795505288,-0.0287005569280375,0.0112337894365188,0.0316753146422019,-0.046834746407803,0.0629176322882321,0.1207103853321642,0.0782747494492956,0.0489177866213859,-0.0102784187125885,0.0541011133272386,0.0426826118561449,-0.0235489733440967,-0.0195671545635647,0.1160331893854502,-0.0042222384515627,-0.0118579526788813,0.0437149770652098,-0.0499141444144214,0.0124503606803034,0.0211337204853812,-0.0771949430736425,0.0523881275922359,0.0774108756096787,0.0648626355012442,-0.030868574160217,-0.1226291713496529,-0.0071561678729069,0.1118875023570273,0.1501408895053722,0.0912381552799737,-0.2281839659297654,0.0968626994391275,-0.0281092060737201,0.0633075511981837,-0.0172498197205873,0.060783010565375,0.0679145067062203,0.0600795977539787,0.0645447517994293,0.0366051994658538,0.0239840557382335,-0.0716097742001652,0.0588413555726543,-0.0145409410888127,-0.0504360887219845,-0.0304766033882121,0.0833974890289452,0.0487960077728943,0.0533421056178451,0.0613791723809182,0.1331793343095516,0.1401493423102715,0.0791764934960372,-0.024755121397316,0.0903213249725802,0.0572719284886751,0.0650523030578305,0.1474752518500346,-0.2730467374127194,0.0840207995063047,-0.008600890321709,-0.1011350388761344,0.4187161985441618,-0.0840378836307893,0.0665124441891662,0.0033462981622991,-0.1021582511605655,0.046019477515738,0.052898598975527,0.1338174578316469,-0.0159626125316286,-0.0909089984436779,0.1171958480766546,0.1110472224404676,target,1698,9,192.8346742968157,0.0721231914095843,0.0819654983430785,0.0062060204799981,1.8303752699852076,2.0801578275590216,0.1574992202868723,1.8303752699852076,1660,0.5373488969250133,6,0.0506180175959576,0.0612047305339222,-0.0468103483917615,0.0,-1.0434743535026003,-0.5061254565775926,0.7280605466675313,0.0677565144403245,178.24515846851045,172.77521347303838,192.8346742968157,3.4987986852404958,-0.0485273831690346,-0.0239813379765923,0.0194303089850717,-0.0935973432693189,0.449323452641678,0.0018436376134283,1.0,0.0350677502264606,2023-06-05,35.0,4,-0.0566762841751513,-0.0003041298503213,False,False,False,0.6666666666666666,0.0,0.0,0.0210352741198114,0.713260245176882
LH,Falling Wedge,bullish,1,0.6115978986285318,8,67,1799,1800,2023-11-09,2023,6,198.76150945189093,192.7100717979855,215.5276181914627,186.80642827714,1.2412912639066205,0.0314017715703465,True,0.0273498985807072,-0.0053351292407275,0.0351451996941518,0.0251036540865345,0.0384635338366208,-0.0220199964890334,-0.0252389842675265,-0.0027093587702342,-0.0210428128448335,-0.0069511455533929,-0.0506694661335416,0.0150597299145611,0.0357740912945032,-0.0406608779214877,0.0052850796438006,0.0254827108547399,0.0337845558831282,-0.0100774777533321,0.0431839916142045,0.0210691099400783,0.0169697360573568,0.0189690636178996,0.0206038817454973,0.0370514698532982,-0.0072623435169052,0.0118390240931915,0.0242245215446819,-0.0190359778149751,-0.0260464631659307,-0.03476806152262,0.0059845601368571,-0.0531617543910836,0.0060883961521283,-0.0161016473799394,0.1091522381207454,0.0417137826711448,0.0203218095980608,-0.0294592951993147,0.0186625848540331,0.0544832535726047,0.0267501080259782,0.0186491895024267,0.0084954358333311,-0.0253285236847569,-0.0039155927485304,0.0301240904433965,0.0559675109628527,0.0004145775410226,-0.0603052708068899,-0.0524785815306629,0.0164874701604977,-0.0029012225720222,-0.0505577997509403,0.1177968862449159,-0.034264405029599,0.0243764481187194,-0.0039212589865545,0.1131147863892614,-0.0313715188586239,0.0378028811474422,-0.0906289957921854,0.1367830044593878,-0.0356164799840793,0.0491757502370995,-0.0174593006482371,-0.0404875464722259,0.0901192173680078,0.1250597489015392,0.0414313203331102,0.1124708936489973,0.0211334615347729,0.0941737092497079,0.03849879085167,-0.0450092187220597,0.0421419232067941,-0.0834331100760269,0.0127087893081929,0.0436250220174867,-0.0396832951900725,0.0665610572157355,0.15338314504247,0.0051138347168189,0.0908180358380017,0.0404806006210334,-0.0489897464280587,0.0103068520314262,0.0396877289704766,-0.0113616615022863,-0.0582191620710795,0.0835233438251543,-0.0421081517151737,0.0928599692894867,0.0906300943842739,-0.0564856150736414,0.1352594046926625,0.0883588756151296,0.047139426022889,-0.0530943611440729,-0.0572207624719987,0.1106835591593322,0.041084818826639,-0.0236901638250514,-0.111068092492052,0.0519876545821027,-0.1341144977824837,0.0753465223678504,0.0999531229484462,-0.3175882901154074,-0.0402187869355942,0.0803184009306867,-0.1360944249708267,0.222345109638236,0.0695386100685018,-0.1254988596045934,0.0894587311087541,target,1815,16,215.5276181914627,0.0843528950137597,0.0846822777171766,0.0109203894681026,1.4024253365156332,1.4079015522235416,0.1815590427831484,1.4024253365156332,1726,0.5600305013378957,5,0.1421196189957152,0.1322059545696616,0.1212912055123687,0.0151515151515151,-1.5851064900057346,-1.0250759886678436,0.732315028223808,0.0676027208225164,192.7100717979855,186.80642827714,215.5276181914627,4.404582349418086,0.0158868157228069,0.0099623209606849,0.0222512591143552,0.0914096952435261,0.1377766927083556,-0.0009717051634023,1.0,0.0004151882318883,2023-11-09,35.0,4,0.0328795390486402,0.039991681709975,False,False,False,0.0,0.0,0.0,-0.0071039243724178,-0.2047793522714057
LH,Falling Wedge,bullish,1,0.6442449182141613,3,35,1890,1891,2024-03-22,2024,0,209.02196087753563,205.7835620537703,227.2379342301917,201.1795495682664,0.9313145423374644,0.0157369169405239,True,0.0062791548583032,0.0017390293170544,0.0301825014786167,-0.031384155954734,0.0140665897672562,0.0258893264058561,0.0450536220010762,0.0167384992100174,-0.0309600608810117,-0.0190358621272044,0.0326993942036484,0.0378911345841446,-0.021394386304682,0.0047971750603312,-0.0092550936131449,-0.0233252206404031,-0.0271381829323132,0.0292976418745962,-0.0117424785873294,-0.0028344265386414,0.0122879611782558,0.0118074633821851,0.0020970827799772,-0.0226977452064145,-0.0206200017027086,0.0142874963765473,0.0073000464793544,0.0154997909499032,0.0676181030636824,0.056775685664711,0.046917493601184,-0.0384945215030148,-0.045071067672368,0.0165490328165369,-0.0121442368213472,0.0118027675477694,-0.0200463847736427,-0.0116569625960747,0.0471724064227567,0.0189230317504351,0.0069618366337969,0.0089510191445716,0.0184794539244825,-0.0152111291191729,0.0333995784867808,-0.0340984172252591,-0.0554884307396325,-0.0168582357398788,-0.0202624817853888,0.0015983282539415,0.0731638752821444,0.0245677991542074,-0.0117440398904699,-0.0249410314370975,0.0553067700154812,0.0513505809296706,0.0152962268954304,0.0387501129612597,0.0813831750792584,-0.05642719435299,0.0255874494074492,0.1011142320447735,0.0545259215672204,0.0467606183910709,-0.0085007596521374,0.077598925517095,-0.0300768653090172,-0.0462567072514119,-0.077928177530657,-0.0380000456550125,-0.0577382979870283,-0.017149616156271,-0.0291451392409323,0.0054770170688529,0.0551129446027793,0.172285057985887,0.0277081973212913,0.1629998458173256,0.0593801892567196,0.0227894662591694,-0.0169240587355226,0.027439535768144,0.1430196654798692,-0.0311385877418638,-0.0150575408331253,0.1308783335327461,0.0658191997038752,-0.1046405147212622,0.1017735349476205,-0.0420453317243136,0.0239840557382335,-0.0751283583714737,-0.0360131804463496,-0.091207437949864,0.1120064742286,0.0156530945510089,0.1195027853688772,0.0864450785981547,-0.0711973065417462,0.1335435048787809,-0.0692184710469361,0.0965075214850355,0.0289460454053773,0.4580980780243118,-0.1175456849475591,0.1491991794305611,0.0955857324387345,0.0762093723715968,0.0053556961238314,0.0696172869336193,0.098244661893291,0.0758420794917829,-0.0431043693922874,-0.0391856149435589,-0.1000384376639234,stop,1902,12,201.1795495682664,-0.037519556683635,0.0170697338521403,0.0392558394857609,-1.0,0.4549556380975486,1.0462767408678697,2.3227515918638404,1855,0.6490791318873684,7,0.1306405601871124,0.0198243129273918,0.1814195674721597,0.0,-0.9695622268833912,-0.3204830949960242,0.3205521715826762,0.0872688325145077,205.7835620537703,201.1795495682664,227.2379342301917,3.491564559474656,0.0095933777561612,-0.0273994705270466,0.0168405856287026,0.0466055035130248,0.9746025441052564,2.050643372886185e-07,1.0,0.0294956907980039,2024-03-22,42.0,2,,,False,False,False,,,,,
LH,Falling Wedge,bullish,1,0.8172433615230017,3,38,2090,2091,2025-01-08,2025,1,227.17558072150308,225.76885455115303,243.2696516651664,220.0013852291428,1.3495412092413568,0.0062308247660942,True,0.0318496403323056,0.0220181671222527,-0.0042147202516056,0.0477446764084961,-0.0297739116565574,0.0596369912237526,-0.0322508572983514,-0.0136276026338917,0.0134322825333703,0.041060558498561,-0.0888853461833952,0.0224080315380166,-0.0116745970827143,-0.0012013986294924,0.0041305004804328,-0.0163033171297477,-0.025606829264329,-0.0115116003994462,0.0185937881066473,0.0160639978706427,-0.0093665699145479,0.0296232884813281,0.0314357720974472,0.0630942945261867,0.0253901518380446,0.0022427316832918,0.0092369719813294,0.0261467612705119,0.0389557372137661,0.0183107965560982,0.0004725196368657,0.034328009199136,-0.0224585541012898,0.001068330660995,0.0265392525590537,-0.0022827195109956,-0.1170769575640209,-0.0307490653818993,-0.0331617282740379,0.129664696309967,-0.0375264224672873,0.0385881680213304,-0.0285699728326452,0.001673143090773,0.0640353507741258,0.0571224420849333,0.0642609919554344,0.0388460296959567,0.0672959316970285,-0.028757005531915,0.0450064698109917,-0.147141110593855,0.080753411343905,0.0304002606630822,0.0109588931842339,-0.0031012472567711,0.0224203296829759,0.0867375989919341,0.0653952971753046,0.0147718787171153,-0.0098448846308393,0.0744809386664087,0.0488847053131533,0.0612532116113118,0.1367830044593878,0.1153343890007441,0.0306690452838527,-0.0271663280142545,0.0305042524767446,0.0580352472970022,0.1012178779511779,-0.0667213007992872,-0.0835769197222383,0.0322376675575555,0.1438129707256228,-0.0138456555323777,0.096325722204813,0.0227418900697851,-0.0803588810236906,0.073717207924534,0.078758431849701,-0.065479112937816,0.1182560046203029,0.079474068051484,0.0893762518641867,-0.158271745878024,-0.0173051062322646,0.089980947380154,-0.0944296758796086,-0.0005837439348219,0.0872479810895294,0.0414673972271252,-0.0313732030367356,0.1051438981364653,-0.1347882510892786,-0.0586705156272597,0.1308523113167947,-0.0228973403314566,0.3132990263961552,0.1087577521838008,-0.0638113519954552,0.0172304271779153,-0.0840378836307893,0.0607643810788991,0.1459079992645093,0.1372621424908504,-0.0368488300697829,-0.0760933717030329,0.009952340692396,0.0733594410790015,0.1426849639300229,-0.0926628898215723,-0.1460495761200246,-0.0092991346577276,-0.0521187850649339,target,2101,11,243.2696516651664,0.0708441941363109,0.0828004113003601,0.0112359157878355,2.24332762618494,2.6219290429385973,0.355792603750148,2.24332762618494,2051,0.6092767075086745,6,0.0630562843223389,0.0976508464224776,-0.2516604139856478,0.0,-1.0259048040501169,-0.4166280965414407,0.5549066776677113,0.067689584688923,225.76885455115303,220.0013852291428,243.2696516651664,4.071436267104352,0.0805299912419399,0.002310368560547,0.017699400414221,0.1765583749618262,0.5555546793678853,-7.832952930719729e-08,1.0,-0.0218395778752243,2025-01-08,27.0,16,-0.0753934291536668,-0.0444478070619769,False,False,True,0.4666666666666667,3.0,0.2,0.0178931605335148,0.247235550512282
LVS,Falling Wedge,bullish,1,0.7204403993281153,3,30,961,962,2020-07-14,2020,1,46.00893027544142,43.59493150079948,54.362884465770094,40.08613791679306,1.8115057046440624,0.0553733815271089,True,-0.0210075245011113,-0.0290718193630069,-0.0253384084714639,0.0149569623830732,0.024898354385366,-0.0188491696871831,0.0229858412253274,0.0211890498870215,-0.0239754240347548,-0.0188491696871831,-0.01054091461963,0.0217306814357574,0.0001940139434408,0.00522044375475,0.0662385706593939,0.030619105021916,0.0180781107209357,0.0441194539367271,-0.0159272693273558,-0.0166370656137621,0.0034837290326552,-0.1310078133126047,-0.0216369785827326,-0.0981032625786711,-0.0942572388470571,-0.0021408525360518,-0.0235406100700993,-0.0652329475231481,-0.0609819760072923,-0.0460679693104175,0.0839524798653339,0.0772751767479105,-0.007949039609203,-0.0303744064985942,0.1392955025831292,0.0283023332346528,0.0231113915845047,-0.0282515572078876,-0.0233196154333832,-0.04181510636964,0.1390235645783741,0.0347290351719185,0.0484967024831815,-0.0835851767251587,0.1683086875546318,-0.1145650434043092,0.0401793704853981,0.0079536091465741,-0.1676992762983848,-0.1598887535232747,-0.0309180958409407,-0.0861858109993733,0.0185240794518017,-0.0121765712484659,0.0387582362473524,-0.1232292384830079,-0.0347316087559733,-0.0547830968397877,0.0262313509628238,-0.0125867642479798,0.0166352621939191,-0.039082569921695,0.0598214710560545,0.003933886642405,0.1066394135359796,0.2274152708139454,0.1942230838380818,-0.010529084103227,0.0421608112613854,0.0369161158502298,-0.0169902324207291,-0.1172556298302566,-0.2158523373913886,0.057172126602071,-0.0328979863102378,0.3115290873062541,-0.0038399592749672,-0.0161338568206073,0.0002012448747381,-0.3127904054763278,-0.1220879320853076,-0.1892617722784373,0.1006599949206743,0.106439393198124,0.1251902389839432,0.0599681952969854,0.0794923300503698,0.173402378184607,0.2317846305762638,0.0166622522623711,-0.0312647716627453,0.0258602547939234,-0.0581277714570709,-0.1192736586407989,0.189764999688349,-0.2259016848771279,0.0060774466217086,-0.1096553459375438,0.3510778726499828,0.1323398205353287,0.0476417297812417,-0.1559488889254447,0.1158234807781171,-0.1466027636360083,-0.1117842761311986,0.026115828179926,0.1185935948147476,0.00499979836533,0.0655173725295268,-0.0612566457017805,0.2322426664563679,-0.0665487752979628,-0.1875147179222167,0.0930779756623572,-0.0740307458387559,stop,970,9,40.08613791679306,-0.1287313641762677,0.0289619012644597,0.1293086862102378,-1.0,0.2249793704104866,1.0044847037679148,1.4104756142818975,930,0.627154571338715,5,0.0862478431649838,0.111522991173572,-0.2137373444793007,0.0344827586206896,-0.9396159760034926,-0.312461404664777,0.4882030299819879,0.2377614174874643,43.59493150079948,40.08613791679306,54.362884465770094,2.1106901345128586,-0.1427715621162,-0.010349593916662,0.0474632557199027,-0.3301635412524794,0.6249985975383944,-0.014011858310976,1.0,0.0432286725439625,2020-07-14,34.0,3,-0.4175604343372943,-0.2089571843284017,True,False,False,1.0,0.0,0.0,0.065124745818488,0.906438119910505
LVS,Falling Wedge,bullish,1,0.63289109435804,3,24,2058,2059,2024-11-20,2024,0,47.53949281005518,47.70293747959352,54.06622644357083,45.87003821869959,0.5224046582983067,-0.0034263019883892,True,0.0406799352896189,0.0315292065710668,0.0120420252309088,-0.0417021081802693,0.0014995305920799,0.118636112477013,0.063552538198351,-0.0171971831103996,0.011367599157583,-0.0581843743133727,-0.0372170698635292,0.0412946693691762,-0.0094419878586191,-0.1367082713859435,-0.0424133722343961,-0.0316108760402641,-0.0059667306609491,0.0032415986003979,0.0604691251973734,-0.0040947683789029,-0.0767856104600532,-0.0295278218194193,0.0496172840637807,0.0896579931353709,0.0673121552107884,-0.0579883510473185,0.0669774159889022,-0.01288479758378,-0.0422270895311727,-0.0642186451083095,-0.0140312507908273,-0.1408685073227366,0.0045484412947442,0.0132062035010858,0.0088203791034171,-0.0488273718375862,-0.0498161304442947,-0.1167125494715908,0.0348749634955594,-0.0088139539015296,0.0065329251330774,0.1041669407751906,-0.0448318078301032,0.0060889502224665,-0.0662739163331247,0.1107719007197674,0.0378465655482251,0.050148386257911,-0.0142424120849539,0.2125496799122996,-0.1081080973872999,-0.04610891719901,-0.0045899357285132,0.0447998174295425,-0.0737703952998642,-0.0139845474556721,0.0154706155507278,0.1249999278635207,0.2040767517110091,0.2562511881339082,-0.02489476334254,0.0880107733920809,0.0165365956440686,0.0854954006884589,0.0147210962904567,0.0515531723269693,0.0471698080294609,0.0323097722603087,-0.0075657109885227,-0.1094920311976579,-0.1349067628149431,-0.0133264995531912,0.0708644563564118,-0.2478898256407742,0.0551332648309161,-0.1513005388799891,-0.0637996018730626,0.1154631757470696,-0.0537704784311174,-0.0801211309844431,0.0279959679729233,0.3457944210093493,0.3016459142286556,0.3177357425581069,-0.0962293514442892,0.0670768296984329,0.0589824597285064,-0.0983792994022654,-0.1478913941526267,0.069782536518886,0.0312071463735068,-0.1349407209307082,-0.0845353478184567,-0.1166120854249701,-0.1038732055911899,-0.0352889209252913,0.0356415421713536,0.092910137762366,0.1126381441384847,-0.0722458901568429,-0.1061123106296838,-0.1551488217191823,0.2067937936709387,-0.1142143769225177,0.3804990749076524,-0.0480553776226519,0.0128448860032219,0.1045377321928358,0.0750875605183014,-0.1282387932802882,-0.0037089101731887,0.026115828179926,0.2417111977522212,0.1377951974325446,-0.1175197722039072,target,2070,12,54.06622644357083,0.1372907712666038,0.1457194327728889,0.0048573503179107,3.9095005442561774,4.149515633705879,0.1383182098572304,3.9095005442561774,2034,0.577387126396455,5,0.0855900411027413,0.2454031766780662,0.26816732241979,0.0,-1.0332246591748444,-0.4558375327783939,0.5154477126308356,0.1106842252709432,47.70293747959352,45.87003821869959,54.06622644357083,1.1629062170816853,0.0766008502106023,0.015085058838826,0.0242168374379502,0.0981288119104502,0.9605278348031452,0.0028467115332346,1.0,0.0216438655848882,2024-11-20,8.0,3,0.0035315150759889,0.0027722262609561,False,False,False,0.0,0.0,0.0,0.0241469447638475,0.3467441274264262
LVS,Falling Wedge,bullish,1,0.7446263430857772,3,69,2124,2125,2025-02-28,2025,0,44.92398913179654,42.90365167139231,57.56886601049388,38.81689568790432,0.5989261294581076,0.0470901049607246,True,-0.0292976367197116,0.0046853860304613,0.0029879845496165,0.077067055366375,-0.0045455763360042,-0.0745481334985983,0.0140635964456232,-0.0381196582462011,0.009196564442961,0.0078577762968761,0.0962607172255016,0.0222348773914351,-0.0004188218781259,-0.0314400048154946,0.0077519501582066,0.0180781107209357,-0.093489724809163,-0.0121162585712375,-0.0274467480077817,0.0223185703680934,-0.0147494025686236,-0.0458805726330063,-0.026050751799781,-0.0695820859450538,-0.0136090472686299,0.0125658288855812,0.0177984076597659,-0.0413257591068649,-0.0021408525360518,0.1382360669451134,0.0168000379827542,-0.1257672556367197,0.0779407637370526,0.0434283378388462,0.0206364606925042,-0.0465968877870492,-0.0278351142410457,-0.0441506000325507,0.0129899762070646,-0.0374521941204082,0.041036005768269,-0.052833798500773,-0.0412197530935556,0.0048047322397126,-0.0833333784154063,-0.0637611371693658,-0.177509666259524,-0.1123473856345173,-0.0130714509551012,0.1806945045077583,-0.0752293310044343,0.0174906918144963,0.0195264302202797,0.1064594550907924,-0.0221433857052378,0.0092013967570654,0.0073098007085692,-0.018499390741566,0.0648696453131505,0.0849643879655572,-0.1172089073227017,0.0086097268535039,-0.0248549327635122,-0.0060640270048238,-0.0107024652655465,0.0575998689798047,0.0401386725426831,-0.1276899650986604,-0.1865797025041278,-0.2236103329281221,-0.1503557131136474,-0.1336931340334843,0.0107234650923533,0.0459770654506668,0.0592884898860033,0.0002012448747381,0.2833101158285067,0.0583754636650164,-0.043993026700326,-0.1361917717443436,0.0997949271147737,0.1487738944064864,-0.0988722181901873,0.0203709623884942,-0.0451376325925844,-0.1390194534703593,0.007938071533124,0.0471054987842802,0.06317815752591,0.1614216063650975,-0.1007110529703538,-0.2390523665888127,-0.0970806219606615,-0.091626442624742,-0.0609077637372563,-0.0217303644100907,0.2525691888503094,-0.0307400248444191,0.0700855487141771,-0.0913035650604935,0.2530099033295803,-0.1730225726007724,0.0757011052486651,0.1136364013842918,0.2322426664563679,0.104958366111852,-0.3383014036515095,-0.1250321840000873,0.0190972078515365,0.1018672897435006,0.250831341838228,0.2365090873372932,0.1623291208922688,0.156614188819635,-0.1565012988743154,stop,2142,18,38.81689568790432,-0.1359428127803927,0.0260664141942903,0.1367943948914052,-1.0,0.191745438108589,1.0062642672576454,2.070522908298323,2055,0.610294314333267,6,0.0246609965066966,0.1997868517588201,0.4868679315131885,0.0,-1.1904209784322832,-0.5801266640990186,0.5435650691525697,0.2514972673183507,42.90365167139231,38.81689568790432,57.56886601049388,1.258795338044423,-0.0160715434903053,-0.0320000308729482,0.0290922467197124,0.1303795684625599,0.7602728809529341,-0.0032007312018574,1.0,-0.0179491886158219,2025-02-28,43.0,3,0.077555618636981,-0.0169158931144219,False,False,False,0.5,1.0,0.5,-0.0696120022886178,-0.9975544603968864
LVS,Falling Wedge,bullish,1,0.6869269471929427,8,81,2482,2483,2026-08-04,2026,6,46.4900016784668,47.03239766026809,59.32480681701378,43.88569496122557,1.4760252336085091,-0.0115323906239952,False,-0.0165627109047905,-0.009744410725882,0.0101776077061437,-0.0198635123768741,0.0288580044142801,0.0210328167321232,0.0901780218379422,-0.0357677159263164,-0.0065695257393664,0.013823925149567,-0.0206831319545732,0.0607547549676519,0.0297077431895225,0.008201749879632,-0.0553251120517412,-0.0039175319308558,0.0281249507456204,-0.0095999581473213,-0.0467873566174579,0.0042589132738404,0.0823053721495705,-0.0963632688704747,-0.0206900482263362,-0.0219402112483922,-0.011113423024854,0.02860662535287,-0.156880037645666,0.0950202698119777,0.1730193457764655,-0.0323885974529609,0.160920304404653,0.0552825361960529,0.0620995461766629,-0.0319554635310675,-0.0192432256366401,0.0669774159889022,-0.019206951504596,0.0282167956595638,-0.0605855209446635,0.0144220650026671,-0.0486277157144214,0.058022902269653,-0.0214027941196961,0.0506394716939129,-0.0434531162499698,-0.0399144040250772,-0.0570015364638356,-0.0388666563558139,0.0130612309780613,-0.0124952705758663,-0.0102218707916466,0.0312431532497416,-0.0085991671413959,0.2035089248339254,-0.0579713597528885,-0.0979063463807449,0.1336043643968134,-0.0460282761453397,-0.0495341996445248,0.0222396792129491,0.0711186302122941,-0.1416364093583264,0.1652190000999522,0.1652190000999522,0.1336360307170827,0.0427767535848573,0.1372309042463819,-0.0743752621789018,-0.0880060119469544,,,,,,,,,,,,,,,,,,,,,,,,,,,,,,,,,,,,,,,,,,,,,,,stop,2501,19,43.88569496122557,-0.0560186410672359,0.0217250652843278,0.0623790368074373,-1.0,0.3878184988145733,1.1135407003637845,4.928300132076237,2395,0.6124000527447073,7,0.0948540504450603,-0.2241428922306043,0.0396644767179075,0.0,-1.417681075074965,-0.80528102233026,0.5926005192260938,0.1658313298258919,47.03239766026809,43.88569496122557,59.32480681701378,1.3497896377174778,-0.1646253054474971,-0.037083198475737,0.0293305003105397,-0.1584043018962063,0.1900824101338613,-0.0063856798634244,1.0,0.0315897800257802,2026-08-04,49.0,3,0.0211498379996049,-0.0256830926161935,False,False,False,0.5,1.0,0.5,0.0079585848779841,0.1688602299561451
LHX,Falling Wedge,bullish,1,0.6127429154419404,8,45,1332,1333,2021-12-31,2021,3,194.11174381193803,191.1113380840004,221.7294507188766,180.78659108259728,0.4113974953084907,0.015699778767803,True,0.0295123567401751,0.0509485356757869,0.0135294509522685,0.0083602536639231,-0.0220679157341016,0.0833937660962231,0.0127447731164855,-0.0122967368291461,0.0143469508938347,0.0295021695086135,0.0132941930643641,0.0011625317102568,-0.0090481016098052,0.0037915220316309,0.0033351730038706,0.0179296406212143,0.025841396334014,-0.0897212616692578,0.0070649931270438,-0.0098208063810625,0.0163806049357475,0.0773481258958088,0.0202588206035788,0.0674100342988852,0.0917223547384022,0.0258693267959257,0.0401650496298973,-0.0542609796914241,0.160511867490313,-0.0755761244461986,0.0079066783780961,0.0461877758343818,-0.0246303349414435,0.0227643974605,0.0438694016786938,0.032490024115473,0.0294893418185651,-0.017961096256799,-0.0129281479584045,0.0195617721010792,-0.0451497560790483,0.0240070346150442,0.0224387567211963,-0.000695052835102,0.0415594400650707,0.0531290655740944,-0.0195813400078697,0.0358249321346395,-0.0904733271253862,-0.0197620500512333,-0.0293408464054584,-0.0158338489302214,0.0005230243705487,0.0429541508091615,0.0933743573927095,-0.0052067775854391,0.0160470303804132,0.0737483646784611,0.0233786941547278,-0.044546930179708,0.1355312364384122,0.0925787953684578,0.0102111389558865,0.0139298299943604,0.0768593278238538,0.0492227206453201,-0.0431277467178713,-0.03417804518132,-0.0368757949496534,0.1949220084288667,0.292171621329545,0.0623865081832371,0.1463507033642908,0.0748283577024204,0.1487410034702565,0.0110770694379511,-0.0623610729369117,0.0913363693020739,-0.0454125792459181,0.0771721788220503,-0.0471674635777659,0.019246760372362,-0.0728767402162982,0.0673184454664361,-0.0313248451875429,0.033156984170477,0.0152075745085782,-0.0463415901573327,-0.0483109383000185,0.0705994048769989,0.068190793051847,0.1683311622735071,0.1602830368513814,0.1882407033885988,0.227213714000257,-0.0315773618243232,-0.157877912010362,0.0877197604546433,-0.0769497173399691,0.0834296816431723,0.0792457438729135,-0.0170113481767403,-0.0242983649325636,-0.0248364775911009,-0.081384908325463,0.1443115349024237,0.0036946507535089,0.0308156990421475,-0.0270675488922345,-0.0214548236830018,-0.0197552186822592,0.0705011384002578,0.1239168411299256,0.087780692095011,0.1374622481095693,target,1371,39,221.7294507188766,0.1422773623305115,0.1821334034895662,0.0348058711133451,2.0725996517943805,2.6531952973354147,0.5070282100278226,2.0725996517943805,1284,0.486628793600905,6,0.1183835236053201,0.0482192674602277,-0.0637155860435215,0.0,-1.1929052503048856,-0.7062764567039795,0.8266261688121227,0.102997143812298,191.1113380840004,180.78659108259728,221.7294507188766,3.5184011582862484,-0.0251303894803247,-0.0224185795644804,0.0181451967341633,-0.0194538183624058,0.5698991771741577,0.0004697251520004,1.0,0.0420389572398549,2021-12-31,51.0,5,-0.0021335241991393,0.0113540053462521,False,False,False,0.25,0.0,0.0,-0.0558363546628488,-2.0739455157854474
LHX,Falling Wedge,bullish,1,0.7377228892384791,8,70,1476,1477,2022-07-29,2022,0,220.685942324006,216.3640740267898,241.06067314517708,197.69584864089967,1.822221301542254,0.0199749811361058,True,-0.0246558822412161,-0.0352142792892122,0.0021896797051874,0.0008861701665647,0.0227037781859338,0.0143463259039018,-0.0046329492538143,0.0367784107732871,0.0559011180586244,-0.086969380476909,0.0092736598803193,0.0075598250131889,-0.0235866814609023,0.0153839543865956,-0.0037385169560628,0.0200520385714226,0.0354928404213419,0.0279334965314383,-0.001870763634848,0.0410462926025503,0.0359198914650533,0.0070326447862225,-0.0352409739746709,-0.0156748871255086,-0.0595461575111354,-0.0044613868058678,0.0090565813111782,-0.0149124319874758,-0.0589952077034201,-0.023306007959267,0.0273437975212222,0.0173182265879985,0.042817697829258,0.0406597492221498,0.0100093588191487,0.0011514520886684,0.0206349019391915,0.0283542892605763,-0.0641610830801241,0.0255845008126485,0.0162921815070555,-0.0728006517049576,0.0126769691222019,0.0081099498222745,0.0251644561638846,-0.0180017542638259,-0.0268180389592589,-0.0174327445531566,0.1307436826062915,-0.0075832312367662,-0.0195713283640176,-0.0688743927251833,0.1198623710488606,-0.0739141467756273,0.0426323261726371,0.0707589196465889,0.0054936975209911,-0.1163214761243268,-0.2144955252470931,0.0138618483560968,-0.0878770449981224,0.0305261563764362,0.1034736899551942,0.0073941167303561,0.1259185287706508,-0.0212568021618884,0.0272174582953663,0.0342512023740169,-0.031930041470282,-0.0988576630367975,0.0070779640875346,-0.1814396250808788,0.1472044658241273,-0.1234800535262218,0.1015705972975884,-0.0111242549727119,-0.066904787695135,0.1541481475471222,0.1428209541095064,-0.087243292974543,0.0068094938763012,0.0944592638155241,0.0662462600355275,-0.0977085500267809,-0.1032996894088427,-0.0614129663784064,0.0948014103723886,0.0439802341881827,-0.0263580628068286,-0.1156100418610824,0.1750451458676234,-0.1064828954469205,0.0366878040236235,0.10689112821658,0.1901267506452748,0.0621566112157303,0.0987136032601863,0.3804572959809102,0.1886187982532592,-0.0134511401956347,0.1523131698133115,0.1742436928528172,0.1714509831831951,-0.1315557207943934,-0.168115487863697,0.0264799738906769,-0.242161861282827,0.1771725008493299,0.0376962326476422,0.0308482052359189,-0.0101098126358157,0.0838180748485775,-0.0187747692075942,-0.0358229072947977,-0.0210174056464799,stop,1517,41,197.69584864089967,-0.1041756146359008,0.0333459225323689,0.1129385211268049,-1.0,0.3200933601295718,1.0841166766477055,0.8862395735317504,1406,0.3475936050823739,6,0.095083729155505,0.1370168840669172,-0.1803811570784081,0.0,-0.7118914868536343,-0.3642978817712601,1.548131705427623,0.1305357259007163,216.3640740267898,197.69584864089967,241.06067314517708,5.629323940633404,0.0418324991613019,0.0292951228998918,0.0255657031434987,0.1196627790699187,0.9124424719230124,-0.0113033257636687,0.0,0.0920872318487868,2022-07-29,9.0,5,0.1520903030279088,0.0767093893034844,False,False,False,0.0,1.0,0.25,-0.0025665389055647,0.180271800863808
LHX,Falling Wedge,bullish,1,0.8268838932330399,5,62,1601,1602,2023-01-27,2023,0,196.7661712275542,183.6503837320224,235.00698402253963,174.29669496954114,2.1348472924349013,0.0714171526843634,True,-0.0064058225750507,-0.0301147928411082,0.0018906625455992,-0.0049561448432281,0.0399499141295176,-0.0292824302332277,-0.0287981831901347,0.0213683901476995,0.0124800108078095,-0.0144548913617851,0.036292924105167,-0.0060417096962619,0.0104250234522227,-0.0515794533559176,-0.029008526610165,-0.0016931312100565,-0.0055179283599229,0.0307931542558097,0.01562867393021,-0.058914354725545,-0.0709016555316709,-0.0097637278376919,0.0006983466040278,0.0157788272120542,0.002769881725988,0.021360301451035,0.0103511817097994,0.0252613430858361,0.0769663487032614,0.0167245508093056,-0.0105118776669959,-0.0208912082593795,-0.0027976640609032,0.0171499463726949,-0.0228784600145738,0.0094203998487141,-0.0104220116768476,0.0318544513523015,0.0473322303693368,0.0681576815823852,-0.0027705846982045,0.128513363557738,0.007939662205157,-0.0175693149565906,0.0116846436104354,-0.003464921954171,-0.0075832312367662,0.005003703082777,0.0429541508091615,-0.0572631256283047,0.0669990249914884,0.0113424069667849,0.001166876067834,-0.0452059559242369,-0.0106227813787564,0.058506697282523,-0.0888387169512143,0.1052727703985789,0.0277213872867896,0.0454526822882159,-0.0447851074149611,-0.154178819773701,-0.0009005583346665,-0.0114235909217557,0.058506697282523,0.1740423645841722,-0.1242338233205072,-0.0568780689604894,-0.0074649567042402,-0.0786468969461947,-0.0667382967040166,0.0245178081156516,-0.0684764589923846,0.1245203037578541,-0.0784519278719861,0.128890999720749,0.0135227218876081,-0.0387997680546005,-0.0548182152902694,0.0144822811652167,0.0021063123521833,0.0681815826522214,0.0518664871702225,0.0545291582617222,0.0425019987068995,-0.0191644747927459,0.0743748118865039,0.1519576122235015,0.0298428277577678,0.1541481475471222,-0.0576713568645176,-0.1095499395131307,-0.0560087474651089,-0.0679992013928927,0.0136194564127656,-0.1464265719352945,0.1167723042703015,-0.0179991100814828,0.0844922323452004,0.2453882016766684,-0.0379791251361907,-0.0327322158360702,0.0131259401939565,0.0633744568238496,0.1665449493590349,0.2494238511023774,-0.1279544718249274,0.0306164280860246,-0.1338464387527232,-0.1078089852088761,0.1805384431929448,-0.0079354618559916,-0.0917235930714748,-0.1351820729634191,-0.0722241583049426,time,1661,60,185.7455444335937,-0.0560087474651089,0.0329706585335016,0.100811860819406,-0.4904710135391029,0.2887254766418793,0.8828138066051083,1.7019004962943018,1539,0.6283434644778501,6,0.0555699711872204,0.096211070257179,0.0916546238849107,0.0,-1.5978033058321806,-0.9694598413543322,0.4631406080966481,0.1267653738551869,183.6503837320224,174.29669496954114,235.00698402253963,4.915947519295642,-0.0655634179264688,0.0052219434220939,0.0250084348145186,-0.0757605694269628,0.7579056881148948,0.043044713228221,1.0,0.0770456678832818,2023-01-27,60.0,6,0.0056498880599056,-0.0272977352935374,False,False,False,0.2,0.0,0.0,0.1433003959846827,4.394747124765012
LHX,Falling Wedge,bullish,1,0.7030490983435972,5,73,1780,1781,2023-10-13,2023,4,168.03509333946187,159.21707112407103,204.59881231486477,150.97942771082012,2.176670154411998,0.0553836479539266,True,-0.0106740068881642,0.0184393754049986,-0.0690632931949163,0.0297960099197616,0.0004020949416077,-0.0197208495284599,-0.0363631249109552,0.0135294509522685,0.0124561220337036,0.0078781295533889,-0.0646776398463039,-0.0133174544050153,-0.0189212607509527,-0.011207716601038,0.0075873555032088,0.0192056859790801,-0.0130566134104862,0.0355367913519435,0.0260383784902984,0.0058430329008842,-0.0666153180222972,0.0040826132643514,-0.0031446265991678,-0.0397192208216327,0.0136210325028093,0.0208819822302279,0.0123982816623757,0.0595705857596462,-0.0401066842838016,0.0155691980874692,-0.0834760655954028,-0.000695052835102,-0.0628162551608592,0.0195542526197938,0.0391034094636393,0.0230968394782837,0.0262463545513493,0.0118372206973371,0.0155691980874692,-0.0678266591842243,0.0467633267061398,-0.0063140632880093,0.0985953035719717,-0.1037220609655814,0.0042234239785854,-0.0411418476006981,0.0234269863052203,0.0077753742947197,0.0676640575515119,0.0639578832479181,0.0331313293566322,0.0187465416207106,0.0527834030040894,0.0674078508219846,0.1021543972660128,-0.0115067493729414,0.0137444312891972,-0.1756313561892237,-0.0498138929502922,-0.001053292613837,-0.0191246078590393,-0.0217932123378763,0.0788316646464502,-0.011999916230923,0.0850623723309651,-0.0310159669202291,0.0066190125954672,0.0844509843572811,0.0057962396245274,0.1365191274089698,0.07158435808217,0.1731760440040872,-0.0360930616020751,0.0372815987621402,0.0322589919419451,0.0764112269822827,0.0108594734136586,-0.0742597788182207,-0.0846263139746285,0.0430369665612551,-0.0638014423924725,-0.077162178518338,0.1015112068600074,0.0263596072953407,0.0303587495058459,-0.0263580628068286,-0.0076679450944069,0.0242399274580524,-0.07554652256856,0.0930891849781496,-0.2148185314610092,0.1371066703826586,0.1500847177505826,0.0471107922107227,0.1462294839159241,0.0173640557422414,-0.0196565077480419,-0.066139153507,-0.0289989595731066,0.1246107399482121,0.1775130136561271,-0.0751476616674204,0.186103517691802,0.1121028240766921,0.1007556871236952,-0.0146793918154163,0.135358494101826,-0.0692319207113332,-0.0544820385738126,-0.1784554518411084,-0.00851562062926,-0.086213818838001,0.0402360061140529,0.2088156494457527,0.1177062704049913,time,1840,60,193.2545928955078,0.1500847177505826,0.2046863765189948,0.0474719708842203,1.4786581834539831,2.016602291142863,0.4677013042013671,2.143787276997332,1703,0.7161929174573395,5,0.001063299757405,-0.0416168916618865,0.1521418721288725,0.0,-1.4880459453734345,-0.7718530279160942,0.3771448248394086,0.1672692026021336,159.21707112407103,150.97942771082012,204.59881231486477,4.395075940252432,-0.0685661740302574,0.0086834313117374,0.0262678548498206,-0.1045564090436346,0.7555585696431837,0.0120252886517269,1.0,-0.0267721821790749,2023-10-13,60.0,6,0.0116473243624724,0.0331273768348054,False,True,False,0.2,2.0,0.4,-0.0363423228308166,-0.3972845708046588
LDOS,Falling Wedge,bullish,1,0.7586523257907926,8,121,1044,1045,2020-11-09,2020,3,87.37000860847652,82.14822810106637,101.77769716563064,73.52848511164777,2.206585674234512,0.0635653455724674,True,0.065657166720767,0.0399703023428885,0.0345255151540588,-0.0204578714786822,0.0189468213306713,-0.0078332013415061,-0.0205719695165478,0.0410547122743583,-0.0028038949232224,0.0007766310555517,0.0238349607574563,0.0224592725383714,-0.0046309403327186,-0.0206429099940131,-0.0244407250926255,-0.0275680364751916,0.0112570243775307,-0.0125036557748676,-0.0154130063691104,-0.0244561053558864,0.0033451687427925,-0.0071146029987527,0.0672690073918837,0.0841894244024552,0.0729583910311051,0.0524393104254683,0.0366956438305969,-0.0570323004609105,0.0449452526296123,0.0524360082429244,-0.0121166261625911,0.1034452301100568,0.0013218343106129,-0.0094111583268234,-0.024647265795342,0.0503270520791829,0.0799784513768873,-0.0022687679549565,-0.1239013629493366,-0.0224290264182418,0.0038815143333892,-0.051073920066809,0.0348745335941813,0.0503267240499667,0.0164170712198046,0.0729790144990716,0.1008155124971748,0.0536287986710233,-0.0059296085622424,0.1759182236565319,0.0572477170721916,0.084752022180081,0.0832982714551773,0.084752022180081,0.0117174127520545,-0.0633663115903097,0.0757688548371497,-0.0288733664094111,-0.0875883948065322,0.0270571272292408,0.1720500907896907,0.0884396168622381,0.0151219430947837,-0.0022616945980389,0.001287366564082,0.0587771015886018,0.1056782250849885,-0.0603306029591232,0.061139711676113,0.1068209640068449,0.0298004417449082,0.0828108955518152,0.1125579050012381,0.1352353179896717,0.1160375656557903,-0.1865697161980087,0.0108132944894845,-0.0163596011999961,0.0080579546669372,-0.0020643757817266,-0.1075708095998343,-0.002879247759998,-0.0563182713164439,0.0453389883021559,0.1602286242738602,0.2288937321177622,0.0645548631395782,0.0911255214930242,-0.0934069148578025,0.1522820565312033,-0.0659165946387683,0.0729784046138478,0.134231156984145,0.0327496644250082,-0.1207567504988411,0.0271672204570434,0.0155465916730865,0.1935415150271651,0.2263505279356672,0.1056285961163017,0.164678364059668,-0.1254669528302123,0.1472044467500748,0.063648169792253,0.108006838942553,0.0730283056286287,0.2007943351334615,0.2097191725480316,0.0906713959771845,0.097135136941084,0.1997309214225775,0.2227622402562532,-0.1207853086952222,0.2020307377268735,0.0351993817659634,target,1091,47,101.77769716563064,0.1649042822202067,0.185651727583563,0.0106957415488696,1.040903377468171,1.1718647185673388,0.067513307434177,1.040903377468171,920,0.5128119295609136,7,0.1343060927328149,0.0646158224408686,-0.1760017110143638,0.0085470085470085,-1.0153560358748652,-0.5025441063139517,0.8694527773003745,0.2105619290532862,82.14822810106637,73.52848511164777,101.77769716563064,2.7902448175361587,0.003005814138858,0.0724416977176984,0.0318684582572594,-0.045906891757815,0.1632645798161389,0.0431083099731604,1.0,0.0060438216874993,2020-11-09,30.0,19,0.3809510835261527,0.2270815470165501,False,False,False,0.0,1.0,0.0555555555555555,-0.0090454381089644,-0.1199119516994255
LDOS,Falling Wedge,bullish,1,0.6511380897014477,3,44,1316,1317,2021-12-08,2021,0,84.8033655204323,84.21747750491829,100.67900615077696,82.6333742533651,1.3501857801588362,0.0069568459288011,True,-0.0253972937116411,-0.0306307266138479,0.0720483455319032,0.0047423676411888,0.0031881968912896,-0.0182656758312651,0.0044034349035755,-0.0111586297131891,0.0137860876688977,0.0011972640543413,0.0195318929005257,0.0989483518548879,0.0225228223108058,0.05997678228042,-0.0022289205292099,0.0696083779664362,0.0227252187451068,-0.0115994009791314,0.0558224255545865,-0.0296880171546375,0.0522072191691982,0.0209764808715484,-0.047834524918505,-0.0403892686914042,-0.0429164728868811,0.0120826323539187,0.0182234964378191,0.0464978221488734,-0.0012358455516701,0.1178233654743703,-0.0200434904088274,0.0025173726050389,-0.031274294449167,0.0114721026629807,0.0157871943874134,0.0487600769913556,0.0079225435668759,-0.0301943929983602,-0.0144763143659847,0.0099682867984232,-0.0142254024613982,0.0294312152128115,0.0931584419768969,0.0597820526608674,-0.0472734816991459,-0.0561244377585588,0.0102508070436131,0.0071877799928306,0.0130881063535659,-0.0572518036568742,0.0635874810444474,-0.1800632119155312,-0.0407486846235485,-0.0502467213695823,-0.00725047886154,-0.0535332408988572,-0.0137030023092644,-0.1191208855958704,-0.0570119459528746,-0.0721288274215086,0.065177773763958,0.1603163379976084,-0.0245768362549234,0.0299702675107353,0.0625071331889093,0.1995767914508548,-0.0028605119651456,-0.0192463725179803,0.0154267386452842,-0.0108492095183599,0.0273299936796216,0.0404039501119399,0.0198727393455111,-0.0684203875762328,0.1320918218942259,-0.1545244586007348,-0.0207187329862511,0.0502245037804176,-0.0149458763884804,0.179988047858665,0.0814684069324951,0.0166869234717701,-0.0376315820833992,0.0696783977885246,0.0017735407458463,0.0004960457418896,0.105555553973403,-0.2207196055419837,0.4174435635608156,0.0703331080672577,0.0034102732239416,-0.044472521184341,0.1867142182569785,0.2876358653221909,0.1568851844997529,-0.1083562438918122,0.2165613225988443,0.0616669344802958,0.2374377661123543,-0.1132294886379254,0.1766294823463965,0.0031301778684986,-0.0265306763255142,0.0572353034025303,-0.0027337159698158,-0.0049687770223829,-0.0630205956046019,0.0135073696350669,-0.0110367291684201,0.040881562945563,-0.0008087347932523,-0.1015181164647172,0.051409780938741,0.1773653473385152,0.1486888605425727,stop,1318,2,82.6333742533651,-0.0255885041088889,0.0,0.0265457499346821,-1.0,0.0,1.0374092139860869,7.315992866552447,1272,0.7641884868913645,7,0.1175659231539518,0.0096144112396145,0.0134820414050977,0.05,-1.2696077234093857,-0.50541923651802,0.1598756740882963,0.1263900504872777,84.21747750491829,82.6333742533651,100.67900615077696,2.0662506308889954,-0.07997934720802,-0.0538432304266058,0.0243463389006467,-0.1460200222401096,0.7169837575873861,-0.0026716583797052,1.0,0.0045786756931438,2021-12-08,55.0,8,0.1191063687666453,0.0881454987897312,False,False,False,0.0,0.0,0.0,-0.0381606102697679,-0.3382670949112389
LDOS,Falling Wedge,bullish,1,0.6322817031452965,3,26,1364,1365,2022-02-16,2022,0,82.14103932734021,82.33330856625355,94.22941962752668,78.78505083513502,1.532647745838588,-0.0023352546164061,True,0.094703300199985,0.1283659289313844,0.0199958835512743,0.0171593153010141,0.0191986084234092,0.0012280958404142,0.109129540563611,-0.009948540074019,0.0216063591514195,0.0270925656407607,-0.0269392189952499,0.0021737468672102,-0.0205652477496677,-0.0137171506920693,-0.1392379922321381,0.0063443110280838,0.0032854247584372,0.0108875293429189,0.1022174382885514,0.0407213103239811,0.0330327362444236,-0.0147991720771792,0.0852600230247257,0.2047696238461853,0.221713721816493,0.0376164670639729,0.012744473098684,0.0863319950362451,0.0756945161204898,0.1411719334807097,0.0240685450613513,-0.0100889923552419,-0.0228595215454294,-0.0117236214360577,-0.0204974247554511,-0.0814545808839211,-0.0053274414871576,-0.031274294449167,-0.0485317380891185,-0.0085744945259848,0.0174934532151502,-0.0648609040515917,0.0383627095014476,0.0648512316050693,0.0930696511383848,0.1904590257590661,0.1964961916686003,0.2013470251342914,0.0233043884146451,0.0589961297417593,0.1336017498417339,-0.023250818032002,0.1003158346776711,0.101552410710231,0.0288464736783859,-0.0911647926860397,-0.1084853248894889,0.1331514576695063,0.0769136116400777,0.1995767914508548,-0.0716086531720928,0.1135107975294458,0.0681960006589192,0.0194632428484542,-0.0656549425087988,0.116682973915718,0.0245742234918033,0.0150942024431879,0.1538154037974017,0.2548312493906288,0.2640139067546569,0.1434962321620176,0.0085147556879678,-0.0498865448821473,0.2571153223688132,0.053823305895073,-0.0257479950870428,-0.0470434599838479,-0.097907254077721,0.0518262790199295,0.0466094779852486,0.1624808439425062,0.0441115219575289,0.0381809720038373,0.0822955011850559,-0.1065199758119982,0.1559003314226277,0.0123457198731518,0.1612324717432802,-0.1324837677828741,0.0138079988364752,0.2162236625677347,0.1694576029023649,0.260274680280387,0.0186073337327559,0.1843691274295849,-0.1313398912991276,0.1639825016134553,0.0851003868498141,0.1016637436418528,-0.0705594381590478,-0.0776456369634218,0.1623172391963139,-0.0844552680841356,0.1302026328712877,0.0348072709834859,0.210918019629132,0.0471152957145666,0.0616669344802958,-0.083235701570931,0.0435343344803498,-0.0865839410072051,0.1363843191361979,0.1222823888955451,0.1210010203238264,target,1371,7,94.22941962752668,0.1471661473872161,0.1719787443853626,0.0025223712178864,3.602032703110768,4.209344829052819,0.0617374564566573,3.602032703110768,1338,0.5988037682590253,6,0.1556891944484281,0.0028023666804342,0.1400150442248333,0.0,-0.9582299225218788,-0.3594261542628543,0.4773043048598993,0.1299884559970273,82.33330856625355,78.78505083513502,94.22941962752668,2.778215466164038,-0.0794579390283504,-0.0081025616655889,0.033250662310971,-0.0747663038179629,0.9705301750562446,-0.0043787946709561,1.0,-0.0113998973749335,2022-02-16,42.0,11,0.1105450167978567,0.0658712833721073,False,False,False,0.0,0.0,0.0,-0.0641922549035245,-0.763263157601607
LDOS,Falling Wedge,bullish,1,0.639771549761806,3,36,1432,1433,2022-05-25,2022,0,97.5159288022534,96.30309055248028,108.13733999917172,91.60091308945935,0.6064933718774114,0.0125939701707928,True,0.0239386299705592,-0.023017370499466,-0.0163446617603632,-0.0281446810972698,0.0035809687164698,0.027378735803903,0.0158916818581964,0.0242015163908999,-0.0048325033429089,-0.035734426279961,-0.0356721473718776,0.00247832906031,-0.0111586297131891,0.0190662326550667,-0.1151611972978902,-0.0056790704243876,-0.0122296566023516,0.017656191222201,-0.0169336573441843,0.0380498830029794,0.0177169279599422,0.0005880551225521,0.0297027354426524,-0.0033919691935174,-0.0103401667737473,0.0731324401855433,0.0388194115001014,-0.0071570221796815,-0.0422795898350671,-0.1049628512265737,0.0340201882292436,-0.0125773263881626,0.0106695409221821,-0.0435660422096478,-0.0070643356982355,-0.0062977485751736,-0.0039998253986114,0.0562368100019421,0.0160807101627733,-0.0218266158880405,0.0166563978633025,-0.0535551643576903,0.0178072648238218,0.0775703230096676,-0.0966775576935977,-0.0004434195559222,-0.0120255465614286,0.0052944737950467,0.146072229779514,-0.089314635145262,0.1393006756378345,-0.0178742270282094,-0.0865406518243068,-0.0079434181199524,0.016106942312839,-0.0701092367739782,0.0536870140965477,0.0766620415915459,0.2621192866929684,0.2424170299932853,0.1156396142114886,0.0234374716769394,0.1135107975294458,-0.0586047415295212,0.1104568125128444,-0.0602533794267258,0.1563039515571878,-0.0066517511909529,-0.0649466378891052,0.0013978038039259,0.0048877290698625,0.1144289736289945,0.0312243136395149,-0.2226267355463279,0.2969836374751946,0.0379322259653145,0.1805357034939598,-0.0329078247229297,-0.0713755412951997,0.1728980631624137,-0.0302470371334144,-0.0946216580924053,-0.1060802259621056,0.1993245101652114,0.1415202793709797,-0.0508446137789249,0.2120212542108568,0.0118214648172476,0.1999044972324706,-0.1312822109389576,-0.1397855177151773,-0.0345433740949098,-0.0211689971856464,-0.0624700885210122,0.0556902717035467,0.3191388972519033,0.1165513193282492,-0.0357793671098531,-0.0626851289333615,0.1155208892756021,-0.1037457874580088,0.0357218522379658,0.1593953674464656,0.0976476323817325,-0.1940982795983031,0.1772039373015879,0.0104920886201096,0.159492970890996,0.0386103115267215,0.0577562093621641,-0.1903115191541987,-0.0718302167658013,0.0661579041939979,0.1356280502395905,-0.0654968673227018,stop,1447,15,91.60091308945935,-0.060656918161429,0.0400271511022957,0.0762238464402173,-1.0,0.6598942431557381,1.2566389581046518,1.795669143184943,1396,0.395594076834645,7,0.1405175902199822,0.2734901566395524,0.2298042227716037,0.0,-1.3114143514149708,-0.915820274580321,1.3171900701885877,0.0816236124818971,96.30309055248028,91.60091308945935,108.13733999917172,2.264201889073937,0.0588811552964265,-0.0296037952539318,0.0233979372815126,0.1058745316351952,0.6838234469140115,0.0017650672680447,0.0,-0.0476910448791666,2022-05-25,42.0,11,-0.0096519150880274,-0.0006347235441732,False,False,False,0.4,3.0,0.3,-0.0341277097696588,-0.5144363305312013
LDOS,Falling Wedge,bullish,1,0.7124795633190347,3,59,1646,1647,2023-04-03,2023,0,89.35031378652127,88.58276191604983,103.20409882732524,85.19814990674169,0.9739637909682984,0.0086647994922404,True,-0.0093397916032046,-0.0047238195045409,0.0108247491441777,-0.0481625911609953,0.0398757264263724,-0.0028873651086435,0.0339998672800561,-0.0045959104201838,0.0281860591224365,-0.0066704575851939,0.0175417542125324,0.0033010329109441,-0.0279553089020533,-0.0069586864491689,-0.0472456420407326,0.0239370380798957,0.0196790858340452,-0.1232952665074774,0.0076452667827433,0.0029943273954338,0.0252083261864475,0.048491395694997,-0.0090354616479863,-0.0009662723283355,-0.0072584462933354,0.0447989925862064,0.0503270520791829,0.0176587607507641,-0.0143230158193264,-0.0178993669984688,0.0162483359002574,0.0599999227879659,-0.0064318082540345,0.0629113392720706,0.024802499911495,0.0758390299326181,0.0420648773127501,0.0061072347596879,-0.0422795898350671,-0.0168075934130215,0.0336305188157968,0.0143294672422011,-0.0001903419806024,-0.0163499629296731,0.0388768247393751,-0.0196319311713444,-0.1346215239529415,-0.1327265827451967,0.0306466397230642,0.0013075113720171,0.0299702675107353,-0.0281673465989208,-0.0770528407018993,0.0586792652332486,-0.0748753898385594,0.0009375798517321,0.0935231753778949,-0.0085141352413085,0.0660464631669888,0.1240923398579296,0.0348100637334201,-0.0040566506125597,0.0208997261749945,-0.0205422031817541,-0.0106165363266862,-0.0141072080294325,0.104093846384156,0.0151219430947837,-0.1517313495004338,-0.1619968225104522,-0.1771321344533341,0.1398086409889831,-0.173040717301388,-0.0650712828689823,0.1137576258000265,0.1029376953809815,0.1153304835317818,-0.0477255129006832,0.0191092544696975,0.146208200430691,-0.143871398924674,0.0565393647780072,0.0211366527772955,-0.0032427521450827,0.0993928616157391,-0.2568308964521261,0.1089792520315728,-0.087491730121098,0.0100639397549011,0.0554665978551025,-0.0673881763809535,-0.1692002276264418,-0.0535803903144476,-0.1218895446020562,0.1895527425324688,-0.0401544319302725,0.2616732394554779,0.1726667605286456,0.0233895702965036,0.0545774182817098,0.2142087515180044,0.0301764928497099,-0.1190947014886482,0.1912148339380095,0.1876371894858393,0.16057791021107,0.2587502187214165,-0.0972408507925866,0.0335727617540806,-0.0587783829523298,0.1520213263986687,0.2046465329418689,0.180698259042467,0.1042220537294658,-0.1587962750405261,stop,1662,16,85.19814990674169,-0.0464706132952154,0.0052603097771651,0.0471280407819391,-1.0,0.1131964784658177,1.0141471661358832,3.336521737080239,1587,0.6199204826202578,7,0.127476196776955,0.0960225539074697,0.1982581011938602,0.0,-1.0561672975785965,-0.4362468149583369,0.3943833183368497,0.1193370493389803,88.58276191604983,85.19814990674169,103.20409882732524,1.6039352614377376,-0.0509148970549944,-0.0247700542368953,0.017941459096917,0.0733099361424312,0.6022706090937054,0.0010861496598155,1.0,0.019898604500026,2023-04-03,60.0,6,0.0630584955062774,-0.019497397469392,False,False,False,0.0,1.0,0.2,-0.0222068432163904,-0.3113463001250288
LDOS,Falling Wedge,bullish,1,0.7044901454551382,3,32,1778,1779,2023-10-11,2023,2,92.67859399017595,90.30388133768378,98.39370747967364,86.09635585941294,1.4986680830858623,0.0262969057067674,True,-0.0163813580200234,-0.0009563041875019,0.0345255151540588,0.0239407931703856,-0.0104559541865156,0.018622715660794,-0.010865432715415,-0.0201885518837009,-0.0195253840616799,0.0005762072576032,-0.062830915065185,0.0303251924543281,0.0211100366625311,0.0267245299686873,0.071837876547905,-0.0178989841800225,-0.0963702402477055,-0.0386032171867271,-0.0075289934382438,0.0251085245548117,-0.0226517181573029,0.0279167851706039,-0.015069797293984,-0.0471619207904034,-0.0027632102677914,0.0281612032757014,0.047157714889092,0.126690024322327,0.1731837762621375,0.0571566905090104,0.0080153600518302,0.0876336321393149,0.0454307559211273,0.1020862947671858,0.0547943763260838,0.0364482304969957,0.0013218343106129,-0.0690420563619702,-0.1049628512265737,0.0250062456779984,0.0116269332373555,0.0366956438305969,-0.0263206013590894,-0.0464890457115745,-0.015455659744346,-0.0761188458710943,0.0748122816258103,0.0741256648506554,0.0176269857585404,-0.1135248163009867,0.0360296567767051,0.0715256722637798,0.0290482989624325,0.1569083007265197,0.0256996582590038,0.3599427048421126,0.1022317644126873,0.070674112259818,0.1156396142114886,-0.1387112595734246,-0.0845121469514764,0.1073724540648155,-0.0082562029313619,0.0284884994487126,0.146072229779514,0.0175955108115819,0.0014912108394122,-0.0193788028725432,0.0287141093864437,0.1339731737710219,0.0852719335524734,0.2288937321177622,-0.0862291016460199,-0.0630089523573074,0.2394957803778759,0.1429839964616519,0.0090582996720396,0.0189886386913766,-0.1331201898276801,0.0002293076340194,0.0469013561227036,-0.0565559567559997,0.0280666986014257,0.0293644049224497,0.0723333216140884,-0.1101911536278404,0.1211692313456971,-0.0348798626154178,0.0659995057676521,-0.0660157069474496,0.0507727101338129,0.1087603707867799,0.1534983155022102,0.0629289241073611,0.1867142182569785,0.1892470802062842,0.1960865727987923,-0.0004475036089559,-0.0162202425577745,-0.0422113803893537,0.2008557617210353,0.0832453984728063,-0.0605685558776072,-0.0605901447551404,-0.087997607125062,-0.135208004228071,0.0744701904836027,-0.1084028981073542,-0.048374018866893,0.0531759964136304,0.0808159189380657,0.0103970596689648,-0.0626374963523014,0.0090704594482893,0.1304272752752134,target,1793,15,98.39370747967364,0.0616659494219722,0.0634390229124983,0.0578047533680129,0.8682629488573664,0.8932280070759697,0.8138969088733524,0.8682629488573664,1744,0.3770850514680932,5,0.0022714420751512,0.0669196305097539,0.0877834446510372,0.0,-1.1375965737228495,-0.7605115222547494,1.5690490679181863,0.074881583066747,90.30388133768378,86.09635585941294,98.39370747967364,1.6611899056013766,0.0424970793248102,0.0066602234047099,0.0179616853405291,0.0403343255894106,0.9103465330905858,0.0009544484576267,1.0,-0.0193746781824096,2023-10-11,60.0,6,-0.0034589465275446,0.0183685769745736,False,True,False,0.4,2.0,0.4,-0.037198136924684,-0.7999248386387464
LDOS,Falling Wedge,bullish,1,0.7906456321342193,5,77,2129,2130,2025-03-07,2025,0,135.98714480981064,131.46127718916227,198.64103394594488,120.91925792144376,1.3477522424499762,0.0344273820962199,True,-0.0266403833485568,-0.0182185367833475,-0.0229504175131823,-0.0355791375570709,0.0293456451503495,-0.0225462458021955,-0.0169336573441843,-0.0611851924572427,0.0044034349035755,-0.0206238332678906,-0.0168802514680938,0.036073889494937,-0.0962012155799341,0.0017543411908851,0.0204039853884103,-0.1364967733569577,0.1250554238759404,0.0282006693755707,-0.014802458744081,-0.1253108330558675,0.0083693141723779,0.0258721168098172,-0.012138823559315,-0.0318489472204053,-0.0284774831484465,0.0447820091799231,-0.0466782113047207,-0.0475874528532249,0.035793809213376,0.0055316435908658,-0.0238898820890871,0.0471527768464734,0.0175575782012584,-0.0201647868772789,0.101019163902889,-0.0009662723283355,0.0123684314156022,0.0395116177591927,-0.0706065270640372,0.0194736392444718,-0.0310301456486,-0.0092332462733739,0.1318493805183382,-0.0341969289546137,0.051735962350375,-0.04297007516188,-0.036840613831126,0.0702615504088935,-0.0326109652717608,0.0281599491685329,0.1403830195896485,0.0863000787310968,0.0030376905291611,0.0379184502076674,0.2249343808808925,0.0166247900090368,-0.1675747947207283,-0.0298507979335248,0.042254859231078,-0.0577057473371165,0.1094298695214981,0.1088674454540872,-0.1915404960994252,0.0717275248594226,0.0337279445388287,0.0353705996359134,-0.0617059903449851,-0.0182223661385948,-0.0558168860566624,0.0702252826670455,0.0744271204019985,0.144012246668592,0.1281936004585848,-0.0034301017172332,-0.2917748125677204,-0.0521711441282856,-0.0193100144199128,0.16054900458241,-0.0957348606267672,0.1267590639587914,-0.047981282488419,-0.0235406231245821,-0.1101802565698969,0.227076610063853,0.0998620897346309,0.0957787931520504,0.0727307990952517,0.2233596456953814,0.0631971104653303,0.04617584360651,-0.0372207893023647,0.0349077365402353,0.0452673984437805,-0.0081039211212612,0.1690199836323669,0.1677620482710859,0.0616669344802958,-0.0736042936916774,0.1795925841373451,0.1828250438475058,0.0637098661628443,0.1697567805384781,0.1181173173002789,-0.2019841678685188,0.0183140438700755,-0.030638718902638,-0.1291325212177035,0.1737087552434635,0.2564446096740855,-0.0867170014885029,-0.1183570578003828,0.1275827318457976,-0.0484225811567188,0.0531759964136304,-0.0073736192207749,time,2189,60,142.14292907714844,0.0452673984437805,0.1647038238233941,0.0717091655342295,0.4085366656216641,1.4864461690572854,0.6471726758994052,4.158107211735576,2052,0.7257764106419343,6,0.0690338506708724,0.3939038531215748,0.002985430403906,0.0,-1.333705792568333,-0.6079293819263971,0.2883650134590189,0.2392207193259816,131.46127718916227,120.91925792144376,198.64103394594488,4.50815384595735,-0.0881728780048781,-0.0158883496931576,0.0330108524802534,-0.1034036687413658,0.8961185350279708,-0.0081917035848519,1.0,-0.0501387207588036,2025-03-07,11.0,7,-0.0866432624666607,-0.0222271624773366,True,False,True,0.3333333333333333,0.0,0.0,-0.0623025110023466,-0.9656896738733954
LDOS,Falling Wedge,bullish,1,0.8214029068101178,3,41,2337,2338,2026-01-05,2026,0,193.4037032164362,182.7382343163706,203.6847543660665,176.5916075684641,1.4854420722251858,0.0583647365312762,True,0.0020492386976489,-0.0084605355872557,-0.0003784558474341,-0.037541677644088,0.0324626876030074,0.036073889494937,0.0604786412051991,-0.0322023971388278,-0.0323169065078419,-0.0104753209759124,0.1013402118158117,0.0367844368709051,0.0142273686733074,0.050694818003881,0.004037977745112,0.0073324379697721,0.01022686905581,0.0110927155436608,-0.011363798913798,0.0357899593903194,0.0176800525907638,-0.0727884643490663,-0.0090085135316269,-0.0219261676463431,-0.0068810278818094,-0.0018484483839479,-0.0244705162957504,0.0833699450353027,0.0873882411151811,0.0524360082429244,-0.0126308586092468,0.0282184196480264,0.0396923501115951,-0.0345708383117854,0.0232856083115091,-0.0141914828491203,0.02330283239969,0.0499297329606587,0.0666094953426952,0.0235051993048216,0.007269355171074,0.0124426866851359,0.0394260874790277,-0.0372083829541335,0.0400852435567899,-0.0445282015443655,-0.0277151656274625,-0.0300409953673908,-0.0584624207790894,0.0039502680317993,-0.0048195253600369,0.0694727910675319,0.076998896410326,0.0619069263280056,-0.0187079984959764,0.0878358035227635,0.0063308965006765,0.1595989323216189,-0.0075613069505093,0.1242105476992023,0.0616696174020301,0.0532981977971014,-0.0852620298799309,-0.0205277662010219,-0.0277151656274625,0.0881664718510797,0.0826437075070849,-0.0276299682085492,-0.0589850093742947,-0.0947746815525849,-0.0907045580323697,-0.1082991177653242,0.0631971104653303,-0.0492740411219122,0.0209826992402009,0.0688806059210889,-0.1253335666742481,-0.0825977533993701,0.0277091233519468,-0.02656385011004,0.0495293416938913,-0.0991289037964595,0.0947852642616107,0.20704032887079,-0.0924391743968705,0.1975701288800151,0.1506721475848014,0.041108853041692,0.0014321849443563,-0.0408824447722944,0.0293301959728491,-0.1111606381621876,-0.1987869002022432,-0.1538687662684787,0.1640550480584592,-0.0536635648302169,-0.0626851289333615,0.1851510417934103,0.0315231351012186,-0.0365267883517816,-0.0736042936916774,0.0182803165682734,-0.1917335530177479,0.195768404013658,-0.0049687770223829,-0.0981092986877147,0.0476866751416542,0.2835568839661173,-0.1761097955195723,0.2066345769248303,-0.1009954053979774,0.1797157513687721,-0.0921463840492503,0.0789670986678896,-0.2238266973073732,stop,2363,26,176.5916075684641,-0.0869274753708199,0.050204931987381,0.1165471759756371,-1.0,0.5775496386293759,1.3407403755655385,0.6115270436776509,2296,0.568119371325912,7,0.0736678572421736,0.0929456294930362,0.0812058888398763,0.0,-0.9730624772551602,-0.4049431059292484,0.5026041703050041,0.0931545412714382,182.7382343163706,176.5916075684641,203.6847543660665,4.133041442271524,0.1582900914592979,0.0362846949927189,0.0213383202518712,0.1939759303592989,0.9266138023198296,0.0095928256362065,1.0,0.0078348797144407,2026-01-05,10.0,7,0.2474398231685872,0.1981344920638954,False,False,False,0.0,1.0,0.1666666666666666,-0.0578239022493886,-1.0394578954861486
LDOS,Falling Wedge,bullish,1,0.6319346598231523,3,43,2406,2407,2026-04-15,2026,0,158.65249306239934,155.87839714915754,192.7765282106584,149.05824653359912,0.773194408859282,0.0177965386094349,True,-0.0564702689081898,-0.0709483849562754,0.0309136154413225,-0.0090205391322454,0.0282006693755707,-0.0365544940558223,0.0277292612706001,-0.011805569696457,0.018423932410472,-0.029384034759134,0.001668975743283,-0.0167990931283744,-0.0174485684345162,-0.0206523698543618,0.0258743482817915,-0.0046986854601558,0.0047423676411888,0.0644500598457133,-0.0195370924565647,-0.0104125307912378,0.1029035997839282,0.0911277925960152,-0.0674563511392406,-0.0865210031219411,-0.1015268475031628,0.003118980587806,-0.0160160019952594,0.0498131798567482,0.0045713439594639,-0.0209487300938847,0.0294312152128115,-0.0403470513480154,-0.0679584286017657,0.2450555455127678,0.0106552908571015,-0.1406608463127083,-0.0652140019159754,-0.0109304463340229,-0.0275605461184949,-0.0627953762864192,-0.0514430011432488,-0.0204974247554511,0.1037290631368248,-0.0081062230439616,-0.000657068545302,-0.0821829767533918,-0.2226256758269392,-0.2814650929346441,0.0612245830516124,0.1708917376525063,0.0062981717251999,0.1032661611553815,-0.0238765234816216,-0.074522323266488,-0.1567160768754377,-0.0603306029591232,-0.0745175669333583,0.0340158196632898,-0.0207179895199163,0.0091242343499238,0.0826437075070849,0.0976929135994268,-0.0416589391329156,0.0616702199177912,0.1026368515391589,-0.0955391877930188,-0.0855373459644145,0.0522253088072834,-0.2300393334790575,-0.2357102785717252,-0.2880595798656128,-0.001202850430257,0.0277069322286982,-0.0732672557615881,0.0848298855346241,-0.1192190960481472,0.0513017977320018,0.0052073063584012,0.0768368403109318,0.1262729203744106,0.0390100462342193,-0.1094866353473914,0.1795817495125724,0.0078947128966124,-0.046919437204101,0.1089792520315728,-0.0532046077844202,0.0474654308296604,-0.0370805225484252,0.1845628367362735,-0.1481745133395082,-0.2532650181875322,-0.3303920053724913,-0.4017696401682011,0.2821354420963391,-0.3069231672724591,-0.1660934046803293,-0.0487690112817745,0.2007943351334615,0.175050863188434,-0.0394155051618118,0.0302217785922433,0.2507839787012891,0.157364736083392,0.1083543597015777,-0.0963148119580588,0.010466228594917,-0.3343225005813921,-0.013098879325457,-0.0779224274841079,0.1315741860194552,0.1718598797979618,-0.1062149052528877,0.1510362192962047,-0.3544203750828412,stop,2411,5,149.05824653359912,-0.060473342357291,0.0066361834780352,0.061040549838055,-1.0,0.1097373358136402,1.009379463060149,3.556718606909334,2363,0.7332207862974758,6,0.0670161523423465,-0.086106672741177,-0.2466171589122496,0.0,-1.0658659299258668,-0.3326451436283868,0.2686936534313074,0.1878720886261473,155.87839714915754,149.05824653359912,192.7765282106584,3.79564933586946,-0.1115336410470642,-0.0624380347385559,0.024028095428186,-0.1406020273673254,0.8189387692647736,0.0023691634938198,1.0,0.0463059975708293,2026-04-15,10.0,7,0.1541897109125354,0.1057573269131719,False,False,True,0.0,1.0,0.1666666666666666,-0.0301428779792871,-0.3137823316982634
LEN,Falling Wedge,bullish,1,0.7863013627460839,3,41,1195,1196,2021-06-17,2021,0,85.80224319504606,82.8141322808375,106.79055502000574,79.24521125370941,2.7695879657216413,0.0360821375761728,True,0.0105976792990063,-0.0086066543602021,0.0001698778405478,0.0036225240619267,-0.0182067289967966,-0.0517932487330458,-0.0191347884134526,0.0038094605490699,0.045122129373442,0.0055916169285394,-0.006213617153676,-0.0233468523154343,-0.0163427359642915,-0.0090135142552943,0.0243035339518917,0.0098383895163662,0.0242063419747011,-0.0286401751109919,-0.0049558678924102,0.0084801991512464,0.0300445577301786,0.0385832922163325,0.0097914595760638,0.0601221811798324,0.0281388689220833,-0.0385759049607883,-0.0527510896253349,0.0446679847874973,0.0397691896091678,-0.0614912027620589,0.0563499513261562,0.0286372826191696,-0.0248241073957997,-0.054367734640196,-0.0388223242997121,0.0120619904101835,-0.048629488627467,0.1361785853612858,-0.1017004833824227,-0.0084849471472157,-0.0126000687175475,-0.0367796435012925,0.0440837385870196,-0.0735351330110718,0.0151967428155621,0.0689030143075757,-0.0004978200998712,-0.0346630218459679,-0.0873013844232135,0.0434777699799198,-0.0498341880060428,-0.032975267826186,-0.0270492638736397,0.0222995149677496,-0.1718271160248801,0.0347807945389371,-0.036231799653336,0.1539912372551151,-0.035205855792612,0.0756261214794438,0.0969333432360382,0.1520575047451211,0.0185884598947687,0.1587028468295226,0.0382715451857116,0.067417805486446,0.0270003830012657,-0.0271823398334869,-0.0215748256582033,0.1266791722687545,0.0575574720990839,0.0745706375905308,0.1308044248688524,-0.0972225440704709,0.1554752815748774,0.1660609148101024,-0.2132015641671935,0.1016416616959225,0.1408188626351925,-0.0250293505501648,0.1041398696017408,0.10927403083634,0.1150505954732947,0.1913653852813828,0.1610865820455238,0.0775538557195014,0.1349977460245468,-0.085655960758312,0.1377958274698758,-0.0367536981462834,0.024335609082779,0.0583237639178526,0.0355407901784923,-0.0351632123964913,-0.0559972165090726,0.1798914176717225,-0.0381526547376651,0.0218498475798945,0.295965883685269,-0.0293701772172967,0.4062791569262414,0.0184729387013995,-0.0515522734209168,0.0573537250811859,0.1276151761421105,0.1486274118218427,0.1816588409371287,-0.1454191849325073,-0.245410457392569,-0.1524891258992082,0.281813598330016,0.0711472472713574,0.1430783987640267,0.0641043819219864,-0.0284325565577549,time,1255,60,88.85172271728516,0.0355407901784923,0.1471985963171093,0.0201837688847849,0.4650701032908895,1.9261717606633184,0.2641153286942649,3.2008860125639758,1154,0.7167130743774028,5,0.0412554487489773,0.2093673274723342,0.1085078857244865,0.0,-1.0838718658165545,-0.3671587914391505,0.225105013258693,0.2176672298520965,82.8141322808375,79.24521125370941,106.79055502000574,2.2973994258630737,0.0994238773515148,-0.0507603958277272,0.0272281421956073,0.2881793656619453,0.6329106768157435,0.0033940519803246,1.0,0.0270410771653162,2021-06-17,7.0,5,0.2425337638880513,0.098122313693139,False,False,False,0.0,0.0,0.0,0.0242259463473806,0.6326438972381729
LEN,Falling Wedge,bullish,1,0.6165047581058875,3,36,1275,1276,2021-10-11,2021,0,83.68614646590032,83.30186224588545,103.24924223646804,80.90027378136665,0.5567707366222923,0.004613152811405,True,0.072143391447949,0.045701323306285,-0.0443446410541313,0.0274055064570464,0.0907880592932339,0.0989693611861037,0.0198557037889495,-0.0523461814267151,0.0364372962767023,-0.0170514153845889,0.0278679418454139,-0.111009558839724,0.2847491934288044,0.0141678649051417,-0.0063768157600649,-0.0191427336513874,0.0109650994495793,0.1095550078727036,0.0397970101051052,0.0034482847141101,0.1964235239254117,0.0478385908399952,0.0342435365493645,0.0740704743453228,0.0284396770230854,0.0625904382231481,-0.0032439951687734,-0.0671310849682497,-0.0064722747926417,0.0153635494462094,0.0164701563293721,0.0224219640855063,-0.0125657603813709,0.0314286648608734,0.0868209847683756,0.0739414710550245,0.0456451110268376,0.0269957932015401,-0.0356043960439983,-0.008443618545524,0.0708279710197601,-0.0687775895191251,-0.0772709398410891,0.0777247386297241,0.0127906291261095,0.0608948837197374,0.1181855207802664,0.0418432838786526,0.0703699169863321,0.2235542450487062,0.031827975856657,-0.1280596992859302,-0.0260667730071397,0.0887056270360027,0.0817257720382123,-0.1810033699346974,-0.0361850699652145,-0.0254834315667308,-0.1441699172316688,0.0590926560309212,-0.0292682186659763,-0.1138578663113195,0.03553368835259,0.0263084134002842,0.0390617773870431,0.0345873972116388,-0.1105477500288918,0.0253778630685934,0.1221103589592958,0.229436587149556,0.1545861810805109,0.0013835686497245,0.0412969916243151,-0.0688273339492924,0.2448010947411769,-0.1570954685291982,0.1275922155702695,-0.1027108146342072,0.0388901201414055,-0.0169770302367598,-0.0088854105489698,-0.0682274230137608,0.1660609148101024,-0.1583512508493708,0.1364121459950666,0.0484452280700267,-0.1518126991089825,0.0229730918517134,-0.0265061155809986,0.1829518613772773,-0.0912010565583371,0.221425955658496,0.1864995063744177,0.1076426204756455,0.2882592998026749,0.0478485870780736,0.0773324121644039,-0.0930082662094018,-0.0537370867994285,-0.0024621578978424,0.2111960693454242,0.1632670819717332,0.173880159330001,0.0461653626032725,0.1862929856801674,-0.053758735600861,-0.3418785215324478,-0.2768634493389311,0.0171864175340381,0.2243872417331867,0.1224084144309907,0.2358864546792118,0.0569783589129329,0.3807759144053866,0.1159916792597884,target,1314,39,103.24924223646804,0.2337674345961085,0.2361823679792585,0.0032038061209984,7.022250470804407,7.09479379625128,0.0962406465229786,7.022250470804407,1239,0.7285153469928226,5,0.0270068627235639,0.0235723835595587,0.65761777763426,0.0,-1.562768111486467,-0.834252764493639,0.2582667893689492,0.1261528266735581,83.30186224588545,80.90027378136665,103.24924223646804,2.127644547925563,-0.0219259311736723,-0.0823277428096485,0.0254621728327313,-0.0942576758976931,0.1297685583477253,-0.0009592820298612,1.0,-0.0235061927919743,2021-10-11,7.0,5,-0.0339258853744552,0.0137588511853243,False,False,False,0.5,1.0,0.25,-0.0356114465495398,-0.7929164700190696
LEN,Falling Wedge,bullish,1,0.6761854714945406,5,75,1416,1417,2022-05-03,2022,0,71.59028243406063,69.86691751113165,99.7939249038335,62.360502958952566,0.8393235486859266,0.0246663941149887,True,-0.0434341453363619,-0.0003008715313533,-0.0600865134542274,-0.0104896398101318,-0.0185637287668677,-0.032318807725306,-0.0173199044531012,0.0286579238091022,0.1098486425790326,0.0525855624239182,0.0536274598841637,0.0193798527497268,0.0155207804092472,0.0350190293247376,-0.0286709880951105,0.0375102539520137,0.0052955574501689,-0.0170514153845889,0.0533880033445406,-0.0231368908751652,-4.0026166381323947e-07,0.012022837878318,-0.0541950260853022,-0.0212122226930615,-0.0002090110453504,0.0769743855906941,0.0040491959678383,0.0305420990587015,-0.1112686664965199,0.0155855530657769,0.0100579169644552,0.0812593648282098,-0.0336040053496862,-0.079529820296602,-0.0552198565532241,0.0710279076190976,0.1184691459695539,0.1712906586976048,0.0243617931199491,0.069563104911082,-0.0504278908064746,0.0118588165330553,0.1117513591357131,-0.062564601470744,-0.1438705411649589,-0.0342275186592376,0.0054292749239357,0.0233875331575059,0.0600509478089288,-0.0695684885722351,0.0758445598064432,-0.1179832401079218,0.1543307008392502,0.0641518381320298,0.0447666950331475,-0.3671207596923097,-0.3671207596923097,-0.0292682186659763,0.0693305662407042,0.0672130633124685,0.0367013415164922,-0.1246666095187528,0.0113658060632397,-0.0060930205681385,0.06751393045984,0.0379122837993615,0.130242145230635,-0.1179832401079218,0.0244482978580869,-0.1089646203580911,-0.0173745852375941,0.6145607585231914,0.045168445458481,-0.0843841969687005,-0.1199990727999315,0.0964435365212725,0.0263099326681079,0.2739077237491625,0.0180616855828967,0.0127009161015707,-0.2017035286669189,0.0374052403625351,-0.1136179778524584,-0.1567267014176185,0.0228817874073672,0.04717116083802,-0.1271254834440027,-0.0866947154052234,0.3394815061343474,0.180238180377285,0.130682749543133,-0.156702717693717,0.0784581395365666,0.0863952156074566,0.0638864003166688,-0.4244052017849219,-0.0651690920080177,-0.0739834381728388,0.0031210380642674,0.2675692655703725,-0.2532640055400583,0.1823187349078576,-0.1424156060265838,0.1700837567296154,0.0725787340347972,-0.0513940956522832,-0.2488253057061776,0.0610558490760524,0.1003859994208351,0.1184840438736205,0.3312478152732705,0.1784265200282084,0.1151499093696746,0.0563080073793196,0.0554001730788827,stop,1444,28,62.360502958952566,-0.1289250322990316,0.055934377760149,0.1303031425715905,-1.0,0.4338519584809073,1.0106892373651883,3.0557222462178784,1341,0.5584533759466461,7,0.1434392694153975,0.1595929015931128,0.0967992279816849,0.0147058823529411,-1.3351187695155493,-0.7766653935689,0.5996560712324814,0.205885125123662,69.86691751113165,62.360502958952566,99.7939249038335,2.7025064994896604,-0.1852767354801616,-0.0398419338467921,0.0377544014445408,-0.2100912012045436,0.9304332927853072,0.0028248425993384,0.0,-0.0884852159521466,2022-05-03,33.0,5,-0.1006218922958589,-0.1193158483872419,True,False,False,0.75,2.0,0.5,-0.0141230719264345,-0.0126801949636201
LEN,Falling Wedge,bullish,1,0.7117656554650902,3,33,1520,1521,2022-09-30,2022,2,68.90507599299997,70.07739168578894,81.15480499309706,65.54543973266237,1.0165694296372665,-0.0167288716744106,True,0.0296600902073305,0.0249241211177158,-0.1036419788469082,0.0198402665505736,0.0044377412647591,0.0132430853066207,0.0030231050005289,0.0548408135007292,-0.042923493771601,0.0020100427363392,0.0561451232752028,0.0387847223529393,0.0136246261252945,0.0271983046125068,-0.0140885570822176,-0.066392273606471,0.2847491934288044,0.0259220285654586,-0.0363190094732343,-0.0969137380571131,0.022351748710282,0.0644218135853371,0.0161444119984389,-0.0269687666628304,-0.0174140334034309,-0.0519596827288154,-0.049335440560294,0.0228251486561894,0.0464676314819019,-0.0018830348459272,0.0404839275209951,-0.0350000575459665,0.0052559242089089,0.0592905724737795,0.0413964525898968,0.14411556802434,-0.0240342421499909,0.0340952386915134,0.0023246632796323,-0.0482529278830398,-0.1438705411649589,-0.0327062999263035,0.057735561454659,-0.001205293488339,0.0340349235681818,-0.0319576712456485,0.0866796894562316,0.0093004267131433,-0.0225949954456291,-0.1026383406972797,-0.199102843523966,-0.0497093103673862,-0.0172944724490906,0.0118021327460586,0.0515587506588874,-0.0611734014605317,0.1050213743351389,0.1012758000982501,-0.2107857323529259,0.1218859549488047,-0.026215839259955,0.0236399565881022,-0.0773448730433169,0.0771339673444315,-0.0522979313343165,-0.018305278368384,0.107187524020494,-0.0509187349228366,0.1011235040805041,0.1305229995141876,0.0340622065017905,-0.0234013953903311,0.0547031747063984,-0.0560259976917641,-0.134377864434836,0.008499727704136,0.0664487528367394,0.1841771934325455,0.1251626781824864,0.2554392715052405,0.0998990383637055,-0.1365154629407033,0.2206732953004784,-0.0663508773273234,0.1387454640711416,-0.0849189633737984,0.0883712491449992,0.0217110535720752,0.1041398696017408,0.1176725505813407,-0.0909745537427766,0.0858690893091129,0.2013876564345074,0.1402614059436933,-0.0748247556197012,0.1973490318619308,-0.0413096581068489,0.0727972198614097,0.1803247985432674,0.0906710853999139,0.0305650959161376,-0.1169585890849804,0.2020234412160577,-0.00521265774899,-0.2021744663308907,-0.0253110020282333,0.0381151447347798,0.0493591253061447,0.1243981858565814,-0.2058726554145871,0.0507614361110813,-0.1065562759939957,0.3511754159383569,-0.0501497077045109,0.1734291457988612,stop,1529,9,65.54543973266237,-0.0487574567173962,0.0717108400534253,0.0579639296181837,-1.0,1.4707666248686744,1.1888218443006415,3.646147395392788,1485,0.5916183925607904,6,0.0790034698250967,0.2249933640167443,0.1575462312070543,0.0,-0.9241343917353414,-0.3325159991745516,0.6390581866457565,0.1458157063744972,70.07739168578894,65.54543973266237,81.15480499309706,2.840441476210527,-0.1141061069101467,-0.0775912663570914,0.0419468990496564,-0.0725674386177858,0.3426295446196147,-0.0010672805251722,0.0,-0.0952848156572596,2022-09-30,33.0,5,-0.0862688441107741,-0.1288659012629347,True,False,True,1.0,3.0,0.75,0.002077085908568,0.3519760097043055
LEN,Falling Wedge,bullish,1,0.753147265475578,8,83,1797,1798,2023-11-07,2023,4,111.53822117208688,102.04856019547714,124.47125984373712,94.4336951435352,1.3730580768634264,0.0929916204445413,True,0.0637804896462548,0.0382290502974027,0.0150405883516342,-0.0051650935978332,0.2067968007478313,-0.0295164171027542,-0.0072879654390743,0.0439534809079553,0.1305279788973539,-0.0148486026281523,0.0010416603255292,-0.0735091586070454,0.0101904368445218,0.0452401208163837,-0.0038827429356337,-0.0550333218152793,0.0634942171142047,0.0664518963587481,0.0255924340568365,-0.0500730576674098,-0.0509822648617999,-0.0166476506922665,0.0487113226925673,0.0515054093140374,0.0155780984633762,0.0388103794581149,0.1014626015011501,0.0800587316833154,-0.0044263001833467,0.0467303817467448,0.0082499539082776,-0.0133961955775034,-0.030583379376081,0.0272929777893062,0.0759855044055137,0.0385929652020959,-0.0383965898128446,-0.0205936495366185,0.0050209381560499,-0.0441299530375103,0.0312819823678751,-0.0039505785820849,-0.0092875453965854,-0.044281558125613,-0.1050397912878207,0.0445353655489157,0.1227502748876974,0.0834175808770276,-0.024958396603817,0.1028122830928954,0.1891995009283249,-0.1175517574621902,-0.0474525403144722,0.0237446880160754,0.0267786623688037,0.0756708714181402,0.0826549302974515,0.0486592829089773,0.0523261731193582,0.0361743286246913,-0.0114420624077248,-0.0704621944132529,0.0247135670693259,-0.035700453513618,-0.0841875527823423,0.0470343879524048,0.1501660510845877,0.0166622568918415,0.0985081735739243,0.2131542277909146,0.1394092294040785,0.0337179035818411,-0.079012307424324,-0.1224311197832237,0.1809258182721611,0.0775446188855306,-0.0843841969687005,0.0629607996789329,-0.0200503385632523,0.0555445458674128,0.0263099326681079,0.0922073711945454,-0.2171337553133887,-0.0900076983886978,0.1416054809009623,0.0766016695131535,0.192372133378901,-0.0690940346382762,0.0453789164895415,0.0141163104402215,-0.0281620609073152,0.1987037283467079,0.2689115311548908,0.138647445309157,0.0340287686970626,-0.0290655954939124,-0.0971333615926816,0.2406214446218375,-0.0988573593117226,-0.0326063123967105,0.2066512052030316,-0.0343495631491164,-0.106833198855628,-0.0652855938350466,-0.0128318965258159,-0.0655743407245574,0.0023365633002734,-0.0693828182526281,-0.0094217338874309,0.1862051343148616,-0.0139545246077761,-0.2810424263307254,0.2496034372283699,0.0088884119209038,0.2683117191387614,target,1817,20,124.47125984373712,0.1159516310708999,0.1370987396553119,0.0136848744318455,0.7561179216578009,0.8940177307785574,0.0892387516931778,0.7561179216578009,1710,0.440352571828136,5,0.0010042706046736,0.225650347338864,0.0857616372328846,0.0,-1.50602723506608,-1.0656746632379404,1.1614662654613377,0.1275273050428774,102.04856019547714,94.4336951435352,124.47125984373712,2.972846366414367,0.0805418541502671,0.0725703580378751,0.0266885796303599,0.0596036713035745,0.6100001576234603,0.001010898126166,1.0,0.0055001276312041,2023-11-07,33.0,5,0.1053982186754547,0.1107682238412466,False,True,False,0.0,1.0,0.25,0.0123922844268108,0.6993397423690418
LEN,Falling Wedge,bullish,1,0.6966872842484895,3,35,2129,2130,2025-03-07,2025,2,121.98990684571542,117.0927148606322,137.39561454663976,112.85285117816358,0.7422718979403881,0.0418231995979596,True,-0.0594888136574798,-0.0510669670922704,0.0187562506048906,0.0029121109821228,-0.0449032538725239,-0.0261982890971013,0.0259220285654586,0.0229419576849037,-0.0048548542765485,-0.0262698790332915,0.1383195584626051,-0.0340334148657786,-0.0233654913242131,-0.0793190026133712,0.0235646177052413,-0.0387452371627566,0.0564669473327457,-0.0219799001954417,-0.1272266231109875,-0.0115795580248617,0.0214324009943933,0.0596692662964524,-0.0560642954100767,-0.0824241707900719,-0.0790527067181131,0.010420474649212,0.0979197928387962,0.0747878005725199,-0.0510787595023101,0.0327645572925594,0.0356144454203368,0.0799054308063564,-0.1367678111643742,-0.0592491835651012,-0.0265572932352451,0.038318071073033,-0.0967589013791713,-0.015594611762367,0.0979987012453182,-0.042996611660988,0.0036463875402401,0.0722277357241689,-0.0788286293960577,-0.0894848682957873,0.0035246598661073,-0.0799147401434342,-0.1157919620909502,-0.0086897978509306,-0.0231966943066448,-0.2227467445624027,-0.1012331672653471,0.0191736003926912,-0.0964984131406903,-0.0276864394102408,-0.1129515091688142,0.0673415926826899,0.2128700328272854,-0.1680476246161519,-0.0495391616182276,-0.0482595573577459,0.0612598355364293,-0.0402067742085416,0.0565173291978389,0.1529166540403566,-0.0726701962156929,0.0437534304658497,-0.0955777501825236,0.0148308792984326,-0.0942944282103777,-0.1262377175337348,-0.1220358797987818,0.0766455393174421,0.0034621899395463,0.045068508285091,0.1595312574816247,-0.1294416795999345,-0.075514497917504,-0.0295910752459963,0.0229730918517134,0.1108285951569574,0.2291119551217628,0.012980525670257,0.0140411021138842,0.0613672803075435,0.1547128710143024,0.1569822464268031,0.4260603364584587,-0.0420286300447372,0.1677641811981602,-0.1104354782045398,-0.0556080195298095,-0.1861832325237861,-0.1467197086755618,-0.2000910282406036,-0.0814490269850066,0.1491924499947374,-0.0518218686939486,0.0537944992313776,0.1248506287372188,0.1121840137238392,-0.0320433580353376,0.1741850376529925,0.3770689682851778,0.0743331751910028,0.1246178394310826,0.0199423602966368,-0.2817598176188879,0.0779863655513541,0.1609383571808473,0.2538187280276041,0.1549124224197255,0.1478291700951359,0.281813598330016,0.0875966898192286,-0.2431192203073016,stop,2133,4,112.85285117816358,-0.0749000954571411,0.0294656732231341,0.0793183363754657,-1.0,0.3933996751712387,1.058988455106212,1.6860691519735582,2092,0.7315352308134917,7,0.0534361716935507,-0.2178565513361342,-0.1548559150270123,0.0,-1.1487469396689456,-0.4172117088554541,0.3279313565640742,0.1392567605816656,117.0927148606322,112.85285117816358,137.39561454663976,3.4779325603585414,-0.1859340856570018,-0.0200335635440299,0.0285965410204679,-0.2700493493986143,0.4698421079401378,5.601053509884935e-08,1.0,-0.0501387207588036,2025-03-07,41.0,5,-0.2169070214547123,-0.1509228795463697,True,False,True,1.0,1.0,0.25,0.0461054444040537,1.634925056329383
LEN,Falling Wedge,bullish,1,0.6237995946608504,8,55,2314,2315,2025-12-01,2025,5,127.85858142862992,118.24088821476528,139.80141487324408,109.5183152933098,2.666604033571339,0.0813398254958612,True,-0.0706036505304409,-0.0731112818279356,-0.0078539032118331,-0.0677812935299946,0.0416768059909298,-0.0712173325741667,0.0128168116677764,0.0020100427363392,0.0064115848047907,-0.0719493828820917,0.0140249089514115,-0.0104803604489472,-0.0276332311729601,0.1265464252349646,0.0357768543328385,-0.0014399251289269,0.0771095821615945,0.0016201470651147,0.0099349055402875,-0.0177398259084035,-0.0363190094732343,0.0071568076287689,-0.0717371811196538,-0.0781491135450149,-0.0764039735234106,-0.0326834006442459,0.0175084060122194,-0.0069362968662373,0.0560327339335093,-0.0739287269143562,-0.0659002089937678,-0.0344794405269469,0.0921863265797371,-0.0185405125726202,-0.0406008655510906,-0.0552099887944438,0.0181978004852858,-0.1398105815810782,-0.0248923562267503,0.0755017456538531,-0.0590444615411559,0.0519172185422269,0.0448147196220765,-0.063830061928942,0.0131247362109732,-0.0658204527899272,-0.2001078836765378,-0.2105489856872718,-0.0847051140576123,0.0860624656906234,-0.0264324494586872,-0.0179136488183356,-0.0095983189351434,0.0777913698142254,0.0275810680683998,0.0122504634425373,0.1267759382493609,0.2022693946853235,0.0640849551838675,-0.1860112043066184,0.1879872220615877,0.0055720359123341,-0.0075856492756661,0.0309118579129896,-0.0550983159526282,0.0878448325017677,-0.0960412870475753,-0.0104365691227767,-0.2208733360039365,-0.1435940651152339,-0.1643747873364872,0.0607327022043862,0.0239710204949461,0.0528610864305982,-0.0532707115020378,0.0839324521767073,-0.4231746418873764,-0.1154939280556713,0.2029814924972384,0.1178419029228023,0.0740488753895463,-0.2003987849656179,0.0374052403625351,0.113848049431402,-0.0163840931347437,0.1534345804881369,0.0232203180079195,-0.0515842474262572,0.0038961912568089,-0.141185696305468,0.0807165655926798,-0.1449639838141607,-0.1155651272501957,-0.1245060633658999,-0.2181940096064333,-0.0090891542870911,-0.0232036780820694,-0.2447653859286624,-0.1257849410720096,0.1780497822767948,0.3264924465999976,0.0045889024606093,-0.0206400373301197,0.0816141778519359,-0.0423254947813231,0.1816411675737073,-0.0035762728431236,0.1287626957967085,-0.1052009740267363,-0.0748247556197012,-0.1619935474075253,0.0873165123219312,-0.1767287351685038,-0.1147786734064226,-0.0989331285162938,stop,2326,12,109.5183152933098,-0.1434418083666725,0.0298736446898738,0.1529104104116314,-1.0,0.2082631628117063,1.066010057686633,0.6511810328430498,2254,0.5222948110036907,6,0.1905510060184481,0.2880582189365859,-0.0473046130004682,0.0377358490566037,-1.045969671744525,-0.5236748607408365,0.8101932577841912,0.1401256746085776,118.24088821476528,109.5183152933098,139.80141487324408,3.8702381167901376,0.1060541900935678,0.0523434451249846,0.0301883290036037,0.250753909443334,0.3586001032083573,-0.0156891719007243,1.0,-0.0026243680777735,2025-12-01,41.0,5,0.2117229478805087,0.056101955721,False,True,False,0.0,1.0,0.25,0.0190463730169035,0.5290126460752055
LEN,Falling Wedge,bullish,1,0.6333138525633032,3,27,2477,2478,2026-07-28,2026,0,86.69000244140625,84.76764167125111,97.8910167337856,79.46301343608093,1.091132100660837,0.0226780022689614,False,0.0038066004425734,-0.0385735604130357,0.0363982784294876,-0.0087836772191426,0.0085075450749423,0.0259612118097756,0.0239817751549311,-0.0230678584156277,-0.0595490598747843,0.0014453927858255,0.009889456619565,-0.0504412286487107,0.0043471085025099,-0.0099180315993726,-0.0712173325741667,0.0077114428395248,-0.0160358891490765,-0.0061098006151849,-0.0162000821593123,-0.012764370994576,-0.0043261268856804,-0.0766887931300688,0.0156496024450305,0.0099204128057655,-0.0314191388876659,-0.0573094597233859,-0.1146853953127535,-0.0101301439316668,-0.0124007701103319,0.0546671642853067,0.2548775808697563,-0.0342144043368571,-0.0817849392889665,-0.1244865747952147,-0.0539953138714058,-0.0367796435012925,0.0375920170240344,0.0856829602676794,0.0544536027041142,-0.1070260038287042,-0.0797498040943232,-0.1221347010923326,-0.0155978356696938,0.0095027812006114,-0.0265326371900355,0.0289229888255386,0.0114199773432774,-0.023635502565938,0.0052719810424792,-0.0464246664209652,-0.0075856492756661,-0.0068700097422346,0.2116888427615533,0.185292634829574,-0.0323496137784795,0.0640849551838675,0.0979865552091237,0.2297634932127956,0.0093171729567391,0.0169341820387343,0.0788417003067998,-0.2075849628000606,-0.0682516106756571,0.0144613804284305,-0.027635716881595,0.0436556261739302,0.0743272723503138,-0.0104937315841798,-0.0198015144234976,,,,,,,,,,,,,,,,,,,,,,,,,,,,,,,,,,,,,,,,,,,,,,,stop,2508,31,79.46301343608093,-0.0833658876663435,0.0341446418400243,0.1160457365863824,-1.0,0.409575700515323,1.392005049485395,1.5498867210294212,2450,0.508257393619379,5,0.0368263535229168,0.0177710214909534,-0.1798705298736469,0.0,-0.9416625730558464,-0.4334051794364575,0.7488951465299275,0.1441000178623886,84.76764167125111,79.46301343608093,97.8910167337856,2.6663265119907584,-0.1441902325185262,0.0032831858350816,0.0304201536289023,-0.1948297218699667,0.7113823785731787,0.0228128224426209,1.0,-0.000188953641616,2026-07-28,27.0,5,-0.1367688494179466,-0.0695278410116191,True,False,False,0.5,1.0,0.25,0.0596878688410564,1.1625728340354398
LII,Falling Wedge,bullish,1,0.7957694431481801,8,63,761,762,2019-09-26,2019,5,222.541013475988,219.78644153992525,294.50277095023387,211.3956570340693,1.6452795600366636,0.0125329475137907,True,-0.0368259302202476,-0.0119460107911258,0.0296067960032473,0.0019364696551116,-0.0604826844913239,-0.0162945023195172,-0.006268378958989,-0.0329101902208798,-0.0497779456369797,-0.0705898838817877,0.0708678599843268,0.0181763617888126,0.0890791979965819,0.0771415081634743,0.0109437511291521,0.0355004879845064,-0.0297034719517862,-0.0243350426063608,0.026248297232178,-0.0099294474283426,0.0353469071345944,-0.0249726067241501,-0.040305104362841,-0.036163032310545,-0.0207514288813951,-0.0524850172247957,0.08035162302532,0.042706720663513,-0.0438381691528027,0.0184804643768534,0.0297772844871613,-0.0490634123082787,0.0132749998686358,0.0729108391416042,0.0138369952869954,-0.0047661415190443,-0.0505073705686912,-0.0127330255238837,0.0370553224466281,-0.0113582875138774,-0.107113276371589,-0.0003254226395906,-0.0398207573326667,0.0253794095418369,-0.107113276371589,-0.028895507426132,0.0145913745170653,0.0060629911696805,0.06019702694508,0.092757465839862,-0.0293237708305906,0.1750549752927297,-0.136224523305472,-0.1444997976081935,0.1142205221988537,0.1495077987207045,0.014003869752482,0.0538596249397886,0.0328979534665621,0.0953723811063871,0.0426703612336281,0.0265093283711159,0.0506524781259571,0.0777689129380341,-0.0407888983861627,-0.217332288888826,-0.0337461429161819,0.0870832836861443,-0.0089406535170297,0.0375862114309162,-0.0041831727936243,0.120493673370261,-0.0303874050620408,0.177173823666672,0.0640613144002859,0.0955900686933277,0.2073816389861038,0.0227983365900927,0.159006731350064,-0.2142310282634826,-0.0426813545795297,-0.2047523993715007,-0.0423351875801274,0.1218563579605567,0.0726865103418703,0.0364465872396586,0.0256351718573202,0.0813048033571612,-0.1786052413552631,0.0575959809113757,-0.0023409561480036,0.0112513401126761,0.0101168136265752,-0.0720674452889305,0.1254149831798579,0.1843526345988333,0.1422993852325511,-0.0849916830424162,-0.1326349158561048,0.0679748102158503,0.2187226815942446,0.1202682675773554,0.037844438938309,0.0955930040654793,-0.1971849053235512,0.1067445861642446,0.0415947215765921,-0.2387096171095212,-0.0448989599966491,-0.0727190128013228,0.1060600732894856,-0.0548081272218797,0.1175096970366698,0.0323992411193143,-0.0184247515352918,stop,766,5,211.3956570340693,-0.0500822579525156,0.0191489001918239,0.0571691494960007,-1.0,0.3823489789533758,1.1415050325846805,6.45665823693096,693,0.7923916611694932,5,0.0045752859531664,0.0408255047321812,-0.1336179566301728,0.0,-1.4246358699755193,-0.6322442088060249,0.2019068335163075,0.2002575156372681,219.78644153992525,211.3956570340693,294.50277095023387,5.627502456747753,-0.0473588623567828,-0.0413278842684328,0.0253976273588304,-0.0828601537219255,0.6965509983952225,-0.0006240422846661,1.0,0.0328210681764549,2019-09-26,22.0,16,0.0445153781079106,0.0559539338928321,False,False,False,0.2,0.0,0.0,-0.0690898142786642,-1.476633175828
LII,Falling Wedge,bullish,1,0.7124512872003548,8,58,856,857,2020-02-12,2020,5,221.8893714059409,220.6865540717684,255.1170721910244,213.60129725710067,1.4506938861117908,0.0054503426329333,True,0.0367670641700985,0.033521971284812,-0.011166907936596,-0.0158969336452756,0.0427015531272854,0.0926805572835429,-0.0751165331359162,0.0403043561546312,-0.009858067671158,0.0423343978885488,-0.0180013550422628,0.0011679211289357,0.0161087365538545,0.0164432304471109,0.0169446970877564,-0.0197205541992233,0.0246942361392681,0.098714124207242,0.1200239200971329,-0.0221028343963,0.0101437338830783,0.019520214490563,0.0182711395469876,-0.0002500968933875,0.1139346372437276,0.0054063039388037,-0.039635386503693,0.0295338524548776,0.0517046783957946,0.0624692996502236,-0.0443918613380754,0.1084732701891779,0.0650111904019477,0.0545532735766483,-0.0706929492796286,0.0338640660380129,-0.0012832889340798,0.0153095207977604,-0.0024899967103347,0.0516096997636585,0.0973874642006391,0.0341654056497964,-0.007274465396752,-0.0421771749345107,0.0471264213443196,-0.0226835630586168,-0.1319354218346751,0.1293343523946949,0.0031721157638369,0.0193001533091781,0.1037722789539579,-0.0379777394924987,0.0281315715582632,0.0464096778997336,0.0537565109019138,-0.0457482056091378,0.0019439582242555,-0.0681124469399805,0.0783909322908817,0.0110915341281807,0.0410342007371591,-0.1326777188554749,0.0868749119010405,-0.0363833595190422,0.0064245521243864,0.0111806461950869,-0.1268104942182348,0.1609125768719412,-0.1421697046459474,-0.1448838018852905,0.0219244015135463,0.1252779201931559,0.0033395279857537,-0.1249060609795976,-0.0332292525242335,-0.0869230542840986,0.1270955466703485,0.0985398783002571,-0.0485294711332909,0.0854643896110907,-0.0232618339144362,-0.0379262238953875,0.107703086912348,0.0505094529494862,0.0733455928688584,0.0287719025300887,-0.1612960323382276,0.0287719025300887,0.0554883139766519,0.0364796982900339,0.1176699912400647,-0.1660030656347382,-0.1985036507548443,-0.0743435318278853,0.0589145684000089,-0.2183998606257187,-0.052945063812776,0.2579428699767987,0.1110487696327715,-0.017577271348142,-0.0173903132690481,0.1964707000010099,0.0920992777854217,0.1636823850282323,0.2042802137686781,-0.0513490844931359,-0.1264761465478195,0.16030774453864,0.1575991541115695,-0.1204356950835987,0.1106228140293406,-0.2912392740463033,-0.1054688817567358,0.4136307082586519,-0.2447695314822365,stop,867,11,213.60129725710067,-0.0373522809872556,0.0456044291910806,0.0617781527084907,-1.0,1.220927557453336,1.6539325330511714,4.009097914469453,793,0.7276672764478125,5,0.0001204522857431,-0.0109915739752939,-0.0129445294621421,0.0,-1.0720384741408693,-0.3443711976930579,0.3031723326876502,0.1331138482841174,220.6865540717684,213.60129725710067,255.1170721910244,6.193951889291796,-0.0513089735517564,-0.0158977715865699,0.0277445848164127,-0.0455406600548153,0.971921221229132,0.0049261034153755,1.0,0.0304471266078938,2020-02-12,20.0,6,0.1951258513871745,0.1198561295836944,False,False,False,0.0,0.0,0.0,-0.0113728070969718,0.0047322741025175
LII,Falling Wedge,bullish,1,0.7092778009333829,3,39,1084,1085,2021-01-07,2021,1,262.43827103756973,253.08812820039884,297.7819198861376,247.9150317546031,0.93835242771413,0.0369442174299354,True,0.0161073888130394,0.0217040057255022,-0.0244431621994586,0.0093216241337239,0.0233740443368841,0.0202657699187256,-0.0015820015558922,0.0401188112214803,0.0382077599975452,0.0317890651924106,0.0349907031702769,-0.0164772019926403,0.0558657045278792,0.0116505049743131,-0.0259927340308497,0.0114002060550344,0.0028534568148659,-0.012293290052981,0.0173314729079592,-0.036620444540006,-0.0005155157347043,0.0184756451604539,0.0062213678977883,0.0469647195645086,0.0409479582121981,0.0099643381608096,0.0497756752049391,0.0159902893672663,0.0273478251017438,0.0051127094412082,-0.0260879569583063,0.0281486823142409,-0.0456126834666361,-0.0829156436760878,-0.0042796560982683,0.0160007071774896,0.0603074456232888,0.0337753641973779,0.0169117336343471,-0.0309388134101141,0.0278656083345998,0.0121484266352802,0.0229175392822837,-0.0421750110894888,-0.010019182735765,0.0427528497124982,-0.0204997594555276,-0.0392074459297446,-0.0442076639580255,0.0303543193269248,-0.0832010466014523,0.0081894018579959,0.107564716693512,0.0472352853799526,0.067279819008273,-0.0183980180306602,0.0412071668407438,-0.018808717209179,0.0608705846299097,0.0915377581133674,0.0339928870250405,0.0008076087798287,-0.0846226231750831,0.0030255192664818,0.105539140221551,0.0327990088864811,0.0137090491906712,-0.0035162323508186,-0.0400676576503033,0.0436429283742523,0.0406740926768955,-0.1067031432582829,0.0493175894515951,0.0781898119067301,0.0423031638225968,0.0572161407397329,0.0597934266905977,-0.0777517614966271,-0.0803139502585033,0.1488667628077553,0.0437091369803264,-0.1763009440026772,-0.0799832233087235,-0.1394851412131841,-0.0777405449666901,0.0980075369537154,0.1447829712878505,-0.0486227994215616,0.0831429533495098,0.0056009418673408,0.0425092686128554,0.0403160185470344,0.1693758529861984,0.0988009260910882,0.1553004594628722,0.1433030197601494,-0.1828431725918251,0.0512242500963056,0.0066110701367021,0.0932107839730098,-0.1341798800965643,0.1098731343623755,-0.1744662142967388,-0.1193824113621359,-0.0278588921363577,0.1716403286597905,-0.1706303598311134,0.1805359483485387,0.0970110050458463,0.0704283811946089,0.1056996761355191,0.0826812999258288,-0.0369392995081377,-0.03575666396964,0.1501027298207466,target,1138,54,297.7819198861376,0.1346741414993857,0.1489287406473277,0.0402144417844117,2.433592682730226,2.691176564798949,0.7266842036418073,2.433592682730226,1044,0.77120169984271,6,0.0641977322387234,0.0656390903168762,0.0555578727841501,0.0,-1.533679940282477,-0.7624782404397692,0.2301813506264923,0.1013655225043538,253.08812820039884,247.9150317546031,297.7819198861376,6.050595892257149,0.1181192672276822,-0.0177252953406503,0.0232086444872843,0.1538803735931921,0.9873591036630632,-0.0021933647264966,1.0,0.0284894833384392,2021-01-07,16.0,8,0.3620183931080722,0.2355692443060055,False,False,False,0.0,1.0,0.1428571428571428,-0.0575895285244905,-0.9068582431747606
LII,Falling Wedge,bullish,1,0.6270095248468571,3,34,1273,1274,2021-10-07,2021,0,287.62115859076044,279.3456773638027,329.9743888864555,272.50019658967494,1.3197164560173806,0.0296245186431873,True,0.0158696576488319,0.0089981669973142,-0.0206677151560784,0.0337067912882727,0.0270955028710619,-0.0179169398367954,-0.0044656620150128,0.0362412928139164,0.0032297539814447,0.01802369794068,-0.0219554810974353,0.1205991666975703,-0.0392444817170244,0.0290465571553455,0.0030971161389818,0.0009273199264403,0.0373532459745793,-0.0057523775485319,-0.0069653603942343,0.0388452113089339,0.0251526916051769,-0.0186911378848914,0.0039866980462119,0.0205022374807333,-0.0116037504571973,-0.0492888432157421,-0.0703094891519604,-0.0384140862109279,0.0316693001352443,0.0752221627587925,0.0783981012078367,0.0032970032990324,-0.1001020022711324,-0.0371226165202236,0.0368489368924533,0.000511624348876,-0.118638727536411,0.054808097153538,-0.0375530350098687,-0.0269710946316711,-0.0260526061281904,-0.0143828399585319,0.0400304328470102,0.0241426923787444,-0.0127112358882691,0.0298331487558033,-0.01103922146911,-0.073453904542727,-0.028031933456584,0.0564046387744776,-0.0232540532376224,0.0269234534218874,0.0373239018973214,0.011290944924325,-0.0345805361400878,0.1383763979259078,0.0260099846288326,0.0182565782655961,-0.0823586801845247,0.0620158258491918,0.0147433981533615,0.114420285069684,-0.0139730649751914,0.0076987222009494,0.0049581727300498,0.0352326474368216,-0.0050869352039586,0.0726739004292025,-0.032991403894592,0.0383758829671609,0.0066567086520392,-0.1362868622628759,0.1372652763830149,0.1627930699775224,0.0868859330826423,0.0876873378030405,0.2174898195074701,0.2239182953300107,0.0529766296855798,0.1057882599971866,-0.0933894076941309,-0.214794151595727,-0.0602119346958677,-0.1475899439533332,-0.1270316949452766,-0.0041681616023879,0.0246337911350673,0.058060397992051,-0.1140227596455668,-0.2053519057104791,0.2175598785087791,0.024765289602325,0.0349842883099904,-0.0558236848204871,0.3772347924901005,0.1583662652286774,-0.1957562838368016,0.0374822510950192,-0.0513861349348748,-0.2592603701478329,-0.0163264962470156,0.0383972083890704,-0.0039652824981267,-0.0504643286879467,0.0920992777854217,-0.1584800605496341,-0.0428399407636452,0.0850252701893796,0.0949744126881033,0.16030774453864,-0.0740445031673567,-0.0098496927932717,-0.0976931793321453,0.2140357843391085,0.020091451620747,time,1333,60,297.6833801269531,0.0349842883099904,0.0999477173516464,0.0455050655623992,0.6654485035720833,1.901140830928529,0.8655679233812115,2.80096136030595,1239,0.6525686745816863,5,0.0199451495122394,-0.0331742762024817,0.5554755732628136,0.0,-1.6994688510177889,-1.0469001764360917,0.3521227351926922,0.0844965916242913,279.3456773638027,272.50019658967494,329.9743888864555,5.388152008100316,-0.0330715015829236,-0.0538860046526272,0.0187575359662064,-0.0802886265644662,0.712940889246325,0.0029964629666785,1.0,-0.0198553458566056,2021-10-07,16.0,8,-0.0011102823241367,0.0205355265545281,False,False,True,0.1428571428571428,2.0,0.2857142857142857,-0.0227507013610599,-0.3288767039957778
LII,Falling Wedge,bullish,1,0.6781195365043877,3,46,1372,1373,2022-03-01,2022,2,252.37508797737456,245.67443250895667,321.4233122808869,230.2832979695129,0.9199507971803,0.0272745332104251,True,-0.0513688362357335,-0.0140858762170525,0.1141606480107304,-0.0308061246543376,0.0558657045278792,-0.0175117537284281,-0.0545961721773331,-0.0513688362357335,-0.0564446137147967,0.0135685856125695,-0.0021972759777286,-0.0640643979532239,0.008118420113266,0.029847531979962,0.0142541822608306,0.0392309603639837,-0.0437875499205998,0.0116960634796785,0.0027033002802754,0.0786288569186004,-0.0223794382857182,-0.0980513151679626,-0.0477121750223292,0.0081856752404132,0.0225253862702955,0.0164470180780658,-0.0021873550488263,-0.0363603433764667,0.0516359196869093,0.0601568472624389,-0.0035797743501125,-0.0002773080071419,0.0383929455292666,-0.0821431213303129,-0.001581968156695,0.0624531357714333,-0.0376760566280737,-0.1713512072892806,-0.0034904684845157,-0.0336499926515417,-0.0023039493845572,-0.0255360236701558,0.0385933958366795,0.0017024216788776,0.024167519774046,0.0135150934784114,0.0073975692628238,-0.0634068808083516,0.0373239018973214,0.0077466183916967,-0.0550853094735803,-0.1042531675585124,0.0019439582242555,0.05079906982109,0.1380574429724115,-0.0153739898677729,-0.0098375515957603,0.060674013445207,-0.0586600518955914,-0.3018295190664148,-0.0576960721714731,-0.0534993646348518,-0.0184585853742739,0.0450206294215707,0.0697862517824849,0.0084122215681416,0.0169179182606455,0.012454034405902,0.018675446835199,-0.1571111343984997,-0.1251854473607379,0.1040805769046457,0.2394656824137835,-0.0396940027982503,0.0088960191625364,-0.0026422041746795,0.09232639124777,0.1260142708110527,-0.1448838018852905,-0.0088984058586901,-0.1043227336440606,0.0961343959437726,0.0629241210301136,0.0380354779203748,0.0256351718573202,-0.0139865832837163,0.1324326775550504,-0.0367321139663745,0.1276032215688336,0.0651996424214558,0.010416432785594,-0.1960113461990618,-0.2264413039561628,-0.1483471414125504,-0.043531382191138,-0.0004974127339262,0.0895886283970761,-0.063652555733772,0.1635238738011186,0.2835374925193645,-0.0360069365814607,0.013495836078156,-0.1744662142967388,0.1406558551645067,-0.1136723733193575,0.1501171537321353,0.1886900532861455,0.1677409031331509,0.2351238295007303,0.162955752172127,0.104538023837311,-0.0687373992889399,0.0141265312811362,0.0817743013202201,-0.291206501960055,stop,1404,32,230.2832979695129,-0.0875355415818307,0.0488153065546703,0.0973893050451093,-1.0,0.5576627010302596,1.1125687153493755,3.1255151474344327,1324,0.543496196872471,7,0.0399311903851088,-0.0039139439960583,1.202793902496578,0.0,-2.1397341980532043,-1.596238001180736,0.7999405979187832,0.1189990425154484,245.67443250895667,230.2832979695129,321.4233122808869,7.70931842175912,-0.1460242875215468,-0.0680705739026215,0.0304089042106737,-0.1984304293444263,0.5464840681907072,0.0171955820328646,0.0,-0.0442977118354123,2022-03-01,2.0,12,-0.187329577101601,-0.1460200514252,True,True,False,0.9090909090909092,0.0,0.0,0.0554069509602493,1.6968776735906994
LII,Falling Wedge,bullish,1,0.7561272912129472,3,21,2200,2201,2025-06-18,2025,0,545.3202161499058,538.7840499174317,595.6639163826567,523.5831113353483,1.5348806799607717,0.0121313283744679,True,0.0220705126717888,-0.0004737022758423,0.0053632771260012,0.1526631551275794,0.0535354701699639,0.0361617768421516,-0.0061523108786971,-0.0443206877024131,-0.0061299025797388,-0.0353069277483762,-0.0063032414961077,-0.053789664853214,0.021300693404864,0.0185015604760394,0.0199328730769285,0.0266909853233223,0.0410855440360062,-0.0853488361599651,0.006231859745883,-0.0263508705860587,0.0044707797027272,0.0140223698759551,0.0152576175266462,0.0964789332913369,0.0514239333421795,-0.0191687735354497,0.0144571689071058,0.0136376382955523,0.022636069194738,-0.0371226165202236,-0.1243462742073534,0.0038941982697473,-0.0191750315534005,-0.0094611427747965,0.0494328961262966,0.065574475921015,-0.0298381929634949,0.0170024275309343,-0.0035883989184093,0.0627812731481505,0.0445940715957786,-0.0256470633158736,-0.0104802454718047,0.0613190891663213,-0.0749734846397848,0.0964025290785845,0.1059333795614463,0.0571349357115704,0.0691852324837234,0.0045343718089163,-0.1237651281977577,0.0341880381780497,-0.0495904504726232,0.17967074032436,-0.0286936351806882,0.0230524556509976,0.0673363872830585,0.0360766865293324,0.2054212860395494,-0.0257787299616534,0.0650828821668476,0.0580313047759246,-0.1660498032040217,0.0165812378882488,0.0127504741215302,0.0983205230949335,0.1440195577092327,-0.062907265366717,0.0780600712778841,0.0736862310936876,-0.0016171527753718,0.0083084895772125,0.0955900686933277,-0.0485294711332909,0.0119192595270567,0.0364753867982274,0.0096259678924313,0.0951643959196344,-0.1882470895349403,0.1044435470261784,0.0203504463883996,0.0379545202147477,0.3219238833469058,0.1542141480488077,-0.0938676129429491,-0.0013820434416982,0.3147421579511145,0.1247042410701857,-0.0799135041015387,0.0376830679294486,-0.0397064291513789,0.0276135595897935,0.0014428944514692,-0.1030559072725207,0.0063656491548542,0.1249562538526782,0.2326177834875566,0.0851154138420189,0.0359041363537728,0.0793677299546824,0.0488902848571226,-0.3048834440766861,-0.108428475246831,0.0867771420764533,-0.185544704889169,0.1178100018328442,-0.0232680748065879,0.4562135876691906,0.0233408357985016,-0.1145878600176768,0.050769740233896,0.3944043331562672,0.0100126570651748,-0.2106430999582059,-0.0388166000655235,target,2208,8,595.6639163826567,0.0923195193242416,0.0960796409770284,0.0090527229390494,2.316026014606846,2.4103564403898794,0.2271062716025356,2.316026014606846,2179,0.5025206730324482,6,0.1236132173064987,0.1196855392435838,-0.2322268218386316,0.0,-1.3269484886663674,-0.824427815633929,0.7056867570650606,0.061563344037063,538.7840499174317,523.5831113353483,595.6639163826567,11.428306404493672,-0.0800611083292179,-0.0201333171451849,0.0211253501363733,-0.1721129946880204,0.5732635449550695,0.0023074151791142,1.0,0.0077423468895048,2025-06-18,40.0,14,0.0070387474174911,0.0844486490779619,False,False,False,0.1538461538461538,0.0,0.0,-0.0917814479577846,-1.8030604847833112
LII,Falling Wedge,bullish,1,0.8428839617200136,3,53,2271,2272,2025-09-30,2025,0,524.4778453161919,518.9373784852405,696.5663918397295,502.209962981216,1.7308142103485018,0.0106765614901815,True,0.0252712492362381,0.0162992468199734,0.0202616975710627,0.018737114705615,-0.0265343616352823,-0.0845689063127116,0.0537261801704855,-0.0437111467780724,-0.0247865102575176,0.0020278755738409,0.0138916689268777,0.0010346286847471,-0.0182017494158007,0.0285427473105708,0.005393574671213,0.018756283313569,-0.0053589494075518,0.0324250140944561,0.0077906836504415,0.0315972523273773,0.0686996245516948,0.0229829470201541,0.0191359657979796,0.0041048292272436,0.0055223009535231,-0.0551033616077187,0.0400448053525717,0.0212464119014337,-0.0445423930366735,0.0370051933124182,0.0814273074741653,-0.0344605678788453,0.0470993004152848,-0.0284126074291849,-0.0453086235188451,-0.1289408890390649,0.0252892032094405,-0.0661142726986627,-0.0011801806480089,0.0532344440112706,0.0706915370920897,-0.0423938097665859,0.0160007071774896,0.0537773565728028,-0.0255360236701558,0.0054136523659825,-0.0520361544413539,-0.088060061725423,0.0241206740156658,-0.0513297375108905,0.0269327946630679,0.0608705846299097,0.0455939935262923,-0.0565097467438402,-0.0139730649751914,-0.0396285813712893,0.0061372915649891,-0.0516288597109309,0.0495052510359785,-0.0324271395628127,0.1111772515430045,0.0835457696826682,0.1014436774253169,0.0755173057093909,0.0673502999293294,0.0723912293460991,-0.02819566652897,0.0827330956066052,-0.0787174755550735,-0.0841922759829152,-0.1020609117395383,-0.0790867264370497,-0.0023409561480036,-0.0434296342740941,0.4340965022593654,0.0102399248909454,0.0398764360724723,0.2155390622996777,0.0044457138197588,-0.0347321832272687,0.0079733833264701,0.0198937819231801,0.0499057166936298,-0.0013820434416982,0.2129704765137936,0.0220619820294436,0.0297087772215298,0.1051262856874044,-0.0232618339144362,-0.034874864835465,0.050988773690437,-0.1333782046904199,-0.0594698988088878,-0.1035762301215496,0.0943895993908279,-0.0699896194132333,-0.0207113146547319,0.3280984973344392,-0.0351928074946612,0.1863051236892436,0.1053023093240312,0.0750328389078573,0.0308589406607089,0.1026409186148309,-0.1017389239181603,0.0152941871113065,0.0898601554576128,0.1330765110982457,0.506032682319113,-0.29886384358088,0.1476831760735579,0.1843526345988333,-0.0502480474278195,0.0564537420181634,-0.1334017368143521,stop,2287,16,502.209962981216,-0.0424572411091096,0.076248060161394,0.0817143572434923,-1.0,1.795878822306103,1.924627109743116,7.728105615738791,2218,0.8003181100247536,7,0.0675769666197271,0.0659312712521795,0.1214350699950501,0.0,-1.519351548415853,-0.7190334383910946,0.1787765572191158,0.1866389549076155,518.9373784852405,502.209962981216,696.5663918397295,13.36933648400574,-0.0927278337160155,-0.0822120278800135,0.0254575243006256,-0.0495344915462622,0.6437285101973493,5.379971512731174e-08,1.0,0.0433518351025481,2025-09-30,40.0,14,0.3357692772319807,0.1340281277564383,False,False,False,0.0,2.0,0.1538461538461538,-0.0524725889763343,-0.6963712625143452
LIN,Falling Wedge,bullish,1,0.7105760140803954,3,27,742,743,2019-08-29,2019,0,170.5634885479523,166.17231540541252,186.47327213165624,163.2262760833387,0.7857319818606805,0.0264254194919688,True,0.0054110709017458,-0.0076064269060729,0.003727947232945,-0.0058794492872267,0.0071090445648323,0.0130419235814913,0.0438445569532848,-0.0193631332282174,0.0585694481687937,-0.0017043670986719,0.022037028683993,-0.0005467079010429,-0.0083421478786132,0.042759413166636,0.0063631923829856,0.0286102102760597,0.0149254960955609,0.0068199939248239,-0.0603698171607728,0.0293546790667595,-0.0006468854141907,-0.0099397444491086,-0.0031074631822702,0.0194161985411398,-0.0039338001952067,-0.019912287112034,0.0047123343917485,-0.0126034152851526,-0.0638768489600892,0.0115632026168479,-0.0207953986345305,0.0006797665136231,-0.0517664563697459,0.0620589485532958,-0.0234982798062994,-0.0631446894937329,0.0112553759846545,0.0370054394828391,-0.0175409557413027,0.0511106723792154,0.0569998915807765,-0.0417206600543851,0.0203298640263032,-0.0606275947458245,0.0578860971384718,0.0225104482179059,0.0161803923021306,0.0075334888531857,-0.0162927745456543,-0.048533349616133,0.1088276754126829,-0.0908214722782441,0.0553027571252975,-0.0304037200416477,0.0047205662888554,0.0246157597853966,-0.1211303446931517,-0.0617317571621151,0.0295998617022614,0.0085400155553854,0.0288671197728795,0.043030471406217,0.0185431910069711,0.0186361266596286,0.0736721675313891,-0.0706410142916043,0.0533877704151737,-0.0430222897573246,0.0169220542883174,0.0344825131754777,0.004665367391351,0.2464968935812113,-0.0339533564072699,0.1910316097588347,-0.0038422848647128,0.0620156592406042,0.0820088309384385,0.1173016829578812,-0.0155463590883768,-0.0739465026767137,0.0819642791384864,0.1829534934725745,-0.0014342733860549,0.104669678025262,0.016728806820996,0.0522062259059179,-0.1009248498195504,-0.0148353632546699,0.0113845627488231,-0.0235303175582306,-0.0015876570435451,-0.0094755247490175,0.0870553737236827,0.0252786085090639,0.0408344686356441,0.0999882401558143,0.1108618677412716,0.0431385645552797,-0.0256734144310767,-0.0171713330092457,-0.0745958229496018,-0.0305451458770095,0.0648855105314054,0.0065904759682449,0.0991012446194714,0.163001064492811,-0.0416358895819459,0.0497929162020327,-0.0571774847866711,-0.0346512138499397,0.1065667446188491,0.0366428621855789,0.2015449055547467,0.0592460556168275,0.0470181429040584,target,794,52,186.47327213165624,0.0932777801342348,0.1019096378481424,0.0341648097714185,2.1683689358097133,2.3690282149888646,0.7942074961430454,2.1683689358097133,715,0.7021953907436304,6,0.0628255311986523,0.0310583510937647,-0.2880264576367191,0.0,-1.031272501353492,-0.3290771106098594,0.2131265215935577,0.0900263606628761,166.17231540541252,163.2262760833387,186.47327213165624,2.8048171043190786,0.0632705937558686,-0.0435930798336641,0.0165954031561529,0.1256692342347516,0.4306557961329401,0.0171381505860144,1.0,-0.0076651561197783,2019-08-29,46.0,4,0.0351886768162186,0.007832913298545,False,True,True,0.6666666666666666,0.0,0.0,0.0198297176195668,-0.0328335391500686
LIN,Falling Wedge,bullish,1,0.6547220799315343,3,32,1021,1022,2020-10-07,2020,0,219.9359120597317,215.9959011535892,247.5142819798332,209.4475309658108,0.97463436928702,0.018241137378532,True,-0.0167871953857554,-0.0316042613496394,0.0173877730055449,0.0265319166415276,0.0382824223932269,-0.0405812613192292,0.01112775900362,0.0264861663784166,0.0796783708532724,0.0251407357913466,0.0202218511546203,-0.0273308968517901,0.0113763218856375,0.0300917047216469,0.0467016992630611,0.0057690647248944,0.0123621971996905,0.0142839071237474,0.0022557755788878,0.0489605002694752,0.0089044351371132,0.0103258172238474,-0.0351860083946833,-0.0333233845938236,-0.0329734690537983,0.0406397370698272,0.0279647772062814,0.0294717421533639,0.0177420365499321,0.0333491027952923,-0.0177069952744869,-0.0334314346684214,-0.0460886888798448,0.0218518687891799,0.0336444383201344,0.0853867232730862,0.0374195483084798,-0.0368723312022318,-0.0376548334968925,-0.0201217949694455,0.0101384698004229,0.0739308527890811,-0.0676796418084499,-0.0321639597844995,0.0370054394828391,-0.041164637416506,-0.0149873824213685,-0.0169999370558061,-0.044677624763137,-0.0431138967385651,0.0321580262989744,0.1232572840253583,-0.0567695342945936,0.0315398291601161,-0.0723531588454626,-0.0458501059212269,0.0065492689812347,0.1647185018757757,-0.038143876336561,0.0904790028951163,-0.0388612734488552,0.0570628461658881,-0.0168700367012837,0.0705296714638836,0.0075111725199039,0.0242791544197427,0.0650428355372489,0.0268832639098417,-0.0321559499315385,0.0345341847611835,-0.0350005400405384,-0.0027927118471395,0.0994553845572794,0.0236457817827677,0.0372439425351744,0.0814322764607817,-0.0527484062754273,0.0056245779245884,0.0668273700197592,0.1143153781761567,-0.0211891349918798,0.0546515601562196,-0.0028185089626432,0.1200220367682753,-0.0203799845025325,-0.0583447138325233,0.008881767831399,-0.0157378932673043,0.0622571990612643,0.0876230609489876,0.0529063131930804,0.0024904199743693,0.0875215470495851,0.0072765723762515,0.0265515454265796,0.0148463535528415,0.0205117554570455,0.0143048818258302,0.070158539028553,-0.141282397526732,-0.1331175417130048,-0.0782564251325634,-0.0016872885758154,0.1402514255584461,0.0445256702245457,0.1018895412914382,0.1032421399467267,0.0019081473364299,0.0891435402856892,0.0165307496965787,0.0968533568366509,0.0289200640550157,0.1055714211063429,0.0569992480119732,0.0586283107149565,stop,1034,13,209.4475309658108,-0.0476883515552128,0.0165781348249268,0.0527064438968114,-1.0,0.3476348895334104,1.105226793922382,2.6294210396384305,989,0.6664805105298468,7,0.1830383360282284,0.0818352269466815,0.0260691499013148,0.0,-1.1540499182130557,-0.4875694076832084,0.3597546900201749,0.1104485764391868,215.9959011535892,209.4475309658108,247.5142819798332,5.1469060870864825,0.1356771811947854,-0.0226044551936687,0.0233940135653978,0.2890751213256535,0.8123896099687294,0.0110304379195877,1.0,0.0068692431017673,2020-10-07,14.0,8,0.3404442612924376,0.1674412968552172,False,False,False,0.0,0.0,0.0,-0.0670232186857013,-1.779015732913026
LIN,Falling Wedge,bullish,1,0.6637412056385319,5,54,1382,1383,2022-03-15,2022,4,285.33596007827407,271.5164829291648,345.25769735821586,250.5778397353736,1.456786585506077,0.0508973783102317,True,0.0298598483814414,-0.0192146202150214,0.0189124133025633,-0.023074631707843,0.0225524577332212,-0.0024785604432852,-0.0441313785587751,0.0180310402293963,0.0017401718535841,-0.0219040450169417,-0.0053880306331846,-0.0213908675546975,-0.0275872212804083,0.0027020398575225,-0.029583820609617,-0.0346895788522196,0.0008676028563512,-0.0261448046629071,-0.058271077160197,0.0191235939132661,-0.0041647539896005,-0.0166996187181754,0.0414388018535387,0.0767454330335721,-0.0002363239167522,-0.0065944852433548,0.0620589485532958,0.0105147198566202,-0.0178875369198692,0.0620589485532958,-0.0266858676551868,0.0465543074375405,-0.0121404956387233,0.021194272620187,0.0278160519406371,0.0048478008865657,0.0936073239482313,-0.0517664563697459,0.0446688171996039,-0.0403543645511604,-0.0099419582783302,0.0426588316427918,-0.0331427859860657,0.0121075055088497,-0.0037380440368235,0.0654536563601542,0.036030189184979,0.0133231414254613,0.0407596278412141,-0.0230327232902891,0.068845138779561,-0.0866837436967497,0.0833581876501812,0.1075415157298529,-0.1221137480859337,0.043030471406217,-0.0074831579557343,0.061318396249488,0.0237746887686629,-0.0528586804903324,-0.0540973871006005,0.0127158287964843,0.1062828685755685,0.0478148367354096,-0.0402337295173317,-0.1009726101461172,0.0704338397104245,0.0149354593168209,0.0263634352211392,-0.0086775085888595,0.0748788264740704,-0.0289206799234378,-0.0264616753309192,0.0056833187195337,-0.0788459592941033,0.0185078427661651,-0.085925533351011,0.0189596284100119,-0.0836644868540305,-0.0140850057397063,0.0181983800479095,0.102837608368727,0.0420888334968423,0.0296637440298064,-0.0363486239950624,0.0593771797491813,0.1033833979604887,0.0097055011655076,0.0032289016995394,0.0662050536248417,0.1379181542846266,-0.021752787580605,0.0553680663545204,0.1186468133273423,0.0649682114127252,0.1044975100233551,0.0942583679527035,-0.0732541807582979,0.0662838337225775,-0.0004694226731669,0.0774401307203944,0.0715508645822275,0.2473428911996777,-0.116199004214441,0.0114849297733206,-0.0077764794877992,0.0984129353266645,0.1690782997285631,-0.0041295657968434,0.086992097946795,0.2307842850569459,0.0855293707437165,0.0262897763461573,0.0634562866658208,-0.0094589905590344,time,1442,60,301.13446044921875,0.0553680663545204,0.1192816020011512,0.0223043567260379,0.4545268908412533,0.9792051494989696,0.1831006676300975,1.7239636864362569,1324,0.4347476040743706,5,0.0486241185657162,0.1127953202884022,0.7384057374469135,0.0,-1.925474335484137,-1.4907267314097707,1.2575891673311912,0.1213555276920398,271.5164829291648,250.5778397353736,345.25769735821586,11.06055395450304,-0.0440272263472141,-0.0405105485662357,0.0399468692145324,-0.0502449585929376,0.9337042657224724,0.0168557891065332,0.0,-0.0292697608674308,2022-03-15,55.0,8,-0.0168044654419142,-0.0281901529559369,False,False,False,0.1428571428571428,2.0,0.2857142857142857,0.0365401628880563,0.6174089285365125
LIN,Falling Wedge,bullish,1,0.6337735007988717,3,28,1426,1427,2022-05-17,2022,0,296.2002917819098,295.13644389348906,322.69807377311963,277.3309116722503,0.6509362510341292,0.0036045968243918,True,0.0186575179841266,0.0424740367244248,-0.0189712234492035,0.0066605590412256,0.0027211418916268,-0.0052040835077,-0.0017802102471782,0.0269838520174034,0.0069234438323138,-0.0405315642049349,0.0126105426590756,-0.0200722433709018,0.013242177709315,0.0075963505141349,-0.0067113949801806,-0.0151618441767175,-0.0136379847892164,0.0353852861206605,-0.0421995301539638,-0.0129377646718967,0.0394700530207474,-0.0157184898853812,0.0207241643156652,0.0158604538558189,0.0007674928108123,-0.1025270543614575,0.0117419996562682,0.0311507723768003,0.0541877830896255,0.0220131224083963,0.0089379584727511,0.0305642284205591,0.0094498795124233,0.0761167387795365,-0.0015523731464752,0.0272937731147562,-0.0666614459241659,0.008165089804232,0.0538868111682322,0.1434907387295176,-0.0093636848905465,-0.0777209234038268,-0.0128624749635738,0.0010062486298534,0.023203418133197,0.0043344235755137,-0.0429970987910718,0.0172257295588323,0.0237746887686629,0.0425765296203271,0.0370181529174116,-0.0062386502661271,0.138607292118208,-0.051672904200672,0.0732300917622446,0.1006096160147493,0.0178670946419903,-0.0274361031008483,0.1228019889824671,0.0407608401637891,-0.0492952544163326,-0.0147132957391358,0.012440333735229,-0.0039518729287344,0.0505240665031581,0.1037212758954519,0.0241349496088174,-0.0173217395710159,-0.0738689538165538,-0.1164014867214376,-0.074997789523753,-0.0964868161788398,0.0485977803204817,0.0100617766248973,0.0563281554558969,0.0051447473312797,0.0397230596442408,-0.0267965007131809,0.0147683642602896,0.0347586946710172,0.0443157248852714,0.0126269991334917,0.1886067809931948,0.0463580004321597,0.0042048178751281,0.0424399948102325,-0.1358492563824803,0.100843550343173,-0.0141417622101367,0.0142250939791443,0.118911211872466,-0.141833507578824,-0.0061192898337457,-0.0691797962729569,-0.1301853121289212,0.1096839086673895,-0.0498178493979558,0.1299199953095422,0.0991012446194714,0.1351102082933826,0.0613289034074611,0.0316221207045892,0.0711590384108291,0.0883616919837972,0.1245103822965474,0.0281333673822687,0.0236703809071787,0.0428600103379244,0.0329609202528942,0.1193097813527939,-0.0519570122731256,0.0327151368737335,0.0342519307424422,0.0953155434277546,-0.0575220093922456,stop,1445,19,277.3309116722503,-0.06370479919565,0.0782274675816253,0.0645942716126995,-1.0,1.2279681997171563,1.0139624083001624,1.4042741116675694,1398,0.3398689015667023,5,0.0080997962355492,0.0899863044547082,0.3347833376380336,0.0,-0.8559843673785326,-0.5161154658118314,1.6270633727926338,0.0969264857889844,295.13644389348906,277.3309116722503,322.69807377311963,8.478464004841252,0.0178922556353615,0.0259719815816146,0.0282514363563574,-0.0385962723737935,0.9672531882019042,0.0241727236006132,0.0,-0.0825094641007874,2022-05-17,55.0,8,-0.0495215616652138,-0.0239269512238082,False,False,False,0.4285714285714285,1.0,0.1428571428571428,0.0502082986336046,0.8680455657806635
LIN,Falling Wedge,bullish,1,0.6024388810506104,3,43,1532,1533,2022-10-18,2022,1,269.4699744592242,264.9003183778148,295.093186991988,249.63405830187787,0.8291870316511719,0.0172504741005707,True,0.0147183457367356,-0.0284536161275357,0.0254437994532583,0.0139173261377818,-0.0157460332862006,-0.0295291126937498,-0.0138038081732954,0.0182204081459131,0.0002101852141731,0.0353852861206605,-0.0056172745017037,0.0475490852519966,0.0157543361239504,-0.004139574187483,0.0401698187806944,0.0095907971008488,0.0172623981494111,0.0042221463140477,-0.0091997778035836,-0.1076637388092013,-0.0011386775176203,-0.0045628555547849,0.01290210902348,0.0498944813063404,0.0078067677125912,0.0545353786757325,-0.0066190963046166,-0.0077885322402613,-0.0051281581518621,-0.0482238249124474,0.044568176250044,-4.004339361285414e-05,0.0370139622345031,0.0036952702288828,0.0361970583098998,-0.0084068363988839,0.0286607538977796,0.017895264603934,-0.0293945693807653,-0.0430141167965441,0.0586368957816618,0.0868361972139974,0.03749423297564,0.0402026387272138,-0.013669328108276,0.0357219151457394,0.1709859823061232,0.0910381230001184,0.113544911349799,-0.0325063899049347,0.0166182713524916,-0.0077871425749881,-0.0261511064110974,0.106029044387538,0.0288319210296443,0.081177628253436,-0.0031245211427335,-0.0433210141503498,-0.1182126311148558,-0.061575240644184,0.0374402254051911,-0.0672904349462341,-0.0035946316015998,-0.0501099718877376,0.0029727832274075,0.0361696097281718,-0.0439079045846925,-0.0002042854336489,0.1727360262892921,0.2084626861793967,0.1260484618380897,-0.0038028228459603,0.1007572422011546,-0.0467687030093705,0.1044675561679571,0.0531280668953728,0.1212354102011155,0.0470840524211055,0.0227062678452556,-0.0075699161961145,0.1077950431810081,0.0110097977942864,-0.0151521450648203,-0.0032546431653216,0.0100419622325311,-0.0583447138325233,0.1334877774521192,0.1036332073145258,-0.0381687016367586,0.0068480991217223,-0.0972799340033448,0.1808700410256997,0.1805487314935538,0.0956144423708966,0.0149731532058119,-0.005703737233739,-0.0068487933715349,0.0710206836312254,0.107625068468401,0.0223904545590787,0.0784734121784178,0.1268855370035932,-0.0194138117032032,-0.0351993008566018,-0.0425702457998146,0.0968552037257042,0.0476680087502356,-0.0550971443686867,0.0305717669151392,0.1216234251609489,0.002193599185857,0.0675432817605232,0.026525558228305,-0.030960980408051,0.1496209745419733,target,1546,14,295.093186991988,0.0950874492944335,0.1054578132493398,0.0259155342559172,1.2917584612432478,1.4326393607133994,0.352061296218617,1.2917584612432478,1488,0.5306967665265976,6,0.1215231759901923,0.0779030329716878,0.102123195703256,0.0238095238095238,-0.8361767279311293,-0.3054799614045303,0.7966726617416371,0.1166733483038925,264.9003183778148,249.63405830187787,295.093186991988,7.381938748357415,-0.0490466718164352,-0.0020103763052737,0.0273307799861698,-0.0982475427390703,0.3107452357172401,0.0258075922714369,0.0,-0.0337420409122736,2022-10-18,55.0,8,-0.0362773728421236,-0.0058478970401608,False,False,False,0.4285714285714285,0.0,0.0,0.0133565086316248,0.2938388844518315
LYV,Falling Wedge,bullish,1,0.7581873218806694,3,42,684,685,2019-06-07,2019,0,62.52000045776367,62.06033575339404,70.47409132660411,60.03143346209075,0.5737187080470663,0.0074067389225249,True,0.0235124953605239,0.0238930080880923,-0.0070929528172762,0.0,-8.537159369947922e-05,-0.0204221200995962,0.011036536892016,-0.0048686628924544,-0.0084844280028493,-0.0156165532802493,-0.086775686515108,0.0271913524432145,0.1459445104636956,0.0113950912115747,0.0897758429160251,-0.0107461187796539,-0.0886212513125666,0.0093205788570027,0.0316866893861769,0.0678578028554397,-0.1265822784810126,-0.0118362391722424,0.022858658256602,0.0666986876697111,0.0457572010050446,0.0871263993654214,0.0930175436126461,0.0138889180318513,-0.0075170236579336,0.0305749497730771,0.0748002916936654,0.0545135383590735,0.056811567665874,0.3605263358668278,-0.0091162866400194,0.0188088099180536,0.0142487014628771,0.0540179322568772,-0.0205898553760569,-0.0838913404453503,-0.04491672358623,0.0628208053953023,0.0217645755941684,-0.0414415508205345,0.0040161052746185,0.0297255029825006,0.0974088309020739,0.0666749055646442,0.0317224936064519,0.1123279958281502,-0.1080107872500177,0.0636447684652172,0.0352941176470589,-0.1005495336977959,-0.0091308244213766,0.0408022225491515,0.0561294459152397,0.1866964933783335,0.1036332644219701,0.3326159224611105,-0.2117867948082941,0.1146801264599115,-0.0100307614507503,-0.1832838248094188,-0.0488946926842692,0.0667578114814653,0.054084566792266,0.0851466169596533,0.0668163995598711,0.0956493841722891,0.1100590353968095,0.1870976042982157,0.113176906031829,0.0049546783287823,0.0500470140847277,0.0576572178147749,0.1800190784531024,0.0353673820834883,0.1942074603525976,0.0273264318021788,-0.0987058562171239,-0.0688338291232215,-0.0754664187131138,-0.0612701273053973,0.0259887078312091,-0.4308193381759082,0.0250534111918927,0.1065590852733051,0.3478159713579105,-0.029025549667043,0.1174097633511621,0.0602214045196207,0.0950095742677072,0.0853888415575738,0.1562173808472859,-0.247688207731721,0.0560921331575907,0.23167129954373,0.0128996242983245,0.2093104517365351,-0.1093361062895481,-0.1015089682447831,0.1816566429022339,-0.091421032967079,0.3024330834360136,0.103339250724423,-0.3143096030007845,-0.1734146490329648,0.0634822938845682,0.1379547283776112,0.2377773173156032,-0.0700657936054859,0.000499646549624,-0.1702073942584656,0.0742404693855717,target,708,24,70.47409132660411,0.1272247410524885,0.1325975214352487,0.020153584884915,3.196253459388832,3.331233241959969,0.5063163412603883,3.196253459388832,642,0.6614345140720124,7,0.1095305363809541,0.1545306370689936,-0.0632859063896239,0.0,-1.009066428830664,-0.3476319147586517,0.3678782789726039,0.1186544153439601,62.06033575339404,60.03143346209075,70.47409132660411,1.1342863355364108,0.1010528712489995,-0.0263888108554644,0.0182390474446684,0.1438293148510299,0.1411754674134427,0.0030640613860535,1.0,0.0034534167878448,2019-06-07,36.0,14,0.2098211891292138,0.1537221660485863,False,False,False,0.0769230769230769,0.0,0.0,-0.0458522591895443,-1.2186448125072191
LYV,Falling Wedge,bullish,1,0.7655315329416744,5,47,1172,1173,2021-05-14,2021,4,85.22000122070312,82.27118691732716,94.84602870497582,74.38706377932897,1.9479391748621744,0.0358426128741666,True,0.047406722103471,0.0484904068368071,0.1319597990608003,-0.002500007892477,0.0076038093719428,0.0216699244968303,0.0703265802852963,0.0270396225210471,0.035947702912384,-0.0440226228801257,-0.0155853679883161,-0.0315048932748549,-0.0414010764420972,-0.0149528814098817,0.2155130575010655,0.0424126976043726,-0.2697723063979762,0.0415697744693412,-0.0315283932008323,-0.0525701400288776,0.0703265802852963,0.0109109766558674,0.0388345803210308,0.0573808885191668,0.0461868919046222,0.0349017182903292,0.0335277862022787,-0.0458216411198857,0.0391398636330959,0.0383587866372252,0.0877411385271293,0.0373112630270422,-0.0524041042928501,0.0407189199125694,-0.0070341397805,-0.0690385633638579,-0.031004807699103,0.014299357253195,-0.0784103892340793,0.0868595822957596,0.1115490670118388,-0.05119072382458,0.1281634663774333,-0.0254690306247291,0.0650766549433505,0.0395171783105837,0.0138465182853002,-0.0099141919613674,0.138371272618776,-0.1704951570481059,0.1518028723846449,0.0036656331233175,-0.078520194098826,0.0112570787505972,0.0095098839586957,-0.0094712969768903,0.0835543756992645,0.0021424136253695,0.1974222337063982,-0.0507294038792514,0.096117941542712,-0.0302413893990769,0.0609570659660836,0.0797585091721533,0.1584645542905394,-0.0800000190734863,0.17294097139918,0.1861175044207228,-0.0327847242238406,-0.0403661393115604,-0.0924256732276362,0.0164148761664024,0.0064285823277063,0.0115908709439365,0.0735577315691418,0.078282359677223,0.1126296261518771,0.0117562680261535,-0.118754385891458,0.112241283941292,-0.1728584018563885,-0.0422507222857815,-0.4858388199039095,0.0473163308871822,0.1942074603525976,0.0315287781114357,-0.034140162008868,-0.0677419639444943,-0.0147999620864565,-0.0117248401568678,0.0806940128743365,-0.0317930854563134,-0.0172494860319951,-0.0864329801312202,0.0706228826465129,-0.007471862394425,0.0932785745304911,0.2401162968125454,-0.0344915228374933,-0.036786442951412,0.057509459687318,-0.0083081313126002,-0.0153384131039983,-0.0592131830792832,0.1254424103726161,0.0078518868275203,0.0279047355286976,-0.0152249105108068,0.1846207055339865,-0.0480575012646132,-0.0280267721833193,0.3533790443668598,0.3442439680853788,0.1526613064868258,-0.0874851125940352,stop,1216,44,74.38706377932897,-0.1271173115020143,0.1030274425431935,0.1289603110343496,-1.0,0.8104910442631647,1.014498414972426,0.8885888556420609,1121,0.3706337362417293,6,0.0712356793554161,0.2808879452472961,-0.1252794999661922,0.0,-0.96987721197823,-0.5992434757365,1.6406754392616598,0.138305571341028,82.27118691732716,74.38706377932897,94.84602870497582,3.18785640171596,0.2383811995967557,0.0238346179208517,0.0371545021949815,0.3471503360305743,0.9801137471985852,0.0167424956882136,1.0,-0.0016296982875606,2021-05-14,8.0,16,0.2827998698707172,0.2218284398102312,False,False,False,0.0,0.0,0.0,0.0357907137273506,0.2473228041825692
LYV,Falling Wedge,bullish,1,0.7543738064089803,8,116,1467,1468,2022-07-18,2022,0,87.98999786376953,85.16978691604788,137.01985873396575,75.08994662657403,0.7501550708156725,0.0331128097162147,True,0.0483009444616653,0.0237208482904562,0.0110383562987146,0.0149295430787852,0.0108541809365836,-0.0557620208662845,0.0106694503407127,-0.0074479508207431,0.0217614738906639,0.0229319010121809,0.03153550501622,0.0035993353814713,0.007233300748598,-0.0029006269031416,-0.0308402943044141,0.0368492277011247,0.0148277430467866,-0.0003439945758658,-0.0327922661096878,0.0517291132574864,-0.0183968666747739,0.0209174199935493,0.042781317939267,0.0828503363167945,0.0188999654149124,0.0042529923197007,0.0391398636330959,-0.0467053063314283,-0.0126396325511409,0.0064084576803493,0.0217645755941684,-0.0816083788038133,-0.0025391890378978,0.0597950683908339,0.0250255969361834,0.0879381715451841,0.0417227576032954,0.04449398115772,0.0236244937865959,0.0,0.0022296446505356,0.1420289720243344,0.0464558590839965,0.1052032588014519,-0.0888639613610224,0.0619639750606873,0.1195590922589695,0.0087531612188223,0.0879315142157308,0.1584645542905394,0.0225869898698594,-0.1275459149432386,0.0762640217854329,-0.0021608178371685,-0.0236144468008753,0.0593749682108559,0.0596258278606451,-0.0290539038131041,-0.0297572084038767,0.0418439404017252,0.2604415102331643,0.0932429871344651,0.1030637516239736,-0.0735569509364195,-0.0284496346548323,0.048199984601011,0.0002080094919598,-0.0526362762228046,0.0873354469536173,0.0277304523314567,0.0095479340776529,0.0669642887553392,-0.1155670684317321,0.2951439593923504,0.1601264815408785,-0.1704678005642361,0.0299358117596899,0.171847532919944,0.0276839775265067,0.0779672748628175,0.0197368054141933,0.173222930885398,0.25535792872893,0.1756171838350919,-0.0500703490253129,-0.0072097641399064,0.0959770641429995,0.0617402150408363,0.2143400991103501,0.1247692558777526,0.0056502326504912,-0.0529078506826623,-0.1163768395542366,-0.0467785948825616,0.2468449655622688,0.2483591860872525,0.2267424483648461,0.0144261227171385,0.100077868546841,0.0042378050272389,0.1786946373497919,0.2918482798151882,-0.0188629303412387,0.0484484449080384,0.1541322076298672,0.0179978145319408,0.187513631379423,0.2581983399962424,0.1287693451312246,0.093759922210471,-0.0502851075954284,-0.0192141723392103,0.0322480904039486,0.0451851597538699,-0.2258329425112223,stop,1515,48,75.08994662657403,-0.146608154908334,0.1326287769253946,0.1663825405737003,-1.0,0.9046480191249946,1.1348791660172668,3.8007493124388105,1351,0.6210722786355198,7,0.0894140977337656,0.2006158334473942,-0.065004698345639,0.0198019801980198,-1.2396719753334242,-0.6185996966979018,0.388033237308842,0.3425153035745739,85.16978691604788,75.08994662657403,137.01985873396575,3.157855987548828,-0.1783256497039356,-0.0191699221134188,0.0366851291865282,-0.2440502348750625,0.4177233526804253,0.0111268320864073,0.0,0.0462290537648879,2022-07-18,21.0,9,-0.2417501961706074,-0.1960502106149483,True,False,False,0.875,1.0,0.125,0.0349082015565153,0.19680980558829
LYV,Falling Wedge,bullish,1,0.8036689377367351,5,37,1645,1646,2023-03-31,2023,3,69.83000183105469,67.13727639812862,83.04610852485678,63.68411026494783,1.014843899385237,0.0401077549967625,True,-0.0014320273736069,-0.0032909481319346,0.0067187022686607,-0.02271722046384,0.0456384472089492,0.001158104066794,0.050166198014486,-0.0749911918589945,-0.0470588107068999,-0.0893299763275106,-0.0105384394751327,0.0418528719747017,-0.0142561696644369,-0.0322987573262724,0.1010243725725266,0.0747703988510206,-0.0092700600035428,-0.0283678932817948,0.032028910309638,0.0003147165274119,-0.116171079502974,0.1442434531753638,-0.0040778561915146,-0.020048711000553,-0.0324983632528966,0.0098168858935279,0.0615366348318899,0.0414083024402829,-0.1464669694312416,-0.0196922889122596,0.0445834729469782,0.0320376866520031,-0.0974640709880219,-0.1899358700827185,-0.022869043534075,0.0151213296870413,0.0668461063220604,0.0354863549363193,-0.040798433957583,0.0377085177086395,0.0866541934395435,0.0369646227680111,0.0710720632316679,0.0370689926381822,0.0217645755941684,-0.0240908641097738,-0.0204783082869666,-0.0367678171260623,0.0464443371068989,0.0965299877082512,-0.0583036194398695,0.0934860803881956,-0.0104615431565504,-0.0566653696972518,0.0487983870940693,0.0564295359591646,0.1083979925394897,0.0974675273055103,-0.0589174896770812,0.1252217857504032,-0.0219884681765561,0.039276231052141,0.1541962114956385,0.0178411961270783,0.0758364931824135,-0.153964012401053,0.0975729879895839,-0.4279684514573556,-0.0339397982716226,0.148933141245513,0.1212213480338921,0.0019024915839953,0.1887887350264931,-0.0616341862079213,0.0360548651082157,-0.0094573331966789,-0.0438566045582248,-0.2180976769611584,-0.1418669030227775,-0.0290852864583333,0.127231059490652,0.0326464197212093,0.080533182568474,-0.032983074781104,0.3002681537887772,0.0156845338603308,0.0648304846995755,0.1294013172154817,-0.1325291832352223,0.0053802031542358,0.0704487050149127,0.1297501461049664,0.2705140898513869,0.1991895139477761,0.1363525326450592,0.2051013510519039,-0.0779482984352614,-0.0888888868300897,0.0855673344468872,0.0434123025614425,0.0162790875102198,0.2468449655622688,0.149782121511832,-0.1414269819311658,-0.0849989205699807,-0.3451388676961263,0.1265383452604314,0.2409798454895477,-0.2721481355809405,-0.1671173432804933,0.1305134211469762,-0.1457886147457461,0.1044022237712793,0.1669036279660607,0.2540530343586816,target,1678,33,83.04610852485678,0.189261153476365,0.2172418412024004,0.0697408365871795,2.1503969849851905,2.4683152974263787,0.7923997184458883,2.1503969849851905,1605,0.6713880583173936,6,0.0209994824839141,0.1076086730046619,-0.146352981688045,0.0,-1.264895801386889,-0.5935077430694947,0.4089406777901835,0.1459438219392927,67.13727639812862,63.68411026494783,83.04610852485678,1.860715593610491,-0.1180207894878525,-0.047147158671992,0.0265816513372927,-0.0698910707803219,0.5975585928413922,0.0115607382519997,1.0,0.0167308950854756,2023-03-31,5.0,9,0.2895570899480708,0.1384922141471574,False,False,False,0.0,0.0,0.0,-0.0080087561757641,0.4804528024809981
LYV,Falling Wedge,bullish,1,0.6806565867561177,5,64,1771,1772,2023-10-02,2023,4,84.0,79.19149249873726,111.62327526040248,78.47144954943911,1.140656348915652,0.060720000969036,True,0.0355952126639229,0.0185856996029196,-0.0675565133229681,-0.0222429672879613,0.0645732650197346,0.0647637985224054,0.2744453825913762,0.0280163573419065,-0.007373284274986,-0.0449946278202354,-0.0521187215361828,-0.0046873510279237,0.0377776707948696,-0.0229267957733898,0.0128021885834308,0.0523900402181205,-0.0177347293905824,-0.0133303531309937,-0.0287174957128745,0.0069565482761548,0.0379082837919944,-0.007438862482391,0.0210696209949477,0.0188095456077939,-0.0070222527933168,0.026212294399132,-0.0714979313671203,0.159801974154935,0.0107802963781413,-0.0532241471287304,-0.0561413853558457,0.0238564000084438,0.0997137214020962,0.033273644810067,0.0251623465425485,0.0265441783416717,-0.0154185184892656,-0.0903473594997696,-0.1367849832308014,0.0719891689442147,-0.0835209929373751,-0.0350142755338088,-0.0115042780868015,0.0425467856688617,0.0296357764406702,0.0190064098347307,-0.0642857324509393,-0.0420065938690035,0.3605598539116519,0.0322859764789824,-0.1143181540749289,0.0744237257063151,-0.0078175855538722,0.0433329220311662,0.0322377611596391,0.0485075067693085,0.0709323768555416,0.0465840475031542,0.0627077894642189,-0.1832838248094188,0.0735733178415878,0.0459577389726755,0.0465463544267945,0.0370709131259017,0.0156012433846208,-0.0362708415980109,-0.0505952380952381,0.0512429560163134,-0.0967496744267595,0.0064285823277063,-0.0638438447176505,0.0053468892759758,-0.0186852330160086,-0.2034358903570493,-0.1351302210703391,0.0971219519746491,0.1857333374023437,0.1671848022464943,-0.0638661959964024,-0.1698991467783513,0.058785340897411,0.0136084336407864,-0.1329734639876559,0.0738795745730922,0.0353673820834883,-0.1565765518325943,-0.0858654602039942,0.1911141767383102,0.0754072209229823,-0.0250674320542945,-0.0621612932080586,0.0139341712651671,0.106904801868257,-0.0186823145963177,0.1192882304606757,-0.0849745772214408,0.0866773789335366,-0.0992008056981114,0.0501247434592209,0.1505978180737504,0.343286345962364,-0.0153384131039983,0.0681382563479566,-0.0579831048602994,0.2589423895705509,0.0034201242666704,0.0584739506136793,0.0240675530943037,0.0748728421348705,-0.1754386089965868,-0.0974534313130822,-0.005945303318333,0.2852648464139244,0.0326826234059027,0.0559296589569792,stop,1786,15,78.47144954943911,-0.0658160767923915,0.0491666339692615,0.0680952526274181,-1.0,0.7470307615622771,1.0346294696691818,4.996477016430232,1703,0.955087935671634,7,0.1778056729516931,0.3237302060873663,-0.3626216595915179,0.0625,-1.3191320169865226,-0.3640440813148923,0.0306642595247268,0.2772227565291589,79.19149249873726,78.47144954943911,111.62327526040248,1.7778570992606026,0.0685175749353002,-0.0095001250628533,0.021062161143569,0.205857195172991,0.5961553697764292,-0.0009634131764529,1.0,-0.0495860660793232,2023-10-02,5.0,9,0.0108841686493268,-0.0048396916927858,False,False,True,0.375,0.0,0.0,0.055762372383277,0.783271881960989
LYV,Falling Wedge,bullish,1,0.7112863072367088,3,33,1861,1862,2024-02-09,2024,0,89.69000244140625,88.48029588971804,95.5375677926196,86.43489749569227,1.5628314480363477,0.0136720446007096,True,0.0396922450851695,0.0430044734321023,-0.1570276549510443,0.0007788637715688,0.0192497229426629,-0.0770648999967719,0.0262363042970643,0.003170960354748,-0.0103359426012686,-0.0380478990406507,0.0165218270621376,-0.0430280213814134,-0.1482830867921437,0.0592454067947032,0.010914203169807,0.0555470233614361,0.009085108058259,-0.0005636827040597,-0.0217816783248643,-0.0233236197924059,-0.0142561696644369,-0.0141995418875282,0.0570503839513795,0.027650748801788,0.018033277574913,0.0567058787626377,0.0112283856659898,-0.0236056579350915,-0.0515916248843552,-0.024632658161573,0.0779673940073382,0.0172330711897505,0.0288669843517981,0.0662902970278704,-0.29654171512388,-0.039602931898126,0.024319422680515,0.0306937996558802,0.0425617849133901,0.0408037827320162,0.0505726463965567,0.0037541025673846,-0.0205056497846628,-0.0165239766503152,0.0544741329895519,0.0260273753766542,0.1156204129212967,0.0954477456475613,0.1444556042110916,0.0635625894882159,0.0320278524312753,-0.0214250036670562,-0.1443499440902933,0.0320588280172908,-0.0503696477483247,0.0258857813077735,0.2290384371838967,-0.1570759860488314,0.1660582819930163,0.1803125143051147,-0.0197571327733679,-0.0018228634288328,0.0517880498995002,-0.1570759860488314,0.090816216621496,0.0708569236381284,-0.0057088238505845,-0.1174093710171544,0.0950270969001206,0.1453896817992201,0.1059548873491544,0.0255194621874916,-0.1532696822080427,-0.0401296843969523,-0.0832052703350585,0.0156199172642601,-0.1704678005642361,0.012464001767269,0.2125367767085415,0.2009736232338235,0.1313047049764619,0.0673978038905298,-0.0091742937788632,0.0152814929504463,0.1077597372136838,-0.1754442633305427,0.039877888927166,0.1030351369558533,0.213817073049779,0.089396314427961,0.0066818488082567,0.1148909424118287,0.0741442046545686,0.0390728184107462,-0.0991599394293911,0.0827399072433971,0.1342525701973171,0.2264039739599368,-0.1748782460303818,0.1002063511729547,0.1088490310782888,-0.0939132047768463,0.1822917291244126,-0.0657021744313786,0.0742950196119445,0.2675675400742539,0.0304975463825543,-0.0711498392433853,-0.0684493919460281,0.0860896984505101,0.1340720320544481,0.2682456594902549,0.1379547283776112,0.0128996242983245,0.0104885738716287,target,1870,9,95.5375677926196,0.0651975157993056,0.1316757412991389,0.0269818902047729,1.7964291316975438,3.62814648238732,0.7434493937058103,1.7964291316975438,1828,0.5791286569683232,7,0.1573255368130283,0.0468446235442894,0.2525133486189654,0.0,-1.1384742149618932,-0.5593455579935668,0.5697563885888471,0.0616559172789602,88.48029588971804,86.43489749569227,95.5375677926196,1.7585716247558594,0.0433132767416895,0.0027799507374934,0.019642261239062,0.0291987697195383,0.6210929118088835,0.0031818043101916,1.0,0.052167671344766,2024-02-09,10.0,6,0.1784995389284434,0.1796307157959484,False,False,False,0.0,1.0,0.2,-0.02362365556067,-0.2907890278847762
LYV,Falling Wedge,bullish,1,0.6462420512635503,5,70,2166,2167,2025-04-30,2025,4,133.3800048828125,130.75795504511666,172.10082112526425,108.13495600514092,0.5921923452699546,0.0200526984135773,True,0.0056230317329719,0.0042309074037438,0.1008484280887647,-0.0116932879769455,-0.0030967381975418,-0.0066294673785484,0.0783073233502278,-0.0092021094174212,-0.0152638629224407,0.0128304538204122,0.0093205788570027,-0.0394253775511868,0.041761593587601,0.0017667844522968,-0.2536682962101432,-0.0818936756566068,-0.1314915306581535,0.0388101688808661,0.0424126976043726,0.0075655611797955,0.0024580416417538,0.0026837545788773,0.0163029797293228,0.0662767732364191,0.0177015077946307,0.034611288042464,0.0306937996558802,0.0165404147331544,0.0342065788705407,0.0394990214731989,-0.0635253363730596,0.2145038287233898,0.0295180355209903,0.0698024266785062,0.0438276462116182,0.0188088099180536,-0.0398237559490776,-0.0249452075372578,0.0615384628101332,0.035250855250698,-0.0224905474713498,0.033030601448782,0.0809090230144997,0.0334158563510633,0.0217996861013642,0.0339181988627394,0.0207676481651473,-0.0321975249825159,0.0262191928684563,0.1046609968585603,-0.0371574213849851,0.0290761503849972,0.0863998485900934,0.153891652675685,0.1504793504996333,0.0759845570783093,0.0445133247086066,0.1107937366873736,0.1116148077755181,0.0979633706463625,0.0553128995304539,-0.076840043971831,0.0136035088590964,0.0185391180100038,0.086409167148461,0.0102410069085088,0.1140407522760995,-0.0301203975793291,-0.0365136307633564,0.1245314140222524,0.0239587438579915,0.013790401617143,0.0002103802464428,0.1296319732544273,0.0326464197212093,0.0676187584367236,-0.114721242492636,-0.0416871828424065,0.1772665521466008,0.1640425315706013,0.0742029383562612,0.0186498538325006,-0.2540911865415564,0.1899264157898852,-0.0808119709317445,0.0320732568669355,0.0098684562282027,0.0222748793745102,0.2244098464585395,0.0848025227760158,0.3499826972011512,0.069527098968812,0.1476982773058868,0.0076960735531492,0.0690839318818661,-0.0691464810679759,-0.0939132047768463,-0.026063637454917,0.2233825551365942,-0.0804088302075767,0.1571562554837391,0.1460705720630288,0.145652382686982,0.0414222555837315,0.0034870265187973,0.3234743415316619,-0.164914919585502,0.2007954828461584,0.1524918135601505,0.2598495295717067,0.0697120873877055,-0.0141694882164649,0.2291283868006706,0.1523888888190609,0.0614243298777582,time,2226,60,153.0800018310547,0.1476982773058868,0.1626180960216867,0.0350877775021987,0.7803509133098245,0.8591784688755479,0.1853831995829338,1.5337984263797175,2092,0.4991587558404435,6,0.1044497019441165,0.1710750653625621,0.2847909889691946,0.0,-0.8891659358064922,-0.39000717996605,0.9747510670320092,0.3509072842089954,130.75795504511666,108.13495600514092,172.10082112526425,4.380713326590403,0.0911485777180138,0.0139060718736701,0.0330744690639914,0.1386691651971838,0.9690063982824416,-0.0175359582063737,0.0,-0.0114623448818855,2025-04-30,16.0,8,0.099472667361814,0.054462875798009,False,False,False,0.2857142857142857,1.0,0.1428571428571428,-0.0212162940752279,-0.5501684831730578
LYV,Falling Wedge,bullish,1,0.6796518829196416,3,21,2397,2398,2026-04-01,2026,0,150.91000366210938,151.31082916259766,171.38333129882812,142.83459219324982,0.9877157796147996,-0.0026490205803945,True,0.0844874407964864,0.0326790529684988,0.0056742811258054,-0.0046592481380299,-0.0386679673994445,0.0332346704832742,-0.0287174957128745,0.0868687518676125,0.0389255814070719,-0.0022864395958435,0.0698302771084107,-0.0316816611833518,0.025092085337169,0.069958880331389,-0.0162602136102094,0.0205380987513819,0.0280391296307029,0.0256559019769018,0.0146551461055359,-0.042150101789999,0.0082438814498106,0.0105580693815987,0.0708448594201408,0.0641441418121953,-0.0213111675355461,0.0225313027146085,0.0085772578837919,0.035412138999568,0.0107802963781413,-0.0702563854543794,-0.0690488547303345,-0.0159169238984147,-0.0720065798423265,-0.0287154228247508,-0.1681818035720117,0.042548351156749,-0.0010403239291436,-0.0441014347804509,-0.0608002264876644,0.0410526677181846,0.0018958199221217,0.0551799929812895,0.1364692074696882,-0.0834755793512771,0.0490706773495586,0.0746454329270479,0.0465840475031542,-0.0651699267591736,0.0507994535401774,-0.0121026368543302,0.0723150040322897,-0.0964456941057191,0.1134276393888833,0.0640708000610712,0.0445133247086066,-0.0310685635722326,0.0129176357281779,0.1409984010820228,0.0416383964979514,-0.0429089145086895,0.0132544392138425,0.0313420335268239,-0.0650048534066379,0.0113871479450982,0.0618697468444504,0.1472055249910249,0.0174689181203302,0.1329992099037424,0.01115019684631,0.115963154034393,-0.0542977103159263,-0.0535440602253366,0.1281315846655137,-0.0232104062958887,-0.1167951159408023,0.0313513472273543,0.125886553147325,0.0506442737259247,0.0109163239996172,0.1601619334356021,0.0695829945827721,-0.0044927417123499,0.0940409268932596,0.1360362295489143,-0.0858021184897466,0.0816557174595233,-0.0865150688671364,0.1151955534794488,0.1362407267423886,0.1598505512899015,0.0279193123523127,0.0681004281834631,0.2097276067088922,0.0604608416418914,0.0499055724306929,0.0106976531272711,0.1151362605140751,0.0144285880583587,0.0375325385189129,-0.1400871479612148,0.1122740542407747,0.1594990889477507,0.0203428431919643,-0.0927194518453367,-0.0393543841988035,0.1026664200571838,0.1348640025578709,-0.0086517582227251,0.1828915435239391,0.1395348662638147,-0.1903797777393195,0.1312474385261783,0.0120197678631068,0.2136782719123577,0.1614512872205496,target,2427,30,171.38333129882812,0.1356658083619093,0.1471737520118729,0.0109337294760647,2.5352674245353444,2.750323192907805,0.2043250875371752,2.5352674245353444,2376,0.4179326023316552,5,0.0460256740149941,0.125955290921943,-0.3065422376577879,0.0,-1.0400899372956824,-0.6221573349640261,1.0509116837519763,0.1020660192248364,151.31082916259766,142.83459219324982,171.38333129882812,5.300000871930804,0.0114149755883405,-0.0017397210960123,0.0347245017518022,-0.0659118079312461,0.6062989603191131,0.0,0.0,-0.0410149463112108,2026-04-01,48.0,10,0.0559709329501125,0.0929934837691219,False,False,False,0.3333333333333333,3.0,0.3333333333333333,0.0016091316624191,0.0618453182723486
LLY,Falling Wedge,bullish,1,0.6937780623058584,8,89,722,723,2019-08-01,2019,0,101.57545374474628,100.65792660539722,120.2582974218382,95.64425860394326,0.9152253546529344,0.0091152994134877,True,0.0271268080594468,0.027909431992372,0.0054359398698249,0.0967456965823942,0.0395652661383134,-0.0053131567543062,-0.01290344705494,0.0389576049582363,0.0339841640046307,-0.0272430726398842,-0.0693504906595137,0.0177318692622239,0.0308845515798734,0.02255792070538,-0.0059271400505797,0.004475285419115,0.0555753869633097,0.0102799933578769,0.0253429872386183,0.0331123788436946,-0.0030102449240951,-0.0115624009213968,0.013159853463508,-0.0010098526614771,0.0302984815813257,-0.0906216775715208,-0.0012487865365093,0.009931528196305,-0.0688252100904327,-0.0084760916050722,0.0119222700933399,0.1422995807967009,0.0090131308248668,0.0419276421071401,0.0027961560510043,-0.0255113751490296,0.0270598473469667,-0.1063985561527196,0.0001850713523274,0.028721379852127,0.0433938208373838,0.0854182339705007,-0.0176466860543224,0.0707012497831258,0.0482343930081308,-0.0111536487144927,0.0172973075520692,0.0216191126012015,-0.056932857549284,0.0134941752236006,0.0730551165911137,0.1000219298052624,-0.0312773917373367,0.016741549003006,-0.1421195778263768,-0.0227042600641705,0.1439429037124351,-0.12945935879484,0.0584388962510655,0.0050625572037663,-0.0334797100329502,-0.0838463002002124,-0.0278444202105556,0.063440074577556,0.190148293921327,0.2108190178582203,-0.0489735784526017,-0.0197956175505348,0.0033607354656447,0.0183846838871677,0.008467752181964,0.0245306618822718,0.0148849690788137,-0.0054647958128819,-0.005697043646625,-0.0397478482779143,-0.2218016854260159,-0.0315392728075877,0.1420626252083006,0.0752795054482733,-0.0654585517310473,-0.0448555461842616,0.2059166455770333,0.0539529370411608,-0.0716592686088286,-0.0397478482779143,-0.0559449552072676,-0.0478963632030416,0.02377811263059,0.0980085289046213,0.0939050020246146,0.013259393456553,-0.0012817530782109,-0.0323955834300029,0.0827179630494816,0.4002728998283626,0.4508211271273652,0.0381105513825836,0.2642907294966241,0.3131144284725224,-0.0505616087378091,-0.0620572418142475,0.0427920874232119,0.2589562597640455,0.0785494535837876,0.2385462191655281,-0.0987537955956435,0.4858531988697907,0.0804314911437216,-0.1807536255369202,-0.0827799762583522,0.0789442266419622,-0.1497555382796288,-0.1485325358442255,-0.103292068772319,stop,780,58,95.64425860394326,-0.0583920122641815,0.062429713269544,0.0813966218114762,-1.0,1.0691481736764752,1.393968432586559,3.1499290165931773,633,0.5433915916567542,6,0.1133680961327562,0.1305363134373993,-0.2259102793209761,0.0,-1.1700993607154329,-0.62670776905868,0.5508091073771958,0.1183538757552363,100.65792660539722,95.64425860394326,120.2582974218382,2.03551214061306,-0.0443872069133779,-0.0191936068912831,0.0201210092754276,-0.0678100331743278,0.90535156433965,0.0006424543619139,1.0,-0.0132528772597304,2019-08-01,32.0,10,-0.0801107336386979,-0.0553583105596164,True,False,False,0.4444444444444444,1.0,0.1111111111111111,-0.002494828273331,-0.5411575794391461
LLY,Falling Wedge,bullish,1,0.7204175427063275,5,30,946,947,2020-06-22,2020,4,150.4370934525188,136.4864909090379,159.4880921126778,129.93261115312896,3.612057093828935,0.1022123321551167,True,0.0113742902523261,0.0401791781099607,0.0159711689680728,0.0292860874836642,-0.0444169853800447,-0.0145663105541606,0.0761867729016927,0.1516348683722888,0.0655204051515665,-0.0034928371906178,-0.0159508321595017,0.0172151540150309,-0.0086758155737209,0.0133745587696667,0.003626081899005,-0.0095338387155077,-0.0806198604544508,-0.0059042225666323,-0.0475948750594226,0.0070879205160518,0.0528761640525654,-0.0012444950894914,0.0013353347830234,0.0364221514873981,0.0354970232901687,0.0681623313291492,0.1808510111906678,0.0127333265924531,0.0710775264890759,0.0539751380886051,0.0025436372471727,0.090849475304948,0.0364221514873981,0.109337336251704,0.0181310855613683,-0.0893561950242812,0.051855832066997,0.0233128604914816,0.0262515644285896,0.0582573571998543,-0.1056370387723741,0.0962208850392114,0.0147766367313044,-0.0538501605845722,0.0445696310998995,0.0008979318764654,0.0274097170389266,-0.0093380049307532,0.0533086135891001,0.1038021860057216,-0.0277255095152941,0.0225780748397532,0.058852010101758,-0.0349938045235329,-0.1142235851026074,0.0318868608876345,0.0115059947922615,0.0787587501877187,-0.0606247657456349,-0.0304998401156316,-0.0135744795494352,0.0122687839811836,0.0419406982071415,-0.1921697586410227,0.0460676275525917,0.029629751085213,0.0906352434504031,-0.0990435964714798,0.0269907542881345,-0.0437176563164831,-0.1239436517733889,-0.0857734956647292,-0.0461717977894872,0.1256346043937317,-0.1486443995806996,-0.0020228619306565,0.0776281765273065,0.0437154424655124,0.0089641414188401,0.1053412586793751,0.0897169653076872,0.4376175094145274,0.1167492614690781,0.0893127651423482,0.086358855129184,-0.0212010001663577,0.0386746115684852,0.103894557257955,0.1322692457612353,0.0257654328405314,-0.0434018560948522,-0.1004390271239339,-0.0571457312682491,-0.1379458260655709,0.2448650738995825,0.0168892166367116,-0.1306294063757962,0.0401105971292157,0.0120863639980215,-0.0827799762583522,0.0126714759639068,-0.0621460247574912,0.249120942719462,0.0430975113343263,0.3158912263099718,0.076394828978018,0.1569836500110037,0.0810521155209242,0.2059978608264832,0.1612784467906047,-0.1202255624727945,0.0366645444370234,0.1530368192186961,0.0562521396645816,-0.1304763234469541,target,958,12,159.4880921126778,0.0601646738343537,0.0612841264113743,0.0283424889645167,0.4414156147911292,0.4496288039605001,0.207942907251985,0.4414156147911292,912,0.6328360234896593,5,0.030549194043512,0.2875265847287196,0.7700393577553253,0.0333333333333333,-1.1716173640489764,-0.5387813405593147,0.5275152342563502,0.1330385027598174,136.4864909090379,129.93261115312896,159.4880921126778,5.330340286827649,0.218121532047677,0.0430998405995053,0.0355295227437623,0.2383714870617896,0.597656343132345,-0.0047517951243611,1.0,0.0560077527894822,2020-06-22,52.0,9,0.0164681674147826,0.0519354571023673,False,False,False,0.375,1.0,0.125,0.0883473760433849,1.378021445606756
LLY,Falling Wedge,bullish,1,0.6929916386542307,3,21,2360,2361,2026-02-06,2026,2,1071.9113878834053,1051.9280316897366,1141.259645776301,985.5739078964788,2.342956059289682,0.018996885330234,True,-0.0328238093461414,-0.0216985719189398,-0.0372116411009363,0.0029749132884491,-0.0892839759886502,-0.0106759257402829,-0.0357458328942787,0.0040811173127133,-0.0692632922087046,0.0103159754825423,0.0145641221755612,0.0099394118349154,0.097024315028624,-0.0260303252570394,-0.0536752162487035,0.0232711932315612,0.0352031189624975,0.061339749263005,-0.0730195629338381,0.0663998315234242,0.0437613484066707,0.0271268080594468,-0.0328786159559903,-0.0155634395775211,-0.0053665783951186,0.0438353073284694,0.037554409729706,0.0386766859805962,0.0440989265035136,0.0517161742574474,0.0134903037453582,0.026801592917987,0.0368081621304576,-0.005087078293341,0.029174634533172,-0.0022722172438196,-0.0469741298303701,-0.0895120971887124,0.0181310855613683,0.0063207410296532,0.0335478763327314,-0.0191533165550643,0.0052568085538038,0.1715657512867598,0.0714400418027048,-0.0388344227066422,-0.0622203605938107,-0.0460473944039035,0.0961267252523887,-0.149320531839327,0.1189000656616727,-0.0291670380609992,0.0098410933114936,0.0283790654278768,0.0795315122298132,0.0618374615229511,0.0493723990418866,0.126260611220474,0.0746047996987573,0.0186445542083679,0.0360772452310675,-0.0085424546686776,-0.0456662176850782,-0.1288467112746064,-0.060733315699742,0.1135827905313739,-0.0637564721377073,-0.0215850417888195,-0.077497387602969,-0.1341076113183961,-0.0929140553653642,-0.0795224593532484,0.0075226333846361,-0.0150317646433528,0.0340571138597105,0.1299584150197092,-0.2084729652216469,-0.0117457198856057,0.0206479753812214,0.0050226545947602,-0.1237252041543842,0.0913887016933714,-0.0195489121099093,0.0869926870857606,-0.0122002754234514,-0.0247325696027763,0.1055404722943333,-0.1553275596673863,0.0429277871785327,-0.0285357936117033,0.2291716342461949,-0.1378269538716343,-0.0803735002552236,-0.1330652072422257,-0.0039740589877812,0.1537633349014266,0.1684471140505976,-0.0902873507189011,-0.1661886365717967,-0.0820451973009644,0.0776632257932661,-0.0077526447560548,0.208289169293792,0.1164864541755574,0.0845292833725652,0.2953180966502868,-0.1130313629891669,-0.0650206785621675,0.4136900915012991,0.2668122153573455,-0.0540297219268822,0.0989822001738656,0.1297711844910136,-0.0533630714842434,-0.1492764825783764,stop,2378,18,985.5739078964788,-0.0805453519412722,0.0277135397535745,0.102014100364532,-1.0,0.3440737309557131,1.266542362853083,0.803223095038179,2337,0.4017590221600801,5,0.027896821582828,0.0266339973001223,-0.0459107341075134,0.0,-0.7412944812796901,-0.3395354591196096,1.370527853389398,0.1107273192761442,1051.9280316897366,985.5739078964788,1141.259645776301,42.13926383505567,0.2334985292780367,0.0035237567389596,0.0400147826970229,0.6572446762978552,0.9312162310163516,0.0344422207841996,1.0,0.0016098296250297,2026-02-06,55.0,10,0.1624920933531763,0.124059980210224,False,False,False,0.1111111111111111,0.0,0.0,-0.049596121562521,-0.670498298595625
LLY,Falling Wedge,bullish,1,0.6215642508608791,5,60,2421,2422,2026-05-06,2026,4,982.2691205937396,904.3564988247016,1112.106421823105,834.710230113139,2.7958974811566213,0.0861525536337637,True,0.0308310070714936,0.0209541362063074,0.0146222982572647,-0.0294943093856628,0.0562793263478738,-0.0224586533185673,-0.0221764571096816,-0.0084979863511824,-0.041981370999908,0.03194816449016,0.0307194284566743,-0.0338049628102357,0.0448977444319411,-0.0090305733030435,0.0219069716296638,0.0177289253273229,-0.0187524161093782,-0.0455777134227179,0.0109383963615263,-0.0335135519501034,-0.039227140003914,0.0111110713449309,0.0340491474773455,0.0357772905706959,0.0273424640924522,0.0211397760083962,0.0819842291925776,-0.0175400096604749,0.0462030251541385,-0.0105465475666621,-0.0785353166602108,-0.0550030192666988,0.0149113067150035,0.0265177393075626,0.0854182339705007,0.0860373854035294,0.0089679787731522,0.0151970377967134,0.0093478316358139,0.0381853513213228,-0.0409464507099989,0.068700005620105,0.0507799768436849,-0.0269875813262318,0.0945495441330728,0.014858265736431,0.1439429037124351,0.1139584962489455,0.1122701465176583,-0.2080379972397396,0.0359383394670294,0.0100819218595222,-0.0638758010858669,0.0665969649659168,0.1618888432256031,0.2196666246403273,-0.0571465240015756,0.0080087314220587,-0.0069194792944706,-0.115236918508252,0.1489407369761306,0.0286988918696129,-0.0005375463191421,0.096753285158903,-0.0039885332102318,0.0667894978794212,0.007730032409563,0.0651571870287084,0.1153039835243762,0.219974109318906,0.1952607978286324,0.2184668864284407,0.2182847761347301,0.1924092862982578,0.0668364962828838,0.4089889729483824,0.058673779193189,0.1177999218974532,0.2012805755809561,0.1838206567477707,0.0119297228934047,0.1393718069395042,0.0694154411175622,-0.166176533870261,-0.1018358973605859,0.051206024331271,-0.0097705100821013,0.0772046281462823,0.1251584713856719,0.0601223851853576,-0.1303946663311128,0.1303344981255531,0.1399680063411805,0.1065390758114086,-0.1323262545951927,0.0720328787252986,0.2668122153573455,-0.0300839487613385,0.1020773727487203,0.1601341249031891,0.2721164663632258,0.3702993695011138,-0.0968437593006178,-0.0358145989434239,0.0564936928357786,0.3196262140616115,-0.089036235623791,0.2443917167011362,-0.0103711377739037,0.0045872017638943,0.6197951801106261,0.1079486631698591,0.3058292833130778,-0.2134429584794218,0.0252567320373211,target,2436,15,1112.106421823105,0.1321809863582848,0.168168289171644,0.0427351971442108,0.8799015823884565,1.1194616398806645,0.2844793992454346,0.8799015823884565,2357,0.455067964552056,5,0.1311262855570537,0.0719979358906126,-0.1335282136169663,0.0166666666666666,-1.5757784547158644,-1.1207104901638163,1.16084938939019,0.1298193633339838,904.3564988247016,834.710230113139,1112.106421823105,31.023506407689258,0.081229361372455,0.0452399274449493,0.0315297548798243,0.1044241680030428,0.2732864096829357,0.0025078412533616,1.0,0.0855312181596061,2026-05-06,55.0,10,0.2064383154102178,0.1012301521323943,False,False,False,0.1111111111111111,1.0,0.1111111111111111,0.0245891920504915,0.1728021412073261
LMT,Falling Wedge,bullish,1,0.6954746992675673,3,25,1432,1433,2022-05-25,2022,1,399.65197262403086,383.5662517833666,421.4362088262583,372.0053948048605,0.8394418332805689,0.0419372683750844,True,-0.0136256582752766,-0.0605816587453019,0.0521624467498973,0.0231520285447528,-0.0028932741269118,-0.0111946800158413,0.0096476177427635,-0.0939022791370689,-0.0067572629205245,-0.0406777407801824,0.018946983808239,-0.1159583229483492,0.0075733283570105,0.0058682746644989,0.0332326805541072,0.0239311875773891,-0.0324068448195005,0.0300154429360159,-0.0186874513910006,0.0122730976013101,0.0240401925462965,0.0589855399343723,-0.0124932065191403,-0.0323867173984925,-0.0393349149787224,0.003882782084577,0.0415813436465004,-0.0397582994858353,-0.056894776919505,-0.0222089656769265,-0.0095186283941697,0.0335274061328807,0.0382752021524854,0.0294963014896649,0.0467649244349743,0.0275912985909729,-0.0739706844009462,0.0531167754709149,-0.0280192662692847,0.0092655766436311,-0.0428051029001312,-0.0461641012333493,-0.0600389460030686,0.1906141393595646,0.0113997480979701,-0.0376935537395385,-0.0629768399788013,-0.0456568196223259,-0.0346447542123465,-0.0435680322840366,-8.027914423669458e-05,-0.0403329423353825,0.0547329434840455,0.0544095467464784,0.0842429447481993,0.1780970535300228,0.1780970535300228,0.0527263363590382,0.1792209473109918,0.0365753838509812,0.1026201988543873,0.0015081493647708,-0.0540068409965205,-0.0307892844273031,0.0236361365117965,-0.0541472206612003,0.0841809832614781,0.0189563165376485,-0.102548571980243,-0.1059996548522975,-0.1025097295863609,-0.0254982472183735,0.0794349637065365,0.0358619804840121,-0.058624492597511,0.0392687275851733,0.1518070797573492,-0.0454854252703799,0.1012433408352611,0.0807976308213329,0.0378355495622018,0.1207613100985356,-0.0666292646986708,0.1056753567169179,0.0460530219709589,0.0182806574064084,-0.0068180163230282,0.0326582198230482,-0.0379985153266646,-0.0154985926518745,0.0407173406074816,-0.1376917861167333,-0.0332588293449874,-0.0745599206803532,-0.1693712887916353,0.1086397126131075,-0.0296096893845767,0.1124983823891505,0.0843023698741349,0.0325146027478011,-0.0057039802437791,-0.1585249526421652,0.1045781613333993,0.1643957867978585,0.1108808983589844,0.1294042937466417,0.1406046647699295,0.091950115462235,-0.0753001937996636,-0.0194522523772269,0.0175828029353548,-0.002087450320183,0.0003336429728268,-0.1844063307745328,-0.0559202941283705,stop,1445,13,372.0053948048605,-0.0691766329530383,0.0211683126131884,0.0807092952400207,-1.0,0.3060038008435432,1.1667132642146874,0.7879541672286863,1406,0.6283560971595169,6,0.1171160878356524,0.0915174355352503,-0.1884024508368437,0.0,-0.9553393916146806,-0.3269832944551617,0.4641379373238487,0.0892877972498428,383.5662517833666,372.0053948048605,421.4362088262583,9.138711551729148,0.1730550561223749,0.0073069138387966,0.0229923651489434,0.3162681356676644,0.8512968899621105,0.0015808933068364,0.0,-0.0476910448791666,2022-05-25,9.0,5,0.1801823232200132,0.0955204145367556,False,False,False,0.0,1.0,0.25,0.0289231765368747,0.677323843933179
LMT,Falling Wedge,bullish,1,0.8071611598568982,5,56,2095,2096,2025-01-16,2025,3,465.15613834177,445.5966183964292,586.8713057683117,434.2291041366229,1.1457950789570326,0.043895126528854,True,0.0193214861798962,0.0008779966044634,-0.0161858564152067,-0.0052344488870573,-0.0109443462494014,0.0065887732037734,0.060520829252491,0.0048354277085895,-0.0165455229612374,0.0095302722744952,0.0164959100719104,0.0033713087614324,0.006782723077279,-0.0143231910108635,0.0025090478212634,0.0146450819735479,0.0190148878294584,-0.0259191043850209,0.0226197159867294,0.0102257917848265,0.0159267104944815,-0.0047581506997055,0.0143636931983069,-0.0504369125353324,-0.0585782682079972,0.105818552008573,0.0746285673885742,0.0112234771581261,0.0167997463479065,0.0067596667932332,0.0001316258338979,-0.0254180935885925,0.0119401458617773,-0.0170007126585604,0.0029014481521807,0.1022816264411934,-0.0477916845390944,0.0197221204678372,0.0131085391777312,-0.0261870649575937,-0.0404910463018317,0.0099676289489387,0.105818552008573,0.0318495485644234,0.0228389463618947,-0.0693819920087918,-0.1319892498810945,-0.153330627341598,0.0413283862835029,-0.070604278086844,-0.0128055240795771,0.0224753466311313,0.0047918139046148,0.0707468603520042,-0.0151686914314091,0.0431703390027491,-0.0455008399076636,0.0878184118556524,0.0718769912097885,0.0099137257340198,-0.0406944147904251,-0.041621996104837,-0.0468094056675333,-0.0129710152683796,0.0470939186522694,-0.0112740962838852,0.1920176078999591,-0.0404913549738776,-0.1446538391276575,-0.0337990652848734,0.0161373454505219,-0.214034813933643,-0.0126362936912319,0.0975547884118188,-0.0728786228514229,-0.1531204736603639,0.0717606369913579,-0.0407394945495832,0.1432059888581363,0.0166263280687826,-0.04753805167313,0.021654861368711,0.1473639587537312,0.1644032927609133,0.017084595023473,-0.1149281499914842,-0.0945263644387394,0.0520661168631706,0.0577097099146179,-0.1225962574961091,0.0323525767416257,-0.0312382818584049,-0.0178268683873475,0.0763473098619487,-0.0465079194253557,0.0551086792842661,0.4482936250661784,0.2454859989590818,0.2052726917540055,0.14445503130039,0.0526380676137299,-0.0778321945759064,0.0903983592306327,-0.0297883484958138,0.0425852189175903,0.3726040289770782,-0.0496058086952817,0.1281948652449056,0.0329121949557282,-0.1007039885679331,0.0478241360881039,-0.1459679307158338,-0.116994658697621,0.1165229558705776,-0.0885716185917737,stop,2103,8,434.2291041366229,-0.0664874257392335,0.0451449642854792,0.0782294873678466,-1.0,0.6790000332174039,1.1766057491030866,3.9355589876214263,2036,0.7644709411891004,6,0.059775309370652,0.1332225458962537,-0.0712113721541441,0.0,-2.4832842920919065,-1.718813350902806,0.2613765446542808,0.0941393289726111,445.5966183964292,434.2291041366229,586.8713057683117,7.792856431904247,-0.0427466659775388,-0.0443793703684475,0.0167766050471423,0.0348171876861123,0.974542791193182,-0.0044836580359636,1.0,-0.021685822118629,2025-01-16,11.0,7,-0.004665302722154,-0.0233932942187077,False,False,True,0.1666666666666666,2.0,0.3333333333333333,-0.0138407457349204,-0.3151560433918132
LMT,Falling Wedge,bullish,1,0.7062235136890941,3,26,2398,2399,2026-04-02,2026,0,615.2518275942731,608.7339591719465,692.9955426751894,584.1225235333604,0.6686163987032386,0.0107072528550777,True,-0.0150695073690312,-0.0510527892808527,0.0024191246338025,0.0390785836767155,0.014847704372662,-0.0156492011766777,-0.010570180294442,0.0163232909835393,0.0031404730892699,-0.0324980569468461,0.0198559146721908,-0.022191529242972,-0.003966033607421,0.0043536823762604,0.0235592255797971,-0.0047066596782996,-0.0170069539562212,-0.0008177343320515,0.0092555172391199,-0.0146962297093291,-0.0195708845489972,-0.0351689072306659,-0.0128690646640029,-0.0496219994271899,-0.1323836058377675,0.0085202685642584,0.1958407592431348,0.0503567034646488,-0.0159112035015045,0.022882817728983,-0.0126268211703411,0.0006820982581556,0.0359133137946598,0.0295211875488896,-0.0397582994858353,0.0119001218852152,-0.0268248748517234,0.0020097601733701,0.0111548175092748,-0.0030768789850178,-0.0355977411125122,0.0179712492138885,0.0283509416197929,0.0300421946383455,-0.017442985941083,-0.0643173708569199,-0.1770793956981142,-0.2758657294909343,-0.0165697461150428,-0.0449837655652842,-0.001433596564383,0.0795153829078854,-0.0063820007082823,-0.0528039972648082,0.0165587608588133,0.0846235685606604,-0.024406916220514,-0.172571475815538,0.0107226954657095,-0.0293594268875942,-0.008898787158214,-0.0895758663633361,0.0423181323862285,-0.1403387207640074,0.0204056983062412,0.0239219256252056,0.0496098509138838,-0.2810112613649006,-0.1500464184097504,-0.1656669218211792,-0.3222246776370219,0.4116513588513701,-0.0536822152168894,0.0565012391905317,0.021654861368711,-0.0276855723699371,0.0440829037406014,0.0718135344707286,0.2278465145741832,0.0591649154527307,0.0538902854992824,0.0823041921461975,-0.1529742956582199,0.0536437023232905,0.0532414353695935,0.2764309737942929,0.0266276322972527,-0.0687231783259848,-0.0047571059358531,-0.0180930547733124,0.0473845765171967,-0.2236830569869675,-0.1770390198593446,-0.3185842708880083,0.1541124471697343,0.2345635679225148,-0.0086494702824,-0.0361788207765861,0.0898587115641063,0.1339468421678726,-0.0028129039180544,0.0097419842827801,0.1509877017553782,0.1406046647699295,0.0334045421706767,0.2158211905485074,0.0653619226390285,0.0899848120838657,-0.0387820299286284,-0.0401386353045331,0.0448360215156637,-0.0071289200582819,-0.0053357622004023,-0.0729777404166552,-0.2346000261445704,stop,2408,10,584.1225235333604,-0.0505960367198466,0.0237678706917815,0.0556883914136474,-1.0,0.4697575587468571,1.1006473040961164,2.4974446884128967,2372,0.5725260940602759,5,0.0389553747600302,0.0902326708473815,-0.106098903250225,0.0,-1.0684926390619849,-0.4959665450017074,0.5451092863590055,0.1096900853223842,608.7339591719465,584.1225235333604,692.9955426751894,15.03511120135332,0.2253991255622727,-0.015740961892245,0.0244498855469427,0.2641793115121824,0.6457112630208297,-0.0015219165969888,0.0,-0.0347696124896711,2026-04-02,10.0,7,0.1509623322019939,0.129121196097437,False,False,True,0.1666666666666666,1.0,0.1666666666666666,-0.0134195988646141,-0.2051790959233999
L,Falling Wedge,bullish,1,0.6773557730982702,3,41,1225,1226,2021-07-30,2021,1,52.72660011312298,52.70433861895731,57.75555622100183,50.29290512295941,0.5994193457017419,0.0004223844705957,True,0.0230957184788695,0.018213224693649,0.0148677685035827,-0.0293295648084972,-0.0142028213355673,0.0152131877347678,0.0122325005147276,0.0143915523032562,-0.0079575096987405,0.0087485793862993,-0.0066124185049026,0.0115253163067776,0.0244016183123159,-0.013043029069803,-0.0016034472931437,-0.0030395105354363,0.0787454784384298,-0.0166367615325244,0.0059505876718333,-0.0338333577820028,-0.0219598758893415,-0.0540684174560516,0.0239062247155706,0.0363194563136719,0.0236474614406423,0.0513944193549271,0.0734505276597852,0.0206143507658882,0.0614556826965591,-0.0505131515748474,0.0256547368986193,0.006152839780865,0.0170315776410352,-0.033664777375204,-0.0060871243462365,-0.1583733873146201,0.0057338214780586,0.1259535136805181,-0.0096629608683109,0.0156173398800876,0.0187672705789276,-0.0222358383925229,-0.0383373129006092,0.0046459746645692,0.0587769519507195,0.0280007336007615,0.0540940676523138,0.0315888731966813,-0.0830925761641245,0.0204346154280443,-0.0069921342846488,-0.0291229353050556,0.1062542514358182,0.0107570282613331,0.0088151938647917,-0.0145323724779626,-0.0233394283379902,0.0767217394126194,0.0728973262611523,0.0611424270285076,0.1193979939524148,0.0730119426843673,-0.0375808464260671,0.0007973888465402,0.0224417958511835,-0.060918169265123,0.0766763698785135,-0.0064102174551089,0.0347260979928535,0.0054263743964053,-0.0030171125608875,0.0237341365712604,0.0139511511340648,-0.0142005519548048,-0.0613110425763151,0.0065700377015116,0.0403969093516889,0.083653508931593,0.0115393194704014,0.0300033126426944,0.0556255615457801,-0.102879811925435,-0.0345869678032541,-0.0613110425763151,0.024925860271419,0.1376468486682824,0.0375405846648821,-0.0524602208239702,0.0454760546014605,0.0123936744384127,0.0324391372967634,-0.0060309485851006,0.0751646655130759,0.0373090048116158,-0.2687868596114705,0.1098878692954548,-0.0582554172367124,0.0016883047969948,0.0720410832859124,0.0793925681025558,0.0803518580511271,0.0043062105442581,0.0276754330129984,0.1423261734259899,-0.0052050309339412,0.0001623014968501,0.0962029428866306,0.0012042156544975,-0.0090131811558763,-0.0956357330958876,0.2120344461848688,-0.0371063536256454,-0.02726190637259,0.0438136381335574,0.0566735373710973,time,1285,60,56.68977737426758,0.0751646655130759,0.0843015778564295,0.0424956206729488,1.6284609522404612,1.826414403820802,0.920678066412481,2.066387171853798,1183,0.4739787674706462,7,0.1517539991591107,0.1037125165370913,-0.0815871552168371,0.0,-0.9996737849772368,-0.5256950175065915,1.0068821168324409,0.0836616191538976,52.70433861895731,50.29290512295941,57.75555622100183,1.161631381269697,0.087341544502161,-0.0312403484643256,0.0220558649770755,0.1869328462443185,0.3561675332479693,-0.0037132639822788,1.0,0.0187722376127634,2021-07-30,57.0,11,0.1731262368336865,0.0770073683721541,False,True,False,0.0,1.0,0.1,-0.0066408580266988,-0.1416267138603408
L,Falling Wedge,bullish,1,0.6915768645969748,8,69,1489,1490,2022-08-17,2022,5,57.787111087116855,55.75994608201887,68.39781440953175,52.87292386140948,0.9182301750143111,0.0363552181724884,True,-0.0228941103874933,0.0080060053463815,-0.0155702702855653,0.0078525473440647,0.0010260711011851,0.0409252012346323,-0.0096212970395097,0.0321693225859169,0.0019380907182533,0.0068207278953202,-0.0054235869229973,-0.0013471210553612,0.0144887283018886,-0.0152929420768047,-0.0202146850515837,-0.0267952728151346,0.020736666483635,0.004827157097123,0.004507569875128,-0.0190570686459811,-0.0277441352690162,-0.0307949456101966,-0.0210656482807431,-0.0550144901139999,0.0192017380952098,0.0371402091453074,0.0206744494097337,0.0137015256986219,-0.0233563174685842,0.030403643276966,-0.0405616539177525,0.0130114628000066,-0.0684307540677884,-0.0216891903666122,-0.0073198076001972,0.0050202249862254,-0.0234737316415867,0.0351350751308023,-0.0354475699880068,-0.00020810090263,0.0104652336670143,0.0319963686692597,0.2145565113999445,-0.0249320110309547,0.1259535136805181,-0.0696464441580143,-0.0531351676420501,0.0329350812382118,0.0208980788052079,0.0653551110071224,-0.0504293251500732,-0.0345446360352199,0.0078599228846636,0.040200257879849,-0.1032047644997791,0.0597767940342248,0.0440373516781453,-0.0529816419951776,-0.0295851548630317,0.0120857954004833,0.0400491701801295,0.0255607123404981,0.0328999615329477,0.0189922408076277,0.0272711281593303,-0.0136242612238598,-0.0057578675898216,0.0181088129751469,-0.0592835519584708,-0.0832050533356191,0.0559193123524753,0.0122293874048216,0.0830861138196954,0.0108517572323727,-0.3056874678630985,-0.0102913261834024,-0.0482201551778345,0.0646318852062468,-0.0187924845425941,0.079808991741386,0.1661198447774385,0.0606116782991519,-0.0438739333863326,-0.0324406842022453,0.0609593841841806,0.0588828612789138,0.0660097551572358,0.0434547303167209,0.0133360355627252,-0.0436284561771205,0.1227428670199757,-0.1001945925590309,-0.0331451282674378,0.0384207246155254,0.0409149165429953,0.1019703030131544,0.0803562148667049,0.0447544673265773,0.1334865494529393,0.0443669190535673,-0.0428589124142499,-0.0079594557935153,0.1127813968699509,0.0624814086897123,0.0040065418370152,0.0462898213473916,0.0911000519877365,0.1221454222016842,0.0249036738218462,0.0722637836946167,0.0614474510827705,0.1194392741745988,0.1093301088034401,0.008536613351616,-0.0946329557629655,stop,1511,22,52.87292386140948,-0.0850395033297132,0.0073466651997929,0.0867930408329243,-1.0,0.0863912054061352,1.0206202698105182,2.1591980189333384,1415,0.6517399896799578,7,0.142489729190454,0.0508616550453735,-0.2006390072921486,0.0,-1.3341745659897024,-0.6824345763097445,0.4676431618077366,0.149358364136948,55.75994608201887,52.87292386140948,68.39781440953175,1.1124470931284465,-0.0257601511301012,0.0079476668918638,0.0192705335301301,-0.0455551512745666,0.2816915786419754,-0.0090134527960922,0.0,0.0807561470033753,2022-08-17,14.0,10,0.0634961394093895,0.0587095196578413,False,False,False,0.1111111111111111,0.0,0.0,-0.0388575705276277,-0.9871503187993989
LOW,Falling Wedge,bullish,1,0.68154632456768,3,29,1191,1192,2021-06-11,2021,0,171.85592642466935,170.4246057955197,200.4887003904348,167.17006694742997,0.7394466089193176,0.0083985561971431,True,-0.0170416633829688,0.0021665786777848,0.0098855707965177,-0.0044542962624319,0.0297312497454449,-0.0072612159461539,-0.0541789376697574,-0.0472060357418612,0.0148378825395163,0.0241363918687971,0.0323596304503761,0.0282024811110102,0.0931153209236574,-0.014510145141044,0.0417935390436485,0.0273479750314722,-0.0450968076692777,-0.0791525323156309,0.0045319812113824,0.0176374385247783,-0.0259857788397203,0.0233264809239963,-0.0204946730122048,0.0133601479133247,0.0049355166715423,0.0431877605301334,0.0367677004336846,-0.117082422044481,0.0198693522454829,-0.0058716910406703,0.0394706033082847,-0.0884235525008183,0.0127428092805403,0.0685523605440123,-0.1005649625920124,-0.0020903095752842,0.0422930321994492,-0.1337734707212073,-0.0109547530277475,0.0747622095091724,0.0563985283434194,-0.0524217805404686,0.0242282091819951,-0.0207831335119463,-0.0766655377522554,0.0228781002998605,0.0286663564404854,-0.0045071232004831,0.046741208017087,-0.0940958521180054,0.0661205640911513,0.0903034282524208,0.0901408710732569,0.1405879322055738,-0.0999641369732826,-0.1006502686498573,0.0302915665141649,0.0228067975259442,0.1006124201161029,-0.0277067759998675,0.0356738270784522,0.1730740281118346,-0.0299104360717724,0.0287023214112638,0.0503860570237759,0.0887732236915304,-0.0556546902165805,-0.0099068273228478,0.0013500935524681,-0.0070853915969419,-0.0521964003198727,-0.023506538210251,-0.0664473739963666,-0.0487826621201626,-0.0569748767552572,0.2568461157208974,-0.065681688538658,0.0386796840997976,-0.2657570182131118,-0.1674367793046213,0.1072392972920348,0.0018702390938201,0.076790947534326,0.0470057156827741,0.0815223045662809,-0.0683421550574572,0.0565627593597248,0.0898333866217868,0.1497013052269642,-0.1160508863082602,-0.0258764288418551,-0.0071451589895622,0.0835490449774878,0.0163838825363817,0.1906238741840711,-0.036284694036449,-0.0386668545622345,0.0056394751678527,0.0298915370664654,0.1500444179521891,0.2138129274996925,0.0056374517150508,-0.2090207312317313,0.1574651482782258,5.124881241558299e-05,0.0735617774053252,0.1886103765765825,-0.0916586718583253,-0.0440557889687007,0.089921286237073,-0.0251440436438261,-0.1300876431211018,-0.0291167992044624,0.1038739539874857,0.0532941325647079,stop,1194,3,167.17006694742997,-0.0272662082403853,0.0019987633735118,0.0291392316055057,-1.0,0.0733055126657262,1.0686939433824971,6.110463641695495,1162,0.7816091622977891,6,0.121005248114425,0.0893781838438649,-0.0982331621866505,0.0,-1.061792227237388,-0.2801830649395933,0.1470588721122818,0.1430993122720962,170.4246057955197,167.17006694742997,200.4887003904348,2.65175347596847,0.1021054384375241,-0.0308858802621984,0.0153742967457321,0.1993085499176667,0.6317970261314754,0.0058268684263165,1.0,0.0341962937187785,2021-06-11,28.0,8,0.1829817821102786,0.1222319981080235,False,False,True,0.0,1.0,0.1428571428571428,-0.0526331547504684,-1.2104173156153724
LOW,Falling Wedge,bullish,1,0.6303615941210738,13,91,1463,1464,2022-07-12,2022,3,164.05499137790326,164.46095461783125,230.13674625100705,152.09667007350834,0.7300907515040277,-0.0024684475465398,True,0.0619954047684212,0.0162206917102802,0.0686585237465218,-0.0833026127066185,-0.0149830756859162,0.0393912258886901,0.0274772101156737,-0.0579356198453856,0.0323839484986931,-0.0173190134533053,-0.0266738167002812,0.1216497548644048,-0.0043949692898533,-0.0244664994614977,-0.046231681493424,0.0379799531603535,0.0265927822050862,0.0318187188152823,-0.0310984148938031,0.0071602962019501,-0.05727440631826,0.026210705553364,0.0592132543083375,0.06098280262125,0.0188873011349477,-0.0128229151423273,0.0608928700277899,0.0064895255000296,0.0238095584447493,-0.0237324512658029,0.0118042388419743,0.1329633892222144,0.0578297413522959,0.0209480458053377,0.0348172557692918,-0.1337734707212073,0.0507207566356984,-0.0037327345603437,0.0048111491027367,-0.0365233976688519,0.074693509895481,0.0777739425460708,0.058095027481777,0.0420485356438919,-0.0089046119333484,0.0390724043723771,0.0981116410277409,0.0014706499923637,-0.0932853630847795,0.0407378316728896,-0.0731879219648671,0.0283464542433207,-0.0025089928207863,0.060618346599587,-0.0055254089586314,-0.0681977384723804,-0.1483757772361602,-0.1782381253332629,-0.0814701860738053,-0.0186152170851798,0.1151558204351403,0.0310146937236301,-0.0843090636754895,0.0412262028163288,-0.1023525252832943,0.0711353663833809,0.0658648527089131,0.0408557668456446,0.116167190255731,0.1324277576988957,0.0719638351398823,0.0286366078960416,0.1065845836274437,-0.1441356444209223,0.0862325303744535,-0.0307954121660939,0.2214629069594489,-0.0328302701485273,0.0294941103180745,-0.015673778158934,0.1253198497156831,-0.0929629123586738,0.0006263001682291,0.0769866911001857,0.1413117760439486,0.0581926488603254,0.0107499907060475,-0.1025893977414932,0.1380279106996962,0.0303758689416839,-0.0967961870247841,0.105516849029304,0.1196576420010606,0.1102228141396461,-0.1033349099791811,-0.1013176579629629,-0.0896439641449589,0.0832155559080189,0.0549740793148152,0.2780616458900735,0.081535621343709,-0.1639712259044393,0.2529467757068659,0.1794307724502031,-0.1480931996552051,0.0123446914630116,-0.0918065583764156,-0.1070666790566341,-0.2023818950836853,0.0146463804332002,0.2078142193176186,0.0628766406310632,-0.209606913913762,0.0949624562245956,0.1143783502707641,time,1523,60,183.6854248046875,0.1196576420010606,0.2443202212688952,0.0068244179199309,1.6415709970570576,3.351804218455402,0.0936234940101511,5.526005966139859,1369,0.6258248352685535,5,0.0006673281957705,-0.0761402485044928,-0.0658332681728134,0.0,-1.4038119335818449,-0.7779870983132947,0.4222987646821821,0.2134932580463936,164.46095461783125,152.09667007350834,230.13674625100705,4.447506269455043,-0.1681686589135141,-0.0332322612399662,0.0267758489937465,-0.2738395655373876,0.1698105602579574,0.0104380040908407,0.0,-0.0187912534375963,2022-07-12,34.0,9,-0.2229805942114616,-0.1524697108936429,True,True,False,1.0,0.0,0.0,-0.0155114854256177,-0.4837816623602505
LOW,Falling Wedge,bullish,1,0.6060225026438625,3,30,1645,1646,2023-03-31,2023,0,187.53754115645057,179.97098919325663,201.2303168969252,175.32857888775214,1.0017752617199855,0.0420431759424781,True,-0.0064158131853631,-0.0082747339436908,-0.0184810752473134,0.0119446947068138,0.0155686875197353,-0.0056752323858902,0.0313451332663361,0.0319601746967919,-0.0624800127139527,-0.0349907562306581,0.0036520660544716,-0.1284723379035669,0.0426842933447533,-0.0232174627688204,0.0198595991877494,0.0655692753461685,0.0171999657780954,0.0307863716344949,-0.0131286148443919,0.0023362003178464,-0.0079906683767161,0.0042378311760378,-0.0055512198132623,0.0195453788516781,0.0070957265993345,0.0288736142234344,-0.046019310106446,0.0443588288723701,-0.0758862846476012,0.2560216124231627,0.0361294484530492,-0.0775756967327735,0.2560216124231627,0.0128411958229694,-0.0077340054928766,-0.0188856710996693,-0.0283178435316689,0.0045679254504,0.0274034681980204,-0.0607006063444943,0.0804577053533406,-0.0954060953470088,-0.0369698709903846,0.0425593092502494,-0.0081836863074562,0.0028675963581892,0.0407378316728896,0.0244483228337939,0.05965196500937,0.0451034077559941,-0.0431323027145056,-0.0666943272793024,0.0795589108521246,0.0484911916601205,0.0141361471131773,0.1150706738515099,-0.0659071481221825,0.059926810411848,0.122031174649557,0.0121293240675577,-0.0148725818792864,-0.0742125434534509,0.0287024045723431,0.084435000588811,-0.0567472998917326,0.1752837491879659,-0.0445518036590214,0.0202350761829146,0.015805940227699,0.028142127667003,0.0004303344553822,-0.0895777872637907,0.0666540141535865,0.0757441720850864,0.0440964820016631,0.2267163337378728,0.4070394630376308,0.2214629069594489,0.0093517284653268,-0.0725925743945243,0.0597417243708484,-0.0247671107989121,-0.0487826621201626,0.01001568768296,0.0832064106088055,-0.0729184718901813,-0.0356471571055382,-0.038114602862697,0.0356727154047293,0.0163215006138273,-0.0064177892168142,-0.0152181215064551,0.1122128601710532,0.0408882842674425,0.0283538795161901,0.2923418924856313,0.0048251428729895,-0.1371278327860347,0.5218546061882003,0.1293544288793622,0.0207911258932635,0.2224217545647435,0.0648942868847486,0.1653916086206985,0.0515043223977624,0.0100068921065969,0.0624321230493489,-0.0549912845171998,-0.1010041442019965,0.004785716826988,0.1114697966220776,0.0624321230493489,0.0800264443738414,-0.0506930275543803,0.0377593674074441,target,1695,50,201.2303168969252,0.0730135185522753,0.0870218088170256,0.0323867208080878,1.1215347741372244,1.3367111547533306,0.4974809367738957,1.1215347741372244,1615,0.6388581669421265,6,0.1429199632573969,0.0312632761709223,-0.084792226079324,0.0,-0.890574296639372,-0.2517161296972434,0.3044105506579778,0.099660516052099,179.97098919325663,175.32857888775214,201.2303168969252,3.997944066682511,0.0169874382354893,-0.0138392047483025,0.0214353680522291,0.0610744322860081,0.96048716801127,0.0074744952872249,1.0,0.0167308950854756,2023-03-31,34.0,7,0.1212374733793062,0.0229540058050488,False,True,False,0.0,2.0,0.3333333333333333,0.0191328578744318,0.5812078568927208
LOW,Falling Wedge,bullish,1,0.6835145012613353,3,25,1745,1746,2023-08-24,2023,2,210.78173808706543,210.8691858932898,228.2754262914725,202.40322633847904,1.922560840681924,-0.0004147016827229,True,0.0298020277926105,0.0031995103044246,-0.0149302234799237,0.0099417813663491,-0.0386290908216633,0.0367311102697534,0.0197320322042653,-0.0141161698244444,-0.0296434027678496,0.0199982701588938,0.0279261561593924,0.0075593346833875,0.0164181894046446,-0.0962704773501132,-0.0223736123189119,0.0475801184157096,-0.0168949259371785,0.0271182535612903,0.0468914578459858,0.0223283300529171,0.0100659663550293,0.0620909715602875,0.0237258243157194,0.0334211643805988,0.0178289112303828,-0.0238419058717818,-0.0524217805404686,0.0301017068677351,-0.0093274058205009,-0.106319244350885,-0.0329276878184998,0.139966200995564,-0.0502406508413323,0.0443625707892845,0.0065048378769363,0.0047673719965262,0.0563985283434194,0.0776126594782462,0.0195618301171915,-0.0062513771783672,0.0520198651886869,-0.015139830832582,-0.0845175716235578,0.0487036292507638,0.0093906695422809,0.0280010436021658,-0.0595150113764064,-0.0441468714385915,-0.0762792618959142,0.0208333732596015,0.0664424685606428,0.0863671469480806,-0.0175611027627728,-0.0914626723879952,0.1664124334956438,-0.0113684108297179,0.0467565887998431,-0.0957057867462618,0.0584263987659547,0.0672013136926428,0.0761461378249783,0.0617659164772985,-0.0290852478885871,-0.0392459283348505,-0.1218556760152691,-0.0605980381062705,-0.1141923621474134,0.015027417840101,-0.0599162468038932,-0.1488316885883299,-0.1123489643617847,0.0467956296466423,0.0555274639185565,-0.0498290991182334,0.0990726133356056,0.1484569388764458,0.0030551175335868,0.0374014378515914,-0.0030660562810944,-0.1868318700079155,-0.0144936318839494,-0.0931651398289168,-0.0496593159190816,0.4624272929978739,0.020960990686585,0.1802018796438407,-0.0646822734009648,0.0274648323475608,0.2150964545015736,-0.0042538696299392,0.0469484719211743,-0.192703081947877,-0.0845072076044989,-0.1157375079627219,-0.0768920343236475,-0.0732096995949402,-0.134562398707304,-0.0694205089807311,-0.0698952991463213,0.0266993196724856,-0.0001146215252414,0.4926101536562774,0.6300885202031439,-0.0438543715208491,-0.169870844750849,-0.0669950407007168,0.1106581123881234,0.0920754919428334,0.2265368859323782,0.0489140433910195,-0.1430251508166556,0.0832155559080189,-0.1881196586699398,-0.08556055421895,-0.1139711026114056,stop,1762,17,202.40322633847904,-0.0397497042420513,0.047182894228515,0.0428935709788934,-1.0,1.186999881589056,1.0790915755674009,2.08792309772181,1718,0.4657894708942627,5,0.085762131870425,0.0775683622591851,0.0625384460203908,0.0,-1.0161101315490146,-0.5503206606547452,1.0610169614974347,0.0763080651811791,210.8691858932898,202.40322633847904,228.2754262914725,4.232665760223235,0.072615342472982,-0.00636058220515,0.0201564504948638,0.1134131700579836,0.0016713234074535,-0.0017606832302967,1.0,-0.0344758425131584,2023-08-24,34.0,7,0.064664543974841,0.0569881049943605,False,False,True,0.3333333333333333,0.0,0.0,-0.0059704346566171,-0.3969472554471249
LOW,Falling Wedge,bullish,1,0.6762342544624299,3,44,1793,1794,2023-11-01,2023,2,183.5243677360704,176.82083476043954,229.0336081205473,171.84453094625042,1.1199879786621252,0.0379114428721758,True,0.0049037012429533,-0.0201091584843049,-0.0065260122530191,-0.0024404881647186,-0.0050867652321077,-0.0069796174710481,0.0426842933447533,-0.0555015253112742,0.00412828602111,0.0406129507526744,-0.0070122595280438,0.0147792483004205,0.0045273874532172,-0.0246325362354261,0.0394983754915672,0.0007807238863726,-0.0469227771257922,-0.0203774847292527,0.0313138189938764,-0.0033568435959999,0.0151657273424721,-0.0227132631242154,0.005306639302175,0.0573995207562298,0.0032479581722293,-0.0448555038319296,0.0393926888667832,0.0257637280917362,0.0711552660942178,-0.0299997359139001,0.0574721022365771,-0.0200359868359963,-0.0004332123966315,0.0331537004705733,-0.0360287962326756,-0.0213725532383006,0.116825917837914,0.0204695032821558,0.0766786231605749,-0.0093708541798173,0.0176563892074836,-0.0925002046852718,-0.0109554328441664,-0.0342065537795787,-0.0114125996382536,0.0500296964726551,0.0263253605728404,-0.0435794321008338,0.0849579374914668,0.0386384974831777,0.1286159647968052,0.0262273640109953,-0.0120402001294228,0.1241051344192722,-0.0511359282963288,-0.0970400802465655,0.0845402717172532,-0.052005425816756,0.0391201113328831,0.0339312120143604,0.0611707172708722,0.0124036220796646,0.046030989498994,-0.1560475752369557,0.0318793510109332,0.1154030149112794,-0.0299016463175422,-0.0582460874975837,0.0077949983480002,0.1487637525095013,0.0300121070312553,0.1980228772143586,-0.1427865705951062,-0.0593018912171036,0.0454038649935277,0.0189798257428508,0.1240872922428846,0.0388987668714879,0.250704265657538,0.1100374055637596,-0.1290986502492646,0.0867862707627984,0.0340246714787784,-0.2510762297193578,-0.0641648952894738,-0.0375610357888075,0.2135452824818684,-0.0024578331234405,-0.153712927128396,-0.1330438494351025,0.0660046112166112,0.1380991899254808,0.1128823401029439,-0.0425406110325909,-0.0088619421926393,-0.0440258411294781,-0.0252670691841905,-0.119617902884633,0.1532869673751242,0.0580955814958015,-0.0772869443608297,0.1587213332942945,-0.1435635883638775,-0.0313042034187234,0.0804206977042301,-0.0553778755236054,0.1810989068431008,0.1078957214845537,-0.0807320598636537,0.1731383025927042,0.330370280867357,0.2506407944257847,0.2039276263689242,0.1509315144482732,0.049757825104018,time,1853,60,204.24102783203125,0.1128823401029439,0.1717338604421739,0.0241573216264215,1.7737114369626543,2.698440802186099,0.3795821172390067,3.8963935201682234,1747,0.7379726929835666,5,0.0300738473317326,0.0009478285101018,-0.1923811571060065,0.0227272727272727,-2.5108029818796647,-1.7728302888960985,0.3242667873274378,0.0968873901011467,176.82083476043954,171.84453094625042,229.0336081205473,3.37918077170819,-0.0816368297237923,-0.0819022591665606,0.0186475707714542,-0.0583880190117935,0.7399989536830237,0.0032009046305148,1.0,-0.0047096500029844,2023-11-01,34.0,7,-0.0026741105559764,-0.0344291553776603,False,False,True,0.1666666666666666,3.0,0.5,-0.0054599576172568,0.0163017634943547
LOW,Falling Wedge,bullish,1,0.7536336035225478,3,34,1916,1917,2024-04-30,2024,1,217.5100452191083,219.12791893880467,260.9949053771261,213.68333141632024,0.6910640839430425,-0.007383238646775,True,0.0179883117249626,-0.0134448009323204,0.0417355464683431,-0.0243097599768468,0.0710386611088718,0.0036153201119197,0.0443420610630962,0.0052532326001617,0.0163038077840849,-0.002865020425552,-0.0250396656541577,0.0581307547672287,-0.0181935655018216,0.0845219549982423,0.0106316263139043,-0.0934628428527393,0.033252855462762,0.0009603197536787,-0.0521739854108794,-0.0312789255004289,0.04978126184625,-0.0116687342402986,0.0099595665891716,0.0185159959117433,-0.0252031563194639,0.0378600357442957,-0.0386785290629153,0.0353180605732921,-0.0170267547335761,0.0195618301171915,-0.0200438670921135,0.0095110937201732,0.0537324969938981,-0.0792767694552127,-0.0880373107771607,-0.0527807399240091,0.0245427327004226,-0.0819551089792317,-0.106319244350885,0.0126149715536836,0.0544303757700228,-0.0041277375184786,0.0523561391675966,-0.0356146707141565,-0.0089046119333484,0.0301578763217689,-0.0576153209439631,-0.1069189115996531,0.0151049950659534,0.1625833359616306,0.089313316388871,0.0825362909095726,-0.0126669211908746,-0.0183741731991085,-0.0240145654479949,-0.0431678073775823,0.0346700152333792,0.1302834742734024,-0.046241292381539,0.0556401601980036,0.0925703653689604,0.179122161752306,0.0495977964627354,0.0731289457960675,0.1075547091795297,-0.1335211856181736,-0.103303814337504,0.0644521731996345,-0.0953787199558266,-0.0332938643074041,-0.1265416058301949,0.1178922509881215,0.212774517489968,-0.1153203853365574,-0.0823371742855109,-0.0144936318839494,0.0309331956680529,0.0980902795812903,-0.1143905878503451,0.0400375237471579,0.0633731042278893,0.0487383547028945,-0.153171990451,-0.0334036252740524,0.0118507872265518,-0.0009409674123745,0.0869382277862913,-0.0633188901621543,0.1734852727407325,-0.1410777819431217,0.0388987668714879,-0.0435217266289727,0.055672623271755,-0.0337133057427576,0.0053854797779828,0.1827875075016867,-0.0975376301921465,0.2292766381779118,-0.0312411178900665,-0.0854346770252855,0.156229850978824,-0.0694205089807311,0.1943697764752303,0.248319044022792,0.0073004016823154,0.1970733665187451,0.1141734047082934,-0.0139890837983753,0.1746510296047001,0.1713640009512496,0.0764040741521374,-0.1169421917858638,0.1114699811163657,0.2698425213148203,-0.0305314700937742,stop,1931,15,213.68333141632024,-0.0175932739057326,0.0474115986252259,0.0262127912536613,-1.0,2.694870714755226,1.4899325386572986,11.363499440782794,1881,0.788787165194338,5,0.0164101674608335,0.1444312167600514,-0.1802468671030527,0.0,-1.1718208139594646,-0.3830336487651223,0.1931944536094881,0.1465754969722133,219.12791893880467,213.68333141632024,260.9949053771261,4.0378110204620095,0.044639168324325,-0.044104375470632,0.0185133078032985,0.2538486680629501,0.0835663949267755,-0.0040701835755815,1.0,-0.032495647327287,2024-04-30,49.0,5,0.3862041851546569,0.1417213483855264,False,False,False,0.0,1.0,0.25,-0.0191031885959309,-0.2874112867875931
LOW,Falling Wedge,bullish,1,0.7308184807659246,3,47,2309,2310,2025-11-21,2025,0,230.41689419334224,225.9798719069304,269.4977972248894,218.0622759058839,1.9297831449761471,0.019634590678232,True,0.0529487794259586,0.02642055322905,-0.0042004281092006,0.0177395090886729,0.0140898387047254,-0.0041494324366583,-0.0067818192285764,-0.0206429075522067,-0.0070268313112156,-0.0419810657620359,0.0178629341593203,0.0141306086440691,0.0241363918687971,-0.0541789376697574,0.090018592401164,0.0598483519768018,0.0092000353099348,0.0074180203580871,0.0115639046965108,0.0119755092530557,-0.0124939086425625,0.0218847137951658,0.045528125448754,0.0462393778516148,0.0146408987423436,0.020011336009547,-0.0737144332006227,0.0897287291225585,0.0574927339088429,0.0477771232149972,0.0187781247168414,0.0089195855751396,0.1501207917444058,0.0008048178392165,0.0245714517835116,-0.0589345224508457,0.0305395512052306,0.0309176130732025,0.0146555180959413,0.0829360163725216,0.0003129707208766,-0.0126739233917922,-0.0307979135951251,0.1952231587835897,0.0566370820515402,0.0135740872726359,0.0344872632696202,-0.0019755866554769,-0.0824683531658978,0.0489606007972285,0.0573457379684276,0.0067842268615345,0.153785005626349,-0.0593117332484954,-0.1105911925286975,-0.0454877033223014,0.1734896073132212,-0.068784637497038,-0.0926293451758858,0.0568411275758879,0.0101872774310818,-0.0203738962589519,0.0252663984384124,-0.0914626723879952,0.0731289457960675,0.0357591248136091,0.1101295964725419,0.0106276989413507,0.0249274725470977,0.1802770842015579,0.137533298056679,-0.0147750144167609,0.0681890116053118,-0.0381541455262062,-0.1609349042073847,-0.0824546399961996,0.026141924614609,-0.1047480165104437,0.1016372640795031,-0.067115289189541,0.0993153810481359,-0.0724613166801689,0.0063380174286404,0.2733998412154099,-0.0643313037626358,-0.102084154622892,0.0393407369043863,0.0729511006506484,0.0036001195689392,-0.0713416248776555,0.1500383808900307,0.1771495157907716,0.203500397404807,0.1600755380546958,-0.1449996867446951,-0.0858540542871415,-0.0294361275572903,-0.0031083447975064,0.0527260076230222,-0.0196706409679612,-0.0300750404722106,0.1542183317029191,0.2425335971552689,-0.1025815454183868,-0.0312411178900665,0.1024970233354993,-0.0055820308656311,0.5233604606895506,0.0758096284638951,0.0005687570578374,0.0765380482014903,0.2123026102106084,-0.0838354048514824,0.184504839033361,0.149066631923753,target,2343,34,269.4977972248894,0.169609538260482,0.1741026474735819,0.0225213857797475,3.163262686247431,3.2470603598028265,0.420029793196234,3.163262686247431,2262,0.7297119267751031,6,0.1290707636632935,0.2436524647283662,-0.0177970745993,0.0222222222222222,-1.1347682137149129,-0.4050562869398197,0.2829312204108898,0.1367393745565958,225.9798719069304,218.0622759058839,269.4977972248894,5.4629048241483895,0.0014745487801541,-0.0342145845829837,0.0236794380695496,0.0706748870641902,0.7013148674993415,0.0092370067096068,1.0,-0.0269029495069919,2025-11-21,42.0,8,0.0369423668631334,-0.012872200019919,False,False,True,0.0,0.0,0.0,0.0097093105371241,0.3616313452697819
LOW,Falling Wedge,bullish,1,0.7515018544239911,13,113,2487,2488,2026-08-11,2026,10,219.5500030517578,215.25667605609192,287.7861260619027,196.14727896863556,1.3132192084488588,0.0199451514086705,False,-0.0178091715224781,-0.0084379105864975,0.0208044584128079,-0.0183181762695312,-0.0833260297631395,0.0227493556463482,-0.0070122595280438,0.0138035983252862,0.0038061334288685,-0.1441751186777078,-0.0044062188751937,-0.0097482734016499,0.0411248234880379,0.0673164238567749,-0.014510145141044,0.0027362475403267,0.0234721258475014,0.0075593346833875,0.0082281242625683,-0.0118149687094362,-0.0108393613150711,-0.0654491460524722,-0.009909217910409,-0.0225461028441674,-0.0111869509311494,0.0013882048569802,0.0515350940200016,-0.0832227329118849,-0.0111062784602289,0.0365258294793364,-0.0889280011888677,0.0509980091794339,0.0032590078419889,-0.0093708541798173,-0.0210080798730181,-0.0490248783882876,0.0456782483286029,-0.0333334276901107,-0.0145889521201415,0.0250791879609946,0.0365258294793364,-0.034758271315755,-0.0399611345728126,-0.0484516618385582,-0.0305849805985312,-0.0118786107446005,-0.0954224397951994,-0.0795326265625674,0.0194908956510673,0.0882754927336955,0.066397075542957,0.0258984937006028,0.0029202346059138,0.1028436593140234,-0.0163857505109493,-0.0092410118108769,-0.0142587246838091,0.0922655070166351,-0.0283111344103514,0.031593407828804,-0.0098144762033195,-0.0543115379368986,-0.1012458956691012,-0.1079768232924874,0.0491117716408331,0.1356983326258982,-0.0162419083594479,-0.0718003169261173,-0.104667804338053,,,,,,,,,,,,,,,,,,,,,,,,,,,,,,,,,,,,,,,,,,,,,,,stop,2508,21,196.14727896863556,-0.1065940503658531,0.0284217269307163,0.1115463682657781,-1.0,0.2666352093120302,1.0464596089831244,2.9157342011888185,2364,0.6680049758200037,6,0.0666836991561871,0.0676093429633657,0.1586091976387558,0.0,-1.1593173655572542,-0.49131238973725,0.4572516113950721,0.2156403214524236,215.25667605609192,196.14727896863556,287.7861260619027,5.801426478794639,-0.0626510470668746,0.03446406425882,0.0262211366273204,-0.1921486231163484,0.4647881270071316,0.000548223293634,1.0,0.0249125201747721,2026-08-11,29.0,9,-0.0458868647365156,0.0648292671258861,False,False,True,0.25,0.0,0.0,0.0113450378197083,0.3450914516419138
LITE,Falling Wedge,bullish,1,0.7536783399463896,5,51,1141,1142,2021-03-31,2021,3,91.51000213623048,86.22581601847651,110.3189995318072,78.2424150249575,2.04480231369264,0.0612831094184331,True,-0.0026227241565002,-0.0280245133924916,-0.1001794869484865,0.0169990219653375,-0.0108029519008374,0.1185896413587042,-0.0192477636548648,0.0062724425377034,0.0540437715284494,-0.0028957087527199,-0.0650980332318473,-0.0625764677828744,-0.0623853490986956,0.0433497687278709,0.0768172059471306,-0.0149075733183917,-0.0350216507208691,0.1652173581330671,-0.0031832511836721,0.073285607837864,-0.0189865733696186,0.0534323996758903,-0.0132588445439572,0.0167194704795128,-0.0271311224675574,-0.0426641849996212,0.174925391353778,0.0968006332116311,0.028,-0.1068627600576362,-0.109696975862137,-0.1620619554122419,0.0771186311366194,0.0118471435333318,-0.0005944759009557,0.1973441490059273,0.0973093535018119,-0.0349932657865652,0.0060149838243457,-0.1182147511625623,0.0436313738134581,0.020866439654779,-0.1280654002287778,-0.0134078437704608,-0.057344418597424,0.0177218671166478,0.01234834692426,-0.0420191174533433,-0.3732860554572909,0.0619767654773799,-0.0768923207027515,-0.2448598168400771,-0.1807183563060447,0.6124067765597376,-0.2665000152587891,-0.0975160880562701,-0.0178571428571429,0.0723605961244848,-0.1027637696424795,-0.0930851063829787,0.1843911484627194,-0.0454904497786192,-0.0245614302785773,0.0542691763069203,0.1746823191558375,-0.0372719825940898,0.0842105263157895,-0.0046012347709524,0.0284036699504197,-0.1132116748825848,-0.1656464990661079,0.2958898960752179,-0.1972539766908907,-0.1070578918585042,0.2633806823359559,-0.0562613613015233,-0.1250947438227533,-0.1399925887501419,-0.3173824030481798,0.0306537841886147,0.0820690816117371,-0.2238094995892237,0.0611078714131938,0.0111446376976411,0.0774124622069905,-0.0866845794938924,-0.0202227916192331,0.1133700112526587,-0.0432264348314492,-0.2222778698005175,0.0850918125919664,-0.0872544798109682,-0.0969293250958219,-0.1712409554449508,0.0556317374149175,0.0803491579495998,0.1814636343134423,0.5428677399703152,0.4695259502320636,0.320371335526955,0.0791666666666666,-0.0549828302575753,0.0531692928636049,-0.1128720518580576,-0.0893249657380687,-0.2956623718454064,-0.3713592402308102,0.0328392814484608,0.0660113030770679,0.3155045387297504,0.2069340980694936,0.2122825602968172,0.2245780542436841,-0.1347817448136875,-0.1860149323987836,stop,1170,29,78.2424150249575,-0.1449851032843556,0.0436017677917833,0.2561468898941915,-1.0,0.3007327429099267,1.7667117799807128,1.4176652648163437,1087,0.5950107483387095,6,0.1719521268063108,0.3173297507442096,-0.5028700224939526,0.0,-1.1038716008807796,-0.5088608525420685,0.6147343832158185,0.1925103249994477,86.22581601847651,78.2424150249575,110.3189995318072,3.772644042968753,0.0556513565626937,0.0142899745607221,0.0412987860534833,0.2243666764083498,0.5220001220703095,0.0075254570670939,1.0,0.0424940106894642,2021-03-31,33.0,10,0.3908729909111466,0.1826265558396904,False,False,False,0.1111111111111111,2.0,0.2222222222222222,0.0074351446282901,0.3569018995081191
LITE,Falling Wedge,bullish,1,0.6882425401201572,13,113,1468,1469,2022-07-19,2022,0,83.7699966430664,82.51247070053398,109.33877423773538,72.49125935209895,0.8012855962473081,0.0152404349531165,True,0.0196968078309631,0.0237223556127319,-0.0267162808767172,0.074928404696293,0.0247888325881329,0.0443356387265079,0.1705384073245992,-0.0597665583394936,0.019965461940504,0.0133317550193672,0.1021645285866477,-0.0093823656240842,-0.0562962849934896,0.100999995640346,0.2287058390874745,0.316101929634113,-0.028285382891995,-0.0668610765868862,0.2640305681806569,-0.0063441350677531,0.0085947572713012,-0.1335948522183292,-0.0293651512738966,0.0832040288887849,0.043480963454296,-0.0426641849996212,0.0395386308334722,0.1062618491093596,0.0675862129098676,0.0582740899875078,-0.0621958662627031,0.0362945211735254,-0.1218081857591659,0.0105671601518653,0.0483033413539282,-0.0029640495957264,-0.1231471802377458,-0.0149443799316949,0.0767790406964918,0.1821428934733073,-0.0551181102362204,-0.0088889039592978,0.3198561089181813,-0.0930956171463737,0.105750149848101,0.056877652872432,0.0695953451675019,-0.0252656152622441,0.0207133347685106,0.3183536160288065,0.2211309327304889,0.1860279232881609,-0.0123206053153086,0.03558284080833,0.1287491691476316,0.2782620516690341,0.0998683728669818,-0.0218423835242179,0.0636042749472709,-0.0110429635077166,-0.0038404162423254,-0.0908080592299952,0.5168035122011032,0.1849764971665932,0.1750032611027163,0.1406271960929259,0.0383248541420691,0.0230118563153811,-0.04496391810532,-0.0587322235419062,-0.0641595589761913,-0.1895096027315069,-0.1304820718216651,-0.0023535542364118,0.0181690269792582,-0.0452229329154498,-0.0433469959445886,-0.0556629488729575,0.4470495724304273,0.1281939828892075,0.0803881952130265,0.0528807504766057,-0.123047913631641,-0.1154437832879891,-0.0273777940538194,0.1672632363660682,-0.3646777840159021,-0.1532138226970097,0.1419498917957751,0.0556822187410446,0.1779744999670669,-0.0596928320743831,-0.1705860553751805,-0.0828206621731696,0.1760110004772577,-0.0718778057560318,0.108373269776947,0.1567291421356833,-0.0820165655166722,-0.0166604993435381,0.2545693201727264,0.2410458514868694,0.2444771397674494,-0.3050847416736727,1.0431335577862098,0.113367254663645,-0.0189791555299226,-0.2174535093988086,-0.3382838369006629,0.1657007657331646,0.357471246828978,-0.0163424005768177,0.020618569539669,-0.0410959154652657,-0.2592711897855409,stop,1514,46,72.49125935209895,-0.1346393427592549,0.1514862474625226,0.1564998627947556,-1.0,1.125126165636379,1.1623635379339965,2.266989374346511,1355,0.4538413780871955,7,0.0669182378143593,0.010411784682929,-0.1093447436080234,0.0,-0.9645538242215876,-0.5107124461343939,0.7939291817481182,0.262168686074315,82.51247070053398,72.49125935209895,109.33877423773538,2.4636437552315846,-0.0782653406873424,0.0060199529651696,0.0294729496729842,-0.2140842811375918,0.6903902126458002,0.0116049684124228,0.0,0.0721863442252068,2022-07-19,31.0,8,-0.2652868225222194,-0.1499506912744088,True,True,False,1.0,2.0,0.2857142857142857,0.0090213621341522,-0.1585523038153172
LITE,Falling Wedge,bullish,1,0.7385604774645907,3,31,1781,1782,2023-10-16,2023,0,41.2599983215332,41.76360472232943,54.57722272260492,39.09868812561024,1.1268654799517095,-0.0120584993595385,True,-0.0879786088484523,-0.0594440373190049,0.1446476174120752,0.0824320307013446,0.0626535427336532,0.0294431640615302,0.1431347287479132,0.0998573488212586,0.0403596887806896,0.0753137874965574,-0.0098987032906371,0.0946649228698723,0.0403194329698473,0.0144299026103154,0.0609126728133468,-0.0126720304252646,-0.0249970341075395,0.036976297320137,0.1179653825311473,-0.0407730270261322,0.2482966616144446,0.1158903984174335,-0.153926448101052,-0.0356276651916072,0.0041588412834481,0.1019318320534445,0.1565114792942183,0.0627240151945274,-0.0482281254621889,0.08422489484354,-0.0920135470047852,-0.0866220797870097,0.0949352655094792,-0.0670478632144231,-0.057344418597424,-0.1361446150814194,0.1597522753743696,0.083748721285789,-0.0410507440831234,0.1110739860007072,-0.0326295729461085,0.113212373735035,-0.0480628839445307,-0.0630749123611443,0.0423598387951695,-0.0525404611718133,-0.008240430596684,-0.0252919488893271,0.1086538611431802,-0.0327869111452023,-0.0034364391807157,0.075844219902746,0.1523021881127069,0.0856549454736197,-0.057444393614507,0.1302244193327451,0.2465374323454239,0.0172080156544751,-0.1747582856499536,-0.0013981445184895,0.1390715381161666,-0.0341343711691438,0.2598109190706099,-0.2908450823883953,-0.1027308639399648,-0.018671996481257,0.2858769658507269,0.0399337166516731,-0.0494860172750062,0.0872516343981417,0.0149566745997313,0.2134937336014808,-0.336230782945256,1.3169365784030649,-0.1056806815960019,-0.0873465419240423,0.0761551323601743,-0.336230782945256,-0.004230439275617,-0.2476033805470492,0.4747278894942095,0.047531953654996,-0.1587790062814851,0.2895680725112535,-0.0627081525532085,-0.075545280504387,0.1497073573037841,-0.2678163004684221,0.1804320854926526,-0.1384305419535965,0.1309156044707708,0.0343083085832385,0.2467280833567782,0.1416673693884267,0.0162231487476367,0.4932604427338456,0.1407766990291261,0.2386164808243833,-0.0326145364809229,0.0908563851639321,-0.0437158766638459,-0.0888209857216023,1.1468537797325,-0.0240340032056433,0.2069573294766422,-0.282246083698176,0.1763224147475233,0.1390019744637858,0.2268416115344744,0.0882755227740648,-0.1009986523885363,-0.1040688789840751,-0.0901059825373128,0.0471515077533144,0.1345014684917224,stop,1784,3,39.09868812561024,-0.0523827019836546,0.0174503453706483,0.0556228371862917,-1.0,0.3331318299711513,1.061855060543615,6.161644185176635,1750,0.5101423512557257,7,0.0805064191123796,0.0213207748700987,0.0389065231392031,0.0,-1.7349431222960243,-1.2248007710402948,0.7073033434522263,0.1188366951878347,41.76360472232943,39.09868812561024,54.57722272260492,1.49028560093471,-0.1836513450410749,-0.1194248791245928,0.0353483303208832,-0.0878407889671892,0.5603462167077186,0.0050700847043343,1.0,-0.0171088382275531,2023-10-16,30.0,8,-0.0162512813638374,-0.037587339236635,False,False,False,0.4285714285714285,0.0,0.0,-0.1010696212767592,-0.6003792839969687
LITE,Falling Wedge,bullish,1,0.704677839019222,5,82,1918,1919,2024-05-02,2024,0,45.7599983215332,44.07963191089539,65.86159040741109,40.50857223589523,0.9160356199062868,0.0381211534169474,True,-0.0469842174397527,-0.0646106420798964,0.1837539628626594,-0.0894967195690877,-0.0720795283807795,0.0741955157688516,0.0063816210559997,0.0259166003957447,0.0531178558851355,-0.0119746024819447,-0.1300557671957476,-0.0619289185189958,0.0331588403346787,0.0155913650348624,-0.0118941719176707,-0.0394428292499628,0.1205857993098362,0.1204452786327383,0.0168116472769475,-0.0412287679865909,0.1601480276473446,-0.0914512632980689,-0.0600119147200502,0.0227272935680584,-0.0115670414769997,0.0110450559512715,-0.06001584836026,-0.0045835819152217,0.091177915488809,0.1105442839972086,0.0924000429168916,0.1773171705151355,0.2033818570927386,0.1409508032594248,-0.1701548395798757,0.152016019244493,-0.0138407957379577,0.0952141695945536,-0.0070351450543395,0.2041049275799056,-0.054248188556212,0.0809953029042769,-0.0808668579479489,0.0809953029042769,0.1093046408314888,-0.0352078181883744,-0.0493880770198743,-0.081100271322121,0.1536895813598049,0.3058220760449617,0.0342105397006922,-0.0269188916609162,0.211639404296875,0.1887089553829646,-0.0646789761202153,-0.0500000263082571,0.1013333129882811,0.056497172705993,-0.11594371218328,0.1508299255588567,-0.024588132216298,0.0,-0.0488443678252378,-0.0222793362648862,0.0279256142119395,0.3209561009090447,0.0449625445003023,0.1615143750655221,-0.1196298850271817,0.1239073905510712,0.0535980965972646,-0.024940441671085,0.3238023403993126,-0.1054628315935651,-0.0871186337228548,-0.1715881841688301,0.0731958605579494,0.0327067733150177,-0.2016703299866585,0.3106194840385727,-0.0618279715073558,0.1679368581693723,-0.0898703648304177,0.2421335224580059,0.1294142273927363,0.3387539826698031,-0.1889452872159319,-0.0219965551540047,-0.1241576818357159,-0.0556747390946419,-0.1066667036576705,0.1049752243229693,0.0718968757911684,0.0081428127671465,0.2359712449766748,-0.0840039998179913,-0.0549828302575753,-0.0246276364113338,-0.0255005385179589,0.7813319207084328,0.1270245576947093,0.0913271943719258,0.2201481571903936,0.0902017867316393,-0.0718778057560318,0.8307595997268975,-0.118859433211918,0.0754975072092558,0.127471549051116,-0.1202413483378926,-0.2700112076158887,0.0390927337226625,0.0047810149825575,0.5855182725588275,-0.0500541611587566,time,1978,60,49.04999923706055,0.0718968757911684,0.3199301516900751,0.1081730142003278,0.6264966624066376,2.7878147698554443,0.9426005179392776,3.827834907712659,1836,0.7148306684281696,7,0.1202871848749818,0.0488926059913541,-0.2934588997447845,0.0133333333333333,-1.144331877670267,-0.4295012092420974,0.2624514647288501,0.3421835074088944,44.07963191089539,40.50857223589523,65.86159040741109,1.4667854309082042,-0.0686602646689492,-0.0468053077150173,0.0331177557143371,0.1295588357477517,0.918479511552938,0.0211396635861289,1.0,-0.0156704690982315,2024-05-02,17.0,11,0.3932873314900091,0.1378583688772576,False,False,False,0.1,0.0,0.0,0.0272781641078563,0.7177801094903189
LITE,Falling Wedge,bullish,1,0.7933801875902798,3,34,2473,2474,2026-07-22,2026,1,841.0,802.6029348918819,1070.200341500684,636.5861208767401,0.8653474733056483,0.0478406736866598,False,-0.2837693512652348,-0.270366084686963,0.0312015610229803,-0.0139978754200009,-0.0790123645170235,0.0604092995268052,-0.0068073883737778,0.0027067079725295,-0.0118941719176707,-0.0412287679865909,0.0873983571215628,0.0555555555555555,0.0551601144490616,0.0410456521548971,-0.1903614825512989,-0.0320825348771048,0.2163167055533714,-0.0452218051226046,0.006705223480401,0.0161779420627585,0.0735678361288865,0.0129608084073933,-0.2956993198987414,-0.0175267422525267,-0.0586698547821809,-0.0610739632419992,-0.0984080953287899,0.0428015968491293,0.0385320820939649,0.1491614602054698,0.1278060771434925,0.2003031239017898,-0.0213523485954403,0.0791896739866937,0.1160041290501605,-0.0593637488220071,0.0446175722058777,-0.0366793002374262,0.0366369187856983,0.0487131918538825,0.0960512304495742,-0.0506611109634967,0.1565114792942183,0.1391050097066972,0.0084745836471837,-0.0653452203517603,-0.0159334416338436,-0.0560892535243444,0.1205776709560515,-0.2639952663738628,0.2000943682990204,0.0054253470066383,-0.0166889105902777,-0.1020152368810071,-0.0710353976381393,-0.0132672904741646,-0.0142222086588541,-0.1672482475153668,0.0065011992859587,-0.1929524512848055,-0.2229577722683758,-0.0695102332419231,-0.1565042710330496,0.2174992936951207,-0.1262490972285755,0.1197545364655834,-0.0900159305637308,0.1025384121929877,0.0207801326586949,,,,,,,,,,,,,,,,,,,,,,,,,,,,,,,,,,,,,,,,,,,,,,,stop,2477,4,636.5861208767401,-0.2430604983629725,0.0665873959571938,0.2838525216446195,-1.0,0.2739540007762019,1.1678266257017649,1.1212562595247162,2438,0.3509851352319025,7,0.0264584302462582,0.0982876291240821,-0.2767757933526168,0.0,-0.9513112974805948,-0.600326162248686,1.6815280082057196,0.2925376228071058,802.6029348918819,636.5861208767401,1070.200341500684,66.63121250697544,0.4259129159636874,-0.0388255479461651,0.0803075949459541,1.3251969941685364,0.4067700835012957,-0.0326424697157962,1.0,0.0188526891852258,2026-07-22,23.0,10,0.9453659495941996,0.450817411066917,False,False,True,0.1111111111111111,3.0,0.3333333333333333,0.2072754733746526,0.7831981832738973
LULU,Falling Wedge,bullish,1,0.7246485119246059,3,25,630,631,2019-03-21,2019,0,145.72999572753906,144.92465886266243,159.12245066436645,139.51586006261124,1.106953446285066,0.0055569346941832,True,0.1496603183833913,0.1585227331015153,-0.0214285905295512,-0.0262981256029131,0.0703174153331691,-0.0368132841575779,0.0011771322472045,0.0837095753611179,-0.0623668241783006,0.0327588532390752,0.0645714460100446,0.0266666990337949,0.0161972950550655,-0.0229017789945981,0.029136598945074,0.0129918173955534,0.052738318787616,0.0333672830368909,-0.0159958696126258,-0.0159958696126258,-0.0173907539055473,-0.0199489816324673,0.1404357005724714,0.1759418111669042,0.1619596507064769,0.2093023505888351,-0.0125570604255895,0.043817071520994,0.0654582054404573,0.0845720996153394,0.0428887788043046,-0.0865698992723661,0.0457438590681877,0.0728743051302609,-0.0363699609425416,0.1194809805967684,-0.0386723210954719,0.0127929344556225,-0.0597382390686355,-0.0948179145931058,0.0773007230149529,0.0102840529770922,-0.0481609777751256,-0.1465953506795768,0.0305011490760978,0.1613650718450792,0.1892541181612264,0.1652443313931955,-0.0919082601139913,-0.005849872189095,-0.0278089868922952,0.0403464148307353,0.210692042815578,0.0695937156677246,-0.1744677303282306,-0.1780713406133879,-0.246493880260139,0.0101694606789251,-0.1735290786231599,-0.1363910829820337,0.1361330721928402,0.0159170585952312,0.2394332885742187,0.0536665085674412,0.0789560479774453,0.0084833707471196,-0.1781771183013916,-0.0537870222267879,0.209408787755389,0.1871269132776598,0.177875910140866,0.2067774732257514,-0.2672697610864005,0.0267227059924419,0.0050137106794294,0.2284287456422022,0.0088896284298261,0.300639779452077,0.1171187996081011,0.2844587796925324,0.218871036178132,0.0470610428897353,0.025461915382335,0.1669953509350799,0.2869583029987625,0.3034292172784989,0.2078755202298556,-0.1022674823516563,0.2458757870772738,0.0593332906966943,0.1245204601560061,0.0623821981223259,0.2580800227337432,0.2363657802597656,-0.0376234235280609,0.0561228219469769,-0.1111789417451517,-0.0355305231744628,0.2123805952372055,-0.2694656222311204,0.1216869263862669,0.2264610498366313,0.2695600133981111,-0.1177292051861348,0.013150894598892,0.1686871662930498,0.159945058298635,0.1821729232225648,0.3733815433548533,0.1798527242607608,-0.0062006125039989,-0.1611283794095112,0.0347905982851357,0.0566470875459559,0.1922808879894132,target,635,5,159.12245066436645,0.0918990964761043,0.1764907841539361,0.0301241989868448,2.155159729198308,4.138950709728649,0.7064537413345041,2.155159729198308,605,0.4624825473959687,6,0.0838189126863083,0.1001913051826903,0.1187475289414077,0.0,-0.8859642775893537,-0.4234817301933882,0.7297950041670629,0.0825670967461264,144.92465886266243,139.51586006261124,159.12245066436645,3.662140982491629,0.0844622340875851,0.0128926267655107,0.0245929816159387,-0.0601489436534263,0.8722558598508845,0.0020089592924912,1.0,0.0308707080209169,2019-03-21,33.0,5,-0.0361209422919597,0.0377571464231745,False,False,True,0.25,0.0,0.0,0.0096963296585886,-0.3473922799089675
LULU,Falling Wedge,bullish,1,0.6999360936107853,3,17,1279,1280,2021-10-15,2021,2,401.25,397.1259765625,445.9330139160156,379.8267856520047,1.6077455538991017,0.0103846730782943,True,0.0510405258226245,0.0304310138213754,0.0105634991711591,-0.0163519311732809,0.031516737221253,-0.0486609304053151,-0.0073432226008471,-0.0180100569704274,-0.1504683558789125,0.0277902247569263,-0.0399218402389436,0.079297707241317,0.0409817858450907,-9.513142079020652e-05,-0.0162226080164926,0.0348514519115485,0.0311688509854404,0.0176470588235293,0.0300557017935747,-0.0609919571045576,0.1168589224785405,-0.034590827228495,0.0496367718631086,0.1613956629672897,0.1269788165258756,-0.0206575241936942,0.0110695578835227,-0.0078117234712943,-0.1402052179627079,-0.1964638685404849,0.0137998359758548,0.037453209794791,0.0330167621777937,0.0448249968149445,0.0361404883261224,0.0540398574699898,0.0271893938107929,0.0098039164225673,0.1870637194662183,-0.0010397013287983,0.0367764359667246,-0.0720092594802394,0.026045443990506,-0.040700935470894,0.0110695578835227,0.1589254156905278,0.1279501466364876,0.0754692541326629,0.0085367254861841,-0.0413656716810442,0.0011897952646693,-0.1220057226667783,0.0942818698363954,0.1183483216232432,0.0025814381400195,-0.1388213176277813,-0.1033609802093541,0.0880549254035449,-0.1140976412506856,-0.0393084360252541,-0.0518097497462174,0.0717391711680242,0.0250597880871155,-0.1185736131298449,-0.0422817176496478,-0.0336073664570226,0.1741762124715637,0.3031259124424632,0.123857049462508,0.0062305295950155,-0.0446739632461412,-0.1684961634087038,-0.0947279257482468,-0.196541948563795,0.1900865018193023,0.0356710637179666,-0.0411509982597697,0.0916600106398726,0.3301087255063266,0.1769235175606307,0.1137697697657837,-0.0056097316622568,0.1071495122856383,0.2262655628196783,-0.0126705764722357,0.033496655617808,-0.238595808874207,-0.1245037521386616,0.0323602769311102,0.0887593034217166,0.0523652239662295,-0.0235854313511937,-0.1358255451713396,-0.1976097835520903,0.2347674957267587,-0.2654512813971674,0.0383427133393463,-0.0353422157182027,-0.026231633775547,0.2838633173396481,-0.1218107649154395,-0.010692121715824,0.2432615251987135,-0.3567430327590766,0.0026666259765624,0.2817108898353322,0.1771217368368309,-0.2583014176269741,0.0666771747977506,0.0401692781271947,-0.2978913312405123,-0.3960705598105795,-0.2653610429356186,0.1637910883477393,-0.1107493673528863,target,1289,10,445.9330139160156,0.1113595362392911,0.1639626381181853,0.0023676316686135,2.085728742204217,3.070968131870377,0.0443449891131808,2.085728742204217,1260,0.467473331615894,5,0.0719874183360215,0.0545459440953666,-0.1787372593843205,0.0,-1.336481394876892,-0.8690080632609953,1.0133265513455252,0.0819270975722847,397.1259765625,379.8267856520047,445.9330139160156,10.60285295758929,0.134678051604421,-0.0085067025501691,0.0262765549824844,0.2520868325362639,0.0795646605695024,0.00270278417138,1.0,0.0101270394512038,2021-10-15,28.0,8,0.1117802108860892,0.1101051918450712,False,False,False,0.0,1.0,0.1428571428571428,-0.0412910916072464,-0.5954815927763362
LULU,Falling Wedge,bullish,1,0.7065367497212381,5,56,1387,1388,2022-03-22,2022,2,313.3800048828125,309.0365882748465,402.7567198706465,275.78462836739845,1.0491943862658113,0.0140547002289033,True,0.0976131082432323,0.0648550759733612,0.0138256563115422,0.005609181006531,0.005443234836703,-0.1368444422101885,0.1449216645339439,0.0516458177313929,-0.0410529313667987,0.0242972709037161,0.0372135639190673,-0.0136943930381873,-0.010785530661489,0.0320447046394789,0.0505318876111733,-0.0190766889532708,0.0282508732890651,-0.0586937031946321,-0.1117035607569491,0.1496603183833913,-0.0933544253228789,-0.0240992453951125,0.0959061456299074,0.2093623853764925,0.2001435736204664,0.0873042592219606,-0.0170613115002806,-0.1807329952493923,-0.1807329952493923,0.0345528522457154,-0.0043572286918251,-0.0362324636965832,-0.0527436172050693,0.0593736199984413,-0.0064351199819053,0.144200194126052,0.1318296361999353,-0.0004666626324613,-0.0060778717987821,0.0027982686929717,-0.0124636275524436,0.0401055772016234,-0.0032443858968417,-0.0477690177906557,0.0787437522531735,0.2078328422417805,0.2298167971520823,0.2347396916917651,0.0150028612062911,-0.0977532473087432,0.0920082325545801,0.0212606727694901,-0.0724595994068896,-0.0232197066916797,0.0144603662596585,-0.4111787049036062,0.011098048224454,0.0180931539949014,0.2617038134279514,-0.0748187877545332,0.0749076310993306,-0.0102107111810891,0.0431137256730718,-0.1363910829820337,0.0825777373467842,-0.1725259013552805,0.1400000114799666,0.0710869664731232,0.2374790232057949,-0.1303848849080849,-0.0072056196525225,0.2157822797087587,0.0844227221219047,0.1283010636175527,-0.0198899321598529,-0.0250656514169175,0.2475453772453597,-0.320279839097141,-0.1251297864200069,0.1850716674952817,0.1899306386868371,-0.0376227327095444,0.5531120754005283,-0.1587476999820112,0.2412331365102293,-0.2112804438726017,0.2551350648344275,-0.0616186479291014,0.002299536968366,-0.019224861232821,0.1122723036886246,-0.1921971984809786,-0.134150258120784,0.045438401598719,0.0518617067371938,0.0099263267239935,-0.187101479389991,0.0715724725584989,0.0859606266233548,-0.1462951698423782,0.1507546546879816,-0.1349170283183078,0.0293187101785756,0.1825662800845604,0.1113337005613546,-0.2714674847680818,0.011282231567536,-0.089545737516807,0.2389785846529926,0.5347092136560729,-0.2904154218017299,-0.2142472401629187,-0.1031837555939448,-0.0204243542038274,-0.1351835999424904,target,1406,19,402.7567198706465,0.2852023536768282,0.3034972999860938,0.0233901875538766,2.3773326209724144,2.5298319678369907,0.1949712376690377,2.3773326209724144,1329,0.6234978230505448,6,0.0748809400120016,0.0403047551935906,-0.2998034866750174,0.0,-0.9101752894733822,-0.2866774664228412,0.5179340431343421,0.2435901358275838,309.0365882748465,275.78462836739845,402.7567198706465,12.755002702985491,-0.1787735030342595,-0.0128567102045158,0.0404882162092803,-0.2573375210020132,0.4889548079732129,0.0164493131663714,1.0,0.0498562537237108,2022-03-22,28.0,22,-0.1685190376337447,-0.1063352084200589,True,False,False,0.6666666666666666,1.0,0.0476190476190476,-0.0314517807773327,-0.6161463950375772
LULU,Falling Wedge,bullish,1,0.7938750017836034,3,32,1435,1436,2022-05-31,2022,2,297.8500061035156,281.7810347707655,440.4505454615546,247.16412139532625,1.5431539032231474,0.0570264473115538,True,0.0280006586099987,0.026627775864072,-0.2003302019544476,0.0001299773782506,-0.044112711233422,-0.0333381981967573,0.0080326889520425,-0.0315137097037023,-0.0476737123241597,0.0407494599604609,0.0360130876376207,0.0267471920375095,0.0023569922090822,0.0426461170631873,0.0061200164029713,0.0062636605334041,-0.0051389393981219,-0.0174422241415564,0.1356025074132212,-0.061501516164602,0.0401615114220008,0.0126126263592694,0.0321814273973862,-0.0582508166794724,0.0412264847560998,-0.0534755181420594,0.0023833277252003,0.007711674582808,0.0140292697591131,-0.1317728057840522,0.1194809805967684,0.0692143334843311,-0.0109240904503381,0.1378765183896111,0.1677048994390342,0.0007954071105795,0.1198224852071005,0.0509337847585944,-0.0031629080970447,-0.059994600007167,0.057848155710666,0.0498184210323842,0.1488283161350343,0.082137336706491,-0.1317728057840522,-0.0901249257981225,-0.049924441203535,0.0300116558708541,0.0741918236239838,0.0186907519228287,-0.0167185773968221,-0.0428500366210937,0.0179738905162192,0.0690696801392465,0.0288824538777507,0.1050012695469464,-0.1215110948350696,0.3051378505519875,-0.0229182272210566,0.0465390818549125,-0.1635278352691893,-0.010039992490697,0.0879685827610363,0.0650363990992095,-0.0711765359781537,0.1306829242855327,0.3031259124424632,0.040537864479867,-0.0921292504680301,0.0201443675576582,0.0378382455686328,-0.2489670726069741,0.0921957521668035,-0.2672697610864005,-0.227252150646697,0.0501652657164686,-0.0046167700809205,-0.1242764532774519,0.3215638928106863,0.258234680643288,0.0986191220582823,0.109043732777829,-0.1064886711129189,0.1231338722428421,-0.2598370538090123,0.1160164113133475,-0.0679820379944124,0.1477186543859909,-0.1176681534624912,-0.0415404884634597,-0.1836371772119681,0.0367865878395166,0.085647066393482,0.0708287073478837,0.2830899198342189,-0.1391702335373059,-0.0601431825531556,0.2603869588654535,0.2650816575017038,0.2075803705222707,0.1746570660653521,-0.0236508202931237,0.1657142700391252,0.0230512412683845,-0.0097401597009558,0.2279252638852515,0.2944635117008036,0.0450455668004101,0.0624922762725503,0.3213991908365246,0.0783425009711671,0.1665200195312499,0.2232861469081466,0.1487467710841499,-0.0501068504066289,time,1495,60,323.3599853515625,0.085647066393482,0.1271109101082393,0.1311398246035916,0.5032955307954836,0.7469532310530115,0.7706287023196176,2.8134171905851884,1401,0.5478027386306715,5,0.014065657536842,0.1610932861805756,0.1872925557136082,0.0,-1.9294468938842075,-1.381644155253531,0.7684285449568051,0.2160489343773494,281.7810347707655,247.16412139532625,440.4505454615546,17.05214473179408,-0.218210462553033,-0.1292097987581629,0.0582600860622417,-0.3681949741582798,0.3995635588279389,0.0092286446838252,0.0,-0.003739460923507,2022-05-31,28.0,22,-0.3819016272291702,-0.2926799033078767,True,False,False,0.9047619047619048,2.0,0.0952380952380952,-0.10072666852471,-1.4004329636748682
LULU,Falling Wedge,bullish,1,0.730345244817905,3,27,1853,1854,2024-01-30,2024,2,472.0199890136719,470.63472684702447,538.198708785204,464.4827442784465,0.9846763183033592,0.0029433913131056,True,-0.032795179926801,-0.0437647578974863,0.0123767572367832,-0.041885400013961,0.0526131319264648,-0.0084019810658239,0.0372135639190673,-0.0386018818145244,0.0129918173955534,0.0118872348962775,0.0352802398682998,-0.0015231029337533,-0.0629411056823615,-0.00986715584941,-0.054801431209587,-0.1059514014037338,-0.0018461726262019,-0.032795179926801,0.0061960449899478,0.0245346331607276,-0.0326967029741344,-0.0037457148680734,-0.0226969895780388,-0.0334519266023846,-0.044626236938367,0.0004242328469505,0.0437228944017462,-0.0404653952495989,-0.0316917400925504,-0.0261187895027081,0.0993019382258095,-0.0260387229449392,-0.0143330712478567,-0.0015689227656017,-0.0594613997569115,-0.0317618141317243,-0.0081516512811614,0.0336150406671802,-0.0481468181345607,0.0527545649114526,-0.0854034959224232,0.0232359823385501,-0.0507673509050123,0.0439163002732623,0.1092904372709158,-0.0325695375524255,-0.0166941539524635,-0.052795884408587,-0.0111895542892317,0.0536665085674412,0.0470139199318799,0.1263593838366823,0.1218282702733197,0.1202400228064242,0.0302420463143813,0.1737522782638483,0.0735969833777436,-0.0281446675402939,-0.0258479332587517,0.0202431020157112,0.109686052031622,-0.2333818133785649,0.1788161803628796,-0.1066623691781897,0.031818167384398,-0.1384028576934067,-0.2029212369521417,0.1361366534405172,-0.0405366107682769,-0.1749078417867647,-0.2489438029559324,0.2302227567664059,0.0052434687626659,0.1724137899203561,0.0642629862930801,0.0296803183107721,-0.2404669379445829,-0.0269668322312955,0.2516372878696922,0.1041809761389249,0.3768175858376887,0.0761184969969848,0.1972569515359645,0.0571512344779274,0.1907182326505883,0.3529847285453527,-0.0295389328486098,0.6592284867046188,0.1750666551906745,0.1663818977310769,0.0132999451995312,-0.3161924965821556,-0.2373204347717301,-0.2709545675930733,-0.1856788399809809,0.5421448965441658,0.25102309864151,0.4844245466603794,0.0100112208854485,0.1772487686035699,-0.1987085114634351,-0.1601698570452111,0.1017567443233578,-0.2694656222311204,0.0225976272806163,-0.0204243542038274,0.0438160897366926,0.5282740649268349,-0.2444260381156144,-0.1918749809265136,0.2178805681409692,0.1075890083379695,-0.2908059646834188,-0.0302781000284297,-0.2820671530418782,stop,1854,1,464.4827442784465,-0.0159680626046687,0.0022880749014475,0.043790482164427,-1.0,0.1432907020779463,2.7423791632444794,8.7802270055323,1824,0.8533043205124803,7,0.1249131363404493,0.19973629011038,0.0646154803384768,0.0,-1.2043230707011394,-0.3510187501886569,0.1285105909045661,0.10992428417219,470.63472684702447,464.4827442784465,538.198708785204,9.17785862513952,0.189946202262377,0.009685331323249,0.0190649329902422,0.2717618034209388,0.1421132801963276,0.0,1.0,0.0327787724876262,2024-01-30,54.0,3,0.2122966670758932,0.1785672198528693,False,False,False,0.0,0.0,0.0,-0.0897580988277832,-1.9007441051013083
MTB,Falling Wedge,bullish,1,0.6936273129792794,3,24,2391,2392,2026-03-24,2026,2,202.6171522844328,194.0485048238752,237.96963451881768,188.333132732726,2.1726437561144825,0.0441572454698107,True,0.006671450507607,0.0193180641402695,0.0645277987649528,0.0034785655187674,-0.0522257390465231,0.0253187474914389,-0.0052307943526395,-0.0587611102958386,2.8350696532841724e-05,-0.0878930804057936,-0.0072615968275013,-0.0475924484515428,0.0553378966694964,0.0740240852064886,0.0215404664158977,-0.0052156813213803,0.0079554568451987,0.0025144518094377,0.0398810880519948,0.0057407904450472,0.0002565084927077,0.0360664611579224,0.0030469396643738,0.0666665508231443,0.0403406457526314,0.1317147304486072,-0.0546527181363621,-0.0266107364998777,0.1402131484707209,0.0195028277886732,0.0627480391267543,0.1013058044147896,0.0307283563366871,0.1103036060940361,0.0097246307406051,0.0141941813317425,-0.0226807270137436,-0.1793337592479,0.0431924187549042,-0.0668086408703254,-0.1090590439416316,-0.0188690798488949,-0.0230398615364343,-0.0960921180022471,0.0094171820129058,0.0628716388019938,0.0595081788926634,-0.0202587681786767,0.0336987922244604,0.0524063508088616,-0.0504486634236454,0.0470429894579313,-0.1322206147285247,0.2600321981670557,-0.0546603474953598,0.0139763404119956,0.0470429894579313,0.0769673869897933,0.0183966318651838,-0.0504486634236454,0.1235666499302983,0.0883578237624038,-0.0666187393622393,-0.0382777935754909,-0.0829815603737874,0.0820586591539769,0.027681505255273,-0.1493070180529315,0.0471949330401864,0.0246894553743051,-0.1006844904516766,0.2176076832472371,-0.0601111085344071,-0.0678789739085484,-0.0360260507161248,0.0787622644824153,0.0021641787304709,-0.0035662274540411,-0.0334602968900307,-0.0708478199766351,-0.0099734638584715,-0.1214318849126915,-0.1415075512502397,-0.2174707766593991,0.0519840337440338,0.1655726884367101,0.0657999017117987,0.0511335043821767,-0.0622050475771304,0.0453253350682616,-0.0382847477608935,0.0339101733590805,0.1039368664872817,-0.0326927391014235,-0.150737733966316,-0.3174200721941528,0.2563411569889009,0.0754389478636754,0.0779567393351987,0.05581189237705,0.1777991684839341,-0.0993262454003138,-0.0348894138337942,0.1042258968952198,-0.0028544771583616,-0.4491480114891522,0.1916316768653501,-0.0555651293508071,0.2860973219431981,-0.0635392476755639,0.0449905542907185,0.0936907312827575,0.1498270286899521,-0.1046620461131607,0.092153429595565,time,2451,60,223.67654418945312,0.1039368664872817,0.1437064957678574,0.0254687837718216,1.4743323354317248,2.0384598909190714,0.3612717289635639,2.474967365202223,2365,0.6224526785875195,5,0.1222617824574813,0.0811156281634006,-0.0271634316795564,0.0,-2.5811543962217964,-1.9587017176342816,0.5396083369871197,0.072764945681037,194.0485048238752,188.333132732726,237.96963451881768,5.530408017220891,0.0355696285434052,-0.0565399892722793,0.0275051592787196,0.0398669507575759,0.7999995304987982,-0.0090700910186796,0.0,-0.0471173434841297,2026-03-24,60.0,9,0.036855742920338,0.0296186321648803,False,False,False,0.125,5.0,0.625,-0.0006725887453233,0.0153452224467465
LYB,Falling Wedge,bullish,1,0.7680719762139244,13,192,1327,1328,2021-12-23,2021,0,65.31880475633568,64.44510382759296,88.38143479871769,59.399595278804185,0.7108339933151671,0.0135572894890525,True,0.0145197817176738,0.0083764903538401,0.0167144373639693,0.0288658106365726,-0.022344232838755,-0.07770132094809,-0.0171836077818282,-0.0400552690079136,-0.0113303329874786,0.027554772862764,0.0449516408340493,-0.0309596930116575,-0.00746842778868,-0.0731614002847382,-0.0257276817092597,-0.0612802612795879,-0.0376069968685941,0.05692044702742,0.0286714907524929,-0.0524007609451978,-0.0065442932575769,-0.0599463791006239,0.0305213846343095,0.0736991299377167,0.0863459479333752,0.0021553146429407,0.0641336142415571,-0.0229809493120002,0.0447026670880301,-0.0316880661444246,0.0167922439310448,0.0403417763796385,0.0072261467615133,0.0315838357021382,-0.0598413406440827,-0.0574323845135184,0.0986547239745323,0.060694139603979,0.0122979312467195,0.0425403271448352,0.0036198377924347,-0.1068068852617394,0.0032378152900174,-0.0641266587435157,0.0223325718162519,0.0683272968878991,0.0272796285931098,0.0955336467661185,-0.0339307492264122,0.0378910344898788,0.0086443923042922,0.0560840245452796,-0.0800051534893881,-0.0440520142231698,0.0213476876603517,-0.0193475605865235,0.0335814297710033,0.005632937911068,0.0925633266253809,-0.0126197801083594,0.1100684530714262,-0.1038748598423839,0.0142743378146104,0.2212416396011538,0.1006520797862537,-0.0308324586955226,0.1161475609593598,0.0336435968465782,0.0009241323323659,0.0951490769342813,0.1851589392153305,0.0893126604331011,-0.0127839453480447,0.1025016357672026,-0.0846014609756007,0.1417130349774531,0.4668122547109643,0.208257440142398,0.1169521057641247,0.106072117652892,0.1319083938337404,0.139028720235079,0.0883197962720403,0.0720688368046151,-0.1228284979593787,0.0057311090259426,0.0973173072183444,0.0947367047054821,-0.0476763395943807,-0.0704426658092793,-0.0846353500582273,0.0232608840443579,0.1635400480851414,0.2081812111740002,0.214773045671091,-0.1011985843482237,-0.0509995839628142,-0.1016039532743932,0.1231479733656881,-0.3342934025494054,0.2911157369360011,0.012832357185021,-0.0989793148970256,0.0216986041731155,-0.2086489504803013,0.0464020483331515,-0.3088774692473214,0.0682930622812736,-0.0136770013886953,0.0896034367286893,0.3498220274312618,-0.0037113397236897,0.2320446751697318,0.2296740851501502,0.1406691754574761,time,1387,60,76.00104522705078,0.1635400480851414,0.1839004317241099,0.0183698648620159,1.804673497578252,2.029351459851094,0.2027124772111775,3.89623481478812,1135,0.6835594225350865,7,0.072738373317656,0.6487252646277519,0.2829426070691681,0.0,-1.130589807274084,-0.447030384738997,0.3486391520741267,0.2801074344435645,64.44510382759296,59.399595278804185,88.38143479871769,1.7741805290935946,-0.0776705678781856,-0.0098917141970241,0.0272698562976564,-0.0902974191090665,0.7532895479836103,0.0054530671841126,1.0,0.0059931566803486,2021-12-23,21.0,7,0.0467197880081586,0.0280394824049035,False,False,False,0.1666666666666666,0.0,0.0,0.0713320358305824,1.627051552336843
LYB,Falling Wedge,bullish,1,0.8278595303722086,3,32,1688,1689,2023-06-02,2023,0,73.29097418215613,71.60876798399562,78.13252972451323,69.01987843600412,1.6905914320265631,0.0234916232399988,True,-0.0143932842883741,-0.0181756439588905,0.0272430680244226,-0.0354689709633357,0.0057753014202257,0.0591890225396318,0.0302130451153139,0.0020880355403245,-0.0024998367834873,0.021327551090946,-0.0203546910793863,-0.0235463289482107,0.0043677897741747,-0.0030471241581345,0.0652749231246805,0.0776203711297236,0.0489899075206168,0.0267257905365401,0.00870397952147,0.0707462392851216,0.0496240908315332,-0.0312253536789369,-0.0334806247805358,0.0212577601878445,-0.008658093729404,0.0644021177190896,0.0768907215596503,-0.037139799740218,0.0078453815881489,0.1004760369100177,0.0813035633907541,0.0994514819257308,0.0020396180462107,0.0512599313862076,0.1284325511230504,-0.0034360704521964,0.0143166204939939,0.0481825128200195,-0.0061111886201961,-0.0694343190454478,-0.0168782809582601,0.1366273620620548,-0.0086543645519929,-0.0244604639206543,0.1487615493587084,-0.018435987866889,0.0253540941163994,-0.0147094304419155,0.0775935119952162,0.0325021131909559,-0.0387392109959533,0.0161288166204263,-0.015151428737157,-0.0787130794997408,0.1845567673932109,0.1245599008288804,0.0702383039693699,-0.1374636951592579,0.0076390665167371,0.0094903882568171,-0.0147218573002916,0.0440605440298029,-0.0259281820940693,-0.1097726820877033,0.0273335260361193,0.0115320203697411,0.0226317941641192,0.0009827681067655,0.0149161248361999,0.0823739256590712,0.0125702006132699,-0.1315592589075932,-0.061767666402847,0.1415110883190002,-0.0191313791385475,0.0372202341798246,-0.0325161620376767,0.0645041231690861,0.0175640619528802,0.0195604187200968,-0.0992914440303964,0.2266190055720933,0.07075608584362,-0.0283594109677045,0.1527591900055394,-0.2507822663765467,-0.0311822754276978,-0.433156021120394,0.0903119855817995,0.0226665648904984,0.1018517015221354,0.0894949968917126,0.1080151793319557,0.0553664526357768,-0.1062732698290602,-0.0312586537811061,-0.2197960219020963,0.1368349596208664,0.0139485972212038,-0.0391528577463904,-0.0390831519214176,0.234788003822733,0.1269623156708859,0.0387065953915641,-0.2054306678663471,0.0372631587067351,-0.0370399149770809,0.1010793283147348,0.1769825793832833,-0.136835013873333,0.1078724445214325,-0.4183811960306599,-0.145709849078175,-0.0134107149229915,0.1289118457957166,target,1725,37,78.13252972451323,0.0660593694705704,0.0823737633263373,0.0406335048984367,1.1335628677299106,1.4135139364826494,0.6972611562559542,1.1335628677299106,1656,0.4340879277471871,7,0.0953215629275637,0.1194978588803936,-0.2649443767176529,0.0,-0.8748162494915325,-0.4407283217443484,0.7997505806127947,0.0749584757737817,71.60876798399562,69.01987843600412,78.13252972451323,1.4842521229119785,0.0561324319140668,-0.0060691694463373,0.0203415877762949,0.086095421179738,0.8195478586097338,0.0183473532190387,1.0,0.0562533967191372,2023-06-02,19.0,6,-0.0243435087531721,-0.0109977413882039,False,True,True,0.2,4.0,0.8,0.0215132761329107,0.4725783054425819
LYB,Falling Wedge,bullish,1,0.712223879420671,5,56,1795,1796,2023-11-03,2023,0,76.33292213788599,75.2313997928922,87.66038812934676,72.00949620788992,0.9502978781410422,0.0146417898381023,True,0.0103381414351464,-0.0014650836863405,0.0067309124089263,0.0051398875731085,0.003735664397229,-0.1257073255798548,-0.0011867653025963,-0.0402969545951199,0.103030289527213,0.0418352621244293,0.009774136180876,-0.0090685117698183,0.0525276409616457,-0.0541366534991001,0.064618576116233,0.0122406776845021,0.0107084654717797,0.0292139486237337,0.0338428688793208,-0.0606828168664335,0.0116033979077647,0.0257926406397237,0.0043523743909682,0.047060081039129,0.0118798453033299,0.0036268538498605,-0.0386133538843304,-0.0487832456570801,0.0058803994484115,0.0579331023701519,0.0135492697459072,-0.0477660264165463,-0.001713609076132,-0.0063082007469942,-0.0303997591458182,0.0123604406133859,-0.0229932099574317,0.0045726620054096,0.0982542741378669,0.0365580842922859,-0.0347579062188508,-0.0549185621840937,0.0577002827935808,-0.0193229248001131,-0.0186672197590828,0.0487505134686097,0.0267614511432021,-0.0219675085135757,-0.0461696603312873,-0.0714532801445956,0.0046210128865993,0.0484925275661414,0.0371026900920228,0.1466432363486012,-0.0135397598698716,0.0838098685912744,0.133080548231947,0.0815393147371843,-0.0022988294830892,-0.053732133787687,0.0217434635877165,-0.0022350955479593,-0.09709809255763,-0.1662331982990696,-0.1332519735054153,0.0802134744017464,-0.0126426592444657,0.0076426639259106,0.0244497452632985,0.0536064366563113,-0.0272732156004584,0.3191732086020074,-0.0220807605235089,0.1324176268305112,-0.0633866536443449,0.1024931672938369,-0.0381030328643655,0.1336383808838965,0.070575065910849,0.1805393946408833,-0.0121135435178864,0.0718023612661094,-0.0321781691542361,0.091648760066429,0.1253109716149043,-0.0245216052997021,-0.1553373927333043,-0.1596329716469128,-0.0184050755145608,0.0678783563131377,-0.0798167140883155,0.01911136793454,0.0324360521198197,-0.0955023542125723,0.0460701586752185,-0.031739034709605,0.2309293683278834,0.2143991602019128,-0.1133244065645869,-0.2029324831216231,0.7821852013574708,-0.0597394985085303,0.1638602922205709,0.3299431889867978,-0.0818982178200408,-0.0669361208829525,0.0688926894509089,-0.0719891291632324,-0.1952042561474765,-0.1508895494042311,0.0395813480987665,0.189532079250845,0.1929725390800394,0.0596363973521656,-0.0347314342141953,time,1855,60,78.8088607788086,0.0324360521198197,0.0667014596358355,0.0248760074470188,0.5726797870513909,1.177658044177529,0.4392022369067146,2.6200208295163474,1739,0.6268223247162743,5,0.0317934606557665,0.0686165090418606,-0.2101611144495241,0.0,-1.0951568782139462,-0.4683345534976691,0.4529065890027287,0.1325552354376697,75.2313997928922,72.00949620788992,87.66038812934676,1.5741703446370303,0.0086214469224401,-0.0237562985008005,0.0206580237240037,0.0308212123226228,0.4874973774056383,0.0069595063003875,1.0,0.0119897917565963,2023-11-03,19.0,6,0.0837746769286773,0.0279683633774623,False,False,False,0.0,2.0,0.4,0.0177282406213285,0.3168618077350508
LYB,Falling Wedge,bullish,1,0.7017413580179326,3,47,1967,1968,2024-07-15,2024,2,81.68909312289779,80.32435587193328,91.0366758941406,77.99007340488345,1.089924241767326,0.016990329223933,True,0.020200905876367,0.0348046378850092,0.0132500585067985,-0.1183689336648166,-0.0607063945533412,0.0232210683597153,-0.026671106597024,-0.0375707716642471,-0.049646924417415,0.0455828780988509,0.0131988424727393,0.0012642571930729,0.0044506241231929,0.0117501210983026,-0.0046278307096213,-0.0580248853888581,0.0126086991247751,-0.0196270091893948,0.0815957955073753,0.0070000445433813,0.0121704485073248,-0.0206640124082259,0.0286916574292377,0.0193636151272855,0.0515378474263993,0.0320912612462964,-0.0379776380961028,0.0634959400794661,0.0227129972984445,0.0061330795674214,0.0380598152985889,-0.1011776059010378,-0.0927768185168824,-0.0448123267483333,-0.0513118075411067,-0.041461691429691,0.0105180957866004,0.1005714412565641,0.0796847679581209,-0.0015980360127059,-0.0408819623993038,-0.0031707155056287,0.0260540221808587,0.018588621959882,-0.0596921019343387,0.0232111481999299,0.0020931975647762,0.0546808193187335,-0.1184062743870024,0.0323155705516104,0.0109328537198545,-0.0835523438398838,-0.0274510225355237,0.0925633266253809,-0.1648365251203846,-0.0202326508002801,-0.0535411384968651,0.0143891947438403,-0.0454611751745411,0.0788138028156348,0.0757386985397579,-0.0428610496718474,0.1023968349513957,-0.055876614223124,0.0234295527889527,-0.0344202734920984,0.0580498400837061,0.0510320575758243,0.0074420643320558,-0.0047484905360563,0.020266070094556,0.0487117142244239,0.0521997150074522,-0.1469010245519035,-0.1374302177023445,0.1246764567285965,-0.0176059020248151,0.1415953958869911,0.0529719501865795,0.0473445229150839,-0.0889683242528162,-0.0686890043184229,0.0667006401000693,-0.0108747214034785,-0.0164227521668287,0.0232069754285415,-0.0207111353420593,0.0474309957180405,0.0841748112492242,-0.122493947360473,-0.0223643408217968,-0.0065760809110595,-0.001459007270758,-0.0228814110660768,-0.0935576475079009,0.0848246611280914,-0.5702374877797951,0.0550825450842675,-0.1121203608126719,-0.0642107058743037,-0.0402168234445601,-0.2571059149727226,-0.1212244749496433,-0.0243335155138142,0.1716592056288779,0.0469914962489816,-0.0008587211698449,0.0279905286998607,0.0075800860490367,-0.0259965687164557,0.0652964229118404,-0.1711893792446956,0.0842617844615309,0.0352330614759026,0.0436475831441428,time,2027,60,81.56990814208984,-0.001459007270758,0.0543573993916167,0.0432279666109408,-0.0322206935603801,1.200427951004265,0.9546457329755088,2.527043239515542,1918,0.6956051310367996,7,0.0803840937648569,0.0103722493366138,0.0538957040992018,0.0,-1.299265872773566,-0.6036607417367622,0.4070100414534447,0.0968480703513282,80.32435587193328,77.99007340488345,91.0366758941406,1.3955234990196328,0.0117099775565887,-0.0085413074778404,0.0170637060812186,0.0366446517275573,0.6413808706999053,0.0008415321543044,1.0,0.0385131772391911,2024-07-15,27.0,7,0.1232385640096904,0.0902515482553476,False,False,False,0.0,0.0,0.0,-0.0322367754977919,-1.0011597385537678
LYB,Falling Wedge,bullish,1,0.6860655991422434,5,86,2309,2310,2025-11-21,2025,0,42.29482216404116,41.50544943055638,60.8696465477509,39.60963794018872,1.118735443444819,0.0190185323689962,True,0.0964997673928933,0.0699715411959847,-0.0888347405334936,-0.0298156518811898,-0.0296177472725729,-0.0383842873922342,0.0030930050548012,0.0197305538462437,-0.0049437140233775,-0.0143898998258433,-0.0114130181749443,0.0549417774752007,0.0256331488038712,-0.0186365238227099,-0.0282046377402691,0.0568681460738027,0.0089101975237335,-0.0112991034652089,0.01500029791869,0.0096232391336992,-0.0024038083909522,-0.0413855846114177,0.1027761849581019,-0.0325540716896742,-0.0641525507989454,0.0386559694586239,0.0165738527836492,-0.0167439616508981,-0.0633843305082539,-0.060182931296571,0.0660714703245075,-0.0383272661643777,-0.0524952633496679,-0.0221583846744026,0.0004689126696375,-0.0343464140423631,-0.0158354257475981,-0.0722139286274143,0.0184445806088859,-0.0020627119055411,-0.0098578410511112,0.0208765310333092,-0.0907237534284067,-0.0289171018510017,0.011032761473771,-0.0157978098924131,-0.002349966339625,-0.0388128162647222,-0.05672932406459,-0.0236396821136446,-0.1922756978188684,-0.0989558335484517,-0.1617139262487031,-0.0288470553783635,0.1941451088710415,-0.0143098754758074,0.1845567673932109,0.0501450622876411,-0.090607854565212,-0.0964807619961855,0.0528211602059687,0.0404360467214268,0.102916206849722,0.0582770290087102,0.0421987029932706,-0.0022184669286431,0.0286280422326481,0.0050405168985365,-0.0020192746058103,0.1793322148940717,0.1365884287491927,-0.0986868437013503,-0.1689525765302363,0.2709087672466932,-0.0046180224009303,0.1900278838212066,0.1616995171208701,0.2015729576242846,0.1195131476560558,-0.1323393508418736,0.0137962025525955,0.0074451860381565,0.1025567473732085,-0.0575520180800229,-0.0523493908917328,0.1490953091233593,0.1343218116475106,-0.145269460295808,0.3239044971261675,-0.1726758853201936,-0.0161462251244285,0.1380196021868951,0.2967161609601763,0.2532913016100651,0.0446822753441196,0.1659460525188041,0.0550825450842675,-0.0401026463763269,0.0907897620248796,-0.0901413570910883,-0.0661117750018042,0.0853388315080709,-0.0545911018773175,0.0353943515967323,0.1925483984597933,0.0414063233506096,0.0459922653389064,-0.3494919386119666,-0.1585110829126259,0.0584728332422823,0.4447695591164384,-0.1318235745200779,-0.0309322235248982,-0.0944130601478444,0.2845009390841285,time,2369,60,54.84437942504883,0.2967161609601763,0.3804639196364349,0.038732237500733,4.673629894563733,5.992755982220966,0.6100784752707289,6.917523281535005,2223,0.8210043004130115,7,0.1040371190349822,-0.0290239253537692,-0.0406428167959554,0.0123456790123456,-1.1156792350561953,-0.2946749346431825,0.1330422479779615,0.2614183298680961,41.50544943055638,39.60963794018872,60.8696465477509,1.548830234407171,-0.2077320922065956,-0.0486504873391218,0.0367506402332713,-0.1624918147218416,0.6367188256699188,0.0148061451666163,1.0,-0.0269029495069919,2025-11-21,13.0,5,0.115605775091192,0.0414735440700386,False,False,False,0.25,0.0,0.0,-0.0550035746320867,-0.1906026706954101
MLM,Falling Wedge,bullish,1,0.6986622574842654,8,59,1377,1378,2022-03-08,2022,7,362.11550640779234,370.46051407295954,473.9308774888677,336.453874324279,1.337399096427803,-0.0225260381286511,True,0.0220268389739906,0.0196041544865253,0.0009047202673919,0.0005080823828733,-0.0435278873955116,0.0094163743623578,-0.0414602166412327,-0.0004296591954077,0.0199309233696456,-0.0224868667487408,0.0282123411262065,0.0615199477888104,0.0051636290886631,0.0141899105686169,-0.0093816862126068,-0.0093503665448748,-0.0883135816493176,-0.0258281839401279,-0.0023194592008356,0.0491080815788231,0.016968783615008,-0.0200063189517415,0.0248859105905906,0.0315093004458939,-0.0292864335890594,-0.0492854042231153,0.070358724820158,0.0049444478349056,0.0036512922048566,-0.0484155800920959,-0.0530014914835734,-0.0363347934932113,0.0088387297272025,0.030862772958984,0.002489888928427,-0.0148078555990405,0.0318436108685336,-0.0502236354839902,0.0267675458026199,0.0311170502358801,0.0315315391769903,-0.0430309240698242,0.0160361515992852,0.0023010538407111,-0.0004961078998129,0.0332519496631994,0.0240146525376101,-0.0401787187379456,-0.0801830250201258,-0.1284698220498784,0.037083580147877,0.3376259293736616,0.1231533550264289,0.1403256952621898,-0.0569570757481071,0.1159044170561163,-0.0580340414683712,0.0273531276534408,0.0562064583931583,-0.0554968880171476,-0.0608969077555441,-0.0286272795273744,0.0131509655457153,-0.0386813772930624,-0.0059533838320364,0.0996658028463122,-0.044905951137694,-0.0441077387724603,0.0066068605034552,0.0142368043467309,0.0018809745018433,0.1301244109549988,0.2118775930593039,0.2590841027208346,0.0485346782474576,-0.3087653051407697,0.0883540201648551,-0.010514308614011,-0.1350534548924604,0.0639858864439413,-0.0694102880274742,0.060891502488277,0.0503322161462251,0.1047173167973667,0.0773185174620521,-0.1452577832085044,-0.0322432877682654,0.1228575515436181,0.1261999735494214,-0.082473313099105,0.0222995554125542,-0.0149061748652848,-0.0653629636628559,-0.0501835588829315,0.0099544109455145,-0.0942001632988331,0.1718458889822234,0.0422599665586433,-0.0602193159718885,0.2134695526483103,0.056901825121586,0.1049110124796677,-0.0849802666231472,0.1501697508830051,0.1125086402283679,0.199849150926179,-0.0244437882070903,0.2731300262524068,0.0108659917548763,-0.0799226025904101,0.1261029822854167,-0.0608652775091804,0.107671009232356,-0.1151512292655737,-0.1183558419044774,stop,1419,42,336.453874324279,-0.0708658746433652,0.0928894189527945,0.0877860223076473,-1.0,1.3107778521081346,1.2387629835860114,4.357297724368543,1311,0.594064781902347,5,0.053036337359144,0.0925687571717197,0.7694793904060551,0.0,-1.1835491499359565,-0.5894843680336066,0.6547872848305252,0.2205407998346333,370.46051407295954,336.453874324279,473.9308774888677,13.767697717808275,-0.0514859425265972,-0.0835296667523556,0.0392321270094591,-0.0217107655869758,0.037941842003521,0.0043059169220127,0.0,-0.0693332391583805,2022-03-08,25.0,2,,,False,False,False,,,,,
MLM,Falling Wedge,bullish,1,0.6428804087852864,3,30,1461,1462,2022-07-08,2022,2,295.36729042087256,290.5494565312156,373.9462394370221,277.60177964898367,1.443224277301096,0.0165818031366351,True,0.0390602781641817,0.0409262148087548,0.0068675847131562,-0.0607624694888025,-0.0204897131557054,-0.0082451582706551,-0.0022076968183745,-0.0853732045636251,0.0056716412179007,-0.047786478358154,0.0026293068716765,-0.0232227992130681,-0.0125055094862792,-0.0517400608303669,0.0077227759587528,-0.0777081501597852,0.0252946163740748,0.0139586782812071,-0.0133898688495747,-0.0440685586797597,0.0520080831489742,0.1204102008455685,0.0497071171873237,0.0761746512911161,0.0522274211529201,-0.0287221139227594,-0.0144458996585653,0.0286500266591138,0.0107822890652091,-0.0163120094520389,-0.0463026801499555,-0.020719416900556,-0.1773564874528459,0.0002711349539925,-0.1267329670638215,-0.0321002047567436,-0.0287268864235326,-0.0368931799611901,-0.0145325372626791,-0.0641194664402092,-0.087136276606224,0.0417245363188476,0.0340782438358977,-0.0972134658307585,0.0386792650193388,0.1080310560925901,0.1742215231228694,0.1026390995995234,0.0207993616674273,0.0016510771392372,-0.0033552300268129,-0.0801830250201258,-0.0307584318985603,0.0715328416947429,-0.0505571980285758,0.0474678987188836,-0.0574108904970219,-0.0010295238005877,0.0933912928838345,0.0107163053528949,-0.0812593754614898,-0.0272064496047009,0.0717032733555456,-0.2088256161697427,0.0051577715915764,0.0194596614109097,0.0743248223879819,0.0490778776008902,0.1779867009580541,0.1257999307365347,0.1092389048323283,0.0840145273271584,-0.0694102880274742,0.0004772097402778,-0.1159185509929432,-0.0032234396708428,-0.0447979158514394,-0.0702629877997345,-0.1498167105922908,-0.0769151068844277,-0.103007049222193,-0.0169217852541551,0.0159904215885811,0.1021130480008982,-0.1523013375580808,-0.0791852063266149,0.1257999307365347,-0.041351025557142,0.0038718766942311,-0.0603888226260674,-0.1333510200305139,0.1650291423518466,0.0794920748184178,0.1254529598790005,-0.0247631164817728,-0.1748315638666684,0.034382459142719,0.18672146121013,0.12955758031827,-0.0625425743828578,0.0734865728771769,-0.0605676483952445,0.1745522342910441,0.0875309920473317,-0.015685891554479,-0.0225642437845484,0.234857514093062,-0.0818710578398315,0.0509450136423881,0.150405897261052,0.0420774036882205,0.2731300262524068,0.1911338788589633,0.1946348203216488,0.0104625869334672,time,1521,60,318.8466491699219,0.0794920748184178,0.2343955400355508,6.592263130145647e-05,1.3216258767072249,3.8970326514106026,0.0010960219064309,4.423117917920392,1429,0.7662304917423772,5,0.0217604427964209,-0.1188534134149669,0.1265364306806116,0.0,-1.2910217268064466,-0.5247912350640648,0.2615873122831544,0.1958607723536377,290.5494565312156,277.60177964898367,373.9462394370221,8.760068136139832,-0.1790102720799696,-0.0609393364545902,0.0292414758535452,-0.2944040060955698,0.1677018241095877,0.0040617145406853,0.0,-0.0507540410783338,2022-07-08,25.0,2,,,False,False,False,,,,,
MLM,Falling Wedge,bullish,1,0.6205213418909258,3,31,1775,1776,2023-10-06,2023,2,421.2823637908664,404.4707428745319,473.6538479391456,392.9945329831662,1.4195642528547745,0.0415644919008382,True,-0.0054141809464606,-0.014582048517631,-0.0189054239611837,-0.0106476002983197,0.0722859167226475,-0.0031821989692598,-0.0544895321445199,0.0054167807492979,0.003010319298716,0.0184106832300863,0.0390584916835616,-0.0416137358208065,0.0478553008599307,-0.0253443167502435,0.0465235777469912,-0.018415324337804,-0.0222092049195447,-0.0209867716716296,-0.0174585502924012,-0.0262030484267942,-0.036436128117601,-0.0470632417166434,0.0001055194103153,-0.0437795626490512,-0.028835114723822,0.0725575434422556,0.0180588464495121,-0.074533668996842,-0.0160987839813083,0.0221464142266922,-0.0042914805127359,0.0068924027398196,0.0966090975158915,-0.0589206052746967,0.0329499549719745,0.069874161536914,0.1261947554338724,-0.0412052014311302,0.0761706762268221,-0.0109180456132967,0.0052492607599183,0.0217414042977834,-0.0220050496510659,-0.017087095106974,-0.0051606997176724,-0.0586907570148379,0.0335347751720225,0.0169061082330959,0.0233146518607456,-0.0069665934201482,-0.1319080927188152,0.0547967084927445,0.0852042728285125,0.0417127606112226,-0.037548396405192,0.0047867900914404,0.0333343134802097,-0.1264175965671856,-0.0627242705900007,0.0319076827762054,-0.1350206029201114,-0.0561600173297733,-0.0172886228135096,0.1461604555607378,0.0468586226400158,-0.0300017808693231,-0.0026250768712848,0.1825615969883789,0.031335934930779,0.085093893550896,0.0170129372593745,-0.1218947337997599,-0.009461614839598,-0.0836680532116385,0.0198651258804196,0.1654161828409119,0.0762069281460726,0.1076382565424076,-0.0995222195620262,0.1180776282226596,-0.1182738784314473,0.0389943662060734,0.1620585242925558,-0.0979344011024216,0.2150470820778489,0.1212322601370361,0.0222836093260614,-0.0372899199564413,-0.00366822732825,0.1813337886521049,0.0384705342468523,0.0503483316339249,0.1266294548913586,0.025804535365645,0.0859747387083365,-0.0044881943646758,0.1232587847635047,0.3289480405969562,-0.36043848496774,0.0379410340670973,-0.0604418896046268,-0.0984266055253324,0.0251653457548255,-0.1282567596369392,0.1313627272838171,0.1260788971105599,0.0042117584624445,0.1044283940018195,0.0922784462860886,0.0501389628129784,0.1546990142827689,0.1279075800274645,0.2468799251268529,-0.0577685913510613,0.0801567986996017,stop,1789,14,392.9945329831662,-0.0671469618456254,0.0226364685651218,0.0856922566084141,-1.0,0.3371182841773896,1.2761896332022502,1.851378584109154,1742,0.7749618655368209,5,0.0319283748549856,-0.0256566549233702,0.519214456789302,0.0,-1.1621540525801366,-0.3871921870433207,0.2487607178109468,0.1356964487322066,404.4707428745319,392.9945329831662,473.6538479391456,10.172627203856775,0.1003759894500655,-0.006366338198978,0.0239129929775396,0.2821957842027967,0.7889967183824393,-0.0019749029782625,1.0,-0.0324673634867794,2023-10-06,22.0,2,,,False,False,False,,,,,
MLM,Falling Wedge,bullish,1,0.6246188154342034,5,42,1923,1924,2024-05-09,2024,0,598.0799344175326,589.6375784161714,641.2074221874004,562.4122979354332,0.582387746492585,0.0143178730637185,True,-0.0410490908149967,-0.0542337149677594,0.0137216845430268,-0.0275932693834271,0.0080284024911589,-0.0183493370716307,0.0052000964849185,0.0021774374826715,0.0294552563513379,-0.0439173389862358,-0.0124348757581048,0.0438662957435738,0.0291187726130999,-0.0633561993852425,-0.0268797447864566,-0.0061282531396738,-0.0290270589743999,-0.002968598239076,-0.0287097557795993,-0.0528136177203799,0.0614966176787077,0.0174623506076365,-0.035966534053592,-0.0546166785004583,-0.0625696854266592,0.0718473406367614,0.0602829022408777,-0.0235325008061962,0.0358947198562182,0.0807105182818028,-0.0879579869269217,0.0071529923641886,0.0229502548964213,-0.0060524191872222,-0.0031502419225881,0.0532566036159054,-0.0284259827964474,0.0093888630628962,-0.0239598842267892,0.028067020179729,-0.1773564874528459,0.0101230131931171,0.0533071740986199,0.0790877904994116,-0.0066046189875805,-0.0623681320314262,-0.0906813896483612,-0.1140613729232585,-0.0245961643643595,-0.0258738277203736,-0.0780279745648382,-0.0286272795273744,0.0009413772565767,-0.0425404983978365,-0.0035356241052948,-0.0348977015355065,0.0820425437553451,-0.0097501340539849,-0.0286830604262918,-0.0416040290022438,-0.0058194212083547,0.0380193199100937,-0.0276692119104006,0.0299910651424302,0.1352508821221201,0.1052107269058095,0.0543466713712195,0.0594240267555445,-0.0983614739684752,-0.1240255008616526,-0.1926385761816456,0.120553360528598,0.024656373163669,-0.0787462750043309,-0.0194959536735437,-0.0591721846478011,-0.1251990405839342,-0.021063117934139,0.1901842254031513,-0.2460443560285489,-0.0403058200711036,0.0157568606436215,-0.1151056658344958,-0.0879288919062861,-0.1452577832085044,-0.0696519294183372,0.2803683041677185,-0.0147646452695044,-0.1127702089372063,-0.0856689269429713,0.0163559068079779,-0.095360512424354,-0.1006352197178386,-0.104514960007938,-0.0548940905089989,0.1336456063241224,0.1242765807074022,0.1321364020478439,0.3338536023473779,0.0914020436029219,0.1286448602504863,0.221949462220965,-0.0114625968492442,0.0106494226693465,0.0773861591117544,-0.0124062317446586,0.1874289362505019,0.0106494226693465,0.056901825121586,-0.0771285718856769,0.0103422023849597,0.0624746750870366,-0.0216418768219377,0.2120417984947964,-0.1814477012918352,stop,1931,8,562.4122979354332,-0.0596369054194,0.0154635204210103,0.0628760445710486,-1.0,0.2592944806955063,1.05431433990193,1.20914902201362,1881,0.4682727094529879,5,0.068937089468537,0.185833170417389,0.2077457023265754,0.0,-0.7365937984678989,-0.2683210890149129,0.8304352140105006,0.1021696892206404,589.6375784161714,562.4122979354332,641.2074221874004,13.523287738591169,0.2124257234871043,0.0043568326501963,0.0227382443991262,0.3614986771951718,0.9044219522510868,0.0024973906363019,1.0,0.0041891419555715,2024-05-09,46.0,2,,,False,False,False,,,,,
MLM,Falling Wedge,bullish,1,0.6737680704119814,5,48,1965,1966,2024-07-11,2024,0,550.301708427656,539.7780545480778,625.1047507359312,512.685245640922,1.532807881773399,0.019496261085288,True,0.0119303572319153,0.0208432812675375,0.0727051031853966,0.0087474616745899,0.0023891591070885,0.0334422962785934,-0.0558636329844743,0.0257571130197213,0.0445279368044544,0.0194359617535404,0.0024875563389601,-0.0106113520842736,0.0271359801878134,0.0393420603115197,-0.0062678887252367,-0.0137805575845266,-0.0451426652910947,0.0729141531322086,0.026012202072797,-0.0018167286417835,0.0351919474821353,0.0416650530471376,-0.0039832007223129,-0.0186039848001091,0.0158634362886462,-0.0065533918440103,-0.0069606011514606,0.018398983439142,-0.0149629774506482,0.0667659360486203,-0.0095800055577387,0.1585877753278384,-0.045194578053696,-0.0126608037909645,0.0115059460078783,0.0755704167761484,0.0594981952534821,0.0389581177031865,-0.1176311468307196,0.0531633026168121,-0.0392311305885879,0.0469146881617816,-0.0249366793950233,-0.0037768865630218,-0.0236245381059323,-0.0298165159002634,-0.0330634933992948,0.0153198971179837,0.0509536373802372,0.0200001827404094,-0.0107161379596451,-0.1128272095103907,-0.018789142442929,0.0671736854667301,0.1154597546962805,-0.0252345925107937,0.088568019774736,-0.0691167237621553,-0.1162279686126743,-0.0063122866611261,0.0648449357146137,0.0086129035320101,-0.1193719930736506,0.0748152744565924,0.0563497847587559,-0.0245750576075484,0.0454246594573091,0.1926524209617355,-0.0471477007392196,-0.0972098237931041,-0.0662394624377896,0.0484857736607564,-0.0526295343836016,-0.0751080312330192,0.0641012685549708,0.1477226474098234,0.0720656607520069,-0.0648117045468631,-0.0962443462027786,0.1212787161841419,-0.0774126270359474,-0.1398099439301747,0.0007718885665854,0.0181130891552825,-0.1193480505466449,0.0394085602306737,-0.0834588554948002,0.1300044069251467,-0.0051401028317912,-0.018822517229879,-0.0491307488615806,-0.0902116012502195,-0.0583476969854384,-0.0890265849728304,-0.0209129662279007,0.1031631350888455,0.008532605214748,0.0948572780239747,0.1004092013277597,0.2690125276794592,-0.1590872684711368,0.1187978779802523,0.0888465582078825,0.0885731880494367,0.3042789716575387,0.234857514093062,-0.0073460849075411,-0.1682911578275612,0.0393967168793047,0.0646393737739208,0.0028050798769994,0.1563137270413146,0.0827216610786838,0.1899843450974148,-0.1379253111672613,stop,1998,33,512.685245640922,-0.0683560712435606,0.0823631251763073,0.0787389985409063,-1.0,1.2049130922524476,1.1518947345635182,1.988571938099816,1917,0.4549989623761085,5,0.0184974254845885,0.0015425802947617,0.2192050492395039,0.0,-1.3227606284282791,-0.8677616660521704,0.923081308648591,0.0968864730429941,539.7780545480778,512.685245640922,625.1047507359312,11.53459454476719,0.064248341311579,-0.01743900517896,0.0210230966994143,0.1203721971825473,0.926592884878402,-0.0068973623027892,1.0,0.0397156113068133,2024-07-11,46.0,2,,,False,False,False,,,,,
MLM,Falling Wedge,bullish,1,0.7332180916642458,3,20,2477,2478,2026-07-28,2026,2,586.4287614627345,545.4519418190303,638.8337279955322,539.7904576214264,0.8146539033841795,0.0751245279410877,False,-0.0537301419942259,-0.0961103028498351,-0.0007670830459687,-0.0610042422098302,0.0071410819952271,-0.0208907816065947,-0.0145823169748972,-0.0165654197835554,-0.0004522796965225,-0.002968598239076,0.0176049783689955,0.0055011620315421,-0.0223801280253886,0.0812801574170485,0.0440983249326396,-0.064526192714,0.0002864796335655,0.0023009304008181,-0.0145417671680555,0.0596998400952981,0.0140175629427001,0.1051338822836831,-0.0596494215261074,-0.0573905105696043,-0.0987300622630357,-0.0168329821923168,0.0135808015659519,-0.0036613957125032,-0.0915641059973323,0.0389581177031865,0.2614684811497823,0.0528835614919458,-0.0202691813558237,0.0871916462692721,-0.1010925439257368,0.076640108644437,0.0403548947888119,0.058167861183737,-0.0014493399292081,0.0361680898240306,-0.004030439150226,-0.0252011901445391,-0.003434965144645,-0.0463026801499555,0.0134141032265755,-0.0756399526768765,-0.0947257704573222,-0.1297812503665377,-0.0642012518082375,-0.0339432356022464,0.0156092560593701,-0.083999841696934,0.0231188686032384,0.1703200556014543,-0.0645204073081995,0.0575515802818318,0.1049608599295888,-0.0026250768712848,0.0222563107701891,0.0438030805231899,0.1135797278758548,0.0638779671417701,-0.0569570757481071,0.1170135278419712,0.0331659186516513,0.0418434074871336,0.0284352467020774,-0.0070145941401381,-0.1208394866720309,,,,,,,,,,,,,,,,,,,,,,,,,,,,,,,,,,,,,,,,,,,,,,,stop,2479,2,539.7904576214264,-0.0795293595849183,0.0010555264258803,0.0876433974138015,-1.0,0.0132721605126634,1.1020256905277772,1.12364649261498,2455,0.8692450781808629,6,0.1048148645646079,0.096534923358259,-0.4185112942805008,0.0,-1.3319897360494093,-0.4627446578685398,0.0929023630345227,0.1060668292553339,545.4519418190303,539.7904576214264,638.8337279955322,14.190551129827456,-0.0457350708922267,0.0151794612927693,0.0243520660168843,-0.1021448116762077,0.8679749743793163,0.0095623679220409,1.0,-0.000188953641616,2026-07-28,31.0,3,-0.0945462668847496,-0.0453648021560912,True,True,False,0.5,0.0,0.0,0.0492117253143872,2.2209483850568583
MRSH,Falling Wedge,bullish,1,0.7357678740497994,3,31,1433,1434,2022-05-26,2022,0,147.218153531388,143.22576213887692,177.78657447683008,135.25653860402542,1.207487993727335,0.027874813391741,True,-0.002030755522275,-0.0084781382232411,-0.0016759824587792,-0.0091147828519436,0.0189401905183472,-0.0082383821848985,-0.0117371622157267,0.0504025386037321,-0.0247332680285247,-0.0121470234070216,0.0212940702173443,-0.0140446988899997,-0.0393551314916265,-0.0979073828256534,-0.0139356048096136,-0.0028431670157862,-0.0108867648846907,-0.0027072623932647,0.0442147161099573,0.0106762588587798,0.0088437370829383,0.0044236200919032,0.0024958185764513,-0.047848948547991,-0.0034516276958863,-0.0469810906313326,-0.0043197602970491,-0.025351984807847,-0.0094831285968934,-0.0047148812950539,0.0119332209843274,0.0222888234011944,0.0314114132323875,0.0117995776361923,0.0226863109419905,-0.0050736792503127,-0.0010561874900579,0.0160564708779684,-0.0163676466538531,0.0459977979110415,-0.0088548811046541,-0.032892884147055,-0.0335928475519966,0.0041672744903242,0.0158104570742123,-0.0475220672841676,0.0085668872809325,0.0518152491763039,0.062122108673797,-0.0335325405751905,0.0658641796583276,0.0553588261585455,-0.0234422543664126,0.0354116565968809,-0.0269279089384141,0.0800776723887863,-0.011531249711675,0.0166115700737519,0.0536050777345071,0.0754288577830311,-0.0708892780808847,-0.0155206192235898,-0.0668891776420972,0.0374562246638234,-0.0767599030384507,-0.199814935805075,-0.0972385942473015,0.006323035883283,0.0152812498816504,-0.011232266912735,0.0263532611207543,-0.0662976243726178,0.1462271068171581,0.0123216207381573,-0.0071298585160711,0.1182906829768151,-0.0101853347243691,0.0551745349647787,0.0498989357088932,0.1262334807351224,0.0162003682442131,-0.0040979273885792,-0.0052553199873138,0.1157878997488564,-0.0509119730417222,0.1176434917459834,-0.0206005474125305,-0.000604042823599,0.0447374258750929,0.0132293961221618,-0.0756174663597147,-0.0399845093652707,0.0631066002663414,0.0478553146052891,0.0291828799191997,5.478617891285786e-05,-0.0229165553950781,-0.0097547144693919,0.0792550284909958,0.0843172316756308,0.0823423184675891,-0.0986693822966634,0.0622101039113076,-0.0125281956439587,0.1366947431816205,-0.086334343153802,0.0457398600109764,0.1133916618055135,0.0878280832285869,-0.0251159960399535,-0.077425969108404,-0.0110397458288514,-0.2805231933546288,0.0397727415984623,0.0562825331074382,stop,1447,14,135.25653860402542,-0.0812509506499975,0.0236069941265396,0.0884630474226048,-1.0,0.290544220562179,1.088763229413457,2.555542970666598,1402,0.5334381724199042,5,0.0549244566132507,0.0810207474449014,-0.2678848767229664,0.0,-1.4637933117978732,-0.9303551393779588,0.6327435623596087,0.1305225170299938,143.22576213887692,135.25653860402542,177.78657447683008,3.9691948785167335,-0.021386157892248,-0.0436896761487786,0.0270454207421199,-0.0686610004417478,0.8571414833051214,0.012000607812616,0.0,-0.0525933718936183,2022-05-26,45.0,5,-0.0803516953319902,-0.0505778133478722,True,True,False,0.75,1.0,0.25,0.0090343747817921,-0.0678664504943461
MRSH,Falling Wedge,bullish,1,0.7058175277927659,13,132,2292,2293,2025-10-29,2025,11,177.88041726336473,201.5903643145457,241.44968240341507,187.22567855074092,0.846329942547945,-0.1176144858500569,True,-0.0128375821550666,-0.0035965531088755,0.0002399950585236,0.0245050164917428,-0.0143569989745797,-9.08281815314993e-08,0.0073565404670288,0.0057992589897333,0.0376033803670516,0.1859320185603052,-0.0087635006473156,-0.0075570806620502,0.0162401678494781,-0.0102096412625666,-0.0305312157503336,0.0299318666652523,-0.0155787871263354,-0.0015070368348492,-0.0069977115128473,0.0210532402363998,-0.0357337273111906,-0.0487415848192986,-0.020271787602865,0.0114541849183618,0.0122145660432434,0.0317492041627915,0.0172178390797272,-0.0324765041920395,0.0874651743958101,-0.0813220330559437,-0.0170950894524488,0.0499226779907195,-0.0127887373547113,0.0654301241482258,-0.0073798999273876,-0.0076714155813628,-0.0236711844815381,0.0261369255623071,0.0089936281671239,-0.061974836828767,-0.012165766049313,0.021403235507531,0.0253834047613445,0.0272541407826023,0.0159855523449594,0.0054343629193802,0.0109561394861561,0.0171266061787068,-0.0128279454387593,-0.0515736661434086,0.084928859013448,0.0292528684869923,0.0420856202991204,-0.047881568770798,0.0261096252880426,0.0839399612389522,0.0321007799149208,0.0133179790398094,-0.0663815039649232,-0.0151401442351737,0.0473351148299481,8.377467297648877e-08,0.0308557392384711,-0.0337065820753972,0.0014071117318177,-0.0272728330547532,-0.0003595444975691,-0.002623026081846,0.0042777930564777,0.0347499469085421,0.0223946364092257,0.0675695220788488,-0.0248742104096424,0.0975681249372615,-2.313598106429282e-07,0.0502506839247722,-0.0190144432578427,-0.219887067317646,0.0690264042705515,0.0858849209019507,0.0362631230575827,0.0686855101195249,0.1576255628178857,-0.0037201192654529,-0.0730549394322549,0.0836362880095467,0.0022405432971897,-0.0287711739100809,-0.0183365025484286,0.1229436023428796,-0.1020817219773533,0.017152253094568,-0.0085215029402142,-0.0284733575269299,-0.0043474111352558,0.0109583256008314,0.1237091355473345,0.0541862495018459,0.1601311924171711,0.1149541988723419,0.0725867212277373,-0.0860321181757723,0.0352891034277185,0.0355687217241185,0.0022914690056941,0.0231932992077428,0.0946353221033144,0.1076986821168446,-0.0399087056370702,0.0294716002526487,0.035234815240309,-0.0803352346770788,-0.1217942087632382,0.3351103163067983,-0.053651576648416,stop,2293,1,187.22567855074092,0.0525367627935113,0.0042053701953431,0.0133355668759994,1.0,0.0800462375626723,0.2538330526456893,6.802299388452743,2149,0.5905222080914428,7,0.0993768513994683,0.0397182895440497,0.0314780436351458,0.0,-1.0941817144140231,-0.5036595063225833,0.6677585895228255,0.1597334094056842,201.5903643145457,187.22567855074092,241.44968240341507,4.370945907365751,-0.1639436189686031,-0.0962554957746371,0.0246720451103724,-0.1946719735191925,0.2062172949766801,-0.0100099546949176,1.0,0.0283341876961444,2025-10-29,29.0,5,-0.1411277555812411,-0.1370739431340181,True,False,False,0.5,0.0,0.0,-0.010639456481462,-0.0365275804715055
MRSH,Falling Wedge,bullish,1,0.626868063540524,3,51,2406,2407,2026-04-15,2026,2,177.18763315412704,170.35888641016413,194.26123633263612,162.06136609042392,0.8853902576522498,0.0400844762950709,True,-0.0150962951468742,-0.0295744111949598,-0.0357337273111906,0.0091794138437302,-0.0155434868315542,0.0193790397722222,0.0053118895673562,-0.0069971132199284,-0.0044286771402025,0.0315951284021056,0.0191948049673642,-0.0102643145747163,-0.0390953791853081,0.0159950754145918,-0.0543244546615566,0.0758050523375095,0.0201025030835368,-0.0022716552973743,-0.0037421917722694,0.0070277737362702,-0.0104880033488692,0.006994321683436,-0.0164810951201319,-0.0413042333168047,-0.0563100776980265,-0.036204299840397,0.0146987679148242,-0.0429547467294457,0.0283835334940854,-0.0037302340770143,-0.0202047239905935,0.0492933947494775,0.0233334386658625,0.0823228537873039,0.0483669540828781,0.0240277355996234,0.0125607677596859,-0.0148002000697284,-0.0266894566420207,0.0098596958311918,0.0241016757511149,0.010682776385497,0.0027985081992807,0.027265590658194,0.0252974023219154,-0.0532247050093915,-0.1069084299100543,-0.1657478470177592,0.0499784293165681,-0.0191917154773714,-0.0115292205858462,0.0463916312030687,0.0292250976831578,0.064878472479098,0.0358295044649528,0.0390118490734723,0.0323549591454153,-0.0307000297652861,-0.0440794855530408,0.0147057287013103,-0.0347914122596545,0.1010400804538584,0.0499091484895088,0.087695098030462,0.0576128299844223,-0.0410799727430706,-0.1372869393567172,0.0414956386024034,-0.1234819145043899,-0.0563444040304034,-0.108693705324291,0.1233923970713151,0.1004231336935563,-0.0394551331606768,0.0594422477045708,-0.0297776275842969,-0.030826530185713,0.0260933458850842,0.0460178224519012,-0.1635217859367813,0.0805004986626352,0.080616302665436,0.010638028417893,0.0814088684270688,0.1211691260886698,-0.0318705460159146,0.1226981137250977,0.0023637755767129,0.1250796830386547,0.0068873067081571,-0.0155917766282065,-0.0901287665606616,0.0187439813130252,-0.0526336534826845,0.054513601586517,0.0540447759944553,0.1605582131077276,0.1234401024115237,0.0273737815391732,-0.0119451113979588,0.150297709268131,-0.0256635490309674,-0.0100980258588645,-0.0498968976905966,0.0351151887368004,-0.0949758633189543,-0.0733815941853429,0.0709353273119395,0.1716151934815259,-0.0675494902866615,0.0237363196812454,0.0831771837003128,0.0765054660212585,0.0921566959227353,-0.0207539700366747,stop,2422,16,162.06136609042392,-0.0853686388515925,0.0295190214645493,0.0860879140282054,-1.0,0.3457829697374712,1.0084255200304104,1.128738710390668,2353,0.6127652321346331,7,0.1037409680021567,-0.030840401380297,-0.0832664916047793,0.0196078431372549,-1.0590088432647395,-0.446243611130114,0.5999474275775302,0.1261711234887122,170.35888641016413,162.06136609042392,194.26123633263612,4.194002455110797,-0.0705226909431443,-0.0063801704981871,0.0241150871831422,-0.139596686194351,0.7160111375412582,0.0034133208622755,1.0,0.0463059975708293,2026-04-15,3.0,5,-0.17388342654438,-0.1061684273509412,True,False,False,0.75,0.0,0.0,0.0052584151535881,0.2438306023237219
MPC,Falling Wedge,bullish,1,0.6444712890690427,8,64,579,580,2019-01-07,2019,6,49.42151236095295,46.24283865206996,68.63201179156889,42.30680723210352,0.700069567455543,0.0687387236929648,True,0.0362558870283691,0.0339975754352632,0.0232244282918603,0.1177457591735593,-0.0092009754780085,0.0076622660285456,-0.0430136006214396,-0.0633480686265449,0.0342024477490561,-0.0647356927363654,-0.0620225534638126,0.0183258487339132,0.0283273186601826,0.0635747612411272,-0.2655738633074002,-0.0281341951332068,0.054376433646555,-0.0102708381458179,0.0062957937693575,0.0076622660285456,0.0015865247858166,0.0022352996751906,0.0453099190148134,0.0352978422377703,0.0117797302585798,0.0401234564429318,0.0738705660306306,-0.04217302983364,0.0739197455566218,0.0925838546938386,-0.0208119187919313,0.1244346149642063,0.0833883163072533,0.007686947298773,0.0453594953663287,-0.607728447940855,0.0075436415583645,-0.0193654191108511,0.0879707351295735,0.0200681701436156,0.0255555412966388,0.0371604281306994,0.0192934808071212,-0.1751865387949193,0.0129669668654754,0.0409648119317765,0.0729913318479167,0.0096008245841636,0.0727588601947668,-0.112766991667271,-0.0228559347473151,-0.0323112136513962,-0.0410080600263941,0.0831501481192009,-0.2346482591180747,0.0468131833735028,0.0431129639524043,0.0621367384646123,0.1183066911472061,0.0668757774236492,-0.1840606470090987,0.1105153109835783,0.0645067125869234,-0.0263913408599308,0.0615291374495314,0.0027977666002612,0.373181885975818,0.2041739356769027,0.0402004986044728,-0.0349542731656844,-0.1148154621116135,-0.0849032404877621,0.1377397388118211,-0.1153737248666044,-0.0746083595333264,0.0583501180362979,-0.1581869733348732,-0.0550232695661055,-0.0019074890077577,-0.0025587900556257,-0.0051195464754643,-0.2203953488295897,0.1397450863584461,-0.0235312251748869,-0.0331995548466061,-0.1086604432481931,0.1016004926917888,-0.04246184693119,0.0650558904132041,0.1322129612298186,0.0131663599370186,-0.0210513149217049,-0.0277078051483609,-0.14787621436574,0.1014177319129461,-0.6531759127465078,-0.1310393419830965,-0.2240993542100102,0.1924095004842145,0.2445490779404784,0.1191582756120654,0.0296626425184303,-0.0672034288104622,-0.0599050451111906,-0.0951909191324381,-0.0616326616842065,-0.2798302732018494,0.0724453312488073,-0.2924605965824208,-0.0345055062740848,0.0226905985400809,0.363636275265599,0.003704992166116,0.2255147718211609,-0.0015151130370425,time,639,60,48.05215072631836,-0.0277078051483609,0.0979075673004327,0.084067906533561,-0.1924692042516234,0.6801040886358808,0.5839684156495352,2.700111822304377,509,0.6238514772306305,6,0.147606070623448,0.2361445517169553,-0.1362576118489958,0.0158730158730158,-1.9618727387868824,-1.338021261556253,0.5528535803111758,0.1658800986810197,46.24283865206996,42.30680723210352,68.63201179156889,1.9215149391149344,-0.1525586103020174,-0.0172243620213838,0.0390987073401779,-0.1014651560159289,0.5759154774862922,0.0035684615425835,0.0,-0.0517882785063561,2019-01-07,13.0,3,-0.1804387439193308,-0.1786914711905324,True,True,False,1.0,0.0,0.0,-0.0036453510634411,-0.1866070133080864
MPC,Falling Wedge,bullish,1,0.6240591015293773,3,28,685,686,2019-06-10,2019,0,38.71106521517856,38.01229079678666,49.466907904580864,34.85407136244967,0.9106832266206116,0.018382854696328,True,0.0118403644341633,0.0174076784598743,-0.0187587960922593,0.0087051367691655,0.0293170611012587,-0.0608707911385719,0.0265898357866445,0.0253869272265956,-0.0229124427215743,0.0376094086435576,0.0062055445896087,0.046795959731597,0.0583666173319941,-0.0171084304845363,0.1239605718353495,0.0484887359157637,0.0535702249956351,-0.0244703912056578,-0.004005513233579,0.0587703150431389,-0.0068581651375838,-0.0206869510064486,-0.0055643784633415,0.0718735330792599,0.0578583095767528,-0.0153889349345702,0.0149706653970231,0.0478532007761818,-0.0414863697999228,0.1399014355009704,-0.0322060302679586,-0.033663797996323,0.0388653255802831,-0.0657737675599337,0.0801007064875696,0.0517137485186334,0.0609513349079919,-0.0428637356496005,0.0345794645317329,-0.049839452153205,-0.0385342538072788,-0.1218672364395092,0.0144544670703927,0.0905126531822451,-0.0015987485017188,0.0653394993371097,0.135022822561204,0.1087487582876973,0.0710899531960469,-0.0348113434873217,-0.1459190686092591,-0.6675438684350761,0.0405438910570736,0.0626225959140029,0.0052441672379657,0.0205529749037416,-0.0092792863341036,0.0700357332796972,0.176973281580796,-0.0650340317725369,-0.1695795712982776,0.176973281580796,-0.0002065787125907,-0.0467367351170712,0.2497101016291516,0.0855051229606997,0.0429257951620969,0.1384775899998926,0.1349456223244178,0.0301206475269562,0.0362723772869513,0.2669238712156103,0.1808638980878156,0.2638971054626624,0.2692485510432152,0.0942486475278301,-0.0922165877232864,0.6312662053820512,0.1096331751599901,-0.0372195415444607,-0.1606013030835248,0.6569621251935287,-0.01947024041853,0.0222507402924414,-0.1717674092003652,-0.1723960635937749,0.17393302620442,0.1934623408806561,-0.0501177513624264,0.478844499422359,-0.0377277432128873,-0.09988022975971,0.064143834817216,0.0487473499207569,0.2052691964799058,-0.2552591157772578,0.0566385682367249,0.1437718235964709,0.3492588321295442,0.6208595544803606,-0.1528929168145134,0.105747230342355,0.2700463778118944,0.0592263651892746,0.1241846884454533,-0.0768304793770872,0.1541036301426182,0.0529202198400862,-0.0919197778870271,0.052777311049214,-0.6159247798261367,-0.0108126946331436,0.0067697055825861,0.0987728669028566,0.0093085045215071,time,745,60,41.19414138793945,0.064143834817216,0.2172829107140635,0.0868300973714892,0.6437853591610161,2.180779448441391,0.8714780708322529,2.788659536439857,657,0.4677360968418361,5,0.012681404472496,-0.0049045578481037,-0.1334558125022877,0.0,-1.5418810845208195,-1.074144987678983,0.9088908230212098,0.1369268782025068,38.01229079678666,34.85407136244967,49.466907904580864,1.3101663429878287,-0.2602659387956925,-0.1415699901964342,0.0341712723028353,-0.2356760930614693,0.2476203624315272,0.0102153209017479,1.0,0.0030200018980375,2019-06-10,13.0,3,-0.1043423203989709,-0.1638154963396997,True,False,False,0.0,0.0,0.0,-0.0543586743330629,-1.1036570922351618
MPC,Falling Wedge,bullish,1,0.7783382546662131,3,33,817,818,2019-12-16,2019,0,49.996417393935474,48.5537777623336,56.865401948934704,46.8131181866417,1.6539069145704215,0.0297122015646953,True,-0.0052477088735337,-0.0142475421143061,-0.022161274873211,-0.0231225068003225,0.0446049111213753,-0.0065214040568978,0.0930538893431249,-0.0109184543452114,0.0031795366743363,0.0298867580419912,0.0265303774166423,-0.0217678750382138,0.0294798994298692,-0.0046035151586527,0.0494191889233734,-0.0296226964170303,0.0557060181881403,0.1116244494354175,-0.0617018299391776,0.0807979798973397,-0.0211665716821219,-0.0397277466553644,-0.019396165548804,-0.0119712130878106,-0.0229813872230422,0.1102992302818157,0.0509496676455316,-0.0324222218860672,0.0877994842703702,0.1088058746384428,-0.0291016623656568,-0.0324525841612374,-0.0487142815250331,0.014779625931514,-0.1214879678049253,0.0579623413999879,-0.0584248388575259,0.1780684698824695,-0.1601395718940403,0.1062923765202572,0.0375042092332811,0.0714843707412267,0.0009981772882907,0.0281916854776733,0.0967223325748587,-0.0353269489573723,-0.0467367351170712,-0.0776303122777058,-0.0441433941294683,0.1115057679843924,-0.0223125139730449,-0.0827702994419856,0.0608549722271594,0.4900757204255728,0.0656976606277861,0.130661251543827,-0.1282653625954376,-0.0288184164091547,-0.0993276479242695,0.2478571022488818,0.0473924341572307,-0.0496118909848286,0.1015672330870181,-0.0371553739887944,0.1556208322407157,-0.0699029444653344,-0.2033914638423158,0.0445320642590238,-0.0812400216694199,-0.0242702205584888,-0.0830262012678322,0.2078166466672015,0.1421838975543459,0.0761372520838818,-0.0674002457693284,0.0345749249982632,0.0700396092074089,0.0399702843326126,0.16207473247951,0.0268059725906446,-0.1974207538969475,0.0609598238569408,0.1668404515702191,0.305823703319134,0.0978122175980034,0.2434183856668215,0.0415147386800058,-0.0134049809674133,-0.0255123153451712,-0.0205227294849476,0.0438452520198426,-0.0940480639165402,-0.5872370796294271,-0.4332112647672345,0.1691047150685722,0.2620307734685614,-0.115525373103815,-0.2345523182595283,0.3036418615529144,0.4433625789882811,-0.2311136144354898,-0.0679069480944563,-0.0411209067771998,-0.4209695831728464,0.3221696075150193,0.1504709598712827,0.096046396694791,0.0302205507638657,-0.1492347751090905,0.4024154035064295,-0.4945787387358737,-0.00354100987405,0.0908928096082399,0.0365112941266498,-0.6146532638095399,stop,830,13,46.8131181866417,-0.0636705462755797,0.0190226118647641,0.0649392438755247,-1.0,0.2987662738502385,1.0199259732192931,2.157819327589624,784,0.668247652077886,6,0.1228367276451213,0.2735446325224238,-0.1530156908921325,0.0,-1.1500230534011893,-0.4817754013233026,0.3604101806630042,0.1187899262718612,48.5537777623336,46.8131181866417,56.865401948934704,1.298928114288808,0.0863963290296272,-0.0325651919895704,0.0260787831097524,0.2477769411585717,0.6806084367144889,0.0102374448618334,1.0,0.0247283237081543,2019-12-16,13.0,3,0.2830321547018977,0.1303297326586714,False,False,True,0.0,0.0,0.0,-0.011771769774676,0.1361886100702054
MPC,Falling Wedge,bullish,1,0.6573593873622641,3,21,1464,1465,2022-07-13,2022,2,72.61569787601081,74.98726277142941,103.75557146545248,68.94558153953437,0.4262547205089986,-0.0316262363469304,True,0.1184029096126819,0.0617665625376822,0.0682104307060549,-0.0053663403547351,0.1064588673637079,-0.0398000070498396,0.0131664963550053,0.0087505495253219,0.0513536532144354,0.0395456307851258,0.0348357466338138,0.003390460423583,0.0683280542663142,0.0760655395711957,-0.0450546054053979,0.0374243334294048,0.0073215921996723,-0.0132418170730206,0.008057893148714,0.0348357466338138,-0.0155021217908588,-0.0053474166077361,0.0967312753139532,0.1333920593783326,0.0599732555046037,0.0170901447587954,-0.04217302983364,0.1295832146116187,0.0245161551477748,-0.0764870757022677,-0.1072577309516056,-0.0457099115849622,0.004315500925264,-0.0336827234697433,0.0195833702418311,0.0968674760207455,-0.0202513972056214,0.0788631934277868,-0.0386723675821003,0.0382790970813802,0.0757086484591773,0.0599346258474617,0.0753396976395368,-0.0925513625666956,0.0599828384248715,0.1222281411938522,0.1988914866401208,0.0747512448352987,0.1431280560025569,-0.1575669041761649,0.2118846408032466,0.0345361756977875,0.0828772556032404,0.0838343108792594,0.0894233871775702,0.2149419526420206,-0.0644067315240206,0.0011357609522959,0.1038250031575858,-0.0029445186612563,0.2503420926561008,0.0362172772638362,0.015160882989315,0.0683421328256488,-0.0901420172935775,-0.027857082892189,0.0982672271467217,-0.0863399209787669,0.1486585376265602,0.2476349850211339,0.1759827691531903,-0.0569900677512987,0.1360978535638344,0.0083946889585522,0.1667751445299463,0.0373700147682332,-0.0641249636226546,0.2118943780066422,-0.1055536055020068,0.1810806554232169,-0.0074646542248331,0.0480423777856569,0.0237018528738552,0.1359225687966498,0.6637394700770638,0.1656065818500252,0.1768327394706093,0.1128419266502633,-0.0641249636226546,0.1533862359887807,-0.2081693707620496,0.1618720418582422,0.366885956174253,0.3638800877838368,0.0422878428444455,0.3726058785859023,0.408309911528802,-0.00514424581586,0.006979071700129,0.0959634898906045,0.0601648139680865,-0.2124245102973464,-0.0557827952693127,0.1568770034692759,0.4521370210356286,0.0550007748588923,-0.1187427120719232,0.3723156362566808,0.0068950450010416,0.4015462248687926,0.010626071704753,0.2691063024839142,-0.068170802732006,0.0766746830146274,0.2505247209229966,time,1524,60,99.25737762451172,0.366885956174253,0.3755032279216085,0.018516201436006,7.259083175025106,7.429581640019872,0.366355386592254,8.48471022020464,1441,0.6710394564971154,5,0.1169310102529845,0.2380364483407577,-0.329603916161676,0.0,-1.3396468120986549,-0.6686073556015503,0.4192622254322811,0.1981031800824443,74.98726277142941,68.94558153953437,103.75557146545248,3.621442193143906,0.0646143954421347,-0.1303866977583517,0.0483193149986199,0.178766816318376,0.2282624620258247,-0.0134137286648392,0.0,0.0145769940212623,2022-07-13,18.0,3,0.1429681853080404,0.0514603199428129,False,True,False,0.0,1.0,0.5,-0.0293471588118044,-1.292986149654625
MPC,Falling Wedge,bullish,1,0.7312766052914516,3,22,2412,2413,2026-04-23,2026,0,219.5983135206416,218.071664642237,264.6989037997546,206.95672860530385,0.997702352648948,0.0070006751262672,True,0.123280839676136,0.1121518133003658,-0.0265462293666738,0.0404977747205177,0.0081287597731076,0.0102994600120061,0.123258478284993,0.0308281922166679,0.0686500904082632,-0.0195809952609212,0.0174415581101208,-0.0114610381243347,0.0637501021269797,-0.0130911071468252,-0.0577894042702664,0.0500692507089453,-0.0182349188464421,-0.0016711182726482,-0.0367067791148959,-0.0072006242069598,0.0557150951958393,0.0105659426145934,0.1089347151980326,0.0960006808086149,0.0666936170964274,0.0369817693012974,-0.0284055067737181,0.1446292479308677,0.0377874766396693,0.0051361921671488,-0.1346782751723414,-0.0074546178341238,0.0382790970813802,0.1134088300508933,-0.034626155269713,0.0798402329884553,-0.0038986515766841,0.0170086657437285,0.0333385546049969,-0.0253704472090927,-0.0803995553782466,-0.0503319224548683,-0.0486127377069024,0.0682074977910589,-0.0116800478469788,0.0885426984547735,0.1282036435509908,0.0832230613768492,0.030206668949142,0.035307520652893,0.0473924341572307,0.0283591343230846,0.0948414788353204,0.090185760173256,-0.024798280508838,0.0217207030758508,-0.1695795712982776,0.1816648825088016,0.0116946249849589,0.0376427140889341,0.1426175434739769,0.0727588601947668,0.0108735631796232,-0.0329049455826283,-0.0009905904748244,0.0483471260361667,0.0429257951620969,0.0705311453498931,0.0912638151869193,0.1230265245720105,0.0729980755663584,0.5463268003142867,0.0558397495114924,-0.6316096823346595,-0.0270962062727151,0.3152596238632368,0.1576710597936104,0.1431182703998914,0.0594166938574569,0.0007271557326027,0.035195942800871,0.078799291536785,-0.0093069632526172,0.0824213074340713,0.0704259787205932,-0.0132994975371659,0.0719538985308596,0.1545636666979475,0.0277150334377329,-0.0723527255618726,0.1305948206833727,0.0642083136542215,0.4521370210356286,0.3966213597252315,0.5704265284879715,0.0517975571199462,0.2683857246325831,-0.5705525090928145,0.3993930678365951,0.5799829297356571,-0.64675246468812,0.2308972812420717,-0.0627765340240722,-0.0317817059620421,-0.0768304793770872,0.234375047294878,-0.0257010779108833,0.2803922846522508,1.185039895176721,0.0193406262758386,0.1032934406704022,-0.0940443737728352,0.1566318696192479,-0.0296190892272951,0.3250421201011779,target,2440,28,264.6989037997546,0.2053776714222064,0.2373318152278734,0.0078266186214529,3.5676373319609223,4.12271615607315,0.1359570229010631,3.5676373319609223,2390,0.5902178140766219,5,0.0324867391084282,0.2059432065662634,-0.1567058194516383,0.0,-0.9563106889143644,-0.3660928748377521,0.3862370783603678,0.172684519344613,218.071664642237,206.95672860530385,264.6989037997546,7.738479959526954,0.1624434842886637,-0.0028105630231706,0.0352296865109364,0.2212329500998457,0.1968505198404431,0.0065744911711387,1.0,0.0786060818250133,2026-04-23,64.0,14,0.4425906928049339,0.2716950312807173,False,False,False,0.0,1.0,0.0769230769230769,-0.0540813440479726,-0.9643406435791156
MAS,Falling Wedge,bullish,1,0.6714996569886457,5,41,1205,1206,2021-07-01,2021,4,53.33469947305889,52.20361365108005,64.30160059894297,51.49560729095026,0.9925800119722132,0.0216668108368671,True,-0.0057833710308464,-0.0147020588034342,-0.0075392763311102,-0.0131180578780257,-0.0579566431286793,0.0486231486441064,0.0699277287474162,-0.0120668905923572,0.0680346855094271,-0.0442192474987898,0.0188222768224821,0.0038037437521076,-0.0419661866499015,0.0097299729767921,0.0640423075803913,-0.0052816251064193,0.0544151258912313,-0.0114187305999065,-0.0027200422295546,-0.0253643319184789,-0.0093481648071771,0.0455691655630865,-0.0133818189681784,0.0059535319250001,0.0067181209790232,-0.0155836854550075,-0.0336368296961991,-0.0677786196730128,0.0510814343712557,0.0507061281009049,-0.0296526022970792,-0.0317936435947138,-0.0222046775426796,-0.1528942633958263,-0.0598389543405843,0.053926654827348,-0.0399696501898444,-0.0050550020945512,-0.0083135011254732,-0.0550223422913488,0.1107044240136618,0.1003593631733408,0.0075026272614326,0.0238941397290295,0.0622498408178415,0.0090194898950754,0.0156488611994387,-0.0001966644324544,0.0425476881756765,-0.0049057391233375,0.0767851709941593,-0.019014591238217,-0.0172536667288567,-0.0822458472127443,0.1410045868625951,0.0037070731308423,-0.002195235044817,0.0090471989378522,-0.120016919349089,0.0240334343513095,-0.1566676254137928,-0.0701761912046484,-0.0715639239353567,0.0748208388487736,0.0156488611994387,-0.1668671328933759,0.0099351001048464,0.0988615199544005,0.0263746311786558,0.0584460218191242,0.015404100684921,0.0828946613972452,0.1494387720069427,0.0618198131701004,-0.0746878005665048,-0.0813565264681142,0.069679796802351,-0.0895989257201912,0.0682890000309603,0.0349618320411688,0.0007129646496832,0.054807326098357,0.2103570822108675,-0.1123550405775506,0.1433210871736487,-0.1457005322092456,0.111789554922935,0.0595304567275012,0.0622117875158538,-0.0821659691220768,0.1348315502756933,0.025506977301143,-0.0419517112752207,-0.0706494995062128,-0.0331044353176074,0.0246702904139828,0.0651873005706982,0.0910253943613443,0.0628781124765196,-0.2661173114592965,0.2049288801427753,-0.001330493973117,0.3754299920045409,0.213948698573775,-0.038179752906695,0.1601559445778928,-0.1383365260563057,-0.1308977749204833,0.0991558157906964,0.3285392732334473,0.3218838205771162,-0.0478952397540419,0.1320585584213718,-0.0462063886119911,-0.1108414191824519,stop,1208,3,51.49560729095026,-0.0344820951515366,0.0079945126498837,0.042013747342724,-1.0,0.2318453276911013,1.2184221161181883,5.9632144775417775,1160,0.890477777544198,5,0.0510552939441986,0.1852193714427694,0.3312294369947584,0.0,-1.454684058481518,-0.5642062809373231,0.0956025862746916,0.1403053700250801,52.20361365108005,51.49560729095026,64.30160059894297,0.9331282640438124,0.0282643702985223,-0.0380416940587589,0.0174867834813454,0.0808299930136464,0.4374985098824644,0.0013580158651902,1.0,0.0312061296908228,2021-07-01,16.0,8,0.2525891863859411,0.1632334892660893,False,False,False,0.0,0.0,0.0,-0.0087771210381715,0.0063730478728037
MAS,Falling Wedge,bullish,1,0.7793499606760169,5,58,1382,1383,2022-03-15,2022,0,51.57016455142288,49.72216449979129,68.11500207224958,46.383712506175584,1.1986605588600825,0.0371665246318739,True,-0.0167440203163365,-0.0658184889127994,-0.0222077117882272,-0.0275603246452305,0.0538742777114988,0.0102158529471214,-0.038005181216526,0.0453290170727966,-0.0572979002392551,0.020816087453688,0.0301083785763005,0.0445207597837173,-0.0475635979937555,0.0233136317885533,-0.022024136714035,0.0098597346849123,0.0041860811171094,-0.0158665864916105,0.0018864880542874,-0.0157091865363515,-0.0156702988347088,-0.0045406174044797,-0.0156272586826268,-0.02208768622987,-0.0990694431801944,0.015726182723472,0.0063872988162578,-0.0598340925352312,-0.0296526022970792,-0.0671123779665274,-0.0176342617729288,0.0333934374177302,-0.0373750224940904,-0.0257861843477067,0.0360619095303718,-0.0250197635504444,-0.0350278063444519,-0.0725707705736273,0.0258972301814195,0.0305971339232336,0.037363553978738,0.0467228403821291,-0.0468966359459603,0.0198695038003926,0.0067698487880762,-0.0141816573155586,-0.1152477404818207,-0.1379547882413384,0.1946831152254473,-0.1288994843105138,-0.0348199226288876,0.0361117903594387,0.1360834563484414,0.0022685167086917,-0.1450846972740906,-0.0433377908912591,0.0591046111737323,0.0728194679690763,-0.0044345550071956,-0.0648227951704741,0.0002648410295771,-0.0496274424132008,0.0421486021461279,0.0637664930364128,-0.0225204845525582,0.1089980378595958,0.1018681539319552,-0.1762426441468084,-0.1226641039514961,-0.067331833862968,0.0162245011999618,0.1989885637542339,0.1256980255204336,-0.0542748525063465,0.0973149244657498,-0.0003301813781192,0.0550602663875967,-0.0393766752480992,0.081099548440179,0.0625535018904868,0.0180531120693787,0.2079423631418522,-0.0882197611277129,-0.0374984868283222,-0.0061826278245864,0.3932396921315206,-0.1123550405775506,0.0290322758186207,0.0807086008105593,-0.0802938579888397,0.04365514043054,-0.1160725604320467,0.0150729092018031,0.0783516561746251,0.2198668502024743,0.0297412316315945,-0.0093479103892835,-0.0754801202466599,0.0568185068795603,0.1183533954490325,0.0047761914595865,0.045700296266905,-0.1284152497841405,0.0523802872251997,0.091221615599077,-0.0104561085315534,0.1098508662811417,0.0631348240462799,0.0305048775059078,0.2022600282913051,0.0147940732076403,-0.1368902042394485,-0.0498512813239149,-0.1163876952430749,-0.0105558145125783,stop,1395,13,46.383712506175584,-0.1005707872053743,0.030103177759899,0.1009975375092782,-1.0,0.2993232786219096,1.0042432829230257,3.190010700279758,1324,0.5867893340555081,5,0.0078686261801,0.1629199220785491,0.1867487384929169,0.0,-1.801591644128671,-1.2148023100731655,0.5572762666504762,0.157672090090482,49.72216449979129,46.383712506175584,68.11500207224958,1.6889086162368454,-0.0852728895768117,-0.0791792272408741,0.0330380920420935,-0.0479127355482799,0.8896553357063367,0.0081315358402564,0.0,-0.0292697608674308,2022-03-15,34.0,9,-0.1023095573090729,-0.0942584104467512,True,False,True,0.625,1.0,0.125,0.0192553638804088,0.4539522430708896
MAS,Falling Wedge,bullish,1,0.8670748333090389,3,48,1946,1947,2024-06-12,2024,0,65.97075973858811,66.06125583800366,75.40127844627335,63.11555394507043,1.5422814982973894,-0.0013698816086309,True,-0.0055378589909069,-0.0126261115385915,0.0257623630364178,-0.0716841135068043,-0.0241837848994801,-0.0204613575368106,0.0456034506798663,-0.0024765953446167,0.0035300310920403,-0.0320365028162554,0.0095161743532341,0.0329982960798069,-0.0014975026188525,-0.0181658679064697,-0.0219543220824326,0.0169542570120446,0.0187982394722714,-0.0259740161048449,0.0249187534789916,-0.0154839324769676,0.0165836361960483,-0.0171397558047466,-0.0027182315060289,-0.0323520905947637,-0.0415254607303207,0.0698638153402391,0.0571997864206845,0.1296492900646999,0.0424759871054789,0.0318936293767775,0.0483468538256419,0.0488950674956101,0.0236763037870002,0.0885527864912125,-0.040511019700512,-0.0056569987081271,-0.0198843714564798,0.0916080588909589,0.0058704293339697,0.0837725546978538,0.0082700677486551,0.0059535319250001,-0.0181144354455435,0.0019732363521269,-0.0107980620919927,-0.0645039161674264,0.0307489368889886,-0.0035813284746137,0.113832489880101,0.0011784468157469,0.1191325366935323,-0.0072394556767946,0.06643276969768,-0.0440367054645058,-0.0077635350585004,0.0739498232674173,0.0356518164195232,0.0573919841924424,0.1274585992707355,-0.0297280859628149,-0.1153325736124067,0.0803502659199311,-0.0888066523757291,0.026300934433115,-0.0888164666715952,-0.1836951668708056,-0.0701532500033831,-0.0779423698303046,0.0313406666358193,0.059701213165294,0.0752414718943212,0.0171165227706557,-0.0880723109892273,-0.1699537549367745,-0.1094755109980977,-0.097768198327687,0.1181416083222055,-0.1465471240169823,0.0268608798420477,-0.0084943044637683,0.0235199707103535,-0.0577141349984708,0.0720592907467021,-0.1351075372000166,0.0033575167457058,-0.0895989257201912,0.2100891578069363,0.0105216471100633,0.2415440726475843,0.1257881677264711,0.0817728898914358,0.0582992170318468,0.1310891803689287,0.1218417209323194,0.0685313026467218,-0.0969180551104049,-0.0199064348344212,0.040358860549869,0.2162845218777718,0.0774925747414549,-0.0930794605698172,0.2012218523809157,0.0570865618111009,0.0406394796020845,-0.101801319514901,-0.0224242268151986,-0.0520881309162823,0.2103058666150516,0.1140655204488938,-0.0713684705263925,0.0811027110783606,0.1309388712033936,0.2550789513798286,0.1753225600453374,0.0705470035642603,stop,1954,8,63.11555394507043,-0.0432798683057699,0.0284173254181239,0.0593120823510977,-1.0,0.6565945445433682,1.3704312113905026,3.3029208364230054,1898,0.6492760445834926,6,0.0470947226813475,0.1221925072178031,-0.2267112832374566,0.0,-0.913880072621476,-0.2646040280379823,0.4439158934338867,0.1306882130918536,66.06125583800366,63.11555394507043,75.40127844627335,1.4977122846525792,0.0619147069711001,-0.0223849661073408,0.0225841869821752,0.0869446776051607,0.3421071123826702,0.0282737706456592,1.0,0.0345117953001823,2024-06-12,50.0,9,0.0951488196694512,0.0752980311315758,False,False,False,0.125,1.0,0.125,-0.0043355542999123,-0.1788876478851926
MAS,Falling Wedge,bullish,1,0.649752576366169,3,21,1964,1965,2024-07-10,2024,0,65.27854683177515,63.150399716390666,68.95019524375334,61.087152025332585,1.5677831562881224,0.03369966183812,True,0.0777615192913707,0.0857765898386855,0.0342928523727488,-0.0031329014588266,-0.0416043393815642,0.0279364871944414,0.0562660997597987,0.0194406144497201,-0.0088147991408101,-0.0017105093455539,0.0390665454618885,0.0033432698616349,-0.0265175246603183,0.0430670743523373,0.0143420341999147,0.0102158529471214,0.0719582185258937,0.0363071481287762,0.0192618637283084,0.0420274076233069,-0.0343145188751375,0.0425645542617638,0.0605617477910985,0.0394697081163435,0.0754663766565401,0.0510814343712557,0.0461005948661668,0.0921833738428221,0.1105230678158899,-0.0110939247226065,-0.0676199862187458,-0.0572138630148461,0.0195043135411789,0.0394697081163435,0.0456908535483557,-0.050110843042684,-0.0605258736155541,-0.0090326909705774,-0.0015667114111279,0.1491704188540124,-0.0233151378720373,0.0226371378411867,0.042065320028541,0.0462961458918194,0.026244545316781,0.0189453139580348,0.0666509661782963,0.1428480344725282,0.0052016531015464,0.0528191862155604,-0.020055019306301,0.0328997952329341,0.0192493819150518,-0.0064515199016208,-0.0622506703212104,-0.0625212164333264,0.1533564261300999,-0.1231256362361169,-0.0846243018069543,0.0670321274717784,-0.0341576016246496,-0.0422015528778809,-0.007199674912783,0.1848946891397211,-0.1564479303734803,0.0768504452920104,0.0624879536590747,0.0577444277163738,0.0609759180743049,0.1419005835082312,0.1629714332208693,0.1526511744561987,0.2613261511316453,0.159572377907107,-0.0498294433478425,-0.0992902140599758,-0.059394008007828,0.143255518777948,-0.0544038784256932,-0.1718641511420569,0.0832753654263132,-0.1080517053106668,0.0651004361460192,-0.0513191824363975,-0.0037341634345041,0.0675943755294183,-0.2174556127044066,-0.0821164034940689,0.0734844607836182,-0.1717998858960137,0.0777217934622471,0.1411644332401781,0.2294206160346175,0.2149548140392181,0.1587679045040284,-0.060007064407505,-0.1677969543487726,0.1316841864793554,-0.0381448822993373,-0.0142883665325929,-0.0082234116801028,-0.0893546024142902,-0.0905168094896993,0.0223927836829636,-0.2965081450066752,0.0270201497519433,0.1140312653675266,0.1794172722150468,0.1596708830445183,-0.0383030599708256,0.0600106939455147,0.0251279614275941,0.0500902375303911,-0.0513824409998164,0.2257362359946542,target,1968,4,68.95019524375334,0.0562458662175822,0.0946981698947799,0.0089838084925384,0.8759967937963121,1.4748691554558062,0.1399176146581193,0.8759967937963121,1943,0.557298747628874,5,0.0059405053294928,-0.0795714404552988,0.4779182139333087,0.0,-0.8428627027196144,-0.2855639550907368,0.5380311920486336,0.0929109713391497,63.150399716390666,61.087152025332585,68.95019524375334,1.423548623249234,0.0029380804801772,-0.0313946740539818,0.0223842086285359,-0.0018017020099476,0.6363648974194164,0.0010666209793797,1.0,0.0512844846480513,2024-07-10,50.0,9,0.0371541194808302,0.0449942917681625,False,False,False,0.25,2.0,0.25,-0.0312421795959451,-1.001191953126411
MAS,Falling Wedge,bullish,1,0.632036723415046,3,35,2061,2062,2024-11-25,2024,0,78.46349283142399,76.88831869396091,85.07445726775484,73.04312384130088,1.1178566641347571,0.0204865207643927,True,-0.0030861337998757,-0.0116199627856581,-0.0117939589124287,0.059070419864678,0.0226886030631712,-0.0141761738980569,0.0145696289154744,0.0029534189204925,-0.0135621363589854,0.0497394276693796,-0.016720015306425,0.0179755504647629,-0.0223446295922505,-0.0663392612315616,0.027633903418434,0.0205968917931349,-0.0137025484764422,-0.0089854763673002,0.0254236476988356,0.0900259173965731,-0.0128333479934088,-0.0250891220885998,-0.0093426707488496,-0.0204913859827847,-0.0271716278867265,0.0628258624584028,-0.0851696108781189,-0.0030151002732675,0.0330969516065531,0.0798806041861051,0.0607433933231496,0.0631193636825093,0.0351583539875954,-0.0056569987081271,0.0073452089777856,0.0019131665889537,-0.0176097919237072,0.004941889996475,0.073809388931969,-0.0278634671172021,0.0291454953251608,0.1201249750055739,0.0271370012359721,0.0040108991667953,-0.0026988237287356,-0.0435533240749769,-0.0849279239200135,-0.0924827917953405,0.0920922273303952,-0.1425350946556599,0.0449217331039775,0.0355466107612361,-0.0685211398130423,0.1387987619339643,-0.0528514958010807,-0.0111193198004588,-0.0076174258827524,0.0361971333350028,0.1128244414526482,-0.0325644158108813,0.0824516280571163,0.0147216256426763,-0.070988830870919,0.0347530902220702,-0.0139724421987584,-0.0679245291986492,0.1394462298092604,-0.0309390588566172,-0.0965639103579899,0.0103689481618587,0.0060480535054183,-0.1407406672724143,0.268503628931823,-0.0934549184826282,0.0507575978785681,-0.0364418661094833,-0.0153435065833189,0.1286658106429641,0.1865442546746907,0.2147691444828432,-0.0782675102300255,0.1773449159300737,0.011580031074535,0.2143301465791325,0.1376190372253924,-0.0267226005159336,-0.1331996089154399,0.0979076310425663,0.0841934913204773,0.0557126390547104,-0.0993124223276935,-0.0398533132581832,-0.0569005303142972,-0.0526253745697626,0.1800482755847816,0.1199521051751586,-0.0473567702759498,-0.0961018165926214,0.2830156406807418,0.17346940390027,0.034571905327714,-0.060007064407505,-0.0181127518394987,0.0291042603715758,0.1338033350960115,0.1548646970969827,0.1112111619016387,-0.0303245360585404,0.113704648616203,0.2184232563620711,-0.0212809690240138,-0.0606072100924771,0.2429482361279371,0.3116177768653705,-0.1455477095550897,stop,2077,16,73.04312384130088,-0.0690814134640752,0.0124674000692776,0.0876434056203792,-1.0,0.1804740152828676,1.2686973416656688,1.2196521027216445,2026,0.3858477917621543,5,0.0459556421129199,0.0654746336119844,0.3897044629758319,0.0,-1.0641792014929945,-0.6783314097308355,1.2955017616383104,0.0852341898905781,76.88831869396091,73.04312384130088,85.07445726775484,1.6826473229280623,0.0998225202926679,0.0075641337041343,0.0211422348236145,0.226778954488904,0.7091502942056447,0.0150610981894969,1.0,0.0287520567555688,2024-11-25,50.0,9,0.1741055560319457,0.0944114186815077,False,False,False,0.0,3.0,0.375,-0.0080718936582633,-0.3704002856637379
MAR,Falling Wedge,bullish,1,0.7013752529717028,13,81,1229,1230,2021-08-05,2021,11,135.799325467886,131.61856779142124,153.008885578501,121.9485956866606,1.1674617594112628,0.0317641936591355,True,-0.0485698875180566,-0.0553784827507257,-0.0332133487488879,0.0226054872126226,0.0694888968158726,0.0137735104992444,-0.0043680572905536,-0.0052337748201908,0.0276773424646914,-0.0228657136956482,0.0583684011865075,-0.011381105591823,0.0156233142975366,0.0463447855430081,0.0563800194434469,0.0269835817183534,0.0266344746500364,-0.0185755936584725,-0.0499577374082502,-0.0282687619929862,0.0809309954211519,0.0239314356967026,-0.0633137951051747,-0.0804090596438933,-0.0753423946118934,0.0108219539587857,-0.065017145758448,0.0505052076602008,0.0796106783129357,0.0522549973989776,-0.0021995188296205,0.028275855127791,0.0839679787996605,0.0464252342124029,-0.0304545088447586,-0.029649870145207,0.0114030886947966,0.0326968538547154,0.0607396272958473,-0.0163197329043105,0.0715076231672344,0.0046199367057462,-0.0676654156380667,-0.0775764576264156,-0.0244390588826319,-0.0913844259718751,-0.0441225688807003,-0.0692075787374364,-0.0510086331900503,-0.0011923344196892,0.0167905108011541,0.29363571022557,0.051506311153314,0.1239454889126718,-0.0327552802289684,-0.0056816514838462,-0.1170082233355234,0.0235223925499845,-0.0055489860002271,-0.019938946965796,-0.0244145374810051,0.0592453362349552,-0.0778225525910417,-0.1002737558977104,0.0080355402706386,0.1088586498868113,0.074654561540816,0.062832495676063,-0.0634916736636063,0.1010947445342422,0.1157268036420319,0.0343881393321652,0.1206703417262335,-0.1903744317808993,0.0227644356239806,0.1121165477324568,0.1321601421616642,0.2259433670544519,-0.0018762537247343,0.0911599317681919,0.0223615379575989,0.1462207761540528,0.0532182989521841,0.0227644356239806,-0.0939521341776659,0.0833683157371989,0.1909243485626817,0.0216898152180158,0.0221395780449331,0.0335417732122118,-0.1855293631502973,0.0579097644328219,0.1296864639163306,0.0875662740053215,0.2168281934141609,-0.0267307194497762,0.0704265730169462,-0.0213764201928514,0.0767146187190044,0.134152886039444,-0.1013121616789696,0.1441295564696612,0.1889144147621806,-0.0918610963305763,0.1006638253578815,-0.0078394956940919,-0.0195216947443973,-0.080591789867683,0.2231715285899937,-0.1105850228646382,-0.0375444728515238,0.1310922382235408,-0.1508998000153382,0.0722117613630202,0.0941843178030312,target,1273,44,153.008885578501,0.1267278762344423,0.1271445780799431,0.0993288898972242,1.2425020473608896,1.2465875959517616,0.9738689917841712,1.2425020473608896,1137,0.4783519584889522,5,0.034305009264304,0.1552767774321697,0.0165451699847913,0.025,-1.0992856309226713,-0.6209336724337196,1.0388933810497525,0.1350586906486025,131.61856779142124,121.9485956866606,153.008885578501,4.603120634683317,0.0511501250174653,0.0037779863614173,0.03387973578989,0.1296930847778634,0.7276780392437389,0.0077553352086554,1.0,0.0251553531580204,2021-08-05,6.0,8,0.0605870262318302,-0.0092194016857271,False,False,True,0.2857142857142857,0.0,0.0,0.080471173407616,2.031582643272166
MAR,Falling Wedge,bullish,1,0.6647473772137185,3,13,1689,1690,2023-06-05,2023,2,172.0637733643499,164.88723467521595,182.0324947590525,159.21746422972228,1.1459969104905796,0.0435239192607592,True,0.019897495374717,0.0031867219072367,0.0358574509090996,-0.0505508675751974,0.033976460617179,-0.021342844481996,0.0231738752210175,-0.0063750561593048,0.0068088308008904,0.0733820881091338,-0.0496041349364367,0.0422892335562532,-0.0470453552251504,0.0462405792587514,-0.0267960785953692,0.0190544087930826,0.0355825821422239,0.0042871200941247,0.0130368535858995,-0.0242286433410664,0.0221787876698931,0.0217749487749441,0.0123124834138184,-0.0204047420929386,-0.0488434077250955,-0.0501601040658098,0.0005599670623157,-0.0056904768044403,-0.0060894458338413,0.02622518315801,-0.0030914794793152,0.0592270334589779,-0.1081803235861751,0.0823918828352467,-0.0044053473067279,-0.0035258346985211,0.0098365597687746,0.0370582041018079,-0.0405225411544506,0.0098365597687746,-0.0140749769385775,-0.0837525311256751,-0.178688684470869,-0.004359734036141,-0.0257492729640759,-0.005246973977403,0.0265485710620099,-0.0158870648208586,0.0384337996513799,0.053656466756403,0.0345870325172312,0.0538471119678549,-0.0624762772173923,0.0315515866428348,-0.116296852752086,-0.0224781999592813,0.0787763398519012,0.1023078476573353,-0.0110680530827442,-0.1512777490439967,0.0459907756997153,-0.1479455434965998,-0.0502658311088599,0.0037929224293797,0.1117647776287171,-0.1146398965587738,-0.0008465807612615,0.0996679713358761,0.0276944886541282,0.1471168767340078,0.0882141425086093,0.0081516426932046,0.0259768443704204,-0.0517803179240706,0.126887701461803,-0.0582232639105173,0.0440795096113957,0.1408330218580948,0.1004363862413815,0.1101482805103739,-0.0582232639105173,0.1337699812932056,-0.0233847643914403,0.1707763108604127,0.0563327252720884,0.0018946719673695,-0.1619277532246618,0.0758861565134332,-0.0505678469579025,-0.0318707493683435,0.1171635647167714,0.1132989348498827,0.1604174318504287,0.0994445830361945,0.2100466635652351,0.0797701409066431,0.0506956353093062,-0.0360686240993165,0.0145442815245415,-0.058353681582167,-0.0293160518941154,0.2565505251603885,0.1874764711213004,0.0301946726713822,-0.0025837889048679,0.2383876173647676,0.2043231040479673,0.1170810004171489,-0.0143238323282138,0.0648979795079527,0.0694845081673616,0.0130767218333642,0.0352496304070431,-0.179773595255793,0.0978494629534323,target,1712,23,182.0324947590525,0.0579362012106612,0.0765459705565729,0.0415986273525416,0.7759988717562137,1.0252585697395449,0.55717301475816,0.7759988717562137,1674,0.576944263460804,5,0.0341721466391408,0.0356932459411007,0.5236104481095869,0.0,-1.0466974861998333,-0.4697532227390097,0.5999412448263508,0.0898245254549797,164.88723467521595,159.21746422972228,182.0324947590525,4.041028815817354,0.1014699349485421,0.0430484507849382,0.0235108225559241,0.0786804093936575,0.8054057174906377,-0.0027649559292904,1.0,0.0350677502264606,2023-06-05,5.0,9,0.1171228820000047,0.1146747976894464,False,False,False,0.0,0.0,0.0,0.0078851125209916,0.300449481122127
MAR,Falling Wedge,bullish,1,0.6454921120419793,5,63,2155,2156,2025-04-14,2025,3,221.63748478880368,229.70253467151176,339.2672792220037,206.73329701256307,2.0332816968811733,-0.0351108440933906,True,-0.0179851973101363,0.005028831817418,-0.0034806663394326,0.0377590695948268,0.0277794441082004,0.0366410708569586,0.0010444679117085,-0.0029922129907644,0.0337193993737738,0.0464341982094584,-0.0272825493248052,-0.0248633242883665,-0.0266070349528531,0.0221835506922871,0.0391359253404586,-0.0107538147682473,0.0686043610111146,-0.0503205112981294,0.0100706008692441,-0.0038231776318047,0.0273973184503404,-0.0424019712038986,-0.0258974044911398,0.0669545002360187,0.0398080730570493,0.0040241466718029,-0.0692655004849815,0.0490743322897184,-0.0162833764583258,0.0659641393126089,0.0454807289843994,0.0435654759206205,-0.0929579483685848,-0.047879060983185,0.0087794478074878,-0.0460488971643475,-0.1493793427631156,0.0974683939471356,-0.0526140596738472,-0.0183527160741353,-0.0136122090422893,-0.049942507212445,0.0149125213033607,-0.0350262769796005,0.0129438862159307,0.0794119413736084,0.2204068968604653,0.1330015863515483,0.0767335142839618,0.0447482832598382,-0.0526873732991216,0.0647986971691829,0.0976139576243346,0.1124062474713851,0.084248605124062,-0.0382151326592025,0.0503367733871391,-0.0676934941904437,0.084248605124062,-0.009309193996685,0.0678249955766081,-0.3522383372415067,0.0074462773048471,0.0250764654268258,-0.0322240726206706,-0.001532364577369,-0.0086863210553544,-0.0210558909187315,0.2138148848008072,0.1874884603441491,0.0731778280608046,-0.2362523557996899,0.0492027676391619,0.1116360248788213,0.017257141237031,-0.058777121394795,0.1471168767340078,0.067294406856702,0.0136987872939338,0.1761465179573018,0.1631061051057623,-0.0566920618930824,-0.0149046364310091,-0.10481370083211,0.0937773783420701,0.0513596737686945,-0.0520462100836157,0.0884292973470504,0.1569248562974419,0.3245982417384627,-0.0046983262250925,0.1408702772172967,0.257070402078553,0.0980962131128309,0.0438408028614454,0.0520520909537722,0.0949313716263806,0.1887049909098079,0.0231136523808379,0.2361156866099241,-0.1222199101312837,0.0491110826844027,0.2446656003201344,0.0972675665217481,0.1211381824003847,0.2306983522163888,0.0929513507399877,0.2812025346214537,-0.0459281321254473,0.1019818419028371,0.1864989657555553,-0.204110445699274,0.0795060917229206,0.1051317470340382,0.1642377309132522,time,2215,60,278.6139221191406,0.257070402078553,0.266443168874897,0.0538664826584717,3.822847523510506,3.962228245857905,0.8010387355609935,7.892398847840515,2089,0.6629923345494436,5,0.0998730596685761,0.0324879449855946,0.3199735821826497,0.0,-1.4561176741915534,-0.7931253396421045,0.4604301102696289,0.2743147656461329,229.70253467151176,206.73329701256307,339.2672792220037,11.632226755995086,-0.1294020030768163,-0.1374619643697768,0.0527508293544017,-0.1383476270113519,0.6380264560005783,-0.0012876269431327,0.0,-0.0465629543261868,2025-04-14,45.0,6,-0.0823769284374977,-0.0913964836485902,True,False,False,0.6,1.0,0.2,-0.0369324695011411,-0.9218503870675726
MRVL,Falling Wedge,bullish,1,0.7240055623977933,3,25,857,858,2020-02-13,2020,2,24.653697578647044,24.42352650318574,30.116901932419296,22.691236986970097,1.6604397074034511,0.0094241540193338,True,-0.0362919651249041,-0.0243516575476384,0.0373712176807783,-0.0055161549153495,-0.0614559101449242,0.0038362320796043,0.0192244136448891,-0.0104897458279274,0.0402556508581388,0.0150177055715841,-0.18135141120544,-0.0051849430721611,0.1320720352248707,-0.1154086619929942,0.0560224395688069,0.0414359754057613,-0.0453004952675112,0.0382461256362163,0.003277157490316,-0.0207851830644666,0.0176057554363691,0.0581566692182196,-0.0371434087411432,-0.1597632417593034,-0.0375447995706256,0.0593825305566433,-0.0838205619706085,0.2472073404168564,-0.1236237858744002,-0.0741346971914439,-0.0327199005601583,-0.0841510545018031,-0.0798738226866594,-0.0027264106810109,0.011650505024995,-0.008351908000624,-0.058872565051027,-0.0770377714960052,0.364772077266176,-0.0368977750497154,0.0526888979660573,-0.3375493007730953,0.1033530722353115,-0.053425538352463,-0.0117252013739378,-0.1484704482544578,-0.1802761173467439,0.021762390406597,-0.0498819819538918,0.0850266605292653,-0.087313211304704,-0.0712437248952942,0.0861786407292992,-0.107114751805099,-0.1466103538752214,-0.2311989904499132,0.0993576623695604,0.0414682754776707,-0.0220700580380927,-0.0466560195312497,-0.1185964659427235,-0.0054296141718001,0.211004067785818,-0.3324269225517252,0.0918803017611689,0.1026846475576077,-0.0161344545987879,-0.0093339774205711,-0.1539556038303098,-0.0304478434504819,0.1480032607776266,0.2125427212719308,0.1997851968161361,0.0275985154961404,0.1722259192997448,0.0533801999528855,-0.2647585359223272,-0.0463936839753545,-0.1015526519732366,-0.0291672182813633,-0.113916207520015,-0.3114548387989473,0.0637253690952113,-0.1498548287228739,-0.0511734265440799,0.1714899939688134,0.0147355207623542,0.3869112915816319,-0.2182354841281127,0.3114141209587875,0.2203242149362829,-0.0578291528641623,0.0419421627340739,0.1702049613933427,0.210794990285424,0.2009917247699106,0.1322681395261182,0.139754632333608,-0.1451992956887517,0.0821395489563221,0.2727663859014249,0.0586005270762675,0.2659831536411741,2.260246161043705,-0.2642854986473524,0.0720333878819354,0.108786596309474,0.3935997498535588,0.1881425350944789,0.6227227265371735,-0.0413210114038312,0.1608608797148312,0.2761972944331736,0.0553612252550557,-0.2105800299096111,stop,863,6,22.691236986970097,-0.0796010653337723,0.0067060434613565,0.1136096594565196,-1.0,0.0842456496434775,1.4272379267808428,2.783854298497721,830,0.6427638459907257,5,0.0094186778554264,-0.0239564138802916,-0.0166949129037026,0.0,-1.042634333114642,-0.3998704871239153,0.4935500899561384,0.2098988204940014,24.42352650318574,22.691236986970097,30.116901932419296,0.984342163560684,0.0136480082108239,-0.0246800613056634,0.0401325653305783,0.0260521873566765,0.594592922703387,-0.0141286201331395,1.0,0.0270274295678991,2020-02-13,26.0,8,0.3928733008117939,0.2794686221273852,False,False,False,0.0,0.0,0.0,-0.0976648712654507,-1.4728964055049685
MRVL,Falling Wedge,bullish,1,0.6456770268014562,3,21,1590,1591,2023-01-11,2023,2,37.91153891986422,35.326511074834684,47.74286329819006,32.81393741917782,0.94683505604237,0.0731752943151811,True,0.0054743404222714,0.0257178258874325,-0.040483741532137,0.0375423948823505,-0.0787171349495318,0.0172175095581097,-0.0261515887907959,-0.0419311794343055,-0.1247744434218017,-0.0142577807668736,-0.0085979756550622,-0.0102278510529406,-0.0703675734097446,-0.0973283503492796,-0.0556746298901095,-0.0137227154771906,-0.0071427337083838,-0.1865040982637299,-0.0465439123113632,-0.0601966317647989,-0.0015276336627423,0.037578736182644,0.0450649071131558,0.1571947213110089,0.1368252099838569,0.0746326208645267,-0.0191289990478749,-0.1597632417593034,0.0374515497276441,-0.0181363198879374,-0.027713436890971,0.155026721200965,-0.0059358031192014,0.0696675765302203,-0.0059143052365133,0.115028935920149,0.049634779650967,0.0905600885478441,-0.1051493880225856,-0.102803848366644,-0.0072122667654657,-0.051428654100629,0.0079556759381471,-0.0474568409275804,-0.0817018278614143,0.1588140704912918,0.1759643629243257,0.1496958568792277,0.0038505011324176,-0.144132706502194,-0.0815321703166824,0.0729765435625351,-0.0194995260858681,-0.0431701202753348,-0.0873255719594185,-0.1246469698289107,-0.1875957320046993,0.1178872023593264,-0.015673959489234,-0.0832062088747316,-0.16889750877106,-0.1355053345328553,0.1249234598941451,0.0607711241319559,0.0916614902621957,-0.1081179958331377,0.3125681831552815,-0.0863565532302815,0.2010154555846532,0.0083419385327792,0.0354678795216786,-0.0444998818406032,0.532174710015368,0.1099685354897945,-0.0847223565409632,0.3015167805778604,0.1176896730070675,0.4983215751962946,-0.1959309924765934,0.1855831901090741,-0.0154107692333157,0.2304977220247539,0.1552830853807538,-0.1146497266194993,-0.341636869067727,-0.0634318596648887,0.1730329076917256,0.089171956383657,-0.0587847662068442,-0.1139081464212018,-0.0444196072561073,-0.057450319494651,0.0531771504374296,0.0166146105632352,0.2231602039989966,-0.130378726934503,-0.1151624520610496,0.2552394405017324,-0.0753579500765102,0.1126625077285583,0.1341478786274488,0.0655466917141835,-0.0842255005372545,-0.0220087732351833,0.2245324014921892,0.1103893033834295,0.103719948326699,0.5061236158433191,0.0910462125858182,-0.0290641552757471,0.0966824937438146,0.3402907986647876,0.0615647974309874,0.2813020898747969,-0.054333390852396,target,1605,15,47.74286329819006,0.2593227460142642,0.2901458369341724,0.0245047556425894,1.9286176797072176,2.1578530977529926,0.1822451200119704,1.9286176797072176,1567,0.6706759074695665,5,0.0395360820453622,0.0155817149282186,-0.07200301783492,0.0,-1.3920981193291395,-0.7214222118595731,0.4200315558885211,0.2130421778549414,35.326511074834684,32.81393741917782,47.74286329819006,1.6862094426389211,-0.2138889647725345,-0.0446492412044344,0.0444080183972612,-0.1649136454102964,0.9423075042059568,0.008106129992196,1.0,-0.0040452117957777,2023-01-11,29.0,17,0.125089959658986,0.0372259249052417,False,False,False,0.125,1.0,0.0625,-0.0920367246998396,-1.2373143937269069
MRVL,Falling Wedge,bullish,1,0.6828041166310801,13,97,1805,1806,2023-11-17,2023,6,55.04969671533462,51.70197211942667,69.27276489010188,46.03170102503037,1.7376651800948424,0.0647504236042491,True,0.0072072400543721,-0.0015601939545117,0.0423678811507117,-0.034021751582897,0.0600587004743009,0.0993424817538164,-0.0887386724748563,-0.048771573880734,0.0807722731741316,0.0143246692159697,-0.0718781978611424,-0.007835535037994,0.0642412334896991,0.0563499562908962,-0.0178700871757871,-0.019539445577144,0.0356493408094245,0.0353445297827033,-0.0194144647494917,-0.0683024674511799,-0.1390993207021738,0.0503110340612011,0.0060427108688994,-0.0628830285354208,-0.0765558099847566,-0.0012937151262704,0.0319015243544165,0.3827423801759182,0.0400096468103301,-0.0468384283047664,0.0545333589370677,0.2067831285213599,-0.0343089126213354,-0.1502872981876692,-0.0537227824855724,-0.0762040083290341,0.0510673105815027,0.2003221128554648,-0.0401777636436315,0.2144753332369933,-0.0008946969445015,0.1476788250028313,-0.1122340837661671,0.1138952943344353,-0.092851308852353,-0.1046128243628717,0.0760359837336863,0.02420030964031,0.1461796784618854,0.0161012476407667,0.0203799023733031,0.0957385402085304,0.3356190834820194,-0.0429066681896576,0.0604349550019016,-0.3196837647787531,-0.0540141552457809,-0.031048998532383,-0.0047114893209788,-0.0481709147779501,0.365801111314173,0.0793799353986239,0.0930573129954475,0.0098378589173711,0.1353968573683821,0.0779364055003533,-0.0093742841361313,-0.0894998132018902,0.0342133437097247,0.2303094969456069,0.1684005304222027,-0.1368422147180985,0.0286876170756653,-0.2782477042151661,0.0183993915170921,0.0145457352688183,-0.0755409683603283,-0.0327726547117953,-0.0098616162996253,0.0842417731847851,-0.0276636166037721,-0.2598585454480673,0.2303094969456069,0.2837172382287973,-0.0439116341814783,0.1427322242278144,-0.0589250334714552,0.1439949035548149,0.0007334195948498,0.0211931865575769,-0.2229604714486781,0.2392109706107391,0.2164210119877478,0.0976379564311391,0.2762854105631194,0.0586005270762675,0.8629191643214156,0.0946271337521591,0.5854812853419558,0.3508148103059112,0.6566356040200498,0.0594901637279494,0.5833396752336943,-0.1071060634411119,-0.1097802373242267,-0.2072807486998429,0.213044792701138,0.3104250780924318,0.1373132956597227,0.0807904659822398,0.076098570820122,0.1134050037736293,0.4125857379104345,0.2098085430561245,-0.0164538986559112,target,1845,40,69.27276489010188,0.2583677844460366,0.2604313945370539,0.0927928342483563,1.5771872889736775,1.5897844462080006,0.5664470862655729,1.5771872889736775,1702,0.5182123633645801,5,0.1170571590283745,0.2698649705112879,-0.2510909475671633,0.0219780219780219,-1.2693212102896494,-0.7511088469250724,0.7904533298323347,0.2244272385715791,51.70197211942667,46.03170102503037,69.27276489010188,1.9674758130564265,0.0842697918453565,0.0578652275827791,0.0356885484137121,0.2252201674456964,0.809092138618875,0.0007318673193719,1.0,0.0702769180037921,2023-11-17,29.0,17,0.1420189419301751,0.0867610185231777,False,True,False,0.0625,1.0,0.0625,-0.0229861689626358,-0.1225186353293539
MKC,Falling Wedge,bullish,1,0.6230724310759239,3,30,765,766,2019-10-02,2019,1,71.53119958227201,69.52012360203031,74.00141115497954,66.95364174109815,4.506792675723568,0.0289279689972095,True,0.0118703845578684,-0.0001514732313088,-0.0331842760701477,0.0074393639694048,0.0368260260285868,0.0256693781177479,0.0434274187655818,-0.0033737611294443,0.0107318211567017,-0.0066797642566295,0.1248741114456806,0.0179910284689637,0.031642355673648,-0.0024743522519437,0.0106300013578999,0.0027149080709767,0.01612475072409,0.0174906750680676,-0.0197473168731476,-0.003971618046019,-0.0118235346058296,0.053671325467461,-0.0040285424962139,-0.0244332133120146,-0.0612284030683993,0.0499858278647451,0.0509533338972876,-0.0250419234503558,-0.0467086371049059,-0.0032055754834537,0.0341455480251176,-0.0377293509968602,-0.0700836608096461,-0.1348342895203498,0.0257648274847439,0.0059459132431847,-0.0046191879151913,-0.0050428183741259,-0.0095421590622689,0.0200588165475956,0.1539291860492078,0.0635165825076855,0.0336545182834597,0.0171242109981926,0.0424023677143787,-0.0324668898069367,-0.0084399112669314,-0.0651788945901065,0.0308564153911166,0.0073977883356159,0.001200656347928,-0.0040277571308341,0.0331038649068902,-0.0742028312845279,-0.0621041090284246,0.0636689013247997,0.029134696779332,0.0299682998885044,-0.0207324077836507,0.0222876265041809,-0.0839971590036072,0.0049222641870503,-0.0601923232526782,-0.0401954007678261,-0.118395874365758,-0.0840132259035182,0.0614180937577355,-0.038745535468286,0.0066924895613664,0.0302953886704937,-0.0658446508567336,-0.0801323448660027,-0.0381398522583008,0.0664208113236555,-0.0666594909546989,-0.0421855337059807,-0.0286960964107148,0.0897695814176047,-0.0460761186685305,-0.012728802241028,-0.0652770241994536,0.1243708023062513,-0.0552315426115253,0.1053048922283388,-0.014353031215274,-0.007569325221349,0.0647851817598723,-0.0015852307807557,0.0674684849205378,0.1139049146213622,-0.1329959819480948,0.028275673995698,0.0450113511848568,-0.0822859560598123,-0.1016903370673636,-0.1030168427941927,-0.0802277664613355,0.0167861666765865,0.0708166750778704,0.0977543409277243,0.0155441330738488,0.1560138406842994,0.0433969186025517,0.103410739848494,0.2179571821272741,0.0342477779777301,0.0916823548484593,0.1351795790916399,0.0480796216150221,0.1454054923879306,0.1029828722450014,-0.1706212444266936,-0.256680442410532,0.0371733752746297,0.0148016293199096,target,805,40,74.00141115497954,0.0345333447101834,0.036193918021242,0.0415812767255353,0.5396352505890067,0.5655841965238693,0.6497697478743858,0.5396352505890067,734,0.4781173989245814,6,0.1985363259527313,0.0705621525334154,-0.0143575100328408,0.0,-0.7948443087882046,-0.3167269098636205,0.9521007506370892,0.0720141326488458,69.52012360203031,66.95364174109815,74.00141115497954,1.4909171301346404,0.1038541570117921,0.0203475065080311,0.0208770514841419,0.0974317434613545,0.5674316753184714,-0.0077268274976793,1.0,-0.0158134298514123,2019-10-02,2.0,8,0.0787229151461685,0.0544193214033768,False,False,True,0.1428571428571428,0.0,0.0,0.009594992890201,-0.0494681957637088
MKC,Falling Wedge,bullish,1,0.6194635359181846,3,17,944,945,2020-06-18,2020,2,76.9524542313993,75.5571670350358,79.32594353816938,72.4690804040256,0.9956009357206962,0.0184666425584287,True,0.0170902821167351,0.0387981963930791,-0.008513097766665,-0.0216257201526863,-0.0156610395183325,0.0152603957429704,0.0818951228727868,-0.0155721402013434,0.0449271554989381,0.0135939601087957,-0.0059114009248515,-0.0267699588579662,0.0257346198914283,0.0404712573289753,-0.0162662092188607,0.0260788618848473,-0.0028581450630713,-0.0095125649233538,0.0152367292764057,-0.0206358765961598,-0.0140588574232756,0.0264439066348023,0.0104774321870659,0.0381648828521257,0.0443397387069728,-0.0149791174870999,0.0353674138033375,0.0602161695800149,0.0302576005769628,0.03237708061252,0.0077978398302074,0.0435641381478382,-0.072833911353853,0.0738885417860206,0.0294751806493225,0.0339615868660974,0.0679699443386887,0.0018904180812702,0.0682057971822327,0.0399852601036951,0.0037151913038944,-0.0278801654576388,0.0570418962861294,0.0317691419546055,0.002731239906909,0.0129388205165679,0.0912136082635644,0.0671820016746189,-0.0118099571259652,-0.0143148114948636,0.0205449432152367,-0.0417005963574336,-0.0244455451137965,-0.0143148114948636,0.1086550519351639,0.0631762148582011,0.0427515437153851,0.0119938358736559,0.0248087411249724,-0.0159177641412801,0.0148893230074798,-0.0522810158534368,0.0307081186363751,-0.0857385291428217,0.0401868900887978,0.0594887932865872,0.0437551964580495,0.021561779310016,0.0801137382242914,0.152151044569617,0.0799926093832197,0.011282256983591,-0.0931945331130142,-0.0481379270223187,0.1205000966218445,-0.0757394586229944,0.0651649482857674,-0.0839211953103322,0.1196707331771214,0.0683863541726927,0.1126929769200202,-0.0024326524600607,-0.0523444730582384,0.0274862997680755,-0.0414643478285652,-0.0813518988826278,0.1586587849864305,0.1057127591746192,0.1638822301476472,0.4294423269773595,0.0579692542540053,0.1040379178110658,0.143862088276331,0.0665470979226012,-0.1004793263949164,-0.0294258659411478,0.1000563641807947,-0.1156547031461832,-0.0241993831715281,0.0058224984111467,-0.1061070259957874,0.0686380782250477,0.1696528111202597,-0.0626267134676332,0.072254727845368,0.0013741744924253,-0.0951160448715697,0.2117914363224378,-0.068117014842824,0.0495026749573626,-0.0981965958974651,0.0433286705423026,0.0040311127285701,-0.0782119829672081,0.1464461936698584,target,950,6,79.32594353816938,0.0308435816697008,0.0420417094200442,0.0364022043354115,0.5293980377631018,0.7216022675162215,0.6248060212912774,0.5293980377631018,925,0.3604934059791408,5,0.0716411106795609,0.1249170817981246,-0.1260331932898305,0.0,-0.7086798238398067,-0.3481864178606689,1.610800794072501,0.0669418883599326,75.5571670350358,72.4690804040256,79.32594353816938,1.5841012944133877,0.0846161525756483,0.0549587811168983,0.0207819817435765,0.0491424452656419,0.5291006999668965,-5.739723726760904e-05,1.0,0.050011568137225,2020-06-18,36.0,7,0.021844307503914,0.0305342603534604,False,False,False,0.1666666666666666,0.0,0.0,-0.0217781627378679,-0.5823746930496679
MKC,Falling Wedge,bullish,1,0.835076945651269,5,100,1071,1072,2020-12-17,2020,0,83.3989788284165,81.88179875879041,97.3266089437894,77.59190577380014,1.1916359807976142,0.0185289049901729,True,-0.0107947148602919,-0.0054843569104229,0.0191896979382135,-0.0055043321035058,-0.010303632835927,0.0101085158161695,-0.0178541433141752,0.0109551035266026,0.0066070487568585,0.0068911139616674,-0.0010328325568577,0.0077914626859072,-0.0385055032108776,0.0084262632648266,0.0228826918421107,0.0002977596155642,-0.0059288181326282,0.0552276294616933,0.011338515886496,0.0087583586619706,0.0949813013238973,0.0281153463950654,-0.0214167922094455,-0.0017115075711371,0.0041650618303739,0.005173975766646,0.0028215373832154,0.0018151233377017,0.0338163567520646,0.0311414644903111,0.0520507074098204,0.0894154437847478,-0.0047091133943429,0.0006292549821655,-0.001893923015212,0.0402186115206275,0.0082106037030535,0.0581767862097313,0.0046880330893745,0.027802179464426,-0.0013422534316922,-0.0113420774377849,-0.0071303722447556,-0.0212726061561747,0.060920180120819,-0.0201710031878742,-0.0121203612615483,-0.0328228612953884,0.0324946872129758,-0.0460555919073059,-0.0585398438517553,0.058973195565497,0.0002828961884147,0.0062607117483,-0.0143988185567288,0.0785086100853558,-0.0396378708122451,-0.0737185139307109,0.1668513500926347,0.091565556046183,0.0188709410362224,0.0081612521620999,-0.0533625155433898,0.0845402807123276,0.0098276544386859,0.0925518652908155,-0.104516503887611,-0.0057645495154584,-0.0247651008902637,-0.0871065182715139,-0.1448470081758014,-0.0629864985512572,0.049332774016205,-0.1032629587651852,0.0879791048259104,0.0934621741959653,-0.1059126668442149,0.00551898954311,0.0487568251306842,0.128273378427195,0.1542277201521364,-0.0244278856017456,-0.1874926545529303,0.0424523998824031,-0.033665781446626,-0.0152378328465866,-0.0449799183059764,0.2279736032295258,-0.0732619667855518,0.0031858001778892,-0.0001415923149699,-0.0965961689498129,-0.0796714267483541,-0.1505397652649741,0.0833690315236765,-0.0952368521996649,-0.1444875654900146,-0.0089320693194128,0.2470754146415645,0.0114122107770178,-0.0071059887509851,-0.0331252994736502,0.0554404278195075,0.0705999496384244,-0.0497949350129049,0.0973506257939942,-0.1491188546167476,-0.0428200641770822,-0.1928887680066541,-0.0112782013234179,-0.1258567164665038,0.005320513898867,-0.0475571618129779,0.0626416320398224,-0.065921793222497,stop,1100,29,77.59190577380014,-0.0696300258851337,0.0493761869703391,0.0718117924049916,-1.0,0.7091220539224458,1.03133370255322,2.3983907184189897,971,0.5584570845344963,7,0.058130877640703,0.4028824555695869,0.1565027696166063,0.0,-0.9056245916481184,-0.3471675071136214,0.4504247907879562,0.162717976659711,81.88179875879041,77.59190577380014,97.3266089437894,1.7472799523865024,0.0636017228494576,0.0038137658661185,0.0209264873829681,0.1060802069857698,0.6929464390296438,0.0046381635382355,1.0,0.0447961271505046,2020-12-17,36.0,7,0.0755310053394044,0.0544944138686511,False,False,False,0.0,0.0,0.0,0.0433807912718258,0.642357760733199
MKC,Falling Wedge,bullish,1,0.6527463502017515,3,25,1120,1121,2021-03-02,2021,1,74.98284788423172,74.64389571618301,88.99381782943874,71.50932786374602,0.9044964932059156,0.0045409228014772,True,0.0043713368318532,0.000794003132535,-0.0213982309645145,-0.0095115479743682,-0.0207181878587929,-0.0067199600320431,0.0072131087356277,-0.0378604730581544,-0.0438151356611364,0.012938227961122,0.0177079559220769,0.0092043111245359,-0.0065584413404152,0.0209220991781866,-0.0796110471967836,0.0051741191416847,-0.0228956533795824,0.0381078698007595,0.0326548904768755,-0.0435294610985088,0.0677678017195206,0.0535100634151397,0.0057422213862917,0.0304787885921118,0.0042468322803359,0.202031948781824,0.0195774280628262,0.0505285136441433,-0.002225008429989,0.0305286242282996,0.0335418412907952,-0.0270902283994726,-0.0408687694150903,-0.0348735108159486,-0.0391455288527664,-0.0310911343234275,0.0171874246078991,0.0243984742897906,0.0063964491539707,0.0554473988182528,-0.0682166931367236,0.0190281174672271,0.0017931054231656,-0.0067721121028683,0.0470016731937363,0.0176198879178296,0.0620202223340231,0.0354957174688914,0.0019871395479278,0.0163830136701463,-0.0223909723161384,-0.046118807806052,-0.0952003238364992,-0.0117646854441939,0.061431643458043,0.0325642670720951,0.074490954077848,0.0974560922204106,-0.0304694786845101,-0.0029377617514755,0.0321747534785117,0.0528992403173256,0.1309573278388238,0.0121123808932128,0.0026590565911537,0.0088314776221487,-0.0772036229631297,-0.0062127701238273,0.050437776140932,0.0591860170368852,-0.0262932403290021,-0.0641860543509224,-0.2445901730584765,-0.1530520437822372,0.1759986811377665,-0.0422362098580423,0.0105443726806984,-0.0093722540969164,0.00551898954311,-0.0362584086078974,-0.0260326668214648,0.0691397369578423,0.0396251755230623,-0.0103442607060877,-0.0269074222535201,0.0396424872796792,0.0301811092331591,-0.0904309471764204,0.0155825826782831,-0.0964857330021045,0.0015233257409579,0.0797930026838617,0.0632178025295826,-0.0266047870715249,-0.0311114836329238,0.2555467928403301,-0.0593474103078311,-0.0625676908959762,-0.0341577950293051,0.1937510316266992,0.090948534307192,0.2060806592419197,-0.2471564978905933,-0.0764215851589904,0.1039105466093297,-0.056124160557936,-0.0329129199399772,-0.1058333655219534,-0.0175251491962868,-0.0974851545101025,0.0934216742494029,-0.1261703676395631,-0.1004793263949164,-0.0477140743959472,0.0707851896394541,time,1180,60,79.72309875488281,0.0632178025295826,0.1327821662170785,0.0309510016597153,1.3646821790848,2.8663675212678905,0.6681390162220893,4.033651702761138,1094,0.6046371292095281,6,0.0536011937963234,-0.0253636695906432,-0.071901312347284,0.0,-1.4437181922023794,-0.8390810629928598,0.5215737763289053,0.1123689151500573,74.64389571618301,71.50932786374602,88.99381782943874,1.5754561577062145,-0.0865297890468852,-0.0649619976211179,0.0209490106251339,-0.1643790582334109,0.5642857532111517,0.0016559174945969,1.0,0.0274034721588281,2021-03-02,60.0,12,-0.0924853261302764,-0.0462169015988211,True,False,False,0.4545454545454545,2.0,0.1818181818181818,-0.0030705347640851,-0.1257911697116107
MKC,Falling Wedge,bullish,1,0.6027979101117432,3,12,1203,1204,2021-06-29,2021,2,78.2293087972322,77.26897123828786,80.79011118257034,75.79783853220593,3.1879924338332764,0.0124285019400969,True,0.0022732380569652,-0.0146972569367329,-0.0179196507967422,0.0065085200940147,0.0414040046454466,-0.0155721402013434,0.0029553964547888,0.0479055334507974,0.0380455395121908,0.0196685005725403,0.0204507347642108,0.0110292609843234,-0.015555564787533,-0.0407042330865872,0.0035001833802692,-0.0624648968240925,0.0293009830638604,-0.0184999005437186,-0.0087851139579675,0.0183520914952417,-0.0057142561573529,0.0650926723436273,-0.0036766451633334,-0.0166198961007556,-0.0377570183572298,0.0018488514908463,0.0294949531036889,0.0074787246728094,0.0289885896166905,-0.0055975280278118,-0.001771327977922,-0.0234114067087044,0.0210338162841539,0.0035494794943338,-0.0613930886596366,0.0616681946543817,0.019557161563352,-0.0697194009210341,0.0314989672060217,-0.0145062013048788,0.1153921321167366,0.0325110899725193,-0.0033680247003086,-0.1028466844366705,-0.03900456768433,-0.0181900825884675,-0.033507797394108,-0.0607075667704193,-0.2758826012791886,0.0805710698441772,-0.0288090134314356,0.0594290089511444,-0.0119775680584983,-0.011721882088681,-0.1080233900150829,-0.0474426694732144,0.0636689013247997,0.000940737004154,0.0162591506905214,0.0164863552354479,0.0046752658746687,-0.10766755182914,0.0040846833083061,0.0271124978729682,-0.0396378708122451,-0.0196149412745084,0.0620089073055918,0.0121123808932128,-0.0183363708962579,-0.0236946299389448,-0.0744893640459096,-0.0032548115234145,0.1503171763217878,0.1333537400476665,-0.0336347953029568,-0.0431523279930811,0.049332774016205,-0.04776348141579,0.0037404808669538,-0.0323338044452048,-0.182929307808243,-0.0743061267904039,-0.0421855337059807,0.1083845553311002,0.1077864641733454,-0.0112248959686852,-0.0402227166206526,0.0003335053088167,-0.0436359746633395,0.132056654831667,-0.0837171879326629,-0.0260418492753012,-0.0325950512058086,-0.0733004557988779,0.0446127028447804,-0.0156600747003755,0.0835229753293851,-0.0375568933354706,-0.007078380440508,0.0274037457018643,0.0141886031564486,-0.0663957243968657,0.0191230553225971,-0.1227372069099921,-0.0146881856172437,0.2021967131664777,0.259004387032097,0.2305273655482662,0.0380554336526639,-0.0204609228474066,-0.0958456884843619,-0.0422347591891512,-0.279708071110718,0.2322037316739647,-0.0550186915256312,stop,1219,16,75.79783853220593,-0.0310813210855354,0.0216061556427894,0.0372735591282484,-1.0,0.6951492049945229,1.1992269899233696,1.0531909117590876,1189,0.4405632519485982,5,0.0651640550657591,-0.0177217753851256,0.2112664313703693,0.0,-1.1395482842862297,-0.6989850323376222,1.0806698302962443,0.0361453809122915,77.26897123828786,75.79783853220593,80.79011118257034,1.021276532213656,-0.0356852973703075,-0.0188546634058215,0.0131085494198435,-0.0551261259669105,0.2116802548338243,9.289975522186469e-08,1.0,0.0224680633164193,2021-06-29,60.0,12,0.0181718091504787,0.0214479260122946,False,False,True,0.0909090909090909,2.0,0.1818181818181818,-0.0096660462813698,-0.1198670036767564
MKC,Falling Wedge,bullish,1,0.6340037133888413,3,16,1231,1232,2021-08-09,2021,2,74.81354509705298,73.5995615961798,82.02620402651746,73.6690489198495,0.8891193433352738,0.0164944392948149,True,0.0425963368368356,0.0327455469032025,0.0128814138686195,0.0109985538831836,-0.0116149581048558,-0.0200251798366793,-0.0148719423974414,-0.037987932813308,0.0225929644924605,0.0231781266727872,0.0177357398838686,0.0126310758900178,0.0156313301073263,-0.0173258247023622,-0.0194577795607113,0.0274351307606097,0.0199147338641079,0.0602788552085262,-0.0007118000407346,-0.003971618046019,-0.011414780616572,0.0346204706523347,0.0365705078785777,0.0348409521139976,0.0243349971823569,-0.1119146089566163,0.0511866415609891,0.0209183731180262,0.014137998808509,0.0548757285259093,0.0078506848420769,0.0569722578093714,-0.0074426406578866,-0.0642716871378987,-0.0388980798452918,-0.0132224587533144,-0.0418131615452441,-0.0234661502545756,-0.0098942145545979,0.0196596616528514,0.017024875425555,0.0448139654408032,-0.1338002384958547,-0.0209594935834762,-0.0480163390771865,0.0461538963978901,0.0377048223709564,0.0177097824980123,0.0733705110516733,0.0172391637282673,-0.033507797394108,0.0164500818904937,0.021688326928555,-0.0707628272446484,-0.124673736177576,0.0121885542291704,-0.0784561891208259,0.0095499491496302,0.0303072307137666,0.0176255537640972,-0.0008919098092715,-0.0738339573780806,-0.0499697997142246,-0.0116163924396677,0.0769458219476666,0.0866450850378579,-0.0285713903266826,-0.2556923645646763,0.0560031266573855,-0.04486311782449,-0.0265118616007862,0.1573251286812265,-0.2470983507603976,0.0865180007917014,0.1452570782211177,0.1213667589610363,0.0574218453070936,-0.0521368468041362,0.1567050842064581,0.0411074133816409,0.011282256983591,0.0573610916369391,0.0127414768554097,0.0591860170368852,0.1170729720650465,-0.0625385111941643,0.0013938678659959,-0.1846639702837571,-0.0238272761282619,0.0073926129492956,-0.0014969150737196,-0.06788160455944,-0.0251114585698234,-0.072037165974312,-0.0311114836329238,0.0710145038599858,0.0631541202284338,0.0401227513163264,0.073971720391059,0.0342477779777301,0.1219974498811908,-0.0313169546515419,-0.0317959335564653,0.0133249482935722,0.272234853371281,0.0360208766014045,-0.0600825158262625,-0.1082508009954054,0.0281299111571611,-0.256680442410532,-0.1167915081487431,-0.074737342561549,-0.0577516007071441,0.2143516847380526,-0.0351140593361049,stop,1268,37,73.6690489198495,-0.0152979808097418,0.0560792369865486,0.0416416613904413,-1.0,3.66579339352006,2.722036450975507,6.302038462975268,1213,0.9486426042869546,5,0.0128569010665436,-0.0253711189339767,-0.0137984899765686,0.0,-1.351249941862395,-0.4026073375754532,-0.0117458400419678,0.0759974890846553,73.5995615961798,73.6690489198495,82.02620402651746,1.0316567003496817,-0.0603147120396054,-0.035079117389278,0.0138078256620313,-0.0713639613138014,0.6052602519700878,0.0029967061215478,1.0,0.0115542349055555,2021-08-09,60.0,12,0.0418500338643608,0.0123447764281856,False,False,True,0.0909090909090909,0.0,0.0,-0.0213710375444453,-0.2990576623841697
MKC,Falling Wedge,bullish,1,0.6194305517882827,3,43,1756,1757,2023-09-11,2023,0,75.58593258499809,75.3058545596686,86.85218243771516,73.61301398608819,1.0333237204029475,0.0037192065207569,True,-0.0223851714108754,-0.018458159471978,-0.0209260024960973,0.0362751499191822,-0.0433398511717135,-0.0382237787157024,1.0389306148717027e-07,-0.0014138304571797,0.0140466739568547,-0.0317284042801182,0.0094693824978628,-0.0831280840977327,0.0128814138686195,-0.0112061504400962,0.0041231485382908,-0.0428784633210159,-0.0095125649233538,-0.0245129371459613,0.0330845384659286,0.0012849123312947,-0.0104291880205988,0.0323649201419684,-0.0136967208380501,-0.0757187100856257,-0.0461953785324591,-0.0173306606761086,0.0247190958187759,-0.0080218387106171,0.0399361171192431,-0.0376546226663364,-0.0493947002307282,0.0521067306111717,0.0004002023846618,-0.0357703663467032,-0.0679627284868705,0.0004642362339966,-0.0373830606918667,0.0107611067010109,0.0243984742897906,0.049850158597003,0.0713750709756766,-0.0459835087656179,0.0670323796305234,-0.0274525372382234,-0.0140611382527585,-0.0757201306004268,-0.2227649082778469,-0.1933764493724316,0.0345241732148371,0.0160137948642369,0.0097757179163078,-0.0677786096160699,-0.0339639647728288,-0.0297694673139657,-0.0839971590036072,-0.0054575608197083,-0.1154713086174257,0.0494672943458853,-0.129896626779935,0.0423858646343933,0.0049222641870503,0.057527280482956,-0.0370553242838831,0.0175905575518888,-0.0220759239031476,0.0465301551333114,0.122967155142126,-0.0525284244978341,-0.2139504026710762,-0.2036909507229566,-0.1819365104760962,-0.0491793879258684,0.0384714090950981,0.1496056170471633,0.0484022598518334,0.1346899637154541,0.1333873907189469,-0.0338644132649288,-0.1845455701084475,0.1036621182535997,0.0161945154891465,0.0424523998824031,0.0552623783097372,0.0365294506960667,-0.0190630302498067,0.0180166747325929,-0.0148715148867455,-0.0051781093722067,0.127194337871308,0.1536320510859647,0.0241980441165556,-0.2424407799758499,-0.1798176045323412,-0.2050118155896927,0.1818272207764701,-0.1058333655219534,0.0351196442263739,0.029851019199806,-0.0258281688555002,0.220433343965541,0.1562514252571007,-0.009642982520462,-0.0478330195764886,0.0619228246981915,-0.0674244025971069,0.0772147524541695,-0.0211182078671047,0.0446127028447804,-0.0104644851172599,0.2507292862415875,0.2143516847380526,0.0789616794915355,0.2443610899555337,-0.0336830114164332,-0.2435080560511828,stop,1758,2,73.61301398608819,-0.0261016637810389,0.0014679235055907,0.0262996076475164,-1.0,0.0562386948933533,1.0075835727614146,5.710448398095101,1713,0.7554741554304824,5,0.0203325730706918,-0.0706493285654289,-0.1859418422822326,0.0,-1.0333510381575812,-0.2778768827270998,0.2005397374172717,0.1312346169544798,75.3058545596686,73.61301398608819,86.85218243771516,1.119427814932341,-0.0131845791178941,-0.0407801150810075,0.0148099995708991,0.162802824942043,0.8174579627129119,0.0024784922051608,1.0,0.0062830852838873,2023-09-11,57.0,15,0.0249620480106889,-0.0341565839082868,False,False,False,0.2857142857142857,6.0,0.4285714285714285,-0.0101729692573852,-0.1385279434046624
MKC,Falling Wedge,bullish,1,0.6385065915485274,3,44,2244,2245,2025-08-21,2025,0,69.54356156088821,68.64603897596362,76.10891475787838,65.99756050263866,1.486907759004608,0.0130746449221761,True,-0.0268839227416367,-0.0443826424796739,1.784022707340682e-09,0.0031664375954643,0.0149087299547143,0.0067324065391993,-0.0502669545757289,0.0226642541684416,-0.0170146422328131,0.021939059127829,-0.0263287508448607,-9.9963403776826e-08,-0.0099853971074859,-0.0048884785529741,0.0200275621202259,-0.1196436735651491,0.005358458563168,0.013187448999236,-0.00720134221875,-0.0028581450630713,0.0243569041626119,-0.0228388633688234,-0.0204496685177293,-0.0122578257158798,-0.0271221783618611,-0.0377701975518935,-0.0543334743823999,-0.0133478363565945,0.036573050121641,0.0540758481229681,-0.0003319252431186,-0.1028466844366705,0.0388340890762166,-0.0226380751166023,0.0444018937641741,-0.0026991960989521,-0.0431344097617975,0.0453671266474755,0.0005006453982272,0.010277398307217,-0.0324592024111247,-0.007271064117701,-0.008459163842145,0.0182115910268281,-0.0622488079513309,-0.0052929059756006,-0.0878952186089576,-0.1314539975156048,0.0064542166101506,-0.0029377617514755,-0.0273374585459429,-0.0266457629356722,0.0382231209900603,0.1893085725128904,0.0255366365086535,-0.0737185139307109,0.0054489728290489,0.0636689013247997,0.0148893230074798,0.0061692831244362,-0.00230743558533,-0.0573298129751164,0.0272863726605194,0.0274406627471901,0.0804094370021235,0.0798601518469246,-0.0010438025170541,0.004558363852118,-0.1067918919477123,-0.05267805195405,-0.0973217353174881,-0.0489857579945853,0.2033710251717893,0.1206675367169833,0.001462835675758,0.0505438546770582,0.032485416550692,0.0591679198134396,-0.0300669018625187,0.2253119053470229,-0.0419698831270196,0.0650003256562017,-0.1606283437719365,0.0570176095821572,-0.0458807641460763,-0.0664066539345273,-0.2206113543265278,-0.0224879431758641,0.0211639111019406,0.0401359637338225,-0.1140353407961005,-0.0589408199986355,-0.0836756795765194,-0.1401748373379661,0.1644027435508355,-0.0890578829357219,-0.1401699395809518,0.0806768465067995,-0.0834592239064647,0.0345671047896694,0.0182879633815398,-0.0114653915621419,-0.0970759514414418,-0.0140957621518323,-0.0348546040318674,-0.0684348847827949,0.1002999724143436,-0.054903075988142,0.1721645470927013,0.1902151398687792,0.0673375936441964,-0.1531646965741131,0.1202583873319225,0.0392740645108653,-0.0957158270833284,stop,2257,13,65.99756050263866,-0.0509896384174238,0.0110043307626768,0.0568323931242548,-1.0,0.2158150381963972,1.114587098245327,1.8514808904854383,2200,0.5250480218677157,5,0.0547796087003306,-0.0196867229378918,-0.1826114013820642,0.0,-1.1461959030721918,-0.6211478812044727,0.7747294399919672,0.0860761567429236,68.64603897596362,65.99756050263866,76.10891475787838,1.2468656160550873,-0.0548961769218466,-0.0146252293376768,0.0181109114199359,-0.0920158679448898,0.9148918901369996,-0.0014310308107916,1.0,0.001781346415022,2025-08-21,24.0,16,0.0245796818106092,0.0127072993727732,False,False,True,0.1333333333333333,3.0,0.2,-0.0141697209797808,-0.3259373571540498
MA,Falling Wedge,bullish,1,0.7455782240456607,5,47,1265,1266,2021-09-27,2021,2,345.13923352022067,331.8896507780621,390.2590108416612,322.66149131986015,1.129929355792388,0.0399216507989841,True,-0.0317861701979338,-0.0066548552419751,0.0038800087844839,0.0201376274241458,-0.0037430267733393,-0.0315867843215479,0.019150444672435,0.0118291338701101,0.0135399415839958,-0.0042320876730967,0.0811613833908657,0.0116796076675542,0.0203258456965667,0.0231602383322091,0.0046356128388633,0.0125683768493594,-0.0121706238841853,0.0385405896950412,0.0195652541960245,0.012243764498937,0.0023186956999257,0.0337279492959399,-0.0456227677901482,-0.0222542026975237,-0.0108824501259379,0.0094780451183753,-0.0008301991968072,-0.0113864176715873,0.1017146904998462,0.0960184572569349,-0.0640796853281036,0.0459325433885811,-0.0442665683383125,-0.010567654485115,0.046324129962852,0.0182103949002134,-0.003980541515087,0.0332971102640977,0.0123751040813493,0.026001018011911,0.017476160904722,0.0197851013338585,-0.0176378030626676,-0.0302491328708309,-0.0453560768171743,-0.0321671365193765,0.0163598947329661,-0.0197108210237371,-0.0205672554342202,0.0429645827774567,-0.0932632918783599,-0.0251117247753843,-0.0105439140113214,0.0140327442311343,0.0408326642822114,0.0394858675308587,0.096891194586133,0.0026346933089771,0.0229103994912722,0.0030517400809468,0.1094027284208383,0.0588594269793547,0.0125555252684905,0.0475929198636928,0.0017627468735221,0.0361931664365993,0.0451153363067955,0.0077273904841501,-0.0052664523081912,-0.0950608138510998,-0.158469146799219,0.0500680670764694,0.0488166358072617,0.0747125379009012,0.1260278754905666,0.0273784286648846,-0.0302066622687937,-0.0495647652494793,-0.044044892724221,0.0776855494806825,-0.0864963506205209,0.1017914720812149,0.0500536418994141,0.0057349449116339,0.0138225673505443,0.1100114187172989,0.056263801651939,-0.0547908965461091,-3.454939298330739e-05,0.0208354364054585,0.0782521322492761,-0.1238766334953718,-0.0121432540725266,-0.068994292680269,-0.0781167950364535,-0.0430024207579812,0.091654254238999,0.0885739062604997,0.142124456356443,0.1597989031063083,0.0156402702353739,-0.0768044263291545,-0.082594495932144,-0.1008989085490338,0.0293022534516622,-0.0884170478817178,0.0053546740265852,0.1610744280680676,-0.049643680350761,0.0761846480274071,-0.0008896712173585,0.144451168541523,0.0085932337442093,0.1402637640227682,-0.0392756797737888,stop,1288,23,322.66149131986015,-0.0651265924511118,0.0346390544845197,0.073739790982884,-1.0,0.5318726679969026,1.132253173513382,2.00730913804665,1216,0.6975826082261531,7,0.0701280388676174,0.0054148213763594,0.2283981513932791,0.0,-1.5090989551245395,-0.811516346898386,0.3420205746621125,0.1020561943875788,331.8896507780621,322.66149131986015,390.2590108416612,6.126101977319024,-0.0075177900326376,-0.0119386519726608,0.017686471697325,-0.0145922928620059,0.2166873403267772,-0.0030990833244568,1.0,-0.0137522113086436,2021-09-27,44.0,7,-0.0350536853292475,-0.0228686640920355,False,False,False,0.5,1.0,0.1666666666666666,0.0175849431633681,0.625087461184289
MA,Falling Wedge,bullish,1,0.6027076859601388,3,22,1776,1777,2023-10-09,2023,1,389.1100116058735,387.73760580321687,419.9970133959096,378.66163212688616,1.064750915154269,0.0035395220430416,True,0.0142085544493895,0.0070481215673612,-0.0210999636906975,-0.0208547037845336,-0.0035472876639541,-0.069617274661618,0.0143623891574682,-0.0550028048992096,0.0391083323603818,-0.0946251993144516,-0.019858521558674,0.0045577346077143,-0.0063983771396304,0.0617560170693325,0.011255808752677,0.0185713250339236,-0.0632207296610136,0.0128614844097478,-0.0058264375728668,-0.0043592516747854,0.0936810716314002,0.064909969018883,0.0163758754283848,-0.0300095804763399,-0.0011833093177764,0.0019713219738386,0.0452330924944726,-0.0054852545493547,0.0573541004009308,-0.0100499399703881,0.0179907437443049,0.005468625268554,0.0395173636343288,0.0663911504233565,-0.0230575896623973,0.0302996372615715,0.0033098969591507,-0.0028010634936778,0.0196795088671311,0.0348746248975184,-0.0196456839249523,0.0891884850978383,0.0156009832396479,-0.0700393732801134,0.0566492879639277,-0.0476320763436243,-0.023714384123843,-0.030066463724219,0.0175878590045541,0.055479848096297,0.0815597027118737,0.046618931256354,0.0306889344370009,-0.0001044346780103,0.0267716682862595,-0.0600487622338392,0.0286452036229194,-0.1924042275910943,-0.020854430851199,0.0282520711335587,0.0101366332947074,0.0632672292415925,-0.0193920265026983,0.0395512742890451,-0.0985583533370421,0.0779052631352668,0.0566679734433548,-0.0401849775868684,-0.0302936530824447,0.0332458255359544,-0.0214038133054257,0.105659817448475,0.0476800121580711,-0.0572223208242345,0.0083097310620592,0.0909093393541531,0.0266963183301192,0.1332330636490384,0.0994538907638686,-0.0202755477768611,0.0339509581133627,0.1033661809721333,0.050546038839438,0.1021145003420123,-0.0870656592022961,0.0765380098881758,-0.0182560521434015,0.0877612591418652,0.0357610799385752,0.2065845324438768,-0.0125142658579855,-0.0174157187960678,0.0612579042497702,-0.0224363120233341,0.096441314949591,0.0319598449520066,0.1354620222745235,0.0992011707397455,-0.0349280752832059,0.078129186060065,0.2142617451439268,-0.0900298209328839,-0.1234003689283738,0.1057932552705733,-0.0064542337692179,-0.0858166501048439,0.1090427941225264,0.0918269714077679,0.0644477125038807,-0.1854887812020731,-0.0604391642727664,0.0869298302565546,0.0544629396999183,0.067421048544682,0.0288167671781504,stop,1785,9,378.66163212688616,-0.0268519934397638,0.0247763540244034,0.028745550008609,-1.0,0.9227007328146176,1.0705182865880285,2.9561523729256383,1753,0.4670483702063561,5,0.0705196371582467,0.050840631766664,-0.0557329679985184,0.0,-1.5711846402082148,-1.104136270001853,0.9464598681486326,0.0459879805967337,387.73760580321687,378.66163212688616,419.9970133959096,6.56359586614004,0.0438564593643664,-0.0168050541926013,0.0169024134525963,0.0992498671568666,0.7456638221869436,-0.0088197521758349,1.0,-0.0326350431166012,2023-10-09,49.0,6,0.0773152516354112,0.0241334530037169,False,False,False,0.0,0.0,0.0,-0.0108950829920153,-0.6927802165585359
MA,Falling Wedge,bullish,1,0.7460606718954202,8,90,1979,1980,2024-07-31,2024,0,459.93047242177545,444.99083360976056,480.00396350870494,422.7003219135692,1.6436863293507522,0.0335729136054887,True,-0.0335580029584197,0.0278099749022446,-0.0107958561934463,-0.0673116080451631,-0.0456983553231851,0.1218494187046626,-0.0464231075566904,0.0137600052246367,0.0069326427297702,0.0083135524754296,-0.0048678082914597,0.0248162350774625,-0.031719958814086,-0.0049584130221929,-0.0041284911926412,-0.0240470285583502,-0.0064267613399341,0.0076434768235065,-0.0023859494509602,-0.0099999642163745,0.0087664296876468,0.014628941426976,-0.0309553729657,-0.0113864176715873,0.004575444198404,0.0240282650019432,-0.1228571253605448,0.0663144082501954,0.014182495730787,0.0513607267967961,-0.0360245790993163,0.0064225628823142,0.0112045731980752,-0.0065864461510588,0.0406430929090844,0.0248902927813565,-0.0890932012965414,-0.028695591442225,-0.0047251082544247,0.0094780451183753,0.0265259551564964,0.018821402470341,-0.0579383726347777,-0.0227688740191289,-0.0700050460911413,-0.0041452914689176,0.0136210773174105,0.0032513516860559,0.0326558069218116,0.0231867335162316,0.0529451138810641,-0.017469843186992,-0.0138478397009342,0.0520443598208673,0.0162768614501318,-0.032690019976988,-0.0232408072460607,0.0201737688342038,-0.0588965628734826,-0.0811481253533202,0.005237595210588,0.007765626580811,-0.0317560459756722,0.0306889344370009,-0.0320050025167911,0.1230813501691583,-0.1953504434305119,0.0889644422206015,0.0152902821783247,0.0554507454243524,0.0165680517824691,0.0536476512875256,-0.0426876001334235,-0.0370621805893172,0.0878647520118849,-0.0186601877812304,0.0645705124047164,-0.0356778384353201,-0.0369995066869126,0.0258501510868107,0.0336509235004711,-0.1314664945985132,0.0716734275734676,0.039230530898485,-0.0085039442944104,0.0869577191849586,0.0628461398396151,-0.1577553799337988,0.119167003336202,0.0993895326567628,-0.1163931088208899,0.0474686402989982,0.0984810636497008,0.0470003661299862,-0.0826135023078846,0.0722604719119106,-0.0907979083588648,-0.0495790053425205,0.1561508412900967,0.1412422938936628,-0.0674594929118157,-0.0488492191557266,-0.0337400135527758,0.0377929762256399,0.0991374143623968,-0.0314854778033574,0.0983091268969136,-0.0231662649247208,0.107458972648746,0.0731420736163346,0.0962502763725086,-0.2022400577683092,0.003686578286403,-0.0600706799828293,0.0887095934799104,target,2002,23,480.00396350870494,0.0436446208515648,0.045610923830523,0.0555792243304136,0.5391729770876129,0.563464113322403,0.6866096041564071,0.5391729770876129,1889,0.4274808388972545,7,0.1437763553757464,0.1927234175613188,0.048033960663355,0.0,-0.742216015178216,-0.3147351762809617,1.1053575227410724,0.0881836660818631,444.99083360976056,422.7003219135692,480.00396350870494,9.238922174337192,0.0556430711408573,0.0394529869345596,0.020163455845893,0.0445879481472029,0.3748472729767239,0.0325176078032722,1.0,0.003278607555148,2024-07-31,40.0,6,0.0119979060709272,0.0517687278571736,False,False,False,0.2,0.0,0.0,0.0136719395746818,0.4104867396310898
MA,Falling Wedge,bullish,1,0.7140982004357438,3,56,2396,2397,2026-03-31,2026,0,500.5293594880533,494.5232665693193,588.1963038045396,474.3955864847412,1.3213746771417076,0.0121452180812449,True,0.0097365757537244,-0.0240759504162175,-0.0059184999168729,0.0396232968316561,-0.0280186404255886,-0.0497924999387714,-0.0105333339233356,-0.0101537271448506,0.0093628713618081,-0.0243529130531126,0.0078465955972675,-0.0205361581882267,0.0079978924555794,0.0221891047671163,0.0014979746531147,-0.0016526020780427,0.0443603495539468,0.0034773647084358,0.0108932500801679,0.0328414821870828,-0.0054954982792911,-0.072230964681121,0.0121663085253763,0.0370817094144699,-0.0333265640824671,0.0019408417943407,0.0335731844129809,0.0066947153274425,0.0512570345188321,0.0162071862461867,0.0159952697235763,0.0132424796130512,-0.0050359562932712,0.0514441195810932,0.025195493030762,-0.0351973481753012,-0.0400219185258451,-0.1153804576826152,-0.0194195985489945,0.1097976194933525,0.0262520404716763,0.0387926951842312,0.0127210274743356,0.0285124461846002,0.0576118965097307,0.0233725708974617,0.0475929198636928,-0.0406162671903131,0.0030886049548881,0.019437532989142,-0.0249176587324796,0.0700220631026955,0.0930191800714668,0.0002421922245687,0.0615374473161849,0.0140626186475807,-0.018713351012471,0.0003624684279681,-0.0508809401167538,0.047484285925573,-0.0035561036767616,0.0175674836337067,-0.0093733595761001,0.1207617582015583,0.0728300278951672,0.0034393127382597,-0.0067353380351629,-0.0889106347696939,0.0315545403532259,-0.0151952193996071,-0.1691942322143068,0.0852761690407484,0.0303025187887484,0.1003322719490622,0.076070014385821,0.0878899355203335,-0.0443824502157262,0.021347349765195,0.0494364417521904,-0.0255977370788255,0.105659817448475,0.0831813911834791,0.0908985578484247,-0.0059137757245573,0.0251878784504318,0.1820432412750241,0.0489510669149024,0.1252684351922606,0.0256771961915394,0.0213240245425305,0.2738037129550492,-0.0830330224088624,-0.0046840089503839,-0.1223901014608552,0.0509056319570049,0.1524515810846978,0.1073182822618796,0.069705849115631,0.0140778559006891,0.0813530557717792,0.0208257643618385,0.1404943626646788,-0.153369171855479,0.1318941371455197,-0.0396565979640762,0.0553205296897125,0.1685041055329448,0.1847490371682865,0.0961239242023785,0.0675881262452764,0.0291179682791205,0.1038949754927898,0.2434271380289869,-0.1189752553054248,-0.0749715739392956,stop,2440,44,474.3955864847412,-0.0522122678878257,0.0655039840629956,0.0734957078960392,-1.0,1.2545707496124507,1.4076329351166952,3.3545460238510496,2340,0.6156709940523102,7,0.1355654513570274,0.0134706434167821,-0.146991012806074,0.0,-1.2900080053426697,-0.6743370112903525,0.4502179759686311,0.1123178360304677,494.5232665693193,474.3955864847412,588.1963038045396,10.927873410501023,-0.0959831281432098,-0.0368370914815705,0.0219449275562651,-0.1180497729970048,0.8384120740085383,0.0121458129552045,0.0,-0.0414709939612747,2026-03-31,57.0,7,-0.1443607827766051,-0.1343334487081225,True,False,False,0.6666666666666666,1.0,0.1666666666666666,0.0064848033642048,-0.0084642704983547
MDT,Falling Wedge,bullish,1,0.6423527941202309,13,216,1587,1588,2023-01-06,2023,2,71.97930162703675,70.6445066399398,104.94002833624744,65.02824056002135,1.2924320065934605,0.0188945333555814,True,-0.001981565560344,-0.0228078543435449,0.0008359562213622,-0.0397239833293814,0.0066003292929126,0.0064243206795688,0.0205922281849946,-0.009404412571066,0.0081783341454493,-0.0174469474476534,0.0074292640854596,0.0120168896987609,-0.0092140580149387,0.0110428680814083,-0.010972767537367,0.0077461947440891,0.0112882536095448,-0.0264003846032424,0.0472638601299508,-0.0231123267302925,0.0009863135044974,0.0302772021362156,-0.0037019222743576,0.0200620656613859,-0.0062205307420957,0.0138363199134656,-0.0731733479396088,0.0829443449058568,0.0369635899575422,-0.0134001475925572,0.0636363089840961,0.082662899056864,0.0672780719567356,-0.006044487321796,-0.0062476621591501,0.0676424839735703,0.0167432389387984,-0.0143736889040861,-0.0751565533843643,-0.0142498199096487,-0.0504151757779072,0.0214988455399351,0.0662020638402289,-0.0118623645822638,-0.0747795741565102,0.0110767983944258,0.0556038569486294,0.0057537594287224,-0.0178462931788246,0.0823809708691183,-0.0393463853890304,0.041558373086417,-0.0611909908242931,0.0376190912155878,0.0439800387542057,-0.028281134281395,0.0516045583250324,0.0251272710261778,0.0422328969098164,-0.0111619372163567,-0.0235337146611294,0.0300742190677119,0.0732066131606465,0.0715284040261505,-0.042421383202662,0.0250577323215128,0.0379966699508698,0.0100094465317455,0.0381741346240643,-0.0125077518997139,-0.032744889946266,0.0867198340089039,0.1836531453092038,-0.0246551441787028,0.0710570361000477,-0.0882740963191819,0.0060384005130922,-0.0737286107829751,-0.011296747330538,-0.0406101050737426,0.0597901875950765,-0.0625519906425007,-0.0490081623235668,0.0531667854011848,0.119071081129088,0.0924558228513166,0.0146394764199089,0.1227433193655491,0.0586041544082136,0.1363616827637448,-0.0350332800251914,-0.0434648913591605,-0.0074079429243698,-0.0582819821353386,-0.0380988636363813,0.128570026380161,0.0460470744402115,0.0233988141244179,0.0721995176744489,-0.009646932826855,-0.0004251310790932,0.0596695516428857,-0.1197961107348658,-0.2230275265987132,-0.1810846963750831,-0.1315243649518022,0.023717202104156,0.0771290961810071,-0.0036022436231279,-0.1170422323236737,0.0170161718473182,0.0355205369705324,0.0061049033590447,-0.084611314773653,0.0135663831855833,time,1647,60,71.44608306884766,-0.0074079429243698,0.0879258824967666,0.0585758856500314,-0.0767103832131978,0.91048597560021,0.6065622644694695,4.741826663790648,1369,0.6800073330981145,7,0.112996721235309,-0.182675694560958,0.1070372502342356,0.0145631067961165,-1.6430461309322002,-0.963038797834085,0.3956821167649625,0.2217214156158668,70.6445066399398,65.02824056002135,104.94002833624744,1.3711216097472945,-0.0979273990062309,0.0142405286737306,0.019022916080024,-0.0810060474284616,0.8031905395753496,0.0057477542177994,0.0,-0.0083883299296686,2023-01-06,12.0,4,0.1515875830138606,0.0634184411700511,False,False,False,0.0,0.0,0.0,0.0385704158544774,1.3854722221752396
MDT,Falling Wedge,bullish,1,0.6794744185818495,3,38,1756,1757,2023-09-11,2023,0,73.9205497714764,73.49705417501536,84.47911609916127,71.02554309576828,0.9749144286803342,0.0057620757894947,True,0.0149544826047562,0.0188814945436537,0.0313477327760676,-0.0810137894644584,0.0167938062072368,0.0018777147334942,0.0187146560320139,0.0270754213314441,0.0341679759520152,0.0319744549342762,-0.0207365212415852,0.0111584392812553,0.0222297034506022,0.0057347059865009,0.0045179074929813,0.0031911456364697,0.0179259098755149,0.0060324169926304,0.0440092760620292,0.0577343125076534,0.023197771515973,-0.0322531295538762,0.0037704870793443,-0.0113633268126818,0.0181600047404847,0.0699714304261924,-0.0238956013623014,0.0982001776779737,0.0520479171381689,-0.0503617776665109,-0.0321698469694317,0.0163275719506297,0.031511238455463,0.0105260050567843,-0.0027568027372605,-0.0139008164593884,0.0111280177364694,0.0084789763973103,-0.0577273411622496,0.0171543302581029,-0.0412420970814894,0.0417282705395265,0.0096854838861113,-0.0276484979442487,-0.0002264996376579,-0.0172048337377915,-0.0711983074999529,-0.0418098485945376,-0.0475676983656919,0.070246292728862,0.0328430755374848,0.0735473785389062,0.0049568550670686,-0.0565537255936703,0.0230177598093521,-0.0574582764868761,0.0158035338441953,-0.0463284396255201,0.0302094713720824,0.0363091427926196,-0.0161664622186523,0.0568321004895562,0.0756156586913985,-0.0264671064277322,-0.0743554778075775,0.0246401654081058,0.004436165856442,0.0615320605199982,-0.0804529312064705,-0.092338447010472,-0.0705840067636116,0.061252093954587,-0.01118946709701,-0.0567974906399416,-0.013599712995168,0.0982732036498374,-0.0244547653959766,0.0632369088591897,-0.1279794306297134,-0.0630105545231005,-0.00396455161597,-0.0259073467022172,-0.0080999988221521,0.0205597604864151,0.1544621151778544,-0.0492974637634867,0.0267063061585755,0.1257493919106385,-0.0724505352868087,0.0145667096746533,-0.0840376090549221,-0.0935393251777361,-0.0255802964069964,-0.0507745074643479,0.1216644846198033,-0.115572495292995,0.0896072771468281,0.087030280122536,-0.0026876143890613,-0.1024438037816053,0.0961609637925138,0.0473392306692446,-0.1681210569231228,-0.0210028474843261,-0.0798996416455402,-0.048192791514943,0.0783914557116771,-0.0433972678371874,0.1412242792294011,0.1084115021739964,-0.1922485479048503,0.0390613947444711,0.1302494016822319,0.020003870733207,-0.0348592000996103,stop,1768,12,71.02554309576828,-0.0391637600729155,0.0252510770140673,0.042640449990081,-1.0,0.6447561972357752,1.0887731390114863,3.6471647600267625,1718,0.6496764202636902,5,0.0236034297590257,0.0447913295386046,0.0305812763736224,0.0,-1.2058494831073745,-0.5561730628436812,0.4177098057600867,0.1068995720156421,73.49705417501536,71.02554309576828,84.47911609916127,1.4640164794694093,-0.0120939766326406,-0.0387612095760324,0.0198490668146479,0.0785298446253435,0.9084525203898578,0.0046273441845443,1.0,0.0062830852838873,2023-09-11,12.0,4,0.0984719942848788,0.0331913691294589,False,False,False,0.0,0.0,0.0,-0.0514237189816708,-0.6374908346135403
MDT,Falling Wedge,bullish,1,0.7594426489591163,3,43,1893,1894,2024-03-27,2024,0,80.92752425540772,78.05004836919693,82.43114945698613,75.59037368527127,1.327555897579178,0.0368670608966132,True,-0.0365096937136854,-0.01712952240294,0.0569511169852692,-0.0019786275094078,-0.0160658302935903,0.070956731139439,-0.061325565259879,0.0091669794119457,0.0094863782537764,0.0168258426977956,-0.00128858212786,-0.0190550283707719,-0.0122118757330512,-0.0066193033583015,-0.0025330134267899,-0.0164577991934458,-0.0019786275094078,-0.0061552496233826,0.017314466472579,0.022798188814896,0.026422572730482,0.0010896291522379,-0.040776813876312,-0.0566016443355458,-0.0466440261277122,-0.0027568027372605,-0.016138289358947,0.0545124437392696,-0.0110249726820697,-0.0902179561991759,0.012520930662947,-0.0098671825269273,0.0091725082938345,-0.0133612208161849,-0.0123813672914914,0.0047484618305739,0.0402199111011285,0.092820421949173,-0.0133343211989124,-0.0091345231452391,-0.0015665093066603,-0.0403127433660818,0.0540739088317365,0.0056468147680488,-0.0223279110570886,-0.0581662244100794,-0.0901262841417972,-0.0524359827969372,-0.005654062730506,-0.0491697612965897,-0.1173900345943562,-0.0380180153160722,0.0957179212366772,0.0613780771342855,-0.0146328397615407,-0.0907470184604763,0.0146656741716677,0.0843191917394547,-0.028281134281395,0.0379554771753574,-0.0199592454057461,-0.0748790853003389,0.0722093415845741,0.0249010925954968,-0.0162201286839027,0.0185977188097457,0.0680850751324924,0.0680393624050794,-0.0946721644494925,-0.0656716909631983,-0.0709279181275585,-0.0474450768388178,-0.1618009138404417,0.0327000816594726,0.0137665165600977,0.0755847290458826,-0.033333388580736,0.0972168801121924,-0.0329776578704716,0.050493303539181,0.1197063281534327,-0.1307380798927954,0.0358007755893261,0.049675421639193,-0.0587539046644096,-0.0460997089914014,-0.0934140188927237,0.0534834891332052,-0.0038495921671709,-0.1026272850272123,-0.0431091957492311,-0.0543856261090269,-0.0695751228730815,-0.1102491566658682,-0.0514396001231367,0.049960986632888,0.2018630901126956,-0.0718293500381009,0.1430240385508612,0.0481367811396875,0.2021290379407687,0.0127730813314468,0.0343754115787928,0.010309944676436,0.044822164954867,0.088898440917372,0.0322630514086876,-0.1889828818759434,-0.0354596013619376,-0.1280752222589436,0.2162207826655431,-0.0559818677634114,0.0599520786822973,0.0568233454188258,-0.1030643085025663,stop,1904,11,75.59037368527127,-0.0659497571344499,0.0072331216285805,0.086567094975181,-1.0,0.1096762435960845,1.312621891824395,0.281728083519288,1850,0.397405655876755,7,0.0842766400903669,0.0846120488026425,0.0087575434561828,0.0,-0.7419428975660166,-0.3445372416892576,1.048167851502634,0.0607964141697135,78.05004836919693,75.59037368527127,82.43114945698613,1.104167722957586,0.0768182388226668,0.0270949787935002,0.0136721636773004,0.1193625601984298,0.962457133483144,0.0058542453993495,1.0,0.0366124576361281,2024-03-27,41.0,9,0.1686468532870424,0.1009705932462503,False,False,False,0.0,0.0,0.0,0.0306729636217791,0.8892571570314804
MDT,Falling Wedge,bullish,1,0.7517819348203991,3,61,2087,2088,2025-01-03,2025,0,76.73343343051184,76.54944717264061,90.56883586884686,74.8141137767557,0.941715973490836,0.0024034955792207,True,0.0157726834486258,0.0407277753797251,0.003878051775928,-0.0230813787062016,-0.0067340722869754,-0.018539622889676,-0.0132664571637716,0.0061905214935666,0.0080666910757727,-0.0030739709910201,0.0017647315514877,0.0245844243546202,0.0610527494812875,-0.0231123267302925,0.0204449857064439,-0.0005771713607256,0.0456999818985013,-0.0310501033441045,-0.0075218191702728,0.0239434237474553,-0.0056791726390601,0.0023745747159764,0.0125044814226788,0.0976156305352873,0.086245135195361,-0.036572638929168,-0.0012597376030512,-0.0449245211468998,-0.0380917845414536,-0.0568976213409205,-0.0061926426205307,-0.023322116397494,-0.036884413132703,0.0354479903389919,-0.0318066488222734,0.0376284757984011,-0.012327181223165,0.0075968769927683,0.0323073670296329,-0.0162010386876954,0.0636363089840961,-0.0319182538866841,0.0054934653404086,-0.0273063872996439,0.0007872474157257,0.1066559932218702,0.1297815401427193,0.1205406969332734,0.0038781175364954,0.0166597090056768,0.0388700623189592,0.031409583411377,-0.0478262526520086,0.0015583272200334,-0.0681144816527067,0.0082883646515572,0.0494987387287533,-0.0458085353276782,0.0111719256821782,0.0189163918273007,-0.1168449627326019,0.0551191606136505,-0.0550990134533661,0.0302371120779447,0.0973843179662004,0.0615714944308749,0.0362750032966288,0.0355241100954917,0.1216480814904813,0.1681571788623086,0.1903117079648678,0.119071081129088,-0.0162246994197995,0.0391622236681796,-0.0416946005031657,0.0680924904319459,0.0705103337681047,0.0493088004503707,0.0541898249634194,0.0835692914722197,-0.1206476157336459,-0.0161501713794831,-0.0990987484924494,0.0078265972892557,-0.1251245023897712,-0.0273170222732566,0.1475119446287114,0.0849842944133196,0.0344952079838878,0.0158648273304549,0.0982732036498374,0.1468270408129474,0.1123274835143832,0.1627273113596585,-0.0977949864728567,-0.0721865816976011,0.043564720325123,-0.0258367656493193,-0.079751454300343,-0.1068205318260799,0.1059597986549869,-0.1592451443233364,0.104005959515971,0.1317113930340898,0.0652986630377683,-0.0812215747031439,0.1425891714519644,0.0996868836552651,0.0089025291398052,-0.0187204710782694,-0.0709010166256266,0.084154061207464,0.2355386425136125,-0.0541343106097654,0.0995875342518978,target,2126,39,90.56883586884686,0.1803047487880764,0.1869102395132228,0.0106804895282007,7.208493077877342,7.472577271378902,0.4270005939936058,7.208493077877342,2026,0.7521405713961766,7,0.0942708326776153,0.1232589019791254,0.2011223410952192,0.0,-1.6050861152222182,-0.8529455438260393,0.2641515539657285,0.1009882175336202,76.54944717264061,74.8141137767557,90.56883586884686,1.0570155570395678,-0.0226803892235084,-0.0448149799451307,0.0137019906008556,0.0603585391439016,0.950977238898074,0.0034902437571173,1.0,-0.0225745662033242,2025-01-03,37.0,10,0.0503071332979647,-0.0016585701757425,False,False,False,0.1111111111111111,2.0,0.2222222222222222,-0.003256406943495,0.0314404975853633
MDT,Falling Wedge,bullish,1,0.7131773170388831,5,51,2401,2402,2026-04-08,2026,3,87.1239242553711,85.37492216882833,108.7519900781042,83.12446967713691,0.5453527969778376,0.0204861338916844,True,-0.0092140580149387,-0.0464080479689031,-0.0248000200634767,0.0351843220057348,0.0317669003729348,0.0115985946483332,-0.0020903283196981,-0.0047370368020519,0.0010896291522379,-0.0007165058196281,-0.0012759932220183,0.0398935155256301,0.033399275363128,0.0133638001223503,-0.0046240598996766,0.0322475787754243,-0.0123514955034164,0.0281070346958907,0.0161600224043159,-0.0303353943066375,0.0191707415745745,-0.0134469572581639,-0.0175942391872281,-0.053350026406569,-0.107244343121483,-0.0791236754890077,0.0233443047681314,-0.0032778757433107,-0.0098273984470835,-0.0018579922616476,-0.0498727635590243,-0.0259568320381193,0.0417282705395265,-0.0111071977643425,0.0998778939497455,-0.0433664161923401,0.0056468147680488,-0.0319666938981429,0.0184394235841125,0.0014998480945305,0.0328332005559919,0.0225522347831883,-0.18564964074728,0.0044636434937244,-0.009073081680163,-0.0433153297423959,-0.1172791434866671,-0.2046924470735895,-0.0473085961875814,-0.0230945078243058,0.0837755269133355,0.11062898065055,0.0489250344383496,-0.0455028384396166,0.0108199589905184,-0.0613617838832708,0.0116139788722393,-0.0553679805131678,0.0422328969098164,-0.0251993010998675,-0.000718180746673,0.0205108420716857,0.0038358606195707,-0.0166747199750753,-0.0539370450486317,0.0768040873829987,0.0442542426420091,0.1126468097906889,-0.1291233067648457,-0.0680242150558688,-0.1899049858536076,-0.0287659585975007,0.1309851948178961,0.0429157450455159,-0.0244547653959766,0.0459431358779993,-0.074752352486288,-0.074752352486288,0.039505393825886,0.0968686571676049,0.0546884087519148,0.0779621706282664,0.0527122658742609,-0.0367540922510783,-0.0933488357170048,0.0402073704138854,-0.0213939575120899,0.0394953751959046,-0.0240478772541048,-0.024917615434596,0.0881528905219728,-0.0833366551051778,-0.0466453586831725,-0.1627847404166402,-0.0558220706684259,-0.1314561060083963,0.1886630490635337,-0.0576314629116332,-0.0917693045279172,0.1346440871702749,0.0356754358642565,0.0239031743048825,-0.076068312303821,0.0471309627351665,-0.0900935510739747,0.0245341469274231,-0.1548063320222029,0.0599950958148944,0.0446861970410619,-0.115572495292995,0.0549910204664956,0.0646070464905352,0.0043236672504984,-0.1604815603286082,-0.0341179930827249,stop,2410,9,83.12446967713691,-0.0459053539245004,0.0086451534777543,0.0676829671774406,-1.0,0.1883256034137732,1.4744024692361015,5.407753832344367,2347,0.8145662610793756,5,0.0482115033145373,0.1028758835027712,-0.1125162707122057,0.0,-1.5188720307981909,-0.7043057697188116,0.179504184782173,0.1525633381928011,85.37492216882833,83.12446967713691,108.7519900781042,1.5897467663195275,-0.0473406924706364,-0.05004013914905,0.0180946463168528,-0.0853300875652068,0.9015567186363465,0.0167785446057129,1.0,0.0009986166518081,2026-04-08,54.0,14,-0.0444643253588584,-0.0463844418438265,False,False,False,0.3846153846153846,3.0,0.2307692307692307,0.0025532411026276,-0.0355112611415395
MRK,Falling Wedge,bullish,1,0.7271096464926357,3,32,1034,1035,2020-10-26,2020,2,62.46717439108223,62.23538922934904,70.32147745898737,61.6677413098956,0.7145137628530445,0.0037243305553857,True,-0.0281265865403763,1.099828432982175e-05,0.0866345318257097,-0.0149674152606104,-0.0299488833591965,0.0226531116922801,0.0168822388806857,0.0210876803659871,-0.0322086887627536,0.0597348875752912,-0.0462331628929257,-0.0075944909563724,-0.0054721535014341,-0.0128804487515388,0.0389405373052382,0.0104112227537458,-0.0614760636939173,0.0153117218109228,-0.0161970443517315,0.0183081392330106,-0.0071101239884988,0.0035252993421994,-0.0310966313036809,0.0198905759005285,-0.0236694479247561,0.0318736878160876,-0.0318857006478079,-0.0509553200766838,0.0053468554195899,0.0213478964754538,-0.0284443490181359,0.0118901652060392,-0.0122565729370325,0.0109683292467019,-0.0344134286563323,0.0397780133837331,-0.0368913628579247,0.0079221063149879,0.0135798900534638,-0.0447496657098792,0.0109683292467019,0.027541583018084,0.0171854577642176,-0.0608351177944452,-0.0097290071599427,0.0254784864461847,0.0171033454183617,-0.034992191275857,-0.019349757649383,0.0200020343312152,-0.0797323466057925,0.0560958590434226,0.079549508061435,-0.0147012777598078,0.052441571760488,-0.032871181597103,-0.0149022229284413,-0.0231523750668372,0.0089047108274857,0.068125785199403,-0.0379329231323685,0.0867716668287725,-0.0367620083829375,-0.059555989824939,0.0174224252079253,0.1177746097983141,0.0332350137184613,-0.0283087880348257,0.0074506297286374,0.0141534929044258,-0.0713345190241474,0.1417400378152069,-0.0113339616574094,-0.0313638628857242,0.0278071471786942,0.1549147278641398,0.0225455049243232,0.0737634592561686,0.1419281066847773,0.0797172054420825,0.2802858387440416,0.0203441312324774,-0.0361753833739363,0.0426235905848784,-0.0758852415944276,-0.0629133509675298,0.0502615066716338,-0.007206026870136,0.0588167477652523,0.007398001042713,0.0924709584362111,-0.034333463910246,0.0340737452540989,-0.0976427007411604,0.010826199741178,0.1388535509568904,0.0903894092349599,0.1348797506280874,-0.0658730488684151,0.1182502709590165,0.1174075161120193,0.2792047406750495,-0.0190419293781597,-0.0880330172843997,-0.0139716574575479,-0.1293027290899359,-0.1251195524966053,0.1582688853250369,0.0950099341350794,0.0633180338885823,-0.1203398723590897,-0.0614367949430397,-0.0481586290806009,-0.0667774403310608,0.0106560642357466,stop,1036,2,61.6677413098956,-0.0127976507498432,0.0164702578782744,0.036868285660123,-1.0,1.286975101932368,2.8808635569754406,9.824841194020536,1000,0.8608418749423656,5,0.0069657208184744,0.0808042758087039,0.0508769798574653,0.0,-1.5371405232155777,-0.6762986482732128,0.1253518540380724,0.0778346296010123,62.23538922934904,61.6677413098956,70.32147745898737,0.98476086696902,-0.0110066997801705,-0.0454630539240313,0.0157824561306026,-0.0139854697623691,0.3766257366111982,-0.0062634632184004,1.0,0.015560106859624,2020-10-26,52.0,9,-0.0538206487630646,-0.0273974288639647,False,False,False,0.375,1.0,0.125,-0.0181053601300333,-0.1187239140923769
MRK,Falling Wedge,bullish,1,0.6875141409902227,3,42,1117,1118,2021-02-25,2021,2,59.37889926218184,59.1364930256334,72.0895400880442,58.94843906034136,0.9456646893460872,0.004099097260356,True,-0.0304946415972534,-0.0105906716935426,0.023024832278891,0.0399145668903513,-0.0223526025875504,-0.0035204723277608,-0.0134438136793438,0.0084208713539084,-0.0506440610910237,0.028168989317507,0.0206548722897688,-0.0214406227851908,-0.0362018853847032,0.0216379712915402,-0.0130176088261922,0.0200157112845982,0.0110096500651628,0.0210876803659871,0.0323131047938807,0.0145309791742813,0.019871684151892,0.0417913486986076,-0.037585701360984,0.0025523760573216,-0.0213318316720438,-0.00560408367556,0.0325342155817616,0.0434057610763434,0.0634260481258106,0.0934935646306942,0.0158925863145273,0.0163957148827009,0.0159975199723916,0.0011402858659252,0.0084193217061645,-0.0010819652131439,0.0415191930530991,-0.0074216981856941,-0.0064623426494344,0.0634115174533345,-0.0221742797547249,0.0569643497895995,0.0049147514014893,-0.0003534217189321,-0.018189653598829,-0.0172589931955545,0.030875261622665,0.013635167208118,-0.0431190021743833,0.0012635960263844,0.0989904425869878,0.0171033454183617,-0.0140015845107318,0.1092447144776358,0.0286114498329455,-0.0188569877105968,0.1156047659509258,0.030789421483647,-0.0678991344507173,0.0822615139720837,0.0308420180699857,0.0748355021019664,-0.0198385702191279,-0.0405048411496477,-0.0660303487326811,-0.0192953161549565,-0.0229494090808202,0.0660980432919229,0.0137177806712058,0.0554038085811654,-0.0324190550938725,-0.0749858265696725,0.0735692356439894,0.1237147945300343,0.1463469637244823,-0.0609079002584548,-0.0781158536419656,-0.0590255218420701,-0.0189510031385793,0.0150992930628122,-0.0126007439148907,0.0339741871314054,-0.0045259273813258,0.0633080402907275,0.0529998315319724,0.0557049346636582,-0.0089164817723638,0.1840810057546216,-0.0240416733379494,0.0537930011141063,-0.0140259048329992,0.0330790860432885,0.0730210598279696,-0.0101033205950826,0.0514043527791936,0.0526874036177893,0.0390172186280317,0.1412420870991,0.0806642016891732,-0.1154354037647927,-0.0222726191758041,-0.0473313523517155,0.0246091361859932,0.0340651226714401,0.0701943235101596,0.0154465448633394,0.0848653547541264,-0.1215330812544356,0.0839720318488443,0.0651970299611202,-0.076938938816636,0.2518268893952622,0.0944299756208535,0.01316257580113,0.037057417174861,stop,1118,1,58.94843906034136,-0.0072493799512824,0.0036271306667136,0.0255238550247614,-1.0,0.5003366758383194,3.5208328431242006,29.528027844424532,1073,0.9575319288749664,7,0.0739814134032029,0.008914911377859,0.2829688248509938,0.0,-1.285189818352119,-0.3276578894771546,0.0194860837042099,0.1555589943616362,59.1364930256334,58.94843906034136,72.0895400880442,0.9173253949597404,-0.0596867986784658,-0.0551440765707172,0.015411412837136,-0.1158231884258352,0.5869603003545788,-0.0048275301966231,1.0,0.0211532333740345,2021-02-25,41.0,9,0.0518266376601943,0.0554317117459162,False,False,False,0.0,0.0,0.0,-0.0171523185600144,-0.1130435749730055
MRK,Falling Wedge,bullish,1,0.643475969815135,3,23,1372,1373,2022-03-01,2022,2,66.10893090211765,64.96826946942963,74.06752311737466,63.38707824015052,1.017200081579061,0.0175572081879871,True,0.0083867234791759,0.0456696834978568,-0.0278093060228962,-0.0144309463965551,0.0280322477230281,-0.014085716743149,-0.0214569870888446,-0.0227878573608774,-0.0196952004465883,0.0138546841479998,-0.0344289250377695,-0.0185251933192607,-0.0138616083407288,0.0223163449536321,0.0291390649815568,0.0394542581182126,0.0088829936303687,0.0052950806107319,-0.004406958427067,0.0435136067267583,-0.0221115246113472,-0.0221115246113472,0.010647896854883,0.039700176120214,0.0540398871500963,0.0342853524949786,0.0864261279494571,-0.0331655333169241,0.0750090956470499,0.0007683883179225,0.0919188075553105,-0.0853514462115249,-0.0278723019462324,-0.0411842261395638,-0.0065630991475742,0.0114137243090415,0.0251189216677309,0.1097960245493723,0.0285123046406072,-0.0045078931273146,-0.0148662614386383,0.1119653385728298,0.0282486327746314,-0.0353345305940044,-0.0355200695697638,0.0237453082708444,0.0784377232594979,0.0076332731883224,0.0395105290980561,0.0692690330658738,-0.0122110447482742,0.0261191316967706,-0.0599152373225204,-0.0366312858890381,-0.0714670721052189,-0.1196289885630665,0.0001803854798732,0.0068568117680209,0.014087062662375,0.1061057667526661,-0.0627138408321147,0.0092381006620385,-0.0152871052034965,0.0375355053583947,-0.0010586681697696,-0.0205900218050671,0.0702851716935419,0.0613265020090378,0.0763871864790938,0.1159856611015965,0.1479113481393584,0.0079107259868083,-0.0001175097169494,0.060814170685117,-0.0194761443126236,0.0398069619418237,-0.0585585189859233,-0.0037393604790231,0.1957068768017842,0.0431056781931764,-0.0049698632688348,0.1049755918410846,0.1095611256506838,0.0781967172512256,-0.0401186347851307,-0.0664123906933445,-0.0980684066689976,-0.0179242807007283,-0.0479760223233466,0.0638228319163529,-0.0067652393288302,0.0989969456513803,0.239469829740736,0.3175639922843484,0.1543487206497387,0.0568412723302458,-0.0008821308266074,0.0493462887647664,0.032953418194376,-0.1993560250117836,0.0401095540745108,0.007494224274636,0.1325544533030012,0.1327895420081657,0.0035474074344583,0.0674412037429912,-0.0958185722811776,0.0127375948137122,-0.0640868263690905,0.0304938721893803,0.0898494344037355,0.0539805364831265,0.0885091825002131,0.2463077979643193,0.1975117823086001,target,1397,25,74.06752311737466,0.1203860372063903,0.1294710486391973,0.0038001725114449,2.923961434968045,3.1446201067061144,0.0922993905899658,2.923961434968045,1347,0.7543958463480577,5,0.0761773111669733,0.0435527521807386,-0.224995853987166,0.0,-1.1631703573783552,-0.4087745110302934,0.2679308134593255,0.1095688542223806,64.96826946942963,63.38707824015052,74.06752311737466,1.390440583637385,-0.0050380017715179,-0.02426205644424,0.0210243057920512,0.0164032784513268,0.2154686584527977,-0.0010450606639247,0.0,-0.0442977118354123,2022-03-01,49.0,13,-0.0388196670155718,0.0096688539086393,False,False,False,0.3333333333333333,1.0,0.0833333333333333,-0.0546974708151465,-0.9843421594523432
MRK,Falling Wedge,bullish,1,0.6678113437725044,5,64,1521,1522,2022-10-03,2022,0,77.76037143661779,77.16653017125492,85.52690478268084,73.73037606170084,1.1283712869554217,0.0076955807659739,True,0.0335845397821981,0.0668286062455827,0.0386040664780391,-0.0132690940841853,0.0221050366854631,0.0255348846158343,-0.0954875827144725,0.0261174407771496,0.015463911882952,-0.0583487475513249,-0.0409983181974306,-0.0503322678490735,-0.0045409522604484,0.0228528210812757,0.0065287128184159,-0.0008058855267755,-0.0272877836494616,-0.0062155691305303,-0.0256081714589487,0.0033860763880411,0.0142070867159942,0.0270336056766919,0.0396375762473378,0.0751656206179915,0.0901497818188634,-0.0575665097327677,0.0696361559865137,0.0292633978272061,-0.0021565284112249,0.0882441734801071,-0.0061810351612489,0.1157119649727178,-0.0103622095897671,-0.0023508081685224,0.0539367065775564,-0.0232813313839638,-0.0441853458053715,0.0291614340573522,-0.0184513498105132,0.1216014987206288,-0.0044930394968849,-0.075182019964668,0.0511007996666172,0.0416661652860035,0.0235704275063644,0.0561814932901848,0.1560429975442536,0.1189595879733802,-0.0378211255556775,0.0225606045147221,-0.0151105318953649,0.0805406665527064,0.0035677640534685,-0.0892974790273999,0.021949878040689,-0.0165059881328187,0.0432139815831957,0.1872449352038194,0.037750727045736,0.0263543279750697,0.0535457224956354,-0.0186340411922711,-0.0420433299296668,0.0204799232402856,0.0444606708384409,0.0574211906682839,0.112017254189574,0.0668018026343755,0.1281181498791134,0.2433172223180582,0.1820123714958614,0.1851920442182835,0.0080413428411676,0.0002723928576404,0.0429872589131066,-0.0390019238102796,0.1101771165034464,-0.0202637874349879,0.0597788559305636,0.0721592037688529,0.0449989247887714,-0.0223439027356173,-0.0204390003907156,-0.0672353999928664,-0.0293800948413072,-0.0207371547177519,0.0121909161985067,-0.0124763073022872,0.0948527340710458,0.1101890196313903,-0.013098387434932,0.2185240297649567,0.2773126058727579,0.2612291420433539,-0.0447084848126487,-0.123272160532952,0.0105058047250352,0.0605004335283307,0.1155467663423579,0.122545381975742,0.0727765584180895,-0.0659752371821763,-0.0441805218108606,-0.0536427476010109,-0.0361924226879462,0.0505591969840286,0.0134140856731381,-0.1444010265872923,0.0203680130448389,0.0448921731590288,0.0215766912836281,0.1058561490239902,0.2195728692120055,-0.0294805301778059,0.2614995562738819,target,1536,15,85.52690478268084,0.0998777809644793,0.1242858981779969,0.0061686190299268,1.927181702093916,2.398146078977538,0.1190259696087079,1.927181702093916,1457,0.4190508204386769,7,0.1793562089242464,0.075566998093179,-0.1442770158761692,0.0,-1.1093524397832262,-0.6903016193445494,1.0880522297606277,0.0809717771612576,77.16653017125492,73.73037606170084,85.52690478268084,1.576704398669707,0.0437000485510454,-0.0019790447430534,0.0202741368819437,0.0653508830604401,0.8138310823972451,0.0069670352935202,0.0,-0.0615033523532709,2022-10-03,49.0,13,0.0368875585337233,0.0602410661917098,False,False,False,0.25,2.0,0.1666666666666666,-0.0018381336810466,-0.1999219445761876
MRK,Falling Wedge,bullish,1,0.6750025901881185,8,124,1820,1821,2023-12-11,2023,5,95.3464277710137,95.64570406772717,106.12679141907606,90.15218800756163,1.2486685955532473,-0.003129009291432,True,0.0222801085411386,-0.0042641367957403,0.0188656962384059,0.0560895549514184,0.0360311399573025,0.0065246332261845,0.0091654572763055,0.015463911882952,0.023414231561752,-0.0247361978400852,0.0191200835813019,0.0485894172281995,-0.0105087671979994,-0.0049518616415233,-0.0151804445889114,0.0178662629193602,0.0161574301676377,-0.0375534190545162,0.0743213827521305,-0.0005460416891516,-0.0048468232146697,-0.0526408239630699,0.0127478674134874,0.0376086845302563,0.0030603700440117,0.0462380531125827,-0.0292577126718166,0.0272973022373705,-0.0608351177944452,0.0131547729367325,0.0369145884945492,-0.0043846728333024,-0.0291821275186109,-0.0353994286800217,0.0104688782469712,0.0067431763865315,0.0535334432371188,0.0296696468875479,-0.0071172715305805,0.0281126663977628,-0.0120887876943392,0.0309658196265942,-0.0455069885074957,0.033884729183307,-0.0338296649203454,0.0346396193004508,0.1458714884964733,0.1093439524346586,0.0383671322790031,0.0003604507461769,0.1387156722838138,0.0114027334025761,0.0166834960633452,-0.0336729476602047,-0.0013754896701492,-0.0006479407345905,0.0355242384771699,-0.0071317139506524,0.0663839404048263,0.0207776586723473,-0.0291448024437688,0.0143083347840127,-0.0355907990291938,-0.0332741698234798,0.0359003398533899,0.0307675112676393,0.0768914708070824,0.0329475208453022,0.126961856667741,0.2205855436347241,0.1367295511219108,-0.0389592211896117,0.0527600779718935,0.1145878227963441,-0.0457779534194531,-0.033496042439693,-0.1351378646456467,0.0594532559054168,-0.0936707554254413,0.0207109549985042,-0.03165346812133,-0.068897727644223,0.1540611726760943,-0.0240828190747843,-0.0015438177449929,0.1109075823976832,0.0531018410316899,0.051575061060588,0.0656579829448975,0.0102961833002479,-0.1665084210590326,0.2179163514187666,0.1906035003434629,0.0776022478610496,-0.0318433596116866,-0.0202209448184789,0.0242413424022733,0.0135760082233691,0.1523220249069075,0.2593613858547374,0.0932665054280457,0.0088432093335961,0.0189993950875562,-0.0811337702611917,-0.0464287035465554,-0.0620233821550861,0.0293320060483006,0.0269573986347662,-0.1211748184888926,-0.0113241260732047,0.1489505679111273,-0.0179615753349499,0.0879285853713465,0.1114915928997681,0.1614455332528755,target,1835,15,106.12679141907606,0.1130652075812714,0.1173355923756987,0.0101455317183232,2.075445905272921,2.1538338800100942,0.1862332605410465,2.075445905272921,1691,0.4342067236781763,7,0.1210556738541444,0.0102751691949856,-0.1006182727963886,0.0,-1.0333189155689138,-0.5991121918907367,1.2473315091641626,0.1012132097588356,95.64570406772717,90.15218800756163,106.12679141907606,1.4803372183746402,-0.028372784371219,0.0129746359349414,0.015542240467853,-0.0371051911633686,0.4210538996213472,0.0106025675115888,1.0,0.0485236834496254,2023-12-11,50.0,8,0.020365550225432,0.0056851050848307,False,False,False,0.2857142857142857,1.0,0.1428571428571428,0.0080392862596265,0.0506832188570731
MRK,Falling Wedge,bullish,1,0.6556961206173229,13,131,2068,2069,2024-12-05,2024,0,97.0596540126666,95.47310112015327,129.72531302365172,85.6263095940788,0.8879145081203079,0.016617799923736,True,-0.0227776653525072,-0.0176577694018187,-0.0277305944844638,0.0125818766259937,-0.0297236294281549,0.1024876710506135,-0.0160409600123651,-0.028074280223495,0.0449552601887044,0.0202173425020093,-0.0038218971180703,0.0032744673422417,0.0650977943439872,0.0275627976063104,4.61988027833371e-08,-0.040151652616266,0.0035099609979569,0.0136871221653482,0.0409594032651419,-0.0547211786512974,-0.0193895288894515,0.004404922971009,-0.028731912544235,-0.0317861368925487,0.0033447485633997,-0.0133503017400924,-0.0482112480293381,-0.0181817817690614,0.024957469638646,-0.0103411188309652,-0.0019169188253462,0.1891028122442561,0.0739707874819179,0.0001634730515434,0.0334215532144086,-0.0752925492105653,-0.0131041913563625,-0.0473167073673254,0.0444026093105078,-0.0061957391634612,0.0320451667210799,0.023996221237454,0.0169560348394017,0.0045670534415294,0.0944186254349073,-0.0469906994087054,-0.0298404221179279,-0.0132524737719825,0.0248035616495625,0.0660448802797779,0.0129554123612518,0.0843462017310041,0.0147406184955245,0.0065972078950107,0.0371936364692788,0.0522461149423838,0.0003392859705388,0.0152034461252263,0.081135918383504,0.0644671289183829,0.0356175576051562,-0.0793462511380299,-0.0151105318953649,-0.0382644212965943,0.0142566985496908,0.0196312421507911,-0.1399366676210272,0.0401214679069221,-0.0446925474920774,-0.1276152424684777,-0.125661991659049,-0.0017975462993228,0.142648081173013,0.0865466564957664,-0.0210270072200013,0.0112614796145007,0.0099070295669423,-0.0093846692903619,0.1075794767104303,-0.0103962551383623,0.0636488462330107,-0.0217074552038742,0.0393827612260651,-0.0090868200356238,0.043610828224456,-0.0375089623015204,0.1005639013354997,0.1111467460056567,-0.037128266446626,-0.1077919250800627,-0.0389592211896117,-0.1486906263874764,-0.085489295286914,-0.0314882564829599,-0.1216972174138061,-0.0961263169838902,-0.1783038265698513,0.2870110730165596,-0.0447296936678455,-0.0878751482514902,0.0603508321783377,-0.0921952884574152,0.0837047476743815,-0.0559860431981974,0.0740579167934085,0.1112615890126049,0.057526965685867,-0.0103585455755612,0.105564957255265,0.0091889084443248,0.0168078091842571,0.0127375948137122,0.0660629546128426,-0.0492592768098185,-0.0928764948740983,stop,2107,39,85.6263095940788,-0.1177970860796155,0.0140913432768008,0.1503806154355648,-1.0,0.1196238697048664,1.2766072611840926,2.857051953921621,1937,0.3608840065488051,5,0.0205814736613185,0.2166491846971887,-0.0292108728710774,0.0084033613445378,-1.877978418242312,-1.517094411693504,1.495991350220182,0.1426211706331046,95.47310112015327,85.6263095940788,129.72531302365172,2.1325113374400564,-0.1254228876779193,-0.0110290644336507,0.0219838696767259,-0.1965490458858108,0.7885318479262524,0.0011837028161763,1.0,0.0264281478407251,2024-12-05,33.0,12,0.0161636582157167,-0.0062355943741121,False,False,False,0.3636363636363636,0.0,0.0,0.0559261357927124,1.0094328774471686
MCD,Falling Wedge,bullish,1,0.7181521014045171,5,76,1085,1086,2021-01-08,2021,0,188.19302468011165,186.3959936053094,207.254111518408,178.19473327864438,0.8539173876748054,0.0096409318679211,True,-0.0240829479597551,-0.0183927726105679,0.0110294942918993,-0.0142138004180619,0.0205380115937297,0.0104002174327915,-0.0268535537162205,8.525135442027931e-08,-0.0050135168834487,-0.0129365663947287,0.0303550706416904,-0.0195195587929791,0.0205722204514389,-0.0298459458020811,0.0205238516207761,0.0088236286137604,0.0132509952787374,0.0120526001919625,0.0076167680427015,-0.0258391964620917,-0.0044130185907358,0.0314285952327146,-0.0264807670389156,-0.0081361115712939,-0.0254443991321722,-0.0025253917320764,-0.1319898817443292,0.0299636096466502,0.0222930545014028,0.0360676309308325,0.0444231479701537,0.0290109847148565,-0.0282648359856481,-0.0915750347973368,0.0148077922967131,-0.0762979146030093,-0.0086987858795126,0.0271528674813783,-0.0559077390658884,0.0333302731305544,0.0040308986571091,0.0001172008955072,0.0133919537855546,-0.0258558689553819,0.0055631709436931,-8.796818085505739e-05,-0.0163186769772962,-0.0498237867617346,0.0896530818590961,0.0099970118670542,0.0304725615629124,0.0324026081798054,0.0920056116459717,0.0221532273418105,-0.0156187667573713,0.0305928487980491,-0.0848396834713325,0.0196159435916418,0.0473401014491334,-0.0088279678434746,0.0469134142166138,-0.1811520238355412,0.0312145873934195,-0.0296728415064555,0.0221523808177293,0.0562609394703779,-0.032331670153907,0.0176487141700902,-0.0261176809170774,-0.0244401887486934,-0.0491061926125898,-0.0116342767756376,0.0048315047338505,-0.032065169690165,0.0298017294048122,0.0395791693333258,0.0164723364941665,0.1004386365100384,0.0528387315386449,0.1038250967314138,-0.0003706827673813,0.0940680497245334,0.0390157416019074,0.0489635509742305,0.0956247845072306,0.0526014765180198,0.0424570708617193,-0.0460898159619631,0.1083717054223072,-0.0100206658535839,-0.0890889501001502,-0.0564211899090594,0.0881084164015812,0.0085221822678733,-0.0708151571598419,-0.1297984391084842,-0.030947609474889,0.0640458004613537,0.101588349495356,0.0125676839254125,-0.1453275516097709,0.0701849653307584,-0.0705703193800422,0.075993678891564,0.0988327270748292,0.0814032101050439,-0.0024774105235176,0.0437232709351156,0.0122520567230497,-0.0168205751794929,0.0948264420867686,0.0653827782384439,-0.1695217143743351,0.0697110587116869,0.0803967541431308,stop,1099,14,178.19473327864438,-0.0531278532690691,0.0047886875114302,0.0556975762831163,-1.0,0.090135159182467,1.0483686589223302,1.906434416934384,1009,0.4995235283817802,6,0.0244554822715359,0.1811606789263355,0.4589690667264539,0.0,-0.7708892544906443,-0.271365726108865,0.6067943416950087,0.1153751922441296,186.3959936053094,178.19473327864438,207.254111518408,2.9523297589640936,0.0804342500685122,0.013164079187256,0.0156310912778654,0.1814337981417018,0.9357326377311882,0.0043399902452541,1.0,0.0437105568376066,2021-01-08,9.0,6,0.3668566049427677,0.233510227433354,False,False,False,0.0,1.0,0.2,-0.0004818322624302,-0.0510643259557095
MCD,Falling Wedge,bullish,1,0.6689446514828729,5,54,1758,1759,2023-09-13,2023,1,263.54501860836154,260.1117389345372,285.38015871058496,254.95355163579163,0.5943418264679243,0.0131992492452963,True,-0.0216354287689096,-0.0018553330459599,0.0088649064336825,-0.0692622785941394,0.0230771308106101,-0.0043169450658372,-0.0001777339432665,0.0510552982890846,-0.0276100580017779,-0.0114546904712358,-0.0209370869163639,0.0126241614555104,0.033444500060898,0.003455458492426,-0.025232312984705,0.0201520654575042,0.0174275348623131,0.0028966884960288,0.0419108508204921,-0.0023874682145446,0.0106174776137566,6.347107044057942e-05,-0.0248459772524535,-0.0694946814064889,-0.0215797058616764,0.0137634076451576,-0.0479996674792371,0.0127980628018085,0.0344720116417716,0.0022536540702147,-0.040692472787277,0.0510250541858914,5.0325952025032095e-05,0.0091877162768585,0.0360160428165057,-0.0376235660223917,-0.0151010323285045,-0.0362455735160761,0.0180749272687501,0.0562357415888261,0.0188942777486962,0.004483959098841,-0.0014762466134942,0.0148218878313859,0.0144144410979831,-0.0748623289703757,-0.1143895448701604,-0.0894248239904321,0.0182635994459521,0.0085097504709159,-0.0916496673875736,0.0098800136630317,0.0269859826043361,-0.0540816100341812,0.0223097016101705,-0.0807158256326768,-0.0132288229874195,-0.1676734872815952,0.0063234725334826,0.0679486814674383,-0.0006078261202738,-0.0036739815115612,0.0505564348456568,0.0096773894054611,-0.0254423947689098,0.0858580897892222,0.0106649172235697,0.0712627599428006,-0.1119479037340527,-0.055906546734136,-0.0330199788033036,-0.0187878853514487,0.0922880598590232,-0.0259391366009484,0.0454545382959696,0.0892939487930155,0.0360350271987222,0.0208992641589813,0.0526546185283061,0.1018179878055975,0.0669870216528294,0.0006526024329425,0.0837867241112249,0.0504312066343091,0.0086975597932597,-0.0512754396513361,-0.1058990050618368,0.0146204141325743,0.0393123036143392,0.0329215126213204,0.0692710369403826,-0.0860676647294974,0.0182770607500064,-0.0057199137947017,-0.0377271493002436,0.0893321414298564,0.0561572901208731,0.0052689825305789,0.0467677491348659,0.0761649559663397,0.0975311042330535,-0.1062591809852827,0.0677298291810841,0.1048119144167594,0.0069764826482685,0.10503678416269,-0.0646666119152915,0.129834705265631,0.1935576494814916,-0.005045533511747,-0.0310702088693127,-0.0204657127529517,-0.128421026518068,0.0841457197925235,-0.0152059334755494,stop,1764,6,254.95355163579163,-0.0325996181522867,0.0080119282773872,0.0434477554223459,-1.0,0.2457675497903107,1.3327688446957555,2.5414914789216803,1703,0.6847096188566499,5,0.003628869002598,0.005377285225772,0.0072151643388733,0.0,-1.1816466814489273,-0.4969370625922754,0.3522899349246278,0.0740286929777012,260.1117389345372,254.95355163579163,285.38015871058496,2.897663099668248,0.0152888125568511,-0.0175365059763404,0.0110558177670805,0.0710366069807912,0.508766998607986,0.0034199167664217,1.0,0.0081736221858137,2023-09-13,10.0,3,0.0296394268902431,-0.0123324082314942,False,False,True,0.0,0.0,0.0,-0.0050876240741271,-0.2087004383615398
MCD,Falling Wedge,bullish,1,0.6147080571334675,3,31,2281,2282,2025-10-14,2025,1,296.0162694867911,288.4313183228146,314.82574904846683,282.980635954018,1.0566557268055867,0.0262972523513806,True,0.0126798600468314,0.0059764551114356,-0.0072054782278182,-0.0741643044209601,0.0113568928688692,-0.0661587971219072,0.0005542238083513,0.009892115371433,0.0770959598626996,-0.0064902510298889,-0.0008414479383566,0.021660033785442,0.009006218109635,0.000533527842631,0.0161580143868604,0.0034649279705416,-0.0045114671178784,0.0062354926496863,-0.0261571862043418,0.0014881542530338,-0.0318385411167746,0.0599010955827497,0.012680900881131,0.009122798808703,-0.0212301982327112,0.0045522226163965,0.0319822888624032,-0.0177560154613484,-0.0511667782435197,0.0282654768679273,0.0080096138154157,0.0411724714581192,0.0304303023857601,0.0320613435084322,-0.026327542495655,0.0058219002881578,-0.0026531414549504,-0.0103954725537485,0.0229515839309792,-0.0240296841290168,0.0068491431362398,-0.0060953459270162,-0.0185387219236943,0.0101328619223668,0.0186073331278717,0.004929106822147,0.0105390046524895,-0.0137253435145296,0.022614045870555,-0.0124625876481594,-0.0391099277898886,0.0080705309858262,-0.02511737758873,-0.0147753575222088,-0.0257208123024836,0.0708251384631124,0.0153223680563072,0.0364373533973392,-0.0194489378668804,-0.0708776990988535,0.0393453755185952,0.0136830089051152,0.0168906540561415,-0.0934247204247089,0.0865877994545356,0.0138695676822604,-0.0011396194085198,0.0429358922994855,0.0073137699005475,0.0288619474068176,-0.0022559492430875,0.0277973387074197,-0.0448118441144703,0.0548399144755473,0.0363135901276536,0.0494336807002797,0.1385223934019142,-0.0516699021444475,-0.0101537704830231,0.1245033595061801,-0.0251926856136112,0.1281422072078057,0.0290804766863728,-0.0617022896225263,0.0458370484391561,0.0419315241334583,-0.2409986398820198,0.0981827644295281,-0.0204669097638631,0.0548862034316048,0.1326979698770243,0.0035033259318185,0.0182265374005048,-0.0257146870729296,0.0925140788380192,-0.0462825787811475,0.00856112888637,0.0825561619516652,0.0373672805600124,-0.0624536784913928,0.1531016882747209,0.0797115919183872,0.1010218162865288,-0.0696989246565737,-0.0264231338529595,0.0417512978096341,0.08516068885228,0.0221998839378807,0.0412213599731119,0.0839150726469506,-0.0327117225359392,0.1150142255125943,0.0893190161511503,-0.0311566604615285,-0.0200078922404833,target,2327,46,314.82574904846683,0.0635420465040184,0.0661692685983131,0.0302672654264911,1.442927918645959,1.5025875033919678,0.6873162686409497,1.442927918645959,2249,0.610253973507652,5,0.0915876087841549,0.0509980270683092,-0.0123408294870536,0.0,-1.574896025415614,-0.9646420519079576,0.5329418759712509,0.0517992860344581,288.4313183228146,282.980635954018,314.82574904846683,4.229081816881741,0.0126915091301487,-0.0027620997483008,0.0142430280816678,-0.0254493147194292,0.8225525313778056,0.0001668218380685,1.0,0.0061606726772371,2025-10-14,49.0,8,0.0613481358869438,0.0615121645697374,False,False,False,0.0,0.0,0.0,0.0049790390215859,0.3145166889570528
MCD,Falling Wedge,bullish,1,0.7683897315077175,8,108,2485,2486,2026-08-07,2026,2,272.2051960400188,271.4990333791984,334.2787197282546,257.5099287383143,1.0352269389232798,0.00260097670342,False,-0.0047786637199792,-0.0096195275404767,0.017675626650053,0.0186099826092449,-0.0094531303007867,0.0050314902442345,0.0167055396915905,-0.0068339805485665,0.0138409014979921,0.0323487321044033,0.0080698781724308,-0.01201944055223,-0.0137752538412649,0.006445875383146,-0.0039300850781276,0.008246832430125,-0.0054281907915617,-0.0171590657917592,-0.0093768185921038,-0.0162186360199476,0.0196859745612403,0.0017227568429021,-0.0074881131535299,-0.0116363550716005,-0.0027313523532213,0.0233940756600143,0.014019060789616,0.0248677295032764,0.0071307293124569,-0.0292948147116552,0.0377895090112911,-0.0087202160397803,0.0167450013355938,0.0006795826259244,0.0234151840602101,-0.0026531414549504,-0.0072449941022182,0.0735817290037297,-0.0144514283314676,0.0121071755934114,-0.0044868775800416,0.0657417146232457,-0.0396806465545317,0.0155412875796427,0.0179572358340376,-0.0229582498794908,-0.0606718528480423,-0.0575525502067193,0.0032349692653792,0.0590413350958969,0.0571746205517549,-0.0589943485168703,-0.0136207070169279,0.0608812632784874,0.0347691177205495,0.0400902989670475,0.0120713476995788,-0.047483122601634,0.0601316606639008,0.0532593919120449,0.031660054772588,-0.0576850943646131,-0.0227286010976927,0.0350276903255419,0.0484697009575216,0.0060382120983528,-0.0124705262033395,0.0755607310011006,-0.0788932525734757,,,,,,,,,,,,,,,,,,,,,,,,,,,,,,,,,,,,,,,,,,,,,,,stop,2504,19,257.5099287383143,-0.0539859911400958,0.0154300040561478,0.0590921891162815,-1.0,0.2858149629244803,1.0945837590150913,4.22404862829789,2375,0.7130198048591431,7,0.0703234254259717,0.1232133073056633,0.3094752698366025,0.0,-1.0385772827910238,-0.3255574779318846,0.3245697216377047,0.1738505862111914,271.4990333791984,257.5099287383143,334.2787197282546,5.462598470501795,-0.0759073270542841,0.0024853404073885,0.0200430836791993,-0.1409506553814363,0.3324041633634259,-0.0063345738355695,1.0,0.0242532581793939,2026-08-07,8.0,14,0.0018255074412354,0.0419092463024428,False,False,False,0.3846153846153846,0.0,0.0,-0.0255287339641681,-0.5161525348947601
MCK,Falling Wedge,bullish,1,0.602720651208589,3,29,833,834,2020-01-09,2020,2,138.40562987289033,129.93080662978832,147.4898236312788,128.25172684522846,0.6502892932841948,0.0652256648205786,True,0.081234492971669,0.0701435426017635,0.1067574079690869,-0.0129331798248172,0.1425449926861213,0.0090170182260436,0.0312662867299406,-0.0436909500023127,0.0674900371746127,0.0241890262127701,-0.0366809882785084,0.0249875261212477,-0.0981513877619131,-0.0745021074587022,0.0612858945118959,0.0348527533946307,-0.0004509550516142,0.034150042960459,-0.028071312201936,0.0133684080123124,0.0954666824988337,0.0174114790690138,0.0628191592223108,0.0560478211863302,0.0515261076251953,-0.0309320718539773,0.0168247979305686,0.0779339315360738,0.0162033744532419,-0.0950849624812173,0.0895395253866591,0.0110689998841708,0.010295899059286,0.0159436269868202,-0.0125578396002914,-0.0440772801273752,0.0165461382033389,-0.0348903366187641,-0.1464591059654489,-0.0145626828719085,0.0885314323153869,0.0978395912060734,-0.0001028057562251,-0.0742086707295177,0.0140958767968704,0.055950449298642,0.0816502339614504,0.0666483684157728,-0.0457078241791706,0.049996566509004,0.0453846420665489,0.0414823250656919,-0.059193303922666,0.0264114333061422,-0.0268749966639587,0.015098444292416,0.0095178744176778,-0.0053398033608776,0.1366631604903438,0.0530720149231547,0.0800294168167472,0.0583521220691714,0.1371758499794766,-0.0159718643086916,0.0940794714158912,-0.0299726086156824,-0.0787998962770657,-0.1106071892753732,0.0629104422240114,-0.0842973408183817,0.0778221749742202,0.1023165873399747,0.0901062557599063,0.0272773300464468,-0.0714913426350986,-0.0310710818575916,0.1123079373565509,0.1846505495917447,-0.0468362345585797,-0.0121405735174161,0.1230967907252673,0.0974638593644718,0.0885784092134382,0.069697920468065,0.0033603588160804,0.1593046478867281,-0.0174893565072343,0.1301780475456886,0.0087758259426464,0.0098202233057453,0.1465294317981285,-0.1430191201226298,-0.0618850318036214,0.1241044466539141,0.1166012133764016,-0.110630260000675,0.1439079652425505,0.0181171399664328,0.1819599882821954,-0.0127390694042442,-0.0258851495103431,0.0999679880872965,0.0445429435084323,0.1263958862563023,-0.0225548136290886,-0.0130434643926334,-0.0224507236776144,0.0717022746742308,0.0525567255504231,-0.0401252200564011,0.0687332916893941,0.1658218486008615,0.2704423145855992,0.0030272917225726,-0.1177024403472061,target,837,4,147.4898236312788,0.0656345682378041,0.0789513818875896,0.0148073768969768,0.8946504347777168,1.0761690071018106,0.2018361137198382,0.8946504347777168,802,0.831386150830712,6,0.1656046827359396,0.1045084578538899,-0.1602540690750298,0.0344827586206896,-1.4026790870980543,-0.5712929362673399,0.1613342854154741,0.0829300791933287,129.93080662978832,128.25172684522846,147.4898236312788,2.30871962576921,0.0452705621483366,-0.0026996867967383,0.0170609422060081,-0.0118237406556814,0.6403959770892492,0.0004983770410198,1.0,0.0469681640810275,2020-01-09,53.0,5,0.0559268303099445,0.0839031921981408,False,False,False,0.0,0.0,0.0,0.0106488533208631,0.0983077715756133
MCK,Falling Wedge,bullish,1,0.6983054205417677,3,24,1522,1523,2022-10-04,2022,1,346.48736973393204,337.86704057978886,374.3463913905962,328.5359343982144,0.7520729521596123,0.025513968865831,True,-0.0045589666769583,0.0373541590348891,0.1279830444453356,-0.1041866025234764,0.0293464128286597,-0.0489955762447392,0.0242486639467889,-0.0012659076496993,-0.0056338413202816,-0.0345089412284957,-0.0167142316720334,0.0048972752436327,0.0183252277999592,0.0266026975820519,0.0101931570542053,-0.051128261049723,0.0391868919608886,-0.0255268893908723,0.0483869676924679,0.022115688385585,-0.013173723340059,0.0075255614864375,-0.0074428473772899,0.0218595620286237,0.0279121343308752,0.0504156755426474,-0.0380957260454631,0.0462718727336024,-0.0020536543794935,0.0186628041272709,0.045811257912963,-0.0132041734275681,0.0396739144733198,-0.0919619108406767,0.02178695891435,0.0201995134431645,0.0145626071010731,0.0063835051763572,-0.0607348027711805,-0.0243856426987668,0.080370269286639,0.0020102260081316,0.10859440016067,0.034482784234441,0.0278567245803902,0.0075272318520301,0.0817758106486346,0.0519679154101504,0.0922927019066599,0.023529289469101,0.0071714315055873,-0.075814420849684,0.07369609376655,-0.0350843828706068,0.1087896643481036,-0.0437289780930172,-0.0018764475815369,0.007767516011105,-0.0029358885378922,0.0046774580537833,0.0950118463687157,0.041020899885561,0.0434487812733894,-0.1475660679106706,-0.0145113504386794,0.0252207942786888,0.0396840788286476,-0.0053398033608776,0.0700031498459882,0.0822873620332813,-0.0095470457043349,0.0426075700575543,0.0684743499025624,0.113618323407683,-9.296444036377416e-05,-0.162157859561681,-0.0218419314599026,0.1789639729291734,-0.0789751967087434,0.1670838098334373,-0.2142412773940326,0.037073089652778,-0.048733912830294,0.0030686107637283,0.0438203908870502,-0.0131760399373667,0.0117415230616808,-0.2345199010658168,0.1303001849263356,0.0460241138649208,-0.0463993769235873,0.0811554880850255,0.0636856696547305,0.0320545209069653,0.1014992820401177,0.0776654064427682,0.0332045703052621,0.1663507335668703,-0.152277632380733,0.2031104640319303,-0.1051748712850174,0.0236299252785219,-0.0851768634334275,0.0825349172095823,-0.061335525101684,0.1663507335668703,-0.1444357011285079,-0.0963883647262109,0.0704823394676972,0.1495560017037398,-0.0158559490279399,0.0104488229624419,-0.1562528976098506,0.01178389082315,0.0496997055194515,target,1537,15,374.3463913905962,0.0804041477126773,0.0867310222332628,0.0396422637933206,1.5519105372723911,1.6740279095201995,0.7651501651635071,1.5519105372723911,1497,0.6526782968796481,7,0.1367686405100286,0.0673290010159135,-0.0418303324465496,0.0,-1.032045307816722,-0.3793670109370676,0.4044693550392253,0.091108372228989,337.86704057978886,328.5359343982144,374.3463913905962,8.045768696726656,0.1483639113274568,0.0058328918010941,0.0230772007041351,0.1655809129350387,0.929928639507321,0.0057105269258999,0.0,-0.0287574273577226,2022-10-04,51.0,4,0.087330098158411,0.0938311903530584,False,True,True,0.0,1.0,0.3333333333333333,-0.0170469943959002,-1.658485596430282
MCK,Falling Wedge,bullish,1,0.6112896541556523,3,37,1636,1637,2023-03-20,2023,1,341.8383400112046,332.5158281673803,385.04488087189975,323.86028413331155,2.492324997033192,0.0280362949794124,True,0.0057571832215419,0.0076450657253636,0.0029748324654912,-0.0002701638804205,0.0217712463480004,0.0320273283652088,0.0284343511431857,-0.0236222231538285,0.0157110189000602,-0.014314780008887,0.0116606516729207,-0.0108267588243067,0.0082209153268242,-0.0035540493758334,-0.0176131463774776,0.0005688687705867,0.0228779003323147,-0.0033898198007208,-0.0987589433869922,0.0032113409348246,-0.0408148943800971,-0.0019755764077271,0.0091412782883856,0.0471214508389823,0.0126082621811547,0.0878475584843869,-0.0380618439448254,0.0496509658868531,0.0407321048419035,-0.030317911468122,-0.0737011220751122,-0.0140855352821419,0.0452573491287997,-0.0296063863599311,-0.0904659549724654,0.036977639743231,0.0228769819010978,0.0679427563514478,0.0274288493780567,-0.0041772360921121,0.068388162211306,0.001800683812388,0.0526807509758888,-0.0172078856928553,0.0386174617873402,0.0349925814082256,0.0370179444007419,-0.005701877244072,0.093943489287263,-0.040869505600989,-0.0749452937973932,0.0248266312956222,0.0145156422828645,-0.0542744504567342,0.0598231778254123,-0.0442798349004321,0.1196140576368529,0.0185926808766698,-0.0638920321947811,0.0733434912126165,0.0242542247372778,-0.0014749679935683,0.0308909812498261,-0.0241891949257864,-0.096358888915506,0.0296714419115244,-0.0403878355089664,-0.2777195959737508,0.0484637334983408,0.1400116104615372,0.1072605591823241,-0.0442044373123116,0.0117590433001111,0.0712524462156249,0.0115663154079808,0.0716112131401649,0.1500589781348813,-0.0794459747807481,0.1392540296336752,0.148064391243174,0.0511315567405517,0.0817550547033303,0.0907554339606258,-0.0059239606370457,0.082490046487698,0.0936658387131375,-0.1417588035360426,0.245701477591046,-0.0073048022474876,0.0773319472175804,0.0296797518098197,0.0861396331722488,0.1278083587534233,0.0272645625035345,-0.0383943746579524,0.1444449010423585,-0.0182375036909864,0.0090986125306835,0.0120444724802795,-0.0212960605820362,0.0400204795636645,0.2372950643648583,0.101784417680147,-0.152277632380733,-0.0022709829897447,-0.1171134604875737,0.2312368055140445,0.1669002639571619,0.1177503639165344,-0.0224424526422666,0.2232110113979488,-0.0091691192840144,0.0097651754471548,-0.0932546141191431,0.086853590400404,target,1671,35,385.04488087189975,0.1263946602925785,0.1511515827537346,0.0362980343571012,2.403293278992678,2.8740263401972657,0.6901780645569632,2.403293278992678,1598,0.6276139544151449,5,0.1286249252100449,-0.0084800950325578,-0.055776871574473,0.0,-1.9319037480299548,-1.304289793614802,0.5072098688873838,0.0695320287555254,332.5158281673803,323.86028413331155,385.04488087189975,6.6454561320339645,-0.0284092691661035,-0.0466003384992623,0.0195614070034521,4.392920014351098e-05,0.7467047353511501,0.0053339103343474,1.0,-0.029507695939129,2023-03-20,59.0,4,-0.0262051208508634,-0.044372235234802,False,False,False,0.3333333333333333,0.0,0.0,0.0326378651120262,0.4681666896699031
MCK,Falling Wedge,bullish,1,0.7400586689832639,3,29,2405,2406,2026-04-14,2026,0,859.9740628420124,857.9237011556852,995.934514510418,822.2000107964668,0.7729663085323202,0.0023899114613166,True,-0.0227303938743655,-0.0354163321118291,-0.0160526500117476,-0.0022129984746502,0.0571153176097931,0.0200066641964462,0.0547790276611352,-0.0417797212203673,0.0540779706773624,0.0207793011839829,5.3109008032459215e-05,-0.0543368861540001,0.0289136211542657,0.0037473089064326,-0.0039716850935338,-0.0071970965096201,0.0122385411630847,0.0252111036455164,0.0533296048776645,-0.0070964672055925,0.0222296138815689,0.0302002006331392,-0.0352320878708112,-0.0311426405657786,-0.054774049100287,-0.0858007830992607,0.0337641168509463,0.0476025231743653,0.011613348232504,0.0233139104474073,-0.0059713850103096,0.0370910120509369,0.0891180949670895,0.0166320333825715,-0.1100781054430881,-0.0330549320179657,-0.0313417455619938,0.0574362306202469,0.0930064961926595,-0.0592033342763893,0.0202135766496798,-0.0079426786197439,-0.0268279988814839,0.0430567545374456,-0.0455633170182269,-0.0344958314246481,-0.1475331676729252,-0.2092654378536074,0.0162290692000031,0.0883982414187285,0.045725959776373,0.0286731460116325,0.0199731288588231,-0.0156888060847072,0.0153511714384417,0.0635708697606702,-0.0994541932831195,0.2054403933082138,0.0048694116889471,0.0779202021146299,-0.0923468622994528,0.0337933419657039,0.081044027629471,-0.0245820829658225,-0.0188484118203472,-0.0188794576314639,-0.0260460183410768,-0.0542759389877191,-0.1640765272608217,-0.0818318794016605,-0.1252257054911729,0.143430279083798,-0.017512900234853,0.0313702041629571,0.0877169598445042,-0.1229186594773673,-0.2062689973694487,0.2164845911355502,0.1702584946805212,-0.0806292867759559,0.1019536502906324,-0.1118118470214165,0.0691183279499862,-0.0497675703466866,0.0094879761863277,0.0661279583260969,0.0722753918873702,0.045444162849827,0.0491019927333955,-0.0227929662822982,-0.0355448642272742,-0.1026080242714439,-0.0638039635505395,-0.1524541641491791,-0.1009049612111517,0.0412882652415689,-0.0176496167439252,-0.2076667604201811,0.2466398499172282,-0.0176656759543945,-0.0570569387590348,-0.0191008601805074,-0.0341880172658277,0.0492126989638086,0.0398614285944627,-0.1153716070893463,-0.0313842845060028,0.0923972982986547,0.14989194290945,-0.0023800515094356,0.130514137001918,0.0368546901265236,0.0396005174676394,0.1130396127761159,-0.0806005469334176,stop,2411,6,822.2000107964668,-0.0439246410766287,0.0129839684063105,0.0462383091419712,-1.0,0.2955964599382687,1.0526735793083937,3.5993081045282938,2376,0.4943866574541294,7,0.0816832724286338,0.2149244944384101,0.1412399261816419,0.0,-1.5536784525277632,-1.0592917950736374,0.81346262205937,0.0801575590641177,857.9237011556852,822.2000107964668,995.934514510418,18.90469345483541,0.0732154900820349,-0.0563332459659624,0.0219586600402445,0.1319644803796567,0.2790028531360333,-0.0019894749501921,1.0,0.0408450761062284,2026-04-14,2.0,3,0.1685617831994896,0.0718151088303764,False,False,False,0.0,0.0,0.0,-0.0481179671008347,-1.0838785970440092
META,Falling Wedge,bullish,1,0.6762413312013353,3,26,1749,1750,2023-08-30,2023,1,293.22505736284154,292.6678161970872,328.94083482056294,270.5156962777178,1.130658002329716,0.0019040056163166,True,0.009702378454768,0.0247581504746465,-0.0422635774786706,-0.0949533261215229,-0.0003762496707478,-0.0089892568854123,-0.0103370044218426,0.0421881199400298,0.0033529189099821,-0.0189537553455971,-0.0082015025226218,0.0034244888473475,-0.0527646246435385,0.2155591119223563,0.0417752820029497,0.0462182820986787,-0.0217373412005034,0.042639360528226,0.0442090804187298,0.0028581516436567,0.0368057413507556,-7.697771092096684e-05,-0.0013164676282986,0.0538200315760009,0.0566761765489748,0.0558376817155947,-0.0401435401136293,0.0545973668594463,-0.0004253553300046,0.1016168667974941,-0.0453809566609394,-0.0164239868609653,-0.1023510351897908,-0.0165003178238162,0.0071494898092765,0.1661914680080336,-0.0117123093608648,-0.131138348799315,0.054412570746875,-0.0382759633728964,-0.0932156191370191,-0.0313174027526167,-0.0169562507750591,-0.0106624744423466,0.0857440729432934,0.0552677337629634,0.027585899500127,0.0754513053802283,-0.0517561248518838,-0.1746605913825341,0.0436281190047402,-0.1400584190479357,0.0129657542692203,-0.0087023557706821,0.074244331384238,-0.0520915144851341,0.0461145779642355,-0.1094653436885431,-0.0129715785114691,0.0241200014181319,0.0481860554091782,-0.0396469808508908,0.1348172696773588,0.0323912016708758,-0.0389686632528236,-0.0224731398480255,-0.0427922339077206,-0.0662541952380707,0.0447545910020137,-0.0251861613712738,0.0581633111026773,0.0009569991751632,-0.0561727089155426,0.2782147698019817,-0.0085501763975347,0.1075575840101936,-0.0594051613654988,0.004347047482361,-0.183224203580728,0.1489473844356739,-0.1022564074823999,0.351548723866026,0.1140695197903087,-0.027000275881874,-0.0366220907734905,0.1331815533199645,0.0498749236953479,0.0881664484060418,-0.2283357102805231,-0.1692849991130793,-0.0229080447315102,-0.0443414201443178,0.1434413127809946,0.13180395687443,-0.0207731701623627,-0.0726804238653371,-0.0550094723500039,-0.1880707560762937,0.1024418182873807,0.1202865490411737,0.0361983950756419,0.0002724859097367,0.1930770303814881,-0.0427397485785656,-0.0301585134729962,-0.1102965638839394,0.0717315252850689,0.2159869150055682,0.2117425143934634,0.0735080827809699,0.1101458758901354,0.225224815585745,-0.0143268525135504,0.2772387319207665,0.0882513508482901,target,1801,52,328.94083482056294,0.1218032925935319,0.1234955681206208,0.055443125375561,1.572733698840949,1.5945844936142732,0.7158859977471488,1.572733698840949,1722,0.4548430513802852,5,0.05716756799378,0.0377577935705699,-0.305981801764289,0.0,-0.7667101843983631,-0.3118671330180799,1.0294405295974491,0.1510724310665913,292.6678161970872,270.5156962777178,328.94083482056294,8.6511743131102,0.3899754051843325,-0.0122659072707266,0.0295735201817626,0.7016490837245215,0.3436230400683198,-0.0027518341183333,1.0,0.0019549619827452,2023-08-30,25.0,15,0.3704041807368377,0.2089940561097396,False,False,False,0.0,2.0,0.1428571428571428,-0.0955546735604753,-1.219317102281751
META,Falling Wedge,bullish,1,0.7124528951615479,3,21,1979,1980,2024-07-31,2024,0,517.5259306837595,466.132674759865,556.3805819510471,427.26329330725457,1.6784050942771624,0.1102545663643306,True,-0.0615738801096188,-0.0002059022489544,0.0086881715857678,0.0027625011057887,-0.0082015025226218,-0.0308723145607751,-0.054636924530463,0.0306153974007934,0.0719463893345424,0.0328943203335947,-0.0626382129520135,-0.0220122825562474,0.2381847339833693,0.0077960505501961,-0.0103370044218426,0.02973016458373,-0.0503299950667273,0.0253391281955428,0.0266779627454023,-0.0617138939325969,-0.0287267553986173,0.0116321522686828,-0.0694137844168941,0.0110557318402018,0.0270175937101931,0.0561696602341981,0.0151221997944046,-0.0132285813143282,0.073111178822538,0.0412809265385269,0.017994329362247,-0.0649763301011056,-0.0466679606484379,0.0145974579113248,0.103696408540971,0.011718899482813,0.0088708661682341,0.0558506103045008,-0.0542214122228862,-0.0191572529742838,-0.0337964719771776,-0.0962373346802455,-0.1792607633759254,0.0311549504520824,0.0016806293715021,0.0148706313557541,-0.0080996196610912,-0.0184693452924459,0.0839327788579211,-0.054584081043581,0.0130914549865173,0.152570985924497,0.0403822645883056,-0.0361613905443078,0.1159858442514885,-0.0632725032774904,-0.0333675808148838,0.0172537502987435,0.1784376601031885,0.1824262912230387,-0.114287224262813,-0.007547972049256,0.0050375727267344,0.0682812835219748,0.0169731016349037,0.0248203132557935,-0.0362969588984738,0.1020762509775958,-0.0408872117340861,0.0909438587819175,0.0520611651400342,0.0946217198450851,0.0265369447146914,0.0716343532593217,-0.2524030400860338,-0.0241607334207993,0.4533664817383389,-0.1876737525162087,0.0177830369286091,-0.3140545042722164,0.0160789242746131,-0.0730539948211397,0.0552277903078881,-0.0805890655709387,0.0234449509723608,-0.1431099678244136,0.0886875205408816,-0.1240261929230819,-0.065044957873031,0.0449053457479902,0.1841753933039978,0.1003265461656218,0.0908285169617817,0.0393478194420671,0.1226611729637197,0.1175654659717917,-0.1048005358385598,-0.3180824831243596,-0.2139190778956691,0.0976421854119842,-0.0580816724028109,-0.0402047677907586,0.0095076981232091,0.1247962674701179,-0.2366900575245308,0.2760885435874034,-0.0144746598165297,-0.0167973354900334,-0.0649882628034681,0.1302563284264859,0.0504320957900548,-0.040884511934923,0.1013053988169143,0.0187339056772861,0.0938252320809155,target,2014,35,556.3805819510471,0.0750776897612697,0.079858382064794,0.1347409159673393,0.4304621756753739,0.4578725450774334,0.7725446537343312,0.4304621756753739,1958,0.3385381998975857,5,0.0131086269386951,0.0821520430945641,0.2595816328461038,0.0,-1.0935462309261246,-0.7550080310285542,1.391233278161053,0.1332659361867877,466.132674759865,427.26329330725457,556.3805819510471,16.716359055227837,0.1010290352593634,-0.0336271002144707,0.0354412602496309,0.1893360455459649,0.828716571514427,0.0169044356170398,1.0,0.003278607555148,2024-07-31,3.0,6,0.1176332119420604,0.1047628661414143,False,False,False,0.2,1.0,0.2,-0.0073049993396565,-0.282137962333951
META,Falling Wedge,bullish,1,0.7592681442536716,5,34,2460,2461,2026-07-02,2026,1,594.8400268554688,577.6603003368391,673.3692708908038,533.6227760666261,2.4743087578574787,0.0297401890152604,False,0.1250252030118637,0.1167312397487123,-0.0142048649831055,-0.0091689531972958,-0.0045600098431828,-0.0013882436518422,-0.0219981332455035,0.0498923272229783,0.0109039364412077,0.0258110177889483,-0.0302495656373619,0.0415921647873054,0.0208480374973327,-0.008343042360417,0.0645516991313408,0.0061582418176004,0.0159177675312742,0.0275749437726908,-0.0124684903513284,0.0140000779881928,0.0364706512273751,-0.0485451994931019,0.1168854848897083,0.0860230996569928,0.0933020112659818,-0.0232230550651982,0.0648065136528406,-0.0392031802615848,0.0166337483017215,0.0246998377913425,-0.1326884105058595,0.1050750791554071,-0.2386799238072315,0.0544090290811112,-0.0079382886687831,0.0117508565107697,-0.0905505900052998,0.0447559904456122,-0.0227906401504259,0.2127744722314866,0.0076966139949883,0.0230474690041317,0.096555694912352,0.007781519400198,0.0234201501519895,0.0791064553485144,-0.064101276244608,-0.0618174915399006,0.0387144870774516,0.0797720964989825,0.2866748025436472,0.1106582353094154,-0.0983514341830524,0.0060575645169538,0.1059005770343874,0.0864917848322373,0.2015221055412273,-0.0045360372606726,0.0176991882661707,0.2303724138695353,-0.0356451436650663,0.0439548193643908,0.0440062232096045,0.0811341383257464,0.1358910118760654,0.001254996806421,0.2200539024045229,0.2015221055412273,-0.1517586681400678,-0.0282765223670894,-0.0558027472520604,-0.0801161880027488,-0.0279409327513622,-0.1555006014161052,-0.321875068278272,-0.037567956138737,-0.0115055136200917,0.0141498837605438,-0.1520000468955097,0.1112252281866088,0.1205566659349772,0.0574252644971844,-0.1218622874669541,0.044157860543484,0.0335846957039698,-0.0638648580205855,-0.2625692659364007,0.0593256206976993,-0.3878218812376199,0.0859818336095501,0.1149383653598143,0.0207874367064383,,,,,,,,,,,,,,,,,,,,,,,,target,2465,5,673.3692708908038,0.1320174172717796,0.1395668662967523,0.0298736109356804,1.2827959933419235,1.3561530030555509,0.2902779739741062,1.2827959933419235,2425,0.403675937633819,5,0.0058698406053395,0.1242029391407408,0.2072964589620969,0.0,-1.040332852405869,-0.6366569147720509,1.1857952355259491,0.1347434552587947,577.6603003368391,533.6227760666261,673.3692708908038,23.08435427818347,-0.0968482057032129,-0.0362203282140581,0.0396025961765709,-0.1231477178940598,0.0838417873922651,-0.0081740368895699,1.0,-0.0099984471487818,2026-07-02,21.0,7,0.008445964789447,0.0372661773313878,False,False,False,0.3333333333333333,2.0,0.3333333333333333,-0.0354441991245764,0.0290431240090368
MCHP,Falling Wedge,bullish,1,0.6895904457470644,3,39,1522,1523,2022-10-04,2022,0,59.75673769993659,58.46070787544835,68.8418237086928,54.22021655448535,0.9763308490529312,0.0221692461755587,True,-0.0931931273311827,-0.0512800016193353,0.0067813155753739,0.0495957575037697,-0.0139303852147181,0.008889044763132,-0.0415168245211531,0.0016215304982105,0.0095697362718742,-0.0100205723503277,-0.0218315030720582,-0.038473082860394,-0.0462308353388482,-0.0355039256084318,-0.0312379740318712,-0.0243539089279026,0.0091510692116383,0.0259419684822916,-0.052969440017999,0.0216904991829842,-0.0288540509830442,-0.0063968926606674,-0.0822892036262757,-0.0974569353898662,-0.0914043630876146,-0.0303335751133154,0.0924322897222371,0.0196537353232253,-0.0131632123267835,-0.0289920282386964,-0.0227776702891182,-0.0214619074299543,-0.0782745412567045,0.105710819856442,0.2757027966021623,-0.0192556393341396,-0.0469880957090395,-0.0790596723621519,0.1039171824546896,0.0262963647137408,-0.0244374379387027,0.0346146853185458,0.0064533036405087,0.0172203447259362,0.0018672535637422,-0.1134131851859974,-0.0504036251262618,-0.0802115203647459,-0.027760302633044,-0.047490871823382,-0.0648883050599106,-0.0010970043450311,-0.0903727588569189,0.0757133730250207,0.1003599711921274,0.1734025140370618,0.0344370926248898,-0.0793311005463053,-0.115165465218342,0.018643128029419,-0.0644451298325405,0.076942106270768,-0.0307864275078616,-0.0642759932893034,0.0222765873145995,-0.2304876438017521,-0.0893813673462858,-0.0058331887648395,-0.0299265857996803,0.2112341628167786,0.1193997550791623,0.0788954029279467,0.1629685971196841,-0.0691324611976867,-0.1327830918270955,0.0925574516387466,0.3014656379160314,0.0337966409258925,0.0990478815574573,0.301358921332395,0.1810751527588767,-0.03516666741293,0.0625403146944998,0.1453806173544476,0.0317859998066261,-0.0783840288832354,0.2578567469484354,-0.0567569935209993,-0.2016080239612833,0.0438156724516929,-0.1503532783223766,0.1578161382014224,0.077553259821798,0.0459221110740328,0.158755329255904,0.1121780668686018,-0.1340272864957967,0.1891289714122812,0.1216655115994336,-0.0081284382852849,-0.297708742152555,-0.0053409457223827,0.0552883284485639,0.3647789621614545,-0.1105966335394454,0.1964491909931638,-0.0803145218584034,0.0693918699184401,-0.0979131251244568,0.1213076539899313,0.093803636405424,-0.1057192706072215,-0.1739888515605226,0.1358713079928168,0.0473092091368007,stop,1527,5,54.22021655448535,-0.0926509939892037,0.0414191582776328,0.1068979824166855,-1.0,0.4470449424693626,1.1537704865761296,1.6409376520164525,1483,0.3960440552476056,7,0.1127957808607577,0.1742358573193227,0.0049094639746396,0.0,-1.039138884220551,-0.6430948289729467,1.0717715861177135,0.1330314394477281,58.46070787544835,54.22021655448535,68.8418237086928,2.2098914595093784,-0.0387660150189496,-0.0056723672607541,0.036410393496598,-0.0956992152696517,0.9562501490117568,0.0348724930104944,0.0,-0.0287574273577226,2022-10-04,29.0,15,-0.1849075135113679,-0.1214672215618708,True,True,True,0.8571428571428571,7.0,0.5,0.0590627008788249,1.5804821096806834
MCHP,Falling Wedge,bullish,1,0.639794820813934,3,27,1749,1750,2023-08-30,2023,2,76.31603151659,73.11655166037417,91.83419869584418,70.33670248110889,0.771717200064547,0.043758626242077,True,-0.0389990985117431,-0.0239433264918645,-0.0149742039623548,0.0652321743315205,0.0951635052832031,-0.0721203049908087,0.0869216567624178,0.073649698882301,-0.0480187143391247,-0.0472592125103099,0.0157431260556137,-0.019686225918423,-0.0707070945786539,-0.1847162119206864,-0.0170517457868014,0.09545736860237,0.0101865658583266,0.0045508075661566,0.0169455115702241,-0.0107869756529225,0.0527769407337854,0.0001346693650838,-0.0405711652792889,-0.0277001694194528,-0.0248440244464789,0.0055857684102296,0.219775963960314,0.0287386279254928,0.1653866866329534,0.0069334572617756,0.0276118451748081,0.085159199543092,0.0151595476426305,0.0741045263064339,0.0598499328963495,-0.0411704893121792,-0.0209653377394188,0.0089649625287022,0.020537133384511,0.0562446857889298,0.0610426153673102,0.0801496969053159,0.0224846092037094,0.0249056789949999,-0.0263377076546587,-0.0714082395805179,-0.0449520751946774,0.0029133306854238,-0.0927265409940735,0.088304398768807,0.2644326876987661,-0.1092267165489642,0.1341170567186029,0.0421074527533495,-0.0566911674622109,-0.009989249058381,0.1492540502990205,0.1297617831048034,0.0435318713520362,0.1991866410051461,0.0306622718969187,0.0076075562696606,-0.0665496837220916,0.0461952308686273,-0.1339295698405135,-0.0875691110707358,0.1128162622760702,-0.0114245606350421,-0.0789456083786672,-0.1160249004437287,-0.0326754279697775,0.1810044871993141,-0.270331109228987,0.1074997406179483,-0.0540292374589217,0.0795748247289891,-0.0668318016059728,-0.0432978085705705,-0.0951886056354883,-0.0142451348620581,0.2005914443366039,0.1888358148518201,0.2895061441960385,-0.0729227364840124,0.1068002792296598,0.2433810643058767,-0.0628552111100946,-0.1724905775344376,-0.0831290018218404,-0.0474308389229527,-0.1482606588002383,-0.1293339543152624,0.0168110451049796,0.005173689198415,0.4492143046865049,0.5579189280712586,0.1851843321139503,0.4499856114807294,0.2185846049601645,0.3680474385457537,0.0068091227359452,0.2970621039122076,0.030884238037196,0.1243423982996219,-0.0380802850304949,0.0578627122385699,0.2931317357947929,0.1205130575805741,-0.029313969466188,0.0347828484079986,0.092427684461293,0.1044415331142782,0.0287383421445455,0.0872544341446206,-0.1551785137066864,stop,1764,15,70.33670248110889,-0.0783495802475171,0.0069250612549554,0.0806707501242988,-1.0,0.0883867052392397,1.029625811260875,2.5953024306188794,1720,0.7214557614054165,5,0.0976602624026585,0.0641583234388998,-0.2451438183378088,0.0,-1.626148133861327,-0.9046923724559036,0.3347498411920292,0.1361821419746752,73.11655166037417,70.33670248110889,91.83419869584418,1.9508506280779545,0.0359501117012872,-0.0432120900246696,0.0256625591678119,0.0252616118473414,0.8168307108918846,-0.004635815337425,1.0,0.0019549619827452,2023-08-30,29.0,17,0.2205319146903515,0.161942386062081,False,False,True,0.0,4.0,0.25,-0.068540945945081,-1.4123627835242398
MCHP,Falling Wedge,bullish,1,0.8417691132058628,3,38,2482,2483,2026-08-04,2026,0,79.62095825106356,76.20476011286291,109.70338369710498,71.45124288949478,1.5174348731436564,0.0448291961439297,False,0.0114856134039424,0.0183039135828509,-0.0156480575039474,0.0395060879175548,-0.0204736671576667,0.0136700948421994,0.0092348369903205,0.0438371306605749,-0.0023334054590676,0.2445156626161388,0.0124109403917929,0.0153001290449541,-0.0150943130725869,-0.0312057854147286,-0.0139303852147181,-0.0304119422054861,-0.0219364884765062,-0.0182990079460084,-0.0248681809969831,-0.0753541549824701,-0.0117660291231568,0.0010414286489599,0.006575868725984,-0.0238451872593647,-0.0130183990358265,-0.1616665189926459,-0.0827494491806939,-0.1392182197897328,-0.0131632123267835,-0.0076049200771928,0.043314896692683,0.012929629599033,-0.0523378251526323,-0.0241975152088766,0.1670606312112412,0.077972901351581,0.0654170469590793,0.0813082862902527,0.1690109015953784,-0.0015599409248678,-0.0241626310874373,-0.0199550691283078,-0.0529128734296976,0.0382100650214061,0.0480463220822262,-0.0300323125345654,-0.1031255434412521,-0.0849906633332304,0.037478857725153,-0.0265390024079854,0.0757133730250207,0.0509856991881243,-0.0211057383643731,-0.088471158276578,-0.0608174915956031,-0.0236693750181615,-0.0543397450379989,-0.0411283646818577,-0.061495449998667,0.0245299882875356,-0.0450658825130814,0.0529376968492869,0.0350336789119858,-0.0219574899347291,-0.0410802519234703,-0.1076520715342405,-0.1038216611900481,-0.121983010076321,-0.0760031735129516,,,,,,,,,,,,,,,,,,,,,,,,,,,,,,,,,,,,,,,,,,,,,,,stop,2502,20,71.45124288949478,-0.1026075990671671,0.0732834091559901,0.1151827546951039,-1.0,0.714210349157656,1.1225557925754135,3.6821877035707273,2444,0.7149438767862915,7,0.0918911193054971,0.1359086732573611,-0.2575552217575634,0.0285714285714285,-1.2670232556867276,-0.5520793789004468,0.2514784323031898,0.2601741467678172,76.20476011286291,71.45124288949478,109.70338369710498,4.055600534263696,0.0746273190584485,-0.086441040846802,0.0505764392088298,0.0444705382435697,0.9109181353602372,0.0303110887080628,1.0,0.0315897800257802,2026-08-04,25.0,5,0.1891787711640697,0.1214499907469088,False,True,True,0.0,2.0,0.5,0.0305016065090216,0.758851700659517
MET,Falling Wedge,bullish,1,0.679362482524822,3,21,958,959,2020-07-09,2020,1,29.064609974940726,29.861179042639577,34.90107384777855,27.995111255741847,0.9993316426027484,-0.0266757406518144,True,0.0916008690233398,0.0709844785609672,-0.0231284325338277,-0.0002565125542056,0.0786872439129757,0.0008332577111214,0.0284410128135805,0.0103131323725527,0.0420614546761364,-0.0189757294314306,0.009916726458913,-0.0070001495128938,-0.0025932939152728,-0.0264308636640734,0.0475821689849702,-0.0010662785544539,-0.0315163454347854,-0.0106810471389813,0.0017304223563079,0.0253721136453832,0.0097386659705795,0.0157525860060325,0.0841618624149084,0.086809300839735,0.0592889021122811,-0.0122541142500484,0.0205798459168036,0.0382451965617249,-0.0337546375600411,-0.0607836756627349,0.0613439784762146,0.0354086521847287,-0.0885872231223137,0.0023292616152745,-0.0076597507135075,-0.0372886656182461,-0.0218911080781717,0.0143999795675611,0.0602554790823119,0.0961165393846479,0.0029180394272643,-0.0477071091482484,0.0214249119798368,-0.0279162757459831,0.0210792182249488,0.0849963737136339,0.0551001640568258,-0.0085947160445301,-0.1340271616550223,-0.2235090457791215,-0.0555557553962133,-0.1149161934807486,-0.0697334442306146,0.0162855905630163,-0.0406437661805952,-0.2395186487549435,0.0005521146137448,0.148451480042318,-0.0277048579004927,-0.1406828478901465,0.0594511405107001,-0.0136847660707517,0.0801940382675558,-0.0424825265386845,0.1505582095018482,0.1038203017777232,0.0676474400505646,0.0317301227281725,0.0772885928479103,0.0899088085693773,-0.0089743413194904,0.0039786957951382,0.0221657207891647,0.08497451246559,0.0555039152319214,0.0572191650268605,0.0988163092991556,0.0746075134712682,0.0138305360740753,-0.03095308645974,-0.3031890956683547,0.0258791919377681,-0.0534224949941102,-0.1345806206875408,0.034677817428947,0.0110340182643093,-0.0082258859318844,-0.2424322902375703,-0.0449099946796648,-0.0013873077885927,0.0319745767350638,0.1051307487657871,0.0736457608769729,0.0072580402658903,0.0633714074997058,0.0176306222775197,-0.0111960861076739,0.027349215382217,-0.0268105539134269,-0.0531704111407543,-0.0309134783692132,0.0135909860589638,0.1223285105051608,0.0397153881782221,-0.0438901622524905,0.0328606888440885,0.1545342097211599,-0.0628956324657386,-0.3682697675014218,-0.0140324783799076,0.3810876978786601,0.1335830572357126,-0.066261637082489,0.0226771955585076,0.0570813222806328,time,1018,60,31.20509529113769,0.0736457608769729,0.1834931845434862,0.0016911323017236,2.0013911917541343,4.986595819218104,0.0459580735191894,5.457195757288699,936,0.5873716429271767,5,0.0934651215598805,0.2208973633725952,-0.3314104254433706,0.0,-0.8572108382417545,-0.2698391953145788,0.5403568007692889,0.1510145318437909,29.861179042639577,27.995111255741847,34.90107384777855,1.1287165751417303,-0.1510792415108763,-0.0147246804584911,0.0389334987073589,-0.3013455359827729,0.1499988079059674,-0.0008157465830406,1.0,-0.0101458337746009,2020-07-09,6.0,9,-0.2937231986042331,-0.1670036374953274,True,False,False,0.875,2.0,0.25,0.0218679943428911,0.5492263934500918
MET,Falling Wedge,bullish,1,0.6569165196772281,3,18,1076,1077,2020-12-24,2020,0,39.16096282794606,38.56159049287547,41.74987365201591,37.33695366994751,0.2724589915259496,0.0155432472418721,True,-0.0122185606376532,-0.0042827420539022,-0.0061182062242859,-0.0035706000860189,-0.0042661921914438,-0.0197353120850648,0.0044805433142489,0.0348303466149217,0.0131663626022724,0.0159035856009865,-0.0171024965088092,0.0185826473745047,0.0693548956826677,-0.0100126868955694,0.0355828656589447,-0.01692292063485,0.0248323980860918,-0.0211169971211213,0.0550577545740647,0.0161764064635636,0.0012807038124578,0.0355826939180761,-0.0235178502354351,0.0589497054366616,0.0402538257162972,0.0786829557083814,-0.0076597507135075,0.0450293266601637,0.0517587334406182,0.0029595666758253,-0.0922105501399667,0.0178063992241155,0.0574067934068767,0.0005307056235437,-0.0392205943417348,-0.0088001729477491,0.0166346353939161,-0.0001805417481219,0.0539676610252852,0.0097071357409697,0.0977321359399818,0.1539211843487837,-0.0934936636901373,0.0029976495543964,0.0187407470281522,0.040634187627172,0.0741693498768245,0.0417544640704701,0.0140133776073165,0.148451480042318,-0.023943057209667,-0.1105128656979067,-0.0223440812113402,0.0016683400607071,0.0319458123958682,-0.0280540079099899,-0.0390111416244612,-0.0050117819444448,0.0437023663864721,0.0622042877461255,0.0983204914685542,0.0619353204060002,-0.0245717848090115,-0.1404963609399064,0.0043114946973106,0.0606694732407722,0.0378096443215563,-0.1209986814715029,0.071664933599086,0.2887493675371204,0.2348678779962223,-0.0124940373251676,0.005957149983548,0.0723720546649642,0.005957149983548,0.0144822344511632,0.1225784888193146,0.1519152293280423,-0.030522219824698,-0.4833905640146736,0.1362679339420003,0.1678092419606398,0.0366062327564067,0.0520055832707593,-0.0588350377547074,0.0094934318119583,0.0476765799128371,0.0421314834172412,-0.0875746148621887,0.0341258257090562,0.0544468471589927,0.2746989178676686,0.2666789251435759,0.2208154843610776,0.1926105046896968,-0.0144992415152472,0.0307689243319564,-0.0113134311052311,0.1025568809629462,0.0683486634916976,0.0634389322505033,-0.0394379353296591,-0.0118738420478711,-0.0257724996280902,-0.0107182513052732,-0.0449017771253268,0.0242055513525316,0.0342922054023135,-0.0274147042073653,0.0605367212344014,0.0284588734133006,0.0481440495053053,-0.1865274315415483,-0.0182815294456551,0.2535478919744067,target,1083,7,41.74987365201591,0.0661094783456741,0.0743835820561483,0.0197212896066467,1.419351878096164,1.5969945540770196,0.4234105326820201,1.419351878096164,1058,0.4991514988652488,5,0.0476100297264977,0.234822288434735,0.2058396483481512,0.0,-0.870026358000439,-0.3708748591351909,0.6694998116359506,0.0787919163695243,38.56159049287547,37.33695366994751,41.74987365201591,0.9102185623742268,0.2423489307771489,0.0557144754757708,0.0234136514693593,0.3531937342473341,0.9807724755162628,-0.0015172392546028,1.0,0.0218191889018388,2020-12-24,6.0,9,0.3194542151400004,0.2186073113692501,False,False,False,0.0,2.0,0.25,0.0038163478322673,-0.0312846087096549
MET,Falling Wedge,bullish,1,0.6915788948702942,3,35,1219,1220,2021-07-22,2021,1,49.671273982233465,48.95273633114738,56.96006772622172,47.01064719135209,0.9714765740631346,0.0146781917608331,True,0.0005154396413227,-0.0066382925911638,0.0787977308850527,0.0133662817959505,0.0178368359497609,-0.0126502171859053,-0.1080187189595075,0.0138248814957366,-0.0186553522766486,-0.0822563936626055,0.0480865196692483,0.0265638311126976,-0.0517319166007874,0.030539793897063,0.0014494981297359,-0.0100167579482401,-0.0049496688204222,0.047687595266894,0.0229741003795203,0.0062336739314086,-0.0842910536525993,-0.0561151878613379,0.0065816658640719,0.0109964873957071,0.0013054924682833,-0.0150724206442491,-0.0026476597181379,-0.0317758125367172,0.030537312139151,-0.0303976766567246,0.066655138150969,0.0763770361790852,0.0613439784762146,-0.0165066574229634,-0.0137615568474005,0.0201003548734886,-0.018665011100815,-0.0417478876539836,-0.0283553094508202,0.0071765709852118,0.0280707137694855,0.0303031216244917,-0.0160324687175802,-0.0180622249257509,0.0544718489149198,0.0038959179238134,0.0439929644211904,0.0386446754240681,0.0489804335420993,0.0732651980487966,0.0313176052287238,0.0286165668873104,0.012436256957985,0.1228852284887198,0.0477898062707407,-0.0173103370969819,-0.0107556701479106,0.0287676162849186,0.116353731134899,0.0240549442962823,0.0276353642735933,0.0636038804173959,-0.0280219555441597,-0.00760371867675,0.0344551566720796,0.0064579906180437,-0.244719317529398,0.0458627730312708,0.0237893867633075,0.06893224254391,0.0568321988550131,-0.0461911400792162,-0.0421815877051139,0.0946161597886752,0.0005330661238076,0.0021921691651265,0.0823993312621955,0.1281957532551836,-0.0277854782519534,0.069613211115987,0.1673769257058173,0.4110273934368271,0.0605376002100843,-0.0583338966437773,0.0021559760193132,0.0581315349964688,-0.0572159797887276,-0.0964939913527735,0.0002543558579111,0.1362679339420003,-0.0859399890963319,0.0289742751458348,0.1356110104234935,0.1132613896635938,-0.0385767268232937,-0.3122516573928068,0.056648304795694,0.2825151717240191,0.0249176424345147,0.3327041630647505,0.0676497324825164,0.0398374770870577,-0.0531704111407543,0.0634434141093089,-0.3332684163527136,0.216256695620109,-0.0124614423429316,0.0213366198556197,-0.0089021908981017,0.0328389748575315,0.1721399170659194,0.0011781735545803,0.3201934701619422,0.0131242248387637,0.0913033535884072,target,1279,60,56.96006772622172,0.1467406240998636,0.1517177450760816,0.0259451348539608,2.7395024995496398,2.8324204317074786,0.4843700387645025,2.7395024995496398,1183,0.6417927148755312,6,0.0863208702742838,0.0678910491360542,0.0050756552569446,0.0,-1.2413038087280528,-0.5995110938525194,0.469099167072974,0.1071485496548766,48.95273633114738,47.01064719135209,56.96006772622172,1.483797302521497,0.0707613086478549,-0.0672888643735807,0.0300738732846026,0.1508471164867697,0.1208057471440957,0.0003389237782334,1.0,0.030430736967453,2021-07-22,14.0,5,0.1418703591872054,0.0913514685934104,False,False,True,0.0,2.0,0.5,-0.0183456704047548,-0.752059423973292
MET,Falling Wedge,bullish,1,0.6700593490322944,8,66,1474,1475,2022-07-27,2022,0,54.58968419646853,54.57814597577388,63.93719435925641,50.047139085125,0.8379456286646736,0.0002114073405823,True,0.0244843505480925,-0.0067682305858736,-0.014006615775247,-0.0309897741534995,0.0670562997065229,0.0363421063772493,-0.0239403013781404,-0.01278956205625,0.0147477615475866,0.0396725022906363,-0.0302549306837378,0.0334829972966588,-0.0199707316265046,0.0073621912004853,-0.054005450217609,-0.0504048849343746,-0.1187802176140875,0.0185826473745047,0.0989070665988589,0.0207412013249934,0.0598753022250366,0.0073208876964057,0.0220369257881181,0.0704722980192975,0.0254349501247566,-0.0083485773956853,-0.0286664703043281,0.0274411980262243,0.0005307056235437,0.0539902865493286,0.015687272645783,0.0200055950905913,0.0302228874133543,0.0839527780159639,0.0365510404376692,0.0297380445042196,-0.0180622249257509,0.0123188280597239,0.0313311435266709,0.0843858100959407,0.0218036406439567,0.0862916628099284,0.0132843702094391,-0.0564247224966728,0.0377813303724565,0.0467815680741796,0.072258207197059,0.0429467036110533,0.1196920729111705,0.0223004600619289,0.0252719059904882,0.0523512926087796,0.0201973416862824,-0.0376585157534367,0.1487535851951622,0.008447926851498,-0.1819615540801346,0.0779805069763863,0.1287926699428334,0.0531421621756493,0.0314169714080148,-0.0192890550170565,0.0287445223362781,0.0072232807380994,0.0660762196473876,-0.1214502918709338,-0.0507137514997637,0.0445494001531425,0.0510648496739701,0.0305306003307994,0.0955550970825555,0.0787315675939084,0.1295695801020631,0.0347364855615177,0.0313597942204684,0.09620888490446,-0.0144105015427775,0.0244104983225468,0.1694362450402786,0.1101477305722111,-0.0460226737444539,0.0645158875667877,-0.0332802879870779,-0.0489879044798015,0.1378379207570839,0.0365037110134669,-0.0369008150129441,0.0171682054611612,0.0906421213083228,0.2791955216142801,0.004091953014313,-0.0257170958834912,0.0719335472588864,0.1589694196106296,-0.0610168764695923,0.0364597169159199,-0.042411054748494,0.2129274575689415,-0.0011695473307841,0.065408325803477,0.0271149875507812,0.051904987915845,0.2253510765870214,0.0474790319832005,-0.3811308411664538,0.0938349652268484,0.0746267858241087,0.2897026443082324,0.0019631825570769,-0.0366272622268686,-0.3370682092642733,0.0944392831468956,0.1356110104234935,-0.0182815294456551,0.0479776405009003,time,1534,60,58.51651382446289,0.0719335472588864,0.1190193280679403,0.0249984208888924,0.8644558351635018,1.4303055607042894,0.3004165876806055,2.0577693635767087,1408,0.395582130960777,6,0.0760791206528927,0.0911522393437243,-0.0682086920593781,0.0,-0.966792219792289,-0.571210088831512,1.1832036789396694,0.1338153462949298,54.57814597577388,50.047139085125,63.93719435925641,1.3730333058096371,-0.0360964268470924,-0.0134394474751315,0.0250831955241899,-0.0347903528440787,0.8333338379235924,0.0053877295174955,0.0,0.0535662406714612,2022-07-27,16.0,5,-0.0713881320553734,-0.0455309630173064,False,True,False,0.75,2.0,0.5,-0.0317204252323943,-1.3657839591220389
MET,Falling Wedge,bullish,1,0.6065907800891852,5,82,1701,1702,2023-06-22,2023,4,48.103278206569385,49.85621340049295,64.99187789539343,42.6312966369629,0.9315204105701808,-0.0351598140805902,True,0.0598003242857376,0.0478352237944479,0.0061364975529791,-0.0316072775943085,-0.0118308761447757,-0.0034139527281276,0.033870922138574,0.0165133903640954,0.0249372039191906,0.0245859072180214,0.020465710578339,-0.0240818365423748,0.0095612088092642,0.0005154396413227,-0.0064558181253279,0.0048598850000307,-0.0238321623328791,0.0544310929646463,-0.0629088033867423,-0.0129006232467588,-0.011603317774918,0.0061364975529791,0.0591313698925761,0.0867761675908229,0.0737948245464061,-0.0285209730177606,0.0159769000092886,0.0151948626251883,-0.0444738622731565,0.0376199632416809,0.0393220316351992,0.0587909105282156,0.0649136643154313,0.0008062012986345,-0.0405883251851236,0.0608855784951125,-0.011478550823043,-0.0596225281164508,-0.0210003363060482,0.0629990365991763,0.0303413227630264,0.0496868184920049,-0.0341354174512381,0.0086389111883657,0.0189412704083107,0.0755612936694822,0.154499320979393,0.1100347997362585,0.0046200140480667,-0.0231254215844458,0.0251933934924992,0.017249178079898,0.072797705671471,-0.0170709019947807,-0.0036433086516444,0.0125800194671492,0.0868401819036785,-0.0710004765772532,-0.0419243496305563,0.0482915876008323,-0.0155777282122,-0.1508611243034221,-0.0208679353128685,-0.0452360804921613,-0.1617642672222339,-0.0798835227661749,-0.0307052929741722,-0.0072700537888296,0.1745672401417504,0.1841883315033186,0.1759420392604753,0.0344954902454814,-0.1178253959423647,-0.0560090709870855,-0.0363898277858374,0.1579394885607155,0.1361542754362104,-0.0100116068586726,0.0622721943124284,0.0808501205477634,0.0174718846264816,-0.030522219824698,0.236566348039261,0.0645158875667877,-0.0423130581490489,-0.0494161183436187,0.0338862772660899,-0.0536032730302185,0.0190620620951631,0.0190119715117131,0.0420026587176014,0.1587814271031109,0.2610294174707512,0.2326995119576993,0.1152155203811371,-0.1708836786845976,0.0472557082590172,0.1893903984526286,-0.0529468213976906,0.0904361649796645,0.027349215382217,0.1085878316522754,0.1518616992633805,0.1266808800316452,0.0185215042605353,0.0154460534336329,-0.0375958668521718,-0.2928645089014614,0.1629378227096494,-0.081649821766666,-0.0191785538281162,-0.0045940031366361,-0.1762250416853871,-0.0432247869973322,0.252303431692965,time,1761,60,60.65964889526367,0.2610294174707512,0.2625509112396398,0.0007545199414545,2.294666114819768,2.30804131302236,0.0066328590830402,3.086377297509535,1615,0.5237633041547625,5,0.0984121897109448,0.1131284838810637,0.0486711755018098,0.0121951219512195,-0.972132663119253,-0.4483693589644895,0.8859757264646022,0.2361148937983583,49.85621340049295,42.6312966369629,64.99187789539343,1.3216190838984028,-0.1618656376983176,-0.0198428691083294,0.027041014946978,-0.2303302431248859,0.3750004584985472,-0.0007331752905477,1.0,0.0580586494871497,2023-06-22,17.0,17,-0.0548107765088398,-0.0487753477699769,False,False,False,0.375,0.0,0.0,0.0148645117743645,0.5981343908733304
MET,Falling Wedge,bullish,1,0.687676822458358,3,46,2397,2398,2026-04-01,2026,1,69.16816423198932,67.93450108255479,83.3621946010037,65.48476696160913,1.2393257924621093,0.018159596814222,True,0.0644518814929202,0.0126434936649326,-0.0278847462301615,0.0063187637335671,-0.0313828853261398,-0.0037449333110211,-0.0483405560923315,-0.010236666921504,0.0343083701502944,-0.0720775059250359,-0.0872111256171498,0.0411727697859474,0.033870922138574,0.004393656003228,-0.0692290117008526,0.0088298037545073,0.0548783633182585,0.0431812471467576,-0.2642488592920348,-0.0139508634378429,0.0428294119941983,0.0270835934505122,0.0810238941118317,0.099244255772678,0.0137889464249365,0.0779471899701151,-0.0391497328267531,0.0403809860524659,0.0002492028476694,-0.0118761861459308,0.0414823392745338,-0.0638065378025223,-0.173961711897333,-0.0144067540865002,0.0272600597155492,0.0001603049142457,0.1653163314856185,-0.0531696681747847,0.0538196746292232,-0.0038322676122644,0.0149510262790073,-0.0547702454247315,0.0239212947012843,0.0305687554207949,-0.0531768292805525,0.0988488941707212,0.1421646823125428,0.0304107080502149,-0.0276611989326288,-0.0627786377440329,0.0151420148127021,-0.1744609413677625,-0.0677627083863672,-0.0566087177925057,0.0084133956921965,0.0752391538543004,0.0017295564100774,-0.0658502239003125,0.0162855905630163,0.0771457171397167,0.0789618945478833,0.0009747859402002,-0.0256771490090298,-0.0458225040035356,-0.0252632513468182,0.0495356136372566,-0.0223440812113402,0.2006749734468,0.144671018195052,0.1881313222528797,0.0178704579025603,0.1017963284323264,0.0171682054611612,0.1655589757605067,-0.0101254240973747,0.0246952857552948,0.0525816799436971,0.0094934318119583,-0.0230646257797764,0.0825326470605904,0.0704945548380575,0.1706243303361923,-0.0099604941802463,0.0252615931200632,0.2992232477106709,0.0316911426985071,0.059037666699349,0.1113372366830216,-0.1131284550943715,0.123305270602158,-0.0172114396172676,0.1295657643456538,0.2355473319322252,0.0862805668652244,0.0904361649796645,0.3637697022944144,0.3017363708887848,-0.369055887311425,-0.0061907845431927,0.0088457015051568,-0.0290429843769676,-0.0522811413958941,-0.0013414796405158,-0.0385750439568889,0.0193231368542592,-0.1849679271790053,-0.3373684199851848,0.08528482791215,-0.5350542106610481,0.0304410433183812,-0.0648211992200813,0.1518616992633805,0.032631670108264,0.0254253603067302,0.2609945019741761,target,2432,35,83.3621946010037,0.2052104537776617,0.2124140498368293,0.0089832778852315,3.853516014456207,3.988787742892378,0.1686912365125253,3.853516014456207,2350,0.7265130242142204,7,0.1113021564144097,0.0058377620041338,0.0504838732567669,0.0222222222222222,-1.448526160434861,-0.7220131362206393,0.3165926931110235,0.1372276545392813,67.93450108255479,65.48476696160913,83.3621946010037,1.7689710460798065,-0.0738427209944256,-0.0351361297346359,0.0252012044785358,-0.1234947960082882,0.4352936424589999,0.0053733667607802,0.0,-0.0410149463112108,2026-04-01,62.0,10,-0.0015665189342377,0.005412076169323,False,True,False,0.2222222222222222,7.0,0.7777777777777778,-0.0063605074253106,0.43166019811883
MTD,Falling Wedge,bullish,1,0.6217022041348863,3,34,580,581,2019-01-08,2019,0,560.0999755859375,539.6123262293199,703.9323945886949,502.4535859953767,1.1551549710291549,0.0379673487071363,True,0.0392965733351438,0.0284641767824438,0.0259178563895705,0.0132411964543086,-0.0008777081465333,-0.029153761215745,-0.0074911462474118,0.0941135502050614,-0.001561379002395,0.0338207508727019,0.0719853240883572,0.0054452015880761,0.0423677588320545,-0.00715361369025,-0.0298433760092814,0.0215689184895768,-0.0306505475725445,0.0641732087346278,0.0456000879819111,0.03181294402235,0.0356537130116587,0.0054452015880761,0.0200758643164353,0.0804856615869054,0.0577725488650249,0.0253944450365137,-0.0578991619460964,-0.02727213259906,-0.0588231236513715,-0.0115476578000992,0.0591144305942235,0.0248998472628325,0.0252872389577039,-0.0369257045102183,-0.024898066396859,-0.0156895499272494,-0.0307638756032159,0.0344709487002445,0.0318108268492887,-0.0293806805137359,0.0064764106278145,0.0467022544323649,0.0429783631126059,0.0578162438720326,0.0748298706451868,0.0736566152297601,0.1697019335319383,0.110764090124577,0.0374466761179839,-0.1451665319224351,0.1231718449357504,0.072845988731631,-0.0923082143211156,-0.0616198329333086,0.0785620052571811,0.0094179170354415,-0.1154984984444833,0.0973556576973335,-0.0395314084539311,-0.1085228838051101,-0.0359477206955618,-0.0789886361461195,0.0582872268221696,0.0215001769228089,-0.0598800380694383,-0.0973675059160729,-0.0968935493709486,0.0696811907265819,0.1878747403235204,0.2209249360171512,0.1531736580313194,-0.1783694791591964,0.0060047716497591,0.1652487702251535,-0.0782873950148331,0.1030321425858915,0.0311782740778661,-0.0112832174609358,0.1232526400526459,-0.0214238123265746,0.0157961297549638,-0.1076220775112141,0.1016167443832385,0.0050739770824834,-0.1467118975682207,0.065895283823661,-0.0837789205531244,0.0119859464814664,0.0641193800483168,0.0471213143136897,0.0144931762680289,0.2145578484594979,0.2983396606048507,0.1784259863247064,-0.1709560346444972,0.0721288753461233,0.1393010455274048,0.1372788617400084,-0.0171305038228083,0.1786830446974014,0.1225473053555565,-0.1440928380334014,0.1879062127553485,0.0312635480228,0.0461601594126279,0.2213282677766195,0.019253157877114,0.0713279819326537,-0.0300325990568635,0.1931657609682118,0.2407184360595,0.1239107913559056,-0.0025732514293239,0.1183546335620417,0.2214125178347295,target,626,46,703.9323945886949,0.2567977598147366,0.266880999856375,0.0004641113047662,2.495081132128853,2.593051231232398,0.0045093670621015,2.495081132128853,546,0.6519419915104925,5,0.0730173866671965,-0.0356480506832005,-0.1271065210564879,0.0,-1.1489648442899263,-0.4970228527794333,0.3985365534897884,0.2201011279544078,539.6123262293199,502.4535859953767,703.9323945886949,20.727861676897323,-0.0381716728925465,-0.0366829587850143,0.0372448216371811,-0.0642779942178949,1.0,0.0255256843977613,0.0,-0.0201105902808966,2019-01-08,26.0,6,0.0290876831199333,0.0028971934969477,False,False,False,0.0,0.0,0.0,-0.0424249382564144,-0.8399447575258597
MTD,Falling Wedge,bullish,1,0.7995101552681669,8,128,1434,1435,2022-05-27,2022,0,1306.8699951171875,1252.94351103414,1817.9960419149093,1142.4174749201006,0.8016890933728296,0.0430398366790998,True,-0.002127242424466,0.002128445563195,-0.01632078741922,0.0152253486740756,-0.0273786781698641,0.0264942912132992,-0.0023223965575225,0.0051645129918636,0.0041899626954782,0.0185499258334798,0.0027083079020182,0.0476228417219881,-0.0207498170941166,-0.0298769423003822,0.011307927701825,-0.0177368681502378,0.0088590030270152,0.0119946515110858,0.0060365786554519,-0.0569745661169536,0.0372084649814865,-0.0034280600668507,-0.003155927476162,-0.1026268837897382,-0.0094097190180654,-0.0510237456863297,0.0514780578841609,-0.0448362103320709,0.000439803581411,-0.0467883401825444,0.0030518863064765,-0.0346376330966012,0.0345949170012953,-0.0688339341069694,-0.0254762373085125,0.0517494642611811,0.0043788408631257,-0.0098739501353398,0.0052101548556418,-0.0257246310486072,-0.0722138341742625,0.0210946991651759,-0.0393422006533868,0.0850327652534879,-0.0271039358613747,-0.0931856806190361,-0.1347494213226209,-0.0591704495372473,0.0211222651291427,0.0471551537056993,-0.0688203398048128,0.0375395465301806,-0.0431408421392014,0.0475108416466332,0.0807597058651106,0.0922555563116291,-0.15016311222344,-0.1153153227836775,-0.0069631411518981,0.0569264691035575,-0.0162918219283566,0.0164118869442277,0.0867652667007568,0.0674852846929516,-0.0550132836992097,0.1039294614103079,0.1761620068127243,0.0090399562398753,-0.1541171981907309,-0.0254883321584337,0.0005728803478355,0.0944997428217102,0.0710946747471859,0.0756055795487016,0.0390200610886763,-0.012355832269229,-0.0407107921711128,0.116350347415121,-0.0202768120147104,0.2464545976406948,0.1895285913480602,0.0327117809873889,0.0392087462476276,-0.0446171593598173,-0.0950283736725489,0.1723433561544507,0.1200714111328125,0.0652166638378157,-0.0575329934288518,0.258267124942021,0.1350969936777057,-0.0947357175921188,-0.00773602989535,-0.0123471311689801,0.1577325108616709,0.2013161018189295,0.0587155963302752,-0.026868575505563,0.081064407302926,0.1786830446974014,0.0612279253633525,-0.0432807140830961,0.1178862375996829,0.0182753627432985,0.0187105501820212,-0.0011011937497565,0.0085065058660918,0.024000024013832,0.0555968965842235,-0.0352264853734065,-0.0269151002428628,0.0995819614552022,-0.0916306682059361,-0.09410912364127,-0.0458442930962008,stop,1445,11,1142.4174749201006,-0.1258369392606189,0.0148905101580169,0.1304643925080789,-1.0,0.1183317891034954,1.0367734091010925,3.108046299230724,1306,0.6080871505245322,7,0.0460241942906041,0.2010101588196282,0.1282121417157335,0.0084745762711864,-1.564266228003074,-0.9561790774785408,0.5031768048568921,0.2166281825836084,1252.94351103414,1142.4174749201006,1817.9960419149093,41.699986049107146,-0.085776840010576,0.0124032801649689,0.0314356251207144,-0.1136738730548702,0.9944341112147036,0.0128965973337307,0.0,0.0079125656162828,2022-05-27,43.0,6,-0.1112138696853934,-0.0686697167438138,True,False,False,0.8,0.0,0.0,-0.0281121976267503,-0.7652115494269419
MTD,Falling Wedge,bullish,1,0.6964936687220313,5,66,1706,1707,2023-06-29,2023,0,1329.5899658203125,1314.1009870256694,1712.5680454799112,1238.1989700167803,1.202113606340819,0.0117867492282315,True,-0.0455027501374633,-0.0389559636862177,0.0277119860285093,0.0912051742757034,0.0113841910464238,0.0098552681324959,-0.0143500037071702,-0.042684054296042,-0.0439140019492725,-0.0555242473874887,-0.0051814741258608,0.0001247574630336,-0.0004481524768097,0.0076591248452446,0.0900139028065023,0.1280208981756621,0.0115661376248921,-0.0019000616946835,-0.0001715072938461,-0.033792757527554,0.0103796957949737,0.0021532858343322,-0.0551081582159155,0.001760007183253,-0.0159999799044161,-0.0381650777872394,0.0551419295150663,0.0940268537376787,0.0086732339391002,0.0130511466663043,0.0116012130567653,0.012132175798458,0.0245995466407922,0.0684367192132764,0.0009912323533443,0.0031403872037312,0.0220376380404134,-0.0127044397399099,-0.0160695609407145,0.0223456583785117,-0.0043582328069563,0.1225600848355998,-0.0418125210598266,0.0296737150577679,0.0314695861730001,-0.018578557230505,-0.0158544788969446,-0.0509217159744398,-0.0021874269218756,-0.0602559962223392,-0.0119190362923288,-0.1314559981024131,0.1272867014037735,-0.0110815698395538,-0.0040021807024736,-0.018321934827593,0.0047028375509328,-0.0384516314964425,-0.0754720043143266,-0.0327145215230422,0.0644032777802614,0.1362814356651911,-0.0443961950945789,-0.0647224776427564,0.056066795690002,0.053415777780835,-0.1299395415974122,0.0250326485157159,-0.0079679268874234,-0.1159304888055005,-0.1126004133651424,0.0290560504328867,0.1448648964802346,-0.0581778197782633,0.2769526918235154,0.1103793548369438,-0.0310154803715632,0.0044943226453142,0.0070145248715558,0.2445442404708346,-0.0576501424055061,-0.056677082685323,-0.0434337729784096,-0.0087489628643739,0.0532729065533981,-0.0552608685711458,-0.0456605913654208,-0.1153842656329739,-0.1113442076917394,-0.002341310333174,0.0934001865555003,-0.134844722305115,-0.1558073672596982,-0.1383974448327416,-0.0846859481212215,-0.066964608933666,-0.1166852317014569,-0.0968232703611489,0.0043629361369741,0.1437777457784437,0.019253157877114,-0.1530281811954903,-0.0620435430829388,0.1434332041230541,-0.0938760769512502,-0.1292848826904898,-0.0036675720099198,0.0537698954294703,0.0806421801603121,0.0223333924019575,0.2858661826273929,0.0788357036467819,0.1711374219362782,0.1460151983355433,-0.1729257524299852,stop,1733,27,1238.1989700167803,-0.0687362255679681,0.03751532890972,0.0717814844122765,-1.0,0.5457868627456711,1.0443035505535172,4.190544990700253,1640,0.6550462777863568,5,0.0153127205072608,0.0206756808083963,0.2973372781065089,0.0,-1.2541305360478123,-0.5990842582614586,0.3646965477925395,0.1945715208913445,1314.1009870256694,1238.1989700167803,1712.5680454799112,33.09498814174107,-0.0579705941404047,-0.0435770551718024,0.0251313620216187,-0.0900748916773998,0.9174427092410316,-0.0015602748771338,1.0,0.052381038979874,2023-06-29,48.0,12,0.0029199258333791,0.005188135283469,False,False,False,0.3636363636363636,0.0,0.0,-0.0517075690962108,-1.3022382300612894
MTD,Falling Wedge,bullish,1,0.6907496818770947,3,46,1975,1976,2024-07-25,2024,0,1425.4200439453125,1379.5386057273226,1543.0800626756354,1303.5177802072203,1.1998798117050045,0.0332585387806527,True,0.0630901270279002,0.0617438592180166,-0.0225709351787712,0.025393267614808,-0.0244930543814926,0.036588591049784,-0.0022802561509848,-0.0104278555773257,-0.0461940066724242,0.0284771519329358,-0.0191281186041302,-0.080215897760732,0.0113841910464238,-0.0304814144983668,0.0066103379368089,0.0393081365298879,0.035379789119571,-0.0016070285459226,-0.054080702102189,0.0106233065125307,0.0154614907396219,-0.0706519870426497,0.0707353767295311,-0.0211096287150143,0.0003368631104578,-0.0137131170490922,-0.0149639648189308,0.0266649198507318,0.1184193659363406,0.0007808310192034,0.0982597357648162,-0.0456642259381289,0.0406976096156754,-0.0468682832475788,-0.0287299140609236,-0.0292175898904173,-0.0026017213837485,-0.0578325716384974,0.041321570726954,-0.020964357089017,-0.0154423233137601,-0.044673124429827,-0.0146895020789296,0.0306650027059025,-0.0098308651316488,-0.0216905024924705,-0.0013891361690003,-0.0270955806216777,0.0448295419866389,0.133624161009505,0.0154866107201461,-0.1178586656569894,0.1610857566857273,0.0697443558994943,-0.1132671556337561,0.1584565574976086,0.0744475355746818,-0.066035815878199,0.0954723019077308,0.0321925856468869,-0.0270276131624148,-0.0209165447937218,0.0461811722912965,0.006513634506537,-0.0429968608290615,0.1395503153712185,0.0640181377910744,0.0775961085793399,-0.0379439421446875,-0.0135469251157035,-0.0646515394352268,0.0957693084429693,-0.0404449691090643,0.0754144291889926,0.0358898233629436,0.1741143000998721,0.1147766865841608,0.2614347611049983,-0.0128556481122404,-0.0187530146148267,-0.017950906558969,0.1235298577767636,-0.0201107243089859,0.0349217371152177,0.0745544578948134,-0.1517112055666465,-0.0375395112891626,0.1651682912518535,0.1284004733649641,0.0506541798334001,-0.0656709887018472,-0.0620264920036638,-0.0360876526852993,-0.11741689221139,-0.0101355250481226,0.0241547314931493,0.126786372302708,-0.1379746969523476,0.0236576771576133,-0.0995993443437021,0.1567878079061342,-0.0254637962083212,0.1622811768097893,0.0688523824316438,0.0892846597062502,-0.0997564308817267,-0.0395534414604492,0.1252126743991872,0.1612428662300853,-0.1253243458028935,0.0983598419450275,-0.2471214639235869,-0.0089185987761275,-0.1701114194244068,-0.0397207090632945,target,1979,4,1543.0800626756354,0.0825441028629432,0.0845083955772699,0.0,0.9651996207643546,0.9881683673759252,0.0,0.9651996207643546,1929,0.4857372103554366,6,0.0980974062689647,0.1687748623188412,0.0504755907599512,0.0238095238095238,-0.8724851394144254,-0.386747929058989,0.8349517575025343,0.1097153115632592,1379.5386057273226,1303.5177802072203,1543.0800626756354,35.21356201171875,0.1354697041333654,-0.0073468997414538,0.0249564578396305,0.1711389608142168,0.5677532924172716,0.0002455406814623,1.0,-0.0130154310919873,2024-07-25,1.0,9,0.0965100680868962,0.0805236118709631,False,False,False,0.0,3.0,0.375,-0.0736623438747677,-1.3870408152656497
MTD,Falling Wedge,bullish,1,0.7173797471688169,3,21,2129,2130,2025-03-07,2025,1,1274.1600341796875,1251.8491876775588,1469.5617564808272,1208.7037580989854,0.8984303426372686,0.0178223117622657,True,-0.0344619459108659,-0.0260400993456565,0.0603636781865304,-0.0184650017044987,0.0215689184895768,-0.0156584402691494,0.0641801713823198,-0.0590057699188703,-0.0057323344304178,0.0221661733514626,0.0369195031195315,-0.0086916887127315,0.0159208788137426,0.0383206962486435,0.0482169994293479,0.0277603665760604,-0.0306100452998158,-0.0174356812918239,-0.0060424650932232,-0.004060266872795,0.0119833676653731,0.0139295387404614,-0.0442433758313521,-0.0588231236513715,-0.0554516595794127,0.0004492420681643,-0.0820471232964337,0.0468334636434715,-0.1152110632914774,-0.036457880347289,-0.0313889810769881,-0.0679511837842987,0.1152346794973084,-0.0125966869543339,-0.0236076323449472,0.038771278588165,-0.0031279162508821,-0.0284990517987919,0.0270446877411483,0.0119487288784727,-0.0217807852782067,0.1315915389799735,0.0521899356114992,-0.0173830102412774,-0.03811879447658,-0.0561177959447063,-0.1973849864134795,-0.0902828221734599,-0.0401896247891593,-0.0596884805648053,-0.1751696497566758,0.0181421751135568,-0.1849875658313138,-0.0660158296698619,-0.0087565861012672,-0.0276795680005307,-0.029949493918096,0.0294162358522662,-0.0013140932218808,0.016397944653828,-0.0263312241483414,-0.1005731534987134,0.1026578932752666,0.0267899426678372,0.0138704258136392,0.0298794370196531,0.0408810426076109,-0.032525344160818,-0.1736277105805893,-0.1436475987215459,-0.139445760986593,-0.0541878059987436,-0.0564655848153089,0.0883420054784851,0.0295753083555205,0.0386662638982751,-0.0890995512112067,0.0147400208578907,-0.1794218814018183,0.0852197017313969,0.0163336924199588,-0.0380276617382722,-0.0428725828769862,-0.0123637391785401,0.0529590836592148,0.0019392573885219,0.0394838394657257,0.1294398329324324,0.110561492126894,0.0404054233551729,0.1324360001881475,-0.159030754453384,-0.0845263313501475,-0.1378976509151893,0.243514532385825,0.0700044510283766,-0.1341979345263914,0.1297822524449143,-0.1761403223227339,-0.0269005651025912,0.2167985386835167,-0.0475825445093337,0.2395306815590487,0.2037330113824806,-0.1496224465303132,0.0372028013574829,0.1554508413494788,0.1335685243438347,0.029563564626208,0.0293476282482079,0.0747013901746065,0.1855718081368249,-0.1929266467065868,0.1597283624074559,-0.1435827277716631,stop,2133,4,1208.7037580989854,-0.0513720995203269,0.029172098384745,0.0581246127700358,-1.0,0.5678587921679598,1.1314432019084033,2.9852251609948874,2107,0.6661953762763237,5,0.0360776931723192,0.0819119498343354,-0.1900520920853637,0.0,-1.203810745527168,-0.5376153692508461,0.3581029484459058,0.1221374381195854,1251.8491876775588,1208.7037580989854,1469.5617564808272,35.014290945870535,-0.0471265271995174,-0.0003046160497786,0.0271100756893907,-0.069239828082523,0.8601507165666678,-0.0037720218466849,1.0,-0.0501387207588036,2025-03-07,34.0,9,-0.0749852535478973,-0.0542080938955936,False,False,False,0.625,2.0,0.25,0.0074860200799167,-0.0746822227964358
MGM,Falling Wedge,bullish,1,0.8100068917250433,3,31,628,629,2019-03-19,2019,0,25.91521788303549,25.84088305132592,29.43050913748688,24.92995632140624,0.7000817355799012,0.0028766366676373,True,-0.0268025128117532,-0.0231166484732553,-0.0044257644420748,-0.0408163265306122,0.024507012165768,0.0141781783651262,0.0726511196451176,0.0638220311242681,0.0100761891301526,-0.0509383994018602,-0.073659660848396,0.0664548131086208,-0.0338824378247372,-0.0686524303246897,-0.0104674454644555,0.0029080419680065,-0.0023197004732666,0.0203481169284935,0.0033101587566848,0.0411219290417339,0.006226596026029,0.0372413972694107,-0.0306866837227192,0.0105700925503433,-0.0029324948600368,-0.0843335673674011,0.0328406679827357,0.0183161707710433,0.0141296352362108,0.2811336169408522,0.0802941320530028,0.0362180809454126,0.0388991319038296,0.1207714105703494,0.004726731303531,-0.0753332307736545,-0.5909533894777931,-0.1433805626617125,-0.0312387586315811,-0.0950839079796164,0.1301961804364912,0.0239693185700042,0.0393258755059964,0.0175341100950769,0.020460130460598,0.0186455037561745,0.0358625813352857,0.0075098957740338,-0.0702391758840567,-0.0466913685230143,-0.1210004909088761,-0.060184662579427,0.1194812992541225,0.0175077317782941,-0.077388486472398,-0.0163599025132926,0.1047415061749608,-0.0602361682806331,-0.0291120457535776,-0.0243629886386996,0.2918430381664461,0.0805850719634402,-0.0006974838518386,-0.087147945229655,0.0074567551463169,0.1340671735559115,0.0502583207520597,-0.04892367727513,0.0276827562912381,-0.0147226170332791,-0.0250001879915958,0.2990871170240259,0.1898538487586041,0.0279001698744667,-0.0569652030785001,-0.120936369160869,-0.2064251010386336,0.115840500021324,0.0576646593907685,-0.0376875700460597,-0.0518755188886372,-0.0993543056516794,-0.0359693174983583,-0.0563565252918918,0.039032228531376,-0.0076181966869642,0.0576708442644278,-0.0264977450537008,-0.1131409399504027,0.0989810260924544,-0.0267992378783191,-0.0170428352199507,0.0515933832862522,0.02529617626096,0.0307466238191937,0.0051989044645148,-0.2838840720678921,0.3571505319886976,0.0051989044645148,0.3571505319886976,-0.1210191139079176,0.2468515729777414,0.1953476653213059,-0.070369296866646,-0.1221216309019483,-0.1142543697107671,0.1666180299695603,-0.126139137649735,0.4840043289476985,0.0666333613256189,0.0069334796662607,-0.0157793294789988,0.1934411150598813,0.1909351900909683,-0.0210387811887851,stop,634,6,24.92995632140624,-0.0380186485823149,0.0177425496006417,0.0615325529798657,-1.0,0.4666801757097433,1.6184834357444429,3.567876177609553,597,0.5673289324503306,7,0.0716804582112172,0.3293119644274473,-0.2949885409771106,0.0,-1.196528497297324,-0.6291995648469951,0.5352076936632139,0.0902125107287309,25.84088305132592,24.92995632140624,29.43050913748688,0.5748237455692049,-0.0384716295206943,-0.0408455416844019,0.0221141489442627,-0.0312121791378018,0.3636361009161064,0.0076191009878985,1.0,0.0208520608131648,2019-03-19,48.0,3,-0.0427784795550424,-0.041708539116854,False,False,True,0.5,1.0,0.5,-0.0282639021193499,-0.385360792301527
MGM,Falling Wedge,bullish,1,0.7558594130056738,8,61,1944,1945,2024-06-10,2024,6,40.650001525878906,39.36956521739131,51.96739130434787,37.73239868679978,2.0779213542624384,0.0325235064552342,True,-0.0063961162723437,-0.0307936307013748,-0.0036079436235296,0.0315641444861392,0.0123568086843446,-0.0248582506427423,0.0002998252152581,0.0373134518827877,0.0188499028449078,0.0254544458013714,-0.1228915294968938,0.0818997228681233,-0.0152739331954956,-0.0038383193155254,0.0108926526992287,0.0190777486793563,-0.0447558436711538,0.0018000030517577,0.0051004548336663,-0.0318732972596549,-0.0216407158470258,-0.0045095786210944,-0.0049641037410349,0.0322262609943513,0.0087878612553053,-0.0664779449092917,-0.0652818502527043,0.0496453988652627,0.0201501242709543,0.0252830616913464,0.063853324604133,-0.0251851472120543,0.0618033783515108,0.104818858658032,0.0738692690747477,0.1183673290648299,0.0532653826031783,0.0337199792414804,0.0472947846515818,-0.0805271037589886,0.0168485348851383,-0.0281556874347422,-0.0793019643283853,-0.0132928457984358,-0.0247997904142845,0.0179314064016858,0.0801967576669782,0.0257825448400275,-0.0698655651183105,0.071791542207904,0.1474298172937307,-0.0085389136811363,0.1025514326397964,0.0009223176507375,-0.0243629886386996,0.1344086851852424,0.1901345430580094,-0.0106284986416181,0.0005572328846072,-0.0048926420412186,0.0604363533728622,-0.0937606235013737,0.0235698025625761,-0.0854699657290057,-0.0714079282453076,-0.0564884856509405,-0.0022609640342858,-0.1611459909579,0.0730477996361947,-0.1035671031030521,-0.0778461803416364,-0.0769879647855961,0.0016528854154977,0.2940907171926512,0.0256808634934682,0.1553018038539892,0.1269407083195615,-0.0107668066580653,-0.1890073727519317,0.2870690200426171,-0.0199278942308429,-0.1536469337168775,-0.0325296447009093,-0.0129991323364587,0.0613856283255942,-0.0692193800571635,-0.2672499939696079,-0.0672783662441693,0.1307519028360437,0.2648990424916835,0.0401745558981772,-0.1279837850239352,-0.1190651899362565,-0.1514825556863931,-0.0564799613505977,0.0005714945841521,-0.4900717362525488,0.0462311981790755,-0.0048625795203846,0.0142076530197168,-0.0959054114401085,0.1561115828567523,-0.1142111454417298,-0.0030647214898811,0.093956622041186,-0.0407192458108388,-0.145487705853994,0.1938239725846753,-0.0827288712499004,0.0785856200087395,0.1057315726523522,-0.0133098643402801,-0.1344571637887543,-0.0740098688059556,-0.0907607619653403,stop,1980,36,37.73239868679978,-0.0717737448846513,0.1626075411447695,0.0991390514814256,-1.0,2.265557431984333,1.381271823572163,3.87900286731317,1877,0.8206662102470934,5,0.0252745269476469,0.0547601163017885,0.2059529932737158,0.0,-1.1276631802960375,-0.306996970048948,0.1785706572016493,0.2573312282321459,39.36956521739131,37.73239868679978,51.96739130434787,1.0242859976632244,-0.0167919383387985,-0.025797123756019,0.0251235218582925,0.0241145202551218,0.7323959553411203,-0.0054066702735507,1.0,0.0284536224409452,2024-06-10,8.0,3,0.0570605139422388,-0.0338878920055156,False,False,True,0.0,0.0,0.0,0.0343888563836621,0.3668982518746674
MGM,Falling Wedge,bullish,1,0.6161049017997046,3,36,2095,2096,2025-01-16,2025,2,33.45000076293945,32.98529232249541,40.03706090590532,31.393909913256664,1.4293477369773429,0.0140883529513884,True,-0.0167414457554052,-0.0351849353308381,-0.093574165129238,-0.0443176966143287,0.069568485774464,0.0209767097170476,0.0199213182473312,0.0288858818680404,0.030749987153104,0.0149848131348924,0.0256904559976527,-0.1241229028472152,0.0962500487051558,-0.0117674084324742,-0.0497778037417788,-0.0004666462314244,-0.0495710370147246,0.0148434146632712,-0.0411342343967469,0.123005295827385,0.0720379407436062,0.0080459884244705,-0.0222528680478297,0.030792190009097,0.0226508343364322,-0.0190724393223176,-0.0188787258081022,0.0183161707710433,0.0446706779408572,-0.0474390973546937,-0.0065361492278361,0.0102131725502108,-0.0490303044024901,0.0517504061462497,0.0190348283912888,-0.0066902102585594,0.1063189004565872,-0.0894167009836056,-0.1564070200493251,-0.1383996996603629,0.0090048538776656,0.0207307394116944,-0.118193867423356,-0.0432418678952064,0.030792190009097,0.0499158971506551,0.1901345430580094,0.1687931655975059,-0.0588108498475272,-0.0059298614593267,-0.0712700942027076,0.0425330635642866,0.0744070508041594,0.0063365513704798,-0.0733726947859811,0.0896586885692323,0.0804244498903754,0.0698908564597249,0.2637362581185005,-0.1841973628674466,0.2774393460171183,-0.0195290152537497,0.0155685435208225,0.0635163936102323,0.1086815541395498,-0.0171053033126029,0.0044004357735505,-0.000232627306647,0.1568272739179073,-0.0307923040508663,0.019144106684529,0.1322692622598835,-0.171271976323266,0.1359866138664667,0.3153795026028843,-0.1239593912276708,-0.0129991323364587,0.0905929027845029,0.0891272356288208,0.2171783712582025,-0.1802537457786281,-0.1234873403670921,-0.1275557750633327,0.1129532087563125,0.1661797412495396,0.1096488861956346,0.0773438938871,0.1711446791470601,0.0214708289800291,-0.0248430199529593,0.0398113784728748,-0.0765281102528614,-0.1144992477234696,-0.0203250694741733,-0.0226629361987601,-0.1281065152801827,0.2161538356697141,0.3883424579178962,-0.046581711839099,-0.1063829787234043,0.034505936303719,0.0944195480639267,-0.0592613406631319,0.1248037221133082,0.1387360988998132,-0.0758823506972369,0.1078111301678281,-0.039427371065741,-0.2838840720678921,-0.0704741996982295,0.1015323247552126,-0.018904479181469,-0.1199828973863541,0.9824723974610148,-0.1753605776510162,target,2114,19,40.03706090590532,0.1969225707840318,0.2182361456071623,0.0242152871394982,3.203681463774867,3.5504264017257703,0.3939521317435859,3.203681463774867,2057,0.5641330307782125,5,0.035747142385061,-0.0349559428135181,0.2905050239489963,0.0,-1.808333762361104,-1.2442007315828831,0.7233917696346199,0.1017245099515477,32.98529232249541,31.393909913256664,40.03706090590532,0.8814279011317664,-0.1577732174062495,-0.0749375584281899,0.0266051274589322,-0.2827451384906928,0.5172418329025341,-0.0045455007842092,1.0,-0.021685822118629,2025-01-16,43.0,3,-0.0894783552279675,-0.0883009324145419,True,False,True,0.0,0.0,0.0,0.035031361645545,0.7447992278315899
MGM,Falling Wedge,bullish,1,0.6765034310850049,3,31,2357,2358,2026-02-03,2026,0,38.18999862670898,33.365386962890625,38.80230712890625,31.653094155447945,1.3585482255520935,0.1445993019407909,True,-0.0217333869129007,-0.0242972955964172,-0.0720148471351177,0.0028230914352922,-0.0299060036864169,0.0101389224156813,0.0217003435041964,0.1450357321532938,-0.0495710370147246,0.0283932216115518,0.036163520324659,0.1226145856121114,0.0822752258133838,-0.0589005223838342,0.099458582595914,0.0769691445344475,0.0069420712247803,0.0011513532663613,-0.0062722028040489,0.0017893909366768,-0.0299060036864169,0.1016993786868321,-0.0462625842831318,-0.0261848660895376,-0.0203037642701923,-0.044061248110452,0.3345840973410807,0.0404929527097823,0.0296563093271036,0.024382026422177,-0.0292399714854314,0.0458530315134917,0.1442032427761517,0.0909348202223914,0.0083870207662941,-0.0359495130581531,-0.0701075480064538,0.0090265654241028,0.0360036529761895,0.068231110931709,-0.5877858865140462,0.0357659015395277,-0.0451175635928322,0.0252830616913464,-0.0265815059267481,-0.0288828939368991,-0.0395391038447733,-0.0319777814416603,-0.0947895689932148,0.0595981785605597,-0.064322265079431,-0.0180833138471724,0.2700364549475353,-0.0171053033126029,-0.3172923923105585,0.0756948874622964,-0.0003125071525573,0.037289027471322,0.0506795280575738,-0.0757575183818988,0.0527704464242397,-0.0251156511341223,-0.0901325858509437,-0.0489796988913733,-0.0512154407280931,-0.0879270730593938,0.0218851621703539,0.4098817868713142,-0.0438792115059649,-0.0369206571907542,0.0113454842911642,0.1088661226466589,-0.0957548840731324,-0.3459603957184907,-0.0880339777224761,0.0299702759248574,0.0658336932578622,0.0300938306210531,-0.1021154704143203,0.0125237744433124,-0.1225043597179339,-0.0453898188925412,0.1771305754385379,-0.0008042568340609,0.2833160397768872,-0.112632137464707,-0.0272414988755868,0.0229305202018876,-0.0412460336125842,-0.2521515202602088,-0.1677654191072186,-0.003373910171644,0.0196386495671532,-0.0242125202965985,0.0399638545800389,-0.1394059587233137,0.0779504873445671,-0.2385554714458412,-0.0100149707355565,0.10020598796589,0.1865216993935452,-0.0147608832708328,-0.1272872771309472,0.3119516250984382,-0.1094699945823122,0.0577065782168484,-0.5357480921228075,0.1295795871194691,-0.6395558322696289,0.2222800879293009,0.2728753390554135,0.0589866463472565,0.0252953008600798,-0.0417828656052557,0.0383018571659356,target,2358,1,38.80230712890625,0.016033216135521,0.0277559940143514,0.0473945436941671,0.0936694891120464,0.1621564729836931,0.2768890943031598,0.0936694891120464,2326,0.3654023708200452,5,0.0510034065946351,0.1412358621237053,0.092342529489656,0.0,-1.7077120631653688,-1.3423096923453377,1.4718663002229495,0.0794375913959774,33.365386962890625,31.653094155447945,38.80230712890625,1.0278568267822266,-0.0095365601754598,-0.0304128015878998,0.0300806813538659,-0.037735855137321,0.5397715080856487,-0.0080621213565741,1.0,0.0026318602303596,2026-02-03,49.0,3,0.0373503622126714,0.0288416505327542,False,False,True,0.0,0.0,0.0,0.0169906582548705,0.3907186813308713
MGM,Falling Wedge,bullish,1,0.8499714881070258,3,30,2483,2484,2026-08-05,2026,1,44.40999984741211,45.453721410808384,51.34209216551909,44.09312552306187,1.7530435637924004,-0.0229622906772181,False,-0.0096825108456026,-0.0126427011789864,0.0210751101361372,0.0394544295592389,-0.0912706317165864,0.1161290956712757,0.0791364365852453,0.0141566759936786,-0.0258664301253203,-0.0191239656663106,-0.0018294735422885,0.0189517437244706,-0.010302523134455,0.0146178703025119,-0.0141316860247553,-0.0273631581138646,0.0451069461609554,0.0695513230323972,-0.0117592421972199,-0.1180690922629256,0.0531003983698648,0.0400484216168697,-0.0192631232640486,-0.0267957358882614,-0.0253026049483172,-0.0135955904996108,0.0602905219876666,0.0340200822295155,-0.009060014088027,-0.0290576070204808,-0.1288272450050548,0.0372156160945711,-0.0174392798556047,0.0282192742491322,0.0160894155912079,-0.016914324079241,-0.0366218097706406,0.0326561547369905,-0.0191659615877335,-0.0591425382975936,-0.394029904311263,0.0133927113189318,0.0353380737832043,0.0386785547160659,0.0751488288999657,-0.0091554838428615,-0.0668768572598003,-0.0603201406707446,-0.0119116754567994,0.1332547376698223,-0.0813217144342715,-0.059964239767018,-0.0869859660295946,-0.0191151367900336,0.0920199511585497,-0.0860188697961746,0.0234095647874643,0.0540540678485321,0.4112426732868166,0.0629601924127298,-0.1986187647389626,-0.0339994915306484,0.0738826497497771,-0.0924380597131391,-0.0500448714881094,-0.0418400828821294,-0.011721032636224,-0.0436457071662477,-0.0685367684840172,,,,,,,,,,,,,,,,,,,,,,,,,,,,,,,,,,,,,,,,,,,,,,,stop,2486,3,44.09312552306187,-0.0071352021040077,0.0193650216912053,0.024769161853199,-1.0,2.714011657823729,3.4714029809031723,21.87647210710899,2452,0.6720718164555344,7,0.1160058256510946,0.2485254865247605,-0.2247449338694772,0.0,-1.1306844957929687,-0.4586126793374476,0.3887404745756005,0.1043720591042943,45.453721410808384,44.09312552306187,51.34209216551909,1.0814285278320324,0.1591296325145919,-0.0429274594379794,0.0242963057428122,0.3026046446202384,0.0467824907532581,0.0037182450657575,1.0,0.0327206235771906,2026-08-05,49.0,3,0.0083104796678952,-0.0239975203846116,False,False,False,0.5,1.0,0.5,-0.054616863074801,-0.8517871802894053
MGM,Falling Wedge,bullish,1,0.6573210924737003,3,15,2497,2498,2026-08-25,2026,2,43.33000183105469,42.69999694824219,47.0,42.49285943167547,0.7968262524297218,0.0147542137667162,False,-0.0590814970022978,-0.0552239901080777,0.0254544458013714,0.0189856464122135,-0.0722695787736991,-0.0284486743516882,0.0828297066716972,0.0149125458472036,-0.0046714893499737,-0.0202119273534544,-0.0747989196751195,-0.0054794033778535,0.0646665155450638,-0.002158154535282,0.0090433380289272,-0.0014113164608637,-0.0455166650855114,-0.0117674084324742,-0.4579587463943003,-0.0324644289838494,-0.0273070235777755,0.0323304455279076,-0.0322694423764247,-0.0616201678008927,-0.0585733982035253,0.0003027125012406,0.1342140564293024,-0.0328233735781233,0.0496453988652627,-0.1757401727980952,0.0287081673072959,-0.0916615629461263,0.0661619746786661,0.0824383279819396,0.0638054417784235,0.0032786812946905,0.0297776399388891,0.0275862296872988,-0.0439709581521993,0.0898702826257038,-0.0194912476981635,-0.1564070200493251,0.0785630401531405,-0.0654427228366582,0.037602877619862,-0.0669410564410439,,,,,,,,,,,,,,,,,,,,,,,,,,,,,,,,,,,,,,,,,,,,,,,,,,,,,,,,,,,,,,,,,,,,,,stop,2500,3,42.49285943167547,-0.0193201561043838,0.0069235916081945,0.0249250354353931,-1.0,0.358361059340694,1.2901052817962178,4.383959254323752,2480,0.8699470132494973,5,0.0065575246751688,-0.0537154747613626,-0.4494949552204965,0.0,-1.3158474346795384,-0.4459004214300433,0.0728622768036075,0.0684317066478122,42.69999694824219,42.49285943167547,47.0,0.7128568376813605,0.1051569357434882,-0.0541578602643263,0.0164480118867464,0.2365192894715333,0.1428571428571428,-0.0006866280668301,1.0,0.0338120404506414,2026-08-25,49.0,3,0.0006259591592407,-0.0294112749652296,False,False,False,1.0,0.0,0.0,-0.0575035447063411,-0.9030221073372732
MSFT,Falling Wedge,bullish,1,0.6013838300884308,3,24,886,887,2020-03-26,2020,2,143.5665425152988,137.71033774446346,179.14834761614316,122.67655520474568,1.0958031464698674,0.0425255276165408,True,0.0231296874535253,0.0288154822229009,0.0195425397514603,-0.0160287987192442,0.0170170016067203,0.0092465901245546,-0.0442276944875653,0.0088525537415522,-0.0557489635247053,0.0178397741193621,-0.052714690752506,0.0175710045784807,0.0033981193135883,-0.0269679129344504,0.0205743902439139,-0.0258588706961522,-0.0010695940416503,-0.0133550710501131,-0.0102314475533241,0.0010534309538547,0.015778614695469,-1.5235590045126204e-07,0.0288961463028581,0.0882371934066503,-0.0101951711274155,0.0154840089962597,0.0088481650854344,-0.0711441332376635,-0.0352387112599096,-0.1353618802097194,0.1211693967000961,0.027981117591552,-0.0044112120491993,0.0493390816511079,0.0388625192793166,-0.0665828836038306,0.0686239776931598,0.0573874653228911,-0.014833409215533,-0.0399383639533464,0.0679050796221383,0.0335613414393589,-0.0152090656938562,-0.0101915416594874,0.0167006048399538,0.0825896155397142,0.150247059760499,0.0329810175186673,-0.0527846055559786,0.0987081434337413,-0.0932519178184791,0.0288078333944796,0.0106937489392113,0.0573130863919211,-0.0197730393140528,0.0758949402575137,0.0714914167367348,0.0612054074805501,0.0276914196256168,0.0068222733106202,-0.0050270956955503,0.0445478141192527,-0.0577493526280437,0.0438118081758036,0.0148814811787827,0.0151800608574199,0.0100891402965692,0.0283187969675391,0.1319034917528164,0.2126595289210746,0.0461574249937004,0.0110367149006671,0.0276683241708992,-0.0777166424503813,0.0392789974568483,-0.0821204352651923,0.01280543178765,-0.0316210522664943,0.1081096016913547,-0.0437813937453552,0.0875276986344368,0.1285656801881112,-0.0847388403043873,-0.0072728529193545,0.0987277148867009,0.2933831504633548,0.0964850130533008,0.2541964688805669,-0.0562175030138875,0.0317307259049173,-0.0806532266164452,0.1763898501492091,0.3253941604103276,0.0935588950177781,0.0600011057988241,0.1854093625005377,-0.2038613472035311,0.1493653521351701,0.0651586947457267,-0.0671357242336837,-0.0055699320474277,0.1321399965324436,0.0535091369301556,-0.0802563162892932,0.0580118199326056,0.1066568867908701,0.0543310923227795,0.0900564546339506,0.0045505560031884,0.0876573232091975,0.0769757107918658,-0.0495587891753178,0.2355461069048146,0.0753427683995684,0.2739776474762054,target,937,51,179.14834761614316,0.2478419029771694,0.2601718323494271,0.0168039739819295,1.7032947206659752,1.7880322220879423,0.1154853954307543,1.7032947206659752,860,0.4364222881691997,6,0.0787338303292441,0.1508247458645757,0.2879873687648273,0.0416666666666666,-1.4385571285545824,-1.0021348403853914,1.19588540574676,0.1558017815309308,137.71033774446346,122.67655520474568,179.14834761614316,12.246230695487643,0.0570782769037419,-0.0564501235331278,0.0829176930901329,0.1270743785408461,0.9336547062916214,0.0100736059732196,0.0,-0.1168838023156508,2020-03-26,27.0,6,0.057305702763059,-0.0099176526078346,False,False,False,0.2,0.0,0.0,0.0677632993116704,1.3539256700494795
MSFT,Falling Wedge,bullish,1,0.7856583242645949,13,204,1474,1475,2022-07-27,2022,0,260.5016528744498,255.31665455370705,356.4880052851746,231.0899660858597,1.831037304488876,0.0203081084929854,True,0.0471547875743656,0.0159022064403995,-0.0114387923262389,0.0375122164776766,0.0228666219541473,-0.0401324442452459,0.025050717452159,-0.0451690804058922,0.0450107242782344,0.017363748821201,0.0079295972377555,0.0027938066741219,0.0051089663143086,-0.0386799345355884,-0.0894118736737701,0.0059822258272841,0.0375616794227344,0.0057527361944567,0.0430971607872188,0.0451662714314626,0.0243959100176831,0.0022486049899896,0.0420043444396807,0.0719557563516684,0.0269184084571274,0.0461964962230279,-0.0777237124353628,-0.0068408853820275,0.0090671471460914,0.0496934173447665,-0.0112307850653905,0.1534469205854638,-0.0230703770361152,-0.0316038846611658,0.0020557749851175,0.0377080119190635,-0.0022325305001215,0.0125937794067643,-0.091449455935357,0.0069079796965161,-0.032382304510397,-0.0068715461617842,0.0557243735701302,0.009557588629445,0.0151139525429391,0.0662227583335882,0.0245613796161285,-0.004750123969877,-0.0961683947877036,0.0525132672950898,0.0785483062857996,-0.062511148168163,0.0556899178204119,0.0648773547173648,-0.0052972567732613,-0.1113889455394432,0.0590657719830789,-0.0077086936679334,-0.0038465754746044,0.0161984555684178,0.0750441108636363,0.0228282216950412,0.130451925010135,0.0153258528906561,-0.1024818886589646,0.0750441108636363,0.0591874321752781,0.2044583468038281,-0.0014301289289864,-0.1047580579934661,-0.0397335612417101,-0.0210493773155074,0.008883390511978,0.0532903887424109,0.0981819435938005,0.1626514232775653,-0.0470740078932893,0.0221401678013897,0.1102332729811448,-0.0729934827460622,0.0706902295084763,0.1185108480311061,-0.0242295603949994,-0.0847388403043873,-0.0596023381922713,0.0277517755237086,0.0265371114884065,0.1083820970771274,0.0739483291173384,0.0076857869822177,0.1237470213879725,-0.1399053669523724,-0.1227015771791306,-0.0356657048273875,0.0801221766645148,0.1149160402309714,0.097648897477631,-0.0192589982611569,0.0055749994249159,0.183251555112538,0.0156145857868492,0.06221419169975,-0.0590135664864228,0.0834740156688251,0.0928931358914559,-0.2345935518673166,0.0535148915610488,-0.0150156185505514,0.0961216138592691,-0.0356615557386831,-0.0296414717884446,-0.0237769207919461,-0.0553438072921863,0.0617709536159838,-0.1464421554899829,stop,1514,40,231.0899660858597,-0.1129040313719821,0.0905656638606755,0.1174261827114191,-1.0,0.8021472994377945,1.040053054656108,3.2635446277077027,1270,0.6106506715969988,7,0.1117875560954344,0.2415010674300661,0.0562211834005932,0.034090909090909,-1.032282875740226,-0.4216322041432284,0.4048017584447041,0.3094309712808372,255.31665455370705,231.0899660858597,356.4880052851746,7.749869563158855,-0.0888597034953049,0.0322439376371117,0.0298615954507888,-0.0643597210382688,0.8830357410470236,0.0367607593851091,0.0,0.0535662406714612,2022-07-27,27.0,13,-0.1180450053754669,-0.1333446392734153,True,False,False,0.75,1.0,0.0833333333333333,-0.026520391942044,-1.3796221142791083
MSFT,Falling Wedge,bullish,1,0.6221836024678745,8,84,1553,1554,2022-11-16,2022,4,230.76365473112853,233.0725649109197,302.1985942626013,204.6685539091328,1.362940295950814,-0.0099064005266927,True,0.0412147491509284,0.0105839769896967,0.0118551445598871,0.0409815992190796,0.0271455922472101,-0.0398000863371565,0.0419617630463649,-0.0051405190371958,0.0472909135722168,0.0199072352098055,0.0368256031623441,0.0435374987496466,0.0073009054137771,0.0052583831573251,-0.0298116821785086,0.0241237981175386,0.0189968218589169,0.0274053943792804,0.0409203709335705,0.0274543230762218,0.0022942888915757,0.0167589460991079,0.022951434443878,0.0711163047870697,0.0277826899687885,0.0107585536748999,-0.0483852448427859,0.0053119341649183,-0.0767733809099496,0.0222570616137949,0.0495121358671313,-0.0418616005268486,0.0254734960830058,0.1066181772760288,0.0094065870549659,0.0233781411297999,-0.0367604014671933,0.0214993492697517,0.0369693750409991,0.0309223440416608,0.0241869956240521,0.0004945824178224,0.0149597136327335,0.0055224740385768,-0.0129105614206385,0.0625873181989334,0.0472285714231672,0.0493541618148195,-0.0157774071071218,0.0312988427656855,0.0201263844631964,0.0696100429983552,-0.0515807374234909,0.1278339403555022,-0.042723737993161,0.0623377900932293,0.2991490535912224,-0.0366310223020064,0.0494001401103545,0.0518510432902579,-0.0304507075104669,0.015997571971462,0.0086234018073609,-0.0718430063416267,0.0025563917717794,0.002619026646617,0.0096558908395723,0.0307427932414416,0.0205887866597591,0.0108084104030836,-0.0125912437769304,0.0043966012904903,0.1621481623127842,0.0479296349107631,0.0532953070224668,0.0506497103376286,0.0054682247454189,0.2443125375009032,0.0667770339900035,-0.0599456073388905,0.1140727805491934,0.0844925657506536,-0.0690490487180252,0.0028298638997878,0.0718790940932787,0.053354835209014,0.0291562356892842,0.0813239498537705,0.195264890534683,0.0871110002389246,-0.0651288233693582,-0.047208537022055,0.1446293624020946,0.0829716490640979,0.1609644161684464,0.1101860876813871,-0.0437108202175698,0.0994428760446188,0.2060398143272941,-0.0324344477628995,0.1485928733495691,0.0947959535931786,0.1020803083140999,-0.0081636196861288,0.0311348932487141,0.1574137917851441,0.0519538550099314,0.0830352207456668,0.2622668189203017,0.0101032487312393,0.186545762670824,0.0961765122466442,0.0580723438497408,-0.1186725012460043,0.0618381930133847,time,1613,60,264.13885498046875,0.1446293624020946,0.1639331742521019,0.0775084261394742,1.2789833799457129,1.449690448798841,0.6854209075646294,2.7374847109714886,1465,0.5347337293068892,5,0.0062059254682393,-0.1523093482218653,0.341426934289416,0.0,-1.0164161040160755,-0.4816823747091872,0.7810377393163673,0.2639740844415343,233.0725649109197,204.6685539091328,302.1985942626013,7.614209986231385,-0.0941177432662109,0.0157084042487836,0.0324565382998806,-0.0439003276951365,0.3875726822926003,0.0062163816642908,0.0,0.0731343325138309,2022-11-16,27.0,13,-0.0035993069358494,-0.0858589023045958,False,False,False,0.5,0.0,0.0,-0.014544058945615,-0.6468880255515023
MSFT,Falling Wedge,bullish,1,0.6531295155950327,3,29,1744,1745,2023-08-23,2023,2,325.2325788454507,311.1906586515702,367.3034664287761,306.007925398511,0.92861700960601,0.0451232059944408,True,-0.0121977522898358,-0.0264099814244057,0.0224077479651849,-0.0120520374035053,0.0265703871510982,-0.0098111064807882,0.0159582499235499,0.0266478220250285,0.0394671809832896,0.0136439701284731,-0.0333793353188616,0.0127075982437321,0.0107459177692104,-0.0596196151157381,-0.0586377362520993,-0.025882442069039,0.004859840457043,0.0438565376338784,-0.0134283869188729,0.0051089663143086,0.0182221035088985,-0.0162623589243453,-0.0127539174708581,-0.0088328976512034,-0.0091927690462952,0.0170432552924459,0.0043661696719403,-0.0398003870266052,0.0276063658991987,0.0031776157732075,0.0688291215831247,0.0427549976775476,-0.0040525772712824,0.0326349571156066,0.0598616934040674,0.0023585556563576,-0.0352785743761411,0.061868386096731,-0.0290983192471289,0.0442588102966865,-7.43311632218635e-05,-0.0301753253767531,0.0209473039922967,-0.0599868687935819,0.0140697432398044,-0.0188984272734184,-0.0400182315690742,-0.0135316847366305,0.0208491668549892,-0.0193430430119821,0.0149825812239521,0.0850648655906429,-0.0054882953184617,0.013979368289926,-0.0170960820619733,0.0359213565703622,0.0149825812239521,0.0801875991593246,0.061048301179986,-0.0032205766268623,0.0088614271053015,0.0497265828511208,0.0232905177660143,0.053196425565694,0.0803749187583777,0.0595764276323989,0.072823596111708,-0.097335591596777,-0.0666373379324589,-0.0045967089307432,0.0330830341841673,0.0240206278870429,-0.2113347284060469,0.0128817173988196,-0.000684208720716,-0.036602959910419,-0.003317320181057,0.0205019834390722,-0.1712497436583775,0.1344133244379763,0.0583643903724502,0.0528707035390838,0.0596864071232592,0.1384647910333794,-0.0140714095598365,-0.0136844694609803,0.1210362025859894,0.0165462501423827,0.0668082155001372,0.0307861481845681,0.1063484175064186,-0.0241859258934006,0.1324423916302872,0.1164128432594124,0.0873615818437232,0.0302356168940831,0.253730748941219,0.0241191341745059,0.1133622326498278,0.0755347384798823,-0.005691894656523,0.0072117966473188,0.1493653521351701,-0.0005341024145036,0.0053454665321348,0.0653683426972222,0.0873657199398842,0.1568726835874909,0.1039371822055847,-0.0324344477628995,0.1709111155578528,0.0159161217675329,0.0495494567492837,0.0176875442076593,0.0636816721214647,stop,1767,23,306.007925398511,-0.0591104787693337,0.0240646273263233,0.0685896718474563,-1.0,0.4071127121170944,1.160364004411353,2.188382105271323,1713,0.8613045892094716,5,0.0518683986131926,0.0038041806581836,-0.4296359387592787,0.0,-1.1282974125104634,-0.2669928233009919,0.1209939590191722,0.148121841306396,311.1906586515702,306.007925398511,367.3034664287761,5.505110035871005,0.1507658882006981,-0.020793042381026,0.0172295076048312,0.3057479828083818,0.6167239976819507,0.0042175908607193,1.0,-0.0273978823399492,2023-08-23,25.0,15,0.2968601072680787,0.1898453155341544,False,False,False,0.0,3.0,0.2142857142857142,-0.0231597141659196,-0.6144620738027906
MSFT,Falling Wedge,bullish,1,0.6060524101247453,3,44,2137,2138,2025-03-19,2025,0,381.2643195664349,381.8497392429031,457.7463034146099,369.2502483813514,0.7743048086364721,-0.001533115297208,True,0.0109659668734889,-0.001407766398157,-0.0035507196974821,-0.0214938418756837,0.015754534181223,0.0231362745649978,0.0404622381639232,0.0108985232018068,0.0892269195064392,-0.0151928768848135,0.0358385665966594,0.0008356129070727,-0.0419837525741771,0.0057139750457142,0.0491223057764611,-0.0337853098448986,-0.0561712773859078,0.0125709299972738,-0.0190094309248508,-0.0013805655974769,0.0647211410032169,0.0086070618702789,0.0027499514720001,-0.0093328032452165,-0.0144596563340099,-0.0540214596916852,-0.0380754039362594,0.0080506341780601,-0.0174890871157833,-0.0789136867200055,-0.0258825725863622,-0.0027372429008053,-0.0648069975056597,-0.0597505288870872,0.052326581555431,-0.0111765897827601,0.0158000663822914,0.0432711549396738,0.0130064530085873,-0.0402708562937281,0.0350230373669426,0.1058626777670341,-0.055940775013013,0.0441093113577681,0.0111035785081259,-0.0033072179767548,-0.0366310223020064,0.0274321980435645,0.0341305474982642,0.0002929296281697,0.0271294607465013,0.01440738586434,-0.0447661568847729,0.065763720251758,0.0198605610293101,0.0354679133969453,0.0676435571403166,-0.0138197084277854,0.0221509538490032,0.0474132916005836,0.0357761459997334,0.075316034213865,0.0438961337878756,-0.056660568070082,0.044399770508215,0.0545737949984534,-0.0132869032678831,-0.062511148168163,-0.0564899080867388,0.1768596943609841,0.1255466533306681,-0.0813275169147611,-0.1047580579934661,0.1085448778964552,0.0839664172291076,-0.1862964378068726,-0.0852136970039799,0.041584712920599,0.0603402959965924,-0.0222285406726058,-0.0474195715008191,-0.1015388806467234,0.0298459529337458,0.1052344005553156,0.0544413406830122,-0.0222285406726058,0.0273404982926883,0.043310173186418,0.0380998347382546,0.0708371302945405,0.0101450132667677,0.175725724121901,0.2335560632077093,0.1705985332096145,0.0786944659435859,-0.0489724740678213,0.1064763318728869,-0.0026767598725789,0.2553553421382653,0.009166362471475,0.0182873195735122,0.1062023369003968,-0.1756676180838212,-0.1285358789536518,-0.0135523335704654,0.2484723078846928,-0.0124586460565966,0.2903238479882746,0.1320938856697677,-0.0569689373725181,0.0058283728898644,0.1339466246323766,0.0488427513020064,-0.0243210110773198,0.1850292486970928,stop,2145,8,369.2502483813514,-0.031511134319481,0.0275313475339949,0.047959790027323,-1.0,0.873702204905213,1.5219950364551926,6.366033850634584,2093,0.6419507341614483,7,0.1656528899441179,0.0036193411892202,0.0209295711561583,0.0,-1.3353855158331538,-0.6934347816717076,0.3453312188582396,0.1197115739247274,381.8497392429031,369.2502483813514,457.7463034146099,9.944689407833778,-0.0812802394489431,-0.0538236003651922,0.0259435554515186,-0.0972885965734352,0.6725373679629538,0.0052411027114764,0.0,-0.0747230613892108,2025-03-19,21.0,5,0.0333049954971995,-0.0343249904712479,False,False,False,0.0,2.0,0.5,0.0192992944304691,0.8976971473545567
MSFT,Falling Wedge,bullish,1,0.6824635480706531,3,26,2257,2258,2025-09-10,2025,2,498.1514106544788,493.1161713048341,548.8673340617152,486.1312108095385,0.7874949317134224,0.0102110610899679,True,0.0154703176024384,0.0078272273076991,0.0439564838770649,-0.0017196196257825,-0.0349437969056695,0.0038283717108318,0.0269683723915232,-0.0029407447898929,0.0079023775077247,0.0003274302699394,0.051908828856934,0.0293896525636137,-0.0067495112780779,0.0187020859213093,-0.0099667494589626,0.0048538541431186,-0.0151558571530543,-0.0746689535459035,0.0926208538032125,-0.0588821293585443,0.0128091877514671,0.0021758610187032,0.0109495177174606,0.0157291480801211,0.0023494162231094,0.0232688488571741,0.287160478290392,0.0141010585707768,-0.0065303229389342,0.0450716973609812,0.0059125462932967,-0.0119149931112945,-0.0126459444945037,0.042900081280482,0.0404170815198119,0.0303664823553377,-0.0010747116493907,0.0345079354746877,0.0575592470333661,-0.0624190607966831,0.03862247741924,0.0252223270580009,0.0234229538855377,0.049043406481076,0.0093918184081032,-0.0158900222847517,0.044997330926598,0.0132077454103283,-0.2194029552364513,0.0474038784825312,-0.0402901964611371,0.04487111472718,0.0216025471482703,-0.1323844299630969,0.0332143113820204,0.0351798133019001,0.1060337118815577,-0.041585258050524,0.118733645323058,0.0721194040793018,-0.0139827670490023,0.0358419903354618,0.0539988864571705,0.0332143113820204,0.041208456099538,0.1898494472393905,0.039504983289992,0.0333388139691497,0.0220738455096815,0.0097759858317623,-0.0288656469205332,0.0043675097862536,0.0265633376985168,0.0728126192966096,0.0535166400437985,-0.0876797936305431,0.1558936304997913,0.1230182681249059,0.0322166932722827,-0.0007562314201924,-0.0631352176266478,0.0637340537206905,-0.0717117988264857,-0.0111953981150627,0.0331314512737361,-0.0637295752415311,0.0298459529337458,-0.0203215128407091,0.0518599687513614,-0.0256466063991945,0.1252543503509604,-0.011625931250852,-0.0408363690216991,-0.0899168178300021,-0.0578166633016675,0.1264381367799241,0.1414866335956515,0.1482463880451501,0.0519504520595286,-0.0780280734852681,0.00638201997242,0.3186890851935835,0.09063327223115,0.0983742405357235,0.007264284191357,0.0161645443262319,0.0731272169725874,0.1854093625005377,0.1129926905317439,0.1609644161684464,0.1624676849351016,-0.0928962668348155,0.324485059978723,-0.0569689373725181,-0.1278046463728787,target,2291,34,548.8673340617152,0.1018082501073418,0.1024786941883848,0.0087008364702589,4.219224643638881,4.2470097611115385,0.3605875124745045,4.219224643638881,2229,0.7432621395041077,6,0.0677002483017227,0.0837548308657023,-0.0756253415167644,0.0384615384615384,-1.7421943565617124,-0.9989322170575824,0.2936734032759362,0.0582453890609921,493.1161713048341,486.1312108095385,548.8673340617152,7.0215212282028165,0.127352854515393,-0.0174020881474256,0.0141481144855965,0.3197862478926812,0.5606741046315358,0.0091691793903232,1.0,0.0148127052079045,2025-09-10,21.0,5,0.3353508244063523,0.2065153813289408,False,False,False,0.0,0.0,0.0,-0.0960625431775773,-2.1032486771652885
MSFT,Falling Wedge,bullish,1,0.6490790726961712,8,123,2404,2405,2026-04-13,2026,0,386.3543213772784,377.0098781694669,568.5792959800965,340.4168950618009,1.128011711241776,0.0247856720709347,True,0.0777222004666799,0.047141665155691,0.0128374520891183,-0.0121457016596636,0.0002877188810181,-0.0280249329193864,0.0021758610187032,-0.025885885891228,0.0698455437576597,-0.0245928272019146,0.0711099542068101,0.0323284619815968,0.032292717486654,-0.0541942357762805,-0.0299833266432284,0.0088188902101919,-0.0139280300424036,0.0426121845758065,0.0032642364720036,-0.0191336578530479,0.0053035471570612,0.0005068148281082,0.074047461232801,0.0951226731177143,0.0551628452506276,0.0345369554194747,-1.783956405931875e-07,-0.0032424004838982,-0.0749327680839334,0.2806558474739831,0.0839708302267021,-0.039055905445039,-0.045073832134199,0.0309668724520992,-0.0471603990411586,-0.0057562344460805,-0.0453340154212504,0.0277524421259216,0.0621538356613928,0.0544254224424642,0.0434803061598809,-0.0446946968934978,-0.0163840758374405,0.0247312958316736,-0.1594097249106805,0.0870411942826756,0.0637759772834056,-0.0112723316345324,-0.0139442836216014,-0.0612756714681612,-0.0294879478766233,0.1075544838384154,0.0479385398378235,0.0194586167604244,-0.0076311157574114,0.043514634978526,0.0481601149053769,0.0426746830328721,0.0813888296445588,-0.0063617926659333,0.0946116505651843,0.0325459835918482,0.0102551152993117,0.136476122774285,0.0537415970638581,0.031267787151807,0.0189836262562945,-0.1092703219718332,0.0367459446664545,0.0421832648882096,-0.029593245384536,0.0495513880765881,-0.0337018309809951,0.0413401037962513,-0.0714048577495074,0.0393002685193342,-0.0200338701835379,0.1121440043395105,-0.002121608982022,0.0351625792053897,-0.0943406724146495,0.1335267252783052,0.0908935641599395,-0.0231659460148991,-0.0479179443239139,0.0646193059189748,0.041584712920599,-0.0802450742175436,0.0366903725850569,0.0190912597402537,0.0173679435873779,0.026766243725184,-0.0070312000196092,-0.1029415520761701,0.1262601641301619,0.1391424112001904,0.2234981218593832,0.1181267836046384,0.093343849634317,0.1693641235075749,0.0216537192544812,0.1366159286393569,0.330210474517439,0.0737969299800103,0.1515701375207572,0.0292438486142849,-0.1076608398758613,0.0535091369301556,0.1252162010548536,0.2331670433703911,0.0968975605260542,0.0889649833336736,0.0708661097173595,-0.0069530869692603,-0.1153728800471072,time,2464,60,383.6377868652344,-0.0070312000196092,0.2047071514383498,0.0978647067247779,-0.0591355400145423,1.7216787904461286,0.8230859973254238,3.966808531052206,2281,0.4237577440717242,7,0.1241101877705329,0.2114684323324358,0.5762578508952094,0.0347826086956521,-2.633650247331869,-2.209892503260148,1.1871677420857132,0.1323508653465427,377.0098781694669,340.4168950618009,568.5792959800965,9.004226366957075,-0.1857682349324595,-0.0211114106100114,0.0235208674982527,-0.2611632416697255,0.9874250604933376,0.0073879613351133,1.0,0.0387802066761975,2026-04-13,21.0,7,0.0113081628150197,0.0236962725068474,False,False,False,0.3333333333333333,1.0,0.1666666666666666,-0.0460612811367695,-0.5183580659511735
MU,Falling Wedge,bullish,1,0.6432835205509125,13,120,585,586,2019-01-15,2019,4,33.193671785512954,33.85700286761066,56.534831515552014,27.045258858093007,1.4231622261538477,-0.0195921382849951,True,0.0058755358046977,-0.0040158586727288,0.0124365136036119,-0.028115814667707,0.0242717549081052,-0.0421488033389769,0.0628324608371555,0.0242281897448097,0.0006281961372716,-0.1073159608806454,-0.1102025804768211,0.0030172259195293,-0.0663951636285274,-0.0162822217311434,0.1046491083749576,-0.0170998815251468,0.0086782684603858,-0.1357546691184302,-0.0283673685114314,0.0203357223219768,0.077113474904495,-0.065305450781737,0.0198153857771112,0.1233842902682593,0.0975056242322998,0.1568797468588296,0.1053708307908873,-0.058206651922013,0.1552916859791675,-0.0104517361114326,-0.0040181853481593,0.0563806406883822,0.0264088959029955,0.0216525896076469,-0.0017114685561859,0.0902236186678024,0.1355167328882414,0.002330608985064,-0.013589255730771,-0.0325340188251669,-0.3686811907625253,-0.0689195182370052,0.0912350398811994,-0.0136287800175952,-0.0039874562292742,0.1101061838427549,0.2244417846301947,0.1701541634744425,-0.0683918048253369,-0.1139650020777742,-0.1559056382673281,-0.0664451239710597,-0.062107928578285,0.0317462973490376,0.1522121819750235,0.1556694961607856,-0.2312583127985515,-0.1007965094559075,0.235971559816307,0.4502094913607988,0.133973652715986,-0.1480125195834655,0.4142690929080392,-0.0902010051989412,-0.0012485971024338,-0.0832399548982345,-0.0222284277379668,0.1289078036465329,0.1964838470583334,0.1283782442589136,0.050434826188817,0.3522094812732739,0.5895403341705094,0.1541885551249979,0.0706976111607202,0.5991555408382399,-0.2463003363636879,-0.0689981129884584,-0.1783833611571486,0.1071877306821766,0.0819952284874543,0.1645517727576757,-0.023540299182415,0.1762630606510431,0.0590879290673371,-0.0076255595061746,-0.0863364668554428,0.3166461209302409,0.0224717981390374,0.0976491013215992,0.0711022825569798,0.0158001237035157,0.2420680116079099,0.1322283280385436,-0.0358494173038139,0.1397286205070422,0.1558586203032526,-0.2288920086104742,0.5434949909311984,0.5372769968566218,0.0449372663128118,0.1291762834091965,0.7693870619530847,0.2395282811913139,-0.2193777096458359,0.912712506243576,0.3424807867206123,-0.210873846206167,-0.0313316014173634,-0.130864415191498,0.0947086013526501,0.1808118506760039,-0.1149182629818601,-0.0306308777261461,0.0876998252391996,time,645,60,41.228797912597656,0.2420680116079099,0.3175672444094722,0.0405406501738638,1.3068618230325129,1.7144624157800663,0.2188683570423804,3.796290198068022,461,0.4137437598027507,6,0.1282630645922247,0.36753133292311,-0.0653553086815164,0.0267857142857142,-1.702087071120713,-1.288343311317962,1.235683265509519,0.2199914099767035,33.85700286761066,27.045258858093007,56.534831515552014,1.698132372204977,-0.2742994294585243,-0.0501819210755782,0.0512335750153994,-0.3946572883694711,0.2151902401572229,0.0100952519354657,0.0,0.0053761818958335,2019-01-15,23.0,12,-0.1980541169535076,-0.1295453098052985,True,False,False,1.0,2.0,0.1818181818181818,-0.0278909323182299,-0.3216680057744873
MU,Falling Wedge,bullish,1,0.7869375199062637,8,90,1230,1231,2021-08-06,2021,3,79.69796431514324,76.80486500296377,95.93860997345,70.47154217664536,1.521611725931123,0.0376681778174836,True,-0.1322647793311937,-0.1400846168712073,-0.0445898488821403,-0.1505869422469764,0.1036239957164908,0.0271384359596718,0.0508361489523065,0.0035247287464208,-0.0878498321952038,-0.0437240953668228,-0.078607154316947,0.0479235531449093,0.0079988404885744,0.0083333495621569,-0.0747121046487753,0.1313946161647514,-0.010326946310016,-0.0158471296178299,-0.0546838436058181,-0.0368654032067968,0.073764245388773,-0.1148331231369944,-0.1193603538606804,-0.1407072981368108,-0.1427412661296075,-0.0314516319040402,0.006219128326294,-0.1248760999607738,0.2074225658686139,0.0075920861766569,0.2276702385522806,0.1363376419839328,-0.1695521417893508,0.0814131079299242,0.2171684636959507,0.123083231399609,-0.0732258923933514,0.0050457989679186,-0.1932988373146001,-0.1473618061888217,0.0947061192698222,0.0980357533774625,0.0877671246809739,-0.1249799949182497,0.0115056002918114,-0.162668320939414,-0.0969044564400146,-0.1209066190431299,0.0899708043702331,-0.1809287813115494,0.0073874376262019,-0.0499596892744623,0.1928572124462717,0.1536264324468614,-0.0212461117095289,0.0435178372557649,-0.0123941985857909,0.1248426195639154,-0.0607411577132724,0.1595630694578587,0.194470188285472,0.0459626540127195,-0.0469045482496887,-0.038421515966717,0.0708588006668025,0.0516473840057947,0.0556292214640716,0.0854078903121675,-0.1401617338951709,-0.1347275954745186,-0.1065967141820619,-0.0165852056758097,0.1762630606510431,0.0567459465028299,-0.0499040418880982,-0.1007768798471766,-0.1011261770969421,0.06449456645203,-0.1986020478067054,-0.0440110770894318,-0.0930377279292156,0.3765524751266247,0.1343620626275699,-0.1066425748309689,-0.1042268210802209,0.1308189055651367,0.214002119763589,0.0015710391953416,0.5459345778573377,0.2051529346109355,-0.0890602422474056,-0.1848238401175417,-0.1337475235005084,-0.1768108139043364,-0.0635849700043765,0.164791774069331,0.1566147892966878,-0.0202954800221508,0.1507785985205754,-0.0641134202055975,-0.1807226489744176,0.5748201026878377,1.4518988888386015,-0.1442213679830384,-0.2425378005123335,0.270621856445955,-0.1379015394272872,-0.0558089174922447,0.072528867028998,-0.1840276366436516,-0.3178477043283312,-0.0387164131161898,0.481923127273262,-0.0290366134122888,-0.2260056981024755,stop,1234,4,70.47154217664536,-0.1157673501171822,0.0037929468476824,0.1580814444952993,-1.0,0.0327635282646024,1.3655097429049368,1.7602322346103736,1137,0.6052546650235962,7,0.1435456654303367,0.3600188897716403,-0.0185209014524028,0.0116279069767441,-1.0247339215150344,-0.4194792564914385,0.560408368612285,0.2150578757357926,76.80486500296377,70.47154217664536,95.93860997345,2.217044524468395,0.046057625682125,0.0301635098551718,0.0277264917579406,0.0110974259493883,0.5191256602782417,-0.0035587286483074,1.0,0.0160038523863665,2021-08-06,31.0,16,0.1813433179854973,0.1654616303223126,False,False,False,0.0,1.0,0.0666666666666666,-0.013112918081682,-0.093575203216566
MU,Falling Wedge,bullish,1,0.7482427280911006,8,75,1426,1427,2022-05-17,2022,0,71.63424622143322,69.50780196890321,99.83032180216082,61.54895827255186,0.9762091992863836,0.0305928858674218,True,-0.0896422467923002,-0.065825728052002,0.0240575158891505,0.1250140521327178,-0.0612998484429894,0.0408946940702839,0.0795332200479008,-0.0275828724036116,-0.0541792722804712,-0.0164487322620302,0.0288988777725349,0.0744098923710776,0.0069587175957441,0.0416368163188338,-0.1435544624552372,-0.0355388575487447,0.0690934085531851,-0.0476459671351824,0.0918759211686806,0.0257893524071088,-0.0424462664703932,0.0009245503957173,-0.098661783778514,0.0050560066034142,-0.0100369544415923,0.1618345524678233,0.2074225658686139,0.0777634647611023,0.0274240204860105,0.1467891377633856,0.0329449017289542,0.0036599505942314,-0.0379654998245027,0.1749644889913058,0.0217076098195734,-0.0010370580806825,0.2415105624957061,-0.041162606772694,-0.0477808097159909,-0.0061706281308639,-0.1141452795234366,0.132783724958506,0.0585403405963189,0.0484630484912294,-0.0192830082177761,-0.0483571673344265,-0.1921290932437876,-0.1319062648938834,0.32527761232457,0.1017340297200595,-0.0836010686993447,-0.0606214569834395,-0.1264712020619637,0.0979345206088027,0.2547733709637787,0.1203368661129409,0.2290564274542255,0.0513630576657118,0.0689833792485932,-0.0607411577132724,-0.0444957157151187,-0.0719802053026825,0.0979345206088027,0.0251642686456956,0.0676285490699877,-0.1623522466739388,0.300151457487785,-0.0485159335018082,-0.2462070469067569,-0.1575504303886254,-0.1161467331909408,-0.0747167387045446,0.0223767424046357,0.1921501192596995,-0.1645603541747772,-0.1808908094878847,-0.050426857805581,0.0110468740167082,0.8268019469655268,0.7817588042297188,-0.0805916487906006,0.3763131429658695,-0.1028466672672082,0.4753083658034278,0.2205926052743416,0.3173556965520563,1.1026239182534567,0.2846244748060733,-0.1385188685716577,-0.0076255595061746,-0.0095692429761102,-0.3476107275509742,-0.1094923009152308,-0.172552807354442,0.2232111327998081,-0.214363560963251,0.18576191594729,0.2239843339382217,0.2700272921574393,0.3803804348116268,0.054416338047432,0.2601317385345691,0.2676398964946802,-0.2149161210255059,-0.0003669281055735,0.1744217263960146,0.1074391596742647,0.0632753075273895,-0.0965306920290429,0.6015763418532014,0.1996881135308468,-0.1778032424137783,0.2658116708643427,-0.1015081211448989,-0.2331061377599847,stop,1443,17,61.54895827255186,-0.1407886378493615,0.0304725635301715,0.1489478928615654,-1.0,0.2164419231243366,1.0579539310617807,2.795763068307342,1351,0.6181646070337784,6,0.056434584713003,0.154079945986219,0.0481096513731384,0.0,-0.9975706521170626,-0.3794060450832862,0.4235690461519971,0.3451916428863149,69.50780196890321,61.54895827255186,99.83032180216082,3.319792799176689,-0.0472795678260652,0.0140691504562002,0.0455347679491461,-0.0275946949364596,0.9031008439642054,0.0252587514757751,0.0,-0.0825094641007874,2022-05-17,30.0,11,-0.0486873474998397,-0.0136306760532659,False,False,True,0.6,2.0,0.2,-0.0127535143400805,-0.0078350788912412
MU,Falling Wedge,bullish,1,0.6342249415085691,3,16,1570,1571,2022-12-12,2022,2,56.20994969173995,53.45020700320117,63.06578366793872,50.664847667477545,0.8622959752635847,0.0516320299446828,True,-0.095646039142772,-0.0262809792003217,-0.0510351768581839,-0.0755406362615068,0.0865672026452497,0.0701944382451176,0.0626253865133346,-0.0486702792605728,-0.0100864692071332,-0.0182217368933214,-0.039312983932052,-0.0631638160207842,-0.1173467547618647,0.1145713096298692,0.0058402217533504,-0.0041824545173866,0.0236994786603117,-0.0216125180759906,0.0102455470618518,0.0279534852810137,0.1599051597402583,-0.0389681618658719,-0.0993191012365564,-0.1253715902913202,-0.0593860670277729,-0.0437722533035516,-0.0045791301729587,-0.1117646721259806,-0.0010542775166012,-0.0356137642116565,-0.0401069247112524,0.0193960874528646,0.1195556844997751,-0.0037593258016518,0.0632040648859646,0.0503710985496208,0.0861143911294182,0.1115695577503887,-0.0909780720024213,-0.0172555520328777,-0.0401069247112524,-0.023010449706644,0.0461761250343204,0.0325797958045226,-0.0412782268044233,-0.1291559518916004,0.0175226452195675,0.0489296439540225,0.0257142777266874,-0.0427685632190389,-0.2128352214645819,-0.104325832363749,-0.0220183963518725,0.2361441617539268,-0.106612855598937,-0.1443877794204942,-0.0633945571234116,0.1846138872069231,0.2329735896600564,-0.0249853831492571,-0.0101312689074108,-0.0694742421963445,0.2689611930918132,0.0768067669854752,-0.0735921702125428,0.0615713903094938,-0.1989597655089212,-0.0340121017488296,0.0185582887461183,0.0546765132567337,0.0577496934459142,0.1639461518208753,-0.0553782264922961,-0.0709595126116886,0.0136811384022963,-0.2325399973394512,0.1817821658140326,0.1506878471152122,0.1789854416844134,-0.1368978524632819,0.047408767053229,-0.058772620177129,-0.1386960114596119,-0.0005631776775291,-0.01576736397687,0.127294525424422,0.1749282903373024,0.6098649903051605,0.1283782442589136,-0.1847705518733516,0.0777758591784747,0.0066571078905776,-0.0373318140167848,0.0176092311254892,-0.2558524482924338,0.8247510631300812,0.0466665155885031,0.0675254703836614,-0.2632512094953331,-0.1779910508140748,0.220031692167208,0.1100983963435171,0.2531290705079487,0.1744217263960146,0.2075145311619948,0.0576595440155429,-0.1349231159568017,0.4803498734293274,0.0828297489174287,0.2432344284282861,0.2305158203460828,0.1602826354393776,0.2710793391745831,0.3420442246680888,-0.184337626793735,stop,1575,5,50.664847667477545,-0.0986498307625644,0.0122399157151324,0.1064871436744822,-1.0,0.1240743711420255,1.0794457816230931,1.2363765258423196,1552,0.5759475117087651,6,0.1243865712982846,0.2007610862244337,0.4297394037854474,0.0,-1.2481461996313126,-0.6721986879225426,0.6277524964359031,0.1164551672789755,53.45020700320117,50.664847667477545,63.06578366793872,1.9980192336470897,-0.1198811801391603,-0.0045850211233379,0.0367272995890323,-0.0554829630519573,0.9852928526816926,-0.0246036286420227,0.0,0.0011041798162141,2022-12-12,30.0,11,0.0269070942550198,-4.708489711802155e-05,False,False,False,0.3,1.0,0.1,-0.1146287459194565,-1.5526026222075804
MRNA,Falling Wedge,bullish,1,0.6403319362963976,3,38,1702,1703,2025-09-17,2025,1,25.56999969482422,24.33073959101523,34.803895780129494,22.800738053243663,1.3676781064302963,0.0509339265735522,True,0.0121235615816268,0.0105482069304125,-0.0930989181942997,-0.1152006840912687,-0.0659917594243368,-0.0383579884248579,0.0443103395659347,-0.0361646562433972,0.1582382113612017,-0.0364999771118164,0.0729400099582171,0.0818042584912372,-0.0457593621284535,0.0488165551084069,-0.0376453160570026,-0.0378623432741802,0.0984440783492368,-0.2776760945571068,-0.0905292794827029,-0.0748926428567747,-0.0115050154785557,0.0073700008397361,0.0345865907641659,0.079389937851912,0.0666790387027687,-0.0347628842853501,-0.0089673581330673,0.0842751881035639,-0.0334739769690295,-0.0253846095158505,0.1551724137931034,-0.1276641798678727,-0.0542016407366082,0.0838286549670108,-0.0906706642139597,-0.1710965217516009,-0.1312910262545491,0.0342772008593019,0.079389937851912,0.0300237577767252,-0.009286775605181,-0.0896920506392138,0.3079999815742924,-0.0721791891975872,-0.0437230585668049,0.0852612778924503,0.0840828957446355,0.0763413387999978,-0.1298342419812289,-0.1765796742310591,0.2777421347867843,-0.0926923018235427,0.1474377116244598,0.378283674508699,0.1227272658308675,-0.0107484255072943,0.3571950838239559,-0.3098468186218325,0.0943651976137449,0.2632352384774796,0.4497979043033362,0.423101247971702,-0.2023071808307359,-0.2285864542570607,-0.1229425940891029,0.0898394828494686,-0.298678766512741,-0.0628842827116585,0.0356516856834235,0.0445834729469782,0.009253531086012,0.2616064907764159,0.936642467662629,0.1487666895635693,0.0267988086773158,0.3878550463615551,-0.0800146316005357,0.1962973622140074,-0.1243090121498523,-0.2507232474941816,0.0423964407296366,-0.120954396459336,-0.0870860170035788,-0.135560534118902,-0.0590824234041078,1.1716947105010456,0.2421816364659468,0.1304402880060222,-0.003199971516927,-0.0037509520645939,-0.0234756469726562,-0.0882426824616953,0.1587798011106036,0.1146779199643091,1.6121457163074189,0.0800145619129737,1.0461569204222432,-0.2399999794839811,-0.3194991520556846,1.561288090475581,-0.1016864800374038,2.199294905994849,-0.2283793657519796,-0.4865070124242996,0.5590949298596535,-0.1393650972508394,-0.1600116393235553,-0.3701981785216764,0.3620109288223443,0.0251313713337697,0.596621544340217,-0.1606830454201624,0.6959417098370524,1.3990499681866924,-0.237741233750557,stop,1748,46,22.800738053243663,-0.108301199633612,0.1517403642715181,0.1271020742584464,-1.0,1.4010958769142243,1.1735980274312623,3.3344253019137007,1663,0.7728017744357152,6,0.1840883262066796,0.3053463428492271,0.2934119883412656,0.0,-1.1949424299871694,-0.4221406555514572,0.2258879992147776,0.2394945767468312,24.33073959101523,22.800738053243663,34.803895780129494,1.2358571461268837,-0.2033503874032241,-0.1098355999899574,0.0494342858450753,-0.2605738247692198,0.5828875205396876,0.0004025857013045,1.0,0.03027459427385,2025-09-17,27.0,16,0.020737954248085,0.0554489791608969,False,False,False,0.3333333333333333,1.0,0.0666666666666666,-0.0998072014989653,-0.1061074087274389
MRNA,Falling Wedge,bullish,1,0.6356004689818665,3,28,1752,1753,2025-11-26,2025,0,25.01000022888184,24.76666662428113,31.30000114440918,21.624264285438898,0.4929382127290134,0.0098250446171124,True,0.0191923045919053,0.0140075855578094,0.0329725156934614,0.0391768798252638,-0.0861865965639127,-0.0378623432741802,-0.0467340786042431,0.1876317752765253,-0.017469934268861,-0.0051034036363177,-0.121124752634276,0.0109803859645654,0.1492222256130642,0.125172919421973,0.0537699571816245,0.2389380202772808,-0.0575765777805411,-0.0512194645397713,-0.0253086902331745,-0.0116731833052315,-0.1494545676491477,-0.0520626387372235,0.0103878821905614,0.1847260651581095,0.1725209048749021,-0.0347628842853501,-0.0654101552958331,-0.0475414516486414,0.1800616205552259,-0.0869429445966976,-0.1227975215303726,0.0553902855488932,-0.0749374742333353,-0.0942568920449785,0.0295877457415492,0.2034463531949577,-0.0882015514850884,0.0057143256777809,0.0983063645219839,0.0282186675942144,-0.04604650098224,0.2791692881879155,-0.1116660869089144,-0.2474509594487208,-0.042112923710724,0.1938376999155283,0.2475010186888895,0.2306255670570245,0.3117409108357825,0.3070443450510403,0.2257432356533506,0.446272961348032,0.389637344820382,0.0203083491944302,-0.1139980332663976,0.0440097596554274,-0.0920745824017903,-0.0584639433674103,0.0177390313398155,-0.0486971582348468,-0.2957492023166037,0.1481838990664938,0.1544833076144689,-0.2158369047629782,0.0440097596554274,-0.021529306589068,0.0448605269460704,-0.193584718370375,0.1917960395953269,0.8172731046380906,0.7927671905395393,-0.0700902317541123,1.6879875120734271,-0.2792620392254608,-0.2022220678470007,-0.5880971057784801,-0.4462607601900142,1.2246539853109444,0.4049469750326038,-0.1427290166670817,0.2996373397561971,-0.3849385731204306,-0.1302289889968989,0.055064494078441,-0.2966369024739503,0.2153020707302015,0.0729483320120063,-0.4518518296684384,-0.3393579436841825,0.2396961032994309,-0.0517730834156582,0.7764336911645133,1.053978347131804,1.032919337631299,-0.096175341242609,0.0736305576980493,0.1513677602208953,-0.2333348781982313,0.2717452137413514,-0.1916446850760328,0.9639999389648436,0.1051281660031049,0.1130360246797175,0.2251755090702842,0.2052180839227446,-0.4975469982885327,1.1787234367208277,0.5395654696587122,0.0934886027265884,-0.2187767313678363,0.781466124545249,0.0337794612584843,0.9028985410096192,0.1927648304238955,0.8242528928082478,target,1766,14,31.30000114440918,0.2514994345447296,0.2674930217046509,0.0435825726754352,1.857794293648034,1.975936885159029,0.3219389139601587,1.857794293648034,1724,0.4068860653246972,5,0.0685991986303442,0.1063377275908645,-0.118941825088444,0.0,-1.010377180980673,-0.6034911156559682,1.1943664798267832,0.2219693383916427,24.76666662428113,21.624264285438898,31.30000114440918,1.3563571657453264,-0.1034629129184965,-0.033459826896793,0.0542325930960604,-0.0712959544944724,0.6702135214708528,0.001212148955374,1.0,-0.0112163674826599,2025-11-26,27.0,16,0.2602315437545588,0.185211057656091,False,False,False,0.0,1.0,0.0666666666666666,-0.1561958023262772,-0.8165650874310367
MAA,Falling Wedge,bullish,1,0.6592806311232702,5,47,835,836,2020-01-13,2020,1,104.89267749537125,103.23916593961766,110.42170247948754,100.18094973913476,0.9649888299357722,0.0160163203635399,True,0.0220162293266239,0.0103207108155798,0.0157726131871616,0.0170406096604085,0.0078437934508386,-0.0486546562472191,-0.0075080027143186,0.0568697516817808,0.0287252014952419,0.0396670819903648,0.0147762718299215,-0.0163981693692314,-0.0429908059411128,0.0187660876800945,0.0091264464143405,0.0219219787741695,0.051934811774583,0.092824870028171,0.0036886398561579,-0.0155818230970602,-0.0333717873397373,-0.0009630309610675,0.0113417352189495,0.0362663729349745,0.0380376519884644,0.0049740601864041,0.043753638920746,0.0250218050958173,-0.0179579554684726,-0.0120410368773964,0.0418438243483407,0.0253474970486669,-0.0233716998239933,-0.0260455844658067,0.0373697832813142,-0.0848233579925176,0.0067506007503557,-0.0537941262467287,0.0357885210333863,0.0424864340788357,-0.0623783418156624,-0.0565110392853781,-0.0414638371527177,0.0210688530720633,-0.0710529116389029,0.0445181165825569,0.0701954005864315,0.0464068573538132,0.0588130650757388,0.0321205841945884,0.0118705848092328,0.0213370705359592,0.0422204131430221,0.0472644708012752,-0.0629646833384571,-0.0058261737197462,-0.0039105409385323,-0.0248569932028287,0.0227685235613326,-0.0556391092171346,-0.0483483520846143,0.0013063166484645,-0.0047766770528022,0.0191574123282316,-0.0244515753543907,-0.0335820199357772,-0.0382413119744541,0.1453959085637528,0.0652125549442885,0.0094248857015935,0.1716077867225239,0.0438682611494869,-0.0289563599479255,-0.1119564352102869,-0.0687723537624682,-0.0294495680132952,0.1024429271231157,-0.1130776466924238,-0.0944025366405288,0.0363280983848739,-0.0329455987501078,-0.0104522269418808,0.019631538734123,0.0685911851800071,-0.0361998865869268,-0.0598196668258622,-0.0284360383015287,0.0701273465429916,0.049512261406845,0.0553181361263392,0.0553957963874018,0.015087524033496,-0.1636131335002624,-0.0053431387182371,-0.1734384342706733,-0.0382054644296043,-0.0328524760854719,0.0394026611587006,0.0807464019876065,0.0782778866038156,0.0604801431577177,0.0548578082374529,-0.0270333767646934,-0.0011830520372209,0.1506497921282392,-0.0162146704030139,0.047041633419822,-0.1010647076586133,-0.0159273044879389,0.0646881499419629,0.2014058646157766,-0.0115221336289013,0.0093754172759055,-0.0066118953968926,-0.1817567456684612,target,850,15,110.42170247948754,0.0527112579842408,0.0539848457455779,0.0136469689509025,1.173460197652126,1.2018128608838157,0.3038093852221538,1.173460197652126,787,0.5315186530299193,6,0.12307111446377,0.0960127004649065,-0.02992700729927,0.0,-0.9003956904369291,-0.3688770374070093,0.7212822387435109,0.0668179393138641,103.23916593961766,100.18094973913476,110.42170247948754,1.4151423908139955,0.0866124118714766,0.0012823043091303,0.0135015151590356,0.1120082497324825,0.944826207288462,-0.0014353572662637,1.0,0.0392031280600506,2020-01-13,4.0,16,0.0383311447213348,0.0296566357531631,False,False,False,0.1333333333333333,3.0,0.2,-0.0124881343472825,-1.204153302698209
MAA,Falling Wedge,bullish,1,0.7597562848712981,3,47,1535,1536,2022-10-21,2022,0,129.2977318547174,126.60397169977114,161.16674371903173,117.50615202134396,1.5604158332282974,0.0212770588377293,True,0.0360544302939493,0.0011239241749196,0.0315080980263906,-0.0204127913283954,-0.0352721196672591,-0.0213304514487419,0.0063704760292353,0.0001420638403377,-0.2351142352269514,0.0337001661186242,0.003210290766729,-0.0082934970587511,0.0035405529778229,0.0243670594305414,-0.0738009720640821,0.0040792509654599,0.0709270044919372,-0.0004877861144551,0.0251061042448705,0.0114647968378738,-0.0412422276479176,2.420024765936724e-05,0.0471301311229029,0.0169356464962799,0.0157119091032196,0.0302894978392063,-0.0253954126307446,0.0416413790831002,-0.1005067402892967,-0.022555245130885,0.0149108935806412,0.0199063146674318,0.0009719131623442,0.0141468007238492,-0.0406886089149683,0.0170319469614224,0.0006328831963786,0.0526459489084485,-0.0065676080422202,-0.0219206240147666,-0.052554404955141,0.0105293227522824,0.0673993954268088,-0.0333214962786159,0.0026067722756655,0.0184755000802329,0.0499471346766835,-0.0036323586366737,0.1261933578280145,-0.0398617250069871,-0.070162118052075,0.0964770310009615,0.0430183613463286,-0.0167744819077707,-0.0099534701216663,-0.0290520799833928,0.0683911542926358,0.0809593793669458,-0.0629646833384571,0.0176769154154867,0.0455354055704624,0.0521676393627992,0.023328344345767,-0.1094634296944084,-0.0609984235915913,-0.0077275405989708,-0.022891088999405,-0.1425738066528619,0.0508808976475928,0.02745460057836,0.011824927021437,-0.1239139726569661,0.2135837601718964,-0.0670660014728816,-0.0175192978232394,0.042682584755489,0.0818619565740532,-0.0900596843118928,0.1788573050250534,0.0670776515218816,-0.0565714227853006,-0.1763721209769859,0.0824640531665492,-0.048550578248724,-0.2578693074588476,0.01329911288852,0.0185832871851623,0.1453735954525321,-0.0168618914574183,0.023097911941994,-0.0638851164683312,0.0300440093272328,0.0361560393260209,-0.0025112757065184,0.2156578728803868,-0.037776814693998,0.0699285632062216,0.1633659923462092,-0.0082045067658821,-0.0897599610132495,0.0765310514732982,0.0823304901271746,0.0132550287010382,0.1325296182263975,0.0611383684266992,0.2209932456383865,0.0225888082129566,0.1074165675798399,0.034821218403003,0.0239680250256419,-0.1299398272426037,0.0434058176330836,-0.0050842802805287,0.0223058030589315,-0.0148175147211293,time,1595,60,133.97262573242188,0.0361560393260209,0.1162345859445892,0.0246096925812369,0.3964603508406251,1.274542388558633,0.2698516634208689,2.702692286755009,1488,0.3726920420935548,6,0.0338523126801007,0.1753167776876529,0.4152889557906623,0.0,-1.8981727245618327,-1.5254806824682827,1.340646772685717,0.0993372683399303,126.60397169977114,117.50615202134396,161.16674371903173,3.9997130889636057,-0.181053127702372,-0.0783427758599345,0.0312713389221037,-0.2661700656152469,0.9487186509644332,0.000203326347568,0.0,0.0172305681422098,2022-10-21,61.0,5,-0.3022027616715297,-0.1961909706486458,True,False,False,1.0,2.0,0.5,0.0164166648815157,0.5805138064106863
MAA,Falling Wedge,bullish,1,0.6945902777158218,3,22,1744,1745,2023-08-23,2023,0,126.2264618434979,124.96814549876194,137.22983360511125,122.6396591871504,0.7101485771845882,0.0100690967263208,True,0.0190087551566926,0.0047965260221227,0.0757397270386177,0.0224527159718876,-0.0234573896243682,-0.0596735629967439,0.0135748753279032,-0.0583407036022279,-0.0136282866547806,-0.025382622712309,-0.0369654787773959,0.0432122117763578,-0.0283892170632369,0.0141324769299406,-0.0230586042529594,-0.0153790440433742,-0.0335721060571373,-0.0298336423916553,0.0671607575680941,-0.018127374757113,0.0349847919437329,-0.0559492927533716,0.0265337436131996,-0.0241606969350702,-0.0245205683301621,0.0520092507122382,0.0581618540995865,-0.0510180755615753,-0.032727046432275,0.0308823374488109,-0.0220117931399168,0.0379208030869602,0.0382768711353203,0.0279246438738653,0.0220448157519852,0.0828235916154529,0.0739553335526375,0.0187491500510674,-0.0090247006767686,0.0137509793771357,0.0427961480351681,0.0022902965717097,0.0299358587193285,-0.0177576950311888,-0.0052541961533036,-0.0438471182868822,-0.0796543570541894,-0.0531678102217457,-0.1037244844100998,0.0297155260648285,0.1052685657825893,0.0195140435056511,-0.0405407493083531,0.0361331387807575,0.0316247089801515,0.0164536883103667,0.0297155260648285,0.050148959048301,-0.0694143718120026,0.0272831210930659,-0.1185999574458432,-0.012634519900885,-0.0271897970837928,-0.007030961004542,0.0836609633282474,-0.0517327782956381,0.0115141642805862,-0.0086811599014179,-0.0797285383580294,-0.0789453710258673,-0.0412656279109566,0.0413897138603318,0.0689608176871667,-0.0055582872517476,-0.0339721854375717,-0.0295797821354674,0.0718674597184121,0.0571744072809776,0.1018354327665067,0.0279957178897021,0.041545032848776,-0.040297656984926,0.0663019829503475,0.0759895989754078,-0.0324436313915638,0.0534954466712489,0.0636604479430529,0.0135622732497315,-0.0446708108625254,-0.0960038977597315,0.0249713213874502,-0.1002565410961462,-0.14297575481661,-0.1590053031874848,0.0396582435632326,0.065018230410043,0.0475984611492426,0.0624855808725968,-0.0999279967594538,0.0593519791738967,0.1194116804265836,-0.0883380828845594,-0.1135604650898686,0.0028661735951962,-0.0674673343548457,-0.1476103102372492,0.0903390694861083,0.0941733891598817,0.1876495076652569,-0.0225600297143996,-0.0217607493732975,-0.1613014448392605,0.0627928903805152,-0.0731007526200625,-0.1447616568170879,stop,1755,11,122.6396591871504,-0.0284156159014786,0.0244397462873173,0.0433083417653527,-1.0,0.8600815260191351,1.5241035744398246,3.0677382660406263,1722,0.6330992102116675,5,0.0431702647435725,0.0721643049029625,-0.1141067873303167,0.0,-0.974635410791434,-0.3415362005797696,0.2923437669560165,0.0756769457686232,124.96814549876194,122.6396591871504,137.22983360511125,1.994461957108232,-0.0556856324601682,-0.0386027031778332,0.01580946390534,-0.1128005111302168,0.9780173714745568,0.0054410307096544,1.0,-0.0273978823399492,2023-08-23,1.0,5,-0.0443856863492139,0.0019793777921399,False,False,False,0.25,0.0,0.0,-0.0180884625975075,-0.4989124243142164
MAA,Falling Wedge,bullish,1,0.6899371232223864,3,38,2101,2102,2025-01-27,2025,0,143.2017727823161,139.49177156663166,153.15672183272602,134.98876873176704,1.4289332785983178,0.0265965595964368,True,-0.0032027483213592,0.0015423534954283,-0.0151374466575806,0.012264602081571,0.005975448563783,0.0503348177994908,0.0452470953783672,0.0048683429043088,-0.0610896439003987,-0.0273868576208062,-0.0352934821335819,0.0247752798451694,0.012264602081571,-0.0274612862668844,0.0470086140594945,0.0125439960148778,-0.0050738796205127,-0.012067169047629,0.0178138405501229,0.0180585530660797,-0.051902388817817,-0.0184265187964267,-0.0030685742955191,0.0253628003276054,0.0183202144849667,-0.0697102135090841,0.0200047552186357,-0.0126570683865797,-0.0297935893902736,0.0615972436483509,0.0252091005567824,-0.0263659324131041,-0.0439045901038185,0.0104540604929692,0.0537605423091522,0.0195903367016589,0.0491326759794314,0.0186840238003529,0.0717739775479764,-0.0254003385243956,-0.1067274730461387,0.0124008214969326,-0.0415856379271053,0.0676862891328455,0.0654045984469215,0.0193851212260298,0.0767421938665546,0.087364653598007,0.0445178143559621,-0.106045027264659,0.0387263580658607,0.0842919053756263,0.0193485789771847,0.0117202784676013,0.0825437469312593,-0.0116385741358476,0.0387908845961151,-0.0120276690784687,0.0123530439876682,0.0298194077724893,-0.0157570542894708,0.0374932610542668,-0.0606846807544957,-0.0222936220169636,0.080108503133055,0.0193908035088012,0.038904445162917,0.0219842832887282,0.0601648595096731,0.0657604770357866,0.104768374961331,-0.0165293248440481,-0.0040006092292655,0.0316632876168179,0.0043517866943785,-0.0366556608307248,-0.0482371911132907,-0.0201215123310019,0.0734094750585849,0.0106526479523436,0.1012511095363504,-0.0921703596458444,0.0682965754145241,0.1180833333684394,0.0150100533859671,0.0486508924191937,0.0522193629507095,0.073807656827064,-0.0286646891262406,-0.1300086933378642,0.0818863666055214,0.0506157516672059,0.0528185841671113,0.1586914930489449,-0.0045587398612835,0.0765055829485994,0.0043610026822538,-0.0445934322472716,-0.0302797386593688,0.0374549176906038,0.0165882537857202,0.008637805577454,0.1343100992888424,-0.1583762647127142,0.0157874767928851,0.0677030391598714,-0.0977936717337198,-0.053287482249101,0.1992903684466533,0.0972056961224459,0.0898447096253898,-0.0743774207222247,0.1194116804265836,0.0944453069462332,0.0279046247017187,target,2120,19,153.15672183272602,0.0695169400279884,0.0714475810511358,0.0316380500927369,1.2120959625904943,1.2457585804851576,0.5516404025580334,1.2120959625904943,2063,0.4828905608400515,7,0.1673301593495731,0.0821432627633753,0.030163921506817,0.0,-1.0102252329115182,-0.527334672071475,0.6893879065787707,0.0720796529898476,139.49177156663166,134.98876873176704,153.15672183272602,3.15411229389806,0.0555720911592056,-0.003304354203637,0.0219324547911513,0.118212227242413,0.841210778629654,0.0079509239748865,1.0,-0.0032097241768145,2025-01-27,3.0,6,0.0351669849112312,0.0055275195290442,False,True,True,0.0,4.0,0.8,0.0261198800108901,1.0089808708696797
MAA,Falling Wedge,bullish,1,0.7946249473420879,8,141,2309,2310,2025-11-21,2025,0,128.90039672069008,127.00954932321326,159.72235581915658,118.79105077648325,1.3397558715104465,0.0148874427753853,True,0.0140833336750563,-0.0124448925218523,0.0153482429951381,0.0194884940971775,0.0072386781555042,0.0006732914308156,-0.0076330655471127,-0.0075515290300173,0.0216500828390546,-0.013566760151591,-0.0044219882285678,-0.0137314133774075,-0.0618365461873883,0.0146644501150037,0.0182470309300974,-0.0199265785907942,-0.0022561720142962,0.0377891475285001,0.0034284911018471,-0.006577683694782,0.0189027733959219,0.0503348177994908,0.0105701454967266,-0.0186530604652824,-0.0502515395745536,0.0003832510478982,0.0115199946521997,-0.0313210735467366,-0.0025596539627802,0.0179892420105154,-0.0198182721918961,-0.0173978882570581,0.0350619834492209,-0.0145482536248686,0.0200047552186357,0.027147390868913,0.0017328788451576,-0.0932964431765706,0.0956607444545452,0.0777476043758282,0.0390449351498778,0.0010046763179782,-0.0286791598424793,0.0210688530720633,-0.0324867843831335,-0.0240659994891479,0.0238968711369411,-0.012565978788156,0.0230185216913956,-0.0609984235915913,-0.112764552032208,-0.0218624943859119,0.0083395234882015,-0.0248569932028287,-0.0022190400985478,-0.0007548783977346,0.0538252687211491,0.0701954005864315,0.0495944291244412,-0.0796543570541894,0.0680375742800087,-0.0267452374712867,-0.0093748007752054,0.0917594303329709,0.0146169682644752,-0.0512999388347691,-0.0723280118094475,0.0475366988736933,0.0256936167514888,0.0202195024531681,-0.0225242836917107,-0.0237698352007441,0.1450210269494551,-0.0078347799690539,-0.0120338138072345,-0.101367624499694,-0.1763721209769859,0.0566797367616682,-0.0615927899765901,-0.1388796604897725,-0.0260372132159659,0.0044405565137564,0.1168566707978893,0.0396512922963852,-0.0086444446136647,0.1060793110163678,0.0390600587547091,0.0732780163562571,-0.0652953918094034,0.1215322504671954,0.0363280983848739,0.0143645352661957,0.011203823189533,-0.0322210361605781,0.0356084960683753,0.0174057139387071,-0.0045587398612835,-0.0300980049844671,0.2095579311667146,0.0632373561295487,-0.1003053419215027,0.0408701787918439,-0.0694998138545647,-0.184885136965663,-0.1452545427480754,-0.0068845490424984,0.0823504205729062,0.0336072758587298,-0.0257057533721171,0.0032508680782723,-0.017659323112904,0.0670410976857964,-0.0512164163177306,-0.0167281859876504,0.0161971466834111,time,2369,60,130.34457397460938,0.011203823189533,0.0504157441474171,0.026968294830551,0.1428556567249416,0.6428318367416149,0.3438623944341933,3.048857885423243,2168,0.4364505652899791,6,0.0284278155554171,0.1125709277528876,-0.0803660379101267,0.0,-1.8479292105001772,-1.4114786452101966,1.063714178625747,0.1005578577820541,127.00954932321326,118.79105077648325,159.72235581915658,1.9112359931823204,-0.0872477584382485,0.0021722557939707,0.0148139132245424,-0.1063898034381415,0.8338647088647042,0.0029800351961268,1.0,-0.0269029495069919,2025-11-21,3.0,6,-0.0767241479949759,-0.0728587452976993,False,False,False,0.4,1.0,0.2,0.014633213651356,0.6788153252802899
MDLZ,Falling Wedge,bullish,1,0.7127959543529058,5,70,808,809,2019-12-03,2019,0,44.58780396469536,44.69318076460037,48.32143724954893,42.99889814689844,1.657383270249439,-0.0023577825095965,True,0.0223147867376913,0.0132061340231661,0.0176342433138922,0.0010629566339477,0.016573555623764,0.0128638489304304,-0.0157707046474385,0.0203107185969826,-0.060621330665058,0.0141028528806184,0.0076748136019897,0.0244450835708123,0.024323338973013,-0.0130465223701686,0.0011890807334349,-0.0186810842472888,0.0165628885828312,-0.0043405009246668,-0.0101067216442647,-0.0314301774144887,-0.0075169450107879,0.0134497331060803,0.0218808303565096,0.0228820145583557,-0.0056666006249397,0.0039797513113231,0.0166579189610187,-0.0027954094763879,-0.0468553232097439,-0.004433754742946,0.0500687137060615,0.0088155365717801,0.045514623549423,-0.0021387870131455,-0.0113775374104174,-0.0036799761829758,0.0184026484615962,0.00111898869194,0.0335076486057679,-0.0024628147508554,0.054395086003087,-0.0263075522881134,0.0189485127088011,-0.0060501778377691,-0.0632549197553146,0.0187793557631992,0.0327451053694332,-0.0180022784802265,-0.0395498917915647,-0.0640194181132602,-0.1859734552408897,-0.0598250512185778,0.0931324528820298,0.0301626546178548,-0.0988994703543713,0.0506428669167979,-0.0395498917915647,-0.0034896533099052,0.0580232855019229,0.0011394105524997,-0.006326083616162,0.0846269097771144,0.0375698741646048,-0.0164872008138773,0.0448764575864681,0.0368791751203343,0.0300046600772485,0.0347176560265056,0.0333623410207728,0.0907218630267172,0.0501304204440804,0.0985350730175953,0.0734964295767437,0.013650926315269,-0.1459444755927832,0.0346290432595375,0.0375921209189904,0.0227462145480759,0.1696760057153248,0.0957727275454618,0.0362514491247931,0.032130823622207,0.0838685483511643,-0.135208984656904,-0.0115446832278167,0.0365508528339055,0.069392761303783,0.0444339334623051,0.0185122042621515,-0.0153846178082768,-0.007393333361001,0.0631337120661909,0.0568862529731195,0.0571770544943187,0.1161936040948403,0.0387718784422679,0.0423079503561467,0.0569459214408867,0.1878210188865556,-0.0389011446409621,-0.0509552910443306,0.1148963576847339,0.204930367129084,-0.0202460599585602,0.0538833690548821,0.0841723351424308,-0.0610696116377493,-0.073495780954824,-0.0438276824321107,-0.0455694806509348,-0.056439601567613,-0.0491020121387667,0.1575799171076086,-0.0099536132653728,0.0264891309207089,target,847,39,48.32143724954893,0.0837366488784658,0.1201853645537747,0.0058622423738814,2.3498140940980345,3.3726363225098765,0.1645059831945077,2.3498140940980345,738,0.4546674518543824,7,0.1337693526791981,0.0354973236611741,0.0012610259112928,0.0,-0.9842590154936298,-0.5295915636392472,1.0108888607635258,0.0749145566049771,44.69318076460037,42.99889814689844,48.32143724954893,0.5715615653703559,0.018090480782726,-0.0040267765152095,0.0127584652276564,0.0135905353124077,0.9701486588816566,0.0035957443727216,1.0,0.0070924159475647,2019-12-03,2.0,8,0.066369341577176,0.0670433242667793,False,False,False,0.1428571428571428,0.0,0.0,-0.0011782492926027,-0.3280999486555224
MDLZ,Falling Wedge,bullish,1,0.6018424396080367,3,31,929,930,2020-05-28,2020,0,43.97877098903722,42.85973174058027,46.516483492105394,41.44427586951965,1.022744637437116,0.0261093386031958,True,-0.0056222768650204,-0.0350473865569815,-0.0096914468252039,-0.0384173722609738,-0.0151852339979322,-0.014589766340748,-0.0276942105879826,0.0162002594318715,0.0240536885904172,-0.0134642319460425,-0.0069492018093353,-0.0238895509295565,0.0501336203838649,-0.0031574884407471,0.0172867078571357,-0.0253618979813605,0.0148650514954153,-0.0308786601794264,0.0212969478145499,0.0577763752998858,0.0240536885904172,0.0014605121942463,-0.0065146663829452,-0.0203567182770658,-0.0142399712332106,0.0325201033230286,0.0325201033230286,-0.002099465749079,-0.0063353520427716,0.0283333583569864,0.0187404838271965,-0.0269037862548325,-0.0113670787129718,-0.0043696052520888,-0.0397591656862854,0.0337164104220522,0.0141552865910412,0.0244995797622351,0.0327507262036492,-0.00671454520023,-0.0660739272353955,-0.015078721112806,0.0040350058306675,0.0320195578317694,-0.0363252112160827,-0.0222699061275214,-0.0145402266201074,-0.0351791326142673,0.048255081264982,0.0158077172198334,0.0561294188383008,-0.0518896042784631,0.0116107294199938,-0.0584777009996027,-0.0629257170896094,-0.0070653991179499,0.0055756893185485,-0.0127213589256609,0.0512800353806897,0.0278789436468456,0.0379620324285578,-0.0085789007119301,-0.0388518379607757,0.0162383928381861,-0.0108616443616116,-0.0369271888562464,-0.0084483493874391,-0.0207075341253357,-0.0122043668471731,0.0698731948003805,0.0043040627625936,-0.092449688111415,-0.0556042397252509,0.1008515276459514,0.0067691859016179,-0.1209414985338576,-0.0170725207446774,0.0021894080942097,0.0443115501167914,-0.0095424367368674,-0.0236327170227859,0.1696760057153248,0.0818811133838153,0.0832008141736444,0.0377829740349235,0.0556632625086326,-0.0429907326370527,-0.0255556161143187,0.0938720157665515,0.0230077138937727,0.0137417925492588,0.0536152990924671,0.1205687982547931,-0.006766766942442,0.0533076725198251,0.0619032046741507,0.033511907430179,0.0822432179976617,-0.0506412916603514,-0.0639433830944916,0.0323898338781869,0.024419636659311,-0.0143758487183793,0.0219898172073673,0.1017722679887089,-0.0254101783550678,-0.0476232336237273,-0.0763690635915939,0.1186850439405218,-0.0268708050053647,0.1265012010337531,-0.1605055268656267,0.1376552071313794,0.0621618303830391,0.101028722758319,target,964,35,46.516483492105394,0.0577031246212123,0.0595387762885609,0.0321830272842363,1.001269437658736,1.033121818699951,0.558442577288045,1.001269437658736,898,0.5442392695302052,6,0.0842487540712816,-0.0547085363229901,-0.3018332496160926,0.0,-0.9274218112343252,-0.3831825417041183,0.6596116028732841,0.0766260515085792,42.85973174058027,41.44427586951965,46.516483492105394,0.9196248997710744,-0.0303147448094034,0.0245375855485052,0.0209797971630104,-0.0010414026900512,0.912698076305926,0.0095333767777547,1.0,0.033286443450847,2020-05-28,36.0,7,0.0250833192444179,0.0270476255897702,False,False,False,0.1666666666666666,0.0,0.0,-0.014152892380299,-0.2618460391899314
MDLZ,Falling Wedge,bullish,1,0.6626122089108542,5,56,1126,1127,2021-03-10,2021,3,48.4971274318383,47.659257345109,53.469495049003584,45.97774936302442,1.6204538590073452,0.0175804268342274,True,0.0353949383478076,0.0225708354266074,-0.0117485054858866,-0.0586021627477748,0.0105191503653556,0.0152233217289623,0.0193957469488637,-0.0250061804942962,-0.0001576270838753,0.0307564592462441,0.0260055261648397,-0.0314301774144887,0.0121384416292631,0.0222850649316852,-0.0037076305079956,0.017257136143312,0.0205341534721383,-0.050080805437607,0.0099858810276345,0.0049624909173018,0.0082225221929346,-0.0033449166075445,0.0347345438983542,0.0378975279779605,0.0466697321748427,-0.0151832852660821,-0.0433299593836186,0.0047352561612614,0.0003423929718784,-0.0615278175696554,0.0996862956665964,-0.0096413381059801,-0.0541501430627292,0.0358711102477209,-0.0194004505725325,0.0127206405252493,0.0246911254174277,-0.0310434553445466,0.0727042081273714,-0.0009731007327223,-0.0432636999719371,-0.0441654959796298,0.005419645584308,-0.0550022873265527,0.0209309114746085,0.0429265003349387,0.0598915435498497,0.0149484913617559,-0.0395296237573125,0.0167765849101388,-0.0236212554752963,-0.0108616443616116,-0.0466747808422455,0.0544584779993833,0.0574641213146178,0.0857063596473115,-0.0322300087567684,0.0968601242143836,-0.0762190310618445,0.0929422784040756,-0.0019806125853917,-0.0648401539791517,-0.0337182500229519,0.0342602403402507,0.0051823549952156,-0.0196352841132328,0.0329865243345204,-0.060549049514589,0.0565526749653746,0.1091304822040148,0.0372017242107396,0.0295331196649868,-0.0419004121959909,-0.0780215955364511,-0.0010485982741339,0.1117018856922118,0.038309602736908,0.015789896721561,-0.0510056664488864,-0.0420266750066166,-0.0694629348061446,0.0481252094425175,-0.0429907326370527,-0.0327207800235164,0.0969909403687945,-0.071906422732108,-0.1048144166540759,0.0831375420945961,-0.0287879757476888,-0.0248977317953131,0.0016517242984994,0.11734768324591,0.1504619895993908,0.0695041160314959,0.0797390993128595,0.1250065229128869,0.0710261736111845,0.0314415792455646,0.0370959758799886,-0.0128272121171041,-0.0975604208157447,0.0666932413416243,0.0541319220467113,0.0062505227299822,0.0420469592859209,0.0617947746142222,-0.083622817490998,0.0936813592609195,-0.0728673648896069,0.1170644573748516,-0.0509552910443306,-0.071301685161379,0.0864432763340703,-0.0370155739926103,0.1281487146774401,target,1160,34,53.469495049003584,0.1025291162688726,0.1118257973009406,0.0028602047075438,1.9736488456082613,2.1526066329631464,0.0550579184203988,1.9736488456082613,1067,0.5996683775211056,5,0.082048518742557,0.0277582805548504,0.2974971771954044,0.0,-1.2598889925797572,-0.6602206150586503,0.60803162286438,0.0898480819727992,47.659257345109,45.97774936302442,53.469495049003584,1.0106133767868937,0.0164064337824572,0.0023722149869047,0.0207459122535921,0.0074185822081038,0.7272710076483161,0.0046745973998711,1.0,-0.0017169549958531,2021-03-10,60.0,12,-0.0257183369934811,-0.0107391663226465,False,False,False,0.3636363636363636,2.0,0.1818181818181818,0.0174678571291692,0.5952243494144123
MDLZ,Falling Wedge,bullish,1,0.6609791878788968,3,41,1263,1264,2021-09-23,2021,0,52.89421042094453,53.07889667875426,57.590321717726624,52.19990528622076,0.9391047933363336,-0.0034794667818265,True,-0.0308168888982984,-0.0029537428957504,0.0599493242749409,-0.0082832279179267,0.0199857830414293,0.0020885592045234,0.0126257752532228,-0.024008484404195,-0.0716027126888921,0.0023774123509625,0.0035008129761349,4.849050516675391e-08,-0.0068105363420081,0.0231213339342299,0.0288105889730245,0.0004442357026468,0.0557567678525692,-0.0216122155095699,0.0224972143563293,-0.0115933781739671,-0.0244073633656601,0.0337203321363963,-0.0356449024055332,-0.0023310349006655,0.0039662777693861,0.0082097103150864,-0.0145454617661053,-0.049285888615482,-0.0009119724883398,0.0471255183030601,0.0038224155985344,-0.0441654959796298,-0.0089829188803158,-0.0111067580090985,0.0523027794393702,-0.0141509198580171,-0.0140697191646828,-0.0186111456506391,0.0158852386601655,-0.0280463608384263,-0.0034680224440545,-0.0047702686166314,0.0129691100900672,0.0062965693718624,0.0560515248153103,-0.0018584316147672,0.0021666897666923,-0.0253570053176579,0.0183102727806392,0.0377152519697645,0.0966339285460387,0.0075274656732744,-0.0176854941392282,-0.0510493335298865,0.0294419838561068,0.0737360942968936,0.0255244677860433,0.0191998066167349,0.0668089053095,-0.0223285342205524,-0.1394287560793545,0.0857063596473115,-0.0384984546793023,0.1002980328617231,-0.0096176401352978,-0.0589958849562453,-0.027057791821506,0.0434694592701727,-0.0098188171859491,0.0384819670840992,-0.0256039752927934,0.1028735166242496,0.0329479928317788,0.019932320348724,0.0303394580070519,-0.0705632076557085,-0.0387440940392277,0.005677884851835,0.0473077389740161,0.0633566856872167,-0.1209414985338576,-0.0674584523872272,0.0481952081584726,-0.013447406528256,0.054429966919288,0.0979346896678252,-0.0520049095120399,-0.0317753111977165,-0.0495847992454353,0.0088924032966641,0.0446787493078042,0.0328796203053263,0.0821268804697001,0.0367171854025687,0.0582667964287453,0.0554695252267167,0.1360639156817356,-0.039850026272852,-0.0355552323059382,-0.0171988132138659,-0.0374342323369207,0.1543841535349941,0.0402492670063354,-0.0010037638075768,-0.10002061826899,-0.0758224796120028,-0.0032991105690793,-0.0756022447693537,0.0427777982202162,0.0568731918055198,0.0921455795348211,-0.0590869227074738,0.1830168700052026,-0.0982000390996059,0.0683181997456688,stop,1265,2,52.19990528622076,-0.0131262973621939,0.0052988855449313,0.0165590254159659,-1.0,0.4036847100685881,1.2615153351362307,6.763757117611406,1222,0.5840442829992609,7,0.1464637677947089,0.0354890201676147,-0.1053532797008233,0.0,-1.1334297341916628,-0.5493854511924039,0.3781113388306383,0.0560736440942242,53.07889667875426,52.19990528622076,57.590321717726624,0.7889158327769827,0.0185871076456551,-0.0266661786023997,0.0148314759632888,0.0477356669508173,0.4090916972516931,-0.0009908168381701,1.0,-0.009601617886361,2021-09-23,60.0,12,-0.0004094190592616,-0.0077897991097605,False,False,True,0.1818181818181818,2.0,0.1818181818181818,-0.0058058054429811,-0.5520321010110832
MDLZ,Falling Wedge,bullish,1,0.7159447585887284,3,31,1756,1757,2023-09-11,2023,0,65.434384777678,63.72618035649151,70.60725942706279,62.85504836653769,1.245038386402379,0.026805379070746,True,0.0068656822931516,0.010792694232049,-0.0170723687166112,0.021972128790078,-0.030662421632011,0.0273765712153963,0.0016358080722156,0.0158976912319297,0.0416665445046517,-0.052753005463374,0.0049636825558705,-0.0334047977074578,0.0125293129890884,-0.0052210228453152,0.0108333039415597,-0.0002130020986522,-0.0581429568800847,0.0036374274354984,-1.3243308893962082e-08,0.0066996835352597,0.0062842602862389,-0.0046834754086204,0.009298514765034,-0.0232588457948796,0.0062644857582868,-0.0434779670097578,0.0845851265960475,0.0601087353739597,0.0565577965403019,-0.0013896508818621,0.0084842418625006,0.0052778882325752,-0.0120566922837022,-0.0249042656954294,0.009876102836168,0.0139264649662846,0.0385553023771005,0.0259538926239151,-0.0048278135620836,-0.0269037862548325,0.0481544844406811,0.0175439360865912,0.0057850163970474,-0.0062761059939495,0.0181274292608777,-0.0369138525905013,-0.1010283908885848,-0.0716399319831695,-0.0737800778916841,-0.0342722733821792,0.0988900802892787,0.0294419838561068,-0.0024502003795964,-0.0222416676584473,0.0594808929893457,-0.0552997553787621,0.0629572808348557,0.05760278127243,0.0451676461320722,-0.0075952682579678,-0.0342258888161709,-0.027503352449232,0.0161702145824746,-0.0096984263020889,0.0106483371838035,0.0224739259535478,0.0302967510362899,-0.0293459582471415,-0.1078642421569315,-0.038014374630315,-0.0162599343834547,0.06235625724415,0.0486059089661234,-0.0140351495767431,0.0248927141523935,0.1192350543210996,0.0433316850175427,0.0880527657202123,-0.0166533179061915,0.089819401407871,-0.0188280657731222,-0.0610949570816423,0.0112099862649162,0.0005819854027886,-0.0317210622623069,-0.0134543185574728,0.051943669830947,-0.0355552641922822,-0.0341925847993409,0.0483516970388384,0.0465099010260732,-0.0584821899425078,-0.0036175902863933,-0.0288118013437448,0.0166966494713276,0.0311570609873903,0.067980622821816,0.1035973335486,0.0132485677034881,0.0133708216379411,0.1100440991505375,-0.0347607008868593,0.0837278697534693,-0.0040648899856274,0.1237587018161834,-0.0618009669935479,0.0463520414909115,-0.0568627776267895,-0.0642535803853163,0.0128019718293657,0.0309071447649007,0.0017189107010375,0.0855505553597877,0.0042989786027978,-0.029791010974464,stop,1771,15,62.85504836653769,-0.0394186698614796,0.0186354106582399,0.0408337894614706,-1.0,0.4727559484814233,1.0358997298732768,2.0055060003196195,1725,0.6980964295536773,5,0.0031335013946506,-0.0112479313789768,-0.0933461383266102,0.0,-1.365511981250693,-0.66741555169702,0.2476324259276504,0.06615675201396,63.72618035649151,62.85504836653769,70.60725942706279,0.927968934500748,0.0234092245318189,-0.0144115095202498,0.0141816674338162,0.1115865082096077,0.881658781465563,0.0044402280079001,1.0,0.0062830852838873,2023-09-11,57.0,15,0.0249620480106889,-0.0341565839082868,False,False,False,0.2857142857142857,6.0,0.4285714285714285,0.0117776539222353,-0.0351313884379497
MDLZ,Falling Wedge,bullish,1,0.8550420719250318,3,46,1888,1889,2024-03-20,2024,1,66.80850726630898,66.48215903949551,74.29562215936954,64.952668290029,1.249158297396811,0.0049088090929716,True,-0.0204452773463695,-0.0200249329102097,-0.0238895509295565,0.0124142785287859,0.0010629566339477,-0.0586792048434734,0.0203892971480887,0.0213718294613927,0.0244957858822916,-0.0106187416428754,-0.0190445639133213,-0.0141811027397843,-0.0619898476587666,0.0110135586523476,0.0076722193962772,-0.0017459607147192,-0.0113276655320914,-0.0308786601794264,0.0124142785287859,0.0058607349940282,-0.04637609132006,0.0391484606972547,-0.0143008778688258,-0.0468553232097439,-0.0271377914701642,-0.0260772863956955,0.0183177565809533,0.0351429695124616,0.0329503648746787,0.0651883432470679,0.0587696081624911,-0.0280822668526414,-0.0926724441953977,-0.0027954094763879,-0.0032442931831249,-0.0353966315628001,0.0043667303280832,-0.0094838427396721,0.0137992018569117,0.0304978675189679,0.0102872902707036,-0.0333922138693557,-0.0113775374104174,-0.0346834235411969,-0.0056645602382121,-0.0461778343541148,-0.0613879258525129,-0.0157814492559232,0.0753344391565715,-0.028504604154425,-0.0064507913429869,-0.0134340492394852,0.0090124225574097,-0.0096476210891398,-0.0165688438409147,-0.0065328803292109,-0.0096984263020889,0.0530108133233695,-0.0264807356572435,-0.0051228110062873,0.01142073680429,-0.0147910284945002,-0.0115787188829816,-0.1381301280414919,0.0340885501326937,0.0191631427468652,0.0306137616450352,0.0598915435498497,-0.0616676644292793,0.0049870627733494,-0.0051391533784266,0.0198079609916588,0.0626291650348336,0.0214683478382238,0.0464285161459296,-0.1337987376360366,-0.0785824005601965,0.0118878641700295,0.0100693805363125,-0.0062640251701383,-0.0063937382839298,0.0267694378820824,-0.0788040569145633,0.0418024452446834,0.0087798024713179,-0.0208053882232011,0.0230309134346375,-0.0347368209220562,0.0256574877570212,0.0410535001468754,-0.0359448817286188,0.0077843241626062,-0.0798331786370925,-0.1168803189856304,0.0910459591628241,-0.0280728227843415,0.0951946069683555,-0.0827254567214514,0.1775880463519015,0.0513109390645389,0.180049702393809,0.0528872167477054,0.0290795041346128,0.2598034433834819,-0.0145731645545587,-0.1399410216743506,0.0356183433503825,-0.0080546297480074,-0.0174738064299193,-0.0389421038695444,0.0616114282659807,-0.0751332460038687,0.1020357426176206,-0.0142739668212225,-0.1156849143287899,stop,1892,4,64.952668290029,-0.0277784828941368,0.0097220284310418,0.0320833302183387,-1.0,0.3499841394539906,1.1549705698690438,4.034355883649149,1841,0.7557076499628926,7,0.0356280079561053,0.0689284269033199,0.0359503424440172,0.0,-1.0258666031219434,-0.2701589531590502,0.2657298615111249,0.107878812329473,66.48215903949551,64.952668290029,74.29562215936954,0.969650382284706,0.0141596310680456,-0.018126361009492,0.0145401287447538,0.0171612299614589,0.4531268626469242,0.0006921647879711,1.0,0.0500533780962395,2024-03-20,32.0,15,0.0255460968436294,0.0241362518297127,False,False,False,0.2142857142857142,0.0,0.0,-0.0473293602446834,-2.0306726351454287
MDLZ,Falling Wedge,bullish,1,0.6865473476635705,3,25,1952,1953,2024-06-21,2024,0,62.42721443736644,61.46024326079004,67.14606664473888,60.84295902042169,2.139212827988338,0.0157332793570847,True,-0.0150998419776423,-0.0148976454548011,-0.027166716532936,-0.060621330665058,0.0291180245478916,-0.0206920570301377,0.0197197122263723,-0.0092237857103493,-0.0145637872549626,0.0397268199810514,0.034395675549768,0.0342902858984432,-0.0128469798248773,-0.0223330842285542,0.0126953127260163,-0.0217021743038459,-0.0064615949537694,0.034395675549768,-0.0180655936541924,-0.0001407233706386,-0.006063766623648,0.0212557382722633,-0.0153856245075725,-0.0042637362566908,-0.024380041808097,-0.0212308451837136,0.0504200550323719,-0.0009419781458042,-0.0064327318375146,0.0153427729101329,0.0057947880634297,-0.0231744954380742,0.0354821210162048,0.0201046946691529,0.0078941268111836,-0.0265220436711712,-0.005231878289774,0.0015567087695895,-0.0001566433618969,0.0265118138403039,-0.0277201300151984,-0.0333922138693557,-0.0429753475257995,-0.0348317358123612,0.0500696827906654,-0.0037920722943094,0.0014556318616629,-0.0175033124545178,-0.0092805994749017,0.0122504781860763,0.0729369082661348,-0.0651685406071029,0.0661138089720814,0.0431606253685656,0.011927083023651,-0.033028599405267,0.042843989268323,-0.0033036983282624,0.0042223955477729,0.0294419838561068,0.0079329896203059,0.0567629830282905,-0.067317829035098,0.0374140451830709,-0.0549697875247507,0.0566225733171987,0.0433706832241873,-0.013539010704884,-0.0104639922274119,0.0669250029031733,0.038853976700812,0.0871034405291459,0.0650349348248329,0.0386103274512603,-0.0112179926351303,0.0037294652160875,0.0288218109710949,-0.0114195780398782,0.0756263843840043,-0.0118375125355782,-0.0586392160677609,0.0751473813457439,-0.0629173573619593,-0.031866788400238,0.0834952657333614,0.0703599846204234,-0.1011132624824944,-0.0008823948975675,0.0584100322109684,0.0665654431204465,0.014903399427095,0.0480293145324804,0.1302870003291016,0.0958596126149808,-0.0915487679133697,0.1964817915746344,0.1579856913427497,0.005574812612378,0.0099147515465354,-0.0380004810164287,-0.0452328030110649,0.1257106851987219,-0.1204917462144887,-0.029511589489882,-0.0052540651314667,0.2015128236652301,-0.0166136665778875,0.0442894553315869,-0.1926331841796119,0.0314526794569423,0.0931883079731499,0.0635035841998246,0.1376548956242771,-0.0911150042351078,0.1084435917912655,stop,1967,15,60.84295902042169,-0.0253776406848048,0.0309554259296223,0.0328594166372579,-1.0,1.2197913239490858,1.2948176327885677,2.9785930708526727,1927,0.7339767918841926,6,0.1743847221046086,0.0828903950331605,0.0871337592262693,0.0,-1.3450240861625933,-0.61104729427839,0.1989479909043711,0.0558638950215668,61.46024326079004,60.84295902042169,67.14606664473888,0.9869077879484216,-0.0451664597103745,-0.0338606421982762,0.0158945082965223,-0.0526076781271579,0.2900009155273419,0.0062065090824343,1.0,0.0310226987450421,2024-06-21,32.0,15,0.0491212988656364,0.0296619926219481,False,False,False,0.0714285714285714,1.0,0.0714285714285714,-0.0204864599731228,-0.5950439052395176
MDLZ,Falling Wedge,bullish,1,0.6063551133096113,5,68,2100,2101,2025-01-24,2025,0,55.68767045132773,54.30627005105151,68.6233295454254,51.87358157459499,0.7741397035194031,0.0254372174516426,True,-0.0075302960649106,-0.0193156551719566,-0.0150017899854787,0.0802858714861713,0.0120135270800254,-0.0157707046474385,-0.044398236890019,0.0078077194828676,-0.0150998419776423,-0.0066010419248144,-0.0110709712379793,-0.0278720798509292,0.0231784991280594,-0.0263583969205337,0.0209997157883161,0.0194939604592996,-0.0171240505587083,0.0373579616733352,0.0532281418108457,-0.0355799216943719,0.0337172139311505,0.0180837579206667,-0.0120947627185517,0.0003423929718784,-0.0096776591777345,-0.0623505835153878,-0.0679566219465777,0.0490520099293672,-0.0373861654423854,0.0766583364282995,-0.0831401319849526,0.0002737725978763,0.0370985135474053,0.0310024042769909,-0.0249645545242476,-0.0154774475901486,5.4458522358302737e-08,0.0077355295710399,0.0181967922194488,0.0321978408813639,0.0097230632387943,-0.0262040204624706,0.0057086048684587,0.0257009862596762,-0.0217131861470493,0.0026346331386772,0.1186035716367996,0.1145688013890378,0.0480710036799842,0.0122504781860763,-0.0109217618382183,-0.0260513834198422,-0.0092805994749017,0.0006860183086547,0.0248622574832972,0.0425471021777619,-0.0582312713057449,-0.0090431807538284,-0.025308817829355,-0.0411297025620857,-0.0724191755790408,0.0524365357778127,0.0907801136471306,-0.027503352449232,0.0578662134453138,-0.0378958961584614,-0.0329617860816848,-0.0280343926002294,0.1210676515041293,0.1115863996967805,0.1435345009088997,0.0194755093305551,-0.0379390684887319,-0.0385560597051157,0.0546731071390853,-0.0165032757228241,0.0034736770568788,-0.0095588565083982,-0.046013346714582,0.0808840244101827,-0.0595562951255395,-0.0359448817286188,-0.1174360325815703,0.0555516235649897,0.0300308602316883,0.0857905909586895,0.0193002083979096,-0.0109200840806523,0.0201278725037556,-0.0091581223422434,-0.0119006699417554,0.1127953606640953,0.1769171075485125,0.2878331063318177,-0.0171988132138659,0.137376630323615,0.0453024587585453,0.0096488636110019,0.0442894553315869,0.0009342239736158,0.1111171684034599,-0.0932588376293893,0.1200634436810539,0.0166966494713276,0.0922981821307704,-0.0619739303072177,0.0831212295361796,-0.0034143293397831,-0.0496393446351471,-0.0214586198737229,0.2391737379840564,0.0155817532950428,-0.1399410216743506,0.0514245016802268,0.1479099374731622,stop,2108,8,51.87358157459499,-0.06849072417325,0.0145472953907516,0.0766728721375047,-1.0,0.2123980373452266,1.1194635925232368,3.3915463200162077,2032,0.3391783300585209,6,0.0700104669133587,0.0859286872615778,0.5454056100151821,0.0,-3.19673616185196,-2.857557831793436,1.6014425539043888,0.0582079624718869,54.30627005105151,51.87358157459499,68.6233295454254,1.145041938557944,-0.1385610741700641,-0.0580149014381742,0.0209235335613667,-0.1228064275370977,0.7530847336297153,-0.0017555542461626,1.0,0.0223311434262807,2025-01-24,24.0,16,-0.0571499029089526,-0.0701710179294528,False,False,False,0.4,2.0,0.1333333333333333,0.0219215572669989,0.958803834506117
MDLZ,Falling Wedge,bullish,1,0.7905191764775886,3,31,2469,2470,2026-07-16,2026,0,62.18000030517578,60.11001561545703,65.15551391919365,57.44484893002726,1.2777654316554792,0.0344366020957489,False,-0.0342554045941028,-0.0289998737561253,-0.0791459287697,-0.0619898476587666,-0.0087153750226816,-0.0121553962256962,-0.0544382850391148,-0.0096049943335337,-0.0102132633952732,-0.0162617364580228,0.0109690743929948,0.0266952655566981,-0.0066196191139433,-0.0087976252339853,-0.0310180527058476,-0.0337846994492618,-0.0305275767029801,-0.0386205929525749,-0.0007263394258691,-0.0123834942983619,0.1134241683407419,-0.0257250575250286,-0.0197734357930924,0.0144741318987093,0.0149997014322578,-0.0110132085333755,0.0174252772801735,0.0114630790164225,-0.0009731007327223,0.0003067267584013,-0.0320118381774067,0.0612694866458958,0.0239698040493658,0.0623843690260461,-0.0519517203972964,-0.0153182190544318,0.0404216511805306,0.0211839621773635,0.0232488897795402,0.0036967868727462,0.0159248431561438,-0.0119980614955221,-0.0095193278791555,-0.0747462461432693,-0.061311055355153,0.0138515269899945,0.0217111364988,-0.026531622999512,-0.0625710991125205,0.0823357161671145,0.0425462809996342,-0.0164872008138773,-0.0348130939396132,-0.0482214619125755,0.0123881845439872,-0.0066668874903439,0.0784622601378843,-0.0042640167174461,0.044488138229402,0.0719970079146872,0.0666664014149167,0.0459022311537706,-0.0343324193424343,-0.0219597097905299,0.0159837904319777,0.1299465944252078,0.0995698509707361,-0.0403269815995719,0.0006789572152797,0.0041813817989246,-0.0257479525397077,0.0225726242382002,0.1136887187287374,0.058678425303702,-0.0490875697249675,-0.035728048038163,-0.0205753490749736,0.0433303356348571,0.0635288684928208,-0.024143101287551,0.012571617908559,-0.0116808306750668,0.061867869226621,-0.0372978044247845,-0.0122865926018985,-0.0983263290177344,0.037524283910062,0.2048127298577708,-0.0618132699539937,0.0805256367604325,0.0903474337918348,-0.0177441006537985,,,,,,,,,,,,,,,,,,,,,,,,target,2478,9,65.15551391919365,0.047853226108302,0.0718880861814831,0.0495336412984597,0.6283882770114279,0.9440038694777572,0.6504547768460919,0.6283882770114279,2438,0.4586762555905898,7,0.071594135038783,0.0890117042873452,0.0581406773650283,0.0,-0.78052003515224,-0.3218437795616515,0.8988725300681425,0.0929954275405967,60.11001561545703,57.44484893002726,65.15551391919365,1.7008273366354787,0.0639666316725888,0.0131043770998857,0.0276917516662421,0.1167512507274091,0.9733327229817708,0.0110694430801965,1.0,0.0030972568668039,2026-07-16,7.0,20,0.0623645229921554,0.0541977759688923,False,False,False,0.2631578947368421,0.0,0.0,-0.0283975172564045,-0.4302829380268009
TAP,Falling Wedge,bullish,1,0.745250895023942,8,67,699,700,2019-06-28,2019,0,45.78679769976917,45.01166829891824,55.89523794188888,42.6473787342882,1.1209842788790156,0.0172206325636137,True,0.0028425776118772,0.0023708397203576,0.0661081367815046,0.0037324274554146,0.0354979670616335,-0.0557631307850612,-0.052940166781106,0.0016947695741371,-0.01174601108333,0.0262903599330455,0.0504144575541345,-0.0361692781204322,-0.0024092903462716,-0.0090303323730244,-0.0261934438091624,-0.0006545842109615,0.0376437170819616,-0.0231894997224023,-0.015135811303057,0.0076387579060195,0.0159435492076618,0.0494540133106402,-0.0002167527546899,-0.0460114572712611,-0.0597299495565093,0.014088657876121,-0.0241818690320901,-0.0359095635103768,-0.0788758449799584,0.0064885814020978,-0.0503734105627416,0.0234860938084939,-0.0109890286880095,0.0490540359398203,-0.0026214646447296,-0.1849050991251157,-0.1019874487378313,-0.0093532180832869,-0.0067023032577592,-0.0446230302638231,0.0300162567542932,0.0365611580680542,0.0739701344376955,-0.0151022652034816,-0.0094842123213629,-0.0289392652650615,0.0039085013992627,-0.0122030286763792,-0.1043406707301407,-0.0692373048621952,-0.109355492891234,0.081543476477051,0.0464636042635138,0.0272400100637839,-0.0541667246787975,0.0076095893824768,-0.0206623788796903,-0.0274255570608323,-0.0572748375180178,-0.0599950412735977,-0.0805697830461749,-0.0224848472723744,0.0525013867864179,0.2111590226904771,-0.0640739018964673,-0.0444651784362317,0.1351676684693123,-0.0728924730580055,0.0151714730727991,-0.1016166205223411,-0.0723594351912978,0.050030475606869,-0.032310863703284,-0.0059838084238432,0.0961100074542269,0.0449959806558621,0.1127371597040185,0.0353679682109622,0.3612694735324397,0.0525883915174736,0.0070432787571919,-0.0131496822458715,-0.0962702994263479,0.0915543285919322,0.141266576431676,0.1047776795746706,-0.0647399753480451,-0.0806107767475529,0.1016126270523432,0.0471250779810903,0.339823772621004,-0.1662784901121819,0.0033643753827383,0.001489284027659,0.040974688041343,0.0519341805673165,0.1695795518184688,-0.0443159299473381,-0.0307125935425789,0.0816815032018194,0.1483003376132938,0.0234603963185415,0.021200445242089,0.0366419313057522,0.179104906493738,0.0525046179957069,0.3296352771801192,-0.0998750775104659,0.6459145623109606,-0.015095149420814,0.0725671966180268,0.0032841930212528,-0.1108788372565451,0.0320006215603028,-0.0760309656978111,stop,709,10,42.6473787342882,-0.0685660304541627,0.0136792941923187,0.0698167603375853,-1.0,0.1995054125448246,1.018241246797256,3.219844293885472,632,0.6143042313381945,7,0.1313482506940146,0.0572626378830241,-0.0146120476202744,0.0,-1.157123373788134,-0.5428191424499395,0.4091904265501703,0.1716692150322935,45.01166829891824,42.6473787342882,55.89523794188888,0.7988826958926859,-0.0660750579776929,-0.0290174842341252,0.0175382375288769,0.004602145211134,0.5376342321796279,0.007590535581712,1.0,0.0695865303234477,2019-06-28,56.0,11,0.1348056282131624,0.0481304413576839,False,False,False,0.2,1.0,0.1,-0.0285379040232704,-0.2583213782098826
TAP,Falling Wedge,bullish,1,0.6301826482886138,3,33,744,745,2019-09-03,2019,2,43.44022526768697,40.59555161782564,48.81310381493694,40.203651236720894,0.4312695687304312,0.0700735311258149,True,0.0717663940090087,0.0547439904310342,-0.0222614503506487,0.0104525085195947,-0.0084042720559256,0.0225000204104708,-0.0214750318140207,-0.0510832952782915,-0.0294169204505059,0.068493171334071,0.0334134824630516,-0.0130859970018992,0.0155440123125616,0.0147772124803724,0.050223735851872,-0.0014201478508659,0.049286778674342,-0.0071692666422544,0.0717852757399339,0.0182277770132328,-0.0591047568514766,0.0216198694653944,0.0636212587105583,0.054345770055193,0.0278054636015416,0.0610979136125193,0.1920070239103977,-0.0135592249854367,-0.0149932954887548,0.0481960308068587,-0.0173644918888743,-0.0167478144005167,0.0805320594584901,-0.0075596085243517,0.0006448761410871,0.0527778984265245,0.0037420271773351,0.0183386847786728,0.059418743800625,0.018272244798668,0.0189893302522716,-0.0170066929789537,0.0236922858253194,-0.036763225144523,-0.0516462323019463,0.0342423433914224,0.1003599659437894,0.0953997375330912,0.0334555166512517,-0.0589130920478935,-0.0018907545404472,-0.0295290122386643,0.0278278786520294,-0.0640287322748701,0.0595226885007054,-0.1342974080590807,0.0415971877951235,-0.009331471304136,-0.017463246242151,0.0952583460218914,-0.0644589889773694,-0.0005784818316019,-0.0488120625082578,0.0033912627280359,0.0002227972573769,-0.1405708900328441,-0.0680014186115639,-0.0251597087648128,0.1204479454351534,0.0355990539125541,-0.0035295545309317,-0.1011247532268126,-0.0272108429466627,-0.086518430510016,0.000505310596258,0.0350260651805494,-0.0715822212570392,0.2271538149387824,-0.0896903250715568,0.0488764065984821,0.1264571415903277,-0.1260301690428671,0.0929706238576271,-0.0883148045679435,0.2828170349061121,0.1101563058351868,0.0908900055837069,-0.0046378245524111,0.1537586843088692,-0.1601725106100376,0.064340331386552,0.0117155617626987,-0.0331376758690938,-0.1095190151022013,-0.0075167869696985,0.0033071841056653,0.0070125237699074,-0.0213467391492326,-0.0702727621411029,0.268313162034697,-0.0358942938117392,0.0046737957003892,0.0032277455014537,-0.0796783273404114,-0.0711728529142466,-0.2903624702055173,0.2742716178617339,0.0346061792920873,-0.0685691072613265,0.1695079384769606,0.0638018966399565,-0.1300564048160537,-0.1950438375318385,-0.0895361495538148,-0.0216012914534873,target,780,36,48.81310381493694,0.1236844080375105,0.1278166013078758,0.0026510736736414,1.66005118246785,1.7155121126974338,0.0355818332849457,1.66005118246785,709,0.9121016964745344,7,0.1053805524998729,-0.0244287477179387,-0.238190293292312,0.0303030303030303,-1.2076848781776923,-0.295583181703159,0.0631456705376787,0.1510572075993033,40.59555161782564,40.203651236720894,48.81310381493694,0.8521464279990667,-0.0929039233902032,-0.0141548455647455,0.0197737929830022,-0.1262048880277206,0.8797808740025539,-0.0052570188394978,1.0,0.0243817159578616,2019-09-03,56.0,11,0.022603538368684,0.0229493708700052,False,False,False,0.3,0.0,0.0,0.015836920396701,0.6480535435494633
TAP,Falling Wedge,bullish,1,0.7237927721197772,3,40,811,812,2019-12-06,2019,2,42.47799019363214,40.98648945537826,52.13102181918785,41.05308940150047,1.2751020684748176,0.0363900582380363,True,-0.0048959628606278,-0.0140551624339883,-0.0118102178397686,-0.0105877044568966,-0.0090366194661593,0.0650390464244488,-0.0039421475076673,-0.0487414523710647,0.0054977063486161,-0.0836799678742552,0.0009931537433289,-0.0131421356683673,-0.0747819768738801,0.0225387075532679,0.0091617212152492,0.0124681449534316,-0.0313757909376989,-0.025536916363239,-0.1003303018225231,0.0034632090573352,0.0178947701904295,-0.0730282754150113,0.0125508894948933,0.0548376767995923,0.0298189933045283,-0.0525068080435667,-0.0264133503061246,0.0167645157837268,0.0008517964663676,-0.0321295391119227,0.1457533285235617,-0.0570278791965859,-0.028436123573744,0.0587481729943624,0.0858545047919538,-0.0201005373669094,-0.0039249723453155,-0.0111064885444301,-0.0122542306580387,-0.0278519543887274,0.0139451232738052,0.0184000370824146,-0.070910574152658,-0.0918078271319471,-0.0002189657262048,0.0595562653810915,0.0671760403692822,0.0357656067222111,0.085660124788633,0.0856021188933211,-0.0776017035501051,-0.0868197140558032,-0.142666268022279,-0.0067567431807616,0.0490104393055326,-0.0074680679270535,-0.0421121754873474,0.0294635996875629,0.0630811946904246,-0.0288883853347579,-0.0283097357409038,-0.0834724492050861,0.026973163116347,-0.0041817802619364,-0.0654507220045278,-0.0056036378846203,0.0045046014045724,-0.080893708464234,0.0829725328309334,0.136310192590263,0.072525320262093,0.0220566745445054,-0.0784780773809422,-0.0806107767475529,0.2230708895904503,-0.0628260128353132,-0.0519938877615385,0.1349983410000947,0.0713708814295521,-0.0808357481154702,0.2308951452507943,0.0614904252887631,-0.1917696172871847,-0.0721294939542395,0.0714175344929515,-0.1085611959096112,0.0525583176332877,-0.0848765798917658,-0.0865723854693412,-0.073648805093843,0.0260460933870949,0.1402301064817284,-0.0184095925596158,0.0149605226161634,-0.0341791200726459,-0.1615667072070283,0.0138020928436768,-0.0993430983340604,-0.0975653772909562,-0.0172626853666242,0.1273749018045247,-0.0355787463011774,-0.1121368179915405,0.1315240154585977,-0.0935451080983194,-0.1369111613215731,0.0525046179957069,0.2296296195074278,-0.0561006373395965,-0.0281742413043515,0.175794346516958,0.2659204271960473,-0.1679661524203373,0.3845450221484323,-0.0354478520807738,stop,866,55,41.05308940150047,-0.0335444493874682,0.2130827624475928,0.0403444357132122,-1.0,6.352251008394778,1.202715693651671,6.774528920792218,769,0.983975623388104,7,0.0982099441708232,0.0828875804294926,-0.2223653772178045,0.075,-1.5019400338626845,-0.5179644104745835,-0.0091217944578716,0.1589274357227426,40.98648945537826,41.05308940150047,52.13102181918785,0.8058713089217926,-0.0733811805667065,-0.0503759154056461,0.0189715032222601,-0.0459964337580365,0.7910463057328518,0.0067527338126092,1.0,0.0217083416622188,2019-12-06,56.0,11,0.0121020866417669,0.0036179746861317,False,False,False,0.1,0.0,0.0,-0.0196379036594779,0.0223736457036986
TAP,Falling Wedge,bullish,1,0.7012444889835064,3,24,961,962,2020-07-14,2020,2,30.15070475524379,28.978148484963697,36.91431437105774,27.53713679109063,0.5427398148481682,0.0404634640784076,True,0.0005579769149213,-0.0075063179469743,0.0095190711489048,0.0181621821964823,-0.0173455970781166,0.0062041490593041,0.0314884201364789,-0.0607185795141285,-0.0176304432461088,0.0038531149942868,0.0012573939216293,0.0161450744267734,0.0880962617767695,-0.0019082840284604,-0.0003379761911773,0.0795630961254256,0.0576792260286169,-0.0043265919948975,0.0650390464244488,0.0736361232529307,-0.0022819270108388,-0.0192079061911827,-0.0157863157969357,0.013675547499534,0.017521571231148,0.0148205761777773,0.0280503157588178,0.0187480161519375,0.0227385798169517,0.0324056461243256,0.0299913197520884,0.0216169895206146,-0.0507361187361944,-0.0278664158321486,0.091563636367064,0.0207144089316191,-0.0312803033700275,-0.0098106370712357,0.0492982256824323,0.0063660988458742,0.0074609502531275,-0.0137061250190008,-0.0352297794907749,0.0029368198307859,0.0663605093594126,0.0014534118468616,0.0664248718997759,0.034199110560952,-0.0857966218925075,0.1132209234744383,0.0167524018361497,0.0905411392283683,8.83510873816995e-05,-0.0509511594426739,-0.0339533252900771,-0.0518994606484699,-0.0675360617057002,-0.081622062351679,0.0497512656060288,-0.004116166915826,-0.1325853542971379,0.0479868939982708,0.0135134494377806,-0.0680014186115639,-0.0787415362825573,0.018266913664771,-0.1125840104446069,-0.0446585948307038,0.0895410936187916,0.0471669209642944,-0.0067394273066645,-0.0184558916294474,-0.0867859739616719,0.0204510079160999,0.3235214421386085,0.0542755701415056,-0.0184558916294474,0.0286520978139037,0.0020385341353661,0.0876536914461096,-0.0161104773512983,-0.0218586008587832,0.0336098970542091,-0.222010127787273,0.0313635120613287,-0.0231253658379302,-0.0485926735321969,-0.0987484538333466,0.1227068700140892,-0.0905077359986392,0.3659090782700109,0.0258903955357345,-0.0041867503035016,-0.0653326374872297,0.0721987598754589,0.1707951300291197,0.0097515230288558,0.0076692111909095,0.0909121719393226,-0.1698373376426631,0.1326406653019671,0.009710078239888,0.0179331103533164,-0.0318696954831309,0.0375965877747936,0.0297188758650976,0.0156470715604652,-0.1339747198595831,0.0957855680785384,-0.0251104096470111,0.045039849536439,0.1877171908196193,-0.095814075910945,0.1278198157516326,-0.0339032188436062,stop,1012,51,27.53713679109063,-0.0866834783919473,0.0951718075363958,0.1038235644970074,-1.0,1.0979232640627052,1.1977318679755744,2.5878835785337917,935,0.720881469838935,6,0.1018552128449473,0.1102385421812914,0.0208315494611686,0.0,-1.3077321902841998,-0.5868507204452651,0.3293909934284471,0.1630016594125311,28.978148484963697,27.53713679109063,36.91431437105774,1.1444308677111643,-0.2561096547100384,-0.0651515857008128,0.0387685363087632,-0.3593872390715826,0.907285303583788,-0.0075757306493011,1.0,0.0432286725439625,2020-07-14,45.0,14,-0.025965092771272,0.0508970236808481,False,False,False,0.2307692307692307,0.0,0.0,-0.0768054285026108,-0.5584793408575254
TAP,Falling Wedge,bullish,1,0.8340691359125824,5,88,1265,1266,2021-09-27,2021,2,41.2612972026769,38.87588270699917,54.345519641704215,37.34134582882108,0.9855788071165452,0.0613597513310808,True,-0.0219801838931961,0.0031511310627625,0.0039795886203288,-0.0892507942361431,-0.0070735490978049,-0.0654667513629901,0.0086586960658625,-0.0293001230067129,-0.0103424315714593,0.0082214764769523,0.0006213885957873,0.0484023432455644,0.0315353705791789,0.0351299818262969,-0.023095563242967,0.0479181062487619,0.1114023693515948,0.0449104860571358,-0.0405574555795883,-0.0110739062879569,0.0198116398388605,0.0092795405334416,-0.0266657045459032,-0.0581346295487681,-0.0467628769771822,0.0269507871685459,0.0136366552616986,0.0057409125360479,-0.03867363278362,-0.059888904887096,-0.1057670020934983,0.009106498444364,0.0764375192532118,0.0212984379233294,-0.0210039406380986,-0.0229676753717932,0.0384860975408971,-0.0110248818515212,-0.0592063891587544,-0.0053988544760065,-0.0039256651329885,0.0209367070551418,-0.0314117909102823,-0.073000856809324,-0.1847379346071155,-0.037913933871925,-0.1010682244474003,-0.1371389402041036,0.0001591590726246,0.0734663492093741,-0.0869272651509326,0.1369251369710269,-0.0693613097843541,0.0811484260695323,-0.0764362973540628,-0.0805697830461749,0.0158324057559637,-0.1161737224357676,-0.0081283787063505,0.0764349921635991,-0.01716025735831,0.0293057162609526,0.0675989426812673,-2.784075470163572e-08,0.0126449811789797,0.0835657362005919,0.0170217671423096,-0.0698724510415373,-0.1045419304467992,-0.0248560016979946,-0.0882643346461138,-0.0985299895600424,0.0405327358715843,-0.100234550064141,-0.1304640393501877,0.1515752607876277,-0.0335783413787665,-0.1886043380244529,0.0290896510226228,-0.0096758820493199,-0.1150155730284606,-0.0179891846855052,-0.2445611542102052,-0.1416720641508082,-0.0915080693392886,0.0663301217770593,0.1380394668112154,-0.0712402545743041,-0.0344191760231544,0.0804436499770462,0.0279184201140698,0.0123221638058759,-0.0779167169759683,-0.1347677555837106,0.2606465503298705,0.0560520981758256,-0.0026631723515313,0.1081566094763673,-0.0220912002855482,0.0319230450004848,-0.0116154492162399,0.0600239742883805,-0.0475719420951535,0.1429581740693666,-0.0496181719150158,-0.0425426492627392,-0.1620535215157419,0.1694741476569432,-0.0341879500086236,0.0467345611999545,0.1266485122954894,-0.0338119183841728,-0.1577508116479046,-0.1243235171699651,-0.0936360854079706,stop,1283,18,37.34134582882108,-0.0950031055640565,0.0049301122075796,0.0957273034592326,-1.0,0.0518942215447417,1.0076228865454069,3.3378532515206025,1175,0.8045436774114217,7,0.0110993238425915,0.0576705248455471,-0.1288313625716204,0.0,-1.6267216488085972,-0.8221779713971761,0.2005676236458074,0.1964319194953858,38.87588270699917,37.34134582882108,54.345519641704215,1.0183351190624057,-0.0326752846293163,0.0166862962594958,0.0246194610870666,-0.0709827251647255,0.7279693654586776,0.0105355601892389,1.0,-0.0137522113086436,2021-09-27,57.0,11,0.0240369538879516,0.032018367741877,False,False,False,0.0,0.0,0.0,0.0270069893677656,0.343673454683521
TAP,Falling Wedge,bullish,1,0.7424459829161926,5,51,1528,1529,2022-10-12,2022,0,42.15049730961426,42.37416715584402,51.819160896024414,39.54825452160077,1.160966116934143,-0.0052784481971561,True,0.0006213885957873,-0.0546175894938087,-0.0212868790812776,-0.0331344937513561,0.0039752827476016,0.0270078937596383,-0.0522898902909232,-0.0100577213272268,-0.0021529528256071,-0.0200063159658254,0.0209986983953294,0.0095007240578754,0.0893177021318702,0.0601806838409029,-0.0538752199671588,-0.0202849590843547,-0.0154638398143357,0.0060893205702623,-0.0353277503411262,-0.0333400410492049,-0.0158877256833337,-0.0332581378901108,0.0070861696742053,0.0368680967007581,-0.0570867964037902,0.0167645157837268,0.0316006748728379,-0.089119332983732,0.0030167590189977,-0.0264631846124112,-0.0210039406380986,-0.0581087208672894,-0.0220412904972849,-0.0146493140537889,0.0373889919601861,-0.039878335014465,0.000445245062755,-0.006452826808864,0.0252778543540974,-0.0039249723453155,0.0046702848595661,0.0285980775621188,0.0206985641418731,-0.0048485371718366,0.0802808037605717,0.0387555308815759,0.0306542408514682,-0.0407068274287616,0.000112957266614,0.1124949021338472,-0.1481130249819372,0.0123492769528348,0.1895882376716613,0.0293057162609526,0.0028051286814059,-0.0077191999493949,0.0557926997493123,-0.0843781204879625,-0.0754330290148523,0.023084254981319,-0.1169312182313078,0.0767864703788501,-0.0482977812413147,-0.0069824031480484,0.01390189933104,0.045554223553093,-0.0368866904183662,-0.0158599924579612,0.029595525499979,0.0982937722556283,-0.0363815318776425,0.0664373589364959,-0.0960571958153303,-0.1038395633126483,-0.1381638205092342,-0.0779833055230675,-0.0426131378752748,-0.0067069107104579,0.2918477993470614,-0.0775216564128846,0.080902712528998,0.0449940691915708,-0.1704109686251741,-0.0577328716216065,-0.131706240128818,0.2949801445876561,-0.0358639012419838,0.0373221111998423,0.0078496027457528,0.0308091675529302,-0.0174739453412373,0.1033402998069988,0.0471958038679227,-0.0685828651388349,0.0095835087093076,-0.1723405717248238,0.28878063466709,0.0547308751583301,0.0011832373690068,-0.0218946246199686,-0.0203177951544402,0.0522396949170202,0.0461747872143181,0.0199976494699047,-0.0615283807313653,0.0666395740204892,-0.0741313188555161,-0.3234795784462165,0.0614091916381478,0.1348618402937091,-0.1148432633477877,-0.0888628939793941,-0.0533814942137452,0.1375008705646665,0.0500797067204861,time,1588,60,44.13982391357422,0.0471958038679227,0.1616969120257043,0.0285835465049186,0.764466180144005,2.6191273491876226,0.4629893511875345,3.715511723558681,1477,0.419497676484588,7,0.1331709796569318,0.1061540545127013,-0.1794404609659017,0.0,-1.546992297161068,-1.1274946206764809,1.103355967476715,0.1041591431203969,42.37416715584402,39.54825452160077,51.819160896024414,0.9865378584229926,-0.0598447484615231,-0.0572140057911468,0.0231747288896082,-0.0783536492704366,0.602409693927971,0.0056545416292625,0.0,-0.0926896707021021,2022-10-12,14.0,10,-0.1157197944125877,-0.0781805235686048,True,False,False,0.6666666666666666,0.0,0.0,0.0095234475397086,0.0174912586398795
TAP,Falling Wedge,bullish,1,0.6269222404107129,5,78,1802,1803,2023-11-14,2023,0,53.63747214989997,53.08351798156468,63.40611377031044,49.175767943935966,0.8146849170771413,0.0104355210317386,True,-0.0023430840589099,-0.0093635932861168,-0.006432245280713,0.0028234620538141,-0.0033334264256889,-0.0717463026339166,0.0371311823031312,0.0318735438172879,-0.0713661288999788,-0.0253101534735202,0.0700336760637123,-0.0299519500628114,0.0323150931701547,-0.0001782617187958,-0.0029540612526924,-0.0576958178448319,0.0848652653292929,0.0114811630178242,0.032450150293984,0.014193583916271,-0.0246266228765144,-0.0032299133292843,-0.0033601958672461,0.0058575503106246,-0.0041400654149921,0.0002604733278976,-0.0373209401762246,-0.0217348279295758,0.0096563859806311,-0.0340446157933284,0.0650371593931771,-0.0613898789976433,-0.0813057252681616,-0.0061585123279094,0.0747368041852007,-0.0266979857151342,-0.0452412386534103,-0.0292770759917804,0.0473790500446869,0.1264435443369829,0.028272195210844,-0.0344078624950039,-0.0275861090429887,-0.1322397005816161,0.0150966319008367,0.0143836617402506,0.0825314583016418,0.0372313709429572,0.0967327205913775,-0.039844540022186,-0.0368473922401887,0.020810308807017,0.0130186561687282,0.0660103106611296,-0.0976901904645306,0.0311192447985746,-0.0245558215455417,0.0131192497497583,0.1220098211520857,-0.0135342898463283,0.0842951925536446,-0.0791175390661326,-0.0698724510415373,-0.0260948937738517,0.052574127606942,-0.2239905936901906,0.0306542408514682,-0.01716025735831,0.0874496631070454,0.0650060667699856,0.00168232476739,-0.1013100226578749,-0.0489428665500758,0.0985337098795997,-0.0347784981331448,-0.0550969040919793,0.089103037910426,-0.1014757544460408,-0.0135370177991702,-0.0781185885024066,0.0028910608315451,-0.0828143564951612,-0.180860367868884,0.0437789685766081,0.0485578878172425,0.1921961534384271,-0.0266581297004544,-0.1126107274333103,0.1675799422531736,-0.0359648546391648,0.0057761313258168,0.076193626584227,0.046637974303914,-0.0708915892530572,-0.1300564048160537,-0.0748761387239137,0.005047414515517,0.0011637015344969,0.0214676483867166,-0.1968396526704747,0.5259551540749139,-0.0187146131320518,-0.0629575020193169,-0.1043963994817008,0.0545890422802064,-0.0809180433341161,0.0260046528601574,-0.0367553882446498,0.0684839225898437,-0.0993430983340604,0.1444911631180037,-0.2113139922949862,-0.0018179489003201,-0.0423709786326912,0.057295847365138,time,1862,60,56.13901519775391,0.046637974303914,0.0835426274457687,0.0180753425234,0.5606698544717746,1.0043281997408244,0.2172971663838248,2.189441784901973,1724,0.3578566658407849,5,0.0596109589671452,0.2619664697179926,-0.0702205323432285,0.0,-1.4592026666242803,-1.1013460007834952,1.5436340779562134,0.1024262459832801,53.08351798156468,49.175767943935966,63.40611377031044,1.1522612887112922,-0.0017509809132276,-0.0145849524627922,0.0214859914773958,-0.0420619835203491,0.8717966274110778,0.0124765571832077,1.0,0.0291501292395226,2023-11-14,63.0,12,0.0575845745982288,0.0404761292864339,False,False,False,0.0909090909090909,1.0,0.0909090909090909,-0.0034933095890364,-0.2134561214950663
TAP,Falling Wedge,bullish,1,0.629759116369217,5,79,1958,1959,2024-07-01,2024,4,46.526974761299975,46.67150218772758,69.82110912078826,45.00066528109346,0.7271729290077914,-0.0030966954062517,True,-0.0147959100804585,-0.0370875233721309,0.030799607615884,0.1252660573606261,0.0222338815067777,-0.0448918602643173,-0.0074314954775682,0.0055955947013297,0.0253211666806558,-0.0314886812750071,-0.0369732365637612,-0.0033442989376372,0.0494540133106402,0.0085777819038825,-0.0460008095779341,-0.0183961334931359,0.0284687643264633,0.0980393833358859,0.0634448692089688,-0.0460152664138616,-0.0503407601495381,-0.0406451723096982,-0.0213795803548913,0.0372854312981973,-0.0016330972628773,0.2630951458860096,-0.0207739397137521,0.0301552913821823,-0.0293001230067129,-0.0083646720496851,0.036400635121996,-0.043278203420376,-0.0408880983242989,0.0042312570450431,0.0250595840386591,-0.0102838933477676,-0.0078013392600162,-0.065202353611548,0.0625162096813964,0.0413265848785742,-0.0288505547302524,-0.0142768327434783,-0.0250154254473838,-0.0333628134741007,-0.0247753890110424,0.0317548778035251,0.0507002974142336,0.053826937051462,-0.0982317444970098,0.0084486879993872,0.0118507283965525,-0.0519043122758026,0.0030586404040995,-0.0109621753807189,0.0644105115055357,0.0218365183553423,0.0630811946904246,0.1143242037628298,0.0364817081346333,-0.0489692500904207,-0.1132406209668568,0.1471569349690331,-0.1490624910503608,-0.0765918915334729,0.1180367717050729,0.0145970254896841,-0.0991809632317487,0.0796801708071894,0.0489593150545639,0.0564214035438213,0.0235723017928175,-0.0035844696557829,-0.0784186190865287,-0.1053062441532417,0.0145062657940353,-0.0093266291754906,-0.08524935426429,0.0291430881574186,0.0272079935662812,0.0669742887854762,0.0575023713005884,0.0558186227859847,-0.10595830779647,0.0436003340458051,-0.0342646771940849,0.1093133517507951,-0.1127590372793451,0.1664119556325858,-0.0810477884589785,-0.0050332057695792,0.0057692966005076,0.0586564417645369,0.0860425311711836,0.0343809183369949,-0.1381400550511496,-0.0214749064254937,-0.084819677521531,0.0048026435571784,-0.1322341965048998,-0.1569349917930522,-0.0397302281792782,0.0352089443318466,-0.1267348749276311,-0.0746303736353997,0.0200646724342055,-0.0266659691483553,-0.0790737725911077,0.0431174613438629,-0.0823071477442578,-0.0189481966904949,-0.0989027650653568,-0.0443159299473381,-0.1943012956396771,-0.2081725524355181,0.157252191752856,time,2018,60,50.5302734375,0.0860425311711836,0.1512846830990336,0.0209112882002383,2.622861698833429,4.611658856608575,0.6374454138797049,15.261737322326352,1875,0.8631877452073347,6,0.1035919452237733,0.0657674564123476,0.4788787439136479,0.0,-1.720166050625047,-0.8569783054177159,0.143832008313263,0.2349562362057176,46.67150218772758,45.00066528109346,69.82110912078826,0.8424763712190005,-0.1530167077159715,-0.0797777182629803,0.0181394723693187,-0.161073843076443,0.3944956375968098,0.0057053362252743,1.0,0.037410723518358,2024-07-01,63.0,20,0.0853824531465194,0.0837355120933327,False,False,False,0.1578947368421052,4.0,0.2105263157894736,-0.0584846971024467,-0.6341151713993652
TAP,Falling Wedge,bullish,1,0.7429920554190103,13,151,2299,2300,2025-11-07,2025,0,44.38858940077181,43.60209913633915,59.06601316885815,41.03114177544831,1.6949989709816835,0.0180378990922749,True,0.0010778963543782,0.0089184741385645,-0.0466973577149677,0.0185348314090703,-0.0022245000507947,0.0318499675706018,0.0153941265457666,-0.0199786681339537,0.036880860402608,-0.0209935881442123,0.008122968350444,0.0158990292277583,0.0376005098203848,-0.0185151941356125,-0.012769289757474,-0.0091389687715655,0.0217568585199183,-0.0333012361688153,0.0095235799951367,0.0159458053872063,-0.0141212089699784,0.042678749504815,-0.0027444673899385,-0.0060356787878996,0.0208528946416398,0.0100930145032802,0.0443906295595046,0.0031326616988007,0.0059997838637355,-0.0133843682035065,-0.0528454242991778,0.0308008670854686,0.2879925751548842,-0.0047232527891902,-0.0157704237187095,-0.0717312940699244,0.0236778456588966,-0.0287696259442857,0.0644409141727044,0.0147018632398983,0.0550828387784161,-0.070955956318458,0.0373889919601861,0.032941786971657,0.0130581838343224,-0.0243117593448248,0.0154310327598472,0.0059956715115665,0.1106692598992029,0.1304538189107045,-0.0413574312220671,0.0471301901960317,0.0232319972924566,-0.0163986035772401,0.02190250775922,0.0468848885732364,-0.0484889654587373,-0.0277444678639412,-0.1472745106900579,-0.0675360617057002,0.0084486879993872,-0.0229722549493032,-0.0320792785666029,-0.0636622162362658,-0.007041924005311,-0.0591752619813736,-0.1041822389140391,0.1226649273180116,0.0217573796209666,0.000619929070377,-0.0206098179023785,-0.0324805956738047,-0.108219764243149,0.0533345491289607,-0.0489428665500758,-0.1092388473060818,-0.0375197661682493,-0.0722002268955652,0.0620376981097356,0.4404429543137202,-0.0574176469014319,0.0530825614020566,-0.0888256375062553,-0.0128803588617335,-0.0515621106762897,-0.061451267626994,-0.0887152633384535,-0.0465587665362443,-0.3017844600370656,-0.0290903380249186,0.0618119452076628,0.0244288394795858,0.1136635112510116,0.1101458794935779,0.0671620274051569,0.0441792605361239,-0.0681694549406033,-0.2231087498479168,-0.071219902501814,-0.1898138193918727,-0.016414939814303,-0.0174225309682718,-0.0500164120338104,-0.0014785898444622,-0.0702727621411029,-0.0437831220166653,0.2671073287751271,-0.0897350752455179,-0.1069016498601045,0.0838296021415678,-0.0095959332041454,0.0203838422742803,0.1444911631180037,0.1918422189579398,0.1206103861811311,time,2359,60,49.43395233154297,0.1136635112510116,0.1299992753032271,0.028238732335178,1.502737642939411,1.718711681549116,0.3733423822817605,4.37160170642189,2148,0.6929331315309001,7,0.1753899074775969,0.130365579849504,-0.06524963407325,0.0218978102189781,-1.249458783146265,-0.5565256516153655,0.299782346480956,0.1900087099718768,43.60209913633915,41.03114177544831,59.06601316885815,1.18445276418328,-0.1090642377488865,-0.0021031275904422,0.0267182747439765,-0.1360390073107483,0.9854374954862536,0.0122477624369472,1.0,0.0274876457980539,2025-11-07,24.0,16,-0.0954788082057572,-0.0761977879687043,True,False,False,0.6,1.0,0.0666666666666666,0.0439266228481617,0.8322094294135596
MNST,Falling Wedge,bullish,1,0.750510818804093,3,28,1017,1018,2020-10-01,2020,0,20.082500457763672,20.068054623074005,22.440279218885635,18.966561127669856,2.110333182138671,0.0007198423046475,True,-0.0144404784721532,-0.050858955738738,0.0290893994111183,0.02345520495143,0.0107490658348567,0.0073691048263024,-0.0271664033786569,0.0254022841357168,0.0037209266840025,0.0372223447051058,0.0344954324424813,-0.0071778855926575,0.1201929517760795,0.0119062379546965,0.0107490658348567,0.0230352413252676,-0.0613443467465952,0.0072894157995786,-0.0016821242376922,0.0030101887551639,-0.1066871319046967,0.0197706451291879,-0.0226104593574305,0.01319553758785,-0.0344379936729164,0.0148637745895006,0.0291427950541851,-0.0076519955394565,0.0645093724726015,0.0290058872155976,-0.0262837618133604,-0.0524189479933907,-0.0008963649722973,-0.0437619464097042,0.04483216560927,-0.0399999894158686,0.012579454469638,-0.0083721072174781,-0.0468540967688515,0.0043464337154888,0.0182656138849246,-0.0182832396720944,0.0130060282558728,-0.0249243315714901,-0.0301848295210251,0.0166495418692469,-0.0347317422125185,-0.0295464459328695,0.04708306615784,-0.0600276916351527,-0.0592617955848397,0.0829906285366164,0.0736108235050896,0.0226982928582581,0.0553701978247491,-0.0310414273135074,0.0884608366589756,-0.1340885028426003,-0.0639844387845361,0.0597337810937506,-0.1139217895944396,0.1208412088322903,-0.0592238696653449,0.136303291501592,-0.008196742578521,0.0038903128242588,0.1436269493300679,-0.0555836657739925,-0.0471957154800462,0.0475538355253397,-0.0488285175222507,-0.0458209290036693,0.1253027950587937,-0.037217380689538,-0.0162610475946315,-0.0098323715465694,-0.0655312555669253,0.1867680397487237,0.1283783348395586,0.0989311356580513,0.0404327482798672,-0.0309373505577492,-0.0476878497207747,0.1249999472525273,0.0309054202348466,0.1932740563509067,0.007003755398018,0.0475538355253397,-0.0234617389581908,-0.0921305129250633,-0.002716434671549,0.0169561756697411,0.130461788729695,0.0036710138871498,-0.0660513540001203,-0.0196735450523943,0.0375072215340692,0.0547008009487404,0.1053011117523334,0.0902464940357432,-0.0362358408508609,0.0850082109208685,0.1032083285277962,0.0364864452465159,-0.0306759388732877,0.1820470481485012,0.297777811686198,0.1954900137693986,-0.1304482656766481,-0.0735743864249205,0.1351160478639581,0.1707142622213939,0.2376237935390106,0.0810929973239118,0.0576787258976846,stop,1038,21,18.966561127669856,-0.0555677482712271,0.0514128863348457,0.0607494680888447,-1.0,0.9252288950759452,1.093250491136073,2.112819843820494,989,0.3617997251519126,5,0.0162972138928547,0.1030667114257812,0.0380761605986235,0.0,-0.9898767978488792,-0.6280770726969701,1.2703957861871715,0.0951790605316935,20.068054623074005,18.966561127669856,22.440279218885635,0.4737499782017304,0.1748472436200026,0.0043487695609478,0.0232572390124437,0.4798401984141363,0.8157907945590523,0.01059858024763,1.0,-0.0539861443338701,2020-10-01,45.0,14,0.3263900662763881,0.0516125903629716,False,False,False,0.0769230769230769,1.0,0.0769230769230769,-0.004338925892126,-0.6720842758644241
MNST,Falling Wedge,bullish,1,0.62902258126542,3,51,1290,1291,2021-11-01,2021,0,21.457500457763672,21.16004433170441,25.53279046089409,20.705769958844485,0.9629331522331496,0.014057443424803,True,0.0582546882597283,0.0393289294445715,0.0448043152927148,-0.0093776352063075,0.01717075254859,0.0220596411720088,0.0408826450064594,0.0083869768156137,0.0321538949691462,0.0242140539081316,-0.0537464275152839,-0.0031441716871625,0.0038874204554621,-0.021947853393623,-0.0154727331843985,-0.0073833937767882,0.0161730822913759,-0.0129487901040901,0.0141518187818978,0.0166630796072124,0.0103434390852414,0.0051006342740664,0.0516561507927149,0.0835372016309463,0.067870814283087,-0.0189022550499129,0.0036033442616425,0.0279588362326477,0.0419187763690056,-0.1155372178258974,-0.0017966406721396,0.0216945752972617,-0.0039553651605652,0.0111274599620039,-0.102157459314641,-0.0229251628019371,0.0670976792469471,-0.0637834248908171,-0.1579027109121719,0.0130841264100831,0.0036033442616425,-0.1168644906496977,0.0403371111313213,0.0170648461201492,0.0273972802508293,0.0999840690176586,-0.0238844577423286,-0.0137588326514084,0.0728176930741315,0.0791183287270791,-0.0436087263848765,0.0082954406495125,-0.0702714367005116,0.0573413720603181,0.0189011878722888,-0.1041021872357925,-0.0373625853084406,-0.0665353747650556,-0.0189394444872736,0.0724522165638443,-0.0009871020726466,-0.0297872513114406,0.0179753929763855,0.0605536074747425,0.012360775002522,-0.019081131671593,-0.0016277835250064,-0.1463386513426391,-0.016943174722106,0.1160433283466269,0.0748944793858688,-0.0473516519716694,0.1815583292595963,-0.0235294513636389,-0.0319471200480402,0.0751376287310223,-0.0803601680799928,-0.0404018351096379,-0.0627898746260239,-0.1360856470677169,-0.0861854786811213,0.0110886118496151,-0.0195872494912068,-0.1434911163764188,-0.0008657269547051,-0.0493676450641344,0.0311472512565393,-0.0612361540747692,0.0362794496176541,0.03612505360073,0.1135084300874409,0.1309610465719508,-0.0309915368211834,0.0286864073840105,0.0152246794866179,0.1539990791989263,0.0032945646804434,0.1165427194075936,-0.0566155781236924,0.0784010914916086,-0.0782257818406626,0.1073558364383622,-0.0163333468967014,0.0847717069982481,0.019872711682054,-0.0275362178178676,-0.1455075360448526,0.1505183265555787,0.0666057570245692,0.0126846142817362,0.0589241994499001,0.1820470481485012,0.0327813213871714,-0.0819849682115451,-0.0648325481859829,stop,1311,21,20.705769958844485,-0.0350334606958938,0.0929744326843505,0.0572061465380611,-1.0,2.6538752049479326,1.6329002445586596,5.421211470054407,1239,0.7009333323788394,7,0.1347858588629862,0.0393582920339656,0.6861190488211237,0.0,-2.312528100706725,-1.6115947683278902,0.3427474869743438,0.073252323004966,21.16004433170441,20.705769958844485,25.53279046089409,0.3389284951346266,-0.0715985971157795,-0.0631830802419601,0.0158637256618556,-0.1092349707134316,0.613633999167707,-0.0002352546243106,1.0,0.0732548964936383,2021-11-01,38.0,13,0.2341385131236026,0.1169100548504296,False,False,False,0.1666666666666666,0.0,0.0,-0.0619120423260448,-1.3297409303912755
MNST,Falling Wedge,bullish,1,0.6532077777725781,3,40,1734,1735,2023-08-09,2023,2,29.0,28.756281828269,30.279358399220012,27.51849512576453,1.6916566827619313,0.008475301959637,True,0.005172400638975,0.0242490290302017,0.0197706451291879,-0.0078403178026256,0.0144092465429228,0.01248211350547,0.0585106934623751,0.0011998576386891,0.0558480955484346,-0.0149508368140361,0.0062958224349261,-0.006656543515057,0.0321620564013265,0.0552307565019019,-0.010211388354362,-0.0172539364621323,-0.056162480224556,0.0351081641251642,-0.0271201226384449,0.0195911840199924,0.0339222285236366,0.00019613955172,-0.0050541682397516,-0.0015517267687568,0.0099612660468418,0.0381102073849655,0.0045647870470579,0.0412698434056701,-0.0046271280990852,-0.1026630591693265,-0.0415988035597874,-0.0858510605832363,0.0222113697900565,-0.031587819388263,-0.0192181662798186,0.0480528494120666,-0.065604178306619,-0.0114897349782947,0.003830226680189,0.0016506845674908,-0.0097995855005612,-0.1316949230129436,0.0222065259827333,-0.0110028414758214,0.0303218076440459,0.0135942231532172,-0.0234482863853717,-0.0159960759013656,-0.1041021872357925,-0.0252973422059609,0.0473779198558996,-0.0205200755786491,-0.1167058608111213,0.0681476850483424,0.1041419861901942,0.0280263356448007,-0.0296467595451883,0.0326285972039663,-0.011059090892416,0.0,-0.0573468116575328,0.0370589970305754,0.0360894229824981,0.0284653688355125,-0.0041196486661841,-0.0397682345906863,-0.1481706653904293,0.1040623738485677,-0.0199113868886915,-0.1363793077140018,-0.0868631737035496,0.0473088708557396,0.1029252403672491,-0.0193457636371422,0.1853817189450313,0.0203100396681201,0.1268421641567296,-0.0583451727657869,0.0639905525698463,0.2037448370637475,0.2534274209984632,0.200028700741776,0.0606010945850492,0.1058698578705614,0.0936819050305872,0.2076761610122721,-0.0492980238918846,-0.1365895980263989,-0.083066487751689,-0.0684629251947607,-0.1138202910117189,-0.1935223227932914,-0.0920689681480672,-0.0565694065796033,-0.0631954569154563,-0.0004495494944735,0.1727781740434073,-0.0275362178178676,0.0207880238893252,0.3337171212044458,0.0390822148474869,-0.0809825461751022,-0.0655356815883091,0.1131401477191889,-0.0439596807999205,-0.0004495494944735,0.0287091283788973,-0.0738721810228509,-0.0924882583143386,0.1126370643916467,-0.1222268020878963,-0.0551782668218105,0.0124234536430496,-0.0485106123254653,-0.1000134944110413,stop,1764,30,27.51849512576453,-0.0510863749736368,0.0213793392839102,0.0584482653387661,-1.0,0.4184939584173491,1.1441067284364648,0.8635532838730812,1692,0.3877021329112559,7,0.1982744827226774,0.088140721421535,0.1834271788347563,0.0,-0.7226605518725477,-0.3349584189612912,1.5148172198040868,0.0714377283109536,28.756281828269,27.51849512576453,30.279358399220012,0.5957141603742322,0.0776635095500517,-0.0031996377726941,0.0207168902020705,0.1220368183215019,0.6805514347475915,0.0040062627216101,1.0,-0.0006054580856814,2023-08-09,54.0,11,0.1309612801327755,0.1422306069193157,False,False,False,0.0,3.0,0.3,-0.0241998743723063,-0.5847072354243534
MNST,Falling Wedge,bullish,1,0.6611245474809337,8,96,1965,1966,2024-07-11,2024,0,25.25,24.847461414628757,31.696635844146016,23.31075639819784,0.685747545911839,0.0162003908026697,True,0.0100989766640238,0.0190119006996459,0.0054895971647352,-0.0150032305995375,-0.0013871626239776,0.0445608140435545,0.0289953005656067,-0.0397993494729053,-0.0063244073480008,-0.0146048171202559,-0.0526717949591543,-0.0386429447509943,-0.0280364678460399,0.0299849902153521,0.0010867845369679,0.0032679100307697,0.0443598842027599,0.0107835013666941,0.0109796909257566,0.0119740125539169,-0.0807110146931322,-0.0420185987361346,0.0164848417912247,-0.0079208222946317,0.0265465987941236,-0.0139638378566026,-0.0699806319890308,-0.0457336932988429,0.0143271213635371,-0.0420711538838894,-0.0055299634222675,-0.0812352686018826,-0.0567154387447008,0.0368970335923359,0.077932065227789,-0.0393619537572081,-0.0615871878801775,-0.0638370464995393,0.0039941430408927,0.0267887731996883,-0.0134900774566429,-0.0271700936350685,0.0550368252599593,0.0440197575412026,-0.1540021170410376,0.0128633149474425,-0.1087129045240949,-0.0603295140068164,-0.0238844577423286,-0.0387836512738003,0.0303743501633524,0.0752293764633504,0.0156692548826247,-0.0346672148032133,-0.0665353747650556,0.0442455580300991,0.0347185686043338,-0.0239973737456442,-0.0209186419743233,0.0854245091487901,0.0099166518954474,-0.1299979869483598,-0.1039288498771271,-0.0692714780926644,0.0054762130539338,-0.0515787688062774,0.0112131760761828,0.0594180921803031,-0.0991190021475761,-0.0366336331509127,-0.0056632717955982,0.090979842900325,0.0144169978890267,-0.1650732394494618,-0.0620032024049209,0.0934338552573237,0.1233413683179283,0.103635684323317,0.0257804491213917,-0.0107495207117964,-0.0694200466961839,-0.1171900260610481,0.0154584789895708,0.0047537991857919,0.2074297615163143,-0.0436992173280292,0.0030287335633787,0.109796578055741,-0.0501064078428821,-0.0421875119209289,-0.0222337812416553,-0.0471032629240728,0.0089109061968208,-0.0217679817905711,0.1145589137314877,0.0506976815157158,0.0686126395327155,0.0165876658722894,0.042099578770492,0.0665850660138616,0.2874303267457663,0.0912349772419753,-0.1856886025908917,-0.0066026966639166,0.0805431479299747,-0.1174699341632133,-0.0696449305163229,0.1558529638500332,-0.1596809400025188,-0.0575422395146547,-0.1362000987105937,-0.112980722940178,0.0850082109208685,0.192141621723755,-0.0113662252405113,stop,1985,20,23.31075639819784,-0.0768017268040459,0.0376237925916615,0.1421782238648669,-1.0,0.4898821179848713,1.851237332561862,3.324304299962668,1869,0.5624012178235185,6,0.0904057410704792,0.1057383716217752,1.2173818860691077,0.0,-1.486124334281016,-0.923723116457498,0.5928723212943817,0.1498338293793079,24.847461414628757,23.31075639819784,31.696635844146016,0.4003568376813614,-0.0756486592281381,-0.0283307169638059,0.0159250933731609,-0.1440245600515742,0.5405388686507728,-0.0022065556473668,1.0,0.0397156113068133,2024-07-11,53.0,9,-0.0715693106793545,-0.0488344434751627,False,False,False,0.5,0.0,0.0,0.0028168222936951,0.1977809158709403
MPWR,Falling Wedge,bullish,1,0.6804460893066535,3,29,580,581,2019-01-08,2019,2,112.35768636271344,106.16872033049606,138.53298232720283,99.55679343553729,1.1232783924136374,0.0582936858704856,True,0.0288591615545599,0.0180267650018599,0.1204332865318529,-0.009570967755125,0.0522301228927861,0.0190837229871501,0.0250599500064265,0.0403377378701466,-0.015132007627526,-0.0190916940411779,0.0626854425210552,-0.0006588018399212,0.0378260333278777,-0.015132007627526,0.0622041792397343,0.132652911290616,0.0696966002524575,0.0672083503495446,-0.003310158602589,0.0138388923792198,0.0808831174900142,0.0301455355792963,-0.0087103507066557,0.0036914191580856,-0.0190216935637947,0.078274486286983,-0.0227679985326575,-0.0524973911142254,0.0931356913093568,-0.1222118335370481,0.007530453067235,0.0356637724858663,0.1496461791645862,0.0554962107288965,0.0697366137777444,0.1023694369134631,0.0424772883115396,0.035816872243561,0.0766922798720548,-0.0508145973917132,0.0442874991753923,0.0655151984747848,-0.0942700903212833,-0.0125094976728111,0.0966503630674375,-0.0262196276573724,0.1318794300672796,0.0729415866599183,0.0411214849357128,0.0847402680269553,0.0304630261857741,0.0474079613926721,-0.2459287057767829,0.1488602323755345,0.0899262416222348,0.0360702962881389,0.2193545285153662,0.1839659162389804,-0.1087716994337093,-0.1107379932816454,0.13213908731792,-0.0132803248978065,-0.0736830729245952,0.2072897260564346,0.0502993857744287,-0.1132442624179035,0.0579223991979016,0.0130306712045495,0.0980321717472716,0.1250001357850865,0.0572488577992547,0.1246972850009826,0.1119682568620061,0.0268093948222827,0.2601931109763431,0.0672538920806031,-0.0693061325051125,-0.0285240513889314,0.04145721237257,0.0268093948222827,0.2427402524986806,0.1061135193828244,0.1591815821095075,0.0411949315890523,0.1027676228507448,-0.1695659289315119,0.2462794452582319,0.0646179231606749,0.1649133844370589,0.0054912224454228,0.0192930424701358,0.047780867769394,0.2094448634075667,0.0895311891274224,0.0833490370201412,0.0441582956796291,0.1258481782823843,-0.0720498950131216,0.3524448046270101,-0.0826745257191147,0.0503480562601168,0.0918073057358506,0.27710117523147,0.0191839436613712,-0.3219626461195912,0.1186944907086133,0.356751933649488,0.2933789310779893,0.0918072241908045,0.2828683219754271,0.2738768816628925,0.2548079702340229,-0.2261035674177917,0.2151965911667461,0.0980032380628498,time,640,60,135.8904266357422,0.2094448634075667,0.2241701129272569,0.0089763858801682,1.8383670894605335,1.967615492408547,0.0787887185005244,2.0448023519452723,549,0.7475951594255442,5,0.0604554517092941,0.0850391364670317,0.0439934786339453,0.0344827586206896,-1.0666916720747313,-0.3190965126491892,0.2914974491290438,0.2589798306613472,106.16872033049606,99.55679343553729,138.53298232720283,4.838331031358893,-0.0741707659385098,-0.015158733144692,0.0434887102555809,-0.1417915032974384,0.9016945032095258,0.0109437415623518,0.0,-0.0201105902808966,2019-01-08,23.0,12,-0.2216504549992191,-0.1607782339098227,True,False,False,1.0,2.0,0.1818181818181818,-0.0115685657916239,-0.4849777185327366
MPWR,Falling Wedge,bullish,1,0.8033467583408139,3,26,1521,1522,2022-10-03,2022,0,378.0151681610654,352.874141720491,498.1798572593361,333.05746362594346,1.5396501545200876,0.0712464402123531,True,-0.1147844408595581,-0.0815403743961735,0.0389660910743521,0.0137519888143726,0.0469665090891813,0.0473131746983863,0.0043508747171721,0.0259773697404979,0.0956897647551944,-0.0310247680184286,0.0125046436294451,-0.0591113161730271,0.0524008778052242,0.0077917543575369,0.0533192043600372,-0.0628154492201956,-0.0086089372608026,-0.0176745606364916,0.0013468915728611,-0.0058262382588818,0.0116669992131175,-0.0016380245222528,-0.1260517833464231,-0.1872026542308393,-0.1722184930299675,-0.0512448796957729,-0.0387602060669027,0.0400963672499534,0.1198321665156492,0.0658204233036021,0.0183528852414402,0.0558488529574676,0.0070643324651342,-0.0824425356970202,-0.0518015226518737,0.0015621615908403,0.0283746908404054,-0.0842042483395565,-0.1130000122395757,0.1954070476813045,-0.0046710322164914,0.0196732202594909,0.0367364487775738,0.1452216612801882,-0.0195049531654052,-0.2016206976353619,-0.1273553217204907,-0.1644387312913641,0.1047515510130776,-0.0076359620021966,-0.3671567690744194,0.0342379428688581,0.0486586975895988,-0.0378566546532495,0.0798506090266422,-0.0264240028778595,0.0241677314812758,0.0012094930255328,-0.0111932399055452,-0.1034755167298014,0.1835631943518509,-0.0730516879996869,0.2011156022301614,-0.0177606794486305,0.1028599867193591,-0.1596784503889203,0.0753385217571147,-0.0793425948828197,-0.1259642103255078,-0.0875086333953474,-0.1488134842175441,0.1302540335781998,0.1612889122021901,0.0706423533809763,0.0096569343503047,0.0481746194908363,0.0810942262241436,0.0062072477597057,-0.006978241087428,-0.0283780450262145,0.1454041109629331,-0.0490734172304523,-0.1229721932054819,0.1225287536389048,0.1590161414412041,-0.0140370358305863,0.2448517885166043,-0.062736749902255,-0.0679893495005447,0.0281451053619219,-0.0550337393705824,-0.1275119061830664,-0.1252214374403332,-0.1413049012697372,0.3652424582706148,0.1050988463172895,0.1678359403284839,-0.3287087586674847,-0.1498444672398022,0.0845764996107636,-0.0952363914886712,0.0331390184115161,0.1587087909712865,0.1706501770935524,0.356751933649488,0.017823135796086,0.028817159692202,0.004355875035606,0.0678399597904877,0.0407976892976689,-0.2078142806419114,0.0845777027420557,0.0876779188344212,-0.2564449802650979,-0.1620136488172609,stop,1526,5,333.05746362594346,-0.1189309538922159,0.0560426062212785,0.1279724532572698,-1.0,0.4712196815647214,1.0760230963357775,2.6728386233419785,1495,0.6962621416883477,5,0.0180866151250253,0.1955702459660584,0.2020962566844919,0.0,-1.3810994257965523,-0.6848372841082073,0.2705205864996637,0.1865411719351561,352.874141720491,333.05746362594346,498.1798572593361,15.523026736426171,-0.1345808376786059,-0.1724592632233672,0.0423705643348889,-0.1836461273675455,0.7977714532477872,0.0086682274438953,0.0,-0.0615033523532709,2022-10-03,29.0,15,-0.2091971706414094,-0.1616985893307568,True,False,True,0.9285714285714286,7.0,0.5,-0.0470247039850096,-0.6100506182017085
MPWR,Falling Wedge,bullish,1,0.6595959502622916,5,40,1751,1752,2023-09-01,2023,1,512.4325280311775,506.735291054174,598.8555718490165,464.5649606813454,0.8471266784823815,0.0112430238777161,True,-0.0723553645766811,-0.0672969443801202,-0.0089324401950523,-0.0015244507303239,0.0682096744207862,-0.0960565253810946,0.0996971227124288,0.0559566851085628,0.0774533889574811,0.0624226479552481,0.057236859643845,0.0319939635841532,-0.0278847632393908,0.0099313965705123,0.0011575215513994,0.0919268738000338,-0.1000147134778933,0.0090536697596566,0.0067847862463301,0.0132321140598512,-0.0120356601232973,-0.0493875809259491,-0.0868163930915455,-0.116184496077255,-0.1039040319797607,-0.0213321164031803,0.0676402255915948,-0.0144719539943006,0.0619859498574721,-0.0671403449205796,-0.0059035824719185,-0.0395476086154035,0.0768098350082668,-0.2766677767555867,-0.0130437176377805,-0.0038621841835769,0.0036601909200306,-0.0357690410541007,0.0838674066366353,0.0415737111227936,0.0532760081944603,-0.0025017672856324,0.0146023520245441,-0.0369865477538076,0.1675734451722301,-0.118872620249863,-0.1215395622709744,-0.0729234225971687,-0.1422054909732615,0.0017908455383908,0.0119114676714435,0.0443764793858894,-0.1227627788038238,0.0219008011304655,0.1780584557989157,0.1020663801110097,0.2744926329654837,0.0220412576030311,0.0930576027291532,0.1166307474461334,0.3022215325756283,-0.0230000534254207,0.0180642782017772,0.1645673978514219,0.0470409396763757,0.0991334209782406,-0.3279843348943745,0.0099430329892453,-0.1661067929987606,-0.2273741058986204,-0.1526639559877851,0.1785581582848576,0.0702279804418177,0.0471266579148914,-0.0610172298213829,-0.031164988824364,-0.0707951881129568,0.006258779806139,-0.0542188874345391,0.0502805654027382,-0.109449428422621,0.0383077640119984,0.0377667022742427,0.0430746595528999,0.1318730352650903,0.0459624991122691,-0.0706278032373397,0.0696381649236372,0.1618875103004664,-0.264142628088394,0.0835602869002496,-0.2425294364111054,0.0392966250968627,0.0264183562021613,-0.0949046290785639,-0.1303044977547831,0.0259770071582869,0.0292862782998448,-0.0205048794901496,0.4024507733395335,0.2138529851823747,-0.1361386161719775,0.1061836216810954,0.2211912557942097,0.03216394459183,0.2394022325031999,0.2697546141080311,0.0188126503162837,0.2686360615293901,0.1750080951799877,0.1861395619146897,-0.0519249772850979,0.2076594017852584,0.0425378797526312,-0.060967313070941,stop,1757,6,464.5649606813454,-0.0934124294055739,0.0234886816439124,0.0969889729455062,-1.0,0.2514513517460329,1.0382876621739905,1.8054613719187065,1710,0.5335377720990591,5,0.0716885382281949,0.2912838696982098,-0.0113342488719256,0.0,-0.8005297334993031,-0.2669919614002429,0.6868533908277868,0.2058753158206324,506.735291054174,464.5649606813454,598.8555718490165,18.82986782567098,0.1306373765254669,-0.0067869454592414,0.0366872503336298,0.0414220155734974,0.6348084515863647,0.0082882280482898,1.0,0.0098027052173994,2023-09-01,29.0,17,0.2065801988817741,0.1692150324231949,False,False,True,0.0,4.0,0.25,-0.0161021819170508,0.0556280908191283
MPWR,Falling Wedge,bullish,1,0.6429735748406625,3,38,2398,2399,2026-04-02,2026,1,1126.6309786297086,1091.7680186339494,1335.021711912461,966.7259481732308,1.2297669111354457,0.0319325712062721,True,0.1998492666691698,0.1638659847573482,-0.0433331022081387,0.0752155619560355,-0.1005955352962066,0.0422085652423789,-0.0189294558727154,0.0400196722248249,-0.0030884119533213,-0.019593525091368,0.047682320427399,0.0136374121845146,0.0677036165587103,-0.0148715805823834,0.0083539348610008,0.0070878138376233,-0.1111138164941956,-0.0701240098313827,-0.0120356601232973,-0.0047289538785386,0.1683523467454935,0.050170345145343,0.193748389776581,0.3013248728720887,0.2185632664615111,0.0387059470533861,0.0125670144169933,0.1030710256482925,-0.0713434217128528,0.0758157260053682,-0.0974959956971049,-0.0449718061766556,0.303733970775849,-0.1273706612165531,0.0135399693572477,-0.019625003001112,0.1132186751980508,0.0594865885019091,0.0108341232289916,-0.0763160065046116,0.0812443148979575,0.0676402255915948,0.0502614011869142,0.0118731178147049,-0.0068174257986086,0.2764222838936007,0.4033588059204824,0.3045724721276623,-0.2422252875364716,0.0345082862378225,0.0602674826751832,-0.17648345506007,-0.0181310564128592,0.125844242039715,-0.0114101526145374,0.0488677055849076,0.0543748600785347,0.0111236598045236,-0.0159156664292043,0.1477064856970416,0.0456813382258938,0.0776555673101728,-0.0181310564128592,0.011899400054731,0.0462908878751813,-0.1253914315148908,0.0189150498507184,0.0365767103741536,0.3977576274290981,0.3669428502719876,0.2103850944561449,-0.1310651977183033,-0.1059560386891171,0.0035978865823635,0.118980334573308,-0.1001115834307496,-0.1951127569346018,-0.0186149060578117,0.0592025785257581,-0.1371788582379827,0.0372842165429276,0.1554138198720891,-0.0419236103446321,0.0707193577630491,-0.012342621215323,-0.2703131853451421,0.0228753937238779,-0.0528316162615871,0.0844871414621954,0.1840415516390869,-0.009490193520882,0.3838597646255614,0.2269855982771664,0.0854403472485028,0.0359113545926785,-0.0224620137337425,0.045064139440005,0.2474102068447239,0.1094682953284944,0.2731556026260349,-0.1855802875940922,0.1526623243989995,0.2524780919324012,0.1381328630827234,0.071047845769061,0.2564971629078334,0.2017952901767734,0.1187049994124689,0.0648235544327258,0.0958981091319581,0.1968291893646097,-0.1459807017056137,-0.3464753682727727,0.0673215539845997,0.1456504876711729,target,2402,4,1335.021711912461,0.1849680483100264,0.1876721899168776,0.0002835523516507,1.3032156192201292,1.3222679885932695,0.0019978037121227,1.3032156192201292,2359,0.4790869322787122,5,0.133584896450508,0.2233839800153054,-0.1753842087032614,0.0,-0.9109830093064524,-0.4318960770277378,0.9774457561315654,0.219605681431733,1091.7680186339494,966.7259481732308,1335.021711912461,49.04048110499939,0.1893417837568596,0.0001556658261128,0.0439121556263122,0.2257435718108928,0.8655275848699852,-0.0425364338902485,0.0,-0.0347696124896711,2026-04-02,26.0,18,0.0469966813573796,0.0819195260776046,False,False,False,0.4117647058823529,2.0,0.1176470588235294,0.0492151527888052,0.4824737807728579
MCO,Falling Wedge,bullish,1,0.6026953108482287,3,30,683,684,2019-06-06,2019,0,178.71230478175136,176.13187014125464,187.37553640436275,169.19263369881423,0.596240680457839,0.0146505833295658,True,0.0124211305339072,-0.0003444237485028,0.0200962946339806,-0.019187846689583,0.0065347056854216,-0.1087042750196888,0.0005748324422798,-0.0148581419121899,0.0427134854903874,-0.0060610784272171,-0.0105617962666119,-0.0236045330879837,0.0504961288208605,0.0177193079362438,0.0424915542496031,0.0074563728585439,-0.0118158817587783,-0.0310608555827694,-0.0400299554972678,0.0070783955821263,0.0188537398362655,-0.0102935498937154,0.0155292853639118,0.0386843346540137,0.0039555034591329,0.0843193088264038,0.0067963572812208,-0.0062328594283657,0.063807085876385,-0.0313298259031744,0.0275373383931198,0.0333567959654199,-0.027037782437456,0.0092933006752493,0.0763973246583025,-0.0195484916433541,0.0064075957252467,-0.0233368435605179,0.0072991884654167,0.0961806832113958,0.0458010229711538,0.0442363208266995,0.0525427191580332,0.0812323924694446,0.0060487446779191,0.0119958158435866,0.0601578725500491,0.0112589093942465,-0.0594801216734878,-0.0807248990922836,0.0288427372840309,-0.0654949991400658,-0.0062072312221594,-0.0403197123750218,0.0687861031092647,-0.0931472310905862,-0.0125342109565259,-0.0943099077470925,-0.0808411667326814,0.0035860391009225,0.0254658576838833,0.0245329035067829,-0.0618919207578434,0.0004138615993443,0.0493119529162255,-0.0297555404532628,-0.0910306354063963,-0.0528518354841923,0.0885403703966064,0.1278947176969305,0.0995198291698031,0.0560369536952438,0.0579712896805915,-0.1547593377929584,0.024101433710437,0.0254173546283162,-0.0073881622612874,0.0525882608878254,0.0938915755812126,-0.0223174400601303,0.0230638298105338,-0.0445281378131789,-0.069885447964913,0.014611596438864,0.0617041459731619,0.018418325495392,0.1166007522937839,0.1604078175115342,0.1727004005765784,0.0590889580720339,0.0561762064826814,0.0931996989496443,0.1372852708516805,0.1095077534276571,0.0324706186546852,0.0857817231525008,0.102477252593683,0.2471718407925085,0.1534823871994788,-0.1051663146846015,0.2825654861955218,0.1008043084868541,0.010608680707896,0.0727224456681783,0.0552727839756084,-0.0741183262176017,-0.0514038087177503,0.0171852129363239,0.0731103638341041,0.0082914261318798,0.2395874178789452,0.5015728759783837,0.1296119602021284,0.0803779892831424,0.039164954649087,target,693,10,187.37553640436275,0.0484758541567196,0.0598948564238225,0.0112632220872658,0.9100347635055588,1.1244031167483255,0.2114438997889171,0.9100347635055588,653,0.4218945017050264,7,0.182829932486198,0.100062478982271,0.2149447748513169,0.0,-0.7746758171415182,-0.3527813154364912,1.133234721862406,0.0716389369812968,176.13187014125464,169.19263369881423,187.37553640436275,3.5097476868009108,0.1342831271436484,0.0067579667859156,0.0197524121209292,0.2008035400142798,0.7086116472478444,0.000588605907609,1.0,-0.0094940630138775,2019-06-06,44.0,10,0.2579254927116361,0.199257672449757,False,False,False,0.1111111111111111,0.0,0.0,-0.0755527896138519,-1.7985876794176376
MCO,Falling Wedge,bullish,1,0.6588015423213252,3,25,1100,1101,2021-02-01,2021,2,259.92740298754404,255.0932660265157,295.2025416877434,248.3339910112187,0.9241939381081192,0.0189504687298402,True,0.0203790914549986,-0.0082260965752416,-0.0229418191945672,-0.0151284202295656,-0.0722886333496711,0.0468257932287736,-0.0210290887810848,0.0083935731446649,0.0290480602606171,0.0634596929741433,-0.0338791341546436,-0.0240567120142698,-0.0035995089778237,0.018337217761025,-0.0121510976795261,0.0018258088773279,0.1173177589399188,-0.0205798130041171,-0.0604781636030545,0.0120557009577844,-0.0456919373471983,0.035559948730683,0.0203291301280278,0.0275632920587274,-0.0057569072707841,0.1376135742155222,0.0361261997971098,-0.0994209747696049,-0.0943261909934121,0.0180589750908313,0.0275373383931198,0.0374249759176199,-0.062888216262367,-0.0011720102578318,0.0053828899255443,0.0153807321734911,0.0579900578915519,0.0227622165605745,0.011258466709322,0.0509812764702308,-0.0262960781443285,-0.0444422862398992,0.0435972118605327,-0.1127176159904614,0.0154458724654085,0.0256484713180797,0.0327414581549334,0.0145931808905355,0.0383882759342872,0.0912152065456801,0.1165723623278247,0.0920881688454324,0.1127942219050439,0.0104282174798286,-0.028952026446036,0.2912717014798409,0.0210939651761243,-0.0155048353822671,0.1061926584270018,0.1611110854101576,0.0223003050215799,-0.0254091037804157,-0.0467225442155891,-0.0703867228862177,0.0300439838643367,-0.0638977773726684,0.0158455122119005,0.0351590394048946,-0.0119401265426035,0.0929876548667218,0.0498613747529697,0.1011101370644587,-0.1836649904101986,0.0191433956772415,-0.080993570999054,0.0181267940200846,0.0818869924810421,-0.0144061811838576,-0.036423176613144,-0.0203186195365728,0.0056385344575811,0.1465202136199561,0.1859298439421675,0.0284561523712791,0.0010144770323077,-0.3469493679743417,0.0211409951119443,0.1142751663802712,0.0636445220057539,-0.1214054614267976,0.0742448607983499,0.0901391190257983,0.1756788722291953,0.0726443762085857,-0.0265853789602945,-0.0857284642996351,0.0117940186587284,0.311845313654,0.2385704273740658,0.1600215501603414,0.089156326278559,0.182436241962927,-0.1062603480755934,0.0291891690962493,0.0082914261318798,-0.0327606971248025,0.0778327435851351,0.1156258538332817,-0.0296540842442093,-0.0647139220541902,0.0377272216284996,0.1227873493537572,0.0813134587992359,-0.0683423082203023,0.1230515773523136,target,1143,43,295.2025416877434,0.1357115036535403,0.1440865128792909,0.0030421383759654,3.042688276085933,3.2304582270280227,0.068205557536314,3.042688276085933,1073,0.7717587343261488,5,0.0073123512271935,0.0141203748736216,0.1652482883677233,0.0,-1.1170163661996058,-0.345257631873461,0.2439120638371696,0.12975090216296,255.0932660265157,248.3339910112187,295.2025416877434,6.35182316330923,-0.0159402750789573,-0.0205297337059081,0.0246246484611902,-0.0336388199699747,0.5540293424626208,0.014759791847613,1.0,0.0062851589235648,2021-02-01,39.0,3,0.0013421617595019,0.029883070767118,False,False,False,0.0,1.0,0.5,-0.025083878672581,-0.2793977257679201
MCO,Falling Wedge,bullish,1,0.8246440798247092,5,54,1386,1387,2022-03-21,2022,3,314.221202098704,302.23777950733984,388.0275579671088,287.62606751876706,1.62026537135918,0.0396489896494662,True,0.027857857102395,0.0053171115257275,0.0142944634537427,-0.0214373374950495,-0.0843437118416499,0.0450056622560606,-0.0035851143979597,0.000266782168953,0.0126292685037718,0.0252344605628278,-0.015320283298066,0.015467858348455,0.0178147451262224,-0.0051138623674222,-0.0408383257146466,0.0513135192388751,0.0370370967105859,-0.0316756757152887,-0.0070960520549085,0.0337748607391776,-0.0021223369621503,0.0560133641751552,0.0229918880305607,0.0481232889911711,0.0235863837175991,-0.0201599383330213,0.0396737269365325,-0.0381210193699587,0.0320831037685414,0.009198909625381,0.0094470070543251,0.0246303821894995,0.0274531858912663,-0.0280403124228336,-0.0407716330005203,0.0067105949521792,0.063807085876385,-0.0791273546006191,-0.0022581608152049,0.0087245936998421,-0.0354448220854657,0.0648469052285289,0.038072518524836,-0.1704481961119766,0.0063245801552616,0.0522932311330221,0.021061307083098,0.0229003823196208,0.0463544681827472,0.1072619894036024,-0.0007920280766454,-0.094974195576274,-0.0072383047853405,-0.0896767554544881,-0.2906706974235482,0.0995690761658973,0.0682237164319432,0.0691344760068939,-0.0570314821153504,0.0024465555957702,0.0601106646567894,-0.0426335142275146,-0.0098275122510577,0.0573856879805847,0.0225338505735905,0.0434839737022567,-0.0222600617767514,0.0577856797732516,0.0201020277437802,-0.103471632232328,-0.0192748340072242,0.0203028641036098,-0.0503308847477628,0.1458254671915564,-0.1739481741259805,-0.1505168141650869,0.0846830464635299,0.0907575398151083,-0.0701820896147865,0.268128183928541,0.027666884616103,0.0883628828958709,0.0479089014884874,0.0828235532395251,0.0790902093025678,0.0625635294822799,0.0422077126196003,-0.1041959385798015,0.0766983892156707,-0.0668507773672365,0.0513031019513252,-0.1310865116179841,-0.1950163923354156,-0.0455077666894206,-0.1441987888569003,-0.0095589583241861,-0.0100981669857244,0.1061588060607978,0.030757783901967,-0.061517685032233,0.1619996316929532,0.1047830418184743,0.0700838362819673,0.1994288491899978,0.1550363547293189,-0.0650285150692886,0.5415810466104924,0.0352154159872826,0.1016290575151468,-0.1533670939910043,0.0116793158877135,-0.0340226789087748,0.1234156327954656,-0.0207291277148083,-0.2521787802148485,stop,1415,29,287.62606751876706,-0.0846382561148206,0.0598787950943824,0.121379894094801,-1.0,0.7074672594051394,1.4341020203693289,2.7751826427711883,1329,0.7407095100367562,6,0.0279941132279343,0.1067590920684398,0.5412881925685815,0.0,-1.3049172132170244,-0.5642077031802701,0.3000548121964567,0.1651380933407537,302.23777950733984,287.62606751876706,388.0275579671088,9.555321280294423,-0.1055003208529437,-0.0177384823806633,0.0303955807279249,-0.1107960585474087,0.434635987629273,-0.0082722729587186,1.0,0.0265772197073614,2022-03-21,47.0,4,-0.0601625360804698,-0.0483883128967487,False,True,False,0.6666666666666666,1.0,0.3333333333333333,-0.0200217801873156,-0.5180914900646573
MCO,Falling Wedge,bullish,1,0.7015201971782344,3,30,1538,1539,2022-10-26,2022,2,250.25721711729264,232.61589457614764,292.41056448109566,222.105949850657,1.57551635760591,0.0758388525998599,True,-0.0109674135447486,0.0104384298902155,-0.0011250703218409,-0.0108897979856306,-0.0316416167635937,-0.0070242113186758,-0.0248301655181206,-0.032822690414538,-0.0311969176387323,0.0376207237980368,0.0480946468277418,0.0592759792308323,-0.0061604882401615,-0.0577685614518073,0.0105597435314133,0.0024715683760827,0.0119905502869277,-0.0220620107875911,-0.0520423652417343,0.0129313196060543,-0.029649616716936,-0.0102304231290254,-0.0042424433511836,0.0136320936924292,0.036969877138984,-0.0313298259031744,0.0236335384502164,-0.054998764412931,-0.0183331214191062,0.0820523064673093,-0.02051335857772,0.044310715158498,-0.0301230075161287,-0.0173910399073092,0.0332484811312421,0.0843074842638369,0.0120716019651891,-0.0510603943798572,-0.0169215928458709,-0.0478032957394635,-0.0022581608152049,-0.01792538565106,0.0245075510630334,-0.0079532230489069,-0.0328374533454035,0.0158979409455698,0.1534124114316779,0.102899314630128,0.2564509447700966,-0.2409512453334477,-0.09031072331747,0.0296906140649879,-0.0400202595889311,0.1014212441331587,0.0085167686216318,-0.331043000501941,0.0535165885144957,0.0194532752752938,-0.0053675999169982,0.0181962821224552,0.1086324727285286,0.1335421308649984,-0.0154570429524911,0.0634636872031175,0.0145103144812621,-0.0326017791054467,-0.0347293018982606,0.0143316331474399,0.1518501612660539,0.080753281400814,0.0823239715636726,0.1473516237710308,0.0235668383494516,-0.1574976569232838,0.0741397554419622,0.0455194460686168,-0.0574373313139867,0.0882808996884116,0.1261978997727193,-0.1455993298191787,0.0605686150126256,-0.051782287880451,0.0585649496481408,-0.1291484844305515,0.0666185188297956,0.0246195921910696,-0.0240494131370498,-0.0241099554697306,0.1412887080612863,-0.2228987264021539,0.0258770238781402,0.0772497471339708,0.2207681600538282,0.1712531736689762,-0.1451985928873622,-0.0758633005775839,-0.1747447807107903,0.0849499558941326,-0.1958833667693931,0.0599286301543973,0.1103486145865124,0.0913239702254982,-0.1708626249963151,0.0128625320670046,0.0727224456681783,0.1905609021471146,0.0783759888694901,0.2207681600538282,0.0946152430227522,0.1364552227910442,0.087356424598576,0.0510604708394784,0.0349169108483267,0.0246270602659,0.1913521667492888,target,1550,12,292.41056448109566,0.1684400867609994,0.2081869904969228,0.0269164576200705,1.497387203373341,1.850726519282933,0.2392800904788337,1.497387203373341,1506,0.7613011662150709,6,0.0916391107578712,-0.0114411537603014,0.0059506437072349,0.0,-1.168394566299118,-0.4070934000840512,0.2697559252044887,0.1687577342912134,232.61589457614764,222.105949850657,292.41056448109566,8.945695964454062,-0.143186323487709,-0.049547743696789,0.0360214390831873,-0.1919163282408176,0.260325456951715,-0.0020185560338267,0.0,0.0310095664193534,2022-10-26,47.0,4,-0.0726518670433361,-0.0706717129671299,False,True,False,0.3333333333333333,1.0,0.3333333333333333,-0.0128779948380994,-0.023734967021935
MCO,Falling Wedge,bullish,1,0.7188864952042511,3,35,1634,1635,2023-03-16,2023,0,287.7555328298648,284.0594148265195,333.9701471943413,267.7988995237042,0.8019418668960855,0.0130117778550047,True,-0.0198813081284233,-0.0197543050977767,0.0342167762362319,-0.0018808350061374,0.0240289808010625,-0.0616801568396332,-0.0290954272738945,-0.0102976081095037,0.0020331342491564,0.0413086466327503,0.0336716459625889,-0.0037623919694619,0.0139360219304114,0.0097916332331546,-0.0021495047545114,0.1326199974199882,0.0038623907760768,-0.0290882887965084,0.01392579166571,0.0210990168869542,0.0191515235717201,0.0323505388569014,-0.0320834024020761,0.015796899207976,-0.0108547889328247,0.0343476132293771,0.024394037761888,0.1010372016083942,-0.0522379521438657,-0.0381210193699587,-0.0236233726334965,0.0035692144944381,0.044717148526318,0.0380320844456238,-0.0066983022243992,0.0563120189121901,0.0402691094776654,0.0299577378605486,0.0347214878766264,-0.0542896254020832,0.0048722030691736,0.0024026921894979,0.0684576441252462,-0.0137295634021684,0.011565654666984,0.0004990985545759,0.0204548897447576,-0.0284744927749129,0.0432822716889202,-0.0046054969047538,0.0539793703576179,-0.0008271419176183,-0.1493968901419345,-0.0254091037804157,0.0608266980366225,0.0463239806022601,0.0582955151847353,-0.0122637162174195,-0.0441079907538574,0.0359580131978951,-0.0223203773795918,-0.07832322799495,0.0377898954623667,0.0651396896146645,0.0408586121646188,0.0692292758498993,-0.0708777844455031,0.0469561398724487,0.0129295031199573,0.0453991762185002,-0.0013177916452133,-0.103471632232328,0.0889196764736124,0.0228389850711667,0.092924381850945,0.0870479849450307,0.0266862749475398,0.0750918286923636,0.1047488570565358,0.0935931799225537,0.0262037432604156,-0.0874241346374715,0.095197266397933,0.1025294106230694,-0.1428003532502811,0.1088684415315721,0.0935986692967469,-0.0007989429964533,0.1679648727636227,0.1229404700206509,-0.0789754211971548,0.0006149982914967,0.1355801468048429,0.0323808683121227,0.0638841489537296,0.0189387385284711,0.2230112753065087,-0.0166964582487737,-0.1307064381018309,-0.0252004277111539,-0.0679020365075829,0.1352458781739112,0.1192184727876641,0.0137231564378517,-0.1505458335344107,0.1395682325726346,0.2525950455344532,0.0570501355964685,-0.1331705455923898,0.1066586868820891,-0.0696892433992981,0.0195780055661298,0.0475997997607555,0.1119520821777524,0.099824513045694,time,1694,60,326.7694702148437,0.1355801468048429,0.144615159716837,0.0375685497925817,1.954935824417604,2.085212054617865,0.5417024954741468,2.315752043718218,1599,0.5006349518581918,5,0.0052361721712372,0.0861775685357204,-0.1104213221048425,0.0,-1.26967762784803,-0.7690426759898277,0.8262522640342532,0.1175041493281378,284.0594148265195,267.7988995237042,333.9701471943413,7.763413053037774,0.0438772341247795,-0.0185157341070069,0.0268261638184122,0.0462577246348814,0.7591467480469054,-0.0054646141577617,1.0,-0.0431663323161605,2023-03-16,46.0,7,0.0083425109319992,0.0316751205456329,False,False,False,0.3333333333333333,2.0,0.3333333333333333,0.0147721388048886,0.5157699395178461
MCO,Falling Wedge,bullish,1,0.6699245273559966,3,28,1921,1922,2024-05-07,2024,2,387.03993665437946,364.8293216510715,404.3116209247846,352.0931830854058,1.0501989815850985,0.0608794679736584,True,0.0184131600181374,0.0028094271689447,-0.0344944286594433,0.0001851097465321,0.0169094081525329,-0.0217511939565389,0.0009310583276735,0.0141270115996521,0.0344779722226775,-0.0850446045073912,0.0502927160148793,0.0533473241716273,-0.0204599885549936,0.0007860371531964,0.0343084753307143,0.0348579502103298,0.0039206361433008,-0.0599999606490795,0.0028929307709097,-0.0041859604732168,0.0296420358727469,0.0139947981906074,0.0151762936628015,0.0480667195851829,0.0168203133914415,0.0032104742508172,-0.0806622894095774,-0.0076238370268552,0.0346254766674167,-0.0356629749449546,-0.0052317216745366,-0.022888179578753,-0.0048861530757573,-0.0140051343664497,0.0011169896752187,0.1122447966735615,0.0720608113255276,-0.0295862312904714,0.0453948586964354,-0.0186611950594126,0.056180813494129,-0.0250541530590859,-0.0700478774884955,-0.0420447853639778,-0.0158828638898012,0.050436878357434,0.0408586121646188,0.0031883294621151,-0.1478756689152669,0.0409585109998875,-0.0446708085388396,0.0218776334035928,0.025823080466238,0.0593652960496835,0.0076936385537456,0.0633474270692115,-0.0141355055310753,0.0735666364947658,0.0098692270181544,0.1637486074422793,0.0816374608712469,0.0354031362792548,0.0453509429445808,-0.0468330370046914,-0.007361683146097,-0.0149961234861091,0.0673845210331722,-0.0219917774820043,0.0209505364385323,0.0970754948434913,0.0171753345678269,0.0643487555893902,0.1286873208947256,0.1169259801452464,0.0142429633381249,0.0757553539378366,0.1055401766680796,0.0529650907200842,-0.0033218171003712,0.0386586401530815,0.0533155040498829,0.3141285298905594,-0.0098027875425688,0.048678031155392,0.0372232421748304,0.0053359988218979,-0.0179173200187116,-0.0758903357068393,0.0923006123159526,-0.0431850570121034,-0.1558049441143337,0.0549662979254834,0.1689769518148764,0.131404962719521,0.0751236158040631,-0.1859579918017611,-0.0409008234133255,0.1392207891685262,-0.0287274895978458,0.0981513854615594,0.0397100678988331,0.0011817942879868,0.0412172054404984,0.1017387984580511,-0.1695610589781282,0.148744623711742,0.0551470592197564,-0.1188214729858238,0.1538669669744037,0.0122776215646653,0.1618473001166147,0.1375923783176533,0.1964431786980283,0.3748386235578451,0.1093203232197093,target,1927,6,404.3116209247846,0.0446250700113888,0.0486793721954014,0.0027859474288844,0.4942285765204605,0.5391305116138281,0.0308547377446573,0.4942285765204605,1891,0.5073429864959494,5,0.0030740256516698,0.05720953204709,0.2123478902175632,0.0,-1.4165321330735503,-0.9091891465776094,0.9006584104882093,0.0709263902224562,364.8293216510715,352.0931830854058,404.3116209247846,7.423439049187992,0.0932387980138536,0.0255597677782299,0.0192218976916529,0.1939548531594099,0.9008682914402116,0.0059324402085214,1.0,-0.0041978662149289,2024-05-07,6.0,13,0.2046609308575671,0.1074340320790723,False,False,False,0.0833333333333333,2.0,0.1666666666666666,0.0062948371707947,0.2488307581095699
MS,Falling Wedge,bullish,1,0.6887369565304438,8,68,1473,1474,2022-07-26,2022,6,70.98106627451463,68.54085771346706,82.45602312515018,61.87239553530696,1.32994867389892,0.0356022472209027,True,0.0360246129504913,0.0012846517001108,-0.0073122161788551,-0.0190882043572024,-0.0430488381393435,-0.0610773937018869,-0.0345090072570267,0.0513157293830035,0.0085072481178782,0.025427045046525,-0.0107946227660622,0.0840911839993585,-0.0191905736900329,-0.0218476099608948,0.1246435972795427,-0.0030458554952649,0.0106711773060985,-0.1121926970163099,0.081589068859091,0.0317649533452057,-0.0658926422256019,0.0177135758340691,0.0341384170313767,0.0711249972964231,0.0280424097342222,0.0408563409235371,-0.0002300184653523,-0.1622223637450188,0.0802824695112636,-0.0143485795820993,0.033631082364903,0.0189659088610933,-0.0743819119374517,0.0014037646093167,-0.0161591959044836,-0.0514161020992793,-0.0049194713658764,-0.0179553787150356,0.0443238800677803,-0.061556919724014,0.0109472569242881,-0.0106794379072615,0.0024801460852683,-0.0555299473340937,0.0177845300169721,0.0820611946672003,0.0951867874074561,0.0495685613095073,-0.1315353336930429,-0.0100810419148792,-0.1204020267128032,0.002180579232168,0.0701442791276827,-0.0876551327371504,0.0065788783644511,-0.1192009022495047,0.0390053935968199,0.0619954426102777,-0.0263138538749447,0.0086257108227507,0.0469218817774992,-0.0362643953015645,0.0407192148441288,0.047221957899264,-0.0211143021030613,0.1831760255503924,-0.1098432876283465,-0.0680905199492966,0.106383359024414,0.0711249972964231,0.1102255078935615,0.0676938352107563,0.0230518084166977,0.3330820604539652,0.1501441519539375,0.1735441875507803,0.0762038692306501,-0.1443914778397841,-0.0163117134757218,-0.0231406160539429,0.0849311448964984,-0.2076217600358634,0.2354417886545479,0.0802335268045379,0.0710521191605741,-0.0466259565204428,0.0566470342449361,0.0529129118097806,0.0341626300894641,0.0181273281348648,0.0861267663188913,0.0158618153461667,-0.0370293430554204,0.0247066804987475,0.1193416232988386,0.1294056371999521,0.0566898023003674,0.4818911261968939,-0.0887278164670298,0.3269456606199192,0.2634536755395227,-0.0728485018397967,0.0470292628184665,0.1395635111301953,0.0105891667390354,0.002479034162611,-0.0175201519830443,0.014664710514662,-0.0028272633323866,-0.0426249846198711,0.068541479048606,0.3201057343958451,-0.0294555987350664,-0.0150384937103007,-0.1226122237192914,time,1533,60,68.3526840209961,-0.0370293430554204,0.1446748497080952,0.0738663858765297,-0.2885582681350904,1.127406554634011,0.5756179997584268,1.2597839113057805,1399,0.4483362685748414,7,0.065119559943176,-0.1644943553189385,-0.115015270806998,0.0,-1.0897898659868657,-0.6414535974120252,1.164866648820086,0.1724110558996784,68.54085771346706,61.87239553530696,82.45602312515018,1.81398826376135,-0.1071954964235791,0.0174907792775127,0.0257457430314059,-0.1634214639936864,0.0824760106968684,-0.009085663382092,0.0,0.0059188128207445,2022-07-26,17.0,8,-0.1671778135704322,-0.1252382942386932,True,True,False,0.5714285714285714,4.0,0.5714285714285714,0.0362748479133414,0.7887866441817977
MS,Falling Wedge,bullish,1,0.6479153666577221,3,25,1782,1783,2023-10-17,2023,0,69.72003900102658,71.44715324097876,84.15725655982612,69.18189000135033,1.850667827888853,-0.024173310784363,True,-0.0637184254922199,-0.0393972790903507,0.0421266669361888,0.0462441776873046,0.0047612387120548,-0.0430268681553261,0.0210731383557043,-0.037414510515904,-0.0746475728479136,0.0639940219363415,0.0486513242343393,0.0052813719305477,0.0292142329211892,0.0932313865089657,-0.0177223608012856,0.0394055604649064,0.0063083159365171,-0.0118680397107333,0.0253611321313025,0.038814203371843,0.0321010702794675,-0.0415712037595579,-0.0772342897730175,-0.0620761149776873,-0.0252490242002542,0.0401231004342472,-0.08648400481799,0.0948730926879997,0.0277370146813404,-0.0426405944584706,0.026563126966719,0.0666877028108237,0.0334243071812634,0.0096137187860154,-0.0232166407493124,-0.0825590110978563,-0.0096021984636451,-0.0059388051860889,-0.0500001005398484,0.0696917693419896,-0.00301621681323,0.027802454493734,-0.0057634520983771,-0.0593377598237973,0.0607311975447568,-0.066510550021701,0.0371195276432783,0.003631878739758,-0.0479674382919622,-0.0047441293448668,0.0985929917257923,-0.0101152507553085,0.0860249551148062,-0.093265187282427,0.0958494934671772,-0.2486522325164759,0.0488464981057725,-0.0459132124557769,0.0876513623436761,0.0044164187396287,0.1453858333753792,0.0589223677913746,0.1218528386184352,0.0482300186504751,0.0831071071770344,-0.1485549087180007,-0.0336500358422197,0.0174720010211906,0.023945053097093,0.1340639967631138,0.0504370498940647,0.0084018766640798,0.0674623729617724,-0.0658578336225926,0.2854851377546217,0.0359646566484115,-0.0564221106655659,0.0976827068246501,0.0280186339346641,-0.0251235696659444,-0.1285847667752055,0.0059548280321441,-0.0921689068840057,-0.2693457242487196,0.2093351812588069,0.0816451873699091,0.0725913849803632,0.2243397433900322,0.0416626136189082,0.1343272379796631,-0.114677381450527,0.1070294333578405,0.1879662080049089,0.085654753127681,-0.1040523517103193,0.5174046008760631,0.0062903712700688,0.0224890491213922,0.0975809923405897,0.2191437352555676,-0.1577285327023421,-0.0074223127904529,0.126332929594263,0.0480919925246225,0.1856938331921227,-0.0040079466076893,0.1488297255862798,-0.1192199536967792,0.0545876502657409,-0.0156371446659945,0.2100419752032016,0.1118144466237591,0.2179793112312722,0.0194586372164262,0.1090826575985193,stop,1783,1,69.18189000135033,-0.007718713405601,0.0083736672392123,0.0396441026717055,-1.0,1.0848527208091487,5.136102429057401,26.827546957227263,1757,0.6436974976235295,5,0.0876776989806141,-0.023847501199103,-0.1188062991458426,0.0,-1.325863222942578,-0.6821657253190456,0.3671017881052467,0.1080984052617435,71.44715324097876,69.18189000135033,84.15725655982612,1.6120012022428654,-0.0766626850275356,-0.0414743660579762,0.0219985364983537,-0.0898705379995068,0.8867939195025054,-0.0093992465965473,1.0,-0.0151115304242722,2023-10-17,17.0,17,-0.0076929043741829,-0.0178737044875354,False,False,False,0.25,4.0,0.25,-0.0661792301614062,-1.6352632236324798
MOS,Falling Wedge,bullish,1,0.6348242817791004,13,188,720,721,2019-07-30,2019,0,22.01902387547041,21.16459681817792,33.24389250530391,17.666133423901435,1.298931205328846,0.0403705803910536,True,-0.1384977526642885,-0.0946759616222792,0.0946689055717826,0.1073494085181623,0.2837938658398717,-0.0298852676723808,0.1520240167275324,-0.0626750032043838,-0.0266946489628447,0.1511626689892113,0.0374820127505566,0.0881920100012985,0.0671202940602664,-0.0311884216387249,-0.0412196968115248,0.0652319310879958,0.1115609938902646,0.0595148242996395,-0.003303132197961,-0.0120089802971593,-0.0090219073911139,-0.0713225554033187,-0.185036818572147,-0.1936621583821236,-0.1656213920942402,-0.0168253448030369,-0.0660395215836783,0.0271154097414125,-0.0649047731322454,0.0581803532087283,0.1200002989967206,0.0450142682684633,-0.0191102864640497,-0.0059777541231172,0.1284608297913236,0.0320032140499266,0.1137873517453078,-0.031045764309641,-0.0473726388700287,0.0226414747788863,-0.2153940656434658,-0.0614235599342043,0.2102906790156622,-0.0153711751395262,-0.0887327103920894,-0.199926972642191,-0.3090765920899587,-0.2621648730097616,0.0387275318041282,0.1740107662600885,0.017935545042,-0.1313990089177692,-0.0365191185537547,-0.1274347545990667,0.1195875539369863,-0.1843917076653153,-0.2320160760082554,0.0595134552671228,-0.0056924201362138,0.0161953736176669,-0.1073366154322246,0.0821359498666391,0.023999756544212,0.0657184322471735,-0.1133075759006054,-0.1795793806202537,0.0845468962471269,0.2202015695337147,-0.2983214007166287,-0.1937597822332687,-0.1871296479247772,0.0685569073970577,0.1112613343644792,-0.0227020485356365,0.458285417852694,-0.162321829517087,-0.027214059319326,0.135636893452834,-0.0032786685135737,-0.0971360389820068,-0.0961247999470221,0.025109796635601,0.0694870731715269,0.6158318658325943,0.057432595214949,0.0011646166197698,-0.1387853864895105,0.0898041564134271,-0.0587832181062676,0.0388903078250286,0.0184757247765312,-0.2479393142405718,-0.2086684255523335,-0.2095816415141288,-0.1806455889817501,-0.2861716916997796,0.0113348207971599,-0.0580505451997652,0.163212867014046,0.1429551448156634,0.1324521865222214,-0.0099967883833048,-0.0042783978757693,0.1001517409088366,0.6568288132163618,0.4535741977897525,0.0538263757955559,-0.28344112587001,-0.3240205075533994,-0.0908840832491457,-0.0526617634851966,-0.1764213906209937,-0.1036071851965985,0.0807087163461666,-0.2199117153068361,stop,725,5,17.666133423901435,-0.1976877120524026,0.0058685297990769,0.2155713422922788,-1.0,0.0296858602800833,1.090464045813508,2.5787160864081846,532,0.5408571647858167,7,0.1714458190611424,0.1757322758668307,0.1320325099560602,0.0568181818181818,-1.346548782083664,-0.8056916172978471,0.7210663451198072,0.3262743390610036,21.16459681817792,17.666133423901435,33.24389250530391,0.5894879954966734,-0.1136454161861885,0.0838029689795731,0.0271004461199013,-0.2030564412778411,0.9943818960538277,-0.0100670888079409,1.0,0.0171142888793189,2019-07-30,45.0,4,-0.0055622164009182,0.0078858255476608,False,False,False,0.0,0.0,0.0,-0.020207437869833,-0.1354013336171597
MOS,Falling Wedge,bullish,1,0.7458274308716748,3,24,961,962,2020-07-14,2020,1,11.905920324269593,11.110947665268313,13.062247681961496,9.90372106557112,1.2155871185554712,0.0715485917989051,True,-0.0278387542101352,-0.0359030490720309,0.0381788861853078,-0.067944565146971,-0.0427179074885657,0.0163007292064167,-0.0343417586154567,-0.019629711070887,0.00273362807197,-0.0283758388862174,-0.0239321961377234,0.0245951627803022,0.1682890519241009,0.040088238624778,0.0354302198359386,-0.0176718424084239,0.0914928410345659,0.0275379746433357,-0.0150611427690545,0.0186449398251786,0.0355872553270573,-0.0038912479671235,-0.0401043900585617,-0.0109890601891684,-0.0071430364575544,-0.0825431039830398,-0.0151283187033358,-0.0289716231578205,0.0320816322482515,-0.0236874880637502,0.0401651211920222,0.0755346171473307,-0.1854870970611156,-0.0814924710662884,-0.0109890601891684,-0.0347826415545523,-0.0546716391605713,-0.0200138518800352,-0.0959268544752212,0.008017251830402,0.0723600710142566,0.1766315496046322,-0.2172178092034037,0.0046021738432429,0.0429284361441377,0.0089404950845328,0.2923079153145289,0.260082153975705,-0.0247771353315324,0.0409589367169016,0.1307134787843076,0.1127288189962596,0.0963299923379545,-0.1545265628166948,0.0005609645710864,0.0421733184398189,-0.2082350039914285,0.0299496062285056,0.0700521628943835,-0.0224099714977463,0.0381349793501888,-0.1244383261226964,-0.0143301685336817,0.1860095106216588,-0.1467852678622018,0.104224414805625,-0.0651051647990125,-0.0501120596752558,0.2902520891587069,0.3200125558782392,0.2661062076072802,-0.1337471291414477,0.0809243388252463,0.153629323628168,0.0677150635061787,-0.0383633644032667,0.2163013381743199,-0.1095417322311863,-0.1685498271885144,0.0173882697628082,-0.2583333134514622,-0.0044051246009536,-0.1078834235963803,0.0189168651469773,0.1520912887835002,0.208172526035268,-0.1289066261305322,0.1221939702514467,0.2361471488116686,-0.0997605936041984,0.0915623989092973,0.3042349860038923,0.4500307307372733,0.3888848435535452,-0.0451184574190491,-0.1764213906209937,-0.0824208296788783,-0.2001331454563426,0.2681909082265665,-0.1023181379316411,-0.0907711986782454,0.3226945336751712,-0.0928993268440927,0.0919872809909581,-0.1302179096006591,-0.247119097564501,-0.0442254012475656,-0.0625851690203628,-0.1018607974514411,-0.050461752924,-0.0522042626878463,-0.1396705844758898,-0.0178755488796729,-0.016599050283939,0.4985321976308945,target,976,15,13.062247681961496,0.0971220473678788,0.1633699511139947,0.0593405906698628,0.5775286114347934,0.9714665575330544,0.3528641524768844,0.5775286114347934,936,0.4313575258227773,6,0.059835799664339,0.392545715928227,0.071228801914092,0.0,-0.7844291493142753,-0.3530716234915007,1.125074008893686,0.1745177549974085,11.110947665268313,9.90372106557112,13.062247681961496,0.6105603563291454,-0.1838679705059296,0.0595996041531348,0.0534351416722342,-0.3733586223510523,0.8615396127199709,-0.0046330980478823,1.0,0.0432286725439625,2020-07-14,13.0,8,-0.1100170590751351,0.0307705104869779,False,False,False,0.5714285714285714,1.0,0.1428571428571428,-0.0840975755028856,-0.5837621409893731
MOS,Falling Wedge,bullish,1,0.7898297070580862,3,43,1228,1229,2021-08-04,2021,1,27.14010565727225,27.130567959069907,32.70841776645034,24.635959157377627,1.634697677725248,0.0003515480478231,True,0.1063211503950873,0.0982343011849977,-0.1266294289414207,-0.0244740670173827,-0.0589785926909904,0.0566608189020927,0.0113122786149755,-0.0687126141401393,0.0115025568915685,0.0562802144849376,0.0165693149066201,-0.0081584575262898,0.0664125719499197,0.1048725530238774,0.0020635616105191,0.0719489694563009,0.0026454746668207,-0.0039527385345217,-0.0123164617039677,-0.0927933184940292,0.056063614195752,-0.0239321961377234,0.1045019477192414,0.0019448193489732,0.0043074009693054,-0.0019524827750225,0.0060385479109863,0.043288548939675,0.1021529315516827,0.0825119162541898,-0.0181214575313263,0.0309639701153008,-0.0405101697484271,0.1140200844708296,0.078925745256775,0.0608628581386805,-0.1834025113733526,-0.0763453857125147,0.0396317695308026,0.0620587135396544,0.0279243486660429,0.066068074348891,0.1430432241538459,0.1883116921959964,0.0644465685205888,-0.0375510299736916,0.0335271991292758,0.0072222882136521,-0.0694864059501996,0.1536458409616909,-0.0169894802404615,-0.0259287401990852,0.0278863408420968,0.0879465071108769,-0.0350881267234083,0.023999756544212,-0.010756132360659,0.0409589367169016,0.0188356047187552,0.0016742441725159,0.0732513362621105,0.1620390998382745,0.1400819235567856,-0.0439806542905737,0.0763523797784377,0.0487092807217492,0.0139622589778345,0.0695608808613599,-0.0033065434356849,0.1605651893894779,0.1826113980064645,-0.1629591112045988,0.0651023510813937,0.0877878431547731,0.0122022908916086,0.0677150635061787,0.2705612362731702,0.2083246942945475,-0.1598408386772971,-0.0680365808248613,-0.0336967957381411,-0.0461812885974602,-0.2016432732569932,-0.0064515603056632,0.1652819066865796,0.0646891807783043,-0.0339760452996754,0.0569405014038744,-0.0540172240169301,0.0499270193327365,-0.2969733400171603,0.1613273879162586,0.3603825131199449,0.3159314132032302,0.5429641442627244,-0.0716801797885741,0.388792756341286,0.0364569114870056,0.1656339091719794,-0.1360743200357209,0.0137924087681959,0.2615835653735816,-0.0183479061102951,-0.1588595636493704,-0.0807911078934613,0.2849016427372823,-0.1326818215935459,-0.0385947763655228,-0.1082811134643311,0.0087640070596013,0.6184024713479583,-0.1700184489122082,0.1822949684415364,0.0183293549885343,0.2800531680116122,target,1265,37,32.70841776645034,0.2051691389670786,0.2187238057196737,0.0554294687853465,2.223636719901334,2.370543096117752,0.6007482547143648,2.223636719901334,1184,0.5484501817547167,7,0.1697371523271627,0.2025306493104901,-0.3765887627418025,0.0,-0.9056498920502682,-0.357199710295554,0.7385140962893423,0.1789602822848449,27.130567959069907,24.635959157377627,32.70841776645034,1.0487803720842626,0.0711679761107895,-0.0484868886708603,0.0389461798030386,0.1126564175536468,0.165562888811701,0.0063816764306472,1.0,0.0104040648257548,2021-08-04,23.0,7,0.1845389857748478,0.104171644908068,False,False,False,0.3333333333333333,4.0,0.6666666666666666,0.0170465531371198,-0.0312651415788595
MOS,Falling Wedge,bullish,1,0.7059992546083935,3,30,1588,1589,2023-01-09,2023,2,42.52214140113632,38.111247779691325,48.83702036358932,37.44893512615363,1.382650778913454,0.1157373184667929,True,-0.0079783654738201,-0.0351443455807458,-0.0020131854250623,0.0331966581203369,-0.0199205329399693,-0.0248633262208163,0.0095237674232597,0.0870363648440277,-0.059150697354621,0.0173311376734925,-0.0010963826165689,-0.0517379580260574,0.1538469504365218,0.0794073970678852,0.0081268871166144,-0.0087163755747594,0.0608248815895451,0.0246227834620438,-0.0539368067414359,0.0715065058296828,-0.038235366198506,-0.0132096649540035,-0.0216055173494006,0.0174258620976905,-0.0160150244092724,-0.0082327187050947,-0.004048580011852,-0.0277151886076355,-0.071587636806691,0.0345636832233997,0.0062459433788903,-0.0949367341402948,-0.1440971624969748,0.0233129180969857,0.0255803619635062,0.2908365384580234,0.0980554051106479,0.0668707226488249,0.011406915300536,-0.055102140968363,0.0053126614072316,0.0383566762295586,0.076413749984185,-0.011595100458143,0.18727370545329,-0.0049198388553109,0.0508080751763695,-0.0213418036432764,-0.0008667508526347,-0.0567402873728215,0.2132853946919501,0.0424501870098974,0.0716642472937505,0.0936288333724559,-0.0828277926953725,0.0954828111682921,0.1654921729818328,0.2006014292249647,-0.0059498552841521,-0.0382105128515574,0.0930384849380101,0.1297387993415095,-0.1363118898041677,-0.146896293073211,-0.0748625477727805,0.0641215791964355,0.0401416572080386,-0.1824870192244579,0.0265834428015704,0.1451835259983549,0.1150479762725926,-0.1338212974853549,0.0889875618554194,-0.0663472627465964,-0.053399057191423,0.0785417898837681,0.037026334033015,0.1898197095337743,0.3398364220549532,-0.0469376100526406,0.0978630495073618,0.5223068417757544,0.0298851123527912,0.22039001420982,-0.1934597823421493,-0.2063216588708011,0.2177911296531458,0.3076871277396638,0.1336995624665766,-0.1041567455812431,-0.0140284169958713,0.0729153848083567,-0.0193124337182332,-0.0758795513885163,-0.0323922002629234,-0.0668728255437632,0.6122677892001078,-0.4534744651421398,-0.2378768932335743,0.4694541284015296,0.1703051647792166,-0.0826991240998188,0.2108695460053893,0.0456614194121283,0.2368092632420799,0.15914302517572,-0.0112279202214472,-0.0416232151932833,-0.0556976673655594,-0.0252179189889019,0.2191443819534213,-0.0191828646308729,0.298342629675921,0.2720291827042891,-0.1027005055116091,target,1623,35,48.83702036358932,0.1485080185139558,0.1489768020789969,0.0745329422409526,1.244751074600165,1.2486802822764826,0.6247134725511093,1.244751074600165,1556,0.8668073180153946,7,0.0949773037058616,-0.0181599248031226,0.1371930276489783,0.0,-1.6171647307185053,-0.7503574127031089,0.1152036289678638,0.1480234454946166,38.111247779691325,37.44893512615363,48.83702036358932,1.2530530971109035,-0.1260012069676199,-0.0247968610440866,0.0297367206817133,0.0566368865930744,0.4918046626810362,-0.0004281914912641,0.0,-0.0166537819741722,2023-01-09,18.0,9,0.1537212143161566,-0.0057533787594957,False,True,False,0.125,0.0,0.0,0.0319308890709383,0.5982793393351215
MOS,Falling Wedge,bullish,1,0.7064743279556297,8,75,1703,1704,2023-06-26,2023,3,30.995374081006105,31.906640113960407,51.55684731793957,26.1192807271741,0.8525463546905933,-0.0285603883611546,True,0.0450293340426732,0.0185694264302604,0.0235999944789715,0.0438695547298,0.0318998546641193,0.0593570931534921,0.0210260232585692,0.1173227689644453,0.0239979269997565,1.0657330462571225e-07,-0.0173915008038431,-0.0666666998683886,-0.0393488261782823,-0.028902642265602,-0.0044365387043391,0.0171520863170875,-0.0278216285342972,0.0274227356506318,-0.0801239238215181,-0.0943587874539059,0.1288909103140467,-0.0537609541449891,0.0409429563762203,0.0692983679067971,0.0459146496778102,-0.0482326768360048,0.0320032140499266,0.1119228015598303,-0.0622527419234764,-0.0729891067229043,0.0514988482850238,0.0474072658367834,-0.0508564229681445,0.0186013925364936,0.1330000392034196,0.057286683757405,-0.1010558173981944,0.0441286002486913,0.0585140530255159,-0.0619902499555398,-0.0154130023162325,0.0424650490971199,0.0335177684120409,0.0483057802865969,0.0362891651729362,0.0541908357392327,0.1634505322765149,0.1100447706489791,-0.2512631132446976,0.1091750440935745,0.0515423121898426,-0.0382105128515574,-0.0381996100126027,0.0012725463560996,-0.1737807011868619,0.0988653787776374,0.0923378130232706,-0.120758899364059,0.1391830791292989,0.0335382481887669,-0.1837510661055013,-0.120758899364059,-0.0419513077059265,-0.0965870102321009,-0.0484839520878505,0.0874440725009164,0.0381349793501888,0.0082322231609541,0.1861515010457483,0.1362572811793818,0.1228423478715201,-0.1196071412943314,0.0214666472541555,-0.1073325307693715,-0.0953723938725614,0.116465953177518,0.067409048044021,-0.0773631698445963,0.0608376487664417,-0.1084285180992941,0.1408021505485908,0.0321010805104815,0.0624244709172987,-0.1915999749547022,-0.0223980103338905,-0.1944517872290223,0.0116900978024643,0.168858203213394,0.0366795311114001,0.2748459904313165,0.2782903774030518,0.1184913975402636,0.0888550552374742,0.0707278065727357,-0.0124389719430267,-0.0488687005618063,-0.0483998239450701,0.1884301283446785,0.4619483301710763,0.2271085423497081,-0.0513659514853115,-0.1019154991384891,0.0048706786805021,-0.2254654363856979,0.0341397013232405,-0.000559029606471,0.0085958720724301,0.6472882310514771,0.7125065682929581,-0.4884070518101359,0.0300785248170676,0.3989266092911865,-0.0255251936299673,-0.0111231119682722,0.0038638344414704,time,1763,60,33.74946975708008,0.0888550552374742,0.251754585778128,0.0257310248094743,0.5648160271397584,1.6003031518396682,0.1635618273859618,4.216792367351765,1625,0.4731306398334689,5,0.0094933135975062,0.1747142642106516,0.0256476079863272,0.0,-1.5625568897187974,-1.089426249885328,0.9726757363713416,0.2292224802156931,31.906640113960407,26.1192807271741,51.55684731793957,1.2325671016556996,-0.2486371406283051,-0.0873261249442567,0.0395925088916699,-0.2394571918823136,0.1791023531488204,0.0102312894238347,1.0,0.044357191312375,2023-06-26,18.0,9,-0.0850524227359962,-0.047410012525567,True,False,False,0.375,1.0,0.125,-0.0630042108641536,-0.5331504778555498
MOS,Falling Wedge,bullish,1,0.7124963570670574,3,46,1801,1802,2023-11-13,2023,1,32.219121770949585,30.438630225960026,38.75192947510999,28.364110354334716,0.8809164176800697,0.0584944700787173,True,0.0237489187678756,0.0059588705337429,-0.0320426104261558,0.0782800707593707,-0.0463816698470824,-0.0105645858499886,-0.045141460039658,0.0399674111568164,-0.0317986662483467,-0.0185978072396109,0.0852527409347094,-0.0606250384993718,-0.0104436061968173,0.0907180437871915,-0.0734991851033379,-0.067944565146971,-0.0292591762909517,-0.064764901312274,0.0149253492965555,0.00594067607163,0.0229234580118986,-0.0206810364162278,0.0324357466978067,0.0257281873104138,0.006437228545959,-0.0679291109985742,-0.0830578518679839,0.0545296709670279,-0.0236222350465736,-0.0372755216589446,0.4401708247961966,-0.0390750283382796,0.0657483419580309,0.0181568328762153,0.1915156107392681,-0.1237664704361093,-0.0455904258464865,-0.0889445870917717,-0.0055856677547129,-0.168501792545227,-0.0819375257945222,0.1367906053258543,0.0985135613890466,-0.5741189729464107,-0.0475320043668509,0.0448037746424542,-0.011337958415399,-0.0511747429513073,0.0490643606836618,-0.0627217837865959,-0.0039203112055989,-0.0831223908444395,0.1383415092465547,-0.0232701965702304,0.0128152424487113,-0.1260731577101728,-0.0272728542635998,-0.0367412464174711,-0.0268287389971881,-0.0152203832383236,-0.0151367886041324,-0.0775129881999129,0.0962399627476431,0.1024257511377728,-0.1856209771214695,0.0282602692249562,0.0238748049487229,-0.0409227634904897,0.002329175585181,-0.0511460961359863,-0.12275682136576,0.0627869510924081,0.1071989159873052,-0.139363542264731,-0.1274388396734461,0.2123551984251617,-0.0326874610943673,-0.0667520051015231,0.2973378436826905,-0.0202940030101298,-0.0662277976983056,0.0376475554141599,-0.1274388396734461,0.1965036917866298,0.1183199522775559,0.0372397328155393,0.0448012298704496,0.0298851123527912,0.0304628190506395,-0.105810497499189,-0.0363495822526295,-0.0737549178603644,-0.1492445626636628,-0.2767587240167498,0.0082046018999295,0.0662758312141487,0.2142200355121162,-0.0014544050126827,-0.006724922504104,0.1610267398197338,0.2444902284251822,-0.0413042420689612,-0.2263608268008522,0.276907312859187,0.0610477760996459,0.1376914938896585,-0.2128110227957182,-0.0037632353007044,-0.0551074236133576,0.1932698428756853,-0.0640686625739102,-0.0582249039581784,0.1071779115510913,-0.2557141088069178,-0.1764834636992124,stop,1854,53,28.364110354334716,-0.1196497981546705,0.0890354337364009,0.1267814571663357,-1.0,0.7441335891039729,1.059604438299562,1.6946273300266737,1754,0.620794879809724,7,0.0985210911683652,0.0569655512047975,-0.1638995671610821,0.0222222222222222,-1.345370505091224,-0.7245756252815001,0.5408015920228061,0.1768960955737364,30.438630225960026,28.364110354334716,38.75192947510999,1.0377935544480417,-0.134683643466861,-0.0264137901449228,0.0330227438889537,-0.0468564831221234,0.8606569422947635,-0.0041617846525845,1.0,0.0095175479904185,2023-11-13,18.0,9,-0.0150323772363878,-0.0547483478016093,False,False,False,0.25,1.0,0.125,0.0399709722900998,0.7552662551569421
MOS,Falling Wedge,bullish,1,0.8141043934735345,13,143,1977,1978,2024-07-29,2024,8,26.95100486419388,27.64332059804667,34.98428795893747,24.559241000405866,1.1567974349181762,-0.0250445937345789,True,-0.0858325440452568,-0.0329637798140582,0.0359534521689375,-0.0587984667500041,0.0740570034950907,-0.0728680619310219,-0.2655432159115333,-0.0720033523225087,-0.0607693839290565,-0.0126251086428087,0.0432146181848007,0.0616210418643283,-0.046808543705605,0.0115124749143664,-0.0693863143396797,-0.053522331161373,-0.0225847449756074,0.0668102373277572,-0.0296734469289304,-0.0116521087235981,-0.07581066299694,0.0184575978868841,-0.0588115782214317,-0.0568769574055595,-0.0330970055171515,0.0488706531060525,0.0821687980401857,0.0233129180969857,0.0338486471647159,0.0176309134045207,0.049599135198354,0.0279937977675066,-0.0692499385747849,-0.0259878726643267,-0.0467358279250856,-0.079220968477381,-0.0933132953477617,-0.0268857979141348,-0.1780979431529815,0.016057870391567,0.1478184959666617,0.2226342933348861,0.0674793708756604,0.0967226773773075,0.0838935603395871,-0.0768039317559362,-0.0124096490269622,-0.0390085801471244,0.1207637630477851,-0.0694864059501996,-0.221035567961323,0.0003714215256467,3.815499201520467e-05,-0.0369162413538997,0.1857019027418236,0.0794037591382599,-0.0677055033663138,-0.0703820483104247,-0.0257735007260345,0.0988338981523506,0.0375618461737632,-0.0030768313608499,0.0734322521547021,0.0409194278397815,0.1813824055273416,-0.0860721907708036,0.1454859843390894,-0.0379787257390638,-0.0296830390316446,-0.1107202155936056,-0.1597668359486107,0.5021433529056705,-0.0636433330422602,-0.1663788651594212,0.0314221848799298,0.2712190034589099,0.2127193790121875,-0.1142972946881115,-0.0956914979327744,0.0316410539072351,0.0680661331639957,-0.1169004953620628,0.095552619460079,-0.2823396480087518,0.0332509112849215,0.0143574462693436,0.2186380116135653,-0.0569162480076431,0.1733930420260534,-0.2063216588708011,0.0392157730013613,-0.140176709089177,-0.0815406388484086,-0.1526591027097771,0.075127166066031,-0.0385947763655228,0.2358978112502847,0.0432863855850027,-0.1130879084052561,0.1266227892076468,-0.0417000532035022,0.2082251625916982,-0.0362492201829226,-0.092144526606534,-0.1069808604401458,0.5096071229942989,-0.0397398244962957,0.0719243264386466,-0.1361370271154742,-0.0132357364924565,-0.1614805968210643,-0.2003612732494459,0.0557583001629069,0.2171698651044715,-0.109735995149527,stop,1982,5,24.559241000405866,-0.0887448863535929,0.0465357143030065,0.100655028142433,-1.0,0.5243762904556646,1.134206513504178,3.358727513351041,1826,0.5609975744111588,6,0.0465322313147717,0.1657762726977933,-0.1155281683430969,0.0,-0.9617213833967636,-0.4007238089856057,0.7202123664222587,0.210763579824768,27.64332059804667,24.559241000405866,34.98428795893747,0.8122327316666311,-0.0764426186638292,0.0075788239565393,0.0299310338869747,-0.0809447375788517,0.5199991861979241,-0.0033818310331711,1.0,0.0009923885497373,2024-07-29,26.0,5,0.1312898878320199,0.0263201906345222,False,False,False,0.0,1.0,0.25,-0.0276954881194025,-0.2463213699907625
MSCI,Falling Wedge,bullish,1,0.6838240240975684,13,115,1390,1391,2022-03-25,2022,5,467.58730798741385,484.7194183072479,701.4819960517202,412.6808378396713,1.2907544317506636,-0.0353443862011209,True,0.0458046358657728,0.043902206794097,0.0296557902753469,-0.0301585103650952,0.0299035495604713,0.0326357551098055,0.0112023189516596,0.0102189093884357,-0.0057750924302844,0.0165480019676667,-8.752844187565056e-05,0.0151393839504088,0.0086789212722906,0.0157529197242864,-0.0223580536478961,-0.0043199154895526,0.04309764841032,0.0586828736511864,0.0194142358952724,-0.0203574725662212,0.0334373765235862,-0.0260907966450067,0.0350436201110326,0.0265302650308023,0.0364627740663238,0.0766731759675447,0.0080698408997321,-0.0128689944603122,-0.0209212681534406,-0.1309168442931144,0.0028132227899226,0.077297670717769,-0.0064935972529248,0.0364581742117426,0.0614973493965074,0.0866378268473344,-0.0237624703759395,-0.0186275164828693,-0.0291899322617443,0.071706915548922,-0.0292502406515714,0.05293015131552,0.008228564276546,0.0146084593733029,0.050056892599732,0.0127828960301693,-0.0630319249499276,-0.0109371046960438,0.0410110071914038,-0.0407425798362148,-0.0303512792752066,-0.0080265939329084,-0.0630319249499276,-0.0038277582278531,0.0812122355205799,-0.0856707465356205,-0.09635379041826,0.0493504041541363,0.063073605641722,-0.0430195769869944,0.0330571802617289,-0.1020512690518956,0.2961947451854225,0.0805000173378491,0.0246220511738772,0.0112048766372685,0.1201167646893064,0.1699499105666602,-0.0878927889071812,-0.1511869135573241,-0.0292119789597173,0.1700414990215308,-0.0150801284004872,0.227016944982056,0.0275642963642175,0.1643782504864135,-0.0375891334425192,0.2724515189863721,0.0705262986963315,-0.0286142887211479,0.0788619126143694,0.0641455434442304,0.124991378556057,0.0459334293306339,-0.0613340903166338,-0.0284204334064556,0.1070863914692579,0.0434831669385671,0.0574627115745314,0.0492455263049191,-0.0516350454939965,-0.2152127010067365,-0.1853484711302629,-0.0171125160355075,0.1846818237621013,0.0942320063483639,0.1289524665370185,0.1856416307891912,0.143193681151984,0.1718287171392301,0.0237784447478255,-0.1361136117784454,0.053381430481652,0.0955461820069885,0.0476712828725469,0.1629540114627643,-0.1644457002369962,0.0055653601946261,0.1267649086405819,0.1356829233340353,0.1005145375709584,0.2379068999459088,0.0429084234251957,-0.0172562525250877,-0.2665179294237851,stop,1411,21,412.6808378396713,-0.1174250652441157,0.0695987758824303,0.1300972599280773,-1.0,0.5927080026546373,1.1079172888481454,4.259874791348664,1270,0.4997900813400375,5,0.0474925861875804,0.2120069957002119,0.8935223578835221,0.0,-1.2958008741025482,-0.796010792762511,0.8616511558492992,0.2806289596536354,484.7194183072479,412.6808378396713,701.4819960517202,17.30402611803765,-0.1562734101730067,-0.0411583028378399,0.0372402667522655,-0.2560385149214489,0.3019320407195439,0.0061324928485078,1.0,0.0373418051181757,2022-03-25,47.0,4,-0.090192298314682,-0.0631304476254955,True,True,False,0.6666666666666666,1.0,0.3333333333333333,-0.0884025382537794,-1.5136526977849916
MSCI,Falling Wedge,bullish,1,0.8202426785120512,3,36,1538,1539,2022-10-26,2022,2,434.1388413255433,388.4224782209358,493.9689047242837,362.8490613547088,1.4543933621966243,0.1176975218169633,True,-0.0044322484316653,0.0169735950032988,0.0030754420991283,0.0607081721160456,0.0039369427586606,-0.0023711036830222,0.0810221535920781,0.0351306520314136,0.001552611326272,-0.0403009083379847,-0.0407159065437129,0.017228565559606,0.0106759638702444,-0.0045435282305464,0.026860280704511,-0.0217364541082863,-0.017010349834693,-0.0086622396054349,0.0015103008024435,0.0022292798655998,0.0066568257697208,-0.0024160047111854,-0.0100737832037082,0.0232928913458372,0.046630674792392,-0.0322258650695997,-0.000808789447168,-0.0010711550849864,-0.036625339718133,0.0615676766291442,-0.0481598954783981,0.1408816297542301,0.0872726916364525,0.0240532642751878,0.0581655080123155,-0.0418044277845147,-0.0312129249988477,-0.0289974308506528,0.0889772067983574,-0.0025627916482859,0.1699644143523977,0.0939284713498398,0.0118063199888458,0.0327835090414765,0.0484813088361482,-0.0064277776838532,0.1192574833641513,0.0687443865626014,-0.0132697543401641,-0.0428644973785055,-0.0153174302278512,0.0043195099041262,0.0140526352302297,0.1001787576198001,0.0294680398647053,0.1496574401465538,-0.0635175484981174,0.007640748463052,0.0221377515718763,-0.0430195769869944,0.1973453376155678,0.0772678743144448,0.0274348762701641,-0.0444784905392965,0.1313758763617387,0.073872631216467,0.0619231869061427,-0.0196968911751332,0.086531959547211,0.0171106998718733,0.0186813900347319,0.2485443281738266,-0.0051191113619413,0.0407711667184653,0.0300715140176184,0.1331584423403455,0.1410124265904404,0.1256832088752331,-9.217095455604785e-05,0.0483386665825611,-0.0231269501002725,0.1194930341736273,-0.045999405088309,0.072394309273094,0.0499804581541396,0.1164512849320325,-0.0254252663114341,0.0029052187814757,0.0397977840367256,0.076384249136157,0.0426766768148945,-0.0422842933673329,0.1436556541686222,0.0941406677837701,0.0561956584534351,0.0756573668587921,-0.1442235660116282,0.1545876059865483,-0.0289607628331618,0.1277671014999581,-0.0292349890481916,0.2004268359980117,0.0983399570946044,-0.0253783451016685,0.0429084234251957,-0.0011092193480828,0.2132581715299304,-0.0174922419769719,0.3420845799456669,0.0975561353674963,0.2695709126523764,0.1377856505033987,0.1162248806931527,-0.1175303863871382,0.065233965703536,target,1550,12,493.9689047242837,0.1378132009936337,0.1489355624304449,0.0238942459028742,0.8392516209647094,0.9069843185401062,0.1455106220676416,0.8392516209647094,1500,0.6397988425598772,7,0.0944708267715895,0.1168417161848498,0.0113238624665432,0.0,-1.3719754381301594,-0.7321765955702838,0.5195748375103398,0.1718460974939374,388.4224782209358,362.8490613547088,493.9689047242837,16.892972785409196,-0.0207557665441455,0.0193334797519975,0.0392698964950007,0.0865134018107514,0.4128438825810959,-0.0053968035094406,0.0,0.0310095664193534,2022-10-26,47.0,4,-0.0726518670433361,-0.0706717129671299,False,True,False,0.6666666666666666,1.0,0.3333333333333333,0.0229489584848081,0.4747084949358232
MSCI,Falling Wedge,bullish,1,0.6039583474732714,3,24,2324,2325,2025-12-15,2025,2,547.5339350804011,531.11314364585,592.9410229969599,522.3682022105627,1.0197992544587384,0.0309176898199692,True,0.0415244096465985,0.0303005490477343,-0.0205921329472322,0.012621250896676,0.0052381565697301,0.0927922264809215,0.0209671596062615,-0.002257490174521,-0.0054071997120074,-0.003530075900033,0.0330862752918592,-0.0133819514898045,-0.0151501170519505,-0.0286793568570818,0.0211449073930845,-0.0095897978194913,-0.0188009144803854,-0.0160117771346606,0.0291720022694872,-0.0356986684441031,0.0592271804116002,0.0035990751487946,0.0360869720437413,0.0516571782523544,0.0372143455166082,0.0155577275749214,0.1365376216511553,0.0473174265717282,-0.0104433085854864,0.0467813553082485,-0.0424327530545661,0.0393482380544314,-0.0443113108888896,0.0182458347226175,-0.1419831174250418,-0.0358742990606788,0.0079092259603972,0.0434255137270849,-0.0015635032360502,0.0275886654058894,0.1008306466266466,0.0473174265717282,0.0155577275749214,0.0422639677162524,-0.1143376857992313,0.0417704082815505,0.0743067848394516,0.0549173465310526,-0.0282803837522122,-0.0172001842296781,0.1102036802467512,-0.0196968911751332,-0.044474570938638,-0.0358619082583108,-0.0406560398711617,-0.016180039154514,-0.0540667974558359,0.0596387240542108,0.0192476666071808,-0.0184799834686328,0.1504221463622084,-0.0587211386860784,0.0052115377072761,0.059434482576167,0.0798030773413214,0.0335671447279919,-0.0162200717511088,-0.017109887109278,0.0667777566508253,-0.0567687630831376,-0.0627359718739174,-0.0070883132634812,0.1079273587124904,0.1454866939442438,0.2144289650864352,0.0442399634474308,0.0314520398873643,0.0040619422702692,0.0675275085814903,-0.0306772169534702,0.2472110273221479,-0.152567013955292,0.0291041344462499,0.1703669775997283,0.1540434664860845,-0.0487026705207563,-0.0097107727031597,-0.0389575300011157,0.0039143680913733,0.0714730106602263,0.0697809092507575,-0.1104345055025884,-0.0064855997624803,0.0155732147590861,0.1741727845906702,-0.0568839333619695,0.1616086119827515,0.0602555729437994,0.1469535266848127,-0.1462874779889666,-0.0240172436692259,-0.0428353045162589,-0.2072458786341986,-0.1617390629435029,0.1553211441954778,-0.0253783451016685,0.0777931678671803,-0.172305468767401,-0.0316050034193612,0.0349453419067347,-0.0004540575087871,0.0138575019132207,0.2802453738746446,0.1714196983155371,-0.0268766471806547,target,2346,22,592.9410229969599,0.0829301802268951,0.093868013777316,0.0081099089163468,1.8043220974891636,2.0422978828990974,0.176448282475135,1.8043220974891636,2298,0.7200671907646201,5,0.0578231870885046,0.0275845732640176,0.2992015647579149,0.0,-1.684572781328106,-0.9645055905634936,0.3308943187867233,0.0614725372290526,531.11314364585,522.3682022105627,592.9410229969599,9.686093574714286,-0.0053041269532307,-0.0066869688724123,0.017694872238579,0.0176399450543092,0.5846540129013503,0.0007440427103808,1.0,0.0130964631956713,2025-12-15,33.0,7,-0.1056805641966249,-0.0586503055904753,True,False,False,0.5,0.0,0.0,-0.0459754610316903,-1.27878565008349
MSI,Falling Wedge,bullish,1,0.6180287235210155,3,37,769,770,2019-10-08,2019,0,157.1126023953849,154.6514913033737,171.41593761338322,147.0480736807245,1.5957912450758331,0.0159139176174081,True,-0.0103217778214633,-0.0382842014993086,-0.042684745396662,0.0024552955994459,0.0943660815577533,0.0249496030827431,0.0280425448007328,-0.0044480134443085,0.0070820982414192,0.0112217022412108,-0.0242676867506423,0.0133680296083238,-0.0038766764446461,-0.0787620143929052,-0.0195529298633138,0.0297334342087494,-0.0081828994340128,0.0195848365596387,-0.0084838789569726,-0.0364498000623133,0.0327896613301992,0.057013886448751,-0.0150167042681229,-0.0139956363398505,-0.042404840614046,0.0127523323313594,0.0096420401619088,-0.0122710440321865,-0.01120214645974,0.0368032188759186,0.0456323959187923,0.0634094613943512,0.0501739309001434,0.0339999798369419,-0.0049419649301787,0.0156873039080471,0.0137998381219539,0.0387490554712257,-0.0696317891489725,-0.0072095001697202,-0.0105774309722034,0.0117285312793875,-0.003945512325632,0.0462751533927585,0.0423011668751756,-0.0290543873613171,-0.0839163663701488,-0.1399095570301437,-0.022071541722605,-0.0640928803874668,0.0262185623589357,0.1249682688342566,-0.008000953896931,0.063609193056882,0.0161940006996486,0.010469233566769,0.0632228703871131,-0.0113698775119797,0.1343228871214306,-0.1377040699459394,0.0103212954560309,0.0511730365583746,0.0593641951870835,-0.0525805495937664,-0.0054531866511438,0.0247697155071393,0.1153322543310089,-0.1648035846951232,-0.0956108098031347,-0.0369722085726278,-0.1082018788757268,0.2130740482783457,-0.195711931519981,0.056840696378686,0.0623214088709509,0.0149686551567045,0.0603616820655414,0.0018902955610555,-0.0393185239993082,0.0533598415521037,0.0170853222432518,-0.1075913132000021,0.0425629172072721,0.0872039875094208,0.1005720419177482,0.0448877737900381,0.0381248545712531,0.0827604979233129,0.0739984149011327,0.071117615238321,-0.0588916911568936,-0.0679530382370755,-0.0375967878295736,-0.1519394549431284,-0.0389010768792367,0.0582689871907127,0.0257661703070464,0.1018410878303248,0.1164796001456587,-0.0943100757748516,0.0127357547518363,0.0465447642165612,0.1620166569466663,-0.1983773414429247,0.0447854987920182,0.1345386029942183,0.0199709599188446,-0.1536285221559798,0.0609993678423554,-0.1107025359004315,-0.1671360808517437,0.1177568232940384,0.0698598200999711,0.1098172261706638,-0.053513072204361,stop,781,12,147.0480736807245,-0.0640593342686304,0.031898867907244,0.080242347030556,-1.0,0.4979581550672588,1.2526253659468698,1.4211629400156145,732,0.5097571497397586,5,0.1212226695929434,0.0453218001117639,0.1964614765133638,0.0,-0.9021430693323742,-0.3923859195926154,0.8026601870872189,0.1086960112195364,154.6514913033737,147.0480736807245,171.41593761338322,3.014346974973488,0.1425277793823665,-0.0037387659950982,0.0192679238982767,0.2213979262431806,0.5646844472424846,0.0062579520957837,1.0,-0.0277314775239254,2019-10-08,36.0,14,0.114289977336951,0.0775365689147795,False,False,False,0.1538461538461538,2.0,0.1538461538461538,0.0621119438101973,0.8164425949309182
MSI,Falling Wedge,bullish,1,0.7503830325723732,13,188,1460,1461,2022-07-07,2022,0,207.7651856583979,208.35118370429768,282.63179925803564,182.2117961939493,0.937403880763064,-0.0028125496360579,True,-0.0354514314238881,-0.0112822174012013,0.0154544332712605,-0.0247105721607827,0.0364187700694866,0.031287870530235,0.0246146739400707,0.0093229383463322,0.0122429919085897,-0.0222504772576299,0.0213022528977833,0.0307443978610653,-0.0010243534736196,0.0036607327746716,-0.0088443371057851,-0.0060718831622458,0.0216182308668606,0.0258299811601954,0.0274338701938738,-0.0696115139667317,0.0352325805651423,-0.0235349532068938,-0.0424072131264821,0.0217951403094902,-0.0079514803627123,0.0161184150683151,0.0564556786164034,0.0235979517390216,0.0544904388126852,0.0445880053580978,0.0161988367133019,0.0394970662074931,-0.0227407191407624,0.0450784966402852,0.0170320521321478,0.0339707606709231,0.0303631529890453,0.0702363159326426,0.0781393688930891,0.0208293624425264,-0.0032486658040369,-0.0593230310331714,0.0059199224343482,0.0272776396817999,0.2159537579663215,-0.0137266000065335,0.1021243875738531,0.0326635932727297,-0.0498646912849087,0.0909427587581686,-0.0213013705622728,0.1081216993012992,0.0486028075744497,0.0310784093764917,0.0794101968767326,0.0376280773670489,-0.1823788288875718,0.0530799333788079,-0.0628330400400494,-0.1322935085436736,0.0322461701416043,-0.020962304410337,0.1542321871795071,-0.040938619687648,0.0501409509666828,0.0694128847816906,0.0568101554915332,-0.0311213535514867,0.0886237618625496,0.1227238262037835,0.0990969198704787,0.0784296945823432,0.1620252500577832,0.108802168857873,0.1335501406659962,-0.0166555997050356,0.0673501233856415,-0.0149888427165432,-0.051087999446797,0.0358946327941818,-0.046345583394434,0.0044540032406363,0.0264196347679652,0.0308036013994048,-0.0787106387804738,0.0473828079982443,0.0976687106375064,0.0435414517195109,0.0682285957629078,-0.0129120001733399,0.1396820424829317,0.0815472164969683,0.0331586738475646,0.1070678685860399,0.1146066434191688,0.0717633266199573,-0.0297195955128796,0.1138164863151771,0.0424765634916304,-0.0576497674105872,0.0398605058324199,0.1986289054267156,-0.0431745698114655,0.2004312787870044,0.0199709599188446,0.0772097298572054,0.063389297947737,0.1107303461213931,-0.0086121697012852,0.0900020200231837,0.016797407612386,0.1061816561562016,0.1644174843053674,0.0552563677869506,-0.0341604700116916,time,1520,60,214.65440368652344,0.0331586738475646,0.1885689800858789,0.0594536026939204,0.2696009481525031,1.5331848329343645,0.4833953170458415,2.92981147193004,1272,0.5772950913041706,7,0.0805156829831964,0.3767896013800231,0.3134660591416551,0.0,-1.0047043092155927,-0.4274092179114227,0.6124354387405188,0.3114191647379266,208.35118370429768,182.2117961939493,282.63179925803564,5.293213105408928,-0.055879808649155,0.0355581550832575,0.0252527957711148,-0.1651950503616988,0.698020138537425,9.239986283637867e-05,0.0,-0.0603013766132842,2022-07-07,46.0,21,-0.1666718081604714,-0.0814271420063319,True,True,False,0.8,9.0,0.45,0.0178603478304318,0.3211612446931227
MSI,Falling Wedge,bullish,1,0.6638680362192922,3,25,1840,1841,2024-01-10,2024,2,307.21639417279147,301.9490205045681,328.84449567832394,297.3889194242191,0.7294081714817231,0.0174445794174835,True,0.0174344410389737,0.0197375975489408,0.0243240294598552,-0.0327845736578406,0.0033048306552612,0.0592689039886078,0.0289535407097809,-0.0299956440227483,0.0246146739400707,0.0432986630205165,-0.0061225402420428,0.0122370609696171,0.0102894650846832,-0.0405903669729903,-0.0851275534290687,-0.0385734694080385,0.0043292182953176,0.0049714745507654,0.005146879612967,-0.0194664004726028,0.0340402609115255,-0.0645797718940835,0.0205575069839961,0.0415888283700196,0.0197290265370919,0.0291634973008081,0.0404871506637958,0.0013019009611625,0.0126014597377683,-0.0215886345367195,-0.0185878995136073,-0.0323087951131567,0.0155907287643219,-0.0208400205946385,-0.0505690407669776,-0.0421387763837771,0.0386544964607005,-0.0176984239809755,0.0614060407304863,0.056892608600918,-0.0080867832275216,-0.0394469247636559,0.0093529681391786,-0.0218041025210045,-0.0274435481530938,0.043341933279819,0.0408282143528793,-0.002577274346154,-0.0016225985367561,0.0163521465680882,0.0414726032576797,0.0270525163528825,-0.0369085217958798,0.030437599003686,0.0005490797520515,0.1049462356064123,0.0922905513571463,0.0118504641861956,-0.0525152156901749,-0.0946424167421776,0.0356877102265373,0.0502138966853022,0.051606023777126,-0.0144562525525296,-0.0806161801881911,-0.1097249119472614,-0.0402527503754868,0.0683918156839202,0.0358226246214507,0.0632074714127619,-0.0082555493125855,-0.0544609874254329,0.2548848963488228,0.0548273524906677,0.0554157623639113,0.0942442207744775,0.1009644288704416,0.0365589831911066,0.0607905827586727,0.0585937749579172,-0.0750722716039156,0.2523605683462444,-0.0801757615362006,0.0292202161179055,0.1033515435238245,0.131848927675271,-0.0073059951611147,0.1568554166892917,-0.0419603564867352,0.1431843878027254,-0.0084313728071517,-7.7244431774523e-05,0.1190817579149245,0.0295872770603895,0.1211439642191936,-0.0478893782724783,0.104389867038354,-0.0058410776131719,0.0805731097278867,0.1575562336547511,0.028521369062485,0.1677223090081501,0.1909759542248852,0.074118794540972,0.0163750701740832,0.110369159931821,0.0513892613261206,0.1363924363041753,0.0850958732040103,0.1333475474319057,-0.0568522156630476,0.1442429885350027,-0.1247640511591154,0.040489919355473,0.0487139011633517,target,1878,38,328.84449567832394,0.0704002192453567,0.0765840911329066,0.0086854224610032,2.2007791481402106,2.39409298225569,0.2715147317701759,2.2007791481402106,1813,0.7552175373812595,5,0.1106105917650418,0.1747561312563701,-0.3254481469182155,0.0,-1.2078069197013026,-0.4525893823200317,0.2711569216583848,0.0681934437562857,301.9490205045681,297.3889194242191,328.84449567832394,3.3138261603780848,0.0857641994435327,0.0100052694931174,0.0108013418311651,0.0750291744359119,0.974197930715396,0.0014420658547038,1.0,0.0357197053835574,2024-01-10,39.0,15,0.1857082309232884,0.1585334159666624,False,False,False,0.0714285714285714,0.0,0.0,-0.0414028444478502,-0.9330574726677264
MSI,Falling Wedge,bullish,1,0.6777128294599022,3,15,2203,2204,2025-06-24,2025,1,412.6737535191313,402.4390819834544,421.8110243384258,398.9935502034487,1.28908632537714,0.0254316044188216,True,0.0199362967770946,0.0039141377203368,0.0188028169776737,0.0032033620781379,0.0089453385768358,-0.0083540376984917,-0.0482066063046656,0.0218703314421311,-0.0139977019797813,-0.0032987091379627,-0.0098520489556603,0.0323405168967121,0.0510795778496884,-0.0944590939143474,0.0122429919085897,-0.0602199368556513,0.0610097905926201,0.0030943314259217,0.0240066776948904,0.0407455260889988,-0.0040922822176181,-0.0078102909419317,0.0185837691007901,0.0013179111243206,-0.0252485187259379,0.0677935742956927,0.1234179691745656,0.0781393688930891,-0.0754892495179648,0.0561965632306791,-0.0031573952909016,-0.0399526137562072,0.0140688667229733,-0.0032546847956289,-0.0646538550873253,-0.0308130283490618,0.044243190322085,-0.0146494749541022,0.0283346430405548,0.0557503524160341,-0.0249179498945486,-0.0184462784022344,0.0235993194259713,0.0044716940611766,0.0011358460347647,-0.0097729317541599,0.0115975240841188,-0.0316655408198784,0.1004126305023154,-0.1757465058648989,-0.0061834773348382,0.0495498500648885,0.2008456830250105,0.0628131919220473,0.0406496664127009,0.0330365805827248,0.0115975240841188,0.0227832124457174,0.0577562770889981,-0.0224842296394733,-0.0036304280741578,0.0597918778257169,0.0083383453572194,-0.0469428350194576,-0.0621026513850221,-0.0475775135673883,0.0295668974263862,0.0512778408125262,-0.0065900727491378,0.1073490949540556,0.0576708457543493,0.1381640959189449,0.0706285850908958,0.1601502981724172,-0.0277697585925634,0.1075938778815703,0.1407834452319671,0.0149143838573904,0.0451112129603494,0.0225654429342745,0.0346025445249584,0.253079016348704,-0.0323237025303915,0.0724402251659019,0.0208325536672711,0.2650621290588517,0.0860258558367657,-0.1893199795281774,-0.0221189856464579,0.19684574042901,0.0465740715652196,0.0371570423367105,0.1396884706920549,0.0502836889773912,0.0834145128747716,-0.2258259321911689,0.1728831342059404,-0.0787521867685645,-0.0671004079226879,0.064830076021072,0.1191552722420943,-0.0054624419545651,-0.1136416147402792,0.1915810176917578,-0.0102087648148105,0.0283444217794768,0.036126967962639,0.0277586346335367,0.1075317675948634,-0.1444386971032788,0.0023752323664976,0.061133779219572,0.1826577703464029,0.074665779344671,0.1143370546526578,target,2208,5,421.8110243384258,0.0221416330488071,0.024129621210206,0.0137302190150914,0.6679192266696603,0.7278884038510839,0.4141825151898196,0.6679192266696603,2187,0.6970883616274854,5,0.0253443355794061,-0.0541487781356169,-0.3188350668647846,0.0,-0.9534264547886449,-0.2563380931611501,0.2432665848031926,0.0429845895291089,402.4390819834544,398.9935502034487,421.8110243384258,5.938869260251741,-0.0586914538885956,0.0020688746406762,0.0143561090517598,-0.0910265355285061,0.8645931857347956,0.0011196071087218,1.0,0.050877684056825,2025-06-24,30.0,7,0.1304742225664115,0.0742602279701205,False,False,False,0.0,0.0,0.0,-0.0009738666990883,0.0303695440891457
MSI,Falling Wedge,bullish,1,0.6567923735471223,3,39,2407,2408,2026-04-16,2026,0,442.36418469440457,438.4449472034808,499.44248545277605,425.2932549472939,0.7056058841182724,0.0089389500686956,True,-0.0011719315265237,-0.0044432210319635,0.0172434757010635,0.0271551129598299,0.0095407531966269,0.0221957077818975,0.0217970219885446,-0.0213941955843991,-0.0027974882053668,0.0111032907666985,0.0258299811601954,-0.0243706906840526,-0.0064483913015397,0.0220469360984081,-0.0073787947256017,0.0189937259002968,0.0560960211841001,-0.0079116913140967,-0.001206005145659,0.0052359065337279,-0.0155465709651876,0.0006060719835694,-0.0087114403929765,-0.0105028293978067,-0.0282329386673049,0.008256991205966,-0.0139038226159355,-0.0876085375927983,0.0383231266405312,0.0661974061080772,0.0278615727374689,-0.0271483718300279,0.0234418485189562,0.0096420401619088,0.0751246145002966,0.0245653157855969,0.0124798658234068,0.056564604455906,0.0248550269478635,-0.0358690936969998,0.0632551266145358,0.0704513834113296,-0.0120476845458599,0.0553087661676714,-0.0225048714587079,-0.028365094764766,-0.0999797620934387,-0.1595004966624097,0.0784132785308,0.0088095945165649,0.0045469913318194,-0.0318293949672795,0.0167058392269388,-0.0146445712729224,0.0949451890311434,0.0684024792335704,0.0194688627878241,-0.0942143833232378,0.1025145901185347,0.0486202456193476,-0.0797903043568455,-0.0159430476510018,0.035775592879518,0.0930475069400154,0.0600438301073227,0.0282712883865632,0.0541084975039027,0.0325910686618675,-0.125471919758661,-0.0708602964199121,-0.1212893493853699,-0.0818613005937185,-0.0088940750765379,0.0059735126358633,-0.0314530385825545,0.0223880357284436,0.0459971169984707,0.1347214901787965,0.1305523470729213,0.2021154531246163,0.069113422695205,-0.033120170185929,0.2086694895674878,0.1111397096340953,-0.0752818518456632,-0.0942656428263926,0.0428368358369173,0.1280084590728865,0.0857339756942605,0.0435414517195109,0.0797652170282265,-0.1201443183137574,-0.0647751202080734,-0.1322219050671241,0.1566270214365492,0.0752827664735455,-0.0300070083983564,0.0792204277954307,0.0009789131100343,-0.003281699258031,-0.0352155668403658,-0.1169710531808246,-0.0191352813792139,0.1109876114461672,0.0667323413071045,0.0875249473579502,0.0526280702859089,-0.0853151389489718,-0.0119093815837715,0.0933848440690037,-0.0589364258512127,0.0931315237970027,-0.1121416837943918,0.0121243867132678,-0.0825606009359146,stop,2416,9,425.2932549472939,-0.0385902166987222,0.0142216124561529,0.0442651367299186,-1.0,0.3685289607773536,1.147055925482385,3.343596488529413,2368,0.6612271244501033,7,0.1681808700345871,0.2025021296173976,-0.0470398378909105,0.0277777777777777,-1.095536101693843,-0.4343089772437394,0.3572278937925101,0.11076054304125,438.4449472034808,425.2932549472939,499.44248545277605,9.003015036147511,0.0409595058329164,-0.0146174026560272,0.0203167854033358,-0.02931317393186,0.950089213830307,0.0017946276098101,1.0,0.0637199045640262,2026-04-16,6.0,13,-0.1741994254518976,-0.1329003763358109,True,False,True,0.5833333333333334,0.0,0.0,-0.0402629600695828,-0.6888530184628137
NTAP,Falling Wedge,bullish,1,0.7267014417303951,5,96,1465,1466,2022-07-14,2022,0,59.68095678419382,58.617678248159,86.27013873990313,55.014603107376274,0.6834736735315005,0.0181392127394302,True,0.0814290111331885,0.0389769081681128,-0.0268592055704314,0.0295125981929529,-0.0277033179537388,0.0595495757616069,0.0415591319763124,0.0450286942398725,-0.0180253201914275,0.0073917071132671,0.0333814112281449,0.0088912586019167,0.0071316377249874,-0.0231015875684503,-0.0178544853868218,-0.0134211947318906,-0.0074921722875064,-0.0153018888801013,0.0316674407627333,-0.0365561589454972,0.0278701086318082,0.0573189061952672,0.0732796541875383,0.0996777751848216,0.0381955722966991,0.0202490504794732,0.0406580756498273,-0.0740068669937631,-0.0903935795392019,0.0166153922871983,0.0329871447450886,0.0128057007484159,-0.0290573180780678,0.0646463810137878,0.0685924662448815,0.0845099815325778,0.0933366041336674,0.0674729650143657,0.0623032450342835,-0.0016475164235886,-0.0382291570044611,0.0265909631787282,0.0330880294457047,-0.0727822857126907,0.0671482688868594,0.0804333979526673,0.1301944805537067,0.0323246994373966,-0.0389698734136817,-0.0406791282155332,0.0228472246541495,0.1300046477220304,-0.0426497797099216,-0.0571594630581413,0.012002141771265,0.0754010843811356,-0.0397618297945746,0.0288242126590678,-0.0455735276070761,0.023916105656675,-0.0329449604510487,0.0160564465242893,0.0062976969743726,0.0444889348914216,0.0644004011705019,-0.0197815150706331,0.120265109523677,-0.0293948542555246,0.1203150268360842,0.1110258062659592,0.0481581256573042,0.0941476385448312,-0.0166939403733543,0.2628024951681271,-0.1613204761726036,0.0702893861794811,-0.0550491822977564,0.0233847194211995,0.0614195399469614,0.0886820065938394,-0.2540848854135038,-0.1173516300907315,0.0565039151592654,-0.0477852849326118,-0.0585375698567183,-0.0041875869533795,0.0095259587078326,0.470890974269351,0.004562815530374,0.1589707048153126,0.0865510862657179,0.0773897720403775,0.0209388408829624,0.0686963763916235,0.0748268315322322,-0.2212394047042272,0.0131423735798208,0.0266813854999636,0.8040394766147423,0.1032748105255201,-0.0737907243039659,0.0451135901801493,0.2207352928995378,0.042287911683807,-0.1046469561361217,-0.1254099261819897,-0.1653675674606965,-0.2593667762321041,-0.2532933560529999,-0.0684569729714638,0.6322006570766285,0.0065760039932587,-0.1850644976371998,0.2173884711289215,-0.0155426902687281,time,1525,60,60.930606842041016,0.0209388408829624,0.212850629761868,0.053059433813913,0.2678001164068344,2.7222817034670275,0.678610751725443,5.6980640125510496,1369,0.7701249612441987,7,0.0104577487633805,-0.1175535355714014,0.0372115605582015,0.0,-1.2046057918460231,-0.4344808306018264,0.2038089660612456,0.2974674781381898,58.617678248159,55.014603107376274,86.27013873990313,1.7540941202052578,-0.1992151881339946,-0.0406365133838252,0.0294906850369663,-0.3062496891026232,0.888347959416097,-0.0122880405878186,0.0,0.0151722068306756,2022-07-14,30.0,11,-0.2629917600467401,-0.1547417906747035,True,False,False,1.0,4.0,0.4,0.0625493552577774,1.2320519741717268
NTAP,Falling Wedge,bullish,1,0.6674767001430142,3,26,2048,2049,2024-11-06,2024,0,117.54634576045304,114.91292077391428,129.80404738214338,111.4799860954123,1.810149910177786,0.0229167004789645,True,-0.0149794971604746,-0.0219093022952625,0.0455572213937527,-0.0011814408808231,-0.0001422178908268,-0.0227435691759282,-0.0109153274685265,-0.0234120775261746,-0.0094546949558458,0.039565139364587,0.0819281341587738,0.1778183267712312,-0.0102118631320458,0.0247684188038543,-0.0106127954409029,-0.0162193540969445,0.1910771405584144,-0.0321331607405559,0.0494890858999768,-0.1198119333092956,0.0295100041458469,0.0198454279141668,-0.0351155203801113,0.0160494458797486,0.0203997819156833,0.0117665950621972,0.0251666350701191,0.0546627976498537,0.0548279735238423,0.0034502822300013,0.0279610157255012,0.0333561552969265,-0.0190608906459007,-0.0050812328271073,0.0544542273591299,-0.0740068669937631,0.0623032450342835,0.0641412219126602,0.0175293507908607,0.0337864516277794,-0.001821264285435,0.1067022651172016,0.2014972757887658,0.0454985788411279,0.0507179561121131,-0.0213431427397592,0.0599998241449435,0.0371024484325215,0.0045079787028192,0.1254711475627454,0.239858930765477,0.0485899410496939,-0.0771224976377973,0.1295081652990011,0.1191661077996859,0.1923996005714194,-0.0711874629524956,0.0955475048024894,0.148338114624897,0.0589151719297462,0.0509107979872482,-0.0394085284491563,0.1729315363364343,0.0876782421733242,-0.0377921321111774,-0.0694054027696755,0.1319454160267399,0.0333414782050511,-0.0072098813508799,-0.0244303099536234,-0.0316532435299584,0.0554516619419882,0.0093790369762634,0.0781053359075525,0.0333615098728656,-0.1391979273328165,-0.0205946608331937,0.0630771504955076,0.0035559435476579,0.0635073815027991,0.0840626673337345,-0.230230733807254,-0.0832877060405187,0.0825187092353632,-0.1681443089797332,-0.0930886274540276,-0.0194470703843354,0.1332828064993925,-0.0513806479148446,0.0785561308545463,0.0744153293116582,-0.0221254089902537,0.0228600361399515,0.00064806215076,-0.0041790846831688,-0.0052925800476456,0.1624835636626413,0.0153424634809733,-0.0104379445637391,-0.1055736996215472,0.0297917968813448,-0.0614064463784571,0.1962051452449209,-0.0249760999212302,0.2110008852686169,0.057101815002339,-0.0464795370791265,0.20013498890372,0.0122629786739689,-0.03243865183988,-0.0327091588085494,0.1377635908554357,-0.0425675137428028,-0.0328145811305254,-0.0083005603679128,target,2060,12,129.80404738214338,0.1042797336011638,0.1148147941941196,0.0446912986950515,2.02060251922238,2.22473777387985,0.865972203917609,2.02060251922238,2022,0.6238766344858564,5,0.0829081669017284,0.0177012975468073,0.1313455042184734,0.0,-0.9641774199200588,-0.340300785434191,0.3562839179754834,0.1118239343557717,114.91292077391428,111.4799860954123,129.80404738214338,2.668118383742728,0.0739748518556484,0.0024929199994343,0.0227677715971628,0.1155740514787055,0.8614220972562735,0.0341064719533572,1.0,0.0240841338731268,2024-11-06,15.0,6,0.1563988645466789,0.1255586140967239,False,False,False,0.0,0.0,0.0,-0.0697830042946261,-1.544232858561846
NTAP,Falling Wedge,bullish,1,0.7300401462969645,3,29,2095,2096,2025-01-16,2025,1,118.28010258296304,112.63731715975769,129.06202817751046,108.45422573263475,0.8367237633940007,0.050096944471804,True,0.035247758892652,0.0168042693172192,-0.0333590249504991,-0.0306200115353824,0.0693020132834121,0.00426255434956,0.0740130697409069,-0.0202581843317162,0.015366499849869,0.008712888788952,0.0030907319443218,0.2049199191217994,0.14981553507708,-0.0149668971684764,0.0693020132834121,-0.0131510573388865,-0.2481518146858506,0.0357065545181067,-0.0033952950862581,-0.1326738088017028,-0.0480812257336638,-0.0156010933982417,0.0315360905463149,0.0032043296523212,-0.0049370260203436,-0.0559915809729003,-0.0853890773772152,0.0247533123700993,0.0345217422184944,0.0094698897244389,0.0109914008272324,-0.0005509289285978,0.133009111812921,0.0325277214392201,0.0689744517470578,-0.0929801915814844,-0.1985547820852498,0.0187774635966639,0.0307884252772732,-0.0198816024222594,-0.038655880048193,-0.0018061213743473,-0.0020157897312992,-0.0061246571846207,0.0055263702097114,0.0098348657764739,-0.0217730788874096,-0.0431144563479132,-0.0115057278483666,0.0370895343087938,0.0757220023336096,-0.0566666018079025,-0.0197815150706331,-0.1259091647319197,-0.0175074905936424,0.1252542082220253,-0.037685131929437,0.0308609270382966,-0.1411781405010109,-0.0221424075075217,-0.1106914780484439,-0.0173599260700471,0.1566419075456058,-0.0338550486217013,-0.0514321869644698,0.0433443251389942,-0.0091756182320862,0.05763733919445,-0.0153560691801392,-0.2335881212887707,-0.1836517105533753,0.1935735670306759,0.1250957988490861,0.1507572349551553,0.0075048048161285,-0.1433718283016285,0.1409221368627637,0.0405973964072037,-0.2540753175899199,0.1882641213087745,0.104566580673294,-0.005696000358366,0.1947282321139147,-0.0060061155639287,0.0704174504126828,0.0876793287685042,0.0799924534919001,0.0095259587078326,0.0925510413484353,-0.2629171155506525,-0.0497854223479306,-0.271804336590467,-0.3113627260746388,-0.2171885478253424,0.2642356819430578,0.1301055940976725,-0.2532933560529999,-0.0499783032347352,0.1793005017351467,0.1265037668170634,0.0578259482037502,0.1885922758224523,0.0298483580173072,0.1650728071515159,0.293843289611871,-0.2585660386440469,0.1804130553234249,-0.0300111996076356,-0.1283412680272234,-0.3258215504216712,0.0712145384038811,-0.056419417154448,-0.0374475330299838,-0.1506416882724129,-0.331184499208738,stop,2124,29,108.45422573263475,-0.0830729483298874,0.0498726425333494,0.1988332190105184,-1.0,0.6003475684443311,2.39347733537686,1.097299076589506,2065,0.5755103040108407,7,0.0894405323818565,0.0359634029863327,-0.2104666272888362,0.0,-1.39594890465318,-0.8204386006423393,0.6177546714108664,0.0918402895417974,112.63731715975769,108.45422573263475,129.06202817751046,2.5020415367217765,0.0105888153783153,-0.004163273095267,0.021458543111652,-0.0501213231683744,0.2330116144706883,0.0053619333601186,1.0,-0.021685822118629,2025-01-16,19.0,7,-0.0560095808422372,0.0003788276407552,False,True,False,0.8333333333333334,0.0,0.0,-0.0301298321357094,-0.8619277782216046
NDAQ,Falling Wedge,bullish,1,0.6240377868066934,3,22,734,735,2019-08-19,2019,2,29.746575305471108,29.030384104115385,31.344024531310296,28.31540005079078,0.559511943220166,0.0246704004599855,True,-0.0034343584997134,0.009487036596361,0.0056752799014023,0.0022690496296409,0.0438124073785886,-0.0179227053480319,0.0024231489837964,-0.0018846605325052,0.0307542328004286,0.0017809482932,0.0002512464973745,0.0457398850562673,-0.0463555706089148,0.0331959245334456,-0.0552871694083418,-0.0192086691864147,-0.0049703094461291,0.0396667527109395,-0.0099962752175123,0.1200618715622097,0.0063225884881967,0.0443857796524564,-0.0144700462867182,0.0052517774533449,0.0087821438142227,0.0222145633954569,0.0479343811406436,-0.0270372358962663,-0.0493355899480845,-0.0034738827749024,-0.0745636207578469,-0.1132142790347616,0.0289171265169456,0.0171161786531239,0.0496661986184632,0.0904544811740692,0.0132012912869825,0.0277312181870155,-0.0250042765836939,-0.0553934703566783,0.0994275642225854,0.030706546770854,0.0146482673056509,0.0496268715586776,-0.0124758343511901,-0.0013055475030072,0.0425627218762154,0.0112023107019025,-0.0827432250430244,-0.0780275432247088,0.0147627689494482,0.1102114455074037,0.0609017411927677,0.0554292350075187,0.0184965373810537,0.1079706025211626,0.0318196105458994,-0.0376959867188517,0.0393909361614781,0.0441045659856844,0.0200283446995988,0.0978983547198708,0.0253685702062653,0.0353076069722388,0.0471087796438864,-0.0949399912404067,0.0335168885158065,-0.0167081594530927,0.0209526677597155,-0.0062522375162197,-0.0353512533837483,0.0312389327321984,-0.0727384776394665,0.0284604240052301,0.0892651665513817,0.053774732379731,0.073618893145269,0.2120911896042432,0.0474108346185875,0.0706818311430257,-0.0224846543761991,-0.0009714568371491,-0.1267873681631847,0.0314378149984391,0.0085739235621746,0.1047058037927533,0.0290227439155807,0.011718808572503,0.1264564727973827,0.0926039354957788,0.1734610045057987,-0.0543292652564236,0.0397210543618566,-0.0242228647238966,0.1007854904361253,0.0990304584786945,0.3193515284811832,0.0678105162274742,0.1444000488889729,-0.0151811960616495,0.136166202665577,-0.1114751138088483,-0.0716032081250972,0.1069008517647889,-0.0791131784582831,0.1560172362565921,0.1188953606909657,-0.045576550884388,0.034833301676167,0.0906725562846764,0.0058544035080829,-0.0548006415171553,0.1291984730479007,-0.0028108161121982,-0.0167467318101223,target,747,13,31.344024531310296,0.0537019542395986,0.0548426474806651,0.0203011841449348,1.1161800210107753,1.1398890093298912,0.4219544049428292,1.1161800210107753,710,0.6680052736847275,6,0.1732640332477313,0.0791975383857785,-0.1919262466824977,0.0,-0.9272248008503976,-0.2592195271656692,0.428948980118326,0.0767523011413856,29.030384104115385,28.31540005079078,31.344024531310296,0.6399370878554189,0.1093871670685269,0.0104735925077275,0.0214242566316716,0.1436069596645086,0.8278159246964659,0.0089203077202548,1.0,-0.0186972692326893,2019-08-19,41.0,4,0.2345462216176606,0.1551713675198458,False,False,False,0.0,0.0,0.0,-0.0555565768238343,-0.9857291088963088
NDAQ,Falling Wedge,bullish,1,0.7573244467069502,5,79,1643,1644,2023-03-29,2023,0,51.7241211414694,50.99363265667597,65.8530471384014,47.21258854223075,0.7918259280666754,0.0143250921092752,True,0.0044183380156785,-0.0042679584465894,-0.0176507682427409,0.0432832553599116,-0.0008092966705216,-0.0807271368975582,0.0239320935472031,0.0155622609157006,0.0240293487390095,0.0052056787434899,0.0231494372181984,-0.0068298792780023,-0.004135888150107,0.0356138084297399,0.0161301521381742,-0.0143274719238249,0.049471845075059,0.0150078323323012,-0.0282048944637821,0.0505886132238888,0.0364990640256015,0.048400191229424,-0.0072910742518796,0.0228278008801927,-0.0003851090910682,-0.0269338182601374,0.0853006667793998,-0.0012255376344991,-0.0152692242273445,0.0010216624665624,-0.0295297925658195,0.0084582660283585,0.0607284453524437,-0.0401659889997522,0.0504737372171164,0.0285960451697888,0.0672174472584998,-0.0002800794089711,0.0604375711081772,0.0190985331411281,-0.0143816137725938,0.039205946180739,-0.0420732601027001,0.0425797657641757,-0.1054520767918036,0.0134374661450543,0.0092047673851005,-0.0113848796604854,0.0313464257476856,0.0702961407761282,0.0497060654683951,0.003687226596958,-0.032088675763887,0.0517679132085446,-0.0070799759280696,0.0202678595571184,0.0507840759096274,-0.1403364146461215,0.0720709263458623,0.0688710432364694,0.0600298308656979,0.0165035728716647,-0.025392673645924,0.0508637162547571,-0.0647078884072287,-0.0167499608142737,0.0445484885090501,-0.0360443461434184,-0.0042124001148512,-0.0209867605628033,-0.0471194864881399,-0.0146518474003236,0.0118088328109093,0.1065053623432359,0.0537733027710594,0.0398045661405681,0.0557423692097815,-0.0726380803972709,0.1028086352424419,0.064329733629433,0.1218791051985057,0.1337476060797586,0.0212300791233726,0.0579839329983484,0.0647666516151495,0.0868448991413666,-0.0016433480447298,-0.1510327811977708,0.2299416671904317,-0.0464983896010209,0.1502621438089482,-0.071734982595913,-0.0827638547936002,-0.1544129463546959,-0.0941183246141762,0.1422021847023722,0.1080099616757903,-0.0349286794658683,0.1026950954431278,0.012928387586063,0.0701381839593624,0.1383837322080627,-0.1432970212643555,0.102429643475306,-0.0993186065868629,0.0252192781434479,-0.1024473526238376,0.011953955470257,0.1169300722525028,0.0449747914025779,0.1138424624150085,-0.0013613807934038,0.1608548524390414,-0.1829445109736678,-0.1073711910361376,stop,1702,59,47.21258854223075,-0.0872229918977118,0.0682990325982677,0.0949665886616321,-1.0,0.7830393238329098,1.0887793068713036,3.1317353218984425,1564,0.4606728432881614,7,0.0574242013362924,0.0837894774088943,-0.0285627354507689,0.0,-1.8708103575973112,-1.4101375143091492,1.0333494244494985,0.1137094472140532,50.99363265667597,47.21258854223075,65.8530471384014,1.2580178788946128,-0.0791377023700737,-0.048396107848037,0.0244251072856707,-0.0439203401728039,0.7957004684282661,0.010011280062171,1.0,0.020625582598182,2023-03-29,46.0,7,0.1425746935145457,0.0446718293878363,False,False,False,0.0,2.0,0.3333333333333333,-0.0516763692761304,-0.9985121286057242
NDAQ,Falling Wedge,bullish,1,0.7240737169481183,3,21,1775,1776,2023-10-06,2023,2,47.45626813827625,46.33467521435074,51.66840911237568,44.90704482151369,1.5541924202612607,0.0242063404725914,True,-0.0008092966705216,-0.009977164241692,0.0093251435683245,-0.0225749684123075,-0.0255508864215198,-0.013823167806407,-0.0287122576114836,-0.0147782350300225,0.0280890501046986,0.0137835806703654,0.0122425344794567,0.0351209604861917,-0.0031266518516582,0.0052198025407526,-0.0184855451993434,0.006378955702617,-0.0095378241372918,-0.0629451731009069,0.0266970911124688,0.0482305032604568,-0.0543175215881578,-0.000876629610114,0.0026727652716723,0.0240842436150923,0.0390286915403215,0.1242596525597463,-0.0910113512136124,0.0393906765136209,0.014176586770922,-0.0808488045432948,0.0522443562944556,0.0806193538660422,-0.0013588248007575,0.0177352105505377,-0.0598966488523755,0.0196127262945724,0.0177053383295033,-0.1132142790347616,0.0044056408267101,0.0406727755473845,-0.0432214227511322,0.040105554376256,0.0152977908310922,0.061628968001077,0.0279152714234021,0.0157733150656228,0.0163935596400011,-0.0002351072989255,-0.0131453722439209,0.1510989834597733,0.0203436009002837,0.1102114455074037,-0.0172136515342794,-0.0912439880338576,0.0012435690420844,0.0242227170098396,0.0172351701258299,0.0653941995800826,0.0057654846807335,0.0321044696769168,-0.055862481795938,-0.059721822355598,0.0585543343546948,-0.0071937681005401,0.0194825783049585,0.017723373289824,0.0820562747663946,0.2070234890007138,-0.0120103706417688,0.1380287903993458,0.0699478341078243,-0.0321535623458173,0.0927419785126115,-0.0153890407088846,0.0938606605978151,0.0418053350196983,0.0408588389280875,0.1487194049542737,0.1090512951098836,0.1459718988997658,0.1090458086414636,-0.027044211569996,0.1443024539431994,-0.0470833033615004,0.0355599464504092,0.0948075108089758,0.0470958332458422,0.1185065154401647,0.1335171959498946,0.1406464294808462,0.0988307916794271,0.0643462014155377,0.1376536409652013,0.0368287214394877,-0.0511398779775091,0.022344357755103,0.1550491414404384,0.0726911889630306,-0.0209738108956304,0.0795015352015873,-0.1444864859259746,-0.0076889437044425,-0.0280366822999797,-0.0350137336894017,0.1321093832841859,0.0642315171491672,0.0449348655289805,0.0906817640124733,-0.1458377280223441,0.1561782606802932,0.029211963135342,0.1849590547764039,0.2550023056994648,0.0324361206195513,0.0933459311786644,target,1804,29,51.66840911237568,0.0887583693228102,0.0896580953540462,0.0374417947075511,1.6523232572063309,1.6690725311944363,0.6970153762269791,1.6523232572063309,1752,0.5293485539496312,5,0.0206001495738255,0.0141999890224981,-0.0111878778524259,0.0,-1.580480672586421,-1.051132118636804,0.7991566148144839,0.0662756907062305,46.33467521435074,44.90704482151369,51.66840911237568,0.8760768153850981,-0.0795669436753209,-0.0170597794747586,0.0183862947897938,-0.0885303336330766,0.789473050189331,-0.0024480684368526,1.0,-0.0324673634867794,2023-10-06,46.0,7,0.0545905116152183,0.0283666818221905,False,False,False,0.0,0.0,0.0,-0.0088582690038156,0.2862221017753754
NDAQ,Falling Wedge,bullish,1,0.7571711658496236,5,52,2311,2312,2025-11-25,2025,0,88.1367646097145,87.09447337600079,95.16175978788392,83.32755852147002,1.3342234348242534,0.0119673636375752,True,-0.0109743018990229,-0.0202123749990563,0.0117826259563715,0.0291850787509515,0.0139582440459316,0.0457467690903179,-0.0035740145438923,0.0016737645639568,-0.0778530927530536,0.0109254090596837,-0.0317222921370748,-0.1036559048220894,0.0169387767695077,0.0462361370583426,0.0303659398136246,0.0257692411780738,0.034814284130956,-0.0039973698547829,0.0111879887164367,0.0229940454946055,0.0070054172907774,-0.057515000870489,-0.0124876042459307,0.0324264623431547,0.0177576702231352,0.0352345163024578,0.0423850755148311,0.0846333826867071,0.0410842700895959,0.0269947009155269,0.0318421271080937,0.0343619642597685,0.068364229022289,-0.0265137478366244,-0.0477807664367354,0.0357981864917162,0.0021730617857456,0.017706560578101,0.0345455386608011,0.0519293037809531,-0.1237192007541458,0.015008586241952,-0.0296117910259356,-0.0844614789385582,-0.0310784768729485,0.0234816602644751,0.1079042345037448,0.0860781873710814,-0.0789354021204358,0.0050164831402494,-0.047860780044585,0.0425762217007974,0.0860926473468095,0.0585028489267547,0.0352668225928736,0.0683358989992564,-0.0496753315121634,-0.0147951664416744,-0.2447961363949012,0.0073719783506649,0.0811112563638825,0.1129624142702896,0.0471236393006262,0.0058406535938957,-0.021778003366972,-0.024508020930745,-0.0727761725942455,0.0267899321733411,0.1068109453360589,0.1107120828687946,0.0854078072377457,0.0382011803283266,0.1055000647593464,0.028774529916832,0.1514935557014112,-0.0270645839213731,-0.0572186550542579,-0.0078183345985333,0.0600660456467381,0.1413984021972802,-0.1366071568818246,-0.0790050126923985,0.0446290900591161,0.0020699607785201,0.0162217315343686,0.0777467111116918,-0.058222990601457,-0.0625549936538822,-0.2225032403186209,0.042689808615757,0.0452462020684041,0.1055599671190224,-0.088989152942717,-0.1063304386010007,0.0468917941677706,0.1543058657189731,0.0456796791535327,0.1074161805790856,0.0242965326878061,0.0684416499670879,0.2428010826902089,0.0131560866853739,0.1161267577021929,0.1543719601111137,0.0115879508534215,-0.0731075662550175,0.1310850237205674,0.0514219124832326,0.0222550381099868,-0.0740722272101997,0.1122620213955947,-0.0072291251776931,-0.130132353138922,-0.0924553070123884,-0.1352443008043034,target,2329,18,95.16175978788392,0.0797056167114524,0.0975710169248796,0.0169093382950599,1.460739059476189,1.7881524712486854,0.309891974199374,1.460739059476189,2259,0.5310298940889856,6,0.0806613960030732,0.0634982595592981,-0.352320281419485,0.0,-0.798429394508507,-0.2673995004195241,0.7020626595735411,0.0984879422501243,87.09447337600079,83.32755852147002,95.16175978788392,1.533334261962402,0.0503959119501262,0.0131779219995749,0.0174284429945824,0.0862548419157658,0.6330918272133496,0.0027136934821969,1.0,-0.0175239889734202,2025-11-25,32.0,4,0.0206959198085312,0.0315775174019024,False,False,False,0.3333333333333333,0.0,0.0,-0.0063770344842282,-0.2020397313424153
NFLX,Falling Wedge,bullish,1,0.7391969277570769,5,49,577,578,2019-01-03,2019,3,28.1879997253418,25.31033358971277,37.75633398691815,22.775756221559533,0.8727866322192986,0.113695306520916,True,0.1517667063861805,0.1061672116651206,0.030033659550245,-0.1292143332550309,-0.0266367715420005,-0.0266717304269047,-0.0161101796383267,-0.008344585748538,-0.0211831674338488,0.0065217225447944,-0.0417004823818731,-0.006944235130023,0.04569379049178,0.0201862854802048,-0.0183304974384665,0.0451522901402423,-0.0198510553315155,-0.0036179024283627,-0.0557420396336467,-0.1042767315816994,0.0090194273127788,0.0191916945375805,0.166907948481811,0.2529800123556782,0.1909017929239369,0.0503744056272628,-0.0775275661783756,0.0153625792380693,0.0014158031677544,0.0416774122505754,0.0605580400622682,0.0199302704392496,0.0549929828965234,0.039067117872571,-0.0204966950118413,0.0497420388041456,0.0186552176097294,-0.0230576584069689,0.1729059973781834,0.005960972038006,0.35800274700921,0.0120394418384028,0.0551377022854153,0.0165398292884506,0.0153625792380693,0.2096478514833431,0.2056549220056256,0.1149001240447027,-0.0815689209765644,0.1292956961810167,-0.026768829051981,0.102482203412145,-0.0536615769219244,0.0777816553125729,0.1118783639187162,-0.0883413310542959,0.011153969403572,-0.0261957874595654,-0.0046111962675614,0.1069696599786931,-0.0251569232840999,-0.3699119494747248,0.0579253508324117,-0.1174542775743302,-0.0384053650281347,-0.1115384079295493,-0.0832264241474735,0.0285582798417918,0.2256947125200899,0.2453526477082108,0.1168743930005422,0.1078045393274562,-0.0723917328262601,0.2429618544465013,0.1178334127312203,-0.1499279503686298,0.0900729008375809,-0.0323707902466291,0.4149414888248111,-0.0914292891081521,-0.1160475903990141,0.1552014955802976,-0.0303342801007759,-0.0220442077037282,-0.0528384813684553,0.0757071945411811,-0.1665063789875858,0.3021110016620527,0.0332607252001142,0.3219365791749269,0.1872767760705265,0.1795917843438389,0.3018305485691162,0.1422966040593041,0.1212879199774954,0.0035429283708237,0.2323579522175249,0.2249565466619796,0.2928855314786764,0.2505050016586505,0.3034058408029718,0.1786675849056886,-0.0345491550014188,-0.1326963442079575,-0.0932894319493866,0.0183369705869689,0.2730458639439457,0.1253420025122327,0.0319128482445036,0.4077408178028594,0.3034141810243187,0.3088657481534114,0.2551470363841337,0.0513126087972992,0.1457209259508801,target,630,53,37.75633398691815,0.339447082262249,0.3445438447271498,0.0118490008884452,1.7679053529076545,1.7944502670195852,0.0617118637688158,1.7679053529076545,525,0.7141617716169284,6,0.0491159477831486,0.054442400963959,-0.2119566735228177,0.0,-1.2031760111555447,-0.4890142395386139,0.3430901955136913,0.2720612230941466,25.31033358971277,22.775756221559533,37.75633398691815,1.4979287556239531,-0.1845965461792735,-0.0401025891302578,0.055233359486367,-0.3055412749150233,0.5959509126229241,0.0094896399532162,0.0,-0.1205294166535674,2019-01-03,25.0,14,-0.0824668212182169,-0.087353392539628,True,False,True,0.4615384615384615,1.0,0.0769230769230769,0.0790371402491198,0.6907604103388848
NFLX,Falling Wedge,bullish,1,0.7561615542620284,3,32,746,747,2019-09-05,2019,0,29.334999084472656,28.954499244689917,34.35267493599336,28.062699317932115,1.5237104800551249,0.0131413027235318,True,-0.0153059287172395,-0.0257695189208005,0.057404564735948,-0.0448836706297225,0.0170204006895726,-0.0413754388248645,0.010883224592902,-0.0016867347784088,0.0297519502683494,0.0223138245980616,-0.0592996748872807,-0.1001150240161675,-0.0249215238118559,0.015246024357707,-0.0151128025233814,-0.016281367672459,-0.0486232370570085,0.0763620005266596,0.0065217225447944,-0.0567629369931156,0.0004893010601523,-0.0501143095983357,-0.0041467433463169,-0.0230100309571112,-0.0327694429931191,0.1156107602902869,0.0462051781061585,0.0317204395702119,-0.0153335628825024,0.0243698567263332,-0.0289160007544704,-0.0610087167668541,0.0153110929846373,-0.0592105191371015,-0.0017348798608601,0.0403322887981647,0.0756269895147825,0.0465061339395938,-0.0086613719532588,-0.0177529634347901,0.0517093349956607,-0.0133865098019995,0.0647460773308401,-0.0807038218475153,-0.036264358195072,-0.0324683033382235,-0.0859041632542235,-0.0644099445401101,0.0897391019994784,0.093325676607155,-0.0348176950627591,0.0295778210082884,0.093229167839578,0.2555515301144344,0.0799082831134254,0.1344135746178754,0.0826043388644801,0.1041365588593081,0.273995291102695,0.0781390795614431,-0.0870012032559288,-0.0651736466301368,0.0277364572610538,0.0808931288341938,0.0860594940270433,0.0657143192240479,-0.253282329965475,-0.011550099566309,-0.1420641056819181,-0.0202488454477336,-0.0422519116529707,0.0768291200051576,-0.019312973349967,0.1987178497466135,0.1172693462039529,-0.2053328542666768,-0.2247556709141381,-0.0860285105386107,0.0218352129573311,0.2649796485008988,0.1390866227096181,0.3586208292062216,0.0016628322851648,-0.0643203340901757,0.0816052300160559,0.1809138438908797,0.0071826971380093,0.1096239532397331,0.0397542580400707,0.0543836798670178,-0.0162723743371747,-0.0720709657632327,0.0726436197479478,0.0136456942587734,-0.0475139285987775,0.1323035785130093,-0.0933693550728462,-0.0052367609290009,0.0997528637040559,-0.0653763370202031,0.0694816143011505,0.3408277324861135,0.3307478038004212,0.0995187054670811,0.1166944373056642,-0.0254254240077383,0.0831482383462034,0.024190314197497,0.2619369576178763,0.113010974545078,0.2507687960846267,0.2061493444790016,0.0976341334522896,0.0212377941859724,-0.0278804543949258,stop,757,11,28.062699317932115,-0.0433713927475111,0.027953012707162,0.0932332977112856,-1.0,0.6445034603774898,2.149649614759856,3.943784305772581,714,0.6233948542999779,7,0.0882674584183924,-0.0955361608724209,-0.29920110424323,0.0,-1.1446769280745788,-0.5212820737745998,0.3033472997020041,0.1233553631871887,28.954499244689917,28.062699317932115,34.35267493599336,0.787714276994978,-0.123413228508601,-0.103738327514512,0.0268615262234018,-0.168320982447956,0.9356005418371282,-0.0212678660176588,1.0,0.0342052890120625,2019-09-05,25.0,14,0.1021095908739355,0.0707956522034722,False,False,True,0.3076923076923077,0.0,0.0,-0.0644341931788749,-0.5673690409722651
NFLX,Falling Wedge,bullish,1,0.6278139896966926,3,38,1136,1137,2021-03-24,2021,1,51.69900131225586,52.97855059783859,58.33841060934793,49.75493145897276,1.4272312710244062,-0.0241522138892741,True,0.0090330382038612,-0.0177818164274283,0.0026691594196497,0.0175736159950978,-0.0300450878257975,-0.0466683269375467,-0.0870782043708204,-0.0204227726633955,0.072789462204478,0.04970093791492,0.0203056569138142,-0.0455407036675347,0.0459986313266127,0.0428607966025023,0.0227137571656232,-0.015403329506761,-0.0580503437916485,-0.0295295378431149,-0.0401883396978983,-0.0559709310908336,0.0265313833921363,-0.0123218878981447,0.0160368414217943,0.0727093130512464,0.0143123649973631,0.0343653454618928,-0.0113637174978118,-0.004361376843567,-0.0495383491234027,0.0162255111582845,0.024103223008322,0.0606004588736184,0.1245457822955236,-0.0213092805523766,0.0182643694347048,-0.0398155187750122,0.0108158838718681,-0.0586903414443585,0.058026431862598,-0.0391630987341007,-0.0271923230205077,0.0212499830457899,0.0172243738857504,-0.0466673836995351,0.0380129552906751,0.0664426666263286,-0.0158804413889219,-0.0839926716380523,0.1042435104850694,-0.1140218902290678,0.0902392810489254,-0.07032829702245,0.2284083794543172,0.0509598614170567,0.3516053231888709,-0.1227666629681211,0.0223063837245918,0.0456013544587201,0.0228533421199743,0.1730090678037232,0.0598141933392737,0.1689634064315639,-0.0141377267642449,0.004570547662928,-0.2228385236499559,0.0729531835153773,-0.274527004931076,0.0452153421709689,-0.0469865949517442,-0.0296330965100896,-0.1055438627930492,-0.3044299511544166,-0.0415588129999284,0.0165504164123024,0.110528411168459,0.1459715380974671,-0.0351645834708888,-0.0081409435584055,-0.054778417608069,0.013972872410261,0.0090799713134765,-0.0914292891081521,-0.0914292891081521,-0.0194772556996377,0.0713775581948112,-0.128254570647309,0.089005259395712,0.019896578116243,0.0907958698295445,0.2487169326017837,-0.0594129260755734,-0.0287240649155659,-0.0313739454685502,-0.1098689751180082,0.1372080288243216,0.421660576407074,0.0841359585673084,-0.2682132777549894,-0.5370244523573986,-0.1866551874331689,0.2234649058307152,0.4642757813696931,0.1171011380157891,-0.2624957977352898,-0.0475175894835195,0.0164729166458419,-0.1788168893733495,0.1976673990940465,0.37245596468867,0.1398456172103654,0.2522886679435745,-0.2348917111576275,0.1483962807108796,0.0388365387089513,-0.0762836889046446,stop,1137,1,49.75493145897276,-0.0376036249044956,0.0029787679588459,0.0386661347139508,-1.0,0.0792149152219047,1.0282555155827062,3.415211282598516,1097,0.479974669892268,7,0.162717757128294,0.0517768184295459,0.083445499581974,0.027027027027027,-0.7771281186012525,-0.2971534487089833,0.9737883694263916,0.1248664023881691,52.97855059783859,49.75493145897276,58.33841060934793,1.803214481898717,0.0290170379519036,-0.0259461870520281,0.0346232683228192,0.0603457187310665,0.056172819910479,-0.0024481960336244,1.0,-0.0076081123332878,2021-03-24,36.0,14,0.1399420551716157,0.0727419460220006,False,False,False,0.0,0.0,0.0,-0.0143240142575933,-0.1922176875128784
NFLX,Falling Wedge,bullish,1,0.6355991574489138,3,18,1230,1231,2021-08-06,2021,2,52.1150016784668,50.60977469550238,57.22378073798285,49.99494363619323,0.5486594243837872,0.0297418234327406,True,-0.0100355484537538,-0.0178553859937674,-0.107996042743956,0.0210838641864004,0.0669869417158377,0.0323974087411935,0.0241752639416843,-0.0335978787719623,-0.0178243909180055,0.0107357706571202,-0.0167015850150473,-0.0798015003896636,-0.0619612011669491,0.0044196083103889,0.0128752768660229,0.0076904837673075,0.0068358209556309,0.0758327677801449,0.0455126553454972,-0.0255159076088881,-0.0628972766539701,0.034428596496582,-0.0068694822285223,0.0493715430107744,0.0473375750179776,-0.2008231721464755,0.0218809012586933,-0.04726525607404,0.0711189968131396,0.0443722789575884,0.0186375777380103,0.103118031969313,0.0582795743883868,-0.0776655251117115,0.02865304752272,-0.0329059967306935,0.0537977176393695,0.0471441152357321,0.0546159639972756,0.1656218990053102,0.0098344029853669,0.0528243973703614,0.0854317925193093,-0.058636177142024,0.0304943548697458,0.0279450967575054,0.133128648218167,0.1091264856150517,0.1023132980517662,0.0109431526823791,-0.0256383310818796,0.0832995010990123,0.169899395912616,0.0973678324468552,0.0775187125825771,0.0502478187850734,-0.0228935344588303,0.1204389225659146,0.0808470716777978,0.0867795442823311,0.2854994612341583,0.1226960384745365,-0.0507710173744501,-0.0117718890040247,0.0366482525621347,0.0656643848649618,0.0467487906116834,0.0181523958760834,0.0659291581286322,0.1577280464600321,0.1858589277524888,-0.2357029441483248,0.145709092082976,-0.0177465491614723,0.2770243691480836,-0.4972090385959642,0.1374441160137496,0.1172693462039529,0.261479653414187,0.1694218766988027,0.0991741265428769,-0.0070648666974213,0.1221931835523741,0.4103007916066943,0.0328310760873002,-0.0725221143593022,-0.0116675470074544,-0.060390426708771,0.0150669169320483,-0.0847455208365076,0.1078189952691592,0.1122938196581827,0.3070516083909429,0.263988317987115,0.0583708836392395,-0.0655468765512692,0.1136412160487347,0.0052387398962014,0.1821412030388327,0.2414381575256829,0.2051632939552774,0.0468533619892368,-0.1665474013100626,0.140991866842338,0.196966585852768,0.0040545337992443,0.1220012145407336,0.0918403153991529,-0.0475139285987775,0.1116560873256991,0.0917797780535898,0.218117937603419,-0.3728981821883146,0.0924929273876478,0.2435395226784742,target,1248,18,57.22378073798285,0.0980289531800384,0.1340304436474842,0.0267677331446785,2.4097354683918706,3.2947196050177547,0.6580010688139748,2.4097354683918706,1210,0.8194265237790301,5,0.1458511954581241,0.0999650761095773,-0.4412128261266191,0.0,-1.344872335546065,-0.5254458117670343,0.152567578712074,0.086658538947541,50.60977469550238,49.99494363619323,57.22378073798285,1.0899282182965957,0.0081370511167104,0.0099812771895255,0.0209380119471102,-0.0549029274178317,0.1557064368628279,-0.0016955341099601,1.0,0.0160038523863665,2021-08-06,36.0,14,0.2007296328476375,0.2051640084732209,False,False,False,0.0,0.0,0.0,-0.0592639339180788,-0.7247608958871192
NFLX,Falling Wedge,bullish,1,0.6598757584176318,3,15,1584,1585,2023-01-03,2023,2,29.823999404907227,27.394333839416504,35.409332275390625,27.013542667919467,0.9988249730722996,0.0886922667925869,True,0.0982431018974039,0.0789309699728015,-0.1091329013722367,-0.0803154081139725,0.0241752639416843,0.0027324880800616,-0.0069655056657462,0.0011722014274684,-0.0699084756334023,0.1504943122663546,-0.0186922269097578,-0.0666130940842264,0.0763620005266596,0.0147532466911251,-0.0064954377214859,-0.0113055970933702,-0.0998799590060348,-0.0221797238150306,0.0212359888601483,0.0509199812749763,-0.0235069839187611,0.0673630456748686,0.1035324411269378,0.0941858929489047,0.072499008930019,0.0135879757937724,0.0488820581980429,-0.0361582527010594,0.1111907203848354,0.0808199675388379,0.0834217990471584,-0.1278303922018786,0.0327963414061052,-0.0170083709411554,0.0314841760446671,-0.0039410381824626,0.0091441230909121,0.0257703915296412,0.0493639812638524,0.0161897098793153,0.1729059973781834,-0.0727822267036913,-0.1003444878934988,0.0589977210629977,-0.0030973757409625,0.0755162520362241,0.213754091823771,0.1416730876198402,-0.0811585072698932,-0.0916490243834388,0.1425192731833711,-0.0357730800077479,0.0863303801976169,0.1990820773936439,0.0727935916981503,0.2368438724907475,-0.0092766132760555,-0.1751653539840862,-0.0365372821490446,0.1497986762344256,0.0210385711935845,0.0333354561205301,0.09607776373232,0.0672900929466258,0.0466882333589209,0.0706438459701441,0.1336043161346198,-0.4865913343170085,0.1917593440603997,0.0457349901975301,0.0075544446282931,0.0374269007963472,-0.4553541505332102,0.1701335275043303,0.0897930627581717,0.0641747035138158,0.1308144295610773,-0.0471482797032911,0.1112673312729435,-0.0748440103793363,0.0947484796459217,-0.0859572194490275,0.1510886663123021,0.0576004577586417,0.0098967560135123,-0.0734804602716625,0.0646308562273905,0.1454095233267907,0.1541310452966866,-0.046580239774424,0.235749839525889,0.0090599292273866,0.1347572149921032,0.0771844293280565,0.1353117359921227,-0.1435832314773467,0.0722222887033527,0.2620587908419591,-0.2300288800851309,0.2829953247263339,-0.4265988098714285,0.0564975738209732,0.2554956008263025,0.1308494839927623,0.0323748761035909,0.1531764310948988,-0.2471841690107086,0.2867114208958741,0.0922053031764353,0.2335218930238487,0.239684523340351,0.0275949317501873,-0.0833304285540144,-0.010371359482603,0.0787770500017152,target,1597,13,35.409332275390625,0.1872764545979837,0.2146257777942633,0.0091536619924131,1.9873399212932712,2.2775654166711825,0.0971368127541619,1.9873399212932712,1567,0.8658339663639212,5,0.0350853277115306,0.1706520256583488,-0.3354711515302301,0.0666666666666666,-1.420745440505344,-0.5549114741414195,0.0779587883955173,0.1707188309358268,27.394333839416504,27.013542667919467,35.409332275390625,1.237214360918317,0.1865412498336318,0.0079873750359811,0.0419465782578521,0.5867765160513121,0.6449949314515733,0.010784009655758,0.0,-0.0598196959906062,2023-01-03,25.0,15,-0.0417476472973376,-0.0795549851949239,False,False,True,0.5714285714285714,3.0,0.2142857142857142,-0.0011234507039215,0.084344136882834
NFLX,Falling Wedge,bullish,1,0.6864027798310003,3,33,1744,1745,2023-08-23,2023,1,42.54100036621094,40.67674375369859,51.01569002669373,40.22655269401741,0.7193530079455165,0.045831018918343,True,0.0217672052789721,0.0075549761444022,-0.0047660140715193,0.0559964959179051,0.0519176308329092,0.0176551555765085,0.0350147358427632,-0.035602985340109,0.003756148409427,-0.0619102967588593,-0.0667220084374177,-0.0295295378431149,0.0269513414393682,-0.0337825601629722,-0.1429999958385122,-0.0446921947344847,-0.0430447509237779,-0.0588677508844792,0.0478392846739661,0.007061635394465,-0.0041899069288438,-0.0060282063794853,0.0360643942897852,0.0416774122505754,0.0413175408554835,-0.0334918124386577,0.1169534980875108,0.1518674769264916,-0.0136184321376217,0.0134714489642107,0.0777304900867079,0.081020451664834,0.0786325615129088,0.0489136240363281,0.0984894950608312,-0.0214657000940813,-0.0909983783813684,0.1239909864776429,0.1150568924271169,0.0308286819033536,-0.0517466632314544,-0.0752464300992086,-0.1338563436925217,0.0058636281782862,0.0866868273836176,0.011223297118829,-0.0969887735400024,-0.0705022267075587,0.1782423313451882,0.1399140644826508,-0.0826213797439184,-0.0400936989524243,0.0019904510237154,0.0897391019994784,0.0823525209586848,0.0055790896778058,0.1990338676754732,0.2235687886019022,-0.1383230399967528,-0.1666818119171264,0.0577777680896578,-0.0144201714226787,-0.0684749176573692,0.0560760148530858,0.0703962194958724,0.0319791402320037,0.2938068925681205,0.0856701030184545,-0.1472643402565936,-0.0555699726718431,-0.0178902295569325,0.3271236304721701,0.2635174819829613,0.202456141581635,0.1585306798453754,-0.0081409435584055,0.0373229767363576,0.000348270134338,0.1075747871145844,0.128932764814516,0.1218756750309018,0.0411991956123698,-0.2060833507113986,0.3641739726393822,0.1716981948355229,-0.238531230113956,-0.0117047974549149,-0.1367872888043656,0.2800069117960053,-0.0252432837150504,0.058182333330385,-0.1373925787502638,0.0976469592358877,0.0816174108650129,0.0509412450155362,0.3579831859921174,0.0046347161336235,0.2169635037823338,0.0609715925820328,-0.4034130240202969,-0.4231104582124401,0.0477812302145728,-0.0581978147802088,0.0848100402228981,0.0895302162769542,-0.0737124605398079,0.0653829206606706,-0.4258253914969307,0.2323128167529446,0.0900640729160886,-0.4914907566624412,0.3088657481534114,-0.0303062030711943,-0.3641213075106568,0.1306437656154273,stop,1759,15,40.22655269401741,-0.0544051068914641,0.0659129035601927,0.0597306209148099,-1.0,1.2115205230951231,1.0978862891303558,3.6616466910443854,1710,0.8854975485475853,7,0.1695568313035617,0.2011166989795976,-0.4568423593510232,0.03125,-1.2377675595412805,-0.352270010993699,0.0608656578832448,0.1788046220877686,40.67674375369859,40.22655269401741,51.01569002669373,1.104357038225448,0.2071714554686545,-0.0108325818607155,0.0258298914895602,0.2767260628536552,0.5095811932042653,0.012658198630524,1.0,-0.0273978823399492,2023-08-23,25.0,15,0.2968601072680787,0.1898453155341544,False,False,False,0.0,3.0,0.2142857142857142,0.023299703842808,-0.1450968059485813
NFLX,Falling Wedge,bullish,1,0.7164580653305107,3,32,1786,1787,2023-10-23,2023,2,40.96799850463867,36.66807103838249,45.26464435032443,34.40610519308132,5.035830046296545,0.1172662576592917,True,0.0009763941853984,0.017680557678724,0.0450702046876758,-0.0289271058748316,-0.018203366214891,-0.0550722713868402,0.0196285792759487,0.0517978811835355,0.0319531187637798,0.0252887127703684,-0.0616650348705621,0.0200376392612433,0.0150645957008483,-0.0003239977351416,-0.0306623414954543,-0.1001150240161675,0.015856848357485,0.0628382964218485,-0.0026370203855806,-0.0418407720481872,0.0696656722700324,-0.0815747511485641,0.0041674010095711,0.0611697083155058,0.0303166394597569,-0.1286149008388145,0.0352862073847648,-0.0229789542765574,0.1205658282345216,-0.0038418560230174,-0.0081918159517041,-0.0352493267427069,-0.0102421010295169,-0.0126872289485434,-0.1657307762683593,-0.0142538074904753,0.1609984353453859,-0.0845741064943564,0.0145269239002481,0.0970170747335541,-0.0041759182841502,0.0102552159932092,0.0448040608826318,-0.0579873831347168,0.0188544563425483,0.0634807069488085,0.1581478306981274,0.0833576657535306,-0.1079083686768747,0.0290848840755924,0.2236793131059522,0.0693187612221304,0.0452153421709689,0.0501795649505769,-0.0326134403037104,0.065207004791582,0.1061050811854475,0.0956860490402471,-0.0318560043541927,0.0319791402320037,0.0969756819948364,0.0838753795621294,0.09607776373232,0.2403324894504066,0.0927762375689271,0.0368147283932251,0.0053035739028384,0.0298309655624997,0.0968446233177821,0.2083089413255625,0.0802710620613633,-0.0292408318677497,-0.1517228202680807,-0.0115174933758671,-0.1378645152705016,0.1908559081376331,0.0364674792985362,0.1798808535772633,0.1439867621699551,0.1343404099824416,0.0813313790345362,0.0705155621167998,-0.0117047974549149,-0.0121136578646573,0.168486050482451,0.3405158347852826,-0.1111665067705353,0.0153666233999403,0.0462082874046103,0.0398140701657194,-0.0541995715847647,0.1618969900206576,0.1788469032353881,0.0327781732403515,0.0729716404980678,0.0010378320610133,-0.0759412715943466,0.1199759729374574,0.219982503186616,0.3289061736878094,-0.1338060931393323,0.1680150661004085,-0.0194926318931631,-0.0329807628193589,-0.4746424612219956,0.1728850736808993,0.3840065655952811,0.1585170154310442,-0.0256136957455602,0.1184215601847746,0.2088653541149536,0.1090267656986341,-0.092058622815892,-0.2624084589063993,0.1315635269833425,target,1802,16,45.26464435032443,0.1048781000418965,0.1083773336132963,0.0343194269014941,0.6547875196504868,0.676634353927417,0.214267157849718,0.6547875196504868,1752,0.4919230021420836,6,0.0874291179824672,0.0495438603629843,0.1363835513550728,0.0,-1.812175127539496,-1.3202521253973962,0.9693122618408624,0.1024236409137636,36.66807103838249,34.40610519308132,45.26464435032443,1.4466421944754464,0.0827623152813974,0.0165037808149977,0.0355580144959788,0.2365205026931982,0.9223908244309754,0.0058858753263035,1.0,-0.0272309064368739,2023-10-23,25.0,15,0.1857106493262825,0.109015506144956,False,False,False,0.0,3.0,0.2142857142857142,0.0426502074493126,0.301446048450719
NEE,Falling Wedge,bullish,1,0.6413124454294045,5,82,1721,1722,2023-07-21,2023,0,68.93328273225428,67.88308087971595,73.31286897543315,64.33725323750295,1.6469596468265413,0.0154707452715532,True,-0.0399315240948446,-0.0477620408586015,-0.0365841950408102,0.0278055534063332,-0.0256260748437832,0.0114594284881528,0.0180710457191741,0.0085584964604177,0.0243869542148593,0.0642397416171187,0.0003536965287407,-0.0227354393836998,-0.0491342612641882,0.0453435570799873,-0.0062571415385817,-0.0300968870452168,0.0120495717568802,0.0076484490395363,0.0060820389660227,-0.0170367969602487,0.0443005896926651,0.0237772798423909,-0.0452618044316322,-0.0884290530034173,-0.0739598313158887,0.0171806215198413,0.0359981238085336,0.038109606314945,0.0201844260543451,-0.0051496989322104,0.0548664338380775,-0.0157467334279245,-0.0103997233881125,0.057864724711133,-0.058052766882283,0.0400073372937175,-0.0053793138111257,0.0274452105684923,-0.0080541749580118,0.004191216174489,0.0061005769362487,-0.0201310063294408,-0.0135949417566469,0.0548664338380775,-0.0364233812587379,-0.0976232015190876,-0.1060884949300537,-0.0688784449026481,-0.0422531378217339,0.0265054689804682,-0.0069525488623294,0.1245294045472511,0.0577101936698769,-0.008194971349322,0.035024756041216,0.0483700203218731,0.0385752900756883,0.0490185164663063,-0.0151736161898567,0.0481370255463617,0.1585537245831643,-0.0692373350715686,0.027105233329816,0.0331118092036797,-0.0507843349645042,-0.0956520351555976,0.0524827578676827,-0.1679508940621996,-0.1182347612878674,-0.0944547480624421,-0.0764228504016368,0.0771263248147411,0.0576653562825462,-0.0157197254605973,0.1023324920178101,-0.0630785056162908,-0.0114142515203401,0.0606818816261138,0.1477864207309724,0.1663117656829134,-0.1001924440268412,-0.0332934038237543,0.0125047503618758,-0.0350172120405752,-0.0652803441347896,0.0881267150734297,0.0435237478102044,-0.0665150554231704,-0.0303341752869663,-0.1231797973804111,-0.164359378681077,-0.0968385061127318,-0.2783770991665928,-0.2435448680982489,-0.0156207264142343,-0.1359344149143481,-0.0580847814743918,0.0816046698059136,-0.1324972986500394,-0.1747198851515775,0.1471506995074882,0.0804644981644775,-0.0573681390586642,0.0438888403091957,-0.0440372737503667,-0.204990083393643,-0.002363028811995,0.0028165784264526,-0.0587388103917645,0.0736846938684143,0.0553752484266707,0.0943399371218582,-0.0121986691664476,0.1151056095153753,-0.2682709823650115,stop,1730,9,64.33725323750295,-0.0666735909357879,0.0104111879826373,0.0766999029559057,-1.0,0.1561516012039029,1.1503790613254057,0.9529064702870924,1639,0.4190472557182561,7,0.1075335638313375,-0.1275775584020124,0.177561515397649,0.0,-0.7402262986095727,-0.321179042891318,1.1535495390452934,0.0993568063191706,67.88308087971595,64.33725323750295,73.31286897543315,1.2744272569685282,-0.011083814131745,0.0249845581578784,0.018482962127955,-0.0691304302148014,0.8121846087114803,0.0043183779416364,1.0,0.0358982501563314,2023-07-21,55.0,16,0.0173845009890076,0.0257314379748645,False,False,True,0.0666666666666666,0.0,0.0,-0.0280070687300141,-0.7504026595975405
NEE,Falling Wedge,bullish,1,0.639632689782209,5,41,1758,1759,2023-09-13,2023,4,63.02593455401156,60.26703583536562,72.29018879563603,59.45277955714894,1.2206265600101749,0.0457779062866565,True,-0.022496277631112,-0.0027161819081623,0.0012515186784896,0.0290266416211688,-0.0284250131783851,0.0229055821807504,0.0301989907981292,-0.0157832674251754,0.0240440196556011,0.0242050984740469,-0.0594415016086059,-0.0490654733233979,0.0136639047703921,0.0315278138235373,0.0083069860775075,-0.002329009070479,0.008158941122552,0.0097587476583729,-0.0345925600623178,0.0191734042405509,-0.0148147737543127,-0.0175281067034833,-0.0225083748298591,-0.1297532005437262,-0.0818382249989136,-0.007356495704555,0.0128537337746017,-0.0010762930469783,0.03694171523664,-0.0744806960378358,0.0698416056097632,-0.0022648817332979,0.0574812593085036,-0.006114300718833,-0.0027562936789614,0.0162122189974671,0.0078376680909046,0.0325792801673892,0.028439385587091,-0.0581017990714013,-0.0981008043674872,0.0134288496615615,-0.0321858848333387,0.0444270194973888,0.020568357105789,-0.1326618827359467,-0.2229316933678738,-0.1979669724881456,0.0359588002515662,0.0330695703325247,-0.046700020175074,-0.0773177172304023,0.022757930940582,-0.0298849062822957,0.0923314418981131,0.06940888410861,-0.0277223837023927,-0.0209305674305737,0.0252184173352143,0.0084271754566045,-0.0907245525844852,0.028713366810827,0.0663154590593482,0.034975770510176,-0.063681559026112,0.0255404260996281,-0.0158875676495638,0.0061124476995484,-0.226730714188966,-0.1654571480397318,-0.1425705801088994,0.0032542571847686,-0.2593254572098069,-0.075885784191209,0.1012924205151484,0.0167595332240289,0.1922770027404274,0.033587676170854,0.0442184327682131,0.0582857178712139,-0.0493237761753233,0.0256614409371456,0.0434892477278288,-0.0747274813232748,0.0113311077504563,0.051665940043472,-0.0209362630712882,-0.0506711244826417,0.0371210190261437,0.0734768019899936,0.1210404488680156,-0.1795867060579402,-0.1242811203988084,-0.1482780949435166,-0.1307248853086384,0.1873776974400833,0.0278477964203711,-0.0298421730278461,-0.0544112171263558,0.1829600820653518,-0.0752880870830358,-0.1121683314324564,-0.1447185396762633,-0.0963297986917078,0.0198445071637909,0.0174667177371159,0.097698171851901,0.0115945325657624,-0.0211854886954704,0.0495126966015488,0.1940910949116319,0.1113459225757784,0.0173500714470264,0.0686126561991538,-0.1403327916956955,stop,1768,10,59.45277955714894,-0.0566934075971617,0.0143687794119516,0.1359941344172783,-1.0,0.2534470941321761,2.3987645156839466,2.5927378604507414,1713,0.876419321903554,5,0.0374059163733125,-0.0452918081881799,0.0153986976230577,0.0,-1.4646270399315775,-0.5882077180280278,0.1131769139669037,0.1221205521277106,60.26703583536562,59.45277955714894,72.29018879563603,0.9486936064371896,-0.0854134410044488,-0.01823819060736,0.0151558172798089,-0.0698016904732427,0.6179813808356386,0.0022145413974912,1.0,0.0081736221858137,2023-09-13,55.0,16,-0.0376461879919328,-0.0503625376396037,False,True,False,0.3333333333333333,8.0,0.5333333333333333,0.0104610549170632,0.4662666752618241
NEE,Falling Wedge,bullish,1,0.8220950531340161,3,49,1879,1880,2024-03-07,2024,2,52.785318966416064,51.00937507613975,60.02232284883826,49.63346047291171,1.4036293919526976,0.0348160291637651,True,0.0497178371165523,0.0507073011857581,-0.0050257120306862,0.0227275525758452,0.0429501068840689,-0.0305901310321679,-0.0019611536956966,0.0444126030583629,0.0123749813540858,-0.0315068105445173,-0.0257206637804907,-0.0070469277521623,0.0289837003089585,0.0173183078454655,-0.1416539934028816,-0.0217178766470254,-0.0332433135697599,-0.0191260707929982,0.0139788455221785,0.0084461190872882,0.0253936231088269,0.0372159325654883,0.0529073811634431,0.0818053286252937,0.065582037129787,0.0299799729468794,-0.0380087963790068,0.013746707961034,0.0021857773326598,-0.0243027145335185,0.0161038806827935,-0.0963105605528706,0.0313480247844049,-0.077553822464631,0.0427559357265094,0.0042589796455796,-0.0312425279295953,-0.0027562936789614,0.0417006744761261,-0.0025885431177113,0.0254784138430916,0.0206411150607226,-0.0423688445280697,0.0606804194354222,0.0322659660041124,0.0815046403895452,0.1315232853551835,0.1226366091939366,0.0391726918556618,0.0420042925246297,-0.0312278922234133,-0.020619413686547,-0.0972024501062199,0.0735656322026141,-0.0114735714613439,0.0464515091992434,0.0286210634963581,0.0316458243938502,0.0934767127176632,0.0560704485100715,0.0481837721236149,0.0878401402650186,-0.007606957050536,-0.003244459433608,-0.0247389802157581,0.035267009170401,0.0819804283456329,-0.0085122343869763,0.1085406070431656,0.2366008118216114,0.2416086998619626,0.0382706767641616,-0.0242794683087659,0.0062053554161656,0.0373751653925451,0.0074443986229451,0.0483087337983236,0.0300132560438599,-0.0835763642776422,-0.110501143134948,0.1260410728066585,-0.0479813365162261,-0.0791930494430437,0.05957623092566,0.1066523720968868,0.0492361083849484,0.0876064022496148,0.0969338176255112,0.0387158835058198,0.033847586794679,0.056298543265445,0.2127510997209814,0.3789378443749762,0.3518166988044273,-0.0973071480224587,0.0864167948602914,-0.0425460559831145,-0.0792254635720226,0.2533131752776081,0.0822975500789693,-0.0213530002168249,0.0106086434003742,0.0416367401791346,0.1632561688002962,0.0466216885279568,-0.1540329213614524,0.0841920288221407,-0.0192933214306108,0.0984459075530606,0.0561172071979712,0.043064264155548,0.0287148964532226,0.006550569363342,-0.0973071480224587,0.3544293155719276,target,1900,21,60.02232284883826,0.1371025888282808,0.1445698502459532,0.007228487986394,2.2961068516676386,2.421163790787773,0.121058113742437,2.2961068516676386,1828,0.7505706190341287,7,0.0856661372359477,0.1026790183208448,0.1000801735094687,0.0,-1.500206676440753,-0.7496360574066311,0.3051294733536034,0.1070766682060631,51.00937507613975,49.63346047291171,60.02232284883826,1.0663215643037351,-0.0981899541955614,-0.024709333923419,0.020369893879637,-0.128835774664393,0.7659567560548021,0.0099045540025901,1.0,0.0335474109534172,2024-03-07,35.0,8,0.1829092316401244,0.1643734279728603,False,False,False,0.2857142857142857,2.0,0.2857142857142857,-0.085120799408457,-0.98385777007301
NEE,Falling Wedge,bullish,1,0.6476598178695149,8,81,2124,2125,2025-02-28,2025,5,67.02819847463128,66.65388746734396,80.52991649925326,62.55748202745457,1.4463444437869388,0.0056157415795246,True,0.0396859796943176,0.0736690024444906,0.0292129552870592,-0.0376087715906379,-0.0154529280587842,-0.0306274700703796,0.0091199011743607,0.0901349942144023,0.0212848660886322,-0.0338983130878703,0.0100464440639818,0.0153575207738887,-0.0239934573895799,-0.0331130741487883,0.044410031519694,-0.0030379071543037,-0.0201435457027859,0.0376417388526273,0.0139788455221785,0.0096359299996142,0.0316690265134063,0.0316690265134063,0.0323716890283115,0.0499644833784302,0.1059375220548541,-0.0543176560765703,-0.0517699519498047,0.0884292095692877,0.0399823412017468,0.0290756022467384,-0.0800574879987875,0.016724726027383,0.0245980801777481,-0.0494711417850299,-0.0099433644864513,0.0348276246814667,0.005368691732728,0.0551096515088573,-0.0464734132769227,-0.0581736903463822,0.0754335247278243,0.0116903418501028,0.038409663957355,0.0373523965813697,0.0123881124213889,0.0440053203402278,0.0057103016508019,0.0708725822758087,-0.063681559026112,-0.000842424472183,0.0356183713321967,0.0734188592274571,-0.0027217970217379,-0.0972192361997907,0.0915623505442244,0.164431286917954,0.1824940742627121,0.0253457433547308,0.0360178467632412,0.0546135356134411,0.0234317262813144,-0.0009420629582722,0.0619508946482807,0.0055294169341779,0.0819804283456329,-0.0066490241994411,0.0546135356134411,-0.0251382356629016,-0.0289803848641163,-0.0551035714207056,0.018151048393769,-0.1264401985276024,-0.112256332498479,0.0774423876673058,0.1944427688955201,0.0944827414073177,0.1282341929273467,0.1829746758810013,0.0076307305649441,0.0197844323258946,-0.1256143430430564,0.1375460398393244,0.0506090042458426,-0.0627576290401025,0.0423265378944766,-0.1756679084943632,0.0845540158766642,0.0582657117368805,0.0538534553016982,-0.0097201790636487,-0.18747596058409,-0.0717142785863494,-0.0286936948060745,-0.023239515470155,0.0665627188344439,-0.005841935771267,0.2169445175665918,0.0341376374608182,0.0634045821756197,-0.0715151789759567,0.075295931634711,-0.0147322063765898,-0.0051340060966706,0.0088662395325769,-0.095451430928369,-0.0868863332318625,0.009324000064528,0.0371319477849709,-0.0480139665384561,0.1610651038189521,0.0362966964182784,0.0491869744082982,-0.0543730515020857,-0.0620662758079061,-0.0444037930296058,stop,2150,26,62.55748202745457,-0.0666990393434008,0.0890792967284046,0.0873662385617487,-1.0,1.3355409254064172,1.3098575245130977,3.020034525595647,2038,0.6336157731849077,6,0.1689420532716887,0.190453095204832,0.0187229264947637,0.0253164556962025,-1.1156198364635983,-0.4820040632786926,0.5197900742315354,0.1495406649724112,66.65388746734396,62.55748202745457,80.52991649925326,1.3251770975443062,-0.0608352933080466,0.0033215636439662,0.0197366321192067,-0.0995653535598782,0.9468054022466024,0.0112914428398005,1.0,-0.0179491886158219,2025-02-28,1.0,28,0.0642371549072302,0.0677257668086619,False,False,False,0.1851851851851851,0.0,0.0,-0.0739136867884705,-1.527176184646857
NEE,Falling Wedge,bullish,1,0.6014142526054735,3,33,2342,2343,2026-01-12,2026,0,79.42693669998664,79.08361704196443,85.3876722237273,76.04277213969931,1.31435626106474,0.0043412235158646,True,0.0289550245928407,0.0547066328878763,0.0001151825744623,-0.043060691994004,0.0045065512842068,0.0088340368017398,0.0339127965551588,0.0363612164525455,0.0301874395511143,-0.0139397091468451,0.0317200588016235,-0.1292933562071047,0.0110552431554935,0.0428039801559909,0.0622468171732439,0.0047944982109489,0.016005129282157,-0.0196025177848045,-0.0208930985884706,0.0636583754229789,-0.0368383030782412,0.0018591646861823,0.0247333839274218,0.0738046847480542,0.0738046877814109,-0.0129328271193162,-0.007356495704555,0.0240309153445843,-0.0297179917056191,0.0754716379445006,0.0340426447375954,0.2483899811865724,0.028439385587091,0.0814383443612247,-0.0115319332344204,0.0211786624913383,0.0606804194354222,0.0052419834046428,0.0298752075063366,-0.0011464095226102,0.0321161598205026,0.017355532394133,-0.0682902613795524,-0.0690756106769286,6.380650927573228e-05,0.0508910271790433,0.119147301755957,0.1239927912606824,0.0101970119434129,0.0434981119657302,0.013901002389181,0.0129249153045321,0.0024499340854353,-0.088710467760163,0.0252337183832171,-0.0264624142189833,0.0409011437082791,0.0786413564790007,0.0532697524920251,-0.0007533085075468,0.0427114026698163,-0.0136738757419063,0.0282008887661036,0.0316326722080735,-0.0359987714169819,0.1011337368609481,0.0641640981258457,0.1052882204618228,0.0947198453460648,0.1370748130800736,0.1646236502616803,-0.0219192941798106,0.0813109601948072,0.0924010934364043,0.1063215288433576,-0.0161318793832693,-0.0990991821222443,0.0546706542261015,0.1677614685870609,-0.0044557483532319,0.1550796722205718,0.0340954911674751,-0.0286482190212623,0.0592448300709582,-0.0309442056165596,0.0845540158766642,0.0340186215798825,-0.0423576823771211,-0.0781021864451757,-0.0092337336782388,-0.0141788886457485,0.1108554472610425,0.1720578438520963,0.1917895161672446,0.0379321123992824,0.1585734721775169,0.0655985860729657,-0.0238112132342102,0.0675895989027641,-0.0331610415685347,-0.0767127785989633,0.1261739111165707,0.1679988277575954,0.0440110660342105,0.1031093989442928,-0.031631871647484,0.0951726549889722,0.0713042921159661,-0.1295136669641123,0.0909178293988361,-0.0094189016421314,0.090299485893355,0.0451436768669759,0.0855697682457967,0.124800583489113,target,2352,10,85.3876722237273,0.0750467759603481,0.0961062776771532,0.0091178592874994,1.761361014676709,2.25563121933009,0.2139977591415111,1.761361014676709,2309,0.4193634305593162,5,0.0817305945436733,0.0083417979853013,-0.1649335883747938,0.0,-1.0152668577042772,-0.5959034271449664,1.1677877536399413,0.0690937782010424,79.08361704196443,76.04277213969931,85.3876722237273,1.2414824744764286,0.0893889373828029,-0.0121319972584789,0.0156382048612076,0.0967596549062197,0.9815958960533224,-0.0005006385156511,1.0,0.0116721920686029,2026-01-12,13.0,27,0.0604541655576436,0.02156365047061,False,False,False,0.0,4.0,0.1538461538461538,-0.0180980297414747,-0.365773697285394
NEM,Falling Wedge,bullish,1,0.6307997422410818,3,37,668,669,2019-05-15,2019,2,25.14127672364072,25.09488545580446,32.071874628626034,24.41543105228636,0.6584994800888544,0.0018486343728469,True,0.0268853697273894,0.0276201790927519,0.0186578051279211,-0.0494044029834119,0.0350825075203062,-0.0046543301188471,-0.0414397613860788,0.0598348379885276,0.031362087458634,-0.1008732070430391,-0.0116096552801663,0.0698067437483207,0.0329832300567731,0.0229988685603528,0.0379269436671743,0.0411974985950356,0.0724420135322729,0.0435498641139722,0.05441522916829,-0.0935822036054507,0.0104285837305946,0.0104285837305946,0.0149078078983006,0.052131268476441,0.0759560483223572,0.0377729787175349,-0.0602856709498893,-0.0048245317922416,0.0260892262119631,0.0661522620762096,-0.0361031818068757,0.0570184263011233,-0.006973140665431,-0.1027127092641362,-0.0122570953082419,-0.1121672874256013,0.2680869097017413,0.136234839361653,-0.0975369405937078,-0.0198321682345202,0.0537118457916725,-0.1255500139675706,0.0925895399945813,0.1032003158740029,-0.0374590352832014,0.0408735400394877,0.1703421113270042,0.1572579673161944,-0.0448213403073847,-0.1357374252334654,-0.0743603296792861,0.0332935001085514,-0.121052726249062,-0.0152921666444081,-0.0199792231644244,0.0265173286101085,-0.1533940908163917,-0.2653709559515261,-0.0800189476623692,-0.1369906051445483,-0.1094013924010863,0.0014798950119558,0.1033097156567735,0.0698689929819025,0.0992652147582722,0.1781470583547943,-0.0267167439847351,-0.0588658749513422,0.2068481171623878,0.2977466056877715,0.2408190489679373,-0.12013413091376,0.1077259262667198,0.2067563835795549,-0.0659304578565194,-0.0864016460695104,0.3173350055723116,0.0277794660673789,0.0039470819831424,0.20770797824294,0.194569865137782,0.1702558051634191,-0.0822388022277881,-0.1689224002589044,0.1049264422624902,0.0972254976289224,0.0035262833386315,-0.1150127094752671,0.1550521182148461,0.2087551055284309,-0.1506904118860612,0.2469349856728336,0.2849074783526377,0.2597249326891182,-0.1769422244757206,-0.121999229174029,-0.028927601224458,-0.0619490000061786,0.0859605476123823,0.1486560102028173,-0.2252504966976183,0.3074788572792541,0.2581985506883566,-0.1207472677693866,0.1031186760535407,-0.0105031985987308,0.0409847117810868,-0.0623906210428705,0.140737647681423,-0.3360788723815613,0.1469775791605676,0.0542946877504493,0.1177981267365964,0.2899276134871933,0.2574402534994821,target,702,34,32.071874628626034,0.2756661080170353,0.2809565518144188,0.0095082267386013,9.548307826997808,9.731554096487448,0.3293385481520503,9.548307826997808,629,0.859273873517727,5,0.0143788532362959,0.0333637254739513,0.1859658147746348,0.027027027027027,-1.1675211489562247,-0.3082472754384991,0.1323199773196638,0.2134510560645944,25.09488545580446,24.41543105228636,32.071874628626034,0.5487498884122809,-0.0421799539214406,-0.0684047756201261,0.0216915200377503,-0.0095294643549239,0.1578979069417185,0.0038927871056317,1.0,-0.0175767660810554,2019-05-15,56.0,11,0.0620500085196835,0.0472923804665152,False,False,False,0.1,0.0,0.0,-0.1130890364579507,-1.4881854738554643
NEM,Falling Wedge,bullish,1,0.7320381540684099,5,34,946,947,2020-06-22,2020,1,50.01686436047571,47.457740056666125,63.434392160032814,43.3099786950346,1.71785255836505,0.0539242766459993,True,-0.0005035144752484,0.0283013733823861,0.019679341746136,0.0212953600761194,0.0231058143108959,-0.0157817177212283,0.0228401376288991,0.1133901883748869,0.0675180343014205,-0.0013205416346238,0.0202303776450534,0.0571790577498847,0.0500836861958606,-0.0015801432921976,0.0174529837008357,-0.0283218134403632,-0.0424385438833183,0.1079128608310908,0.0048560962494192,0.0023058815989924,-0.0446470874717824,0.0227237882168425,-0.0213277025343896,0.0486822425997577,0.0477571144025283,0.0236375862688993,-0.0210943288225895,-0.0914285066427428,0.0014359146438365,0.0132260050146955,-0.0261417879302287,0.0289710497955166,0.0742114607953594,-0.0192519151797125,0.0034666428801077,-0.0354328768652841,-0.0631973662071961,-0.0738946478854427,0.0084086933345519,-0.0506797261895011,0.0726618366896629,0.0269099572267585,0.0864988800778039,0.1118390718367721,-0.1278076959020305,0.0515653302527959,0.07923445298876,0.0424867310190801,-0.0079554418357585,0.1134312030471669,-0.0892600796389651,-0.0755387567306384,0.1275736366343054,0.1365600382190999,0.0177669841546885,0.1227000825191884,-0.0411752267123852,-0.0906306163649307,-0.0372725621559119,0.0596365619269323,0.1979051905733566,-0.0387337241249429,0.0309935224012138,0.0686622096546774,0.0918029387646648,-0.1526668337767635,0.1750849282137441,-0.143635284369179,0.0559720144687819,0.1364780238824396,0.0562520284255338,-0.0971657964265362,0.2693854727184994,0.0034455190649789,0.0041802994847444,0.2666879991093025,0.078804671847924,0.0340684433032223,0.3154235447255298,0.1519297523718157,0.1691695246968871,-0.1765015491313717,0.123158637666942,0.1290145177315669,0.3804652990271793,0.1649887742993008,-0.1557944860907485,0.0554082172902334,0.1108810933525104,0.1298883773741344,-0.0379179576554596,0.0405020061444069,0.1339054967875341,0.0531054019902124,0.1392954235428287,-0.0084608543569687,-0.0948482293991155,0.2920328257030629,-0.1231935683663997,0.0730550706773478,-0.3217253229036392,0.2247078630019283,0.1621195525008167,-0.0678659099050494,-0.1439160929029537,-0.0061404896069614,-0.330321524061228,-0.0247297853655737,0.0943629182717626,0.0655447186055595,-0.0504824821953316,-0.2306746132012967,-0.1166066602366505,0.2121213040169942,0.1466917895965775,time,1006,60,56.71439743041992,0.1339054967875341,0.2123552846101649,0.0352527418935415,0.9986055233437056,1.5836479099839071,0.2628987129912795,2.000560091354211,911,0.637507508844627,5,0.0598582315903963,0.4611884265606107,0.6111371165034316,0.0,-0.9431136341762888,-0.3056061253316637,0.3840667426421191,0.2931416138483255,47.457740056666125,43.3099786950346,63.434392160032814,2.2046321038268464,0.2554551172541255,-0.0339615506704386,0.0450998568435984,0.4343210834440691,0.1971154992398088,0.0249470552486383,1.0,0.0560077527894822,2020-06-22,13.0,8,-0.1503769488811661,-0.011808709270887,True,False,False,0.8571428571428571,0.0,0.0,-0.0893248760594426,-1.3679665563894543
NEM,Falling Wedge,bullish,1,0.8089256415816461,8,62,1044,1045,2020-11-09,2020,5,55.24786381379383,52.74554599252417,60.85558626388112,48.68152009145032,1.6665263546126583,0.0474413104307294,True,0.0018305032623029,-0.0238563611155755,0.0155063884717063,-0.0119191371545659,0.0039264531007379,0.0517978521946198,-0.0163730630337649,0.0646962480544459,0.1421620144879947,0.0428719051828234,0.0364708055899292,0.0149710221627867,0.0016814483263671,0.0723244521915693,-0.0077108352413898,-0.0053948868173916,0.0385472589307012,-0.0085437922727742,0.012154263334019,-0.076796753055824,-0.1345985239439396,-0.0286332209640853,-0.0085264917148953,-0.1048052827547125,-0.1160363161260626,0.0475461112264021,0.1108962590532267,0.0469573630631579,0.0086940094860625,0.0132554023531379,0.0499925698657737,0.0901831572073945,-0.0555160781955387,0.0185791559638617,0.0360890278380525,0.0181391773990988,0.020896892379159,-0.0026909121177031,0.0399138631182229,-0.0149325595849566,0.0242554064841657,-0.0567664446379467,-0.0059361141274278,0.0021859464884632,0.0400370009656594,-0.1263942444661258,-0.0616324256480221,-0.1088191394741736,0.1077829681059696,-0.1189136479122743,-0.047530167113022,0.2251763198078229,0.1242369365903957,0.1446726422159447,0.09246693302112,-0.0213460192847483,-0.0909604892987834,-0.1306307427831877,0.093868942207324,-0.1250256163288301,-0.1086040700941118,-0.0305632225137695,-0.1136714327300937,0.17796202417601,0.1082158994498232,0.2957046689274005,-0.1025598911095073,-0.0942783706204545,-0.0809326088836735,0.0004170428615928,-0.0766034794003438,0.3062903531187402,0.0049184905213071,-0.0945910589030956,-0.0695451968696148,0.1505498606476214,0.4342390599184191,0.0441245250683373,-0.2401400528837649,0.1527245378278272,0.2614444367233253,-0.1699334559358601,-0.0345814965380867,-0.0386251741252807,0.1364780238824396,0.0536688631018773,-0.152084813414442,0.2470354599232505,0.1518590089950224,-0.1867017886894512,0.2807830423632489,-0.0614785883749981,-0.0892735134304156,-0.1907550059895524,0.0730550706773478,0.2805588821922669,-0.0180357722897412,0.1430020688952962,-0.2092102968795566,-0.2826015888967677,-0.0341084551683964,0.1834070315833518,-0.0612031899749468,-0.0635455060431519,-0.3451434411043518,0.198079512471736,-0.0767281056753292,-0.0852159389839285,0.3347871045613675,0.2712169507382145,0.1214297525259757,0.0626487187858824,0.1344236464032846,-0.1935649361762854,-0.110936088812529,stop,1055,11,48.68152009145032,-0.1188524454895588,0.0102210259267261,0.1372998260231768,-1.0,0.0859976072400127,1.1552124607754797,0.8540098854413791,977,0.4795795050035005,6,0.0551595417084446,0.1311168858635054,-0.0602074661994863,0.0,-0.9419747713706372,-0.462395266367139,0.9842651599944086,0.1386652418631289,52.74554599252417,48.68152009145032,60.85558626388112,1.9120341554277451,0.1317682966207785,0.035271421105431,0.0343671168884656,0.0650833208941816,0.8626374835596137,-0.057088297452621,1.0,0.0060438216874993,2020-11-09,13.0,8,0.4546626664423467,0.2347628867059055,False,False,False,0.0,1.0,0.1428571428571428,0.0455046001420918,0.0364646634749845
NEM,Falling Wedge,bullish,1,0.6522397296947916,8,74,1249,1250,2021-09-02,2021,0,51.47322937130127,49.9815650490153,64.22676209512346,47.297881271493424,0.9640566529115436,0.0298442900061881,True,-0.0351675116867732,-0.0206978281163709,-0.0340491635575656,0.0911474755051873,0.0017985191102218,-0.0753048980984303,0.0011577873429908,-0.0217142585238273,-0.123076788808987,-0.0590436570989584,-0.021739056484098,-0.0376414136409056,-0.0317038237848836,0.0253340496531155,0.0531114725290631,-0.0025382836391912,-0.0381791296454132,-0.0027422605067843,0.1012555513746609,0.0034035316225717,0.0144368523020068,0.0271112817486796,-0.0287187010567458,-0.0651334248540035,-0.0448537376632818,0.1583582211555045,-0.0078209006110298,0.0298377379688319,-0.0336230720813331,-0.1235243831397884,-0.0672592345297612,-0.0120426450275697,0.1361702730663025,-0.0207384317380527,0.030746596539307,-0.0716999499409328,-0.1096741814700195,0.0327620191268984,-0.0216170476426054,0.1627975637470748,0.0432339049198149,0.1019135947248803,0.0616281046141933,0.0055302371285435,-0.0804654186782918,-0.0758590742606018,-0.0932370940147587,-0.0570653593455641,-0.0662569954457367,0.0743267765974227,0.0415963245284454,0.0748161754152429,0.0503713160767713,0.1585161940938801,0.0110495614249459,-0.0227215712554061,-0.0604774178542562,0.0610499719723403,-0.0571625677861408,0.136146790866382,-0.0513225653824958,0.1201746486566015,0.0655148479088432,0.1437279031672234,-0.1385531191439112,0.0827773658907828,0.0846838777267398,0.0914935454338059,-0.1332246471593328,-0.0857878956579119,-0.1051278327769049,0.1876835620989654,0.176242035762328,0.3242822310686004,-0.0345814965380867,0.0262723487698581,-0.0202185635514137,0.1971370260139138,-0.005456000079089,-0.0477466427127604,0.0877537116535152,0.2087551055284309,0.2087551055284309,-0.0228160223606606,0.0512780467843816,0.3687701132123233,-0.1396518774359525,0.084006190974079,0.0871984272512138,0.0269949579217791,-0.0880741464689036,-0.1696171013289595,-0.0620860827932644,-0.0933006085310669,0.1158437382843302,-0.0079675951173562,-0.0959489137209016,-0.0607527243438094,0.0743660814166868,0.0544072655086469,0.177525408139892,0.4075843621653208,-0.1071373071120678,-0.0008288230158084,0.0787556161251212,-0.2852887592079491,-0.0307774159738408,0.0500271079448046,0.0598777793297724,0.0181656652164394,-0.1265632199984337,-0.1079924756247654,-0.2067651527832764,0.31405932670722,-0.0781155809902657,stop,1260,11,47.297881271493424,-0.0811168864049513,0.0083850409365053,0.0939142933039372,-1.0,0.1033698568587256,1.157765016214981,3.0544837026663987,1175,0.5630536804955528,6,0.1408976221602055,0.2868548366647434,-0.2540709607802236,0.0151515151515151,-1.6737674134592602,-1.1107137329637102,0.560025995399419,0.1184537314671859,49.9815650490153,47.297881271493424,64.22676209512346,0.9242517700972828,-0.0480733451428818,-0.0304361072075584,0.0182373413835122,0.0424731184061322,0.9756091887717554,0.0024189042760121,1.0,0.0258738530662334,2021-09-02,35.0,13,0.1291823396129439,0.100716270663314,False,False,False,0.1666666666666666,1.0,0.0833333333333333,-0.0412288770819177,-0.2163637593123643
NEM,Falling Wedge,bullish,1,0.7622309476869195,5,69,1455,1456,2022-06-29,2022,3,54.95280582595774,56.94164498212797,84.43565918457875,53.646407358017,1.2409741670670955,-0.0349276730026759,True,-0.0265038387766949,-0.0603916288075199,-0.0033102755574468,-0.02639493564216,0.0686809537835817,-0.0942427003825785,0.0223121473842395,-0.0130342287813384,0.0143602916981373,-0.0042561949515854,0.1961254213048218,0.0181528696130959,0.0083822644395785,-0.0839809258502505,-0.1154804577370117,0.0363429652546642,0.0431941140145193,0.0898760707871,-0.0216422399973494,0.0205165370089197,-0.0198093609849856,-0.0417902619573354,-0.0312039414490257,-0.1058536124735839,-0.1102921629903507,0.0700935270879461,-0.0432967553164694,0.0616281046141933,-0.0275745875898185,0.0419349178828576,-0.061735556712903,-0.086637064337595,-0.0552585710742464,0.0886073281517969,0.028257150209449,-0.2257954885460021,0.029632069356098,0.0510634374423819,-0.0243967309451652,-0.0975134171992155,0.0467210396383186,0.0162831279075188,0.0666229546940264,-0.0809425932962989,-0.0220910724199051,-0.0946337034509323,-0.2551218631972509,-0.334406114585916,0.0031076949952937,-0.0155238999942549,-0.038486502896706,-0.0641912773098845,-0.0658890974809625,0.0041523572639325,-0.1229446163777616,-0.0114188828194778,0.0099930353267678,0.0359476148134498,-0.1035971175334512,0.0436026107616427,-0.0589173520996493,0.1546340013663714,-0.0619520549885415,0.0587277809951998,-0.1136714327300937,0.0503713160767713,-0.0806486690389273,0.1182511411959643,-0.2421991956735351,-0.2660162072652499,-0.3810224649074463,0.2642009831926053,-0.0425640592475287,-0.2055147756887305,-0.079758298329817,0.1101466507994548,-0.1657914120132236,-0.1174004570765792,-0.0074822157548839,0.0535401983587116,0.0562600127746064,-0.0101989452340534,-0.0241264674880917,-0.04909601009826,-0.1108468965895386,0.0982035567184986,0.1111110670433517,-0.2106258873404475,-0.1787435645979405,0.1687915044263952,0.0974152024115779,-0.2538922165785552,-0.3203056367309396,-0.3022892276866922,0.1567408644318408,-0.0681031845560653,-0.042481311673321,0.1282176836889323,-0.0394806436724255,-0.0210959218054115,0.1239734642952306,-0.1316846841470367,0.4737690405933268,0.1324679009422558,-0.1161894789574476,0.1377586115892342,0.0062663943719285,0.2460889124922343,0.4343879097839065,0.2443078640507139,-0.0144355901655232,0.0353698539705287,-0.0973559129575155,-0.3976736987818637,-0.3798480404056157,stop,1456,1,53.646407358017,-0.0237730985398317,0.0056910320995299,0.0354471594337525,-1.0,0.239389581042395,1.4910618140231429,22.56804036604124,1383,0.8238006915077942,6,0.107188259952354,0.2975199905551284,-0.1471758144706652,0.0,-1.2282872447906137,-0.4044865532828204,0.1787007497849816,0.3377438696238239,56.94164498212797,53.646407358017,84.43565918457875,2.240875195720772,-0.0225151315882151,-0.0896635217773974,0.040455842917223,0.0439982194908235,0.2113823785731782,0.010482697318922,0.0,-0.0749449691739675,2022-06-29,1.0,14,-0.0064352876310508,-0.050930616996901,False,False,True,0.3076923076923077,1.0,0.0769230769230769,-0.0200021640384064,-0.220884061324367
NEM,Falling Wedge,bullish,1,0.7205494627687226,3,36,1632,1633,2023-03-14,2023,1,42.35951085428659,39.04857337307976,51.60809575725898,37.62710359624469,2.315313522795891,0.0847902290711957,True,0.0174672454008752,-0.0202179228493113,-0.0833704020504231,-0.007700996644305,-0.074698900961732,-0.0080786469108279,-0.0177689983560414,-0.0727717730484903,0.0152193286616333,-0.03492634815418,0.0393025613377686,-0.0444872679789291,0.0006798762312874,0.019679341746136,0.0314185451500528,0.0881856367292823,-0.0416549976462783,0.0372953554079125,0.0188596983985152,-0.0083181928575601,-0.1143472875092791,0.0228163263246141,0.0292006025074175,0.0624455310393681,0.0333707117244019,0.0716065950477531,0.002971602991149,0.1799815796591952,-0.0401800996327587,-0.0031146938629218,0.1050398118882274,-0.0064462091162103,-0.018014966374375,0.0996496380368356,-0.1249103905474715,-0.0667389682062138,-0.0254221917447616,-0.0134560868539165,-0.0636173719797094,0.0376339479928102,0.0266107249185396,0.0006293748685748,-0.1650257495275641,0.0388632494339733,-0.2020091607659704,0.0707429992281088,0.0853710817060233,0.0239101484883041,-0.003397300882829,0.1546340013663714,-0.0065529774915737,-0.0872853110201679,-0.0095174745106976,0.185963349408913,-0.0806486690389273,0.0924699727084592,-0.0487467745139873,0.0097677721534168,-0.0528107931250593,-0.0273692334418163,0.1534735238841496,-0.0348189298607027,-0.1185216632944884,0.1194317148693515,0.1055496486193849,0.0485587875169253,-0.0247229212952461,0.0236359028110439,0.0654164504628973,0.0438864903391429,-0.0300607969671995,-0.133284488945684,0.1746496826094872,0.0434533907674679,-0.2299850143565344,0.0358225562511551,0.010149541775019,0.2233554303212941,-0.108701661360092,-0.077385889714048,0.3117604938974143,0.0676191176067788,-0.0662375024950638,0.2129622287152384,0.0005484441442877,0.0433009173171432,0.135079174580287,-0.1065494664531314,-0.0057681537230613,-0.007254947781649,0.1395232838783278,0.0107336334874111,-0.0729170884174212,-0.189213520029045,0.2607728640444096,-0.0233363391128109,0.2897595463875744,0.2296401836111465,0.0297287633127683,-0.1778313826960664,-0.0163186837918632,0.0542946877504493,0.36471847199389,0.4623682865674063,0.0038296429170414,-0.1597144760639637,0.0478459413536089,0.4216047578825042,-0.1973906249219381,0.3585127701961093,0.2004635345099985,0.0283318265983021,0.0684756863530886,-0.0052306407462021,-0.1849433292246939,stop,1683,51,37.62710359624469,-0.1117200638676165,0.1519649182398753,0.1133187883112157,-1.0,1.3602294250381664,1.0143100924601478,1.9543087478906307,1595,0.6918140093852425,7,0.175506672207698,0.1601768678811326,0.0912763469920379,0.0285714285714285,-2.232138632673193,-1.540324623287944,0.3651710309880577,0.1105448656261872,39.04857337307976,37.62710359624469,51.60809575725898,1.1641216973552415,-0.0592540451689383,-0.0695478694674757,0.0280515455345626,0.0428049106516794,0.5431011519729546,0.0039895480334486,1.0,-0.0511103926405525,2023-03-14,18.0,9,-0.0834883696962816,-0.0559180548332886,True,False,False,0.625,1.0,0.125,-0.0409691194277685,-0.0606606282601803
NEM,Falling Wedge,bullish,1,0.7678173727547104,3,33,1855,1856,2024-02-01,2024,0,33.14443174659052,32.85273257483357,42.950504097272415,31.979317316150144,1.1659700589628663,0.0088789926710817,True,-0.0411274363485419,-0.0588340179808134,0.0412194336948139,0.0113994593272133,0.0310729300557466,-0.0293538718821791,0.0487568656542209,-0.0591398365060413,-0.0358835770619238,0.0545427540555527,-0.0141860618168067,-0.0331412783131485,0.0133021862540456,0.087557610178687,0.1208231509625719,0.0309786626616919,-0.0150696394837791,0.0285808073623896,0.0422373368846273,-0.0240549387000317,0.0220212152716687,0.0247065186393147,-0.0584459227104737,-0.0486049811709696,-0.0738476127455376,-0.1271446960247808,-0.0006463779760585,0.016678384821706,0.0194359217037474,-0.0195945842552346,-0.0375329572990129,-0.0089864105928422,-0.0231224375586274,0.0337871693535614,0.0091200935394932,0.0478966851706126,0.0613382727280744,0.0849307462239914,0.2694171537611178,-0.0482799319991407,-0.0861376836240599,-0.009250885584888,-0.0460739155422047,0.0843322537897117,0.0385452668048291,-0.0615405845429694,-0.0813920865437469,-0.1287728198798108,0.1617531216837289,0.1708438029764072,0.0948367699400216,-0.0929040019176462,0.0161774234911133,-0.0273692334418163,0.0364669360141549,0.0733353313741869,-0.0143413454828589,-0.104303897381087,0.0073810392904414,-0.0627189814678015,-0.0588658749513422,0.0853939854216796,0.1281020771945182,0.0364669360141549,0.1391623718611847,0.0045406213722145,0.0501036861720385,0.0262031220463301,-0.1149052810542281,0.0560079074681945,-0.0136996916386888,0.10696472900719,0.2087390499124113,0.0064086129904321,-0.0517746723654093,0.105045319605322,-0.0208816928281764,0.0713919782663976,0.2578020900545017,0.2929361098387093,0.0113826218613632,0.1093986415804866,-0.0685028281159828,0.266545237576776,0.0935869287084141,0.2257508849241913,-0.0342627075295941,0.1536664090422828,0.1696494732022717,-0.0566280175954374,-0.0802507747196527,-0.0323404622026303,0.2250037926845403,0.1800843750958987,0.1925626460321978,-0.1197931523830849,0.2129545978690845,-0.0848606396400963,0.3171481904348159,-0.0964587768650172,0.316930533523156,0.4405410726830392,-0.1320770431812773,0.140552453302807,-0.1672477202738986,-0.013222601936162,0.3709235904646359,-0.3344932338215399,0.3568397799768124,0.4066473280354801,-0.0302931971108652,-0.0271518286317019,0.3330608424697858,-0.0587270594092504,0.1238120036075942,stop,1857,2,31.979317316150144,-0.0351526446236396,0.0031636643342924,0.0408399239723597,-1.0,0.0899979039461777,1.1617880933173237,8.41640279656953,1822,0.8028016813605745,5,0.0303780382352442,0.0781507439386479,-0.136451158566577,0.0,-1.228836256576698,-0.4260345752161307,0.1323978638786642,0.1959174050929016,32.85273257483357,31.979317316150144,42.950504097272415,0.8613275500745249,-0.108675823649705,-0.0755845732628053,0.0253740930695024,-0.1062756819021134,1.0,0.0049259804182983,1.0,0.0435374594917834,2024-02-01,27.0,7,-0.0075807574120028,0.0287541128113049,False,False,False,0.1666666666666666,0.0,0.0,-0.0927280836796367,-0.7638905845927109
NWSA,Falling Wedge,bullish,1,0.7036782515931406,5,70,813,814,2019-12-10,2019,2,12.3696130210431,12.30135619292966,14.016315593490422,11.597152733428578,0.7165142443256157,0.0055487238189779,True,0.0407545197722969,0.023112636606219,0.0011916926708392,0.0200617805056195,0.0149780693145351,0.0526530364988062,0.0127119210850765,-0.0662069114957968,-0.040272374497427,0.0044279409082776,0.0077186371373512,-0.0677164413342484,-0.0348599742629023,0.015885031942725,-0.0656837399875451,-0.0421918176160271,-0.0134328006047061,-0.1023946088522762,-0.0202900020104812,0.0376569739902323,0.0088041450361193,0.0080551141568532,0.0541997361430456,0.0550940823342755,0.0271368567882015,0.1209504040893569,0.067951057615371,-0.0346420361510358,-0.0131427500795824,-0.0346400564515457,-0.0388162737732387,-0.0120094446754377,0.0124556761148639,-0.0271013612250667,-0.0033166229711637,0.0546447582894162,0.003969759239615,-0.0029895627632805,-0.0038712914789557,-0.0691706401967574,-0.0520072758120265,0.0107566337356295,-0.0124897817545052,0.0192503122867937,0.0133843329613283,0.0551357904842866,0.0890563583878998,0.043754902600444,-0.0402406303251607,0.0175356137292215,0.0613207828613036,0.0230719465557727,-0.0543478044643055,-0.0832432738202246,-0.0089435922804254,0.0165015332225282,-0.0301908370876372,-0.1130943096242976,0.024141651780791,-0.0474453153936053,0.097495137749888,-0.0171628071523919,0.0306697809739457,0.0588915871097479,0.0141123950889117,0.0274423365263234,-0.0543478044643055,0.0769229399383966,0.089101891841676,0.0709431496325105,0.0078813400714714,0.0452907699208073,0.0495113251212819,0.0691317488672464,-0.0931091730157541,0.0199278494429719,-0.0092727049325067,0.0969368027838641,0.0810086479123664,-0.0704000697368645,-0.0685148147886582,0.0972482457638115,0.1462001520674527,-0.0212343889911329,0.006622431011388,0.0678391577975929,0.0509324957018753,0.1361449238957413,0.0893793237614839,0.0422585711488727,0.0453074130412847,0.0318827142938543,-0.2347171035556469,-0.1122709031819506,0.0300946925214553,-0.0449968613779314,0.125301234451532,-0.1008403698949376,-0.0444379640151395,-0.37780554174273,-0.1347413453199946,0.0828747613495348,0.0373551609443119,0.3431233147832373,-0.2814998901298694,0.0119542034838446,0.002869450405516,-0.034743976755314,0.0709383475420903,0.0962106379377629,0.1495110075092118,-0.0735392845675202,-0.1339870327190011,0.0723735000029548,-0.2245178057760976,target,839,26,14.016315593490422,0.1331248252993817,0.1373583115224867,0.0015094685104658,2.131763404346123,2.1995553506110133,0.0241715226546772,2.131763404346123,741,0.5283099102462723,7,0.1222472241886181,0.1636981401472355,0.1656428384753991,0.0,-1.0443446189138448,-0.5160347086675706,0.8117071790242985,0.1235734895832716,12.30135619292966,11.597152733428578,14.016315593490422,0.2533936450184892,0.0194650231699622,-0.0090914776330358,0.0205472043203403,0.133098184713289,0.3499988079059581,0.0015116416620604,1.0,0.0167993407051194,2019-12-10,52.0,2,,,False,False,False,,,,,
NWSA,Falling Wedge,bullish,1,0.6589743714031071,3,30,1032,1033,2020-10-22,2020,2,13.277248160782278,13.00202245221358,15.849180635673434,12.797666176072177,0.6646701134688594,0.0211679151901358,True,-0.0643316088746701,-0.0182240798433847,0.0508237296307005,-0.0422428116841805,0.0083488791984838,0.0124327055101332,-0.0133381728728725,-0.0142003537639597,0.0029368547862793,-0.0219780021759237,-0.1005172845267895,0.0563281796480799,-0.0220169279897628,0.1304791555055755,-0.1365262304001802,0.253644321858548,-0.0512257805120918,-0.0165148093159938,-0.0370644238650234,-0.0215310664309609,0.0188440932808162,-0.0003537734309249,-0.0671480229971678,0.0007147742358746,-0.0117444112355082,-0.0257958450665277,-0.0260254544106897,-0.0170357592115025,0.1264880493979301,-0.026598682518919,0.1092943540408761,0.0331534426956636,0.1092943540408761,0.0325656331863211,-0.0033166229711637,-0.001232364390869,-0.0192234870108282,0.0397489789718938,-0.0288295292218534,-0.0029895627632805,-0.0269483018455164,0.0178812396635907,0.0316399729717331,0.234446100057363,-0.0089285533670711,-0.0266646238765266,0.2544674888931673,0.2202120546209018,0.0396948046206369,0.0126217419738685,0.0283476595574458,0.0595482649939176,-0.0420136291398093,-0.0628332244427737,-0.0064956870942731,0.0943061548685719,0.0395923323635156,0.0208414679720292,0.0313044347688882,0.0038313759007988,0.1925267929333411,0.1821505644813326,0.0388190212790506,0.026661272375354,0.0353089880058778,0.1049142164451917,0.0984266894486542,0.0746095885686728,0.2058593473991526,0.2401717636384155,0.1684125190883747,0.0674394686991912,0.1332784485390921,0.1293038361377387,-0.0444241920616932,0.1768438027876127,-0.0113465328245502,-0.1459118049600716,0.0141979256745172,0.1028093267174334,0.1042624831267327,-0.0937044461738576,0.0297236786837569,-0.0634496077154209,-0.2252000198138102,0.0448101637915216,-0.0615126202155507,-0.0803003168695706,-0.0490362649282127,-0.1716102537229458,-0.0719967915218218,0.2509629494709109,0.3659759846695811,0.2515121562081419,0.0037506745256814,0.0401769373415499,-0.0862897715939658,0.0206022602901241,0.0444940134878519,-0.0238368613020109,-0.0056090800823763,-0.1382190969182057,0.1214768278364122,-0.3801714102456351,-0.0607925983616992,-0.0314171226330631,-0.0307667879618599,-0.0401005045433743,-0.0600374381585304,0.0771627136300807,-0.0655093716653791,0.1366568230482396,0.2423077866985756,-0.0644468903293737,0.381004429516429,stop,1034,2,12.797666176072177,-0.0361205860508556,0.0393138098451096,0.0371693199162938,-1.0,1.088404539997167,1.029034242798874,5.36286298670256,1000,0.8746806587180502,5,0.0799521849685495,0.1518487531984653,-0.385940916575933,0.0333333333333333,-1.2815790160194669,-0.4068983573014124,0.1051652474897916,0.1555813398900805,13.00202245221358,12.797666176072177,15.849180635673434,0.3586062026373622,0.121041014950344,-0.047844715273722,0.027144897333051,0.5868084932851949,0.451613399413648,0.000716959800433,1.0,0.0652554213381289,2020-10-22,46.0,2,,,False,False,False,,,,,
NWSA,Falling Wedge,bullish,1,0.7259952411005579,3,30,1634,1635,2023-03-16,2023,0,15.739270009891335,15.287452916915584,21.173085631186492,14.646339732306586,1.0209138249622038,0.0295547659529218,True,0.0006186573544493,0.0007456603850959,-0.0283561527519107,0.0038728709899424,0.0104921587409168,0.0157070093433564,-0.0094889779651027,0.064516456482472,-0.1365262304001802,0.0698689309750137,0.0302196615390661,0.0130820084898863,0.0634414510409586,-0.0062305455193252,0.0058921610932534,0.0015036564567803,0.0448549004143865,0.0387672082297394,0.0200593454951629,-0.091479419154948,0.0059880278198425,-0.0037266405255149,-0.0050042366852404,0.0494744350719247,0.0228227469311239,0.0295342497453987,0.003969759239615,0.008772099416886,-0.152125263471257,-0.0346420361510358,0.0536512694194426,0.0280145704642758,0.0126034861342481,0.0111662317954874,0.0360475918853839,-0.0273871123887187,0.026938790777808,0.1456395237842196,-0.1009509165350028,0.0204389654323293,0.0427961413386857,0.0107278723087547,0.0047142344885631,0.019659693008962,0.0162542102291052,0.0416832670257671,0.0760669438968388,0.0271375613771682,0.0800304361445674,-0.0077913208307429,-0.0339196026087906,0.0648148294096409,0.0485519846048148,-0.0583964591047274,0.0061208072471052,-0.0014286978326425,-0.111111195782205,-0.0136778700035706,-0.0249822544103882,-0.0340651131553617,-0.0117370741249881,-0.0438782185723916,-0.0510282096574444,0.0128253834849068,0.1322201033330501,-0.1130943096242976,0.1421117828047593,-0.052617776667525,0.0796195826641504,0.1230675754399959,0.0763506075762823,0.0541294655788124,0.1438036986962261,0.2519279588364809,-0.0415184070203578,0.1454545528004822,-0.0178833047910935,-0.0335775892775085,0.0037950583906998,-0.1440616430954198,0.1141938032379838,-0.0265485734037101,0.0577520534479465,0.3548388282502208,0.0562964748583831,0.0981582271371253,0.1002889066364991,0.0688375936109055,0.055301852906451,0.0467529815364622,-0.0634496077154209,0.0618429589089375,0.1750155462108069,0.0718162677180866,-0.0743496832134668,-0.0815044977851229,0.0874356600309937,0.0126436216300418,-0.0011048391898497,0.1282820533527324,-0.0867597775316058,-0.0502983429272519,0.227752783475571,0.1461736499189949,0.0987755082923125,-0.112123449756188,-0.0044149482601643,0.0621344813934019,0.1384492765271059,0.112149486028932,-0.0516416665893449,0.1886306553270633,0.0841272964260251,0.002585809744112,0.1336683923660923,time,1694,60,18.49388694763184,0.1750155462108069,0.2034631459279775,0.022263279545787,2.5203958516254974,2.9300692427509776,0.3206131033822158,4.9717861539194175,1604,0.5984376420060957,5,0.028152268054689,0.1686406905084563,-0.0143898166530422,0.0,-2.768442955488647,-2.1700053134825388,0.50391609221471,0.0954835772576296,15.287452916915584,14.646339732306586,21.173085631186492,0.3874644618512523,-0.0577152740885681,-0.12512465189429,0.0245115771317673,-0.030559149268676,0.9137912607391002,-0.0075376775181484,1.0,-0.0431663323161605,2023-03-16,6.0,2,,,False,False,False,,,,,
NWSA,Falling Wedge,bullish,1,0.6270928415456825,3,33,1776,1777,2023-10-09,2023,1,19.79493989797004,19.46555925548033,21.5749262914983,18.720050297588635,1.0784540180994286,0.0169212010899186,True,0.0815217012187066,0.0743612683366783,-0.0231406945088122,-0.0031008887193252,-0.0623854941096045,0.0601159868756646,-0.0118362876606947,-0.0136015132631005,0.0021931882289445,0.0682575067064279,0.0440568974361901,-0.0259217445694703,-0.0808437137815919,0.0540823210098917,0.0601159868756646,0.0038860364908315,0.0655978323330224,0.0054096858948216,-0.0020480416880631,-0.0314495580969661,-0.0003537734309249,0.0365854136471615,0.0742407439352032,0.042490166856216,0.0713164380147796,-0.0095888021832492,0.0172852276224644,-0.0234650579246156,-0.0014347033768984,-0.0384613674529635,0.019364836043568,0.0488771945877415,0.0489547639847658,-0.0218784946828375,-0.0206922404534848,0.0752883905401227,0.019815945556519,-0.0147783852412043,-0.0843286374783047,0.0308675663581707,-0.1442638170354446,-0.0467153130297905,-0.0229565018388676,-0.0334964453799835,-0.037260028045156,0.0544334603276885,0.0701580314035834,0.0638059518032074,-0.0079806850488621,-0.1543881298281545,0.0237456261704243,-0.0661521357058488,-0.0570524895517471,-0.07231769171555,0.0721327089278465,-0.0182706153487435,-0.0652765617375767,0.0223820644401762,0.0105762852795661,-0.016383216158279,-0.0051821048428118,0.0875393383441436,-0.1011702800672826,0.0322860932644197,-0.0139461894142782,-0.0625791567261349,-0.0726256743509341,0.0400628951764356,0.091388027348243,0.0755928593363617,0.0209432204949815,-0.0374626058430639,-0.072997464322858,0.1304347679611881,-0.0522901383848209,0.0640032420725784,0.1772316273955307,-0.078515243874458,-0.1226157964272546,0.0643678329251233,0.0808702360786692,0.081506039115673,0.4025975730565918,-0.1352341068785415,-0.0381567976160679,0.0647949727542469,0.0971887987769188,0.0655060334765496,0.0258274325723917,-0.0441084894009545,0.059493565039222,0.0389707854125285,0.1976284691177727,0.1139342528446683,0.0435445081353942,0.1419324493038669,-0.1122600007858969,0.060842555045756,0.0737732566099709,-0.161433433455858,-0.0372956157420747,-0.4318105751374829,0.0686591186530451,0.0917037632525166,-0.0341771532478288,-0.0045395107724195,-0.1009174692724667,-0.086258733049783,-0.1618530319216647,-0.0660809369780235,0.0748455981643905,0.1701121265843328,0.0468553775734625,0.0728026748475836,0.2152062207274317,target,1782,6,21.5749262914983,0.0899212830502607,0.0998022534453859,0.0069169659699411,1.6559713601254191,1.8379372243739196,0.1273813846582059,1.6559713601254191,1742,0.5446445554365639,5,0.0326905075500743,0.0446474312993121,0.3334238089637222,0.0,-1.1169166100470445,-0.572272054610487,0.7247834941468737,0.0885213913847268,19.46555925548033,18.720050297588635,21.5749262914983,0.4317219551643317,0.0767577230282852,-0.0066240303951047,0.0218204934280342,0.1681959383792617,0.8095240257764539,-0.0014880327192243,1.0,-0.0326350431166012,2023-10-09,6.0,2,,,False,False,False,,,,,
NWSA,Falling Wedge,bullish,1,0.6669810401604627,3,42,1919,1920,2024-05-03,2024,0,24.081547806456555,23.776831783916805,27.086125144929213,22.890659798453413,1.168652997641186,0.0128156696951469,True,0.0203832774220309,0.0065826583176884,0.0129820752088272,0.0033841066153055,0.0351740971111969,0.0437600995505167,-0.0237287953062191,-0.0043886144875763,-0.0578476500082082,0.0052849092599707,-0.0343815540692367,0.0139569465371502,0.0132365107338912,-0.0165148093159938,0.0479875984195974,-0.0131061168822326,0.0802367208313377,-0.0352734038441304,0.0278086649962601,-0.0028652866852305,0.0232680297963372,-0.001085836862719,0.0144888928420887,0.071748961612468,0.0411895010567742,0.0065068671232118,-0.0784820612793486,-0.0980519484492501,-0.0094933888910676,-0.019649932357065,-0.1622419662102519,0.0135567337209367,-0.0904336992752855,0.0063222045806468,-0.026875744054725,0.0651464198691671,0.0774193430347878,0.0858368370604969,-0.0233484469376322,0.0214231942586022,0.0091862574165919,0.0428829240813832,0.0373877850695991,0.0203319568091715,-0.004402272667309,0.078097908467335,0.1125153638074001,0.0851675209056841,0.1123399450076942,-0.0864198341617135,0.3447915991061303,0.0259639990330657,0.1812738498211012,0.0881850623692159,0.0031646150147823,0.012932604589992,0.0216393759897466,-0.1379814240776905,0.393188847529428,0.0056586842342474,0.0055521117720345,0.1060328496355071,0.0127620109557549,0.1049797398794916,0.0439739700979471,0.0225026318694208,-0.0015885986911257,0.0186527974049783,0.0486351219383996,0.126375859765863,0.0542958428972408,-0.0865624715697933,0.0804404167292749,0.1213969094145619,-0.0114733473935032,-0.0053980645401869,-0.004895998015668,0.0487219645303977,-0.0497686873339847,0.1207223737260159,0.0239276768130043,-0.1420163145456192,-0.0964871811080845,0.0679645043961323,0.0859240987178031,-0.0067617895483451,0.1871852890165277,0.0981732995275188,-0.1172774521761091,-0.0363637583794717,-0.0142026389051161,0.1132134182980953,0.1243375515366773,0.0487426050250263,0.06770846976431,0.0941089907834085,-0.0236934408051401,0.0657059144484866,0.0392335598267641,0.0790426234097643,-0.3050696336538562,0.043062099977488,-0.1531066341372651,-0.0266352339420593,0.0569450149253036,0.456110931319488,-0.0326499361486839,-0.0419469896547392,0.0541635740786399,0.0431004052203918,0.0580912839642457,-0.1615439094268221,0.1807228179696942,-0.0862069004243701,0.1039804011619249,stop,1923,4,22.890659798453413,-0.049452303380759,0.015898929529958,0.0766408388494321,-1.0,0.3215002829604101,1.549793105880921,2.5229722008122946,1877,0.4485336953791135,6,0.1501270945647115,0.0892631693044074,-0.2007932995964294,0.0,-1.3480703607499895,-0.8995366653708626,0.804822732079385,0.0785438553403996,23.776831783916805,22.890659798453413,27.086125144929213,0.3730530789525748,0.0746962328921985,-0.0358234278574158,0.0155292264367445,0.1820383401813585,0.8333298012122295,0.0070833288561953,1.0,-0.0137721753393216,2024-05-03,58.0,2,,,False,False,False,,,,,
NWSA,Falling Wedge,bullish,1,0.7418114288495149,5,40,2097,2098,2025-01-21,2025,0,27.44489136566612,27.095873890298293,30.216483541920525,26.19324718238134,0.9485814632266484,0.0128808348009323,True,0.0107719440290641,0.0130823657890623,0.033040365093655,0.0369516628885771,-0.0274801917880087,-0.0640854368912499,-0.0026646485532406,0.0242947917990792,-0.0003375088631406,-0.004608247101856,0.0476847030729916,-0.0300545936284937,-0.0267095225707122,0.0422691455862451,0.047564407340694,0.0280989147302368,-0.0561983781224214,-0.0757076357302358,0.0017153360835426,0.0831918605111747,0.0240860413974257,0.0321809450121828,0.0051103435157418,0.0240573452786061,0.0308897599290755,0.2271079421012465,-0.1209819455329642,-0.045195500720835,0.0246198074587054,0.0993851277879056,0.0438868553011408,-0.0135978803610183,0.0715191007769326,-0.0218784946828375,-0.0504878077078374,-0.0252314997818399,0.0471500906754831,-0.0333967481245149,0.0225498683796512,0.0083018620409747,0.0148922599493814,0.002209010631446,0.073743955209905,0.0091862574165919,-0.0746657907665492,0.0111015217760577,0.0947935379028199,0.0832243635308793,-0.0290127853700591,0.0268915736722725,0.090895671697273,-0.2076156202947677,-0.1550610246313752,0.0141562189178361,0.0029584240045796,-0.1172567741450751,-0.1543881298281545,0.0705127346342084,0.0061438148456562,-0.0781147768004623,0.0192555481926579,0.0159634345812966,0.002489531469425,0.0042273467262603,0.0265430913017414,0.0689428944985603,-0.0748781524199827,-0.0102946419844333,0.118675618949447,-0.0211421661800024,0.0428762049640847,0.020225626878559,-0.0130749301066199,-0.0252101399960281,0.0397017972855817,0.0488887879030432,0.0124871458887469,0.1002889066364991,0.1665603948159275,0.40399710286947,-0.0741590610754009,-0.023001605087863,-0.2963220422102968,0.0589430018469034,0.1361449238957413,0.1940751401130114,0.0976025909970361,0.0386718629751983,0.0453074130412847,0.1159438381791539,0.0200216170027323,-0.0744967847726364,-0.0748423912909737,0.0550075736511885,-0.1657589193307733,0.456110931319488,-0.0261926256474669,-0.053459654752144,-0.03545452897841,0.1815880030795271,0.0576881150158734,-0.2125174126592227,-0.0018509687013159,0.13180749369244,-0.0298275184998813,0.0460547538879796,0.0189697363848626,0.0827337485984889,0.1675677226653407,-0.0007163123443517,0.1989953074830683,-0.1134812706175372,0.0209205379857972,-0.1775081833565589,-0.1021258390522339,target,2117,20,30.216483541920525,0.1009875440688279,0.1019748939043101,0.006104178432745,2.2143610886128355,2.236010778945435,0.1338467562911311,2.2143610886128355,2057,0.5466685156572779,5,0.0027005152024951,0.0904960801487251,-0.1457320181224335,0.0,-1.135125284887549,-0.5884567692302696,0.6006043423736515,0.0847568721416349,27.095873890298293,26.19324718238134,30.216483541920525,0.4997658726700673,0.0334618938461743,-0.0228537842534739,0.0182032595816371,0.0217762326012358,0.7818198211944902,0.0029165353779807,1.0,0.0320658545693886,2025-01-21,52.0,2,,,False,False,False,,,,,
NWSA,Falling Wedge,bullish,1,0.6077868124033535,5,57,2313,2314,2025-11-28,2025,4,25.40797497918248,24.88818772863857,34.11757925258803,24.237110926133937,0.9810790353111916,0.0208848975349777,True,0.0171875202672484,0.0070521596636103,-0.0745613422254463,-0.0323780560769927,0.015531816072374,-0.034568968398441,-0.0404728859303745,0.0699523626390536,-0.0455764575063566,-0.0527217077245717,-0.0037650447103387,-0.0083656367875256,0.0118872303768038,0.0464108489645433,0.0098241659461379,-0.0177619859394853,0.0343567366555535,0.0343567366555535,-0.0081999633251808,-0.0026923389310196,-0.0026686531379429,0.0007436257238897,0.0222209961502367,0.0242186982789351,0.0198728770114855,0.0448864482087723,-0.0016026302279489,0.0732352146878208,-0.0194630171798613,-0.0737854679223772,-0.0125261785715774,0.0031971558347334,-0.0729711599070375,-0.0431547211156038,-0.0301181056111194,-0.0467153130297905,-0.1721026766900937,-0.0050682360020801,0.0301911785016866,0.0398512644387278,0.0511872308054173,-0.0491203158276205,0.0581149244538727,-0.0327580125167704,-0.0526054752566982,0.0397850929253126,0.0253905988153309,0.0090789438675467,0.0721312798450037,-0.0295982606117104,0.106138059710819,-0.0158302686378045,0.0565070499720092,0.0316719597832109,0.0894556927876302,0.0219341853885584,-0.0091092295798801,0.0960832903882862,0.1038013034019509,-0.0686506886734188,-0.0240875891929512,0.0613401956963337,-0.0250156871043077,0.0106070678297387,-0.0124843250244136,-0.1380108486165212,0.0061438148456562,0.0089820826732234,0.0082901445712602,0.0386718629751983,0.0111754091322544,0.0015255313677857,0.0770208972775119,0.0464530889831835,-0.0603794976829517,0.1003831486610249,0.0541172254131083,-0.1646889469960353,-0.0324732751511499,0.1213969094145619,0.0402217656001258,0.0513003669041962,0.0495998752160731,0.0856202087283692,0.1054527387794219,-0.0088201850535722,-0.0007618898055622,-0.0160585403408088,0.001232913111921,0.1859029089050992,-0.0227936571276216,0.0079592836649642,-0.0500000425333865,-0.068454080883198,0.1047959712775494,0.2420575393392599,0.1419324493038669,0.0049575759319104,-0.0032627102862156,-0.0074241229644425,-0.0139623110720883,0.0647380563618778,0.0125240223008764,0.113804646473844,0.0431004052203918,-0.0997402406414934,-0.2072634562356644,0.1528664952307945,0.0516590411063468,-0.0299786058260393,0.2299653012627451,0.0762174251839593,0.115531712992795,-0.0745266020797108,-0.0958996721774146,stop,2358,45,24.237110926133937,-0.0460825411709459,0.0628905619706881,0.0460937704593562,-1.0,1.3647372816831418,1.0002436777166592,7.438612749899228,2252,0.8845383987036466,7,0.1523648920216891,0.0458980865326377,-0.1996023117938279,0.0526315789473684,-1.3880408138128209,-0.5035024151091692,0.1106992548777206,0.2282097057166472,24.88818772863857,24.237110926133937,34.11757925258803,0.5352405319761055,-0.0803475622046006,-0.0495365688049389,0.0210002217383571,-0.087550021731137,0.3103464151588511,0.002345581844199,1.0,0.0052366234496772,2025-11-28,52.0,2,,,False,False,False,,,,,
NTRS,Falling Wedge,bullish,1,0.6238497373611899,3,46,699,700,2019-06-28,2019,2,73.3059668612284,68.90966738424052,82.65819310302987,67.03508648758334,1.56017096587126,0.0637980075055957,True,0.008692983430419,0.0082212455388994,-0.0645161960894942,0.0630803186685005,0.0164078582185869,-0.068493158783891,0.0086094802182206,0.0253919509616356,-0.0038873430580896,-0.0301234099839209,-0.0143102584161138,-0.0194039713884658,0.0523385112218908,-0.0092530581605178,0.0282408609256279,-0.0051697252065276,0.0088269031602619,-0.0709658665459405,-0.0407122855239067,-0.0151746198983071,-0.0070155798244215,-0.008764919951026,0.0164377089032139,-0.0126538443998168,-0.0263723366850651,-0.0862765652437494,0.128095062054997,-0.0212153869840842,0.0069343530662697,0.1085687063791767,-0.0004819938425908,0.0852997308321872,0.0158393393447782,0.0523197031170277,-0.0096755184688331,-0.0134114548289598,0.0150369212504939,0.0415372934510773,-0.030672477836485,0.0082638290174068,-0.0669601074513581,0.0030962072939995,-0.094481211804236,0.05612863578509,0.0845067808395667,-0.0267764366984055,0.0895689107684989,0.0734573806928569,0.1822008021874654,-0.0047423619911083,-0.0056096327615222,-0.0515311958572578,0.1104421831581705,-0.1793327976842968,0.1012124432946586,0.0409243630726763,-0.1098714616875303,-0.0179842371215903,0.0355771416267431,0.0382243005271862,-0.0384163812415083,0.0187565880723743,0.0046716411974236,-0.1075585630393124,0.0585030809309314,-0.046927699433632,-0.1358952500955493,0.0014771708069201,0.0948629040704368,-0.0667913888785175,-0.0375342035474742,0.0900405391971626,-0.2189342233330405,-0.0012100837808562,-0.023589940565888,0.0424210625396781,0.110811032337929,0.0756896462217322,0.1744904221590455,0.0190517968152397,0.0119858162004804,0.2098345426986998,0.14481007239621,-0.0821395862428986,-0.0577896397903462,-0.1420985972346423,-0.1673680076382135,-0.0511591765731305,-0.2325128841829949,0.2011724909867156,-0.0061196457712978,-0.0716606707004967,0.0430400531386052,0.0411649617835259,-0.2527191128729948,-0.1603992589758089,0.0742642520913392,0.1354586139197373,0.1065529762196084,-0.1039022369274833,-0.0633895103054688,0.2566105485408059,0.0160977712630336,0.0648981755535897,-0.0379960040432503,0.0749103208137842,-0.2508453124025946,0.1506750761719508,0.0204397375182059,-0.1350807324403632,-0.0706639376693398,0.1102787637124513,0.183630205699375,0.0892652075724009,0.0326357759666563,time,759,60,76.4610595703125,0.0430400531386052,0.1068792548395431,0.0762541942467354,0.5031339335293602,1.2494078417359722,0.8914039342823004,1.4913737281780317,651,0.7936807773070088,5,0.0983849667438812,0.0130708308497022,0.0672039546897513,0.0217391304347826,-1.3537448024322891,-0.5600640251252814,0.2325621301860159,0.1349895273243386,68.90966738424052,67.03508648758334,82.65819310302987,1.638725065671629,-0.0181109137308448,-0.0128206558573682,0.022573166650014,0.1022677447788282,0.8562082377580552,0.0110430220394268,1.0,0.0695865303234477,2019-06-28,12.0,9,0.1228947596507001,0.0010071417964467,False,False,False,0.125,3.0,0.375,0.0254232417840343,0.69884699647423
NTRS,Falling Wedge,bullish,1,0.7553913848862228,3,30,743,744,2019-08-30,2019,2,70.20047785271862,67.7268390986901,83.60230564135327,67.48589008890639,0.5842464628452099,0.0365237590731788,True,0.0703205817775913,0.044061775602616,-0.0286591111446203,0.0057798903772388,0.0070305130836572,-0.0427618102669646,-0.0171935401465065,0.0186068224266595,0.0424353814434954,0.0097957257167393,0.0539993645221443,-0.0163781352800596,0.0026440733324346,0.0103108429297251,-0.0101491314265191,0.0048005526845904,0.039937933468277,-0.0257526682945887,0.0529841445069272,0.1211583825587838,-0.0171563226916992,0.0347674734007614,0.0580105627175675,0.1343178332450665,0.1013134757240823,-0.0240890286970445,-0.0049438016370049,0.0015073737688922,0.0264901429278225,-0.0489523865893115,0.0600278440818644,-0.0027928021821063,0.0014730676452807,-0.0126346952692885,-0.0873005457447499,-0.0212410834271633,0.0666078026608223,-0.0013453170900693,-0.0630586508885561,0.0382728369646427,-0.0249185627390241,0.0171639313222582,0.030973210374716,0.0214054935552616,-0.0644329833953486,0.1389072409629718,0.080038212381801,0.0539847157106316,0.0950484550881158,0.0659171050999489,-0.0580921936468806,0.0056727857712048,-0.0089848052020364,0.06072453498002,-0.1520964017109896,0.0423930470893989,-0.0398352843874462,-0.0014663853330587,-0.0965951379667026,-0.0315242583010778,0.0221786349944481,-0.0208467453605087,0.09274522339368,-0.0992954055270164,0.082857086846656,0.0405309027375062,-0.0148037859609841,0.0738505904448174,0.0771193142293463,0.186630235727,0.1379995566744167,0.0995658191582176,0.1871991310480663,-0.0871886638310541,0.0444139497060456,0.0660414563304274,0.0463396939582234,0.0544437015371987,-0.0735296680724786,0.0685815612018729,-0.0511978824815639,0.0244017102785207,0.2065103792772127,0.0726968321215737,0.0501739052430698,0.0685868789777106,0.0102671528818962,0.1703665627918802,0.0503669722676627,-0.0667634518247742,0.033174345636399,0.1379077164166946,0.2436877197926765,0.1602408528332153,-0.0147022177007059,-0.0211757370658287,0.2090561115090634,0.0433195425450785,-0.0146162082328991,-0.0412146507180199,0.0409816206690474,-0.1266617085113184,0.0029781929911461,0.3650787646079807,0.0476645743221644,0.0111973814706718,0.0648374894337642,0.0261072966429758,-0.0122602941695634,-0.0328373328114126,0.0547610337864983,0.1040232219423744,0.0357711059499719,0.2487080929215834,0.1941369058135479,target,783,40,83.60230564135327,0.1909079282444747,0.1920697916223963,0.0122946077195482,4.93696610855336,4.96701242549952,0.3179441639094156,4.93696610855336,711,0.9471599793326584,7,0.0290385126924333,0.0305968417422686,-0.2190139174242922,0.0333333333333333,-1.2852418958153815,-0.3380819164827252,0.0205949235183652,0.1646781694562102,67.7268390986901,67.48589008890639,83.60230564135327,1.6725905828398544,-0.025533584503584,-0.0271918373357448,0.0235820495796829,-0.0390905848134978,0.2201822661477775,0.0087083667649263,1.0,-0.0005808884578653,2019-08-30,12.0,9,-0.0761051863962617,-0.044657080992899,False,False,False,0.5,1.0,0.125,-0.0094593644365273,-0.1700623218053348
NTRS,Falling Wedge,bullish,1,0.7191232393245636,3,31,927,928,2020-05-26,2020,0,68.0904049013646,60.96640240255704,71.87550789294721,55.1820996280054,1.800844775937481,0.1168512855944532,True,-0.0192844210788629,-0.0390116325301685,-0.0107669075383569,-0.0110945798406574,0.0686754497708737,-0.0125192540431987,0.0680278035442227,0.0036616065846841,-0.0403772618401864,-0.0039930773859788,-0.1292392954673366,-0.0133272249560034,-0.0392484176744131,-0.0124712273459518,0.0099262329510478,-0.0590845828938665,-0.0406466170989242,0.0015663303494692,0.0751266157557164,-0.033785609029732,-0.0025537893720095,0.0043244528269255,-0.0103944534436791,0.1157065423143439,0.0539096275298482,-0.0218005382470805,0.004751118668788,0.0888370813199865,0.0038818806224227,0.0276260767292448,-0.0726077888824912,-0.0531785022291837,-0.0010054338381819,-0.0967412728775213,0.0128822398275205,0.0123692441162626,0.0243198769128385,0.0191515689757355,0.0417111336758369,-0.0022137667368475,0.0225960712510875,0.0963051734953603,0.0911649510125327,0.0273213450951219,0.1489878772229684,0.0969886255086239,-0.0084527397222264,-0.045865782734578,0.1627049824699349,-0.1305951928176015,0.0417302775537171,0.0191561094049634,-0.0470889935106527,0.0438054026289849,0.1482155753171186,-0.0721502238649479,-0.0306985110408923,-0.1165938246316444,-0.0222996105707319,-0.038427794191748,0.0671116381897527,-0.0252880611237,0.0669872042799362,0.101485929057087,-0.1098714616875303,0.1422841363968323,-0.023809186645455,0.0222272645188497,-0.0183970227088401,-0.0754528011320981,-0.1621016947458281,0.1270141945322509,-0.0063090064802069,0.1912258926107166,-0.1749317543243655,0.0877830922051565,0.0875078231589929,-0.0293580085584893,-0.0649808410561448,-0.0340942664421684,-0.0391086643651167,0.081745765849865,0.1984851583835618,0.0877544062394468,0.0171356433501279,0.085411817245284,0.2238547143443754,0.0855391184046918,-0.0060167452601951,-0.0588369596074576,0.1509479748236162,-0.1259912688847952,0.0147769421560863,-0.1063471713875627,-0.0682805813886262,-0.0281060108948444,0.2957863416032438,0.120632782889908,-0.1366273809712919,0.0289369689296035,-0.026754167764135,0.100964293388748,0.1988974491900805,0.0726174763479097,0.0152010236792536,-0.0101809673194221,0.0120767686831282,0.072321072318505,0.0921174503126729,0.1016005107519326,-0.0622359572865549,-0.155775787186737,0.2461892370196092,0.238150272298333,-0.0405995975739794,target,934,7,71.87550789294721,0.0555893741132205,0.0684051510092438,0.0505758178749278,0.2932300492919473,0.3608323734929998,0.2667838917963033,0.2932300492919473,896,0.3925699588799227,7,0.1174299596685546,0.0079914313426898,-0.3493109050627718,0.0,-0.8414126028139899,-0.4488426439340687,1.1364591417345289,0.1551100312524753,60.96640240255704,55.1820996280054,71.87550789294721,2.5671745451533714,-0.1312588214438029,0.0523178994690789,0.039279335816625,-0.2468614008616938,0.6359446113495046,0.04602047945451,1.0,0.0419090896968594,2020-05-26,8.0,9,-0.231091212457837,-0.13864561444008,True,False,False,1.0,0.0,0.0,-0.0455869098993081,-0.7765689073480977
NTRS,Falling Wedge,bullish,1,0.7726358432669318,8,99,1443,1444,2022-06-10,2022,3,87.0683128082422,97.38339693840784,115.93492115805948,84.76446317249187,1.150166373937467,-0.105922410333351,True,-0.074780459341824,-0.0421106170604878,0.0006331461449882,-0.0198793486317367,-0.0071481148128972,-0.0497349072248591,0.006987512188286,0.0057798903772388,0.0403326735971845,0.0434273889139351,-0.1273732157954431,-0.0395650321168623,-0.0291981275197319,-0.029261192771945,0.056636092913801,0.0949314632253814,0.0454464738976143,-0.0935552879909178,0.0547443843406116,0.0040372542023852,0.0090515043133592,-0.0002000802923225,-0.0730850831897275,-0.0105962659931376,-0.0380243994709342,-0.1263933164156816,0.0096810955596251,0.0724047528169271,0.0251714648518073,0.0264781567087244,-0.0630586508885561,-0.0427299113853623,0.0736973835838223,0.021430313906446,0.0522487965785665,-0.0591610555386311,0.0458026751372218,0.0205518319667052,-0.0836351040656179,0.102020823844382,-0.0150819955932628,0.0457802309956278,-0.0042944595001669,0.0040384113429081,0.0007449131944317,-0.0158810838481335,-0.0285595577792709,-0.0354703800422295,-0.0003693336912348,-0.0049763071233792,0.1727742128463345,-0.0919211556794988,0.032159132714467,-0.0867284159201916,0.0505280167611494,0.0387571848255223,0.0477536727396421,-0.0424324967319897,0.062930953426243,-0.0117088886834482,0.0956688381703476,0.1422841363968323,0.0219166658392726,-0.0576784707862247,-0.0102172372776365,0.1067712198899948,0.0240859523812726,0.0482584270152686,-0.0554523631349081,-0.0011100293139263,-0.0887153865334851,0.0670784028967639,-0.0479895842778753,-0.1090231531639415,0.2953775783643162,0.0191210694697572,0.0892779823860332,0.1203946433363107,0.0899648876729874,-0.0714768162476693,-0.0648914183274655,0.0389805295394001,0.0618392431439596,0.157331378892636,-0.0067116109999436,0.0090106713594015,-0.0094219588936877,0.0575722563672302,0.0242551864043436,0.1053662469366354,0.0016886422757138,-0.0424972381706716,-0.0260367352866267,-0.0777631003792872,-0.2180850061508503,0.1542054474662959,0.0930148230704595,0.0948326859577897,-0.0705526372505908,0.1477863220830599,0.0204054145083727,0.0163856001451823,0.0781241472402873,0.2487080929215834,0.0640831245344537,-0.02682059122102,-0.0024138849090377,-0.0604333070638163,0.0166420770386757,-0.1527387562890847,0.0130843808203213,0.01904337329708,0.2112190126776334,-0.001476109377423,-0.0582874457615953,stop,1445,2,84.76446317249187,-0.026460253580706,0.009385410632215,0.0658997264122059,-1.0,0.354698438682333,2.4905175685941967,12.52972759240683,1341,0.3864759102803113,7,0.1055006992499788,0.1377077148593883,-0.2908179039267451,0.0,-0.8277134610474921,-0.4412375507671789,1.4568024144280438,0.1841506333918371,97.38339693840784,84.76446317249187,115.93492115805948,2.696607436519648,-0.1118403482474271,-0.0603848288205142,0.0302566591811377,-0.1360503661853666,0.0427816650007118,-0.0144804698708649,0.0,-0.0064743329671788,2022-06-10,17.0,8,-0.1797608943580706,-0.1586132920765952,True,False,True,0.8571428571428571,0.0,0.0,0.0264848574293941,0.907447614855653
NTRS,Falling Wedge,bullish,1,0.6539782348964213,5,27,1868,1869,2024-02-21,2024,4,74.16942577981652,72.77794704778489,81.05946997813828,70.82043745038231,0.7244601111227592,0.0191195106275532,True,0.0179999377282773,0.0135356683741381,0.0205843593036056,0.032789434736518,-0.0191153194012753,0.0127361463572608,-0.0204690646524254,0.0003405453139389,0.023553157314585,0.0110916865594048,-0.0415976000213157,-0.0027769006095944,0.0030560708421105,-0.0591468248767439,0.0179204165412663,-0.0702787699582547,-0.0089263596262765,0.0099069796102866,0.0148041471493525,0.0313224326859433,-0.0026636590659908,0.0359004819161337,0.0185483697223508,0.0159999449238101,0.0046113638194695,-0.0437271083426198,0.0070582848423745,-0.0716482228477853,-0.1706507126039346,-0.0075312181162431,0.0822755523297806,0.0061920301865947,-0.1778252620345525,-0.0370493894302013,0.0635689350839552,0.045210760856974,-0.0322253098660607,0.0222737178367915,0.0964614836406478,-0.0721347645797848,-0.020014768223031,0.1157065423143439,-0.1263660838140871,-0.0684206682290499,0.0316969535449433,0.0338574072963574,0.0610405687645347,0.0251543242177181,0.1436626674079877,0.0255494996622531,0.0032237530612209,-0.1465655129831463,-0.0613586279867477,0.0026147350720675,0.0131904877666666,-0.1115477409366142,0.0358397278751811,0.0384570630993765,-0.0432638309095206,-0.0122200082254481,-0.0185967506022818,0.0474820525175438,0.116179727830191,-0.0279296063637666,-0.0161071056457844,0.0338318342027654,-0.0636424307738564,-0.0063751728415231,0.0634193307032065,0.0271025126015018,0.0329317392517718,-0.1081350796249069,0.017983950149877,-0.11075367568861,-0.0047353699902191,0.0472961535272735,0.0234235291682336,0.0751646882969097,-0.0629785360215714,0.1305707569486855,-0.1673680076382135,0.022209260423452,0.1930442543799668,0.0460178583688151,-0.2330140848558195,0.120309226836307,-0.1122482751482388,-0.0375254432967853,0.0402504656415094,0.067443776907248,0.0406000094166427,0.027724739711474,0.0803434875388739,0.0281171921305711,0.1680800923010026,0.0594272497807464,0.0918837933577552,0.066317772012427,-0.247926002364098,-0.0818708523535149,0.1564494170459187,0.1218427267333359,0.1461770699091231,0.1875386605375808,0.0786138386090713,0.0948326859577897,0.0406411141861458,0.2360187130173892,-0.0578521085483391,0.0549840195230229,0.0984506313426938,-0.2425054146397647,0.1994398153374923,0.1218852614270014,0.015722063380235,target,1889,21,81.05946997813828,0.0928960164633865,0.0930862339187211,0.0068750381469725,2.057350913338595,2.0615636241777064,0.1522601996231617,2.057350913338595,1837,0.6110734460378351,5,0.0490609306323928,0.0984786657119205,-0.0131135659834396,0.037037037037037,-1.4887186797107796,-0.8776452336729346,0.5758547016021532,0.0692216253587133,72.77794704778489,70.82043745038231,81.05946997813828,1.870128005032992,0.0707115930108788,-0.0253489089627441,0.0252489880557984,0.0689056777529764,0.6241621735100847,-0.0006280200504198,1.0,0.0254713184337234,2024-02-21,20.0,9,0.1907258974641517,0.1431962428710078,False,False,False,0.0,0.0,0.0,-0.0442609694381933,-0.519793178802861
NTRS,Falling Wedge,bullish,1,0.6843719526402772,3,28,2391,2392,2026-03-24,2026,1,139.93699674960374,134.88423168826785,153.48114004969625,130.76193169457713,0.7548852569361183,0.0374600129169537,True,-0.0118936950490811,0.0007529185835813,0.0463815301640933,0.0050023940689987,-0.035387312190215,0.0031307647988179,0.0308274488276132,-0.0344115235086806,0.0205109901899303,-0.0211496893442529,-0.0039681067829848,-0.0455697210075156,0.0480033399554775,0.011193522144492,0.0215487436794312,0.019371432869526,0.0363462117191466,0.0195570062610157,0.0665068492689164,-0.1028402943729437,-0.0143685354831871,0.0001015152522931,-0.0154330233745797,0.0742655751002554,0.0479396700297425,0.0456978460787349,-0.0525138958650401,0.043308687320291,-0.0421929108845171,0.0111837012483182,0.0274733628669401,-0.1714564669327382,-0.0181549041474941,0.0896152083737649,0.1123711906481201,-0.0393159689121487,-0.003992227528526,-0.0569800213095708,0.1576758143093557,-0.032196043602486,0.0996976273871905,-0.0141331956473828,0.0318377153045319,-0.0142716055887773,0.0831453505591868,0.0614256119163677,0.1881769409217895,0.1084099938504492,0.0234635245390728,0.0799725433660811,-0.0293623748313328,0.2172520141314,-0.005741733190903,-0.032226276843271,0.0984952728157788,0.0405309027375062,0.0414985438353603,-0.1053676724650761,-0.1331211759656324,0.0476472125736249,0.1375043286558066,-0.0122521983221054,0.0734722795828919,-0.1065635648289891,0.0120519219936774,-0.006468526747442,-0.042173243836593,-0.0121052094408146,0.1738516125338374,0.1749381253069939,0.0495641794810122,0.0706368414655982,0.1046371336475731,-0.0234870567607924,0.2231985651981727,-0.1015218621271614,-0.0605851699894741,-0.0011396616896565,0.020351952872522,0.0659426371318028,0.0143950740911757,-0.0346234890211787,0.0864015562822153,0.1742265008627634,0.017771914620065,-0.0745157942804212,0.0570046976481679,-0.0657892989307773,0.0507180222788876,0.0658202980180895,0.0528266298458977,0.1428246507488204,0.2241367271761114,0.0875071215874061,-0.0844392642714441,0.1477863220830599,0.0077001306839772,-0.1962597409132525,0.1549964738177001,-0.0566976977299623,-0.1114890620562326,-0.0733651082422294,-0.0065134767778406,-0.2023090032568864,0.0469466412126804,-0.0206921072817247,0.0762432769235941,0.0849832132630075,0.0742642520913392,-0.0733651082422294,0.3326843324171591,0.2137221082225258,0.1218852614270014,-0.0304259984838497,0.2038539549317918,target,2405,14,153.48114004969625,0.0967874373088606,0.103716768324426,0.0487080626264087,1.4761904377639572,1.5818757670762398,0.7428895556110569,1.4761904377639572,2362,0.691237034613682,6,0.0979586544617339,0.0693567626949784,-0.0428596758517429,0.0,-1.0706852927255233,-0.379448258111843,0.3433473353903601,0.1099174639264431,134.88423168826785,130.76193169457713,153.48114004969625,4.162201362249759,0.0683442099526165,-0.0248441227169018,0.0299298620468905,0.0776277698549305,0.8540875336605198,-0.0120314890285769,0.0,-0.0471173434841297,2026-03-24,62.0,10,0.0027651924968552,-0.0005977058361813,False,True,True,0.3333333333333333,7.0,0.7777777777777778,0.038317187856917,0.5493932565015048
NKE,Falling Wedge,bullish,1,0.7337218299009775,13,206,1475,1476,2022-07-28,2022,0,103.56316519718436,101.35038162994152,171.55961801865146,86.4744892096333,0.9586873477614116,0.021833006759879,True,0.015253593989664,-0.0009153451355237,0.0406054596156273,-0.0681343228224542,0.0084116985666862,0.0165125556165839,0.0158181260773735,-0.006072224358584,-0.0115044727945871,0.0309555172978117,0.0497903836107351,-0.0710061357826365,-0.0270756296495877,-0.0144117935930561,-0.0778336077415084,-0.0612420704487041,-0.0220164415890877,0.0109656206062596,-0.0011094854617533,0.0207166658088093,0.0771130802050463,-0.0406582317283312,0.0217623594179319,0.0118836057108437,-0.0185645457472409,0.0240817397101289,-0.0004788163436636,-0.0030062336616185,0.0151403425533149,0.0236398535055435,-0.0887574373538764,-0.0157914630994819,0.0454544314793823,0.1027553417767206,-0.0450391414159169,-0.100080427736492,0.019959751068824,-0.0085165960132529,0.0551708283655534,-0.0885613707498637,-0.0737076057129004,0.0274419081088752,0.0091012580922704,0.0339269223483196,0.0483546487099542,0.0128292090292527,0.0040794068190503,-0.0251910206402319,-0.0115117504527835,0.1263609088625514,-0.0962575057553781,-0.0563015188989697,-0.00360641141687,0.1240688210176432,-0.1661799137931281,-0.0057312812712003,-0.0434193918417212,-0.0239997029167741,0.0692180367094008,0.0150591568704405,0.1614401098708822,-0.0755554742088163,0.0131106384726138,0.0297304958231177,-0.2048281261216302,0.0331446419056784,0.0221169011000488,-0.0008354869614646,0.0087782494693683,-0.1371171717092381,-0.0435934031147204,-0.1334562270828331,0.0772768543542818,0.0172886377152368,-0.0355113916390947,-0.0774136636827815,-0.1371236962857469,0.0410470530434281,-0.0250084202117432,-0.0767156794438869,-0.1388066297848622,-0.0529848388322508,0.062218837742497,0.0611446423513399,-0.0250279883736017,-0.0233934934537296,0.0172886377152368,0.0237271838480137,0.0972284530844955,0.0884811878613021,-0.0486211286783763,-0.1226990882215843,-0.2128928812650282,-0.1349882131450364,0.0786535805258401,-0.1812532619050623,0.0583286879978643,0.2434793090546623,-0.0449494970022359,-0.1335832188923995,-0.0157636148938672,0.1090202048613158,0.0906280790096674,0.2066477113582918,0.2026784337083227,-0.0609329689671057,0.0419020253535959,-0.1848370920466397,-0.1311310904740058,0.1225631525240182,-0.0116488116226743,-0.0364072339025479,-0.0561389601928251,-0.1900724967828864,-0.2182520281505947,stop,1520,45,86.4744892096333,-0.1650072779739224,0.0506385005616689,0.2662560738763305,-1.0,0.3068864669694861,1.613602000745744,3.9790357585925262,1269,0.5732932314627992,7,0.029051883863621,0.0556744683318404,0.2949471325458355,0.0264550264550264,-1.6015152612122605,-1.0282220297494606,0.5918927856424904,0.2981627532908031,101.35038162994152,86.4744892096333,171.55961801865146,3.036755313078713,-0.183076826523698,0.020555859288649,0.0294612104764292,-0.2168569124181681,0.9610988416246956,0.014555903984085,0.0,0.0676498869975199,2022-07-28,34.0,9,-0.1115294148814348,-0.0980602765690737,True,False,False,0.625,0.0,0.0,0.0047548330739497,0.4915527113849715
NKE,Falling Wedge,bullish,1,0.7707021357616024,5,36,1636,1637,2023-03-20,2023,2,114.4274954242462,109.87860168252836,124.09432422745442,107.03473418207273,1.082004577586652,0.0413992685751583,True,-0.0460728491413585,-0.0441849666375369,-0.0123756005672448,-0.0110603267046627,0.0001219076721423,0.0402540506492898,0.0159905608487935,0.0419415568940844,-0.0174166932115503,-0.0360014832954705,0.044694823786098,0.0020669170639968,0.0218332734003809,0.0026803270850039,-0.034146414494045,0.0512251570582054,0.0267739290920152,-0.0022637936618978,-0.0045512859093864,0.0104652109796012,0.0636836960651014,0.0347425804294203,-0.0580057688003523,-0.0148177832977102,-0.0493309719555378,-0.0138811265157,-0.0190077214557718,0.0217073791058206,-0.0006902486542377,-0.0414869573747852,0.0236398535055435,0.0747321975632151,-0.0317513209018721,-0.0820786835890255,0.0122617230695989,0.0371559610485119,0.0039535015305469,0.08240172723434,0.0161040103836525,-0.055874408541889,0.0085455006025731,-0.0008016093508517,0.0288811800344328,0.027613372366837,0.0005157079567121,-0.0194147851985927,0.0219433950134333,-0.0207764266313805,-0.2093237645345594,0.0790024859376703,-0.0050031214960397,0.0090261279980483,-0.0488824751033495,0.0479389594475709,-0.0157254772496748,-0.046354940424455,0.0745745290136146,-0.0075789237066237,0.002083454308758,0.0164120283789623,-0.0209910816306023,-0.0128330573018033,-0.2457094230424791,0.0219433950134333,0.1618420424309805,-0.0741479480033974,0.0428906178152184,-0.0122692664048921,0.0340986869411143,-0.056841978897539,-0.0895930301767521,0.0080546575516107,-0.0798532127934199,0.0793389706113358,-0.0466803568497895,0.1731474296170638,0.0625901575224008,-0.0671037529220422,0.2666219686300546,0.069201789190654,-0.1297187712376876,0.0273128806222162,0.1602797066751169,-0.1858548361209949,0.0172554364763444,-0.1299189596035015,-0.1072377649687081,0.1167901658055003,0.0613314969498275,0.1026507508708349,0.0216337782343063,-0.0778340556105952,-0.0831457973526984,-0.1836895936025872,0.1630553304732629,-0.1219642136069053,-0.0505634446074175,0.0317754890932318,0.0303971628899315,0.078079159168465,-0.040611098811578,0.2457428430660253,0.0420878321834485,0.1817083098990304,0.3609142714109994,-0.1721186447676889,0.0786346315126136,0.1229886273535811,0.1435553951060348,0.0997737722099965,0.0958142217124262,-0.1221419744661141,-0.1615087453506754,0.0487158144457895,-0.1358625342984213,stop,1677,41,107.03473418207273,-0.0646065110030102,0.0419433545647854,0.0668016282750059,-1.0,0.649212500622903,1.0339767190321316,1.307607331894052,1598,0.7034156795817743,7,0.1017276612914731,0.1569969109794693,-0.1096703274018414,0.0,-1.0659838632934795,-0.3625681837117016,0.3031649610251495,0.1043231907141157,109.87860168252836,107.03473418207273,124.09432422745442,2.4233984197710106,0.1071250176003095,-0.0165696206961162,0.021580364326721,0.1709435625085071,0.4843198813324546,0.0049837396439014,1.0,-0.029507695939129,2023-03-20,28.0,12,0.0522147046270968,0.0318002800626906,False,False,False,0.1818181818181818,1.0,0.0909090909090909,0.0435809503867092,0.7756961314381047
NKE,Falling Wedge,bullish,1,0.8338287179425212,5,41,2063,2064,2024-11-27,2024,3,74.06054507990729,71.72141094496715,85.65676401199971,68.45436422946057,1.1835957109319248,0.0326141678491933,True,0.0099881117518241,-0.0016852208740334,0.0258926111156352,0.065375332184226,-0.0484635818264377,0.0390961367082702,0.0311757800275909,0.0269029040378752,0.0046011649532073,0.2995433672369667,-0.0222895233139912,0.0170561909991888,-0.0169889105645715,-0.0311112962233999,0.0203601485295785,0.0396499011504984,0.0741730095369523,0.0267197723213421,0.0448745385898945,0.0028993183604046,0.0133862320257474,-0.0001016020956126,-0.0206494629358441,0.0020193368349221,-0.0057683855054213,-0.0162494783750168,0.0686792509539717,0.0438360124877321,-0.0335274956411453,0.001172482772753,-0.0300291564157122,-0.0054174636275414,-0.0821688205479892,-0.0336309296322099,-0.0184579447331797,-0.1653311958746471,0.1326004126728688,-0.0689355814366003,-0.0248554177641304,0.0180481702165515,-0.0075507134078254,-0.0512611050923411,0.0267114385193711,0.0400859828500417,-0.0737076057129004,0.0160187947243196,-0.0177743974919896,-0.0133597433501192,-0.0207156566146908,-0.1291517120247246,0.0388552776346018,-0.0501775541319488,-0.0818972747189736,0.1673275978966037,-0.0075075715923417,0.1381571433244444,0.1198018735313892,0.0068725408289114,0.032806754852652,0.0477934189620554,-0.0558523603844589,-0.0022309174633011,0.0138817340099792,0.0631025925733859,0.0463341304574078,0.0193269414356456,0.1725748684377481,-0.0131169124411965,-0.043083643220649,-0.0157177932331695,-0.0226807569543514,-0.0312034853172189,-0.096757795664333,0.0144207098030488,-0.0486211286783763,-0.2060663008043097,-0.0991248361764614,-0.130810633342068,0.0975247000367289,0.1577349373181771,-0.015220838369771,-0.1326595049195508,-0.137300155341342,0.2574133034760741,0.1856464274726144,0.1417165386886594,0.0303893177717911,0.02428212666717,-0.1448495947050101,-0.0762452765036537,-0.0423256434489088,-0.0031149366313325,0.0284965199247939,0.0495766996155684,0.1649716538646073,0.1264488784684061,-0.138632268210842,-0.1249910505234258,-0.1053326950616753,0.0038140008550655,-0.1169537349252781,0.0428138571959453,0.0274372349907137,0.0333506696812928,-0.1421509147312857,0.001709896855766,-0.1219642136069053,-0.0813752448738965,-0.0148511636105159,0.345413424359156,0.1529562418148926,0.0409014181064222,-0.1762820994190195,-0.1188109513623797,0.0385728729314417,stop,2090,27,68.45436422946057,-0.075697266937449,0.0434060207426686,0.0873089987856638,-1.0,0.5734159567284828,1.1533969761128884,2.068470361809395,2019,0.5713935719921724,6,0.0348522358934062,0.215825456518514,-0.1617046316993294,0.0,-1.6201202620162043,-1.0487266900240355,0.6647361097862569,0.0966456670253664,71.72141094496715,68.45436422946057,85.65676401199971,1.5937780820982963,-0.0905968249204227,-0.0254571585918468,0.0214814777527839,-0.1546607852651559,0.5136962678845758,-1.5454141522042164e-08,1.0,0.0324478279443884,2024-11-27,54.0,3,-0.0008070256383267,0.053834675814762,False,False,False,0.0,0.0,0.0,-0.0093070845685428,0.2200794941463254
NKE,Falling Wedge,bullish,1,0.6356543566112317,3,34,2303,2304,2025-11-13,2025,0,62.86714928728725,63.35746065676881,76.00058738927828,57.26404046009861,1.620682785327689,-0.0077388103058259,True,-0.0540498596743088,-0.0347375614291096,-0.0181273659747691,-0.0428174810243331,0.0011319907103097,0.021361114166627,-0.0282239125958267,0.0185449989948802,-0.0389113185747542,-0.000678562486996,-0.0047136620296656,0.0157848483508973,0.0108109815444319,0.0715667337185927,-0.0198354810952012,-0.0311112962233999,-0.0046368950062158,0.0466946225657922,0.0070669162851924,-0.0167308829707192,-0.0152449496678558,-0.0115166517045348,-0.0520705470234314,-0.0047735927515215,-0.0318407340346549,-0.0330266910178452,-0.032619565770536,0.0700164734761221,0.1212820366675346,-0.0241479335480078,0.0389038553337213,-0.0241772085673844,0.0021756520597373,-0.0065522383631733,-0.1312294540968336,-0.2415291186129313,0.0660083590731734,0.0068212549432364,0.0033716931004883,0.0399179573615271,0.0426527222182759,-0.1024626893419637,0.0704328865899484,-0.0197356402888276,0.1047955237024116,-0.0023184864974552,0.0455920389792163,0.0209746732787114,-0.1223021653429693,-0.0464034801852876,0.0416948499117908,-0.0882427145765255,-0.0139587476232106,0.0650007603742595,-0.0252764746257342,0.3523078211599002,-0.0303268101940474,-0.0942728503253771,-0.076396748044163,0.0072456270522016,-0.0990990338238729,0.3125483243545721,-0.0395139460118103,0.0170795905764056,-0.0827516629028857,0.077965365392139,-0.1154977306184721,-0.0105720462651192,0.0441306425651267,0.0274603921389648,-0.018287825603537,-0.0261532241815246,0.0821018562659634,-0.1459163545380255,-0.0018038122501764,0.1311765167622924,-0.0096273651532617,0.2556015573955361,-0.0390958718805835,0.0754358351500923,-0.0945156109210838,0.0065749420460132,0.1870816938573087,-0.1805848353002557,0.0163338231623011,0.1321490458750394,0.1934901100070047,-0.2965839173042367,0.0577397279285143,0.0299322330721389,-0.1223032322911594,0.01490873625387,-0.0337533179631125,-0.0767732735341198,0.0921438062201074,0.2904420890866035,0.1344988542448792,0.1376374813989078,0.394838333528801,0.1260308035697779,-0.1476024748608699,-0.0163082374189288,0.1456983495834918,-0.0412837503704361,-0.0668287081848827,0.2619065310940784,0.3245415660270567,-0.0563085799531385,0.0958902584588248,0.0837335610704885,0.0865417641589747,-0.212528616367554,0.0184233306207659,-0.0262310391457891,-0.1150150841011704,stop,2328,25,57.26404046009861,-0.0891261794229577,0.0714722340135583,0.0977564784728079,-1.0,0.8019218873321077,1.0968323685108743,2.343955562358897,2269,0.3643094218508582,5,0.034179570887119,-0.0879670803743279,-0.3562383309486249,0.0,-1.074879075526122,-0.7105696536752669,1.4219877067513849,0.1546784708361928,63.35746065676881,57.26404046009861,76.00058738927828,1.7895664349173122,-0.0317248094687929,-0.0386630419561294,0.0279959366809305,0.0707411177191552,0.8333314904909279,0.0235204396933692,1.0,0.0172558164707947,2025-11-13,44.0,7,-0.0031746813657372,-0.0178171283834448,False,False,False,0.3333333333333333,0.0,0.0,0.024066780767923,0.4846919508148375
NWS,Falling Wedge,bullish,1,0.6610204194045145,5,73,814,815,2019-12-11,2019,0,12.715849801689952,12.58309225177571,14.39521158965815,11.864153401872136,0.8459233460410097,0.0105504710017132,True,0.0581311019843822,0.0417201392131769,0.0293041241212455,0.016678738369666,-0.0478043448412389,0.0267960283998973,0.0065076928096499,0.0152394639751378,0.0311283017752512,-0.0026592966115145,0.0216418058295626,-0.0262276873219348,-0.0519878500728384,0.0721247214855203,-0.0036100063073619,-0.0748716446292578,0.0549145647832667,0.0278883894117456,0.0108694346896567,-0.0072938859729763,0.0161360761348008,0.0125436084507877,0.0517651902604289,0.0691686851057915,0.0370542747931921,0.0459713776984016,0.0057624996127136,0.0717522822576741,-0.0202427988042743,-0.0031846242237897,0.0557233404201822,0.014765072246321,0.1068965211701122,0.0489773630409617,-0.0918009763059428,0.0390099091139275,0.020044579992877,0.110393785779042,-0.0304005620924114,-0.0524332508567997,0.0073149425965384,-0.0253411809818487,-0.1048159133847294,-0.0017230076944715,-0.0203858754571373,0.0603545108994242,0.083149523727755,0.0421819081866694,0.0336339963615843,0.1102326788608631,-0.0447763543362319,-0.0641748481286976,-0.0002294752019167,0.1377567290461652,-0.0155254107981045,-0.0251459733305389,-0.0411642977578371,-0.0120609600125933,-0.0094228876606259,-0.0356956328293415,-0.2032592220104501,0.0294118552782678,0.0390390793066344,-0.0305855533414584,0.0849897084459228,-0.0215681135573556,-0.0424095862126138,0.006379479423376,0.0883782631505026,0.0360560107404299,-0.0335799009806547,0.0291667317027484,-0.0746268704340414,0.0756578433616899,0.0742933567424597,0.0020269487966739,0.0468303158249614,-0.0424063340930941,-0.2658710798274438,-0.0249680049169065,-0.0632241126782341,0.0425305373262856,-0.08818338993616,-0.3818915840146614,0.0220046417847403,0.0313555428024747,0.0238609872997355,-0.0785738730824265,0.1239665909419496,-0.1271625210496555,-0.0476392624476735,0.0721986875352588,-0.1783333478802163,-0.1001221554068361,0.0427176271871325,0.224251007424975,0.1285931610148147,0.048116497845295,0.2074252330932409,-0.2592419969157361,0.0062305876314958,0.0178636338017921,-0.3051818823263617,0.0696799486980179,0.0125392140996587,0.0868048030395729,0.1285762139685944,0.1613986356545032,0.074786777130734,-0.1549016708542977,0.3688825856265858,0.0338126131006206,-0.0229986165889111,0.1884690202668784,-0.2312245175251466,stop,865,51,11.864153401872136,-0.0669791176445496,0.1302427969867419,0.0735835839992425,-1.0,1.944528407763226,1.0986048575578735,1.971784532994888,741,0.4989379648295121,7,0.1463493814083838,0.1775000598611904,0.2570244586749937,0.0,-1.0557822658638978,-0.5568443010343858,0.8395237161231036,0.1199639230061013,12.58309225177571,11.864153401872136,14.39521158965815,0.2272359697980123,0.0227787417544997,-0.0067780171115868,0.0179362837087491,0.1210874223404478,0.608695832452225,0.0037173563609405,1.0,0.0175404384652311,2019-12-11,52.0,2,,,False,False,False,,,,,
NWS,Falling Wedge,bullish,1,0.6846724702953986,5,65,1229,1230,2021-08-05,2021,0,24.232849993704605,22.390092180157662,25.87553592616433,21.555598889520663,2.102424542305789,0.0823023772622075,True,-0.0862881627963731,-0.0930967580290422,-0.0188970872976089,-0.028103003415807,0.0030196829424709,-0.0022561427581616,0.0099852571571277,0.0109984216755305,-0.0262548304605086,0.0107527554536122,0.0443270469794259,0.0086270352363455,-0.0303129853163863,-0.0349653070939572,-0.073099506327805,-0.0299650099964862,0.0410338295831982,-0.0623145825084502,-0.0354766798855149,-0.0228214862211928,-0.0068189744485495,-0.0693641607990477,-0.0706928764212849,-0.1611503874833763,-0.1560837224513763,-0.0006276582388979,0.0962789624487183,0.0101303210239214,-0.0060606074410011,0.0166205378020534,0.0536748521322472,-0.0774798359388905,-0.0999999649484363,-0.0188679245283018,-0.1300389924893292,0.0639487403624845,0.0191160427955976,0.0611644403265148,0.0028652348817113,-0.0120285102248143,-0.025735297985332,-0.0253411809818487,0.0514518723035859,-0.0296400775220205,0.0202801455757217,-0.1596359424510604,-0.1233252568028511,-0.1484102666595872,0.0874063069582093,0.0571548685851219,0.0117043688407982,0.1054466294204048,0.0193706214572491,-0.00476029620455,-0.0388060097248275,-0.107057350711443,0.0240734743272212,0.0267043600138445,-0.3693229413546663,-0.0392609508444729,0.0746088319605948,-0.0690668280936449,0.0009242628987733,0.1277072587235412,0.0033514846299476,-0.0340556881202903,0.1045576691047127,-0.0577989955086301,-0.1194693106207458,-0.0665661518752176,-0.051934092767428,-0.0732894766047889,0.0458716065026998,0.2205880216189861,0.1166462006040449,0.0813952489023843,0.0995849222725924,0.0151297065702178,0.0518068425156097,0.0589210274967935,0.1107889264237123,-0.0111424149981932,0.0641267044216766,0.1211640037128245,-0.036875063757203,-0.3947888725987473,-0.011612317197826,0.1132078857505809,-0.1689654554351137,0.0897961609172048,0.1311569216503765,-0.0977416808136092,-0.1069437437325975,-0.1490639336436066,0.1111111542417542,-0.0615659428807781,-0.2165360555419201,-0.0885184154824499,-0.0737212116684075,-0.1549016708542977,-0.1371788923203228,-0.0060606945445411,-0.2893559961729132,0.1120332052817076,0.1171476305061693,0.0772202801610344,-0.1018822259946882,-0.1509818635944539,-0.0467389405764866,0.0144288736935311,-0.1107348044727308,0.1361370691021795,-0.0060606945445411,-0.0389345034899674,-0.0611890587749913,stop,1236,7,21.555598889520663,-0.1104802408664048,0.0122143965146473,0.1154451487459415,-1.0,0.1105572943981651,1.044939328884523,0.613571857302656,1164,0.5956461797582215,7,0.1870575563048971,0.0334380996458314,-0.1698623776670221,0.0185185185185185,-0.9177856368703315,-0.3221394571121103,0.3689076554064146,0.1375963291542578,22.390092180157662,21.555598889520663,25.87553592616433,0.4787643695614407,0.1045373549433386,-0.015632396206367,0.0210772738717411,0.2174633676482149,0.7777801325251773,0.0136692700860667,1.0,0.0251553531580204,2021-08-05,18.0,2,,,False,False,False,,,,,
NWS,Falling Wedge,bullish,1,0.6591949568582564,3,36,1327,1328,2021-12-23,2021,2,21.64129849552746,20.781876979598707,24.2195734852188,19.816131116392377,0.5949888386316535,0.0413543741391808,True,-0.0026592966115145,-0.0088025879753482,0.0085408962929016,0.0336000676072676,-0.0067644142819063,0.0244801629721194,0.0201498425087365,0.0038461685180664,0.0365818555750883,0.0443270469794259,-0.0166015397040873,-0.0423875584725796,0.0180068804561459,0.0088397830034181,-0.003105566733531,0.0408634591718521,0.0006447316880675,0.0501008102834001,0.0036629099110174,-0.028430889137038,-0.0244232616839783,-0.0515465096457705,-0.0086785403769453,0.0057624996127136,0.0184093176083721,0.0077217760166374,0.0305787281117824,0.0243055112984516,0.0243289409509821,0.0329859015127904,0.0244896582097393,-0.051632930725092,-0.044546823552959,-0.0290887299611114,0.0717522822576741,-0.0041384410105211,0.0329731609760517,0.0583054694904723,0.0352941581698484,0.0397414629668684,0.0442068639150949,-0.0145995033806576,0.018987265141126,-0.0156113656873464,-0.115024313852438,-0.002788953929656,-0.0159574076824725,0.0522966104905361,-0.053967194288652,-0.0438959582181482,-0.0468225778460745,-0.0019793069000891,-0.0041194051753991,-0.0121949500255016,-0.0252021733849291,-0.1662616660685228,0.0310130993278914,0.0250783227383455,-0.0452901204034995,0.1100601176064655,-0.1370028297661769,0.0157479896455563,-0.2582164117312292,-0.0139774395290208,0.1142856257906994,-0.0262652055201823,-0.0039816708378638,0.029520371827421,0.0097161614554729,-0.0239362390711808,0.0660736232098684,0.0841868727612391,0.1217127266594904,-0.155561590124158,0.2776182599313297,0.1300107357106839,0.0360560107404299,0.040126081213879,-0.0036303131258659,0.0676609684799409,-0.0124451562402549,0.041311733183859,0.307801536821088,-0.0448823909942194,-0.3576996191713432,-0.2390220908841449,-0.1241229115894277,-0.0733443799819575,-0.1542912170260646,0.0710464836484872,0.1494035826810211,-0.0320330052058814,0.001114629822424,0.0457557929112828,0.2305780950020048,-0.3102773973528736,0.1734318457611703,0.027797068568357,-0.0458664595735823,0.084811727830603,0.1076006250418117,-0.0239296530511312,-0.1508103564388845,-0.0279904931987033,-0.2978346806675211,-0.178595740640842,0.0965970368119328,-0.0312956802899435,0.0164077262074597,0.0077219080600101,0.0405905526977921,0.0329347684723271,0.0110296623707029,-0.0685785521453403,0.0163985296491565,stop,1376,49,19.816131116392377,-0.0843372397230363,0.0709220470820717,0.0908686568901845,-1.0,0.8409339375462118,1.07744404712079,1.4126238607842865,1289,0.638509589698163,5,0.0415561450252459,0.0571717116377772,0.1631899663589155,0.0,-1.1878930000284706,-0.5493834103303122,0.5226431018550797,0.1300087078656346,20.781876979598707,19.816131116392377,24.2195734852188,0.5063608556832104,-0.0405712288590558,-0.0102183544879521,0.023408273705487,-0.0634263393290325,0.7999986128354332,0.0063405215354492,1.0,0.0059931566803486,2021-12-23,18.0,2,,,False,False,False,,,,,
NWS,Falling Wedge,bullish,1,0.6381564175543742,3,30,2095,2096,2025-01-16,2025,2,30.342141845831325,29.672919331755597,32.75253211599224,29.14713880318635,0.8716883116883117,0.0225533088468157,True,0.0273259722027825,0.0088824826273496,0.0710677088261977,-0.0053762614704927,-0.0340910171040208,0.0094097044448164,0.0508555628070708,-0.0247311076949516,0.1071972726458998,0.008151223388757,-0.0349653070939572,0.0608298569184517,0.0205207786087273,0.0037452923903078,-0.0108554481306213,0.001436266994903,0.0080374178718511,-0.0007463887185963,0.0152149519916608,-0.0489407964526333,0.0121493126329523,0.0274761605029041,0.0155067130348211,0.0296031253640425,0.0214617696913776,0.0068885734599626,0.0175192998859101,-0.0505738972142094,-0.1730675397393035,0.0282109834979995,0.0584615272574511,-0.0032363896904353,0.0198020338546109,0.0227013962603286,-0.0030395525209493,0.025110767073428,-0.0476527248660666,0.0896044227345995,-0.0109340244434263,0.052508870135344,0.0379261142025812,0.0414937756697961,0.0086147404487133,-0.0057472441428132,0.0062500238418579,0.0235610675787735,0.134027428939873,0.1126860514793695,-0.1361399310117055,-0.0076601447526685,0.1529622674806472,-0.08581139918724,-0.0303030604455849,-0.0151975526090786,0.0041909670797537,0.0399409306310758,0.0044625031753058,0.0091743375052186,0.1111786239893026,-0.1570127287730189,3.529288283843357e-08,-0.0294539871344164,-0.0002294752019167,0.0022497077982694,-0.014608809499173,0.0436351080453274,0.1575564899815573,0.0795454589214734,0.1276034618755724,0.0127262302245325,0.0626626409599279,0.003967718122035,-0.0260618196075004,0.0264332421240616,0.1448700048502889,0.0260529081168916,0.1195025318343245,0.0548481532978051,-0.1508771545515043,0.0442334010435143,-0.0944040307642509,0.0857862437149399,0.0308253127552335,0.0673036261143524,0.1044391708675056,0.1617379055787231,-0.0182700516420781,-0.0158081779985873,-0.0468751828382336,-0.1213835219727194,-0.1116133390902819,-0.0015091167731934,-0.0068559040121429,0.0873182742371533,-0.0349561735196408,-0.1615087157660403,0.2964538082339694,0.2453418413063872,0.0392803866051938,0.0724709196954154,-0.0095558530427101,-0.0557276389981085,-0.1071973708161485,0.3441413668908879,0.0740477936435748,0.0562899778816217,-0.0082729609374453,0.0491801544152665,0.2064709005973088,-0.0491115881682657,-0.0737212116684075,-0.1371788923203228,-0.1324362142877559,0.0458589391251997,-0.0398493774556419,target,2108,13,32.75253211599224,0.0794403467760491,0.0832791220885416,0.0123617164474943,2.017057851857724,2.114527616276162,0.3138744760662946,2.017057851857724,2063,0.6417264919572803,5,0.1163659792288189,0.1352898520404053,-0.1017068755688732,0.0,-1.903246434154209,-1.261519942196932,0.5063530628419509,0.0499576827449182,29.672919331755597,29.14713880318635,32.75253211599224,0.5633275682023778,0.0710190895147042,-0.0285864014917428,0.0187734916052171,0.056843440613348,0.1304338812134094,0.0036077785290185,1.0,-0.021685822118629,2025-01-16,52.0,2,,,False,False,False,,,,,
NWS,Falling Wedge,bullish,1,0.6955252108341342,3,45,2317,2318,2025-12-04,2025,1,28.757130538523764,28.61540078841364,34.53469251416226,27.37287041783891,0.8141571467531287,0.0049529185754935,True,0.0210707803502507,0.0156729618302755,-0.003528752195835,0.0238248934566327,0.0119533313568733,-0.0347968392832999,0.0073799626445205,-3.021018649684848e-07,0.0209048079362044,0.0374380627985015,0.0411946641604441,0.0312849677088851,0.0664738698286029,-0.0132014151809431,0.0109448693154221,-0.0760982113353623,-0.009338692864485,-0.0338346208986174,0.02994012435541,0.0317581839818841,-0.039237346401211,0.0354515012734499,0.0141451274224901,0.028324668134547,0.0414543682783036,-0.0470458000137981,-0.072992622507864,0.0928199860086849,-0.0854870859278676,0.0223881157412362,0.0626839350984223,-0.050605598464356,0.0348599413275603,0.0450728780393343,-0.0539191021052832,0.169014039886074,-0.01229506806814,0.0346020504194368,-0.0137409793507751,0.0169863917552752,0.0601191861026317,-0.074324216055049,0.0638976807663,0.0526315303589948,-0.067796367863874,0.0194812233771998,0.0328151448291642,0.0265680166945254,-0.0319717526382926,0.2826880717507232,0.1097062839813809,-0.1258741269016711,-0.0078431704869731,-0.0582138020252422,0.0332226077874642,-0.0421432486735501,-0.0211990923017105,0.1846231843795793,0.0982349987617536,0.0060315082930939,0.0405452802723353,0.1041743234877272,-0.0089767474491034,0.01323120013281,-0.0127083930346699,0.0264396513789562,0.0371148485243852,0.0360248016667223,-0.0003401765161216,-0.003799654152415,-0.0126950840855049,-0.0105909162772357,-0.0918596412416082,0.0164340846007513,0.0946158410023152,0.0236840364111705,0.1109490166295352,-0.02206619102304,0.0194249330685511,0.0542638274455928,0.0030302312408152,-0.0658913591041043,-0.0372670631075062,0.1408602019947802,0.0560117316453243,0.0459889717719355,0.0075195763056725,0.0050083566138376,-0.0698619212186213,0.0648044695671485,-0.0295813778197753,-0.0195734945776919,-0.0780655976003138,-0.0805231529194187,0.0995333228953603,0.2724603355346426,-0.0160792394050552,0.2635379719849056,0.0676589694250213,-0.0921938050502225,-0.0092527842292826,-0.0790827586901031,0.3375552741899599,0.2342464464073959,-0.0337770343313577,-0.0212767400442032,-0.1783333478802163,0.0158229061856183,-0.1598639257584969,0.4790048397704247,0.2365595299170648,0.2358160058119882,-0.0642139250640195,0.1707317178423322,-0.1660082855759016,stop,2359,42,27.37287041783891,-0.0481362394217483,0.0846286176631104,0.0711572384372661,-1.0,1.758106131258654,1.478246728287557,4.173754548950009,2271,0.7203952111462257,7,0.1294314911686223,0.033913998621867,-0.2522935779816514,0.0,-1.1202806095133897,-0.3998853983671622,0.3264324092815109,0.1471139513838917,28.61540078841364,27.37287041783891,34.53469251416226,0.546335602342696,-0.0839694597490009,-0.0354240726926348,0.0188808722437224,-0.092263197439126,0.4285698715538306,-0.0010341403327667,1.0,0.0100504502485092,2025-12-04,52.0,2,,,False,False,False,,,,,
NSC,Falling Wedge,bullish,1,0.6243356210510385,3,22,699,700,2019-06-28,2019,0,173.64047302981052,169.08146548129196,185.2627442192397,162.02069145477196,1.665508454945564,0.0269633784846925,True,-0.009903953555263,-0.0103756914467826,-0.0017760384446019,-0.0207808934404896,-0.0204205056644432,0.0025222358593148,0.0073463680145082,0.1767214543043831,0.0417178987793518,0.0098629012816999,0.0228097026605196,0.0240388373242022,0.0472028541786673,0.0290680888719823,0.0066218091622793,0.0082265580036964,0.0118549822599518,0.014866963376382,-0.0442117285688571,0.0428475923762468,-0.0483726508339615,0.0094520110484481,-0.0258838755827271,0.01582642136654,0.0021079290812917,0.0566099709139922,0.0205196439286092,0.0361790302966866,-0.0353741666105488,0.081798780769563,-0.0669622397898802,0.027923966227501,0.0068518570023985,0.0074418745761386,-0.0028577812908453,-0.023988904846146,-0.0155236138562822,0.0297748410829428,-0.110439281898411,0.0213146376163828,0.0366981337791691,-0.0315676414359754,-0.0279761512530919,0.1106550910227999,-0.0695720940977702,0.0132511237596783,-0.0444930841493483,-0.0606046142249904,-0.0452879532149347,0.0814010380504135,-0.0446269021105411,-0.0533727998381186,-0.0862357725160917,0.0371813870018744,-0.0142709589224079,-0.0749625730597142,0.1073734285763412,0.0591251471027527,0.0932817373182828,0.1345158748799175,0.1081715410473218,-0.2604825205278258,0.0142594456464599,0.0663832469319227,0.1128036072568956,0.1128007046317949,-0.1088384926895683,-0.0829139311164078,-0.0523083468717667,-0.1428830943637643,-0.113625909032721,0.058693939299331,0.1012722505651768,0.1169624276971919,0.0757123709104217,0.1324120821718817,-0.1335124404324419,-0.0657280278309263,-0.0446183572537824,0.0874666565360131,-0.0635851891858801,-0.0597521670876372,0.0454717933063677,0.0597569768964256,0.0337319179229111,0.0143278352907285,0.1757896832399661,0.1433700126863573,-0.0089696310642672,-0.128893958892892,0.0780413534051085,-0.173780570772767,-0.0850587332636956,-0.0869338246187749,0.0251188604792285,-0.015307993341163,-0.0011673545447214,0.1635736212822127,0.1491533522375796,0.0891043537740579,-0.1697755634838018,0.095042567492988,0.0181998956543909,-0.1209821744539634,0.2534818336719433,0.2212996587891222,0.2398944963047511,0.1318588987112967,0.1610905321073354,-0.13155125730297,-0.1619831221706256,0.1547489038069436,0.0449725336615798,0.0859145877074707,-0.1466930647828783,stop,716,17,162.02069145477196,-0.0669186242831973,0.037425968480793,0.0979942089383451,-1.0,0.5592758201723871,1.464378713519826,1.000214256556761,677,0.5186093740170563,5,0.025918409919555,-0.0391524813975474,0.5312013388634214,0.0,-0.7907033804191402,-0.2720940064020842,0.6652926208155298,0.1047771047865859,169.08146548129196,162.02069145477196,185.2627442192397,3.5400598429969574,0.1216623017574636,-0.0006869386229692,0.0205509429081015,0.3512965387429472,0.9929713059801528,0.0042398698323695,1.0,0.0695865303234477,2019-06-28,15.0,3,0.2858854679580827,0.0902288283051453,False,False,False,0.0,0.0,0.0,-0.0040751373711018,-0.4608157367278366
NSC,Falling Wedge,bullish,1,0.6719878010454402,3,29,741,742,2019-08-28,2019,2,151.31428631244208,148.2412882209028,179.1353834657018,144.66104446676349,0.8673791116753384,0.0207297044461731,True,0.0118820692093215,-0.0090283213018436,0.0748800587141336,-0.0403747116751372,-0.0041227141732445,-0.0151512848434002,0.0103533351943396,-0.0110650608754158,-0.0114645632235439,-0.0027184335266182,0.0570137481552885,0.0225222834704121,0.0157955227129291,-0.0071732812789627,-0.0491327088442726,0.1152212729322128,-0.0150733485814514,0.0211573695646998,0.0178311815137908,0.0025226652936274,0.0584874024127863,0.0069996210454756,-0.0004433484900609,0.0249697077129218,-0.0078354051517668,0.0026267784858349,0.0488460548918976,0.0270151764968524,-0.0147379915399491,0.0370890822092975,0.0519645309220924,0.0167804811315972,0.1206566668350868,0.0080897649264204,0.0088551795784119,-0.031481733695075,0.0039798035173008,0.0273893588622269,-0.0023647968545144,-0.0861708342516607,0.0302214345224722,-0.222253269678027,0.055243244885883,-0.0373077708435323,-0.0692244374746964,0.0262088715665258,0.050283998330862,0.0274828218923521,-0.0874481448546631,-0.1027305583659188,0.0185046386938523,-0.1037246280380789,-0.0699207527165347,0.066195482935822,0.0565084962160753,0.0287659289222039,0.0075385572488093,-0.0689414907895884,0.0298565458411965,-0.1518284986116924,0.0149961939672411,-0.0482550186336641,0.0347267022066755,0.0437865899906215,-0.0237600922060186,0.0256037945604759,0.1290166342856848,0.0723790659600807,0.056720526000233,0.0514893591074874,0.0170831205163461,0.0161534131412692,0.0347412349156031,-0.0446183572537824,-0.3354006810518997,0.0110922419323731,0.084167152137482,-0.0161425083757082,0.1185697664929863,-0.1513724389557363,-0.0837707873401042,0.0305281327283111,-0.0513349204951237,0.1276298715712658,0.0597406920080054,0.1296764769054443,0.1248100585426696,-0.0399370910816628,-0.0383247663632236,0.0254545813617954,0.0375757444995132,0.0495274683415135,0.0997271854456658,0.0312270142968527,-0.0562595295990437,-0.1909043434176874,0.2176676416882772,0.1248328744401809,0.0448963839191032,0.0848575963788922,0.0289659077690886,0.0904891349998076,-0.2486307097467707,-0.2587701364101361,0.0955544840970628,-0.1619191139661562,0.0103176716850268,0.0647555750964365,-0.0545831537911405,-0.005819155022035,0.0454309096685998,-0.0921459361968856,0.0969931521286326,0.0458193125136519,0.1056497571339205,time,801,60,166.40443420410156,0.0997271854456658,0.1404599879015145,0.0438552311359519,2.2680894880532296,3.194473208361805,0.997396931349175,4.1815851277569385,710,0.7927474991846126,6,0.0898724094662598,0.0172445951925213,-0.3204855450922644,0.0,-1.4908384002098052,-0.6980909010251881,0.2179379214345035,0.1121405869323635,148.2412882209028,144.66104446676349,179.1353834657018,3.466852145567129,-0.0420372457971744,-0.0794597485478267,0.0231454350800646,-0.0291479709751614,0.8731981882942682,-0.0014713459997245,1.0,-0.0287127932019778,2019-08-28,15.0,3,-0.0571880831530267,-0.0489638320488921,False,False,True,0.5,1.0,0.5,-0.0020604519670158,-0.1379139973567505
NSC,Falling Wedge,bullish,1,0.6800758402687924,3,19,952,953,2020-06-30,2020,2,154.98401980579732,147.46103165231716,184.67906932840333,146.20493365548896,1.3038362696225656,0.0510167877518843,True,-0.0028447995377791,-0.0241966071939419,0.0352408137856525,-0.0278421177023333,-0.0009996700387547,-0.0117684321030535,-0.003323319405717,0.041431149480609,0.0279022995232318,-0.0035235282165897,-0.018106953464789,-0.0111162789163639,-0.0092054871810991,0.0094751330665798,-0.0184883522772022,0.0612267795967671,0.0243532344693886,0.0093368174781858,-0.0318709088289815,0.0524034293941759,0.0107562035531021,0.0345192625497314,-0.0113648032759061,0.0314063454099695,-0.0082615265954035,-0.0824460770366182,-0.0683279891008573,-0.0189429031944298,0.0436223713818182,-0.0380273926792781,0.0829102184431576,0.0154606805401378,-0.0417052921493971,0.0851705598531717,-0.0217014138224131,0.0583510705280128,0.1064142368556995,0.0190662502148499,-0.043971559484309,-0.0083759463459734,-0.0037973373610433,-0.0323184082580743,-0.0076033964959827,0.0493348737278707,0.0535169596647411,0.0240748701459154,0.0970643991204789,0.0468335111611419,0.1370185428653629,0.0143375088493415,0.095493068723758,0.0114950911856421,0.0911241951349386,0.0467306343418856,-0.0263186333395327,-0.0175934250498194,0.08842208790514,-0.0571888149523385,-0.0137654958357265,0.1092095513785722,0.0112153440857607,0.082307320407561,-0.3021290892358147,0.0208122726717738,0.1806986319932699,0.0301457892092138,-0.0280259076120438,0.0407450689056685,0.0713277120388482,0.2182666275365035,0.0955160968217896,-0.0061393627651894,0.0263377450564135,0.0239785449792973,0.0805854658665825,0.1029202854443667,-0.0986377099677021,0.07073373678254,0.0123636681489305,0.0862404382805719,-0.0076582992030908,0.1276781495771548,0.1400073076872419,-0.0424366938253706,0.2263473231156503,0.0707590991696753,0.0666151641452268,0.1046549523396733,0.0073071849156129,0.0698460437601422,0.0255933296988257,0.1639118088761758,0.2259850234643075,0.17680436757044,0.1797727530634914,-0.1669549058037824,-0.2577946910530956,-0.0191185709340264,0.1632913137466389,0.0869396947627263,0.0678899271637678,-0.1036236627892821,0.2463914751260851,-0.0074724787636214,0.1652255448228796,0.0875810811120909,0.0881615418551606,0.1296598092954033,0.0659469352686459,-0.1290817123440715,0.0861027946351904,0.0823370560329617,0.22448331607105,-0.116010397879457,0.1822986822948697,target,981,29,184.67906932840333,0.1916007183180266,0.2104913191940217,0.0376080412424868,3.382476150044728,3.7159665851745656,0.6639239334242201,3.382476150044728,931,0.906915526300441,5,0.0185976641883653,0.0504440226141276,-0.0467097568482609,0.0526315789473684,-1.1986145705155762,-0.2916990442151335,0.0446049202809574,0.187058384401973,147.46103165231716,146.20493365548896,184.67906932840333,5.470269258141022,-0.0203384662959121,0.0115413490608382,0.0353338875160375,-0.0840529848913796,0.7296251130000075,-0.0032428502089236,1.0,0.0053137154554205,2020-06-30,11.0,3,-0.0502795453811024,0.0118278822888107,False,True,False,0.0,0.0,0.0,-0.0233385480668594,-0.689345800072653
NSC,Falling Wedge,bullish,1,0.6679727472314186,3,33,1206,1207,2021-07-02,2021,1,242.19350584791448,237.4855101019253,262.2199922423458,231.9667069146476,1.0041597898211458,0.0198243494685992,True,-0.0308740831169983,-0.0384813995101841,-0.0268923934524107,0.0567030397297467,0.1767214543043831,0.0073578757447867,-0.0120634150896142,0.0484729824867904,-0.0111162789163639,-0.0141420859166335,0.0060545583145499,0.0075877345917692,0.0072045741212696,-0.0697246452221876,-0.0231108377987171,-0.031046520904446,-0.003103746483874,-0.017971005866267,0.016787015694744,0.0178397795669913,-0.0131955718791232,0.0473171397990097,-0.0393580657582185,-0.060378265776768,-0.0400685536956068,0.0591488257204921,0.0423376711989584,0.0155980525645451,0.0126783394018421,-0.0172681340529051,0.0235117735087277,0.1221543183961491,0.0277325743535232,0.0022801403623398,0.0563432416291183,0.0272020173541325,-0.0357635162586992,0.0436223713818182,-0.0036734694997804,-0.0442374949034197,0.0264338955442262,-0.0337724965257636,0.0391887395148737,0.0866591800035971,-0.006180019010829,-0.0825780663109154,-0.0517159301850834,-0.0604991647256453,-0.0293366393322171,0.0322804988475675,0.0466797780829788,0.0814010380504135,0.1023451828571306,-0.0067635322191942,-0.0332292552933825,-0.0668847623488343,0.0410469570517861,0.0209833547305762,-0.1182522700247196,-0.0276857301987584,0.0114950911856421,-0.0955502640591878,0.061632945105104,0.0574722023710203,-0.0347377774185198,-0.042189756695757,0.0694606150584962,-0.0444930841493483,-0.0529996597651232,-0.0399403275432208,-0.0824735119023991,0.020110120943485,0.0940977974911063,0.0105933461882088,0.0408443719461708,-0.1082488419779102,-0.051583129727253,0.1008489944971542,0.1485170659295767,0.001528294860692,-0.0833049961979858,0.0893930565659943,-0.0967094707127436,0.0238155931935299,-0.2131600290455906,0.0299123956443039,-0.1350748187637532,0.0436655018109217,0.1410673119719376,0.0157302722640217,0.1090877879221359,-0.048996858783421,-0.0883096547779189,-0.091374533805751,0.0186624833476638,0.1507032559938816,-0.1180777176674491,0.1611833090912893,-0.0083284982308159,0.1985157423464769,-0.2943102733587571,0.2023634959943872,0.1227025917485622,0.162939805994686,-0.0141870490829046,0.1563898748735916,-0.1579646634663484,0.1187130651841807,0.0322732472004145,0.0030900440435521,0.1048345619254265,0.1587743357973665,-0.1909294713527096,-0.0721727863540838,-0.1250684224793395,stop,1209,3,231.9667069146476,-0.0422257355640609,0.0162515297954465,0.063006665161681,-1.0,0.3848726275186193,1.492138960281539,1.9582360546159705,1172,0.6046834944749309,6,0.1102472779277215,0.0830967481464375,0.129523247539874,0.0,-1.5001240742098807,-0.8954405797349579,0.5535299838300655,0.059606059514389,237.4855101019253,231.9667069146476,262.2199922423458,3.5030751570574523,0.0867470708331556,-0.0207068552482627,0.0144223064487787,0.148710176555936,0.7024545046057032,0.0003341222021013,1.0,0.029671012419445,2021-07-02,24.0,3,0.1085092808307026,0.0803566400478414,False,True,False,0.0,1.0,0.5,-0.0172718087315001,-0.9465880082248416
NSC,Falling Wedge,bullish,1,0.6955669264964772,3,34,1272,1273,2021-10-06,2021,2,238.409026580144,219.3675940941893,242.8273816259912,214.59426870318583,1.2274409250499,0.0868014829837582,True,-0.00951769115872,-0.0021952602588389,0.0200151186178654,-0.0520287448522631,-0.0443376398213579,0.0211087672646574,0.0032338975303496,-0.0309493281527053,0.0089662198154201,-0.0015657858337441,-0.014129606315032,0.0043603982689739,0.012845346012096,0.0149344111669793,-0.0241398230204226,-0.0200379315232623,0.0096939507104036,0.0010207708052567,0.0376587235496981,0.0117469721755061,0.0094751330665798,0.0374189499222896,-0.0097821811280844,0.0547268668752287,0.022746336691759,0.0137755578510923,0.0566612814729832,0.0240438720009903,0.0621839409548814,-0.0323184082580743,0.0777698319388291,-0.0271243140173583,-0.0325229620643692,0.0469855472645195,0.0347075769848004,0.0304693714746762,-0.0143732717733814,0.0198272470670008,-0.0538153573839096,0.0185954451954706,-0.0762857491629463,0.0147886138643476,-0.0046628396800435,-0.048363065694147,0.1099981195266786,0.0437098449971267,0.0863011879376218,0.0262405382435964,0.0568933239155817,0.1575904628188069,-0.0436558882961832,0.072115783272624,-0.0327425870221059,0.0220099105844298,-0.0317281826429312,0.017703144695111,0.0593300032292822,-0.0296834708657943,0.128650645387411,0.0061615907512471,0.1567461290922023,0.0739421779569822,-0.0361340844423476,-0.007204648407299,0.1063730473717605,0.0762791723392912,-0.0287127526897392,0.0484937566583145,0.0476798112522896,0.0570712808069366,0.013708062145324,0.1215003244410466,0.1199699431415175,0.0723882314487036,0.0967242889587256,-0.1396717982972962,0.0067076370943863,-0.0766162030596916,0.1930464088658392,0.1446484736191449,0.1936888104295229,0.1429830419209108,0.0869503274117216,0.2179817645160848,0.0655936644321499,0.0034416518762014,0.096227980109552,0.0202156002947877,-0.0291216911414878,0.1177338970742325,-0.0682887405262183,-0.012233899823555,0.1286875261962288,0.0414624057996633,-0.0775800993042351,0.0571622896974663,-0.0593477116907508,-0.0309206858282042,-0.0413521779455836,0.1074111710184644,-0.1732267816555597,-0.0075060359694142,-0.0083284982308159,-0.1101540718060147,0.0514561169785874,-0.0390452547049862,-0.1219927050313087,0.1630912844189673,-0.229024208929256,-0.0232231544008457,0.1199784014489577,0.0571622896974663,-0.0667673444831723,-0.1079755808321737,0.1556966640738493,target,1278,6,242.8273816259912,0.0185326667753575,0.0203570849162448,0.0222078953481899,0.1855301266834259,0.2037943372746637,0.2223227605214667,0.1855301266834259,1236,0.7623230720699862,6,0.0893972511964483,0.0335774505651889,0.1776225443201309,0.0,-1.0235749879366949,-0.2612519158667072,0.2731980322445358,0.0915917246662681,219.3675940941893,214.59426870318583,242.8273816259912,4.931180494217277,0.012783331612417,0.0355496980890472,0.02086017690261,-0.0115741126208472,0.92193338599225,-0.0093673504467527,1.0,-0.0324159495306148,2021-10-06,24.0,3,-0.0058430349552612,0.0124458456195848,False,False,False,0.0,0.0,0.0,0.0447803213290078,1.5883345308184509
NSC,Falling Wedge,bullish,1,0.6689901951565438,3,87,1466,1467,2022-07-15,2022,0,209.2944003062861,207.26716348155676,275.3850810235458,186.29060600136395,2.896569106203333,0.0097807910846898,True,0.0594898858663286,0.0422131448411435,-0.0041111381093557,0.0395860091303523,-0.0023448670681132,0.0296290809386636,0.0373252182815451,-0.0280093959475014,0.0089834883155881,-0.0938639261875809,0.0888097012705839,0.0067391326489003,-0.0570200662924439,-0.072742091165725,0.0426688059424107,0.0305485781787304,-0.0138970678507851,0.0631747642799105,-0.0119028047817737,-0.0342198320216015,0.0501932362075911,0.0072045741212696,0.0551523158717953,0.0946607681967377,0.0338699443321033,0.0272020173541325,0.1056697422278163,0.1206566668350868,0.0213146376163828,-0.0049998852991487,-0.008280791517352,-0.0219535235366966,0.0725008735168877,-0.0008041819719365,0.0312285053785066,0.0922529892849013,0.0414513213304035,-0.0455848956271316,-0.0747055910530294,0.0396458473997605,0.0560448972973532,0.0147886138643476,-0.029252981093469,-0.0438749935378153,-0.0262399441997172,0.0763078019832736,0.1468306733761202,0.0471346595429533,0.0500894301569811,0.037333430249828,-0.0715025512592207,0.261593749147597,-0.0332696799439701,0.0623671677425938,-0.0772778162401542,-0.0021452477262494,-0.0733868775420261,0.1755683172056072,-0.0335630028126501,-0.0209711728591126,0.1069142411768029,0.0814324831723412,-0.1412665492581152,0.0206624791050105,0.0131288458143461,0.0185046386938523,-0.121714241446786,0.1069546028658865,0.128858061063992,0.0975130643098616,0.0393484804440833,0.0094281367131008,-0.1125332510816321,-0.0322673611673697,-0.0340168308657293,0.0242302263980609,0.2333035826499476,0.1051726783145208,-0.0005511140056589,-0.1161144461768378,-0.082506264010306,-0.0102552216011103,0.119396579247653,-0.0225115593323386,0.0467861960679438,0.0267064860529666,0.0096720243511279,-0.0559079499026797,0.0839105387364265,0.0975039530168053,-0.006941583993115,0.0833878233392728,-0.0704118139616206,-0.0011983697887028,0.0247871713694718,0.063075951394953,0.051295580788669,0.1036750851965995,-0.1143374242198622,0.0208623446154054,0.0025208465339827,0.0208623446154054,0.1902699267017062,0.1492388608473163,-0.1063660437841131,-0.0141870490829046,0.0052285865270109,-0.102439803221617,-0.1034219800189941,0.0828360802450896,0.3577080203606158,0.0725318087711126,0.1491533522375796,0.0121837069317811,-0.113685682302081,time,1526,60,194.5576019287109,-0.0704118139616206,0.1572546726734649,0.0820187491253019,-0.6406246805302863,1.4307432059376308,0.7462275433569997,2.873033893505045,1379,0.3505090020258715,7,0.1318791939837413,0.0073964435783064,-0.0995493932277166,0.0,-1.399926916152934,-1.049417914127068,1.2299261670449697,0.1552362922000768,207.26716348155676,186.29060600136395,275.3850810235458,5.101570808508636,-0.1332755276782311,-0.028993357309366,0.0245419545949637,-0.2019540468651164,0.503092653767502,0.0327020190760114,0.0,0.0200250992681341,2022-07-15,7.0,3,-0.1834545430442519,-0.1296991700409014,True,True,True,1.0,2.0,1.0,0.0273109186974411,1.26054904387433
NSC,Falling Wedge,bullish,1,0.7381429738819048,3,37,1643,1644,2023-03-29,2023,1,193.9856701097084,186.8947279233876,237.18476223949529,179.78432022717902,0.942441663442824,0.0379408358122737,True,-0.0299553631734199,-0.038641659635688,0.0405873849777975,0.0518338660285269,-0.0287845608225286,0.0501714203070939,-0.0259320450247004,-0.0004115115458266,-0.0255207824410738,-0.0032066660311075,0.0367592933958231,0.0053786394528718,-0.0200379315232623,0.005633172262194,-0.0041111381093557,-0.060499510941369,0.0025315695169514,0.0372189796210755,-0.0148957907791368,0.0903142476909406,-0.0022162865142821,-0.0374162154070573,-0.0348251698790986,-0.011131705872726,-0.034344615843987,-0.0145087783243941,0.0552161053407984,0.0661723674446974,0.1022404217262831,0.0145290472868246,0.035442496941249,-0.0435558483684934,0.0104195044901902,0.060421091948899,-0.0935936855157495,0.0296319987181274,-0.0209954483350562,0.1147735994782603,-0.0341312368936712,0.1220428328461535,0.0691460943637085,0.0310015633546989,-0.0454080005311687,-0.075024362001595,0.0281602311871274,-0.0317307056305705,-0.0403705706463942,-0.0609602176919802,-0.0213741128904975,-0.0052183214537493,-0.0633821720528302,0.0032954269470335,0.1642769544755586,0.0367006257121251,0.0852296193084916,-0.0589481534282344,0.0396352531034149,-0.0253334405875389,0.0046575751304358,0.0586933093871622,0.0586933093871622,-0.0514767996249229,-0.0262361866819985,0.0266290163820537,-0.0372610638232043,-0.0622736878668135,0.0733397893607021,0.0223466845731543,-0.0514702519142695,0.0158820428665678,-0.0102506830587687,-0.0439391285141744,0.1856833740874002,0.1633208059560007,0.2244825584783165,-0.0779562335252043,0.0343520915402504,-0.0027676043469645,-0.0335392329179211,0.0768901520432605,-0.1164594716443003,0.0336831833626978,0.1306621901067519,0.1121058284691836,0.0170448798481899,-0.0166463136555837,0.0413154104098818,0.1378223089308585,0.0080649087432478,-0.0298571708684445,0.0894514768798966,-0.0308036578025993,0.0670078751375746,-0.004641216423521,0.177095635633715,0.0181998956543909,0.1666449380628454,0.036402180857866,0.193515225509933,0.1364924066241806,-0.1352323916172223,0.1172251276946925,-0.2349673823672483,-0.2024696313600477,-0.1240902593683507,0.0376395756317964,0.1491169363514031,0.0014068010798362,0.1008337261089999,0.0869143651225035,0.1364924066241806,0.1894784931845827,-0.1095815197813173,0.0630108706811793,0.0268015051211787,time,1703,60,206.98423767089844,0.0670078751375746,0.0869676808151434,0.0548467032297024,0.9153050709060448,1.1879493132950043,0.7491875467705313,3.0419004170111266,1605,0.6143780153638997,6,0.0112172765927204,0.0125680984608331,-0.1448458391092429,0.0,-2.345092337811022,-1.73071432244712,0.5396806563555917,0.0858896812544061,186.8947279233876,179.78432022717902,237.18476223949529,4.532651337775578,-0.1136138181021662,-0.0890523831247628,0.0235981557305357,-0.0201391849561992,0.7487167047481562,0.0119753190044147,1.0,0.020625582598182,2023-03-29,20.0,3,0.0341798917944655,-0.0582193280887484,False,False,False,0.0,0.0,0.0,-0.0408238111463827,-1.223618137073368
NSC,Falling Wedge,bullish,1,0.700427559858894,5,61,1764,1765,2023-09-21,2023,1,188.3277946976704,189.7282037904888,240.78779932942803,182.5480238161125,1.355539600321384,-0.0073811329303727,True,-0.0163950128634616,-0.0073071871320335,0.0428493831863237,0.0023975055210601,-0.0197885755322828,-0.1078507913888136,-0.0021632470593051,0.0632022254496691,-0.0180489491090346,-0.0051217621400696,0.0024986610062502,0.0072045741212696,-0.0287845608225286,-0.004643425450077,0.0514662794636444,-0.0086207408455017,0.0195113580163233,0.0405104666760798,0.0179798123010672,-0.0251071755266257,0.0706676435917939,-0.0100380086674137,-0.0208010465030531,-0.0497331795852026,-0.0313495255392478,0.0359268268752375,0.0392388062494561,0.0760028419431693,0.0519645309220924,0.029816836177255,0.0229655016753411,0.0042496435338947,0.1016447725382501,-0.0248631019232814,0.0807016849069115,-0.0060180172452874,-0.0143732717733814,0.0882063215400763,0.0412170597138432,-0.0114097871328685,0.0371733893311354,-0.0902161058687788,0.0414513213304035,0.0121985423491119,-0.0692244374746964,-0.0720658474685968,-0.0028901822832468,0.0110305573845086,0.0604310397098541,0.0529454160638465,0.059250690433511,0.1095552713148015,-0.0182352415326335,-0.0275070510066548,-0.0020875018492527,0.0112153440857607,-0.1113690646658631,0.1117635403271799,0.0322473605308144,-0.0975822827804506,-0.1284966007193628,-0.0026278966058609,0.1570051424770067,0.0639354995194685,0.1029175104934649,0.0504111626205909,0.0174972023576913,0.0395050829457412,-0.0269289134692295,0.0456442407638046,0.0045296446975893,-0.0896318926217212,0.0360472529923856,-0.0576775771341492,0.1587222761698741,0.0759572371665209,0.0718808740493983,0.0458452118902255,-0.059228931173306,0.108330009677757,0.0367926162644769,0.0501227217845736,0.0263632475860926,-0.0756702882629349,0.1130431665335609,0.164564109693007,-0.0964206443460504,0.0080649087432478,-0.35073658942354,0.1228894962113622,0.1250254957521321,0.024930105686159,0.1657472979508498,0.076065679593771,0.0721659751375993,0.0688304370294043,0.1468634362793015,0.1382524287543183,0.0147388798332239,0.1384766583286634,0.1536255638196668,0.1266554123866503,0.0733972197196266,-0.0324570059670384,-0.0640045041020258,0.0045698697004601,-0.1126582684880681,-0.0276809361719589,-0.0476749931181568,0.1671714706043237,0.2032985915290814,0.0552747494772352,0.1210421939418131,-0.0928318038260735,0.1103945292074475,stop,1768,4,182.5480238161125,-0.0306899514797395,0.0208800641831801,0.0312950235383197,-1.0,0.6803550731243245,1.0197156407685952,9.076485159497857,1702,0.7565262289383485,6,0.096642668318323,0.0351869213459132,0.0472522544361486,0.0,-1.2650799990932573,-0.5085537701549115,0.235153777575563,0.1854257382760553,189.7282037904888,182.5480238161125,240.78779932942803,4.068367957911213,-0.0896848205876778,-0.0682367192717676,0.0215371176112051,0.0161674589718867,0.0489307195886125,-0.0055529925675321,1.0,-0.0228389293555625,2023-09-21,20.0,3,0.0926362919387648,-0.0185669646170264,False,True,False,0.0,1.0,0.5,-0.025030354287528,-0.3556841292534675
NSC,Falling Wedge,bullish,1,0.6832382296228968,3,26,2030,2031,2024-10-11,2024,0,240.0256096136119,236.534943437435,250.1802526149825,231.86938042106004,0.9313387378510324,0.0147575073917152,True,0.0109762335702729,0.0051778750436393,-0.0290964998245785,-0.0049448393433836,0.0283774359608208,0.0221896112518258,0.0331364430609644,-0.0066776863906705,0.016811147082558,-0.0004925697942038,0.0047388904164578,-0.0282717732932934,-0.0120634150896142,-0.0207870665181809,-0.0161104884023655,-0.0296756407642608,0.0202054043368888,0.0181694768763178,0.034195403419605,3.4649716357249005e-05,-0.0539940906386016,0.0663169260705642,0.0088731676636126,0.0058485560371861,0.0095992077677893,-0.0211342539102318,0.0489582098465601,-0.0462950941825409,0.0259739966290006,0.000654396576077,-0.0483865975200985,-0.043971559484309,0.054375995449805,-0.0758305581712377,0.0568457841595106,-0.0048468340653694,0.0866591800035971,0.047859752376131,-0.1277366088593967,-0.0100315748604292,0.0432903114499747,0.0162285225362299,-0.051464016208227,-0.0831878128864329,-0.1002532240518415,0.0174631552958475,0.0941890440639481,0.0649917415907803,0.0214563846303839,0.066703172819442,-0.0701524337228011,0.0379010493027431,0.0692356038615717,-0.0064608761366747,-0.1421264791411907,-0.0601809596269864,-0.0312433097747901,0.0122368801831065,-0.0517159301850834,0.0176946218776623,-0.0098723071517905,-0.0102340660001006,0.0356725027670234,0.0581958248362695,0.030037525263254,0.0197014633982197,-0.0582117861953568,0.0572961207386883,0.0948923939767686,0.0344591658124895,-0.0059042263972919,-0.1249508316668841,-0.0036748664369457,-0.0678407248202467,0.0989381950862982,0.1992072871583399,0.0565700132107689,-0.0788150892107293,-0.0024567061590339,0.1355885236936693,-0.0543383680640598,0.0047360542772993,-0.0139495410718889,-0.0345075302159293,0.0340635241599052,0.1875924019271153,0.0663036201892048,-0.1008345548388299,-0.0340168308657293,-0.0035213154018567,0.0018717824355454,0.0211609136431889,-0.0458116826073419,-0.0634539774944252,0.0859505602873902,-0.0856395829448326,-0.1880347944148539,-0.1177553840689903,0.0779093977591676,-0.1088109622738018,-0.160910727974211,-0.0844850341712742,-0.1192834208728238,0.0719610475419325,0.2870811216695235,0.2133506736552703,-0.2391176980531678,0.0549714103613969,-0.0804004729559142,0.1006930402199197,0.1523628246868849,0.1381936513060342,-0.1376546798349707,0.0163179126568082,-0.0396466267363163,target,2037,7,250.1802526149825,0.0423064981179186,0.0523574823731727,0.0145415525884747,1.2450168774859405,1.540802290834452,0.4279361139047411,1.2450168774859405,2004,0.5467978765476218,6,0.0818650505869516,0.0545727585909403,-0.153832265265399,0.0,-0.8755223635571417,-0.3287244870095323,0.5474709804952297,0.0542620679912694,236.534943437435,231.86938042106004,250.1802526149825,4.411341867716686,0.0505749283193739,0.0153811712148799,0.0183389581974236,0.029662766087245,0.9164883206503432,0.0032939046941966,1.0,0.0344260184626439,2024-10-11,56.0,3,0.0265681414758829,0.0279466519147668,False,True,True,0.0,1.0,0.5,0.0101447337277471,0.1052027791412323
NSC,Falling Wedge,bullish,1,0.7076182289311207,5,27,2455,2456,2026-06-25,2026,3,311.12863555889584,300.6216377561209,338.8873985047221,295.2091063667899,1.206829694394442,0.03495090333883,False,0.0331348482788946,0.0114186581084392,0.0528297566545037,-0.0031883854464102,-0.0407059552104651,-0.0145166529251584,-0.0479719341323371,0.0083112313984974,0.0166241795381125,0.008326891459935,0.0205938832685077,0.0934040914230818,0.0086439487343341,0.0256539918980722,0.0141065062384537,0.0125388709881884,0.0082265580036964,0.0230127662866919,-0.0536551231076253,-0.006822674671097,-0.0923723648798983,0.0093973503892899,0.031013001483476,0.0483736945733259,0.0127059538989275,0.0151629314484273,-0.0093161618930777,0.002994515883081,0.0080316197900074,0.0857395107886815,0.0307374758986409,0.0810252740145582,0.0691460943637085,-0.010738918957861,-0.0139867068710652,0.0173902099655876,0.059981118142842,0.0755131936043402,0.0145290472868246,-0.0749181600612941,0.0429436722275118,-0.0396799564109904,-0.0325797609533622,0.0763919723769623,0.0034490620825067,0.0282828929370244,0.1226150200412588,0.1089241217606842,0.0448346831375263,0.0815077795685264,-0.0382161110412339,0.0295399494774442,0.0146718641722294,0.2390471129763196,-0.08730388028585,0.0865967194289414,0.0430191704638249,0.0711264611641091,0.0777473931490579,0.0750105198323403,0.0098918106239813,-0.0255381144323697,0.0095741306329781,0.0359601998057828,-0.0349417355694536,-0.0242270037453853,0.0514169902984822,0.0702211043482805,0.0861180678409821,0.1272507931990487,0.0768084338049308,0.1177338970742325,-0.0609156425941634,0.058131342293328,-0.0610122256460172,-0.0706304795274678,0.0435451592592801,-0.0137327636464561,0.1930464088658392,0.0570712808069366,0.3070381217254578,0.1788119815099826,-0.0476869617159005,-0.0988223755832354,0.1903300547812481,0.17131750204545,-0.0471900961250307,-0.0341879235356138,0.0056212154276118,0.1177338970742325,0.0057042826843936,0.0766554594403433,,,,,,,,,,,,,,,,,,,,,,,,target,2470,15,338.8873985047221,0.0892195695711577,0.0965873103976776,0.0064028687853501,1.7436924554019546,1.88768635891786,0.1251366045320274,1.7436924554019546,2425,0.7661304399871673,5,0.0077745682917196,0.0873531235621132,-0.2234399879127392,0.0769230769230769,-1.1297293990188104,-0.3635989590316427,0.2085747773465771,0.1008059186243475,300.6216377561209,295.2091063667899,338.8873985047221,6.30362179205788,0.0583098218360291,0.00568499086111,0.020279976703828,0.0795430830057959,0.9670342568734523,0.0097426222607051,1.0,-0.0190127285337781,2026-06-25,42.0,9,0.2293539161924029,0.1859783778444868,False,False,False,0.0,0.0,0.0,-0.046702265838991,-0.8954982362527147
NDSN,Falling Wedge,bullish,1,0.7867783955285018,3,42,1354,1355,2022-02-02,2022,1,222.0397989002936,218.76547386007653,265.3610850574198,208.6703777479456,0.8954047450145819,0.0149672842905335,True,0.0054041987040136,-0.0092092002607071,-0.0109086474196065,-0.033695776014192,0.0203548252810064,-0.0231478244944725,0.021222824351327,-0.0467870393004021,0.036703334651321,0.0135839181351427,0.0072890713323134,-0.0004366184480955,-0.0060204926360017,0.0237967072600864,-0.0346322664192345,0.0839336357023408,0.0228225892099385,-0.0275556618755379,0.04949951503623,-0.0819382360795047,-0.0159662775353451,0.0039051120878397,0.0053030640627559,0.0005957241207177,0.0102420396451943,0.023986314850859,0.0859971517465505,0.0439725519097162,-0.0104006429518124,0.0070422083617529,0.0647555131069725,-0.0445517042291985,-0.0088731026564173,0.0179800270413912,-0.0110403588584835,-0.016917687203227,0.0480452489808567,0.0364808638599361,0.0063297891051414,0.0171162167713094,0.0295029568360802,0.0007586420573424,-0.0015240324716011,0.0260473588197303,0.0126872765759415,-0.0157740054619243,-0.0239528474177701,0.009842492703823,-0.0677195093225041,-0.0067814989525438,0.017056353966895,-0.0100986658591004,0.1111809112567372,0.0641370206046254,-0.0009021444673826,0.0999360969849492,0.0769233614454008,-0.0264326386872241,-0.0697312315117265,-0.0099095240243199,-0.0526965423839674,0.0448855792630114,-0.0015317096021387,0.0457875618732497,0.0684102641693824,-0.0962068952320913,0.1173596823622431,0.060640518361507,-0.0421681969300202,-0.0315441774447577,-0.0361855607127747,0.0204819440701373,0.0078372471182979,0.165676352277853,-0.0081952914270485,-0.0422104274303541,0.3488525259487347,0.0660183781234371,0.0313143803696542,-0.1286633634761336,0.0642983130391467,-0.0235282704103113,0.1524747584117238,0.0253899057493063,0.0790674744083463,0.0813730503532137,-0.0107048710838005,0.0440289277821064,-0.0707969250613844,0.0034858984619154,0.045460567802436,-0.0741272061961216,-0.0801204843343588,0.0034143908925037,0.1096458144889065,0.1209816283736968,-0.0357185806863821,0.1261354468337399,0.0806484283716666,-0.0421485889975419,0.0544787040356002,-0.0233578919628794,-0.0059043368042854,0.1445681186251817,0.1643333475036608,0.1472272364879809,0.235830581032914,-0.0083719580631144,0.0792882518778517,-0.1518224246683545,0.4443074188867053,-0.0292603642607621,-0.1279341442025716,0.1327111481593876,-0.1509023760859288,stop,1361,7,208.6703777479456,-0.0602118233693387,0.011148915392287,0.0854895786300123,-1.0,0.1851615640984614,1.4198138147323685,3.2403262387704825,1311,0.6120771056266245,7,0.0505120277080055,0.0422537458412131,-0.2318144365157097,0.0,-1.570729545929776,-0.9586524403031492,0.5559819892396317,0.1190894153058924,218.76547386007653,208.6703777479456,265.3610850574198,6.624746129497233,0.0077867077153814,-0.050593182249543,0.0296478731049726,0.0485300571305333,0.7514973205842079,0.0024742434954903,1.0,-0.0422992264449509,2022-02-02,10.0,8,0.0239688755654901,0.0029238875097306,False,False,False,0.2857142857142857,0.0,0.0,0.002534412253944,-0.09022420249479
NDSN,Falling Wedge,bullish,1,0.7872724107554664,3,32,2050,2051,2024-11-08,2024,2,255.2385952766244,244.05465238327383,261.72051297798293,238.08068519350417,1.3619205797976748,0.0458255672823102,True,-0.0285585304590115,-0.005117703233277,0.0309763993455249,0.0101779078955182,0.009821876295559,0.0014908030047444,-0.0176860356355853,-0.009595821219138,-0.0752060442472961,0.0161613617968279,-0.039692423164743,0.0005362446664749,0.016030083646884,-0.0382350214030188,-0.0046955869875611,0.0269764352250889,-0.0880936083426829,-0.1283962337034812,-0.0111500230340684,-0.004280021192432,0.0296853457624011,0.0128205250399793,-0.0154408386464613,-0.0038128996808087,0.0033561056323786,0.051683710216438,-0.0377492539978021,-0.0153671886513553,0.0154089679780955,-0.0219541121185818,0.0354830010302773,0.0521107211919513,-0.0033705420556366,0.0883248949976547,0.0059767757023521,-0.003206301175202,-0.0730676603189319,0.028308217373105,0.0289613076109271,0.1047359356833708,-0.0035920613164627,-0.0442768109987048,-0.0112862505886973,-0.037776366265175,0.0310983234151323,-0.0133351650664465,-0.0260801293477752,-0.0341991948926412,-0.0314187654506809,0.1196333794022259,0.1669475357893877,-0.1750230392576806,0.0218845610664732,-0.0454275884246574,-0.0691904932169854,0.3833952612434901,-0.0218946491866887,0.0329410090258182,0.0448350989860351,0.0477502316604683,0.1034737574280413,-0.0481730039121609,0.0228309163861519,0.0515496793999117,-0.0527065712465897,0.1237697470677301,0.012306166257467,0.0171417596785106,-0.0613113789825886,-0.2265751091582309,-0.2126772798636313,0.0546388840649663,0.0894118239218269,0.0105864354908198,0.1070303404601127,-0.0398229714348689,0.086362725640068,-0.0608623890799702,-0.0250044207083385,0.0781692057888532,-0.0782335476914302,0.0838593808303873,-0.1024879283942887,0.175919511247693,0.0568303792610922,0.0516565898779783,0.0605169470433599,-0.0740928849168548,-0.0345373046376299,0.0455571422368747,0.0056604530156674,-0.2511330277590469,-0.1795013303945065,-0.1844728702652831,-0.1496699991631328,0.141457715015407,0.0679108735042701,-0.0945255196948602,0.0146292314047704,-0.1806637818089279,-0.0701145702897868,0.0888061197278067,0.1043999361763032,0.116161312745217,0.1658951724466579,0.1416531880421727,0.0369399790888655,0.015994852118333,-0.0065335319643742,0.1199238242908899,-0.1035439678451798,-0.1215337900960277,0.0419860370366274,0.0546562599678106,-0.1986927974296486,stop,2073,23,238.08068519350417,-0.0672230234793633,0.0175009981547809,0.1423342968493185,-1.0,0.2603423239383687,2.117344467450403,0.3777801416348115,2016,0.6080637269803135,7,0.101641041348727,0.0879886325882102,0.1807405853351515,0.0,-1.0666000021732078,-0.4585362751928867,0.5931718288983774,0.0645570048321504,244.05465238327383,238.08068519350417,261.72051297798293,4.7060667738086535,0.0389838391522407,0.029927979219414,0.0184964484787303,-0.0573581210364461,0.4323251254608449,-0.0018037671518662,1.0,0.0321095026154012,2024-11-08,44.0,19,0.1154136431004471,0.1336779608476321,False,False,False,0.0555555555555555,1.0,0.0555555555555555,-0.0140565840209015,-0.0936868423649504
NI,Falling Wedge,bullish,1,0.6822926641636692,3,54,803,804,2019-11-25,2019,0,21.207634275907587,21.105824432806838,25.2451667857264,20.67470211201185,2.4227365684906634,0.0048237794938965,True,-0.0026433494032049,0.009673043638721,0.0122773093283223,0.0024822793004251,0.00533143474657,-0.0397279321597922,-2.6131826702524563e-08,0.0037189156682786,-0.016686340992231,-0.0068242526421011,-0.0004552762210093,-0.0108146135037529,-0.0552984572453826,0.0055017185414438,-0.0387181980183441,-0.017461003091578,0.0060581750982522,0.0493926699406004,-0.0367893685499252,-0.0140584315649513,0.0313092317460204,-0.0236661776962791,0.004578067769158,0.0196373454682576,0.0192544723380574,-0.0054182115560477,-0.0281638992144799,-0.0147507404734069,0.0069730741274056,0.0525272456729801,0.0257509678217766,0.0101681624247504,0.0350178430094201,0.0085437514835002,0.0439999983415158,-0.0022976633114195,-0.0032210427519731,-0.0180652978529377,-0.0886123394171053,-0.016973652801201,0.0040438840383065,-0.0086611873650153,-0.0054972950040259,0.0139516027712041,0.0510132330866905,0.0166209238167607,0.0358763500012555,0.0058858663738088,-0.0085051494709919,-0.0150437421537881,0.0735981826629361,-0.0005987910500596,0.0315737424397348,-0.0416348665698841,0.0379851817438037,-0.0605824230081537,-0.0222635468527506,-0.0216090722782503,0.0360635208613131,-0.0003626165981778,0.0654862094446917,0.045556974032872,0.0647011746131329,-0.0219148375328311,0.0569803179219368,0.1037781102820256,0.0760777639217216,0.0090680394492512,0.0154586414083289,0.0981873242513495,0.0440209151067678,0.0789412513927707,0.0840028973336888,-0.0291245551096261,0.1015096673651327,-0.0913098132874843,0.0736928861191779,0.0617631148073287,0.0208067429851399,0.088215221757915,0.0644801872431337,-0.0401727981372848,-0.0107166961976448,0.0147579725056941,0.0038675999387407,0.0249856469696165,-0.1157353291926176,-0.0525797218306173,-0.0002130337346192,0.0002032176359429,-0.1465499146871665,0.0916460970574885,0.1124464581275606,0.078640225999816,-0.1406418391981191,0.1093755288966253,-0.0181179304742499,0.1340442239405836,0.050760161571292,0.0996827680184384,-0.0144744001418054,0.0135108378147581,0.0684855717959336,0.0281191620012477,-0.0677745902284403,0.0656729550513866,0.0445733778751711,0.0324935409376727,0.2054783383574494,0.1750302244956809,0.0329240376074007,0.0503832025125403,0.0431107343514067,0.0162071643259011,0.0660043046520169,time,863,60,23.592357635498047,0.1124464581275606,0.1584656873076972,0.0128398828136677,4.474722152549624,6.306022734930033,0.510953470826825,7.576072122020986,749,0.6836580077482619,7,0.1259145473563967,-0.0079702520162847,0.5228770383428825,0.0,-1.4370803470320457,-0.7534223392837843,0.2189330394564539,0.1042169804125739,21.105824432806838,20.67470211201185,25.2451667857264,0.3037671351350712,-0.0509699881960578,-0.0500604721521712,0.0142857187222639,-0.0187127895668061,0.8799972534179743,0.0018965040822531,1.0,0.0332015728724757,2019-11-25,1.0,25,0.0791040153404163,0.0351563791119751,False,False,False,0.0416666666666666,0.0,0.0,-0.0071596148148571,0.1353655042689069
NI,Falling Wedge,bullish,1,0.6433955171532458,3,23,1691,1692,2023-06-07,2023,2,24.63632434395674,23.79450111192739,26.960922024926305,23.8118582650675,0.9380522774387066,0.0353788981777547,True,-0.0047638352848176,-0.0295166341905763,0.0057735881489231,-0.0167131579443626,0.0273308550629085,-0.0153442418530139,-0.0335594720182411,0.0192374377095629,0.0037384576093835,-0.001714655715489,0.0249534242288396,0.0083683400027141,0.0153896430572306,0.014563284397842,0.05652356064698,-0.029641414797462,0.0086778563861695,0.0236948512542816,-0.011999811003359,0.0083683400027141,0.0311445005291566,0.0078312021231368,-0.0120949646762133,-0.0051303424107052,-0.0321135082295325,0.0640326154678609,-0.0228280233418959,-0.0690508155375627,0.0234135864129574,0.0089910773000201,0.021962123296658,-0.0111649949876713,-0.0020364569221674,-0.064332480734659,0.0410450485446474,-0.0094623384100608,0.028677119146282,0.0404301517350489,-0.0072336891593911,-0.0447916655100388,0.0099746069928527,-0.1164256492049109,-0.0408434250462483,0.0802111917964256,0.0448512053372984,-0.0039013017694774,0.0084277115408764,-0.0233548383948953,0.0654862094446917,0.0086052534628509,0.0418460597761258,-0.0487908792790405,-0.0328768752171015,0.0313473646658155,0.0208969778460006,-0.0879912003105941,-0.0420978088249792,0.0249701887874869,0.0364681347918895,0.0123459184169467,0.1367636143754222,-0.0542818820648084,0.0100706759874442,0.0086562614599206,0.063846041832503,0.0727044266094003,0.0893662563560664,0.0431101114186065,-0.0115945309358559,-0.0198240729633939,-0.0710401860991144,0.1087525617105571,0.0183851729051534,-0.0652678786880734,0.0241225650173653,0.0502016504787945,0.056183621662867,-0.0240450617407126,0.0144952717523665,0.0464219664913798,0.0201805649465276,0.009155632767182,0.1295954849643028,-0.0418006791052725,0.1951818614670579,0.0999230486617159,-0.0272873861992229,0.1166253561110601,0.0105010411501167,-0.010235078302173,0.0804455381611424,-0.0604008356740006,-0.0179755887771478,-0.0794964635897182,0.052205438378601,0.1196982019161303,-0.0856061167783822,0.0126323323998831,0.0638525653411323,0.0190888052590074,0.0390707646321892,0.0281191620012477,0.0695527619540505,-0.2295435069097258,-0.0253952260289489,0.0324495863817384,-0.0656325844885136,0.0146983512752645,-0.0271257660465319,-0.0207372078966066,0.0996526066741736,0.1008870765861837,-0.1032336222845434,0.1224020941930852,-0.0288273746051196,stop,1738,47,23.8118582650675,-0.0334654661701383,0.0502013339293188,0.0360928925470524,-1.0,1.5000936689211304,1.07851157260312,2.819518886818691,1666,0.9651903875270812,5,0.0139600194457051,0.0114526345707148,0.232644322040175,0.0,-1.5813992852998613,-0.6162088977727804,-0.0089812833909945,0.0760133386508837,23.79450111192739,23.8118582650675,26.960922024926305,0.4352585013673768,0.0143342676347506,-0.0150012506515864,0.0175964254218326,0.0141652937712135,0.8749996688627679,0.0040801438688362,1.0,0.0380111563353153,2023-06-07,55.0,16,-0.0284201063292318,-0.0231978066396055,False,False,False,0.2666666666666666,0.0,0.0,0.0035970548087625,0.073405928255993
NI,Falling Wedge,bullish,1,0.6738370065057061,3,36,1756,1757,2023-09-11,2023,2,24.67624958139319,23.768728354535327,26.13927273776217,23.545278652457867,1.6522668251710644,0.0381813117353708,True,0.0169802599051078,0.0209072718440053,0.0490388632535292,0.0169802599051078,0.0017237493291017,-0.0007268004423235,-0.006350366101358,-0.0321667369138694,-3.2241483483019806e-08,-0.009058684024867,0.0271336180952452,-0.0023384623380808,0.0319008863817116,0.007119264139872,-0.0360452610154211,-0.0320107904188302,-0.0311191678055704,0.0058823385243482,-0.0304648927364583,-0.0127341706243969,0.0034659436281883,-0.0096029487422284,0.019948929412497,-0.0143965290212448,0.0151268025319216,-0.0206350546919529,0.0101095507236157,0.0209301451377188,-0.0573560945695662,0.0304728896797188,-0.1967324593574235,-0.0472662492347625,0.0422090537492536,-0.0537950201474669,-0.1164256492049109,0.0007662665366747,-0.0184032506844167,0.017813373756764,-0.025379637072931,0.0226110266930283,-0.0253304629127664,0.0366998649505285,-0.0355367052248546,-0.0349693999605765,0.0478848161011671,0.005720120765413,-0.0719825552804201,-0.0425940963750048,0.0164167807650654,-0.0831160256616244,0.0548609113420495,0.0548609113420495,-0.01113692989007,-0.0216549675721885,0.0671167335286817,0.0807523576675495,0.0488853096651713,0.0195667506185293,0.0316384155441511,0.0064261048374683,0.0217392803115634,-0.015339860976604,0.0129081625270115,-0.0135778871138562,-0.033715047189993,-0.0369417652436675,0.0193551537869278,0.0470867549325073,-0.0852891124414563,-0.0570722114393436,-0.0353177711924832,0.1016474840833097,0.0780562767138046,0.0388177540106966,0.076812586442136,-0.0035397003017789,0.0137017826333663,-0.1578857338205954,0.0332228560796714,0.0783565357438651,0.0324851943342359,0.0128462845818226,0.0644801872431337,0.0081732348170058,-0.0069543277018162,-0.0010037711297149,-0.0870462631049263,-0.0278659265555242,-0.0629601233221739,-0.0123218275959672,-0.1291605096264121,-0.0595653111155505,-0.0253803684363288,-0.0505745794936803,-0.0304244017373871,0.0126971873987682,0.1326299683885905,-0.1499865452011846,0.0237811623320827,0.0253650141782786,0.0805111200117856,0.0402438060713188,0.0318971356261921,-0.0226368410215905,-0.0165383516563645,-0.067539037623536,0.1495379225977968,0.063346440627374,0.0995580317466531,0.1401709380996636,0.1530101670838111,-0.0946181514344015,0.0272839769645998,0.0947495131261588,-0.0600323212152593,stop,1767,11,23.545278652457867,-0.0458323670785092,0.0299003096471794,0.0502030001274852,-1.0,0.6523841458147089,1.0953612769222518,1.2935992596611172,1718,0.8490491423314068,7,0.1534990276197693,0.010366472906252,-0.3975320243335476,0.0555555555555555,-1.3067247348519702,-0.4576755925205622,0.1450717911952589,0.0715902234171864,23.768728354535327,23.545278652457867,26.13927273776217,0.3552505400271875,0.0011627035009669,0.001603364951308,0.0144017731143822,0.032113699514241,0.4857139743107702,-0.0022247018428573,1.0,0.0062830852838873,2023-09-11,55.0,16,-0.0186022132291634,-0.0652505487711924,False,True,False,0.2,8.0,0.5333333333333333,0.0405683479832371,1.436581060167307
NI,Falling Wedge,bullish,1,0.641489298732982,3,37,1866,1867,2024-02-16,2024,1,24.07123061247942,23.618196195565037,26.122690695481893,22.905965096308805,1.3038191224056557,0.0191815841126536,True,-0.0073358532040016,-0.0239515789209582,-0.0228817413943565,0.0010977668517875,0.0238547007862302,-0.0018643382907009,-0.0587728204746532,0.0095649675372011,0.0243466546210242,-0.0250349437848386,-0.0086922362750277,0.0134203856456915,0.0164127515053844,-0.0033937641195979,0.0086542423936324,-2.6131826702524563e-08,-0.0126101252238993,0.0111430789484971,0.0174639408054186,0.0020731756910825,0.0025198921696723,-0.0070121592145874,-0.0068503233063083,0.027413279690178,-0.0018802389849297,0.0630265690003346,0.0215686315689496,0.0462555696808275,0.0174346760787338,0.0216821359598118,-0.0402559980460168,-0.0013520060618394,0.0011022025028437,0.0080952473103597,0.027413279690178,2.0605097006409778e-07,-0.1146384396637222,-0.0297812492797187,-0.0167738025864676,-0.017801161824968,0.0063661369684813,0.0087787295572212,0.0088225005588296,-0.1273364436512642,0.0043036928613016,0.0330677558564357,0.0289575429687496,-0.0046626118251928,-0.0051106824779306,0.0149600403114495,-0.1051302792298854,-0.04795104031745,0.0158410928755607,-0.0045521810695587,0.0812561218835692,0.0867841905605864,0.0287314295561325,-0.0583891211843878,0.0759523619289461,0.0121913588862254,0.0047168695965758,0.0342919564623542,0.0002133582424697,0.0849168832966897,0.0291371052815223,0.0135882942236811,0.0310477380573472,0.0382458897518367,0.0124204736369629,0.0254827326883244,0.0106662453410284,0.0407324872704977,0.0862010073913894,0.0354649211807851,-0.0532614050460378,0.0464951805808289,0.0046902032384146,-0.0172221008228983,0.0513563745122518,0.1206856875187707,0.1344055059529512,0.0374614404919482,-0.0235382088432892,0.0491644701336282,0.0142003192816917,0.0079444859477875,-0.0038036973189398,-0.0381033226966679,0.0585618239619227,0.1246432391536875,0.075615580774309,-0.0121019669448271,0.1253454347326035,0.0706845183955331,-0.0134273527624136,0.0147564750867321,0.2113173268482819,0.062371629513706,-0.0781658595902654,0.143129377482793,0.0602583764773485,0.0597035293067951,-0.0722913668084921,0.0101592701674588,0.0884716432041998,0.1090100907730158,0.0826511207944586,-0.0207372078966066,0.1564565852102646,0.2035438261402131,0.0348759437710224,2.565258341302723e-07,0.0337030878911037,0.0467448630086932,0.0687188539753963,target,1912,46,26.122690695481893,0.0852245618858771,0.0895752657436543,0.017374439801049,1.7605087034104752,1.850382465599303,0.3589088850651754,1.7605087034104752,1828,0.661361936135505,5,0.0683077252255416,0.0251968776426478,0.3126619423445835,0.0,-1.0007132349020456,-0.3393512987665406,0.4302999526603098,0.0988159363681382,23.618196195565037,22.905965096308805,26.122690695481893,0.4525476589520819,-0.0051450332046343,-0.0013536364665347,0.0188003501525855,0.0086186365227509,0.4857139743107618,-0.0030804224167826,1.0,0.035404219624634,2024-02-16,28.0,24,-0.0043455489133862,-0.0174686956663696,False,True,True,0.1739130434782608,11.0,0.4782608695652174,0.0151169564849574,0.4784394746022822
NI,Falling Wedge,bullish,1,0.6943210460629226,3,28,2504,2505,2026-09-03,2026,1,41.380001068115234,40.72554951357938,46.79224347933359,39.86973602092823,0.8165777595404186,0.0160698029210786,False,0.0007249583983213,0.0107248698510562,0.0401868423851661,-0.0011691025501959,0.0386340854423363,-0.0367893685499252,-0.0133133811146104,-0.0360879635026542,0.0026335310766232,0.0307197564159129,0.0286156660511156,-0.0270270277127103,-0.0146903719677937,-0.0201229313688838,0.0238547007862302,0.0062379541768831,0.0070836839471335,-0.0045091581367702,-0.0007916368535666,0.007254188755845,-0.0227390920474304,0.0155357175486388,-0.0004508462407458,,,,,,,,,,,,,,,,,,,,,,,,,,,,,,,,,,,,,,,,,,,,,,,,,,,,,,,,,,,,,,,,,,,,,,,,,,,,,,,,,,,,,,,,,,,,,time,2512,8,40.63999938964844,-0.0178830753834126,0.0193329921800551,0.0207830011636762,-0.4899813313200302,0.529707840720152,0.5694368759664972,3.583637468998645,2475,0.7418513903152901,6,0.0261060064253791,-0.0217937920908528,-0.1706216976160428,0.0,-1.3236217226079017,-0.5817703322926367,0.2516946664705983,0.0917852961348249,40.72554951357938,39.86973602092823,46.79224347933359,0.752856935773577,-0.0651570124741267,-0.056714213609586,0.0180714579580187,-0.1028500761075644,0.7636340937307098,0.0036451447295162,1.0,0.0059982114164236,2026-09-03,13.0,27,-0.0521410297863443,-0.0171851855294317,False,False,True,0.1923076923076923,1.0,0.0384615384615384,-0.0212240349626688,-0.6327947714366723
NOC,Falling Wedge,bullish,1,0.77749501000666,5,43,963,964,2020-07-16,2020,0,275.82554767025687,269.1420271352049,342.148170678556,256.6970822520963,1.155872296437659,0.0248326900343009,True,0.0235737468530545,0.0202185604779863,0.0054636604200424,-0.0135985015890324,0.0248667098809638,-0.0244795686547354,0.0160918251815109,-0.0091823894306408,-0.0436828130119356,0.0096836850565027,0.0429816750945601,-0.0203584621019331,0.0094373562203171,-0.0168363822115643,0.0014085894656519,0.072475128352899,-0.0672418961919585,0.0405936983554293,0.0043652782877587,0.0017697530190878,0.0320982155496423,0.0272777502616234,0.018917081255345,0.0659149007864021,0.0594525043984119,-0.0135194772080649,0.0768869783631915,0.0123896070274072,0.1066147391735901,-0.0173209219497596,-0.0322660964552679,0.0108261216006559,0.031818118143736,0.0059590610439745,0.012851157973803,0.0195506353570624,-0.0040885234262353,0.0221014280693969,0.0474914121480081,-0.0051869811150969,-0.0184447607385144,-0.0059560681785637,-0.0036754091090906,0.0081522415381904,-0.0216514984276471,0.0542883125948633,0.1071440033513206,0.0606980396359213,-0.0501300817964988,-0.1711296013129926,0.0976156675892123,0.0919144280659542,0.047332671269519,0.0421871505309134,-0.009399916480809,0.0230911063185641,0.0623079439173683,0.0217306573055739,0.0278534403136572,-0.0398604236456298,-0.0261756346603744,0.0734579690522514,0.0480549460718935,0.0283488394117101,0.0291482595931349,0.0188926835355314,0.0722807420500994,0.0690632103005317,0.0843148004798401,0.1126167432665499,0.0747764777642698,-0.0457316592534112,0.2119615631621476,0.0373126407377164,-0.2200756309554168,0.0467060976254201,0.0897304883007539,-0.0631917979710023,0.1278065268970389,0.1563225795375775,0.0593674173236904,0.0451721312528246,0.0547800799517022,0.027286791523382,0.04977079680725,-0.0375579123273365,-0.0229303502682175,0.0545291807434535,0.1898877084801711,0.0422043827814477,0.1170065864326788,0.0665988622274563,0.0351329515806055,-0.0467561674152228,0.1677525562467996,0.0442002802521397,0.0267949698634675,0.2601657351935151,-0.0924712514381778,0.0578494457942695,0.1392189473011034,-0.0036881690601454,0.0065435928343575,-0.0971753416154372,0.0776628797504592,-0.0044906235900359,0.0329990211026427,0.2099846818201634,0.076052109849696,0.2004560190867326,0.0556919258012709,0.0096979909073859,0.0546276600940243,-0.020670062329926,-0.0249271668126096,time,1023,60,285.51611328125,0.0351329515806055,0.156086748382248,0.0150398071911422,0.5066044452156063,2.250714415163118,0.2168685759503432,3.4672213143314923,920,0.7162883252836434,5,0.0305463638553253,0.0982680330737044,-0.0486751658644464,0.0,-0.982214779217591,-0.2659264539339459,0.2337502916616887,0.2344910104635783,269.1420271352049,256.6970822520963,342.148170678556,6.8661649385803605,-0.1017533330656099,-0.046464909759739,0.025073501082597,-0.195150075908439,0.7542178913923144,-0.0042891237234419,1.0,0.0338239276996645,2020-07-16,21.0,5,-0.2007398011214711,-0.0946150060463963,True,False,False,1.0,1.0,0.25,-0.0017787941058352,-0.1402597422376372
NOC,Falling Wedge,bullish,1,0.7816685476872006,3,28,1686,1687,2023-05-31,2023,2,413.67227875954745,411.2895964904256,455.0156632557514,403.0972796473425,1.4440011351685225,0.0057931984894672,True,0.0379605072130788,0.0177257617974153,0.0467753339760166,0.0044190658847655,0.0073233407919657,-0.0121432117343274,-0.0121293409099144,0.0248401447601727,0.0449143278942836,1.6950956638339679e-07,0.0301506760760488,-0.0394032491569193,0.0193298618916331,0.002288012247215,0.0001060042885974,-0.015996262785292,0.0233193259226038,0.0614938710693395,0.0098282429522589,-0.0127246922982947,0.01976485832698,0.0030644706617983,0.0276994597446539,0.025482356030569,-0.0201776287395107,0.1367853848560243,-0.1425279244463835,-0.0063481968737332,-0.010445707648369,-0.0267633815602216,0.0024938947244372,0.0060554342777403,-0.0337405841956821,0.0415011184798475,0.11932643502035,0.0261406680697238,-0.0061544129603712,-0.0516811227948613,0.0412472371525409,-0.03069372312953,-0.0249353218080644,-0.0028955693418404,-0.027237793818598,0.0046688777238004,-0.0272922463119562,0.0261072027598263,0.033083638153448,-0.0186932971891486,0.1471296183915496,0.0779496706253108,0.0027254982925519,0.0037538875841942,-0.0597416454558796,0.0017370320015706,-0.0594358855269911,0.0781421386512557,0.070488836132136,-0.0346125116356172,0.0275661905959188,0.0899521043747453,0.1084678588616878,-0.0124617520762586,0.1153529356520008,0.1163204287623973,0.0364364078594789,0.1181189813255021,-0.175635515716608,-0.0553663829580058,0.003239243366401,0.0295576884551551,-0.0673768154582938,-0.0028870003905026,0.079483974831044,0.1728205394515085,0.1608018400002255,0.0706499598412702,-0.0796893219749179,0.1686625262314836,-0.0129252540947056,0.1156142645290236,0.1538159496507192,-0.0352673324965743,-0.1827188732525789,0.0672577254794286,0.0420342219276559,-0.0586887336112132,-0.0373804040407188,-0.0385215083680107,-0.0715088670251805,0.1494290674075815,0.0779675254849483,-0.0073898265238691,-0.0122336128229275,-0.0684757486953354,0.1541768799671732,0.0465513999891722,-0.2667713791695081,-0.0331858943310253,-0.0366690197496957,0.0575719620508097,-0.0243925364625774,0.0310168217527295,0.0970709221023282,-0.0314414846244879,0.217583885481329,0.2391790862217424,-0.0381511784097305,-0.0971753416154372,0.0363222389897535,-0.1131967468475768,0.2286606478131678,0.1455644553183324,0.1576843734775439,0.1767454477289565,-0.0595908398070775,stop,1738,52,403.0972796473425,-0.0255637122794777,0.0592072946300129,0.0344346400707019,-1.0,2.3160679475157395,1.347012503279725,3.909540233293079,1656,0.7289442604782598,6,0.0537534638665806,0.0445058132546618,-0.2577151308551125,0.0,-1.2561228183602298,-0.5271785578819641,0.3228524683808343,0.0742380404125918,411.2895964904256,403.0972796473425,455.0156632557514,7.335437093458803,-0.0924420545518943,-0.0389033742297478,0.0177846040541383,-0.1636730770991945,0.1290795812656221,-0.0007986464200301,1.0,0.0170625857474702,2023-05-31,60.0,6,-0.1659443685564972,-0.1070853052131073,True,False,False,0.8,1.0,0.2,0.0060622122738973,-0.0283116281939148
NOC,Falling Wedge,bullish,1,0.7396567250214962,3,49,2092,2093,2025-01-13,2025,0,459.81797963108176,448.8618937948354,534.8030991396095,434.44386009872414,1.3329463711934326,0.0244085897860915,True,0.0653417285749113,0.0333580600992915,0.0562915555666252,0.0031293681345783,0.004398625438936,0.0875791558993515,0.0756646154465381,0.0054636604200424,0.0195942106442741,-0.0227021867972149,-0.0451481487724976,-0.020457165576208,-0.0066038820496759,0.018757683128866,-0.0883673368435168,-0.0011561879132085,0.0351970080213364,-0.0163020875170553,0.0267973126431246,0.0383179578372609,0.0148974872220932,0.0068054405731847,0.0557338742995696,0.027729189176439,-0.0067702541289376,-0.008682641941109,0.0780283440269793,0.0690611806121728,0.0064856449291148,-0.0558418784868629,0.0120142866816423,-0.0260696170617645,-0.0068618942323602,0.0416374801230758,-0.0266130751209153,0.0028004744571277,0.0222554828971044,0.0389000541355442,0.0892321511728344,-0.008938807089752,-0.061320528168808,0.0286913272502369,-0.0053100242481534,-0.0052982346837782,0.0329018924113071,0.0168756082932572,0.0006969020731864,-0.0351542881573125,0.0383152709312337,0.002634247743902,0.1075100635997323,0.0891139510815324,0.0577535198510608,0.0264324695708935,0.0353573271159937,0.028184455956381,-0.0415817203273158,-0.0411918292140298,0.0097331795426975,-0.0527888299974269,-0.0227961401459276,-0.0747492505789568,0.0428565508087506,-0.0733927363585966,-0.1711296013129926,-0.0179558922223277,-0.0025101619688124,0.0080276125747402,0.0033057777406598,0.0078543814261098,0.0514747343651074,-0.1249435838161628,0.0919873678966562,-0.2345910967072211,0.1030119618585407,0.0040276418556166,-0.0594337104114345,-0.0566715771065003,-0.0931343005455206,-0.0697399722674758,0.1036989816107971,-0.0159816628836211,-0.0996409674690482,-0.0650186196388167,0.0453593043972126,0.0644080674775029,0.0566854820709341,0.0205818159897603,0.0122483874402967,0.0216175785711609,0.0942175173891883,0.0179199506405165,0.0867686376210703,0.1451052268894979,-0.0171957256702717,-0.0040051566537555,0.2429208805627738,0.0440470376930921,0.0548404973579448,-0.1535439443030254,0.0993756154232694,0.2401278654796812,-0.1015821127720177,0.048597411955624,0.0570001986385564,0.1567849677003323,0.1323556481032033,0.0729735084487273,0.0498368333044256,0.1417005927280255,0.2011815344361798,0.1563118320336138,-0.0114677331394297,0.0700550675372573,0.0127528966778599,stop,2115,23,434.44386009872414,-0.0551829651217979,0.0721420092438892,0.0831239530810718,-1.0,1.3073239012195126,1.506333574094894,2.9551811408827446,2043,0.6675043279196493,7,0.0824374267415994,-0.0091063138862947,-0.0025833108801458,0.0,-1.6169592104028376,-0.9494548824831912,0.4063961399769215,0.1021067832244329,448.8618937948354,434.44386009872414,534.8030991396095,8.17584000679986,-0.0144344210749294,-0.0277310905193228,0.0178231351646882,0.1018204930798656,0.7320852141614528,3.8746881036999525e-08,1.0,-0.0396951154924442,2025-01-13,11.0,7,0.0052755468336223,-0.0416857310963387,False,False,True,0.1666666666666666,2.0,0.3333333333333333,0.0034811908448455,0.162420522799892
NCLH,Falling Wedge,bullish,1,0.7794627403678394,8,66,703,704,2019-07-05,2019,4,51.650001525878906,53.247501373291016,61.77799835205077,49.9302468278079,1.5568802223942684,-0.0300014048774392,True,-0.0360116274037207,-0.0482672126165026,-0.0197408241346802,-0.0314350043430237,0.0248948616188908,0.0644104980803659,-0.0023456740835984,0.0249671352049525,0.0765184310447402,0.0314516415581132,0.0127194093750331,-0.0052469745566768,0.0503990251934245,0.156517116060233,-0.1099290885673932,-0.0425226649150286,0.0055420797631109,0.0581506790906765,0.0756729167447671,0.0355124752373736,0.0383412155736064,0.0966607571822024,-0.0630385279600752,-0.05905136421399,-0.0595902785882114,-0.1226357138534728,-0.1058234505823235,0.0672315579330722,0.0857325136981617,0.0,0.2576687571224911,0.1088376175329934,0.0754257743817794,0.1227799363711432,0.2414634807275788,0.1130435057943446,0.1645866349905937,-0.0339976519263047,0.0448543163008547,0.0895787780627672,-0.1178097413401042,0.0749102621327288,0.0718563470770516,-0.0322807044313665,0.031769777915604,-0.1159109641093697,-0.0813165660960352,-0.0665361137226152,-0.1324827756022959,0.1371757411203578,-0.0447353899747547,-0.124834001464707,0.0412735540494533,0.1518453068155614,0.0813484514062941,0.3788768099027366,-0.1687556146827935,0.0396000886930232,-0.0235815921112062,0.005438075935759,0.0389884312301649,-0.2668902934602437,0.0669989370572687,-0.1556540328287275,0.1848057988607683,0.2108075537347904,0.1129398628787381,0.0760992333081995,-0.1117797733394545,-0.0174250048265335,-0.0020722497894339,0.2644305359084422,0.0639426886501466,0.1213221964868342,-0.1639175447270806,-0.2215843549230655,0.0710081046175801,0.3267031076787903,-0.2240802392414864,-0.1591280662447634,0.2655485729773754,-0.169236440862214,0.2485293430853072,0.0908764609475165,0.2016690228877191,0.1499697346336368,-0.0767680125740832,-0.0559983989654087,0.1270656151867994,0.1444599882803727,-0.000378295028707,-0.0676467057652191,0.0023233093579801,-0.0014827032806232,-0.0294576350171061,0.2186651498950389,0.5597447648866407,0.2244604981912434,0.1951710385117859,-0.0294576350171061,0.0656508970745735,0.7233201497592898,-0.0082014875308338,0.5524816910438184,0.1475009780877347,0.0229910902968197,-0.1148493994220501,-0.3011463770636451,0.1385542496302692,-0.0510455050444444,-0.0794836993933089,0.056253775317743,-0.1125711652830797,-0.1179009458842427,-0.1007107122939768,stop,705,2,49.9302468278079,-0.0332963145646634,0.0017425004826533,0.040658319976354,-1.0,0.0523331337247346,1.2211057141892756,5.889210151617617,633,0.5711746836173007,5,0.0366860297465491,0.3774968544420487,0.1481853926623193,0.0,-0.9468954540135626,-0.3757207703962618,0.6446701269122672,0.155339878330501,53.247501373291016,49.9302468278079,61.77799835205077,1.3285713195800777,-0.0032970655434367,-0.051962307727508,0.0255740384998774,0.2760992859553732,0.1157900231692479,-0.0005685894664752,1.0,0.0530602684905601,2019-07-05,59.0,3,0.1790641719538461,-0.044069777317871,False,False,True,0.0,0.0,0.0,0.053151370993858,1.0981455071961597
NCLH,Falling Wedge,bullish,1,0.6419675255583132,3,21,718,719,2019-07-26,2019,2,48.9900016784668,49.22800216674804,55.884998321533175,47.75500174572596,1.3830062782653745,-0.0048346566548663,True,-0.0314350043430237,-0.0007606747619457,0.1121868610829939,-0.0265632831898798,0.0180873312416725,0.0109066016755285,0.0444717666802652,0.0103192907515279,0.020944636098759,0.1062686977101796,-0.0132449481736528,-0.0163703623075957,0.0124500084257486,-0.0166666809310258,0.0481467415058667,-0.0136986301369863,-0.0272663053825934,-0.0302409095677241,0.027385885351254,0.0305343642208468,0.0652129945859485,-0.0792633938558939,-0.0456150376322856,0.0136762226166611,0.0476634734558801,0.0965563343001225,0.1292657036561457,0.0022111466901157,-0.0366261982307166,0.0240064279611693,0.0572687733626577,-0.0979812813119553,0.2054474172199583,-0.0587557846717734,0.0607338924361517,-0.243064743839242,-0.040203512647081,-0.0047009741674565,0.0574345637618611,0.0101706782532955,-0.699635049021297,0.0262329493184629,-0.0017637087737699,0.0247568796598922,0.191042722407162,0.0285564107984759,0.0149009903495715,0.0713141955434278,0.0149700767336662,-0.061030241620268,0.1105882233264399,0.2444334862861534,-0.0562978761318276,0.0607757074711401,0.2433526692187655,-0.0266762717095846,0.1270988233624876,-0.1984186241107687,-0.0193713696937924,-0.0544041893337848,0.2996364246715199,0.0385691500772316,0.0506001437961189,0.0086799195091968,0.0341512165734936,-0.0510500257754473,-0.1329417956206133,0.049671316728904,-0.0192158478383799,0.0922636556073672,0.0998589411822911,0.1891479078528319,-0.2179244831474948,0.0306265316537093,0.0687724629193811,-0.1211465850517236,-0.7629103408467515,-0.0582141232623319,0.2463306057152541,-0.3918669030227776,-0.0751351021431587,0.0947368868597375,-0.070623629182777,0.0146251644085664,0.0597483694381275,-0.0003638431384305,-0.1054053779120918,-0.0826952948757069,0.2886274749157476,0.0441482488895312,-0.1909600766681948,0.1442877609372949,0.0400081448728375,0.0416796061236637,0.2552238340003201,0.1116826227852212,0.0304124397559173,0.1964912982235056,-0.3362499872843425,0.1535269210383796,0.036229072941633,0.1277108575860885,-0.0150704652669674,-0.2820512627588266,-0.1796627992442154,0.5504451282097724,-0.1944335926036445,-0.1794424693453506,-0.7300430150071142,0.351963740783249,0.5597447648866407,0.1215351122130985,0.0731707199695466,-0.7929216825831418,0.047095082957849,stop,723,5,47.75500174572596,-0.0252092241361091,0.0187793047035083,0.0406205676727193,-1.0,0.7449378291896434,1.6113374792259203,5.582993537306774,695,0.7156116359520336,5,0.0337553002121484,-0.0821596090520877,-0.0129011299057892,0.0,-1.0700420763931515,-0.3544304404411178,0.3308628654618327,0.116564961949404,49.22800216674804,47.75500174572596,55.884998321533175,1.077142442975726,-0.0495562049149669,-0.0658015374530324,0.0219645681661207,0.0231587857977062,0.1746038473881478,0.0090238403722819,1.0,0.03605502597895,2019-07-26,59.0,3,-0.0257295598583252,-0.0503460483359079,False,True,False,0.5,0.0,0.0,-0.04716811782139,-1.3657994934120017
NCLH,Falling Wedge,bullish,1,0.6345710107971588,3,20,1872,1873,2024-02-27,2024,0,19.059999465942383,16.022001647949253,18.90199890136722,15.391546691978816,4.311311744393923,0.189614124673491,True,0.0314795591963077,0.0278187115144017,-0.0080589152840505,0.0049090992320668,0.140565327054188,0.0109535513921064,0.021798343880919,-0.0416016253824367,0.0262697029787108,0.0071831396250654,-0.0208333678267607,0.0008688295988685,-0.0456708359141218,-0.0015831161829995,-0.0099312538522176,0.0165794201673394,0.0063208802156711,0.0039325670125849,0.0295142187510379,-0.120766737106536,0.0009112308735892,0.0456742851286258,0.0281278219782252,0.0262329493184629,0.0035744947757498,-0.3495599742049041,0.0056278075373028,0.1192763504410676,0.0617576980129519,0.0905226986234422,0.1212669800414525,-0.1022327072851975,0.0183486944898096,-0.1748537532048476,-0.0885817403359296,0.0727459038418807,-0.0226500352200675,-0.0107440731966503,0.0418587585639884,0.0220472233997137,0.0487039168521825,-0.0329369259194882,-0.4058603327681314,0.0965807200349753,-0.0447153647571801,0.0529028570711444,0.0577125085147707,0.0278470912045434,0.0236549277140505,0.2177914286909512,-0.1078006430017659,0.1141120548615783,-0.1978378295898437,0.0618008953240889,-0.0902213080032235,0.0622637127208147,-0.1523046504292566,0.0175695295606925,-0.789978891373841,0.0036509815150822,0.2016666200425889,-0.0618892195588909,-0.0517401601150501,-0.0559452578235579,-0.1112559513462807,0.0131833364044027,0.0273742894726609,0.2633333206176758,0.0883411492306269,0.0173137425473555,0.0140479486328219,0.2829525689496888,-0.081508955851888,-0.2112587010714871,-0.157430729344048,-0.1833332803514245,0.0353788084493513,-0.0374736288247222,0.1564805738848391,-0.1001834694398652,0.1727625873502565,0.1826228767029072,0.0084117397632335,0.1816753530916672,-0.0840708221337258,0.1664255568160801,0.087527305970058,0.1975128564645516,-0.0491227936326411,0.4758107930382687,0.1298913775297117,-0.041339758320685,-0.1469044761550892,-0.1986451092955787,-0.2407407087033056,-0.2131599695154877,-0.1905457972800762,-0.0864106410332533,-0.1326189186496021,-0.0528919809999629,-0.0585630192878756,-0.8150329062224688,-0.0183752562653819,-0.2436974825360767,0.142167700782293,-0.0666667276530327,-0.1909090677897134,0.0683999633789063,-0.7300430150071142,-0.0356315688925953,0.1319850676636715,0.2436781531077014,0.3607198554772957,-0.0853374982289699,-0.0362207852723368,target,1873,1,18.90199890136722,-0.0082896416055775,0.0362014980792918,0.0283315332271449,-0.0430700827598361,0.1880903412345441,0.1472007523202407,0.0430700827598361,1852,0.5005498626271907,5,0.0465616543912034,-0.1323888214644281,-0.0444210953000661,0.0,-1.1395194909564854,-0.6389696283292983,0.4983522242190474,0.1067305167064077,16.022001647949253,15.391546691978816,18.90199890136722,0.754285539899554,0.1121111839285733,0.0647197997568185,0.0395120761587474,0.1315944992836983,0.9625003427266235,0.1104833769720645,1.0,0.0318766805151213,2024-02-27,7.0,6,0.0785143985408614,0.107806722495088,False,False,False,0.2,1.0,0.2,0.0302456503091921,0.4970529773860824
NCLH,Falling Wedge,bullish,1,0.7501566106420987,3,30,2287,2288,2025-10-22,2025,1,23.59000015258789,23.26499964974141,27.61500037800181,22.116988297535187,1.2268019369891825,0.0139695038787628,True,-0.0580754909017289,-0.0869176604797716,-0.05535228536308,-0.0915444012021761,-0.0393299329830183,-0.0525147939428704,0.0336322881461614,0.0204298351238998,0.0249315813329658,0.0359828166539186,0.031358834786398,-0.0199419593394487,0.0482346734915157,-0.0129533817742464,0.0008375401367908,-0.0047694329337252,0.0969298713058295,0.0400437196018925,0.0325283300951964,-0.09831462179135,0.0741935237761466,0.0142404546370564,-0.0620066238896217,-0.2111063802468865,-0.2252655935338056,0.1067285446148456,-0.0163868840891602,-0.0232075385327609,-0.0923715954520574,-0.0638065520565421,0.1272872251642565,-0.0205655009361207,0.0366804751948035,0.02619746065716,-0.0157823060873909,0.1815623413409091,0.031769777915604,0.1212435360149932,0.098795724578518,-0.0080285595255686,0.1044660401575774,0.1304348253062834,-0.0362318617157397,0.097890724085873,0.1442463556606468,-0.257652491861693,-0.2462907769547008,-0.2380736939362961,-0.0100120146926193,0.2433526692187655,0.0603399890882407,-0.0350335868547845,0.0560836663216035,-0.0745341348875475,-0.0676056767853212,0.056253775317743,-0.0606196835976756,0.0239371882569858,-0.2611737051267129,-0.1361867368575929,0.0740557917625324,-0.0640744009764593,-0.0031897896311567,0.0841628357872106,0.0688622494606314,0.1498161854132182,0.0228455588587694,0.0519038090859511,-0.2552499764127899,-0.0830860949191758,-0.0955837280363673,-0.16231886408271,-0.0480132891246711,-0.0512119120337885,0.1599293891738351,0.3697329021480364,0.0187286767373902,0.1004347593887993,0.2658031746583917,-0.130621011466555,0.1868536286311846,-0.1039861189975641,-0.0590557704156048,-0.0639999976524939,-0.1715685839104854,0.0568583993682456,-0.1722487965501831,0.0757926928929804,-0.1199395184958674,0.1246903609984209,0.1188138522964867,-0.1028197935973682,-0.1364984863300753,-0.1536543284579359,0.0355618774098476,0.0042498287804066,-0.2756800340860171,-0.0537654078649469,0.0756111377014616,0.2063131893548366,-0.1225567700698817,-0.0862039230648434,0.0511397022267776,0.1039106508374487,-0.0864106410332533,0.0538332552255318,-0.1404457000977049,-0.0672664817720722,-0.2140390962591053,-0.7929216825831418,-0.0363011371864692,0.3142156846703861,-0.1687242708372228,-0.2162522531190485,-0.0657118827417248,stop,2292,5,22.116988297535187,-0.0624422147318685,0.0152607294626095,0.0665536110499764,-1.0,0.2443976327255572,1.0658432173772592,2.73249683063135,2256,0.6077613542973315,5,0.0613611315999963,0.0841880877272789,-0.2602676234446338,0.0,-1.2336448966172002,-0.6258835423198815,0.5356904922203133,0.1297225443431447,23.26499964974141,22.116988297535187,27.61500037800181,0.8042857306344169,0.0655567321107222,-0.0395168257699737,0.0340366381379221,0.3899999506333296,0.0769219483137611,-0.0037625481731118,1.0,0.0101347354204963,2025-10-22,46.0,6,0.4773909843737529,0.1276843153585432,False,False,False,0.0,0.0,0.0,-0.0584474811323049,-0.6295945691676924
NRG,Falling Wedge,bullish,1,0.8183187232014365,3,66,1185,1186,2021-06-03,2021,1,29.78213398494489,28.327641056458702,39.48633438445989,28.037654631374718,1.010247039403286,0.0513453600173519,True,0.0642711563361819,0.057473785237577,0.0529930187663825,0.0269783326918875,-0.0343295694742727,-0.0149329763254194,-0.0462352540877041,0.0117221715879403,0.0971513260149135,-0.0393016563864938,0.0325117843237603,0.0520211654612967,-0.0502453983819261,0.0077839641887609,-0.0471054022173317,0.1360423713143805,-0.030445037724166,-0.0456248621635411,-0.002540329811887,0.0739696626558872,0.0417772765011372,0.0178623301995204,0.0522685104795257,0.121530552445876,0.1186309187973928,-0.0354162073159496,-0.0278254709220772,-0.03748559719838,-0.0438250688062543,-0.0210827369962008,0.0164711339487488,-0.0061856627336689,-0.0316250643518482,-0.021758113970239,-0.0196522593559759,0.0501335632197126,0.0679780647439773,-0.0088606809366533,-0.0516317411274349,0.0069984912509162,-0.0024156275342388,-0.0375139039010992,0.0084064220145869,0.0322837920423471,-0.0273971862521364,0.1310507451549694,0.1837568972181871,0.1574036472382076,0.0100167242604995,-0.0025329638259581,0.0405856296218609,0.0096875040556692,0.0091619401647162,0.2023101814746828,0.0957013636905435,0.0261617624858931,0.0136636702807573,-0.045706016092582,0.0282559746899535,-0.0145181050781428,-0.0257938149431136,0.0092048635958357,-0.0226328793739567,0.0166315208826062,-0.0333331919491293,0.0269031242568076,0.0733649289325788,0.1427184479926495,0.1557643639620785,0.2142480802623014,0.1686278831990657,0.0865011735609542,-0.174393110962,-0.058726105590152,0.0240347040458854,-0.058726105590152,0.1641830457957456,-0.2678807272537498,-0.0024161179632283,-0.1057253227429343,-0.0115929433698804,0.1021803605895521,0.0124179736661711,-0.2825978323783419,-0.1816512811701527,0.1091199648273641,0.0280559578975094,-0.0380182247342767,0.0383326236176737,0.1853538601709521,-0.119794576444329,0.2418152144636709,0.3270161825461422,0.2534024572278637,0.0963028749617918,0.4940900766569698,-0.0312012252906113,0.0458093934917562,0.0979244057634003,0.1480555707985227,0.0225838303356713,-0.1116242509392817,-0.1758659243121234,0.2903934576017293,0.0535545290769514,-0.2159174093943668,-0.0493982583566534,-0.0225496693019744,-0.0531111323730743,0.0601072528546038,0.1177307865807555,-0.2283721556107115,0.1015997482592188,0.1248892978179843,0.2887661226151142,target,1243,58,39.48633438445989,0.3258396595898922,0.3464490579088972,0.0175284394433237,5.562806105818791,5.914654272338816,0.2992493611229552,5.562806105818791,1118,0.9368342977966756,7,0.0786904142697049,0.1944220896250361,-0.3692954951878289,0.0,-1.2645573928776006,-0.3277230950809235,0.0350784252642976,0.2718020653351204,28.327641056458702,28.037654631374718,39.48633438445989,0.7743531796181171,-0.0208015765346858,-0.0401299965192486,0.0259550957851314,0.0453985995665164,0.913223453154852,-0.0169593057209129,1.0,0.0072637550081822,2021-06-03,10.0,2,,,False,False,False,,,,,
NRG,Falling Wedge,bullish,1,0.6599684522651843,3,14,1564,1565,2022-12-02,2022,2,37.386142926136486,37.32726974527043,43.20720889182917,36.99749525356532,2.3974354549881705,0.0015772163693681,True,-0.2092112088482574,-0.1827969065554785,0.0187128149095681,0.0193798461621397,-0.0507385633541072,0.0677784035900372,0.007954843153453,-0.0306134796786821,0.0096660185846733,-0.0548268996064817,-0.0274250561793256,0.0199635853454573,0.0005206955060905,0.0559107285766256,-0.0078312544799733,0.0767202183231403,0.068104794009713,0.0364520914031751,0.0190231287888089,0.1154973212589918,-0.0599588977931635,0.0194177360702862,-0.2243966125777787,-0.2393433859260566,-0.1925057951984154,-0.0121783965911022,-0.031151863988215,-0.0791838288343517,0.1244402904070423,0.0392158100776021,0.1499250780862382,-0.0127832887147554,-0.1446979884526149,-0.1220910506513149,-0.0148234397304617,0.1112001130693713,0.0603565851084884,0.0394955259226807,0.0144030814883062,-0.088954296760777,0.0652596188626115,0.0135729804880639,0.1161725513636515,0.0158069235981594,-0.0696282034359663,-0.2480611959916894,-0.2177852657979784,-0.1648547155803321,-0.0137721382713796,0.0460688047857238,0.1001189539227296,0.0228502485028425,-0.1160048504592207,-0.0160299508033401,0.1163104493296012,0.0583033603990144,-0.0278505698287083,0.0913438836025397,-0.0085798755605397,0.0397831331356515,0.0436747123386114,0.0934566013526603,0.4509335459727297,-0.0326465970902911,-0.1750556402070345,0.0640395566359013,0.018533774567319,0.056831685412088,-0.2584007201848233,-0.1427176654131478,-0.1643449088798073,0.0682106850173036,-0.0968819144371545,0.001543046827336,0.1141431311570206,-0.0264669241062406,-0.2045100121290403,0.0579862431885089,0.011466601273534,0.1682020774179065,0.2846331291480797,0.0208004811056514,-0.0388829185572905,0.0796737285447011,0.2003351409851226,-0.0640961205618191,0.2425455902369904,-0.0311399356037856,0.032972049210578,0.2776280474395332,-0.0114907777509783,-0.1970512328334456,-0.1885547725286143,-0.1778769644446826,0.0526376951857443,0.1976943589957294,-0.0100627998629958,0.1111100188728559,0.3547788735926027,0.1169476499038553,0.1235611885337411,0.0680226047912062,-0.123215160868806,0.098826646820622,0.0242056880796643,-0.2001091685389273,0.0086135298331384,0.2178529437246954,-0.0092293220970314,0.0158297551767943,0.1504832089270407,0.0384750262024904,0.1036960347286823,0.0918805096766646,-0.2601547366125026,stop,1566,2,36.99749525356532,-0.0103955006361318,0.006124448845395,0.1707494312698846,-1.0,0.5891441941822589,16.42532065039828,14.97774559456999,1548,0.85840036069118,5,0.0922137725251124,0.0814290688475372,-0.3327805739000572,0.0714285714285714,-1.251162898778411,-0.3927625380872249,0.0817463168628559,0.1117165733657864,37.32726974527043,36.99749525356532,43.20720889182917,1.1134455430815615,0.0343601694308632,-0.0170944389291926,0.0294718436637083,-0.0772352633157982,0.4597704173353297,-0.0140041592596884,1.0,0.0967627443333096,2022-12-02,41.0,3,0.0496643473780038,0.0987451634957523,False,False,False,0.0,0.0,0.0,-0.0961438147393309,-1.3042830921487487
NXPI,Falling Wedge,bullish,1,0.6735201387921126,3,18,1279,1280,2021-10-15,2021,1,172.45533390274093,168.9539632527276,211.77454077621,164.91818338469193,1.2308701857112043,0.0207238148345527,True,0.0622707659878478,0.0416612539865988,0.0134785622245499,-0.0257240088360524,0.0025293530275165,-0.0151954637186414,-0.0521244953439516,0.0782410927785746,-0.0202819997550933,-0.0043396228815481,-0.0201175999865546,0.0439209904648518,0.0411658993804888,-0.0602875661177667,0.0101462101055895,-0.0433677222395163,-0.0283652261240223,-0.0151201635680114,-0.13753739789392,-0.0559535796528792,0.09532842087666,-0.0252987126716673,0.0732159174844175,0.0672122664393919,0.0327954199979778,-0.0674080997189621,-0.1236512533600883,-0.0974004997297219,0.0129991429035609,0.0570146350580778,-0.0458767035627578,0.125454275094055,0.0073654658240762,-0.1069078579964835,0.0254518090935653,0.0106857426233886,-0.0790806208568463,-0.0110938832728293,0.023189419607265,-0.0781836525486874,-0.0470435223174203,-0.0123706841703461,0.0104397424606721,0.0494354543883435,0.1489337623508853,0.0771146328459046,0.1573241977519321,0.1048433052481074,-0.0611766784920463,-0.1455177115561597,-0.1484822292923879,-0.0102069509761902,0.1506397658553935,-0.1811733317267785,-0.1220958373921522,0.0018957306414089,0.1400138364746586,0.1138798744692264,0.1628637652868243,-0.0138243980246491,-0.04855502421255,-0.0549375629253282,0.0073768009111043,0.343356675836951,0.0768822704443783,-0.0627742044769193,0.0882029073457315,0.0109592384227152,0.1449578509212706,0.1784178368349693,0.1275133439938125,0.0191669893544716,0.0968871950872738,-0.0678993627034805,-0.0563473592679977,0.0021560356617,-0.0851943879584636,-0.2087903869516342,0.0978846394651793,0.04471083162328,0.052608954221071,-0.0319865011887385,0.0458474954991698,0.1906078757663483,0.0442438201093895,0.0477856583536719,-0.0259113276786243,-0.2199744541805239,0.0532913588893617,0.0618345279406784,0.1601523839203182,0.1673641375368468,0.2120450619529124,0.1502608235721616,0.0366318262728453,0.2022055113947369,0.0052585491800223,-0.1848848473755242,0.0474642132884539,-0.009112269052938,0.1881482079532797,0.2507062146344709,-0.0837018465930357,0.1165476006070345,-0.01129419531738,-0.1714072117725688,0.1095976602486257,0.0584830958447832,-0.0478218743649537,-0.0434050895599771,-0.0774069565335727,-0.1514114131989579,0.0510222409296337,-0.0806136731470839,0.2017947747810176,target,1311,32,211.77454077621,0.2279964671643253,0.2469052581120936,0.0056320747015026,5.216720401073645,5.6493669096959245,0.128865852006925,5.216720401073645,1260,0.7678349278340089,5,0.0132262939728331,-0.0082293519743688,0.2985628761532719,0.0,-1.284411115911242,-0.5165761880772417,0.1576562313938691,0.1594912722024594,168.9539632527276,164.91818338469193,211.77454077621,5.292243807679414,-0.0295648816362387,-0.0822243037636025,0.0304289394376137,-0.0201114163023714,0.2699597932222897,0.0068219226702606,1.0,0.0101270394512038,2021-10-15,34.0,6,0.0989930635480806,0.0851854414063064,False,False,False,0.0,0.0,0.0,-0.1149885134944806,-2.5584367878669974
NXPI,Falling Wedge,bullish,1,0.6742389991821676,8,83,1417,1418,2022-05-04,2022,0,166.7292593156409,165.28949124948326,211.8154653975837,146.53743940316832,1.0309067837400272,0.0087105844132853,True,-0.0540855904112818,0.0208172436898678,-0.0484493113263203,0.025987710466661,0.004425448652966,-0.0164971493952231,0.0711955932213717,-0.0791489134892396,-0.0784961267701314,0.0438446032011776,-0.0473675292279514,-0.0057248446532923,0.0006811039996206,0.0287653998519226,0.0062770282678981,0.009007116623477,-0.0032146938386652,0.0320037289265515,0.01673523454106,-0.0362655958910137,0.0059566361393059,0.0238127524531128,-0.0517619999989462,-0.0290633714421552,0.0479356663398021,0.0128289140267887,-0.0287346705313421,0.0175588931406369,-0.058704457565585,0.0066687814668764,0.0857222365586118,-0.0731070051640963,-0.0429801301691865,-0.0184792943453742,0.066291357235912,-0.0036097740410819,0.0379183243663918,-0.046490334419042,0.0815571026615478,-0.0006561030896604,0.1006542672907566,0.0573182581379962,0.0275013836238988,0.0567922411539127,0.0489550103800737,-0.0454136214780569,0.0404116964545895,0.057276481376572,0.1026612645482367,-0.0555715990222648,0.012963812348796,-0.0847036928096729,0.1496632453846498,0.0730558162341128,-0.0099981981238752,0.2252968665357639,0.0698263457439083,-0.0747827365244775,-0.040095923038771,0.074395342602787,0.0270153935321739,0.1986225936091703,-0.0312328588805472,0.0821443122870997,0.0404607577076665,-0.0204639018630735,0.0766891500865278,0.074395342602787,-0.0041053701934603,-0.1871888009582586,-0.0890540835694938,-0.0142611920789896,0.1481104553554524,-0.0147566557083991,-0.4230743283667818,-0.0207695854943418,0.460249641304983,-0.2250725359280668,-0.0054742192725445,-0.0977062360440234,0.2246939172549482,0.1325700517088315,0.0736358245187869,-0.0435288587823039,-0.1311764866428167,-0.1542173992633005,0.2137253177745237,-0.0797559904583159,-0.045741168275426,0.0273681457409313,-0.030366854514645,-0.1869113930996837,0.0265156395658896,0.0547937828664948,0.1492226445895186,-0.0213250252527452,0.1066057226334373,-0.0494835716821877,0.0237417832406636,-0.0259091715969059,0.0536797190780091,0.1784177011912133,0.2513404217400965,0.0285956597593575,0.5147779967191928,0.1675791549468503,0.0158540901176178,0.0919100352296613,0.0369190623130322,0.0613283828581308,0.2147230077964932,-0.0837018465930357,0.0087404161140718,-0.1710177950459424,-0.0510842798419368,stop,1447,30,146.53743940316832,-0.1211054376139627,0.0976525856894529,0.1314953765265848,-1.0,0.806343526875577,1.08579250541781,2.2328946215537946,1334,0.4948959429540948,7,0.1402096690389433,0.1329839157745014,-0.034418913104104,0.0135135135135135,-0.9542912633183152,-0.4593953203642196,0.777177778098573,0.2004508959297712,165.28949124948326,146.53743940316832,211.8154653975837,6.716743323303752,-0.0776254729364428,0.0336176770345366,0.0391412608257968,-0.0933414533254037,0.9919479775958672,0.0145446715811057,0.0,-0.0487106411577579,2022-05-04,29.0,15,-0.0876689525448589,-0.0588011069250552,True,False,False,0.5714285714285714,3.0,0.2142857142857142,0.068485571256361,2.1823592671086725
NXPI,Falling Wedge,bullish,1,0.7404757654096144,5,39,1524,1525,2022-10-06,2022,2,144.44927545009668,146.78000633824627,178.11281070695964,135.59623981724872,1.1195061855501245,-0.0158790760832817,True,-0.0755473582949205,-0.0674166299665121,-0.13753739789392,0.078801966399534,0.0116025286413441,0.0563071586778662,-0.0503732032469048,0.0706688604356686,-0.0316233979453824,-0.0628606179113208,-0.0171657529987755,0.0432619251360713,0.0072962545087089,0.0287653998519226,0.0929724762556447,-0.0145748710607839,0.1617646847263794,-0.0050928940827342,0.0292392175082292,0.0104405301903578,-0.0603300631796199,0.0161452456242765,-0.0869327607767486,-0.1022147215393897,-0.0925664152653483,0.0651501989050364,0.0176563092997836,0.0651501989050364,0.1062608668114544,-0.0293428313336034,0.0135843277821958,0.0032042890870438,0.0446135961418727,-0.1118485678049463,0.029361410937909,0.1283460744364095,0.0459746865120154,0.0661779955061947,-0.0433333206256649,-0.0935280959943374,0.0673049125422697,0.0344977292298773,0.0184048902209195,-0.0500607354480497,0.0634626973771033,-0.1242665531638157,-0.0646994615483794,-0.0702284119881725,-0.1470675806546794,-0.0389180222639903,0.0238285197656533,-0.1854084457608918,0.1120927178733295,0.0298013810277746,0.0042668105333825,-0.0371895935028941,0.0657797297335718,0.1455615530345506,0.0611873811753276,-0.0294885953349683,-0.0003870369269833,0.1103413333344831,-0.0788987182459983,0.0458131604589484,0.0150768215503032,0.028624880450266,0.0256519695334231,0.1936731412907557,-0.0819165319019476,0.1045390516879152,0.001712360496975,-0.0004290532667694,0.1860538810514063,0.0191669893544716,0.0771926937134988,-0.0235092114297962,0.1846776480983007,-0.0144930675766373,-0.0160998140683727,0.1147636516676866,-0.2442319062475827,-0.0682977895095967,0.0318633002282844,0.0871322560249419,0.0850904326014574,-0.0536550622555515,-0.0147566557083991,0.2078550901390665,-0.0606802001128364,0.0671356982316038,0.0566518090889776,0.0734675171867075,0.0060389280975379,-0.0308170056960339,0.0099777245135304,-0.124316965290977,0.2146665326530696,0.2094004069106285,0.1877956430701843,-0.3252073305023902,-0.1804205685501951,-0.1932773475189312,0.0129811313463574,0.0652415904746479,0.1799272510612246,-0.1552389841021206,0.1768385028199912,-0.1124638120210268,-0.0231601151701975,-0.1143431654335963,-0.1616825288472028,0.0342527296450632,0.0509746982385377,0.0564320468440102,0.0156200560905075,stop,1527,3,135.59623981724872,-0.0612881968792321,0.0,0.0859433175241941,-1.0,0.0,1.4022817100255809,3.802485006607121,1483,0.4324102648350578,7,0.0963853992547134,0.0803431761246231,0.1495105178019422,0.0,-1.3746676832065514,-0.9422574183715008,1.1347248160934436,0.1326052955644209,146.78000633824627,135.59623981724872,178.11281070695964,5.654243042258928,-0.1125247307464309,-0.0538790569545323,0.0381291074011447,-0.0767467936827739,0.0243923619187629,0.0001239828993901,0.0,-0.0640565534798338,2022-10-06,29.0,15,-0.1211159914190215,-0.1154786232630359,True,True,False,0.5714285714285714,7.0,0.5,0.0061150290920938,0.247693371456098
NXPI,Falling Wedge,bullish,1,0.6239899535595926,5,39,1647,1648,2023-04-04,2023,3,164.42000097771148,170.52140753009655,184.6379520896669,159.49729658849617,1.0721350252810875,-0.0357808831205441,True,-0.0240239325648274,-0.0243669709295686,-0.0016720694919969,-0.0108889019758211,0.0347983196258721,0.0097244756838974,0.0314222795728134,-0.0178147147392908,0.1100686266528181,-0.0132692762367599,0.0498976643748445,-0.0078634021250093,0.0068191754833517,-0.0106678716085999,0.012545109833512,0.0518851583482318,-0.033864754719144,0.1392501916837336,-0.0141509217999661,0.0199097541137576,-0.0061921974394458,0.0587222144474599,-0.0444568755490403,-0.0092888350306474,-0.0245617499230892,0.0458532771172213,0.0118471088749827,0.0239487231087414,-0.058704457565585,-0.0128905558322456,-0.0360320723023175,-0.0304270424573555,-0.0399059798207769,0.0442574485330611,-0.1088679702090222,-0.1148308493531357,0.077432834820516,0.0489550103800737,-0.0298679627351176,-0.0445907942194631,0.1612497481796864,-0.0182953660239992,0.0255719128835119,0.0498906407496551,0.0878229020615448,-0.0134096628401462,-0.0392752972383454,-0.0395448331855321,-0.0974018408572932,0.0040859967738007,0.1731249402071806,0.0027558897848614,-0.0291684605904573,0.1099528768259787,0.0632001111606137,0.0482793504553134,-0.0952912992307168,0.0216426883246934,0.1506397658553935,0.0265589219164814,-0.0389246395149123,0.0445604232762708,0.0204679070748077,-0.1653489629933646,0.1462152721510736,-0.003809814287639,1.9068739542937865e-07,0.019532545614334,-0.0593288903700362,0.0377845567883652,0.0036838768241507,-0.0396639396676251,-0.1007047649191152,-0.0262715988829417,-0.196189851734856,0.1264771809476355,-0.0588648931520241,0.0608169243632179,0.0783910391437505,-0.2350075852409616,-0.1091360622453504,0.1235172942162428,-0.3106331187259279,0.016117540357003,-0.0813373075000504,0.044422875145293,-0.1107260147069506,0.0481614608636162,0.0455938680065008,0.040185584293457,0.0251476021447121,0.0707697451530839,0.1798747671962015,0.0891278083951347,0.0411451931639996,-0.0672907621491423,0.2919005030206885,0.064596985222606,-0.1381829659571203,0.0451543652162014,-0.0272420780723519,0.1541503022292729,-0.1779299888768775,-0.1325582887743698,0.0835530551706076,0.0221314793955911,-0.122781702150104,0.1081479244988865,0.1144847082841331,-0.41402051353169,-0.0486656336064348,0.2745229046112978,0.1598340641133651,-0.1075840230874848,0.1737064907601478,stop,1650,3,159.49729658849617,-0.0299398148640238,0.0033255078199433,0.0364657868950205,-1.0,0.1110730923035645,1.2179696855386477,4.107082106382219,1605,0.3968323797632016,6,0.1196696570193819,0.1495626888358761,0.0093527538664162,0.0,-0.7066980065063236,-0.3098656267431212,1.3907271611355658,0.10307723946354,170.52140753009655,159.49729658849617,184.6379520896669,5.73242162158689,0.06132330354188,-0.0278076648741508,0.0345259988918666,0.1714252371336548,0.0589093213540108,0.0028575283945813,1.0,0.0300291961759766,2023-04-04,29.0,17,0.3234711743565519,0.155901490890282,False,False,False,0.0625,0.0,0.0,-0.0396384887645485,-1.0234036403040658
NXPI,Falling Wedge,bullish,1,0.7391501547575763,5,66,2108,2109,2025-02-05,2025,0,210.69530169078243,204.54462764298864,246.4158365641722,190.2468235965382,1.6786352767238193,0.0300700835737868,True,0.0151963190924828,0.019536361619461,-0.001489658581955,-0.0075884851146686,-0.0156051310332331,0.0066837782834883,0.0077380983534496,0.0126167049934675,0.0364599136514369,-0.0296742843454465,0.0128401993892357,-0.0506176906470956,-0.0758869431333716,0.009180682999373,-0.0014625934914022,0.0796531211528244,-0.0387369193600051,-0.053532382965777,-0.0578336197552722,0.0027488137386963,0.0103507961472184,-0.0295143252381344,0.0243798153403414,0.1356120688090019,0.1283678419557568,-0.0048732202430227,-0.0072035138678436,-0.0085052695555388,-0.0144305098543232,0.1151743025666942,-0.0085844230892182,-0.0347987014680176,0.011836805312086,0.0448376572190218,0.00284926167904,0.1142732572566715,-0.0026774164715532,0.1846729436238774,0.0431181913529141,-0.0108060651223246,0.0485520729248585,0.0114254665889568,0.0762357166525458,-0.0562423843527677,-0.0103559419308904,0.1108871573479435,-0.0093764555375885,0.0455419501301646,-0.083280776412499,0.1796967353388157,-0.0649218578792801,0.1310825477405215,-0.1672734472369009,-0.5174249245302623,0.094372275507963,0.0768702731519395,0.0026260851618904,0.0016536825515223,-0.1490393510856499,0.0788911445310212,0.0572271798313548,-0.0294239189525203,-0.1334379593275201,-0.1356881506986664,0.0309835790465264,-0.1072447490550145,-0.0246385882654465,-0.1005694886270677,0.033600529922875,-0.2021907267109335,-0.0905129968658221,0.004457621766033,0.100029201157062,0.0162201793294154,-0.0198005801175203,0.1026400733306496,-0.0973794938137098,-0.1306724570354113,-0.0402368468154947,0.0431580546730478,0.2947927919300577,0.3739637381282783,-0.0687476833912856,0.0215531542849314,0.1605798338361157,0.1643294379315953,0.0358746493829724,0.0948124169755328,0.0672234418594759,0.1024775945988136,-0.0179047446965827,-0.2625592458766324,-0.1267173494750907,-0.0647936155964545,-0.3362811644359335,-0.3668270165715686,0.0512941978185574,-0.0974339951711993,0.1840380896592715,-0.0452331015393743,0.0622504282796603,-0.10449410581042,0.0491835416795336,0.1315915436170907,0.0543983046878824,0.0771790059721433,0.2653760444292685,0.0211516445881607,-0.1391221834909017,0.1772085473537883,0.0323588008164119,-0.1905977622091108,0.0301361567448592,-0.1499317226278126,-0.112029612164606,target,2118,10,246.4158365641722,0.1695364566117065,0.1799076661168472,0.0409237311086076,1.746855424093604,1.853717416732508,0.421666484542317,1.746855424093604,2042,0.4850721486594588,7,0.1152582078217412,0.0467602706389276,-0.1150651985515911,0.0172413793103448,-1.1086276804385684,-0.6235555317791039,0.7804286764826498,0.1317377653216253,204.54462764298864,190.2468235965382,246.4158365641722,7.1911650982042925,-0.1123765572616739,-0.010640848095196,0.0346524230529042,-0.0860365124146254,0.9290837312168024,-0.0031620379736903,1.0,0.0148815519515972,2025-02-05,18.0,13,-0.0435329674304745,-0.0910339715204816,False,False,False,0.4166666666666667,1.0,0.0833333333333333,0.0291944397203475,0.6896948392746957
NXPI,Falling Wedge,bullish,1,0.7283513109676881,5,39,2400,2401,2026-04-07,2026,4,205.25375045102305,193.7660976019561,267.3885076802335,183.06324846749203,1.6661460302845963,0.0592861857220528,True,0.019130879318953,-0.0075844643799618,0.0365139290825178,-0.0240239325648274,0.0046703613081235,0.006712200698592,-0.1114508509049949,-0.005283615307962,-0.0558103414584949,0.0889897739393472,0.1066580884532075,0.0056862904389991,-0.0545556879803812,0.0201352751140084,0.0197865800313574,0.0439178258468917,0.0112180879980294,-0.0018936971474277,-0.0540855904112818,0.0056862904389991,-0.0107045576820843,0.0423068466413416,0.015407215492255,0.0900704255058599,0.0491325252936758,0.0057839184940462,-0.0076240148878831,-0.0071373727224408,0.0440084103182163,0.0053806595883612,-0.0599499977040693,0.0726374234735596,0.0827725721509637,0.0019423580667456,0.014814516944952,-0.047910116423999,-0.0262011026384563,-0.0048453572375026,-0.002785255433234,-0.0065499646430893,-0.0051468465328285,0.0083647368052699,-0.0046425929021959,-0.0006474186828998,-0.00489302203104,0.0872018488057361,0.4195193178108729,0.3494709948214454,0.0918027059950779,-0.0102283541525201,-0.131439768555251,0.1450828223266347,0.1088557137865469,0.0238220091607566,-0.1081070169189357,-0.0663997037757048,0.0823846416304479,0.1978609745825899,-0.1041784328338712,0.0193713502322603,0.1176182396791509,0.0271826966984902,0.0901463825680468,-0.1143043314956409,0.1035088580111474,0.3252573622646066,0.0308816686497666,0.0010392087939938,0.3780114664784932,0.5629036687256812,0.4478074342137093,-0.1421908897148475,-0.1244859354544728,-0.0527660487088798,0.0609315955838956,-0.0644891820616448,0.2119363499557494,0.1020093086664828,-0.0114933291528546,0.0647940562378046,0.024705523924696,0.2670161504480659,-0.1231776934513007,0.0026008366910359,-0.0028728252665831,0.0596265712986179,0.0467977086507171,0.124497149010498,-0.1818392227990534,0.0713020764264846,0.1683109301876533,0.537843012202078,0.3318148133755574,0.2278678096301589,0.1413138284201889,0.047123383277891,-0.1505648273906968,0.0607424448290903,-0.0735617022142464,0.2083319738271982,0.0323325190025554,-0.1463017616732921,-0.0775908421821062,0.5723225948811239,0.063527447813954,-0.0980400273620042,0.2177405197359549,0.3613321181562108,0.2348065017787217,-0.1932773475189312,0.2568397377015423,0.1126480952839719,0.2148474918072358,-0.2081842226203719,0.2529954170978579,target,2416,16,267.3885076802335,0.3027216657073304,0.421947179880872,0.0336974834052004,2.8000609123364844,3.902851824941023,0.31168897642837,2.8000609123364844,2357,0.8068065535680885,5,0.0083922212550647,-0.0321578429340193,-0.1358546044902483,0.0,-1.1525541356415985,-0.3457475820735007,0.2076735991420555,0.2844872432964591,193.7660976019561,183.06324846749203,267.3885076802335,6.510411227131826,-0.1032856107230781,-0.0891868611703775,0.0334793749495895,-0.1392870527414667,0.6422743047478982,-0.0048711717682359,0.0,-0.025431899005892,2026-04-07,25.0,5,0.1285006328724687,0.0721939514559582,False,False,False,0.0,1.0,0.25,-0.0772781599055777,-1.162267397880569
NXPI,Falling Wedge,bullish,1,0.6647462325013707,3,29,2473,2474,2026-07-22,2026,0,271.6199951171875,276.77539635348694,345.2947023036668,257.358015296486,0.5743647463267229,-0.018626660115826,False,-0.1128046533408896,-0.0994013867626177,-0.0076049685521384,-0.0254665883225737,0.0001779428683186,0.0062356789336366,0.0219764941829843,-0.0449378088369525,-0.0202354499166549,0.0369866815907615,0.0295477700111745,0.0117400645528584,0.0909853808002667,-0.0312354126646285,-0.0570668516910839,-0.0016720694919969,0.0486087704514239,0.000509280572545,0.0012806247230543,-0.0126315599351477,-0.0190714085494349,-0.0283652261240223,-0.1127927205710091,-0.1489949265452373,-0.1901380390748915,0.0152564396782146,-0.0851923810183354,-0.0046425929021959,0.0194543711183876,-0.0156657557465704,0.0962029023222097,-0.0939059854212138,-0.0022448836602558,0.0431181913529141,-0.0014059100337951,-0.003370500789846,0.1142732572566715,0.008802227650092,-0.0148032721137655,0.0726374234735596,-0.0057894339952115,-0.0347987014680176,-0.0301389018174079,0.0254518090935653,-0.0102956208955773,-0.1536420606494084,-0.1678815686048922,-0.208037380495393,0.0672011757812003,0.1146678948684813,0.0400959315005344,0.2242411358430074,0.0724218904299851,-0.1300592389426936,0.1201641355346776,0.0002894242736926,-0.0333151752187015,0.0274362028284849,-0.0100203242069134,-0.0313318436116465,0.1176203793484986,-0.0034558614480586,-0.1219289114136233,0.0113878102894802,0.0012611468071566,0.1646139264249322,-0.1042788786116184,0.1040886073564522,-0.1994365399965586,,,,,,,,,,,,,,,,,,,,,,,,,,,,,,,,,,,,,,,,,,,,,,,stop,2478,5,257.358015296486,-0.0525071057988508,0.0325454550357263,0.1200942335011601,-1.0,0.6198295362232393,2.2871996403920707,5.165812048025694,2444,0.6344317436979416,5,0.0227142752189812,0.0073500386549367,-0.163343060786993,0.0,-0.9249588851709232,-0.2905271414729848,0.4131571016799422,0.2240685888832977,276.77539635348694,257.358015296486,345.2947023036668,12.744291033063623,0.1685269513227498,-0.0579883055042018,0.0457112323926186,0.2188883357884852,0.907720203680502,-0.0113124525240212,1.0,0.0188526891852258,2026-07-22,25.0,5,0.3760099200466407,0.2313794347507496,False,False,True,0.0,2.0,0.5,0.0211304676441888,0.4566687512248177
NVR,Falling Wedge,bullish,1,0.6189696942271803,3,30,1776,1777,2023-10-09,2023,0,6167.0,6019.558976266366,6628.57464004682,5819.876985677083,1.022653721682848,0.0244936588070583,True,-0.0406647940905221,-0.0478252269725504,-0.0228865235808475,-0.0076636377480767,0.0487057732832036,0.0414573801954094,-0.0061980294709158,-0.0213831590711245,-0.024102114332832,0.0193124957314956,-0.0670179791597082,-0.0318607277859225,0.0015965517506599,0.0770287460373655,0.0201588271227854,0.0256520515899039,-0.0333700505454396,0.0229059953446604,0.012705197615406,0.0110277829399263,-0.0480088102408752,-0.0049692628149127,-0.0413193194335302,-0.1072336725464163,-0.0784074013878528,0.0208055284288195,0.015592802050363,-0.0274179408703409,0.005647537841136,-0.0138499938479903,-0.035589599609375,0.0103111017348833,0.0357089885335344,-0.0201977905439972,0.0507114373417534,-0.0474718788463603,-0.0307962531000367,0.0037856446472139,-0.0142164019772474,0.0113563670513936,-0.0223424434300328,0.0264415596251421,-0.011253084813564,-0.0610109174905919,-0.0092152897790526,-0.1015836411936988,-0.039991873327793,-0.046343952928169,-0.0387186591569767,0.0430409057341669,0.0334493369048876,0.1789803773588716,0.0426785338158701,0.08253808806295,-0.0159586837526628,0.0112017516409623,0.0527463518313526,0.1140819729751594,-0.0193805719300037,-0.0198187456115154,-0.0090729783037475,-0.0375763648606141,0.109338870608034,-0.0521422631940662,0.0583456678834282,-0.0281925215931843,0.0249194451646337,0.0058019301470588,-0.0668049955140233,0.0311464371858278,-0.0235032016555523,0.1392078426583316,-0.0256294537228396,-0.0290760043313145,0.0133090738265633,0.1286435508478047,0.060423865868378,-0.0692713064740794,0.077277922865651,0.1528523602261786,0.0498882697610294,0.080001918018413,-0.028263225283999,-0.0130516320980097,-0.125537397222232,-0.4152762098385549,-0.1477239000655397,0.2402423490131979,-0.0523534718349248,-0.1302415065563255,-0.0213378792245505,0.0369421788641689,0.1209194034275173,0.0372251871544129,0.1513408562693468,-0.0925302298964968,0.1237509477902947,0.1386151119060683,0.1252814771866082,0.1122972839410156,0.1057977171303676,0.0892164522058822,0.0822563074812103,-0.1884233864171409,0.0110132158590308,0.1513408562693468,0.193865449864053,0.2569382795528214,-0.0027594862946003,0.2786138452712459,-0.0071500895293314,0.0587144986421797,0.096021583876483,-0.1895599088591202,0.0461873643150541,stop,1783,7,5819.876985677083,-0.0562871759887979,0.0183233338738446,0.0698135299274363,-1.0,0.3255330108849537,1.2403096922348775,1.329714887810442,1746,0.6100638757381254,7,0.1180767005611341,-0.0565952338351978,-0.0691102406267487,0.0,-0.8842842594376416,-0.2742203836995133,0.4752553556970952,0.101928132224672,6019.558976266366,5819.876985677083,6628.57464004682,151.479248046875,0.081105420237312,0.0020748975809443,0.0245709618648521,0.1250212291542181,0.8888009070604979,-0.0031756148425244,1.0,-0.0326350431166012,2023-10-09,33.0,5,0.1871028641023695,0.0610759321981944,False,False,True,0.0,0.0,0.0,0.0587586187238936,1.7986136668626702
NVR,Falling Wedge,bullish,1,0.690867456494116,3,35,2061,2062,2024-11-25,2024,0,9200.0,9001.147348257247,10300.653151292106,8669.264986864444,2.528507684680218,0.0220919227348559,True,-0.0016391389266304,-0.0101729679124128,0.0225454742739898,0.0320527858873529,0.0250573413319419,-0.0208665774524667,0.0162269833037058,0.0116477805988874,0.0062968706963579,0.0080481551890665,0.034070452967702,0.0387529072290242,0.0371279527041246,0.0333209260140059,0.0402416026404264,0.0251912301744043,0.002981156625893,0.0115436472484118,0.0192576289643695,-0.0060858610062521,-0.0244173140954494,-0.0075937068087049,-0.01690911075097,-0.0372152046535325,-0.0438954465574743,0.0552502705824682,0.0420153402052416,0.0088982423020063,-0.0942558547453914,0.1465164507831668,0.0391621865254678,-0.0438679070995402,-0.051643714465259,0.0119692688049974,0.075722882829168,0.0254556439780249,0.028029030293774,0.0026067869582042,-0.0004867605351579,0.0546652912460148,-0.0131317024855834,-0.038639324147589,0.1202090592334494,0.0140791108336628,0.0392608106318033,-0.058305960239979,-0.1022423785665761,-0.1097972464419031,0.0401473245997421,-0.0511670793805804,-0.0455429041151098,-0.0400104946721272,-0.1311856532357089,0.0220448055469935,0.0578803280463506,0.0373513187414416,0.0343210588672244,0.0574854808654985,-0.082529879897388,0.0971128274864181,-0.0175865049619932,-0.0378316836063915,0.0447364362466053,0.0165279479290052,0.0184856882293154,0.1058451868759244,0.1075848834548132,0.0247575899121113,-0.1151637124131833,-0.0888445779551631,-0.0931654726116034,0.0863440513039179,-0.0246039533259986,0.1265281436125502,0.1319948987427841,-0.0742587225845641,-0.0015981382093072,0.0618472107302654,0.0893507328471396,-0.0142744640218425,-0.1220053659734908,0.1209402901785714,0.0893507328471396,-0.1445610084294634,0.1670140403254252,0.0195578636283613,0.1130648759672541,0.1584050408504642,-0.0572631766727212,-0.1831633926688999,0.1636158898747706,-0.1241588554062809,-0.202673923658288,-0.1983987679137535,0.2674095276683517,-0.0558905953447912,0.0137825835931681,0.0659501909709383,0.3032167888155805,0.0322128791398677,-0.0112798864571899,0.2269749138944892,0.2181860075245709,0.014183564490716,0.0161334725611355,0.1494900246981285,0.1872883539211176,0.0641054958457199,0.1694709449168217,-0.2262057229058962,0.160609560091804,0.1759146976873753,-0.0200777654471088,0.2064536211929384,-0.3005703565011749,stop,2074,13,8669.264986864444,-0.0576885883842995,0.0108695652173913,0.0704891304347826,-1.0,0.1884179440304964,1.2218903670377694,2.0738280385714565,2026,0.5943617205041634,7,0.1767860236011261,0.0487758399811286,0.3141630901287553,0.0,-1.1408088927375628,-0.5464471722334006,0.490194026901645,0.1070848046159338,9001.147348257247,8669.264986864444,10300.653151292106,226.0956333705357,0.1140620941446393,-0.0131319411530728,0.024329515124687,0.2633082501745396,0.7354332215780343,0.0088928025999917,1.0,0.0287520567555688,2024-11-25,48.0,5,0.2097270617398352,0.1000955943529282,False,False,False,0.0,0.0,0.0,-0.0073200545341839,-0.9896785115682588
NVDA,Falling Wedge,bullish,1,0.6492106314499352,3,37,1467,1468,2022-07-18,2022,1,16.42197842711906,15.2795514411942,20.74095598846497,14.116463135265164,0.7532996568591093,0.0747683588959842,True,0.0326338899720717,0.0080537938008626,-0.0391032426363455,-0.0262445585294792,-0.0787220222614776,0.010256908936655,0.0327103954887855,0.1190901855126005,0.0528902234983781,-0.0087034347351275,-0.0217980052679573,-0.0245245879048765,0.0366584704347177,-0.0239381560519504,-0.002519070022118,0.0042091204299017,0.0395596353381237,0.0357944393783691,0.020207722450934,-0.0273811657042348,-0.0304302285865878,0.0396072733125543,0.0272528948180284,0.118585831575843,0.0546354606739609,0.1491674470959132,0.0488350395322221,-0.1006529273871649,0.0840001065477626,0.0822968507813177,-0.0569562187593114,0.0810850144034354,0.0444403524163334,0.1816140441890681,-0.0385783328753157,0.0614863395139981,0.1900161056786222,-0.0401675837983255,-0.0925716944053516,-0.0653433729600274,0.0389548742767458,0.0906382958226983,0.0822842712187377,-0.0412494776192683,-0.1340378127728622,0.0903227655308816,0.1544344393108303,0.0436285082706831,-0.0373112353793164,0.0724339498027315,0.0803376143991301,0.1393379600706481,-0.0325440564372541,0.0277183142358061,0.2739452530080728,-0.0772786762792901,-0.1885500753568546,-0.1595797004842277,-0.0521561253868385,0.1216413431803922,0.0411047531211057,0.0507647595981906,0.0818166988230955,0.0618188300786235,0.0524820796638387,0.0217391076313178,0.1059912351254657,0.000773654689407,0.1252101551056281,-0.2032692779569318,-0.2214517962107356,0.120985562449015,-0.2120834206966866,0.2289091338342181,0.1358897238952054,-0.1227149962710724,0.0969704555372814,0.2608298737445598,0.2058709942082133,0.0241115699048739,0.3351058935552207,-0.0276824688307569,0.0226429307160311,-0.0537037029776433,-0.0212138460577958,-0.0131295105276463,0.4125621237688217,0.3315910556704233,-0.1439274770527575,-0.1417946891067678,0.155019697170794,-0.2829812231036084,-0.2970128802062273,-0.2274146355345523,0.0969991675639976,0.4468671789776761,0.6425304957046822,0.0051857738512259,0.3786817680057703,0.7132726134158334,0.4917952805810108,-0.2386832368355967,0.033112146389544,-0.1373452531736687,0.0306702968834016,0.2116208384532141,-0.0103883283770919,0.0790305779462203,0.565356148518642,0.0588768293060613,0.0180387773162038,0.8811383163988538,0.9137934496396776,0.1549688139843035,-0.5637889629337254,stop,1500,33,14.116463135265164,-0.1403920545923137,0.1691132003316499,0.1950744216505138,-1.0,1.2045781424222328,1.3894975909925458,1.873324187701641,1429,0.7246794162592787,7,0.0951776551658339,-0.3881843233706206,-0.1306429512471778,0.0,-1.0389804671145244,-0.3143010508552495,0.3053302256449152,0.2990779476204033,15.2795514411942,14.116463135265164,20.74095598846497,0.7829478612955841,-0.3110692177833032,-0.041979703878092,0.048816846140117,-0.3938985204438979,0.1106136131634975,0.0342595675401897,0.0,0.0462290537648879,2022-07-18,27.0,13,-0.2789220592646215,-0.2066576989274019,True,False,False,0.8333333333333334,2.0,0.1666666666666666,-0.0539581007932606,-0.8791686641351394
NVDA,Falling Wedge,bullish,1,0.6771818883410188,3,13,2290,2291,2025-10-27,2025,2,192.58860677151608,179.55981260099088,202.0824959946376,174.92256631901887,0.6475336219615454,0.0725596333711773,True,0.0716394250055225,0.0770392483219732,0.0448934186780605,-0.0907593416943318,0.0368957638850053,0.0443306801084475,0.0601552085902776,-0.022449428763993,0.0787062337338266,-0.0471181579289989,-0.0109092849825237,0.0335378699788013,-0.0033883747208985,-0.0777545226337722,0.06256512278875,-0.01855603604304,0.1045075138379809,0.053174000631744,0.0388788182161916,0.0479546637947261,0.093753881695932,0.016516430815914,0.0493927020061175,0.0310800200239902,0.0392453065464812,0.1257054113705613,0.0250799785070505,0.0905204005390076,0.0509559402298662,-0.0525954396941125,-0.0625413098075139,0.096669050891992,-0.021169921236088,0.0345680356119026,0.1079558134169744,0.1112947810310445,0.0710583786940268,0.0012077483584269,0.0509559402298662,-0.0067417607820875,0.0231336869111258,-0.0374192349320963,0.0239435798563962,0.1230698287763314,0.1639885739926361,-0.0149019540742753,-0.054390020526238,-0.0277253132632043,0.0489100517598184,0.2066330211755584,0.2083733212151706,0.0564598570250347,0.0448651393009631,-0.0822068595479186,0.3375548710808553,0.2308985423733982,-0.1259725205781141,-0.1565776840456404,0.035989617051046,0.0918884661826704,-0.073242942163649,0.0649796304293515,0.0660991149868299,-0.0289672162286491,0.0754398497932848,-0.248640688023526,-0.2910489949302962,0.0210659018490189,-0.0785150444614984,-0.0198366432338464,-0.0241199719037202,0.1303143872477403,0.2292460361968857,0.1466245798739411,0.0242165030747205,0.3446781637258806,0.0107146127221031,0.1451833913176146,0.0218115856940945,-0.1506013140266983,0.0155474124337608,0.3847636353594563,0.0262183695355082,0.0893844670797505,-0.1397408909041684,-0.0051808096781708,0.362357477864933,-0.0590265110467,0.1382195977140494,0.1179065201060698,0.2639401359899749,-0.1246655107478838,-0.0278143878951131,-0.033951599831665,0.5264319198989482,0.3859400129972565,0.5858148907536476,0.3765608163129728,-0.1013761037293199,0.4259444140258011,-0.0141719822313939,0.1387902017737439,0.1303652203921586,0.7699704256967896,0.0527576268366098,0.030578437120031,-0.0420272588284112,0.0336154560997035,-0.1117787685706852,0.0722504342011074,-0.0014504441432245,0.1233372230680556,-0.2130482826502543,-0.052256696971732,-0.1836267649977033,target,2291,1,202.0824959946376,0.0492962142583279,0.052318004066639,0.0059052026502317,0.5374090050710544,0.570351434400584,0.0643763244044213,0.5374090050710544,2275,0.7068531518773485,5,0.0734809926998193,0.1024327979220929,-0.0144374580027908,0.0,-1.0501791892832693,-0.3433260374059156,0.3058963104645744,0.1069538227136563,179.55981260099088,174.92256631901887,202.0824959946376,5.897302235959894,0.3042527449850409,0.0649726863552933,0.0308707020000301,0.7613730090634878,0.8571446889265015,0.0200259306655861,1.0,0.0324854841063737,2025-10-27,22.0,10,0.8023015482353095,0.3871747354085397,False,False,False,0.0,0.0,0.0,-0.0623735693334372,-1.0665151382006723
NVDA,Falling Wedge,bullish,1,0.7830775717518844,3,36,2329,2330,2025-12-22,2025,1,182.54285710968043,178.71963871704884,211.1842114290112,167.6763621145277,1.612294839864472,0.0213922679123392,True,0.0249766866481258,0.0204586001230144,-0.0273811657042348,0.0047941730040053,-0.0124493517761804,0.0255640454310008,0.1357478165885286,-0.008247951077435,-0.046523792392969,0.0825101698198456,-0.0426299316948206,0.0146881577942297,0.0245376909271211,-0.0183052268830169,-0.0106872822526562,0.0483892300769701,0.0505962026883364,-0.014661139689306,0.0805524727768658,0.0756221013350952,-0.0579720131815483,0.0238322022539902,0.0085778662459347,0.0335573015286825,0.0252814020451919,0.0419786027939173,0.0543661475901791,-0.0192772125591554,-0.0322292849703504,0.1764059771216803,0.0047342555394183,-0.0531970970204248,0.090425912094888,0.1720523844862147,0.2724771635663714,-0.0857125035986088,0.0224536317976298,0.0846076761252099,-0.109315641731712,0.0027379584354725,0.0108419631308633,-0.0339201416439652,-0.018120669590526,0.0230090628046717,-0.0374192349320963,0.0052123540566986,0.0102201789928255,0.0028215361670174,0.1369063724535069,0.017778926645156,-0.0438922317166665,-0.0848595418249882,-0.0078122357406147,0.1618003736211901,0.0159842329533024,-0.0171379359687974,0.1907918197387668,-0.1787353566784708,0.01854257956415,-0.023521709174024,0.1501878580739211,0.1735058888288185,-0.0901469518924569,-0.0257676684484041,0.0431310477953166,0.0731056683883246,0.0541481126527041,-0.0958017266033538,-0.0131901971405434,0.0374378081443032,0.0293811779665371,0.0219078373769618,-0.0101646704296577,0.279446331025585,0.0149934980556103,0.1026356367400023,0.0381033050665,0.3998091523372136,0.1587799535558274,0.1365925904395657,-0.1965335224689399,0.1491442908600386,0.2462341485927153,0.134941404054639,-0.1180901625479526,-0.0271916447730359,0.1630812874358445,0.0747712195870486,0.190151780543651,0.2007388184702367,0.1099710389383807,-0.0660283064987085,-0.056078363886787,-0.0069809781621846,-0.1190955678580711,0.1489359027853332,-0.031648409412692,-0.2831055337514966,-0.2029557543033715,0.0659755345592076,0.2325613695274559,-0.0644998283481464,0.2823161737246458,0.3673503059260394,0.3886967921442692,0.0636610679935103,0.6031354361606043,0.2480522134696501,0.3557034250957687,0.1331411368569934,0.1156698979023835,-0.283942768178575,0.1764602251884939,0.4292057817072938,-0.1873592339462518,time,2389,60,172.30615234375,-0.056078363886787,0.0801224025828673,0.0652567276906143,-0.6885755364171678,0.9838077025376488,0.8012749153150855,1.9265707437206523,2292,0.6247581652049813,6,0.1125131235201735,0.1685950668650102,-0.0784727858155062,0.0,-0.9398006434989562,-0.3150424782939697,0.5116960402343315,0.1579557115364217,178.71963871704884,167.6763621145277,211.1842114290112,4.911353003757365,0.16333173025508,-0.0105813952662641,0.0267997493842729,0.2421270025985975,0.7403304670376146,0.0161886219672977,1.0,0.0422190070134671,2025-12-22,22.0,10,0.2006240640809835,0.1237229186394537,False,False,False,0.1111111111111111,0.0,0.0,-0.0251311300658783,-0.630389982761399
NVDA,Falling Wedge,bullish,1,0.6085427373479565,3,28,2463,2464,2026-07-08,2026,0,204.23147485952867,198.52052655160105,237.2885499167037,184.12076361779964,0.9861212058191406,0.0287675456393834,False,0.039323061420617,0.0293410955192903,0.0044581913163221,-0.0017280283337991,-0.0007553372457557,0.0528967644543392,-0.0136543992723369,-0.007869231106605,-0.005425302132062,0.031489300490368,-0.0483348331092359,0.0131143864050515,0.0819372758506624,-0.0445954691194045,0.004611156301048,0.0544545084588559,0.0339538616181083,-0.041771639526085,0.0664676313334691,0.0427283257553487,0.0164282058306277,0.076071440830354,0.0235992209806534,0.0371710968340153,0.0370908164291798,0.0134095179909281,0.0635818184274983,-0.0450837692675991,0.1803172887557276,0.0323775422300434,0.0231696026512469,0.0419786027939173,0.040384485887809,0.1371061183996336,0.1478988840470418,-0.1524759739116242,0.0165394590777776,0.0040164025824949,0.0745197398173127,-0.0738211427001785,0.136567203107996,0.1172399595113267,-0.0537526194991749,0.0823416993433008,0.0964633649062463,-0.0069678123735709,0.0721901496160151,0.0421640531759732,0.1523321022271802,0.048986456558494,0.1896575813476646,0.0224393577217816,0.1015695064846988,0.1154154502423836,-0.089196366938082,0.0900969117913441,0.1050865316016527,0.1760407701960482,0.2281326754760926,0.4133193859601962,0.0649796304293515,-0.0930447249592708,0.0427177382842061,0.066817137413506,0.1505831031158686,0.0618424665656147,0.0351473495904715,0.1658889504416512,-0.0302504510615275,0.0975741121278084,0.0737432455453477,0.171843770921733,-0.1846509502566323,-0.1512100893549663,0.316381998496944,0.62190558881109,0.11934120325361,0.2027976166540532,-0.0288559849166728,0.3657536241898056,0.0567328658439116,0.4912034493769874,0.371521514120414,-0.2768890057207114,-0.0234214088067633,0.0090853753298363,0.1613011144618039,-0.0412584254934773,0.042770143909502,0.0937851938716867,0.340564075043352,-0.0353609713589669,,,,,,,,,,,,,,,,,,,,,,,,time,2512,49,214.8000030517578,0.0517477935244712,0.1481952031278006,0.0706739849418031,0.525517375551582,1.5049753605480147,0.7177196273851735,1.643754646955634,2435,0.4032343060499256,5,0.0341086307547163,0.020790340470794,-0.1809149390610933,0.0,-1.029738673926717,-0.6265043678767971,0.9485303554926402,0.1394567626175794,198.52052655160105,184.12076361779964,237.2885499167037,6.663258446829149,0.0675797312672945,-0.0251429365356864,0.0326803576859622,0.0863754365804918,0.897028919164723,-0.0088864316471992,1.0,0.0109580441079983,2026-07-08,26.0,18,0.5590116606890656,0.3645099491464811,False,False,True,0.1176470588235294,2.0,0.1176470588235294,0.0206796207466705,0.5060372354883039
NUE,Falling Wedge,bullish,1,0.6873347103424481,3,29,636,637,2019-03-29,2019,0,51.23724036319168,49.69407940414111,53.89228308448924,48.1090877710257,1.324236785886569,0.0310532155450691,True,0.0249956433712057,0.0114029588418722,0.188018847372906,0.0256825839921877,0.0495211156983088,0.027558729621792,-0.0566856316623676,0.0012163728881171,-0.0189571056891671,0.0229621235639903,-0.0028868363116842,-0.0350590462166963,0.018309010819824,-0.003442650571313,0.03212743987215,-0.1120186823454858,-0.0006193459527131,-0.0234628947642903,0.0452119063892391,0.0158218475548721,-0.0357146287942052,0.0426304375812638,0.0159849637188693,-0.0113155448137234,-0.0304934236041691,0.0927895997338612,-0.0696323335668267,-0.0074490172205963,0.0819723597194319,0.0260982499809359,-0.1295849148966433,0.050813016354801,0.0111632080121502,-0.0656302345815955,0.0771723233310508,0.0599713963706065,0.0599713963706065,0.0225983453149294,-0.0496818887266417,0.0859984722464175,0.0617002025714885,-0.0021340611134674,0.0057470891221684,-0.0469526565844093,0.0060002733614312,-0.0248620861037083,-0.039351282809236,-0.0715604862194586,0.0226827205530137,0.0437962704853918,0.0835077213977264,0.0392552786473541,0.2552431347167487,-0.033299618523426,0.0049488514100133,0.1002902746751304,0.0102683011125503,0.074772837665525,0.185620409417115,0.0089193498037063,-0.0674709600225046,0.053475842837066,0.008067502803017,-0.0497702256901259,-0.0286540786167558,-0.0317655905995036,-0.0016047270940331,-0.0252629867368012,-0.0720022982212964,-0.1384902856366691,-0.1225083543062947,0.0037848187586588,0.0661017185347228,-0.1797494137333524,0.0070571312271601,-0.047257309196721,0.1207039855901666,-0.1377984874662865,-0.0222962106295544,0.0800900487057976,0.2236937797561555,-0.0451779917713001,0.0422425052847743,-0.1752821354035838,0.0800267204400069,-0.0666573959257502,-0.1111918348316225,0.17759827165435,0.1961344478519451,-0.3510282351365623,-0.0151895806649887,-0.1307805272888698,-0.0830942350461618,-0.1093468682050369,0.024425976076341,0.486668182156438,0.2664612317392274,-0.0330809930414272,0.0307226956940576,0.0126170321896665,-0.045155161940983,0.1764052249421521,-0.016215880572051,0.4131838390433204,0.1219516298889444,0.0881033513851725,0.0115873122253651,0.2447098591682395,0.067809260230687,-0.0640124514279654,-0.1191525534930435,-0.3489588890983454,-0.0729999321112894,0.1046307362730223,-0.1505792585125383,stop,659,23,48.1090877710257,-0.0610523238564818,0.0331023734872925,0.0658674608263818,-1.0,0.5421967813233057,1.0788690203049296,0.8487574192981301,607,0.4339338940768935,5,0.0269272954787604,0.0532835896193892,0.030008514027547,0.0,-1.1340111802824333,-0.7000772862055421,0.9866366220392256,0.0624177534009429,49.69407940414111,48.1090877710257,53.89228308448924,0.9547337975510364,-0.0275539151965145,-0.0120394836655611,0.018908226401331,-0.0588199197777022,0.4078924252995382,0.0085043090175807,1.0,0.011783592834943,2019-03-29,17.0,2,,,False,False,False,,,,,
NUE,Falling Wedge,bullish,1,0.7231253643419303,3,35,744,745,2019-09-03,2019,2,42.85146174644428,41.37884284058046,51.858379598369794,39.89658648641117,1.1842295123710902,0.0355886923067749,True,0.0705858196580653,0.0535634160800908,0.059378050059339,-0.0329721709751659,0.0093092796854143,0.0092879803534791,-0.0157390175472311,0.0548422830864299,-0.0728907079064502,-0.0382916129986714,-0.1683052164154362,-0.0332622187271913,-0.1087272532107381,-0.0842881069443632,-0.0772999885412676,0.0868882256790586,-0.0190962042526147,-0.0392766664955815,0.0708569120225537,0.0021685032707634,0.0733240696091976,0.0129725378702141,0.0861418857769784,0.079943126441536,0.0534028199878846,-0.0135938372566299,0.0317561933325918,0.0962607850954666,0.0523545764509572,0.1730017112277813,0.0692488824372046,-0.0637013318640181,0.051360373741464,-0.0292220167916515,0.0731262308031122,0.0600240967464966,0.0050674142116311,0.0859984722464175,0.0499147847722749,0.060079304612197,0.0052942097394534,0.015907620977386,0.0473704900829532,-0.0612954689840467,0.0352832382141177,0.042731339951778,0.0334260603125011,0.0284658319018029,0.0298290885084993,0.0089193498037063,-0.0112137049889341,0.0413742694385244,0.1019006395397652,0.1540940963689154,-0.0791896405372917,0.0638789624504672,0.0623574384503933,0.1160040193928406,-0.0484737991941863,0.1581676629742918,-0.0919611025279578,0.0502457650778738,0.021472559792965,-0.0852587297022576,-0.0806625839875985,0.0957266171362665,-0.053548122631651,0.0460109531236545,0.0084423733880868,0.1199375943379554,0.0808089858944696,-0.0939996891248301,-0.0087442566585346,0.0337734885697904,0.0174654982105961,-0.0767998935744495,-0.088500089740195,0.2542116046339164,-0.118419001520642,0.0979893154083666,0.1347153992638496,-0.1101182447730606,-0.0538010912032921,0.1437621421131147,0.0715588909002653,-0.0160970174188885,-0.4216125878287342,0.0037848187586588,-0.0141156096635786,-0.0637343699768495,-0.0334597674922625,0.1370446173937934,0.148227706148285,0.0718463669151776,0.0044507159775266,0.4795376404845004,-0.0475968233845375,0.246680710677444,-0.1102903683147413,-0.4129859538261436,0.0084209171815563,-0.1537432851008902,-0.2415381297092751,-0.0210351553211876,0.2762373201620061,0.1688590146327928,-0.0784695917590584,0.2087846009965221,0.1578344271594534,0.0261025553849236,0.2313591971464474,0.2361833133212991,0.1334293491911982,0.1504745502719982,0.0850929558896933,time,804,60,49.2032356262207,0.148227706148285,0.1564283445535805,0.0103742539283195,2.149591208024546,2.2685164796507333,0.1504469414902817,3.0481550181663444,707,0.6953851459303042,7,0.1121491134968166,0.0305492720042048,-0.2158843171717882,0.0285714285714285,-1.951624100728816,-1.256238954798519,0.3969648001741201,0.1106129028904136,41.37884284058046,39.89658648641117,51.858379598369794,1.1269458385493305,-0.1217123164125352,-0.0764394358223743,0.0266238346883235,-0.184079006784126,0.9756093022390372,-0.0126580975757779,1.0,0.0243817159578616,2019-09-03,17.0,2,,,False,False,False,,,,,
NUE,Falling Wedge,bullish,1,0.7187263545612269,3,33,1210,1211,2021-07-09,2021,2,89.13260409913167,88.05336822573054,106.99823804978132,85.27550727735829,0.8408907863461652,0.0122566109070858,True,-0.0413497750860697,-0.0319569045750459,0.0030734485305869,-0.0176101160420815,0.0208144813275339,0.0148604971776067,-0.0507962645004056,0.0434048860919138,0.0459004266583957,-0.0403914359187065,0.1627299799872865,-0.001975954154714,-0.0078570511704636,-0.0451055100080308,0.0694944751780364,-0.0098962186627954,-0.0394491532675362,0.0030339324044268,0.0748953169411101,0.0665877664671725,0.0105522181117112,-0.0257825534367415,-0.055173933671785,-0.0174980212346844,-0.0278558631499168,-0.2336919280985736,-0.0174966694557778,0.0766594230307258,-0.0865833391895236,0.0443741110685047,0.0392712673772381,-0.0612848894577513,0.1150440861664361,0.0195409838574855,-0.0656302345815955,-0.0137132585720095,-0.0069189009623996,-0.0291191821440649,-0.0375191286249056,0.0333502859602885,0.0615819509758088,0.0993367758412901,-0.0188073748871496,-0.2169071230660091,0.0893953606877948,-0.007042132030975,0.086449249643639,0.0702352954356941,1.26237901953985e-05,0.0356489735314045,0.0538185765299796,0.1098773591808059,0.0154699979237604,0.0379633657310423,-0.0970879933923741,0.1707102825503295,-0.1915563401375792,0.0305105089564765,-0.0670537410613596,0.1173577662067482,0.0583663041747808,0.051334002139564,0.0585397480358886,0.0085891681561844,-0.053410273512907,0.1455523168761194,0.152178816691064,-0.0065859722303761,0.0549374751366516,0.1878968604845616,0.1473619756544473,0.4155906381677241,0.0427033260328248,-0.0716246577828213,-0.1098001732222929,-0.0356654585065367,0.0703294220067585,-0.0226114138813703,0.0185330457559618,0.1366835049218875,0.3137689938800385,0.0056285681659224,0.1533504688731042,-0.144698932513655,-0.1471223304750778,-0.0374591988345692,0.1622490617107581,0.0979893154083666,-0.1331735821190606,-0.0820336601292418,0.2670460889560635,0.1429127091638224,0.0120022127683325,0.0244420703819479,0.1135118992979287,0.1027865853892426,0.2450143359349454,0.613525035043907,-0.0835849115059257,0.0146120868100738,0.0142120935302161,-0.1099688037432498,-0.0210351553211876,-0.0139434614194281,0.1215361779793322,0.1622119877212009,-0.1022929347788205,0.136930300126064,0.1443610257595868,-0.0044510538097275,0.2352761021681806,0.0716795945552384,0.0106062257508701,0.2928302190323575,-0.0851886546577076,stop,1215,5,85.27550727735829,-0.043273691605415,0.0290594818607392,0.045516023988019,-1.0,0.6715276830484884,1.051817450728501,4.631886306249255,1175,0.8131942156276656,7,0.0775893065256117,0.261085744588176,-0.1193103181151632,0.0606060606060606,-1.0673407913689053,-0.2541465757412399,0.1924543375514669,0.1833848056592997,88.05336822573054,85.27550727735829,106.99823804978132,2.6452420226643127,0.4269705707315003,-0.0158604370472411,0.0293233163455955,0.7456843776856603,0.8638138071276963,0.0214517056677285,1.0,0.031478986504388,2021-07-09,23.0,7,0.1875349618886168,0.1718763508351044,False,False,False,0.1666666666666666,0.0,0.0,-0.0339557940555308,-0.6827061236028137
NUE,Falling Wedge,bullish,1,0.852040240858404,3,46,1461,1462,2022-07-08,2022,1,101.34259631409395,98.84910236878432,153.8160841617596,93.44640354621744,1.179711275848615,0.0252252563306742,True,0.0271878649053201,0.0290538015498931,-0.0545821672620412,0.0007255237238745,-0.0346996487066655,0.0437419085521291,0.0533071761156798,-0.0041210214726795,0.0063171206170955,0.0437318861072228,-0.1398334313289085,0.0026265399678906,0.0208799464324573,0.0847061211750439,0.0105522181117112,0.0393184502411132,-0.0985870905037689,-0.0088375745651774,-0.044829282898071,-0.0329721709751659,0.0105522181117112,0.014431020853282,0.0315664777904834,0.1160147335964032,0.0920675034582072,-0.006476443505602,0.0146678609996444,0.1025817965132467,0.0369966152298772,0.0185084139950786,0.1558045029865349,-0.0202647177587713,0.0583268018034077,-0.0736844154662008,-0.1069229276939025,0.0032767838183167,-0.0586911683715362,-0.0668977137905598,-0.2130295483164805,0.0883111651795773,0.0591345775967133,0.0735756509091922,-0.0545477952126474,0.0542500633547924,0.0927895997338612,0.1081292784961761,0.2722530366570965,0.2006706131337505,-0.1261949912199097,0.0920511501647411,0.0205280737446234,0.1266812970273412,0.0328561711676402,-0.1148465254426198,0.0089193498037063,-0.1013120083053501,-0.0282123306380742,-0.0303754835600332,0.2352635719358455,0.0231446188723991,-0.099399033392675,0.102173748194474,0.0844804719319103,0.0492627469247282,-0.0214557081096032,-0.0009301562593053,-0.1087360642952551,-0.0941905643235175,0.2697676199460432,0.2176907123139786,0.2011296864097722,0.169577696941203,0.1248084916803369,0.1229220080677462,-0.0035788635781414,0.0760881005347251,0.0056285681659224,0.0337337768887493,0.0425687114676684,-0.1101934570971231,0.0467807048475561,0.0150584923136298,0.1440096425009303,-0.0823943364798145,0.0248690486405758,0.0852948077510775,-0.0674359229253896,-0.0391954254681709,-0.3435769260166472,0.0700944050548595,-0.0802454804270333,0.2059500101708456,0.069526682579869,0.1154875676404517,0.0142120935302161,0.0394992733665566,0.122358436396891,0.1767007864557068,0.2202281989472796,0.1638126720092856,-0.0373031315534669,-0.0417293556803788,0.4092325165816293,0.2932848489777409,0.0431647099363128,-0.13646293722363,0.092115515229971,0.0080341747404879,-0.1226285790028735,0.8425792093335778,0.0329932596952131,0.2674288389098693,0.0277076513775094,-0.0704588436057619,-0.0477117843412377,time,1521,60,108.38861083984376,0.069526682579869,0.3603351050133215,0.0422718729039217,0.8923306120912561,4.624671174913838,0.5425325187818182,6.645416264549604,1414,0.8271127611262625,6,0.0076045691802923,0.1941247765848377,-0.2685198846252999,0.0222222222222222,-1.3166051211463627,-0.4894923600201038,0.1564586886895095,0.2746973829804811,98.84910236878432,93.44640354621744,153.8160841617596,4.753445831684743,-0.0931253177263579,-0.1212731680882126,0.0462119706615772,-0.1046102976423787,0.3437505321848373,0.0132138646576784,0.0,-0.0507540410783338,2022-07-08,1.0,14,-0.0440176565206436,-0.0762466410569567,False,False,True,0.3846153846153846,3.0,0.2307692307692307,0.1003867124985699,0.8987710010773917
NUE,Falling Wedge,bullish,1,0.6813236901441786,5,40,1691,1692,2023-06-07,2023,3,141.8787519492851,128.74073888690373,158.69725585009883,123.22765138033674,1.3755729947992792,0.1020501604695842,True,0.0138646818961918,-0.0108881170095669,0.0722178649495068,0.0122558961644496,-0.0489089200259474,-0.0575497386748401,0.0391665349924585,0.008839231185497,0.0618584106944821,-0.0684238066617872,0.0058813786606624,0.0145453831968824,-0.0410075455238687,0.0787937499208037,0.1059842368177577,-0.0070751872663019,-0.031421139975565,-0.1139535515720738,-0.0510189185561279,-0.0417049166017189,-0.050851286411426,0.0513435178812806,0.0169161222364856,0.0319693276975547,0.0049861618787274,-0.0541803656210697,-0.0044786611993892,-0.060259087509918,-0.0237903353517057,-0.0097797405218127,-0.0255664761879027,0.0313208976731613,-0.0202647177587713,-0.1169188478178185,-0.0008227182530865,0.0811430975536702,-0.0351270421606378,0.0174604464681658,-0.0331204231122922,-0.01748193662995,-0.0374962007760975,-0.1088772885865939,0.0180846305253117,0.0264288061755759,0.0283421067208089,0.0492385205160724,0.0934461831226869,0.0616636331869151,0.1223099287393194,-0.0594742517739712,-0.0833729117440277,-0.1420885332833557,0.0069226124631462,-0.0598941662499308,0.0298998220132513,-0.0164269332171614,-0.0436996068709936,-0.2012830816809138,0.0957393269054782,-0.05158668814464,-0.1016744673839358,0.0606571746864079,0.0090733017011228,-0.1846000084110033,0.0140803873257597,0.0387783783885375,0.17281173633656,-0.1241286256712386,0.1193440134162663,0.1326741345706823,0.0814580214349618,0.0995440335552406,-0.1344788180282151,-0.134655980837267,-0.0379310224337172,0.1652808833283248,-0.1676295635169333,0.0884643533991018,0.2664151924484144,-0.1424493986679476,-0.1448086234534575,0.0587627817059102,0.1152177107045848,-0.0806845140069228,0.0900255764283775,-0.1608942168547665,0.0619813434427019,0.0218288232755745,0.0983591018837513,0.1637171347083428,-0.0323034324854812,0.1229860663409015,0.1652175419106945,0.103696667098124,-0.0704480745788315,-0.1214942045933237,-0.2816334244399058,-0.0050115378132558,-0.0760785516458742,-0.0656576317071159,-0.0194106818583658,-0.2564798989257981,0.4845386318051368,0.0550559572780979,0.0126072069056137,-0.0915110672439469,0.2781419150900446,0.0009264296352904,0.0369901203906406,0.099630804944482,0.3269539576923841,-0.1075248014397457,-0.0472675667523743,-0.0025253881729735,0.1577274321821855,target,1708,17,158.69725585009883,0.1185413860056052,0.1284877877370974,0.0317000854602286,0.9017432423700698,0.9774054296406558,0.2411422610240372,0.9017432423700698,1648,0.7303634970302437,5,0.0081179338596114,-0.1199964675902879,-0.1450299432365298,0.0,-1.1934409927491276,-0.4630774957188828,0.3007221799320803,0.1740587153611732,128.74073888690373,123.22765138033674,158.69725585009883,4.038544818421776,0.0375032952189635,0.0281975311172097,0.028589837029234,-0.0133022904632917,0.8863629198534683,0.0009058548642932,1.0,0.0380111563353153,2023-06-07,19.0,6,0.0155860366286046,0.0300759915405997,False,True,False,0.2,4.0,0.8,0.0313992786979883,0.1671896704098079
NUE,Falling Wedge,bullish,1,0.675426552416049,5,42,1791,1792,2023-10-30,2023,4,142.6240238937939,140.9618296977976,171.99438633474006,133.72529284372456,1.4954231370122992,0.0117918034943202,True,0.0318731907732612,-0.0150055942520912,-0.0069384281190262,-0.0287738540234621,0.0035493358956533,0.0341056099527889,0.0256696179622519,0.0158485894341722,0.0315698882295227,-0.0273232790875873,0.0621922187711485,0.0409553020536934,0.0219181844700306,0.0120548372605659,-0.050851286411426,-0.0081787079112211,-0.0416953807796786,-0.0106471501942014,0.0211737805427203,-0.0272750688460978,0.0212271896987115,0.0868882256790586,0.0230997095443803,0.0305926740601367,-0.0270987398058315,0.0319693276975547,-0.0983404118999434,-0.0191210327475753,0.079511116487098,-0.0169794026844185,-0.0276260256552183,0.0746602070535946,0.1117205805385082,-0.0185263808202922,0.0944829035974459,0.1271439668600293,-0.1168675997446405,0.2128609956272729,0.0513762506233439,0.0277181750224777,-0.0294630786986263,-0.0333634365865259,-0.0113155448137234,0.0300508508948014,-0.1615156909105776,0.0151738855681075,0.0859834470586846,-0.0071250905686048,-0.2153825145531871,-0.0097869909120178,0.0106680852559273,0.0941441414307284,-0.0803542446242081,0.0110072732709227,0.0074183172926498,-0.0013442624109855,0.0177301260324509,-0.1433432963872039,0.0540002532848833,0.0593607195197849,-0.0538534489654141,0.1763924599157653,0.0578904020637536,-0.0606286767572139,0.0570019649459372,0.0661953711909713,0.0502457650778738,-0.0601611174659081,0.0841234306984091,0.1985847197475287,0.0489812582742881,0.0925111519352552,0.0740433500023973,0.028897185504588,0.1525670309943112,0.0110791637435478,0.0370162402683562,0.1058308165426582,0.0828941116654538,0.112869255862519,0.0380040488551565,0.0471737135147083,-0.0637343699768495,0.1149228332554086,-0.0898243378801305,0.0404517203017655,0.0322294750667628,0.1076039486853817,0.0714762951379905,0.129928598258775,-0.0735645002685286,0.1459659331740524,0.1835121960533932,0.0076120359412725,0.3499167004704528,0.0863812364598231,0.1798893806416837,0.2885609431865878,0.6127683747270998,0.2210587334935378,0.0701662603791075,0.1912280757906388,-0.0718670284511573,-0.0143693147052113,0.1537857910544819,0.0281913794427095,0.1508824131128299,-0.2989657782516736,0.1276631242253765,-0.0181519589128543,-0.0398153490708367,0.5553645471184074,0.1968280676705738,0.1035728505597495,0.0398577736063268,target,1827,36,171.99438633474006,0.2059285780831499,0.2081533652148273,0.0205526699759344,3.3005113061280063,3.336168984873619,0.3294070218816303,3.3005113061280063,1745,0.5404085824621225,5,0.0489514916375043,0.0296946064807153,0.0106756747608636,0.0,-1.8687704590169556,-1.3283618765548422,0.8063933621167236,0.1025476438179192,140.9618296977976,133.72529284372456,171.99438633474006,4.379768625422465,-0.044129963068584,-0.051533122137248,0.0305951029116189,0.012864136498859,0.6499989827473874,0.0091825461801036,0.0,-0.0274274258006468,2023-10-30,19.0,6,0.018660097961854,-0.0085886545920244,False,False,False,0.2,2.0,0.4,0.0035807421686614,0.0933758575888809
NUE,Falling Wedge,bullish,1,0.8491171274297419,13,113,2021,2022,2024-09-30,2024,7,145.93839946194467,139.90576187120257,196.4032096604429,128.4829167386439,1.4439043996695224,0.0431192933733191,True,0.0190127446754455,0.028779053697166,0.0437717895397382,-0.0153708630960576,0.1432511223895936,-0.0796440229442898,-0.0347799161273579,0.0552382528108459,-0.0575597459168326,-0.0019367641396799,0.1726245895613358,0.1754164526819035,-0.0085469863156306,-0.0416668104991194,-0.0156002962564368,0.0154112200213745,0.0203699119423794,0.016549156939269,0.0032686404235873,0.0210160767086913,-0.001504477945844,0.0256825839921877,-0.0027867510130373,0.0196132118993497,0.0005689537353537,0.0447240103161692,-0.0031556021068089,-0.0357328234809962,0.0718084613061189,-0.0533825963804202,0.0678092055999717,0.0512152698874379,-0.0046394164368949,-0.0049253532637437,0.1588078833253108,-0.0527878524688602,-0.0351270421606378,-0.0174980212346844,0.003926416905847,-0.1380029527520337,0.0027960683773866,0.0058818695580309,-0.0128011324639057,-0.0109907343146434,-0.0191394604167459,0.0186739020095548,-0.0144762419078074,-0.0274340145078328,0.0525529781740874,-0.0205502682860241,0.0504970567188134,0.0504970567188134,0.1190070697425969,0.0454015341753437,-0.0113742069916549,-0.1269333764963865,0.0298290885084993,-0.0402788732970249,0.290591997833318,0.099964563780672,0.1463794489290464,0.0914830277190585,-0.072971286552709,-0.0190638801092613,0.0483745559824164,0.0099676576895637,0.0049488514100133,-0.039351282809236,-0.0499248275498048,0.0236159433520268,-0.0184664486167887,-0.0180381699382278,-0.0341630152305791,0.007197495355929,-0.0939052505661617,0.0722992024153752,0.2818668969325206,-0.0317718739804657,0.0078328977946648,0.079323969576676,0.2976627385609491,-0.0978849740391706,0.0952987740479667,0.0386191682434327,0.0563318017842175,-0.2291991519871089,0.043958306455119,-0.1379285801985966,-0.003325539087123,0.2005031088233304,-0.0598678158631504,-0.0001245561029529,-0.2166109390205819,-0.2687975336031722,0.096830440262877,0.1355112660370088,-0.0986082642032192,0.2206682109898519,-0.0284039783752212,-0.2186021350078791,0.102051918807146,-0.1226263259997479,-0.09000963569634,-0.111299899972064,0.0081902956748622,0.042398902906054,-0.0136909345414114,0.1234841854534209,0.2170208009770344,0.0359672409715488,0.2407897031567547,0.1087389255955222,-0.0167325736536115,0.2455439205505114,-0.2604720422172368,stop,2073,52,128.4829167386439,-0.1196085662694451,0.1375585516888905,0.1284189660286303,-1.0,1.1500727412701273,1.0736602739584529,2.8910578411638186,1901,0.6811014634124142,6,0.0179965130029398,0.3291559704729949,-0.0314700446454442,0.0,-1.3146539905136545,-0.6335525271012401,0.3902519752683249,0.2106027316396136,139.90576187120257,128.4829167386439,196.4032096604429,3.7886290248999575,-0.104491148583401,0.0185935644650319,0.0258844878670661,-0.2429524394978288,0.7079210164523875,-3.075754895220939e-08,1.0,0.0210046645010872,2024-09-30,27.0,7,0.0230280611975295,0.0757219021361808,False,False,False,0.0,1.0,0.1666666666666666,-0.0381651836085904,-0.3595946719295548
ORLY,Falling Wedge,bullish,1,0.7488152863403125,3,37,1518,1519,2022-09-28,2022,0,47.31266784667969,47.12192109973742,50.84992326572112,45.19686895584017,1.0752471456068042,0.004047940798902,True,0.0315630459482636,0.0035377748429012,0.0191406682407542,-0.0448577506091203,0.0304241112567262,0.0741046439284802,-0.0132205401658734,0.1238606539227984,0.0186425602710731,-0.0206717340008261,-0.0102994344254609,-0.0268546410446446,0.0136557825352912,0.0014759077069936,-0.006729957296919,0.0497352314881547,0.0540549663822935,0.0174300874711381,0.031765369040023,-0.0138367056414332,-0.016620761220325,-0.0098447137766163,0.0179953587451382,0.0251800167898492,0.0531238220679456,0.006973258203929,0.0026885358436976,0.0472380129495282,-0.0540320017955846,0.0605841936437434,0.0421609736159647,0.0024378345696602,-0.0441595454036013,0.0392438994311883,-0.0079270506780997,-0.0500270563049811,-0.0466657447209452,0.0412801843647847,0.0153477526853489,0.0581669248993352,0.0012950589044313,0.0500625880749796,-0.0002211164059836,0.020386661804892,0.0230869725135005,0.0147839999800598,0.0954923479762361,0.054026775061363,-0.0807372934332288,0.0147523792068022,-0.0569907193335689,0.0908517721716566,0.0452216933572355,-0.0336380670950982,-0.0282085295085929,0.0740816248518747,0.0345027749336797,0.043760205242908,-0.0344074431553873,0.1834853918051038,0.0301711313676773,0.0576442920031674,-0.003916865207605,-0.0519243219974732,0.2467803957854193,-0.0607226651120944,-0.116775153196429,0.0856871648036088,0.0735114596017534,0.1988614282724161,0.101781048487777,0.0589030644577568,-0.0112547440505238,0.1368240076275106,0.0224875013457519,0.0137533351640388,0.032664227544771,0.1229954616798683,0.008574321782939,-0.0464336238340427,-0.001505855521246,0.0858237174055274,0.0163984934111767,-0.0060178712003567,0.089313441843615,0.1012657949198345,0.0433136252197758,0.0962453818530415,0.0024516127035767,-0.0563336306205956,0.1374296955875464,0.1565165304064178,0.1607603066808183,0.1180724908323238,0.0583355245176602,0.1076772573791999,0.1155661099379883,-0.0318269952882621,0.0994651065542273,0.0789684929269056,-0.1818048855674839,0.2004843974782648,0.1664055733205736,0.263771953101364,0.0896202726247821,0.0042841803909294,0.1027142550866526,-0.0130384280634047,-0.3948841180668516,0.0608737931065899,-0.1281098272066919,0.0941619214104703,-0.0982786134857112,0.170082084550118,0.1225369039454522,target,1536,18,50.84992326572112,0.0747633895958725,0.0850935100427873,0.0122165826045422,1.6718296972156483,1.9028278131694496,0.2731824454076039,1.6718296972156483,1481,0.504478150022748,7,0.0719246516923437,0.2119829226762821,0.1961598943412721,0.0,-0.8025944071255013,-0.2981162571027489,0.82152372481837,0.0903017386982142,47.12192109973742,45.19686895584017,50.84992326572112,1.0740479060581751,0.0670956461342979,0.0137972732643052,0.0224498960598801,0.0215082525027434,0.8225802820959558,0.0113677364895399,0.0,-0.0656885951501525,2022-09-28,35.0,4,-0.0674888888670588,-0.0345157360885736,False,False,True,0.6666666666666666,1.0,0.3333333333333333,0.0480203076126204,0.6394734698924132
ORLY,Falling Wedge,bullish,1,0.7331244400275594,5,58,1614,1615,2023-02-15,2023,4,56.81466674804688,54.30396714470473,59.2538770785342,51.336886878570425,2.084051996129738,0.0462341838976856,True,-0.0129779024903543,0.006910111657183,-0.0188506358640471,0.0014342417681643,0.0831049970822515,-0.0328396938624687,-0.057910009909354,0.0245172040758978,0.0028949811767653,-6.400867367895025e-05,-0.022608940299043,-0.0002708087709757,-0.0462867716878995,-0.0147782908852054,0.0205561129460745,-0.0120290022495572,-0.027047682436854,-0.0049192954479678,0.0210733704385464,0.0315028268090502,-0.0498856418304376,-0.0137097747108129,-0.0071720613737767,-0.0132946823419204,0.0135651365659562,-0.0175397686339132,-0.0345100712853233,0.0015660256127432,0.0418285485816269,0.0212644701101931,0.0770052954252915,0.0498227613707988,-0.0540072436624876,0.0780607629760177,-0.0405629728903409,-0.0297960077659334,-0.025452739280445,-0.0885073789901427,0.0089857486045805,0.0013078273328679,-0.023443936904931,0.0838073255115881,-0.034355086713155,-0.0456124570403029,0.0518064242182356,-0.0143780586707688,-0.0383703791635939,-0.0073520083586242,0.0416409157264785,-0.0005795185868943,0.0366102790467537,0.087067874371536,-0.0346048246569591,0.0238156087140359,-0.0427432208259696,0.0727810071517738,-0.0184699278229779,0.2311327976763897,0.0199487928129935,-0.0974026399802999,0.0580807041464088,0.1272852575959346,0.0128655375194433,-0.0629152909811329,0.0631232981603597,-0.0309952185817176,-0.0321363700542347,-0.0763443076550274,-0.0572784168524387,0.0469949422652269,0.0341664487788362,0.0571716189397921,0.1024634205178145,0.019999371814495,0.1152364311977436,0.12663515720545,0.01057178895393,-0.0047695564858942,0.0147641985973441,0.0838060958265987,0.0046081156816946,0.0472591953079686,0.1229804726701218,0.1766549111365762,-0.0347795540279732,-0.1115684863540492,0.2433646017276551,0.0027492452139485,-0.0983999633789062,0.0818516625339844,0.2056589248680473,-0.0113179403320901,0.1289338310138619,0.1182416077476622,0.1018503207979879,-0.0005920844544954,0.1355908321122509,-0.0574813873923488,0.0376889407418399,-0.0875120169316363,-0.1501273573815504,0.0291148707753621,-0.0418037387357304,0.0157592259057617,-0.1544753604467813,0.1337620145100329,0.0604797451420848,0.1226251778337752,0.0340261783958733,0.1241525916455994,0.1431408664855604,-0.0276636797880129,-0.0525648705914051,0.0371751828005191,0.1087765584426275,target,1653,39,59.2538770785342,0.0429327578617042,0.044319569233116,0.0662622475228327,0.4452917767066915,0.4596755649907372,0.6872615549894571,0.4452917767066915,1552,0.4259093942069437,7,0.1599943016851846,0.1560673904719633,-0.0111618506919266,0.0,-0.9289784133151068,-0.5030690191081647,1.307435886732633,0.0951946817011084,54.30396714470473,51.336886878570425,59.2538770785342,1.5419044494628902,0.1740092411314047,0.0507648606242809,0.0268552732244884,0.1597651232679808,0.5417256379754881,-0.0035075941050568,1.0,0.0574473627036125,2023-02-15,35.0,4,0.0750713858909355,0.113199334727148,False,False,False,0.0,1.0,0.3333333333333333,0.0412894208664812,0.603823283532505
ORLY,Falling Wedge,bullish,1,0.7069682661573418,3,26,1642,1643,2023-03-28,2023,0,55.31333160400391,54.34851780566538,58.15871236612512,52.70128785646871,0.7400197082221741,0.0177523479442149,True,0.041870591138325,0.0200166757580873,0.0575131650700118,-0.0218322878209128,-0.0174203415831734,0.0266033855163971,-0.0388241812618858,0.0329283836075737,-0.0049272137509339,-0.0446156323439211,0.0272420190852091,-0.0434070214017483,0.0245312212343091,0.0152216656029884,0.0001132609807235,0.0511782149701283,0.0141139293291696,-0.0303536411676292,0.00968604048872,0.0125499379848219,0.0104787925635625,-0.0262270887627955,0.0391429607212942,0.0574304599333326,0.0371270444367572,0.0120814953150956,0.057270010302812,0.0059871955754478,-0.0244592688110204,-0.0079270506780997,0.0083773782196334,0.0131780535914036,0.0160496743008689,-3.55564792768881e-05,-0.033858935135357,-0.0281641826586861,0.0155729640999207,-0.0326600121045567,0.0892430174133327,0.0491933019661681,-0.0202672559245409,0.0465159386907205,-0.046627522890507,0.0092198165369201,0.0610933060844933,0.047941341562594,0.07773899938883,0.0666621036327195,0.0165718030723247,0.1103732225204714,0.0313636606389826,-0.0244449588939591,0.0673203730509284,0.0078741432911992,-0.0336380670950982,-0.0089579418716109,0.0275108609948269,-0.0078855642880696,0.0567921083105273,0.0497521026109404,-0.0268964617329426,0.176554977384572,-0.0079140843064046,-0.0585355716428572,0.1046318526079155,-0.0703893442514975,0.1008677153967638,0.0172710800723738,0.0513279040953606,0.1196095215619135,0.091704657756034,0.0018805483787909,0.0237798560093842,0.0004228980567888,0.0573404027009476,0.1390699184598105,0.0473608775530733,0.3404344994627213,0.1746383295026361,0.0504531464309385,0.147473607209807,0.0534297063048976,-0.1668705504336686,0.0487129009155227,0.0751190435777002,0.001332938953402,0.1113421976888389,0.0994847731432464,0.0783736033626625,0.0068056927464705,0.1471070442069637,0.0477249498503667,0.1145715417138331,0.0273333252866136,-0.0906645035250697,-0.0391783517018937,0.0630090452339371,0.2292183263929434,0.0552593527123197,0.0805792504674751,0.1912573368526722,0.1895640184092675,0.0176259630052608,0.1336460912457935,0.087317155282989,-0.0471969898230477,0.0187499757266158,-0.1374735354806495,0.1699222043610855,-0.269888248043809,-0.2959082570042723,-0.0806163386548953,-0.0016748381138659,0.0927098122768019,0.0962586682328501,target,1651,9,58.15871236612512,0.0514411386841004,0.0585030763325221,0.0097384438048455,1.0893312046577253,1.2388766704572725,0.2062238704817566,1.0893312046577253,1616,0.4715780866921736,6,0.0540222372017321,0.0781362357708501,-0.093790379148669,0.0,-0.9553933053375316,-0.4838152186453552,0.8758619401092241,0.060616586339986,54.34851780566538,52.70128785646871,58.15871236612512,1.006048474993024,0.0863733618097293,0.0112724509218518,0.0182068248005738,0.1947904077621598,0.7331731650955445,0.0008057979446634,1.0,0.0021443794649569,2023-03-28,35.0,4,0.1398557709582824,0.021319343478467,False,False,False,0.0,0.0,0.0,0.0322142319636743,0.3845488039685532
ORLY,Falling Wedge,bullish,1,0.6920181681606982,3,24,2340,2341,2026-01-08,2026,2,91.44000244140624,89.74448051311833,101.92116175014507,88.68675198533015,1.804733512952164,0.0188927711051829,True,0.0240594585466238,0.0217282302168391,-0.0727972325604082,-0.025044843331315,-0.0077382379712889,-0.0244808922317459,0.0237393145076958,0.0824982965225142,0.0810416030728577,0.0588630070889983,0.0933148819521931,-0.0392907447368263,0.0022315629313107,0.0393693610750534,-0.0317761052946454,-0.0057172625922917,-0.0032538547903234,-0.0574820193158361,0.1377877658449928,0.0373665851641453,-0.0198142034367542,0.062576308192275,0.0074897940420937,0.085192483678236,0.0872196707101835,3.6702700866531046e-05,0.0230869725135005,0.0225849481866986,0.0008191742634886,-0.0006467916861446,0.0063955522018099,0.0050975587456769,0.0084270682330929,-0.0173513005141253,0.0245997692163102,-0.0254306928843713,0.0467354754291919,0.0528595893264147,0.0059871955754478,-0.0066691435458451,-0.0041041874439039,0.0074599638860213,0.0161056443437668,0.0822833615914346,0.0099090798347711,0.0722831866795309,0.0304024355322856,0.0304169117520045,0.0408863364927702,0.0461397417651621,0.0348259121153895,0.0398293490446768,0.0040933885298264,-0.0137691870398084,-0.037012751172197,0.0146053204896439,0.027432191622801,-0.0383703791635939,0.0109095157443224,-0.0409435968022418,-0.0450225768604444,-0.0191687380639302,-0.0490907892082526,0.1046065291920028,-0.0078631746202696,-0.0024898735315211,0.0449045326205435,0.0315463585421444,0.0231000300474344,0.034667520607041,0.0525642402852954,0.1013499450039889,0.039294927559021,0.09137667486298,-0.0078833700832994,0.0335698920772762,0.1357724119716794,-0.0092330925120881,0.0947692521114593,0.2613192246841247,0.0099355087596808,0.040919192360872,-0.0384629557797726,0.056681672133434,0.0020389684149906,-0.1613775506311385,0.0120769483331759,0.0121839819158018,0.0464491455094013,0.0122295496746338,-0.0288858670535048,-0.0005387023585948,-0.0008749106399678,0.0419985604767846,-0.2020751872724319,-0.0163852408608564,0.1143938487553992,-0.0390349326846658,0.0363725774428422,0.0997411884864893,0.1141061371941323,0.121068749216328,-0.0340139575242876,0.0798729976891599,-0.1142986216238245,-0.1636930745838229,-0.1953662668228704,0.1666620344735507,0.0954630622645096,0.0119837658629733,-0.0819999906751844,0.0885209910580793,0.2033605374324647,0.1145715417138331,-0.0208374186170587,target,2351,11,101.92116175014507,0.1146233489599375,0.1166885157924459,0.0006562246980114,3.806831044232898,3.875418651215672,0.0217943078356192,3.806831044232898,2314,0.8243519704422134,6,0.1503565491552833,0.0512979715001322,0.0086472500455863,0.0,-1.5424074370381715,-0.718055466595974,0.1625293172032608,0.0747298814910106,89.74448051311833,88.68675198533015,101.92116175014507,1.223571777343744,-0.048550864512222,-0.0410658098604962,0.0133533975119496,-0.0081186406397327,0.5789461003786511,-0.0003302012085935,1.0,0.0124552965395987,2026-01-08,5.0,3,-0.0307796140040413,-0.0564358465738263,False,True,True,0.5,0.0,0.0,-0.012541283679753,-0.5180055084283481
ORLY,Falling Wedge,bullish,1,0.7075585876475446,3,26,2442,2443,2026-06-05,2026,0,89.4800033569336,88.86999620710117,101.60999734061102,84.8812957782892,1.7363838091057242,0.0068640393368633,True,0.0172104741658292,0.0193762535195035,-0.060249557818885,0.0682133968174514,0.0028949811767653,-0.0130162681169683,-0.0023444374707544,0.0180830493783403,-0.018178383972205,-0.0080823924817429,0.0003585468848781,0.1531194871680123,-0.0025600471098055,0.0232238929051782,0.0180569785893995,0.0179640912010892,-0.0028662876942496,0.0105068468317022,0.0278672382006757,-0.0127379070394016,0.0109861696589728,-0.0215284425301615,0.0067249264369146,-0.0430264412056182,-0.0469919204231841,-0.0065094684559636,0.019364899883401,-0.0382085548985113,0.0012649688593597,0.003566213237063,0.015855176906443,-0.0594551053073553,0.0456011378837142,-0.0292154052192429,-0.0296247259313994,-0.0779572951627952,0.0147070735291714,0.0351794181012288,-0.07252440929882,0.0620352906958343,-0.0557924562578351,0.0281084773289606,0.0416672877834591,0.0170541886388435,0.0062343474581081,-0.0390939941943014,-0.0316271985346924,-0.0400704013630986,-0.0059049828770003,0.0905462621558412,0.0919143005884712,0.0708076670365207,0.0532908026999003,-0.0687245865257185,0.0536662939400696,0.0387617077938537,0.1030406660361547,-0.012353400071508,-0.0118270209572299,0.0237624263260793,-0.0492740536755464,0.0085451661774322,-0.3304765195114257,0.011120274596599,-0.117000073308065,0.0357870665621302,-0.1410905931470493,-0.0015916112723528,-0.0237771881630502,0.0262628339959598,-0.0140368677782889,0.0133007029706453,-0.0685655973746361,0.0223206565297955,0.1003332493351378,0.0783821970239215,-0.0375403418473841,0.1019072193490515,-0.105644307745223,-0.0349824198859061,-0.1108296415110581,0.0200751370694176,-0.0861935179586657,0.1272735009677597,9.494491655681614e-05,0.0018857256358062,0.1884182998238945,0.0227366199475307,0.0907019501754744,-0.0030776287999285,0.0194092377267129,0.0092625346785146,-0.0170988640063886,-0.044518411718364,0.0237807402373309,0.0226950527022895,0.0875073744795793,0.1669970688605373,0.0803110449911899,-0.0241299229747978,0.1000757345087066,0.0257047382767705,-0.0792909285863132,0.0856133048370633,0.0032170853953508,-0.09279203842041,0.2048088238833545,0.0246673928568759,0.1022486359319456,0.0839820745774466,-0.0168104001798169,0.0580964839715603,0.1368588455852957,-0.3111456694318051,-0.0512186360814963,stop,2452,10,84.8812957782892,-0.0513936902784889,0.0269333475894209,0.0527492293655282,-1.0,0.5240594213701367,1.0263755935737244,2.637696304067479,2416,0.570041075110918,5,0.0285885603946122,-0.0062858374635451,0.0096644461881929,0.0,-1.0047575974147298,-0.4347165223038103,0.5518449866849726,0.1223321677609703,88.86999620710117,84.8812957782892,101.60999734061102,2.3664289202008897,-0.0610723713146638,-0.017374591863924,0.0261975962828701,-0.083967130392936,0.862070023896688,0.0097285135238351,1.0,0.0081604080898292,2026-06-05,5.0,3,-0.1582392004024996,-0.1300730253302239,True,False,True,1.0,0.0,0.0,0.0223946806622258,0.3850522910716193
ODFL,Falling Wedge,bullish,1,0.6512529038285265,3,41,685,686,2019-06-10,2019,0,45.1430865427624,43.98050207210929,54.61316145796289,41.72393492033042,0.6407122054798523,0.0264340881954228,True,-0.0083545181880586,-0.0027872041623476,-0.040061690428662,0.0171520703116327,-0.1188330351777612,0.0367238326859173,-0.0084987523661449,0.1234147213763583,0.1464530719543619,0.0129285973498551,0.0711606926572552,0.0234182336559565,-0.0171724066412453,-0.020006766631518,0.0139659349035854,0.0354303157190516,0.0356490846732759,0.0281632754421659,-0.0049213941633486,0.0244711817251037,0.0475979766479117,0.0324575689677772,-0.0303291438211351,0.0176367171221252,0.0036214936196181,-0.0200000246960935,0.0256778370381312,0.0337169757509816,-0.0408306459680382,-0.0472325353309716,-0.0002219922497791,-0.0099497478358026,0.0782108883541663,0.164089172642613,0.086986594556327,0.050995236356691,0.0482513652917897,-0.0589676217812348,0.1015848888206552,0.0121511286396351,0.0650896052320655,-0.0667764991318906,0.0484638766051201,-0.0689253720062641,-0.0640686628323531,0.0007244937493378,0.0448406457736723,0.0185665815001656,-0.1413165065275032,0.1129900246619641,0.0037432903483531,-0.0397112343387092,-0.1719912599143438,0.1790328491795503,-0.0261749960780366,-0.08363773282314,0.1313269034700626,-0.0238358547937218,-0.2445899346799863,0.1485035559002641,-0.0458438813615624,0.0997889228453638,0.1406353771997923,-0.0574816598567125,0.0457230916192152,-0.0461176336603854,0.0359579824953544,0.0498416990076908,0.0414984956389968,0.1777932759434852,0.1839450057034803,0.022143215148257,0.0720518114271353,-0.0203163633075516,-0.0340834188756625,-0.1044488523884022,0.006601788926114,0.1559626146662323,-0.2117070375789309,-0.0416366314095103,0.1107716388548141,0.3308795865185887,0.0919803758128054,-0.0527562691150156,-0.0140164555312753,-0.1482222597492378,0.0044407972967026,-0.0561288993323667,0.1773419971089125,0.1373403895835774,-0.1043758896600385,0.1617021690237279,0.152999523550203,0.1376030386537439,-0.0521015840760423,-0.0888077437698565,-0.193675439806047,-0.1856820610958707,-0.214531423290009,0.0407811397376112,0.1072525248601001,0.0060690730301773,-0.014481764814211,0.0079968358243367,0.229414121380052,-0.0695918245258274,0.1151946269248684,-0.0688636482727684,0.0547881329303832,0.0955393971174776,0.0450411748656862,0.104497122893101,0.188102914128208,0.0159605117267414,0.1468544192617975,target,727,42,54.61316145796289,0.2097790745041288,0.210710444852385,0.011353433123835,2.769714818456812,2.7820117087025804,0.149899469419317,2.769714818456812,644,0.5485396332796498,7,0.1156017286943329,0.0063672800745588,-0.0172917576961271,0.0,-1.5526054804198943,-1.0040658471402444,0.6007025330841815,0.1242695423478355,43.98050207210929,41.72393492033042,54.61316145796289,1.1481142144322678,-0.0181930121669168,-0.0505795676434369,0.0256120091313519,0.0388945253708878,0.6578956014170979,0.0061694160788658,1.0,0.0030200018980375,2019-06-10,16.0,6,-0.0814268779636375,-0.0754361840239972,True,False,False,0.6,1.0,0.2,-0.0131443166908213,-0.4282405142257313
ODFL,Falling Wedge,bullish,1,0.7429922271562428,3,26,1085,1086,2021-01-08,2021,1,99.263692048824,93.35126619184274,105.16487730558538,91.68328147638124,1.4889242121534716,0.0633352508023925,True,0.0157212527274526,0.0214114280766398,-0.029406268805656,0.0893073944213853,-0.0120788075417445,-0.1010320906177876,0.0064445699371684,-0.0817170249239201,-0.077821115534694,0.007473222136501,-0.1214702925650712,0.0296396144402033,0.0090501309540793,0.0003523329970533,0.0105703279039133,-0.0043516975857362,0.0226119771673578,-0.01736112248109,0.0080640365620723,-0.011786397201139,0.0301366800902476,-0.0453393731534744,0.0301569479174691,0.0339894605036115,0.0166811729427331,-0.0367670861412182,0.0076602773417435,0.0686095085387312,0.0377200686091792,-0.0098055302469245,-0.0040671831323199,-0.0125730201555251,-0.0015632143193714,0.019336206674692,-0.0011606514354447,0.1646891459134105,-0.0209943210548636,0.1855856966820011,-0.0003654825784739,0.0522493972511195,0.0770442730682887,-0.0997067916599967,0.0036521887284084,0.0234829389028889,-0.0136726368029904,0.0120217712944447,0.039523832349734,0.0060187225652956,0.0030554620794527,-0.0783540696569422,0.0823530074230707,-0.0667537124611449,0.0938158484977782,-0.0034466287187312,0.0952203949736838,-0.0306031707753389,0.0291872962489594,-0.0352517622360957,-0.0398062107949468,0.0270923824301625,-0.0321702671440589,-0.030662385459502,0.0665373390005208,0.0929354872994239,-0.1542791980449286,0.0679793573788662,0.0573252855423094,0.0248297705338822,0.0310736210439129,0.0971836461531676,0.0725176422892712,-0.1541383995920261,0.0077178997814526,-0.0547680162294574,0.0303938359247497,0.0642372574695926,0.1623273181333568,0.110196620514456,-0.0199141279724754,-0.0869505806862027,0.1372754074667153,0.1914405336220586,0.1451366474179076,-0.1195908737574209,0.0416370128201744,-0.083434399934073,-0.0527562691150156,-0.054420202786069,-0.1159682965781931,0.1268775237286334,0.2581479500969925,0.0705113041369098,0.1931663294824686,0.1135800953487606,-0.0026888070525379,0.129266826451661,-0.1093883945889688,0.0807974324254998,0.1118317573072575,0.3057851187355114,0.0801133353379848,-0.0050097285761838,0.2096321892677701,0.1980063485757774,0.2062596889459003,-0.1591598213120452,0.0706553366628581,0.0634656716990904,0.0616092009562596,0.1936672875318887,-0.2798255352008307,0.1044766811295689,-0.0065989483380537,0.1761268108074956,0.1217152069441734,target,1107,22,105.16487730558538,0.0594495845858606,0.0635221743525658,0.0559311678874712,0.7784783159653772,0.8318079202895865,0.732405477520715,0.7784783159653772,1058,0.739093222343087,5,0.0053245181885602,0.0249480535814909,-0.0698198871722162,0.0,-1.303076623897791,-0.5639834015547041,0.2489316572956305,0.0847087807733976,93.35126619184274,91.68328147638124,105.16487730558538,2.2463968674315957,0.1487052675883673,0.028272070380451,0.0224786729698209,0.163865248296269,0.7012447607349558,0.0010892221809948,1.0,0.0437105568376066,2021-01-08,25.0,6,0.291510415421679,0.1798561847515902,False,False,False,0.0,0.0,0.0,0.0334766173337867,0.2515187208734569
ODFL,Falling Wedge,bullish,1,0.6142749487965841,3,22,1518,1519,2022-09-28,2022,0,123.7157430935617,121.15788037090032,148.0503497777081,114.79150651228974,0.7451759577123087,0.0211118147233262,True,0.077333229562307,0.0493079584569446,-0.0233748272406322,0.0213977373588674,0.0271580460332263,0.0238597831437654,0.0329401828110682,-0.0346845998059983,0.1341149708679769,0.0252399586613309,-0.0179855957384136,-0.0158475172810569,-0.0578121696108784,-0.0191981546747855,0.0105703279039133,0.0420587334824618,0.0042554729551957,-0.016887660372707,0.0351657175174615,0.0261169573998969,-0.0043526673404197,0.0653429871595514,0.0644293454008158,0.0858733639530173,0.1138171692311137,0.0294374793840408,0.0256446001909134,-0.0981869857753927,0.0178669169220604,0.080110622285453,-0.0065094551524924,0.010923175482923,0.0149646982723521,0.0054872326387791,0.1150932061451619,0.0122795138859652,-0.0152667911385249,-0.0481752375322945,-0.0189523308463507,0.1181625902575047,-0.0324076028390696,-0.0672052502973516,0.0627952352705378,0.0565152737752332,0.0487250033399282,0.0703082692395485,0.0852804806449654,0.0438149077300922,0.0246655825063384,0.0298979597414956,0.0318164118694548,-0.1003225632405306,0.0566637626040222,0.0283117118978719,-0.0461176336603854,0.0472670245290813,-0.0238358547937218,0.176171581199821,-0.0480369514529251,0.1923579823396979,-0.0857143349992159,0.1004636516784924,0.1123801392166572,0.0442141144947316,-0.0998037118953847,-0.0080436741887814,0.0062006880344231,0.0604492514532577,0.0603312237782453,0.1743564183521107,0.0772760385674715,0.070911642700761,0.1539461061348059,0.2932623365671529,0.1451366474179076,0.0894739551083536,-0.0564316008952099,-0.1046701488142723,-0.0808096699439094,-0.0913006441205452,0.0938569254068735,0.2426229882968889,-0.1315543192351234,-0.1480112450024739,-0.0022337174659519,0.0431899903832675,0.2691155638734135,0.0790306470516075,-0.0996941841267744,-0.1397068568736325,0.1121403161112586,0.1374426817233908,0.1159696845890996,0.0732818687406051,0.1383230008778737,0.1628692108747655,0.2029773879978065,0.257682711074815,0.1883894846750271,0.0852481230264929,0.151955434660242,0.1502403724976666,0.194255315555625,-0.1882327545102197,-0.0737453071679873,-0.0911901246175245,0.3168070226024841,0.0918676843846679,-0.0444236042986461,0.05097715717661,0.0911086180455615,-0.0346843642535251,0.2648039568637004,-0.2209590865620805,0.0312561726439318,target,1549,31,148.0503497777081,0.1966977368898235,0.2108093490965941,0.0174355857942628,2.726799817836972,2.922427597816776,0.2417076724899344,2.726799817836972,1496,0.5518755474918033,6,0.0487956395327471,-0.058844847177375,0.0238110863192895,0.0,-1.316922065308752,-0.7650465178169552,0.564911450709267,0.1263634538403859,121.15788037090032,114.79150651228974,148.0503497777081,4.228187416068926,-0.1097879985821548,-0.0877964219024327,0.0337430529238488,-0.1980189191773206,0.8349717754375425,0.0033632747387131,0.0,-0.0656885951501525,2022-09-28,6.0,6,-0.2006879702996558,-0.1343615711692724,True,False,False,1.0,1.0,0.2,0.1049832003409845,1.548265740662788
ODFL,Falling Wedge,bullish,1,0.7658886390205043,3,40,1645,1646,2023-03-31,2023,0,166.03901369869027,163.46709507036235,187.2821418558873,154.86319643392824,1.1150219441185416,0.0157335555955213,True,-0.0115731674987026,-0.0134320882570303,0.0224733925070035,0.0067330144743842,-0.0385077255777747,0.0253632740336904,-0.1214702925650712,0.0083375247479491,0.0490205856452536,-0.011179881078641,-0.0185059261155455,-0.0033953432297455,0.0870491250985203,-0.0023125053745974,0.02299858285281,0.0579487695170575,0.0152638409936252,0.0054224571623711,-0.0119330065408693,-0.0015451049125047,-0.0042340309729314,0.0522927807080997,-0.0185641440673568,0.0062297471760308,-0.0062199050763127,-0.040307054688803,0.0004443622600032,-0.011495849006359,0.0389498810758011,0.0298784587733891,-0.050098134084215,-0.0275888196674081,0.0897451479373137,0.0028432320797611,-0.0478914401444063,-0.0036218642476373,0.0565627097297178,0.0875370223201907,0.0502899129022438,0.0326466464082413,0.0219755905818519,-0.0884222098222818,-0.0241833486919457,0.0807954034194142,-0.1041902083786733,0.0015362752382209,-0.0619113882235933,-0.078200897062689,-0.1240016453600303,-0.0676600946483922,0.0959327210653646,-0.1058407663174387,-0.0638181388609344,0.0139457293996156,0.1091524286141731,-0.0352517622360957,0.2443688986512306,0.1088133476324499,0.0929195854656326,0.013310681990303,-0.0266159660445752,0.0679793573788662,0.0117197475124968,-0.1203958091148299,-0.0583971268674834,0.1018265426647291,0.0153823484606328,-0.0107300300451529,-0.0750433906906214,-0.0623835643492922,-0.0900953575609131,-0.0355489603391163,0.0256509510978382,0.1717574400972998,0.2998734773098326,0.0291390660340946,-0.1416577682689828,0.0668049008224038,0.1006854873224061,-0.0463000590536772,0.0019929867906323,-0.1480112450024739,0.2475786168982288,0.0467250694819412,-0.0572313077223667,-0.0850025910985098,-0.2303861755041556,-0.0252885887377081,0.1464932022156473,0.0184175240028037,-0.1405185234292918,-0.0746422394951345,0.0946323663221719,0.0233077904185612,0.2259629378112464,0.0281449862946094,0.0439404943261105,0.0486311425199437,0.2702928696336883,-0.0035231740986026,0.039506650151682,0.1810681208535689,0.0681982982454041,0.2097052545259343,0.1679396558533756,-0.0026888070525379,-0.0894442609683231,0.2816315730340359,0.1248141913374867,0.0869811791222896,-0.1093597189634363,0.081375401352884,0.2094842522031093,0.0710027426418462,-0.0020508231190437,stop,1662,17,154.86319643392824,-0.0673083814207828,0.0531133978094115,0.1189512080260991,-1.0,0.7891052598244732,1.767256997051641,1.900812052839999,1605,0.4677708225944047,6,0.0667992307900233,0.2306492839737881,-0.1251403249630723,0.0,-1.127184584820312,-0.659413762225906,0.8705741310391545,0.1016567855449579,163.46709507036235,154.86319643392824,187.2821418558873,4.402435354098431,0.1560731237690469,-0.0034547253058695,0.026348762732571,0.3438994038283096,0.9475340961127684,0.0035373898960877,1.0,0.0167308950854756,2023-03-31,37.0,6,0.2259133623044213,0.0881926293504027,False,False,False,0.0,0.0,0.0,-0.0545374507713823,-0.978911631924964
ODFL,Falling Wedge,bullish,1,0.630664655476132,3,35,1685,1686,2023-05-30,2023,2,154.72988399179607,143.97428803197226,187.6328545883748,143.42990081354117,1.4927648703033467,0.0747049775820758,True,-0.0244495506160176,-0.0477593528066984,0.0712547090443771,-0.0639755629038342,-0.0174439460022585,-0.0653497025201143,-0.0253547468914348,-0.0076738027085159,0.0153149494703908,0.0574406559986411,0.0282469601700778,-0.0024262172863117,0.0469060638336997,0.0170381184832744,-0.0276127269718217,-0.0172049854899895,0.0092583095856735,0.0996409342727273,-0.0941738717387556,0.1333786121556639,0.0487965701740507,-0.0572565720608433,-0.0318897380467524,-0.0099524574427246,-0.0538943598707132,-0.0183209483520799,-0.0389290036539385,0.0502899129022438,0.0220672614413985,-0.0494465651706202,0.0492128471693364,0.0330749249833017,-0.012500562731966,0.0665537834460827,0.0509587872020302,-0.0782327023352423,-0.101874199992253,-0.0655413500080798,0.0463229213412812,0.0863444745221955,-0.1490407663114807,0.0180580704445882,0.0130677074198353,0.0063888542673169,0.0092955683631794,-0.0068399081900811,0.1746384976055015,0.1274666558442667,0.0609173052418037,0.0202214554836361,0.0144230276061196,0.0913947989596752,-0.2343267722948803,0.1339804533235291,0.1336193503333616,0.1219149518044835,-0.0006197411736328,0.0529176539353593,-0.2403125175025298,-0.0828749283532749,0.0505886070591878,0.0637867195864776,0.0131469156011421,-0.0310891602181782,0.0436214401972474,0.0217177561649664,0.063114628875599,-0.0512331641454938,0.1623930585812716,0.3073639288302852,0.2215583123363858,0.1808519365709304,-0.1385701742585873,-0.0012703769117834,0.2240593895488591,0.1811582209710249,0.0904943796907988,-0.1282247722171755,0.2440718911510102,0.1294391006091311,-0.0351153613894321,0.1096418616641876,0.028299492780059,0.3317082017981465,0.0171353266086737,0.0067548447988261,0.0779314034956129,0.1197667127498691,0.1300390400689457,-0.0520923374037364,0.2666496893720416,0.218227505345415,0.2964833676212943,0.2481118145615417,0.2249091362262052,0.1039319505714153,0.1794413667052099,-0.236189943807793,-0.0747175937284899,0.1220379947337895,0.0235286483195962,-0.0798481461690875,0.1222877518431932,-0.0681903649238226,0.4476512393709775,0.1794413667052099,0.148435081622934,0.3445484567226451,-0.1285329774563648,0.3844174043285755,0.1483697313742618,0.1044766811295689,0.2045325433390834,0.192203929272515,0.1793466548123132,target,1717,32,187.6328545883748,0.2126478075710525,0.2241884766275135,0.0546807301063931,2.911771644040629,3.0697972230282327,0.7487394354914019,2.911771644040629,1648,0.955247396088186,7,0.1240436639791136,-0.0891910247926601,-0.1067607662858682,0.0285714285714285,-1.2976919674835778,-0.3424445713953821,0.0169392509277128,0.2051555806477409,143.97428803197226,143.42990081354117,187.6328545883748,3.6436572730393806,0.0410805887790914,-0.0194830045084811,0.0234046506735772,0.0826251710916792,0.5568613606036482,0.005667909542006,1.0,0.0112392032714896,2023-05-30,37.0,6,0.0496680912438318,0.04043696349378,False,False,False,0.0,0.0,0.0,0.0434623816392541,0.4993357305341407
ODFL,Falling Wedge,bullish,1,0.6152313483785414,8,84,2171,2172,2025-05-07,2025,3,154.58012604838802,154.57483256444857,234.21252121447947,141.4093124306338,1.125739166564934,3.424544508079386e-05,True,0.0996155737125585,0.0600747395651009,0.0397066974890507,0.0391581484887633,0.0095590847718836,-0.0401849479913292,0.0578033604479573,-0.0870722323251546,-0.0396928961979292,-0.0842977840269849,-0.126783131628192,-0.0185059261155455,0.0101518595241687,0.0338725201144758,0.0546803946138607,0.0453151898609245,0.0073857880225045,0.0363390148897464,-0.0033332098828199,0.0013939687693655,-0.0595145868140917,-0.0126034808085688,0.1064466821524543,0.0518258315950037,0.020653220198,-0.0500733133905727,0.0516664797237629,0.0865141860302032,-0.0060048078615396,0.0586903572234212,0.081063440870702,0.0471742130801609,0.0622822915825329,-0.0500292581385583,0.1691376388239165,-0.115269165019974,0.0599879763066675,-0.0108563320937313,0.0146094999977888,0.0817145528573319,-0.0840491201338912,-0.0080981163015326,-0.0378388040918173,0.024264522789464,-0.1344957435309245,0.0398063066588332,0.0246939736536087,-0.0245064188661934,-0.0496532891376102,-0.0089341879461359,-0.0414486882832688,-0.0667537124611449,0.0085018012874475,-0.0569277828493383,0.1678753073057082,-0.0312812498058635,-0.0091965183360964,-0.0568912046714582,0.0801587465977997,-0.0372114223079964,-0.0848731808713222,0.0365131301933121,0.0698837041667472,0.0060527438532549,-0.1376999469934868,-0.0272167011017679,0.1360054580758753,-0.1619416587756571,0.0379459062566588,0.0544054512703395,-0.046923049405064,-0.0386997348283687,0.1423999190054772,-0.074466930170063,0.0298692828874793,0.0962450153679252,0.0461994070742568,-0.1142126487041474,0.1621516298151695,-0.0200136462947272,-0.0901053745969009,0.0040100375984972,-0.1281527078068711,0.2321338721364674,-0.041414956067333,0.0182111170189291,-0.1228710482460676,-0.2023621376012638,0.2610573141756125,0.2004242952340038,-0.0547857444263147,0.0391246031917515,-0.0736170467869072,-0.1935588260471838,0.1331523011801925,0.1270747353641368,0.1319411557020704,0.0953260188414333,-0.0394555403732267,-0.1893492919003991,0.0812778776145879,0.4768835711473209,-0.193675439806047,0.0839520012822081,-0.0770403600167884,0.0935629326058071,-0.0715493135499224,0.0852481230264929,0.2171517392964186,-0.1838168091918601,0.0070838679077016,0.0706656452578196,0.0709445210175048,0.0347406021386689,-0.1213229636641132,stop,2230,59,141.4093124306338,-0.0852037965969272,0.1329276693705449,0.090494373244919,-1.0,1.560114392547372,1.062093203111828,6.046125735068272,2084,0.7365629660369108,7,0.1384476949520716,-0.0396540555652723,0.2352027510931547,0.0125,-1.2334626900011207,-0.4968997239642074,0.276844253433529,0.3464378330837253,154.57483256444857,141.4093124306338,234.21252121447947,6.764909608302568,-0.174561394718089,-0.0372635162278003,0.0439065761643855,-0.2236793719726946,0.6417298946900463,0.0039777640936289,0.0,0.1302570151712803,2025-05-07,51.0,6,-0.1922902309886454,-0.1583380615844303,True,False,False,1.0,0.0,0.0,0.0096465779097922,0.2578261594272502
ODFL,Falling Wedge,bullish,1,0.7079364779613375,5,61,2286,2287,2025-10-21,2025,0,142.20622443276312,139.11845508373244,171.0759345561271,130.58469869512817,0.9069242623054582,0.0221952532981495,True,-0.0489203181992826,-0.0713310162396111,0.0019431054745648,0.0240774032974808,-0.0023981367170236,0.0223085004593621,-0.003479041010544,-0.0346845998059983,0.0008418769273961,-0.010467364913252,-0.1276415885786946,-0.0002164926493603,0.0601391644620237,0.0533310698118336,-0.0541681517328456,-0.0005449978813031,-0.0363261540933013,0.0184513682298956,0.0812056786206731,0.0029811501307965,-0.086154959835898,-0.005118231134179,-0.0441242981523639,-0.0120904112279609,-0.0169118805752743,0.0689636183527984,-0.0375717330349248,0.16615823063194,0.0510417166650987,0.1659053405556414,-0.0121597509105632,0.1469512129892323,0.1115491666412396,0.0530929162682591,-0.1344957435309245,-0.0268081396973471,0.0389002780684939,-0.051536567452719,-0.0523003727739865,0.0861157005875863,0.0428456067600699,0.0116154749110837,0.1238161112550371,0.0681900120661453,-0.0343848287435089,-0.0513848237083935,-0.0868684029539931,-0.0691303061839309,-0.0413729820292324,-0.041563599461781,-0.0205769533457372,0.0104989945070845,0.0620269210109705,0.1368311228895546,0.1336193503333616,-0.0312812498058635,0.1087235448973491,-0.170693800874536,-0.085601082816146,-0.0421588419920413,-0.0794920039050346,0.1240000781573551,-0.0518937682003979,-0.0548298866480974,0.1101101272359703,0.0807123319936686,-0.0474047752691677,0.0061696095345198,-0.092159559764583,0.0904943796907988,0.0913872323872865,0.1253833462225593,0.0090547658628117,-0.2017786282988111,0.0125759373028047,0.0546496977215329,0.2950575962961452,-0.1616288393651859,-0.1623175068524132,0.0975488005994911,0.1149156934582038,-0.0311580487200615,-0.0734511477593495,0.1384429992982647,0.0195088117602637,-0.1453200733253344,-0.022651183564696,-0.0520923374037364,0.0812102133342336,0.053907646579681,-0.1445064672340358,0.0901268158951804,0.2299835440794577,0.1976862941483215,-0.0065216387257812,0.0079968358243367,0.2607886463428217,-0.0707840972533354,0.1614298913849898,0.1701770142439922,0.2088474312969328,0.103963259353196,-0.0009663976535603,-0.2112640745327664,0.1434565864551675,0.0768076505152819,0.1971048095886809,-0.1995420161449727,0.125468029382133,0.0567200310298812,-0.0050097285761838,0.1500677315717822,0.45543368929824,-0.0117028846449001,0.1493600056416609,stop,2305,19,130.58469869512817,-0.0817230454151446,0.027255599097381,0.0958837331863785,-1.0,0.3335117892257373,1.173276554970499,2.484158343329464,2225,0.5912161723222812,7,0.0964265665367856,0.057476887263506,-0.0591309991470656,0.0188679245283018,-0.9783104235155716,-0.3870942511932901,0.4418736433494442,0.1680047677640476,139.11845508373244,130.58469869512817,171.0759345561271,4.732730638082381,-0.1094771968194137,-0.0055103799817004,0.0329879727954369,-0.0472877417398898,0.8783269851676297,-0.0040508884614006,1.0,0.0121829865219105,2025-10-21,51.0,6,0.1622073205232161,0.0455972924526941,False,False,False,0.0,0.0,0.0,-0.0275651258930417,-0.1263535598248776
OXY,Falling Wedge,bullish,1,0.6497714738786057,5,79,818,819,2019-12-17,2019,0,34.4999653191891,34.30284584593933,45.28715007978408,32.49838016141192,1.298039744240488,0.0057464466398815,True,0.0406992219983568,0.0319200414627973,-0.0139971440407905,0.0095468280901622,-0.0029652092556292,0.0151355937306785,0.0359474245997477,-0.028290431403368,0.0176469636311775,0.0716099995299892,0.0698925185085499,0.001753420926762,-0.0374722233681178,0.0083793445238169,-0.0037822091593305,0.0153083935278015,-0.0069766809396406,-0.0385116379583982,-0.0045196585742588,-0.0333330079450393,-0.2172860852774856,-0.0782317932569959,0.0517065017038753,0.1108788862816723,0.0906689862959504,-0.100274555666155,-0.1196594185119942,0.0155560424541585,-0.015003900904004,-0.0190719694729548,0.1207090436806246,-0.0651117384109484,-0.0116244977925309,-0.1415092784997298,-0.0389947352031359,-0.0094214354099652,-0.0443317232939545,-0.0312909738240787,-0.038416808561976,0.0208642389359017,0.0116424595299526,0.0031303393503081,-0.0053668062033428,0.0240823080573207,0.0128879295682946,0.1324391602905827,0.2175839266018755,0.178374766232038,0.0603084244877061,0.0044316175928382,0.0232674807503743,-0.0840604205113593,0.2074419048649374,0.2879019057100844,-0.0899350031064093,-0.0001689890760825,0.1069136177268186,0.1674305555671877,0.0950826192007689,-0.1303225970069924,-0.0711904746737932,0.0804428107436179,-0.1097359173874458,0.0168127083678042,-0.1590760235519127,0.0556633567107618,0.0174376744219282,-0.1356396289411381,0.2004336455073908,0.0853114326547808,0.0251246100622175,0.0510579453399999,0.5012677364078244,-0.0732516538887472,0.1171437204232495,0.02581157485953,-0.1175578533497064,0.0803729538541444,0.3184212826479882,-0.0560618786972236,0.1075470365050017,-0.7518248426368683,0.1680099657429712,-0.0114786598991989,0.4535436195380777,0.2619267770587623,0.2058918272559213,0.1015863686449478,0.2225367483759093,0.5207505519844593,0.0270699794674988,-0.0223267273269462,-0.6769048234827166,-0.4301210525629567,0.1835413926366467,0.1646616710425728,-0.0277280285478135,-0.0961803896934241,-0.040608202185585,0.2229979601123992,-0.0457088336680573,-0.0619080349912264,-0.0442785932029597,-0.0344054204735664,0.199299186739704,0.0736587803902839,-0.1010498088433597,-0.0855510207197208,-0.6900550387283506,0.0598818440078288,-0.0706909580375052,-0.0868466535142654,0.5233221950679128,-0.088394801654668,-0.674602685769559,stop,864,46,32.49838016141192,-0.0580170194160714,0.2413252138443186,0.0607882070767259,-1.0,4.159558975507599,1.0477650814975654,5.389320918313785,739,0.6954845068512134,7,0.0986768935643299,-0.188572194091253,0.2048811665561973,0.0142857142857142,-1.0831309123668404,-0.387646405515627,0.255840659159126,0.2426280688024269,34.30284584593933,32.49838016141192,45.28715007978408,0.7503537350257611,-0.2001381902313088,-0.020203442656392,0.0217550773933281,-0.2086722392299363,0.2857142857142875,0.0,1.0,0.0241974788937358,2019-12-17,14.0,15,-0.0188873527108159,-0.0095353343029265,False,False,False,0.3571428571428571,0.0,0.0,-0.0613631845736505,-0.6360688132206712
OXY,Falling Wedge,bullish,1,0.8252478741003997,3,25,968,969,2020-07-23,2020,2,15.607031432257264,15.574064844253968,19.948908819103792,14.545027869804244,1.814972147989446,0.0021167619586135,True,-0.0624255234327835,-0.0718040451102526,-0.006182062043484,-0.0151847283487805,0.0777115907854568,0.0792001668998285,-0.063438391740808,-0.0111109813982027,0.148409972920426,-0.0459707593026779,0.0858140391341355,-0.0168054290331314,0.0373261595743539,-0.0230769478162353,-0.0306173852979818,0.0399497888505335,-0.0504455510309492,0.0069400699074917,0.0181396342386497,0.0377359756766639,0.051642781751293,0.0383737926858969,-0.0803461102534074,-0.0814506369546972,-0.123139023158818,0.0209582282848563,0.0286925134314235,0.0593495069920699,0.0754170638584914,0.0688337046591789,-0.0754910685983278,-0.0186768597013676,0.0103680236427166,-0.002672160371455,0.1321095720943708,-0.0179924106273487,0.0035604873463082,0.0343099208944461,-0.0485391284077971,0.0215506028562377,0.0454141083069574,-0.074881309703793,0.0889084533997921,-0.06761581569732,-0.0485842934195853,-0.0932015939166899,-0.2033294436216507,-0.2573252237198945,0.0902029890261766,0.1840712500260777,0.2837708555425646,-0.0201121779017916,0.0071013608623935,0.0549167020668643,0.0437592692980759,0.0051063989338886,0.0571648326583107,-0.0129729652981329,0.032127897403648,0.1736570432771591,0.0827585811272688,-0.1562312764786421,-0.0600278467777476,0.2359780925951431,0.0087449879767749,0.0153218959217384,0.0937809522168835,0.0135515502687191,-0.2599629632589194,-0.3066937337128476,-0.3410403674674048,0.0597709461219115,-0.3114510985547701,-0.0115642381315753,0.0728537959407362,-0.1659090373652222,0.019832099769381,-0.1972816576819065,-0.1252107552779701,-0.080493732550016,-0.1941044805109604,-0.0809933988419728,0.682398758887302,-0.0807591588716024,-0.0193431737287028,-0.292753457275423,0.3907844951077868,-0.3119121827449034,0.1242187255514648,0.447580275663556,0.189381015810369,-0.3124459207787217,-0.3995312697221393,-0.4859318018459964,0.0065083066404514,-0.0180098911166639,-0.194484229918469,0.0740051727845625,-0.1558954101331895,-0.0706922701018477,0.0093610989026735,0.5829749791329832,-0.0079100586887289,0.0320449363728885,0.1848757638950546,-0.0551753501878701,-0.0702948021404527,-0.0399730402578151,-0.1731180824054401,-0.1277743741750158,-0.0776529423109954,0.0301191276022994,0.0113657101228965,-0.0696974609537116,-0.3930601288753199,stop,974,6,14.545027869804244,-0.0680464806560219,0.0273484542311161,0.0838286889419611,-1.0,0.4019084303472481,1.2319327632198789,4.088383071726844,941,0.7004972344417051,7,0.1537216339296964,0.2681936244150853,-0.4118709762758001,0.0,-1.1032490945883344,-0.4027518601466254,0.3704550893268197,0.2153629374119282,15.574064844253968,14.545027869804244,19.948908819103792,0.9046879713582052,-0.3870859170229965,-0.0134518177477509,0.0579666826531618,-0.5921998732729654,0.4901958584373968,-0.0141592924444411,1.0,0.0620540313635864,2020-07-23,10.0,16,-0.299527555808277,-0.1113341273945145,True,True,False,0.9333333333333332,4.0,0.2666666666666666,-0.0997943219940025,-0.9260186834840242
OXY,Falling Wedge,bullish,1,0.7405959531171454,3,34,1158,1159,2021-04-26,2021,1,23.34206334096557,22.590856200898717,30.195164100742858,20.74385041522865,0.6421181660427072,0.0332527077940929,True,0.0410195116766454,0.0403733814795892,-0.0038919416996573,-0.0145859176302338,-0.0206044640693694,0.0235772994338272,0.114676784532298,-0.0297915219782618,0.0339085929235394,0.1240819183866213,0.033492181695522,-0.0501566297819886,0.0186802624271289,-0.0124852252138323,-0.0227521028111252,-0.0161419380451716,-0.016071262408895,0.0784182096462491,-0.0251091430785255,0.0373299190006342,0.0156201530596336,0.0356082075612291,0.0258293425791643,0.0605334607092138,0.0605091473644474,-0.2288054125838957,-0.0168589132883404,-0.0256878352291217,0.0184677088948153,0.0676610547069227,-0.0362855268058681,0.1140342641410774,0.0054291935006756,0.0119034401715381,-0.0039039557006758,0.0235714664916233,0.1140342641410774,-0.0387790933811953,0.0443282502752881,0.2312704780272638,-0.0432219260038408,-0.051664090990847,-0.1078500992266823,0.0241976141047441,0.0875636243618369,0.051063235428894,0.0131419980455849,0.0101747736054922,0.0548832900848492,0.2677611325327209,-0.0300569386462954,0.0015841707633301,0.1839665023837644,-0.0240260357891394,0.2085772821660501,0.0695482782971135,0.0220569450937153,-0.0752845567484734,0.1263334508113358,0.0556461537816681,0.0266665984415235,0.1165508850570025,-0.0450056432483276,0.0439364041104097,-0.0845791951404761,-0.0090558781590769,-0.034012695432421,-0.0326758078153224,-0.0289987190816126,0.19555110251978,0.1798445885399899,0.100294397162745,0.0830465308425962,0.6720867118497416,-0.1383657788712702,0.0556010522883394,0.3552588100168046,0.121397054823817,0.0853114326547808,0.3013790429364094,-0.0588554563514809,-0.1677782455887777,-0.0337351202646802,0.0001710546545201,-0.0682790022031014,-0.0601266582269761,-0.1538502333680742,-0.1574088447212352,-0.0092187883505252,0.0135277432477278,-0.135883998332513,0.1553225173098376,0.0828081631493486,0.0396390251935092,-0.0359081951872503,-0.4599247291474646,-0.0031741518136555,-0.0855510207197208,0.495910437255179,-0.0009872907693579,-0.1640705639188481,0.1054009699538318,-0.0309163473417605,-0.0399730402578151,-0.4365519186048474,-0.083291617145528,-0.0069162795058195,-0.0612850537339578,0.1854944901767834,0.0216559067781667,0.7714813333932775,0.1131227536451882,0.430700249975845,-0.1546559475674696,0.0547801638761098,target,1201,43,30.195164100742858,0.2935944719055758,0.3150658676932963,0.071286554440913,2.6376209170130163,2.8305176097864786,0.6404306793474348,2.6376209170130163,1123,0.5525731862259757,6,0.0716938709847516,0.3537063050419924,-0.2127828940699798,0.0,-1.5999186619273429,-1.0473454757013678,0.7032612042151025,0.1541396202439662,22.590856200898717,20.74385041522865,30.195164100742858,0.9853676045905646,0.3751053766010619,-0.069077238244733,0.0425702737970718,1.4504817724476804,0.6712329840879959,-0.0089248816384692,1.0,0.0546239909911945,2021-04-26,2.0,16,0.8733531337009732,0.3405338506950397,False,False,False,0.0,4.0,0.2666666666666666,-0.0683885946518579,-0.4260977604758242
OXY,Falling Wedge,bullish,1,0.7463382878737225,3,41,1587,1588,2023-01-06,2023,0,60.87183789608616,58.67038163085738,71.84760431207201,55.17337322062679,0.8406923590249792,0.0375224466593708,True,0.0067829578026694,-0.0140433309805314,0.0119471285942718,0.039882336556398,-0.0024184270574516,-0.0725902412738686,-0.0057511789356763,0.0222659400034908,0.0065915837433467,-0.1081822113009632,0.0933133374679375,0.0261947864652554,-0.0241079855708404,-0.0270742398617951,0.062270830664638,-0.0145859176302338,0.0366938582358105,0.0158852014622765,0.11759479989441,-0.0351317511655513,0.0153846583505918,-0.0061919717450897,-0.0008165690421783,0.0251272937218351,-0.0011553026816464,0.129833966608988,0.1321393921945262,0.0242467779163075,0.0332203546888407,-0.0175602666514388,0.0049308317643412,-0.1275036495058513,0.099569615122748,-0.0389947352031359,0.0090546015074404,-0.0282366749745166,0.1793029978347691,-0.129760015452043,0.0527578127083865,0.086419553017125,0.025203012274988,-0.0197273001041863,-0.0096923840328431,0.0561976808374942,-0.0179924106273487,0.0029568357256056,-0.0511792002984886,-0.1010292978183956,0.0180416997883186,-0.0197737180587342,0.0654446065477469,-0.1681882942310546,0.0384170304642808,0.0900177689299979,-0.0088864433048136,-0.0135965278517843,-0.1145052093867915,0.0296026674982676,0.0424162436653918,-0.0485509979348979,-0.0150912353606312,0.0982896793663152,0.11408356767337,0.1093543010670843,0.0180416997883186,-0.0337560512425656,0.1009690967154595,-0.0065442367845925,-0.0659684826659229,-0.0619698866022603,-0.0822070246488123,-0.0355492906223315,-0.064910205138046,-0.1639105018090748,-0.0396530650186883,-0.0587354390850548,-0.0597645135574834,0.1477927465221107,-0.1057182149439462,0.0280998972504769,-0.1128571922219479,-0.0205477848383415,-0.0304262252062424,0.0606200767049063,-0.0210328221407229,-0.0040238481239988,0.0160424427742578,0.1025583729003496,0.1433354167832141,0.0110213736420483,-0.0499249248093525,-0.0490907015553669,0.0022863006117872,-0.0485877385991815,0.1913668483312107,-0.0593235953720233,-0.0265471816389252,0.1362694894082483,-0.2639760010280259,-0.2080798692518681,-0.177944933257333,0.2229979601123992,0.0260305021926698,0.1929417530262591,0.1544880206380974,-0.0446661552861783,0.4960081997690904,0.021207290049038,0.115881157808324,0.0458075876602666,0.0577288008484504,-0.1158894636655381,-0.1121493586823626,-0.140444039953153,-0.023299049973645,stop,1618,31,55.17337322062679,-0.0936141386955849,0.0471714074821014,0.1065205887594364,-1.0,0.503891913544104,1.137868598095216,1.9260918582602329,1546,0.4658120102233611,7,0.097628225994149,0.181860900439049,-0.2255364347301334,0.0,-1.3695547184973047,-0.903742708273944,0.7802638714387917,0.1121532509875825,58.67038163085738,55.17337322062679,71.84760431207201,1.810378647103724,-0.0041084912095804,-0.0571449732883884,0.0302633250399866,0.055037792602786,0.4792911428977714,0.019125719494148,0.0,-0.0083883299296686,2023-01-06,15.0,19,0.2651600312332793,0.1040664229782011,False,False,True,0.0,1.0,0.0555555555555555,-0.0336813130073304,-0.6032306097209451
OXY,Falling Wedge,bullish,1,0.6490595670994762,13,128,1715,1716,2023-07-13,2023,2,57.67363814763765,56.16950738545121,65.62644856535354,51.88867203153002,1.3957828593607773,0.0267784218199504,True,-0.0104745890840223,-0.0142483800541255,0.0156201530596336,0.0076197527399897,0.0290026917472308,0.0864337559867378,-0.0046920093024676,0.0018962716922519,0.024246128108653,-0.0335728169989367,0.0007142808906726,0.0436823201808822,0.0045953154419888,0.0085024417979864,0.0209072562396031,0.0212007508933853,0.0184126474484496,0.1266710681647245,-0.0113141777653361,-0.0060273186192983,0.0796869430496278,-0.00371808602839,-0.0319679575203917,0.012274904326931,0.0078130484823299,-0.0502330824873008,-0.1135544525002698,-0.0065165090810206,0.0245233702600533,0.0972007628964362,0.0282188942564975,0.048900498531724,-0.0523491189823334,0.071074253035855,0.0182077787057406,-0.0209456186225821,-0.0795595526028558,0.1133724173793802,-0.0805698272838136,-0.0179371739016812,-0.0073847024322384,0.0617610192164672,0.0547600905506164,0.5076120754034363,-0.0542167005647179,-0.0148433167619386,0.043044281223824,0.0531889492147553,0.1877893380819337,0.0215764155657398,-0.0200161322045264,0.2879960119790543,0.2153220950129735,-0.0255163782979764,0.0037336145391828,0.0509627809405006,0.0106782074308693,0.0355180801003216,0.1263334508113358,0.0399678948941961,-0.1348223291340945,-0.1199773677533213,-0.1028946210784776,0.452830610156208,-0.0135751894822392,-0.1370966835251114,-1.8396317904456616e-05,0.0739343511947865,-0.0045920064218484,0.0713535419453779,0.0823640395530379,-0.0267561401046805,0.1145134570544528,-0.0385186244674718,-0.035663587695681,0.2183508814271542,0.053157266498242,0.0074465515498882,0.1805482823673996,0.1068500106133993,-0.144192410065965,-0.0091364282311042,0.020512881473244,0.0576122786782506,-0.169426529707661,0.0714285298734915,0.2721817435049234,0.0292836639630231,0.0478958646193814,-0.0499249248093525,-0.0281823713528995,0.0374545221859761,0.0076762583838589,0.0507966376503004,-0.03049820742927,0.0458075876602666,-0.0886862119326871,-0.0600412443057623,-0.0835971823546313,-0.2958014444101452,0.199299186739704,0.0143295169491495,-0.0361655092077097,0.0455629017663195,-0.194484229918469,0.7160758868480224,0.0311881309103514,-0.1025189257392958,-0.1780819517018645,-0.0428195744234618,-0.0619080349912264,0.0914587105950983,0.3046677977881029,-0.0131377636385551,-0.0053562135763378,time,1775,60,58.116355895996094,0.0076762583838589,0.1105774212709583,0.0348608427529702,0.0765290132168184,1.1024095999323036,0.3475476934702065,1.3747375970919062,1585,0.5430923869787456,7,0.155701857358573,-0.0232662614518157,-0.2078128965484785,0.0,-0.8195228847402907,-0.2764304977615455,0.6830699930908306,0.1839418785692369,56.16950738545121,51.88867203153002,65.62644856535354,1.1077606373751117,-0.0229699745619601,0.0480455555647256,0.0191011090378743,-0.0365745950954997,0.4534873405368931,0.0035876930869971,1.0,0.0333667061072173,2023-07-13,15.0,19,-0.028753790082887,0.0274163667416471,False,True,False,0.2777777777777778,1.0,0.0555555555555555,-0.0311606543533921,-0.469962044380842
OXY,Falling Wedge,bullish,1,0.766181717229652,5,106,1865,1866,2024-02-15,2024,0,57.33362061415465,55.36362561866994,64.70364122599648,51.10829602909307,2.446039800762341,0.0355828393366703,True,-0.0059620520091245,-0.0182204048911165,0.0216909118265842,0.0093097596643543,0.0779159750076077,0.0122716306481436,-0.025721097665544,-0.0189449844990385,-0.0073516762385306,-0.0086151177680423,0.0688935388664824,-0.0332435314091187,0.0052331213459055,0.0879756896792123,-0.0905319723075321,0.0265958082849111,-0.0452702062792519,0.0304955495874879,-0.2524090083256369,0.0069121242792482,0.0021129329294851,0.0243224799167685,-0.0005441483862993,0.0162307252709323,-0.0059935409094979,0.05184417490419,0.0820311591738198,-0.0153979581186548,0.0043219790732722,-0.0316832889699509,0.0119445370161674,-0.0014902736207406,-0.0253145837104286,-0.0346231405843188,0.1146401740163598,0.0608781491358729,-0.078158024527427,0.036548789685995,-0.0363148482063231,0.0140248286979403,0.0260392304284775,0.0189592050954405,0.104481322887066,-0.079713866035296,0.0131942435225962,0.0044201347777294,0.0413455903716626,0.0219833464504237,0.0562991694329308,-0.0613008342916122,0.3447372769375236,-0.0333623238645166,0.004894891687591,-0.0201254185165769,-0.1126010774722696,0.0413762886996378,0.1022077641716068,0.06150987997579,0.1586364702827076,-0.0843298122948521,0.0307404073068615,0.0522032565178396,0.0232674807503743,-0.1015197890445002,0.3394051442196188,-0.1934088922394382,0.0108752329035879,0.0465796452585267,0.008041352350621,0.1359224843897484,0.1273170276515902,0.040727536448984,-0.0042707102781421,0.071337887139784,-0.0155995247385786,-0.7142660845310074,-0.0286910462947614,0.2783706937680368,-0.1288369042072538,0.369389420703506,0.0158555146263144,-0.0762335992880538,0.2489969448596545,0.019832099769381,0.1849924223192898,0.2877631950206674,0.0740616644145908,-0.0860159015460066,-0.0336695938980733,-0.0869846047072934,0.01290236824158,0.1144393954986175,0.0456670440797715,0.0041514331957315,0.0450490897889792,-0.1324308237678126,-0.3378137201203608,-0.1158894636655381,-0.1400158519032986,0.2513474352529354,0.1349718226347331,-0.0748110576903774,0.4140987554294459,0.112883702062859,0.0301191276022994,0.1574691344310592,0.0262067670701156,0.2284910606241217,-0.0159322616356236,0.1105266806768607,0.2369857536108308,-0.0154007812212038,-0.1238379526158151,-0.1283610529845873,0.0124842259007903,target,1896,31,64.70364122599648,0.1285462270286539,0.1332630591386377,0.0203710431509531,1.1838773241682996,1.2273181213507334,0.1876120101968574,1.1838773241682996,1759,0.434430991394546,7,0.1138727870553461,0.1065587903575304,0.0557089814735578,0.0105263157894736,-0.9928873947416214,-0.5584564033470762,1.0412734597583375,0.1309557240002515,55.36362561866994,51.10829602909307,64.70364122599648,1.1645519945051024,-0.0038211722818477,0.0344469170040164,0.0204030860469279,-0.033282505009985,0.9891308704563936,0.0026179137930519,1.0,0.0535583471146356,2024-02-15,24.0,21,-0.0108120302721781,0.0274421377418374,False,False,False,0.4,5.0,0.25,0.0125023660802935,0.6258489133262761
OXY,Falling Wedge,bullish,1,0.7699018658916321,3,46,1950,1951,2024-06-18,2024,0,59.22749505626194,57.35032753932063,67.65922481166723,54.53686104843132,1.6334507196701489,0.0327315919103388,True,0.0153422970287773,0.0192921745512023,0.0176423917495771,0.0045941277406742,-0.0014457807035823,-0.0290608311079707,0.0291680427752218,-0.0672252020963467,-0.0230872935672833,2.392576539111957e-07,-0.0124213117407357,-0.1459899166675964,-0.0605191839090165,-0.0031169192039161,-0.0154703094931758,-0.0323658112044173,0.1719299440889823,0.0048543827514189,-0.0286397015962344,0.0499458870196147,0.0001743617932843,-0.0151734642178532,0.0231526144453623,0.0064598531671451,-0.0004545979859755,-0.0529526509909277,0.0610279903122688,0.0321018128833019,0.0140327755366707,-0.0511075872349816,0.2912863388690472,0.0047938565768506,-0.0930627405139158,0.0613356537259623,-0.0128398689383909,0.0590103960817562,-0.0554811861100821,-4.7761884447439236e-08,-0.0619160187031172,-0.0425919476184776,-0.018767907368326,-0.0358762436940021,0.0667496228673147,-0.0012453018574946,-0.0154933548682587,-0.0009903263925205,0.0292312678010933,0.0201260855538392,-0.0014289542329994,-0.1811745644027695,0.0347008847614445,0.0559137742071662,-0.0706409447894931,0.0410368893109722,0.1647146761758402,0.0125588208199443,-0.1184935545383354,-0.0407827738284565,0.2035538396650409,0.049155036814233,0.2677611325327209,0.0319182868450185,0.3394051442196188,0.0043116508655167,0.0189130134056352,-0.0681140671578454,-0.0510155801971518,0.0478632226290702,-0.0077765288541652,-0.066375928868078,-0.076229950302016,-0.1454111046382512,0.0140009675402932,0.0647421362252862,-0.2203533104348616,-0.0422344314241597,-0.1972816576819065,-0.0602263321119025,0.0405409128895819,0.1575864977891381,-0.0884810325228615,-0.1405686939512481,-0.0674193555426569,-0.0779533334836705,0.0345129042151539,0.4525719149395029,0.0175868493757926,0.0687718764295179,-0.621898168278693,0.1546224025606191,0.5317619479206479,-0.0601194783588441,-0.1720583326348584,-0.1982358846944313,-0.0949231511210784,-0.1570322341665618,-0.0857686092544462,-0.1674979339681247,0.6957416439979485,-0.2241503181737237,0.1599009867006566,0.0777263985833947,-0.1320355025507771,0.0671838528133248,-0.1611803858566122,-0.0084997277594048,0.2369857536108308,0.0155032168508337,0.2402072507261923,-0.1152663218323165,0.6778260226789556,-0.0815079539704562,-0.1105285200626535,0.1549357155128368,-0.2214393417727994,stop,1981,31,54.53686104843132,-0.0791969000778244,0.0458656767649976,0.0883398826665239,-1.0,0.5791347479500689,1.1154462179670543,1.7975671820332246,1904,0.3495579002948865,7,0.120868577652579,0.1935105096267428,-0.1995356774280507,0.0,-2.064682467877561,-1.7151245675826785,1.6119949727659708,0.0693194770820911,57.35032753932063,54.53686104843132,67.65922481166723,1.054899167360818,-0.0042802229370495,-0.0381975800208469,0.0180028623370272,0.0537850470976326,0.5584394352241798,0.0137874015522503,1.0,0.0347697118259662,2024-06-18,24.0,21,0.097364758481989,0.0399062453642515,False,False,False,0.1,2.0,0.1,0.0078199169147678,0.8229125790238548
OXY,Falling Wedge,bullish,1,0.7389923559794022,13,112,2091,2092,2025-01-10,2025,9,49.73215641473206,46.396813760255725,61.97028600373426,43.7447211475274,0.913782128231408,0.0718873212223345,True,0.0083430775630151,-0.0295364847108636,-0.019974168463391,0.002594343499555,0.0020000671512168,-0.0131312609324305,0.0042877842389998,-0.0414931533436773,-0.1026313784550954,-0.0054319639989511,0.1521450092531056,0.0458825853681137,0.0671545443080967,-0.0579252794944955,0.029213924804244,0.0216183956681685,0.0135917992559226,0.0671545443080967,-0.0319149596355518,0.0186849085886902,0.0135752270802864,0.0439319061868788,-0.002123566206374,-0.038416808561976,-0.0794052796339632,0.0084282564974274,-0.0838284987153396,0.1617783771019756,-0.0084323218293124,0.0591603257705777,0.0349876300873182,-0.0197571915751478,0.0494091430159326,0.0481683432513535,-0.1249849863308034,0.0133389193354589,-0.0445158650744209,-0.0004753223722758,-0.089032360290688,0.0003140135529575,0.0243015338130188,-0.0124420182119929,-0.0564913944862369,0.0912447650903016,-0.0618138999482279,-0.0378846809960698,-0.0613114400808031,-0.1118174805995072,0.002624021685553,0.1413026319469315,-0.0527858572523353,-0.027807488925199,0.2932232398369212,0.3927488751414316,0.0036995033622124,0.1141648592683954,-0.0599473578011157,0.063773319113402,0.0331318340535244,0.676596134599116,0.2097530870834363,-0.0168581904449975,0.027581492239207,-0.0110154622201134,0.0456286528594596,-0.0494635802942972,-0.056487354859362,0.1065759133340977,-0.1531333537171165,-0.0974714839077723,-0.062995652301279,0.1075470365050017,-0.0741647745288929,-0.035465759105363,-0.0251726672518448,-0.1022664736622565,0.0923275026285714,0.2618836367509474,-0.2361694667654309,-0.0644291487301186,0.1442207737024163,-0.0454814011811326,0.1125360519591867,-0.0787965129999503,0.2742973005650964,0.0345129042151539,-0.0590535382160647,-0.041386215744231,-0.0690922596240536,0.0566880419200899,-0.0552795752843295,-0.1073342566654121,-0.2958014444101452,-0.1606840439308759,0.0456670440797715,-0.0882310904612341,0.6035743450952822,-0.0285278456288021,-0.2081381173550808,-0.6939829307673482,-0.1625786188614721,-0.0151730892355124,-0.0144066393495407,-0.0069162795058195,0.0430459949727908,-0.0539407170261448,-0.2538721836591141,-0.0674166907120823,0.039445789435156,-0.0724895165761144,0.2128651010570004,-0.0338678273786025,-0.1006177436923093,-0.2395044710508711,-0.2410481700791428,stop,2126,35,43.7447211475274,-0.1203936386203236,0.0322079902585334,0.122623189284725,-1.0,0.2675223593839989,1.0185188411111374,2.0439685846851394,1970,0.7199578163163949,6,0.0723202757781545,0.1062861148673883,-0.0440822076567222,0.0,-1.4347288322703862,-0.7147710159539882,0.3393641855565964,0.1717058229490375,46.396813760255725,43.7447211475274,61.97028600373426,1.2316569849236445,-0.0946877818210754,0.0378418598857492,0.0248816697495348,-0.1582483145219023,0.0746257184582918,0.0197304949995551,1.0,-0.0337697731153108,2025-01-10,9.0,15,-0.0512064180011765,-0.0387394662095967,False,False,False,0.6428571428571429,1.0,0.0714285714285714,0.0777642187717988,2.440616233247047
OTIS,Falling Wedge,bullish,1,0.6071059608717034,13,141,593,594,2022-07-27,2022,0,70.6927029315613,67.89578894899043,80.62916818294426,61.97708377796465,1.593480470237707,0.0411942187559255,True,0.0416775266077447,0.0104249454737785,0.0080943732059703,-0.0084430502226054,0.0034090697434703,0.0053689065335333,-0.014350087875424,0.0461930033913697,-0.1102079785280489,0.01161711169485,-0.0206218453442676,-0.0669226496562718,-0.0350897359855297,-0.0514363236706689,-0.0242874097294146,0.0173553123082585,-0.0621141449696017,0.032049862370634,0.0300046709898413,0.0510647600640765,0.0173553123082585,0.0011356881181727,0.0501687843704145,0.0504864476788851,0.0054490997843441,0.0453068951347905,-0.0375585104693968,0.0598452866131344,-0.04652147606158,0.0290464978485467,0.0234218686685356,-0.0383876157424194,0.0284910862740837,-0.0254913478167461,0.0523873776779872,0.0371638955260402,0.1009260097969284,0.0284910862740837,-0.005595021316368,0.102978278987684,-0.0506747275548213,-0.0197067249849991,0.0421430361144394,0.0267738992181958,0.1164695699993334,0.0270109794695124,0.0208972060387211,-0.0084142975472845,-0.0180180703499092,-0.0182650685304505,-0.0272660481117325,0.0069585699889949,0.1554332393337321,0.0444827073276623,-0.0498724895685063,-0.018467822341614,0.0932396339017671,-0.1109445195582566,0.0350749165903818,0.0722060205113281,-0.0808924696754906,-0.0215458757737833,-0.0277945426765803,-0.0232473758840832,-0.0207460020449096,-0.0157687836998702,0.0254365794027786,0.0814003395105673,0.0168270591211198,-0.1363871794255985,-0.0713626826738424,0.2431037715473989,0.0592176659454446,-0.0351689264888339,-0.0482627831883388,0.0518380800070423,0.0749252913828928,-0.0711573772075958,-0.0535220709950606,-0.0219641343917659,0.1157321842018179,-0.0556288902915671,0.0361816952313545,0.2204539621786185,-0.0759326238590306,0.0348856992478834,0.1185325342451686,0.1833784807866239,0.1064680005663532,0.0106234030684293,0.0604238634233711,-0.1840935706961088,-0.1456236928772718,-0.0585878205255286,0.0276697212835586,0.1411396775981395,-0.0123402958204003,-0.0375489420086557,-0.1160980086422561,-0.0324942659855216,-0.0439342204817756,0.1123746635366726,0.1444010481682383,-0.0074845161569343,0.0413926454888902,-0.1056311016885522,0.1310151904824288,0.1274538909235369,-0.1430448207033751,-0.1081415578542683,-0.0467162350788773,-0.075608827504437,-0.0466564743131119,-0.0201961999769633,-0.1421012614405886,stop,633,40,61.97708377796465,-0.1232888090590392,0.0773073223361986,0.1376406200237912,-1.0,0.6270424941746217,1.1164080590467809,1.1400756591437915,452,0.4097201001228632,6,0.1430945625624994,-0.0147848284110695,-0.2191818657569825,0.0,-0.8579496715520432,-0.4482295714291798,0.9733243208117524,0.1519494015334616,67.89578894899043,61.97708377796465,80.62916818294426,1.60048531923143,-0.0187901253296338,0.0614313731581623,0.0225274885415319,-0.0721647204176796,0.9553810294282554,0.0011003023711275,0.0,0.0535662406714612,2022-07-27,13.0,2,,,False,False,False,,,,,
OTIS,Falling Wedge,bullish,1,0.6603346661955862,3,23,762,763,2023-03-29,2023,1,78.07977017174485,76.03171726429196,84.67490357680606,73.43845748581651,0.624995186222584,0.0269368229621029,True,-0.044759862178586,-0.0534461586408541,0.0106643738421621,0.0171213025337979,0.018669483331811,-0.0113264825647245,-0.0017885471533146,-0.0192366473165378,-0.023423808557682,-0.0100373932632048,0.0081484891292642,-0.0779292438069905,-0.0187651855666407,-0.0365384673142783,0.0161385643331131,-0.0066538709063195,-0.0056613935279448,-0.0002851461725096,0.0081519186856451,-0.0234436591243991,0.0289571280446159,0.0490659142890281,-0.0408512286243306,-0.0234627667748028,-0.0466756767460638,0.0126396881395272,0.0381617424995943,0.0335300828836859,-0.0177472333659541,-0.0589014273604312,-0.0217601153206538,-0.0022223600603383,-0.0352782276331027,0.1168376884708903,-0.0833217325360423,-0.0197067249849991,0.0761160341883808,-0.0238240961784659,0.027850524699299,0.0293372503401114,-0.0139840768882107,-0.0028570816991986,0.1126760621050844,0.0150455040873713,0.0090028497383398,-0.0330424843310472,0.0333292922096459,0.01273964516406,-0.0288997940602322,0.0406836601223596,-0.0132628660308655,0.0753169337318535,0.0062677950121488,0.1113757770225036,0.0411057502830807,0.1123122258806867,0.0232203439024976,-0.0072544208403816,0.0406409737138151,0.0223397070633009,0.0449839899164856,-0.0813381694324998,0.0536266146674302,0.0434388067210691,-0.0700322893095533,0.0495872514746531,0.0070185481821103,-0.1068379870230192,0.0151146496597737,-0.0162203902665487,-0.0423531161918853,-0.0223454478858051,-0.1305576355658139,0.0374661263484654,-0.007147304930373,0.038602939660707,0.0626342699511377,-0.1068005961303004,0.1622743122566186,0.0799304367770981,-0.1136663057608999,0.0230404348035087,-0.1126155104351023,0.0376824525230319,-0.063495816510205,0.0587910980216712,0.0728242119342306,0.1535101137588574,-0.061226569665148,0.0729391532464289,-0.0147838344070339,-0.0245732166661024,0.0525223374595924,-0.0191267541015032,-0.0648012777153063,0.0528883872967582,-0.0429157365951889,-0.1025508059174994,0.0551685722941961,0.0192862127163526,0.0033468295800893,-0.0043540190784246,0.0917680981198176,-0.018903370684406,-0.0633097289329174,0.1274579849514792,0.0328837933747614,0.0174068180323376,-0.0039941129828751,-0.1352594137806947,-0.0753036004846591,0.0707299632998414,0.1004025305483153,0.0857072174049615,0.0452396203872455,stop,768,6,73.43845748581651,-0.0594432165427648,0.0203344711297822,0.0629287579488376,-1.0,0.342082281418153,1.05863648720229,1.4209629584010814,738,0.5719261575516128,5,0.0066141075908672,0.0261715108241529,0.1832772939451556,0.0,-1.1369244924042916,-0.5649983348526759,0.5964359493007914,0.0879881593343411,76.03171726429196,73.43845748581651,84.67490357680606,1.7171570981383428,0.09595817349201,0.0001523547769666,0.0220666859125838,0.2808782302730446,0.7500041464183276,0.0099118418526371,1.0,0.020625582598182,2023-03-29,40.0,10,0.2199460536272408,0.0676810305110271,False,False,False,0.0,0.0,0.0,-0.0176474483945328,-0.6704207347497406
OTIS,Falling Wedge,bullish,1,0.759020104995651,5,53,899,900,2023-10-13,2023,3,76.38207194202307,75.87767327803195,86.5487571676691,74.21846289274434,0.8574802000557185,0.0066475241293035,True,-0.0386857077543895,-0.0095723254612266,0.0171213025337979,-0.0104197546241229,-0.014350087875424,-0.0103281598726955,0.0144399096152616,0.0224730246316133,0.0341867612774289,0.0130297753790202,-0.0545518008984819,-0.0056709501304034,-0.0075820034606776,0.0521677239344564,0.0046317018216341,0.0266376068968086,-0.0554103947391102,0.0189136657297273,-0.0085921494135913,0.0355508821632049,0.0278052372881558,0.0040848505185961,-0.0438925647931494,-0.0559205998450014,-0.0025803465205593,-0.0216600075929718,-0.0171629644326124,-0.0151545440611566,-0.010330842585712,-0.0159802240495121,-0.0721046968292994,-0.0531030945908775,0.0508055261202153,0.0077884922705648,0.0036381583769145,-0.0616899883288354,0.058090979622082,0.0830837915624842,-0.022439538220919,-0.0311629210455467,0.0328121348964698,-0.0064830637625836,0.0105042868383686,0.0621514958432212,-0.0193712991881821,-0.0540321838871069,0.0171111416754097,0.0014595296649091,-0.0236011643864587,0.0404923137767188,-0.0937532051061019,-0.0538608237935366,-0.0393360069387808,-0.0212494134791536,0.0116976481055479,-0.0952223253835613,0.0478446252413389,-0.0874286618965558,0.0429739474799355,0.1800121599442232,0.0839633982449983,0.0754759033975922,0.076731020098774,0.076731020098774,0.0680187264327618,0.0536266146674302,0.010874302500943,-0.0201607879820806,0.0004196771242692,0.1019396568209549,0.037004887494155,0.1948964509939539,0.0522691257408747,-0.016833924582238,-0.079464452112544,0.0597587047615373,-0.0108185110204027,0.0389680824790319,0.0290123898817673,-0.0484934275729456,-0.0503670153865639,-0.0201004950302026,0.0445920261334704,0.0184655806448446,-0.0104531761104468,-0.0644215103056122,-0.1437829783451446,0.0957780394805183,0.1498021534334603,-0.0525116392840383,0.0135265091665388,0.091948560172662,0.0831402718656604,-0.0198336536741994,0.0202727529197641,0.0022759867090853,0.0408494414084761,0.002812524178118,0.1043771599921496,-0.0316797542778015,-0.0060323414360511,-0.0466564743131119,-0.0308264414877894,-0.0011264510294896,0.2200621792577815,0.005957724836975,-0.0956933573824869,-0.0110714307081689,0.082711050311595,-0.0543970681235462,-0.0858451240286499,-0.0464923849640285,0.0151204280233947,0.0868901450711607,0.0745648436177916,stop,903,4,74.21846289274434,-0.0283261371977575,0.0078114235655423,0.0320643356467375,-1.0,0.2757673420490512,1.1319699337358269,4.698947450342388,843,0.6960309241918481,7,0.0884424137388161,0.0775944771651466,-0.0333166075337215,0.0,-1.7122585068572118,-1.0162275826653624,0.3825020088879897,0.0700697601992958,75.87767327803195,74.21846289274434,86.5487571676691,1.2040755392518545,-0.0407916393292323,-0.0358690254666758,0.0158919293508418,-0.0075352799006702,0.2582168032551994,0.0018646735001652,1.0,-0.0267721821790749,2023-10-13,40.0,10,0.0773329701211262,0.0142908647032071,False,True,False,0.2222222222222222,2.0,0.2222222222222222,0.0011387082385993,-0.105224408893265
OTIS,Falling Wedge,bullish,1,0.6957961881495374,8,40,1446,1447,2025-12-18,2025,6,85.64024084813843,86.01417808228013,94.37255493165168,84.08148198310745,1.215001041213108,-0.0043473906567355,True,0.0062012577358641,-0.0140768426782755,-0.0171862412776755,-0.0027428478174462,0.0031734568377606,-0.0167936779974454,1.8588347816539402e-07,-0.0255319527714393,0.014199592989998,0.0117514068148221,0.0040401635425801,0.0273835645047866,-0.0211892112513119,0.0064290511754654,-0.0041724391300583,0.0123950097061793,-0.045500838886215,0.0008092060253011,-0.0294891826231058,-0.0053940917505623,-0.0449896851034117,0.0001089842698511,0.0128362350787865,0.0241158524390558,0.0076657497105219,0.061184353385385,-0.0722721394418196,0.056201890211831,-0.0047624964117116,0.0164872962489108,0.0333775707735615,-0.0100666979571366,-0.059963273922699,0.040595698238719,0.0424867012099778,-0.0366668581042417,-0.0060616982851313,0.0153575354006851,0.0004770632225574,0.0178924093944286,-0.0182403038127388,0.0650747343511644,-0.019172191753157,0.1130335810311788,-0.020681241662776,0.0134017558332065,0.0121726408259932,0.0107094981906235,-0.0297916815349629,0.0864016219688417,-0.0811172982443362,-0.0270591375357662,-0.0917915889155015,-0.03605775243917,-0.0089586372037699,0.0199346522066812,0.0116917416929198,-0.0093952428937513,0.0340845339201709,0.0251698483233462,0.0401754426691098,-0.0023821465816125,-0.0950203893501474,0.0357097931543122,-0.0637150913890376,0.0152874484259224,0.0841112984973162,0.0452157533024435,0.0145479824223428,0.0702413992938251,0.0559049026790254,-0.0520603432471077,0.0851736501101054,0.0916059490878284,0.026555166654985,0.1009636396671467,0.0679313609841956,0.0270891051826949,-0.0249133778853123,0.0957780394805183,-0.0916971833325193,-0.0309374211543753,-0.058419865813678,0.0601433887581353,0.0478130105284786,-0.0285935104153628,0.1122499473499774,0.1676517104734083,0.0230944016941248,-0.0916971833325193,0.000813875964831,0.0438141812560473,-0.0940384060621144,-0.0716318383244808,0.1870948365883351,0.20680738374798,-0.0556859074013216,-0.0117470724498531,0.0196564034766479,-0.0885008162146012,0.2202753315480083,0.0964959415155011,-0.0968523860946741,0.0001175445481083,0.1153609219345503,0.0189919942865728,0.0582917452952103,-0.001715010169464,0.0681306415405542,0.1022372415796446,-0.0860183407484157,0.1570023204712023,-0.0050986155049569,-0.0744362871387613,-0.1355587996026278,stop,1472,26,84.08148198310745,-0.0182012433593578,0.052480495917188,0.0353353327589218,-1.0,2.883346751704538,1.941369172494195,5.602094255508652,1400,0.7093512277517278,5,0.0357307380570866,0.0190752866067911,0.0341291433013157,0.0,-1.0407394766568283,-0.3313882489051046,0.3392519288519509,0.0858184711830913,86.01417808228013,84.08148198310745,94.37255493165168,1.2744314571024395,-0.0559205913706181,-0.0218222308201914,0.0148352241483788,-0.0628128925462448,0.1278207953814022,-0.0076404298380863,1.0,0.0208863409329931,2025-12-18,38.0,11,0.0755002758102301,0.0494296255614097,False,False,False,0.0,0.0,0.0,-0.025189270583653,-0.3634941896527879
OTIS,Falling Wedge,bullish,1,0.7518343064910361,5,69,1563,1564,2026-06-09,2026,0,70.65175352278179,69.15201334462483,93.07460629576131,67.70140682008744,0.8381635556518591,0.0216875851565285,True,0.0341867612774289,0.0110885178513533,-0.0044356752837768,0.0012840587387112,0.0674503194546067,-0.0147983354206521,0.0770236165548079,0.0010798179619955,-0.0111546077434578,0.0100231660827094,-0.0144018345895786,0.0314673591831162,-0.0360600278856284,-0.1102079785280489,-0.0135327582052219,-0.0098072017173943,0.0277304034708498,-0.0001076013608088,0.0132607702843696,0.0042598669312163,-0.0049921588526303,0.0356187969744519,0.031701761474947,0.0218062836530308,0.0194351401596442,-0.012454862211563,-0.0273303452360341,0.0775284353428527,-0.0171012328547668,-0.0199721776387797,0.0038484884934841,-0.0007491948172143,-0.010356244861552,-0.0008564941496753,-0.0146213735873663,0.0413125887382814,0.0564720066006669,0.0557611982260788,-0.0143334829779487,-0.0276244350302894,-0.0383876157424194,-0.0067586363243615,0.0296155722604238,0.02719760587843,0.0479737867451002,0.0143481043103634,0.0129431233814392,-0.0146773615014457,0.0998563444776046,-0.0473245220949412,-0.0205063340967521,0.1280701432080924,-0.0205085577580002,0.0796146331944078,0.0749799288338166,0.0597313817571767,0.0215820577592844,-0.0179596791120213,-0.0208699575872319,-0.046073385365602,0.0354345918068319,-0.0613786010403984,-0.0525876130117394,-0.0341105112419812,0.0139484066133943,0.0351076418163966,-0.0464496303460491,-0.0018284482534732,0.0040067289034984,0.0386888022253548,-0.0119663364146349,0.1255004056942024,0.1412620978064689,-0.0720525914204209,0.1233897331952493,0.1717624470380037,0.0775530354949545,0.038602939660707,0.03304807254209,-0.050450419716808,0.2407806872811726,-0.1436297213148109,0.0739007546839123,0.0037548554743986,0.2070512145165737,-0.038230351921641,-0.0246608323071987,-1.0787433801784375e-07,0.0378309346915457,-0.0872851395386394,-0.0425562001083329,-0.0020897884684995,0.0117229904829572,-0.0452341998043472,-0.0122978783815517,0.0904755672308352,0.0298970320650679,-0.1936767487097321,0.0665360126282825,-0.0915342338594151,-0.0542523536535964,0.2979098355080747,0.2029612403344363,0.0519796060714057,0.0805229547123698,-0.0775618712870277,0.0221173554028726,-0.0029261714699458,0.0930110967988069,-0.1025508059174994,-0.107702529948107,0.0898198127886407,-0.0139493092826786,-0.0891715872159782,-0.0022573607078057,time,1623,60,71.4800033569336,0.0117229904829572,0.0679516200499907,0.0256049944098269,0.2807296625157382,1.6272328627890869,0.6131610743724558,7.600073832848968,1494,0.8305902763328895,6,0.0177715271964892,0.061878027584223,0.1088749945725326,0.0,-1.3597721738291286,-0.5291818974962404,0.0992706082378179,0.1736652070546872,69.15201334462483,67.70140682008744,93.07460629576131,1.281518736105928,-0.1566915522406666,-0.0519964371834064,0.0180901736166778,-0.1667837120242703,0.8493583473531852,0.0074680081334002,1.0,-0.0030433968576589,2026-06-09,9.0,16,-0.0160871494271872,-0.0459582246535928,False,False,True,0.3333333333333333,4.0,0.2666666666666666,-0.0316261282157298,-0.3167630070330335
ON,Falling Wedge,bullish,1,0.6553331365958096,3,16,1172,1173,2021-05-14,2021,1,36.970001220703125,36.10499954223633,46.60499954223633,34.327450278578965,1.0835224019846907,0.0239579473600297,True,0.0338111971524632,0.0348948818857993,0.0145713806152343,0.0565031691369846,0.02411846329578,-0.0232515676119239,-0.0558241959456559,0.08480422453916,-0.08314730830215,0.0154033151836698,0.0384219114329174,0.0665670109081513,-0.0942492222070217,0.0375977726913425,0.0233896818491432,0.0125226591180014,0.0214286080370611,0.0079086249281916,0.0602076053316797,0.0401035051210951,0.1261796778701938,-0.0053058484814234,0.0154137237769417,0.0830402919517629,0.0718462953372183,-0.0253968016891237,0.1735268146555313,-0.0462075566091334,0.0376568884056582,-0.1165540100487451,0.1251797916187351,-0.1130643166628425,0.0543417346194503,0.0018847650121029,0.1217669775269181,0.1500721482849378,-0.1459458807850758,-0.0481579429224917,-0.0526953497814849,-0.0426229258052637,-0.0835713886079334,0.1170706822701361,0.0145371490814079,0.0034568584216669,0.1537114003427029,0.0690908400854053,0.0365160516512261,0.0127553414045584,0.1524434826238243,-0.1552250114953763,-0.3064887246991031,-0.0636594459747548,0.2244782653691102,0.0711556701584019,-0.0173010672425819,0.2049586333926292,0.2183686374547904,0.1847313950583853,0.0410156333673514,0.0300560457367256,-0.0182054441409454,0.1828703141588579,0.0813208252379908,0.0565780449481592,-0.1438749382445991,0.1060853811721092,-0.011230907341844,-0.1497647453756893,0.0021004494430541,0.0256964272890041,-0.0263631066270717,0.3275159386768016,-0.1604415127222149,0.3179064968565459,-0.1051020115229156,-0.0404962331553071,-0.2197309441012144,0.2635707372868814,0.0865081773406981,-0.2618367720623406,0.1918558655872397,-0.0789811262341487,0.2116036508159273,-0.1088590189604774,0.0289999961853026,0.1307741893411476,-0.0980613819902168,-0.0062903127362651,0.2120326508657546,-0.1968040441564831,-0.0756084476878261,0.0047686324076596,0.2007032167689009,0.1315197226696758,-0.0287134423102362,-0.0136291096109455,0.0395075415733696,0.3049869609437059,0.307221567373646,-0.2333761798088937,0.3458176560471879,0.0736663721123997,-0.0519429701014181,0.12150904266424,-0.2360721890536385,0.1804440094972808,-0.2186623642217132,0.2365319033913171,-0.0617953739105628,-0.2078651509426624,-0.0126276519421953,0.0418318274433129,-0.0798722071685373,-0.1280046799187828,0.1817554386660572,stop,1216,44,34.327450278578965,-0.0714782487116699,0.1033270102432408,0.0800649932765576,-1.0,1.4455727736145707,1.1201308750515837,3.646097476474118,1155,0.6628632711261366,5,0.0369879914822635,0.0723171842512535,0.4161575447990964,0.0,-1.253093626554421,-0.5902303554282796,0.3200308994545224,0.1772263614639746,36.10499954223633,34.327450278578965,46.60499954223633,1.6700000762939449,0.1832244590159377,-0.0650915740185021,0.0445927915159504,0.340852142991187,0.5909094849883392,0.0109528397088671,1.0,-0.0016296982875606,2021-05-14,34.0,6,0.3007818654373251,0.1951702129301471,False,False,False,0.0,0.0,0.0,-0.0880646774811756,-1.69253579742227
ON,Falling Wedge,bullish,1,0.7018553420213886,3,25,1748,1749,2023-08-29,2023,1,97.1999969482422,91.13750076293944,116.4031229019165,88.07691078101834,0.6836619399786296,0.0665203251630972,True,0.0235596809405942,0.030878774896933,0.0761107878896372,0.0158389302708159,-0.0409986225985076,-0.0714845792106118,-0.037422022747651,-0.0206611914027797,0.0811243808497172,0.0302182225972957,0.2341433704261935,-0.0279817731561997,-0.0339203853018444,0.0792220152911815,0.0575504220700786,0.0067460345693304,0.0194565316905146,-0.0111381726391531,-0.066523595049407,-0.0254905450351151,0.030193948687093,0.007410831231186,0.0084399515190055,-0.0038065342469563,0.0028672653002896,-0.0654988308592156,0.0379188994756594,0.0871459212697585,0.0667951789281704,-0.0320956713569956,-0.1165540100487451,0.008436340884393,-0.0119559290765604,-0.0181310732449356,0.0328312244692279,-0.0676730504433666,0.3192944143663492,0.0677448077475038,0.0740299934151675,-0.010452952120563,0.0055603770472014,0.0403916671510911,0.0312695426689424,-0.0199252610708168,-0.0540693723444213,-0.0225596450898485,-0.0529834779647854,-0.0041365141067923,-0.0452567027369706,0.0802022864479297,-0.0084562501097146,0.1620633482985047,0.047860769779803,0.1911075179697843,-0.1062124331480368,-0.1275303999646447,-0.0150213942309661,0.1511470861838455,-0.1007751798806185,0.0582697013849313,0.5747053605065198,0.1389848866652565,-0.1594719540577783,0.1383989787791286,-0.1293841365478347,0.1083769452084657,0.0987929817417203,-0.001779669779348,-0.1057845650902842,-0.1650205122400767,-0.0971972981063532,0.4050755575373785,0.402145416459216,0.1801406124885241,-0.0652117959671247,-0.2497639228343308,-0.0310629662026222,-0.0638660241054653,-0.1831699349073475,0.0733558103493929,-0.0534659219022239,0.0362162918341424,0.0359294418490796,0.7252660808029066,0.0934358331143248,0.4519722516609867,0.055522406279151,0.0265848903404559,-0.2497639228343308,0.0351081654303269,0.1640333970357037,-0.2544445955614839,-0.2946502087330198,-0.3104786997643716,0.3096085474817811,-0.0743763727975322,0.4248264930382999,0.1032362719708759,0.339454680832207,-0.2161510039757094,-0.0573032918052798,-0.0719947244300174,-0.3601216116224514,0.1871633728805679,-0.1907724771484021,0.3668719905977238,0.0987780343353836,0.1798011045402192,-0.1561043157986424,-0.1629743764103259,0.0641025641025641,0.3470661240367114,-0.1239168379465194,0.0923332526945956,-0.3496265799618223,stop,1773,25,88.07691078101834,-0.0938589141322894,0.0421811340765658,0.101748968108659,-1.0,0.4494099944211336,1.0840629155931738,2.10489362938,1722,0.7842586073767448,5,0.0610689585890873,0.0929738805476465,-0.2132929434664282,0.0,-1.120565235753963,-0.3363066283772185,0.1730824390659745,0.2123393867628097,91.13750076293944,88.07691078101834,116.4031229019165,3.2914292471749413,0.1992977074881323,0.0106584633895427,0.0337202051694883,0.2609481461390199,0.9446727879042788,-0.0048061194215803,1.0,-0.0160356502300345,2023-08-29,29.0,17,0.2172012560285021,0.1593458353970591,False,False,True,0.0,4.0,0.25,-0.0246937352171704,-0.4526026057353201
ON,Falling Wedge,bullish,1,0.6594044658721695,3,16,1894,1895,2024-03-28,2024,1,73.88999938964844,74.31000366210947,86.71000366210956,71.46025750575927,1.0535354453348045,-0.0056520556017034,True,-0.061848690385352,-0.0515399856272184,0.0352898641008969,-0.0224792402042119,0.0840446963308021,0.0098892402377215,0.0512855560604488,-0.0020953858149613,-0.0161212343158143,0.0283149772024704,-0.0201430779420612,0.0019058386624075,-0.0456699486322476,0.0512855560604488,-0.0373029489263377,0.0505758435488921,0.0257116986431347,0.0228532076955867,-0.0220219537932849,0.0548290437546323,-0.0084560117501754,-0.024211066584016,-0.0727229231020685,-0.0981188260913111,-0.0733398443673339,0.0819063600712686,-0.0017391702403193,-0.0981958152966807,0.0394264476878158,0.0559014951139713,-0.0406439942025461,-0.0424534430856387,-0.0464358193902223,0.0081183068598913,-0.0412459349870804,0.3527272341279643,-0.0522303379378232,-0.0464358193902223,0.0187881447312923,0.0869346520301137,-0.0361850028657062,-0.0006349351671006,0.0493388610685248,-0.0023462805402906,-0.0492336897113296,-0.1098868890351052,-0.0789010945894179,-0.0491776907351885,0.2371986684735456,-0.0261306767704389,-0.0546931192834966,0.1360069249890685,0.198657650863409,-0.1231697011196349,-0.130160075079156,0.194532752115403,-0.1390631686714099,-0.1207470709343705,-0.0365029902567064,-0.0049173270551977,0.0754561674585647,0.0581560077740463,0.1609379459628241,0.0338204359139642,0.1687082873665122,0.0232936254876345,0.0175331917851628,0.079045653276033,-0.1162992537042058,-0.01799975425688,-0.0287093756849928,0.3976091128451173,-0.2767009931741301,-0.0093030843392822,0.224893464771283,-0.0464008654543898,-0.0730270417411315,0.0276373337619029,0.0240855935031725,0.3448275396847815,-0.2497639228343308,0.0757203327065527,-0.1064696044112126,0.3006225248030405,-0.0019898331527473,0.076597081184665,-0.0638095310756138,-0.1302651140251089,-0.1896193638259645,-0.0168413927375324,0.2116036508159273,-0.0439700486221299,-0.0818785099706657,-0.1253233517695106,0.1215533285819081,0.0218091023188691,0.0233870944172982,0.1083061948829799,-0.2614084700463525,-0.4252165796031787,0.1338563108803094,-0.362325689531475,0.0074208117178662,0.1969407659755262,0.125988475672456,-0.0524297078323671,-0.1244803576124575,0.406083186072609,0.0623377282857953,-0.0505571689209507,-0.0341918491168687,-0.1787323750240702,-0.0404196072850948,0.3051788515714637,-0.081033512240879,stop,1896,2,71.46025750575927,-0.0328832305313235,0.0135336311850084,0.048450424423149,-1.0,0.4115663505785029,1.4734082886715358,5.276282372817638,1877,0.649210448053755,5,0.0169841929901966,-0.0077329359768004,-0.1811164630087438,0.0,-0.9824701185734074,-0.3332596705196656,0.3477910015513998,0.1434419168726162,74.31000366210947,71.46025750575927,86.71000366210956,2.5485709054129466,-0.1305180102084886,-0.0402807641081185,0.0346508606344923,-0.2009777228317724,0.0629650037440483,-0.0023806414987799,1.0,0.0327017107728284,2024-03-28,11.0,19,0.4251965321383115,0.2402987141107473,False,False,False,0.0,0.0,0.0,-0.111008151824668,-0.6959572117853461
OMC,Falling Wedge,bullish,1,0.7684329948435193,3,34,684,685,2019-06-07,2019,0,61.22880086626811,60.076568072158935,64.45844659034793,59.21703370750348,1.221452177773393,0.0191794044014832,True,0.0037854416371008,0.0041659543646692,0.0264434927822763,0.0177048124291487,-0.022038631029033,0.0031765013910254,-0.0551903407908287,0.0160276543209876,-0.0009422179572975,-0.0039012656370022,-0.058195607809321,0.0586489416449684,-0.0396452667544705,0.1072837352227316,0.0111340112308442,0.0390883288449881,-0.0666429873646607,-0.0184714565659693,-0.0396386447616542,0.013508392519125,-0.1231091271148776,0.0639129615912379,0.0073277773274898,0.0294620406745136,0.0085205540098471,-0.005788073712297,0.0093248244490533,-0.0248278697850319,-0.0683916704962297,0.0125319329981694,-0.0483276685211216,-0.0636738155980927,-0.0200532771096805,0.0911153882123727,0.0372077593697295,0.0141480547363554,-0.0066330377162376,0.0453538498760102,0.0116241044927976,0.0161170836973789,0.0142029300259689,-0.0866979504128625,-0.0159790562991796,0.0035288352858673,0.0539655169487247,0.0310246476524288,0.0655101094259194,0.0347761840884897,-0.0222046254378694,0.0314727340729865,-0.0193708122014955,-0.0644494717267899,-0.024262035763815,0.1336484079827999,0.1221728331311975,0.0206439819803379,-0.117256225408128,-0.0374757144162684,-0.0169226638378764,0.0381784728143697,-0.0474164142808684,0.0027654501956937,0.0199510736789023,-0.0078996307506606,-0.0310585124221219,0.0501898798596345,-0.0154356876766917,-0.0439664463882799,0.0669448797556665,-0.0287211131813307,-0.0143114619568104,-0.0220452912683455,-0.0060078209715186,0.1167709524006082,0.034678592296786,-0.0891739602147453,-0.1341328583091261,0.0940447593417252,-0.3177624772824117,0.104183195769816,0.0236212656369776,0.0578657858344027,-0.0236633916712756,-0.0157043258794561,-0.0683573681429782,-0.0432564883914686,0.0339613178924638,0.0377332895711952,-0.0720035304840616,0.048289172350431,0.1063965959773471,-0.021992983904149,-0.047567756437725,-0.0571884891478584,-0.0983198764974452,0.0007018830344618,0.0261954840443929,0.1052140901281131,0.0232422997646211,0.0993544540459909,0.0733233382779638,-0.0656331207600182,-0.0242688691426797,0.2256517769447539,-0.0009519614633962,-0.0646806047389055,-0.0730256999490499,0.1114701624328364,0.0926945199719782,0.0378316368664009,-0.032509088093977,-0.1987190622214036,0.0074317859602814,0.0081119191747749,-0.0602235098267097,target,700,16,64.45844659034793,0.052747166013161,0.0571619888046805,0.0190690836849161,1.6053774961030045,1.7397440923485674,0.5803738879816034,1.6053774961030045,650,0.4986386832122551,7,0.1266384050590528,0.0870431200265839,-0.2623993596319438,0.0,-0.7566410969304742,-0.2580024137182208,0.297650674354078,0.0592749470987005,60.076568072158935,59.21703370750348,64.45844659034793,0.8970796362702862,0.0710958080484702,0.013717079797423,0.014725163652792,0.066555787325909,0.3333305987842179,0.0059846686176046,1.0,0.0034534167878448,2019-06-07,51.0,8,0.0939923437308936,0.0759658001472352,False,False,False,0.0,1.0,0.1428571428571428,-0.0117506218886261,-0.2079981775371439
OMC,Falling Wedge,bullish,1,0.6925204186603836,3,38,2095,2096,2025-01-16,2025,2,81.16196192203559,77.67443980632788,105.98111347589906,76.5628115016666,1.591849702048737,0.0448992245634913,True,0.0069799683642617,-0.0114635212111711,-0.01871926628931,-0.0201801867191193,-0.0169136725237487,-0.0094763756595677,-0.0397606682404954,-0.0318945756552879,0.0443741308024763,0.0395447910737396,-0.0003802078303682,0.0488181906053242,0.0020479326484996,-0.0047400872093087,0.0581035418066149,-0.0158936113434789,0.0285601201485743,0.0061363049037883,0.0645029164708173,0.0434784836802093,-0.0374455164627778,-0.0268930382555752,0.0013165080667114,0.0096556440230894,0.0015142883504246,-0.0548833744739781,-0.0333544122569301,-0.0306884734485748,0.0060888421036244,0.0350703058362382,-0.0366822154057191,-0.0423473960107232,-0.0409167800461294,0.0574994268269595,0.0236348293209518,-0.0688138512624,0.0878393946476387,-0.0051361906536219,0.0172046485918277,0.0779290557026475,0.0256460784963625,-0.0397490647172142,0.0017311635034862,-0.015350814042803,-0.0372297970317326,0.0132810752390939,-0.0440903363367254,-0.065431713797229,0.0485723561302273,0.0068880072272616,0.0346641615081164,0.0030399860655918,-0.0091733994898755,0.0777692741072317,0.0233730503497888,-0.0407512308925317,-0.0473041751249101,0.0345249085011005,0.0394323716079814,-0.0832290136997747,0.1026899714406142,0.0563204652731805,-0.1004689049174391,-0.0312904659677528,-0.0080808826555794,0.10974018741545,-0.0904054515332591,-0.1371553580263886,-0.0435481292026771,-0.0581343434722135,-0.0081979327368182,0.2062128533459,0.030737089281793,0.030737089281793,-0.1074469274160241,-0.0568450911469452,-0.0687470676156062,0.0246810718797616,-0.0057029728449273,0.0524568712325059,-0.0350349541040483,0.0487804457240386,0.039085829044964,-0.0367234846735817,0.0319167243917735,-0.05722882229476,0.0019543409919078,0.2074460541859948,0.0167813566563004,-0.1410188573892224,-0.111598460991064,-0.0616564978492412,-0.1022365548074781,-0.0080623765581818,-0.0722713727946691,0.1916579466200969,-0.0899534537387463,-0.0194802964855385,-0.0272100142557988,0.0502841345858564,0.0214841209058411,0.0039403545678526,0.1079256515979365,-0.2472757548107467,0.0342829148648038,0.1001397219560269,0.0940966704598833,0.0345692997886146,0.0321081806698386,0.2297187900687614,0.1092230152753666,-0.0095541686607868,-0.0586754884725618,-0.053964129175908,-0.1237888609557843,stop,2113,18,76.5628115016666,-0.0566663288005154,0.0394368955344297,0.0657282265503721,-1.0,0.6959493648028767,1.1599167961234549,5.396464408718395,2055,0.9052843020627036,5,0.0036430947714833,-0.0376552916609916,-0.1141465912864647,0.0263157894736842,-1.7417457614107148,-0.8364614593479972,0.0755562736565264,0.1744192562610783,77.67443980632788,76.5628115016666,105.98111347589906,1.6057833222474645,-0.0890984080146825,-0.0891635539362862,0.019812583165881,-0.0481197623204809,0.5412828625024451,0.0025732493167258,1.0,-0.021685822118629,2025-01-16,56.0,10,0.087007680218117,0.0539050736522273,False,False,False,0.1111111111111111,2.0,0.2222222222222222,-0.0266457916211326,-0.3255711567012874
OMC,Falling Wedge,bullish,1,0.6844897010621661,3,20,2303,2304,2025-11-13,2025,2,70.7166739193283,71.44862731878584,83.7065256602591,68.8385729510428,0.6603704496546752,-0.010244471124571,True,-0.0190672503809345,0.0002450478642646,0.037660649090087,-0.0322682154265304,-0.022631689832088,0.0138190666145077,-0.010942742918766,0.0287977233239296,-0.0228190023207605,0.0385279451250029,0.0130126163216455,0.0007593396378222,0.0266616183790073,0.022587485257526,-0.0488420932990928,-0.0144793933022446,0.0021484795128392,0.031056433576363,0.0146800508430973,-0.0013719837278149,0.003534502261266,0.0593221893808606,-0.0260278993057674,-0.0175583458185425,-0.0446254871016759,0.0193793642722905,-0.0079731631071385,0.0061096432553804,-0.0302269881939506,-0.0109226618745151,-0.030628718637331,-0.0138029541308842,-0.0804822951438294,-0.0020015686236941,0.0088279442093206,0.0346534505025935,-0.0032202558363925,-0.0105703356051499,-0.1163462425417294,0.0113113964609654,0.0091084918447896,0.027383852415262,-0.0442366086047294,-0.0863630518878347,0.0064875381590896,-0.0018826876651681,0.1008230173156008,0.0762056516150959,-0.1417184184806563,-0.0554270688508752,-0.0173883918915237,-0.0742437104319766,0.0070592974145597,0.0794943495431879,0.0355381534930809,0.018789970651899,0.1839233066232124,0.1370889861221358,-0.089805115376937,-0.0776687690569667,-0.0364920619151155,-0.0788682879491532,-0.1312510425090644,-0.0733365023931298,0.0692454234152426,0.0452577406354353,0.0190265891844625,-0.0618839034709017,0.112955990077755,0.0737565966947098,0.0280083789522078,-0.0064052624654546,0.0003972237216685,-0.111901771119285,0.1418459223285473,0.0133760264089821,-0.0636756221749766,-0.0184014893028923,0.0127519765452037,0.017070565675225,-0.0346163630157544,0.0448249590122067,0.1033019775137271,0.0355702949354386,0.0411927499970037,0.004760826864788,-0.0051025252231959,-0.0205582897174921,0.0463945562219982,0.0363244975067724,0.0912403052533552,0.0573370687464165,-0.0397005978396413,-0.0827205534106486,0.1985219197576579,-0.0818729998869306,0.0342983076243703,0.059262052540324,-0.0151296125292239,-0.0009308748700329,-0.0253640023551858,0.095518050995371,0.1199818692081626,0.0784605854647233,-0.0417702291814036,-0.132969699626941,-0.123191915450304,-0.1092104867580877,0.1362594512930419,-0.029987539341443,0.034961348030396,-0.0551405999377149,0.0303706301645179,-0.0046978560968133,-0.0480690177918655,stop,2313,10,68.8385729510428,-0.0265581066556945,0.0366254690699324,0.0275721084273143,-1.0,1.379069281735837,1.038180499263957,6.916482106278424,2281,0.7078969036980876,5,0.0118732376734703,0.0214564756998192,-0.1138156094684301,0.0,-1.1370165998461592,-0.4291196961480607,0.3420033270906287,0.1344102353413008,71.44862731878584,68.8385729510428,83.7065256602591,1.8001368218130085,-0.0354376835903871,-0.0494256863861504,0.0253998741467135,-0.0241560615959191,0.0757564373031281,-0.0025643063574506,1.0,0.0172558164707947,2025-11-13,56.0,10,0.0500746901889475,0.0340614194777058,False,False,False,0.1111111111111111,1.0,0.1111111111111111,-0.0560083143820437,-0.6171802194070006
ORCL,Falling Wedge,bullish,1,0.648483373188738,3,59,1372,1373,2022-03-01,2022,0,71.981848328847,71.29714247985476,100.81780938217672,66.76308225332792,1.1271514573147134,0.0096035524731681,True,-0.0408106825032249,-0.003527722484544,0.0015234296051935,-0.0250575576638891,0.0134117653700513,0.0227904953277857,0.0597131253451543,-0.0249371449261065,-0.0102902886633796,0.0373971520997071,0.01579636704674,0.0217820533547052,0.041561168344548,0.0021097999192758,0.02879582081585,0.0017042352863283,-0.0907884372005316,-0.0432679704576688,-0.0482250974119284,0.0079774848860574,0.0340077679096897,0.0392744283364792,-0.045074612369428,0.0542838124780222,0.0686235235079045,0.0392646447778142,0.09480409294159,-0.0657304690938219,0.2474973171070493,0.0290914085994873,-0.0542462070797628,0.0098647939369695,-0.0096002476375172,-0.0258928343774408,-0.0780816663887769,0.0315047118570186,-0.0816198181053411,-0.0581170490997379,-0.0740613801472838,0.0255527134865367,-0.0532057647502129,0.0565344537185321,0.0455225783298467,-0.0115462860812572,-0.0096871989719415,0.0513914228269347,0.1025509476744952,0.0317464976033197,-0.173535193356464,-0.154282736228895,-0.0315407929872675,-0.0912416671921075,-0.0030850420449857,0.0611876221395342,0.1262159752002152,0.0488288124976479,0.0414454223262235,-0.1142179056835643,-0.0172257469323142,-0.1013361038211907,0.0719564345185526,-0.0101226213844334,-0.1091371706081263,0.0154805058101126,-0.0411446834958835,0.223094720163961,0.1269020238741709,0.0283097716610138,0.1077233664516852,-0.0182801687340695,0.0136455183036923,0.1223316821756679,-0.2439272018551753,0.2252968819459495,0.1856952749478955,0.0959772732857593,-0.0717899821220167,0.0873338788082147,-0.094317058109511,0.0357601724151472,0.067207871619471,-0.1008372083124138,-0.20429272097021,0.0599552514197112,0.0163453488388933,0.1344589693807103,-0.0260455402598029,-0.02347318555062,0.0051233737254978,0.2108995767197086,-0.3404527632842542,-0.0253426634750007,-0.0830193987853354,-0.0049252362417231,0.066747770499725,0.0313897728969994,-0.0481263730685173,0.0396770679866906,0.3349201490592541,0.3696685632963012,0.1865029735909129,0.1181356971016651,0.0359598170960073,0.0434221952510605,-0.0751545270360471,0.145240527242805,0.7358683273880802,-0.0349023204619333,0.2257099439311831,0.1329794029513493,0.0260479937114062,-0.1399924235524152,0.1295912290540224,-0.0730765656071091,-0.1955498598519075,stop,1423,51,66.76308225332792,-0.0725011401718568,0.1055594268881414,0.0943122822799569,-1.0,1.4559691976970743,1.3008386082811805,5.525436594791548,1313,0.6921913194990437,7,0.1803453990626048,0.0093120347017696,-0.2569138276721917,0.0175438596491228,-1.6730405615019153,-0.9808492420028716,0.3712286121412289,0.2023275539252386,71.29714247985476,66.76308225332792,100.81780938217672,2.0297228012516517,-0.1257019755764359,-0.0876335480606078,0.0283609280103423,-0.1441277826895021,0.443182507824486,0.0001318114394837,0.0,-0.0442977118354123,2022-03-01,55.0,8,-0.0211421814757002,-0.0370164442806438,False,False,False,0.4285714285714285,1.0,0.1428571428571428,-0.0196611763519047,-0.5268179236540641
ORCL,Falling Wedge,bullish,1,0.6932980919671907,3,22,1506,1507,2022-09-12,2022,1,72.21634330035981,71.81669208592234,77.72238086130301,69.21588731819651,1.3429897196164666,0.0055648791782183,True,-0.0919014127672519,-0.0628247618980029,0.0225377561777455,0.0463633136073033,0.012836618575226,0.0448374858421953,-0.0376202780785362,0.0187450025222288,-0.0349122503735275,0.0471651975740463,0.0121055257769857,0.0220198367510371,-0.022931004619681,0.0042000459678552,-0.0556422178217467,-0.029291902454835,0.0130923030714167,-0.0821819164880476,0.0136307536822823,0.0439920375429896,-0.0066825161083661,0.0482249237660321,-0.0959258485128821,-0.1657901142497155,-0.0761415338242307,-0.0670820729814879,-0.0391209801496269,-0.0078675368960716,0.0067245058395675,0.0495311442922585,0.0234870737105414,0.2266806747973628,0.0290938854910807,0.0331019648795329,-0.0816198181053411,-0.0341804163102079,-0.0514002097204031,0.046698183850959,-0.0374235975308141,0.1035930378947469,-0.0343181519542894,0.0448737462103909,0.0112611179661887,0.0085735536858126,0.1419721526236992,-0.1844190271294105,-0.1773599764707188,-0.0769915322280024,0.1199035792338223,-0.1374714374078768,0.0160156500588297,-0.0258896646265595,0.0256339331664388,-0.0939299698382878,-0.0327805017847095,-0.1161820837266582,0.0055522264049667,0.0510631232951646,-0.0175331006728848,0.0827147557627423,-0.0699480830177714,-0.1091371706081263,0.0563381339538897,0.0285528787832041,-0.0255267535141311,0.115650183781137,0.0818541369264582,0.051436270759825,-0.1776757818171925,0.0141266576633545,0.064693190762763,0.0519929151917017,-0.0404460610594689,0.1105846411143842,-0.3077432372412166,0.0637210760736308,0.0771012212175572,0.0270734637501182,0.1231303238901664,-0.0649123396695596,-0.0215497921124834,-0.0215355412447536,-0.0420066941876321,0.028943939203992,0.0073488166716473,0.0483537288097499,0.5055906625618469,-0.0041369649530578,0.0829809649063535,0.1898577481297643,-0.1799272663518046,-0.0175944225716922,0.0428037309475444,0.0586865183821336,0.1024113126232053,0.1002355022734489,0.1563219201445933,-0.1112671150980166,-0.1551435778763072,-0.0335673406431442,-0.081301648443931,-0.0673233653456902,0.0349010226951365,0.0065674641707904,0.5388987724796077,0.0424914429942835,0.1276661841449264,-0.1156524717324245,0.1730735306100936,0.6804907139151144,0.0965989440734185,0.0948330986413052,0.0803118325830583,0.015220020530849,-0.0414845811894714,stop,1508,2,69.21588731819651,-0.0415481571766089,0.0440442573106174,0.0564029303818593,-1.0,1.0600772766743476,1.35753145782392,1.8350669343842176,1483,0.5012618019673432,5,0.0569412796742822,0.0903281484185796,0.1811267705257202,0.0,-0.926064043753325,-0.4248022417859787,0.8136049974742098,0.0795364365385821,71.81669208592234,69.21588731819651,77.72238086130301,1.3055143294626532,-0.0132369816757281,0.0275128426532531,0.0178385977380121,-0.0011870203695819,0.7297340023369345,0.0094847950341745,0.0,-0.037766282177039,2022-09-12,55.0,8,0.087412151934171,0.034334169620394,False,False,False,0.1428571428571428,1.0,0.1428571428571428,-0.0240954345645339,-0.1739576643712887
ORCL,Falling Wedge,bullish,1,0.7749192461671411,5,47,1744,1745,2023-08-23,2023,0,115.5285364590404,112.37687862876528,122.42144054440786,106.58892791378584,2.5237056254832035,0.0280454295290275,True,0.0120320945328471,-0.0021801346017227,0.0454180266159673,-0.0408207631352749,0.1032476221717997,-0.0168328642802635,-0.0256691405300253,0.011669075790148,-0.012556797637903,0.0420510209726006,0.006286122673484,0.0183680065725493,0.0793411280037346,0.020000057560773,0.0139148150844603,0.0191634159850409,-0.0357332007764715,0.0104748134262624,-0.0364379723187444,0.0156130830833236,0.0183311278579108,0.0373971520997071,-0.0016291419281068,0.0452039704716311,0.0448440990765393,0.0291838695379635,-0.0755971706014337,-0.0642483460167431,0.0190024923552372,0.022732913014273,-0.0642483460167431,-0.0483535632536924,0.0296904360434333,0.0434232182028426,0.005385953306946,0.0416925476151068,-0.0476301889479481,0.0049721956661326,0.0868474251101323,-0.0224945762342394,-0.0060716445727611,0.0958096782735673,-0.0210851162679005,-0.0847616804527467,0.012556032855115,0.047363663990804,-0.0856450061952195,-0.0591584593627758,-0.1247003986833409,0.0339030333417078,-0.0340762564125041,-0.0086628458226111,-0.0072303998828567,0.09596635111189,-0.0739483994647262,-0.1936887804194531,-0.036368311038035,0.0195335836966277,0.0688933181978697,0.0103831075418918,0.2009225859376271,0.0789093276459049,0.0631180419130534,0.1146314689834535,0.1098002394767914,-0.0087197914957006,0.2109853898987761,0.0018383777127761,-0.1117194883071766,-0.0914400647099926,-0.053760321595082,-0.0523598412403369,0.0209412726889486,-0.0229367216625714,0.0935257441071915,-0.3543844093670653,0.35725153334712,-0.0505550480688757,0.1401100545930349,-0.0251892784277989,0.0796748470253807,0.0587179513657787,0.0907739633943898,0.1405268644125858,-0.0893900440611865,0.0307607045798863,0.0753544308470506,-0.0035296126398924,-0.1547019117594947,-0.0268336759974195,0.1163970041912902,-0.1126477560763934,-0.0383555007538293,-0.0543850491247041,0.6804907139151144,0.0214120954957133,0.070957702054238,0.0970765546893235,-0.1746762232107761,0.0586666028578402,0.0822002348673065,-0.076951880369019,0.0064550398996963,0.0648601549877339,0.1179236146283373,0.0208560548059739,0.1174261498905833,0.1222346125173927,0.0985085141989945,0.0824687278334446,0.0253559053925911,0.1035683925357771,-0.0241391241271037,0.0527474963183844,-0.1157275677129066,target,1756,12,122.42144054440786,0.0596640821102349,0.0646724068126981,0.0607452926514738,0.771052116037727,0.835775802769443,0.7850248387583117,0.771052116037727,1697,0.4444956815979003,5,0.0482550812002284,0.3118068188703693,-0.3664409072653096,0.0,-0.7424930225486167,-0.2979973409507157,0.9625397088132974,0.0969429451209845,112.37687862876528,106.58892791378584,122.42144054440786,2.8076784092198017,0.229477571801941,0.0060363362337305,0.0246823772241662,0.3756805281816748,0.6870501491117329,0.0048051014356116,1.0,-0.0273978823399492,2023-08-23,54.0,11,0.1508370195878563,0.1285183374022578,False,False,False,0.0,1.0,0.1,-0.0127350107503901,-0.5420135565195955
OKE,Falling Wedge,bullish,1,0.6658781235929581,5,64,2126,2127,2025-03-04,2025,2,85.614230300054,91.10761072884452,108.8750692527226,85.51160298929332,1.528444154575022,-0.0602955163113647,True,0.0006482665310216,0.0366642299826196,0.019267427321614,-0.0390740459534409,0.003432981044565,-0.0397019557451614,-0.0108547632253058,-0.1645191356418754,-0.0259036554876233,-0.0497598639358111,-0.0045369246308294,-0.0219494849524497,-0.0153978320419573,0.0259204010806233,-0.57190148032095,0.0144883105496302,0.0064110233817804,0.0451871141185482,-0.0372109734953803,0.0232715790270179,-0.0273141467957167,-0.0229135650913772,0.0453012160707266,0.0588807241622044,0.0860530037796855,0.0091920905870783,0.0067366640181509,-0.0495969435077419,-0.0116738512902975,-0.0384033928667052,0.0198734265170075,0.0825567012817209,0.0395192309480338,0.0074766459608686,-0.0027383584722046,0.0885172061992505,-0.0085325198744344,-0.0279425345944543,-0.0184580886574682,0.046669643754533,0.0065524548127542,-0.0366610566531131,-0.0990532009266313,0.0721800035896618,0.0445156825597254,0.0523442339929177,0.0749783878576426,0.0993112112350288,0.036856725006872,-0.0196078699283434,-0.137456398262539,0.0278615067001104,0.0966499871702197,-0.0379897371553563,0.0402233826104008,0.0480726273007297,0.0207945983832489,-0.7023488650611056,0.1048796459890371,0.0396898752541865,0.0743443151834759,-0.1283515322649576,-0.0696242480880198,-0.0426850031041537,0.1754701198125328,-0.0300040201846522,-0.0756788578965381,0.033171963537443,0.1022649771075131,-0.1123595747097938,-0.0768433176640236,0.0370032424926678,0.161362880375868,0.1912118928531807,-0.017760172853739,0.0298534430572166,-0.1175675663632354,0.0418491190523728,-0.1757615269113208,-0.0113588139357129,0.0250971120036422,0.4223333521478378,0.0750260761291548,0.1876609470110004,-0.0464707196737145,0.0707188551217787,0.161362880375868,0.1027572290461273,0.0500561827767627,0.0519228210604314,0.0333375019822879,-0.1759913114972175,-0.1173669584893709,-0.1436115928015401,0.2155487081954963,0.1562430130359371,0.0984252697251031,-0.0801127365417289,0.0125184723005817,0.1369468870893848,-0.1764844695667367,0.1384196058924722,-0.2434143885301312,-0.009621664992962,0.1483740730782727,0.0058507974537125,0.0088273641465594,-0.0362927005236665,0.0276174788434062,0.1005293002572569,0.0353014917053593,0.225395483066763,0.0332092380378519,0.069675315905892,-0.1607147854183122,stop,2127,1,85.51160298929332,-0.0011987179047338,0.0101556014066572,0.0232281109895595,,,,,2060,0.6598408375158349,6,0.1648078206435977,0.3406465854445943,0.3737016700983757,0.0161290322580645,-0.931184236186495,-0.2713433986706591,0.4444771311644189,0.1697749657838181,91.10761072884452,85.51160298929332,108.8750692527226,2.8059329483027824,0.0196383487969864,-0.0601070707829966,0.0323443315602405,0.0623793339796261,0.3685899081783634,-0.0165358421625146,1.0,-0.0349801023302793,2025-03-04,8.0,6,0.302969454544653,0.1541755332836629,False,False,False,0.0,0.0,0.0,-0.0194723002103415,-0.3871583108565696
PCAR,Falling Wedge,bullish,1,0.7672042917185212,3,24,741,742,2019-08-28,2019,0,33.59095993222318,32.934072301536645,37.39285230429718,32.1297771355238,1.4838673985603903,0.019945533144891,True,0.0532817462040418,0.0323713556928766,-0.0176793277094786,-0.0191504110375388,-0.0331516209234574,-0.0049385102995493,-0.0293873623012183,-0.0392980198749199,0.0069634937451965,0.0200979946390011,0.0237750140292407,-0.0187003232205802,0.0195272571976741,-0.0008924203843977,-0.0032090078092011,-0.0146759450566645,-0.0137284477569608,0.0156429912281899,0.0193826850199587,-0.014917895497862,-0.0079196592260311,0.0340649128332795,0.0571914763243077,0.0994591596917775,0.0666540468270888,0.0081049641262256,0.1117942720141387,0.0130050515479636,0.0192047193472166,-0.0094098910946146,0.0250160955655411,0.0613170540046359,-0.031151948113647,-0.0816550900639706,-0.0173427807119602,0.0026612919560857,0.0081589277324829,0.0844575592549972,0.0333087698117249,-0.0348903423379447,-0.0494719628447722,0.0111277025332383,-0.0163655898618265,-0.0129401767640541,0.0607735472295412,0.0901740510252274,0.0619301525267499,0.03912897608824,-0.0458588685728991,0.0001465887259519,0.0424757314394119,0.0263043555675812,-0.0072268826769462,-0.047726145110028,-0.0409680259585628,0.0740478039823926,-0.0875905614689386,0.0031799669747689,0.1006447958582301,0.0801885320554713,-0.1018863050731201,0.1247782390202907,0.1427584143836087,0.0461036737439475,0.0274121994308684,0.1730309200327811,0.0424087546027218,0.0208082365298651,0.03327858135238,0.1629341807674054,0.1285279421762641,-0.0635950857929983,-0.0375524331420557,0.2350826331595497,0.0915460779644647,0.0594813671542739,-0.0735193419914416,-0.0928671236933077,0.0922870281240992,-0.0787859403630085,0.0367732002218803,0.0880393428808921,0.1657352721192238,0.1470098720899466,0.0114764419651234,0.0421200165478583,0.1235111034775933,0.1225010743174894,0.2289123247340236,-0.0046765543282746,0.1901489593041929,0.0987527690299291,0.2372346149178434,0.1687344437690303,-0.1067505496590242,0.0076532510492912,0.0979360779611626,-0.0143724243994197,-0.0454881478665015,0.0323696553419265,0.1800202366837526,-0.0299118794302497,0.1803150415009979,0.07120784152315,0.2080126107559035,-0.0090845376068048,0.0756877368030208,0.1723816172745043,0.1972638813452287,-0.0504091465318614,0.0397130330056205,0.0698849096589155,0.025814995591505,0.108684022263777,0.1766882036545987,target,750,9,37.39285230429718,0.1131820102713681,0.1186098369316819,0.0186876308346097,2.6019279590903936,2.72670762955839,0.4296077533978153,2.6019279590903936,717,0.6969224759381678,6,0.0274142632247605,0.0051892852127291,-0.155301459611876,0.0,-0.9872103386672576,-0.2902878627290878,0.2555198464823671,0.1068181611877924,32.934072301536645,32.1297771355238,37.39285230429718,0.8388138916552356,-0.0211421131473218,-0.0641668443847033,0.0253075605149246,-0.0486119825251465,0.7719311747935321,-0.0044145578953381,1.0,-0.0287127932019778,2019-08-28,21.0,16,-0.049712902843384,-0.0222552082165753,False,False,False,0.4,6.0,0.4,-0.0166301912361617,-0.6165105296487456
PCAR,Falling Wedge,bullish,1,0.730519586383429,3,25,1071,1072,2020-12-17,2020,2,47.35050556496451,46.70105845314896,52.04946496770839,45.810329490631005,1.256293646552445,0.0139064752133419,True,-0.0018546345136389,0.00345572343623,0.0001587930491502,-0.0046516193573739,0.0222123957467303,-0.0254016423405649,0.0071062847379201,-0.0364844283883587,-0.0524367897515791,0.0198923735113631,0.0033432585040467,-0.0018714553251721,0.0122580008780635,-0.0203543697893512,0.0452125974481794,0.0207916252022808,0.027169293642995,0.0157776851422757,-0.0238969605504633,0.0070087413924939,0.069348655211118,-0.0272082410344052,-0.0047533444101064,-0.0179669864290049,-0.0120904170274939,-0.0103920334602952,-0.0264701600941253,0.0946800594465371,-0.0115687569389074,-0.0665496831645766,0.0417805095327883,0.1129184592037548,-0.117153918180817,0.0250160955655411,0.0553139946739935,0.0194423081645789,-0.0107165183086425,-0.0251668714044788,0.0073676312838899,0.0574662575811948,0.0099421928045537,0.0328544279521834,0.0177544422119668,0.0288862798693962,0.0885784775896645,-0.0341661461454149,0.0340790272388598,0.0133765272050196,0.0799490168815586,-0.0091149833617891,-0.0398089709471324,0.0486549839528931,0.0546719085410074,0.028151545750338,-0.0148432213724758,0.1155593508212677,0.0962625369039495,-0.0639737945448278,-0.0098326624701616,0.0548455492034778,0.0709583218301308,0.0030508670387876,-0.0746594723373568,0.1193776072239363,-0.0929297755205454,0.0115147383586029,-0.025350304764304,0.036015928785386,0.0146540687402226,0.1170661349679724,0.0593256450636849,0.1227199077517664,0.0929931232951377,-0.0437158556429481,0.1272868273321725,0.041802555780215,0.0485648929213438,-0.0324725816005537,-0.0561405511745776,0.1509376384543148,0.0594813671542739,0.0923050122121562,0.0688923317670557,-0.1404687695316753,0.0082251983720669,-0.0455585961214783,0.0709334196692559,0.0138201747837398,-0.096531376138586,0.0964901618007449,-0.0299731071467832,0.0895865462710903,0.1184618883889423,0.0475935498723223,0.2501583951576327,-0.129920490201557,0.1417317995993223,-0.0933156314956613,-0.0548109150554789,0.2174734011880563,0.0326858497853241,0.3175036541995666,0.256513178942213,0.0274256331845816,-0.1659325316990246,0.2204134435191156,-0.0548888407574813,0.1382908923903851,-0.0157423053679002,-0.1177660150266887,-0.0589870627858987,0.1843843400104177,0.0865343842956147,0.3055387576170301,0.0440973915139638,target,1093,22,52.04946496770839,0.0992377873620999,0.1961284118266601,0.0255012628383509,3.050923515207387,6.0296868717849,0.7839997699376625,3.050923515207387,1044,0.6901057385215927,6,0.078876149290636,0.0369861749237716,-0.0587320269713323,0.0,-1.6205875042535272,-0.9304817657319376,0.3910911711248809,0.0642307595117013,46.70105845314896,45.810329490631005,52.04946496770839,0.8638698079757273,0.1048492161941712,-0.0231527512587297,0.0183505056509295,0.1618112063885768,0.3567245787099619,0.0033647241136449,1.0,0.0447961271505046,2020-12-17,22.0,14,0.3546971808115919,0.2501073219516057,False,False,False,0.0,2.0,0.1538461538461538,-0.0433438945629787,-0.9244446593272736
PCAR,Falling Wedge,bullish,1,0.739864690351533,8,85,1437,1438,2022-06-02,2022,3,50.544151041891936,48.381269040176434,55.13626031917032,44.50809124298618,1.353601116419615,0.0447049456251222,True,-0.005423152171082,0.0211527837119254,0.0210175365072107,0.0031208522288304,0.0192822031442374,0.0135913886587277,-0.0088738180239215,0.0384442147493158,-0.022624309169632,0.0601044780537316,0.0044249126782585,-0.0239898813327298,-0.0254337029881335,-0.0174493847444554,0.011387594123579,-0.0284010656372928,0.008885747266178,-0.0009642035289108,-0.0107208557850068,0.020995976420975,0.0255399438598626,-0.018569280142658,-0.0089115694879903,-0.0784092083906076,0.0325265879368206,0.0842441494164629,-0.0016878220770005,-0.1712503839760146,0.0303609046336303,0.0101534931452114,-0.0099698061569686,0.0130040470515484,0.0845895616219429,0.0711671509975686,0.06498233360648,0.1369841223872858,0.0603466905949618,-0.0228527456453713,0.0518084824839935,-0.0249183165198474,0.0173019561880136,0.0029008298220578,-0.0464121787814433,-0.0117351214929605,0.0880284365835679,-0.0997614975847635,-0.0634957519600109,0.008068623178292,-0.0183697291627827,-0.0200551486317155,0.0026724090009346,0.0040400127822874,-0.0561609268826177,0.0075445728200902,0.0863435270652221,0.0985486933722685,-0.0771643078565968,0.0619868494400404,-0.0177315078018854,-0.2844436376206313,0.0206256838820753,0.0301811917584502,-0.0381848166031477,0.1160755695888373,-0.0012529932359717,-0.0402492481135818,0.002702347664405,0.015452167697384,-0.0581237874181641,0.0262118571861202,0.0258615758177975,0.1274183545126797,-0.1507305699564523,0.2553057607881981,0.2041046866213141,-0.0950783013034096,-0.0598576615639481,0.0124023262280363,0.1382718049441889,-0.0530346666857768,0.1350316376493334,0.112931760344541,0.1554927184990084,0.1762383096428899,-0.0328677166039823,0.0732908092475219,-0.0055505558644134,0.0418778602157072,0.0205580821948172,0.0835325281228693,-0.0482217053179181,-0.0283439158996399,0.0078161715853708,0.0272895114906498,0.0368786691614773,0.1219749294722107,-0.0261924346167623,-0.0671142356288537,0.0336472551316726,-0.0204200142274043,-0.0168196707949548,0.0825733396257162,-0.0222413551739885,-0.0871686956975853,-0.0850874776844794,0.28593867502955,0.0163896825900256,0.1738912430691606,0.0863701625487787,-0.0013338825627304,0.1993174736819076,0.0600707578325652,-0.1726088286536621,-0.0449235146310238,-0.0198409323382101,stop,1465,28,44.50809124298618,-0.1194215289896343,0.0154783791551887,0.1300418962328851,-1.0,0.1296112961050121,1.088931764088975,0.7607792881891035,1349,0.3780645515987059,6,0.058637722596834,0.2066594438137978,-0.0228669661740364,0.0,-0.9820917863959704,-0.6040272347972665,1.489459714242781,0.1216719945804096,48.381269040176434,44.50809124298618,55.13626031917032,1.4162189781208032,0.0377318508419817,0.0492674211406727,0.0278808475041625,0.1058913997055321,0.6614572157451769,0.0055339538796483,0.0,-0.0271991663534262,2022-06-02,3.0,13,-0.0243948101210746,-0.0355289091466403,False,False,True,0.4166666666666667,2.0,0.1666666666666666,0.0339459583726161,0.602337728409402
PCAR,Falling Wedge,bullish,1,0.7574817670193036,3,40,1521,1522,2022-10-03,2022,0,50.21708593298416,48.890042142238144,55.708724629379816,46.64692293879023,0.975106388896615,0.027143437244034,True,0.0029671760404852,0.0362112425038698,0.0087692735304731,0.0024864519047911,-0.0490778019615216,0.0329504830464362,0.008436280021794,0.0163354255788532,-0.0170506695371424,-0.0243513389213151,-0.0084066940995201,0.0155619136529974,0.018452849866156,0.0215017807678628,-0.0231743296776137,-0.0686155480657151,0.0034437201436789,0.0276626693226789,-0.0821393499667375,-0.0410866763287162,-0.0134471548083883,0.0076495400781115,0.011172134813127,0.0140378085886934,0.0290219697895652,-0.014214101472338,0.013633746329853,-0.0272109211050192,0.0294013164215851,-0.0013475706364725,0.04218076373825,0.0001003528864318,-0.0259450741414057,0.0323455902816309,0.0944095724395173,0.0658439395203398,-0.0103620935324457,0.0166097568133187,0.0676704498292288,-0.0554981110763551,0.0142823157922171,0.0551497404514633,-0.0110554120076384,0.0488996842707183,0.0618008510986793,-0.0057969312063845,0.1051127998078942,0.0680293902370208,0.150702310443423,0.0936818362914011,-0.052444954707111,0.0966499382983769,0.0118681890150489,-0.0120745952218682,0.0801559517801229,0.0418273387674155,-0.0234360018781102,-0.0471813807115225,0.0424087546027218,-0.002283879896315,0.0203986191150729,-0.106288212326662,0.026961933360855,-0.0471813807115225,0.0339709215319321,0.0234751318849018,0.0333924962474587,-0.0747654851565247,0.0906209232714395,0.1942169016630903,0.1329120508408936,0.0868893129799204,-0.0154019991184186,0.0760830414636313,0.2313489396669548,0.0068664299572152,-0.0327533006350803,0.0456546454064785,0.0831710256151465,-0.0730047236813766,0.0226687735484125,-0.0282488433296662,0.1466316618919061,-0.0200361014390688,0.0980878812837371,0.154481457469215,-0.1141749377223103,0.0346331792841909,-0.0308403924529253,0.1360988867742005,-0.0270013351687999,0.1551592215734222,0.1686751782321078,0.1525917144027038,-0.0749823454005552,-0.0613215007656433,0.0123038498806999,-0.2962882822327293,-0.1454339156573801,0.2072210744346787,-0.019827512473035,-0.1281624022255105,-0.0064113325326635,0.0375779994736689,-0.065925969657814,0.1550354523382613,0.0350956329257703,-0.0337655780063924,-0.126443871721041,-0.0964720917542778,-0.0353758788408802,0.1312441217759121,-0.1434812058824821,-0.121174634571499,0.2075045977767535,target,1542,21,55.708724629379816,0.1093579723786515,0.1133301339870417,0.0127825864772979,1.5382039154309102,1.5940754207802807,0.1797969013236042,1.5382039154309102,1481,0.4517976419254484,7,0.0397582095701825,0.0828186884090951,0.151161083493174,0.0,-1.3624552654183055,-0.9106576234928552,0.9920422695532864,0.0865527270786254,48.890042142238144,46.64692293879023,55.708724629379816,1.1892334635495725,-0.0071706178195568,-0.0253706318571113,0.0239940312526737,0.022533166846548,0.8069486298040822,0.013382921002621,0.0,-0.0615033523532709,2022-10-03,3.0,13,-0.0910622602149556,-0.0508165591915912,True,False,False,0.8333333333333334,0.0,0.0,0.0232670221429339,0.2547845531641369
PCAR,Falling Wedge,bullish,1,0.6751789866326521,8,73,1969,1970,2024-07-17,2024,2,102.2087645430663,96.30904541864857,116.239610411238,93.23557693921056,0.6864960194917415,0.0612582037208662,True,-0.0962258238739278,-0.0652865534295334,0.0337255122694186,0.0214325795715786,-0.0362629875556376,0.0106020552536161,-0.0148699214453424,0.0062683674170647,0.0613779714917994,0.0013747805139556,-0.007656128973535,0.0100195946767303,0.0108750747860877,0.0307587792678698,0.0306205241534434,-0.0070518119061188,-0.0229841748048716,-0.021300491656033,0.0436305350044521,-0.0333131686786688,-0.0289603314191629,0.0520698876628742,-0.1032436561554038,-0.0984189747423956,-0.0846323878471227,-0.0116597733563688,-0.0360205672513281,0.0251727444857539,-0.0186840930147649,-0.0380081024122951,0.0235808174355818,-0.0428048231525775,0.0055450199623021,0.0035037916344082,0.0740000161456846,-0.0615697296530005,-0.0836385799135096,-0.0432943393959769,-0.0074496623512499,0.0046609547812521,0.0369646270321817,-0.0549330664868673,0.0378615078143036,-0.134368824440203,0.0092030163545537,-0.0828220214532897,-0.1438361799961812,-0.1174088188762623,0.0512300006044763,0.1545445860405709,0.0539626577541743,0.0225274728063882,0.0378012101580917,0.0545601899691399,0.0989617052834785,-0.0083382467924606,-0.1377189860199994,-0.0376428748587608,-0.0415114866562202,0.1568155584905963,0.0633983760257175,0.0152556658444529,0.0315447878939267,0.0126753348075083,0.0810346785341249,0.0461036737439475,0.0500566719292681,0.153117358473503,-0.1867550966977774,-0.1284346341437262,-0.1294732917046531,0.004295416158448,-0.0522354749859165,-0.0220262709502393,0.0757524580232065,0.0709334196692559,0.0826912824871568,0.1463074297958508,-0.0268049680358486,-0.0136746425083211,0.1250959162927041,0.0297986758440402,0.0949422442595093,0.0553116882643158,0.0174910072911573,0.2160101579337821,-0.1059546063951246,0.0158252129518254,-0.0144907078901007,-0.0360776191230969,0.2591492095434291,-0.1745516255750279,-0.0500514176259713,-0.0847638286769395,0.033192767970384,0.0454567582390417,0.2516140785223923,-0.1868440562323006,0.1049273046023064,0.3048582282001986,0.0248342332155937,0.209144020723037,0.0772099947512974,0.0154131618581137,0.003486204858824,-0.019827512473035,-0.057434751036224,-0.0951643920264162,-0.071356432799593,0.0114700552471826,-0.1250607155719092,0.2750889581629099,0.0143621177077872,0.0195871851651012,-0.0917992780802059,stop,1973,4,93.23557693921056,-0.0877927411017167,0.0345426187403391,0.127113041406243,-1.0,0.3934564328082433,1.4478764395677053,1.5636412039510577,1894,0.7445682740316886,6,0.1238837859953223,0.2951911209733469,0.0452276621163059,0.0,-1.1234115492487855,-0.3788432752170944,0.2326716718781638,0.1411125706527263,96.30904541864857,93.23557693921056,116.239610411238,2.132878567171211,0.0784043387603274,0.0307434260845642,0.0209099000960199,0.1674568162506435,0.4932112169407029,0.0010102592072407,1.0,0.0212700554625431,2024-07-17,45.0,10,0.2893916913496017,0.1569126496531645,False,False,False,0.0,1.0,0.1111111111111111,-0.0051481611448344,-0.1562007175381581
PLTR,Falling Wedge,bullish,1,0.7326215451303059,3,37,213,214,2021-08-05,2021,2,22.63999938964844,21.50793859147533,30.01412350369481,20.75315074969125,0.6605811374179027,0.0526345559970029,True,0.0993816281209245,0.0925730328882554,0.0333333015441894,-0.1424219245438071,-0.016513702550545,0.0926210197490506,0.0024834216192599,-0.0675381462788141,0.0188273468852555,-0.0442989082853287,-0.0996422969501428,-0.0905669238032536,-0.0034722312247624,-0.0062577866495617,-0.0243902202638731,0.0809328059911156,-0.0550963091420242,-0.0476659067577407,-0.0035365997783493,0.1372180184930358,-0.1060780002762593,-0.0062548806837107,0.1167975242662378,0.0671378312164907,0.0722044962484906,0.014341607877474,0.0496350802165155,-0.0469798541735924,0.1650535280217047,0.2036199429755785,0.3386471745106554,-0.0066638836271083,0.1567797205188592,-0.0391503758890799,-0.256993000386138,0.3133208443149022,0.5531914179614954,0.0837950189271994,-0.0221481329300072,0.1659955725925661,0.1251962555481913,-0.0142404305618429,-0.0168257815250514,0.0144868691137476,0.0543633944039645,-0.0246334171780109,0.1709364374366042,0.1458514275798681,-0.130597073643345,0.2621794905496377,-0.0097344183258911,0.2141637558037223,0.1317908140821462,-0.0720438561718781,-0.0140098548813754,-0.2014799647609372,-0.0978805719017492,0.2444952513183995,-0.1384847058012873,-0.0720092811012202,-0.0604202083287455,-0.026020385697947,0.1858076343632275,-0.1945350884466792,0.5257037987987672,-0.3169907036504203,-0.1239861132644603,-0.0309380185287611,0.167185912416044,0.0746466687110565,0.0892787278188461,0.0923737878809816,-0.1524807485477812,0.171946242159318,0.45276082291683,0.246784626370859,0.0303030322067998,0.3085106619076796,0.5609316013658348,0.2446904229981674,-0.0980035492756535,-0.3029125831247543,0.2000000386298455,0.1216537175020633,-0.0021082033686753,0.2166666769687038,-0.0934741095480139,0.0564268059801131,0.0779874088596226,-0.0198718212843719,-0.1038169215018794,-0.0257717267437279,0.1431095343845092,0.1009893444735001,-0.0090673182288365,0.2753293686017486,0.6139637650259191,0.0333333015441894,1.463768207512163,-0.0945525382505027,0.079065963226691,0.0033655835997228,0.0779304905720521,1.463768207512163,-0.1411697183921556,0.6471753776994704,-0.2265343182459417,-0.1522665965229762,0.4507336654385794,-0.1232091622686374,0.1616779156894343,0.307844433276683,0.2865381306466377,0.0116429692581911,-0.1133573520002205,time,273,60,25.8799991607666,0.1431095343845092,0.2937279905104346,0.0375441032259805,1.717148743415726,3.5243958551067363,0.4504857761883765,3.9081693983751022,174,0.8654545806268374,7,0.1355376244742223,0.1083562272084763,-0.4997734803317006,0.027027027027027,-1.2116932416386508,-0.3462386610118129,0.1242334314855221,0.2829473662557052,21.50793859147533,20.75315074969125,30.01412350369481,0.7900718961443215,-0.0441060802174922,-0.0481825688311614,0.0350831207852816,-0.2973478629065613,0.6666666666666666,-0.0035874406476708,1.0,0.0251553531580204,2021-08-05,,0,,,False,False,False,,,,,
PLTR,Falling Wedge,bullish,1,0.622889971162233,3,41,555,556,2022-12-13,2022,0,7.5,7.42190331922918,9.723973401003423,6.711779400411679,1.491315517948826,0.0105224599960067,True,-0.1586666742960611,-0.1105539409317887,0.0203403184587527,-0.1306954595498016,-0.0558841255938019,-0.086699427964513,0.028928552355085,0.0002824711928084,0.0288858375100311,0.1372180184930358,-0.296730946285781,0.0551409567757015,0.0408533631628913,-0.0672810653775842,-0.0197408241346802,0.1612424932460723,0.0143295172045962,0.0911006638871056,0.0025906711748779,0.0976040046141961,-0.1481481577672302,0.3878903027288976,-0.1717280325025941,-0.190666643778483,-0.1328482787241647,-0.0293933283353402,0.5758132985631541,0.0016694873562523,0.1259652845967693,0.011978456972989,-0.0067537504185253,-0.0880579037916319,-0.1192511317010807,0.1502347023707984,-0.0083594489296925,0.0982905862923577,0.112545498934659,-0.0984313815247779,-0.078756088243684,-0.046799094207277,0.4945122438410376,0.4638154646060417,0.0218068783867324,0.0195227056711864,-0.0365018673886452,-0.2688591744310492,-0.0653333028157552,-0.0582937272254282,0.2377049686510832,0.1603273880748195,0.1107573755368356,-0.1054877794193124,0.1502856800696428,-0.1772371782177807,-0.0850979228798691,0.1300332655133607,0.1743231273389474,-0.0041974481237017,-0.1848888821072049,0.1062098906879653,0.097409627523767,-0.1376007217504772,0.1455142093815882,-0.0292887079375762,-0.1470249533925984,0.5435849880477577,0.1766402184196109,0.1085481958150906,-0.1288590698773526,0.0013333638509114,-0.0193427699695563,-0.0378745085396707,0.2174524412820846,0.8410417206029672,0.6409977956884199,0.1036270322945385,0.3492063526389315,0.1618758243336151,0.0604118842919412,0.1685169160399768,-0.3321396609495726,0.2327334559811704,0.1381254472238702,-0.0616666475931803,-0.0239043973048176,0.5708767319112396,0.2140302059461807,0.8110192629605393,-0.2334905246603547,-0.3536656333796094,0.0987653332573532,-0.1769635877503697,0.0493333180745443,0.0853893561921648,0.4211981137465335,1.1921568952553332,-0.0829076835794899,-0.1315687539259952,-0.0731047069334071,-0.1610576401389307,-0.1794538496973324,0.3668515242850321,-0.1610576401389307,0.8639869228721542,0.2587939556408205,0.0820413756666171,1.1207133222285002,0.3590262483897002,0.0820413756666171,0.1307855636300434,0.0779304905720521,0.3435281867280824,0.2301905732022497,-0.3781132248212706,-0.1687657343578746,stop,559,4,6.711779400411679,-0.1050960799451095,0.0133333206176757,0.1573333104451497,-1.0,0.1268679157646948,1.497042615931281,2.821511391817189,514,0.6094089694062275,7,0.1047873860805495,-0.0703703882490375,-0.1588878051833577,0.054054054054054,-0.8708728934158294,-0.2614639240096029,0.4408202448075632,0.3082388838663042,7.42190331922918,6.711779400411679,9.723973401003423,0.3487143175942557,-0.1953005557366516,-0.0418763901196903,0.0464952423459007,-0.0409207371658397,0.0208338093426303,0.06035666111425,1.0,0.0173365262825535,2022-12-13,,0,,,False,False,False,,,,,
PLTR,Falling Wedge,bullish,1,0.6713149995675638,5,51,844,845,2024-02-08,2024,2,25.040000915527344,17.07961143670346,21.388668412113063,15.649448984223536,8.759267361940353,0.4660755608126599,True,0.0147763146308563,0.0084215927334219,-0.0329436207193603,0.1226449845678796,0.0400000179515165,0.0050125094206494,0.0868726449835857,0.0926210197490506,0.3306559383622527,0.041852854683134,0.1594228187664081,-0.0261568698373622,0.1166500605625993,0.0854062767108865,-0.0574760955835069,0.2369231199606871,0.0015908124904571,-0.0562200729058948,0.0303499179924873,-0.1496285629197667,0.0985849093100741,0.0769127967373637,-0.0453774583833006,-0.082667792591383,-0.100729718134743,-0.0223438105015674,-0.0411356164855698,0.6348661766469306,0.0595238478185551,0.0453836226932742,-0.009412419950499,-0.1200596130895879,0.1371341101248475,0.2164179253190468,0.1103638818195351,0.0074468778020524,0.3917996171616631,-0.0258580692323601,0.0117742966061196,0.0455828607920227,0.1404133661752284,0.0009174522231023,0.1525037351037235,-0.1112337488866288,-0.1540880789210484,-0.156167613252325,0.0399361007762542,0.0141162826219054,0.0360735130374598,0.4848178042884647,0.400609746807604,0.0610583669663069,-0.1303601922703414,0.2001821606250986,0.0235319317046598,-0.152327689078066,0.0187499523162841,0.1145984469252083,0.1188191171736749,-0.09609479798509,-0.0292887079375762,0.0539577216208957,-0.029692542691841,-0.0068410492428286,0.1487039787084725,0.1215384850135217,0.1153845719765915,-0.0035377045507811,-0.0325580548941317,-0.081469682146151,-0.1245528391120053,-0.3267635331970159,-0.1057791189800781,0.4389189642828863,0.7374362568274471,-0.0797545581538924,-0.1917372400845901,0.2919009238625716,0.2541073018339481,0.168078484461444,0.304407032526923,-0.3351351607201286,0.2868961043444695,0.71907753502179,0.0287515347433438,-0.0465483348094279,-0.1720588299229893,-0.0489605452361088,-0.0844720855980135,-0.1486105737171041,0.2982599360439966,-0.1808703868226245,0.0067890640067787,-0.0319708688567121,0.0717788938228436,-0.1411697183921556,0.0648298363729833,-0.3064516577964704,-0.092241375972369,1.0550732161064258,0.4365324579213354,-0.2784809731517856,-0.1392135480536327,-0.1718281945754701,0.4363919362750004,0.3773254473047236,0.2254725645230226,-0.1936439596049655,0.3173192652203831,-0.0142060128137614,-0.0674877634395993,0.4720180966300094,-0.1142408754661978,-0.0253955286730396,-0.0888300413050852,target,845,1,21.388668412113063,-0.1458199828239655,0.0027955148668069,0.0587061168912168,-0.3888304468284135,0.0074542684323876,0.1565404495344744,0.3888304468284135,791,0.6303370014131475,6,0.1852786732552152,0.2507895977566783,-0.3150174753430234,0.0408163265306122,-0.9365544316723996,-0.3062174302592514,0.493132195124542,0.2187031815877889,17.07961143670346,15.649448984223536,21.388668412113063,1.3255000795636858,0.5449491480451198,0.3848866118084424,0.0540799701014183,0.6072131297627437,0.683908442868874,0.0152541820840643,1.0,0.0456605876876348,2024-02-08,2.0,20,0.234028807888712,0.2291596898560808,False,True,False,0.2631578947368421,3.0,0.1578947368421052,0.4710326272152704,2.062211316817221
PLTR,Falling Wedge,bullish,1,0.7213635514394331,3,46,898,899,2024-04-26,2024,0,22.75,21.5786943402897,29.46508569487992,20.667583627379337,0.9017740987786224,0.0542806548551617,True,0.0254945021409254,0.0231418474046698,0.0397021933206593,-0.0980392747587555,0.0071536347092646,-0.041317395361374,-0.0055249071109892,0.117073152123428,-0.0253277706955051,-0.1002531413790546,0.1612424932460723,0.0659240191073053,0.0530319324051924,0.0339505848061874,0.0397021933206593,-0.0109267065308669,-0.0370370746660225,0.0825010665167731,-0.0694783822668819,0.0138297999698475,-0.0420167956588469,-0.1554532374372825,0.0240576829579349,-0.0945054777375944,-0.1155804143614911,0.061978015270862,0.0702631040967474,0.1010021507426854,-0.1012345843263515,-0.0695970359008909,0.0854584280798143,0.0269905924724336,-0.1293891510759599,-0.0433790073644122,0.1387951402779084,0.033299823432541,-0.1408365874987514,-0.1179360832010152,-0.0444205957640488,0.372155326357382,0.1885986396480983,-0.089864851172133,0.0112137254620729,-0.1237037093551068,-0.0903369312617969,-0.1014582981835983,-0.0764835064227762,-0.1144179956388795,0.0417889476692869,0.0131894070341369,-0.0682527317339376,-0.1783845964245135,0.1285971510694745,-0.3197093900624886,-0.0305310090735767,0.0569895920869818,0.0923704187084666,0.3251908476970513,0.3265306365181588,0.0425806353169102,-0.0061348760001002,-0.082577771615197,0.4301538085937502,0.1192660827751141,0.2609890165672741,-0.0616326624033402,0.1853839759872519,0.6335877024737853,-0.1719532656820007,0.0795604160853795,0.0080089378602437,1.545871648731465,0.0287515347433438,-0.1251564491421825,0.2152073692213711,0.408556495297439,-0.2718894067442791,-0.3029125831247543,-0.2448214288501551,-0.1312931795341307,0.00371588309564,-0.0447593763332677,-0.0438143397052072,0.3833059747672742,-0.1244118800406276,-0.0733945403634043,-0.2341804064292751,-0.0793433554372254,0.2833117790189801,-0.0797545581538924,0.0413437542585748,0.0218437693215952,0.1692307859986692,0.1047596083668864,0.2378684881295949,0.0367086447796796,-0.2750191244847317,2.258000183105469,-0.3079136583043834,-0.4374759517387219,0.2799796820853057,-0.2485830407831281,0.0551223514646104,0.3050132659193085,0.1597444100581955,0.7195136613363673,1.7765487264808248,0.3682332379961559,0.1108974038418155,0.4171469678756734,0.2855512261985415,0.2806956186423244,-0.4079413428081381,-0.3074557978192892,-0.0961009616001044,stop,908,10,20.667583627379337,-0.0915347856096995,0.1145054743840144,0.0989010989010989,-1.0,1.2509503750001774,1.0804755617477388,3.2246604392709264,852,0.7682304485273144,7,0.1457306918959015,0.3182608562967051,-0.4494573473951065,0.0238095238095238,-1.0653029556694984,-0.297072507142186,0.1602044016020282,0.2901621508377848,21.5786943402897,20.667583627379337,29.46508569487992,0.8869286945887982,0.1988639806562724,-0.0417754995575022,0.0393840442522297,0.4445157304264313,0.802632140320585,0.0156609934097631,1.0,-0.0283135129655153,2024-04-26,2.0,20,0.6309572410424908,0.2598735341409817,False,False,False,0.1052631578947368,1.0,0.0526315789473684,0.0474321789506824,0.1234904298816429
PANW,Falling Wedge,bullish,1,0.714051561928598,3,27,2025,2026,2024-10-04,2024,0,170.30999755859375,167.83698868424926,184.0083171896736,161.87595544372698,0.8649080260101,0.0147345879697409,True,0.0956491619895503,0.0811559490567073,-0.0289042042011929,-0.0491827285278861,-0.2725840277799651,0.0201568603515625,0.1092085948818533,0.0401307411974685,0.0466666803127382,0.0163552848924199,-0.0162194040135789,0.0150795196144863,0.042628259638481,-0.0153617691571901,-0.0264463493069747,0.0055416926605,-0.080037471504772,0.0358672207643688,-0.0187710509965046,0.0790907145262378,-0.0092140427897078,-0.0002990558379971,0.1009638887533329,0.1004344781442101,0.0771716314217199,-0.0282682104096342,0.0891853945967167,0.0440384791447565,0.074869190877548,0.0535541367308318,0.0255097587226138,0.0708965433054957,0.2577121358689413,-0.2626507174050599,0.0650625228881836,-0.0002461240532845,-0.0859087231638338,0.0557243470677992,0.056945747263319,-0.038216142921907,0.0127834594921629,0.014274507410386,0.0454680952986235,-0.0168301610585741,0.0716174235774447,0.0751583949825836,0.0646468787707961,0.0651019374656213,-0.0259814005595514,0.2130894854785949,-0.2428949058740487,-0.0054692151062454,0.0679745143808434,-0.0619022791060812,-0.1253684596011512,0.0280751488976789,0.0505590673320786,-0.0538618589231839,0.0123710991895551,0.0065186787544568,0.0816128638482862,-0.1399559843429437,0.122462228274893,-0.0872870127304532,0.0651356749999085,-0.0979904219196688,-0.0025705558752938,0.0555436625330092,0.0716438622882619,0.1454700810899243,0.0888800528517912,-0.0237797677800688,-0.1359400767017929,0.0213279695869004,-0.2799659474716275,-0.0028713708635423,0.0322368589616193,-0.1664375699158546,-0.0174790317321762,0.0781846755032982,0.2495180879879588,0.5946624031346599,0.0005813702184822,-0.029496114777305,0.1116333786249581,-0.0551512405896018,-0.2231674280332504,0.047156446485435,0.0435681896289668,0.1393975512777923,-0.133727642511469,0.1329575440382552,0.0684047285671842,0.0390812147868306,0.2935218320714172,0.0067461664717634,0.0714096336768819,0.4684891545197938,-0.0038027151209568,0.1135804016796731,0.1179514248066795,-0.0308356746696126,-0.1145117905714341,0.0858269123802228,0.0373731885904291,0.1759763286299989,0.132300200259537,0.2591800224008054,-0.0646593271809875,-0.1378163677536938,-0.1050985999057169,0.1360981965341641,-0.0893902662323742,0.1589694052535677,-0.0071606777248236,target,2029,4,184.0083171896736,0.0804316823876825,0.0856379949676724,0.0111854782843354,1.6241701718484007,1.7293020968152415,0.2258702000004143,1.6241701718484007,1998,0.4944155773922251,7,0.1029333623538706,0.0800333487188715,-0.0248745797727936,0.0,-1.0701429180885007,-0.5757273406962893,0.797857772963619,0.0767145333586735,167.83698868424926,161.87595544372698,184.0083171896736,4.351427350725446,0.0804991319411398,0.0152362137314121,0.0254201865691579,0.2726663429730502,0.9185879917184264,0.0180389281257171,1.0,0.0636195704281357,2024-10-04,4.0,17,0.0566353065480493,0.0541167243298734,False,False,False,0.1875,2.0,0.125,-0.0379033372109992,-0.5643766633386358
PSKY,Falling Wedge,bullish,1,0.7913829960542449,3,63,785,786,2019-10-30,2019,1,29.67983423323737,30.204521114121945,43.77111774539674,29.096266516125283,0.8345279351727116,-0.0173711372182379,True,0.0383536708209546,0.0285877201942528,0.0159010492851043,0.0358974559307807,0.0935782966513179,0.0684528167872324,-0.0087357911798441,-0.0159798695498003,-0.0476626529053608,0.0485048271771499,0.0091046507805434,-0.0041169111716995,0.0212573822956227,0.159354765704383,0.0220251058900917,-0.0095241817775394,-0.001764806707508,0.0353391834498133,0.034270024679287,0.0069085092117202,-0.0425689659639956,0.0133540954407056,0.0166739216195544,0.0391990654100036,0.0228573177409117,0.1617978473425829,-0.0075095226875533,-0.0380091113135181,-0.0042676942484966,-0.0033501342968699,-0.0041494399530471,0.0375352720434267,-0.0994718428307538,0.0357343248131638,0.0726055999346819,-0.00162815126332,-0.0575311632326369,-0.1043245342119811,0.0697099093057822,-0.0035085874452187,0.1920338781493382,-0.0302032942851195,-0.0028465647851098,0.0345935549752725,0.1679104438034568,0.0184430259192996,0.1393121000295578,0.1019923407029597,0.0132333689709789,-0.0169589493620219,-0.0218089339144129,0.0650974867730265,0.0549871293849579,-0.048417179870881,-0.0380655469230819,0.065879766940788,0.0244246085034243,0.301019263573633,-0.1174300110275513,0.0477018224983136,-0.0490104091837317,-0.0155861062895124,-0.0401867511804489,-0.0203286689148353,-0.0880803083194665,0.089602680408896,-0.0552800338256513,-0.034954461312035,0.1335201616830384,0.1843278356234008,0.1175227475208635,0.0652485583937005,0.1519737709536341,0.070404609014097,-0.2010307014483433,0.0248509622547965,0.5410626252428468,-0.0702185536145918,-0.1440728653608027,-0.0897060071303369,0.0473643334366777,-0.2375264900316988,-0.0163373546967682,-0.053870809823372,-0.2283296183674643,0.0654442083331365,0.3851959929733202,0.0799880052862134,0.1533613128033868,-0.0065660852616871,-0.1095142614969597,0.1629417540504115,0.0028220993355443,-0.0772989722465611,-0.2967133473330821,-0.2218345033300085,-0.3358941946788302,-0.2611368892786274,0.0306928716911212,0.2588715454178465,0.053033195244009,-0.0476983507763685,-0.0264733342016908,0.1987515788237259,0.1086377637526734,0.8467835989168078,0.0266334584731922,0.2050675874137408,-0.1037579450470241,-0.0485842968979419,-0.0338017114420654,0.8577775694092564,0.179360470143389,0.046366323657967,-0.0689819701623601,time,845,60,29.76359367370605,0.0028220993355443,0.2143898371235362,0.0133436163164079,0.1435299417918193,10.90371286918732,0.6786467255296127,24.146783824665988,721,0.8162965681506783,7,0.0235356252924168,0.0396563872387496,0.0264641016084712,0.0,-1.8601725235925917,-1.0438759554419137,0.1861546477495906,0.1644705267330188,30.204521114121945,29.096266516125283,43.77111774539674,0.8692803883183906,-0.2410742154892493,-0.1144787565068691,0.0291897998558468,-0.2887613172934647,0.5047647419991268,-0.0024867736952485,1.0,0.0558216642550057,2019-10-30,51.0,8,0.0281300461095761,0.032401230389365,False,False,False,0.1428571428571428,1.0,0.1428571428571428,-0.1143075661997571,-1.295508254024317
PSKY,Falling Wedge,bullish,1,0.8389851271871843,5,36,1242,1243,2021-08-24,2021,4,36.1084605767676,35.455672177157936,41.849130484391765,33.19602067145958,1.8144076583045528,0.018411395399527,True,0.0144395997454886,0.0068754434351192,-0.0359253599136861,0.011713957857099,0.0921511214066834,-0.0627998078974368,-0.0478154214710184,-0.1976149199875803,0.0396962712121473,0.0565655933444297,0.0210047087589919,-0.0948166844547362,-0.0145213652868975,-0.0239112192347031,-0.1154624878756683,0.0008873297722176,0.0134788532693588,1.293717331041222e-07,0.0149103768855145,0.0067854017843491,0.0076389845824864,0.0382489762665312,0.0289288778259979,0.0012234502445191,-0.0048902824325025,-0.0717700419863117,-0.0546874528069947,-0.0613780649849459,0.0347350231456751,0.0532225516495039,-0.0380168682215202,0.0569513267220362,-0.1379691737634034,-0.0662524434643007,0.0038364555529577,-0.061299470525075,0.1591877276235456,-0.0170687896197991,-0.0273720452041879,0.0375000390346549,0.0733669627647128,0.014134265153384,0.2194402275736477,-0.0656234605398563,-0.0152833915543679,-0.0005592185829485,-0.0348889368994099,-0.0150143099732276,-0.0265429030461848,0.0406842399428437,0.0085105317339404,-0.0968019854063855,0.111711679648,-0.513419294978112,-0.1861448617997797,0.145072072270707,0.081591980978098,0.0100595947563837,0.0658725141531639,-0.3829157277656831,-0.0734375874695467,0.0158598830161906,-0.084988814185404,0.3194598921108813,-0.0191234267089546,-0.0805030777661204,-0.0836903388247057,-0.0562500152795367,0.0053608453316002,-0.0430139229170484,-0.0557086213341263,0.0419699804400821,-0.1982757583629455,-0.0111860437357708,-0.109314785971788,-0.4271175451201435,-0.075272200441572,-0.2260686001479485,-0.1311885618059654,-0.1484871938168855,-0.0774249097274446,0.3835478204918787,0.3158632111446064,-0.0197749892136966,0.0642857744073084,-0.0818398947234914,-0.0038429725695507,-0.0398848114117804,0.0675059820621881,-0.0818398947234914,-0.3955878334831887,0.0146827384184315,-0.1363241177308518,-0.1842296202560409,0.1452871798119539,-0.3221366819076202,0.0443498846109871,0.0344655972195164,-0.3002865853252578,-0.6049631608891225,-0.037629015416412,-0.0786108734460594,0.1160963187581887,0.0528712240841324,-0.2656478814138543,0.0936524284645574,0.1258982589755173,-0.104697054232586,0.259790412528512,-0.09424613709039,0.1749083941106681,0.0815016119004177,0.5138942549090957,0.168310070726988,-0.1364645300498134,stop,1283,41,33.19602067145958,-0.0806581022504709,0.0320604970005695,0.0868375716080651,-1.0,0.3974863790002243,1.0766131260862657,1.9710861319959263,1202,0.6349212162950697,6,0.0657847212400411,0.1744643800839049,-0.1373046448197997,0.0,-0.9543595164763156,-0.3194383001812458,0.5312485978896575,0.1602215994500095,35.455672177157936,33.19602067145958,41.849130484391765,1.1248388334821608,-0.1096341668486138,-0.0169033055595412,0.0312741322780507,-0.3742966557752335,0.5671640941259489,0.0042154097958726,1.0,0.0204094246295605,2021-08-24,19.0,4,-0.1863091613734777,-0.0451165650732263,True,False,False,0.3333333333333333,1.0,0.3333333333333333,-0.0260477449681417,-0.2275515788869377
PSKY,Falling Wedge,bullish,1,0.6755004483280207,5,44,1798,1799,2023-11-08,2023,4,11.563113604467368,10.579708082196277,14.608064236649994,9.871115684991793,2.1534042417336736,0.0929520469403106,True,0.0821689684621942,0.0565093054189487,-0.0359999448867017,-0.0357143496875775,-0.082991327550474,-0.0439733560411087,0.0152685452165177,-0.0758404727206536,0.0885487549815855,-0.0147441533862782,-0.110633244908431,-0.0224986832632647,0.0071244158766015,0.0063605133434303,-0.0140384949160553,0.0010552162875845,0.0413355541676141,0.0480549566588308,-0.046979880980746,-0.0428849879335559,-0.0184332388264026,-0.0323473470330415,0.1006355447423005,0.1635165141973977,0.1256768258235894,-0.0019626205146394,-0.0689860001198801,0.0538611633422267,0.0714285395330558,0.0164408133239717,-0.0648649079530998,-0.0759599302072203,-0.013452050574053,-0.1219181075213067,-0.0407155650396315,-0.1374934331247987,0.0309179909419894,0.0520100914710646,0.0512820681598957,-0.0639816509085595,-0.0618834059563209,0.0353298433465023,0.0343378993371996,0.009372879833376,-0.0157004083320343,0.1791133537455108,0.2350038588267962,0.1898427926061263,-0.1250001427842466,-0.0026784574125134,0.0401805939254629,-0.0260925569794542,0.0711553595023484,0.0930077774575255,-0.0480360088666379,-0.0097327210606539,0.0383910801951505,-0.1267605421531451,0.2809406674727852,-0.2937419813223026,0.0408848688167002,0.0882048656263152,0.0084207759844234,0.0182927522100828,0.0118825830257927,0.0890137486468292,0.0584270024545536,-0.1029964486837921,0.229815698024035,0.2109153857933281,0.1240275056375559,-0.1992028218640941,0.0096878663857298,-0.0413422398869479,0.0032823553411698,-0.1871790400565767,0.0309047641165514,-0.0392841427783209,-0.0098383164552123,0.0423532194750906,-0.0287394840676126,0.1187844519083241,-0.0535204398791717,-0.1533079577143984,0.0837322867713248,-0.0934556762794502,-0.0343950151704336,-0.2613260302767767,-0.0440752741014979,-0.126406985374534,-0.0737095211911522,0.2637672858482276,0.1532134193127818,0.0219432588129604,-0.2641183593630167,0.2812041416939832,-0.0483727769364179,-0.29231700256554,0.0359325605401943,-0.0574832587366306,-0.2657119475992665,0.1417896513467049,-0.535049129505484,-0.1157789543055911,-0.3628703139403337,0.0492111468914395,-0.2942558936188826,0.1010657757821396,0.1016781193812983,-0.1572006560547036,0.1047317834268559,0.0650936890368898,0.846854169982624,0.3203452043456432,0.1704760218226865,target,1814,16,14.608064236649994,0.2633331070107467,0.2990958888674022,0.0295809083336402,1.7996184257285557,2.044021273190958,0.2021559244536383,1.7996184257285557,1750,0.6737213284264347,6,0.0661468614034294,-0.0515400749536114,-0.1026666808908612,0.0227272727272727,-1.7256932907545717,-1.051971962328137,0.4505592832503463,0.1597106534972383,10.579708082196277,9.871115684991793,14.608064236649994,0.6535555368750084,-0.3030228280688507,-0.0561728467026434,0.0581943640623167,-0.2492007045569292,0.3561636140360044,-0.0475078978689852,1.0,0.0021313618013605,2023-11-08,7.0,4,-0.1334318475745592,-0.1685233708648441,True,True,False,0.3333333333333333,0.0,0.0,0.0617256814041143,1.0205283469719093
PSKY,Falling Wedge,bullish,1,0.7337588976520417,3,29,1847,1848,2024-01-22,2024,0,13.24895495173739,12.98746603104334,16.896937882955342,12.10520512805428,0.7458503849516198,0.0201339445330617,True,-0.010791419611933,-0.0257910513644886,-0.0184332388264026,-0.0550255081017361,0.0104264566213274,-0.0334448182571353,0.0257117870798608,-0.1399823265598561,-0.0033699279318647,0.007405234832527,-0.0137983710586593,-0.081012950180453,0.0019288713828393,-0.0522750605563278,-0.0313703422002605,-0.0520001212974033,0.0115523161827857,0.1236318573556898,0.0730913582257504,0.0263839411850885,0.2240855753713579,-0.1118077700927319,-0.0063762677706528,0.0086329674372314,-0.0090113152437441,0.040831535171619,-0.0049058865351505,0.0485186139458095,0.0427598671618667,0.0028942720619362,-0.065977652048206,0.0943113730852114,-0.0737480568854682,-0.0452545728301562,0.029629504845172,-0.1595744702634095,-0.3048920999551265,0.0476919693267985,-0.1323792490404196,0.0125119841319965,-0.1622463248740915,-0.01821141129645,0.0162678795884114,-0.0226391170771784,0.0431588451034219,0.039195617256402,-0.1402878611344107,-0.1666303407018301,-0.0054994118573481,0.0115492062869211,-0.0964530805730535,-0.1700584682884421,0.1718118855816397,0.0505190815701024,-0.0238829789793624,0.1186439471254507,-0.1742284271371094,0.1318994864946552,-0.0179160741780218,0.1825679675096982,-0.0035002320591971,-0.5800865851806292,0.0526316640854698,-0.1407648709648671,-0.2158139814976726,0.4858260552270941,-0.0888305242911101,0.1225132144056435,-0.1308342547984037,-0.1915030597416724,-0.2603080483802589,0.2172986986328597,-0.0860792224253366,-0.2168814701071307,0.0933261553673279,-0.0727850333068688,0.0524827185189236,0.127253787863097,0.18535171730755,0.0845624810975236,0.1236181704626171,-0.1192869380338265,-0.0638270271167165,-0.1232465081002642,0.1117166196770371,-0.531296035314395,-0.0843071729199552,-0.4329394956465877,0.0203879635009658,-0.0287062194489751,-0.0438703366119478,-0.1521417024114673,-0.21895873772968,-0.2563447589060943,-0.1442220656164992,0.0599279026600125,-0.3127611999941223,0.1033153913550499,-0.0105992557044662,-0.3769731021231227,0.053033195244009,0.1708437082026899,-0.0592708176849351,0.0380975276468771,-0.0888309408024049,-0.0101885577942,0.0574499877936498,-0.0820247565307069,-0.0443450476197242,-0.0709277939245633,-0.2734674777336531,-0.1093036078246948,0.2867287512721803,-0.0373015602721504,-0.1764177517571412,stop,1860,13,12.10520512805428,-0.0863275501992046,0.1294963245425798,0.0892086661365047,-1.0,1.5000579101777043,1.0333742348839023,3.189493764878313,1818,0.5964204132428543,5,0.0520328126405525,0.381433694051059,-0.4089027701958719,0.0,-1.3299409594673053,-0.7335205462244522,0.503221057212331,0.1845516668171699,12.98746603104334,12.10520512805428,16.896937882955342,0.5201542678113882,-0.0919998411632558,-0.0412951038993912,0.039688315639802,-0.1078851060492831,0.5312499534338966,0.0022389003131069,1.0,0.032439292517796,2024-01-22,59.0,4,-0.0944866783459112,-0.0479285139896518,True,True,False,0.3333333333333333,0.0,0.0,-0.1151062578965637,-0.9221022517744442
PSKY,Falling Wedge,bullish,1,0.8148234503003511,3,35,2302,2303,2025-11-12,2025,1,15.198093884661327,14.851545460928604,20.50280850996745,14.180169650329162,3.034937172033421,0.0233341657704526,True,-0.0006459125840354,0.0256141661302379,0.0124275781989706,-0.0870396942289597,-0.0145874977922612,-0.0964975543129603,-0.0088763156715169,0.048169486817533,0.0249803110108548,0.0760638175944512,-0.0522750605563278,-0.0116569690129767,-0.1556397942657926,-0.0073239593879322,-0.0081300338987014,0.0290539269097604,0.0296883730679422,0.0035357764930108,0.0984550432351929,0.032628085764623,-0.0785197630971645,0.0314358652157393,0.0060595063117902,0.0200258764877334,0.0212308354088203,0.1392803667687219,0.0219938676524995,0.1203569207143515,-0.1183144790330116,0.2110655230748372,-0.0276088620515685,-0.0889054069434726,-0.0931575718144916,-0.0017333699568466,0.044769940973921,-0.0098964493877391,-0.1248175553353564,-0.2002335869238529,-0.010332166585712,0.0190602869439409,-0.001298870945827,-0.0022266739300949,-0.119707940635553,0.0395416559993695,-0.0533709395858577,0.0328026420378205,-0.0878552443150868,-0.1005958616859168,-0.1846646003010114,0.118905316543437,-0.0059522952097819,0.0526557756144123,-0.0869565390663446,0.0079788396173412,-0.0217851860128072,0.0029318680669228,-0.1174300110275513,-0.1267605421531451,0.43360913244769,0.0606118209319397,0.0870369515247602,0.1415126849975059,-0.035114122037547,-0.0266167722887757,-0.0238829789793624,0.07927520043903,0.1433321692703546,0.0728132466661906,-0.1164302422672497,-0.2121089908251248,-0.2366705111975826,-0.1387096351821035,-0.3035714256505313,0.0068018320885192,0.1403544141499375,0.0273717843472265,0.1328529862254979,-0.1921038268633679,0.070407682473337,0.0807968329403285,-0.0749252038465962,0.1131520444681413,-0.0199501887454347,-0.2119848644975944,-0.1494453803623454,-0.150086668701297,0.0725160679745959,-0.0647845690017727,0.0479152776167377,0.1101092547975641,-0.055523259001968,-0.1841686485865685,-0.2970585839505945,-0.3171396066004818,-0.3579023470094028,0.1430411069884223,-0.0632312899255131,-0.3670289912996873,-0.0713765374184102,0.0165336834448119,0.2027276285958206,-0.1347838006702059,-0.3234088007384136,-0.0752182038654843,0.3203289462474257,0.0620142867011175,-0.2231047701025591,-0.1419280850574197,-0.2942558936188826,0.0011170781607898,0.5567524780761197,0.0133947748310561,0.3334080501753305,0.1105775270610305,-0.2824414259793917,stop,2317,15,14.180169650329162,-0.0669770987110104,0.0536175562527652,0.0794573715357158,-1.0,0.8005356649458899,1.1863364204316282,5.211305956171105,2266,0.6265758094023518,6,0.0374067042793309,0.7919062701832227,-0.3870730897888099,0.0588235294117647,-2.6622779442379403,-2.035702134835602,0.5047774406683208,0.1033219830657176,14.851545460928604,14.180169650329162,20.50280850996745,0.671823916276085,0.1721711618356336,-0.0889764577602343,0.0439489672059043,0.3274740327392043,0.2255633490749342,-0.0107526960403445,1.0,0.0273764485806993,2025-11-12,53.0,4,0.5223296833649811,0.3432805181690002,False,False,False,0.0,0.0,0.0,-0.1997202867232512,-2.301701125114281
PSKY,Falling Wedge,bullish,1,0.7243207802623494,3,48,2367,2368,2026-02-18,2026,1,10.919901684145849,10.223567220182986,15.208414556593254,9.97383997846208,1.8308911103081884,0.0681107140948009,True,-0.0830324917320878,-0.096646774596479,0.0761467464469356,0.0275300797550357,0.147377827228387,0.0069409382186327,-0.0599326285235654,-0.0760528084668247,0.1977612342439165,-0.017959026904023,0.0263839411850885,0.0736657419891884,-0.0348976656666651,0.0417778180912273,-0.0313555726432244,0.0067617651977325,-0.0367188405287287,-0.0495564177458739,-0.0563593885160808,0.0921511214066834,0.205801017984444,-0.0942359877984335,-0.1052939864797804,0.0875451361143704,0.0856587354179205,-0.0813005537764106,0.2396889213432269,0.014920158057009,-0.1017249788018669,0.2110655230748372,-0.0506562233728923,0.1831820640504982,0.0138602975372912,0.1190767094706681,0.0465116793877515,0.0321059576937214,0.007414350124411,-0.0296522870716986,-0.094024573109947,-0.052555833661919,-0.0380091113135181,-0.065977652048206,-0.0094981025125547,0.0531649834806555,-0.0057088322793005,0.0679510113007826,-0.183525604931989,-0.1507547028513056,0.0908595284522217,-0.0559410849776396,-0.1429879581232955,-0.093911195985334,0.1700132657803807,0.2353602248720359,0.0054309598152373,0.0532431587222181,-0.0303539165712504,-0.0777290215108119,-0.1743829899134555,-0.1326909084923498,-0.1569131701885848,0.1580333777461362,-0.1683367178788185,-0.0273585678702136,-0.0479204771641286,0.3754295037451363,0.0134779573274497,0.0070424564141386,-0.1835438261419426,0.0641381595382291,0.0352773158079444,0.0707619636570009,0.6556401845154194,-0.1703174069810287,0.0282833173750345,-0.2166064666953955,0.0874751725732676,-0.0413422398869479,0.2836535898795715,-0.0510204289350982,-0.2308856431041805,0.0362226414207349,-0.0538134960336849,-0.0260842541363046,0.120950667659188,-0.0599871336800867,0.0152029424973587,-0.0572959500891252,0.0153977765330775,0.0709110155923862,-0.0190337284429727,0.0412325333523184,-0.0828271704404935,-0.1798867638462297,0.0044763034832981,-0.066923727538351,0.4717207608102871,-0.0889583829971678,0.058009313995093,-0.0223814181833247,0.029763349285786,0.1227908446797836,0.1463706408111624,0.167726856862302,0.6861425192346027,0.1539499188407502,-0.20524759895245,0.0515471469415147,-0.4597078980894381,0.0900563417642987,0.321170464831005,0.0726752305438842,-0.254853368019181,0.0856192591801388,-0.1510244983146933,stop,2382,15,9.97383997846208,-0.0866364673463421,0.2725632073463683,0.1055956919287436,-1.0,3.1460563397253565,1.218836538043608,4.533016024940864,2318,0.8422570853729885,7,0.0962237519189687,-0.2922180018370039,-0.3516348081743379,0.0212765957446808,-2.317017444625736,-1.4747603592527487,0.1378156978150381,0.157068673090054,10.223567220182986,9.97383997846208,15.208414556593254,0.434346289895062,-0.1963092596780572,-0.0954477568249526,0.0396325843023171,-0.170934239030177,0.7636362375307096,-1.2100157653627264e-08,1.0,0.0128545459451989,2026-02-18,39.0,5,0.1608388826960567,0.0435975154730783,False,False,True,0.0,0.0,0.0,0.0459719906069264,0.5094747142453622
PKG,Falling Wedge,bullish,1,0.6135783921384812,5,39,1288,1289,2021-10-28,2021,0,119.2833518330857,116.76974529393785,132.97875784986468,112.33663767175636,1.0929309396475742,0.0215261798578092,True,-0.0275670326228655,-0.0517845032329783,0.0065996824578031,0.0045592367563971,0.0037457691481641,0.040893855075585,0.0326832416719153,0.0693564040729377,0.0621760444731431,-0.1568751187473948,0.0035500101563838,-0.003383921443024,0.0193503273245534,0.0024777073098318,6.405342278803516e-08,-0.0349320398140023,-0.0288351744245785,0.0281784329132626,-0.0009165485834041,-0.0180932753426396,0.0326605294026118,-0.005471110278188,-0.0304532384320045,-0.0225020833717699,-0.0398314588110524,-0.0249340381039695,-0.033866741884334,0.0155361078977573,-0.0468697799518185,-0.0274718754550652,-0.0479904779807688,0.0093352266964485,-0.0349545170792098,0.0350712065767295,-0.0477779679426232,-0.0331984038830334,-0.0086075737194348,0.0429633882963735,-0.0394625132112095,-0.0344561237735767,-0.0646061438532852,0.0035311322874549,0.0173885963773507,-0.0495509210128896,0.0102338076933021,-0.0045177027704798,-0.0335721337769003,-0.0403723821884469,0.0808065381141773,-0.0120901171392573,0.1195991783455627,0.046970957888661,0.0107598446880039,0.0421542972403403,-0.0685129525883716,-0.1136828560710725,0.0396082856043407,0.018671437513182,-0.0892642750654989,0.0237822909570308,0.0100398570495723,0.1189934301383157,0.0712888514893055,0.1605891140882618,0.0010047819922822,-0.0399021539341515,0.018671437513182,0.0022077968572464,-0.055656921010956,-0.0304880338648092,-0.0810874030463126,0.0355060992928637,-0.2237492736310758,-0.1021336821209307,-0.0230774930925409,0.0764585309266181,0.0930677273127942,0.0113721265914386,-0.0230774930925409,0.0584856905083956,-0.0033324270851251,0.0373554266833402,0.0134775031930747,0.1499685278622524,0.0167226258559691,0.0395763043521779,0.0506129534163553,0.1221994460641169,0.0216753013597847,0.1828900239834809,0.0944762657681881,-0.0619117430722411,-0.0156904433037911,0.0279045819687892,-0.1255461641638425,0.0578995418835275,0.1006159687598557,0.0588529636224313,0.0107919069709092,0.0323715846853274,0.1593586594669209,-0.1937770296834342,-0.0006493553024262,0.1451427695178482,0.0665228374468691,-0.0537949923699867,0.1137365182519491,0.0441435719054692,0.1730315973146394,-0.0682725357849663,0.1146512676930497,0.093325328914096,0.1839490006048652,0.0050035915368906,-0.0615582948672907,stop,1308,20,112.33663767175636,-0.0582370804858832,0.0087547311793648,0.0586788620214799,-1.0,0.1503291563780742,1.0075859148829385,1.9714941047982013,1249,0.4801238225729268,6,0.1634238941149926,0.1563582312226494,-0.1402041107868515,0.0,-1.2445828100135214,-0.7644589874405888,0.7089608595461484,0.0812980420959275,116.76974529393785,112.33663767175636,132.97875784986468,3.213044200935037,-0.0020105031053201,-0.0274708378904201,0.0268217383202464,-0.0470757025499603,0.9644671820054792,0.0059825910415507,1.0,0.067996370707517,2021-10-28,13.0,6,0.0463251848707275,0.0483498187695821,False,True,False,0.2,0.0,0.0,-0.0200560280847401,-0.3096121927313247
PKG,Falling Wedge,bullish,1,0.7637590860484759,3,28,1690,1691,2023-06-06,2023,2,118.4918123114428,112.63721951791696,130.906764078381,111.21955021246048,1.627349520145062,0.0519774264544463,True,0.0134400058032226,-0.0057460054406215,-0.0193470698162481,0.0168715930151266,-0.0076508229652945,-0.0136542761494211,0.0019723170791239,0.0318034624999969,0.0042308112589457,-0.0122217390389687,0.0076043543351231,0.0165732900571069,-0.0024731888108329,0.0179678645993681,-0.0018746145550456,0.0393270774444003,0.0488422023372929,0.0172697743989735,-0.0200242461907435,0.0366494434020154,0.0239942593287574,0.0300455443875198,0.0026447039723628,0.0208054235666446,0.0018630448102794,-0.0185238256772164,0.0271830138321145,0.0715403787061117,0.0644905104331281,-0.0195277868841107,-0.0503411896517494,0.038521111670565,0.0057605335767219,0.0452036452142228,-0.0150861838269514,0.0054209515054763,0.0108512956116728,0.0022920597310578,0.0188279583985639,-0.0552845008259403,-0.0327707301402738,-0.0489802844497997,-0.0208207475607334,-0.0243293068271174,0.0243792229940909,0.0193651172751529,0.0090978398901373,-0.0209020994912112,-0.2481218255054786,0.0454124743822765,-0.0283974984778283,0.0846634245182107,0.0846634245182107,0.0845248578709121,0.1201471358094337,-0.1254112303648025,-0.0622139670183237,-0.0664355613445699,0.0367479214152368,0.0564791183664183,0.0348186639947794,-0.0703471877960403,-0.0154626108417887,-0.0429205952257922,0.0674678652224773,-0.0107228328989464,0.1187829356620473,0.0269093057141769,0.0045686489901068,0.2034741842194949,0.1519680934913934,0.0942407636645867,0.1677450021048072,-0.0703917185115756,-0.0420015889403943,-0.0666430055349197,-0.0684671238573695,0.1149292165826569,0.1720573068702118,0.0677823794724152,0.053523321852674,0.0684363302286192,0.0120058163632281,0.0792105050514866,-0.0603093593114979,0.0855905223917168,0.1041058917786121,-0.1781603208607808,0.167409479986772,0.0261673887444573,0.0724022449851597,0.1634925315664516,0.1560236688723617,0.10098012051004,0.0867369416491619,0.142128452185734,0.0192952386710965,-0.2198498414064028,0.2110803485924985,-0.0746273086864535,0.1869756153556356,0.0251189935219422,0.0673123791899756,0.0785919296385615,-0.0821767148832225,-0.0484892381969006,-0.1144959378042191,-0.0843725476954685,0.0038019242620082,0.224439818852959,0.1413228758688078,0.1263056799733237,0.1195499514027575,-0.0569770856044991,0.1184400951279969,target,1723,33,130.906764078381,0.1047747648108112,0.1967288290082456,0.012672009387694,1.707165060604123,3.2054339029333256,0.2064734930532291,1.707165060604123,1660,0.8431222606956075,6,0.1441889410338113,0.1277042890664477,-0.2522579191467787,0.0,-1.561436863974111,-0.7183146032785118,0.1437080471462682,0.0855591977546549,112.63721951791696,111.21955021246048,130.906764078381,2.206110598631606,-0.0021516110909919,-0.0374400974022277,0.018710220445023,-0.0417678012527202,0.8136675101646281,-0.0015731203810745,1.0,0.0370451711684589,2023-06-06,19.0,6,-0.0305530713790299,0.000264751673302,False,True,False,0.4,4.0,0.8,-0.0423698578336807,-0.8588422676814227
PKG,Falling Wedge,bullish,1,0.6467535733997922,5,53,2138,2139,2025-03-20,2025,1,188.1630053415137,190.6440067871304,245.79283750866125,179.65132066064984,0.8899654355931742,-0.0130137919750443,True,0.0151033553307533,0.0011566888532519,0.0004171209086529,0.0653682584211809,-0.0038059251469395,0.01844001152976,0.046588818289788,-0.0039694302152331,0.0902652645935111,-0.0317360033442813,0.0408163984042018,0.0192327640916236,0.0200446275489947,0.0111609164644925,0.0328103614207921,-0.0769230603096949,0.0335897053040781,-0.0095811168416343,-0.0360271847597852,-0.0338809489862685,0.0205569153232201,-0.0038404114447007,0.0051270012681654,-0.0315379533968229,0.0088354277638242,0.0471945206876465,0.027558159475661,0.0079650784628941,0.0235508100297741,-0.0165337105703318,0.0006596719553273,-0.0026011938733188,0.0281432954395643,0.006218296563033,0.0310002391953592,-0.0515929642653814,-0.0663618935119773,-0.1627460776971095,-0.0252040371321713,0.028281491181578,-0.0639311604891973,-0.0078810137362358,0.0238817865678309,0.0368526518426441,0.0519340060403104,-0.0273573512051179,-0.0416240335218348,0.0171479699244715,-0.1407229071914261,0.056268085833087,-0.0046263703268226,-0.1633759218097252,0.0605196354946033,0.0234017924799778,0.0661980187361368,0.0306503238358848,-0.0100547730022187,0.0336761751777365,0.0041577352082216,0.1024010729643438,0.0304946811656177,0.1023995696472193,0.0304946811656177,0.0084513616997714,0.0450961176546611,0.1023995696472193,-0.0153717554215987,0.0819913496046533,-0.0638464556499828,-0.0056318368089265,-0.0680693841677706,0.0319903289082879,-0.06917539328408,0.1062796096644171,0.1378553673912708,-0.0408051431279905,0.06820091175962,-0.0274738553231066,0.259827085446848,0.0920824373138098,-0.0310381902456939,0.1242032840464386,-0.0168087898323405,0.16256618711659,-0.0887674973704841,0.0750449095803496,-0.0085556811338822,0.0175619093957746,-0.1380211250085399,-0.1292881318016806,-0.0323702365870346,-0.0302972361543552,-0.0236889985404218,-0.1012888202906332,0.2035191023712705,-0.1601238544957274,0.0963678611219196,0.1049841396894304,0.1754416803401104,-0.0255127571381749,0.0030765754749373,0.1301604193135523,0.1343270466483082,-0.0775185843595529,0.1766720054537733,0.0500233721134439,-0.0638285958220251,-0.1255461641638425,0.013618074212377,-0.0035346905741225,0.0651729455050569,-0.1299073692847426,0.1386873518486595,0.0567206709568322,-0.061828960000996,stop,2149,11,179.65132066064984,-0.0452356969182929,0.0366064569984498,0.0843231958264966,-1.0,0.8092382673924607,1.8640852594535144,6.770672825405781,2084,0.6179567898940179,5,0.0469302032357719,0.0276354340772788,-0.0562726271053045,0.0,-1.538028123827259,-0.9200713339332408,0.4961050950590724,0.1539698474121471,190.6440067871304,179.65132066064984,245.79283750866125,4.736551269425028,-0.0593568572089874,-0.0766124890877115,0.0249351446871556,-0.0639368358429101,0.2256919425253239,-0.0082622878144033,0.0,-0.0735443073894078,2025-03-20,57.0,8,-0.0431619230799428,-0.0229110324015865,False,False,False,0.4285714285714285,1.0,0.1428571428571428,-0.0124162720384931,-0.3328911125268836
PKG,Falling Wedge,bullish,1,0.689424300704458,3,48,2403,2404,2026-04-10,2026,2,202.9649127169159,202.43687560862872,254.74439059345968,198.0541928253524,0.7196034138752406,0.0026084037638876,True,0.0377376355047547,-0.0105788175323193,-0.1323210149231616,-0.0095034318963946,-0.0048817452254685,-0.0032889402318289,0.0181521406734896,0.0100736807718824,-0.0010268973446905,-0.0284429847461679,-0.0011692107795752,0.0032338329666226,-0.0032974171090134,-0.0165260886665191,-0.0015412525783295,-0.0031569709065921,-0.0265216394395277,-0.0237932150115439,0.0089132404713938,0.0327626823658171,-0.0635595947116566,0.0206913057669473,0.0489978115324705,0.0352088245845583,-0.0187172101726902,0.0246173326110277,0.0471702051875262,-0.0175416584569217,0.0301871780401727,-0.0051974793364901,-0.0187597739567308,-0.016047915823919,0.006218296563033,0.0154513897147265,0.0270688482451166,0.0183930187263667,0.0548478844827637,-0.0036553407507706,0.0342307774986634,0.0183930187263667,-0.0309856057531642,-0.0057362027267708,0.0079650784628941,0.0054209515054763,0.0495145373407666,0.0231310975695516,0.0922043900777942,0.0033216974718481,0.0441962841226544,0.0706048292069918,-0.0669984266051616,0.0908479845655372,0.029572869681735,0.0626518957331698,0.0806020729365055,0.0781441800036657,0.0078264386734598,0.1092470972805406,0.0619249820682217,0.0152448303728314,-0.0100547730022187,0.0885331855461941,0.0162317441672124,-0.120177251317691,0.0042325360297188,-0.0199622236214341,0.0306503238358848,0.0394110704084531,0.0615679075734806,0.0671107700945607,-0.0241337660782008,0.0248899855196542,0.0992463457535737,-0.090775985073803,0.0532966730130439,0.0694259617139727,-0.0309880102134795,-0.0239252258355463,0.1687451400481909,0.1681909715826752,-0.0831643048031581,-0.0243064303070629,0.0113977162090908,0.0107754738796923,0.0790456623421402,0.0055674783222998,0.0078812806800141,0.0956323271832328,-0.0056400860772455,0.0693612341977416,-0.0104662725654582,0.0374012733160823,0.098793868246336,-0.004408573686419,0.2747331341214658,-0.0288941922920339,0.017301802321864,0.1391939919390399,0.0827710315055936,-0.071533596404783,0.0930450582496851,0.1132391564815809,0.1541945222798506,0.0898891849289467,0.1703433507088532,-0.0166515000452609,0.1325520143046321,0.1277471274724464,-0.1294622425353356,-0.0032526842262866,0.0252344582995356,-0.03622058030843,0.0757816181428785,0.2411633177321486,0.0262351196125165,time,2463,60,223.0166015625,0.098793868246336,0.1919999392632392,0.0182853004688767,4.083248340031044,7.935547490942159,0.7557495633265561,10.54417254901866,2353,0.8729128242450772,7,0.1449770408024474,0.1134848963699155,-0.0280924681318601,0.0208333333333333,-1.268144360315402,-0.3952315360703335,0.1217233147118577,0.1891395753708305,202.43687560862872,198.0541928253524,254.74439059345968,5.570428398651186,-0.0073794539137029,-0.0698365517218775,0.027345538519931,-0.0206982211070182,0.4255330661539507,0.0032193682486987,1.0,0.0229042914627675,2026-04-10,45.0,4,-0.0532558837140408,0.0063198506560839,False,False,False,0.3333333333333333,0.0,0.0,-0.0636902329961171,-1.9417982887713667
PAYX,Falling Wedge,bullish,1,0.7278569254762282,3,41,1531,1532,2022-10-17,2022,0,99.74403679714752,95.49905004765856,122.50637001847235,93.3242363359144,0.8180142679822967,0.0444505651875124,True,0.0036930472729512,-0.0062768322648656,-0.0657905300398263,-0.0186671954366434,-0.002365684362498,0.0329945924248227,0.0097918347929637,-0.0102820190878565,0.0101509380265363,0.0138993389634509,-0.0055876360168687,-0.0085690751152714,0.0113311013079744,0.0021450779099501,-0.0049092959544745,0.0315422353531049,-0.0027896804059028,-0.0403053240912656,-0.0019606050304039,-0.004822447777889,0.0206627450011906,0.0185116159702727,0.0044440479513829,0.0402708955169606,0.0107345825855387,-0.0083542775841569,0.0223415578014074,-0.0049062106326891,0.0067262710475088,-0.0191544695882625,0.0367659653996483,0.0251944801044032,0.0230934494625167,0.1414952349126446,0.0036375799092345,0.0499682375064918,0.0005784206278294,0.0037215207065322,0.0069662483766081,-0.0157257221828401,-0.0828643372826568,-0.0332296655413831,-0.0458290230455362,-0.008202152860235,-0.0220593147369339,0.036262705896954,0.0729404244720526,0.0196522702997234,-0.021888612030273,0.0129293126640916,-0.034672874075121,0.0462473605559345,0.0247742723626807,-0.1273165387320044,0.0842459744708696,0.0663058725434351,0.1095526748481059,-0.0678341816305359,0.2233488987123915,-0.1320295632745298,-0.0081669613443313,0.0561571921926071,-0.0150950582871953,-0.1310040273601281,-0.0904266066430595,0.0004996089879185,0.0452416453409845,0.036671659852117,0.0690634220143547,0.0917981262328624,0.0202496142926222,0.0621673297648417,0.1800145006291384,0.1653532058083504,0.016786820208426,0.0266777982045838,-0.0685337454427446,0.0954972776438156,0.1120291869638145,-0.0273288652813852,0.1471198799492736,0.1471198799492736,-0.0585693154956722,-0.0405617348259177,0.0407661796591531,0.1168469384645631,-0.0006053302038688,0.0440411288129878,0.1666883978115765,-0.0629786513726863,0.0277808580847243,0.03728253926625,0.0610767142334895,-0.0019756821713463,0.0962918279760967,-0.1179009209040868,0.0532322019506235,-0.0441016973297418,0.0274074770646204,-0.0910351362694371,-0.0174094204028962,0.0791723554671293,0.2023042847999578,-0.2165308363055749,0.1778058663843635,0.1441552340431116,-0.0977801688610944,-0.0049098575728032,0.0237229800544083,-0.0762601659092934,0.0230095276801984,-0.1448932775196129,0.0090744522474379,0.1186285676656511,0.0538775495205367,time,1591,60,105.83607482910156,0.0610767142334895,0.1322580444621943,0.0438355302011138,0.9489450752779152,2.0548849350096448,0.6810698811910644,3.5456449711760465,1490,0.5773431450117279,6,0.0521122194440536,0.1986724840465272,0.2610530973451328,0.0,-1.6140451233583433,-1.0367019783466074,0.2251242251371234,0.0969736228866837,95.49905004765856,93.3242363359144,122.50637001847235,3.0771007731041657,-0.0856680231464345,-0.0876954518488076,0.0313404887432333,-0.164822886950048,0.5459759279152783,0.021796782505419,0.0,-0.0559258574355503,2022-10-17,46.0,21,-0.1305993588426807,-0.0915755451311963,True,False,False,0.5,4.0,0.2,-0.0255556762705132,-1.0455394986270103
PAYX,Falling Wedge,bullish,1,0.7227270041613425,3,44,1643,1644,2023-03-29,2023,0,104.84329317481104,96.72999945264564,108.29689608174476,94.04766553781982,2.409042319659457,0.0838756721603961,True,-0.0771645735864821,-0.0858508700487501,0.0302856418659376,-0.0232025618636572,-0.0368717508050616,0.0096579840577482,0.0279998406605532,0.0096053975521686,0.0455657400365929,0.0071213445518532,0.0158059432597237,-0.0113728881930846,0.0161529386470975,0.0106283994221358,0.0004913059482485,-0.0344902847235599,-0.0024818051515655,-0.0478575486741065,0.0215909291191283,-0.0131598226036031,-0.0011550748355046,-0.0006865957459607,-0.0783459302127362,-0.0736031612495828,-0.0968160712208439,-0.0350932662426642,-0.0190219163659094,0.0393436534366054,0.0189161312317174,0.0370886611699288,-0.0378400187918321,-0.0128001947549286,0.044796603694091,0.0857666028271888,-0.0410054404059991,-0.023411996111991,-0.0191660378804668,-0.0130661591601921,0.0375422908227918,-0.085121284923753,-0.0084253579741662,0.0181927295890769,0.0359952277409567,0.0212643207741558,0.0300066794597093,-0.0773012226562988,-0.0855594092050709,-0.1061490562506569,0.0457550094007315,0.0169279216914393,0.0540368195647489,0.0825412304505119,-0.0060888721356401,-0.0160952142450983,-0.0293813080085346,0.0414332789529736,0.0517557272298603,-0.0867927053278021,-0.0626133223668372,0.0390853980974712,0.0282780658586894,-0.058385767700369,-0.0410346568936775,-0.031130966081055,0.0069785620434787,-0.0651511607769106,0.0911419796111141,-0.0759101833190867,-0.0848269010073713,-0.0775653880191998,-0.1036981139445364,0.0199108147531279,-0.0764481364838961,0.1017936654832039,0.2049452702332441,-0.0268450029014196,0.1100631686154189,0.0885048940981896,-0.0471961948801757,0.1113884123795425,-0.0405095965210066,0.1072768468650664,0.0578264869655815,-2.2027706000127267e-05,-0.0479293149501213,-0.0978748509597342,0.1319611698516805,0.0993761805759378,-0.0287520924917215,-0.1002194117554352,-0.0615727977409781,-0.1028492621907251,-0.053880442349892,-0.1255295339109877,-0.1349530976616618,0.1172965485072983,0.1078246998594611,0.0389229974579439,0.0041284543032529,0.0437649458530589,0.0025251733231048,0.0610767142334895,0.1041706737107401,-0.1267738925089597,0.1526146484550803,0.0900941492450533,0.043831553184003,0.2490462033462073,0.1313294034062555,0.1901630963953267,-0.0295622097917032,0.0281633034847734,0.1990480155342779,0.086512729304067,-0.1218416478319455,stop,1662,19,94.04766553781982,-0.1029691772366503,0.0,0.111506929072877,-1.0,0.0,1.0829156070326238,0.3199075610110852,1599,0.6374339705344616,7,0.0822075205489849,-0.0616022447147144,0.1610454452822498,0.0,-1.1714528565933482,-0.5340188860588891,0.4261726721728988,0.0879165555602966,96.72999945264564,94.04766553781982,108.29689608174476,2.600409483913567,-0.0085847846818191,0.0293487110131038,0.0252089750848274,0.0379300870785201,0.8912185937310927,0.0140391731804774,1.0,0.020625582598182,2023-03-29,53.0,6,0.1211095994364579,0.0325862346990801,False,False,False,0.0,0.0,0.0,0.0416940305490911,1.740427550860571
PH,Falling Wedge,bullish,1,0.6755162785743123,8,86,1448,1449,2022-06-17,2022,7,228.1017849873861,263.0668718357591,314.66144609406524,238.46373376730816,1.0935679879104618,-0.132913303010661,True,0.0486717726100653,0.0037660767779632,-0.035662281320006,-0.1133423861731581,-0.0199448576253857,0.000165292489193,-0.010619966185964,-0.2471131751904014,-0.039892023660452,0.0421259537905245,-0.0036901751209558,-0.0286011054930863,-0.0816923287793054,-0.035885534755211,-0.0038935615778865,-0.0037479238388675,0.0206890570806694,-0.0312991899640371,0.0161082204526958,-0.0118108081488274,0.0295637622930238,0.0228313338078187,0.0754573575060463,0.0255225445173723,-0.0015553182316494,0.0081850824897373,-0.016004743747056,-0.0934185011221827,0.1212912094125806,-0.0219179887039994,0.0365888724298233,0.0564095965669744,0.0414943547087165,-0.0840995791386689,-0.0881299271613179,0.0044224657729912,-0.0032782241375317,0.0189290950753699,-0.0046362795803974,0.0126011036369377,0.0081324171601808,-0.0226806911300974,0.1745345846207779,0.0974743825776949,-0.000988691809996,0.0132771176213454,0.0824798604384464,0.027678594873558,0.0495402158353013,3.3024146825155754e-05,0.1691739485560404,0.0771249984634463,0.0236098253833068,-0.0370941798190048,-0.0918742220944788,0.0058019763223928,0.0702496586197365,0.2136627788042782,0.0216042396768276,0.0115334300969496,-0.000563424423331,0.0424155932674163,0.1146348164440533,-0.0709913474363213,0.0366627838444482,0.0879207314685293,0.01636326692963,-0.0699664286564212,0.0489877761669652,0.2745025586267395,0.1190535111380126,0.0528068810217339,-0.1167324283255982,0.1668305832496621,0.0548038413334239,0.1144913640622662,0.0786343148976174,0.1135453151389451,0.0268915394329378,0.1856586989799096,0.1391184294273275,0.0538518317518343,0.0485258769415399,-0.0907584054763858,-0.0369762499990705,-0.1586992755947968,0.1321422017007594,0.0292753458895844,0.1120585036234871,0.1352916214200195,0.0870015748472075,0.2181144804106193,0.1325142490349256,0.0714479593110832,0.173318834694508,0.2429599644919273,0.218892054373843,0.2380845219319387,0.284225808348421,0.2072204167861209,0.1575393489017023,0.0151782025274116,-0.0136941754597942,-0.0509739088666462,0.1353841371288564,0.2157763324442574,0.0399271062716588,0.1922940088787745,0.0833116700319693,0.1554002684812789,0.0797797866623257,0.0458908257400518,0.0030257187270501,0.1971183304707986,0.0014812864066028,stop,1449,1,238.46373376730816,0.0454268640663861,0.0092847491645086,0.0155300018373061,1.0,0.2043889525576774,0.3418682349415719,8.353608278242264,1355,0.5353051193634264,7,0.1413636448387411,0.081629269234291,-0.0842582785190195,0.0116279069767441,-0.9501144752934296,-0.414809355930003,0.8463714567097842,0.1829055216052908,263.0668718357591,238.46373376730816,314.66144609406524,7.835804201632301,-0.1911090678522661,-0.1225992775215483,0.0349059454793439,-0.2388580932812527,0.6647975216437086,-0.0313877269234788,0.0,-0.0565387039278142,2022-06-17,3.0,13,-0.1893033559283689,-0.1536196243834753,True,False,True,0.6666666666666666,1.0,0.0833333333333333,-0.0288567039324096,-0.6950504498058819
PH,Falling Wedge,bullish,1,0.7484637259415152,3,34,1776,1777,2023-10-09,2023,1,384.7703542161103,373.4517846445542,425.7920825705055,366.6118726808397,1.3629953068850944,0.0303079809414459,True,0.0008824473585278,-0.0062779855235004,-0.0270801146043985,0.038939908353702,0.0063507368785389,0.0180514583822481,-0.0320900545012022,-0.0061001628006325,0.0072730361654855,0.0472102828303782,0.0288278568534232,-0.009985526887945,-0.0136935056905208,0.0246831887331815,-0.0292211979862142,0.0158719601683849,0.0038020982720137,0.0562010818206637,0.0261834918967862,0.0356983472113154,-0.0130193557097841,0.0029616531304159,-0.0081608117672641,-0.0750555469403593,-0.0462292757817958,0.0205850975335357,-0.0091856759298295,-0.0327424017564448,-0.009841915883024,0.024635752455896,0.0130531052605862,0.0198327680802841,0.0374623129787288,0.0740957351596334,-0.0274104769692449,0.0364856424667001,-0.1122926738487271,-0.0429860448560195,0.0516594183107113,0.0572064004443548,-0.0239118761290832,0.0683431789721553,0.1620035989878716,0.0280809346668671,-0.0920002760901307,-0.0872091771331003,0.0239512469380334,0.0175991673376574,-0.0171567400616916,0.0901811085196462,-0.0058595114325415,0.0031602139797435,0.1220096922293936,0.3655755415228245,-0.1468685753076221,0.0102564574408876,0.0569796400261661,0.0792488719632658,0.0670073552705763,0.1673549603354389,-0.0355411350766,-0.1271477199068827,-0.5056466549890299,0.1566742363458906,-0.022923998861943,-0.007082657314681,-0.0108866881843141,0.1223344856641066,0.0058678028299017,0.1002282281871287,0.0455785893457485,-0.1627679647389602,0.0998011761771024,0.0914027526951801,0.1037016580240641,-0.0138927930208262,0.070759134389309,0.022235077741193,0.0862356484434674,-0.0580214260983275,-0.0054844184102416,0.0318247339522494,0.1921089598451291,-0.0636198756772765,0.0478190979524997,0.1359677318562586,0.0297272540683661,0.1488782913411284,0.0937096886908446,0.0676098511323626,0.1144913640622662,0.0486039310658392,0.143824535612022,0.0601303193389175,0.1408432337576146,0.1850895512961949,0.1752928298474956,-0.1013137634480872,0.2226629353681688,-0.1356999126222206,-0.146817688413666,0.1214652349595259,0.1603473555064019,0.2150596549241843,-0.0405281552587304,0.025036808007264,0.2390091791227757,0.0358897432175746,0.369312782155242,0.1502634628908079,-0.0776052660051418,0.1508515870697886,0.1253390590749736,-0.0405281552587304,0.0551260118024502,stop,1783,7,366.6118726808397,-0.0471930369278702,0.0394311444456674,0.0475997985352236,-1.0,0.835528862148329,1.0086191021776192,2.2590946426173115,1741,0.8001183061779604,7,0.1017133531996644,0.0389449870057461,0.1357001067342316,0.0,-1.0794037100607068,-0.2792854038827539,0.17629663428662,0.1187172059024356,373.4517846445542,366.6118726808397,425.7920825705055,9.170679028438204,0.1170815000487315,-0.0160972119616363,0.0239083038856588,0.2649986820682681,0.9322197507029872,-0.0027316884968422,1.0,-0.0326350431166012,2023-10-09,23.0,12,0.1672463917236908,0.0570036489494854,False,False,False,0.0,3.0,0.2727272727272727,0.0343969684402414,0.7462155959754662
PH,Falling Wedge,bullish,1,0.6040530499851493,3,35,2094,2095,2025-01-15,2025,1,649.2376128656111,628.2475704635372,708.0696676039151,607.23364444975,1.1342196816971617,0.0334104633092127,True,0.0310644508091213,0.0048429482134113,0.0321715084687466,0.0319961639632504,-0.0362028241196331,0.0143376296466255,-0.0030145437460236,-0.0182447110475095,-0.0292211979862142,-0.0020966635825011,-0.014849905535531,0.0085612468706757,0.0154975585829275,-0.0480565102949948,0.003166505164087,0.0173132392586679,-0.0157116874054348,-0.0019293471894005,-0.0135498381405522,0.0069291762207761,-0.0066452731737223,-0.0081396940873781,0.0344489092157782,0.0671469050008661,0.0488524519766573,0.0761636401809588,0.0095376591392097,-0.005596253535738,0.0130340620985049,-0.0158554495956391,-0.0729837816399784,0.036401364534562,-0.0046761598471974,0.0318067362467719,0.0162146310090294,-0.0346180547753049,0.0426045876047529,-0.0252029719820883,0.0232088609976082,0.0372806628449124,-0.0432054969704726,-0.0195629796724442,0.0400179009028922,0.0330106014988305,0.0051588912131472,0.0600099824882503,0.0543649546258862,0.0281771997171618,0.0590614080100873,-0.0395174336582734,-0.0660254631035973,0.0630817088007897,0.0795898508025119,0.0424092219705727,0.1301116636390009,0.0961226009610569,-0.0139278384810642,0.0963705716271874,-0.0911654869913121,0.0877566119502617,0.0637022225600179,-0.0449429679298255,0.03131573429755,-0.0794684614946169,0.0537226799401069,-0.0745454024247547,-0.093238240365252,-0.0168841891322615,0.0401885150769769,-0.0762338757119265,-0.0234543416784951,0.0565208237426808,0.1923052875277446,-0.089350894413663,0.1286041838122196,-0.0559066409379793,-0.0295109725075681,0.0718287775141357,0.034550046151649,-0.0580782793336627,0.1213247565223651,-0.0311560836949837,0.2104363230815447,-0.0760263572583047,-0.026682110879054,-0.0399414202875038,0.2500885215303614,0.2355425616878605,-0.0629615750460029,0.0999037274244094,0.0975552200875287,-0.1276861704481154,-0.1408344167820884,-0.0421693125046176,0.048730939953161,0.1227048226968305,0.0820286422513416,0.0389931724277248,0.0206385033778311,-0.0280441590321698,0.0958282067674856,0.2825926929289848,0.0314979201891325,0.0673684339775577,0.0706270315556283,-0.0252371786949278,0.2246655976888016,0.0225413266781551,0.025128832214549,-0.0479244356958937,-0.0331393673044545,0.2684696003020965,0.0827750914683596,0.0818411189086374,-0.21243875641503,stop,2126,32,607.23364444975,-0.0646973736325342,0.0892057464053307,0.0683773553164067,-1.0,1.378815574678475,1.056879923824635,1.40063086791791,2058,0.3838069124809417,5,0.1164597486040148,0.0973320965429724,0.141987074653463,0.0,-2.123570900847407,-1.7397639883664555,1.4565923963235945,0.052150629764134,628.2475704635372,607.23364444975,708.0696676039151,12.943401446762152,0.1136057536615369,-0.0234967722257245,0.0200359411954209,0.1600493822072803,0.0546522478013343,0.0208343020680989,1.0,-0.0156151901845196,2025-01-15,40.0,14,0.1247185968378634,0.109385220953128,False,True,True,0.0769230769230769,4.0,0.3076923076923077,0.0070082889364325,0.1264848201540905
PH,Falling Wedge,bullish,1,0.688330526660097,3,23,2433,2434,2026-05-22,2026,2,870.6265104021137,851.9934819429327,1019.3478344382856,839.5404100972837,0.9805660833803724,0.0218699190241329,True,-0.0562599096344175,-0.0676330239459558,0.0350464472330949,0.0114922532245309,0.0343951703052869,-0.0001809946795795,0.0446596901658362,0.0168637665687976,0.02565011188923,-0.0215663584782354,0.1289179838224496,0.0174264856899282,-0.0122091538230917,-0.0625410514050313,0.1403770608936534,0.0571298009140641,0.0350433201943654,0.0120848515033031,-0.0332932629589374,0.0145759160448903,-0.0171674197882006,0.0436215104041359,-0.079776216020442,0.0123341279742852,0.0267207103426655,0.025930701241591,-0.0075081455479282,0.0436064508097495,0.0307263655741132,0.0081850824897373,0.0096754588641714,0.0714260954323424,-0.0999159839176138,-0.1042705722938784,-0.0953049877400432,0.0562614309900275,-0.1135755394198768,-0.0374311531315372,-0.082210660230389,-0.1157163123187472,-0.0020615634316133,0.1226330530451986,0.000328093009533,-0.0461913507136767,-0.0672845504544387,0.0324690323614491,0.0862010330954499,0.1055876201882921,-0.0066215865674627,0.0377799206812172,-0.0244447532363126,0.0204213139681026,0.0052320488343096,0.1580359324055906,0.0293163431645355,0.0680940621356513,0.0366120810496894,-0.0012634863685302,-0.0460517213171889,0.0603582157525834,0.0184293299714062,-0.0673910402499766,0.0554510986967404,0.0222197078606247,0.1258460942830981,0.0218600705118121,-0.0542035012900213,0.0572371716904163,0.0603551679966356,0.1127834669008966,0.1136828541093367,0.1707856717729221,0.1106084853109981,-0.0503825699977967,-0.0452697377189877,-0.0038590377746595,0.0315773058728132,-0.0801822345280405,0.0951198046659012,-0.0344347363853144,0.0799755847210323,0.1007190027712807,0.0441997480206661,-0.0607930808686214,0.0853708315186971,-0.0274489582494833,0.0438944941069761,0.1740205132994929,0.0594471990070459,-0.1002190477570665,-0.1772584878077486,0.0919899294018913,0.1729407342170044,0.1448994416964368,0.0485804026825791,-0.0154091014142343,0.0399271062716588,0.0194745543085597,-0.0336472455835631,0.1380887214118382,0.1427643774537896,0.0965843276763724,0.2206873909576034,-0.0152728573781989,0.0915073760600793,0.0572698517689309,0.2673835880342261,-0.0659066439849586,-0.0648430947087415,0.151073183643456,0.0556548366047209,0.0435677658986215,0.2188172629764688,0.0333751669549959,0.1014568857352941,stop,2436,3,839.5404100972837,-0.0357054373298055,0.0087347200469262,0.0376784754089299,-1.0,0.2446327702485471,1.055258756835822,4.784174360174231,2408,0.8700126112537221,6,0.1211527684158795,0.1068945613557414,-0.0718773284562758,0.0,-1.162578941179268,-0.2925663299255343,0.0994343377988907,0.1398476881939593,851.9934819429327,839.5404100972837,1019.3478344382856,20.388524407778466,0.0076082290794192,-0.0517303547979935,0.0235646241039728,0.0607662734386522,0.353258787690848,0.0083379195092032,1.0,0.0444014709351121,2026-05-22,34.0,12,0.2019612186699311,0.094376218901091,False,False,False,0.0,0.0,0.0,-0.0649972345589662,-1.4823259963313724
PYPL,Falling Wedge,bullish,1,0.6198328259326716,3,24,1242,1243,2021-08-24,2021,2,276.729939879607,264.02907516594223,314.9517243472983,260.7649006951583,0.5960759816820196,0.0481040381847426,True,0.0316065187464269,0.0240423624360575,0.0578698043799525,-0.068587678913296,-0.0368658300866647,0.0132816674428821,-0.0162100537625619,-0.062643893156539,0.0223981626926368,-0.0149231369006779,-0.1062335936628805,-0.0011512216473816,0.0191343901732323,-0.0890374600783283,0.0248508957952795,0.0575973567064316,0.0565495337122636,-0.0138335343460661,-0.0088090271918681,-0.0360270542964559,0.0371908108768876,0.0949293765901668,0.0351325430300763,0.0193484255384415,0.0132346928614197,-0.173799783200738,-0.0022093141436643,0.0188345034747652,0.0342643415155978,0.0432819444666621,-0.0146502266349703,-0.1953507382684433,0.0479600690199804,0.0015729758486979,-0.1150452547593214,0.0127822647922122,0.0060584172622468,-0.1842069351998999,0.1455153830759934,0.0278399775593498,0.143346781873997,-0.0055645924075116,0.0145079559060314,0.017080762411471,-0.0183870258865903,0.0291568502031482,-0.0267175449795989,-0.0068429180534166,0.0190500284968846,0.1007816591391657,0.0499394225233922,0.1163156099637461,0.02275584285616,-0.03049531467654,-0.0190144676382051,-0.04356150154057,0.0060866201709397,-0.0416760921233728,-0.0348169530526013,0.0748462161995675,0.0801308716095556,-0.0829631923427345,-0.0418901914148244,-0.0318730390802229,0.1351647318831637,-0.0871530779540067,-0.0703897891022248,0.1293844630493408,-0.0392486373279296,-0.0766790758730205,-0.0893737742900985,0.1399160585874421,-0.1195116348401867,-0.0876627848594244,-0.0569536353134833,0.2598762535370924,-0.0790016128183428,0.4206493490877918,0.0177873412018694,-0.0059308261174874,-0.1488401542722359,-0.0136416784681535,-0.0396927381114455,-0.0240755355755888,-0.0613760110722121,0.0791886823915526,-0.2177825248346591,0.0360158689427638,0.1023412493306916,0.117670926545029,-0.4637455412074915,-0.0694406284796966,-0.2628370045543967,-0.3107425070795858,-0.1689188820082493,0.260742887546165,-0.1138003851443074,-0.1823169965554553,-0.3279578749084106,0.1804058978211209,-0.265092336722977,-0.0807365659283974,0.5484159978761851,0.0938170162442826,0.0898930185141022,0.1079065478819796,0.1861209779791173,-0.3128196958340878,0.6921692857968991,-0.1746823332971644,0.2089477762813241,0.0306243679100326,0.1406604850710309,-0.0856439912236556,-0.3042237644193735,stop,1266,24,260.7649006951583,-0.0576917668951699,0.0603396509877445,0.0648141485159809,-1.0,1.0458970878355305,1.1234557720125442,2.394092743907735,1216,0.8609043031345848,7,0.1908537799981794,0.0844459440794285,-0.2692903074086819,0.0416666666666666,-1.5199384620205516,-0.6590341588859561,0.1131705694163732,0.1101074682568104,264.02907516594223,260.7649006951583,314.9517243472983,5.014288243986475,0.0945293712268391,-0.0249383867312125,0.0181396270001941,0.0505130517226881,0.9772135546059806,0.0070401905120214,1.0,0.0204094246295605,2021-08-24,36.0,14,0.2544236626235667,0.2225566800303395,False,False,False,0.0,0.0,0.0,-0.13026620395764,-2.1049803637153555
PYPL,Falling Wedge,bullish,1,0.7113838577710687,3,20,1503,1504,2022-09-07,2022,0,92.56768917464746,91.55584852317224,105.33963681261356,88.54779376656546,0.8230101182477364,0.0110516222370995,True,0.0433762012459568,0.0453742542689724,0.0202055736361408,0.0175760006135472,-0.0183111754359993,-0.1050103833380219,0.0263879364907382,0.019191922583122,0.0143446121767489,-0.03031672543467,-0.0541245036076142,0.002288178555899,0.062521532302755,0.0506722107021875,0.1258376542484629,0.0352606793158285,0.0262114390183398,0.0096307939439082,0.011269897293445,-0.0008527689568488,0.0384058150477515,-0.0184093526938785,0.0317372344228647,-0.0258546381052164,0.015749081717831,-0.0576761010127768,-0.0398644353298405,0.082947936606244,-0.1012051197876464,0.0420885216601067,0.0497785120997655,-0.0690495802964142,-0.0181186241408836,0.0142339599385286,0.0179723881266553,0.0295583508169963,-0.0068802853727776,0.0170998562721234,-0.1134650322560918,0.0245604291302361,0.0918551029173522,0.0001035132789013,-0.1365401236374069,-0.0002528054637579,-0.0718648379310226,-0.013618719386131,0.0024572459809311,0.044823014099624,0.0908716058736207,-0.0132066355289581,-0.1477151454964229,-0.0189620602887885,0.0192694370066017,0.0214066017835945,-0.0518160677134025,-0.0190144676382051,-0.0535319893815824,0.1510518186777052,-0.0720057598557739,0.0618119842731437,0.1584053628061432,-0.0760492308629975,-0.0910940555410162,0.1693116457950221,0.0126583085520417,0.0371456670706449,-0.0067078637003502,-0.0929827477638546,-0.0014850744224271,-0.151175166437519,-0.103171918267826,0.0734716818416474,-0.0362788980528238,-0.0586779122469903,0.2229822323770649,0.0869510208919599,0.0801241793900437,0.1547562976030738,-0.2037337664497717,0.0375586250596795,-0.105891650930932,0.0401527773998053,0.0015121172164331,0.1417460004649156,0.1377619225787612,0.183376648774352,0.0263003665239878,0.0652937723053379,0.1753866131568613,-0.0254512441092883,-0.0295510065738086,-0.1995646552985345,-0.1610042016260515,-0.1955611794970251,0.0504119359687944,-0.0421300727662425,0.0895295497659272,0.0660702783882061,-0.0063984058205022,0.1295696663495986,0.0649351109266922,-0.0596879564982582,-0.1996110329757104,-0.3371565394543099,-0.2360008790262362,0.0043301096485426,-0.2818865639638401,0.0335088643528045,0.336115194408064,0.0978853996200006,-0.3489303435177332,-0.0603217243278166,-0.1011846190979036,-0.1103634376563866,-0.115438428342236,stop,1514,11,88.54779376656546,-0.0434265502782256,0.0608975253632563,0.0694444397339612,-1.0,1.4023109128654574,1.5991240218033416,3.1771840661048327,1483,0.6452788527276716,5,0.0530159570034368,0.3226934116236191,-0.1519471602435831,0.0,-0.9380922824544876,-0.2928134297268191,0.3172599666128121,0.1336652383316328,91.55584852317224,88.54779376656546,105.33963681261356,3.4724900135349404,-0.1817865167833313,0.0974851322559331,0.0369718319696505,0.0007375494531256,0.8458499692411597,0.0028924429100463,0.0,-0.0329889806893026,2022-09-07,28.0,22,-0.0717401076974583,-0.1274202486731589,False,False,False,0.4285714285714285,0.0,0.0,0.0716871176128455,0.8330289099730072
PYPL,Falling Wedge,bullish,1,0.7061187268311437,3,49,1645,1646,2023-03-31,2023,0,74.79094494037591,73.34738267269245,90.66127066537184,69.553370256092,0.664443027575028,0.0196811694580194,True,-0.0146117263802405,-0.0164706471385682,-0.0122013229594893,-0.1096328691374538,-0.002399627294776,0.0256109577805532,-0.0193330268253612,-0.0232795284244514,-0.0580243068019143,-0.0936047828163361,0.0150257614245079,0.0106607512884031,0.0083086630607862,-0.0545341003018,-0.0007916465495746,-0.1009739667742616,0.0283462046782396,-0.01341702047071,-0.0351449061405587,-0.040401148440723,0.0132578124547737,-0.0076351577555902,0.0088964366200462,0.0225453731806462,0.0100957209283025,0.0892141074383896,0.1836295950476896,0.0340536244025306,0.2386337720239884,0.0172894338533895,0.0285797004183543,-0.1177079251911175,0.0546962207973562,0.1256250022764393,0.0155261069212155,-0.2489193162412418,0.1090213229816075,-0.0657485090739736,-0.0442997699798767,-0.0837736173752938,0.0400001423978186,0.0223597276029463,-0.0069422872199853,0.0547396920009239,-0.0584568992765375,0.003169366990415,-0.0068100320144965,-0.0230995408535923,-0.0384849187735659,0.052200709941518,-0.0457089244569047,0.0600201728589633,0.0087274677041235,0.084805824176303,-0.2002962734901184,-0.0543477877088213,-0.0607786561022747,-0.0028129230872916,-0.1427968458046735,-0.2415784696820961,-0.0813707245937174,0.0528934083715995,0.0446108713762918,-0.0497649820876048,0.0320647635805306,-0.0051654143901503,0.0794926791298773,-0.0016734541806149,0.0186881418464347,-0.1795041785430335,-0.2072159717546544,0.0908698126078872,0.0434332740972678,0.458048723623401,-0.1626085029328824,-0.0113269066981454,-0.1391336797455002,-0.0064608053814601,-0.0084402321669839,0.2081714757437831,0.0291721102947268,0.0084541069899521,-0.0270404051121534,0.059642800930594,0.3139962113809396,0.4590164106544361,0.1272574641321613,0.0701378893231399,0.1107646293729505,0.0780053416385038,-0.0369724831861716,-0.2627535403213559,-0.1268760477093349,-0.1982006236129456,0.0339465230551174,0.1921326484792449,-0.0702840529052357,0.0296457161508039,-0.2345881917768619,-0.4041117402030645,0.098165653643075,-0.0563910601968901,0.1018603671659101,-0.0533291344489212,0.0079587170169685,-0.0207091295090346,0.0499999054684712,-0.0141965207877476,-0.0330077162849737,0.117790426352959,0.0799095830263307,-0.0175939005577051,0.1517535321862351,0.1578369597579711,-0.1327154769909675,stop,1671,26,69.553370256092,-0.0700295294899584,0.0307436548755016,0.1292561860813067,-1.0,0.4390098733979073,1.845738319573328,3.030090582310375,1596,0.6819511119151738,7,0.0491965467704757,-0.1198532206306691,-0.2103221931890992,0.0,-0.9857478440434038,-0.3037967321282329,0.316750083670462,0.201641635663637,73.34738267269245,69.553370256092,90.66127066537184,2.197423399630132,-0.0681311464537607,-0.0120187089070367,0.0292590058784355,-0.1438557631226112,0.9528814006159466,0.001613122358099,1.0,0.0167308950854756,2023-03-31,24.0,14,0.2258946071455885,0.1464789972632334,False,False,False,0.1538461538461538,0.0,0.0,-0.0171195787790558,0.0202760217567967
PYPL,Falling Wedge,bullish,1,0.7262754588724157,5,69,1981,1982,2024-08-02,2024,3,60.03054854909878,60.42957543824264,71.69893537421342,55.82660700755025,4.405034347731696,-0.0066031721429459,True,0.0662274375885887,0.0244989780709503,0.0204851484275707,0.0389817621196237,-0.0037035765944906,0.0417336961817176,-0.0279302778834176,0.0036624425045457,0.0374606307101295,0.0621830598581754,-0.0301295631110575,0.002905545118079,-0.1203398748747189,0.0296130131647927,0.0031751268449062,0.083140638873296,-0.0134414022143752,-0.0256281879370755,-0.0232795284244514,-0.0313051005058533,-0.048254881941218,0.0246913812438149,0.065026435010589,0.1196046239916814,0.0362059710002433,0.0190621593625417,0.1448115241953875,-0.0365449494471371,-0.0014763709930301,0.0260116240990258,0.0102163810325424,-0.0791563041626519,-0.0819520059184317,-0.0128435245682092,0.0644846834013441,0.0387453995542952,-0.0038620120792799,0.0132392934067739,0.0812177045394715,0.018960801537686,-0.0109433403511884,-0.0555242676844504,0.1181674136332346,0.0330092164555841,0.0537758692477463,0.1026346592286187,0.193245337773132,0.0915330040936006,0.0272486543049734,-0.0248456404654718,0.0217764107392717,0.049668523443314,0.1405850169131897,0.077575340355257,-0.2037552836089521,0.0172719841172854,-0.15030916704742,-0.1403291262965913,0.0573352978270036,0.065426977676323,-0.0072762498254596,0.0109418732321944,-0.0465714984161503,0.0185113186888283,-0.103061176606958,0.08148347085535,0.0403556130689652,-0.0024963199095929,0.196768536820864,0.2855023412363091,0.1606489096111292,-0.0647618820394427,-0.1993146977213887,-0.1575218909363743,-0.1186005589206438,0.1839414763311155,-0.0222656637264424,0.1361167701490238,0.089187325273534,0.240067127076357,-0.21864131455564,0.0374998862996491,-0.1390470401529472,0.1066904131769426,-0.4759353387855047,0.0117800847273552,0.1733314045421901,-0.0278316651867419,-0.2200217836282798,-0.2212507212519129,-0.0097130814066574,0.3303168987730995,0.3771005004575807,0.2383865160113991,0.2162026956548217,-0.0210613974275394,-0.0036677462794341,0.0530456743044103,-0.0769306270412354,0.0161716749388491,-0.3882799538286963,-0.2556618077954924,0.4850227821730617,-0.0226743114138952,-0.0876542812685645,-0.0699866227254044,0.1703928931491536,-0.1630673565337007,-0.3192915945321173,0.0207792032710372,0.1498480770967978,-0.0568283888001867,-0.1483107758315904,0.3815775607721894,0.3831192155634575,target,1993,12,71.69893537421342,0.19437414961436,0.1953870215098567,0.0337726393952893,2.77558255979377,2.7900459520402343,0.4822593389591547,2.77558255979377,1909,0.5388508932784688,7,0.135349475593642,0.0214754594587485,-0.0331119831042582,0.0,-1.0580579091605005,-0.519207015882033,0.8020096187384838,0.167831763432131,60.42957543824264,55.82660700755025,71.69893537421342,2.080725789397444,0.0182785947216357,0.0141618805614223,0.0339453042156296,-0.0006450083746604,0.3460316268525482,-0.0200581824665172,1.0,-0.0391963745699454,2024-08-02,2.0,20,0.3039222320841352,0.1088934685621578,False,False,False,0.2631578947368421,1.0,0.0526315789473684,0.0892787830998098,1.778947269790741
PYPL,Falling Wedge,bullish,1,0.7016123402075612,5,46,2458,2459,2026-06-30,2026,2,43.75193267555496,42.98564629371862,51.7871058157848,40.54811561235943,1.9820156033286067,0.0178265641651715,False,0.0152758458910644,0.0147389003688329,0.0465834611577793,0.0521747886906089,0.0115933161907202,0.0040623117378262,0.0223846953145792,-0.0430685752346091,-0.0001644969784392,0.0536794970024288,-0.0471615893481333,-0.0533871515220948,0.0012092626289865,-0.0474322467976136,0.0350227739877733,-0.0119770933423631,0.0107871091051523,-0.0296644818254987,-0.007838450506719,0.0364226498931867,-0.0466145382137366,-0.0599796530983233,0.0189442664489889,0.2658458315388827,0.2526780495810388,-0.0913440150295271,0.078748251996477,0.1087198743293658,0.009643785873509,0.0181888855193077,-0.0297488946449839,0.0035941609056628,-0.10494975465274,-0.0271706984513044,0.039554231038293,-0.0700174126049333,-0.0721910140680486,0.0218624444638988,-0.128342338752818,0.0643121099807149,-0.0099338357058433,-0.0610560690160097,0.0863728896328865,-0.0134484377962652,-0.0019840324700569,0.2748053250115035,0.3303692611823268,0.3512282920915131,-0.0745259028922787,0.1592366246375507,-0.1093349753128923,0.1035000961934995,-0.0625491268481016,-0.0725668293364146,0.0271180736979488,0.0410797979438013,0.0519206397042308,0.0259322145884068,0.1952852678886787,0.1232582162781985,0.0221916725732955,-0.038795746971731,-0.0602823088245055,0.1030801410400703,0.0342641039856874,0.0404496088645998,-0.0885392897605051,-0.0465714984161503,0.3116617222306573,0.4092567675028629,0.3809614425500525,-0.1382803732741141,-0.1662475711351546,0.0351813239696479,-0.0817372708248554,0.0274027756380641,-0.0012407014534759,-0.0358561553668739,0.0806539060527653,0.1553435369166278,0.2177193800855532,0.0075833552948636,-0.2611392867962944,-0.0396927381114455,-0.0026136028559387,0.0496335687627358,0.0810778879821141,-0.1749044024068514,0.024368899776429,0.0168403018294125,0.2606488006584539,0.4065196857657797,,,,,,,,,,,,,,,,,,,,,,,,target,2468,10,51.7871058157848,0.1836529873963543,0.2740537794532864,0.0068399277903735,2.507999983062526,3.742530322927422,0.0934073495106466,2.507999983062526,2410,0.6494522448778527,6,0.1445588031054439,0.2312194192615584,0.1168972912192394,0.0227272727272727,-1.030273656353914,-0.3808214114760599,0.4393400224083685,0.1578578868011259,42.98564629371862,40.54811561235943,51.7871058157848,1.3862905751992218,-0.1957178111681035,-0.0413082205013507,0.0321842220037806,-0.2754126122553356,0.398269020217884,0.0042811696478068,1.0,-0.0129803329852635,2026-06-30,57.0,7,-0.1563653052171179,-0.0719546326465372,True,False,False,0.6666666666666666,0.0,0.0,-0.0159757045510051,0.0754950957325473
PCG,Falling Wedge,bullish,1,0.6999912618285473,3,38,1190,1191,2021-06-10,2021,0,10.310116591064192,10.059706311649329,11.766055450933996,9.604746680264704,0.7044390792724187,0.024892404574961,True,-0.024785707292936,-0.0195287267380243,-0.0315908743443111,-0.006698907079657,0.0424837608031287,-0.0476973317759356,0.0286368772309495,-0.0183606733379282,0.0904472169999264,-0.0227391713626419,-0.0761904988293878,-1.5090147631457998e-07,-0.0280992250439862,-0.0155615281931543,-0.0311476063937383,-0.0744013278087896,0.0504505732870577,0.0142856849058836,0.0016570535679338,-0.0030257515085195,-0.0453446886420066,-0.2672556592748746,-0.0027780959078596,-0.0467112736303326,-0.0521112633118542,-0.0476924236084271,-0.0083953562508141,0.0208507825677666,0.0048819393043111,0.0249545371492072,-0.0089700779388389,0.091138011983294,0.0314147725534641,0.0372456812137289,0.2148481858863535,0.0215650514891918,-0.0793874435165827,0.0111475498066657,0.0904595462695911,-0.0895646070005905,0.0009292261634064,-0.0188679007865559,-0.0294628378293821,0.1386402531145156,0.0118485783104769,-0.0675904470743717,-0.0114395052856826,-0.0414837627717632,-0.1826038379073211,0.0239366178917532,0.0204575316779545,-0.0589593864926758,0.0201954271947555,-0.0141163191938947,-0.0548813176404553,0.0754936932226095,0.0857700804455139,0.0249999781002998,-0.1360945777723337,0.0458850506104564,0.0636042696141057,-0.021756686944624,-0.0056283537385691,-0.0842491634458841,0.0393494543370103,-0.0532250240650455,0.0492404093652498,-0.166370684697064,0.0050081366862253,-0.1868445909781821,-0.2333735247124948,0.0933115300276297,-0.4325841307365583,0.0476614120441352,-0.0033677148791678,0.0346374436322485,0.0065078752399565,0.0375989341437332,-0.0418338694532537,0.0552786751282987,0.0767059508599816,-0.0378223304457326,0.1814653025436607,-0.0269957910359516,-0.0710382660702958,-0.0063871471250211,0.0074536491653163,0.0226632632102388,0.0548562403954471,0.0950542025675187,0.2660902901562803,-0.2048073669466054,-0.1277407617223995,-0.199316150965467,-0.1507870657226352,1.4955622913876798,-0.1325301821204257,0.1189711632538803,-0.0476974637905444,-0.1798785214120388,0.010843326791271,0.7496266013893358,0.6365010468441035,0.0755976460549083,-0.1897962817724956,0.1534500697228642,-0.001647353328229,-0.0385728155512383,1.1715419638924571,-0.0390041639750667,0.0103318747997198,-0.1611452926630444,0.1046894645571796,-0.1518100892876179,-0.2994530726759027,stop,1214,24,9.604746680264704,-0.0684153185436171,0.0228787386146988,0.0686368191406697,-1.0,0.3344095898656503,1.0032375877474202,2.0640784892845776,1152,0.5677655731358375,7,0.1634000242017432,0.1018078574342677,-0.174847903097292,0.0,-1.226322303978486,-0.658556730842647,0.5758913263506309,0.1093860626501333,10.059706311649329,9.604746680264704,11.766055450933996,0.2422032680337326,-0.0503606867677205,-0.0360581521944071,0.0234918064932311,-0.1485389104719732,0.7599983215331998,0.0038911433380737,1.0,0.0448928899551455,2021-06-10,59.0,11,0.086894388387642,0.098302168253525,False,False,False,0.0,0.0,0.0,-0.042696616673743,-0.2172741660808588
PCG,Falling Wedge,bullish,1,0.6251810883945471,3,27,1692,1693,2023-06-08,2023,2,16.708479148147322,16.561954910511986,17.937036364515365,15.70411455934608,0.7517147614288467,0.0088470375886808,True,0.0147059445032911,-0.0146922918151499,-0.0042201807973921,-0.0026067376745487,0.1406730216161693,0.0619571192530095,0.0012517033983125,-0.006518195215678,-0.3096506261508734,0.0279440493988878,-0.0350836102772156,0.0104459815238291,0.0228412161551889,0.0660592681555036,0.0321594987711428,-0.120325221060129,0.0177373133707496,0.0587190441274614,0.00688784361435,-0.0411110193166709,-0.0025361730727958,0.044900961153204,0.0162296816546658,-0.0064704062789251,-0.0177719466429953,0.0031647080228058,0.6317204465155575,-0.0002967985621233,-0.004773337621033,0.0195617124052465,-0.1189991019246602,-0.0031666179460186,0.0250966358933124,0.0193931090584256,-0.0184724861321791,0.0523607287007688,-0.0788820641790009,-0.1848658930628341,0.0213099008454538,0.0026936224446514,0.027091665428534,0.0673822429052009,-0.0014759521966779,-0.0179269922504305,0.05607937148807,-0.0313201512705785,0.0205883275842029,-0.0057703512342648,-0.5125733666068153,-0.0594840616367146,0.0087837497248171,0.0467222620676655,-0.0182642987047306,-0.1500829126128965,-0.0400928506483927,-0.344557855616228,-0.0091240397112425,-0.0664640260014627,-0.2241499065363101,0.1018579005983955,0.0137729819335681,-0.0322389839805536,-0.0192076949110127,0.0252270728083343,0.1380985761376876,-0.0380268502865038,0.0765141576742989,0.0059213339856778,0.0754567682003238,0.024705995740841,-0.0274482504420119,0.0851648769329158,0.2734778302552261,0.10471051381628,-0.0673963859422118,-0.0712628290547583,-0.1870571979941866,0.1713916813109626,0.1360608745040912,0.0086856050310499,-0.2564264026179992,0.2200582332621552,-0.6107231717756824,0.1442951951602722,-0.023745976199812,-0.344557855616228,0.0319218880165979,-0.0534539913072832,0.0521523084938451,0.0114483426663927,0.0503843482452532,0.040949601381497,-0.0435292484568696,-0.0922518649846098,0.1230156909631778,-0.0666357199869494,-0.1756863905240134,0.1111849497949637,0.3247309748173117,-0.2501787529875275,-0.1501837857483486,0.1876273715971741,0.0428663614541522,-0.5954852741713497,0.0682819974125696,0.0850572354921905,0.0352648556939445,-0.001647353328229,-0.1121695780539165,-0.1964783197364615,0.085602893413154,0.2807016764474914,0.1030278208820296,0.2688727863458466,-0.0519177204457301,time,1752,60,15.981171607971191,-0.0435292484568696,0.0700000134400444,0.0517645079616494,-0.7241469365663404,1.1645111525974678,0.8611476465171223,1.2232183711637878,1663,0.3863076946971637,5,0.0073787272579531,0.0676265295954698,0.373807671016872,0.0,-0.9243537724332138,-0.5380460777360473,1.4927356513513184,0.0854845158135369,16.561954910511986,15.70411455934608,17.937036364515365,0.3791006765824912,0.1035018227302866,0.0098368558857728,0.02268911959161,0.1017495824445606,0.2307669735539015,-0.0017491540950018,1.0,0.0394331684672351,2023-06-08,14.0,7,0.0206900853767517,0.0187789390582728,False,False,False,0.1666666666666666,1.0,0.1666666666666666,-0.0121857437745788,-0.5093943929893301
PCG,Falling Wedge,bullish,1,0.756496442462254,3,35,1755,1756,2023-09-08,2023,1,16.767449373621716,16.138430787819658,18.08201439993493,15.710362223395135,1.514147020856137,0.0389764404031651,True,0.0146544085814952,0.0220302006197266,0.0025790923878095,-0.0192307181572772,-0.0477958183011725,0.0151584041806198,0.0103329681049046,-0.0658995869347576,-0.0158145627321175,0.0112739124539313,-0.0075273010048682,-0.008507863316983,0.0835712672158939,0.0113995736337895,0.0070092550891407,-0.0431564913156713,0.032573395906621,-0.0612625518499638,0.0325350426214408,0.0257698767409799,0.0166461639922395,-0.0446386367024844,0.0179036374808915,0.004689413237928,0.0410577448970287,-0.0254235548260778,0.0243433152339507,-0.101879954673956,-0.0402870761494423,-0.0113636778658444,0.0348388164263302,0.0218388678924645,0.0090238386052157,0.0294478014246117,0.0085421197660739,-0.0212014726159212,-0.1875519795427939,-0.058579647936004,-0.0088349946117627,-0.1656499973284803,-0.0460288496688179,0.0424778532146603,0.0311577254474548,-0.0402369142856192,0.0426151785213686,0.0278270433865574,-0.0908555904880848,-0.0525169867423505,0.0344352995696179,0.035045262233847,0.0868977249808233,0.0092025480306683,-0.1580923511740075,0.0460875648706162,0.0049020924273923,-0.3491451938621459,-0.0655172609856292,0.0564823983933147,-0.0275361898072651,-0.0038834833776703,-0.0487106023980863,-0.0764562902039246,0.0137729819335681,-0.067843703924774,0.0726502700777766,0.1109138774124711,0.0570800212533317,0.0323158565541663,-0.0789856315882894,-0.0099645968890597,0.0168438869752283,-0.0140612385521695,-0.0802503563216811,-0.0231906796234363,-0.1032131883952081,-0.095238199591389,0.0282774569223442,0.4581641071568416,-0.0310125391371021,0.2648647807245601,0.0759835886560644,0.0797882374162401,-0.0130145864711248,-0.2135177303292971,0.0070950528620035,-0.0670339460007787,0.2710845001217918,-0.0567900481798722,0.0669324677278595,-0.0073016466686882,-0.0130145864711248,-0.0366921691813513,0.0123096168071412,-0.0101358040354633,0.0255589479443367,-0.4667724785907812,0.36766339043718,0.0791757219475841,0.2748172197040055,-0.2398674436231163,-0.1076990488017153,0.1035145045771954,0.0329535243933702,-0.0483334650763739,-0.0757219806009783,0.0342360846072171,-0.1183461927408751,-0.0501323803194408,-0.3456905301711388,-0.1476509874829031,0.0961049901175843,0.4035606762173283,0.1225014440725464,-0.0651914559315313,0.0185755897731665,stop,1771,16,15.710362223395135,-0.0630440042890226,0.0275501630803552,0.1160608015133468,-1.0,0.4369989405186364,1.8409490771124049,1.24357298831175,1719,0.5015347625944211,7,0.1237197739924616,0.0472252707597771,-0.1021710136425165,0.0,-2.0037606524352483,-1.5022258898408052,0.8799437510168705,0.0524519483559914,16.138430787819658,15.710362223395135,18.08201439993493,0.2674757658516685,0.0283182163436661,-0.0169255219089422,0.0160461372921094,0.0501547424376997,0.4799957275390599,0.0011851191206151,1.0,-0.0008747031901837,2023-09-08,14.0,7,0.0436478691126358,0.0533770945202978,False,False,False,0.3333333333333333,0.0,0.0,-0.0327861759647965,-0.9192144769384634
PCG,Falling Wedge,bullish,1,0.6980795437893049,5,40,1868,1869,2024-02-21,2024,3,16.304777541290708,16.054010788751867,19.00421423318969,15.5973089483864,0.7073505680108088,0.0156201933484769,True,0.0006031295809409,-0.0038611397731982,-0.047231234250371,-0.1173074693466139,-0.025346936772633,0.0207651421505405,-0.0268092092643962,-0.1061110495724987,0.0187512554947926,-0.0274160057210273,-0.040147300425216,0.0311750934459316,0.2068481574229088,0.0146429441502067,0.0169794214934948,0.0154035914626489,-0.0450680805935825,-0.0115225898054356,0.0035066898773856,0.0664153321961227,-0.0224490907272696,0.1080836814393555,-0.0010549875517761,-0.0054282920628156,-0.0168168731671563,0.018858410968533,-0.0269516664122243,-0.1822349120252917,-0.0030864215696887,-0.0248231714792344,-0.0240626453174798,0.0111176253411904,0.0155101631078085,0.4946810352129533,-0.0303030306475171,-0.0036276252625101,-0.0212520101664991,-0.0201058139328553,0.0223879976417284,-0.0080506416834158,0.032399763196145,-0.0271953917622812,-0.0054543345464549,-0.0734879144599915,0.0107015259680927,-0.013179339171366,-0.0229190521887145,-0.0588052967355312,0.0318140595843563,0.2977717096098982,0.0082699667736578,-0.0621470036546792,-0.0105727803339481,0.0209488627975114,-0.0641772162299887,0.0319567614905014,-0.4100442275662642,0.1094032554900295,-0.0470723129295571,0.0307510622386701,0.0294117148742343,0.0679536810317489,0.0869562718735397,-0.4770079644157994,0.0382737471978562,-0.0496265654282465,-0.0208332240772781,-0.0779220714888269,0.0003755614694146,-0.0017995424868089,0.004029684163461,-0.1236946905776967,0.0809875157797073,-0.0470715106138254,0.0924955868020533,0.192969579950422,-0.2506330420799204,0.0408096227620617,-0.1896914360706814,-0.3616236957637814,-0.0250122754933569,1.001329515383763,0.0391508538478355,0.1113586354670912,-0.0644227981976186,0.1005677950388106,0.2620265071890904,-0.2119217063223135,-0.0049718385109278,-0.1798174216488002,-0.0167798453237353,-0.0241023100677177,0.1134704602439491,0.0612441648356463,0.3573486790733184,6.731685897598538e-08,0.2248566912567029,-0.087749688576468,-0.1023574781666657,-0.1501837857483486,0.0018785089240638,0.0213760934660249,0.0891916434049111,0.0743627700344717,0.010843326791271,-0.1208540030844566,0.0678166926182577,-0.0652386019662005,-0.1079711453417789,0.1467501622545053,-0.0485865320649037,-0.0611570537092706,0.0582705892010897,-0.0453294136388311,0.1003070841417215,time,1928,60,18.15488815307617,0.1134704602439491,0.123730083840971,0.036802875479744,2.61511342035745,2.8515633236953457,0.8481828078242521,3.815627603788339,1825,0.7441540410013763,5,0.0102944410531379,0.0697962821232782,0.2330342211582183,0.0,-1.3297241298072309,-0.5855700888058606,0.2766174040009673,0.1238163649887481,16.054010788751867,15.5973089483864,19.00421423318969,0.2985332140382051,-0.0129425320131566,-0.0242164393205631,0.0180913264002504,0.0065563627538376,0.6842142247653461,0.0066145277745923,1.0,0.0254713184337234,2024-02-21,35.0,8,0.0812900929933566,0.0648817195914508,False,False,False,0.4285714285714285,3.0,0.4285714285714285,3.717769068094197e-05,-0.0266908724553164
PCG,Falling Wedge,bullish,1,0.68648890782445,3,45,2437,2438,2026-05-29,2026,2,16.083218406376428,16.432288627461276,19.644275392821527,15.178256327053433,0.6271928598475703,-0.0212429460678708,True,0.0607564164028167,0.0843345500433299,-0.0322391897704679,0.0128899205787753,-0.0655737840696406,0.0256234140353774,-0.0280111855352661,-0.0405552919333556,0.0259629206343998,-0.0416398436504618,-0.0151230332317234,0.0061163157989561,0.0237331329791026,0.0218068606167918,-0.0092873494230436,0.2638435326209263,0.7560385090648918,-0.0460717388684475,-0.0111684902565355,0.0218843792596923,0.029138380218608,-0.0164997609356164,0.0167130314961685,0.0508369862450388,0.0688548552918478,0.0133178654394843,0.0641184269266486,0.0071273715431645,0.101956904010491,0.0332931083256915,0.0525360857712899,-0.094701204511799,0.0393386954821128,-0.077265570070356,0.0541587561616616,-0.0152176058700641,-0.0482824097826735,-0.5169435868092889,0.0069886172669386,-0.1573864045551282,0.0488052287247198,0.0432365304964752,-0.0305808231010189,-0.078869907781402,0.1140741059485099,0.0728517770642659,0.0688159608180405,0.0852994832915533,0.0106851032164492,0.1066947224907395,0.0382737471978562,0.0427764903787042,0.096397526193416,0.0205196161761311,0.298551006536307,0.0293043338870502,0.0019618761400492,-0.0283425617719148,0.0645585553790359,0.0664936771235229,0.0018599793054343,-0.091225905035679,0.1076831084961325,-0.0006388892668031,-0.0114395052856826,-0.033333374421428,0.1040371929811305,-0.049522206455589,0.0300512361547974,0.1055001702642031,0.1221695317577339,-0.0521094086384563,0.1343014414712382,0.0597226652930951,-0.1745623514706265,0.1846155297306375,-0.2361162056999552,0.3774683819053199,0.0685945363749955,-0.4155913624424017,-0.0812759829446562,0.0284429201533322,-0.6890538021418013,0.0025509554732854,0.0782607306560294,-0.1759258983570764,0.0548943255087084,-0.037056567361938,0.7513968325763818,0.2340635301363265,0.0788342399321408,0.0959274447564741,0.1415625993782729,0.1249835455462677,-0.1009918522975344,-0.0958367795501166,1.7807226669348355,0.2718231377160056,-0.1811528774581342,0.0213760934660249,1.7496037598506833,0.0733114340404321,-0.0520124537855812,-0.0009147699155414,0.0938093259442198,0.1218267196942222,-0.2689105745518194,-0.0120011628459674,-0.7252747414755887,0.198418017064005,0.0903041050063333,0.0237511227266824,0.1331020932981146,-0.0970115594052758,-0.009634485844527,time,2497,60,18.36000061035156,0.1415625993782729,0.1465367234425423,0.0,2.5158868597879787,2.6042882696745746,0.0,3.935034481344384,2390,0.5229658263508166,6,0.1020541460632523,0.1140293650376687,-0.0687465112691071,0.0,-1.1649221222100667,-0.6419562958592482,0.8696781481890967,0.1559275701124747,16.432288627461276,15.178256327053433,19.644275392821527,0.4615148708789729,0.0052287828878292,-0.0364888793085942,0.0283266380344924,0.0450087339746383,0.8571457765667513,0.0012276612022954,1.0,0.0526257530375027,2026-05-29,13.0,27,0.0516276978659608,0.0327568628981012,False,False,False,0.0,7.0,0.2692307692307692,0.0270712109788291,0.5782091003766642
PNR,Falling Wedge,bullish,1,0.7669941237070673,3,29,744,745,2019-09-03,2019,2,31.91610260232365,32.14291325910449,36.21721662188973,31.18504483025523,0.5544162309402298,-0.0070563192250968,True,0.0772072355203226,0.0601848319423481,0.0014227764222856,0.0463589226242013,-0.0181500386081383,0.053850417810646,-0.0313392520037553,0.0095334860183626,-0.0369175476965605,-0.0011743019415528,0.0341521557661821,-0.0105321508738435,0.0025768769766718,0.0668547271483539,-0.0230896274553202,0.038910399672531,-0.0068570229030595,-0.0088996712479265,-0.0223500756688537,-0.0247857937128039,-0.0334145222362392,-0.010695571096503,0.0759345261705887,0.0766397419625135,0.0500994355088622,0.1139216116590311,-0.034879385575322,-0.0640023613090856,0.0900420402443169,0.008131946294849,0.0218924973476366,0.0320350597025509,-0.0228981757761987,0.0295649895263354,0.0572802546617592,-0.0237856614236924,-0.027628978371625,0.0754963222267224,0.0327108689325614,-0.107804296433651,0.0300826913016496,0.0200997259086248,0.0188784650066999,-0.0997264929184871,-0.0656047647231272,0.0724494241484361,0.0422935927911716,0.0373333643804734,0.0733657023699099,-0.0500039658225137,-0.0266129594843048,0.0277989542897274,0.1060008998555508,-0.0474319648219421,-0.0015214062590379,-0.0251236419785694,-0.0679032319672154,-0.1302829336899432,-0.0812644731458315,-0.179162889644293,-0.0421861182818831,-0.0433653090518011,-0.0201643801063812,0.0374040778480733,-0.0091696094288933,-0.0444088039687278,-0.0141843476204676,0.0114321734099698,0.0686328041661003,0.1921632867936427,0.1530346783501568,0.0684236675935703,-0.4917716362108041,0.0111187458903232,-0.0686231048239939,0.0146148501812091,0.0726474913500112,-2.8546805919127397e-08,-0.0232751678536321,-0.047944066781479,0.0852534674078953,-0.2297500696503158,0.0279456127733892,0.0224009887306531,-0.0156731611735642,0.0932010971065422,-0.04822838203619,-0.0713419472753073,0.2612806188374832,0.1885819637807928,-0.1004752391655737,0.2047440017869325,0.2677427194640576,0.1913613802309501,0.0194369919999808,-0.0142586985276575,0.1521176449854548,0.0413568102140624,-0.00451825768098,0.1169993999798517,-0.1633194644532569,0.0489000072588434,0.1072086693201552,0.0522793161939922,0.319783689978482,0.0148074710987524,0.1011572843335459,-0.0264926630848538,0.1516816320992864,-0.0402791795245969,-0.2374365200184148,-0.1778142005421217,0.1901082297176828,0.4123663447164105,0.2145384940608266,target,780,36,36.21721662188973,0.1347631342447477,0.1930186864868327,0.0062444011690787,5.883411932543589,8.426699554331428,0.2726144991776866,5.883411932543589,713,0.6616920254326584,7,0.0823105468653603,0.0372680764776685,-0.4516334936715936,0.0,-1.2923237281319742,-0.6306317026993152,0.4591640888342116,0.0898887536771187,32.14291325910449,31.18504483025523,36.21721662188973,0.7383398879221138,-0.102619150874203,-0.0566013299241361,0.0233391344021292,-0.1716937704916724,0.2061829722470247,-0.0089086072764937,1.0,0.0243817159578616,2019-09-03,21.0,16,-0.0434494479632263,-0.0181851572290314,False,False,False,0.2666666666666666,6.0,0.4,-0.0303017303037704,-0.3539295316878432
PNR,Falling Wedge,bullish,1,0.7086023364536631,13,182,1463,1464,2022-07-12,2022,4,42.83407597655835,44.21436813808975,80.8039161402886,40.28128676562437,0.8973125178214999,-0.0312181813210694,True,0.0584731287099316,0.0126984156517906,-0.0684401826524103,-0.0131020935849828,0.0381348267505134,0.0251895593889577,0.0147162612888349,0.0063404298497513,0.0295524898141525,0.0004644361003447,0.0222670513089913,0.011233455929259,-0.0178074918111079,-0.0323717739095166,-0.0310465529026502,0.0058927869563676,-0.0334145222362392,0.0170542112878682,0.0216533836143899,0.02987281749243,-0.0073671031004198,-0.0443507530245502,0.0597495668819324,0.0646188111579506,0.0225233096716483,0.1030041988259113,0.0312060369065017,0.0226589481422327,0.005888973441559,-0.0425456860819727,0.0282582516778757,-0.0807115310256764,0.0630490148268556,0.0443117323483825,0.1052874814178286,0.0646609472380308,0.0318301969645931,0.0766397419625135,-0.0216409017655763,0.0263864969143916,0.0549271534514177,-0.0216409017655763,0.0090863134179803,-0.0266611354955951,0.0144765880710167,0.0401952151843159,0.0701590804758742,-0.0264819105595028,-0.0342052810351608,0.0604651775956333,-0.1385730680150705,-0.0118583598398052,-0.0588514816014862,-0.0355334010418311,0.0543507824589359,-0.0307064258726225,0.1714352381708446,0.0605001934393079,0.0463917944729377,-0.0071230411813753,0.0517597017407482,-0.0109240740454682,-0.0470646923054882,0.0024201739175182,-0.0297388023608099,0.034693153183438,0.0491935631320472,-0.03222233300836,0.0654386395856776,0.0014597409336225,-0.0590041816253907,-0.0496036086364354,0.032985598273949,-0.1889958133043102,0.036553315222122,-0.0522466869135535,-0.0236837082066091,-0.0484963713552144,0.2316257551440481,-0.0774459925686785,0.2850546277673562,-0.118044400523954,0.183505422066234,-0.1076165783328279,-0.0597080603578881,-0.0497666829218504,-0.1027639213244894,0.1660206893283617,0.045422528659375,-0.0815576531598257,0.0285029678238164,-0.0010273304003587,-0.0577104422508438,-0.0671452701122583,-0.1329077018429038,-0.0409166535692282,-0.1061215759218549,0.1196690268196618,-0.0320608707422952,-0.1560934178623895,0.0688471153822887,0.1882165333139553,-0.0455267598097828,0.057961340809103,0.290980776685672,0.0495508029840534,0.0669566303970541,-0.1367688645499223,0.215067309782843,0.0980632184578436,0.0483463054554027,0.019908860908097,0.2192451879817372,-0.018200124244491,-0.0964212992725861,stop,1512,49,40.28128676562437,-0.0595971584009664,0.1410746088408049,0.0780984991357142,-1.0,2.367136498214605,1.310439981219772,14.87386424272702,1277,0.7147100451684192,5,0.0211638722765566,0.273390082334517,0.1919844974408591,0.0057471264367816,-2.19401950450624,-1.479309459337819,0.3299791390583508,0.2425789130938934,44.21436813808975,40.28128676562437,80.8039161402886,1.2165404760121803,-0.2436542298855311,-0.046512262928918,0.0278662873213578,-0.3297318435636399,0.1038959430470978,0.002354948065973,0.0,-0.0187912534375963,2022-07-12,2.0,12,-0.293808235240066,-0.1940470875988059,True,False,False,0.9090909090909092,4.0,0.3636363636363636,-2.020661127274829e-05,0.0645037275891737
PNR,Falling Wedge,bullish,1,0.6797743638787519,3,43,1532,1533,2022-10-18,2022,1,39.204019679514126,39.55760436635615,49.16436350605176,36.10565273710228,1.1748214699617,-0.0089384757369873,True,0.0278970240638227,-0.0152749378004486,-0.0049463702870038,0.0668244960922626,-0.027350583627155,0.0844625027392207,0.0392616062029984,0.0406010578169004,0.0094562531263038,0.0206483249474271,0.0206105531961582,0.0187727657294254,-0.0212941591802764,-0.0052493886888738,-0.0002582003972012,-0.0115653043682043,-0.0188376292682633,0.0186434276089622,-0.0361021343136092,0.0653703549764224,-0.002801603674565,0.0200050527766515,0.0140844729934437,0.0320350597025509,-0.0100526538911982,-0.0454229419284939,-0.1402271401846393,0.06089857144669,-0.0470786002316324,-0.060950603126975,-0.0544855574409166,-0.0184444715522994,0.0818332941781314,-0.0018549987235594,0.0489436211928164,-0.0843252727969604,-0.014588350052748,-0.0060637895184088,0.0511796478025496,-0.0416429230263839,0.0239619319090274,0.0493285038724014,0.0542866018279566,-0.0381160476106392,-0.0246234059954816,0.0424046562005292,0.1369422955670556,0.0569944362610508,0.1115031360141851,-0.0554377720770683,0.0675060401452016,-0.1409796707852408,-0.0550947204623637,-0.0430401478401688,0.0339150368780236,0.1380933206042267,0.0829924098998453,-0.0502843376864955,-0.0097928501907678,-0.084931588678432,0.0176917507668246,0.0288517266942054,-0.0111326287636928,0.0382809488783562,-0.0522032753652668,0.0123543066146118,-0.0014221469522545,0.0408648059563279,0.1335555783845527,0.1157661825560085,0.0333519582147014,0.0639367694592152,0.0014625242061585,0.0425137302169547,-0.0191748671160585,0.1173176984231019,0.0443211236521468,0.05982291806247,-0.1693494730432065,0.0760733745552031,0.0656033027039355,-0.0136853171235995,0.1034554375432983,-0.185949525829614,0.244581748366278,-0.0195509328715167,-0.0454114090285492,0.1583863350285497,-0.0525687947871351,0.1353362276390886,-0.0098192291343169,0.0859011005098883,0.2296794622650857,0.1447451731424285,0.0455541634273195,-0.1184385204780947,0.0398080160485267,-0.0752431218443553,0.0632349102545781,0.0238920763350045,0.1608111496771564,0.1588445224873191,0.2419530594150238,0.0875318219666352,-0.0716460516129748,-0.3280891479820712,0.1223551325223855,0.1997994842795716,0.210108401979278,0.0814567066481541,0.1948286268268195,-0.1689732139520862,0.0060891062610284,-0.0509381225824324,0.1885325122812464,time,1592,60,48.208377838134766,0.2296794622650857,0.2357645743549654,0.0616759699600835,2.906162609523393,2.983158284521783,0.7803936670541816,3.2147076223270825,1488,0.3815699506526555,6,0.1061527262294902,0.1624525367710803,0.0859189063679108,0.0,-1.5916452814027875,-1.2100753307501384,1.498856030099189,0.1189929644569059,39.55760436635615,36.10565273710228,49.16436350605176,1.2665712848628716,-0.1836364368973243,-0.060241489023429,0.0318293578182185,-0.2117614441766198,0.2360230492925043,0.0232112778316755,0.0,-0.0337420409122736,2022-10-18,2.0,12,-0.1141596132881804,-0.085997941999275,True,False,False,0.4545454545454545,4.0,0.3636363636363636,0.0113928655474911,1.1739586099606942
PNR,Falling Wedge,bullish,1,0.6134871002112693,3,36,1778,1779,2023-10-11,2023,1,63.47234736578499,61.63483323438993,70.96323967049187,60.43752726013719,0.902637018102665,0.029812916413795,True,-0.0488360571117221,-0.0334110032792005,0.0159004542875009,-0.0161786846314361,-0.0221131891833271,-0.0126127874068358,0.0500672661337735,0.0242730107449291,-0.0057631225599638,0.0005053299972719,0.115142985584659,-0.0492431049296436,0.0017756407038571,0.0701924018981805,0.0257646221248708,0.0055513546268797,-0.0049463702870038,-0.0238063375654767,0.0512055143051983,0.0257068448316721,0.0393935172605672,0.0435655866977233,-0.0655551037433919,-0.1239521629533383,-0.0795534524307263,0.0518179128247964,0.0274821965653069,-0.1691891434643124,-0.0467781599436939,-0.0021686723600028,-0.05135847899506,0.0646609472380308,0.0221150347164871,0.0086762324661153,0.0247515182922648,-0.0600383925049078,-0.0953810577060386,0.0450429974767054,-0.0265828366553133,-0.0710679371155164,0.0484521502050681,-0.0659999231382097,0.0332576985213108,0.0049528670755596,-0.0054521005782642,-0.1108118055993546,-0.0627294676785283,-0.0634160844536833,-0.0336493273744518,0.0663002344463685,-0.0655362160528595,-0.0502429710729519,-0.000143934250935,0.0495974453450349,0.1194502957305614,0.035948455421489,0.069587519282376,-0.0237325029528283,-0.0795682921900471,-0.0344873715606303,-0.1015080318834806,-0.033708854293349,0.0471295052964646,0.0512113083798397,0.065546257799758,-0.0785683810116234,0.0799762434238291,0.0977668888454292,-0.071797881244928,0.0189514370765451,-0.0297498031420033,0.1111677010890548,-0.0897508879401907,0.1544118729182093,0.0628374372338973,0.0470863992655692,-0.0141519660424211,-0.0988695130148364,0.1625480597806443,-0.1140263559189628,0.0049534119640817,0.0775100185441506,-0.1439417545778287,0.1305189981326688,0.1089922605836479,-0.1398907815503911,-0.1819003697286276,0.0158777716117741,-0.0774459925686785,0.1333526579600301,0.0935420993805291,0.006810383720429,0.0661281275169758,-0.0244412638778732,0.1025906904094602,-0.0466198883582075,-0.262182385691284,0.033342865443904,-0.0579397359150709,-0.1290158256359184,0.0502656812248274,-0.052507494584683,0.0826399535552953,0.03436232484611,-0.0384451519876329,0.2334807779225889,0.1814037181348915,-0.0979637123474853,-0.045170764851103,0.1036805636166531,0.0072981622851373,0.0410444940924381,-0.0216450800439145,0.2042770772409143,0.0499833140491298,stop,1780,2,60.43752726013719,-0.0478132640684995,0.0003042239775619,0.0575077994096269,-1.0,0.006362752752585,1.202758283292239,2.46831510400446,1741,0.7857735055096216,7,0.1632765322547253,0.0343907896919786,0.2728495913061231,0.0,-1.236231205566097,-0.450457700056482,0.2019296118057809,0.1108125468542312,61.63483323438993,60.43752726013719,70.96323967049187,1.4450302380032862,0.1128550951469251,-0.0242277723378305,0.0228114117342819,0.2430625624161095,0.8769205488456184,-0.0003101555305161,1.0,-0.0193746781824096,2023-10-11,21.0,13,0.0696953795275634,0.0280331675890839,False,False,False,0.1666666666666666,1.0,0.0833333333333333,-0.0095658230538388,-0.4701190158520459
PNR,Falling Wedge,bullish,1,0.6512608576728036,3,23,1951,1952,2024-06-20,2024,1,77.46160830332667,77.40343031361658,83.46405379358424,73.85550325535053,1.6316923289936105,0.0007516203025417,True,-0.0426738775190218,-0.0462923415365421,0.045967721606589,0.0415523205470618,0.0234876426514039,0.0004882190913155,-0.0561440745775208,-0.0059651444141451,-0.0404283351113864,-0.1007242053593635,0.0162808653597421,0.0016590998256535,0.0073460353973626,0.0292961918711811,-0.072338969437445,0.0233878730410874,0.0413553962896622,-0.053879710009961,-0.0103563446571796,-0.0188939505212466,0.0039386247377393,0.0035146362967257,-0.0366510721503856,-0.0635701641905576,-0.0823797530292557,-0.0206011273669204,0.0135213328091403,-0.032403073663522,0.0214306807627671,0.0471555713127465,0.0414871011512238,-0.1083079184181298,0.0068701433473152,0.0320215180601111,0.0332576985213108,0.0361599097262841,0.0093649264004744,-0.0498843426228274,-0.0181418690844173,0.0260784707159205,0.0063693023892488,-0.3444028086270014,0.0379536397456092,0.0377000197188719,-0.0084621884853141,-0.0519285135102021,-0.0046840046350418,-0.0131151778556721,-0.04850362626179,-0.0825264218550544,-0.04765959778133,0.1060104845945244,0.0907441142450082,0.0813831189087386,-0.0839855383298747,-0.0264355752175754,0.0773638957609867,0.0800758562195009,-0.0209013284135194,0.0123543066146118,-0.1023737750669243,0.0286201868758571,-0.1978042660523553,-0.1147176354833041,0.0683852091437491,0.0798360685590435,-0.1022363793350131,-0.0836570120587404,0.0096173911116312,0.0670231325205379,0.0488196370023346,0.1006810414862406,0.1473341144482618,-0.0013158028501037,0.1917547710073159,-0.2117681724254542,0.0340174456418298,-0.1443809961359224,0.1544118729182093,-0.0193973311541681,-0.0485683151069588,0.0986321229916611,0.0854260228888603,-0.07439509278917,-0.0325685405523914,-0.0233464271174628,0.0952022690337095,0.0301206473776227,0.1079341198018575,0.0434830175612674,0.292747613765242,0.0257229134810155,0.1734478247053785,0.1395756519504365,-0.1547116741772962,0.0043313820875738,0.0537919607455381,0.0240727679980019,0.1129239964340294,0.0168800137730729,0.0615063763110563,0.2194259664221451,0.0474048640139177,-0.1069604385885323,0.0164600814815865,-0.2506081786791609,-0.0217161839507046,-0.1764983974920815,0.004589608662699,-0.0028556720548994,-0.1498861383706433,0.2304001442180281,-0.2332189270178112,0.2166915728708969,0.1778466684710077,stop,1954,3,73.85550325535053,-0.0465534492113207,0.0180008160728901,0.0650806885975283,-1.0,0.3866698682449659,1.3979778018618243,1.6645231934178757,1927,0.3583666511112848,6,0.1106860588558954,0.0659319427382334,0.3141326654840168,0.0,-0.947507473296144,-0.589140822184846,1.5477914181733072,0.0703965521780016,77.40343031361658,73.85550325535053,83.46405379358424,1.8317838808316924,0.0933365635030081,-0.0154830450949147,0.0236834133969477,0.1375969490253787,0.220590380235384,-0.0026383481783425,1.0,0.0294340391859313,2024-06-20,50.0,9,0.0454334665714182,0.0648122970187476,False,False,False,0.25,1.0,0.125,-0.0493247480859278,-1.450246427785301
PEP,Falling Wedge,bullish,1,0.7100097709865211,3,20,768,769,2019-10-07,2019,2,110.47766902499907,108.55287309398612,111.52808970969446,107.05396740135131,2.174802955665025,0.0177314139750721,True,-0.0014529879671268,-0.0183235814720673,0.0559069625945201,0.0023895434317771,-0.0024177028048559,0.0236353930313215,-0.0169452803170878,-0.0399678201688823,-0.0004660950299419,0.1414534603383728,-0.0059158445634608,-0.0080966216175388,-0.0400683016107592,-0.0132173829705549,-0.0053133596227933,-0.0016523544596959,-0.0203237907414998,0.0385352942068664,0.0023895434317771,0.0006597056747748,-0.023651620353515,0.0023895434317771,-0.0059191515611569,-0.0111152730719864,-0.0418672320184622,0.0132583974951694,-0.0108563113128949,0.0165107565059261,-0.0094098732905014,-0.0006961942112709,-0.0745560468236632,0.0415921011688635,-0.0202528996598809,-0.0339893463582566,-0.0499411881298095,-0.0717518076057469,-0.0013526079533425,-0.0060234671342541,-0.0083785421362165,-0.0291963181508509,0.0418904537733277,-0.1281973066523034,-0.0051912584615245,0.0338369079168068,0.0292158263803015,0.0025591631600196,-0.0180894657799857,-0.0741986148577589,-0.0102481257965079,-0.0172395284451193,0.0293563608746676,0.0577368682949941,-0.0638195800850055,0.0470690531966104,-0.0333152548194931,-0.1174740242562937,0.089787038606333,0.0685680531782457,0.0255604333509642,-0.0321958353169528,-0.0532119676363143,0.0296898079642395,0.012171435554773,-0.0559499152488667,0.057712158626979,-0.0289342480895015,-0.0071594214938989,0.0073030206545823,-0.0183597822357074,-0.0159098492808287,-0.07950936372989,0.0469823560464373,-0.0907926689676033,0.0709731333718062,-0.0031380202533448,-0.0057296192477755,0.0132037439498462,0.0908400287830168,-0.0654156882661703,0.0475097774331036,0.180143235287711,-0.0041781679460709,0.1809696476921323,0.0608989832513895,-0.0019033126198045,-0.0777900664182096,0.021970280076258,-0.085439394173871,0.044820167007386,0.0694899504160568,0.0350288684293313,-0.0423320109734099,-0.006383401754508,-0.1281097467782616,-0.085415168098631,0.1036554165506293,0.0196491965981187,0.0728551943445501,0.0304215813046639,0.0148265142202284,-0.0596691926952746,-0.0188159816174496,0.0397890435096965,0.07326697353441,0.0766353724487858,0.0790511770805051,-0.0105541921258764,-0.0500124888767111,0.0091352644668092,-0.1288548763900303,-0.0771378406180459,0.1343657911352669,-0.0463429705958127,0.0805824535917782,-0.0192549651428885,stop,789,21,107.05396740135131,-0.0309899878759484,0.0076282991282176,0.0366870072967244,-1.0,0.2461536661051126,1.1838341932749703,0.3068084781220563,746,0.5187769051830247,6,0.0627036836346325,0.0715267578523966,0.0789488506894839,0.05,-0.8559458564210188,-0.3371689512380005,0.8312303236876858,0.0302567690740847,108.55287309398612,107.05396740135131,111.52808970969446,1.7032259071954547,0.1204388812108523,0.0394899073834595,0.015340030372049,0.1501298380663493,0.2256068627359733,-0.0070572378157394,1.0,-0.0126314278984752,2019-10-07,3.0,11,0.0614932377621524,0.0453173259409229,False,False,False,0.1,1.0,0.1,0.0098733262813927,-0.0340017580901566
PEP,Falling Wedge,bullish,1,0.6493906349011287,5,47,1530,1531,2022-10-14,2022,2,150.48301034173235,145.99780731138742,159.39453758701944,140.3042344453545,1.8791149342377875,0.0307210300821765,True,0.0045858024758111,-0.0236553549924791,0.044614823982368,0.0035882994064706,0.0217142563524097,-0.0022421887394192,-0.0118454457839457,-0.0598356689631248,-0.0090438502397054,-0.0948168507198998,-0.0404539082751052,0.0074822612174998,-0.0195091519126747,0.020562746873916,0.055324455602999,-0.0152693818524015,0.0061815624876624,-0.0133980880996762,-0.0190578765502876,0.0191228668187315,-0.0088896944530852,-0.0200850130206525,0.0113785947692072,0.0578162927858969,-0.0108907705573699,-0.0047951161364859,-0.0566964077512702,-0.0312414758781983,-0.0187457089019922,0.0124999148735904,0.004445994148555,-0.0010494124551418,-0.0066203995337823,-0.0063841341811868,-0.0306794510985606,-0.0349518950317543,-0.0239903420143849,-0.0324139791650123,0.027247940826268,0.0080561939535257,-0.0174116435922006,-0.0303454678879105,0.0213381125347733,0.0028011861505554,0.0025459061890544,0.0686358020334748,0.0335520790356598,-0.0612256313026773,-0.0190613587297499,-0.0589501200831967,-0.0907944732108055,-0.0670444496551394,-0.0149825566610048,0.0345289487173712,0.0065550172145769,-0.0501246667160503,0.0042595704297458,0.036917906293332,-0.1990692278868968,-0.0063013703498587,-0.0335466284695123,-0.0546938387052909,0.0520371865725204,-0.0056901368584522,-0.0084651847856921,0.0792450969795779,-0.0222903091155387,0.0256572677584789,0.0531427453987391,0.0745783172603917,-0.0214082245289419,-0.0023951710039994,0.0930794900994846,0.0850655144970822,0.0041184584822762,-0.1036302964307855,-0.0880305957151874,-0.026640228281899,-0.002942543907716,0.0071518089733064,-0.025230064558093,-0.0659257717025275,-0.1085617403253728,-0.0657134614662124,-0.0717207453923487,0.0996249126673247,-0.0135886261060095,0.0618598869762847,-0.0028861595927298,-0.0182664670102539,0.0085746417706229,0.0863811751617294,0.0399991129245995,-0.0515539311778743,0.034724525547106,0.0601302528240699,0.0456257663272905,-0.0230663203194949,0.0901889096912056,-0.0085125741796872,-0.01055929962039,-0.0168341729313019,0.0931307367589659,-0.1015202384935922,0.1150502965729158,0.0150966258106914,0.027760671539146,-0.0161051585093101,-0.029413186230758,0.0875235279012029,-0.059645872866978,0.04647395407057,-0.1057187531849518,0.0665164814638832,0.0244568043160704,target,1540,10,159.39453758701944,0.059219490792016,0.0618796643169928,0.0098101788788221,0.8755008790849084,0.9148288812086532,0.1450336724872158,0.8755008790849084,1481,0.3841399016333676,5,0.0448771541674127,0.0472163802487819,0.39034007947674,0.0,-1.2989034049843118,-0.9147635033509408,1.4370553769221637,0.0637511327383189,145.99780731138742,140.3042344453545,159.39453758701944,3.790486116690092,0.0153975182898853,-0.0049553437982865,0.0254966393393113,0.0036386733402975,0.0318974958020027,0.0078459906245944,0.0,-0.0724403186398737,2022-10-14,53.0,15,-0.1006890987479198,-0.0653132336327735,True,True,False,0.7142857142857143,2.0,0.1428571428571428,0.0578569020558055,2.3089611608116587
PEP,Falling Wedge,bullish,1,0.6586175758583751,5,50,1758,1759,2023-09-13,2023,2,161.47266369737923,159.88691861236566,177.92285920522454,154.93635091735305,1.0616918559786188,0.0099179163547338,True,-0.0086696395481085,0.0111104561748411,0.0201134326557019,0.0006597056747748,-0.0209709947366792,-0.0010700642705439,-0.011268456529013,0.0057684758060732,0.0133310239138186,-0.0126934744233081,-0.0060506821854027,0.025282866914305,0.044614823982368,-0.0187362158571308,-0.009588101727909,0.0228119441707386,0.0325035211908462,-0.015492834934721,0.0195022266099678,0.001439489085409,0.0136275704538078,0.0134738972374985,-0.0145325471996385,-0.057630578758853,-0.0097156032140405,-0.0133372328452499,0.0142895565492122,-0.0122296603368756,0.0164438564571955,0.0250252775900574,-0.0423641069060816,0.0066569806989211,0.0593702556777357,0.023449710855856,0.0677952388635219,0.0033460107089096,0.0418904537733277,-0.0268653031224028,-0.0533739508934938,-0.0224704045166619,-0.0059929787129252,0.006037292134277,-0.0020621935176133,-0.0344996269598028,0.0447783719805072,-0.0624249561327737,-0.0962544188140706,-0.0712896979343423,0.0288988292304617,0.073062498709475,0.0121133151923162,-0.0813263829411613,-0.0340930716029461,0.0457317021480223,0.0011037111495768,-0.0293111690776952,-0.0216758785755623,-0.0962707427673638,-0.0369874424358336,0.0433872445598304,-0.0101904107699296,0.0448855855480911,-0.0112501933528452,-0.043057263345249,-0.0309912895313171,0.0925111915362797,-0.0184054970401263,0.1624311013858796,-0.1007827107150657,-0.0697455569116566,-0.0468589889808241,0.0556662422577292,0.0467345908094625,-0.1567112271298907,-0.04019303249005,0.0448099645036979,0.0128271680797695,0.0152935722687774,0.0907987680869861,0.0839158481096136,0.0341305617069791,0.1086913895409085,0.0962771502303767,0.0962363631649525,-0.06721049299286,-0.0128451420125329,-0.0807557302041568,0.0066082525466566,0.0669354756484976,0.0362350447527637,0.0238069786867947,-0.0928081441898804,-0.0622601136772955,-0.0862570882220037,0.1504942995694886,-0.0037310697350254,0.0786041209415717,-0.0385849995532739,-0.1089606456919637,0.0072035876365461,0.1020310517734484,0.0822187930827291,-0.1070075495198527,0.0281336264407916,-0.0967621804871462,0.0054043899448432,0.0444264879986053,-0.0157772022196549,-0.0548581115098449,0.0536292539326495,0.0603508787263087,0.0028131643171549,0.0348731955531951,0.0866710521136588,-0.077818720843007,stop,1767,9,154.93635091735305,-0.0404793766967025,0.0104478462566879,0.046126536486271,-1.0,0.2581029430114482,1.1395070836164467,2.51673933935876,1706,0.6558804589908722,5,0.0265890264937687,-0.0013237638678308,-0.2280359255550641,0.0,-1.0351061693537371,-0.3792257103628634,0.4331879950292568,0.0999586837837252,159.88691861236566,154.93635091735305,177.92285920522454,2.0078613740940363,0.002863174290947,-0.0128311184500978,0.0124526771660351,0.0500090175536742,0.7616536478922178,0.0003367048983045,1.0,0.0081736221858137,2023-09-13,57.0,15,-0.0031003270122096,-0.046466587624918,False,False,False,0.2857142857142857,6.0,0.4285714285714285,0.037790413233804,1.435204805979617
PEP,Falling Wedge,bullish,1,0.6964451341816209,3,49,1968,1969,2024-07-16,2024,2,152.473952112233,149.08365140367948,171.62786892716088,144.58342427604896,1.1966743314520856,0.0227409288451989,True,0.0014455868677352,0.0104290824002216,0.0521272795486,-0.0102073342483323,0.0031787865960319,0.0176769839183463,-0.0451968668882969,0.0004394151901112,-0.0077622949122331,0.029643983980069,-0.0481604038284803,0.0140286466326378,-0.0237663960167276,0.0050899417700072,0.023538889311031,-0.0143197600327927,-0.0174725017210696,-0.0421604795296446,0.0160395016199657,-0.0377589453953773,0.002071325288147,-0.0519873646068509,0.0081934665339781,0.0430018172139996,0.0730661860314016,0.03717950366467,-0.005762858203325,0.0040803803278774,0.029072873105209,0.0231468927359064,0.0119118222945309,0.0149480327839606,-0.0234042573986675,-0.016595945443984,-0.0298284980430367,0.0593702556777357,0.0225481672820258,-0.0261703998318845,0.0507742511613318,0.0224742825867039,-0.0153637259691121,-0.0491913706900667,0.0253986430981001,0.0086677366670031,0.0176418637369584,0.0349569347369028,0.0381233744445013,0.0681161841290809,0.0935774680572989,-0.0490701209899582,-0.0222903091155387,-0.0112501933528452,0.0427643604758025,0.012327718933228,-0.0535652205848263,-0.0040879408947211,0.0017231699445858,-0.0134557869478663,-0.016822007603675,-0.0852238905926537,-0.0057881615006545,0.0185544032810907,0.0807133117004661,-0.0092916687193062,-0.0516361064797415,-0.0434565348044229,-0.0264812807315046,0.0592049823214986,0.0423010648246885,0.066721929198031,0.074560143171923,0.0985495570503223,-0.0830201536290294,0.0794894640167429,-0.0330107184668148,0.0220003392542007,-0.0041781679460709,-0.0001458612117459,-0.1253661135553202,0.0333123302612115,-0.0538677786595687,0.1006800255350539,-0.026640228281899,0.0813459927004476,0.1120023339264115,0.0546007303638351,-0.1155701189810345,-0.001116028385916,0.0235530932553431,-0.0990183048411272,0.0503310770275395,0.0610253557264019,0.0470598473753016,0.0110715586409351,-0.0041614437446672,0.1537811717850725,0.075040458074294,0.1261304707377806,0.0040733217568353,0.0858775722059357,-0.0523097306112169,0.0624033420092484,0.1040454489512894,-0.0576442143403173,0.0329060293420124,-0.0062926789369428,0.1378588488948591,-0.0168628665138107,0.1304623435527001,-0.1572527182037052,0.0199621051831802,-0.0815356465620584,0.0543022795197949,-0.1525663521437643,0.0241489603274756,time,2028,60,159.64935302734375,0.0470598473753016,0.0895567178278362,0.0065646395186972,0.9093689375514388,1.7305644170965897,0.1268529244669624,2.427456972788645,1917,0.6404904597139363,7,0.1417723564816918,0.0489546281370383,0.3332727822605972,0.0,-1.6987531938400915,-1.0582627341261517,0.5294401686673182,0.0814644257126269,149.08365140367948,144.58342427604896,171.62786892716088,2.5239972959786234,-0.0108556405298747,-0.0320671290815037,0.0166822318700038,0.0003369598213749,0.8727276510448797,-0.0027462249687832,1.0,0.0440366190585954,2024-07-16,32.0,15,0.0365130011144747,0.0337049986959614,False,False,False,0.1428571428571428,1.0,0.0714285714285714,-0.0071375455499023,-0.2042662873204444
PEP,Falling Wedge,bullish,1,0.6541105749918029,3,18,2029,2030,2024-10-10,2024,2,161.000289271939,155.94403762183833,167.28465616537505,153.3001417668222,1.4569135268147553,0.0324235009379583,True,0.0038506141117942,-0.0070859744325753,0.0022007178426084,0.0004394151901112,0.015692369134062,-0.0381779747692495,0.0201793283083318,-0.0054876393358993,-0.0360539976245429,-0.0562147235648688,0.008645906162864,0.0109178320154383,0.0134291207081782,0.0115383481782456,-0.0069980702307216,-0.0139249043346414,0.0248434055693251,0.0559069625945201,0.0160395016199657,-0.0298623163534157,0.0140058953453876,-0.0016798617869506,0.0035786483783568,-0.0105746969143497,-0.0161125077509823,0.0283863102928565,0.0100300688306442,-0.007290934848642,0.0303616959656198,-0.0100364149743602,-0.0539078836115302,-0.0780962726708218,-0.0146378975176758,-0.0010624110483327,-0.0119002424387516,0.0253087276309771,-0.0400919578443453,-0.0166944102601594,0.0220619795861332,-0.0041791623118555,-0.0027774885943878,-0.0197383304499285,0.0133041396513546,-0.0165576868121658,0.0378135204270049,-0.0050894643644314,-0.0574712213743353,-0.0914266850918608,0.0245410299711428,0.0042903954995807,0.0361773511418093,-0.0018544749008068,0.0564168418222001,0.0295021788820601,-0.0125045499981861,-0.0373190993980883,0.0196443233174565,0.0414209301533501,0.1557091858827834,0.0387546603059798,0.0664085514176033,-0.0163667813597899,0.060394147578269,0.0502249381639066,0.0080035704948375,0.037874811013443,0.082764948120573,0.0585296242829187,-0.0926018504938875,-0.085439394173871,-0.140573555227862,-0.0555794550367116,-0.0330207853739941,0.0063030532603334,0.0586960328853951,0.0699145910648406,0.0493384944598667,0.0595558458901437,-0.0672670731747747,0.0101837977744356,0.0781382652397089,0.0443713902476383,0.0805546212567256,0.0669827403379836,0.0255031854021265,0.047096339156841,0.0730161951307228,-0.083466078374905,-0.0056588187340189,0.0801826166794106,-0.0155596753758742,-0.1099036583096657,-0.1572527182037052,-0.182530323657751,-0.0079065069454298,-0.0707018272005689,0.0495104880846202,-0.0495558004498148,0.0650418025759089,-0.0951928055110487,-0.02004608987952,0.0329060293420124,0.0269223368513393,0.0631823460604736,0.0556171825565612,0.0562313831002716,-0.0423869071120508,0.0634577089078136,0.1353169056895151,0.0128179020670007,0.0120447863284602,0.0212074225398077,0.1120837219181296,-0.0648152260536452,-0.175039460847197,stop,2045,16,153.3001417668222,-0.0478269172057871,0.0201150614170356,0.0505171567160005,-1.0,0.4205803466379746,1.0562494860088516,0.8161359102874376,2009,0.5630971317605973,5,0.0805711264996239,0.0281486016285437,-0.0792675714969366,0.0,-1.635735536838857,-1.072638405078285,0.6772318507315984,0.0399242184060984,155.94403762183833,153.3001417668222,167.28465616537505,2.319167424692176,0.0252886285394462,0.0001278057559359,0.0144888410034085,0.0434881996099032,0.96196075829698,-0.0027237938023269,1.0,0.0336388142812473,2024-10-10,32.0,15,0.0782904736579368,0.046548878233416,False,False,False,0.0714285714285714,1.0,0.0714285714285714,0.0028954771244927,0.5211042345205783
PEP,Falling Wedge,bullish,1,0.6988878274518706,3,32,2171,2172,2025-05-07,2025,0,124.16364186968492,122.83045656672948,155.65905824156107,121.00230395923973,0.7397963368761499,0.0108538658914059,True,-0.0260822193444663,-0.0656230534919239,-0.0116886003912174,0.0076655820924327,1.7947180275257327e-07,0.0026907633995447,-0.0217234932507701,0.008427861093657,0.0026000192808204,-0.0361773355464822,0.0460387527212617,-0.0025560451650368,-0.0075067752520383,-0.0436166598970862,0.0205334225458242,0.0034679246620068,0.0057684758060732,-0.017556751626004,0.008952229746596,0.0328473925177943,0.0139034150369727,0.0171420283502898,-0.0275428386242883,-0.0131927550219641,-0.0443653664189678,0.0624076506404158,0.0105476075823951,0.022986488633867,-0.0425471010168548,0.0717144563232181,-0.0511170973633513,0.0403334950933305,-0.0566964077512702,0.0145731423196706,0.0105476075823951,-0.010932337601436,-0.0717518076057469,0.0324170807699659,0.03717950366467,-0.021490762775329,-0.0389214197983091,-0.0459175499947125,0.0333078536514688,0.0064083541364807,-0.0764719341923826,-0.0095215961368884,-0.0059138895411505,-0.0551142820609527,0.0345289487173712,-0.0280545501018091,-0.0449656803075722,0.0187186210064673,0.0521776118875247,0.0888922149132636,-0.0566962608576843,0.0510945806301847,-0.0330075167321474,-0.0428910395326102,-0.0430757798851876,-0.0245639203671788,0.0362267356143823,0.0075282473441404,-0.0131775942705777,0.0619503067831705,0.0208178052074849,0.0436310759685838,0.0662219561397599,0.0247592122197954,-0.0169196382600186,0.0305957110936718,-0.0707327895817317,0.1269641352556458,-0.026640228281899,0.0597520657249368,0.0949654059584379,-0.0018693558584439,-0.0330364248288099,-0.0629685056175719,0.0577104014644374,0.0725961391639553,0.0122966678723379,0.0519963780489107,-0.0178893023259832,0.0152935722687774,-0.035365333872942,-0.1176038182876046,0.0626500902332209,0.0427802309111398,0.0650249315401205,-0.0442608008167041,-0.0686742341911162,0.0179096103756295,0.0697653214083369,-0.0501764578519396,0.0292831375408841,-0.0777350792351829,-0.1146622391055877,-0.1102760140940271,-0.0345176218597442,0.0520318164109347,0.074046865230517,0.0579605212115856,-0.1398312733590884,0.0165696378161992,0.0595095574339241,0.037987064676471,0.036684591023413,0.1500843606945645,0.0141691026347212,-0.0019440956893618,0.0297889950543388,-0.121166028596839,-0.0840669219691574,0.0306413910972533,0.0745374330625459,stop,2176,5,121.00230395923973,-0.0254610597985129,0.0082644350817713,0.0304797801003575,-1.0,0.3245911657712685,1.1971135664249806,9.962685819764449,2139,0.7639415193761283,6,0.0355356272004447,0.0075253983738887,-0.04781803862985,0.0,-1.4331411994494585,-0.6691996800733169,0.1044693587135299,0.141149983090414,122.83045656672948,121.00230395923973,155.65905824156107,2.791306050877579,-0.1582905181597473,-0.0906575905818906,0.0224757520036993,-0.1894464730038385,0.6874992052693926,0.0016061446710859,0.0,0.1302570151712803,2025-05-07,24.0,16,-0.0177568901156209,-0.0111578212277273,False,False,True,0.2666666666666666,1.0,0.0666666666666666,-0.0963206307155645,-2.800817751083106
PEP,Falling Wedge,bullish,1,0.8086991255394941,3,32,2281,2282,2025-10-14,2025,2,145.43695297886856,132.2645347588175,152.44828789830376,132.3263225023685,2.364373495331612,0.0995914607348884,True,0.0122250021652687,0.0055215972298729,0.0068792887639732,0.0050691461229683,0.0006597056747748,0.0111300531078719,-0.0350893230249897,-0.0060897169886544,-0.0285640576698787,0.009704016200789,0.0036561067363012,0.0108886892296531,-0.0216162315522171,0.0469388708721669,0.0217142563524097,-0.0048873126950856,-0.0335213331215361,-0.0288184973180287,-0.0083800054932767,-0.0124093462866309,0.0194248858997956,-0.0429613523926197,0.0165386100443794,-0.0079958349284583,-0.0383488319698726,-0.0389214197983091,-0.0125139601390676,0.0233098207796911,-0.0085789686981755,-0.0221066251473716,0.0132617743936358,0.0559083974729293,0.023558835765753,-0.0382655184482196,0.0140897442048404,-0.0439463337021562,0.0742067531183254,0.0051863448891171,-0.0121483325295179,0.0293582392037068,0.0128932332656792,-0.0644510585320328,0.0283478665128045,0.0048802780560031,0.0151913377539296,-0.0109588553495366,-0.041300539420684,-0.0655648875877032,0.0217818280717823,0.0325991825070839,-0.0806820867602279,-0.0039051905137229,-0.0264540229687585,-0.0071098176544214,-0.1063847034054805,-0.0387685364146193,0.0031166309279251,-0.009760664234126,0.01470405464592,0.0196092027370662,-0.0752707016800182,-0.0269400329215621,0.0138334976814442,-0.0257641391965853,0.0347852610981478,-0.0477699520434837,0.0777511718512515,0.0826782977460369,-0.0339030033943666,-0.0010955576791311,-0.0322134543290364,0.073929272646096,0.0565520090693412,0.0471247964426688,-0.0230139246777377,0.0117253619855317,0.0411057367079306,-0.1165872024056973,0.008539893819436,0.1179460843154247,0.0354608106186074,0.0332176911824146,-0.0537726927954882,-0.0301376976173772,0.0479278778684966,-0.0805987478596361,-0.0689055016395364,-0.079746357666279,-0.1126368157390077,-0.063046982806412,0.0829093873545052,0.0025047923807047,-0.0664213088286523,-0.1103625333020869,-0.0157772022196549,0.0258807181289342,0.0348731955531951,-0.0152932537234242,0.0392343892108424,-0.0857786484464828,0.1343657911352669,0.0599069391858817,0.0188200130584323,0.0002203990884448,0.0057273729521036,0.0286272606568476,0.0382521999296872,0.0032465478779892,-0.0011557014400437,-0.0418904672050873,-0.0221687496965362,-0.0375590995601506,0.0104551402692356,-0.0365083495881044,-0.0735952335870212,stop,2340,59,132.3263225023685,-0.0901464875876834,0.0255072990489638,0.0924448800653328,-1.0,0.282953886851704,1.0254961955718345,0.5347824371987719,2247,0.9729218051757396,7,0.0953245688189307,0.0843108037951705,-0.1172390159891106,0.03125,-1.3627732779057644,-0.389851472730018,-0.0042879141505096,0.1025535479909336,132.2645347588175,132.3263225023685,152.44828789830376,2.7060688080228874,0.0822221153792215,0.0512725616114877,0.0185806886903899,0.0541836517854421,0.9743583473531804,-0.0013431473008288,1.0,0.0061606726772371,2025-10-14,24.0,16,-0.0908226201733168,-0.0419011618202304,True,True,True,0.6666666666666666,3.0,0.2,0.0885909063630583,1.9070089843150169
PEP,Falling Wedge,bullish,1,0.6795692454519416,3,27,2395,2396,2026-03-30,2026,1,154.37920475304423,148.71027910370913,171.03843991560666,145.67216062357193,1.0266262503322023,0.0381206039253121,True,-0.0282868808402366,-0.0600268866476051,0.0071048120629542,0.0317561615745056,-0.0032007041807915,-0.0007304146679415,-0.0040185192753587,0.0052253369138368,-0.0052650269365175,0.027756251102357,0.0116789826188472,-0.0086601541384415,0.0087602249900917,-0.0016679625659897,-0.0222664394029951,-0.0237802430428788,0.0127262768483946,0.0082501386224025,0.0124937055278619,-0.0107894492747022,-0.0250823361527386,0.008864869363669,-0.0297446563395649,-0.0123676653660628,-0.0992616613729563,0.0220981830600577,-0.0358779037846137,-0.0167594134394584,0.0253467607885771,-0.0125505459474813,-0.0272339932873789,0.0493828437673991,0.0247508283675641,0.0133921828878091,-0.0064762574853086,0.0030529306295457,-0.0014135856903289,0.0307178935377572,-0.0021940964918675,0.0365578606396193,-0.0387996705859368,0.0014332959325602,-0.008668375006688,-0.0011157900554426,-0.0240716276057262,-0.0139462413775957,-0.0087525057359637,-0.1226129519685604,-0.0432689022535295,0.0208203329202902,0.0823997176667163,0.0404314121996294,0.0494346097013487,-0.0243122584796922,-0.0228945471702034,0.0731570415032607,-0.0019709068526362,0.0256079794640453,-0.0428487398588555,-0.0861077335550442,0.0227529842631384,0.0086498024933412,0.0140271506850966,-0.0829624067118568,0.0654070602133749,-0.0135368639140024,-0.0394652478796191,0.055602134780639,-0.0137986366967358,-0.0629796036684509,-0.2375187289797855,-0.003433555513149,0.0946422139809677,0.052291760830762,0.0180118907448425,-0.07415010069048,-0.0443421745840288,0.0071423500851406,-0.0148147900737439,0.0631152498800551,0.0149912757353991,0.040958651164247,0.0407854639814699,0.1280806413823532,0.0072243476670728,-0.1091982978276786,-0.0073923568851408,-0.048105574180252,0.0041771695726555,0.0241389121272586,0.0806082490847031,-0.0767161699925736,-0.1058038658330674,-0.2580117976025565,0.0013803256453557,0.0283784186480264,0.1077668310868837,0.130536706326221,0.0474654780515733,0.0570085619992914,-0.0173846681263151,0.0679220657277066,0.039713656090663,0.0901291471334031,0.0169301964757533,0.1292736157228871,0.06374706350209,-0.0244752050074514,-0.1485834540290752,-0.1002910901108331,0.0032422750082881,-0.0754993065259166,-0.0512339542427252,0.0872698251724863,-0.128468690260483,stop,2425,30,145.67216062357193,-0.056400369100234,0.0149679186746271,0.059047392645509,-1.0,0.2653868922032459,1.0469327344395698,1.9133054702425245,2367,0.7326411090639331,5,0.0792364880384255,0.1629174828068325,-0.1138357565109802,0.0,-1.420515526832932,-0.6878744177690083,0.2638192349170115,0.0912285725483994,148.71027910370913,145.67216062357193,171.03843991560666,3.0863539221016225,0.0825804829573377,-0.0060044451364046,0.02010039206961,0.1376290054300166,0.6872528427829349,0.0050967387120621,0.0,-0.0767564293263763,2026-03-30,7.0,20,-0.0067483879199439,-0.0334815008940636,False,False,True,0.3157894736842105,3.0,0.1578947368421052,0.0648804694876802,1.0291195322781863
PM,Falling Wedge,bullish,1,0.7862408752392169,3,38,657,658,2019-04-30,2019,0,60.2617954686346,59.366642961129,64.85535147989151,57.47452275984111,1.1976964680450768,0.0150783750412115,True,-0.0300974895139465,-0.0070588580935297,0.005263844859916,0.0198393667664869,-0.0105869187577047,0.005079897880988,0.0645555730834444,-0.0065609511447023,0.0402911324455852,0.0015817737781194,0.0190765924856046,0.0069894745903473,-0.0358335770747259,-0.0324402833703417,0.0158528440503047,-0.0386841277758508,-0.0358335770747259,-0.0439153063072929,-0.0127798541115872,0.0044681906733674,-0.0103350498232807,-0.0221155503958618,-0.026793164252851,-0.0340034180305199,0.0044062560596299,0.0105072954368894,0.0916005039688676,0.0433989269846084,0.0435923735646082,0.0051093068817733,0.0018532794516303,0.0595362785038913,-0.0441951411246103,0.0366682738133399,-0.0130755625270626,-0.0476992692706715,0.0517674392415992,-0.0296358521408499,0.0739246726440978,0.0318546201243901,-0.0444753227318825,0.0180461390975539,0.0078114619697144,-0.0056627590771193,-0.0496269206077136,-0.0460684052406727,-0.0678919990324498,-0.0120760999847613,0.0242826921288124,-0.014133143471281,-0.0424365727862542,-0.0553918251643282,-0.0367924347288499,0.0583540770306831,0.0120237623328636,-0.0265049250232386,-0.0299842662408711,0.0123226261658779,0.092610031718467,0.0917097165939857,-0.1164188578324986,0.0934832892461736,0.0147232075405332,0.0932857080417621,-0.0343285310517547,-0.0391189716343218,-0.0201798926792535,0.0531811391010959,-0.0744263404968299,-0.0976651216182895,-0.0880381801350312,0.0770113112489416,0.1423057779927448,0.0902639931754085,0.0137260343649781,0.0655455209334912,0.1246096158287914,0.0794563550797111,0.1507012554220639,-0.081447311284947,0.0808294640459059,0.1028653627193865,0.0900423329354092,-0.0198603380189026,0.133598060954059,0.0272268429476472,0.0084511112155289,0.0249639533381418,-0.2043598775997764,-0.0261928728116006,-0.0166302044845511,-0.1408204410184111,-0.0014611457605884,-0.024327283936214,0.0179783403118363,0.0970143444525275,0.1713459533153454,-0.0388502132285275,0.2513596159552695,0.1748325081189818,0.0719854167260944,0.1044564948508102,-0.0003432093675124,0.064729563675886,0.2393622584647405,0.0491475797650808,-0.0061499682189412,0.1664897689152298,0.1309391858353861,-0.1585252693499602,-0.1418032353676783,0.0808115787361145,0.0855743379015736,-0.1124369836624835,-0.0638570491520771,stop,664,7,57.47452275984111,-0.0462527325499989,0.0009189454205141,0.050315734960016,-1.0,0.0198679163338237,1.0878435107725806,1.6480468512337585,619,0.5883710332496324,7,0.139181817868073,0.2499283436120976,-0.1953060111031325,0.0,-0.9650509103717329,-0.376679877122099,0.5654282409041774,0.0880595759825301,59.366642961129,57.47452275984111,64.85535147989151,1.0651005781231768,0.0743471899746226,0.0005696510034289,0.0177746112624545,-0.017920187198757,0.6722967835390588,-0.0008247731262503,1.0,0.0286534190629081,2019-04-30,3.0,11,0.1340871180742,0.1131639867184444,False,False,False,0.1,0.0,0.0,-0.055658022323923,-0.4896127216657255
PM,Falling Wedge,bullish,1,0.6058912540652739,3,23,1299,1300,2021-11-12,2021,1,76.13313349376183,75.37606201055229,80.88117134211524,73.93288291416187,0.9609250987238028,0.0100439245964263,True,-0.048421068903571,-0.0489546765712834,0.0180052719770325,-0.025948164339279,-0.0003472404823759,0.0543707643874511,-0.0128225769093117,0.0659381529798852,0.0337615143812877,-0.0161543429296954,0.0227517941485226,0.0434437327528183,0.0037358581206266,-0.0276378826358253,-0.0332389277019363,0.0551022085497319,0.0370882813048596,-0.0166497112435851,-0.0380329982441084,0.005418433002386,-0.0061076149121653,0.0102792144889054,-0.0570688572383322,-0.0805263401590096,-0.0719056167926215,-0.006705343300195,0.0785144452016624,0.0613993156543541,0.0531332981493832,0.0944948505835983,0.0035182578393027,-0.029940182082272,-0.1417441182128084,0.1358918854335236,-0.025380809410693,-0.0322854027022259,0.0323940766784247,-0.032721945209696,0.0709100222579295,-0.1796195459578677,-0.0013812089713034,0.02802045005812,-0.0663812255025172,-0.0403349829148961,-0.0322409364087206,-0.0790033852181647,-0.0350527913461172,-0.0306358970290586,0.0129770046306258,0.0374858229777101,-0.0117680493494463,0.0807418734550027,-0.0611651843431679,0.1069175081806117,-0.0980002305468347,0.0205496837621277,-0.0595659022713994,0.1025066762140307,0.020959557037482,0.0594654369670615,-0.0766179054050643,-0.120677043831305,-0.0645048481655032,0.0168311641096781,-0.0212472443530251,0.0803360260222683,0.081370910394843,-0.0004030524242722,-0.0403624014991884,0.0775293083785191,0.0716391853337379,0.0870861777509275,0.0239487995862377,-0.0191135550796368,0.0578843487632241,0.1611054021093292,0.0477744680420959,-0.1206023513812608,-0.0851805457984261,-0.0389872143943135,0.0841158768106313,0.1602721903963493,0.0600742266034504,0.1805078412700709,0.0695815011847804,0.0478224279811156,-0.1250606728468365,-0.0048440434812294,-0.139717616386568,0.0087854157753592,-0.0155595796265138,0.0555346535145797,0.1107119505083904,0.1309675342142675,0.035444281139241,-0.0778744399565501,-0.0562632264624487,0.0784027169517771,-0.1076489357842586,0.1825830715709335,0.1468037454032713,0.1830310152041103,0.0165756483790073,-0.0760106013074788,-0.0318860844643449,0.0802279735035909,0.0633621022831012,-0.0829414989707574,-0.1449398945277122,0.1713459533153454,0.0433272157972135,-0.0433783410192674,0.1977697572061463,-0.0365000410729444,0.0836404296489916,stop,1303,4,73.93288291416187,-0.0289000396887677,0.0055789345189145,0.0423157502204595,-1.0,0.1930424518096017,1.464210799575685,2.1579532314981407,1275,0.6437959005259186,5,0.0220512484227825,-0.0702500710466119,-0.0517233603687642,0.0,-1.0270640396584751,-0.3832681391325568,0.4182188446913108,0.0642004374107582,75.37606201055229,73.93288291416187,80.88117134211524,1.1397073640789108,0.0113256523963094,-0.02910725943368,0.0150078391475172,-0.004671300068357,0.0327876028716505,0.0048422653549624,1.0,0.0479958577856278,2021-11-12,57.0,11,-0.0563781557236463,0.0106781772858448,False,False,False,0.4,1.0,0.1,-0.0374644244235015,-1.356860263807996
PM,Falling Wedge,bullish,1,0.6273258305312353,3,20,1506,1507,2022-09-12,2022,2,80.82920643620045,79.43705309823065,86.62712607319077,78.11995720693966,1.0984592553268502,0.0175252389618265,True,-0.0107262568264611,0.0183503940427879,-0.0241148467329348,0.0217084793431046,-0.0549460617412117,-0.0346344721654175,-0.0344827322457031,0.0157619615327055,-0.0274874428809906,0.0169755551561496,-0.0060369615838871,-0.0112345289096487,0.0301796025729028,-0.0615978624000114,-0.0150420881901931,0.010929718560259,0.0423892071103113,-0.0071577299875548,0.031321701014078,-0.0099331934977785,-0.0004220426318707,0.0352219320856783,-0.0065961665468604,-0.070028839997164,0.0196197404283208,-0.0244679578637011,0.0378122972701537,0.0538469699633996,-0.0259791064995142,0.0038359492570554,0.004886598249471,0.0297821770881461,0.0288467701131307,0.0162308302934661,0.0414356355501557,0.0233014381867806,0.0351612126985727,0.049344555523356,0.030426789920027,-0.0303738670087133,0.0039090702756205,0.0027984660901634,0.021633490861916,0.0641413214340442,-0.0425479898567302,-0.086230072574504,-0.1212872081099785,-0.0209187638672621,0.0209093698302758,0.099628596788948,0.0491857127880266,-0.0467973769310816,-0.0289644384637416,0.0904221318037805,-0.0059269575907017,-0.1026791902202315,0.0964598677960437,0.0709403491954756,0.092178346376303,0.0661534231942613,-0.044159491712182,-0.1328633805122535,-0.0530520234446474,0.0238341003574462,0.0688701326217138,0.1558736386930637,0.0105449917333795,0.0042936889024358,-0.1430297826702942,-0.0491072169775201,0.0014593161218883,0.0415995411105871,0.0686358270342033,0.1778091601715001,-0.0811041367698996,0.0570469759396576,0.0771988844381896,0.0169931903971138,-0.2498868976729735,0.094951717510348,0.0179602250287771,-0.1060082794891806,-0.1426846997001252,0.0052597969639371,-0.0094489592631263,0.0239193637107366,-0.0394484335342225,-0.0168863114854974,-0.068650692669534,-0.0058115764738947,-0.0813983454979244,-0.0381095344649537,0.0631380130712857,0.079020800505875,-0.1216270410416483,-0.1622941818347892,0.0423070123318995,0.0279549264850509,0.1973115755235044,0.0297180522786877,0.0194764956137258,-0.0689872077470811,-0.0212972965913917,-0.0535188888864985,0.1274398398790541,0.0641953787409663,0.1281897856786187,-0.0343701125424578,-0.0783850857746478,-0.1922334224356473,-0.1384955295715266,0.024268959870296,-0.0607573374161923,0.3027435089429138,0.0615560414961439,stop,1508,2,78.11995720693966,-0.0335181965617742,0.0024752255160443,0.0399134762058183,-1.0,0.0738472164360777,1.190800230921064,2.140046613050899,1484,0.7273920218678485,5,0.1105871951926896,0.0825152006946003,-0.0797683174051548,0.0,-1.2152248125303635,-0.487832790662523,0.3060357708633205,0.0687104533880288,79.43705309823065,78.11995720693966,86.62712607319077,1.3874057761357232,0.0065688117295834,0.0137519968481316,0.0170416276562967,0.1277499053068733,0.4242459271589573,0.0045333649198517,0.0,-0.037766282177039,2022-09-12,56.0,7,-0.0594567311126561,-0.0708490267090307,False,False,False,0.5,0.0,0.0,0.0187992794842115,0.1462819553094383
PM,Falling Wedge,bullish,1,0.6749720375603517,3,22,1908,1909,2024-04-18,2024,1,83.91312296057934,81.72974222376416,87.22420404632032,80.22904590343427,0.7439655219502603,0.0267146411747807,True,0.0497049735993346,0.0415959252369064,-0.0438371762085207,0.0142221971691725,0.0356465039688964,0.0141494798965682,0.0146439991009068,0.0046925059103741,-0.0211769613571609,0.0348430112130029,-0.0562387290279754,0.0167024359715191,0.0213315302762289,-0.0428446620509541,0.029777348968575,-0.0045354059918321,0.0118375345436629,-0.0156168565906478,-0.0108115622692878,0.0106257665935678,-0.0107863460542743,-0.0524762192136719,0.0521975538569271,0.0630324142726381,0.0518399249530414,0.043473876532581,0.0197016916241339,0.0291994232873382,0.0291994232873382,0.0707280126840441,0.0090646552999746,-0.0165357087113864,0.0281906762325387,0.0113322842600438,-0.0160336606331595,-0.0352823924818873,-0.0548628514343578,-0.038368639006665,0.1052805110413055,0.0318546201243901,-0.0500409041703726,-0.0020561162364401,0.0639274663209943,0.1559224543509485,0.0458072500868447,0.0415073106497278,0.099628596788948,0.041063116350837,0.0456293724360006,0.0203008396550812,0.165931766678834,0.1107110084511011,0.1945534817984475,0.0227998291004472,0.0034127458056336,0.1311554528253278,-0.0607173395861271,0.0201881197298587,0.004634277367755,-0.070490701379279,0.1564335343411851,0.0393931853334383,0.0074633872430016,0.0363133634284469,0.1114103821690393,-0.0742277240520901,0.0167788129078547,0.0387799645860642,0.053605908846947,0.1164516448379986,0.029674282953281,0.0318658926927104,0.1461401201166992,0.0376963488022217,-0.0196423570758323,-0.0478561034630317,-0.0162793427072349,0.0837495600917905,0.0042631839127067,-0.0795988693995518,0.0580488973284334,0.1440308289793823,0.0607798108376911,-0.0377139537334048,0.1214686531928244,-0.0202200720913021,0.1129163518191327,-0.0037729630842653,-0.0558180661139474,-0.0175564291897619,0.1459334890479668,0.0840298958398372,0.1741389404549804,0.0395035778834402,0.0127336926966732,-0.0840475190051066,-0.0121025745306835,0.0586901674221693,-0.0537282741989177,0.0043966590615336,-0.0989524840092136,0.0451012530995429,-0.0430894750644569,0.1308760074659927,-0.0570555352105595,-0.0206426101049699,0.0488690105393079,-0.0437961187918044,0.0814708405482567,-0.174407949874058,0.3113280273692878,0.1501971766136702,0.1388126874106756,-0.0956010750392186,0.1591863451350744,target,1911,3,87.22420404632032,0.0394584418851442,0.0674021299191353,0.0017479097717842,0.8987545684798617,1.5352347760316205,0.039812567796123,0.8987545684798617,1885,0.5145835339589239,5,0.0392706987969654,0.0594514195887543,-0.2516028578221561,0.0,-1.444399964213325,-0.9298164302543964,0.7666537094509377,0.0405730675832696,81.72974222376416,80.22904590343427,87.22420404632032,1.1262099833120292,0.0020434638584863,0.0092032235736629,0.0134711767162119,0.0037988923027314,0.948264975928024,0.002318631126212,1.0,-0.0402703206232228,2024-04-18,61.0,4,0.1180808618127384,0.0551415684738438,False,False,False,0.0,0.0,0.0,-0.0140788240538046,-0.339395612545743
PFE,Falling Wedge,bullish,1,0.6069433845239812,13,142,673,674,2019-05-22,2019,0,27.88424528864464,27.76286782465005,31.00719909371083,25.380216693986537,1.0372062482775797,0.0043719353764606,True,0.0014336321374277,0.0160191872795429,0.0114565177454495,-0.002922940446517,0.0152330469592518,-0.0086673805160448,-0.004787164083995,-0.0393808711593749,0.0247050283552812,-0.0208664944512276,0.0174688940581666,0.0154012460811361,0.004183525880232,0.0063431900740065,0.0117185976023459,-0.0137757495641667,0.0104813816406015,-0.0324617089809334,-0.046949274391568,0.0111110760062727,-0.0206898348192016,-0.0616750732615402,0.007637331501019,0.0207934198332955,0.0150014355669985,-0.0284502490435584,-0.0822024596734175,0.0092551489760743,-0.0028579266677628,-0.0426100280985263,-0.0098656633109888,-0.074184755699492,0.0348837745145276,-0.0237921077684888,0.1411170670220922,0.0002748206419636,-0.0261334128640071,-0.0109402936855628,0.0244766903701294,0.033994638059166,0.0261985047588166,0.0281233610898261,0.0659124440355352,0.036428587777274,0.0343541486372733,0.0140943053797518,0.0420646435262139,-0.002786185439954,-0.0498873759763999,0.0060265837427981,0.0168444675402108,0.0754604104577472,0.1684078351507878,0.102311982293739,-0.041563402685157,-0.007337233402176,0.0170410889930321,0.1976446330595176,-0.0250506917451959,0.0115987186761461,0.168995531787476,0.0271338368279443,0.0044571946804448,-0.0390473900074929,0.0047428909163147,0.0134255183818736,-0.0647005501272541,0.0006141249807527,0.0127087348489585,0.0222272020382117,-0.0323543480493304,0.0100375305548545,-0.0086667876565674,-0.1634404056494678,0.0106695417172681,-0.0197471766267564,-0.078985518525967,0.0005913552495264,0.0060297986189654,0.0045066602004242,-0.1684085470901188,-0.0033226024291075,0.0533414534067016,-0.0050115344965977,-0.0473255998328284,-0.0351204948875466,-0.0311606541007685,0.2150933850381253,0.0377982146154189,-0.0998833139206389,0.1095529577406613,0.0328997889419326,-0.1640974502723671,-0.1891532636775919,-0.172438583007886,0.0375637773590227,0.0991886867876439,0.0458282028875114,-0.0640183951884353,0.0889480578339103,-0.0219359118325466,-0.0566592320618324,-0.0226538633944631,0.0777473260239414,0.05443805914444,0.0618915636919565,-0.1117522114364406,0.0675350624674009,0.0221347572504579,-0.0140799951780911,0.2022472538382818,0.0161795283411971,-0.0288676873355182,-0.0205778031767766,-0.1771333799230558,stop,722,49,25.380216693986537,-0.0898008380265477,0.0650093727832593,0.0910012889607612,-1.0,0.7239283531412121,1.013367925740946,1.2471717821946828,531,0.33664771453028,7,0.1671790596853912,0.2637793559932846,-0.0474281196589058,0.0083333333333333,-0.6827035083918185,-0.3460557938615387,1.489332714417427,0.141170684679659,27.76286782465005,25.380216693986537,31.00719909371083,0.4313683842681445,0.0038263457570237,0.0204196801456386,0.0154147091359773,-0.0178716269881248,0.666666666666664,0.0004800596160083,1.0,-0.022584736637122,2019-05-22,32.0,10,-0.0939408290192802,-0.0631154938433481,True,False,True,0.5555555555555556,1.0,0.1111111111111111,0.0792783325926634,1.94656602816283
PFE,Falling Wedge,bullish,1,0.670573394835155,3,21,1418,1419,2022-05-05,2022,1,37.5171626439657,38.16469448571513,45.74183952225002,36.36574713144262,1.1148788441981976,-0.0169667765057519,True,0.0563722018006604,0.1020057640795401,-1.58948802231329e-07,0.0044407998459417,0.0119609336803458,-1.58948802231329e-07,-0.0177383843381864,-0.0153542731333325,0.0680122336504767,0.0236970954910835,-0.0315850326855601,0.0220820779955528,0.0092414495219765,-0.008510494961393,0.0032516415707835,0.010581955433069,0.0592982356588811,0.0212899148384924,-0.0145288633257966,0.0005998686615227,0.0147221735413463,0.0216283356256978,0.0472177343419956,0.0618228932151203,0.1144623548257038,-0.0377142403451565,-0.0478260206768791,0.001430994115992,-0.0148577933773615,0.0227708286579912,0.0422697164449816,0.0200276452531642,-0.0589291239613367,-0.0406229561091073,-0.0651813845940203,-0.0681699532437823,-0.0576922352202795,-0.0018635935945245,0.0103046006314069,-0.0084302266327566,-0.0063642986350219,-0.0152832855838989,-0.0439781853432438,-0.0041579751750313,-0.0743159548542174,0.0842520653272744,0.1152808896319679,0.1166431707641094,-0.0433806010777373,-0.0449288542062785,0.0559840898448462,0.0519772832526816,0.1368074603706854,0.168995531787476,-0.0144151297332935,0.0904905284893016,0.0171806672315051,-0.0358551463304911,0.0007337420178026,0.0120622962365073,-0.0232514196742321,-0.034164536818745,0.113593767430818,-0.0057648319236514,0.0244656357550132,0.0305535462732409,-0.0870696071390318,0.0074588825918888,0.0942072244130526,0.0825771478601087,0.1494466641250009,0.0133317576447218,-0.057214799901383,0.0435088978868229,0.118499808577027,-0.0422761131141194,-0.0199436187618693,0.1050065391040588,0.1557935574097588,0.0111515897123024,0.0362723960669744,0.0336761007859591,-0.0054031537059322,-0.0038017504598072,0.077954117501849,0.0435088978868229,0.0374854763543794,-0.0338110648204045,-0.0091147534646625,-0.0083165783396337,0.015557688109637,0.0569838981364836,0.0497803700548169,0.0528874407012442,0.0059383517692379,0.295845728520739,-0.1011089214807984,0.1809683113826066,-0.0042643315418885,-0.0703509526471979,-0.0575015760984599,0.0222484249247461,0.0572790437273509,-0.0560892242310286,0.072831389911999,0.0003509891128714,0.0753651736188327,0.0215721369593717,0.0641599474742748,-0.0243661201606182,0.15284285105881,0.077819621608006,-0.121202439237225,-0.1319982516497548,0.0267633624037232,time,1478,60,39.38478088378906,0.0497803700548169,0.151338696606507,0.0297895893643896,1.6220193488021368,4.931146430770614,0.9706494806828944,7.143100634680269,1396,0.6576571195438055,5,0.0812389259801135,0.06169242522016,0.1815103035125651,0.0,-1.040802440589761,-0.3831453210459605,0.3757349808506768,0.1657438363256193,38.16469448571513,36.36574713144262,45.74183952225002,1.2916957924966286,-0.0120376460457448,-0.0453577727498549,0.0341736334952211,0.0987703140588907,0.4500007629394545,-0.004027176441838,0.0,-0.0732554094573395,2022-05-05,49.0,13,0.0761322890012854,0.0479547866998446,False,False,False,0.1666666666666666,0.0,0.0,-0.0579223119141226,-0.907863220930322
PFE,Falling Wedge,bullish,1,0.711119988350899,3,65,1633,1634,2023-03-15,2023,2,32.31808819921843,31.66004960480444,44.72144352868759,31.323287743062508,1.744515986190908,0.0207845092672922,True,-0.0012481021885442,-0.0187923195098278,0.0120572256223816,0.0127097513098743,-0.0336827495023616,0.0030396018670024,0.0151284219900653,-0.0175898101561426,0.0162381639039674,0.0228421965225342,0.0144414799732186,-0.0510556398271739,0.0099502500477168,-0.0150375585915673,-0.0140492029959141,0.0279566911380508,-0.003042587790249,-0.0178322486038681,-0.0111184413182852,-0.0243997136597146,0.0373161382614992,-0.0271823258988287,0.0009174156968454,0.0047429320960501,-0.0367795467504927,-0.0797793222184157,-0.0702719482901084,0.0665274857426525,0.0535855262946989,-0.0262295922571047,0.0171243820377875,0.1560861097695038,0.0237299246499094,-0.0271571347829896,-0.0029939800817498,0.083154948601386,0.07307168436954,0.0007123726715132,-0.1012986661685341,-0.0155208804190501,-0.0394277580204627,0.0069240630074112,-0.0570228956373908,-0.0554921114586128,-0.0673778426403701,0.0078257138375694,0.0351972776854172,-0.0377773469103319,0.11472959125013,0.0231048418022232,0.0811498001596988,0.0267174909161509,-0.0025038579164197,0.0770669658948239,-0.0500570178118374,0.0150957583290654,-0.0128235462745337,0.0321392345469009,-0.0482210823498133,0.0233657893305587,0.033160703643791,-0.0093173400743157,-0.0544465903951193,-0.0008786870171255,0.0328071402814866,-0.0090743435353125,0.1480024743773447,-0.0033713707979722,0.014364979967431,-0.0517562889162088,-0.1212533374516495,-0.0864430756289215,-0.0616918532220215,0.0384814650348899,-0.0048835757249453,0.0032414879544908,-0.040587565269579,-0.0038109168437263,0.0354387584692472,-0.1395851773327693,0.0270916358322284,-0.1702635650748103,-0.0081102628803789,0.3114592653431942,-0.0745294424895191,0.0377957851041206,0.0483385754087022,-0.0812908253766223,0.0178364578223091,0.1339934486144312,0.0355011718897146,-0.0526553784977106,-0.0166827822389672,-0.1322937698688944,0.067913514811291,0.1275086693321054,0.0390071032820931,-0.0758724698678632,0.0749510130118733,-0.103562509777059,-0.1191204299972467,0.1859811095679042,0.0086527142874239,-0.0236135989292621,0.1779243068042175,-0.163928380461094,0.1216181992921658,-0.0629101036222509,0.0055971694539129,0.1176554264869267,0.0201617268175544,-0.0199552717252559,0.0890629088469039,0.1307472870127191,-0.0465737014703202,stop,1662,29,31.323287743062508,-0.0307815378813149,0.0539192928452352,0.041437807764464,-1.0,1.7516763799499864,1.346190301609901,12.46818419987244,1566,0.9245964736887506,7,0.1840587813993244,0.0956307254259791,0.0161541591944363,0.0307692307692307,-2.32784863000932,-1.4032521563205729,0.064913627333219,0.1390246292620528,31.66004960480444,31.323287743062508,44.72144352868759,0.6736295262843368,-0.1393983029494191,-0.0790046195613236,0.0207298872654132,-0.1124012127207517,0.7663550735488084,-0.0035085932882166,0.0,-0.0566108587615079,2023-03-15,50.0,8,0.0763728847489169,-0.0077887601957364,False,True,True,0.0,0.0,0.0,-0.0435064235846398,-0.4200915082362262
PFE,Falling Wedge,bullish,1,0.6454736988996534,5,76,1807,1808,2023-11-21,2023,0,25.39613387611973,24.96999572988497,31.666395906334717,23.68219982283384,0.8434712900336238,0.0170660079739117,True,-0.0102007793996402,-0.0093873560438072,0.0142637001954069,0.0034566075064852,-0.0426203263050081,0.0069904854489835,-0.0184320894188839,0.0151284219900653,-0.0097145976088534,0.0432530156787109,-0.0123053885426775,0.0137954192507008,0.0161692936286124,0.0075292602204892,0.002251654772017,0.0592982356588811,0.0098438935234426,-0.0581674030679355,0.0094230206324965,-0.00831864329589,-0.0177884662873561,-0.0133118438544257,-0.0112379919059033,-0.0526489013750183,-0.0521651627925559,0.0261985047588166,0.0410525898837943,-0.0240938501007332,0.0046975093712435,-0.0028593010819969,0.00153849641469,-0.0713268816071988,0.0390247479468779,0.0492857372592605,-0.0269628703609244,0.0351913832677264,-0.030180651503975,0.0084325699265856,0.0225227512979713,-0.0071176660450501,0.0157650828412903,0.0082882921247431,-0.0913182475686131,0.033671092660827,0.0355318793250709,-0.0560159598155386,-0.0908193306665799,-0.1241800374238218,-0.003243258318036,-0.0629192695404189,0.109845594365397,0.0159912127178829,-0.0209904090062725,0.0508334590844992,0.0372815093739582,-0.0209904090062725,-1.0504654990306507e-07,0.0724669367022041,0.0649398816739661,0.0292974803301619,-0.00196219397666,0.035748968381116,-0.071428535212149,-0.0222224114399534,0.0732950843467989,-0.0279391046815732,-0.0002733717604654,-0.0849464463165202,-0.0994585613001356,-0.0684434763084709,-0.1353256733086074,0.0664162660669887,0.0434945380020772,-0.0422761131141194,0.0092697918467452,0.0097876494721425,-0.1866064993645728,-0.0833332770758905,0.0219912420984043,0.0447057834433564,-0.1014673447557417,-0.1414244487805755,-0.0250949859871773,-0.0219298073363921,0.0222126452892492,0.0363411172138619,-0.1374089701621628,0.0349120166479326,0.0116248617133578,0.0081858213780723,0.0393741651994679,-0.0488821988982221,-0.0784736769092114,-0.1747284838634518,-0.0105320312905429,-0.0638675754813876,0.3953847643528614,0.0916548185303449,0.2077973195419833,0.0002909382228852,-0.0418886429407882,0.1953737433617179,-0.0208119110799028,0.0938551769629789,0.0187000350757107,-0.0036683056005487,-0.1146096649844391,-0.004327811845579,-0.0551373750353246,-0.026662479162542,-0.1740152417475647,0.191204848998973,0.1079631836383534,-0.0191431397658708,-0.1168517093967773,stop,1814,7,23.68219982283384,-0.0674879909535177,0.0118460400321426,0.0687725775907512,-1.0,0.1755281178884345,1.019034299570694,3.658403319657405,1731,0.5359095277870733,7,0.052228207397051,-0.0899229303989491,0.2355649628144263,0.0,-2.00270270628211,-1.466793178495038,0.7186718724375755,0.1066528538112975,24.96999572988497,23.68219982283384,31.666395906334717,0.5557048528451541,-0.157973231432307,-0.0370048083222714,0.0219464675218698,-0.2166840494866344,0.8999977747613538,0.0013343512540962,1.0,0.0699666289087861,2023-11-21,50.0,8,-0.0142501898818512,-0.0220834903323026,False,False,False,0.2857142857142857,1.0,0.1428571428571428,0.0413817806408722,1.5102182292955246
PFE,Falling Wedge,bullish,1,0.725760133551517,3,55,2446,2447,2026-06-11,2026,0,25.83799333777844,25.53405951035063,27.943218156958324,24.612172389102355,1.3617163232122147,0.0119030750791744,True,-0.0410803383293149,-0.0518183323276196,-0.0379818867424841,-0.0096472198441261,-0.0326718682673758,-0.1012305479378685,-0.0102490250801242,0.0429774352239475,0.0503253637643617,-0.005255889235378,-0.0367865706827389,0.0412637871003689,0.0217139669087058,0.0136518532183498,0.007233684537157,-0.0289242379630871,0.0246507725725033,0.0317132898714296,0.0302800346351104,-0.0034698230469454,0.0059120425225023,-0.0054460029604918,-0.0409832962590057,-0.0760745623355333,-0.0627873271669375,-0.0339805537421897,0.0695023872039053,-0.0127777158303774,-0.0513911332893797,-0.0179711554022276,-0.0249491916692771,0.0669020936534341,-0.0716190203210695,0.016235572523628,0.0167585861571595,0.0057357980880425,-0.0465439426875873,-0.0318486124851663,0.0127960251404253,0.0084325699265856,0.0198444396861483,0.0170145742346727,-0.0173611746828808,-0.0171014911935448,-0.0825970518807247,-0.0673286125070121,-0.0688475561179898,-0.0828746279140147,0.0827644955388671,0.0120622962365073,-0.0755819326728831,0.0144846986372244,-0.0391293325893109,-0.041563402685157,-0.0245900465520695,0.0481072295336342,-0.1493286130871016,0.032664740535673,0.1011401130614901,-0.0387930792499215,0.0404930854332765,0.0317940197826804,0.0133427308345583,-0.0416094965302629,0.0056333407951072,0.0224643298715572,-0.0241162871350895,0.0092002786960956,-0.0678195145407336,0.046907895804354,0.0005854390858617,-0.0730272878263489,-0.106331713437359,-0.0452173602886082,-0.073143650494148,0.0056757758587779,-0.0091176403417023,-0.0407691799954529,0.0045019212514396,0.2245393371761621,0.026002790219354,0.1182193726299269,0.0436868407589738,0.177280820237405,0.0039331761563021,0.0760287658122025,0.032284904313417,0.016389160908292,-0.0112525236728555,0.000529648575859,-0.1402221221971695,0.0354083440221306,0.075547955765389,0.0387949946061092,-0.0619501965143844,-0.0365094764426392,-0.004327811845579,0.0995075188058112,0.0876201127415439,-0.0116401299085593,-0.0469096574063558,-0.0786916171967007,0.0484084252026133,0.0737207912538744,-0.0282265135009295,0.1194656067918897,0.0217553941664483,0.0302067574459874,-0.0677084639181857,0.0213603915343054,0.0160412177632329,0.0507957678801038,-0.0589367784262518,0.0472160910112962,0.064488084293513,stop,2451,5,24.612172389102355,-0.0474425754605245,0.0076074115110697,0.0513503473740607,-1.0,0.1603498848286522,1.0823684607254882,1.71739993630683,2391,0.5059304779329773,7,0.1434341236212543,0.0899247463565089,0.0715143089002228,0.0,-0.9585464959420822,-0.4526160180091071,0.7249944622685689,0.0841497776585765,25.53405951035063,24.612172389102355,27.943218156958324,0.4724491101025033,0.0399370161132148,-0.0017370140490196,0.0183688985862603,0.0678087431655045,0.5507245174951297,0.0074219000339739,1.0,-0.0061294618513026,2026-06-11,12.0,11,0.1466173274496292,0.093987310690248,False,False,False,0.1,1.0,0.1,0.0048414597402719,0.3791831239416959
PNW,Falling Wedge,bullish,1,0.6947313674933009,3,37,587,588,2019-01-17,2019,0,62.115946644747766,61.39612603354237,70.86078555932335,58.743432046780384,0.8322262182320339,0.0117242024490622,True,0.0164851662907243,0.0134659845303686,-0.0315130046976894,-0.018621806858627,0.0219885638970103,0.0215053030971965,-0.0179269985096,0.0184506884885802,0.0341528830542847,-0.0375472013791035,-0.0061918898090583,-0.0253086822622187,-0.0155476751943168,-0.0261907978122898,0.0596569120379708,0.0149894420273373,0.0309116849302484,0.0184832425960954,0.0695203280215108,-0.0175751250275438,0.010897319057052,-0.0209245030110596,0.0123247321584354,0.0334911548600476,0.0143199614735565,0.0190049675047461,0.0208335697765338,-0.0150546244283478,0.0523207666887486,-0.0003895428266971,-0.0650931928646426,0.0978501754189777,0.0978501754189777,-0.0607830794544943,0.0016649807127986,0.0520686662266391,0.0130196031700329,-0.0012526265718916,-0.0316326374910316,-0.1219418523552346,0.0492208240983504,0.0365290478547835,0.0782848591483995,0.0148712052942299,0.0326997544041682,0.0199876028737952,0.0607288389434319,0.0139706389869525,0.0417293587133904,0.0919383187991473,0.0125044154455762,-0.0165823669616378,-0.0270755748295189,-0.0857298330845293,0.0638412178220617,0.0047563093800089,-0.0439350649528315,0.0765027267399995,-0.0292851059556877,0.0004882135108046,0.0063760246425852,0.060191732625642,-0.0745713057453594,0.0128273346702627,0.025259284527114,-0.0178430213636834,0.0301270415152474,0.0151026262867721,0.0533977223541637,0.1234575594716145,0.0532880124814796,0.0507151780465275,0.0922187730907699,-0.0190839419629816,0.0811757568494722,-0.0253109463692973,0.1125992701729898,0.0521074052917092,-0.0123061684811193,-0.0028365518708761,-0.0068776019810848,-0.0219682695330467,0.0802661265244777,0.0656376314710291,-0.0372436744429045,-0.0857991141442272,-0.082764796154111,0.0807979630148518,0.1053257509044505,0.0536917910054481,0.0295380349528826,0.0979634286523665,0.1298246874712472,0.0306958804465176,0.0788805038987783,0.0293921848854867,0.0617790033665095,0.0361682050982008,-0.0686301531638685,0.0833470076606244,0.0690428118186652,-0.02277172410572,0.0511190215452759,0.0489446402830471,-0.0570601122792515,0.0636529151018643,-0.1545344848150877,0.0361682050982008,-0.0824894359333487,0.0970486114857851,0.0248652142920939,0.0587771709682247,-0.0278082928058885,0.0815082894098284,0.1094547083807761,target,631,44,70.86078555932335,0.1407825105618831,0.1469217085839851,0.0085349594052226,2.592972887306732,2.706046407288603,0.157199344177613,2.592972887306732,550,0.599122363821524,5,0.0301382046985633,0.1005472826610576,0.322602927833411,0.0,-1.1410157095463274,-0.5418933457248045,0.5337750256184077,0.119894551650768,61.39612603354237,58.743432046780384,70.86078555932335,1.3113945498834323,0.0577017916655975,-0.0224533648681064,0.0211071132429774,0.0884513048951258,0.7977540611203866,0.0017695938353514,0.0,0.0369124002584109,2019-01-17,1.0,25,0.0734814853278553,0.0562710402142689,False,False,False,0.0,2.0,0.0833333333333333,-0.0281820052028767,-1.3400527295097016
PNW,Falling Wedge,bullish,1,0.6945183308949973,3,29,1012,1013,2020-09-24,2020,2,55.770134713522296,54.31822858747034,64.16030418375476,53.42094298799252,0.9329088235651528,0.0267296295149592,True,0.0419144958224946,-0.0029114979052853,0.0006049086269157,0.0377489634572645,0.0138715340586164,-0.0170891263840741,-0.0596598181224594,-0.0045875926704297,-0.007234781728439,0.0309725653096728,0.010253921751955,0.0497581752614606,-0.0082930417485045,0.0476313885155823,0.0215053030971965,-0.0257271297078021,0.0268518548310709,0.0098972605769058,0.0151016871192164,-0.0295452870769941,0.006225798198101,0.0344583899955179,0.0342772471544559,0.1556229799091995,0.0899030365727959,0.0482685085870664,0.0283381742436663,0.0175933733034654,0.0023192124260531,0.0426379301943244,0.0350318323639198,0.0033281809372935,-0.001942825673841,-0.058286358154774,0.038117525165882,-0.0228175692008647,0.0306723056210618,0.0628908184059924,-0.1086653365092327,0.0849895696033085,-0.0051644504243171,0.0027116076000452,-0.0004044188137087,-0.0083191559947456,0.0652492422909298,0.1427955716106232,0.1859179095486511,0.1176247330143647,-0.0261472224841307,0.0131125014291209,0.0623270770958661,-0.005507989533939,-0.0414450904002546,-0.0446300542936324,0.0769548712275005,-0.0269306963811195,0.0196344153505714,0.0458472365202848,0.0368619534772034,0.0311477794615402,0.0097572545175157,0.043346346555676,0.0171937625354976,-0.0005479774258367,-0.0005424827609097,0.0630238323768361,0.0204261960389207,-0.0071670144875881,0.171582174607695,0.1673989226071699,0.0582789339536413,0.0260962057415972,-0.0243596550894301,-0.0552638587552928,0.0170662929823588,0.0392218024723132,-0.0216450201623723,0.0409927945219776,-0.0021264789363321,0.0545493965854901,0.0296179519474721,0.1008523446971001,0.0030453906292755,0.0432570553676305,-0.0523965964409699,-0.0455034504678253,0.0534322233676753,0.0492979406095241,0.0470806871877391,0.064949266664948,0.0336844653932524,0.1473064846913633,0.0989338563337605,-0.0504046549896719,0.0704373645875797,-0.1089090619943953,-0.0468545888900597,0.0750812992059857,-0.0383322922757028,-0.2443400042199066,-0.0399315066254968,0.0670059230540216,-0.0106911052487014,0.0399461360112118,0.0939250686908179,0.1611453454668892,-0.0536016374474452,-0.0162421985844398,0.0779895269430268,0.1235284402302816,0.0810411441078826,-0.0710005710372622,-0.0246559829016398,-0.0279570935447724,0.0935546460573667,target,1021,9,64.16030418375476,0.1504419796245919,0.1536867829055843,0.004011632478276,3.5715132907427365,3.648545366981224,0.0952367068652707,3.5715132907427365,981,0.8477729849322629,6,0.0950967369958363,0.0816025861868607,-0.0013108225384808,0.0,-1.2915039243408395,-0.4437309394085759,0.1388865398399691,0.1180803283914638,54.31822858747034,53.42094298799252,64.16030418375476,1.3418188076776818,-0.0944634625136394,-0.0484012788234941,0.0239043946889771,-0.0646558850497632,0.8939398318064891,0.0009867860991918,1.0,-0.0655264663059332,2020-09-24,1.0,26,0.0573865106936579,-0.0344141982912716,False,False,False,0.12,3.0,0.12,0.0112754448670425,0.5755610536219192
PNW,Falling Wedge,bullish,1,0.8099792193509951,5,57,1096,1097,2021-01-26,2021,1,59.90842239521496,60.12582934925626,73.35348515122152,58.26330481947646,1.1489344559481127,-0.0036158661991743,True,0.0085755913881784,0.0050776883781955,0.0029265057298042,-0.0298215414728666,0.0110091860892984,-0.0009728469456865,-0.0276873518942081,0.0033093476435164,-0.0281292778335653,0.0204126921462795,-0.0146955118962881,0.0131225398407996,0.0314586528015796,0.0197005034320962,-0.0116515612043887,-0.0277071576785461,-0.0065143390483921,-0.0737960542641645,0.0202212463634174,0.0351889984594657,-0.0169944959669943,-0.0038857235766676,0.0128009008519539,0.0080498229892964,-0.0183298999180012,-0.0228102200143941,0.0298902525849811,0.0003309498791419,0.0591420649524059,-0.0008014649964084,-0.0400431063119663,0.0106460872630413,-0.0374770447014584,0.0416914597916306,0.0226101635676982,0.0490533224651414,-0.0446706719932685,0.0426492077891196,0.0121058155741553,-0.0180941506896578,-0.0492157285346998,0.075589472585146,-0.0036746421056496,0.024399351612361,0.0719886688751314,-0.003115666390326,-0.0392888812809559,-0.0696658389303208,0.152779002269964,0.0445578240419566,0.0555920152684976,0.0508979600119279,0.0269920063172408,-0.2639188350644987,-0.0444054176054935,0.0077506534991429,0.0160042400324029,0.0469583942785187,0.0617125788820067,0.0400650568606304,-0.1875497903290625,-0.0766041707476099,0.0369478151052033,-0.0346432047757149,0.0010885235166764,0.00918104636159,0.0135523894881623,0.0146701314121071,-0.0378702922221384,0.0467095599872242,0.0241718259772871,-0.0101177413320442,0.0642232038777663,0.0504984180100689,0.0308729563839846,0.0775658038456088,-0.030886902407672,0.0253133360495159,0.0709574063274673,-0.0163983078532381,0.1569752591949202,-0.0702820533968835,-0.0825832031744517,-0.0883801645499038,0.0297987306331544,-0.1094946018118787,0.0243217833530513,-0.0833068340397077,0.0268102454933047,0.0669630947555357,0.098506605422461,0.0351417082481712,0.1106168139358387,0.0227723567327211,-0.1090712661294871,0.0612962443396618,0.045860559340483,0.0432699798722995,-0.0069226725618465,0.1266539693319708,0.0127646997274959,-0.1008966309267342,0.2224055422242958,-0.0289421634567337,0.0202934957292564,0.129771277595277,0.0297360815830123,0.102851975640537,0.065731308774799,0.0570345556564713,0.1262970876835321,-0.0044128102037437,0.0243011640602941,0.1215143763956492,0.0636399752020142,stop,1114,18,58.26330481947646,-0.0274605391022598,0.0289575380215665,0.0386314826717305,-1.0,1.0545145495407808,1.4067998639018455,8.172706288163623,1038,0.774038638449402,6,0.0405360458657549,0.0784202608930277,-0.0789256535947712,0.0,-1.1063921761460245,-0.3323535376966243,0.2012637550835774,0.1748919812168764,60.12582934925626,58.26330481947646,73.35348515122152,1.3809324930560736,0.0008771832699165,-0.0390839880662657,0.0228663204571614,-0.0155881400102101,0.2874261618796588,0.001531258810393,1.0,0.0400810947325742,2021-01-26,59.0,11,0.1118178798154725,0.0521937131835961,False,True,False,0.0,1.0,0.1,-0.0082262918790489,-0.1581290839406717
PNW,Falling Wedge,bullish,1,0.6484819895895104,3,17,1372,1373,2022-03-01,2022,2,57.45435262988707,56.36687888249202,60.008255400188204,54.48602243766459,2.4245872255562286,0.019292779180875,True,0.0556351321297974,0.0929180921484783,0.0352863843744499,0.0361196180149567,0.0134010309460723,0.0093152632997759,-0.0125007251197715,-0.002962413642423,0.0111892189342128,-0.0295452870769941,0.0384663596732519,0.0032938102803339,-0.018268419710658,-0.0506682225196222,0.008916246678126,0.0107361001621562,-0.0238362220435591,0.0058923373463175,-0.0260986741552792,0.0219408348424818,-0.0348081269572516,0.0109154645457678,0.0552959032361802,0.0577860069071356,0.0721257179370179,-0.0069635979632701,-0.0214784300210465,0.0175779039934453,-0.0371463799598531,-0.0335171015848454,0.0472575247632804,0.0278821522051564,-0.0279788269169677,0.0263478995529804,-0.0263798728785861,0.0177753517212908,0.1278853695992958,-0.0244565491255533,-0.0173945573711185,-0.0172999228269699,-0.0754984643372336,0.0105545260785955,-0.0100039205702745,0.0313854003194891,-0.0074912580301966,0.0577331445747547,0.1121305355458566,0.041326085474681,0.0073753213459983,0.0583332745613223,0.0537434101953369,-0.0128883120524176,-0.0541227877999477,-0.0320248374156673,0.0195195543694255,0.0670342681240083,0.09848275151457,-0.0310286083772216,0.0736312244988643,-0.0711296083203457,-0.0309709595474336,0.0914581910058764,0.0061670956665345,-0.0389565515728442,0.0219261070199212,0.1006710959877024,-0.0760856797339377,0.0277288388862779,0.0981873461280554,0.0669630947555357,0.0988887817932976,-0.0227241765228988,-0.1552432839096087,-0.0227713909381369,0.0403001417886943,0.0415037065059649,0.0218750226589778,0.0511867800738521,0.0088516890633971,0.127273704159937,-0.071042467241383,-0.069396987147226,-0.0021050644676603,-0.0230967107040122,-0.0004149515908389,0.0394504032914793,-0.0840199389796879,-0.0225191490649504,-0.0833068340397077,-0.0201404187318541,-0.0258273687668854,0.0805714594836631,0.1281551003980054,0.2062492629416178,0.0752085075751538,0.0312817716268114,0.058093642023812,0.0636708536384345,-0.0273184654597882,-0.0139646476167178,-0.0170486939111238,0.1399195792560332,0.011636039606939,0.0239165893662529,-0.0189063113635123,0.0856561531858182,-0.2454775181629578,0.0391169481857374,-0.2583480875288241,0.0031599287781773,0.1259276949705703,0.1001574411159913,0.0255290856769359,0.0597903033537599,0.1150550596821303,target,1374,2,60.008255400188204,0.044450988539598,0.0500431430649662,0.0032979027041028,0.8603836517220306,0.9686241766148368,0.0638334863813507,0.8603836517220306,1353,0.430289800980031,5,0.0565700109532522,0.0041679467795381,-0.0220225461328709,0.0,-0.9890870337453984,-0.5587972327653693,1.187308340668551,0.0607441018567154,56.36687888249202,54.48602243766459,60.008255400188204,1.4570124655963386,-0.0410177540294416,0.0075926595254591,0.0253304221714937,-0.0640800129948622,0.5132283248427629,-0.0012705813692777,0.0,-0.0442977118354123,2022-03-01,58.0,10,0.0462528962854345,0.0413844120082615,False,False,False,0.1111111111111111,1.0,0.1111111111111111,0.0273736800312679,1.0068787998101167
PNW,Falling Wedge,bullish,1,0.617127303388982,5,53,1759,1760,2023-09-14,2023,0,69.8825319705809,68.06492154374712,78.48756790857584,64.32947448594331,0.7334608030592734,0.0267040699615814,True,-0.0098507363417872,0.025373077354326,0.0107361001621562,-0.0243902736771962,0.0112868376806383,-0.0048853224835364,0.0237725313014138,0.0367987652490171,-0.0191344383245188,-0.0138991008636616,0.0037609166217857,0.0034028927180098,-0.0208801624389478,0.006615879457446,0.0064063655767554,0.0298875582267201,-0.0133688170625553,-0.0024900398027938,0.0228848607079785,-0.0138965593579322,-0.0026556602483329,0.0031850852804158,-0.0120076072779303,-0.0721140784449171,-0.030471664696111,-0.0319977588440187,-0.0017049929056363,0.0095762429075769,0.0118354828741265,0.0163864494594256,-0.0711141227024537,0.0415482402766496,0.0236768091245545,0.1683101693967976,0.0304497450810152,-0.0358254120192527,0.0277954165920979,0.0241148093942535,0.0097734647917462,-0.0195078513053796,-0.073744290783046,0.009816638254704,0.0042220979152889,-0.0188571378114886,0.0011546252167258,-0.0784095096906014,-0.0553168084935551,-0.0251695919575267,0.0302737128555101,-0.0226880502634178,-0.0081055066808166,0.0732241154959238,0.097930894982968,0.0339621739830575,-0.0620638339240632,-0.0232008359150593,0.0222785885327987,0.0192421567782028,0.1581431439068115,-0.007370123566778,-0.0168530507321196,-0.2288617588915636,0.1082239809145639,-0.0745553428505567,-0.0120562342337051,0.0344792633879333,0.0050273854351312,-0.0218395755896404,-0.0605763636748141,-0.0923130092706269,-0.062568464196957,0.0243217833530513,-0.0057433039524105,-0.1159006919523247,0.0745329916260226,0.0177353702772506,0.0702827516782476,-0.2270686914583278,-0.0134883147474068,0.1387172733055606,0.2937353251391557,0.0764217162451772,0.0665000146590337,0.033040566153057,0.0673883731640774,0.0569621322679867,-0.0296201231402628,0.1448453984362483,-0.0277189929574127,0.0247778497834085,-0.1112958252113649,-0.1202342894040652,-0.03761131539521,-0.0668191713510255,-0.0084147324834452,0.0056133004679874,0.0432699798722995,0.1505816121622816,0.0080673394664081,0.0207364667355545,-0.0055221644343272,0.1353550409841351,0.0959750265023631,0.2024700638020244,-0.0675968107215367,0.0830103300866744,0.0792575872923664,0.014128773460297,0.0817203505311607,-0.0366487394740444,0.100089450424277,0.0784111449679703,-0.0638921150223151,0.0980988421776065,-0.0883468527350968,stop,1771,12,64.32947448594331,-0.0794627402306389,0.0127559712752707,0.1086131516166341,-1.0,0.160527704408969,1.366843772331368,1.549603252226468,1706,0.5160226511720888,5,0.0278266821594027,0.012738242823103,0.0943270828388322,0.0,-1.034522097526947,-0.5184994463548628,0.7185145861638864,0.1267004886623622,68.06492154374712,64.32947448594331,78.48756790857584,1.137898061747414,0.0232107075045686,-0.0100791706105414,0.0163823200390589,0.0279265182071268,0.9909890714138416,0.0064584006429222,1.0,0.0243833761046763,2023-09-14,56.0,10,0.0089548847643801,-0.0056865870286827,False,True,False,0.0,2.0,0.2222222222222222,-0.010448493170495,-0.6221698002274901
PNW,Falling Wedge,bullish,1,0.6085108155044526,3,61,1867,1868,2024-02-20,2024,0,62.850373006369445,61.40105470116293,72.02505738642424,58.5824654671942,0.8119357803124493,0.0236041271971678,True,-0.0069077585644617,-0.0301405850116495,0.0258653386803915,-0.0056553247651328,-0.0026628100624632,0.0547273830319443,-0.0026556602483329,-0.0401433614009786,0.0021843843919155,0.0137991670382056,0.0349096183115931,-0.0027061859648023,-0.0498598064303602,-0.0208801624389478,0.0123540301364515,-0.0488722053163647,-0.0024738099322423,0.0283701433623266,-0.0079121069539754,-0.0813095451687638,0.0152586393528446,-0.0161936338176492,-0.0022149631547447,-0.0126638810387613,-0.0364011958592045,0.075589472585146,-0.0164496040977379,-0.0107162098996046,0.0298600744762469,0.0277742095994892,0.001964173848171,-0.0064158624759875,-0.0241328945042055,-0.0032341984602679,-0.0435711960396673,-0.0462332634625147,0.0032823954800209,0.0267245828453983,-0.057525607985192,-0.0280493446690657,-0.0380989318212519,0.007821268413314,0.0156784537460199,0.0223505590570469,-0.0856604504316029,-0.0052117623489491,0.0433153917638513,-0.0008739451660242,-0.0086979766958019,-0.0304670319779332,0.0544904987646686,0.0119139596862982,0.1263325065674616,0.067578316296305,0.0026510886951509,-0.0100606045708308,0.0555920152684976,-0.0261560209716346,0.0168964462173975,0.0617161713350342,0.0654108645504378,-0.0766041707476099,0.0453600446295181,-0.04281049615937,-0.0299061518949715,-0.023170635527034,0.0459970206736159,0.0224441539059767,0.0268898918615925,0.0356884703078743,0.0221944904825119,-0.1418122091088633,0.0518700606427309,-0.0496232081397982,0.0354931136522762,0.0253133360495159,0.1085683875108911,0.0565698500851792,0.036413696113057,-0.1073461445888909,0.2908685661342007,0.1238517220394037,-0.0415637371076468,0.0379006074883565,0.024800809064331,-0.0469068878720057,0.05805262079719,-0.0050328116153184,0.088015646900589,-0.0817476392460948,0.165781236712597,0.0042151195322893,0.1291080007050598,0.0564301736086212,-0.0969169352698746,-0.0886270835570524,-0.0306164161281327,0.0119765879506952,0.1426584235572954,-0.0550104892473977,0.1510045862588673,-0.0468545888900597,-0.0322789168327218,-0.0961016024609372,0.0411966238536718,-0.0345937886547715,-0.0172359084318159,0.0110095820966531,0.0080614852582252,0.1350580887408019,-0.0715784801210336,0.0550951390059153,-0.0171223554576167,0.0288387972142083,0.1292098632608138,time,1927,60,70.96485900878906,0.1291080007050598,0.1372624721561543,0.0391426221044486,1.9012797086011155,2.021364684122896,0.5764249523051688,2.1496914578959587,1806,0.5874713930029095,7,0.1262726513399545,-0.0202611092680475,0.204344363945254,0.0,-1.122390287037826,-0.534918894034918,0.5068749086050629,0.1308108379425605,61.40105470116293,58.5824654671942,72.02505738642424,1.334710628956363,-0.0701679083764935,-0.0177228402412423,0.021356179522987,-0.0950470285164892,0.7547168000614227,0.0029447621772673,1.0,0.0275312588744041,2024-02-20,28.0,24,-0.0116758409843473,-0.017857819264295,False,True,False,0.1739130434782608,14.0,0.6086956521739131,-0.0044765933134217,-0.242810422994633
PNW,Falling Wedge,bullish,1,0.7435141174574794,3,21,1958,1959,2024-07-01,2024,1,69.41816413899726,69.65724279122554,72.46807335279897,68.05015088629608,1.552639370170676,-0.0034322152679061,True,0.021094195088563,-0.0011974182031093,-0.0808980610593101,0.037249596959781,-0.0445478246066954,0.0127543039140556,0.0137313157207101,-0.0010048095162875,-0.0118087291663494,0.0134326268083568,0.0093864242947667,-0.0138984334660375,0.0251362710739544,-0.0414795622050914,-0.0032776330206832,-0.0146860681571707,0.0029823197514886,-0.0014509597381199,-0.0361593778998865,0.0211569699269826,0.0177467397504162,-0.0620357120865974,0.0289777252246488,0.0619643004959322,0.0230457719348575,-0.0650295561973096,-0.0127067285708327,0.0258641969035935,0.0436201011016841,0.0290258788789024,-0.010592089196535,-0.0319783745579579,-0.0076751296546738,-0.0067129384314911,-0.0184103564724431,-0.0157098868561247,0.0245639945994791,-0.0230838162775953,-0.0090940147782758,0.0323799509835627,0.0402048859815098,0.0485259268677766,-0.0290414055312423,0.0168968906087243,-0.0150546244283478,0.0611646552473121,0.1265655057558856,0.129692145393114,0.0563974056163574,0.0085538216506384,-0.0097714254808943,0.0092377314660101,0.0753019107526284,0.0574446819177594,-0.012647833728092,0.0564007948345759,0.0586550850818343,0.0159658772634494,-0.0005905100323595,0.0077167372480395,-0.0339834963815897,0.0307066064086072,-0.0323884021286746,0.0453302891771985,-0.0365044472287894,0.0327963774233683,0.0775820374621747,-0.040595488052585,0.1082851180924028,0.1510568176167706,0.1182077158657668,-0.039999319877744,0.10101064402416,0.000832146557355,-0.0727931505608602,-0.0796204467617613,0.0524306198915853,0.0352954787982795,0.0431209699661621,0.0275299909235071,0.0173291170970131,0.0459772684323378,-0.181517363899944,-0.1978233003937585,0.1764336507622645,0.0416584651540863,-0.0052575145540698,-0.0472222932504854,0.0970016937606901,0.052946776812097,0.0832870343841736,0.1435257942535161,0.1848916922773789,0.1332300794431902,0.1274265890271284,0.029168224187374,-0.044740617998309,0.075576764570705,0.1184982097202405,0.094643066456626,0.0022727757355693,-0.0153944206745212,0.1068577171721356,-0.0102143543170365,0.0110276377077207,-0.1162131564570959,0.0755840569841455,0.0228887248186229,0.024294385469848,0.0429324270941127,0.0651250528028422,-0.2729873249397953,0.1704245100715697,0.0922914914019761,0.1549186043356859,target,1965,7,72.46807335279897,0.0439353194027838,0.0580091037329026,0.009887894479946,2.229444201494096,2.943601223552164,0.5017491465398223,2.229444201494096,1936,0.4777555090413561,5,0.006031517417057,0.0282418417022547,-0.0842028713138263,0.0,-0.7468413121845399,-0.2690858031431903,0.8937759746138129,0.0491309464244884,69.65724279122554,68.05015088629608,72.46807335279897,1.1681897453403078,0.0494516637578086,-0.0046220091798017,0.01685719271551,0.0800346250959413,0.146198908683682,0.0054988409911611,1.0,0.037410723518358,2024-07-01,28.0,24,0.0343010132439722,0.0380551614082458,False,False,False,0.0434782608695652,8.0,0.3478260869565217,0.0014319504273546,0.2117801216136329
PNW,Falling Wedge,bullish,1,0.6679821633986468,3,32,2504,2505,2026-09-03,2026,2,97.4000015258789,96.9148018038403,109.65291315204227,96.43398457949922,0.9710627891922994,0.0050064563204768,False,-0.0133470537103883,-0.0033471422576534,-0.0039551713904486,0.0215053030971965,0.0067326958987772,-0.024514253767336,-0.0154941617408055,-0.006301835455116,-0.0334166273583553,0.00940192883832,-0.0183575992089993,-0.0040044944691449,-0.0310771011277719,0.0229561426403475,-0.0003212261934067,0.0113626904095307,-0.0152214642070291,0.0036321239248171,0.0139736526915656,0.0139340437341912,0.0113675179262684,-0.0162972257806863,-0.010642300633484,,,,,,,,,,,,,,,,,,,,,,,,,,,,,,,,,,,,,,,,,,,,,,,,,,,,,,,,,,,,,,,,,,,,,,,,,,,,,,,,,,,,,,,,,,,,,stop,2508,4,96.43398457949922,-0.00991803830848,0.0146817277492117,0.0104723229618219,-1.0,1.4803056100981915,1.055886520711253,12.683951013575196,2470,0.9184762998973632,6,0.1500236939850331,0.0901639957300748,-0.2971177632632722,0.0,-1.3318823814415708,-0.4134060815442118,0.0547359796962183,0.0867851239513314,96.9148018038403,96.43398457949922,109.65291315204227,1.4964288984026195,0.0103326926851752,-0.0449055054966776,0.0152696826367614,-0.0197687625895635,0.8425945548820867,0.0030807461513591,1.0,0.0059982114164236,2026-09-03,13.0,27,-0.0521410297863443,-0.0171851855294317,False,False,True,0.2307692307692307,1.0,0.0384615384615384,-0.0090622326269431,-0.6041728122412455
PNC,Falling Wedge,bullish,1,0.6043532378060199,3,30,741,742,2019-08-28,2019,1,99.0483979991678,96.16670016338082,118.92486361240526,93.42520078330848,0.7892939063397774,0.0299656516329578,True,0.0316812075089587,0.0107708169977935,0.0680327351528511,-0.0049391625819352,-0.0160048216190775,0.0229805034755155,0.0032669551475559,0.0008525910062939,0.0191072888604595,0.0123765481030586,-0.0921984411925832,0.0057351766808175,0.0487704725933382,0.0309852653233841,-0.0017842331615252,-0.0033161500931719,0.0469316533692973,0.080852348088324,0.0068122337467728,0.0594508141385987,0.0178851951519638,-0.0284954308284283,0.0178161304408832,0.0756745253151063,0.0428694124504176,-0.0183139870723327,0.0818574310980517,-0.0040676905181109,0.0388182062118769,-0.0053935438605369,-0.0220939394990449,0.0423014281018028,-0.026641507698225,-0.0169902870684359,0.006984850334273,0.0422270772715969,0.0283348845757029,-0.0749647072217871,0.0145580651802941,0.0781251826907369,0.0168962598513384,0.0075003091594294,0.0231653819930202,0.0132038304271173,-0.0149452634163671,0.0651464262880863,0.098651120887397,0.0758499444488871,0.1500163001534271,0.1254566851418881,0.0941216730657674,0.0715195392968661,-0.0557406684741436,0.1285916332950545,0.1008229441618602,0.025374153341144,0.1004895029697217,0.0252440647897265,0.0144120627368322,0.1168908276755069,0.0509464599824029,-0.015516220524288,0.0295737035245311,0.0083672124060343,0.0178910600690296,-0.0028794907718763,-0.0333970349393556,0.0649873131158009,0.0477925348366004,0.1511123948113206,0.1167061562201794,0.0468089320868865,0.0897396566405084,0.062865518636666,0.0908719101545725,0.0344657914280297,-0.0594841105885686,-0.0808869725404957,0.1763895892820575,0.0253248851706378,-0.0045393455390575,-0.1581206661418122,-0.0777144820008999,0.2326823447272135,0.1039454369687797,0.1749319431014027,0.027147768905898,0.1586608594613239,0.0124893334179954,-0.0607608248281553,-0.0470568366678794,0.1137243582275655,0.1992603144196649,0.1307601432708518,0.1005792722927212,0.0533290792883616,0.0690478648035524,0.1482718264873224,0.2076591143824033,0.0696910954378582,0.2395478191866829,0.2980800038391462,0.3041192554716765,-0.024348645051202,0.0861803438223687,-0.1340580891961098,-0.1349756725249105,-0.0127713423386991,-0.0844133288713204,0.0717630250318308,-0.039182608992944,0.0581149556300406,-0.0875027366444938,-0.0213965111386641,0.1408735783738839,target,789,48,118.92486361240526,0.2006742765633065,0.202817937023131,0.0179578089375857,3.5347267488999035,3.5724857187971253,0.3163133247090259,3.5347267488999035,710,0.7344044804457626,5,0.0772351701440524,0.0335939067098474,0.112103872195256,0.0,-1.6513793078526862,-0.9169748274069334,0.2708709684979529,0.1203328453801159,96.16670016338082,93.42520078330848,118.92486361240526,2.422839436893155,-0.0085793916828109,-0.0586497014477127,0.0246467184089682,0.0199235512531863,0.8345665942031705,-0.0076533063493197,1.0,-0.0287127932019778,2019-08-28,9.0,15,-0.0464986622771088,-0.0236014696006943,False,False,False,0.2857142857142857,2.0,0.1428571428571428,-0.0217030651262141,-0.7898559108999345
PNC,Falling Wedge,bullish,1,0.6682091009158777,5,109,1434,1435,2022-05-27,2022,1,146.49308483236933,144.6963929117161,199.2372511754263,130.56163488297528,1.1788660401752633,0.0124169779529297,True,0.0031879554913232,0.0074436434789842,0.070139941433827,0.0011659235410699,0.016575077715659,0.0189455254832571,0.0315421155607722,0.0111950679423789,0.0092825184003131,-0.0150144381357213,0.0032418276673407,0.0101312061073124,-0.01675932920875,-0.1009984865959675,0.013438792037151,-0.0035937388984091,0.0401777145717299,0.0026101852061199,-0.0059653952207215,0.0125701830647957,0.0080535152413108,0.0162168199993892,-0.0029597958043196,-0.0985334962404369,-0.005316331468764,0.032920128868678,-0.0100504031690661,0.0422270772715969,0.0073733931091406,0.0753331580532403,0.0043348819107722,-0.0433308080578614,0.0056712737299724,-0.0395560195891938,0.0230457254641083,0.028779650490482,-0.0232474035266114,-0.1081764635121216,-0.0275796418230962,0.0100376751490771,-0.0111034390263563,-0.073422882798802,0.0310314977528141,-0.0089965609118186,0.0006340584667632,-0.0943297411330228,-0.0740740130798377,0.0015049587055357,0.0710846074297604,0.0612904038472468,-0.0307360134517186,-0.0061083553536056,0.0346464047006536,-0.0488023164274076,0.0338701074113299,-0.0595808747401466,0.0282923695361774,-0.077967723407463,0.1370853994692045,-0.015881369781955,0.1670264993257841,0.2095217200479366,0.0331587079687394,0.0076474114148739,0.030855349021893,-0.0364301893170215,0.0424032835368226,0.0146499719398147,-0.1038752827383837,-0.0463081640128534,-0.0202469515065841,0.0045664464713786,0.0190812012750138,0.1077670686874279,0.0435557047903432,-0.0264980364088682,-0.2028490384787243,-0.0094454915818704,0.0464849286457524,-0.0280569429746947,0.0671733792206112,-0.0136177996638127,0.241594320432225,-0.1993813530532618,0.0587900469968605,-0.0463208320366778,-0.0732936097812498,0.0303449392577357,0.0899559361792217,-0.099117890347895,0.2656544847670958,-0.0601275371326839,-0.0205644863759973,-0.0251755876496274,0.0849375734889021,-0.0018772886811757,0.2692722155202078,-0.1045222752925282,-0.1861816047493222,-0.0489332871897618,0.1260069033587809,-0.0174859002351447,0.1591890406177374,0.0846720535312817,0.3016252064161004,0.1118099877686109,0.1028458190906469,0.1138272551364392,0.1483947188991141,0.0555533068663192,0.1503479562822287,-0.0558337634681941,-0.1680361059736896,-0.0161322253846432,-0.0760384656760928,stop,1447,13,130.56163488297528,-0.1087522320089324,0.0228366224383178,0.1267025473666613,-1.0,0.209987620635153,1.1650569834397015,3.310694664365003,1324,0.5705732153620455,7,0.1841432233482842,0.0662028347451235,0.0612346789763094,0.0094339622641509,-1.5153995537950853,-0.944826338433041,0.6883069978711394,0.2149912893252038,144.6963929117161,130.56163488297528,199.2372511754263,4.531099404976359,-0.0887744200808954,0.0037451589441832,0.0304851954228524,-0.1131007146420448,0.996002197265626,-0.0010984445617588,0.0,0.0079125656162828,2022-05-27,15.0,13,-0.0906543773451494,-0.0732115295521821,True,False,True,0.5,6.0,0.5,-0.0010058736913059,0.0158499174908801
PNC,Falling Wedge,bullish,1,0.6190082297108565,3,24,1578,1579,2022-12-22,2022,0,133.50148658498438,132.46282329705605,156.35326172995542,124.48569943986502,0.6373285878781535,0.0078411682770724,True,0.0240549645145202,0.0167325331713432,0.0175175541881988,-0.0558254201343916,0.0300760158048813,0.0084821756993671,0.0166925721409556,0.0181766675300159,-0.0147350699309779,0.0210554207167714,0.0058818626367633,-0.0158045866313183,-0.0008341890741787,0.0028102519415784,0.0301823089140664,-0.0126583980384266,-0.0238065184830118,0.008593563257186,0.008629248020465,-0.0267752210352799,0.0017185252165301,-0.0123128816566935,0.0237017704603951,0.0651621416934189,0.0435368975814149,-0.0057398382922185,-0.0175334537559711,0.0490788560611148,-0.0303870831853197,0.0523121927545817,-0.1105674928231154,0.0311169461216966,-0.0399959457451879,0.1061285528112425,0.0245467134258068,-0.0097015960892504,0.0044037324897943,-0.0044409185281322,0.0258173958414034,-0.0126788064159445,-0.0139769001391474,-0.0177535387800901,-0.0254721154413717,0.0272764022185472,0.0516210179800464,0.0609594356679947,0.0363755851238281,-0.0177532162960152,0.0964725261055485,0.0390015418777367,-0.0782494602178603,-0.0656372635823541,0.0905752383297542,0.1072603204653317,0.0660016218638794,-0.0720549572918192,0.0605651030735663,0.0120372095458041,0.0008736771455313,0.188012606326384,-0.1548664461504918,-0.0099552917163632,0.039470783281283,-0.1030927460571404,-0.0179364850191984,0.0335600002234786,0.0146499719398147,-0.0631659392193986,0.0271994845776537,0.0225067004320147,-0.0272496113458231,0.152326525838661,0.0405814437833917,-0.0055111894487698,0.0444873625940935,0.0887213768099122,0.15226573565119,0.1335107523368066,6.150320775466511e-05,-0.0877042695796412,-0.1289791284450241,-0.0503751128985429,0.0580642400877102,-0.0893275242738231,0.080698454584521,-0.003225078483654,-0.0533764388875167,0.0989272429589154,0.0634044249402023,0.12830730482809,0.0374535923560348,-0.0105088604660008,-0.1861816047493222,-0.222943101265446,-0.0986214934509704,-0.0742211092278971,0.1120289918798607,0.0157481168795587,0.1036036136697888,0.0664281256025967,0.0151627678653798,0.0611457526385783,0.0147217311938083,0.0250999973595131,-0.2155554991653965,0.0999179981316027,-0.1198821822173991,-0.1378139829183682,0.1651637535034309,0.1174150594451559,-0.0540512178326091,-0.074535934332628,0.1307462314207306,0.1315469741146269,-0.2003839894772904,stop,1629,51,124.48569943986502,-0.0675332340915926,0.0962197737182207,0.1007436593349253,-1.0,1.4247766305360363,1.491764176409659,2.534640046082022,1554,0.4815213261032663,5,0.0327459910480962,0.0731181776098497,0.5555202832636366,0.0,-0.9288445681210274,-0.4473232420177623,0.6440947134642178,0.1481343247571092,132.46282329705605,124.48569943986502,156.35326172995542,4.109125675029453,-0.0513434186506029,-0.0241876871483929,0.03076766272691,-0.0340796412195384,0.9275361677849046,-0.0047435249579513,0.0,-0.0495793789939275,2022-12-22,15.0,13,-0.0009637886957113,-0.047479615785849,False,False,True,0.1666666666666666,2.0,0.1666666666666666,0.0104749199312741,0.6452287717267355
PNC,Falling Wedge,bullish,1,0.6752089678682927,8,82,1689,1690,2023-06-05,2023,1,108.71793911682904,106.20492228504816,145.7819612696277,93.97987583271424,1.0279181306487088,0.02366196196666,True,0.0362749277140428,0.0195641542465625,0.0321951987364468,0.0930798439102309,0.0210787363521169,-0.0263942360044348,0.0494756264265732,-0.0260667494659678,0.0242500032973078,0.0046227974364156,-0.0547164930520702,0.0031258932945625,0.0355008036978803,0.1014099724295165,-0.0517299872316648,0.0184752782376353,-0.010791320674281,0.011898858728597,0.0309737830774923,0.0064315419210962,0.0012433223291106,0.03997926666063,0.0210728207086831,0.0285481947416621,0.0001095291095052,0.0110074684899819,0.004036927283991,-0.0279666347301732,-0.0408003546687878,0.0149365570731918,0.0444179463066196,-0.0183139870723327,-0.0452702790499877,0.051560914642706,-0.0513818249102251,-0.0301563697166618,-0.0810355468353762,0.0238392940439022,-0.0242630080854551,-0.043610076215841,-0.0458716871923476,0.0474440378717282,-0.0832087944731219,-0.0680027257841122,-0.0195695048292225,0.0476585771342383,0.027572326718285,-0.0148633091645835,-0.0074984541512609,0.0776598342894452,0.1162972544443838,-0.0476651180527296,-0.398307439750777,-0.0307360134517186,0.0342607135372863,0.0338989590994169,0.0620991337450926,-0.0211443111290989,-0.0307872807439157,0.1141009127999912,0.0515450362880005,-0.0102388566336201,0.0378160345538549,0.0098658478121202,0.0912524548739333,-0.053154250995036,0.0024039491182152,-0.1053177470729042,0.031254793789251,0.1040347372541059,0.0451320030287074,0.0629975238567912,0.1458542698468712,0.1797589800213475,0.0482393627551662,0.0007880610877799,-0.0287821076727128,0.0445472849018799,0.1508313379781829,0.0864739329702688,0.0245087738955891,-0.1009295090969193,-0.0115415079070759,-0.0148600514883716,0.0690095604100959,0.0564933778938403,-0.0454033557247341,0.0288125612353684,0.0243347979133679,0.0835343628338161,0.2218043198446873,0.0527111384763439,-0.0082455245064833,-0.0692183733207175,-0.0504056305391729,0.0967109090812579,-0.018893597946037,0.2902346346723476,-0.404664770592973,-0.0190747215236135,0.0096267171380535,0.0164897282028904,-0.0018837251204827,0.1357859226065401,0.222837211215557,0.0876979974689668,0.0972621937144364,0.0200786302055004,-0.0584633224419337,0.0811222138077396,0.0499336012826694,0.085062825532032,0.1474577783081929,0.0229974875217506,-0.0487411286361694,time,1749,60,107.82150268554688,-0.0082455245064833,0.1294707492372258,0.0360686637581779,-0.0608245747084272,0.9550639566159508,0.2660668986754518,2.51485025123671,1606,0.5532848187043805,5,0.0248015498830402,0.0707263037558987,0.1682899292168864,0.0,-1.1698226655175008,-0.6165378468131231,0.6530982152795254,0.214224009173294,106.20492228504816,93.97987583271424,145.7819612696277,3.1902315356826065,-0.1505249506320337,0.0206967909622826,0.029265565433572,-0.2358284252885969,0.5559997558593704,0.0034794097579278,1.0,0.0350677502264606,2023-06-05,16.0,9,-0.2863246295726135,-0.1974662857916301,True,False,False,1.0,0.0,0.0,0.0144336611141091,0.4873776505791576
PNC,Falling Wedge,bullish,1,0.628621976607042,8,84,1796,1797,2023-11-06,2023,2,109.66301112528956,105.04174821730156,127.29796687895652,98.64255515770016,1.0919621388127465,0.0439945353768094,True,-0.0109981175460798,-0.021326626640864,0.0032670700644146,0.038887703256996,0.0376730798982536,0.0099653623391442,-0.0381783730643385,-0.0191139791279904,0.0034409725379491,-0.0447057360123294,-0.0004998170871591,0.0176147950716745,0.0033547308737962,0.0201726838717586,-0.0016467434771848,0.0363970854238475,0.0137048520967195,0.0048675719852975,-0.0134670267457467,-0.0169730618730893,-0.0727806479834863,0.0086619641015748,-0.0105302418535849,0.0778134300842572,0.0351912885486156,-0.0054293385024343,-0.0407395129288922,-0.0334005240489979,0.0320933410621107,0.0031224128398261,0.0376136120348107,-0.0354929010519222,0.0191004293865668,-0.0259456280337077,-0.1198169071288002,-0.0012260871497284,0.0024088023330086,-0.0368825249863685,0.0563125212012398,0.032920128868678,-0.0293063354910646,-0.0210489388988985,0.0580958103704436,0.0306425580805465,0.012948927177748,0.081014937827549,0.1466139161535142,0.0986211428135206,0.0620991337450926,0.029187348810058,-0.0022469083940372,0.0327539668863388,0.0076474114148739,-0.0733632300147786,0.0554559811407739,0.0219873718316723,-0.0264946540081703,0.0568343948689256,-0.053672520138205,0.027694446756167,0.0086738045380485,0.0343340254692718,-0.0113276837172697,-0.0059086384950978,-0.1621265367976992,-0.0127935033365146,0.0287514098942858,0.0731658926496421,0.1420813404983453,0.2613082706347567,0.1844542469494823,-0.1074011380961118,0.0609610704554619,0.1142728312942436,-0.1563003637227962,0.061800831410977,0.2345601181390386,-0.0398983328269989,-0.0505955745319772,-0.0299189401052435,-0.0816249732500148,-0.0148403118938156,-0.0440877331529834,0.0979010196634919,0.1061145714979137,-0.1408303485098877,0.0042424051765241,-0.0376434295287193,-0.0602451820289794,-0.0867263638022242,0.0068227086745913,0.2694801273916322,0.2374982005155637,0.0982609800022651,0.1378849595484879,0.0696910954378582,0.0298233302487509,0.0653264054607494,0.0170532388489121,0.2997654163231582,0.0555533068663192,0.1913996171958725,-0.1531340294586156,-0.3229824515424835,0.1576243562591983,-0.0294967010249532,0.1650088104932456,0.2002189404933918,-0.0152017530145939,-0.2335526619107374,-0.0341372573242547,0.1027209124539869,0.2087216479669029,0.072741674732937,0.188246757612857,target,1815,19,127.29796687895652,0.1608104279894255,0.1663772192549061,0.0195982161341463,1.6002020066620193,1.6555963655046944,0.1950190990531976,1.6002020066620193,1710,0.6268165417078684,5,0.0066504975253032,-0.0391175602141696,-0.0117928855223022,0.0,-1.049495253808863,-0.4226787121009933,0.4814086208404384,0.179768000559264,105.04174821730156,98.64255515770016,127.29796687895652,3.2205426522681893,-0.0356828751785287,0.0271736170393286,0.0292178302624392,0.0655151855032436,0.2913919330635233,8.126656366602703e-05,1.0,0.0078651636986986,2023-11-06,16.0,9,0.1013101531572366,-0.0595352683316067,False,False,False,0.0,0.0,0.0,-0.0121287144299671,-0.3442996959959983
PNC,Falling Wedge,bullish,1,0.7183849787544927,3,31,1874,1875,2024-02-29,2024,0,135.09395607442713,133.80632655482452,147.07708931340926,127.2989515610506,1.2417097879163326,0.0096230839957707,True,0.0202087469301739,0.0087544456622923,0.0150765683889619,0.0007846891641145,-0.2518938711411653,-0.0235728017864291,-0.0004469401280944,0.0307267519863223,-0.0048198634094772,0.0057892523689251,-0.0141653357895978,-0.0104981644702089,0.0163819371059286,0.0031741088415788,0.0072493102349995,0.0210787363521169,-0.0293292974813978,-0.0291172832960424,-0.0304745192040614,-0.0353370952939229,0.0723482199119642,-0.0306099819415357,0.0345915259095249,0.006984850334273,-0.0047444996291041,0.1153266461604252,0.0729225168545655,-0.0246310922906601,-0.0166005555733522,0.036049706145639,-0.0835467890117979,0.0110603623320411,-0.0025986494901588,0.0028094858429714,-0.0186566143051558,-0.0279666347301732,0.03214995377669,0.0354918647560542,0.1261899431367945,-0.0027692776038695,-0.0184976831801303,0.0133576931136345,-0.019097728520398,-0.0531088615789809,-0.0136005692863994,-0.0012293354931138,0.095890530989376,0.0650148146474498,-0.0099039757001142,-0.2159383180912314,-0.0184439254373052,0.0350919509878455,-0.0596983740038986,-0.0501084849986362,-0.075653036771122,0.145933558072602,0.0287514098942858,0.08940915517058,0.1286980863005078,0.0121594657702166,0.0624819144696302,0.0536435564294421,-0.0839420371413112,0.0259709809115602,-0.1198696516024437,-0.0720549572918192,-0.0310879475709926,-0.0733214411424939,0.1072846345766109,0.0694180018663619,0.0677299984849177,0.2345601181390386,0.0448456678000053,-0.0795433055679059,0.1401388990844647,-0.0024543842417941,-0.3859645810025947,-0.0121922444099294,0.0862277057184373,0.1104054154388325,-0.0444713219830918,0.1000069284071794,0.0288610714645065,0.0583100938346505,0.0242152231541055,0.1347736768515395,-0.0260714409965263,0.0750675066757606,-0.0674392222409212,-0.0029147015167497,-0.0817192627069395,0.0526859097712585,0.0567446209267623,0.0133146271411137,-0.01426219363502,-0.0031670481922549,-0.0561188934636159,-0.1689027502081361,0.1245044497380412,0.0040642215778892,-0.0501922860629794,0.0136982186358531,0.0978050712946216,0.0768934219329797,-0.086472614957763,-0.0778815877494851,0.2422502328217615,-0.4359175367473203,0.2449273896897692,0.0282875003006528,0.1941560542853007,0.1044393847467544,0.1494967688962061,-0.0200532058512535,0.0383668910741623,target,1894,20,147.07708931340926,0.0887022157555315,0.1002306872051215,0.0147837232830215,1.5372836819297078,1.7370817465675916,0.2562143049931202,1.5372836819297078,1843,0.4588394632303485,5,0.0292262667669436,0.0771251050302372,-0.0343729958599291,0.0,-0.7089000364546348,-0.2500605732242806,0.7575899144018524,0.1105816347926801,133.80632655482452,127.2989515610506,147.07708931340926,2.888454579491704,0.1398411786200462,-0.0169057373584449,0.0214188449054248,0.2495908706232137,0.4503549553059325,0.0155124364560721,1.0,0.0521868254653001,2024-02-29,18.0,9,0.1957674647586471,0.1531912499129883,False,False,False,0.0,0.0,0.0,-0.0240760150268761,-0.9385800536149422
PNC,Falling Wedge,bullish,1,0.6502376447158408,3,46,2398,2399,2026-04-02,2026,2,208.64105366391263,201.7653709919537,250.8323649431245,194.45367200392184,0.7949944378481026,0.0340776151931103,True,0.0434598239692554,0.0074765420574338,0.0010332564567236,0.0205923433816856,0.0104590572697604,-0.0153903713080346,0.0201019843715946,0.0842332221865744,0.0424314632864584,-0.0073906389561139,-0.0166174764643167,0.0588159976861888,0.0632964442196082,-0.0771826762086588,0.0015686637589746,0.0104826768407519,-0.0308663554289895,-0.0258517326556828,-0.0934716895863498,-0.0510611164891364,0.0187948403389059,-0.0036865476862523,0.0429452567185708,0.0689739935402702,-0.0137876128703073,0.0194876147951312,-0.0104018078207173,0.0085495209975579,0.0233720955055811,0.0239998329022119,0.0012872811793662,-0.0713829565228736,0.026323861516734,0.0131013414777514,0.0225284796484148,-0.0213907406480969,-0.0498121830787043,-0.0789240166781416,0.0810710885716359,-0.0578707459458219,-0.0165259575220878,-0.005266425796148,-0.0288767473484559,0.0469740860252245,-0.0664062700716168,0.0759821259809229,0.049478473140335,-0.049307860652485,0.1693150170841839,0.1782863838183133,0.1337775798902489,0.0259199832268561,0.0316948515142692,0.0418987790675602,0.1335817904944971,0.0418593241602964,-0.041968303622049,-0.0537896196800682,-0.075854380968828,-0.1621265367976992,-0.1144562411633022,0.1893716299005829,-0.1821671337162774,-0.0359094731817319,-0.2169618690032482,-0.0608791310906307,0.1320282256170852,0.1490417263482235,0.0353453430454209,0.0274152122378654,-0.1291425435779771,0.0229291598492931,-0.0025684494070158,-0.3051403929892443,0.1048272477545242,-0.079868707625298,0.1645307055598273,0.0440451026464865,0.1826613371668775,0.1764328536893629,0.094090534425647,0.0396633356268205,0.2326019874326079,0.0312129150159088,0.2907480388703949,2.51212923421118e-05,0.0801763481091033,0.1358313721613562,0.0498396204712721,0.1707169215358963,0.0052241285687837,-0.0444837467698818,0.1707787977630721,0.0292335467344084,0.084453437443178,-0.0121788190620244,0.0666792083047771,-0.0865055875359122,0.2765287247807273,0.1070592983455898,-0.2159994417200109,-0.0635465120556643,-0.0288689199935126,0.0691568176368064,0.0268280455502865,0.0616974534040901,-0.0031199896742782,0.3265572510345049,0.3541615743422595,0.351171021510031,0.0771949624881966,-0.0861520331731253,-0.0485754383388423,0.1027758178510189,0.1028129542061673,time,2458,60,244.27252197265625,0.1707787977630721,0.1840452272328448,0.0060400093920178,2.5114900805993225,2.706587519243484,0.0888249822195418,2.973861723773438,2350,0.786026883331344,5,0.0882693570659192,0.2347741277211323,0.1105667891105084,0.0,-1.2900344851704322,-0.5040076018390851,0.2445641368131656,0.1722654468390675,201.7653709919537,194.45367200392184,250.8323649431245,5.146970797183172,0.0598789161196109,-0.0269959519219735,0.024694658927683,0.0848763559261727,0.9773400422727732,-0.0099885515708608,0.0,-0.0347696124896711,2026-04-02,60.0,9,0.0810833731216138,0.0547831708008965,False,False,False,0.0,5.0,0.625,0.0129666941669787,0.580655637475514
PSX,Falling Wedge,bullish,1,0.7243335752281587,3,39,1158,1159,2021-04-26,2021,1,62.49051333855782,61.48133015846065,76.51528515578576,60.36956948731532,0.799337361841749,0.0164144656190119,True,0.0945364972830984,0.0938903670860422,0.0006429764107187,0.0097374203283981,0.0159807044806845,0.0202533109085334,-0.0425959878369688,-0.0637601159616905,-0.0109360989225252,0.0034596762508287,0.1721026037704158,-0.0037584318174657,0.0234129240333873,-0.0097324387932845,0.0111320902124592,0.0428251562917452,0.0129892250432959,-0.0394250519513655,-0.0025060255309667,0.0079249957226992,0.0281378783336259,0.0156919929049788,0.0849576570892232,0.1160516038079146,0.1160272904631483,0.015104148028725,0.041751972333198,0.3709775559801753,0.0884170128830696,0.0053714576772221,0.1220524295810585,-0.0200939289699986,-0.0411584437790019,-0.0292249085069978,0.0192790762088008,0.0003345137947023,0.0869472738977785,0.0082029223609418,0.1141587691165133,0.070846734871969,-0.0355945853850697,-0.2849243726632657,0.008439944857622,-0.0462654235881921,0.1220575250450717,0.0852176201206985,0.1269267896714672,0.1239595652313745,0.0401205949318705,-0.0166933162052322,-0.0042103009560388,-0.0333258548875942,-0.0012185041604213,0.0629134254785714,-0.0456936435703954,0.085024968430116,-0.0249716656298272,0.023032995171319,0.0034884314273719,-0.0305066219907923,0.2212362742780151,-0.0258913799812867,0.0431840262645437,-0.0131792915441183,-0.0163630750376719,-0.0618590043079961,0.0164500004535201,-0.0335491508673869,0.1175273443066388,0.1593466275600716,0.1436401135802816,0.0158399555733463,0.0101828784588144,0.1124431989514858,0.0387474401425687,0.0890646331293969,0.182767695078776,0.196127249369389,0.0301767626910831,0.0139823899494178,-0.1631766003677478,0.0741262966564397,-0.0154216119750217,0.1413081868161767,-0.0573451736154556,0.1556320723698303,-0.1600889673722941,0.1362043001877806,0.1007261430502413,0.2629488313496861,0.0761639818421111,0.0973261444457704,-0.0279252670391966,-0.071094404995036,0.0426293470151721,-0.2354666542405175,0.1734181976652191,0.2051562317466158,-0.5843433398658013,0.3122279827662646,0.0643953207707788,0.0601325605354141,-0.0417449299606443,0.1034848227892402,0.1625670622471089,0.0867861152189206,-0.0106725154525473,-0.0951411483603396,-0.0048080385821523,0.0055429237759301,-0.1037076691362427,0.1564174888584113,0.0319304634001789,0.0033925012931446,-0.0445351031634043,target,1187,29,76.51528515578576,0.2244304146014175,0.2360478303811584,0.0037814696348316,6.612514427957104,6.9548046188634665,0.1114154806674226,6.612514427957104,1118,0.8539290238835033,5,0.0116246193315209,0.2019800492268224,-0.1782140322064328,0.0263157894736842,-1.281797842999645,-0.4278688191161446,0.1110032826889565,0.1644279953411659,61.48133015846065,60.36956948731532,76.51528515578576,1.8013924820978655,0.1607408243673127,-0.0653663310437353,0.028898248736474,0.5711523785981214,0.2155165609954972,-9.336453654640309e-08,1.0,0.0546239909911945,2021-04-26,1.0,3,0.7345808324691017,0.2382443921675461,False,False,True,0.0,1.0,0.5,-0.0670559032827294,-1.1324779562470555
PSX,Falling Wedge,bullish,1,0.6660917994221105,5,41,1245,1246,2021-08-27,2021,3,61.03229279750636,57.69690172319781,73.8814917638274,54.4743396390428,1.1258281482227877,0.0578088419775149,True,-0.0486474299790674,-0.0533261764405296,0.0369364617500338,0.0060727084593676,0.0260182703137681,-0.0122577636648825,0.0381697801190219,0.0407564603479944,-0.0506620136724887,-0.054537970199545,0.0782805325218207,-0.0472727586808147,0.0094706780720246,-0.0204902215856295,-0.0465778557770615,-0.0003023587703646,-0.0016674148283165,0.0685048675791974,-0.0397677437927713,0.0957793988051098,0.0953083252926161,0.0167380562706844,-0.0605724019070556,-0.080896505438175,-0.0711617239040858,-0.0387766032088564,0.0372362931285403,-0.0070716720968896,0.0380946333285061,-0.1216932507283227,0.0266720330575991,0.0639829883596643,-0.0146410434857113,-0.0441221662306503,0.0598468659724809,-0.0257409314098762,-0.0785653522766572,-0.0685023257278776,0.0488168753899977,-0.0497151865285486,-0.011356601692513,0.0441151183670658,0.0189570420829618,0.0217758060367923,-0.1028073506098374,-0.0707217640245684,-0.028013336934602,-0.0126862910235197,0.0207346734183564,0.2881109561980479,0.0781109528852257,0.0021883213038791,0.0274801505133164,-0.0291042623422341,0.1055270667569756,0.1197843224305634,-0.0048120262500973,0.0728146298306735,-0.0139063890353428,0.0340070800654375,0.2666914199063777,0.0713094993331369,-0.0015618650140554,-0.0740082416966373,0.1185843192291351,0.0318418600717216,0.0490773174453522,0.2484759636448756,-0.0985806243693374,0.144164678263519,0.1307728396942933,-0.0311176605020248,0.1593466275600716,0.0069753310398779,0.0949397840452994,0.0346041226074946,-0.1266392769067634,0.2711576929993045,0.1370943922444398,-0.0852426164759005,0.1596996153496523,0.0284333089615711,0.0693661678889256,0.0543818258463786,0.0884265011722684,0.1686716362970328,0.169908888439118,0.0229706276215939,0.0066271968713615,-0.2184334214678418,0.198204100247612,0.0836959360715454,-0.0018914864330625,-0.0420225405079375,-0.030497678002571,-0.2030046011531712,0.0614854906421409,-0.0262349206047218,0.2090287018230838,0.198462248434154,-0.0940812995595268,-0.0184452276122352,0.6359532201476146,0.1575332337645514,0.0959980537192282,0.0731730112695654,0.2625591973872032,-0.0750734754967612,0.1357497028033449,-0.0391127271295974,-0.1842840240084557,0.1314257882487322,0.0981940006201085,0.1537741521447502,-0.0790216288049344,stop,1256,11,54.4743396390428,-0.10745054556973,0.0043727752594937,0.1124625812961618,-1.0,0.0406957008576197,1.046645046796708,1.9593307021014816,1201,0.709579020057032,6,0.1731941294430588,0.1247365609639472,-0.2416489780591729,0.025,-1.2135847814073633,-0.5040057613503284,0.3405406379104411,0.1710739642580957,57.69690172319781,54.4743396390428,73.8814917638274,1.7071900966200484,-0.0401212446399821,-0.0474203452048586,0.0281915041214424,-0.1225852565886133,0.7098458704426266,0.0087720728688296,1.0,0.0267721762965809,2021-08-27,1.0,3,-0.0511985653603196,0.0409755502809461,False,False,False,0.0,0.0,0.0,-0.047166037458898,-0.8867792786732603
PSX,Falling Wedge,bullish,1,0.7412280402635266,13,125,2024,2025,2024-10-03,2024,0,131.28891775569232,126.13626244443878,160.45922325973652,113.30504554151076,0.7548765631671639,0.0408499127166004,True,-0.0276550850254021,-0.0342594750250285,-0.0495612034681606,0.1995082081944337,-0.060175916785635,-0.0120063713650679,-0.0269803257817849,-0.0428199729686825,0.0094878008369425,-0.0055930237749308,0.0258066092200468,-0.00155729230332,-0.0977439430678077,-0.1507496339547201,0.1250683429763572,0.0559105992118253,0.00986958219929,-0.0594356215297297,0.0404056573483695,0.0750852601738696,0.0280919545959872,-0.0572585013890517,-0.0279226954438136,-0.0495367338520754,-0.0670085896169304,0.0608475462114899,0.04726493776229,-0.0837222628096778,-0.0492381147919993,-0.0240889040642485,0.0860278181340927,-0.0185164239224875,0.0605687596377408,0.0189570420829618,0.070104758614071,0.0661976853879156,0.0317743759204478,-0.0629973373404059,0.0470049577613012,0.0210972159545064,0.0016877222798954,-0.1749018905056166,0.0466875158868373,0.0970203065089001,-0.0290347362245012,-0.0601737824762511,-0.1317178275982181,-0.1252358111525708,0.0987033586789467,0.1700392784178706,-0.0359284096432414,0.0251619420111139,0.0248903869627739,0.2690723716973431,-0.1602202544161307,-0.0516304566393927,0.0212098746049451,0.1174767615721785,0.106421477026914,-0.0091086792484669,-0.0350957547704358,-0.1401660270165849,-0.0025857862278967,-0.0800747186643361,0.0571764861931132,0.1110196300794528,0.1110196300794528,0.1546732172156599,-0.1693205439938821,-0.036583218008975,-0.0893481910348618,0.2113332111212473,0.2159134756305247,0.12307090479112,-0.0998154394009616,-0.0112053759073896,-0.0297540920534429,0.1162020547554349,-0.1619521413940586,-0.2205503054826159,0.0897025548202474,0.2036717029693562,0.034989262402945,0.2822179053309985,0.0860323762960557,0.1693014334710831,-0.1334478421761065,0.0492091316418625,-0.0726709246121714,-0.0286955690281273,-0.2184334214678418,-0.066839163094383,-0.1947077763579251,-0.2258945334636964,0.0376382725917305,0.0967118653840313,-0.1893570061221163,-0.0912570540435815,-0.062585120103346,-0.0650483117953106,0.082385628830693,-0.0245420715696078,-0.0346577734965161,0.0685007827017833,0.050415728016635,-0.1437263877550313,0.0825957259740661,-0.0559169812458113,0.031502732151021,-0.1648166331072219,-0.1756121487610902,0.0185417738548319,0.0481943616282785,0.2573024895174678,-0.1830212699904704,stop,2045,21,113.30504554151076,-0.1369793621701313,0.0021382968298804,0.1463294116093418,-1.0,0.0156103576188699,1.0682588186357411,1.6220258438581063,1899,0.4825260531005916,6,0.0287623727309455,0.5646054789528032,0.0831013881679303,0.0,-1.041826283441381,-0.5593002303407901,0.8071563066838499,0.1827309171908783,126.13626244443878,113.30504554151076,160.45922325973652,2.92829979296064,-0.0079734633069389,0.0403854357768789,0.0225241906763485,-0.1727237825438857,0.9129699460055368,7.42068322279188e-05,1.0,0.0363015563461419,2024-10-03,24.0,21,-0.0058685258495994,0.0721442520536259,False,False,False,0.35,2.0,0.1,0.0147864703355836,0.115466666503589
PSX,Falling Wedge,bullish,1,0.6479253036666185,3,13,2239,2240,2025-08-14,2025,2,118.81479590526332,115.20501513658655,126.12411248701278,112.82708529445858,0.6923411834553731,0.0313335384262312,True,0.0173038593915699,0.0334650703049997,0.023900339748095,-0.015544487139028,0.0461720886543948,0.0208751782740099,0.0284179855886717,-0.0222160491678983,0.0244102944140802,0.0713213480325978,-0.0221244438534451,0.0218914470327502,0.0687630039712798,-0.0557778502018598,-0.0202116616448924,0.0326555594340227,0.000833372680485,0.0119620668930808,-0.0470198796512428,-0.0172479531432223,-0.0427226415821571,0.0694568002003892,0.0084141334645644,0.0858052999584955,0.0812696444718765,0.0227731807746238,0.007058219604652,-0.0518354432570231,-0.0541156193767188,-0.0433546234592659,-0.0767972314735402,-0.0129004829381205,0.1024054453012512,0.025218665132314,0.01116029802533,0.1507216764661425,0.0131897958231952,-0.0503596636156452,-0.0593456086332485,0.0228685907650378,0.1361953187704836,-0.028486202780517,-0.0148725160362481,0.054172156464304,-0.0705472660753573,0.081647865484413,0.0690477650433334,0.0513696619648493,0.1155364491408184,0.0609830051754356,-0.0672256855588147,0.0106060511868228,0.0851363723060893,-0.0305066219907923,0.0257817473520118,-0.0845943634031005,-0.0263179996675411,0.037923030708566,-0.0195274051045172,0.1017201624792443,-0.0950688904842175,-0.1215286137585975,-0.0316836451939493,0.0536920301039862,0.1063933661946445,-0.0368107808500769,-0.0053451974700403,-0.0584269944715165,0.0680109642086106,0.0361866994782922,0.0225016558942792,0.0815616810394816,0.2457612789659782,0.0406177391682358,0.1245761630259623,0.0932984697601708,0.1080944911536967,-0.0727164702818204,0.070698319288214,0.0507446123494295,0.0639987560399224,-0.1694114987267659,-0.1035141252745628,-0.1950412490018203,-0.0528421619527847,0.0280332360355275,0.4368877285693384,-0.0664494864043175,-0.0124323871910566,0.0996427512140059,0.0274935214321583,-0.0037633689821574,0.1276581054618633,0.086109246449028,0.129477323149554,0.0584128337278244,0.3028303836012935,0.1355263414463958,0.0715317931125172,0.2563810596299825,0.166790250762014,0.04761214883672,-0.1775778220876769,-0.0728494087330964,-0.0125964907932659,-0.0862364073638649,-0.0614042109117813,-0.1072761074913059,0.0507726373607184,-0.1395633584757478,-0.1269490088026694,0.8090498042101437,0.0800363318969195,-0.009970381947889,0.061958219905524,target,2245,6,126.12411248701278,0.0615185720436495,0.0679850831938409,0.0104419219120246,1.2207197469697175,1.349035434294801,0.2072001974506175,1.2207197469697175,2224,0.6684028964040652,5,0.0851773616619808,0.0392041910285818,-0.4321494359883858,0.0,-1.169424951317093,-0.5010220549130123,0.3810187359195319,0.0720855746806583,115.20501513658655,112.82708529445858,126.12411248701278,2.9580716778973035,0.0309042954493017,-0.0030882925692239,0.0250608063290145,-8.67343776486118e-05,0.930160629341502,-0.0115843202071802,1.0,0.0269251124246121,2025-08-14,9.0,15,-0.0472590074390733,-0.0151554767445419,False,False,False,0.2142857142857142,2.0,0.1428571428571428,-0.0217716643933182,-0.4230383540676596
PSX,Falling Wedge,bullish,1,0.7283563397691896,3,20,2411,2412,2026-04-22,2026,1,159.42031629767348,156.66011863401854,198.76272780521867,148.85156277787064,0.5543549779831626,0.0176190193632059,True,0.0747074411482198,0.0717757945230608,-0.0016931976034538,-0.0383633813231536,-0.0057126655412461,0.0002508124187352,0.0118322340389673,0.0429783021014806,0.0245102335559805,0.0223957266001937,0.0122758340333619,0.0063101947195622,-0.0460736260128459,0.0588099078839206,-0.0183937910864206,0.0398599772876062,0.0010384772491269,-0.0557794227152412,-0.0147254266914446,-0.0146882936927675,0.0263006426879424,0.015597043776691,0.07137096206387,0.0637429002311711,0.0294511638791992,0.1135789203396504,-0.0335566907401627,0.03060793810121,0.0239632789402475,-0.0646313204918419,0.1137930521782364,0.0895081819994056,0.1220575250450717,-0.0451303536026782,0.0177499669768022,0.0074624126733422,0.0815006197045664,0.0541992536223598,0.0173864273964634,0.0183948251760657,-0.0833973856896052,0.0747895819879711,-0.0193893002731142,0.0367793022351496,0.02053135644246,0.0349330206300911,0.1190114415899434,0.0742616271481544,0.0554047244864517,0.0862783014779158,-0.1203683034582344,-0.0359284096432414,0.0692747512830609,-0.0964033631346282,0.0725606155322597,-0.0194212065073099,0.1848606712146552,0.1574905552353311,0.1064095018775193,0.1312616216503996,-0.1129750004133985,0.0528713065328145,0.0141741807523461,-0.0030907876872613,-0.1159187438575839,-0.1317178275982181,0.1122386027912714,-0.0608549204670504,0.1017041280865885,0.0366486969615393,-0.0185503983545232,0.008268697245467,-0.1931939762161086,0.1811846897902564,0.2108380913725818,0.0421174254242469,0.0474225668385823,-0.1971968246825786,-0.1042978089109409,0.1471781571356594,0.134927382202445,-0.0178491846276176,-0.0010881639163933,0.0013517340426212,0.1245761630259623,0.0682946689902914,-0.0974776119789828,0.0640452965887588,-0.1284666777969358,-0.1874525363726298,-0.0539834159230385,0.034188763349957,0.3028303836012935,0.254202032071344,0.1223914844748261,0.1807628742333293,0.04761214883672,0.0467880110792993,-0.1128814482080616,0.1488513737713146,0.6359532201476146,0.1897207812253156,-0.0862364073638649,0.0618085907376784,0.0667932201154337,0.074918207501937,-0.0262349206047218,0.151893123604798,-0.2478142315786976,0.1766527262282995,0.006218311942727,0.0701608180850008,0.1340128588339486,0.1374885555708551,0.2138874186696059,target,2467,56,198.76272780521867,0.2467841767048315,0.2582795685116459,0.0212475551719197,3.72252143394476,3.895919270726008,0.3205006115160964,3.72252143394476,2390,0.6674283204263725,5,0.0388166262699158,0.1414916493487821,-0.1696390690529601,0.0,-1.2539930186538857,-0.5865646982275018,0.3484594112294417,0.173106336351889,156.66011863401854,148.85156277787064,198.76272780521867,5.495014130694882,0.1464304912680294,-0.0322945682926015,0.0346360715826231,0.2532456073738984,0.4117611859918919,0.0086585003969035,1.0,0.08884233219495,2026-04-22,64.0,14,0.4365200534558899,0.2621834566307492,False,False,False,0.0,1.0,0.0769230769230769,-0.0894707600041442,-2.180016188890381
PPG,Falling Wedge,bullish,1,0.7369904613932906,3,37,1749,1750,2023-08-30,2023,2,132.6800425276161,127.40662903913504,145.75198414988688,126.58283613508767,0.8294064091404788,0.0413904168743153,True,-0.0432094849595552,-0.0281537129396767,-0.1304803527748258,0.0199526388208666,-0.0380222581258096,-0.0401804787215865,-0.0132723212639921,0.0486798903664422,0.0064260203411028,0.0076840053124007,0.0168748088121635,0.0752101747030968,0.0023075684001636,0.0078563975305434,0.0290414193410981,-0.0139474292296438,0.0190502370964877,0.0302525560092741,0.0161128109484696,0.0722859613897013,-0.0222174126362264,-0.0001796740255342,-0.0478812130742648,-0.0557857914344525,-0.0529296464614785,-0.0090829735722682,0.0007522480578132,0.0047385168217366,-0.0306684736431075,-0.0288942852974085,-0.0049551922731936,0.0237933070352962,-0.1067468628830812,-0.0540382917999112,-0.0245769064344304,0.1165512771046028,-0.1581331280254903,0.0683296773836705,0.0190759648724725,-0.047010429149853,0.0658280830243869,-0.0581878049222012,0.0224008650499973,0.0138421474930601,0.0289349229699407,-0.047883424525054,-0.0826952116423558,-0.0348298057622544,0.0458003057355815,-0.1370216935436574,0.1485881271311624,-0.0586642414137749,0.0107830754554387,-0.0126305554515587,0.0649243161413462,-0.0446577767991629,9.688131302310056e-05,0.0416606079926213,0.016356160343397,-0.0119453873986556,0.037103355478959,0.0306767294206333,0.2265232124130649,0.0262968883929481,-0.009006719921246,-0.0337849480260571,-0.0375360581013999,-0.0149410476471912,-0.0971262732181294,-0.1427668414417313,-0.0594173689677801,0.1110868635919655,-0.032588597683254,-0.1971819189290548,0.0169285137501578,-0.0280376223004759,-0.1400179786797637,0.0512647342220102,-0.0761120056142297,0.0195867432919969,-0.1436155024723037,-0.0419544847887358,0.0374105033768397,-0.0496592903224888,0.0011920265874083,-0.084416213255728,0.080432399024986,-0.0322401204224152,-0.0497754275808284,0.1689347101971643,0.0481858009818148,-0.1257379980904846,-0.0364781622556805,-0.0481155181622451,0.160710298210968,-0.0162861913597368,0.0542148227035352,-0.0400145856182239,0.2600010832965223,-0.1284677745099353,0.1988450237803332,-0.0635887668133233,-0.0539311241425874,0.2038365193783171,-0.147867891323906,-0.0649919555774753,-0.0813177374238464,-0.0883158582879743,-0.2218581406228039,-0.0290168814819625,-0.0908300804200589,0.1875075014404708,0.0831120501739797,0.0594935252219697,-0.0455398540868936,stop,1754,5,126.58283613508767,-0.0459542089102009,0.007447328499711,0.0514298052038567,-1.0,0.1620597694166347,1.1191533142123211,2.143923098665196,1710,0.9126378632230324,7,0.0972618668690584,0.051629461216019,-0.1498690297258793,0.0,-1.343625331768095,-0.4309874685450701,0.0661106800203015,0.0985728231959103,127.40662903913504,126.58283613508767,145.75198414988688,2.1593735698718635,0.0568183266857862,-0.0083766046013478,0.0163082734464109,0.0757926198704341,0.9295730757245244,0.0004256051292039,1.0,0.0019549619827452,2023-08-30,21.0,13,0.0896025529438482,0.0785021855972316,False,False,False,0.0,1.0,0.0833333333333333,0.031988076666861,0.7585214917932613
PPG,Falling Wedge,bullish,1,0.6140127415425619,8,59,1798,1799,2023-11-08,2023,3,121.32867292564124,117.56906859936976,139.15647909091524,110.8368277492894,0.6685126582278481,0.0319778354210049,True,0.0318144252965022,0.0061547622532567,0.0281864650130356,-0.0579543795754671,0.0202018042511265,-0.0311897733817907,-0.0238032448375573,0.0068346042694309,-0.0277207596745101,0.0567083688689986,0.023192420484037,-0.0485800800127786,0.0059277329991886,-0.0180266630903559,0.0796373682698987,0.0021242260423099,-0.0181632522726709,-0.0239003431508478,-0.0020466335216093,0.028151657792252,0.0022034409314195,-0.0224840322208094,0.0328494789373372,0.0551348588562878,0.0172951704824795,-0.010305775761355,0.0386491733057834,-0.0143202029150727,-0.0296612473155245,0.0445247992621156,0.0312745089766299,-0.0418292882030042,-0.0175015996921037,-0.0237130702568502,0.0281033367858802,0.061430608897977,0.0668247675485642,-0.0066067322019249,0.06064121255349,-0.0678893174114531,0.0273329656050429,0.0191062238830836,0.0749733964832592,0.0053445543580259,0.0257536033340259,0.0415282629944583,0.1195365068021201,0.0743754405814502,-0.0698086243887485,-0.0605739791338086,-0.0105369425501524,-0.0585959839824056,-0.0782144298992881,-0.0317909983834853,0.0130707721523712,-0.0338571840048275,0.1287558865841829,0.0027647802815866,0.0296551501508042,-0.1603508192260301,0.0742897985250146,-0.054897475115795,-0.0486275600710952,-0.0441164196273224,-0.0433572428667706,0.0127954225120188,0.0825501664450523,0.0567908220431554,0.1342392498298973,0.138146572468101,0.0512586923123288,-0.1017410536391763,-0.0827902462354108,-0.084416213255728,-0.022933025139406,0.1374357135429642,0.0475896494955367,0.0311237893735332,0.0175265108550879,0.1859683079745016,-0.0226192338656023,-0.0470018261869861,-0.0487946076615136,0.0185259527646401,-0.1010635811486867,-0.0307985592267251,0.0902670146896915,0.0032017813318285,0.0345059026176328,-0.1050131589216324,0.2364698991758937,0.1303744216410788,0.0802315842976375,-0.0510385762021838,-0.0455131119515989,-0.0990417496159961,-0.0262429265533019,-0.1147290326767007,-0.0333866901095912,0.0283983726460004,-0.1277229842403772,-0.1362013119159418,0.0040750548517347,-0.11306299307783,0.3340972607462065,-0.1062459745751608,-0.0397074564274452,-0.0385596517513271,-0.0025672810840828,-0.034896071750948,0.0478782017613845,-0.0301867239784154,-0.0641921080137545,-0.2073859919081984,0.1204912427789047,target,1823,25,139.15647909091524,0.1469381122811763,0.1672585769820586,0.0182240357803652,1.6992059895676963,1.9341937323288456,0.2107444438433804,1.6992059895676963,1736,0.4055275952440232,5,0.0056860878909775,0.0288768822925944,0.1999715140293405,0.0,-1.6344748361389814,-1.2289472408949575,1.2569468712416143,0.0949023858961791,117.56906859936976,110.8368277492894,139.15647909091524,2.278562036757621,-0.039731168995595,-0.0044769837833366,0.0188674980557588,-0.0490998469523255,0.9043474222632129,-0.0004694362958757,1.0,0.0021313618013605,2023-11-08,21.0,13,0.0279954532641482,-0.0118641554744145,False,False,False,0.0833333333333333,2.0,0.1666666666666666,0.0209260916787622,0.5148340529283857
PPG,Falling Wedge,bullish,1,0.6829644003902441,3,35,1863,1864,2024-02-13,2024,1,130.7913609885086,131.16716826545314,143.07081435723524,127.59087683500866,0.7849690846900529,-0.0028651017012428,True,0.0266112386070578,0.0257658461245577,0.0201267529133806,-0.0268673251792261,-0.0215179046045089,-0.0060747277028493,-0.0033522607828919,-0.0188909652259871,0.0027813617957759,0.0464556412229923,-0.0038973992508107,0.0002926915404373,-0.0665432347941205,0.0203895921817305,-0.0135754930383749,-0.0053725336594203,0.0289086517075107,-0.0173546976317251,0.0117964942888355,-0.0112694311843168,0.032523789015358,0.0174983373658799,0.0273083716581743,0.0109942130936997,-0.0080682321947449,-0.0232337702047435,0.1273932680009517,0.0722031301281058,-0.0045670900104428,0.0666703320530259,-0.0034432968701306,0.022112642192295,-0.0065090995252706,0.0500873636682535,0.0093659278255116,0.0212461675750095,0.0140030774451656,0.1240316085142951,0.0121888174836803,0.0257451439437135,-0.0099815083509365,0.0036757785478425,-0.0278703128242979,-0.0876284688040415,0.0508286034109297,-0.010821702616246,0.0210696456838643,-0.0175382187292878,0.017276850753328,0.1513662147744312,-0.05118205272006,0.0036370254639259,-0.0843454220568319,-0.0135898843542121,0.0350495117360565,-0.0486275600710952,-0.0395046439428556,-0.1154225488688744,0.0723738997051131,-0.0872726821565116,0.0518634776203588,0.0152968384209213,0.044425412701806,-0.0325117898860398,-0.0558540871661189,0.0567908220431554,-0.142590630190058,0.0093246731664151,0.0317444744352217,-0.0097322777599568,-0.0556659960402545,-0.0317575964570188,-0.0977293293156608,0.0771184133421156,-0.0671138751756315,0.0177298943675454,0.043149868267158,0.0318991634661038,0.0998153379337998,0.0785765546591523,0.074141317501164,0.1435404686670678,-0.0648169500027409,-0.0137670132765798,0.0069080036973041,-0.0346825139852734,0.0312784488114643,0.0205667933209079,0.0939270086817276,-0.0542481983452737,0.0656115539770991,-0.0307396452666784,-0.0283883711649514,-0.0787036542672438,-0.0405661735109963,0.101467522707513,-0.008458203948306,0.0583075356803428,0.0691959866775828,-0.1803619917266538,0.142750242694851,-0.1128909033750714,-0.1123633487499229,-0.152395995347907,-0.1127842816845916,-0.0073907553521238,0.0022368342575822,-0.0195481581209753,-0.0169621746891314,-0.1375484308743355,0.0304756114212607,-0.0779806585148288,0.1050356964171872,0.00151935067824,-0.0049752563969371,stop,1904,41,127.59087683500866,-0.0244701494755538,0.0478413791606475,0.038591120174824,-1.0,1.9550914148866156,1.5770692456691895,3.836748685444452,1827,0.3571677348325763,7,0.0689174809296624,0.1772160473897284,0.6026720658800884,0.0,-1.949460654542655,-1.5922929197100673,1.6398161169263403,0.0419965990634161,131.16716826545314,127.59087683500866,143.07081435723524,2.268631071246908,0.003597512511537,-0.0395849528784566,0.0174529359198864,-0.0013633642343021,0.7237588622587959,-0.0170331000917415,1.0,0.0403218209992159,2024-02-13,50.0,9,0.1155460802820766,0.1341138293251778,False,False,False,0.0,0.0,0.0,-0.0568203994250023,-1.1547771608192856
PPG,Falling Wedge,bullish,1,0.6283193309899201,5,70,1965,1966,2024-07-11,2024,0,123.49352747796524,120.67283839014856,136.9582997887269,116.86764264589983,0.8935990194057859,0.0233746808763797,True,0.0088082032604082,0.0177211272960303,0.025013155202433,-0.0344857409621531,-0.0391723152878386,0.0286100055250142,-0.0239710038773625,0.0247469417538392,0.0145139643477116,0.0251624903925711,0.057011091252032,0.005554338879824,0.0940419257160896,-0.0148654569575037,-0.0069615332448319,-0.0041778462923738,0.0287626135344245,0.0017418293340427,0.0221181140689434,-0.0288565737861178,0.0070695720519198,0.0468056724006968,-0.0026248589421598,-0.0353859135438392,-0.0009184924550837,-0.0121525541922765,0.0052037122280221,-0.0094817097534838,0.0177736748812094,-0.0479776889481394,0.0668020404774787,-0.0718551025074691,0.0252646670367662,0.0165295935610167,0.0383657756973156,0.0305818939470097,-0.0098076886987444,-0.0169294255015856,-0.0155877962072071,0.1136056592205312,0.0608923230660638,-0.0647228665705799,0.0024559390527403,0.0231648412560097,0.0489656418459489,-0.0454404600383705,-0.086779837956064,-0.0383964474387854,0.0288584496372186,0.0307164635361276,0.0417913273733212,0.0028360693356386,-0.0697165936785942,0.0054324129803866,-0.0198199137974487,0.0351461281683362,0.0335958519614547,0.0983174831121629,0.0002640279929513,-0.0361266713936917,-0.0083192396173182,9.688131302310056e-05,0.068100787476323,-0.0336985929395462,-0.0785083361728117,-0.1118995678410021,-0.0307540541109647,0.0681146154721279,-0.0880012143964487,-0.0387891725253104,-0.0078188111699959,-0.0382667251797422,0.129723110488509,0.1619648215920708,0.0120092371726161,-0.0169380823583435,0.1336419844600684,-0.06016579213835,0.1940528952791722,-0.0502091140059152,0.0460229486689811,0.1689347101971643,0.0321449713849777,0.0667034914959898,0.0401980758393722,0.1685518905185645,0.0767462652267192,0.0510999200660133,-0.081980256067322,0.0558331513925665,-0.0463097196862819,-0.090977061742652,-0.009593872361335,-0.040272760348727,0.0767483480396682,-0.1030215197802043,-0.0653757616246196,-0.038318438741743,0.0154485241201289,-0.1783528666101982,-0.1196934770906705,0.0496024624437412,-0.1192255138993203,-0.0455131119515989,-0.0555217495909751,-0.0141834409378326,-0.0234510489692575,0.1492436611253296,-0.1920049142634213,-0.2673848235576315,0.0937622393976482,-0.0963849820332453,-0.0584037409524458,0.0579091245806584,0.0371121791534644,stop,1981,16,116.86764264589983,-0.0536537012698713,0.0383731571881102,0.0617340090296454,-1.0,0.7152005598849202,1.1506011247785353,2.0321470493420057,1895,0.6600825320913417,6,0.0661017517193882,-0.0421046623670064,-0.1146574932131641,0.0,-1.026797811486181,-0.3667152793948379,0.363465864107213,0.1057683772461568,120.67283839014856,116.86764264589983,136.9582997887269,1.915396472020393,-0.0394576330907623,-0.0021632442275983,0.0156117344486003,-0.1044754833366523,0.9419688625038742,0.0116865215354862,1.0,0.0397156113068133,2024-07-11,50.0,9,0.0672054577523499,0.0753156310676419,False,False,False,0.125,2.0,0.25,-0.0290957091188466,-0.3282635399347914
PPG,Falling Wedge,bullish,1,0.7923249744493939,5,41,2063,2064,2024-11-27,2024,2,117.87465789846404,118.3178321845387,130.4359826550965,114.62306637025392,1.321996484486776,-0.0037456254724431,True,0.0183382270767606,0.0066648944509031,0.0039121358309792,-0.0116122087427257,0.0025283492810181,-0.0083100164465108,0.0010374489627291,-0.0449337253135327,-0.0665432347941205,0.0341724347297005,0.0232445432518064,0.0160306717294875,-0.030926069468084,-0.0800770499361883,-0.0557206835587769,-0.0557206835587769,0.0113088626065722,0.0041006319902554,-0.0146011638924752,-0.0239710038773625,-0.0155638027517912,-0.0241429064616797,0.0351276005977344,0.0063291530657718,-0.0014585692745716,-0.0681251352477411,-0.0213626562379501,-0.0402914072789822,-0.0550201158190641,0.0030101185171991,0.0174262527184321,0.0260529657300379,0.0019642598897227,-0.0043809478972133,-0.0419131534618466,-0.0399472469749734,0.0036677999574832,-0.023446034440635,0.0880684066195396,-0.0133907776771016,0.0609022451167429,0.026409695509739,-0.1033214584292067,0.0573551989444913,0.0197619772023434,0.011658153728721,-0.0232067703235741,-0.0187921161817037,-0.0336985929395462,-0.0020602879065871,-0.010728169510451,-0.1512111830851948,-0.1018726914005107,-0.0605149798517882,-0.0771776200278078,-0.0029484073071739,0.044141155856533,0.0132978641344363,0.0308709331435836,0.0656420764007863,-0.0591188660218,0.0296248363250188,-0.0058476357677496,0.0190046632067584,-0.0317245014191372,-0.0965419843784446,0.0499510044854232,-0.0484583929149676,-0.0017382313746431,-0.0069782971782892,-0.0139412608994711,0.1041223852052675,0.1483253822525796,0.0988114922952305,-0.092389044904106,0.0450655281079193,0.1697221200535748,0.1614993961435751,-0.0140552529212357,-0.0623834552224106,0.1480676450834095,-0.0186356586269208,-0.0690496744799423,0.1324001210475609,0.0363717115627328,-0.0976207874380767,0.2410777156866435,0.1451032800593001,0.0522851534984298,0.0545690763630108,0.0456390839341003,-0.0684246080633213,-0.0722207320205982,-0.0511405523298237,-0.0068843811970972,0.1449246820801866,0.044638033500739,0.1517243957309437,0.0431137524652827,-0.0579876835813855,0.0397950984869075,0.2275590593659073,-0.1857206689226667,-0.1329037385828501,0.3228845777905198,0.1243075669544291,-0.1810339480746279,-0.1330659630579488,0.0209858366670536,0.0547938915891381,0.1882548651529927,-0.0527040321082795,0.0309842021443924,0.0096045925578054,-0.1048842389686703,stop,2078,15,114.62306637025392,-0.0275851619523765,0.0552581228663681,0.0310776321775913,-1.0,2.0031828329217936,1.12660684143324,3.8631312228652,2020,0.5146436870928888,6,0.0462014424321072,0.1335264280879904,-0.0154429462597415,0.0,-1.3518926897780337,-0.8372490026851404,0.800914480323527,0.0649023061560427,118.3178321845387,114.62306637025392,130.4359826550965,1.9863202345082396,-0.044607911046025,-0.0223958545825972,0.0168224576474288,-0.0332097993905053,0.1208756198884051,-0.0004053378827363,1.0,0.0324478279443884,2024-11-27,50.0,9,0.1582395505963401,0.0775727820657206,False,False,False,0.125,3.0,0.375,-0.0301917285571882,-0.3277469620601993
PPG,Falling Wedge,bullish,1,0.7369586446434995,5,81,2312,2313,2025-11-26,2025,1,98.35063869703974,96.80127732813128,116.711433758461,90.99860481304754,1.1340167339953158,0.016005588063229,True,0.0048912428630254,-0.0002934761710704,0.0314071251335725,-0.0079210248634226,-0.0002256529486865,0.0169854017882893,-0.0050779640942056,0.0149760896622719,-0.1197001074132115,0.0593604600694341,-0.0337116975882708,0.0124965894594242,-0.0120660560005037,0.0649579794962595,0.0026867095835054,-0.0076927093622426,-0.0091710668351366,-0.0030266678564009,0.0537889379767129,0.0302488083197909,-7.840013194204687e-09,-0.0267680830043502,0.0018138896788846,0.0257536033340259,0.0135484430508185,0.0128336554214867,-0.095679346269347,0.0058723194681569,-0.0053134194066146,-0.0336356340776539,-0.0345474912749805,0.0512497299096175,-0.1232867338436369,-0.0871799392099201,-0.0250460651442746,-0.0453775215798808,-0.0706311457510983,0.1171093084981909,-0.0594291378796572,0.0495480517073623,-0.0003127275406773,0.1200285198045485,-0.0306684736431075,0.1063564839662787,-0.026503071276407,0.0344842352401067,0.0413256123122929,0.0244501606804279,-0.0900469099502024,0.0117965658482963,-0.0021731237188281,0.0254717737559855,0.0108372152960123,-0.0082596794784076,-0.025401195201824,-0.0198199137974487,0.0075364681720537,0.0180195649375627,-0.0171562209794374,0.0492214101972516,-0.0257316621418067,0.0131147527012833,0.1146985110619072,0.0626078392306932,-0.0620322455663754,0.0820910636259848,0.0685623105880242,0.0198849462354149,0.0296645387714859,0.1008185230752658,0.0763126089767145,0.1063909536512195,0.075537186843577,0.0304174960549143,-0.0281713462297478,0.0289917555707399,0.0607273197389983,0.011110238596069,0.0370203826126356,0.0312784488114643,0.0940918914424844,0.0203807769168591,-0.2468274400230971,-0.1837277230303861,-0.0890142984736848,0.2592094038267907,-0.0648169500027409,-0.0347733110029045,-0.0476904819546455,0.0555988014022987,-0.0586793264808259,0.0979658341617649,0.2360510095361387,0.2149920000356338,0.0006346333929809,0.0171628235769993,-0.0203583867455859,-0.3978517094816459,-0.143574002515186,0.0874775210604545,0.1729688596729117,-0.0749889448818169,0.2334306284834557,-0.0392257806550145,-0.0230794640467745,0.0726691868798681,0.1486155946284399,-0.0189172260688296,0.1022886584114539,0.0120381986079074,0.0069513220785071,0.0588736291793554,-0.1109697369169685,-0.016131287391061,0.2326502836726662,target,2357,45,116.711433758461,0.1866870953220754,0.2132162033114123,0.0201637178018117,2.4973762840509672,2.8522651156292618,0.2697368586171709,2.4973762840509672,2230,0.6256520676959071,7,0.1338034298035503,0.0666088804006199,0.1435215180615763,0.0,-1.115022133892349,-0.4893700661964389,0.519402449114346,0.1678966906121119,96.80127732813128,90.99860481304754,116.711433758461,2.013830698806192,-0.0644068442374183,-0.0022632947755518,0.0205354768218395,-0.0898854470651585,0.4266662597656198,-0.0023091855774786,1.0,-0.0112163674826599,2025-11-26,57.0,8,-0.0397219012815708,-0.0397273637766193,False,False,False,0.2857142857142857,0.0,0.0,0.0099180922836329,0.3549661068292365
PPL,Falling Wedge,bullish,1,0.6531622522946952,3,35,1280,1281,2021-10-18,2021,2,24.14162180222792,23.719588402691144,25.931676161261805,23.460102528940084,0.5417056597631932,0.0177926105787269,True,0.0101010307347959,-0.0046675091293986,-0.0056937647228672,-0.0189693285272939,0.000679594208504,0.0295449892118444,0.0302140679963764,0.0162966010759566,-0.0141574072944521,-0.213200184948562,-0.0027874765518196,0.0259345513109769,-0.0006934293780377,-0.0660584741393989,0.0045311911421177,0.0113123120149154,-0.0096810551008416,-0.0029424498624152,0.0229732466597325,0.0255272016053706,-0.0076358385166525,0.0003585887231394,0.0188233839894662,0.0205503710854042,-0.0042200810173926,0.021969599781191,-0.0442736338239482,0.0080246278572602,0.16153184025893,0.0132959212785681,-1.8656711731068757e-08,0.0197731205980662,-0.0055710977831359,0.0038019766345505,0.0268102774056138,-0.014799252281773,-0.0325340731477076,0.0387959301524762,-0.0681976877390184,-0.0031449112408445,-0.0578199215712933,0.0180995820698139,0.0003596437483461,-0.026548796290914,-0.1185411418110946,0.0234987718134855,0.0045279807420426,-0.0367041226026605,0.0628117963312264,0.018888083863767,0.0182375468692905,0.0858755721572159,-0.0462784610025702,-0.0275402921269884,0.0587702907044165,0.0255423336390501,0.0887599205011289,-0.0238622049648076,-0.033232671565069,-0.0255131643092105,0.0486611377607353,0.0895882399975347,-0.0907528781090468,0.0791667453856699,-0.0466073094771766,-0.1083040757112832,0.0816958461303569,0.023874875811102,-0.0094610858522244,0.0186723040391214,-0.0134935294773592,-0.0539783091365304,-0.0203682808614527,-0.2434704859550411,0.0880891141292834,-0.0737096033239754,0.0815426911829686,-0.0677531627633645,-0.0214922374621128,-0.026548863680763,-0.0176536097632471,0.0773105685354988,0.1048868098961879,-0.09382387647126,0.0527062002993097,0.0443843424207992,-0.0926194703349027,8.305572417333096e-05,-0.0070008402802985,0.0339365883600677,-0.0460798911752075,0.0327502670721148,0.0585995780667913,0.0056842337351932,0.0963829081294835,0.0079762382388299,0.0534096670415551,-0.0136016094013674,0.0364659947970984,-0.0119332971088556,0.0513204985693251,0.0903233130982399,0.0191847968389815,-0.0929585722412972,-0.0142622682128763,0.0777700199277253,-0.0413109299890429,0.0043265838261881,0.0566023406186515,0.106192560328739,0.1114930884227602,0.0310473954388939,0.0044825409731392,0.1519484848083037,0.0223565903615676,stop,1310,30,23.460102528940084,-0.0282300534268554,0.0247300945476267,0.0334377927105,-1.0,0.8760201113930886,1.1844750062956102,2.626564543652864,1243,0.8408733328333677,7,0.1590562641003408,0.0376421823317936,-0.098147379325318,0.0,-1.1129686596765824,-0.2720953268432182,0.1552614805315507,0.0796662740795686,23.719588402691144,23.460102528940084,25.931676161261805,0.3381539899488567,0.0218969372877733,-0.0093899167239657,0.0140855942850367,0.0126219897188484,0.2580631268073671,-0.009012431389042,1.0,0.0302966813285483,2021-10-18,59.0,11,-0.017914844470834,0.0211694513872304,False,False,False,0.1,1.0,0.1,-0.0024446326722473,-0.0092935396445642
PPL,Falling Wedge,bullish,1,0.6029156349130025,3,22,1425,1426,2022-05-16,2022,0,25.047387330536825,24.59885420984588,26.74774304156404,23.65695655067812,0.6446046532032815,0.0182339029641231,True,0.0147563001056481,0.0383953585214635,-0.0336633943228126,0.0644309114135444,0.0244444844485149,-0.0302005135924567,0.021034323392123,0.0172484906575332,0.0013705982903755,0.0023385796291157,-0.00758263356101,0.0007505306365138,0.0251324330905922,0.0263762416613011,0.061273740397685,0.0112976198068959,0.0062393773629152,-0.0345058202317895,-0.0336162304800219,-0.0104252659399622,0.0196499595412618,0.0122019986970189,0.0075665285607812,0.0356896740158143,0.0199467570664411,-0.0238454215219039,0.0031140905933042,0.0627967166843941,0.0022323119106748,0.0339477719786345,-0.0350209063342119,0.0892386789003305,0.0819041559161404,0.0226537260824359,-0.0094237565512497,0.0205503710854042,0.0162865240566092,0.0254087298366927,0.0069422802068301,-0.1063470122018404,0.0272024822610601,0.0363223258413805,-0.0345045538869619,0.0380950375410698,-0.0241428774869306,0.0240191402702212,-0.1067260773557207,-0.0263876575502178,0.0853942223916561,-0.0295690631320303,-0.0278463841005635,-0.0039232411223276,0.0454047353303233,0.0675361249824881,-0.0060545319823507,-0.0204842613506366,0.0396893310501289,0.0097114434378311,0.0066037701339956,-0.0241884360144053,0.0240826756876033,0.00678897327176,0.0140803681444152,0.0451427111531053,0.0588572093366208,0.0272021414870806,-0.026890241968596,-0.0235687261567451,-0.1201245183846883,-0.0611134543525382,0.0052716697440277,-0.0017559789169782,0.0538282865749706,-0.0353312871720027,0.1052368735660911,-0.0322861444447686,-0.1013461122153146,-0.1556703378867889,0.1000391183314803,-0.0798698825305678,0.0299999300689364,-0.0238609566750505,-0.0167456599526987,0.0475441198587909,0.0554966041271083,-0.0916625402172851,-0.0027414786044298,-0.00562755140984,0.0815361407375334,0.1482547536411895,0.075775701452291,-0.0686541342691715,0.0188579462395712,-0.0187142956309482,0.0838888036236282,0.0662824222081559,-0.0305462441666565,-0.067868515533751,0.054300619763467,0.0718756513863891,0.1071954265198953,0.0337410170592322,-0.0214723251813084,-0.0692130283658509,0.132161992199211,0.0905564631583468,-0.0045257068976033,0.0379924669828326,0.1025361833337614,-0.0276294077201664,0.0549624561334944,0.0993644830864788,0.0710081282032506,0.031905148753996,-0.0219678554877688,stop,1444,19,23.65695655067812,-0.0555120085584154,0.0514756031649753,0.0748113821840377,-1.0,0.927287707682337,1.347661238114155,1.2228984971118064,1403,0.4630530177433417,5,0.1027046207722119,0.0882794985628185,-0.0993658497128529,0.0,-0.8102072509214939,-0.34715423317815,0.7669290271968727,0.087145757942336,24.59885420984588,23.65695655067812,26.74774304156404,0.5666913284694383,0.0228235655082715,0.025534946890438,0.0227496823086681,0.0357901263677786,0.8043471049707254,0.0020855004297317,0.0,-0.0864899510965226,2022-05-16,58.0,10,0.1571704528566557,0.0936433077899987,False,False,False,0.0,1.0,0.1111111111111111,0.0373249463669192,1.1054173929751745
PPL,Falling Wedge,bullish,1,0.7404962599967171,5,43,1636,1637,2023-03-20,2023,3,24.32746716361818,24.0851389909989,27.901415223436345,22.99324297201774,1.4562924786395397,0.0100613151001471,True,-0.015339651421377,-0.0134517689175553,0.0476853591621109,-0.0003511343252163,-0.0217332428300314,0.0057185769321961,0.0252365725844374,-0.0141574072944521,-0.0447810755600908,0.0053495327184938,0.0227213404760964,0.0048025424205635,0.0045250365443618,-0.0048224461095035,0.0115112660702163,0.0179092877172675,0.0065847988176153,-0.0060120913576602,0.002119478189718,-0.0051864234879303,-0.0099530919278981,0.0142951126469548,-0.0184127509907395,0.0073046510485534,-0.0272085376092741,-0.0094854929907682,-0.0333844777893618,0.0744898603853836,-0.040964052617137,-0.0155925704467166,0.0141564668314491,-0.0211176193899964,0.0366698138707588,0.0139898958713124,0.0502424362036006,-0.0350247951763706,0.0068391389579691,-0.0328211564053365,0.0428878004605708,0.0168680905987299,0.0020704490992204,0.0052274511629042,0.0312568584851067,0.1290177873818156,-0.0983965924576421,0.0004581864467788,0.0405405839488497,-0.0021792376959641,0.0327587594339426,-0.0341271138536406,-0.0007145819256809,0.0335097753863165,0.0014939834035359,-0.0114856299109449,0.0709266768300163,0.0447485279153807,-0.0434558081306598,0.0704011817282956,0.0995244329400142,0.0178059819785334,0.130164362205561,-0.04426269973587,-0.0038987121246859,0.0229509313384055,-0.0217876435005149,-0.0442717008891406,-0.0084022777816409,0.0290162374385918,0.0234958498115589,0.0069392926423894,-0.0258117586368236,0.0904475092088099,-0.090851035916403,0.0257733632897863,0.026325993535903,0.036086064572059,-0.1588691416268651,-0.0108467895509742,0.0660943304108112,0.1034481970113281,-0.0099791082214283,-0.1133004831579658,0.0645241310775093,-0.0921367242971513,0.0498911710128495,0.0425698753593208,-0.0651111702933593,0.1098350138447814,-0.0144362049394994,0.0458961419678911,-0.0388219488383636,0.0036123334199374,-0.0101934293046835,-0.1107372255545723,0.1412044076780008,0.0103556925228962,-0.019195864083277,0.0362357530704999,-0.0007797509952179,0.4108074164743993,0.0397387368773543,0.1362475952830244,-0.0266650468365439,-0.0603611130519566,0.1362475952830244,0.0540843603626066,0.0415423402851067,0.0661280447040375,0.0597430709460644,0.0866498263872479,0.031738104750562,0.0843577445129108,-0.0101151739374499,-0.2860513357668995,-0.0567890495280031,stop,1639,3,22.99324297201774,-0.0548443527896639,0.0,0.0580714429682476,-1.0,0.0,1.0588408835994487,2.678671307504257,1590,0.4498641413817184,6,0.0613293558645499,0.1194014177445328,0.1755565330032742,0.0,-1.7602126469300152,-1.3103485055483073,1.119502944076589,0.0762173030702686,24.0851389909989,22.99324297201774,27.901415223436345,0.5479610633650019,-0.0150777542313979,-0.0357938192869412,0.0226152337035223,-0.0411525168376664,0.7407413948395474,0.0044726967638428,1.0,-0.029507695939129,2023-03-20,56.0,10,-0.0394376475585336,0.0048329190400437,False,True,False,0.3333333333333333,2.0,0.2222222222222222,-0.029905028687567,-1.2558154343158077
PPL,Falling Wedge,bullish,1,0.6444977568896562,3,30,1755,1756,2023-09-08,2023,1,22.38115788340709,21.81423135459437,25.25972401426523,21.499419509240965,1.2344125648306667,0.0259888381853674,True,0.038025646500243,0.0454014385384744,-0.0051653960360098,-0.0058395366640829,0.0198513595578437,0.0033189677885001,0.0026154168228567,0.0350423291065975,0.0028668933409572,-0.001727690588789,0.0247152163580641,0.0517709477089525,0.0440328689255056,-0.0029185263507052,-0.0220385724197909,-0.0008902570341259,-0.0003239542008529,0.0117362915409477,-0.0392007716125922,-0.0214333107309078,-0.0072122628368813,-0.0087608239223838,0.0340036870625879,0.0165855321755061,0.0529538638346068,-0.0035517159365231,0.0477804322806738,0.00387487854135,-0.0030617549902727,-0.016389128220024,-0.0127199331414765,0.0208743589072861,0.0303746010506842,-0.0134263846276772,0.0010168843831361,0.0326860139713733,-0.0478193792280254,0.0165855321755061,0.0606321272198608,0.0335101067560763,-0.0174687183930682,0.0222965054010952,0.0064246216859358,0.0162423380913594,-0.017947145022248,0.008589820130255,-0.0517801748823071,-0.0134415711365727,0.0256951245148298,-0.1073137562974363,0.0494866425062747,0.1420301032431834,-0.0714782950750542,0.0401994803941838,-0.0057549044533817,0.0103343627685275,0.0024947046876186,-0.0627187801011005,0.0597228945211463,-0.0028452132900298,-0.0039149671802042,0.0221000586175685,-0.0388475711011584,0.029312973263228,0.0146753011236346,0.0479862567763411,-0.0842312615649234,0.0382511828232972,-0.0570393916911343,0.0262944400646236,0.0531029239289116,-0.0516093550930871,-0.0194496380742562,-0.0631908229081658,0.0497769355534929,0.1158295666299735,0.044337316285127,-0.0571669293844498,0.0547404791424819,0.0418902588237526,0.0365248232495336,0.1251937813800592,-0.0225072143053108,-0.1806367275637954,0.0735532301833894,0.0063202271708089,0.0686854446399358,0.1528686196183255,-0.0780801443131524,0.0264572236663394,0.1351388843416949,0.0033606421124888,0.066342939421929,0.0438975185793244,-0.076267405615344,-0.024980534548503,0.1170799724831932,0.1010744065882505,-0.0066203181499796,-0.0337261529116648,-0.060066698845196,0.0852347088936524,-0.0680012310435118,-0.0929585722412972,-0.1078850017418376,-0.0245464105472061,-0.014218043030025,-0.2139663897423022,0.0048892030803122,0.2237301396029019,0.0197734975159515,0.0227209226590976,0.0959446303992639,-0.0145120908164808,0.0697080078224652,stop,1769,14,21.499419509240965,-0.0393964592341233,0.0477345499200284,0.0558254417474583,-1.0,1.2116456871505603,1.4170167277140742,3.2646488064902988,1724,0.7411472601230078,6,0.1274146081594657,0.0446758412513488,-0.1165564396878896,0.0344827586206896,-2.103401489844721,-1.3622542297217035,0.259308889812822,0.0607767047555806,21.81423135459437,21.499419509240965,25.25972401426523,0.3661832462962078,-0.0883008274613256,-0.0445441984490804,0.0163413998568952,-0.0511649555174427,0.8620662439820012,0.0016312003901974,1.0,-0.0008747031901837,2023-09-08,56.0,10,0.0005997919512068,-0.0347101291596526,False,True,False,0.0,3.0,0.3333333333333333,-0.0362273607623203,-1.3863238647784693
PPL,Falling Wedge,bullish,1,0.6547134636856168,3,34,1863,1864,2024-02-13,2024,1,23.89365229520632,23.75230120145716,26.34724138289124,23.01758546448712,0.9220974252443032,0.0059510483868607,True,0.0282981906515442,0.0274527981690442,-0.0178453324823278,-0.0326983671790828,0.0142951126469548,0.033765335722296,0.0460817581380004,0.0318257787708653,0.018790597138484,0.0295449892118444,0.0130923576888883,-0.0077469702402861,0.0131298667257615,-0.0116387288388435,-0.0050288859299684,0.0006520090018351,0.0067274029687349,0.0162721734233295,-0.0350683826309283,-0.0123414754903623,-0.0073546144645046,0.0192465297264947,0.022613132956185,0.0034416293923189,-0.0156208158961257,0.0060195091456283,0.0270111081130228,-0.0007725165981904,0.0244040354979653,-0.0081081113908419,0.0732965948821404,-0.0621428646553454,-0.0073669814404514,-0.0022860258063368,-0.0457743618797991,-0.0105969434261689,-0.0089871061703331,0.0085380485026071,-0.1250906396966661,1.2312635577771402e-07,0.0747305194190808,0.010555604321484,0.0363327561495725,0.0430440789631356,-0.0094386450844975,0.0022732202937008,0.0409777653663772,0.0023699009532249,0.0442251324474445,0.0233460958689579,0.0575784681891675,-0.017399868507681,-0.0374330753669127,0.0495401668838333,0.012056883799139,0.0158671781402335,-0.0527850505365715,0.0697067610309107,-0.0521497353038636,-0.0083231693468803,0.0360843022925851,0.0301253652925104,0.0811607230145743,0.029312973263228,0.0320437654813079,-0.0071057459945451,0.0238376757454215,0.1309881807361139,0.0179439140099285,0.0324832589507309,-0.0134504593295667,-0.0405135911353959,0.1269437577453533,0.0554742154264442,-0.0607414097181283,0.0892744367718649,0.0621037322108612,0.0218899449637524,-0.0271651923419563,0.0219411777083076,-0.001281976576451,-0.0076449839815332,-0.0335272925078535,-0.0540650148404177,0.0880891141292834,0.0218899449637524,0.0733212505595026,-0.0020652374032966,0.0429654073510623,0.0386046160862247,0.0404990962368438,0.0096836591683198,0.1162709972979394,0.065955714195647,-0.0932719660517175,0.078172535283628,0.1230998673417815,0.1463750466482165,0.2172797395072885,0.0243961712001774,0.0896514596606734,0.1108499827847238,0.217867305002833,0.0825969239109565,0.0165337160332477,-0.0747402033069449,0.1473807353769123,0.1528427651828927,0.0425761658462764,-0.0180594370849862,0.060567155353256,0.0485878037270317,0.1473807353769123,0.0718888921758802,0.0366722275994874,target,1923,60,26.34724138289124,0.1026879046104296,0.1178155099961135,0.010707534149674,2.8006871184366924,3.213274070105536,0.2920349098268302,2.8006871184366924,1828,0.6597388787935866,5,0.0581500323464884,0.058956625679484,0.0251526867458082,0.0,-0.994008537949343,-0.3342696591557482,0.4265893686745866,0.1018962263655731,23.75230120145716,23.01758546448712,26.34724138289124,0.3994245095354188,0.0115600348000322,-0.0171451796279622,0.0167809345317471,0.0203993190060549,0.6428565589739523,-0.0057032120341891,1.0,0.0403218209992159,2024-02-13,28.0,24,-0.0381399797433511,-0.0397907592963203,False,False,True,0.2608695652173913,10.0,0.4347826086956521,0.0102733595242334,0.4573423819946626
PPL,Falling Wedge,bullish,1,0.7748099439052111,3,34,1965,1966,2024-07-11,2024,0,26.31105299507964,25.742953871589137,27.61617056296764,25.35354537782632,1.1085374308178506,0.0220681405220353,True,0.0162773945003213,0.0251903185359435,0.0250667472129968,0.009835076055731,-0.010363954444808,-0.0251910490845155,0.0222138602560162,-0.0139204935907595,-0.0146548445411485,-0.0401277238980738,-0.0006229909069001,0.0342420211307787,0.0229114810541863,0.0636232574470629,0.0289688746656056,0.0387143470385571,0.0430717410930208,0.0593247152079454,0.0133039394851741,0.0052483391260467,-0.0042600741171993,-0.0409291222329167,0.0054546871524813,0.0339702991325712,0.0684377202213266,0.037308949383372,-0.0091364611917458,0.0119633018271281,-0.019765091293008,-0.0762712679829057,0.0411415958859826,0.0112826298671506,-0.0091743319528192,-0.005283207108005,0.0222965054010952,0.0428631171172471,-0.021689970334061,-0.0025338315935674,0.0154346309035726,0.0584944988013342,-0.0167801079746345,0.021969599781191,0.0289813374708696,0.0127509278999009,0.0260466901499838,0.0254753233796671,0.0796178278013417,0.1280012183186203,0.0247882623619681,0.0574178034426799,0.052545965931313,0.0394237290020023,-0.0475934405263219,0.0995244329400142,-0.0104167141799805,0.0137215616549344,0.0523708786125498,0.0500913214267344,-0.0276588327230237,-0.0275402921269884,0.0343082075772878,0.0228750441043383,0.0229509313384055,0.0028188282385945,-0.0341271138536406,0.0242192786757635,0.0154327104989824,0.0294219434865403,0.059889102507234,0.1348195510687535,0.165789912424068,-0.022840083539236,0.0013803783077539,0.0308224287466685,0.0763215901188039,-0.057493619038604,-0.0325426145262048,-0.0258567091450341,0.1166010801020493,0.009331864733169,0.1101158214296553,0.0277925943590322,0.0229122409207533,-0.0271381241383491,-0.0571669293844498,-0.1090235763135775,0.0532526602070326,0.0369201466816544,0.0762109531820551,-0.0005735254962884,0.1169460179581844,0.1175209213105001,0.1610387820394994,0.1303598940521073,0.115794770279024,-0.0520519441352071,0.1295039039614471,0.110329681429325,0.1151689909909761,-0.0367245764593261,0.0513204985693251,0.1598551486613193,-0.1663229477707455,-0.0213583658914193,0.0384109943493149,0.0648132909640895,0.0699113573830072,0.0330712525514513,0.0318984185874196,-0.0238747204591539,-0.0346278788192931,-0.0609354365714938,-0.0063090991721628,0.0196825758303631,0.1341609863255863,target,1975,10,27.61617056296764,0.0496033955057619,0.0541402081316913,0.011677210621486,1.3630362248520067,1.4877018831493152,0.3208744264384737,1.3630362248520067,1931,0.6715427074565246,6,0.0830548520579471,0.0898465709286657,-0.0917009630142754,0.0,-1.1555676475861745,-0.4840249401296511,0.3577166362742165,0.0536874131730737,25.742953871589137,25.35354537782632,27.61617056296764,0.3557883621169489,0.0756115328158781,-0.0009124269575029,0.0135415588362237,0.0336062395251564,0.6935469977665567,0.0065029743560311,1.0,0.0397156113068133,2024-07-11,28.0,24,0.0497907544660309,0.0737270007919912,False,False,False,0.0434782608695652,8.0,0.3478260869565217,-0.0193055764229257,-1.1708979769993315
PFG,Falling Wedge,bullish,1,0.6363755596815482,3,27,1426,1427,2022-05-17,2022,0,61.61511697286272,59.63360931233751,69.11416255197463,55.59742885580755,0.9516557006853628,0.0332280350522948,True,-0.024951176000674,-0.0011346572603758,0.0237519028484431,0.0412327994066237,0.0365403161721595,-0.0104244452423484,0.0289464690938232,0.0182474143838258,0.1619958884771917,0.0148733737026791,-0.062464742997089,-0.0131554973715087,-0.0556840361086432,-0.0040970406012281,-0.0019599467794205,0.028627969193756,0.0166666978284653,-0.0196464079499766,0.0607037020775735,-0.0323219515305603,-0.0136623331842489,0.0390547053952754,-0.0378124178414137,0.0013016179433673,-0.0137913431016392,0.0463760163382411,-0.0448329626181147,0.0609090329771231,0.0634847536634946,-0.0184034593433815,0.0175468395284077,0.0558174973537446,0.2457399998785061,0.030200490068889,-0.0043859413984208,0.0002899200908543,-0.0026556676154961,0.0105652748584961,-0.0771931765163785,0.1716677984734114,-0.0815411368978492,-0.0208463523770444,-0.1285260377391738,-0.0010968812879694,0.0215210067757298,-0.0159302327672861,-0.0915565367684553,-0.0313337084185511,0.0535048903945754,-0.0642731852236098,-0.0135049749014126,0.1235314498279451,-0.005348282694247,0.0035655365505118,-0.0362616927031145,0.065993688276263,0.0549780564214825,0.1359193879490625,-0.066378077220816,-0.0223218692062,-0.0664599572453951,0.0575148995064027,0.0632440918393069,0.0134649140298577,0.0194634965915085,0.0238127474421019,0.0549519779575224,-0.0468801464389541,-0.1089823843260949,-0.1233016423472723,-0.0818979451495877,0.0280931425088244,0.1213878703905717,-0.1480179953699303,0.0171688014341782,0.1447346498946342,0.0735397571309495,0.0008311156174769,0.0258979556634135,-0.0159399723900137,0.0722411654158117,0.1447346498946342,0.0027587054603763,0.2000919853073905,0.1057543294696343,0.0327788939632365,0.0052824257130308,0.1853824386778007,0.019413890281825,-0.064830974966582,-0.0240451982382743,-0.1696645241402218,0.1119204468704002,0.0488599404311891,0.1092833149514733,0.0754837856668504,0.0799012805101957,-0.0396253970530124,-0.0519918776126646,0.1314641151253863,-0.0041872787037053,0.1361943070023952,0.054861638345981,0.0954696753852031,0.1485039577350702,0.2141042131418455,0.0936901681723343,0.0454639114178005,-0.0113236335071053,0.2563605144078618,0.0423172647237002,0.1124896538596138,0.2087111563914196,-0.5537046562818011,0.0547471411864581,stop,1444,18,55.59742885580755,-0.0976657744511879,0.0198228717116128,0.1163092491364529,-1.0,0.2029664109356966,1.19089056314792,1.2461672046210424,1399,0.4497299932854764,5,0.0297958166357694,0.1003242515325517,0.5573040047912965,0.0,-1.031536953134105,-0.581806959848622,0.9764945682078028,0.1309198670485676,59.63360931233751,55.59742885580755,69.11416255197463,2.079135003825408,0.0519730473007067,0.0227745106495422,0.0334517720696955,0.0345114600409877,0.8170210279236038,0.0169804720771369,0.0,-0.0825094641007874,2022-05-17,16.0,5,-0.0101060166037063,-0.0014463831532498,False,False,True,0.25,1.0,0.25,0.0666261829325035,1.846918909716891
PFG,Falling Wedge,bullish,1,0.6628090540489132,3,26,2392,2393,2026-03-25,2026,1,87.23553704673463,84.69226581446082,99.91402401355526,83.41547210940274,0.5830755031752503,0.0300295571008275,True,0.016704251462654,0.011827380388794,-0.0640679189354036,0.0227416949581196,-0.0243465669725672,0.0355695351477574,-0.0110137189457227,0.0065631606815892,-0.0035605092036551,0.0121908663753114,0.0614412550488596,0.010117255884334,-0.0008007013119403,-0.0424053801470668,0.0220820971809887,0.0315510459793302,-0.0029612908610012,-0.002566096369327,-0.0184129355093168,0.0137135048101597,0.021217348175706,-0.0637450022111754,0.016538869273905,0.0419864408748908,-0.0007243113925616,0.0500366081608958,0.052851641379898,0.0208739357076954,-0.0188428734434938,-0.0120944200968187,-0.0170766739940516,-0.0652399117449614,0.0355130958001104,-0.0080167601896891,0.0423491957109778,-0.0766630285386078,-0.0207853099684882,0.0274502125860529,-0.0182549800611867,0.0227195391259835,0.0558886849103645,-0.0163699043447814,0.003957663472625,0.0364011144843783,0.0045215014176189,0.0370254743561648,0.0948080955701611,0.0083282517029463,0.1140963242604067,0.2435836864938445,0.000674697214372,0.0905189132666157,-0.0317821088147008,0.0674332554566488,-0.0530478011263267,0.2444671048104223,0.0050262931414031,-0.0151055896476989,-0.0503510012464318,0.0473323563001142,-0.5073743299998326,-0.0161996618572424,-0.0644627457739235,0.1388434352234751,0.0674416118432341,0.0467545753935003,0.0323615411978388,0.0621121600710146,0.0736919597598244,0.1729119396776681,0.0338756645506002,0.189682781909978,0.1074841321426247,0.2213735313547824,-0.0167038895403037,0.0411544932397822,-0.1233016423472723,-0.0098966813958141,-0.0114001204689045,-0.0333335440385251,0.1135499042760794,0.0224355435437166,0.0466035146129601,-0.0163069350991045,-0.5395004601028752,0.102289997377353,0.0202401026308645,-0.1274710775979772,-0.0214806335503179,-0.0803992343194847,0.1041754273939314,0.1734521791765935,0.265431651805748,0.1208931658900942,0.1045271259473861,0.1274662875707639,0.0259512052387336,0.166039063557057,-0.0117491835230341,-0.0904276515779268,0.0898897624302978,0.151719521972891,0.0125193247515367,0.0759928941410958,0.0940144879224624,0.0204235822506808,0.0842813667338058,-0.0671643332086248,0.054861638345981,0.0725731479752749,0.1256915093509225,0.0817688458749774,-0.0772289037619775,-0.1505488837622448,0.220901611394245,target,2413,21,99.91402401355526,0.1453362631335484,0.1460495850222725,0.0202031520912846,3.3189192264558365,3.3352087448464625,0.4613620060477389,3.3189192264558365,2365,0.8311206832431859,5,0.0056125398399825,0.0011076042125155,0.0102818392295411,0.0,-1.0962895901679233,-0.2651689069247442,0.110641260273916,0.1453070507829351,84.69226581446082,83.41547210940274,99.91402401355526,2.2889268804877005,0.0677918152146104,-0.0260159915780223,0.0262029783931998,0.0966597040051522,0.6862770519597122,0.0096899532433134,0.0,-0.0498250924154898,2026-03-25,62.0,10,0.010234722940102,0.0056196708067173,False,True,False,0.2222222222222222,7.0,0.7777777777777778,-0.0130380287374624,-0.2262316425869919
PG,Falling Wedge,bullish,1,0.6692508422933064,3,26,1070,1071,2020-12-16,2020,0,119.12956699295724,117.68073630343946,126.77878343533511,115.72107915237088,0.8058280116745877,0.012311536577932,True,-0.0121006751767538,-0.0045639970027634,0.011422070896027,-0.019752268877005,0.0604779992934185,0.0131069153168803,-0.0050650284098535,-0.0168074845458515,0.0205260474210922,-0.0198842978274962,-0.0157297464586869,0.0146586157839689,-0.0061708774328804,0.0294226886382127,-0.0021473355753897,0.015809582356647,0.0293971201896601,-0.0087814372051892,-0.0070801737071227,0.0096978915945744,0.136026960700808,-0.0025439141855594,-0.0239298415750665,0.0081878369947439,-0.0013131747980734,0.0264155644249526,0.0328946748181604,0.0642246058883484,-0.0074809697223424,-0.0368163975176402,-0.00026926569196,0.0279728518008817,0.0075897181530462,0.01937874307223,0.0189713611248703,0.03923307670857,-0.0376945830997222,-0.0429259533860804,-0.0003852739252205,-0.0157894970289942,0.0111501144990049,0.0092809651801304,-0.0439283718275845,0.042542456433555,0.0519110051306721,-0.0001259042569999,-0.023404234559667,-0.0378191761847812,0.0165728934733235,-0.030349049571471,-0.0352244411423959,-0.0340321551337189,0.0057992970704365,0.0103344504912716,0.0436281144149945,-0.0135992318033575,0.0240517171697243,-0.0572425782649211,0.0474570347607774,-0.0217867795338054,-0.0419852228780045,0.0581331150561996,0.011837102740037,-0.1432727761888793,0.0062805306918283,-0.0517746062737807,0.0432636087887727,-0.047791817617648,-0.0129191948721361,-0.0675198813963934,-0.1267559081113817,0.0048680787941288,0.0022694575887767,-0.0310772473928956,0.0914910136713045,-0.0459375221955453,-0.0454838358345044,0.0246744580465554,0.0962439709647207,-0.0137135054253625,0.0317595557430434,-0.0182032997490954,0.0280960679729742,0.0604846897956619,-0.0278393416063952,-0.0089592414717338,-0.0027008228087022,-0.0683326803745929,0.0403443600865482,0.0933084033531275,-0.0749617697599402,-0.0743364208662971,-0.0600845729499524,-0.129067882736048,-0.106962604024269,0.0959773018163034,0.0225787914750246,-0.0458516090137806,0.1405183399561469,0.1132473583860809,-0.0197360319751113,0.0672357449406413,-0.0269295313739876,-0.0034210126934497,-0.0174465001669339,-0.05556901570128,0.0646405445513922,-0.029531732520616,0.0251662434660913,0.0283133804805484,-0.0118608818196807,-0.0088268583050807,0.0037344000502619,0.0254900654066529,-0.0731228925967001,stop,1091,21,115.72107915237088,-0.0286116026996711,0.0219549746518245,0.032244104422524,-1.0,0.7673451530234234,1.1269590438879795,2.2441671498121094,1044,0.6732893440984398,6,0.0351436456873171,-0.0138154271764798,0.0844988041040466,0.0,-0.981117679575558,-0.3078283354771188,0.313871060591212,0.0688691933935396,117.68073630343946,115.72107915237088,126.77878343533511,1.7103602637439894,0.0846537015009278,-0.0195361470666765,0.0144345388725863,0.1645142172632241,0.3589733557650902,0.0004394678384647,1.0,0.0264819506894631,2020-12-16,37.0,8,0.1127416286027707,0.0894259940214023,False,False,False,0.0,0.0,0.0,-0.0322962301757817,-0.8805858421442311
PG,Falling Wedge,bullish,1,0.7664339108894642,3,28,1618,1619,2023-02-22,2023,2,127.96899593462206,125.79015206607936,140.22549076958626,123.93142675885346,1.189563723984262,0.0173212595163896,True,-0.018326980571888,-0.0013432979511106,0.0192890898255198,0.0161067338210847,0.0138355338529903,0.0272193160942111,0.0194869905067585,0.0139013583458758,-0.0243017668544528,-0.0098737198806908,0.0066173091582828,0.0022531180791756,0.0011617282882097,0.0148927958700226,0.0048176159828254,-0.0219846434740476,0.0059512637186107,0.0252189862411347,-0.0378504881552025,-0.0440578802082406,0.0169402053299849,-0.0052915989239069,-0.0205435779527953,-0.0188974756026284,-0.0123231376973693,-0.0195165709716625,0.0092809651801304,0.0127540332081286,-0.0019008314297594,-0.012601280249631,0.0055854366235388,0.0303119719074063,0.0625379754309909,0.0657265540247966,0.0093756004650655,0.038082534966382,0.0289541731952844,0.0169756117612005,-0.0069152937531222,0.0437896053438102,0.0158861270821506,0.0049747504321258,-0.0257829408353534,-0.0378295676223858,0.0319035962491334,-0.0324770981530399,0.0268131928067121,0.0466196892974147,0.0046436713430555,-0.0238614343005371,0.0210079167827925,-0.0118643489202328,0.0266268354349303,0.0158190779926548,0.0778156284632904,0.1879416933390556,0.0479270442374739,0.0227393931011778,-0.0143887799090999,0.0266969462236954,0.0517843146403209,0.0933922786762662,0.0478213584944751,-0.0070092092211413,0.013462383470288,0.0064096868681076,0.0225597105255568,0.0187929288954442,-0.0046026620001666,0.082467728514326,0.0528532842245057,0.0349329836111207,-0.0127031833597001,-0.0205600978996078,-0.0886501276006189,-0.0330639779913073,-0.1891692688734089,0.0968904049180634,-0.0731238219541883,0.0078590269657032,0.013441683066006,0.0011298179722072,-0.0085206488898212,-0.0168433516457006,0.0060705116443013,0.0405510617152673,0.0354829524298156,0.0006621550860732,-0.0382917413210143,0.0192032695527222,0.0830373636991304,0.0895509779580738,0.0945233038268982,0.0465355331631418,-0.0157458288813309,-0.0070828081353514,-0.0601273039641439,0.0983724145406839,-0.0318204660448578,-0.0738972849561778,0.0918346732972357,-0.0096333815217902,0.1328002039901732,0.0700826945274009,-0.0322174357997845,0.0795894369815175,-0.0420225949387255,-0.0651936363139173,-0.0221700712175464,-0.0495296442294458,-0.0482820474358367,-0.1062559527504818,0.0425747956487907,0.080927824461721,0.0929131244639916,target,1659,41,140.22549076958626,0.0957770649480278,0.1345641283693068,0.0294515239515551,3.0356123452995805,4.264951421658247,0.93345322018106,3.0356123452995805,1588,0.8172641195473007,6,0.0582711204339718,0.045092225554925,-0.1331233917708997,0.0,-1.141807511055093,-0.3245433915077945,0.1798948359801459,0.0884167869449578,125.79015206607936,123.93142675885346,140.22549076958626,1.9222495796354104,-0.0016572593265379,-0.0360143431425706,0.0149923427767353,-0.0465074003333417,0.3647036648086869,0.0005004144218629,1.0,-0.0041479652544508,2023-02-22,57.0,15,-0.0194571365735534,0.0197081447533875,False,False,True,0.2857142857142857,3.0,0.2142857142857142,-0.0207914593001277,-0.4329829921811801
PG,Falling Wedge,bullish,1,0.6546335572141685,13,115,2352,2353,2026-01-27,2026,8,145.80542941158075,142.52025788054988,163.69163548981146,135.43535198859675,1.302091511667851,0.0230505584250644,True,0.0494595938971784,0.0602478678620255,-0.0121006751767538,0.0131450090755147,0.0026970314588312,-0.0215783524286706,0.0144586021594204,0.0206683292064839,0.0221539910847325,0.0148779247312567,-0.0230660185524864,0.0059193405094419,0.0154781816753402,0.0198941903349012,-0.0119472765898748,-0.0066422409689309,0.0166621026599596,-0.0006596154717924,-0.0005243356845877,0.0075606795162563,0.0236587814119682,0.0482978581442283,0.0420119185424165,0.0748650548963998,0.0819376911900177,-0.0569697923622539,-0.0022741073874725,0.0601091719827306,-0.0043068922116167,0.0167139806495277,0.0138226261575775,-0.0042680158892131,0.0406239273830799,-0.0330957124503263,0.0128858289995714,-0.0257415842726743,-0.0021455131585202,-0.0020192957810253,0.0194793577313634,-0.0231327316826194,-0.0663743000908373,0.0009020725744004,0.052586654117297,-0.0253137571863649,-0.0651840729700042,0.0795501626887688,0.1039865938428341,0.1095815137283279,0.00242050369442,-0.0378407968874539,0.0394811684988254,-0.0010806925191535,0.0491720373380313,0.0349816519499484,0.0673723993745873,0.0673723993745873,0.0500961012176652,-0.0016638664405653,-0.0691070339567406,-0.05543496999046,-0.0696829519581144,-0.044613640094435,0.0397677529179447,-0.0113650277978764,0.0356780443443602,0.0415598137965451,0.0183630113712367,0.0195692567694181,0.0952343357926956,-0.0275675259800668,0.0275737189205647,-0.0131248194796538,0.0405475966183013,0.0098559632584418,-0.0444248444291576,-0.0188053990935408,-0.070420729662059,0.0064761417152248,0.0960541340126179,0.0296772616584077,-0.0500690346746512,0.1109775373786849,0.1409397224707085,-0.0044878078131929,-0.0439713220035159,-0.0323739676614563,0.0038641196850341,-0.0749617697599402,0.0083434313030259,0.0687188743731781,-0.0025891067042093,-0.0355788250396792,-0.0154728219772122,-0.0346032216930018,-0.0701651680023635,0.0528159563373145,-0.0791090909426072,0.0790675908938165,0.0324788044011179,0.0737765440833111,0.0097026824091868,0.0492516446351734,0.0007332377886555,0.0727303893119355,0.0104352499917903,0.1245412663008962,0.20684783591457,-0.0300016914064222,0.0247357449235701,0.1238917183925369,0.1665288399922593,-0.0059519776276466,-0.0369714831338503,0.0896909614825165,-0.0602242747645002,target,2371,19,163.69163548981146,0.1226717424063914,0.1275001495929549,0.0081757210396431,1.7247900231282889,1.792678424969003,0.1149523256492185,1.7247900231282889,2229,0.5588604341222371,7,0.0778761905371043,-0.1044859458200732,0.3509946889289135,0.009009009009009,-1.1883062072119364,-0.6294457730896981,0.7115574492811862,0.1165876747865469,142.52025788054988,135.43535198859675,163.69163548981146,2.378878452221057,-0.0244344012215849,0.029920036724613,0.0162780347898987,-0.0424676382102067,0.2397672820723316,-0.0094989042981769,1.0,0.0075038319141651,2026-01-27,7.0,20,-0.0326630302750987,-0.0025638109576759,False,False,False,0.4210526315789473,1.0,0.0526315789473684,0.0026035285728241,0.1857325512698728
PG,Falling Wedge,bullish,1,0.6924453933325866,3,34,2403,2404,2026-04-10,2026,2,142.84991570895394,137.30905165795775,171.8894991348889,137.49552821578277,0.9780103834222206,0.0403532322457422,True,0.01331044920446,-0.0350060038326141,0.0072210614727958,0.0074299406587106,0.0141748268451908,-0.0025620161746263,0.0206683292064839,-0.0006588836395642,0.0051880021713091,0.0074299406587106,-0.0094864475894996,-0.0246927625803581,0.0254647465892796,0.0277814612466258,0.0250735163912807,0.020833373291661,0.027578059076516,-0.0281017138484698,-0.0161920478129518,0.0279246891083135,0.0145158424114455,0.0270312076643646,0.0044793929470991,0.0296263075833287,-0.0242997271739198,0.0113173767792706,-0.0042138115990026,0.0295127318556187,0.0162984883764052,0.0484648847060626,0.0185555712703116,0.0184897423073855,-0.0031935050963715,0.0106942037047972,-0.0467333181995811,0.0130387166824497,0.0142788943401546,0.0365165899613233,-0.0341565127505442,-0.0199220139637129,0.0365165899613233,-0.0353240551716189,-0.0346871570628558,0.0362746949398984,-0.0013186762642145,0.0241058358444737,0.0173969443925525,-0.0714857482133934,-0.0476225428507054,0.0180044551436946,0.0443372422670582,0.0534121525622488,-0.0035645767524422,0.0502672432468791,-0.0238352719425107,0.0525004682557508,-0.0062666990958953,-0.0253363016288612,-0.0121696261243533,0.0283880099710081,0.0002208049556862,0.0353294478338075,0.0366810387846794,0.0140580865888415,-0.0526814546108697,-0.0118643489202328,0.0167629597467013,0.0590434761059168,0.0061137162157324,0.0082250021121659,-0.0830195340605957,-0.0162318424393063,0.0979866479528506,-0.018390616172587,0.061256261023407,0.0398984569472162,-0.0640989042422524,0.1311122443052752,0.0274328153732872,-0.0347380010434998,0.0252022630409936,-0.0596760452379655,-0.0539136359069449,0.0852659118033605,-0.0172543943668468,-0.0403529859119579,0.1630295299052244,0.0968904049180634,-0.0247674942997961,0.1761823970822855,0.1655587679839116,-0.02879458692357,0.0311549646300599,-0.0720474773026951,-0.0463449334752267,0.094559724857183,0.0262880728971079,0.0197513311075019,-0.0660697030918179,0.0886683604785636,0.0514198828097944,0.0922725682354879,0.0059711680932563,-0.013286833538029,-0.0369103951749313,0.028426165361101,-0.0035530509573002,-0.0853344839916792,0.0505599676536765,-0.0245976263012909,0.0504120280920807,0.0649763740214859,0.0195477327910764,-0.0387864954046549,0.0172564719068906,time,2463,60,147.30039978027344,0.0311549646300599,0.0665227596403956,0.0351335320335996,0.8311845336176189,1.774763335577985,0.9373288907383712,5.423511739292522,2367,0.9803278043014518,5,0.0455487981812251,0.0966588842402236,0.1257735084788429,0.0,-1.806117929428464,-0.8257901251270161,-0.0099350125178449,0.1202528219843737,137.30905165795775,137.49552821578277,171.8894991348889,2.4368954819262063,-0.0342407002255649,-0.0513286511427897,0.0170403270952562,-0.0230743564371194,0.1877972949739244,0.0015681537063472,1.0,0.0229042914627675,2026-04-10,7.0,20,0.0079184362622539,-0.0176749745785969,False,True,False,0.3157894736842105,3.0,0.1578947368421052,-0.0305592977801198,-0.9442125771748556
PRU,Falling Wedge,bullish,1,0.7593494459293577,3,34,1219,1220,2021-07-22,2021,1,77.76707095349906,77.42457918088297,84.6289783681529,73.40035986214627,1.274127239560164,0.004423553556758,True,0.0109638514971401,0.0038101192646535,-0.0005320293528053,0.0179353258770591,0.0245412522944861,0.0359513993421929,0.002352337916226,0.0753749712036833,-0.0102851861591312,0.019876715236065,0.0121951281704613,0.0059165620670085,0.0416389792294626,-0.0025066998129176,-0.0377277942055992,0.0024858299435892,0.0318012190141916,0.0109233979160983,0.0435247048996187,0.0517713737592666,0.0272891914333028,0.0111932066155036,-0.0072221427722479,0.0174424589653501,0.0077514640379263,-0.0124489720187059,0.0360742261248132,0.0347725351799683,0.0841444244939,-0.0456534939338215,0.0423555933842147,0.0445833387031544,-0.0459368700864086,-0.0190495315179326,0.0205550051285083,-0.0162702778562873,0.0102005369791091,0.0539259560869747,-0.0411037325279666,-0.0086597789772726,-0.0616756095738481,-0.0418732624700746,0.0393389006096269,0.0175255487064611,0.0583359887212939,0.0099854327075647,0.0344862676914379,0.0291379786943155,0.0502605405887464,-0.0682579512500933,-0.0403731369740174,0.0651018833189236,0.0174292744612596,-0.0126569095538285,0.0656142849254315,0.1210084231795214,-0.098371610256243,0.0639700724402909,-0.1136719151892597,-0.0530001125374847,-0.2088712349825268,0.0046106625151236,-0.0493983700849693,0.0330976443347434,-0.0091040567410224,-0.0473784353182425,-0.1349453779370057,0.0080887878387114,0.054828644552535,0.0394642500580573,0.0273642063691603,0.0371393824549923,0.1641996101901794,-0.1639747009218362,0.1540720577044132,-0.0928325232748348,0.0586892780546706,0.0766391410391265,0.2880526011324338,0.2904613201726753,0.0169724782392517,0.1555380240691943,0.1076733937875789,0.0433088415946418,0.0383146868604975,0.0321728327733825,-0.1008188468457059,0.0214410646658365,0.0439652869028217,-0.0638889587718474,-0.022857694858144,-0.0147491136904091,0.1145467163237177,0.092197095563818,0.2954192094679844,0.2277170111068598,0.0203227505556597,0.0910624053080328,0.0661917591664562,0.3016322780725877,-0.0176667092779722,0.0363019703478952,-0.0733283434019195,0.1150046275792633,-0.0350719802014258,-0.1875629657000604,0.2634504118934404,-0.0290881132385809,0.1221181673550664,0.097879436764936,0.0292199397631902,-0.1321263756999736,-0.0364409390743035,-0.0869509137726188,0.0611425349729918,target,1270,51,84.6289783681529,0.0882366704894535,0.089351098469384,0.0219120418857793,1.571413192011304,1.5912601198191556,0.3902331252099268,1.571413192011304,1184,0.4506977168862045,6,0.0698721268178322,0.1044176217837125,-0.145261157123167,0.0,-0.8780845313503804,-0.4273868144641763,1.088265450046352,0.0922195969938799,77.42457918088297,73.40035986214627,84.6289783681529,2.261670352439965,0.1484086984288484,-0.0372968536066515,0.0293399717503902,0.2306709909609678,0.2051253961422627,-0.0020750382933374,1.0,0.030430736967453,2021-07-22,14.0,5,0.1418703591872054,0.0913514685934104,False,False,True,0.0,2.0,0.5,-0.0063343483120275,-0.3661024521834596
PRU,Falling Wedge,bullish,1,0.7396790539215494,8,60,1473,1474,2022-07-26,2022,5,78.39171570810649,75.08549566283216,97.74269021104794,71.69651655218004,0.997151404972874,0.0440327391607129,True,0.0127118793563172,-0.0220280818940632,0.0008151493083932,0.0058205865613698,-0.0077082299463512,-0.0188963103246326,0.0156717525754481,0.0336737625189209,0.0068648792775947,0.0248937062326974,0.0393607762623937,-0.069083497763744,-0.0134668157550494,-0.050488511254142,0.0217341910919777,-0.0266572352577317,-0.0024832496978501,-0.0154224406790814,-0.0283274643320778,0.0123469061135486,-0.0438646654180076,-0.0553764369386852,0.0212415367275676,0.0188095192822792,-0.0242730682799217,0.0124137320187465,-0.0320059489521729,0.032527050231341,0.0067775695591423,0.0134210240339864,-0.0373752258879437,-0.1789925531939569,0.0037885653796372,0.0143268765862278,0.024119295686432,-0.0519229946931139,0.0053051854640802,0.0862231579848686,-0.0185794323213619,-0.0078189083664891,0.0400216669640696,0.0167510143248401,-0.0157804641366713,0.0229480676823596,-0.0428329498626771,0.024143782857212,0.0386139779440191,-0.0070042481539296,-0.0111457625974156,0.0099243254466623,-0.0709434216634675,0.0324515177670179,0.2143182721553012,0.0324431788584274,-0.099248231909372,0.0288304310268572,-0.1162770501056748,0.1067766213504399,0.0912113012146003,0.0842821983619446,-0.0040385944213769,0.0094849036439481,0.0718472591254615,0.021609659571377,0.0108143712383166,-0.095891547299445,0.0627908106810031,0.0094079094320216,0.0191815703501877,-0.0393889613396574,-0.000288450742519,0.0529003019901139,0.0439758526114533,-0.0543942212346206,-0.0106310957205613,0.1673380335775129,0.0578356762850666,0.0919864897667122,0.0866257170930595,-0.4732763680217139,0.0157326604248824,0.175506966649896,0.1132529493517884,0.0960519602402969,0.1081606627598332,-0.0933227654627669,-0.0880825444711315,0.0208428846173436,0.0308172212536201,-0.062048676181009,-0.0069812132542228,-0.053003485953435,0.0081865084837751,0.0699225320379431,0.0896931592901346,-0.0364409390743035,0.1618199289621018,-0.4898909288739663,-0.0270588000169588,-0.0062694071731644,0.0379881338993395,0.0573667720269823,-0.0323392701328234,-0.116267349490579,0.0543011911369022,-0.0641660533155857,-0.0270588000169588,0.009022449568758,0.2363015459664699,0.2477912339169186,-0.1754747865094026,0.0658466821878775,0.115729180892165,-0.0365809681842703,0.0049708597307932,stop,1515,42,71.69651655218004,-0.0854069731150698,0.0925999612320435,0.0885332075753134,-1.0,1.0842201503533273,1.036603972090565,2.890276159419752,1408,0.7740842160406571,6,0.0634109681136685,0.0987578810545073,-0.2116547672954415,0.0172413793103448,-1.1760940422267376,-0.4020098261860809,0.2272566476799246,0.1907882626965035,75.08549566283216,71.69651655218004,97.74269021104794,1.917200430767025,-0.0981099552950999,-0.0197522766354222,0.0246374570029613,-0.1025635227474699,0.1527791759164533,-0.0054713277256933,0.0,0.0059188128207445,2022-07-26,16.0,5,-0.0894738293634143,-0.0673790687297045,True,True,False,0.5,2.0,0.5,0.0154298972609637,0.8521759281691592
PRU,Falling Wedge,bullish,1,0.6462148801617157,3,21,1522,1523,2022-10-04,2022,1,76.15641252323985,72.45499056722201,86.32391400544395,69.61569206087506,1.2447670535455495,0.0510858110261396,True,-0.0222796931540631,0.0196334325577842,0.0382357473587908,-0.0428802504876851,0.0319444248088494,0.1391771839819573,0.0545520064788318,-0.00088568677319,0.0146190704346398,-0.047499999003705,-0.0049951991133828,0.0235414286903208,0.0607103947643703,-0.0086846814772297,0.0096271197468305,0.0036340576815729,0.0410804894631959,0.0283259469223475,-0.0041060503533608,-0.0175019856734098,0.0053812324696944,0.0069613920600082,-0.0388415252530355,0.0476802214695175,0.053732793771769,-0.0132849876648324,0.0013552599882473,-0.0073490624278699,0.0016246754263344,-0.0565804930598081,0.0523282448453708,0.0033106838434779,-0.1043509228518049,-0.0063668341391943,-0.0373752258879437,-0.0100100458228663,-0.0152480365265361,0.0031685256603999,0.0537227175558896,0.0561691473199874,0.0305907348135321,0.0792666804229149,0.0025218534278237,0.0937433088125094,0.0331340782008189,0.039661706372695,0.1408889460200677,0.1110810507815835,-0.013928895549513,-0.0123145293549908,0.0612108302626899,-0.0581324041852284,0.0444162943993471,0.0963695674137106,0.0151923529342106,-0.1440844322878733,0.1438217462477138,0.0512491508244559,0.0294377612119016,0.07608089157519,-0.0159711950227138,0.1438217462477138,0.0781763955404408,-0.1030915381698734,0.0051706380153084,-0.0956719137013299,-0.0673525960363118,-0.081720191657479,0.1332549620846992,0.1758847318654772,0.0840503241278609,0.2219000608889318,-0.0295054357335834,0.1692297110782432,-0.042888131743447,0.2222356206750364,0.0151802059822852,0.0512710858298868,0.0740446797415546,-0.0959940921871711,0.128551495424545,-0.1673430299446435,0.1245748653947484,-0.0162033068221911,-0.0751262567117559,0.0520696367476103,0.0612000602904809,0.1075586857174142,-0.109591697615021,0.0107345003886984,-0.1794064269448254,0.1497601203426374,0.0871736150163922,0.055542466268627,-0.0188305208787168,0.110357750347481,-0.0081747650396486,0.0168212032803769,-0.0701705045753063,0.1127830204962709,-0.0354916921989808,0.1222416291125285,-0.3381284251893951,0.1487995225313561,0.062328633286609,0.1251151183491397,-0.1671291020373538,0.1159539278785428,0.0032556153432738,-0.0306574403752398,-0.1377545194506826,0.009740441433699,0.1054113933575546,0.0300487041340828,0.0793476155261126,target,1540,18,86.32391400544395,0.1335081465280601,0.1384132328278057,0.0523088576665798,1.5544925885011842,1.611604611229405,0.6090544560033387,1.5544925885011842,1500,0.6360574845487543,5,0.0490230478558928,0.0014078984625003,0.2614864312332801,0.0,-1.312521745465471,-0.6764642609167149,0.4224530435386397,0.1228118420460747,72.45499056722201,69.61569206087506,86.32391400544395,2.454350796205009,-0.0864165929167422,-0.0185818916838076,0.0317729402916546,-0.1706475032998435,0.9721517226993008,0.0135664928293943,0.0,-0.0287574273577226,2022-10-04,16.0,5,-0.022062330975108,0.0247010843532677,False,False,False,0.0,0.0,0.0,-0.0475527530682973,-1.175482128408329
PRU,Falling Wedge,bullish,1,0.7016547844623392,5,48,2297,2298,2025-11-05,2025,4,99.55626459813143,97.13833130232342,105.2774002759374,94.45542442227638,1.7813004529153749,0.0248916495001616,True,0.0282362015077151,0.0180214008672572,-0.0155554664454568,0.0647366797487205,-0.0378239043359741,-0.0238644604576153,-0.0315990899957271,0.0127118793563172,0.0235414286903208,-0.0219704989766393,0.0056644908668903,-0.0157563998823007,0.0530223391831063,-0.1113170080401323,0.0117316477004396,0.0435247048996187,-0.0496173291951856,0.0119965837327933,0.0315290419901319,-0.0007858061760851,0.0072746756942689,0.0802918265349401,0.0263494347630935,0.0009396314060374,0.0213987221194388,0.0269471522521913,-0.0216976698079196,-0.0806196405083756,0.0341972706542219,0.0249973184145957,0.0082645551152589,-0.0105585407367893,0.038201005790788,0.0268809998186785,-0.0498570753975803,0.0277252546889616,0.0229211767086947,0.0445833387031544,-0.1119379403900515,0.035662057953739,0.0099034888690532,-0.0893120498003204,-0.0105149205558245,0.0486989869652276,0.0588068665651917,-0.0007249503591072,0.0656005630295399,0.0538926147003788,0.1123727813270067,0.0655455716328263,0.0064176975508882,-0.0360264173983505,-0.0496099016652208,0.0912752924993047,-0.0247232029298346,0.0656717591981084,0.0657502284600399,-0.0071673485156225,0.0433211193925668,0.017670445528811,0.0396496098956309,0.0415689213886634,0.041373435305557,0.0910579686613162,0.2202730929734226,0.0471450281484506,-0.0720932917386875,-0.0990575238674084,0.0325797997371665,0.1343209507680418,0.114686392357578,0.0603125520153433,-0.3923908307900126,0.0455492139374842,-0.0554554675594808,-0.00249261518539,0.1566898385374768,0.2214010100016759,0.058765743072034,0.0512276025428086,-0.0739760917495828,-0.2266235864580248,-0.0290202501591675,0.0217024132445711,-0.0623621746726372,0.0377212441839363,-0.0048211196941808,0.0140874534971566,0.0432998049156148,-0.011372486479742,-0.0415613312951799,0.1437869046728067,0.0359280324697064,0.0136099384154619,0.0656608362272044,0.1045466300008606,-0.2120326491217999,0.2098658323470741,0.1401763699477358,-0.0473286620309333,-0.0844745364713552,0.0983574446573867,0.1131347617697291,0.1618302687625241,0.0198003405606426,0.2515209252263033,-0.0458413922254907,-0.1892673169887648,-0.1187383063282244,-0.0340399584658857,0.0415899481119648,0.1094342777430781,0.0283821980232534,0.0480631024175501,0.0028960267615637,target,2316,19,105.2774002759374,0.0574663553408707,0.0626043933834524,0.0216771657505905,1.1216065355050897,1.2218888139626372,0.4230867023473401,1.1216065355050897,2245,0.6672910380364425,6,0.1336754385589587,0.0605989625917233,-0.1131500440533173,0.0208333333333333,-0.9461294655765764,-0.2788384275401355,0.4673757189186081,0.080712276448028,97.13833130232342,94.45542442227638,105.2774002759374,1.563598404640835,-0.001356634855134,0.0051629936311432,0.0157658327691789,0.058069135143675,0.0187492549412353,0.0034272498547522,1.0,0.0066409346752587,2025-11-05,7.0,12,0.1675776736160468,0.0778036242621482,False,False,False,0.0,1.0,0.0909090909090909,0.0302183935986678,1.3441877519148524
PRU,Falling Wedge,bullish,1,0.6016517249814827,3,33,2391,2392,2026-03-24,2026,1,93.35520508062332,91.28275968234924,107.41507128721128,89.03112408353542,0.9601696894514574,0.0227035795750027,True,0.0205808551531438,0.0332274687858064,0.0086502168576381,0.0117823724487273,0.0335574357304526,-0.0335038738312649,0.0451444045271871,-0.0189165365173602,-0.0092330152173203,-0.0510346952316189,-0.0114478167386751,0.0185974406010576,0.0087620160242798,-0.0069681437896189,-0.0443741040125403,0.0458526516604855,0.0382148911635165,-0.0306376192414651,0.0642664725631272,0.0425268173048574,-0.0231834344075507,0.0770317342548305,0.0123264944457066,0.0097158464600548,-0.016610058610458,0.1575268782762851,0.0155129444689763,0.0359930246823265,-0.0017858906023937,-0.0066804275702556,-0.2023468135775106,-0.02190656243875,0.0018745968247286,-0.0100189881392729,0.0164882342346546,-0.0027683173580854,0.0018282421747215,0.0307458742002977,-0.0148062550937382,0.0154062583018794,-0.1192282334687202,0.0510560343895232,-0.041152180409139,-0.0503807160339992,0.0491220998081656,0.0144918563265701,-0.0090890108536754,-0.0888559579250156,-0.0099849124226173,0.11582101857573,0.0126932944941495,0.0600719159573168,0.0426862221618946,0.0291180410491482,-0.0098899348580246,0.1395861514752863,0.0304659032822378,0.0226124892822403,0.1045019005580172,-0.0965503777676127,0.0655455716328263,0.0565106141963014,0.0668270514104178,-0.0071208345129084,-0.0769540279462293,0.0390928432946127,0.016833252779467,0.0917952247040019,-0.0437720812209882,0.0783535225343359,-0.0470204232916457,0.000109555958031,-0.1458745305151183,0.0907132813964393,-0.0050547755809048,0.0664397967965864,-0.0339582301373004,0.1556778745484788,-0.1186111354986715,-0.0072025676233106,0.0114622772427128,-0.1327853034377908,-0.0198087670026833,0.0910060235661467,-0.5530830427216971,-0.0117038679973634,0.0474742071300875,0.0344835476059386,-0.0259435020677016,-0.0813129072358891,0.0915884287336803,0.1056727043763524,0.128102083478143,-0.0085275221105622,0.1244609100997524,-0.007884676306742,0.2142600938433394,0.0912555142354583,0.1896417280487652,0.0903224347679847,0.1080469151978424,0.1160370510161203,0.1310762716249462,0.1161322175793266,0.057848204294318,0.1358582034644415,0.1598569759599468,0.0696003930087358,0.2540688780583602,0.0869803236269977,-0.3796149633776402,0.0237525121615653,-0.0441654409865051,0.1281427773200274,0.0448182672962909,target,2448,57,107.41507128721128,0.150606130578853,0.1612473586573355,0.0319681880841098,3.251527021824224,3.4812669434967027,0.6901805855759615,3.251527021824224,2357,0.7664407872278574,6,0.0891982646809068,-0.0734785839337882,-0.1756398124650522,0.0,-1.2391588342518838,-0.4727180470240157,0.2256575524792231,0.1185821171641996,91.28275968234924,89.03112408353542,107.41507128721128,2.398529315954584,-0.0823536485699787,-0.071348814002335,0.0259418427239277,-0.0534209802982572,0.7046429801603761,-0.0098631520626339,0.0,-0.0471173434841297,2026-03-24,62.0,10,0.0027651924968552,-0.0005977058361813,False,True,True,0.3333333333333333,7.0,0.7777777777777778,-0.0282011666844995,-0.2052039048233835
PLD,Falling Wedge,bullish,1,0.6254118609536932,3,38,1643,1644,2023-03-29,2023,0,109.17701365769274,106.446604136602,122.64760660605884,100.8962271902442,0.7579363048009068,0.0256505084707712,True,0.0104960129942635,0.0018097165319954,-0.0146670422293073,-0.0163280157858592,0.0160545178282816,-0.0185219958514845,0.0132164591410885,-0.0590478715833704,-0.0060829856553275,-0.0085716336861881,0.0158645137282469,0.0029323075694742,0.0115885330742189,0.0228748920306176,-0.0212905006805279,-0.0338537300764296,0.0640380569922649,-0.0017267816208198,0.0142022541799355,-0.0239998390459971,-0.0109972857451488,0.023340173005419,0.0120448117148091,0.0076032906524405,-0.0156096193188204,-0.0440927807504656,0.0790431925062526,-0.0221354271536509,-0.0294066051396332,-0.0121668100598169,0.0429698887849951,0.0157583157322733,-0.0723140136414332,0.0717188987021408,0.0142087688761178,-0.0445769548177386,-2.140292101326935e-07,0.0033057872036019,-0.0261721795499754,0.0118474415848084,0.0386042273723188,-0.0048651094283981,-0.0583130318346813,-0.0208429179729134,-0.0375462005699035,0.0123520768617061,0.0097520602934288,-0.010837586752157,-0.0090625986911802,0.0148177004422425,0.0484856525513288,-0.0716588667477449,0.0226255895930811,-0.0380047507829737,0.0933047220728839,0.0534947344282943,-0.0139437465707782,0.0505629083568512,-0.0020559052150085,-0.0018938058824533,0.0534367923157612,-0.0269418840328794,0.0022640164269391,0.0311521081989827,-0.0140632370741116,0.0015536828321394,0.0782890817097787,0.0305079354977142,-0.0053914461780144,0.0080993057069704,-0.018033420218366,0.0892957126295741,-0.0148706131658262,0.019719723671782,0.1274329093287596,0.0949543745776178,0.1103674590323027,0.0257717078314467,0.001533652119978,0.0078044979429565,-0.0334511527741125,0.0461728281282758,0.1264288976845138,-0.0020756905615739,0.0662893734369756,0.0893492575693293,0.0071130725120094,0.1037533630076681,0.0551176551262031,0.0157967629017568,-0.0295971892007311,-0.0372460243829748,-0.0093976288356134,-0.0810467203967091,0.2159045872563632,0.1332123912680873,-0.1021619151373315,-0.004378873672609,0.1480551811725858,0.0992186755792821,0.0422109565626147,0.1480551811725858,0.1219642348295784,-0.0590434915811655,0.0783580102617311,0.1394092738735191,0.0501960830507191,-0.0655139420975182,-0.0217708481814562,0.0634739803976001,0.0600237936126157,-0.0291625569131189,0.1499631742075364,0.0322982969345975,-0.0694132384654243,time,1703,60,108.15100860595705,-0.0093976288356134,0.0664462926892244,0.0287918419036717,-0.1239018848957016,0.8760529972547055,0.379602508663146,1.626728693140257,1605,0.381695276999888,6,0.0863066122225232,0.1470978175841624,0.3595818695839488,0.0,-1.574330882011321,-1.192635605011431,1.4130574494355237,0.0786781681001638,106.446604136602,100.8962271902442,122.64760660605884,3.2194253857561392,0.0214095349467196,-0.0268158012605981,0.029763622369596,0.1885529292198844,0.9417986000662129,0.0156879676799042,1.0,0.020625582598182,2023-03-29,44.0,10,-0.0095461019301112,-0.0717442107901967,False,True,True,0.5555555555555556,2.0,0.2222222222222222,0.0205878853826731,0.3422799224239609
PLD,Falling Wedge,bullish,1,0.6239696028208732,3,18,1895,1896,2024-04-01,2024,2,117.721208497448,119.00474453587162,128.0507170040073,116.09196165450597,1.0813558062805833,-0.01078558710772,True,-0.0055959492059071,-0.0065220425687849,0.0033521518404671,-0.0018970284616451,0.0214825603209194,0.0765560299894578,-0.0305525216108354,0.0251059941627067,-0.0145379156180711,-0.0515628044939907,0.0091021463773051,0.008106134631225,0.0390051878839208,0.0007821127206397,0.0039364332357356,0.0053728419530323,0.0443417139283397,0.018939843928089,0.0186503382006124,0.0391657068000266,-0.0261444539829093,-0.0014309803116518,-0.0149846237805758,-0.0874053946748444,-0.0607961522314924,0.056374584425648,-0.0310341680184962,0.0267178511700743,-0.0133490132737306,0.0784246360603742,0.0166977569694448,-0.0636200422908457,0.0036528559208601,-0.0083716159094158,-0.0191784399429535,0.0624541989885305,0.0631432149494968,0.0154437794991704,-0.0390566757869776,-0.0388194854087653,0.0029246573209846,-0.0638357719290768,-0.0197100921916547,-0.0958720754906621,0.044514037497412,-0.0862804043028152,-0.1723675390593322,-0.1565832878058921,0.0638175571327315,-0.0506747410585136,-0.2888376798625953,-0.0068093335603265,0.0133803710275308,-0.0066611349781658,-0.0323855336981783,-0.0919415405799858,-0.0350716568408169,0.0095301924696431,0.0232067097084065,-0.0025924837838265,0.0151633884782762,0.0961401454417021,-0.0523352038438788,0.0699889760262779,0.0308337050845595,-0.044634487976539,-0.0202405488415564,-0.015094731256195,-0.1561066375137597,-0.1724464116198764,-0.1947718164697066,0.0094072785603307,0.0896857833046405,-0.1675189719612116,0.0679696326064573,-0.1201678302351914,-0.0245924848343689,0.1167276797065808,0.0647356899563045,0.0811301360793825,0.0516873999373388,0.1303440561014275,-0.0307578809862723,0.1675561217364796,0.1454574328619777,0.0361420585760621,0.022480347545071,0.0216734576538191,0.0816915812978202,0.0447868189450766,-0.178740587796064,-0.2029312975726594,-0.1223040075688387,-0.1783201851754455,-0.0831065612401513,-0.1327138379193396,0.0472778253117547,0.3183653628121117,0.0444434617195153,0.1063610559898298,-0.2636186092220695,0.0219514626162657,-0.09519740618515,-0.1638418370537445,0.0472259193964303,0.1308726256547023,0.1321325198417773,0.1771413473256418,0.0311483021604572,-0.1031225167457752,0.1284670110681736,0.0995331777672385,0.1664921116238502,0.0949770655069408,-0.1575434315902617,stop,1896,1,116.09196165450597,-0.0138398752759777,0.0021280286751713,0.0160781916747116,-1.0,0.1537606830073867,1.161729520974729,6.340051264366144,1875,0.6016825637217802,5,0.0437602514837498,0.031891949528334,0.2879325859630925,0.0,-1.064485292048243,-0.4628027283264593,0.5696722846719493,0.0647419701571609,119.00474453587162,116.09196165450597,128.0507170040073,2.321975957341596,0.062149017001422,-0.0143371501116071,0.0195640048397149,0.1565952367074017,0.141566320433864,-1.417016936011706e-07,1.0,0.0213168574332134,2024-04-01,31.0,13,0.1169045114698861,0.0372226918718541,False,False,False,0.0,1.0,0.0833333333333333,-0.0688183283249592,-2.0459605652722948
PEG,Falling Wedge,bullish,1,0.6970649744479015,3,31,817,818,2019-12-16,2019,2,47.17367855178803,46.26345626099327,50.64160568918159,45.61346233494116,1.6338063851783444,0.0196747576674727,True,-0.0124703290641652,-0.0214701623049375,0.0478118352318324,0.031441989430071,0.0478989464200028,0.0298367491595581,-0.0104336854615971,0.0211004111832109,0.0226829728859412,-0.0438930590653201,0.0195917586323313,-0.009717835855047,0.0562629446097262,-0.06549525420342,-0.0198339113866717,0.0324909178316996,0.0950136604112283,0.0242555487506779,-0.0296869725759354,0.0495356755482008,0.0332389076690884,0.2012280631015914,-0.0391368121800236,-0.0048868947029818,-0.0158970688382134,-0.0300386198759472,0.0151984822610062,0.0558741840534513,0.0389260632389831,0.0359989578012871,0.0086220351729966,-0.0202972014143723,-0.0059460218336617,0.0083205076461554,-0.0049323140214104,0.0014308651549779,0.040396445155159,-0.0248988645286564,0.0388448153092519,0.0209357673794596,0.0094633577389584,0.0177147484381574,0.0475405055896447,-0.0410958506136143,-0.0051744308772648,-0.0152310662917099,-0.0042128044606587,-0.0351063816212934,0.0021290284598123,-0.0394744650475685,-0.0335949287900733,0.0796295894626066,0.0572166171509171,-0.0138931070597423,-0.0534733778199927,0.0182167376215052,-0.0198469107248371,0.0436552214144738,-0.0551010003544464,-0.00670056393374,0.0345698378863028,-0.0380740988525412,0.0025582188725024,-0.1305602281890074,-0.0972698830571372,-0.0115916567753785,-0.0177667247451015,-0.0207986200971568,0.0107957112682713,-0.0165146279232474,-0.0752706086325908,0.0906313139876577,0.0138827354729247,0.1108528248275704,-0.0204795976159037,0.0047153394687156,-0.0058836694138609,-0.0355604455507422,-0.0366564785968434,0.0644699316173866,0.0402334133672352,0.0832085570271126,-0.0168836380609214,-0.0992890126518081,0.0189534551836392,0.0742844790032997,0.1276901634348406,0.0895146862615496,0.0056899380435722,-0.0126350639323357,-0.0283042777196982,-0.0399363606309169,-0.2494310012601679,-0.0954051863979753,0.0300262357123519,0.00192298170992,0.0958109181772921,0.0534472744715912,0.0970429898366087,0.160450513561047,0.014515824479929,0.09382509436482,-0.0391666851555411,0.0477047206404688,-0.166038870795276,-0.1260494168108907,-0.0279745503467748,0.0390669443806184,0.0110223700373,-0.0080780345739498,0.1134944204204748,-0.0572743697940509,0.0029205801765583,0.0147683387918631,-0.2670028652243859,stop,854,37,45.61346233494116,-0.0330738722258862,0.0470174895021607,0.0365686017089461,-1.0,1.4215901053569742,1.1056643582339476,2.222722145781881,784,0.6352223760218327,5,0.0405103767778794,0.0181461416575126,0.3255011673674315,0.0,-2.23974449724851,-1.6045221212266745,0.5234695313230084,0.0385165532796696,46.26345626099327,45.61346233494116,50.64160568918159,0.4798916612992541,0.0050359505637849,-0.0182960752592452,0.010171153307561,-0.0048631302747339,0.9090888073288412,0.0040988647751971,1.0,0.0247283237081543,2019-12-16,1.0,25,0.0573946994854537,0.049939712453193,False,False,False,0.125,0.0,0.0,-0.0352773027229244,-1.316701636031383
PEG,Falling Wedge,bullish,1,0.6668219634518706,3,45,1080,1081,2020-12-31,2020,0,47.92210477722184,47.17292576026085,50.95300957440882,45.54186624790378,0.8566067708033567,0.0158815465627131,True,-0.0142757688020205,-0.0301296330165459,0.0192562276910894,0.0053908543129463,0.0034224163101399,-6.832711263449198e-08,0.0312342604042168,-0.002144112759663,0.0145979112499472,-0.0010547416703812,0.0068248133169386,0.0105046662031844,-0.0005627453882978,0.0343561567583463,0.0355244152050888,-0.0080489635600212,0.0328731430213813,-0.0105981131814839,0.0272052707258037,-0.0319768040273674,0.0038853730833854,-0.021609891307181,-0.0217297722050685,0.0213279944993278,0.0202887185294218,0.013506880365651,-0.0285437195844009,0.0134118496483341,0.0283747081593626,-0.0023372090692181,0.0343771965225032,0.0069942012820709,0.0218241128214149,-0.011395962226021,-0.0198225088288964,0.0114760636537156,-0.0360316601687074,0.0210659827358521,-0.0152191183047816,0.0143887059286442,0.0362497727604582,-0.0303490802257878,0.062256233936526,0.0046290148831222,0.0753680236644147,0.011316820101615,-0.0170276909010809,-0.0194790434756726,0.1051868562415769,0.036971502305259,0.0085816274445491,0.0629461241757751,-0.015426875400188,0.0560420575972582,-0.0094925232589352,0.0556349662018338,0.0387621688128543,-0.0113961242914656,-0.0201353486971279,0.0081384699669286,0.0011206747852294,0.001937454497769,0.044915823482412,-0.0658935223788198,0.0074832979476417,-0.0364323066459272,-0.0098990513872007,0.0945571494210484,-0.0347078119421045,-0.0607153596968603,-0.0906373600023096,-0.0326560044570425,0.0783487086258534,-0.0077726148339355,0.1362014894164798,0.1494339227468868,0.0684363527641249,0.0906313139876577,-0.0204795976159037,0.0211756732229009,0.0559913085377838,0.0229707900146958,0.1038675185347484,0.0041290104845146,0.0111052584930895,0.057600268059077,-0.0155379343563524,-0.0558644881701559,-0.1460104859254283,0.0180364067610685,0.0717587374037738,-0.0912836413815522,0.0381344526491271,-0.017054392606806,-0.0450446099781335,0.0128839270894729,-0.0081018908216389,0.0567506948338372,0.0929660560668619,0.0599456313726967,-0.2281299219050594,0.0329881450424791,-0.0236593304755728,0.0041441575699392,-0.0324721562631635,-0.0892161770293228,0.0177847876893488,0.0474557502185206,0.0466328211406421,0.0550962332864093,0.010625501910348,0.0273802675711862,0.100179876354655,0.0001258164324224,0.0312176736438307,stop,1082,2,45.54186624790378,-0.0496689062465683,0.0132439020613537,0.0546953479412016,-1.0,0.2666437226462743,1.101198960767946,1.2733617912047437,1035,0.4549577455103204,7,0.1505838562086532,0.1730770991638659,-0.0092249639369416,0.0,-0.7481558886183595,-0.2931981431080387,0.7095604711715674,0.0788330904498044,47.17292576026085,45.54186624790378,50.95300957440882,0.756545865389475,0.114158602638694,0.0045675374003311,0.0157436627970877,0.1845394016438277,0.9652166413459552,-0.0013946908563037,1.0,0.0236750557985145,2020-12-31,1.0,26,0.0847781451891775,0.0590082420058566,False,False,False,0.04,3.0,0.12,0.0325020347092455,0.5449319033769057
PEG,Falling Wedge,bullish,1,0.6188350515039459,3,39,1215,1216,2021-07-16,2021,1,51.45050184846686,51.01226755121317,53.834201289747725,49.60221890718293,0.9489264760159344,0.0085907629339103,True,-0.0019562908800301,-0.0342188171296462,0.0035117324152431,-0.0098090284488485,0.0235411170222836,-0.01802646587385,0.0131047799879553,0.0133617524099307,0.0019653364659686,-0.0995714041909203,0.0075402492666833,0.0328616044511589,0.0116722931072028,0.0083255054796169,-0.0330150496586452,0.0131873953276153,0.0045971270761206,-0.0128882235705863,-0.0026988906256436,-0.0049581280082968,0.0035137375613587,0.0321115783991956,-0.0013726418097072,0.014509175815577,-0.0143981282327947,0.0209816767601371,-0.0363376929561252,0.0095777011035169,0.0042327801621033,0.027187072383241,0.0108699154786076,-0.0202245740321826,0.0343588586057515,0.0475405055896447,0.0180709306035946,-0.0100471545098006,0.0031741020011997,-0.0418816121993175,0.0400195566922196,0.0027338419322238,-0.00992033913995,-0.0442736153291006,0.0083014895211381,-0.0107605219409763,0.0389991350624407,0.0098790730261587,0.0551025712654056,0.0088088511449326,0.006493175236083,0.032377777360103,0.0007925675107025,0.0051734959172775,0.0567495245151021,-0.0104487132114341,-0.0185426481581323,-0.0069617653652731,0.0599814385960095,-0.0333334454641909,0.0551025712654056,-0.0380740988525412,0.065688149692314,-0.0470188517409331,-0.0272648162146501,-0.046146230426495,-0.0165989094977718,0.0131092023678727,-0.0234318885166736,-0.0857175722768751,0.0580061231286106,0.0241197465816536,-0.0237224904847834,0.0524344458663406,0.0513492720873947,-0.014520061737359,-0.1527467946281765,0.0506251559342549,0.0517320860618968,0.0639610795794238,0.0731478997723473,0.0308543934811227,0.0656577254875321,0.0294050737513318,0.103046880479533,-0.0301451348214845,-0.0036737741646132,-0.0427132503997996,0.11562318656924,0.0618946219866214,0.063834822807967,0.0536275853020955,0.110622530163565,-0.012581140597308,-0.0258373232690429,-0.0490487786954227,-0.0028693010129242,0.0557674040567541,0.002531831331471,0.0015270956868547,0.2241702971414159,0.0035003463983915,-0.0038872972959714,-0.0054172062522658,0.100909795227247,0.010625501910348,0.0787735906333018,0.0775736512859581,-0.1029646164690876,0.0534472744715912,0.0013452217768095,0.1063469623651254,0.15167789015501,-0.0156543597085691,-0.0460584051539527,0.0899199422462162,-0.0649006042087291,target,1227,12,53.834201289747725,0.0463299551149449,0.0505380527564572,0.0324421531385151,1.2896831908349538,1.4068236624841446,0.9030895772169598,1.2896831908349538,1175,0.5236769333614216,7,0.1707389373866214,0.0451940554436609,-0.0283094773201317,0.0,-0.8506356050719712,-0.326958671710548,0.8116473884542523,0.0610482260594093,51.01226755121317,49.60221890718293,53.834201289747725,0.7662811787038635,0.0559080652468984,0.0111902772785927,0.0147970701772159,0.0873617758689533,0.6597962875570356,0.0042489709631412,1.0,0.0255495181158385,2021-07-16,59.0,11,0.0940354238291523,0.0553814293049339,False,False,False,0.1,0.0,0.0,0.0106521932595307,0.1322744913181734
PEG,Falling Wedge,bullish,1,0.737767120970998,3,30,1538,1539,2022-10-26,2022,2,48.88668768313416,47.03874874489532,60.12271999496943,45.69664797840068,1.551445877261204,0.0392854611898958,True,0.0108928842189408,0.032298727653905,0.0218113114616766,0.0001703391598122,0.0002723582539743,0.0051291362363985,-0.0210063035709989,-0.0435673207553976,0.0015166556972898,-0.035983916161533,0.0497789157929517,0.0023255954287397,0.0046146608507686,0.0709797898519322,-0.0351837570239791,0.0003704591195645,-0.001386628591121,0.0108026806894028,0.0034691426660935,0.0087864776217685,-0.012968906230517,-0.012910800688815,0.0100418897285402,0.0226783585232766,0.0460161419698313,0.0499585805227196,0.0135008185269058,0.0163136352945265,-0.0153412646096748,-0.0204043013043827,0.0085645276447878,-0.034487043977754,0.0555128289248492,-0.0138601289194633,0.0015405007384441,0.0247612875369314,-0.008910375462756,-0.0843464287012107,0.0590384425132195,0.0357185255976348,0.044307990200064,-0.0941636173599875,-0.0054591940004705,-0.0526996631753348,0.0166119453380662,0.0228705052569208,0.053749920543116,0.003236823741566,0.0134907074262524,-0.0198590898369288,-0.0285041803322645,0.0131094466559982,-0.0109036920100809,0.0736970537028838,0.0657802698596428,0.1103543010094716,-0.0009641337776425,-0.075161437479462,0.0665064888716715,0.0102099718409238,0.0799591208244896,-0.0163450612876696,-0.0425628094636941,0.0636852930776943,0.0333864189136177,0.0210779340664371,0.0421583707573585,0.1388417269440729,0.0268520855549774,0.0835096184651997,0.0850803086280583,0.0120441201981176,0.1347208951351608,-0.0551612434717243,0.0253217052571896,-0.0941735841505749,0.0835096184651997,-0.0020945665592362,0.0451921310066052,0.0028840346959306,0.0100304448581136,0.0635436719302364,-0.0165146279232474,-0.2352510952453684,0.1106804667807079,0.007383884586839,0.0335078531491672,-0.1460104859254283,-0.0033687042862368,0.0787481579180058,0.0209060271682133,0.0797146832858162,0.098285646632638,0.0487706602477859,0.1034616573672917,0.1047752050416821,0.1004286874404944,-0.0392137061232495,-0.0162543796013413,0.1456969865307651,0.0646636286072537,0.0816995400412312,0.0110057149923592,0.0400133800261706,0.0167006546516776,0.0148579706695559,0.0428846524171924,0.0529386836897398,-0.0015581611856163,-0.1460949522560604,0.046245955481152,-0.0023340103123022,0.0743050942313763,-0.1008507240009647,0.0686170527472176,time,1598,60,53.69154739379883,0.098285646632638,0.1579299647142084,0.0155357700932935,1.5062068674364948,2.4202435002096427,0.238082409864948,3.52222334260068,1506,0.8252561036619455,6,0.1179390253387338,0.0618170621189431,-0.007055753377884,0.0,-1.378593759127963,-0.5533376554660081,0.1713535499794867,0.1519137283320118,47.03874874489532,45.69664797840068,60.12271999496943,1.355608098374242,-0.1373073570172852,-0.098643678155901,0.027944172236024,-0.1985499597855278,0.0977450294276237,0.0082024497370007,0.0,0.0310095664193534,2022-10-26,58.0,10,-0.1405157419547438,-0.0912761390793197,True,False,False,1.0,2.0,0.2222222222222222,-0.0122527884396047,-0.2214025858870776
PEG,Falling Wedge,bullish,1,0.6058260353138653,8,56,2136,2137,2025-03-18,2025,1,78.07049087131553,77.22052970095507,90.35512744203304,72.56853110318184,0.5652775941607465,0.011006932659644,True,-0.0074362801645397,-0.0329521876573428,-0.0157098134525686,0.0095284525140377,-0.0034336702647376,0.0487473024186855,0.0022592043949494,0.019572715971297,-0.0678248639962861,0.0160438439534396,-0.0048893435251807,-0.0150301142642212,0.0100886716585659,0.0050031409119264,-0.0261170132469406,-0.0481129187301562,0.00496228450701,0.0075097260054111,-0.0568668440285609,0.0240666566723113,0.0123069746922865,-0.0168162116391443,-0.002700689192146,0.0149945068922348,0.0153010094466461,0.0152137343298044,-0.0008720380334326,-0.0291468255057872,-0.038074521964359,0.0334287804721518,0.0395314935964945,-0.0216181035040117,-0.1017282881350856,0.0677882935171516,0.0025810005017943,-0.0008118541004156,-0.0154905098539157,0.0411887446775964,0.0380255328901881,0.0246034569017083,0.0532195280178886,0.0204885983048426,0.00842535550495,0.0252768935420817,0.0279118349318925,0.0054974515876579,0.0182860612776829,0.060221936223907,-0.0202615878163826,0.0312552861352315,-0.0049134402669683,-0.0125424389958489,-0.0387439539794018,-0.0473781571112474,-0.0015138205589193,0.0025679594511609,0.0306676310436766,-0.3306170287873138,-0.0294221698360269,0.0916142651747178,0.0011974150757991,0.0083178681356363,-0.0188670307012355,-0.0246677387109037,0.0939733246225358,-0.0275205578556044,0.1077150072986639,0.0892231725495371,0.0232818610343276,-0.057783713104213,-0.1049162970601603,0.0291139340610078,0.0021240136077742,0.0063454988785749,0.0513440487864682,0.1178508490552381,0.0990230376188652,-0.0435791671487283,0.0769903588569422,-0.0023689138932975,-0.0354350865370656,-0.1527467946281765,-0.066978712463428,0.0141719363794807,0.0670508524386279,0.0433090015672117,0.0031790726700102,-0.1898483448398507,-0.0450586499004239,0.1082289875244193,0.0028654627509023,-0.0620627823434406,0.002142571130135,-0.0737884233406847,0.0020436482295209,-0.0257095368744273,0.0442243791575394,0.1305966801197524,0.0830769641701858,0.0846354010374739,0.0135495746900597,-0.1873628852625732,0.1068673174174732,-0.3650906692842627,0.0341988665018897,0.0505023083289095,0.0004444160765826,-0.117882595100046,0.137972345803927,0.0325031856368926,0.01732200413372,-0.0329149169905405,0.0500191541638699,0.0258845191629075,-0.0021014369258076,stop,2150,14,72.56853110318184,-0.0704742561078888,0.0308422980856806,0.0897233095474155,-1.0,0.4376392145021619,1.273135957761064,2.2327747000019555,2079,0.5559349325815975,5,0.0077563932307423,-0.0229910533833388,0.2509182532782086,0.0,-0.9008582495653952,-0.3449233169837979,0.5739252000890848,0.1588554426033266,77.22052970095507,72.56853110318184,90.35512744203304,1.962927495554035,0.0057166762599649,-0.0103933997684388,0.0251001781210183,-0.0090415138744854,0.7894698800986214,-0.0085129217416202,0.0,-0.0825360676896018,2025-03-18,1.0,28,0.0318363897763138,0.072206405525534,False,False,False,0.2222222222222222,0.0,0.0,-0.0551557547553637,-1.610647462856613
PEG,Falling Wedge,bullish,1,0.6466225909451349,8,77,2352,2353,2026-01-27,2026,0,78.38724913203373,77.98055448437614,83.59607200382578,74.93017892682447,0.8800534754715998,0.0052153341348588,True,0.0140494679806897,0.0248377419455367,0.0066700072763732,0.0228862882289593,0.0242495234455906,0.0142427081692675,0.006130117380406,0.0225923618080472,-0.0174960397893922,0.0495399405484258,0.0046161000922448,0.0204083313306286,0.0157026594354912,-0.0196178818340437,-0.0329756216579864,-0.039927942230621,0.0130483783709529,0.0216131944225004,0.0154445714411164,0.0452524164202405,-0.0168878523434137,-0.0049799367467981,0.0065239017922902,0.0344398109663914,0.0415124472600093,-0.0057890622374185,0.002200815966032,0.0079700827453419,0.08579125562667,-0.0098514074948126,0.0248838684718579,-0.0052103537597795,0.0089698481287907,-0.0195648612447134,-0.0465850407462289,0.0022329188448353,-0.0043430476750251,0.0061539073306933,-0.023560343835579,-0.0128462714649404,0.0466758317584534,-0.015431853782887,0.0063973040168601,0.0166163251559299,0.0341102341291423,0.0294988034697303,0.0688797697017853,0.0744746895872791,0.0100348525946165,0.0822823196131208,0.0496453205326403,0.0359177093231968,-0.0739242050331114,-0.048905164794326,0.053211728329823,0.1077150072986639,-0.0445434379911902,-0.0454850670094785,0.1011370807897447,-0.0190735975569139,-0.0117790299096904,-0.0301174170817482,-0.0712165257190442,-0.0278150999300946,-0.0436838942425757,0.0751178370963225,0.2974283174411727,-0.0428675812904555,0.0512258120787517,0.0160576682824777,0.0711989131831093,0.0453900381409793,0.003376326970286,0.0136721873151299,-0.0160678573999594,-0.0076565068304009,-0.0690764778770771,0.0027860927397631,0.0043055699419443,0.0421577502288301,0.1170830491081182,-0.0286158208876753,-0.0005348434298766,-0.1218296067872461,0.0558680928676986,-0.0192534613492869,0.0769988874916607,-0.0423637303342505,-0.0525627438451099,-0.0062192407937364,-0.0404738701967009,0.0182084765288232,0.004652593336347,-0.0144778063794426,0.0965003670914721,0.0963245481427228,-0.0564207442231428,0.1074284070110718,-0.0247869127050034,0.0505023083289095,0.0851748288298603,-0.000984842264682,0.1285288895460807,0.1236306554983732,0.0450357885128003,0.0104830561211031,-0.0300967612017168,0.0734683697917784,0.1163759215800146,0.1532545001027525,-0.0209515771060315,0.0489654450545034,0.0671170117305672,0.0083902434280824,-0.0492443818271287,target,2365,13,83.59607200382578,0.0664498745582771,0.0846698150637657,0.0114384994686761,1.5067159654273643,1.9198435361149613,0.259361960945041,1.5067159654273643,2275,0.4267457890658501,7,0.090061976650821,0.0162385057353007,0.0479365169015277,0.0,-0.7684212756522532,-0.3416754865864048,0.9781234303534968,0.077961956897912,77.98055448437614,74.93017892682447,83.59607200382578,1.4751294066441878,-0.0052969389543983,0.0053424064948217,0.0188208287363902,-0.0602063410282325,0.9701467043707676,-0.0022771760490536,1.0,0.0075038319141651,2026-01-27,13.0,27,0.0813802100857568,0.0526874094770313,False,False,False,0.0,4.0,0.1538461538461538,-0.03030225248733,-0.4641569110193063
PEG,Falling Wedge,bullish,1,0.6033217361910459,3,45,2434,2435,2026-05-26,2026,0,78.30002813306562,78.44740166174046,84.83014609113548,74.54955710399648,1.1220300294959018,-0.0018786285530564,True,-0.0173149472923863,-0.0288880818952363,-0.035983916161533,-0.0221812875541973,-0.040911917948578,-0.009745865973553,-0.0043784544966293,0.021314426774319,-0.0174815100216865,0.0299377153179543,-0.0776698672380459,-0.0045617547282832,0.0125337592504493,0.0035088283443203,0.0423341982144662,0.0173592345086484,-0.0220890882895435,0.0187123341218153,0.0096473770861496,-0.0032050822753098,0.0152266307865547,-0.0404946607548676,-0.0119085022405088,-0.0053549256414769,0.0130634513518352,-0.0297972341880942,-0.0502615949947613,-0.0017468673041333,-0.0589350568327912,0.0011644036287323,-0.0026953418287813,-0.0060820272656969,-0.0342876413231185,0.0175180319440244,-0.0188856726503731,0.0188846576181633,-0.0024593078822228,0.0263631045695318,0.0035819854999146,0.0076670385695254,-0.0179333783060305,0.0034425244401954,0.0520148986005994,0.0025381691224279,0.004159933054576,-0.0010674568650613,0.0371696282632967,0.0581463540516156,-0.0135786548567344,0.0203193018347982,-0.0683445936836477,-0.062656116268951,0.0248294020998631,-0.0440566293080215,0.0906922882117899,0.1218582989144676,0.0155986992149892,0.0666076400006452,0.0099090277388451,0.0533550989583937,0.0331163644024408,0.0908623073707026,-0.0601045294702955,-0.0117543990392943,0.1576377066080567,-0.0168731831775871,-0.0551277675846132,0.0115732747875698,0.0189764514256258,0.0095792921141402,0.023960118293583,0.0158165962437231,-0.0624384438550069,0.0297774828253221,0.0676227776215243,-0.049549306999472,-0.0105333399727445,0.1223425690885504,0.0536072296042955,-0.0076565068304009,0.0432655777541626,0.1009143547350728,0.1566762828648733,-0.0146480709889584,0.0341262120763472,0.0341262120763472,0.0347968663886009,0.0638480850414089,0.0836796199132285,0.1299334539078798,0.0145749372318033,-0.0324348373221876,-0.055599683509303,-0.073824459783775,-0.0351970637330414,-0.0526940097251034,0.0763506007707679,0.0156750900340294,0.09382509436482,0.1406582680266805,0.2413079596472964,-0.0438757232880487,0.0029205801765583,-0.0039535410951584,0.0217742293418543,0.1250355666753995,0.1554063031393855,0.2040774604957693,-0.1036604163302286,0.0477500355416007,-0.012354205221055,0.1285288895460807,0.0081976351241075,0.1087771668218706,-0.1115271795249822,stop,2482,48,74.54955710399648,-0.0478987187935038,0.059317865410849,0.0609153517798038,-1.0,1.2384019219088993,1.2717532600906518,1.7411460873730848,2389,0.3889240554917913,5,0.0544924898634701,0.0085442884158504,0.0541669796407366,0.0,-0.8186954887461494,-0.4297714332543585,1.285507610900792,0.0887952365239571,78.44740166174046,74.54955710399648,84.83014609113548,1.4301435456239884,-0.0094023996027281,-0.0034823095379321,0.018180516103743,0.0074244230355851,0.3291130071996663,0.0046533733860671,1.0,0.0495267657810623,2026-05-26,13.0,27,0.0828512559745635,0.0545656470114122,False,False,False,0.0,7.0,0.2692307692307692,0.0035623889179909,0.3591091440236283
PGR,Falling Wedge,bullish,1,0.6411418619266539,3,38,578,579,2019-01-04,2019,0,46.80909090665976,46.79256832874407,58.15412816332119,43.50226077177827,0.7066691281432579,0.0003531026080811,True,0.0383840218062967,0.0134919222341416,0.0349315582171088,-0.0284010225797435,-0.0114040902925235,-0.010137771200575,0.0445799056150215,0.015593268288085,-0.0269274865988649,0.0067576114887151,0.0347587779155253,-0.0415928679214546,-0.0465851473596886,-0.0286193426208899,0.0197916230186405,-0.0333668726625995,-0.0249390483461863,0.0118650202210575,0.0046044741085049,0.0871392380860995,0.019155302257392,0.0372579599053319,0.0351609673293489,0.0845118686382115,0.0300183033658565,0.0601193531849313,0.0400935962008146,0.0095391016580368,0.0073072905710802,0.0632458482865454,-0.0277402151056742,0.0281336883060987,0.0706352589052086,0.023355181124514,-0.0244785262363472,0.085415949544793,0.0197185547779457,0.0135100137348851,0.0335303628810847,-0.0853548214717485,0.0891590928398085,-0.0339767180847496,-0.0327811625353018,0.0466031401261295,0.0426818335747263,0.0630760275240725,0.154759159470385,0.078499828462965,-0.0103555310337406,0.0449258284384901,0.000439859669201,0.1898751936844489,-0.0042561202509153,0.120178999704209,-0.0030667965899837,-0.0354359361558728,0.1172286103023458,-0.0207207656680926,0.0017596877930619,0.0582446381226557,0.0331042634646863,-0.0096081763370544,0.0236308894884684,-0.0529934996624852,0.0628455881124157,0.0094458979792091,0.1331759583942624,0.0101474402637977,0.1213308579844296,0.2679088961396119,0.1637103219267925,0.0079937211659903,0.1365332115709001,-0.0079864344394838,0.0482814344562063,0.0139591642107996,0.0267324693788897,0.0243742713567096,0.1798472343479777,0.0840053620252045,0.0017439250957234,-0.0391488605941274,0.1544126352937791,-0.0448989342192395,0.0324829250140819,-0.032128094740466,0.1067067162722912,0.00335566996481,0.0176780711548492,-0.0945053687503588,-0.022482860509985,0.2380610832368842,0.2712319278988335,0.134544717202155,-0.0180837926772758,0.1201697852276819,-0.0675400380315196,0.1830627262241588,0.1689083651182388,0.0879707158603524,0.1280777708120666,-0.0331098537578083,0.1082117641767859,-0.1309742954624656,0.0744439632063354,0.1444125326317724,0.1610024184706424,0.0261243074269439,-0.0442046415256471,0.2080768704478302,-0.0842700861624309,0.1342785410282769,0.0271328065148657,0.1188089332555841,0.2056069882596141,target,606,28,58.15412816332119,0.2423682459307774,0.2430749723230624,0.0033670161246093,3.4307892434480904,3.4407931500877624,0.0476610401600431,3.4307892434480904,540,0.482072728193081,5,0.0235644634802091,0.0330601754393165,-0.0385096906223666,0.0,-1.4249452188352858,-0.942872490642206,0.856020450397481,0.1238098248829667,46.79256832874407,43.50226077177827,58.15412816332119,1.3779302070576998,-0.0667202162841067,-0.083404596863196,0.029358150444285,0.0084661381522015,0.6065581459339123,0.0140821743484611,0.0,-0.0606331547931442,2019-01-04,8.0,10,0.0014405257774958,-0.0321111224875249,False,False,False,0.2222222222222222,0.0,0.0,-0.0377598667060034,-0.9173581000156522
PGR,Falling Wedge,bullish,1,0.8180581216113546,3,23,2087,2088,2025-01-03,2025,1,223.48822987453144,219.3004691284682,248.9849103982988,216.9204768187352,1.1910799336840794,0.019095995383439,True,-0.0100991625496904,0.0148559293814088,-0.0371198789450993,-0.018290866153562,-0.0239110350320612,0.0052172561621235,0.0138086258651963,-0.0496037142304277,0.0206208107930412,0.0425933951512473,-0.0008530904442443,0.0600435934093055,-0.0128859219929605,0.0145688885308452,0.0269672534046623,-0.0218236486149466,0.018409785032492,0.0200166062629099,0.0189803882921635,-0.0936847366281908,-0.008992525745702,0.0143737860512902,-0.0095209111080945,0.0118584013132168,0.0004879059732905,-0.0058835461489893,0.0213988679691894,-0.0056468887099825,0.0293231524432786,0.0187858606170017,-0.0109533571660115,0.0451993276620312,-0.0090623511447615,-0.070938062081243,0.0493748728317495,0.1225911043650251,0.0285781542155998,0.0124170174533762,0.0201320278502854,0.0109457015148581,0.0204082977575266,0.012970355192212,-0.0057888061380899,0.0430041440962893,-0.0174517753893824,-0.0036118035462813,0.0412053631876991,0.0319645199782532,0.0496712581397986,0.0089243675525443,0.0290721113275265,0.1649005995848795,-0.0277461216566355,0.0411597099723892,0.0754038197975797,-0.0306865782117148,0.1033818773777743,-0.0829749732956537,0.2245976013382196,0.0307473698547342,0.1052193366714959,-0.1081403246035253,0.0231828643442781,-0.0525326191994742,-0.0152386543221545,0.0131247626223764,0.134017302277309,0.030985578816701,0.0053518987682767,0.1833633188914463,0.2055178479940055,0.016848648903748,0.0116064958318564,-0.0328641989617887,0.1338481271254976,-0.0117184726864997,0.0168553108937601,0.0613028450090842,-0.0918707305690915,0.1568068116753975,0.0150503243908008,-0.0200572125971054,-0.1012964866801295,0.0132936397792227,-0.0456405203894311,0.055183501638085,-0.0509505018719109,-0.0032299088471405,0.0547550360732176,0.2165750706312741,0.1808438119893021,0.1545962393245388,0.1807185959301662,0.2311184237754415,0.0263872983426725,0.0710701396384669,0.090857652816052,0.0196001225708222,0.0979743236825811,-0.0595824888516761,-0.0295752123311703,0.0609039566475981,-0.0371731302557224,0.1299384613548608,-0.0156947656942131,0.0740803851040332,0.0711499799256325,0.1641223598893708,0.207588142843639,0.1288118225607946,0.1570770227985334,0.1498917520075371,0.022934878274323,-0.0090780525933714,0.114654363493628,stop,2092,5,216.9204768187352,-0.0293874673376912,0.0204720935816121,0.0404956658066803,-1.0,0.696626672396344,1.3779910102951296,3.882100972305252,2063,0.8219748560979966,6,0.0558461430212797,0.1041872631511446,-0.1474118529632407,0.0,-1.1358528996344954,-0.3138780435365137,0.1107924670532947,0.0971303902251005,219.3004691284682,216.9204768187352,248.9849103982988,4.2366209284322895,0.0512785405910409,-0.0362202917261375,0.0189998407048776,0.1528940883396095,0.4466510166218601,0.0068980065954782,1.0,-0.0225745662033242,2025-01-03,10.0,13,0.1330474564486052,0.0415409014226639,False,False,True,0.0,3.0,0.25,-0.0246333222958049,-1.1983235449666378
PGR,Falling Wedge,bullish,1,0.6653986155054631,3,22,2208,2209,2025-07-01,2025,2,247.27233392698705,246.34913082931416,279.7576442735026,240.0285989642323,3.4620726050606896,0.0037475394963439,True,-0.0490920647971345,-0.0601411803787476,0.0068449571868871,-0.0326885701067745,-0.0151496160893447,-0.0796671373751534,0.0293543172879462,0.0002221513106681,0.005872693490039,-0.0292718746209007,0.0566784312116728,0.0020939793426419,0.0160891574133901,0.0195695808627898,0.0197916230186405,-0.0066051607293176,0.057609428440279,0.0251767551182786,0.0123255407713807,0.0159833716875801,-0.0121226795070923,-0.022115218259719,-0.0525916513198291,-0.0640917812380095,-0.0754001440535991,0.013793368921021,-0.0282898309882023,-0.0382662250675873,-0.0193366152891115,0.0387141962458534,-0.0208160245192685,0.0314942696749824,0.0413378647597788,0.0520968655436018,-0.0789283032750074,-0.0278871129962794,-0.0033652507753033,0.0285048444836728,0.0519352291684047,0.0408745976461801,0.0103070231753583,0.0133803605624971,-0.0205262026894169,0.0142642784267557,0.0032621843906617,-0.069219257107939,-0.08212940399706,-0.1100276901737925,-0.0448312140017697,0.0306992607045215,0.0144788479621356,-0.0304299166976894,-0.0045775734603861,0.0473816041130585,-0.0975679819579378,-0.0513734242632032,-0.0213700566207294,0.0249105140197474,0.0166433958794345,-0.006701609793502,-0.0660381939217985,-0.112531112223183,0.0628455881124157,0.1311424895600565,0.0591353415357791,0.0182865516569565,-0.0955320216730294,0.2245976013382196,-0.0870878085105148,-0.0708132492431824,-0.1184284223328718,0.1811365641155298,0.0821153896782922,0.0282116711806601,-0.0171334239064691,-0.0128006898800361,0.1725923999828205,0.0417535841613758,0.0183149267797726,0.2316862078797585,0.1183592477336246,0.1036068559782961,0.0439101759957045,0.0060660595046155,0.1584260403537665,0.060524100795233,0.1648575349321352,-0.0316027779028934,-0.0477991142387883,0.0634673800282292,0.0414944653515905,-0.1411725791693433,-0.0803066602061546,-0.1493792659459003,-0.0366034550234681,0.1603537801635439,0.0714176154492665,0.0982753824706494,0.1656358804606372,0.1192221084532962,0.0268471071857143,0.046734626978578,0.0195846451040224,0.0217150552535361,0.2210008360127831,0.0309430365428098,-0.0710709484164983,0.0441609974141772,0.0771171171211488,-0.0962595716263621,0.0619932155365208,-0.0798308692362028,0.0173594843830819,0.1164704682127939,-0.131059985828156,stop,2211,3,240.0285989642323,-0.0292945629934225,0.0014803527453888,0.0438516747427663,-1.0,0.0505333616248587,1.4969219630486434,4.484607804336554,2184,0.7003493118083801,5,0.10914780305466,0.051847100734409,0.1687060575146819,0.0,-1.3436076952651574,-0.64325838345679,0.362956225487985,0.0907136327440853,246.34913082931416,240.0285989642323,279.7576442735026,4.445750781317918,0.0169569390354504,-0.0367571104595347,0.017920666526662,0.1081169372889498,0.5884126201397499,-8.479840496455894e-08,1.0,0.0451585853723228,2025-07-01,10.0,13,0.0708146472874846,0.0435461938110008,False,False,True,0.0833333333333333,2.0,0.1666666666666666,-0.0661637404076613,-1.792898356907357
PTC,Falling Wedge,bullish,1,0.7836249152551878,3,28,683,684,2019-06-06,2019,2,87.79000091552734,83.075720048351,102.16104357419846,80.43489994276439,0.8440831585467903,0.0567467951458329,True,-0.0167445176600189,-0.029510071942429,0.0299887804280372,0.0197172880652125,0.0039561714587592,-0.052303836943508,0.0037314422918779,-0.0142856923277491,-0.0232478209957811,0.0212259778167536,0.0338841306457948,0.0044757111980942,-0.0497279502672153,-0.0428403054838334,0.0222539899291627,0.0423793119824769,0.0199559117249428,0.0119342047141346,-0.0277930950296336,0.0019809222540909,0.1077862483744636,-0.055428578902264,-0.0196266582067097,0.0193643573358421,-0.0153644738590386,-0.0068115671567712,-0.0902356626418254,0.0719635781124556,0.0298585543900804,-0.0449200049953517,-0.0253180563276766,0.0022412949165633,0.0017160782054617,0.0386845272920697,-0.0001721692972401,-0.1723308440869607,-0.0393673228969193,0.0176566125726673,-0.057093719825673,0.0675074093705154,-0.0160943640973832,0.0106021360373145,0.0126566254013735,0.0979061529532561,-0.1093493636114386,0.0299093626201163,0.0574097375893285,0.0085107744335259,0.166114647508522,-0.0481951457698169,0.1280289604149593,0.0427755086147072,0.0583536037426697,0.0481866652418401,-0.0674478564487732,0.0294944945569917,0.0403646214916899,-0.0135197004598032,0.0386485161897185,0.0065566194378741,-0.040882035600525,-0.0564903500076569,0.1175936774533426,0.0560868626979134,0.0633990439570781,0.1062368884815601,0.0619245517137818,0.0375312332137718,0.0186716972678362,-0.233739652106913,-0.2621145406340404,-0.1984516333689785,-0.0087602344676902,-0.0350197556345026,0.0442635869398788,0.1395437331846905,-0.0787257290580133,0.0351211859996181,0.1060887476473837,-0.1316651750382769,-0.0168635095562371,-0.0153168828093418,-0.0322068668667604,0.0288701376600857,-0.0459941760682151,-0.0424865592773685,0.2993975719773625,0.0288701376600857,-0.0452651362861952,0.0886973225302953,-0.1134600446304306,-0.2340714881337825,-0.2542430739498545,-0.2820205913738779,0.060886035659778,-0.0284606301341625,0.3536220092234223,0.1356284553235998,0.0276615205496639,-0.115311946283477,0.1748111484591807,0.1918245612139986,-0.1490857327323822,0.3236746675030446,-0.0171754223570141,0.1900699257203084,-0.0403157169337632,0.1541909846489659,-0.219096978825909,0.0283341749355192,-0.0901309597439964,-0.0484999974568685,-0.0178677607863615,0.0591912133418381,-0.3029405515161238,stop,717,34,80.43489994276439,-0.0837806230329137,0.0632189926470505,0.1699509968487359,-1.0,0.7545777335913877,2.02852390799206,1.9538878816061465,653,0.7957337575221559,6,0.0671920656096573,0.1172149429727835,-0.4932540122220423,0.0,-1.2181324350499547,-0.4223986775277975,0.2118195378419167,0.1482788442331365,83.075720048351,80.43489994276439,102.16104357419846,2.2849998474121094,-0.0368785818848164,-0.0353021479025067,0.0262221696513294,-0.0355284907436063,0.9029522825383642,-0.0033724959033815,1.0,-0.0094940630138775,2019-06-06,25.0,14,0.234241733980612,0.155080317784493,False,False,False,0.0769230769230769,1.0,0.0769230769230769,-9.002341365727924e-05,0.3015576824290176
PTC,Falling Wedge,bullish,1,0.8132358246131041,3,31,1023,1024,2020-10-09,2020,2,86.86000061035156,81.27499662126775,101.43581304201643,79.1844114667073,1.188706082890395,0.0687173696863907,True,0.0087497367129869,0.0153285828463027,0.0079369462797436,-0.0223190881283027,0.0299887804280372,-0.0278284940937745,0.0127103291738153,0.0389552525375167,0.003925449291682,0.0305828315389393,0.0311185609819935,0.0194207320837607,0.0061029980294469,-0.0964402069386755,0.002121062263712,0.0378281367284987,0.0579367231760865,-0.040951616754738,0.0317433564211295,-0.0346995321709847,0.0287227509274672,-0.0196322635846099,0.0038886013034497,0.0275155350317095,0.0384140157112741,-0.0124538290783723,0.0556626836937594,-0.0868353884563989,0.015685257443786,-0.1161738509664433,0.0270076925716296,-0.0065220924963826,0.0248598473094334,-0.0075556437980214,-0.0210759731268718,-0.1646571620255599,-0.0472851267820646,0.0237867293409028,0.0426822768040007,0.0410100162255582,-0.0143945552092,-0.0261941331341509,0.1165752413618568,-0.0946234131146183,0.0337713135451909,0.0383520405263078,0.091871928061995,0.0902416558064485,-0.0566727796357928,0.0027652928745991,-0.0582776415627541,0.0674893559656208,0.0370139433353906,0.0589175145562188,0.039564386965468,0.060545401155833,-0.0629063751496249,0.0012553159618879,-0.0449534639691049,-0.0135197004598032,0.0648073528884747,-0.0841284969548145,0.0619245517137818,0.0379653559641919,-0.0776251063017211,-0.0099819061508356,-0.0128869979735882,-0.0622482200232499,0.0944195389019861,0.279645414976345,0.2238658158867803,0.1041733177850163,0.0426685542513429,0.1507456828523337,-0.1628924392553914,0.0464006477200398,0.2922178732823211,0.0604480297128915,-0.0218189807917278,0.1146713441269851,-0.1117091486100974,-0.0520412159272821,-0.0318039937771505,-0.2602961959649296,0.2514761229593869,0.0018327325810163,-0.0032917244103305,0.0308537424743973,0.2267432699543734,-0.142416470391184,0.1935740765134723,0.2431686537220708,0.3700207133756126,0.2969284926058793,0.1730886525947232,-0.0136885249661203,-0.3526188784911821,-0.2058954665420546,-0.1897690030924828,0.062651693851657,0.2306140647906942,0.2073132485840876,0.167443195791541,0.1098138566547224,0.2668680024783731,-0.2043912638115145,0.144073895698118,0.0300610315700677,0.1035330305687585,-0.2166917655470496,-0.0371521647228507,0.1276813079541017,-0.0833828881114345,-0.1587488992687725,0.3619805570764434,target,1053,30,101.43581304201643,0.1678081087870473,0.1746488379271024,0.0863458432799755,1.8989828870314556,1.976395281853611,0.9771236916986816,1.8989828870314556,990,0.8437953222483436,7,0.1033445063028769,0.113383545143378,-0.019018311836657,0.0,-1.1952944896618212,-0.3514991674134785,0.1468917994298173,0.1874021681504019,81.27499662126775,79.1844114667073,101.43581304201643,2.4057137625558034,0.1167195706617647,-0.0072566771611727,0.0279929450106312,0.3783481081731927,0.7009802271613803,0.0053533736700746,1.0,0.0424428064295907,2020-10-09,31.0,12,0.6004257238584649,0.2887545856964537,False,False,False,0.0,1.0,0.0909090909090909,-0.0409315669841578,-0.4110955197118157
PTC,Falling Wedge,bullish,1,0.6085417352468981,3,38,1279,1280,2021-10-15,2021,2,122.51000213623048,120.11278437564272,138.41879328677567,114.98382736963435,0.9100640059418486,0.019958056696868,True,0.0457105409882689,0.0251010289870199,-0.0170902451737058,-0.0137499895962801,0.0260673908911175,0.0575104214987849,0.0647601334312364,-0.0139222700383944,0.0312864484841655,-0.022674930424291,0.0394126928454452,0.0326169229143009,-0.003007397610409,0.0259981396504569,-0.0421469498567197,0.0060616332376115,0.0432480616353989,0.0123773538841391,-0.0066368475301347,-0.0172617898394732,-0.0383133152617821,-0.1163235271678251,0.0432999441895868,0.0395069484409,0.005090101999486,-0.0413052171536192,-0.0128877275736127,-0.0300288271425059,-0.0730763143165845,0.0602923532663792,0.0203583064057537,-0.0812430171709799,0.0110330048004827,-0.0005904942321398,0.0901154878762655,-0.0078986097726463,-0.0297704429228984,-0.009690782720555,0.0921439304916209,-0.012187090377262,0.0183037027174219,-0.0065854711034806,0.0360065676652991,0.1018967811718978,0.0610200459222867,0.0302116391493439,-0.0055505696948698,-0.0580314621986945,0.0659484685037821,-0.0698924731182796,0.149915506389779,-0.1156684179275669,0.0398043979933908,0.068896780070953,0.1365532154675484,-0.0981017031912075,-0.0698924731182796,0.0877436066735888,0.0162276173947941,-0.02270696092262,0.0,0.0368799560553623,-0.0213396687869297,-0.0048050083599516,0.052310634453434,0.0472397315218731,-0.1194226892606875,0.2136315806851603,-0.025216674721077,8.15811497971719e-05,-0.0508229116913596,0.3141146624212234,0.1321935002838752,-0.0771916998253815,-0.3033880420339925,0.0342917958617638,0.0353359376374049,-0.0634732966863357,-0.0316783131419361,0.1659456543622131,-0.2512034252931718,-0.3474343129673064,-0.1579484011900216,0.002920677548363,-0.0744441729972644,-0.0991913801690858,0.1726570915866674,-0.030956795363583,0.103163183574104,-0.1377875602655561,0.0,0.0307853259826981,-0.0264468650450369,-0.0882311034257876,0.222475549894233,0.1195286101586259,0.0186231949326813,-0.0163527706524372,0.086572983751602,-0.2825871896000556,0.20699246854522,-0.2072252284621114,-0.2940726013965195,0.0711268240029359,0.0361061658831121,0.048482620924297,0.1890909123548212,0.1214180441837753,-0.1760902117965813,0.0354984091735106,0.0833750449775794,0.186384747700808,-0.0752844308174393,0.0976268935951094,-0.0500313669126952,stop,1305,26,114.98382736963435,-0.0614331453380194,0.110113440768442,0.0651375660581565,-1.0,1.7924109234936958,1.060300033471417,2.1137950743788365,1239,0.6334961666990205,7,0.1325994823313272,-0.0988579978596309,-0.1307234844809183,0.0,-1.214181626882056,-0.580685460183034,0.537000950771214,0.1162777858260759,120.11278437564272,114.98382736963435,138.41879328677567,3.2085723876953147,-0.0751370633163018,-0.0211370913861079,0.0259803432202049,-0.1165951551926869,0.6475410861245215,0.0074085811214632,1.0,0.0101270394512038,2021-10-15,37.0,14,0.1026503471602369,0.0865337322539405,False,False,False,0.1538461538461538,1.0,0.0769230769230769,0.0025760506275532,-0.0747973782345672
PTC,Falling Wedge,bullish,1,0.7741870119538087,3,33,1384,1385,2022-03-17,2022,1,110.31999969482422,106.66571916852672,126.65428052629716,100.58898945902727,1.152290194644688,0.0342591842513517,True,-0.020939064222116,-0.0494551643986501,0.0409781811546265,-0.0130865626559831,-0.0170487120718003,-0.0010853393617696,0.0475639963944869,-0.0026113492583614,0.0605851215332093,-0.0150950384831441,0.0190076953485844,-0.037027958366403,-0.0579084931540455,0.0293153457326666,0.0127103291738153,0.0009623941171421,-0.0298744744336755,-0.0172296385679094,0.0651910356980498,-0.0055789345189144,0.0295739432395976,-0.0452231074440432,-0.0241449859259224,-0.0235677889894254,-0.054709534700817,0.0188498012973112,0.0080000252559266,0.1370075588486083,0.0343145650016385,-0.0642547386600036,-0.0115087676466556,-0.0630007363466387,-0.0454999114465283,-0.0084212465769781,-0.0200436155350423,0.1342519925335261,-0.0200483359205949,-0.0700105827088868,0.0218212501915278,-0.0167531998234464,0.0140559353902394,0.0057704317115128,0.0647507822430406,0.0169332964328403,-0.0255126868190795,-0.0291028798605413,-0.1052393096670417,-0.1047600683997956,0.0676092510030803,0.1283537137293648,0.0741452908783739,0.0036517756594514,-0.0346326621466122,-0.0105437107196498,0.0130451093774146,0.1019043044590186,0.1835552310224928,0.2108442765413605,0.079347676602925,0.0,0.0970115223150143,0.0424469167842695,0.0890709552987556,0.1200252449581473,-0.0538914609734697,0.0439384577824519,-0.0282930282145178,0.0603830102860183,-0.1646379033992362,-0.0069796650217226,0.0758510793126975,0.1365495440216142,0.0135481215087753,-0.0080147871394138,0.2487111162496125,0.2357566625859311,-0.1263605105293432,-0.0363241140722261,0.0208345066206734,0.1033695504885672,-0.1218201835435927,0.0697282953039006,0.0523307091023961,-0.0388825526606398,0.0732554267636933,0.0376857334421796,0.0989252014255408,-0.0589152272590562,0.1138319752171979,-0.1504295167990622,0.0456130086695565,-0.0424493129915378,-0.0714285467296613,0.072406895380497,0.0315745108449543,0.0985915567390618,0.1044220417440271,0.0488991221128525,0.0993200299673038,-0.2028544243991961,-0.0228824117954186,-0.1304966019475052,0.0088549497598446,0.133074945907115,-0.1563592785132859,0.1229710865062689,0.0414458125470631,0.5910527775827508,-0.282340162264705,0.0733717332999368,0.328692954345775,0.1527390441399918,0.220585158988811,-0.0575193564007773,-0.1315857211879048,stop,1402,18,100.58898945902727,-0.0882071271094598,0.0153190939637534,0.0905547307052633,-1.0,0.1736718388384122,1.0266146701829468,1.6785801716028332,1350,0.6604552190772123,7,0.0232141463787358,-0.1039830085931569,-0.0683274672029985,0.0,-0.917530315260336,-0.2570750961831262,0.4223431237419253,0.1864170571292744,106.66571916852672,100.58898945902727,126.65428052629716,4.242142268589566,-0.108440799632227,-0.0167506387796548,0.0383106849090864,-0.1176892162794136,0.5658382023936199,-0.0020958240570092,0.0,-0.0123825046629931,2022-03-17,32.0,13,-0.2354266787759594,-0.1574464516573618,True,True,False,0.75,0.0,0.0,0.0028353881993373,0.1236457953392613
PTC,Falling Wedge,bullish,1,0.6896726008554914,5,52,2291,2292,2025-10-28,2025,2,201.4900054931641,204.29733179177447,220.8890594399113,196.4585026332309,0.8041744787548849,-0.0137413752494413,True,-0.0469502528957356,-0.0273777685196018,0.019789887507595,-0.0008011868218346,-0.0394683748332248,0.0265886727937134,0.0458774550050529,-0.1117192853961074,0.0265148010008573,-0.028358030692426,-0.0131719771172487,-0.004445035292027,-0.0157099728778277,-0.0076327702407031,-0.0874144941591295,-0.0170570839021688,-0.0249806792451193,0.0279831731745738,-0.0370583639466193,-0.0122622939501366,0.0317496309916149,0.0098086181863958,-0.0363618874049971,-0.1165814921473166,-0.1082761830329346,0.0417974388864024,0.0218327184778326,0.0474876705642639,0.0482794172635494,-0.145692034742648,-0.0085071378317961,0.007015998477132,0.0328740488228895,-0.0176830970024384,0.0727061195311802,-0.0206781914600204,-0.0025637929426189,0.1550868405611627,0.1141269148759669,-0.1267833794652848,-0.0823178453148156,0.0137450767115974,0.061628352301734,0.0151619351109333,0.0873165119108432,-0.1323231703841098,-0.1392128755126243,-0.1193208563550097,0.1016278193648878,-0.0115175754651964,0.0520035407543633,-0.1219428756399798,-0.0107799205614068,-0.0264929458274157,0.0418409860043529,-0.0436719641394238,-0.0376228808777164,-0.0418895532945714,0.0377337761011946,0.0018668027513533,-0.0813160666582256,0.0647948918965293,-0.1580541496847778,0.0415192416198135,-0.0639132786069566,-0.07602814316372,-0.0228653501763512,0.1985654189066843,-0.1314057641777961,-0.1241749148362091,-0.1295472312814599,0.2529468185133317,-0.0376027357065279,-0.0008308185506653,0.0658401899726437,0.0544277326491358,0.2236472009123635,-0.0058201381138391,0.0251447768932919,0.0065564441827472,0.0649504012775001,0.0378649989051476,0.1606889755112961,-0.04519142613635,-0.2627646168157621,0.0391991692401469,-0.0796546046848877,0.2779332467122162,-0.0777611202606815,0.0787952442029364,0.363802417916532,-0.1812835226672379,-0.1772792706679191,-0.1860738081970425,0.0865314741863987,-0.2128672209828781,-0.0454841291308458,0.0429932358693627,0.0186231949326813,-0.1350688733000159,-0.2013734609080975,-0.0532584029637025,-0.0061325113722178,-0.0488015476658546,-0.0339868146245719,0.5102747661968061,-0.0101647231158087,0.0654353794291926,-0.0918601946056929,-0.0270380792153845,0.0302183326154816,0.0881301092915793,0.2318341305426861,-0.0807298668413943,-0.1836430105848053,stop,2293,2,196.4585026332309,-0.0249714761167341,0.0021340645394731,0.0270981515956753,-1.0,0.0854600877215705,1.0851641876915752,3.8555188155065223,2237,0.5587980520459357,6,0.1113813343735989,0.2266866749730602,-0.1025080826883511,0.0,-0.8117395306061501,-0.2529414785602119,0.6863116985780555,0.094160370836985,204.29733179177447,196.4585026332309,220.8890594399113,3.658573695591506,0.1150161612047491,-0.018623148621656,0.01807059949752,0.3176701253256582,0.2926854684441211,-9.840748022937884e-05,1.0,0.0313428838719671,2025-10-28,17.0,12,0.0847826404846341,0.0433423117267588,False,False,False,0.0909090909090909,0.0,0.0,-0.0175182469577,-0.2973863583932409
PTC,Falling Wedge,bullish,1,0.6930700376029072,3,44,2422,2423,2026-05-07,2026,0,146.3300018310547,137.00527967714038,166.88664662914334,129.98410459424622,2.6759502643314925,0.0680610424349228,True,-0.0442834391201644,-0.0622987602979229,0.0276169205505105,0.0128837503905256,0.0781182583555917,-0.0222625972749959,0.0119991728147024,0.0090235858082674,0.0334853687679581,0.0558423266027032,-0.0035369970017214,0.004993502264921,-0.0572418836416707,-0.0165233032411457,0.0513261318746052,-0.022674930424291,0.0378880284243901,0.0397374221857182,0.0294256414907774,-0.0043569845167849,0.0700542848979068,-0.0230812831123975,-0.0599192598809429,-0.0033486331376514,-0.013948228174112,0.0313996544964818,-0.0666295638655554,0.2819934300301792,0.0057704317115128,-0.0405881679999897,0.0074517305019734,0.0052794854815492,-0.0034915468097821,0.0311206949168239,-0.034238864443062,-0.0442763688317811,0.0242856949094742,-0.0765947194754367,0.0375946193305229,0.0538873266026218,-0.023514155667519,0.0340421566849451,0.0114458896973959,-0.0778646075226724,-0.0442081496903983,-0.0089918816405156,-0.0637600062482514,-0.0673249693964087,0.0502489849827834,0.0124733836336246,0.1124124114046392,0.0789803228707761,-0.0449534639691049,-0.1605927040178847,0.0722869261671659,0.111037010640894,0.0555925384886784,-0.0092311392688083,0.0728831211140585,0.0342569899098958,0.0278124129754946,0.0435147948709002,0.0338262824892698,0.0520972498956793,0.0409865653389507,-0.0506519357197361,0.0002159931159098,-0.0684615753509185,-0.0869967147268648,-0.1454930680593288,-0.1655035346358767,-0.0388967797041007,0.0380141639853901,0.2968878914172248,0.1743514091560529,0.1246383570174642,-0.0237006241100494,-0.0770094349948706,-0.0796546046848877,0.0195870638596975,-0.0744441729972644,0.0482262454172557,0.1776682585220181,-0.0418229533520591,-0.088025849746029,-0.0602775365405482,0.0450784901890906,-0.0268474492950329,-0.1520850109230977,0.0800358119314146,-0.0317778460135234,-0.160990339516036,-0.0317775514049545,-0.084009924244649,-0.1889912242704322,-0.0796203424741035,-0.0987761684481117,0.0641891804814251,-0.0012268005919522,0.0150635545197794,-0.2235794728885035,0.2422592795494009,0.0996691085256133,-0.0012862030558424,-0.0654221653667043,0.2238393846558646,-0.0393561870891399,0.1735973681382334,0.3491762252629073,0.1526333571079996,-0.2173150983754265,0.2160486313534777,0.1685767773393158,0.0994509929006035,-0.0762240612686747,stop,2446,24,129.98410459424622,-0.1117057133347174,0.021458343130985,0.1936035090313406,-1.0,0.1920970959353419,1.7331567316635177,1.2576027183015823,2378,0.6746359127423533,7,0.1199970019106463,-0.0614821715591542,0.0297320436834882,0.0,-0.9978152797656684,-0.3231793670233174,0.3475281880496265,0.165749507763261,137.00527967714038,129.98410459424622,166.88664662914334,4.804283142089844,-0.1644982556722295,0.0123191873440828,0.0325383226595868,-0.2311097493356709,0.3631790466482865,0.1258316218283792,1.0,0.0759954531627158,2026-05-07,24.0,11,0.1232698082843661,0.112669886158873,False,False,False,0.3,0.0,0.0,0.007269952219768,0.3679141589393641
PWR,Falling Wedge,bullish,1,0.6835772940773028,5,52,1220,1221,2021-07-23,2021,0,89.23145015818147,88.48797169376303,100.83540778815645,82.04865737203102,0.5676098811612781,0.0084020285490491,True,0.010673571351057,0.0124944638337992,-0.0232364871811893,0.0291865293071706,0.0071997676314559,0.0104670554693131,0.0492960570213734,0.021361908422965,-0.0089899611091145,-0.0144616893404855,0.0598323400737261,0.0200133090214147,0.0554588689817761,-0.044762832338922,-0.0194754567383872,-0.0111821112384555,-0.0326584780383721,-0.059225517242484,-0.0052055137383379,-0.042933735715041,0.0090907804927802,-0.1023584589382464,0.01580275261091,0.0267953323745999,0.0195568162289445,-0.0334751862919006,0.0074780364197639,0.0463104272621268,-0.0483602954728817,-0.03099984566403,-0.0496745923136452,0.0189384878455087,-0.0218253564833401,-0.0230522386477416,0.0663811949842905,0.1491751278313198,0.0315173846179634,0.0041409103215441,-0.0387237361377214,-0.0381967190643668,0.2422130987390134,0.0897601771263185,0.2354660011867293,-0.017448722510491,-0.0002974791881256,-0.0026710013534167,0.0707137844291194,0.0614948605082632,-0.0392418296091062,-0.0716515041534615,0.083534463165708,0.0788828075932168,-0.0325272972083129,0.0216284756950007,0.0682425243588495,0.0825016163259726,-0.046887915586689,0.141468361507121,-0.0392461543486502,0.0212233167567299,0.1297254215729317,-0.0739011107118771,0.1276512281353314,-0.0132045377927465,-0.144215294433162,0.1250816591240029,0.2812564004892546,0.1171381179044153,0.029840846989893,0.2976428156963777,0.3064736604744951,0.076177723601214,0.1887657582569495,0.2824452805425612,-0.1330185782523789,-0.0701029222744054,0.0134821719056148,-0.0179278478902783,0.2521900325127311,0.3110703257886256,0.0513883540640767,0.2314564204408997,0.1086042171338181,0.0832119118873553,0.1282110923020989,0.0497556644051306,0.1632176697554508,0.1218972785845564,0.290603363143997,0.2585780587717818,0.0355011064603683,0.1763674616393693,0.2533729537805607,0.2321746625202341,0.0465034114116833,0.457423145759894,0.0611771717421085,0.2945160916940579,0.1057703918300405,0.2695898332563775,0.1614024584784978,0.0837799052248493,-0.0419590653575465,0.1532793675587025,0.1766813036195975,-0.0591591180524317,0.2046874705146539,-0.1427083161423505,0.0914765565149064,-0.1977784518707377,0.4218584015099298,-0.0631199852774407,-0.0586989747925474,-0.0177902043484483,0.1560263841168708,target,1243,23,100.83540778815645,0.1300433603780337,0.1418722619450458,0.0333553837416839,1.6155217024148592,1.7624715131678654,0.4143721461089553,1.6155217024148592,1168,0.3584983493378169,7,0.1039596068365132,0.2111134981382578,0.0593605304473259,0.0,-0.971958420482112,-0.6134600711442936,1.4139152020729415,0.1102205239942165,88.48797169376303,82.04865737203102,100.83540778815645,2.41510702418298,0.110164076917544,-0.0157927076397109,0.0271169098463085,0.1574796653892745,0.8655434169359372,0.0054920124455339,1.0,0.034909624726066,2021-07-23,17.0,22,0.1405795760828065,0.1032893262039182,False,False,False,0.0476190476190476,0.0,0.0,-0.0472619024147245,-1.373805491007006
PWR,Falling Wedge,bullish,1,0.7246533388235786,3,30,1428,1429,2022-05-19,2022,0,114.124297969989,111.9994809850084,150.81056996660618,101.8132780816643,0.8167167748740713,0.0189716681389355,True,0.0504182249094744,0.019750802742867,-0.0597895165208026,-0.0279413262041654,0.0046550697647522,-0.0142126528690418,0.025837315618181,0.0606321974954751,0.0108638468126669,0.0373146445925884,0.0337579043663351,-0.0151289031627704,0.0114821300642604,-0.0145466018273262,0.0326688784929185,0.0133766101225927,0.0279622308333999,-0.1238389814640439,-0.040454675646418,0.049421470268111,-0.1087658440299738,-0.0365363235858393,0.0570803512534294,0.1243469611609815,0.0803801536263257,-0.0551103071755894,0.0534236042360105,0.0831109866486345,0.0169287369749286,0.2528137865419271,-0.095700792785542,-0.021043814794455,0.1536093274415326,-0.1058147005152696,-0.0421706203886386,-0.0547970279610856,-0.055533773606351,-0.0439078070706675,-0.0196446540600746,0.0690577379107473,-0.0670529219866288,0.0053799912092122,0.0103267845654433,0.025761181417423,0.1924343681247162,0.1092434569246678,-0.0086205825226088,0.0570110990479403,0.0731823985454638,0.0707137844291194,0.1630959534071832,0.0390758075075665,-0.0735232931592843,-0.0833316406219492,-0.0265049876326736,0.0804868531996911,0.0288743721081368,0.1774763719651535,0.0831849937446325,-0.0265517752354655,0.0630541074773702,0.0454575364037002,0.0782018662978798,-0.0863739948602456,0.0168663475864165,0.0209801774816305,0.1853657505722825,0.0100109997665911,-0.0506076639717688,0.142343418044796,0.1405264665480692,-0.0615384947788204,0.0433260586346084,0.001550908849935,-0.0079094948418442,0.3190061973910272,-0.0688226878453388,0.1656643880894841,-0.0191898056785918,0.0510649489204293,-0.0187168608443984,0.0252053783769719,0.2950961857850136,0.0814352203154147,0.1596131198547214,-0.0979531887301491,0.0270453414517977,0.0943290762280117,0.1988156663203821,-0.063044839547443,0.0349863609594935,0.0843452440992607,0.2409729598855672,0.1435639216578403,0.2764032240822924,0.1915927903695751,-0.1986343949071524,0.0433401246487665,0.1236731389934229,-0.045267958495468,0.2647536720282664,0.350612925467433,0.0657297250627035,-0.0067864814312585,-0.0524600541378839,0.0617543171361139,0.1641107107910988,0.0305898761429621,-0.2271796951870216,0.2459559023192579,-0.052382473043095,-0.0833750313549043,-0.045311073254638,0.0278803682865664,0.1842229792097153,time,1488,60,141.6251678466797,0.2409729598855672,0.2793965473757013,0.0322187135687097,2.233841722794343,2.5900319481028595,0.2986704676687446,2.979953921722522,1398,0.4985219971752094,5,0.0050239863302207,0.1738933306669889,-0.0429065683482151,0.0,-1.2756856193601724,-0.7771636221849659,0.671607949208419,0.1972458193688664,111.9994809850084,101.8132780816643,150.81056996660618,5.1100958163517545,0.0002297528750641,-0.0876915751303039,0.0452932385890662,-0.0408481784385845,0.7086089620109265,-0.0096725457875638,0.0,-0.1109438487254544,2022-05-19,14.0,10,-0.0231820472316243,-0.0076811778395599,False,True,False,0.3333333333333333,1.0,0.1111111111111111,-0.0163512845219827,-0.3287474430658659
PWR,Falling Wedge,bullish,1,0.6365679718787957,3,39,2133,2134,2025-03-13,2025,2,255.2884177669098,240.47799393288824,388.0349588136751,229.4535427067267,1.1160587053719018,0.0615874392155599,True,0.0603511741857154,0.0434838794147713,-0.0092937973570242,0.0938593914455716,0.0569026061699555,0.0166057521518494,0.0055506727681555,-0.0520270752408634,-0.0198899175482634,0.0054976699739823,-0.1297364938617,-0.2170808484548476,0.0225369379671072,0.0456274812995962,0.0747832162258745,-0.0104763354892424,0.0185450401243176,-0.0009114170068773,0.0054182855548672,-0.015482397541688,0.0124256164059484,0.0385235039552251,0.0632822796086182,-0.0030900148933658,-0.025884114314807,0.0243972764846363,0.0423784145278018,0.0928469977336734,-0.0949262282826157,-0.0397007412016752,0.0207593083798385,-0.0362768832318735,-0.0742855225690104,-0.0310646151982403,-0.1260298849905811,0.0077161622671626,-0.0068728802281231,0.1426451721822004,-0.0522492857251861,0.0338482410608882,0.1077617223395521,0.0173655910959396,0.0065891578146333,-0.057183937444999,0.0511973303007307,-0.0045357846591034,0.0278847597943094,0.0817443875127462,-0.0131506353640119,0.1755815294939362,-0.0518270510622976,0.0630541074773702,-0.02810275850735,-0.0836164498542642,0.1063896662739403,-0.0982954799444087,0.0481100139175869,-0.0401908013921049,0.0041895715711539,0.1099777218718023,0.0547569436870425,-0.0585929525052624,-0.001693176214917,0.0161140838339302,0.2303400851520682,0.2344612610109937,-0.0155059854424859,-0.0790661277797293,-0.0007619185168401,0.2751325879099138,0.2572804692365609,0.0816692887007146,-0.0362762992815745,-0.0719108988562861,0.2358180494802721,-0.0790770699474082,0.0101561420689482,-0.0744489748585893,-0.2374120237114977,-0.1582226577778913,-0.0933698631821735,0.2273352815951881,0.1100650961222085,-0.0227773383008478,0.244087907336427,-0.0455127852838569,0.2933437827959242,0.1708791816882617,-0.1364116686847507,0.0602951029243703,0.0522748625987812,0.2486073321386028,0.3916159253991187,0.3100240881443046,0.3164318252182638,0.0985216153430745,-0.0224143017621002,0.1404663637674308,-0.2058872079694035,0.000699904121538,0.0884104779526706,0.1296480156974369,-0.1693138841787462,0.2094401893251771,0.3646947492565524,-0.0719914070285947,0.3728831243014836,0.203263173055092,0.0423382866198362,-0.130203208118519,0.4738206753712886,0.1181113243792717,0.2471510922111233,0.3109455978486684,0.2657651051285415,stop,2150,17,229.4535427067267,-0.1011987746493519,0.0941838260470383,0.111488146778552,-1.0,0.9306814867411196,1.1016748687407754,5.138269131843229,2092,0.8396936252599647,5,0.024282335521078,-0.0294578339923455,0.3730274561235855,0.0,-1.8024307768270305,-0.9627371515670604,0.1603743854281604,0.2542266794067728,240.47799393288824,229.4535427067267,388.0349588136751,12.69388295689004,-0.1399826049146176,-0.1540335309925554,0.0507925143344891,0.0016590634413189,0.7630329011692115,-0.0020072013033585,0.0,-0.0860847476844988,2025-03-13,40.0,14,0.0133492516917472,-0.0750110991273493,False,False,False,0.2307692307692307,3.0,0.2307692307692307,-0.0366986527776619,-0.6671217868610906
PWR,Falling Wedge,bullish,1,0.756155264793686,3,32,2257,2258,2025-09-10,2025,0,390.7971940879483,372.8517066387412,422.75762100321936,358.176990569184,1.4707273669272185,0.0481303615611301,True,-0.0386571355228508,-0.0463002258175901,0.0561034724004549,-0.0130097685254043,0.0556259509032071,0.0161703108961899,0.0693615581724069,-0.0032851884988847,-0.0410751083448588,-0.0090112792617732,-0.0021763118380661,-0.0588062539462148,-0.034463197552163,0.0276135486834627,0.0340062234054152,0.0918397267205648,-0.0076289441878186,-0.00483946249594,-0.1028648026808284,-0.044430399526913,0.013460588175002,-0.1294074327871104,-0.0343162970083872,0.0300156392348593,0.0166359073778477,0.0623157941883023,0.1455929340015449,0.0338443616607067,0.0906705134479881,0.0856824358907841,-0.0373774322179316,0.0192041521323254,0.0079592240874533,0.1125169770208516,0.1877147253762616,-0.0368843813487257,-0.0667583310714569,0.1044536762166064,0.036206509011077,0.269772504149391,0.0507964956749533,-0.0195598560589967,0.0268181344248259,0.0208160400524393,0.0452038095345417,-0.0269337750737877,0.1340399398187768,0.102250354302507,-0.1450808042497481,-0.0926744402377166,0.1927884475007768,-0.0142167744169009,0.0531049311911528,0.1137634631679354,-0.1044688261851202,0.0533313811921585,0.0247611430060845,-0.0690054809186261,0.1152297090502905,-0.0461940480701958,0.0493606519824429,0.0480434788019699,0.0529982347894983,0.0982014706801261,0.0130821161772041,0.000794972133574,0.1975966091568355,0.190301080220566,0.0974540740701614,0.1596131198547214,0.1209714871024258,0.1938710471982345,-0.1471693185716173,-0.0073120979638283,0.2854620203322398,0.388809718211951,0.0507005775770528,0.1600998514096878,0.277141208991003,-0.0672850508640935,-0.0587821943121148,-0.0191898056785918,-0.0170388203281232,-0.0225713679906068,-0.0754815581797413,-0.0426897603531936,0.2358180494802721,0.0569864624231413,-0.0216728052564852,-0.0470390890171213,-0.012557314285352,0.1041081322135858,0.1887409048358574,0.1396604560275545,-0.2283754153001701,0.2901185779702242,-0.0280815273561604,0.0531376118625241,-0.0602736349122927,0.0291709989378587,-0.1285193569354535,0.3616179523910565,0.1216110145660278,-0.1427083161423505,-0.1445822250186209,-0.0373728640744035,0.0165179044140679,0.0458361850906605,0.2405158892769536,0.1250323703661406,0.237184207422767,-0.0127052182724417,-0.0798364021775773,0.1071280890665844,0.1504701127770877,target,2272,15,422.75762100321936,0.0817826417353406,0.0835841866857673,0.045330149716102,0.979773988745542,1.0013568924587295,0.5430651377281889,0.979773988745542,2225,0.5315232376307466,6,0.1119388263121419,0.1760532863611206,-0.3649434152600057,0.0,-1.2743743472947515,-0.7428511096640013,0.7050054180878078,0.0842344425336145,372.8517066387412,358.176990569184,422.75762100321936,8.831054216296163,0.1840305373420176,0.0072958672473619,0.0226531360139049,0.5868829059821097,0.7536842105263145,0.0206978596206324,1.0,0.0148127052079045,2025-09-10,40.0,14,0.3086953707974484,0.1227825389038483,False,False,False,0.0,1.0,0.0769230769230769,-0.0009527191391665,-0.162240451461852
PHM,Falling Wedge,bullish,1,0.6293996311240763,5,52,1221,1222,2021-07-26,2021,1,49.461702120168006,50.14171239052206,59.90180943312271,47.626419075435976,0.7954149257293293,-0.0135617679958331,True,0.0571263695141828,0.0624001695944181,-0.0096584912411146,-0.0482587031454287,0.0143936268464006,-0.0346153533759586,-0.0060545070930285,0.0102187885686357,-0.0104420205736932,0.0122846303394912,0.0257318642450499,0.0253775465302761,0.0476884957482668,-0.0029245276072734,0.0344828224582742,0.0533501690292557,-0.0220290176364945,0.0227757506934627,-0.0008634533233751,0.103122349243953,0.0227325384516208,0.062193345199111,0.0421510768463112,0.0111563761170907,0.0061098056709021,0.0634416436079352,-0.0608889281166541,-0.0100970952799398,0.0231398873145194,-0.0463852664771795,0.0045090220012515,-0.0182998169323774,0.003767165174858,0.0509345672765659,-0.0860082188556184,-0.0420307589620286,-0.0086845136935335,0.0189292498090922,0.0822743407128949,0.0438837726054155,-0.0169516247207343,-0.0820223680441978,-0.0256413348109256,0.040942298457923,0.0837190271045653,0.0102298237084991,0.0086555448024985,-0.0080524067517389,-0.0012836287084575,-0.0425205803642183,-0.0712694794041319,0.1488087818803494,0.2445786772133622,0.1535433760986759,-0.0591167897467113,0.1058437461092967,-0.0656159565397264,0.0194419143250388,0.0798840108031919,0.0099089109451924,0.0119957387119351,0.0053215380157032,0.1127779712741678,0.1712679331325566,0.0914561145762562,-0.0548410174973656,0.0121228113487019,0.1057860985728234,-0.0402489637348335,-0.0914185836399745,-0.0803008810788022,0.0960384210107301,0.0010410367637725,-0.0131322017582232,0.0600325775830183,-0.0108346042142276,0.1624489885927491,0.207133930128861,0.1154509634043927,0.0794411598168649,-0.4316183674435122,-0.0702881622871834,0.0267723339985435,-0.1210327291213019,-0.0108346042142276,-0.1363424781240549,-0.1086487854132415,-0.1582682476092247,-0.1277456893008607,-0.0094660652274556,0.1686839851459938,-0.0773601567265452,-0.0503296305265414,-0.0780028876237377,0.177195594675432,-0.1071250798316534,0.0740425245817151,-0.080047750654288,-0.0574631111734194,-0.1058190314398968,0.2133350230464146,-0.1739295767545764,0.1240915032178258,-0.0022870453982672,0.2687033008505712,0.1674787137027231,0.0863639061266512,-0.163767016181779,0.2713117701288388,0.1609238652997349,0.0755026810151449,-0.1669081683441555,-0.1461981295212544,-0.1365259737006228,-0.0742735305087984,stop,1252,31,47.626419075435976,-0.0371051331851294,0.0740529524032852,0.047701238144123,-1.0,1.9957603179541588,1.285569786426214,5.688554331127198,1168,0.6125898052091951,6,0.1681795532103794,0.3537406547017407,0.0179931602767142,0.0,-1.2047837056183164,-0.5921939004091238,0.5068434296938711,0.1263826357126828,50.14171239052206,47.626419075435976,59.90180943312271,1.4209393271800954,0.0857763159904849,-0.0237414870093282,0.0279904875797137,0.0953026737453834,0.1219517301054139,0.002034322163255,1.0,0.0337778934356904,2021-07-26,7.0,5,0.1293834077974534,0.1094019890508615,False,False,False,0.0,1.0,0.25,-0.0278618600489444,-0.5146333488597988
PHM,Falling Wedge,bullish,1,0.8133803973909084,8,85,1426,1427,2022-05-17,2022,0,41.52324964884933,41.343292317003375,54.81933499097036,37.4818985068365,1.9388808622975164,0.0043527576484745,True,-0.0538602613701523,-0.030043742629854,0.0179027228624357,-0.0908473387093938,-0.0793193988990969,0.0029655298692581,-0.0627633075005205,-0.0054830252253611,-0.0366598415825558,-0.0027412948614488,0.0037733859226822,-0.396492096426343,0.0004790021786327,0.0248803391276197,-0.0297854248573041,0.0719942224545515,-0.005793754529651,0.0257318642450499,-0.0506418621851133,-0.0489330873958702,0.0322234394348981,0.0288382244949636,-0.0238266762910239,0.0383727633395309,0.0232798022945244,0.0529424396383697,0.1330532478233317,0.0715293845531419,-0.0253420221568568,0.007048089350478,0.190554289285268,-0.1334469933474793,0.0310938269193425,0.065901522593168,-0.0193641853929389,0.021187210495253,-0.028184149403155,0.0093167931641982,0.0579618327858479,0.0130594186186339,0.1128749766206262,0.2965337956066969,0.1228886864749823,0.091145303020774,-0.0872368498300985,-0.0108030675014482,-0.0854216547411852,-0.025198826391281,0.1684760510112291,-0.0378941125025986,0.236950556750443,-0.0009948585503675,0.1058437461092967,-0.0941779414081427,0.1501780967781476,0.1058607714160093,0.1439912256376854,0.069795056469285,-0.0274507970530442,0.1750365316537869,0.0066554958290176,0.0981274425165834,0.0355978238792156,0.0537617547873046,0.011840014337199,-0.5077829274767732,-0.0234498124028881,-0.0852789130073111,-0.1146759149798891,0.0194200156151058,0.0608237128127905,-0.1207135865488774,0.1876908574507265,-0.04153987246369,0.1799277427662249,-0.1773137834331956,0.0194200156151058,0.156350881283932,-0.042877386661449,-0.1357495281674451,0.1377194553258658,0.1470201242614452,0.2473354046720222,0.0314012937309393,0.020732503068114,0.3448073229629287,-0.007811419527938,0.5265170405770765,0.0463352717994733,-0.0879634980771941,0.2431799207316738,-0.064303422353181,0.0426149038855414,-0.0204456025536696,0.0506929764738988,0.2946858591084911,-0.041369516950157,-0.2312694759491691,0.1839898503788652,-0.2406000113341205,0.001489297390534,0.1837071311625502,0.2494840502021893,-0.0456474750216807,0.0982088738316853,0.5647673398428776,0.1459623339607751,0.1916780826467083,0.1969396891345827,-0.1752275572397245,0.2166155946053676,-0.0480306814869314,0.3692985944428202,0.2662423710831358,-0.0689659624285934,stop,1446,20,37.4818985068365,-0.0973274292399901,0.0589460520621903,0.1046735364386891,-1.0,0.6056468615526781,1.0754782824951117,3.290009918687443,1341,0.6106494207399045,7,0.1135569684593713,0.1809207751284023,-0.1629470653479765,0.0259740259740259,-0.9892878329398884,-0.378638412199983,0.4642078035142463,0.2236118970804035,41.343292317003375,37.4818985068365,54.81933499097036,2.0904230478779757,-0.0956653882914423,0.0187404372776291,0.0490066884805942,-0.1159559858862631,0.932582824886361,0.0227006571840349,0.0,-0.0825094641007874,2022-05-17,33.0,5,-0.1634289685355833,-0.1129757091454202,True,False,False,0.75,2.0,0.5,0.0207901289427508,0.6813726161130348
PHM,Falling Wedge,bullish,1,0.7076335452293149,5,51,1522,1523,2022-10-04,2022,0,39.13438548082825,38.2079307631293,45.490926729055786,35.518548177088604,0.8204937248986447,0.0242477071957265,True,-0.0130928341377121,0.0288202915741353,0.0077952980836799,0.0699769638303295,0.0180979338987756,0.0275663904128249,0.011028202369151,0.0040300027323247,-0.0155339619376881,0.0078979319502452,0.0871805575219344,-0.2143110297652273,0.0117575027696454,-0.0128713428421093,-0.0043463627735291,-0.0341235060144238,-0.0054293075315557,-0.0243736726535405,-0.0345859972384389,0.1093718987639373,-0.0226544391829457,-0.0033088129331362,-0.0122510466107247,-0.020998013049981,-0.0149454407477295,0.0109456994154766,-0.0198463434996248,-0.0369552397840468,-0.0573179523448488,-0.2568272360218914,0.021322089279024,0.1942631228752205,-0.0472713366335818,-0.0904508573573378,0.0562693408172492,0.0320287543321682,0.0760275448307918,0.0084905663259307,0.0720318818562086,0.0337464219664032,-0.0740851167425289,-0.0392000455923464,0.0769590215219584,0.0024653729985721,0.039498654340047,-0.0211027301791232,-0.0167985146912253,-0.0466064099297095,-0.0762363482927472,0.0796306622658369,0.1421995972997289,-0.133512556553628,0.0729367111380403,0.0650474575357931,-0.1127285797217585,0.0152171940431145,-0.0047757819422855,-0.0089248698874363,0.0779499096192546,-0.0824452642490419,0.0630868917744442,0.0874694800232067,-0.0292714875189176,0.0409558529104912,0.0428536403464701,-0.052896459048869,0.1650616466573762,-0.0534122379298901,-0.0317087876146845,0.1062253813004565,0.0143909735628402,-0.103314371803699,0.1740286157638766,-0.0902973898957394,0.3506675528032299,0.1568976180715131,-0.098296326801868,0.1888476866084114,-0.0022934306269766,-0.0400984660894274,0.0563530498680153,0.1398086698236971,0.0476086458937554,0.0559325698425072,0.0711217406147313,0.0866715165297238,-0.1018472397132776,0.0615540516917636,-0.1338375888334405,0.1760806518567965,0.0489635180215286,0.0539978276192004,0.135972299146498,0.1043411503987328,0.0288506321365369,-0.0390820677666308,0.2708186254111431,0.0729383849286244,0.027245995626957,0.0078910417417639,0.2287465939852935,0.0896902952124316,-0.2175795648097375,-0.0364511610079609,-0.0673441381487389,0.0145845177277674,-0.0697764631978192,0.1442587622353652,0.1946596180139834,-0.1935487851340476,0.177195594675432,0.4660803599090195,-0.0240793236826476,0.2318900726474522,0.0706228496212886,stop,1529,7,35.518548177088604,-0.0923954026443325,0.0251976163588177,0.0978259055292855,-1.0,0.2727150446631377,1.058774600570304,1.757972141515699,1471,0.4036116447064345,6,0.007286543140518,0.0780902613462861,0.2557405364240468,0.0,-1.3495568805352156,-0.9459452358287792,1.2347243845498028,0.1100813400136398,38.2079307631293,35.518548177088604,45.490926729055786,1.3625176939101624,-0.0838522685816026,-0.0050702251600742,0.0343831960642233,-0.0436672290027319,0.980772404989932,0.01834372495306,0.0,-0.0287574273577226,2022-10-04,33.0,5,-0.025787614456503,-0.0500409194416709,False,True,False,0.0,3.0,0.75,-0.0357027440248335,-0.7287912254130381
PHM,Falling Wedge,bullish,1,0.8037171750200851,8,83,1795,1796,2023-11-03,2023,2,80.62079059539549,72.26410893606027,89.82046031711104,67.39379459680853,1.5593810618233963,0.115640831698752,True,-0.0016968910067274,-0.0135001161282144,-0.0044310067071599,-0.0118623157341429,0.0162603475753164,-0.0340170124397437,0.0690518173753065,0.0691360052774099,0.2983282459527618,0.0170762376148643,0.0739284649383191,-0.0136944551616891,0.0230477972928158,0.0155237184470047,-0.0350223847645091,0.0153919230815846,0.0399902467102486,0.004194972006942,-0.0143959692309095,0.0318573547249334,0.0040547454738575,0.062193345199111,-0.0330274948883435,0.0701732501480105,0.0349930144122114,-0.0223026735130519,0.003754571074114,-0.0520078856571618,0.0308187010451055,-0.0712443406174836,0.0046511664353752,-0.1316112785655718,0.0036607436276352,0.049874271906789,0.0165849459223899,-0.0699001145327512,0.0954279757552301,0.0477721859828572,-0.0621761227521202,-0.0549877605887707,-0.056912705527383,0.0282924415721799,0.0867209204831545,0.0544332053595839,0.011504711368679,0.0745556022090706,0.1031388763112175,0.0544099166544396,0.0587472076370154,-0.0570444739245997,-0.0667209306320021,0.0541035087616199,0.1042472481887388,0.0301995502181284,0.0600933050971876,0.1426993411911903,0.0399789890798671,-0.0216628796279191,-0.1186477423937963,-0.1355004495720105,-0.1056958763926024,0.0005797644263469,-0.0019916732404299,0.1089777998348611,0.0120617293995124,-0.087838846535184,-0.0515970616170202,0.0749912570756332,0.1011398879624906,0.2200512454078738,0.1391715931511039,-0.110120836850352,0.0706678194550514,0.017368807789367,0.0816320624685515,0.1223751488134692,0.1588463325581235,0.1842200957810846,-0.0744715139416605,0.1219863642876353,0.1124679918276903,0.1326362965764833,0.0057267054340865,0.5314208729620826,-0.0281742356408081,0.0710958016151066,-0.0625873457981248,-0.1005240528284615,-0.166448464848043,-0.0258026298816251,-0.0601112025737916,0.1709410445475805,0.2960693441629294,0.1681309378305373,0.2704637908641896,0.1089053843602925,0.1494388831507662,-0.1348688158141407,-0.0209937250274063,0.1583593852968952,-0.0626908682452147,0.096460264357596,0.2093848921178744,0.0075997642165257,0.4559441541852032,-0.1482548006010077,-0.2413606820390677,0.1732099963583848,0.2413608469822155,-0.4043889885939858,-0.0781336946431118,0.0490865161108873,0.1055673806371306,-0.0637619980819235,0.2525029598833243,target,1817,22,89.82046031711104,0.1141103883225993,0.1365895472542763,0.0231489470873645,0.695522227624349,0.8325365251401979,0.1410967702593757,0.695522227624349,1710,0.6489905177503723,7,0.1441556814690859,0.3802301291749308,-0.0446935310945515,0.0,-1.0047220020776422,-0.3557314843272732,0.4294674852712284,0.2216290055604923,72.26410893606027,67.39379459680853,89.82046031711104,2.5069683292112352,0.2108506160233871,0.1068333426899195,0.0307750402861832,0.2491974660542004,0.4730549591118858,0.0313083622496066,1.0,0.0119897917565963,2023-11-03,33.0,5,0.1141595445430749,0.1095914565680928,False,True,False,0.0,1.0,0.25,0.0815085418119814,2.131136944685075
PHM,Falling Wedge,bullish,1,0.8042969689196766,5,83,2147,2148,2025-04-02,2025,0,99.06614912237823,102.26021734197876,136.80676823944407,96.28252279649048,0.6174522705209794,-0.0312347098668774,True,-0.031109709100201,-0.037548975263651,-0.1069806005625664,1.5243768691775017e-08,0.0237132997842619,0.0194769657234956,-0.0038092202564949,0.0672765081278994,-0.0603566472166735,0.0272281835231644,0.0017762957688134,-0.0309911763307035,0.0109049698036052,0.0819020986998335,-0.0639535246098703,-0.0029786409709018,0.112962260671289,-0.0262624854713703,-0.0185320397761618,0.0126428889090495,0.0388723383545337,-0.0155781315452659,-0.0344753769936863,-0.0740851167425289,-0.0384043843209954,-0.0493129828662488,-0.0184363925260171,0.0211743559840857,0.0173409093045022,-0.0224053262832372,-0.0131870590828441,0.0263158002155079,-0.0648921722053185,-0.1002084954884982,-0.0288762182369579,0.0674430690756875,-0.0096100169208498,0.0547528399498504,0.0887281496955993,-0.0262825303521366,-0.0145494820298744,-0.5500393114313752,0.0580726261557551,0.0550600367464313,-0.0994759837390575,-0.0436657075407791,0.0159537096750468,-0.0085550379251504,0.1067112610283174,0.0719299100206527,-0.1519084337041318,0.014340002059314,0.019036110888092,0.003591890879306,-0.0242019042098876,0.2565428087237347,0.0124656076258917,0.0075096827230531,-0.0834582066073211,0.0729282360106609,0.0214908877243056,0.2937688593586647,0.0393759271019473,0.1140158791481491,0.1261092101747256,0.1512366517402972,-0.0086149267353401,0.0256411319388698,-0.0374718196194182,-0.0225346047784698,-0.1037659981043446,0.0420327060654523,-0.0666202230421616,0.082821427511097,-0.0291778892083067,-0.0083361320483822,-0.0695405519008723,0.083834559637018,0.1187314413116766,0.2094307711430421,0.2255348957546017,0.024984036168365,0.106747572882238,0.1130163054636392,-0.1407211908665894,0.1653590547239334,0.0677870151009991,0.0972144853960728,0.2374605040933077,0.2312015276179,0.144274126667957,-0.1043363269020192,0.0538141360541375,-0.0829777817181398,0.2298475473361416,-0.0486586687389349,0.2713534309270089,-0.1374413555947372,-0.0708261239770534,0.2939133213597604,0.2679833715061228,0.1623116237332571,0.0552915999099177,0.282915512430399,-0.1320196973915915,0.0473457828364372,0.205569667013999,-0.0908341387223847,0.3522527123457182,0.2321777616019513,0.0950460272868067,0.1714101140716064,0.0719797474696355,0.1456135120780015,-0.0664474513199655,stop,2148,1,96.28252279649048,-0.0280986628686767,0.0115664176101851,0.0338019678801654,-1.0,0.4116358726478379,1.2029742496340097,13.558076659240326,2064,0.7010483768826672,7,0.0451282375192899,0.1056434700849953,0.2114818884325957,0.0,-1.1010492206852074,-0.4000008438025393,0.2717613997264302,0.2101939281084672,102.26021734197876,96.28252279649048,136.80676823944407,2.859827260947266,-0.1362652168857077,-0.0230069715923273,0.0277499977418255,-0.2701995128204214,0.9779420839457464,-0.0107726439925244,0.0,-0.0288852375793009,2025-04-02,41.0,5,-0.305083576863576,-0.1740362825641833,True,True,True,1.0,0.0,0.0,0.0100661071160643,-0.1013397348837993
PHM,Falling Wedge,bullish,1,0.6261309901365316,5,78,2444,2445,2026-06-09,2026,0,121.8440646601703,120.30945738319816,144.23543508607543,106.1239087288144,0.9144694272524424,0.0127554999444829,True,0.0216933792969205,-0.001404864129155,-0.0974875858016418,0.0340828099759553,-0.0030773048050675,0.0622422086952685,0.0649743831694573,-0.0908473387093938,-0.0424902338888056,-0.0569395920350292,0.0716524052731333,0.0194820807652518,0.0029202589844465,-0.0187022499512683,-0.0219270628017249,-0.0075437699380797,0.0054944513064263,0.0579844435186056,-0.041666790434513,-0.0033088129331362,-0.0419222579229957,-0.0439527769085905,0.0292450160190055,0.1113659554496087,0.108994811956222,-0.0513350858979577,0.0579818248803847,0.0252825883910101,0.0069748682447337,0.0210253216279394,0.0314516177592298,0.0500575969754348,0.0104515083030924,-0.0297341798179171,-0.0018161841295207,0.0487671073548723,-0.0011143453324584,-0.0304747842760247,0.0051585662925979,0.1052394240210419,-0.0444496073134738,0.0012462733213525,0.1329018390439438,0.0751295166324916,0.0334492471692142,0.0890562997871093,0.01317653148122,-0.0144439534016649,0.1773237976418062,0.0635109348481022,-0.0344733247148848,-0.0985233411446333,0.1627992122304411,-0.0220712996380412,-0.0290218361718361,0.0482076090370746,0.0252049245404666,-0.0461079978541172,0.0354356997110485,0.1242724646554047,0.130235518237201,0.0053336589515624,0.0537088892398571,0.1756341345636816,0.0270832569128443,0.0419465798464708,-0.0580211439930733,0.00579395944172,-0.0262370533358347,0.0609199577122605,0.0102648190722707,0.0382185839717175,0.1659631989082308,0.2817913911298586,0.0050065571578012,0.1444199728083455,0.2081737936912313,-0.0323974117731182,-0.1181286743201915,-0.0196297829106747,-0.032796302150741,0.1990127537731387,-0.025298199968086,0.1460182874839752,0.0982576806786292,-0.088390191189523,0.0215164863918007,-0.0568329826512752,-0.0173943079709912,0.2012729562652866,-0.0742764298298739,0.0086945887374835,0.018008174055331,-0.0389490162319734,0.2487774085422247,-0.0853992503284396,-0.0609481853341408,0.164230126621738,0.3959879713801657,-0.4494580340107766,0.3873700589135751,0.056926908741711,-0.0503296305265414,0.095611428690336,-0.0359246277462073,0.0423082291000171,0.1043976073192711,0.2614867726297656,0.1273638364996479,-0.061321357796274,0.2123723044717664,0.0629923308384317,-0.119575743413584,0.0536116203954795,-0.0495158146940772,time,2504,60,124.03825378417967,0.018008174055331,0.1472349172577922,0.0352210925165534,0.1395780762983891,1.1411910197919974,0.2729922713698314,1.4243733028908836,2366,0.4287429730725527,5,0.0664456201028069,0.1876071831390251,0.0897332723866424,0.0,-0.768894698377429,-0.3401517253048743,1.0632766953026769,0.1956821736874785,120.30945738319816,106.1239087288144,144.23543508607543,3.1677550414098965,-0.0153213873501321,0.0295999159441926,0.0259116199323394,-0.0290947655585295,0.873999023437499,0.011128968595925,1.0,-0.0030433968576589,2026-06-09,27.0,5,-0.1524109784709103,-0.1103024733680979,True,True,True,0.75,0.0,0.0,0.0106183626188047,-0.4012669337833877
PSA,Falling Wedge,bullish,1,0.6201185420032277,8,77,1567,1568,2022-12-07,2022,0,253.74732132678915,251.1665382833357,302.10352583377244,222.24730594479783,1.0198830409356725,0.0102751865797587,True,0.0155090796342911,0.0047280131924678,0.0365254064681961,0.0018518919455365,-9.453529799952064e-05,-0.0254042064717502,0.0050065148011519,-0.0315300637378284,0.0186222786645504,0.0041712907011044,-0.0220719705539514,0.0026068649463601,-0.0094855379651905,0.0307938231171407,-0.0242256405792389,0.0485891730712646,0.0179183011474786,0.0538836184760858,-0.0310802560371299,-0.0032653491175512,-0.0243286672956619,0.0003261227212125,0.0130686266841021,-0.0403442101918183,-0.0222837295977679,7.087719338549903e-05,0.0401720679227544,0.0015811118672988,0.0636826677636546,-0.0098008745998491,-0.0140095322070392,0.0788819130547986,0.0463127807558958,0.0353019686191755,3.298672702456429e-05,0.115341235642977,0.0232064494749948,0.012456368082466,0.0666918280890476,0.0264138300165617,-0.0321002726862841,-0.0020781762800835,-0.0185673690675712,0.0152986606689466,-0.0819079786209459,-0.0586932373126787,-0.0637206211392941,-0.0503635545118164,0.0641748070442678,0.0508789215978129,0.0763385358864177,-0.0922920525827701,0.0032255562183125,-0.0108467688593814,0.0058118522324539,-0.0219249868117284,0.1280525975571123,-0.0521735750169347,0.0110654700474528,0.0685685636811168,-0.0053259541328869,0.0089259380991928,-0.0028651215822144,-0.0086315856238367,-0.0414786214312251,0.0785952080616929,-0.0819625597153426,-0.0086315856238367,-0.0721958530915778,0.0411183786079585,-0.0008210912311215,-0.0134621462100567,0.0564166157464125,0.1545600596931209,-0.0686198376163224,0.0777869559407575,-0.0141237159966102,0.1193403112434967,-0.0997830991550089,0.0910769647156739,-0.1081083401815351,0.073405344033121,-0.0352072273828428,0.0457655871488671,-0.0821294599156421,0.0188576329915346,0.0096284653838458,0.0543221677721088,0.0873031312475662,0.0968552154410731,-0.0164465861840621,0.0187464766721836,0.0228500928967441,0.0103004486784104,-0.1088426972073589,0.1494651675315135,0.0518687628338661,0.0494037251406356,0.1271056456521342,0.2014698800774483,0.0334563158863543,0.1094609530976435,-0.0111554760615784,0.0611035517548237,0.1280311792367023,-0.0332641271696118,0.1192177186298966,-0.142885001912783,0.0159092376799876,-0.1416281162367165,-0.027651699003458,0.0843590621157261,-0.2603352608958147,0.078169691780433,-0.001312832749748,time,1627,60,259.54547119140625,0.0228500928967441,0.0686222924809087,0.086149991548485,0.1840681597867387,0.5527845840446473,0.6939783781899755,1.535116853772356,1490,0.3593086113553345,5,0.0480304117232095,0.1833995019304841,0.1576186582738781,0.0,-0.9454861877482682,-0.5861775763929354,1.4939672130977912,0.1613986653412302,251.1665382833357,222.24730594479783,302.10352583377244,5.745582205637285,-0.0733142580973617,0.0152559669853384,0.022700139924918,-0.0118712423945404,0.933510631102505,0.005190522633629,0.0,0.0292148815338197,2022-12-07,52.0,9,-0.0972003510197622,-0.0854477417116543,True,False,False,0.5,0.0,0.0,-0.0104555671459704,-0.3768914597908679
PSA,Falling Wedge,bullish,1,0.7295756147464576,3,21,1589,1590,2023-01-10,2023,2,244.1109854037819,233.3720104784929,273.57227060862715,231.6996233081584,1.02734517672277,0.0460165505849239,True,0.0049583182447168,0.0068451114873241,-0.002308150099337,-0.0287081748703801,-0.0088779346193351,0.0262266248381739,0.0124969191280395,-0.0136321527632606,0.0260060227409086,0.0397599183388994,-0.014272798357424,-0.0214971064245974,-0.0499650366966129,0.0247471332319804,-0.0319972842165529,0.0321668358433617,0.0407948292098439,0.0031293997889281,-0.0280741725810907,-0.0071078936563941,0.0034326141857419,0.002965229337166,0.0046940771268138,0.0278510350072063,0.0071490902417195,-0.1639033094331196,0.016663134054615,-0.0342256417941894,0.056949912001464,0.0068749844534068,-0.0670297123651596,0.0056395724896889,0.0397657140220781,0.0261574506742112,-0.0331836475717278,-0.0102167726119732,0.0003067957907771,-0.0262542256414368,0.0077286067828941,0.014385882389464,-0.0441928502408782,0.0555888616822819,0.0222716315544728,-0.0819079786209459,0.0215152828658675,0.0372043504831167,0.0619968054330155,0.015034515953451,0.0521800577373445,-0.0582703324915342,0.0708197058170432,0.0557877667486947,0.0219510281473562,-0.0250933198717876,-0.0061820066234846,-0.0492880096708259,0.0172589168093588,0.0819196616360491,0.0174332929637257,0.0758026892551229,0.0264533569379281,-0.0608672659324723,0.1472368994374533,-0.0128446625348985,-0.0997038489187268,0.022468784271034,0.0154846125514656,0.0560404430413392,0.0445674169675062,0.0398426783381082,0.0415508629924519,-0.0658226681121048,-0.1155688892706097,-0.0459364597176216,-0.0054261915600686,0.0208361933955425,-0.0940985925185419,0.1051505485642487,-0.0746798202361775,0.015215235846417,-0.0116006034013214,0.1471910313807696,-0.0458766529340187,-0.0463713280468897,0.0065384380491928,0.0429176086284674,-0.1591525763110606,-0.0547811346969662,0.0079803391060171,0.1261487930865503,0.0001880175897026,0.0522001138960319,0.1043475719764186,0.0571261169598975,-0.022122393215533,0.0378559336621613,0.0220766552449085,0.0286121739388265,-0.1253866891301087,0.1908895280086557,0.0159092376799876,-0.0190865875200536,0.1196256358860734,0.0440690456972006,0.133965485343547,-0.0757371048003692,-0.0518797174637759,0.0193424829248285,-0.2085038588241513,-0.0508095301429002,-0.0247586497727052,0.1445084554706588,0.0354698495169092,0.1139789528051966,0.0879466267109508,target,1646,57,273.57227060862715,0.1206880761884336,0.1223631582894054,0.0177588625029904,2.3737350484064774,2.4066811456317487,0.3492874828608788,2.3737350484064774,1566,0.898693825760028,5,0.0221254440598247,0.0534396725028407,-0.4406242286369973,0.0,-1.29051244477631,-0.3918186190162853,0.0597390624949899,0.1203877349764767,233.3720104784929,231.6996233081584,273.57227060862715,5.852639463809963,-0.0984449167182186,-0.0256393777766112,0.0242473274423064,-0.036035846083026,0.5129864982693435,0.003627167590251,0.0,-0.0023048235307066,2023-01-10,44.0,10,-0.0588929266418595,-0.073399805990254,False,False,False,0.5555555555555556,1.0,0.1111111111111111,-0.0494890063537585,-1.0718305518511562
PSA,Falling Wedge,bullish,1,0.7239534151060492,5,39,1758,1759,2023-09-13,2023,2,242.570130574662,241.73133943341645,264.88365529384566,232.31097017308952,0.9428701779287272,0.0034699313014667,True,-0.0108138173651993,0.0089662783577503,-0.0161384706793621,0.0342479593330533,0.0063605706658931,-0.0059373489307302,0.0124969191280395,-0.0118898196110361,-0.0130242429790699,-0.0090052880134769,0.0255429244285854,0.0060582158880209,-0.0282694940623624,-0.0193804435827281,0.0124007979662579,0.0106962839639157,0.0302479146532874,0.0946463659907237,0.0021385929536026,0.0209024990480939,-0.0701608153472532,0.0394875572005155,-0.0168848512658978,-0.031965946119196,0.0159490294256164,-0.0365051609171858,0.0139832175692318,-0.0058453666070157,0.0110861408301667,0.0313557562719424,0.0693610857285393,0.0209644454816673,0.0032863078517864,-0.0154374472914141,-0.0123573747713127,0.0165371017536284,-0.035730434627582,0.0017645342944592,-0.0115199422982309,-0.1147702896421866,-0.0301755541249915,-0.0107202543847768,0.0466853743683866,-0.0265157679816973,-0.0678888094898708,-0.0243438242198732,0.0074890452860474,0.0324537661657756,-0.0510176021504205,0.0059153109063787,-0.0470242920754188,0.0453942093419115,0.01239468333906,-0.0116730616985706,0.0171751589141266,0.019172037872438,0.0309637424168385,0.0820239392778823,-0.0161085481974673,0.1440932848741871,0.1180791546636692,0.0729659407111196,0.0828816764663085,0.0978414199076358,0.0453773133441353,0.003017044673226,-0.2830368448418294,0.0774921194414233,-0.0148072890732842,-0.0841706406153687,-0.0612840726845362,0.1195343954052279,-0.0408404061243664,-0.0059875134755592,0.0891072229703666,0.1064901571378129,-0.0234840660012229,-0.08253933026483,0.0655119672207642,0.0756573456664793,0.1875404957334845,0.0689882956804006,0.008190183506566,-0.035798123504433,0.0126440703656272,0.1118276588226376,0.0274196796652761,-0.0115176599193955,-0.0235724250142084,0.0286952767089914,0.1189614929694569,-0.1240120764928225,-0.0023379819760706,-0.0263349565207787,-0.0176330725307836,0.0821197727085498,-0.0155803307455149,-0.0981720177269168,0.1781018651909651,0.0002530503512288,-0.1456161298570698,0.0383691615070402,0.0678199237609202,-0.0492577964073301,-0.1526939692105519,0.0713080796385801,0.0956301936367618,0.1085718587698483,0.1292828137109878,0.2253043198253346,0.1814365569842058,0.0378559336621613,-0.0530220845551769,0.155125610278475,-0.0442981689256563,stop,1766,8,232.31097017308952,-0.0422935848583991,0.0141746246354422,0.0469076186253904,-1.0,0.3351483371035943,1.1090953576633242,2.174985461360333,1717,0.5202494873007825,6,0.0494187163734095,0.0564775930181227,-0.28592400720335,0.0,-0.9900236150628768,-0.4697741277620924,0.7742966511435404,0.081933696178186,241.73133943341645,232.31097017308952,264.88365529384566,3.588909101832696,-0.041326881167558,-0.0292907334004303,0.0148899996333068,-0.0339661124129013,0.6521718152539734,-0.0006974166605718,1.0,0.0081736221858137,2023-09-13,44.0,10,-0.0369098650877072,-0.0460540704220022,False,False,False,0.5555555555555556,3.0,0.3333333333333333,2.707588704788612e-05,0.0614516788743391
PSA,Falling Wedge,bullish,1,0.7228148631190597,3,73,2338,2339,2026-01-06,2026,0,263.3433780713138,252.32568904453183,319.0409335106437,247.04666506220428,1.117895466649859,0.043664555394665,True,0.0316312119967037,0.0293485865414395,-0.0068927923903636,0.0148311330284185,-0.0029503660094449,0.0239132363571299,-0.01052872578388,-0.0427174772774207,-0.0296326745246674,-0.0265161690067062,-0.1178819577851684,-0.0092855220655957,0.007107912282467,0.0310893336070761,0.0091187051757906,0.0035675948803821,0.0148335833660067,-0.0102647310141263,0.0071662254431297,-0.0005903543464101,0.0103209826730068,0.0493506312406328,0.0359292836041908,0.0643317901390507,0.0741412060474177,-0.0725485012869829,-0.1271516877984668,0.060024800812624,-0.0534855122332434,0.0163034574690388,0.0053233722860561,0.0372871665848297,0.0675709515331521,-0.0609003141388522,0.006695071620532,0.0160869543755892,0.1090437402080157,-0.1101923740557623,-0.0228004959684446,0.0571758001093616,0.0313557562719424,0.0237292346934212,0.072532908871493,0.0528835492295067,0.0106102860029333,0.0583545819097135,0.0635944131408838,0.0722625184864819,0.0035701498649631,-0.0185474292241811,-0.0306612056226671,-0.0351672720908825,0.0298138447591478,0.0645397094745769,-0.0135908570419918,0.0607846283669613,0.0635944131408838,-0.0071227257304353,0.0801816034570068,0.0608222558737228,-0.0763360766930814,-0.0924844159506768,0.158577183428245,0.0221392737110821,-0.0817277622327549,-0.0124821208540594,-0.0107749943263969,0.0874865486081188,0.0509636755950048,0.1315759833212533,0.147294241030202,0.1184137206812734,-0.0854207290607138,0.0116619346995827,0.0520003308975587,0.0470501248530121,0.0536496380327824,0.0648657819549778,0.0957095072115625,0.1935066370414038,0.0393367947587126,-0.0893131506910814,0.1568139874472107,-0.0044411928651231,0.0580031189509853,-0.0230468499553653,0.040263451610359,0.068534133462333,-0.0207283815577991,0.1011745294534234,-0.0766626964189207,0.0915074487959446,0.0440690456972006,0.0940103981662674,-0.06883994888869,-0.0167637958077921,0.0909106338366589,0.0528155860085164,0.1063870501505257,-0.0975374568260072,0.0216443563340371,0.0368122008392346,0.0169028081861568,0.2212422542137688,0.0192356324142013,-0.0519074709819719,0.115415527410841,0.0080231273220703,-0.0029221198243644,0.0537547577121939,0.1522304418021163,0.0308117639073648,0.0212884426502433,0.2432732725228723,-0.0035698074518982,time,2398,60,274.9486694335937,0.0440690456972006,0.1534008742539446,0.0295667782757699,0.7121246692994344,2.478849839384512,0.4777782651921561,3.4177171438311658,2265,0.7885933451756676,7,0.0686472789708893,-0.0258896613483746,0.1956414735109506,0.0,-1.1136300104129628,-0.325036665237302,0.1117419822656937,0.1955721688317772,252.32568904453183,247.04666506220428,319.0409335106437,4.517924050720053,-0.0408164580481316,0.0013051309372917,0.0172150419254265,-0.0504926597887149,0.8614228271380028,-0.0079724092589044,1.0,0.0119066231533668,2026-01-06,17.0,15,0.017976392457546,0.0092776502035043,False,True,False,0.1428571428571428,0.0,0.0,-0.0128640569232368,-0.1361828606296282
QCOM,Falling Wedge,bullish,1,0.6404179636134985,3,28,1274,1275,2021-10-08,2021,2,113.07300817959212,114.2713753105221,135.93757357398954,111.77208434301122,1.1745286337656462,-0.0104870281614579,True,0.0328414647689638,0.0129172902234557,0.0088935774844605,0.0409961710314041,0.0034861187804096,0.0723718330574454,-0.0273827200514845,0.0497469873984648,0.0016034314677237,0.1180049102651785,-0.0248720036158731,-0.0164166707211019,-0.033285560284713,0.0257702746812631,-0.006102264644088,0.0270937552102579,-0.0326010835938616,-0.0162570670422346,0.040884328951499,-0.0421209849752773,0.184771498159616,-0.0277012127938667,0.0154972988307027,0.0441060433638362,0.0075976021261336,0.1411259320122366,0.0457816662821313,-0.0214359545884084,-0.08067093137133,0.0171750297464183,0.022337422160062,-0.1133555189630493,-0.0743021319624667,-0.0781121092096303,-0.0568712087778592,-0.0323253998249045,-0.0517741571001765,0.0157552684142743,0.034873418116373,-0.029131245921845,-0.1118904784978306,0.0312220487241852,0.0207703374973522,0.0081159167549837,0.1085714619171422,0.0543130750934533,0.2932727272863993,0.2215139804409513,-0.0264409942250142,-0.0379725668262742,-0.0017262932613697,0.1055925422562231,-0.0907992548224686,0.0189130154079979,0.0377450419263958,-0.003366810128629,0.0736901147565238,-0.0868256376223929,-0.0721396740274405,0.0211681306146092,0.1381199379359341,-0.0214779909649226,-0.1010183579366954,-0.1277905494290383,0.0397221738817121,0.1222183040744708,0.0418638787010294,-0.0712055554846932,0.2953592545451014,0.3970591508030987,0.3475806752257864,0.1168373899707593,-0.1841435416753722,0.075977519820791,-0.0885665745102667,-0.0754930972311673,0.193961427199784,-0.040055254424863,0.0052766558249406,-0.1089425448775313,-0.043447224183246,-0.1469806302267732,-0.0761375042792436,0.0612013142045104,0.1334398531319161,-0.0358194808780487,-0.0362620210998924,-0.2079621101734066,0.0252795170188608,0.0563205536817559,-0.2468887994866473,0.4281793784127557,0.49085940991511,0.3946296952634898,-0.1081207204483982,0.0157519263102481,-0.0047509670787526,0.2444473798446675,0.0712637188931026,0.2381171779629534,-0.1475899265805644,0.3522109460350235,0.2878877101667711,0.0862292438197254,0.3369980237524141,0.215026383534342,-0.0276346366397424,0.1114989099798453,-0.1571837785919728,0.1342603516676435,-0.134871239290902,0.0917799172685833,-0.2507998399037697,0.0557068146357981,0.4203480401482592,stop,1276,2,111.77208434301122,-0.0115051669494338,0.0092813407980275,0.0308582981143748,-1.0,0.8067106578131228,2.682125192098435,17.575637213697426,1244,0.7186210050201576,5,0.078498374991522,0.0202791045942318,0.1484214436597273,0.0,-2.129652115930068,-1.411031110909903,0.3418557313930169,0.0771733209459334,114.2713753105221,111.77208434301122,135.93757357398954,2.3846798716659072,-0.0905839295524916,-0.0949395088657321,0.021008072360536,-0.070225941905795,0.1428589746466541,0.0058670304426529,1.0,-0.0138677959993955,2021-10-08,31.0,16,-0.0225320264712753,0.0117982656989299,False,False,True,0.3333333333333333,2.0,0.1333333333333333,-0.0743863492968264,-0.8859256798151177
QCOM,Falling Wedge,bullish,1,0.7619889092060957,8,62,1420,1421,2022-05-09,2022,7,126.12534932043124,130.43971185814553,175.89329209995788,116.38916897977424,2.660503228664348,-0.0330755295013699,True,-0.0400714825971498,-0.0291936161047648,-0.0234690780799116,-0.0268759183988342,-0.0473429158076986,-0.1198216182900997,0.0224630647997492,-0.0145229454427807,0.0079145043815891,0.031880726559023,-0.0795955165991526,-0.0568147679395049,0.0012917735029933,-0.0497878469507087,0.050119685652618,-0.0165327434008232,0.052591267808927,-0.0526647738671502,-0.0117653790533547,-0.0152469694783637,-0.1041272241655543,0.0840977846266211,-0.021661038090029,-0.0529029242135433,-0.0341880435989292,0.3137757118690094,0.068267865446296,0.0600431093341318,-0.0241428847020256,0.0086241280769194,0.0120485983294982,0.0531710881103384,-0.0264766037773176,-0.0114152438015646,-0.0243888371810226,-0.0743021319624667,-0.0248100132866091,-0.0692936875694073,-0.024704348177261,-0.0112504785305893,0.074221326729599,-0.0247513590018746,0.0054311659547943,-0.0150917850767349,-0.0569620055524134,-0.0633026049751083,0.0224870201559295,-0.0053257792510676,0.0550581412967996,0.0921541597828579,0.1198556603045677,-0.0160270014004718,0.0400652066132041,0.0780676182876283,-0.074065110028178,0.0306189662113693,0.037312588998519,0.0499997307820239,0.1236090965836373,-0.0227573834216207,0.0478788338712621,-0.0643833212702084,0.5760639936079799,-0.0079704738186693,0.0240224511776292,0.0005240162857176,-0.0867531645378613,-0.0192448547335571,-0.0267144375737019,-0.0314872655165769,0.0026784617814211,-0.021015082298199,-0.0491481680616456,0.0584792813672772,-0.0879935509063134,0.1035699881788785,0.0882469524343989,0.1219520294719638,0.0032188907363754,-0.031293142904932,0.2987814790960708,0.6687141675180677,0.088645855800518,-0.1648489542995643,-0.0582621961761734,-0.0034824157534731,0.1539609455893245,0.0347587027887452,0.0056636268369372,0.061817587087563,0.2963249165390291,-0.1098918111688194,0.0882076070727035,0.0598529209169524,-0.0732176252030003,-0.2026543282820125,-0.2480072216410603,-0.222268429641781,0.2127007332614112,-0.2750766217137108,0.1318549285648953,0.0234390791980179,-0.0185534239877984,-0.2243314595946329,-0.1426654805883206,-0.0262316369785352,0.2574851261203197,-0.1060777559894586,-0.054403923222001,0.0263388381999805,-0.0444699252997347,0.1200794136461671,-0.0719418702545208,-0.0364223071381573,0.1369288015999002,stop,1423,3,116.38916897977424,-0.0771944767100027,0.0021505595108087,0.0837274619425361,-1.0,0.0278589816585938,1.084630215929513,5.111649644748495,1351,0.5945328800923475,5,0.0751874069981593,0.2420489091436668,-0.0542721097059324,0.0,-1.2595107649125872,-0.6649778848202402,0.6548638446861259,0.2364078898842463,130.43971185814553,116.38916897977424,175.89329209995788,6.525845602275328,-0.1280341206011607,-0.0877875991473912,0.0534973625684063,-0.1658284819066559,0.1421487895120407,-0.0184239525366398,0.0,-0.1103735764170884,2022-05-09,29.0,15,-0.2247849070363171,-0.1562532569733589,True,False,False,0.9285714285714286,3.0,0.2142857142857142,0.0543380494398122,0.6285427841659247
QCOM,Falling Wedge,bullish,1,0.6948535063150167,3,39,1523,1524,2022-10-05,2022,1,113.800156853307,109.50758011513584,144.91932393344723,102.59633672951576,0.8357657156240792,0.0391989005113431,True,-0.1274597314537776,-0.0767169301039474,-0.0463066896380883,0.0054120640541546,0.0734588689697097,0.0076451165760575,-0.0390589142966445,-0.0174147894585829,0.0271906688470557,0.0066673344610685,-0.0301044143752386,0.0025118300439983,0.0091551700862608,0.2309723324644979,-0.0040578075512353,-0.0234791603216732,-0.0134954111905311,0.0164385098066144,-0.009343686362025,-0.0247723153591316,-0.0058669009919152,0.0612109614872631,-0.1387978698163584,-0.093647213268878,-0.0746920464002852,0.078918833918602,0.0116685126148312,0.0164580947013071,0.0378134134335224,-0.074965006247854,-0.0261124411972129,0.0215238475773595,0.043910504689429,0.0291184956250167,-0.0701987054543132,0.0422865391149909,0.0077120858019197,-0.076598654582035,-0.0047260651992868,-0.0125589352531462,-0.0352727328459423,-0.0051229513998941,0.0989512664248326,-0.0668571068526847,0.0094695564457745,-0.0949181408346388,-0.0964581518717008,-0.0944617847533606,-0.0346390400187085,0.0313259968324919,0.0565388883689486,0.1787670820715903,0.0384153692913178,0.077496907800199,0.1026709127805665,-0.0943270523113293,0.0550581412967996,-0.0680566455534528,-0.0085885116111011,-0.1072955188457013,-0.0269082063759747,0.1503972382999867,-0.0528726824558304,-0.0944428849440276,0.1800790307428428,0.0688116001907781,-0.1662364805391365,0.0479452592814997,-0.1131651220867887,0.0249661093742483,-0.0595876145257927,0.2082132595669996,0.0594013046135304,0.0015376576655274,0.1624288560044122,-0.0499915642596061,0.0706403130290662,-0.1196514221558268,0.0980584297907309,-0.127371954733066,0.041871442586693,0.2987814790960708,-0.1474519689389982,0.0103931900830955,0.2509562119466852,0.0359731044555118,0.1448956306341502,0.0273114642328315,0.1016358681758737,-0.004307901119139,-0.0697233401394231,-0.0247138936525076,-0.1113889502488583,-0.1341942601274084,-0.075858254621184,0.3897869281926953,0.4567745428171963,-0.2610235415931096,0.1648709794603073,-0.0715840092381975,-0.074385776801311,0.2861605039304009,-0.050002716334371,-0.0252166714057469,-0.1225682391590764,0.1963225824897072,-0.3185128380296138,-0.1585734968063885,0.1669400199910911,-0.120834841903526,0.147515777204346,0.067265926722285,-0.0044486477868068,0.429312301891732,-0.1624859766998798,stop,1527,4,102.59633672951576,-0.0984517107321162,0.0216849803382704,0.1273792499862844,-1.0,0.2202600663514579,1.293824648033583,2.7775496871873995,1483,0.55994413630831,7,0.1207370677436855,0.0876132202782857,0.2675839877251287,0.0,-1.9919944762708195,-1.4320503399625106,0.6943082125527991,0.1302094840787918,109.50758011513584,102.59633672951576,144.91932393344723,3.685309088878373,-0.14878127332581,-0.0748452114096672,0.032285508694559,-0.1320506677186185,0.8667995364724519,-0.0121760866249148,0.0,-0.0481195952187228,2022-10-05,29.0,15,-0.1314709368745337,-0.1113282591747156,True,True,False,0.5714285714285714,7.0,0.5,-0.0145366706953383,-0.3167399513542331
QCOM,Falling Wedge,bullish,1,0.6781875953020006,5,59,1769,1770,2023-09-28,2023,0,104.99436359328284,102.6465722470342,132.08190538572308,96.89841625711944,0.5703593711973984,0.0228725742599404,True,-0.0185913783297712,-0.0019813464815338,0.0177922306896829,-0.0203628290430127,0.0708862688683484,-0.0020361373876697,-0.0219496212949394,0.0736285234922353,-0.0206739765531779,-0.0005221576357391,-0.0203605585689999,-0.0837349647638391,-0.007336023993352,-0.0143826190279627,0.0278476924626616,-0.0134954111905311,0.0246666290872954,0.000460177146565,-0.0181200701527407,-0.0436181146351856,-0.0365012597364937,-0.0259161352574144,-0.0129049604550577,-0.0037541706184421,-0.0083639178840803,0.0054574215313698,0.0292075470146915,0.0106750212547079,0.0184441205241092,0.0802702741876724,-0.124864083495399,-0.017909485130983,0.0143201189265049,-0.0755037317058625,0.0274839671993396,0.1074624253340921,0.1113744925125901,-0.0263253400321914,-0.0248100132866091,0.064284115619047,-0.053675715254743,0.1308039799536888,0.0232686195157858,0.0025647786026583,-0.0247081715585693,-0.0176451877040372,-0.0559527850503983,-0.0116594264598439,-0.0749326593282625,0.022996304503944,-0.0003776152614309,-0.0060975507516451,0.1571822801164522,0.0725798827445542,-0.0136810795204644,-0.0163358196962236,-0.0173122447373472,-0.1148488073557256,-0.0248540101361733,-0.1190967641273339,-0.0220233062504769,-0.0434663455167357,-0.0232926313867193,-0.1132028605854145,-0.0657922206988275,-0.0015365685456599,-0.0353027788769397,0.0794133587142258,-0.0379537132155881,0.1418483602714866,0.0871077468043546,-0.027924686738221,-0.0504952207098374,0.0546269965004362,0.005820129609531,-0.1154576268621956,0.3539290297041653,0.1723309098016165,0.2333551711532036,-0.0004585743104353,-0.191052365245943,0.0980584297907309,-0.0446025374846897,0.0802855755081501,0.0947122972656568,-0.0179418522747933,0.0778032502829417,-0.0974290820463053,0.1109640075426128,0.041871442586693,-0.1348398903910302,0.1096705900873722,0.2906915232893281,0.1889929156506382,0.27141729026644,0.0100183140426104,0.1028795803394522,0.0645083219518154,0.1200794136461671,0.1561272619208038,0.2625494240568404,0.2355900770704606,-0.0120331394610165,-0.0341727908309915,0.1738828806165464,0.2431122567484047,-0.3640213116670189,-0.257809487279841,-0.0164456833173387,-0.1113889502488583,0.1669400199910911,-0.0158934439692024,-0.2196393363591752,0.0464126763272871,0.2495858545971042,target,1823,54,132.08190538572308,0.2579904374426172,0.2841250625391077,0.0674830041369096,3.345814969848454,3.684748539425677,0.8751705981421777,3.345814969848454,1710,0.6615363510371528,6,0.0485622895206228,-0.0113324010324904,-0.1611766419723616,0.0,-0.9520713614297586,-0.2905350103926042,0.2810446860403086,0.2440284195870919,102.6465722470342,96.89841625711944,132.08190538572308,2.568684021401665,-0.0481625791868031,-0.0315722299055972,0.0246367322092214,-0.0993390040468816,0.7032951677766073,0.0052203724951682,1.0,-0.046514430801161,2023-09-28,29.0,17,0.0856845022046615,0.0572281337101912,False,False,True,0.1875,2.0,0.125,0.0420864441000793,1.2354628852759035
QCOM,Falling Wedge,bullish,1,0.6155171287739577,3,25,2136,2137,2025-03-18,2025,2,151.4618522670147,151.14016403017467,178.84275209566383,143.30644162973476,0.6399623934405482,0.0021284100020946,True,0.0237806971339589,-0.0017352103588441,-0.087395290360362,0.0236524352242093,0.0346962684853333,0.0023835375928638,-0.0218040075746078,0.0114717064125049,-0.0550206240445095,0.0137712577960504,0.0378049130523723,0.1017272168197385,0.0075965830950737,0.0052557038360685,-0.095483962393515,0.0459849155973055,-0.0107378032185198,-0.0332994528591809,0.0150874856300837,0.007659047146026,0.0260819928164663,0.0464734937918613,0.0199854262916957,-0.0216070464850139,-0.0213005439306026,0.0280419061168264,-0.0389280893168797,0.0314203136895914,0.005844449641092,0.282300496785689,0.1076063005960654,-0.1014765688841174,0.0114389849931426,-0.011531833111966,0.0981685704557486,0.0531710881103384,-0.0218703038956536,-0.0486963777140863,0.1040188489504994,0.0730913260710921,-0.0063194135345555,-0.1419581155485297,0.0289400000245543,-0.0489345074795226,-0.0435290059979178,-0.0396469499825845,-0.1139806270202191,-0.072044752073995,0.0478788338712621,-0.0496658270751372,-0.1057079483610948,0.1751531440296656,-0.1897536799011264,0.0363433208865859,-0.0220233062504769,0.0650968335359574,-0.0402692208818876,0.0925632728524576,0.0595187952044549,0.0735206617062715,-0.1425414185996029,-0.0712055554846932,-0.1899587482264799,-0.0929427789977731,-0.011058361669667,0.0065454147617756,0.0636846287522756,-0.0359407904247447,-0.0974424905066202,-0.0220545488758875,-0.0691871328318348,0.0976558261910021,0.0049542187630444,-0.1779579542650126,0.0278390138857793,-0.22708961035683,-0.0499915642596061,-0.1400821606328173,-0.0643277039391777,-0.1150613567007898,0.1827150758078386,0.1341842619088464,-0.1454521278254021,-0.1617645149872825,-0.0734325777757937,0.0451807522721177,-0.2546266629360822,-0.1523869926682324,-0.1378131893328148,0.1089807784324685,0.2613776133108636,0.0198003948795065,0.0206054651763829,-0.0553255292944367,0.0999565613619408,0.1358516640224591,-0.0616097715055385,0.0216469384981989,0.3941780878668846,0.4258213746399972,0.0594874430747349,0.0784160124935626,0.0424274777521005,0.0031408150365339,-0.1927382534794983,-0.0590484156936929,0.021967544450423,0.2741992062890188,-0.0413048086455075,-0.1772994051552305,-0.2091469056558844,0.4192600318599884,0.226627642316604,0.0005124167508867,-0.0525118176375161,stop,2145,9,143.30644162973476,-0.0538446514103275,0.032219024140603,0.0546569070102726,-1.0,0.5983700014152818,1.0150851677681996,3.357390700044681,2109,0.5889008029842933,5,0.1202031953680297,0.1022002824162129,0.073682420280094,0.0,-1.3123273535684885,-0.7234265505841969,0.6301556987783624,0.1242777172878858,151.14016403017467,143.30644162973476,178.84275209566383,5.396916262449939,-0.085092028247904,-0.0439820799842504,0.0356641012063661,-0.0582800172935876,0.0971116415423815,-1.2081200706504092e-08,0.0,-0.0825360676896018,2025-03-18,18.0,13,-0.1659800041247711,-0.1416022391839104,True,False,False,0.75,1.0,0.0833333333333333,-0.024968462760961,-0.598230197030681
QCOM,Falling Wedge,bullish,1,0.8701462035283046,3,37,2484,2485,2026-08-06,2026,2,162.18730530628412,151.8114529823497,248.82514295453169,144.05444493188045,1.2316549211963808,0.0683469667149603,False,0.0105475235981846,0.0016502379534706,-0.0140746712179392,-0.0185448698851036,0.0398906941296322,-0.0141080286670987,-0.0326010835938616,0.0109629162367577,0.1024532376743012,0.1026498780885394,-0.0211473120938199,-9.369272912729264e-05,-0.0323280186158536,0.0376163837403966,0.0066107074658448,0.0459304717658193,-0.0905479445358836,-0.0519752478685955,-0.0364375475278173,0.0200960927828841,-0.0810624129320348,-0.0277298288261557,0.0132695374286404,-0.0142884286624941,-0.0033677732553472,-0.0311722809819543,-0.0382861150090355,0.0175425251852978,-0.1024356863095208,-0.0171368999561166,0.0131655156921421,-0.0184155964960119,0.0999259887132786,0.0570204157395199,0.0265075585649072,0.035492998629667,-0.0728508173950728,-0.0909456878400662,0.0131655156921421,0.0245877540503955,0.0394318168029272,-0.0808409120581258,0.0117396354183927,-0.0194440097651722,-0.1067717925712555,-0.002302424967811,0.0393538939800568,0.0365654276310074,0.0520929125936375,0.0551949558908477,0.4770909925143105,0.1403961884646571,-0.098807412990072,-0.0146665587106449,0.0235176117828719,0.0283113666570713,0.0592150975402678,0.1767484772536911,-0.012775171542435,0.0345122516848117,0.1015488870870773,-0.0382014852244871,-0.0037544745889845,0.1085099969182965,0.0582741121621037,-0.0673175882542463,-0.0347935312784871,0.1147431766606204,-0.0186380962509885,,,,,,,,,,,,,,,,,,,,,,,,,,,,,,,,,,,,,,,,,,,,,,,time,2512,28,186.65499877929688,0.1508607188879951,0.17936791080379,0.0419453202769924,1.3493565255458153,1.604335858271413,0.3751751420055905,4.777946548937494,2445,0.8439629839044753,7,0.0823496086454714,0.3954782699442294,-0.411051448643896,0.0,-1.6134745511896322,-0.7695115672851602,0.1528621415025284,0.307638750183472,151.8114529823497,144.05444493188045,248.82514295453169,7.586565864792708,-0.0442511376072609,-0.1689123096832567,0.047558174720059,0.0881589776422206,0.7005412938121314,-0.0133942224576071,1.0,0.022415526058465,2026-08-06,26.0,18,0.5785340183999539,0.2710566682106345,False,True,False,0.0588235294117647,0.0,0.0,-0.1279363895638656,-0.8801581151850796
DGX,Falling Wedge,bullish,1,0.6060090197830291,3,24,580,581,2019-01-08,2019,2,72.49598230694399,69.1502115370742,82.68594437633686,67.22131393504418,1.0662747837818305,0.0483841002868947,True,0.0100732118476347,-0.0007591847050651,0.009946710914191,-0.0207811999283169,0.0012127119189986,-0.022928991738538,-0.0005368168061098,0.0107570050128242,0.0111291633070158,-0.0324074038251279,0.0270092737828258,-0.0058294185754751,0.012455788767375,0.0066826340672521,0.0260325406754431,-0.0446274547645842,0.0132593177885027,0.0044081151226895,0.0240129537771032,-0.0012061506346588,0.0083682855288165,-0.0270346174750123,0.010077089501874,0.025278859009838,0.0025657462879575,-0.0341457757086284,-0.0725341454542903,-0.0186879853371291,0.0014802510115128,0.0140233469445401,-0.0457865318261438,-0.0085014440309783,0.0716190795043869,-0.0129774293047316,-0.113158328893814,0.0176731346011442,-0.0442990806891356,0.056941849492432,-0.0136385163715523,-0.02146338897083,0.0312721852267043,0.0667413779202152,-0.0934021554341877,0.0073297775451022,-0.0001968432055249,0.0358643901588834,0.0413153669715982,-0.017622476435763,0.1015680102980671,0.0159157915952286,-0.2093397843310805,0.0052438660027465,0.0145165532059483,0.0566076678270264,0.1424136597245691,-0.0333629292908463,-0.0250248732295168,0.1074336763798688,-0.0286402265992239,0.0147965417251727,0.0145328437686371,-0.0274523899602293,0.0754221180049625,-0.019226545844327,-0.0313257931469,0.0451896855871361,-0.0253004711776771,-0.0105082352833667,0.0321424087087884,-0.0113086935291855,-0.0790599715150173,-0.0483305174233544,0.0079455860411981,0.2077641051905354,-0.0602187662997087,0.1223674900041922,0.0193902260638674,-0.0404364395111215,0.107819070319195,-0.0602253902396081,0.1759363280065411,0.0554749067613902,0.1010447364630231,0.0245489230011293,0.0809721593512502,0.0861880625335795,0.0669154522787034,0.0265847491617661,-0.007223671626054,-0.1207247528332416,-0.0476268911664662,-0.0462169618330263,0.0812286779637696,-0.0386849963163746,0.1150997490418568,0.0767903897284536,0.0575143421319352,0.1561809570144028,0.0388141006965374,0.0193620671736212,0.0955779701892483,0.0078964660127629,0.0996024188669131,-0.0913119693018028,0.0362701320296372,0.0223466937870426,0.1061770123517442,0.0222840591929227,-0.0136711387753212,-0.0533995755288716,0.0095439967889514,0.1045717882020185,-0.0814534337450999,0.0484320012186134,0.0423972766099913,time,640,60,78.38473510742188,0.0812286779637696,0.0872872707758226,0.0189113530304046,1.1164214288521996,1.1996918083982373,0.2599210069767448,1.9318678163121563,554,0.7581017808208956,6,0.1313902466812118,0.0548481915666854,-0.3296665620197948,0.0416666666666666,-1.4050931464410958,-0.6469913656201945,0.2641222558475154,0.1112899194567197,69.1502115370742,67.22131393504418,82.68594437633686,2.03866995527189,-0.1697911617832611,-0.0602455830274258,0.0282813981676586,-0.2359998602727204,1.0,0.0076230837647217,0.0,-0.0201105902808966,2019-01-08,29.0,7,-0.0926428502315255,-0.0908266830952978,True,False,False,0.5,2.0,0.3333333333333333,0.0251113643318108,0.9397168691847134
DGX,Falling Wedge,bullish,1,0.6830251541601821,3,28,1123,1124,2021-03-05,2021,0,105.93007282808462,104.9230462922992,124.24009798941734,98.6134292801882,1.0501626433829825,0.0095977630403523,True,0.0341111049590621,0.0096735566754664,-0.0125225060011099,0.0374189450239679,0.0183211282398634,-0.0089837714406963,0.04613209666387,-0.0225475622145203,-0.033878360637147,-0.0182743946603701,0.0090476069800364,-0.0127306337688917,-0.0240029171293868,-0.0010938039590473,0.0337668859889352,0.0817366354599613,0.0041576125675659,0.0249038892220734,-0.0469001970898305,0.0125049619573598,-0.0271135254466499,-0.0003762149464698,0.0311328112185864,0.0630462462433465,0.047199297395547,0.0019090009844109,0.0378171659185331,-0.0282153014123532,-0.0207081356769831,0.0551925611916677,0.005526218323377,0.0054431783222024,0.0371994377710158,-0.0501046777436008,-0.0115558321535125,0.0047194949365674,-0.009648283938479,0.0062850391882454,0.0252273794003494,0.0170658704051687,0.0347181622200587,-0.0535118401367195,0.02610985309347,0.0041208673584074,0.0522007065969301,0.0560567030109087,0.1042004382149637,0.044326912904586,0.0284870077788899,0.030045587375137,-0.0040369031509602,0.0584351850743585,-0.084095674951055,0.0969667224620516,0.0026924902047147,0.011123509863518,0.1085822087194763,0.0760923034205562,0.0337907727041832,-0.0237235438133091,0.0671365757332,-0.0491000996171905,0.0836350274756094,-0.0125051637737743,0.0499855523649643,-0.1285946853968043,0.0566076678270264,0.021982773234545,0.0830250725382068,0.1314833013947529,0.0407285435422755,0.0437462972416069,0.1797429983692602,0.0246522966935374,-0.0686906761281181,5.0715651789490224e-05,-0.021844380158794,0.0083298695364584,-0.0667241148227517,-0.0085707525384393,0.0413936814564011,0.1404428063908478,0.0507420784227639,0.0006451566091305,-0.0399247722935481,0.1679385518942486,0.0628163923175497,-0.2107688147306919,-0.0424826791250106,-0.0619662620727861,0.037188913875185,0.119647436065321,0.0851021170882062,-0.0094869379334503,-0.1080066485705,-0.039050418402824,-0.0092520628489374,0.0224899519522188,0.0571567838025781,0.08649391608775,-0.0206586677392837,0.1705084125716687,0.12093968772021,-0.1974085409193634,-0.0296390215749047,-0.114613559255701,-0.1113910599701865,0.1461980252370309,0.1070566334225291,0.1169431172315469,0.1043969266173467,0.1808235707266636,0.0262685844021097,0.0580639578875379,0.0567361376693317,target,1166,43,124.24009798941734,0.172850113971396,0.180763667849106,0.0100975066794945,2.50251704097256,2.617089157696189,0.1461912980916582,2.50251704097256,1095,0.4695394096413251,6,0.0401891367736634,0.0376522555374894,-0.0571662283335748,0.0,-1.2959979220832176,-0.8264585124418878,0.9015595379718612,0.118474005744708,104.9230462922992,98.6134292801882,124.24009798941734,3.054180039015906,-0.0076901571748551,-0.0338086093191983,0.0288051553488428,0.0757891446541874,0.8599219248638221,0.0051157997343762,1.0,-0.0066292233895777,2021-03-05,29.0,2,,,False,False,False,,,,,
DGX,Falling Wedge,bullish,1,0.7042998171489178,3,22,1190,1191,2021-06-10,2021,0,116.03775090921424,114.92848824014754,128.7489019996833,112.58768502566409,0.8226028761826543,0.0096517642061804,True,-0.003035451132394,0.0022215294225177,-0.0555432424112926,-0.0156062286866063,-0.0080350075786604,0.0053184248343061,-0.0005391784470866,0.0211627602347519,-0.0431135416441059,0.0250237471899312,0.0159654011643544,-0.0312434161009571,0.0068056935221556,0.0023438227988912,0.0287240717474674,0.0264976641630727,0.0022015849154279,-0.0084182894040486,0.0134587577449938,-0.0024317893775804,0.0101111651861178,-0.0158632170061588,-0.0018764102746426,0.005526218323377,0.0001262286418555,-0.0187389132008511,0.025873848455155,-0.0184907696062882,0.0976359369449015,0.0149815811573241,-0.1534735915670145,-0.0501046777436008,-0.0670186671832953,0.0277331160747591,0.0036403873432664,0.008733885392977,-0.0344167803996848,-0.033942058949788,0.0906107437588965,0.0456052490902896,0.0365160426744337,-0.0147296274981758,-0.0456854034424935,-0.0190764535208832,0.0066425254000703,0.0104113996643771,0.0559694994476056,0.025925241961525,0.0575223344268582,0.0317792166608479,0.0672407819266736,0.0159936571837004,0.0114255487493428,0.0922386539814072,-0.1273438646916173,-0.0534317278852622,0.0214497394992168,0.0130504192633167,-0.0495282547915499,-0.0592332339572158,0.0265133818723284,-0.1115444017537993,-0.0613555811555638,0.1124424201241685,-0.0309755381029924,0.0456331217291003,-0.0002147532260827,0.0527720727129872,0.0532477998193124,0.1463646518951229,0.0998357181608102,0.0287003927601903,0.1650833547416477,-0.0931164092435562,-0.0128052023922625,0.2066859490696742,0.0598273442494905,0.2229932471333182,0.0405741355949946,0.1055861752107047,-0.0111537464537143,0.0674446541088364,-0.0520474451884793,-0.0176203879445155,0.0359088563877885,0.0043868385040459,-0.0298344876745818,0.3011032148932455,0.1252392705924569,-0.0139203558937669,0.034864411594365,0.0879696613926288,0.2186186013669224,0.1470432121238549,0.0028112812598557,0.1028476957257971,0.0254740697652227,0.1589819565463417,0.1129803514521772,0.0537996432156531,-2.183410109712902e-06,0.2523910645511187,-0.0160986795083927,0.2268722284434967,0.0007296735709347,0.0116147808108091,0.1253206203499346,0.082552075258419,-0.0679203965997521,-0.0366619845230381,0.1406193373078925,-0.2515758615381107,-0.0290294720905873,0.0518684394134882,0.1712398693668649,target,1225,35,128.7489019996833,0.1095432390827191,0.1141473077727177,0.0174345685255476,3.684321262117224,3.839172153042592,0.5863853584428841,3.684321262117224,1168,0.6752335055219965,5,0.056173353457814,0.0979355636793202,-0.1305925119753607,0.0,-1.1123555523629782,-0.4371220468409849,0.2790188232272715,0.0839749116990104,114.92848824014754,112.58768502566409,128.7489019996833,1.8740515399311928,0.0456801159197328,-0.02363468685289,0.0161881583848318,0.0425986588396238,0.5315279400646081,0.0032156693576288,1.0,0.0448928899551455,2021-06-10,29.0,2,,,False,False,False,,,,,
DGX,Falling Wedge,bullish,1,0.7034177305069993,3,33,1518,1519,2022-09-28,2022,0,115.31368723582491,114.53922089247136,132.2384135738993,110.73024268335286,1.0980263337986915,0.006761582079213,True,0.0295848010111823,0.0015595299058199,-0.0447260780927445,-0.0008086520705266,-0.0268270976471549,0.0243354450208521,-0.013803544464316,-0.0291237371826256,0.055499435922266,0.0253347888912947,0.0218239501391854,0.0039363329949819,-0.0111205342642745,-0.0347843647756082,-0.0003235453608259,-0.0276700260665586,0.0335677013663024,0.0167436260424844,-0.0082554315893458,0.0022103504525925,0.0046660577636392,-0.0323855892740797,0.0316703466209054,0.002426851034222,0.0303706563123183,0.0641289413397938,0.0302736367210254,0.0173067679321268,0.0381375965031633,0.0365160426744337,0.0020424318579397,-0.0263085842543645,0.0485005811608769,0.0331519655755314,-0.040362360653315,0.014272928646025,-0.010563433720737,0.0590559790790714,-0.0045189439730862,-0.0333204068276926,0.0592590780808881,-0.0080542500191818,0.0138968905000191,0.035230703036112,-0.0041183355404351,-0.0137995103716877,0.1565101541032036,0.1150445811883305,0.0432173393210786,0.1210874067568525,0.108022493514152,-0.0372996263776005,0.0609693441247993,0.1060234231693193,-0.0757519715656162,0.0217607952595151,0.0311620427078624,0.0624567187204418,0.0486142128406992,-0.0195168974186796,-0.2863445213549161,0.1000229385062154,0.011570527034266,-0.0183849651972706,-0.0038365053807561,-0.0420520424096323,0.0344917221584275,0.0441177725312433,0.1409936437561836,0.1964009982641503,0.0993206184795112,0.0355851226416796,0.0573452030354082,0.073500443198035,0.1337511502386674,0.0655718605959905,-0.0333931231385143,0.0376286796970066,-0.0943840518700047,-0.1248965443078103,-0.032050726331378,0.0412092071175118,0.0945511813449322,-0.1743884077977229,0.0811820610526981,-0.0218995439491831,-0.2107688147306919,-0.0319301596572254,-0.0194540408243237,0.126293466010245,0.0023201897199625,0.1961123406618862,0.2541819391856144,0.2114941233371199,0.1156373024392309,0.0468530987618722,0.1807626340694395,-0.0301172754205668,0.1153761789430927,-0.0510708485559647,0.1250093964242284,-0.0680977772149965,0.1287623522013066,0.1140846535903608,-0.1430328828752803,0.0792158824962432,0.0088022207999729,0.0221086372668106,0.1521630215982177,0.0629067097330238,-0.0607203511137569,-0.0245638122391687,-0.0017385543543511,-0.0171916695766386,0.2164244933369606,target,1537,19,132.2384135738993,0.14677118340221,0.1654554515984572,0.0180346772813045,3.692577960596486,4.162650595783109,0.453729746614638,3.692577960596486,1485,0.627377385326642,6,0.0641871929581203,0.0622055033419739,0.088744553946078,0.0,-1.1682300400802283,-0.5408526547535776,0.4007324767218519,0.1024733422899971,114.53922089247136,110.73024268335286,132.2384135738993,2.531213992578872,-0.0886920307644945,-0.0460869448988701,0.0218787810891417,-0.1060372875860341,0.7852566610587264,0.0094021675494664,0.0,-0.0656885951501525,2022-09-28,35.0,4,-0.0674888888670588,-0.0345157360885736,False,False,True,0.3333333333333333,1.0,0.3333333333333333,-0.0027813060639688,0.2324040768131763
DGX,Falling Wedge,bullish,1,0.6697269909015154,3,42,1616,1617,2023-02-17,2023,0,137.3381247660306,136.3709635079739,149.84332231813653,131.56517279229297,0.8439591215715844,0.0070921348150492,True,-0.0575680335685516,-0.0443443380665969,-0.066242578050613,0.0285041924672697,-0.0089497738452807,0.1079638367912649,-0.0234874957560069,-0.0309208126549649,0.0213268093182672,0.0817366354599613,-0.0175901246698586,-0.0059425577024325,-0.0343423212284109,0.0024025232368167,-0.0317938113049426,0.0550301916645734,-0.0026622126234568,0.0110572389567962,0.0214481620619131,0.0149048220234704,-0.014306583237938,0.0620886708144197,-0.066079274154594,-0.0462176682327745,-0.0497160301277698,0.0167353951129662,-0.0090455598108117,0.0332860707425692,0.1529537107046286,0.1286935652282967,0.0001954802817245,0.012375320992221,0.0494134572568873,0.0154703735445806,-0.0599671034597203,0.0214023904769653,0.0153166168470852,-0.0147296274981758,0.0150649582347104,0.1854761938613394,0.0231902718024801,0.0738158701791025,0.0801000053407934,-0.0240955556053898,0.0554608554694187,-0.0847733027178581,-0.0966490768611612,-0.0772543127438775,0.0164797922800152,0.0694974217650108,0.0084177615349303,-0.0432126166470125,0.059088194662074,-0.159553216155031,0.0534257797286334,-0.0862635537728745,-0.0417862093635937,0.0637488488503599,0.0797103608312377,0.0693754152329846,0.0014341697820987,0.031808861050298,0.0656729122555268,0.0439333463415638,-0.0041603276068369,-0.1381368457937233,-0.0066998250395764,0.0280396430723675,-0.1021900725115838,-0.0293787746316547,-0.0609643554882894,0.1440679590052918,-0.1135715338439418,-0.0194540408243237,0.0161250090810518,0.0914154776051243,0.03464093668027,0.1058795497277471,-0.0841705218444403,0.0057995902733625,0.0115577234496286,-0.1020542073545451,0.0841582919895234,0.1931629334457916,0.0734346222800792,0.0433627929488595,0.0750030203535758,0.1517110625157871,0.0326676720630898,0.108167245639607,-0.1613868096719007,-0.0639046133076366,-0.1082030954825733,-0.1299263532543711,0.0484320012186134,0.0656251352512777,-0.0639285830480719,0.1047869144522759,0.0488964533545348,-0.0703760977474182,-0.0449149993962586,0.1372617677930587,-0.014329334318169,-0.1428877025895641,0.1196907101706139,-0.1772035385228532,0.0816305669229815,0.0425809369004526,0.0853287877418953,0.0001915915183685,0.1225628677543988,0.1327138290448806,0.0947208583229706,-0.1582281848845821,-0.1288307944795436,stop,1620,4,131.56517279229297,-0.0420345915132629,0.0053693553994103,0.0501596532436104,-1.0,0.1277365904154488,1.1932946518056171,2.1661703767837817,1574,0.5843504908955719,7,0.175027641252509,0.0913348254381456,-0.0035226869904289,0.0,-0.9649750179940207,-0.3806245270984459,0.5890658826149049,0.0934780159417124,136.3709635079739,131.56517279229297,149.84332231813653,2.926354165679953,0.0739261816652052,-0.0056981251849674,0.0211509643255437,0.100981583001801,0.6698119997696753,0.0017044063545776,1.0,0.028745932599564,2023-02-17,35.0,4,0.1141325179799193,0.1294507160119919,False,False,False,0.0,1.0,0.3333333333333333,-0.0256496583961398,-0.5527593521280977
DGX,Falling Wedge,bullish,1,0.645173546859724,3,33,1774,1775,2023-10-05,2023,1,116.40718785370466,113.31385049604228,133.5738841512241,111.90659140145635,1.275531525884135,0.0272988460291569,True,-0.0172721662093803,-0.04497553089475,-0.0129733017680988,-0.068435052654584,0.0221843485450088,-0.0083592960135253,0.0216859621495835,0.0144503629116012,0.0010550808393916,-0.0015658263457197,0.0101957631177285,-0.0111557021660696,-0.0086548889874545,0.0375211695634776,-0.0168931153068064,-0.0198880573615325,-3.1754615970047695e-07,-0.0329929640271356,0.0218868034091344,0.0311586971227415,0.0041062443162809,-0.0140416607786109,-0.0157363786603428,0.0007334694497491,-0.0098360786880868,0.0413036111019704,-0.0525463384246505,0.0297175774366611,0.0106943939711163,0.0286408064515422,-0.0134551042117863,0.0090365041669113,0.0056662164572891,-0.0329798278408284,0.056740332142277,-0.0006555030892574,-0.0327747857392962,0.0197558415374783,0.0651187032619908,0.052418680092521,-0.0030741571380874,0.0047194949365674,-0.0325155441810293,0.0133573257346011,0.0611529426340797,-0.0107825890152543,0.0699856117975734,0.0491546247070953,-0.0033924307815746,0.0399812592917432,0.0424643750195965,-0.0585134075772064,-0.0089701266437284,0.0428133627171067,0.0644264134383736,0.0898535323113978,-0.0757519715656162,-0.0142685618299978,0.0297542720791459,-0.0117261221477693,0.018785279693773,0.0369504324859226,-0.0079747406781898,0.0666540889498614,-0.0283569030593232,0.0498050024778053,0.0348942293192162,0.023513897373935,0.0534385177538498,0.1094184946008467,0.0214263428119128,-0.0144082528954355,-0.0194575873521839,0.1311716510482612,0.0164457317404054,0.0669154522787034,0.0300260797861535,0.1209072556865125,0.0284995828218903,0.1082822978597919,-0.0324506014931655,-0.0212700807816691,-0.0127347848111745,-0.0539530849545719,-0.0535436212500204,-0.0233065297044171,-0.0222651105087949,-0.096712453668366,-0.0551016593292504,0.0735426890548642,0.0928534641158618,0.096246472718677,0.147303571082431,0.0226587637225623,0.1193408149082555,-0.1256779444855467,0.08649391608775,0.0884166020311785,-0.0607944686339367,0.119366171946655,-0.0655359996096883,0.0855370864830959,0.1404801312964962,0.0947310183466312,0.2646685631790226,0.0863006433416584,-0.0620457029774395,0.1190646375985537,0.2723126479412461,-0.1598990688425188,0.0291718397261298,0.0041111801924897,0.0390178895298878,0.0195719651486234,0.0925719749220038,target,1821,47,133.5738841512241,0.1474711022062811,0.1508066270392714,0.0215087991110646,3.8143158311702665,3.9005886329964863,0.5563215554192869,3.8143158311702665,1740,0.8115978205414281,5,0.0391795721365026,-0.0382130168572613,0.0002960575009456,0.0,-1.839855701707323,-1.0282578811658845,0.1574623731335949,0.0829603051772794,113.31385049604228,111.90659140145635,133.5738841512241,1.683126937867533,-0.1013519597194717,-0.0465964975466507,0.0144295683860758,-0.1280388999266103,0.8994412217254404,0.0023795378540645,1.0,-0.0423797463162536,2023-10-05,35.0,4,-0.0135660780404954,-0.0187505103379976,False,False,False,0.0,0.0,0.0,-0.0068585344085141,0.0247723324392408
DGX,Falling Wedge,bullish,1,0.6987907500373712,3,30,1960,1961,2024-07-03,2024,0,135.40299582528058,133.61846383714658,139.89119874910898,129.5568039193484,1.0635652591486475,0.0133554296082087,True,0.0216725528921717,0.0131364408844152,-0.0025163179438664,0.0102406001089432,-0.0329841155775135,-0.0222026654451029,0.0007440258139395,-0.2354868032005856,0.0350846095746821,0.0078610067605362,-0.012450758847575,-0.0750847395336098,-0.0099940217127749,-0.0001860726267318,0.070750724192087,0.0041439630554884,0.1079638367912649,0.0052187494810542,0.0148229594824011,-0.053587484901923,0.014499745159755,0.0075975986106255,0.029950810930117,0.0454524099919095,0.0438396425030298,-0.0645414705472854,-0.0106932042317673,0.0175527762320311,0.015809513025434,-0.0056712832777582,0.012375320992221,-0.067776999973665,0.0221973197655791,0.1283734645443299,0.002373168732793,-0.0232398358309924,-0.0190453003460068,-0.2419926792509579,-0.0139687171503898,0.0832266435536057,0.0539023725895067,0.0351423886506336,-0.0100764790034774,0.0006204616984202,-0.0036566929747826,0.049906871632036,0.0513617355277482,0.0672378836749711,-0.0229357458319744,-0.0322937516183768,-0.0079747406781898,-0.0283569030593232,-0.0016390993108595,0.0546509608322038,0.1017544130389851,0.0599244518906434,-0.0236517764008782,0.2677717163265123,0.022388025985605,0.0948371546559141,0.0180249052397565,-0.0082016710967804,0.010846289772459,0.1091569642920833,0.0017268802249277,-0.0428752873521437,0.0328517968787083,0.0317400213409753,0.0194745052712358,0.1123060641774815,0.1003809206179764,-0.0128782111777829,0.0164518670768352,0.0216643783830976,0.0331937215222748,-0.0321793645877718,0.0556862606748151,0.1361937770220243,-0.0223900195910082,0.0214139689442693,0.0074800498616434,-0.0921155673530091,0.1390677266917492,0.0306210010153351,0.0564952072093287,0.0246522966935374,0.0336796704477369,-0.0200942201154578,0.1170347341915085,-0.0897190397143711,0.1180996095358617,0.0851881718409507,0.1021249356917395,0.0632449373545489,0.0536149477397447,-0.0431222088871455,-0.0372178289601825,-0.0063360481256966,0.0632838732256604,0.0108878988548726,-0.0680977772149965,-0.1071018115725852,0.0781826574800799,-0.0023403657078854,-0.0102221689877375,0.0404476435363958,0.0536149477397447,0.152454724573976,-0.0089769665209605,0.0675715828852228,0.0174423575312274,0.0457042955835094,0.0503426673203957,-0.1293484346750523,0.0910857364008101,target,1966,6,139.89119874910898,0.0331469986795551,0.033918528032182,0.0246761773293452,0.7677139231906113,0.7855832280977603,0.5715221788253042,0.7677139231906113,1930,0.4255585248507642,6,0.0704421202398014,0.1088292930961269,-0.139758378924738,0.0,-0.7327165900351489,-0.3071580651843785,1.114867750130497,0.0557347100141142,133.61846383714658,129.5568039193484,139.89119874910898,2.186244771236523,0.0709937746044262,0.0122111837327192,0.0161817308138491,0.0116159504239874,0.9892738362603356,0.0244439917813756,1.0,0.0470278868525411,2024-07-03,42.0,2,,,False,False,False,,,,,
DGX,Falling Wedge,bullish,1,0.6872373757178333,3,31,2340,2341,2026-01-08,2026,2,175.23290138941425,175.30447222864086,192.36428510350245,168.5645807436507,1.3351664088904165,-0.0004082659062643,True,0.0766620264907096,0.0743307981609249,0.0294475438403292,-0.0347843647756082,0.0069563957759313,0.0350919954929977,0.0156036399389563,0.0085239407960582,-0.0140698763774399,0.0068147195285395,0.0273682687378893,-0.0133956599392056,0.0081724443034161,0.0154231589268221,-0.0137978941123096,0.003710020473743,-0.0020312943129937,-0.0127492787780596,-0.0447260780927445,0.0212050473205873,0.0188968769315815,0.0308666287963814,0.072035714766966,0.0243739140209613,0.0264011010529088,-0.0080986930828375,0.0406326901614462,0.0273181298445661,-0.0152929244523407,0.0319805281186507,0.0292199403377,0.0040013089282013,-0.0190764535208832,-0.009801717173569,0.0611529426340797,-0.0800879226707876,-0.0122327757571305,-0.0063032925281208,0.0005550310306985,-0.0079806552053,0.0378171659185331,0.0087679440267345,0.024748818215692,-0.0411417108702495,-0.017440527677708,0.0219370227070925,0.079208686058539,0.0792231622782579,0.0810060741458269,0.1565101541032036,-0.0646156821698632,0.0121499900658033,-0.015478628310823,0.0588051091824091,0.0841381241952761,0.0443614844254525,0.0911797152139537,-0.0051035574386959,0.0381114428739866,0.011943349657894,-0.0109601839543722,0.0287863683700269,0.0978410342090496,0.0233577334266792,-0.0469844895843484,-0.0174281039247289,0.0240492134245349,0.4333704046294502,0.0279567084315032,0.1407207984380396,0.1586175181162941,0.0807331676392628,0.0457327251497112,-0.0288043001665383,0.0539704689426479,0.1964009982641503,0.0155226364591096,-0.0149316480354202,0.0809912115954549,0.0948016736478001,-0.0688660763839987,0.0459458845393632,-0.1329010502707222,0.1302185593069056,0.1440679590052918,-0.1435365699878258,0.1548087615769429,0.1485033048152568,-0.0341295192434075,0.0050435013193326,0.0713763550851718,0.0984733962751151,0.1185858632167207,0.1614593343334731,0.0971658428209178,0.0572510185920032,-0.0171827186864061,0.1511414879049946,0.0914789967381719,0.0242017059148964,0.0585283424133296,0.1006322712131462,0.1379383012462158,-0.0007515630720721,0.1589819565463417,0.1190646375985537,0.015597073777503,-0.1182645192616893,-0.0567220227686429,0.1295964701286915,-0.0250124172752869,0.0751213156521888,0.0345343607241199,0.1196907101706139,0.0609363006978411,target,2362,22,192.36428510350245,0.0977635111800019,0.1716749952593049,0.0225891003596855,2.56907017885709,4.511346876280473,0.5936057676409356,2.56907017885709,2307,0.3485429860408974,5,0.0039346243820616,0.0280280230666802,-0.2186557747277266,0.0,-1.5672979651575794,-1.2187549791166763,1.7765353894406108,0.0573844722041713,175.30447222864086,168.5645807436507,192.36428510350245,2.663101560270545,0.006059861587879,-0.0185305152134639,0.0151786872622323,0.0412905767341191,0.2626279751698318,0.000280718416572,1.0,0.0124552965395987,2026-01-08,8.0,14,-0.0411552348104163,-0.0329654797550177,False,False,False,0.4615384615384615,2.0,0.1538461538461538,-0.0141311683112488,-0.6117704778654166
DGX,Falling Wedge,bullish,1,0.7769124420247524,3,29,2399,2400,2026-04-06,2026,1,198.68220192637827,195.0463233846051,214.63197273183755,189.3247713073229,0.6094238015153557,0.0186411026810471,True,-0.0329841155775135,-0.0778329571768422,0.0402299230328542,0.0105441919094717,0.0200909227804682,-0.0066876958742358,-0.0165383038907517,0.0008573922847223,0.0014098900936387,-0.0261348017313918,0.0382658222194902,-0.017933989120113,0.2475266258815076,-0.0187587937095494,0.0192348131688346,0.0168654798160785,-0.0141341816507271,0.0011279600230831,-0.0105338894563115,-0.0068788262623018,-0.1078708266481038,-0.0197422367003095,-0.0405310893858312,-0.0159407408960927,-0.0952370862089031,-0.0280201781691565,0.0156972695231587,0.0588087430269317,-0.0025876985426365,-0.0620794726397959,0.0061835278639865,0.0672078451445259,0.0060573533914731,0.0294418838898413,-0.0128474008147861,-0.0508816011691546,0.0382790592287218,0.0629778299550019,0.0639005475559855,0.0062447767416522,0.0009073319813153,0.0664177942758625,-0.0139687171503898,0.0378430737176542,0.0723867715866271,-0.0340391778659337,-0.040052171303614,-0.1334961541880651,0.0031582972303512,-0.1273438646916173,-0.0688593801252968,-0.0435116441069529,0.0599555376962408,0.0747706308839655,-0.0200966674782281,-0.1021829395776138,0.0761595297898809,0.0559694994476056,0.0154537665365401,0.0141471468687781,0.0084948150152799,0.0741326674606932,0.0053767049286395,0.1210874067568525,0.0886885163978634,0.4154898765587576,0.0282318385924036,-0.0651515930016131,-0.0707506785627405,-0.0317309703097502,-0.1884659615103397,-0.0616335749798263,0.0524984738570846,-0.0177525904814818,0.0818467375340714,0.0280108686809381,0.0302512428069334,-0.1350193742710689,0.0232890439882049,0.1759363280065411,-0.1248965443078103,0.1203086987916388,-0.0160246227996488,-0.017767904293881,0.0328918726947764,0.0105783196380842,0.0187033267103904,-0.3049422983057558,0.0945075995616944,0.0611211820555983,-0.0273381443270812,-0.0329594023377203,0.0828612809092841,-0.0557685325733541,0.1409789702892578,0.1532118091620689,0.0448446947366167,0.1301083620815224,-0.0742251119972823,0.1289960525096676,0.0372499966105253,-0.0142363049295661,-0.1083100343217545,0.1767969442580039,0.0596667944136899,0.0363240482276545,0.0225990969231235,0.0616250951806229,0.0340144891169402,0.0062029773008982,-0.142768575224909,0.0247857570000327,-0.2529956705245426,0.1539567771236416,0.0519199725124735,stop,2404,5,189.3247713073229,-0.0470974779236783,0.0075692739749194,0.0489749038913714,-1.0,0.1607150596723131,1.0398625584736283,1.7045032397012143,2369,0.6043401618901245,7,0.0747158500954692,0.1557040375685847,0.1565587905219843,0.0,-1.1183190025777183,-0.5139788406876011,0.5405801921995997,0.081237860808498,195.0463233846051,189.3247713073229,214.63197273183755,4.2017702917186375,0.088762193804641,0.0081085999904055,0.0212045329690867,0.1142351994435963,0.9018886393735256,-0.0014710319568246,0.0,-0.0173270965726622,2026-04-06,8.0,14,0.0536430373065455,0.0391628893755531,False,False,True,0.2307692307692307,2.0,0.1538461538461538,0.0371046685623432,0.6387485753608315
RL,Falling Wedge,bullish,1,0.7328553878621219,8,71,1225,1226,2021-07-30,2021,0,103.61674059238516,99.20848633080745,134.71995107965995,93.29403566805355,2.1167857014678964,0.0444342457446487,True,0.0746140687842815,0.069731574999061,-0.0256348333114517,0.0817146402034567,-0.1065913322998706,0.1006556444124839,0.0874368136471022,-0.0599894464753119,0.0874368136471022,-0.0987145388768332,0.003218100520661,-0.0168572557123153,-0.0350250066108284,0.0085463686880356,0.0262249474789009,-0.0041791953194433,0.0416830006150288,-0.0390332484304357,-0.0550555825802456,-0.0114606052414522,-0.0134028944390807,0.1115784058795186,0.0704865289945305,0.0860461505785816,0.073374155705552,0.058706573867451,0.0157116455385561,0.028184032235156,0.0679964473565872,-0.0676218861918701,-0.0746025344787882,0.0228605813068663,0.0437305179912228,-0.0467473593307351,0.0591642353454076,0.045242121401124,-0.0248483343956937,0.2002996284925953,0.1117951727311981,0.0971814927271867,0.0102245510062719,0.0187775539041041,0.0198659357701027,0.1063483878084126,0.0136312101376845,0.0507511519174396,0.0324637618741916,0.0099585674185591,-0.1126302083333333,0.1271409312337783,0.0238256301454817,0.0318867944765679,0.0544049943927413,-0.190281520560974,-0.0586165554055211,0.0079296455574096,0.1345286178011762,0.0852272159738416,0.0566193255861715,-0.1281218362619018,-0.0204512233183996,0.0285551299527662,-0.1949476011323615,-0.029685715626756,0.07302198772529,-0.0384648112674734,0.0017270201693952,-0.0040223943534197,0.0400814905364676,0.0357892281322445,0.0273457411749515,0.0553874561851848,-0.0114896149287085,0.2853094852074751,0.2102755944672354,-0.0132002563162807,-0.0946556052645596,0.1090640381015961,-0.1194837788491571,-0.0721532582539664,0.125802868562787,0.2466066304444265,-0.141257721879055,-0.1694716738366811,-0.0473846021065107,0.0553874561851848,0.0802122904453199,-0.0187806098578346,0.0266493756016066,0.2234941877586562,0.09132794379841,-0.0052927821410119,0.0893478340538571,0.0514921733523969,0.0556713927504495,0.1730567870414356,0.2005976305572041,-0.1251291033143076,-0.0184008358674497,0.0534588765419832,0.1015137399494927,0.1183105435853335,0.0409615202097319,0.1770850965517612,0.3959223617249561,0.0461360212716179,0.2846841039917065,-0.0550341397305667,0.3386681841190195,0.1546884536901944,0.180058714883035,0.0973078325959933,0.3629680394164405,0.1485574965126959,-0.0472063017701792,time,1285,60,112.87467193603516,0.0893478340538571,0.1295926722244412,0.0475606244429647,0.8968513012348326,1.300818961598227,0.4774017005661559,3.0130872397564707,1154,0.6896024852092969,5,0.0986579731503132,0.1205555177827057,-0.2324901962218873,0.0158730158730158,-1.1025905022194529,-0.4129880170101561,0.2662939234545915,0.2619139399273086,99.20848633080745,93.29403566805355,134.71995107965995,3.4787370034348637,0.0407441222014699,-0.0273529513760081,0.0338895599076419,0.1299002807778606,0.4748673938141336,-0.0020878122741967,1.0,0.0187722376127634,2021-07-30,21.0,7,0.2826282587343567,0.1360581818344235,False,False,False,0.0,1.0,0.1666666666666666,-0.0448943497568689,-0.4492401280387144
RL,Falling Wedge,bullish,1,0.6813964717271848,3,27,1263,1264,2021-09-23,2021,1,103.33122598221216,100.78873259196018,112.84172600927889,97.66292228117112,0.9822253588760432,0.0252259684675784,True,-0.0223632046351492,0.0054999413673987,-0.0014406390024986,-0.0080266485475719,0.03419627013749,0.0818687940910594,0.0180702498331097,0.0407592456053991,-0.0431821531483548,0.021276846924727,0.0144664267256287,-0.0763557910944039,-0.0016749897044239,-0.0344093078964178,-0.035859076569899,0.0606208949599389,0.0085463686880356,-0.0472143436687378,-0.0299897174663819,-0.0371816445115227,-0.0458322740708746,0.0874368136471022,-0.0226669708817194,0.0319597583265278,0.0382570709965796,0.0091537060129027,-0.1345365619150798,0.0184463227833224,0.0192639047018929,-0.0381957285001324,-0.0294933306228968,0.1294012456069591,-0.0041325102878674,-0.0030693700190849,0.0430229912003048,-0.0180358743515403,0.0440660479480927,0.0150312505460943,-0.1018308392337753,-0.0748387011574949,-0.0711951112400989,0.0983182823004913,0.0058373907781199,-0.005072368540292,0.0281116935904925,0.0354471363465073,0.0696425986286874,0.0421189035443372,-0.1316767873628042,0.2007209810927026,0.0365219888195986,0.1368420804484773,-0.0768783601443168,0.0414041278299079,-0.0516253436594321,0.0353528171524701,0.0913991512044765,0.0228711881982817,0.0351928638897849,0.0099468198609631,0.0361987190447159,0.2320966525686727,0.0152678082675652,0.0024843177894624,-0.0461678897835251,0.2627000711673724,-0.0556779702527888,0.0543235488991979,0.0270777593771483,0.1081174600682988,0.0440315176914061,-0.1650920954492499,-0.036812567316277,-0.0111885980153874,0.2175240039128356,0.0228730286067502,0.2703135336165783,-0.1785387856931338,0.019331685160943,0.1166938595478186,0.0900000638609845,0.0382602351583458,-0.0090759745415964,0.0510889969889047,0.0922782902947656,-0.0139973552464021,0.0855008096842195,0.0234894735584958,0.2425499251240801,0.2375129367349746,-0.1139811485721234,0.0591809441975224,0.0129423909049579,-0.0324673041621734,-0.150550419158597,-0.1771893127102758,0.1926768878870064,-0.0277431143611192,0.1159582072230318,-0.0388927109529715,0.0402696896458938,0.2986512029616091,-0.035551438421989,0.0493984730796099,0.060895612528798,0.0485548498392338,0.0069368897748467,-0.1013836615149845,-0.0007996108336159,-0.1358141829546625,0.0190053116280126,0.0876783752323582,0.2395807679023469,0.0990197977444578,-0.0165926898219915,target,1284,21,112.84172600927889,0.0920389740532441,0.0932381202510244,0.0325763115590375,1.677838825982459,1.6996988485366131,0.5938549500718595,1.677838825982459,1235,0.6134165995286464,6,0.1024576453216773,0.0691582698936255,-0.0668639591140021,0.0,-1.2050228514878103,-0.5916062519591648,0.5094569117259198,0.0822995903883929,100.78873259196018,97.66292228117112,112.84172600927889,2.9248390967057167,-0.0006334597254726,0.0070653100680642,0.0277964348448901,-0.010652452397564,0.6349711557589025,0.0091326398445288,1.0,-0.009601617886361,2021-09-23,21.0,7,0.0559499359852393,0.0447109180047595,False,False,False,0.1666666666666666,0.0,0.0,0.0186898304104449,0.3373562476386106
RL,Falling Wedge,bullish,1,0.6330399782150039,5,36,1638,1639,2023-03-22,2023,1,106.30457539213528,107.4475940327444,123.3706519526745,101.3397833748042,0.7437237495227186,-0.0106379174973503,True,0.0345991925836635,0.018754809132967,0.0305403703445321,0.0178034570031995,-0.064223014202694,0.0130792937888948,0.0054922910512007,0.0075409715729866,0.0367102866015318,-0.1170044249733148,-0.070786878323348,0.1533860065398409,0.0056217507689633,0.033777596205385,0.0083298112174845,0.0083796871513701,-0.0220755040535066,0.0051646233019737,0.0263786801198342,0.0748987972362136,0.09442796383362,-0.0886278524940257,0.0266584969491564,0.0164733064972402,-0.01519026822834,0.0114050028785126,0.1139234981864185,-0.0361229147667376,0.1979057894032294,0.0816278181149028,-0.0207294022251838,-0.0521402267318444,0.2374551975523398,-0.0893806184791794,0.0430157587549846,-0.0050551858066736,0.1560801587105067,0.0371018533424043,0.0759206261703784,-0.0190609567740799,0.0716190679151589,0.049991490677673,0.0171028219667201,0.1313792532945283,0.0231241369298282,-0.0347848519584541,0.0337061684047685,-0.008790398549068,-0.0615779690504455,0.0017796577022839,0.0448746302076219,-0.0216252064036455,0.1705572447705365,0.0238256301454817,0.1160946225148593,0.0945286402066327,0.0083458087306689,0.1318833700425832,-0.0172275251540166,0.0405375168358619,-0.0502460054862841,-0.0054988191311542,-0.0690126902835154,0.057168845664997,0.0318867944765679,-0.0219763185169449,0.1033553888345146,-0.1569461712146015,0.0126697961601684,0.0070085276927465,-0.054091245319997,-0.3837055371076698,-0.0330833112455579,0.1839837012720973,0.0402670675189704,0.1898397496519779,0.129893067988541,-0.0232664919359153,0.2402513017011653,0.0887035943844916,0.0102561480019252,0.2379758295019851,0.020692544221305,0.0422965931487147,-0.0928881641243548,-0.0596976649756136,0.0100000442905168,-0.0774461639497265,0.4700255501448926,-0.0800596965829367,0.1688812994749979,-0.0471374453762438,0.0998697649954807,-0.016565390058062,0.0541781594035353,-0.2583708930671959,0.3211387287883931,0.2631725499806077,0.145275951320454,0.0061147376681114,0.2888219918482082,0.2558064202653023,-0.0077212557167036,0.0565701945503731,0.0748786526031166,0.1772851550925371,-0.25195361841763,0.2854552480989116,-0.0636809775628219,0.2167125695722909,0.0764992448793098,-0.0067647472606847,0.1215649956589086,0.0138307092853029,0.0114290741459644,stop,1681,43,101.3397833748042,-0.0467034650109555,0.0977268325257941,0.0475473946367854,-1.0,2.09249640263029,1.0180699574567311,3.437420238544743,1601,0.4639907439571505,5,0.1045798871584993,0.150834193626977,-0.3489058590966184,0.0,-1.1077091532009955,-0.6437184092438503,0.9157470282876766,0.1103133611628763,107.4475940327444,101.3397833748042,123.3706519526745,2.7457268882682624,0.097150185315002,-0.0591360554046095,0.0260204693543986,0.2065977764015352,0.0,-0.0020955882557827,1.0,-0.0123788874769482,2023-03-22,11.0,11,0.0761729192878808,0.0281203980421462,False,False,False,0.2,3.0,0.3,0.0189775161036498,0.387253336462206
RL,Falling Wedge,bullish,1,0.6566628034635171,3,31,1992,1993,2024-08-19,2024,0,162.75955605837134,160.7373773519207,185.66132663075743,148.88521657875094,1.174104850236046,0.0125806376821941,True,0.0250359512068953,0.0221029123233116,-0.0488950118758407,-0.0004144164152365,-0.1209080486773983,-0.0299897174663819,-0.0653141480765394,-0.0357178456487236,0.0435492931100129,0.0227140550758717,-0.0190260340203259,-0.0686921824722258,-0.028785120361673,0.0232482848513759,0.0879277534861482,0.0210655602109015,-0.0195150929023446,0.0405690491223915,-0.0507448670531401,0.0440726070556563,-0.0248319046373208,0.0041323446299368,0.0363137233101381,0.0414469754814559,0.0540911017918108,-0.0287462912182905,-0.0578258364189736,-0.1231505607326024,-0.0351927466981667,0.0434649712938173,0.0015512450949102,0.0299070710424436,0.1365243953476778,0.0613298287032653,0.143042488749769,0.0428307947091095,-0.017914933644172,0.008742075716156,0.0339462432732193,-0.1114961719124459,-0.0517818095293464,-0.0299226977112202,0.0903650678522851,-0.0084148927810134,-0.0287462912182905,0.0365213779855493,0.1033182713807197,0.0963076856900713,0.1055962806485584,-0.0614865962440652,0.076257782563667,0.245429899542614,0.0076309776005358,0.1026572586726106,0.1043541472787734,-0.113497079176984,-0.0982510518674202,0.3050221616824331,0.0918675478017203,0.0229885442821637,-0.0368851896867388,0.0100665265123289,0.1084314154844219,0.1499454091282328,-0.0437354259404443,-0.0457706872268625,-0.1020128167565715,-0.1690418157772849,0.0703399069546352,0.2104320565031456,0.1703562547830204,0.0971883584893846,-0.0640998746488124,-0.2152014092199647,-0.0207878454532105,-0.2185127786514499,0.13277057783263,0.0202373399817983,0.0178471654900864,0.1565413361976282,-0.0456980416629075,0.094279338193564,-0.002917839200598,0.1445661281107861,-0.0279698593608848,0.0382602351583458,-0.0239509211623358,0.1998907328196577,0.0068839419353832,-0.0805468509212744,0.0538005129628897,0.1973030441586098,0.2605934467353772,0.1898059213770604,-0.0939705860903489,0.338712532892051,0.3201751201140446,0.252928524812086,-0.1027455169503925,0.1088547592769049,-0.062811971346134,-0.1580582569259316,-0.0034220274128019,-0.0205730195461714,0.2407881472275699,0.0663930774011034,0.0493984730796099,0.3952891280323725,0.2508492137018523,0.1559022224506348,0.1979116831372471,0.1485574965126959,-0.039444237541811,-0.0629524948627801,0.1615043333372871,target,2017,25,185.66132663075743,0.1407092224076398,0.1439866719271609,0.0143747547841591,1.6506566388998791,1.6891043235326864,0.168629916440657,1.6506566388998791,1961,0.4059682534360919,7,0.0748560131482831,-0.0760825651638003,-0.0090948927303459,0.0,-0.8421778213617187,-0.436209567925626,0.9864893524985408,0.1451508304516652,160.7373773519207,148.88521657875094,185.66132663075743,6.2654426099137295,0.0449656944314798,-0.031376836985587,0.0384835604181019,-0.068354684148973,0.9668672068535984,0.0062468625288234,1.0,0.0089425407539807,2024-08-19,55.0,7,-0.0508917833726529,0.0276665168616312,False,False,False,0.1666666666666666,0.0,0.0,-0.0132582437996326,-0.5365810405044636
RJF,Falling Wedge,bullish,1,0.730633208256055,3,41,699,700,2019-06-28,2019,0,51.33172090748646,49.14639675841508,54.72794175492825,47.15147834615665,1.4480447161060597,0.0444656026323475,True,-0.0232337703607615,-0.0237055082522811,0.0334878190018359,0.0109113812850238,0.0724957644902852,0.0187296516684729,-0.0062620458378496,-0.0202159440161353,-0.0031685146111112,0.0505970768639478,0.0310646000542875,-0.0152785646506538,0.0378513812897969,-0.0447427889608301,-0.0061932214268987,0.0679392237022538,-0.0130222829399466,0.0519870097574064,0.0519870097574064,-0.0438855969979381,-0.0295125045941248,0.1412041035664639,-0.0425324482308462,-0.0010504851105428,-0.014768977395791,-0.027083207693488,0.0318403668840368,0.1444432790252017,0.0510088416705627,0.0341833180787893,-0.0107656708020561,0.0693220986980671,0.0102651668181903,-0.0526573885703819,-0.0503255492492366,0.2076620272702607,0.0314694675114763,-0.086689353356861,0.0764860202940567,0.0209593763326676,-0.0585416975129245,0.0038262930915082,0.0899699551701058,0.0147980305947943,-0.0341888190351746,-0.0243496128715225,-0.0442497215806946,-0.0603612516563366,-0.0385306330464249,-0.0526813327858104,0.0009151584063993,-0.0354875511370793,-0.0140435420245071,0.0473764459224643,0.0252208881384947,-0.0133420621250407,0.0479092841546096,-0.1868307463588054,-0.0377173092852781,0.1993488002363592,0.1112296645972912,0.0624520404471331,-0.0363636204821902,0.02492576069074,0.1025886578811656,-0.0523935904477037,-0.045660602370108,-0.0246247516735897,-0.0484642695176005,-0.1062462463299735,-0.0769890609989303,0.0173064517995062,0.0494320804356684,0.10115678897109,-0.0415395050347117,-0.0058841002138986,-0.036508117087401,-0.1345106781843758,-0.0480470547281298,-0.0386937686293044,0.3041698140515094,-0.0062627449787109,0.0911076249644224,0.0981026492495653,-0.1501800662778797,-0.0939174243469121,0.1268169889140937,-0.080003330860522,0.1388811668881839,-0.007408996459815,-0.0706960525291542,-0.1169123326271348,-0.0214826206860956,-0.0233577120411749,0.0212770540287376,0.2013272753292287,0.2837669421358701,0.0528436733827157,0.0564758432243432,0.174123202008414,0.0234512852102706,0.0830511071143722,-0.0877056166900551,0.1177517648632355,0.1367943554778214,-0.104698939828955,0.0719109588083759,0.1565955349988494,-0.0535447859430572,-0.1207015213032366,0.1589372472082426,0.2713278522780133,0.0754766920004061,-0.0217467756825233,-0.0963182781171491,stop,722,23,47.15147834615665,-0.0814358546222078,0.0177467912012643,0.0942204096422233,-1.0,0.217923558162362,1.1569892657150198,0.812445880260448,658,0.4866957554002966,6,0.0999508150084836,0.107470042112937,-0.0710145645496878,0.0,-1.0267183172224648,-0.5400225618221688,0.7539880451253417,0.0868759001996912,49.14639675841508,47.15147834615665,54.72794175492825,1.0572727406509033,0.0322643827192326,-0.0062912402131302,0.0208648336882369,0.1511074249134123,1.0,0.0101021278953532,1.0,0.0695865303234477,2019-06-28,12.0,9,0.1228947596507001,0.0010071417964467,False,False,False,0.125,3.0,0.375,-0.0127338590723874,-0.3712541704202436
RJF,Falling Wedge,bullish,1,0.6665735012793669,3,20,961,962,2020-07-14,2020,0,43.53646324902265,41.90340132819139,46.79701921371236,39.23960887101519,0.6058933374047236,0.0389720611947694,True,0.0248423538540651,0.0167780589921695,0.0161589487523907,0.0241678821556867,0.0246745782137036,-0.0030758870576117,-0.0398837057163934,0.0137181632526408,-0.0080048642024255,-0.0143954831010469,0.033880137944513,-0.0079380666067427,0.0127787141906605,0.0068515356175744,-0.0239308782965139,-0.0591904400205264,0.0066168355522164,0.0157780038995454,-0.0086253643375239,0.0072332869165105,-0.0260357076923326,-0.0143954831010469,0.0270232435359012,-0.0172629180771496,-0.0134168943455356,-0.0878987946246074,-0.0588181401345123,0.0451651617384947,0.0495671373991639,-0.0738271646243255,0.0452404296632551,-0.0290532754298503,0.060106737906634,-0.0460569373419791,0.0741786642389898,-0.0272916959818938,0.0428118274473117,-0.0109388629463128,-0.0129072870822138,0.0148265983961788,-0.009002953935446,0.0465685900797296,-0.0156324612378947,0.0063471188686226,0.0427251539059398,-0.0200684103924138,0.0651230990498912,0.0328973377110672,0.0850258226041202,-0.0684769250167109,-0.0881894828381271,-0.0527201968944588,-0.1103154881895974,0.0224778168432451,0.010312515339925,0.0117021427466343,0.0166666505409882,-0.0542805628769017,0.0544792306339889,0.0476852762406618,0.0953633943545646,0.0871700734781126,0.1351012008357168,-0.0084399987461708,-0.0725123333967621,0.1049139830998378,0.0204211871735628,0.0743589729046179,0.0495859351080288,0.0324212852775351,-0.0214850629934237,0.0412712095971119,-0.0418680253728838,0.038547585122094,-0.0165851438765712,0.1167054448744835,0.1799943070025367,0.0883174373950501,0.018081956400155,0.2012505225701035,0.0338668429980411,-0.3683144953963441,-0.3762113264679315,0.1056146733632665,0.1418597693080363,0.0134036151481233,-0.0278150995592103,-0.021051999271696,0.0179854806595038,-0.0782921772116547,0.0293746443318714,0.0276145241968308,0.0817465940681247,0.0206007068843967,0.1723711175832218,-0.1314072335276405,0.1341509927237396,0.0337106630783181,-0.3058973547833564,0.1452590018321435,0.1441129939902306,0.0243308551584318,0.1483337923779972,0.0772551729409827,0.1063771028464173,-0.0064141138080097,0.0040465632397657,0.1367943554778214,0.0764802027482463,-0.196082308331973,0.1028066852213782,-0.0620639245925851,0.0971962678271376,0.2990099966730899,0.0317280526343569,target,981,20,46.79701921371236,0.0748925319459179,0.1007722171015206,0.0454734292946404,0.7588239390606705,1.0210413340554847,0.4607445608178132,0.7588239390606705,941,0.4400103403207209,5,0.0548750975813149,0.1936433948936597,-0.1931661834100858,0.0,-0.753186580313398,-0.3131762399926759,0.9317727837496704,0.1247224099052243,41.90340132819139,39.23960887101519,46.79701921371236,1.6345424935077826,-0.1178170744310803,0.0012771237941555,0.0387404057670913,-0.2558958380693008,0.7676762130451092,-0.0013040743998651,1.0,0.0432286725439625,2020-07-14,8.0,9,-0.2237281489021858,-0.0772016514411758,True,False,False,0.875,2.0,0.25,-0.0280908120699571,-0.5509737611039873
O,Falling Wedge,bullish,1,0.6650733737495665,3,29,1372,1373,2022-03-01,2022,2,52.06308551420332,52.34634140659881,56.60903482677105,50.2687267078624,1.685910806694911,-0.0054111879604976,True,-0.0166667690661965,0.0206161909524843,-0.0450125040691523,0.0309161210747774,0.0081408181941355,0.0325216741155576,-0.0395235188825734,0.0421207698135372,-0.0144769238112,-0.0297996391331903,0.0133520799314628,-0.0226149502639269,0.0221985805620525,0.0213123463020163,-0.0058206939500661,0.0032607151567682,0.0066665675170398,0.0200511144722033,0.0010073013306861,0.0108448833628245,0.0313205038590693,0.0045468635393117,-0.0212173745222632,-0.0133333931110776,0.0010063179188046,0.0014230094282483,0.0257992402598405,-0.0435417294617188,0.0335812347992996,0.0580941523095761,-0.00632017091831,-0.0150819450074661,0.0163397792816111,0.0216466864484592,-0.0226449931961872,0.0404377039646197,-0.0076395680681127,0.0079405735460886,-0.0150280176928127,-0.0079481047091218,-0.0255058421737249,0.0553693452693466,-0.0264958437922595,0.0108542590054598,-0.0219612134551011,-0.0172993209029643,0.0699998334361413,-0.0008046166350341,0.1083262644818687,-0.1021713065404889,0.0036896801526606,0.017575085010981,-0.0293965446136222,-0.0219145477399104,0.0211307747917821,0.0581150268048169,0.0411923691851869,-0.0172675953557495,-0.0204442486988737,0.0100107366613153,0.0639440800416917,0.0004858367401832,0.0695213417337055,0.0591661418160402,0.0328157891763656,0.0325438995086608,-0.032806475203822,-0.0847617695221224,0.0595121065146078,0.0895871356590722,0.1215128226968341,-0.0208919789848883,0.1411367154603642,-0.0314022857289442,0.0368374209644206,0.011553059291695,-0.0851749245304376,-0.0464050023627408,0.0145823480381068,0.0659312084076517,0.097948063711184,-0.0247451504168333,0.0462001953348902,-0.038398514910177,0.019904249543738,0.0191537562120285,-0.2317828170456128,0.0197236077113058,0.0861856374302512,0.1280337371720694,-0.0227240943665162,0.0803038741124945,0.0554642509696976,0.13355841351331,0.0466359085163403,0.0538177089345928,0.0632790462228904,0.0161570197089995,0.0719215608289653,0.0889207129100901,-0.0263444656817988,0.1613151496535652,-0.0629100830196816,-0.1817859479193402,0.0762094035188154,0.0339812867413129,0.0502371613326113,0.1616732934987674,0.1059904185037128,0.0299907029226571,0.056649203366897,-0.0121776454826996,0.0357673205677961,0.0232310598524627,0.0158363102208498,target,1398,26,56.60903482677105,0.0873161716726824,0.0917153729795491,0.0283332497745688,2.5334672733810013,2.661109522536645,0.8220855275410225,2.5334672733810013,1341,0.4767119284770026,6,0.1662426645997377,0.0698455985906407,-0.1055480247869868,0.0,-1.002893940017434,-0.5261820115404294,1.0253683277109036,0.0730844451828215,52.34634140659881,50.2687267078624,56.60903482677105,1.0662514567332857,-0.013620751176798,-0.0392156959079471,0.0205360009211721,-0.0341088535710037,0.311924293753676,0.0025721270750036,0.0,-0.0442977118354123,2022-03-01,62.0,6,-0.0563695860533632,-0.0343336921766046,False,False,False,0.4,0.0,0.0,-0.009200311399606,-0.3915941249869856
O,Falling Wedge,bullish,1,0.6104795116237203,8,92,1799,1800,2023-11-09,2023,5,43.12272111257077,41.48242018760476,57.96630354230092,38.2323108718532,1.393315443779617,0.0395420739086034,True,0.0531640232850467,0.0204789954636119,-0.0469468172504908,0.0517241904803476,-0.0020647255407683,0.0886728864216492,-0.0337471513140551,-0.0020142057835245,-0.022931592630933,-0.0401889955866049,-0.0681814687723196,-0.0030114192843503,0.0286577332959037,-0.0093753647655322,-0.0077367850729447,0.0072397184953214,0.0127893447715721,-0.0257479352858726,0.0437602553130027,0.0776443627070837,-0.0032826725056209,-0.0734593404732556,0.0545740224241163,0.0694310174051549,0.0251172040349514,0.0094156396486664,0.043014630281257,0.0275722090267769,-0.0035022091783527,0.0364743051486076,0.044605956022357,-0.0952872134333191,-0.0836228158116643,0.0263597074447545,0.025872265775948,-0.0320692519672012,0.0158422105079645,0.0230650796232045,0.0155174574453946,-0.0039465954531783,-0.0265104196396058,0.0535968975459837,0.012708176074238,0.0237892400974277,0.0445803434464697,0.0615572367748684,0.0735597773925809,0.0180068439707508,0.0663010492393116,-0.085427491173747,-0.1001458806337723,-0.0493151326028789,0.0170313745867121,0.0376856737632995,-0.1204102711304105,0.0501265323413993,0.0458020303498285,0.007711946745504,0.0695067302293712,-0.084557165984284,-0.0442152810566176,-0.0466555888337342,0.055731791663951,0.0596531887955191,0.0037514580854844,0.0190508067079211,-0.0369514041867465,-0.1253744495610235,0.0865947815253265,0.1870000521783366,0.0956626200641121,0.0409216068908691,-0.0268212476754212,0.1763901417634752,0.0582407463911045,0.0872267809818898,0.1038944462149715,0.047968860161796,-0.2980269856700611,0.0238236406109979,0.062028242933422,-0.067426330740634,0.0342111532779334,0.1525329901466594,0.0746464092976009,-0.0066245153115711,0.0123855059940165,-0.0818871717776582,0.0540813874716101,0.0178105944871773,0.1121724887899895,0.1581226149664282,0.0732788239136945,-0.0738368855442208,-0.0165704868916654,0.0661836983315797,-0.0355144698799645,-0.0010361388236853,0.1607031265915506,-0.0270698033033826,0.134009227106344,-0.0360666717632424,0.0819285494871833,0.0361684342940777,0.0777242268517068,0.0234915107231823,-0.006995571349564,0.1727856673908867,0.0009709470664907,0.1093132209296243,0.0443748616104335,0.0163609583774062,-0.0155305951644315,0.0287822922170051,0.0325781747236177,time,1859,60,46.2827033996582,0.0732788239136945,0.1978110001461151,0.0176549769763081,0.6461589379102407,1.7442603324517794,0.1556782786972249,3.035242791318902,1702,0.6105932837519701,5,0.0393675546021034,-0.0909215886504579,0.2790578504675922,0.0,-1.8096058874649048,-1.1990126037129314,0.5843464546537417,0.179513730124227,41.48242018760476,38.2323108718532,57.96630354230092,1.095253879715734,-0.1306271239466913,-0.0155223029673273,0.0255200311242017,-0.1651074844309351,0.2091497727391751,0.0019533987262352,1.0,0.0004151882318883,2023-11-09,3.0,5,-0.0992612806088386,-0.0837088503180231,True,False,False,0.75,1.0,0.25,0.0272186688589674,1.4328862384103718
O,Falling Wedge,bullish,1,0.6791144828228639,13,73,2091,2092,2025-01-10,2025,4,47.25537460079089,48.51062430042958,62.69802168213016,46.368079202966896,0.7260596091695722,-0.0258757688184932,True,0.0554588312728139,0.0175792689989351,0.0233286374616215,-0.0184282751372446,0.0009580376209417,0.0080134873377135,0.0452923607645208,0.0325441584568064,0.0191703358649968,-0.0312314076972354,-0.0145532230981832,-0.0100457585879312,0.0092635579882023,-0.024432875596149,0.0014156292789433,0.0254024592662949,0.0162061841911729,-0.0287532264864428,0.0568785224131731,0.0258910973083736,0.0155951677036143,0.0018763977362157,0.0477392679333436,0.0821255777619101,0.0411371066899228,-0.0209210302665463,0.0008380494586968,0.0323401929374782,-0.0175738634214592,0.0288683249175041,0.0100675130283862,-0.0036919580077534,-0.0435449954113822,0.0451482987353519,-0.0406062365173687,-0.0169194032421821,-0.0068098605391624,-0.0401706495240652,-0.0015383103394038,0.0972387600183664,0.0537101713233443,0.0071035285726954,-0.0080931908564667,0.0446933651713501,0.0548802990956314,0.0733746275052593,0.0477675003047564,-0.0027385402139477,0.0309471744918421,0.0065918256520491,-0.0046471288507223,0.19480972236416,0.0419967848840137,-0.0627991981242749,-0.0552056619452809,0.0245849143395502,0.0501265323413993,0.0056293328712317,0.0153658026113776,-0.0119236195171709,-0.0094941939276889,-0.0446461216399505,0.0361737409604396,0.0528593011150797,-0.0275224848465581,0.0221261379693078,0.0515629375204902,-0.0786557801779271,0.035873499400188,0.106364838225476,0.1408406698319694,0.0183228593176669,-0.0108768626945821,0.0386755741828981,0.0957497912377931,-0.0322423925195808,0.006917523219269,-0.2104331141048491,0.01841323502568,-0.0009633895081876,-0.0308238223323232,0.005075129853358,-0.0123970342609388,0.0720589465511294,0.038800032785722,-0.0528643015039692,0.0038738271228486,0.0967876647368455,0.0484945895415032,0.046790853205674,0.0902854158655159,0.0948826119394023,0.0244949235283216,0.1596123240075908,-0.0036015423816279,-0.0462262830886681,0.072185988524966,-0.0237298364399831,-0.017445521005188,0.0180571660786381,0.0564213233881198,0.0631505116777322,-0.0454925152239772,0.0891626197406765,0.0108882783359269,0.1855191495592301,-0.0590396756475458,0.0352885314541628,-0.0646038971791722,0.0908120246804313,-0.1365113547234592,-0.0732503577568466,0.1257675283863253,-0.0237059821459424,0.0118126157166316,time,2151,60,48.41289138793945,0.0244949235283216,0.178158972338202,0.0028985802102204,1.304545013968593,9.48834964880965,0.154371919408485,17.4041780439873,2014,0.6507230704614066,5,0.0661979169202018,0.1590399468954908,0.0543761527012105,0.0,-1.4964443060619643,-0.8457212356005555,0.3472894516333525,0.1527052120589237,48.51062430042958,46.368079202966896,62.69802168213016,0.8356599971053268,-0.0711199647986742,-0.0671260139496193,0.017711292457328,-0.0348465528277636,0.0499977747684166,-0.0095220762933626,1.0,-0.0337697731153108,2025-01-10,4.0,14,0.0178222724873062,-0.0207835939944244,False,False,False,0.1538461538461538,0.0,0.0,-0.0097176003968604,-0.1026558607418796
RTX,Falling Wedge,bullish,1,0.7113620238709218,3,29,741,742,2019-08-28,2019,0,68.73818929357611,67.71651885454855,74.86058389442636,64.94440294398471,0.7394786998365064,0.0150874625026435,True,0.0392157271987185,0.0183053366875534,-0.0051430137082585,-0.0174879768670316,-0.0214949883223715,-0.0626706452996203,0.0520696999871348,0.0553299620249221,-0.0119243982242666,-0.0051344196424845,0.0153925018271789,-0.0188280063577059,0.0378570893892278,0.0178529688892525,-0.0171928322965329,0.0153131069962644,0.0259804720350802,0.0112921902272169,-0.0171928322965329,-0.0133927427971485,0.0194007695552842,-0.0075576072271693,0.0365922623040966,0.0738228354234475,0.0410177225587589,-0.0412782193153892,0.0374554790775716,0.04057676524553,-0.0162069615419052,0.0684952834394072,-0.0267171313875336,0.0177843196498956,0.0036627645916251,-1.4978109241781112e-07,-0.0086560309509815,-0.0189642629803401,0.0499827400368424,0.016455809230679,0.0037661569616385,-0.0291003466794711,0.0091051149313461,-0.0225663923548222,0.0900963483435628,0.0082510629733647,-0.0888015249189642,0.0691557941948994,0.0743691384359175,0.0515679619974076,0.0949863236757799,0.0519432516001678,-0.0021233572250517,-0.041217859637945,0.0855776153689169,0.0091002029717623,-0.055628632718839,-0.1250826279986184,-0.0113504328967134,0.0649004595042808,0.0202283819465336,0.1616574644518051,-0.0218016344080189,-0.0136577411082567,0.041656173559021,-0.0554410951500937,0.0653419962583541,0.0267750234287948,-0.0410065987587265,0.0969841926740313,0.0567770831590583,0.1205375145777349,0.0861312759865937,-0.0873586188234689,0.1756239313880785,-0.0327766984056693,-0.0844229441064304,0.1127204675049726,0.2391191529707237,0.1312828505674099,-0.041003871272893,-0.0046003969523916,0.0926740130722518,0.0374290988115735,-0.004913962439174,-0.2108767036022656,0.0199997459928673,0.055555748517404,0.0032941439601861,-0.0396151001482936,0.1168548488425624,0.0086011995887942,0.0073917951301141,0.0957885795479173,0.156422696591288,0.0879225254424749,0.0887534559917857,0.154601789759468,0.0098500829381011,0.2635649099905841,0.141208014959036,-0.0603293131594796,-0.0976093465988158,0.0749685660780272,0.0204130872111862,0.0393433071674937,0.040516627678659,0.0643270249570822,0.2691212379709293,-0.0976093465988158,0.0868976543637456,0.0291195018100558,0.0594250566769192,-0.0127855089500531,-0.0970961497631611,-0.0735547804219116,0.1112664029882462,target,779,38,74.86058389442636,0.0890683136080572,0.1111633630658374,0.0028902010137747,1.6137953054498282,2.014127204014278,0.0523664661302638,1.6137953054498282,712,0.4845480333968714,7,0.106136256177433,0.0680005738435238,-0.1872006269753688,0.0,-1.061781418340887,-0.5772333849440124,0.850284517414605,0.0860681371255908,67.71651885454855,64.94440294398471,74.86058389442636,1.477643081003402,0.0148025908982292,-0.0200315081867019,0.021689840883596,0.0211558889948231,0.9714279116666796,-0.0017660912979676,1.0,-0.0287127932019778,2019-08-28,22.0,16,0.0003500934202407,0.0150281249057067,False,True,False,0.2666666666666666,4.0,0.2666666666666666,0.0026350692999516,0.1155205786292837
RTX,Falling Wedge,bullish,1,0.7131630106814679,3,29,961,962,2020-07-14,2020,0,54.19560144101644,52.28873345092097,66.60209995651519,49.91061708281941,0.7176658257241385,0.0364680470198286,True,0.0112271890550283,0.0031628941931327,0.0064068003009627,0.0120383310364526,0.0199998838071919,0.018651279411491,-0.0220040935069376,-0.0119243982242666,-0.0031555375497582,-0.0082593045881734,-0.08294710634293,-0.0034061580040805,-0.0437387689813837,0.0296522233548335,-0.0081601595356328,-0.003916898953571,-0.0038889347846584,0.0334030497250184,-0.0074175789337921,-0.005969914142541,-0.0173951443215213,0.0246242022637059,0.0150976004535079,-0.0216516945030762,-0.0178056707714622,0.0049042009553925,0.0474571451820293,0.0219824162121584,0.0237094292867003,0.0227848071501495,-0.0383246575588124,-0.0275572468964464,-0.0364512492936633,0.0653560725578974,-0.0180681887973153,-0.0135544178434311,2.1753707724059272e-09,-0.0097306731237435,0.0410079293961094,0.0555872497370284,0.0210473638904797,-0.0328925765843848,0.0385067789832034,0.0411965911933518,-0.0285740584228162,-0.0305710404130391,0.0306336785199137,-0.0015920828189102,0.0805356815529787,-0.0068321836171447,-0.0208912583140741,0.0360550625190672,-0.0093138518601493,0.0065315755401273,-0.0106398534804794,0.0107313207448211,0.0184246119018247,0.0712486223798247,0.0475992593151386,0.0881193896212688,0.0682407404053986,0.0470763102135713,-0.0036760176154159,0.0435056472089858,0.0357156471349779,0.0551454782460212,0.0355032466520348,-0.0159304501651388,0.0017762296007317,-0.0373138462293528,-0.0912201945003118,-0.130875597208805,0.0150869904592538,-0.0531342870556865,0.1459609363684526,0.3001263704989059,-0.020955521292727,-0.0718509318502493,0.0270084821101765,-0.0230686173461129,0.131439208802385,0.0344423716069801,0.0657414854597846,-0.1214455326017739,0.1202303362836749,0.1571788251447012,0.0811977384851316,0.0178068680428884,0.1101800960524121,-0.0354655496336622,0.0603756968796043,-0.0778128146896195,-0.0355362782684003,-0.0966821654521283,0.1368704894760302,0.0124224105009005,0.1848158414223402,-0.0233733352780055,-0.033145159760606,0.024930205197531,0.1137827784879685,0.031375586778787,0.1591327695337192,0.1647189544254059,0.1774785641623026,-0.0388029985386988,0.0229885833657486,0.1410757406080052,-0.1044275770587458,-0.0023676722713004,-0.0695601775523878,0.154716992323481,-0.044072024485153,0.0638427718392,-0.0891564154272264,stop,973,12,49.91061708281941,-0.07906516846871,0.0317564262817805,0.0814755091045021,-1.0,0.4016487525015283,1.030485492948086,2.895342778035009,932,0.715288905978328,7,0.0819499979697794,0.0083808446332851,-0.1169411511262719,0.0,-1.0909815789319215,-0.3756926729535907,0.2534120362340516,0.2134434374074515,52.28873345092097,49.91061708281941,66.60209995651519,1.922206350770735,-0.2213467044223284,-0.0276681188209653,0.0365706326345924,-0.3594262380441076,0.9573459115858284,-0.0058973020202353,1.0,0.0432286725439625,2020-07-14,23.0,10,-0.1178873618382144,-0.0016900421994481,True,False,False,0.4444444444444444,0.0,0.0,-0.1225639476275561,-2.651438932558792
RTX,Falling Wedge,bullish,1,0.614291193180447,3,30,1257,1258,2021-09-15,2021,0,76.29127223280585,75.27593269785783,80.338690025565,73.19197670795467,1.3871105368225845,0.0134882358618311,True,0.0038848727028599,0.0218970395431646,-0.0310891893116789,-0.05206045526924,-0.0192079449644183,0.0274516140621019,0.0175454806207298,0.0269939627209794,0.0029669039388557,0.0375863803662488,-0.0209327613781608,0.0454759420923724,0.0437378363607758,-0.0099976478981769,0.0202623129357182,-0.0225180920008404,-0.0098925307492429,-0.0036471829105764,0.0072425326032554,-0.0213189962813883,0.0398826787234225,-0.021965192323156,0.0010590901359809,0.0241345821836318,0.0497944834686653,-0.1189364393307307,0.0401548626949705,0.0116829145611254,-0.0015174387403922,0.0115728076551706,0.0018350150427144,-0.0110907501086821,0.0032181813143075,0.0128884379253717,0.0322327577260816,0.0844119445021884,0.0037263489136378,0.017016568901963,0.009843492271097,-0.0305221313737812,0.0414482109114411,0.0069638695627265,-0.0278834240421217,0.0681536579781127,0.0241811933363349,0.015165578198555,0.0558039917717565,0.0798266934895356,-0.0226257465103404,0.0119058167095467,-0.0115841197636021,0.0908759682978963,0.0934743156915576,0.0719521082434295,0.0106390699038996,-0.0334447295341077,0.0941925098541598,0.0328684768714599,0.0100567625792484,-0.0423421447072657,0.0425660545455228,-0.0327282365736932,0.0342792958380762,0.0599083612865349,0.0480501563136637,0.052132898777583,0.089141525316218,-0.0033829223678698,0.0260072207331606,0.0616907980253746,0.0219311127143249,-0.1999068401279711,-0.0312057003162493,0.027956638292216,-0.0622025371306996,0.160080641449761,0.0777534467372431,0.1695548691590327,-0.0059513810868286,0.128202801227744,0.0498844389633161,-0.3206555163805059,0.0041709476917404,0.0119645054840795,-0.0083634375835072,-0.1346113994245457,-0.0891810621704161,0.0150022524633641,0.1055057810994581,0.1041866512048697,0.0083108709197097,0.0611659995017841,0.0203133483006263,-0.0255689188510142,0.0499886115345573,0.0806229458104343,0.075140145264138,0.1676547026223152,0.0074163538851557,0.1091972683976667,-0.3270321055486483,0.198849002010041,0.1118315149150839,0.101193030481981,0.0341302716697169,0.0600656161411639,0.1421818686923723,0.1023035796829276,-0.0399600789850944,-0.0283506008302978,0.1166514028850036,0.0027312785721675,0.0061856706811955,0.0024401084270271,-0.028348681014819,target,1271,14,80.338690025565,0.0530521732605047,0.0535671786035862,0.0402638018591325,1.3059154121656362,1.3185926197811535,0.9911209318802632,1.3059154121656362,1227,0.4330871526365301,5,0.0817736457109418,0.0336035105636793,-0.0151936785366864,0.0,-0.9723570430600706,-0.5392698904235416,0.9241700619845308,0.0552435855020243,75.27593269785783,73.19197670795467,80.338690025565,1.2176717015472736,0.0763806317198738,-0.0035617537615832,0.015973991379914,0.0796064605611259,0.9148003694960518,0.0053178921644103,1.0,0.0086480335073613,2021-09-15,20.0,9,0.019641930080575,0.055927552210109,False,False,False,0.25,1.0,0.125,-0.0153465581915464,-0.1775372685305218
RTX,Falling Wedge,bullish,1,0.7444401519286086,13,96,1479,1480,2022-08-03,2022,0,86.49127011220313,85.89066001850105,100.14210756232184,79.16383646677922,0.9945060906882556,0.0069927288202547,True,-0.012890987204805,-0.0264535955357523,0.0016591424713832,-0.0153714190966419,0.0107614500673129,-0.0141037069690947,-0.008515827816704,-0.005252598779825,0.0258144575694743,0.0031714700091727,-0.0192079449644183,0.0408479173908156,0.0522044304119884,0.0553299620249221,-0.0446494333644574,0.0054337579667433,0.0052070763067129,-0.0276574751970101,0.00100149803398,-0.0044177490900993,-0.0080777655419939,0.0220522710384514,-0.0167024628283406,0.0036981373538196,-0.0259369783302616,0.0156274775655482,0.0496625716400043,0.0382134107353717,0.0191633590821236,0.0250390419356631,0.0033534573348037,0.0017802792901857,0.0210473638904797,0.0025402935514073,-0.0090941959371545,0.0011109258470525,0.0210304207777847,0.0023945300298364,-0.0591988850998447,-0.0480323135047306,0.0215388954632118,-0.0216911425012218,0.0361041516345295,0.0125042199609095,-0.0228600060186782,-0.0018135554300444,-0.0461465964879445,0.0001647464885492,0.0149529733277604,0.0571781482322484,0.0184985037170895,-0.1095495825415259,-0.1096839725038791,0.0023473995898355,-0.0052357565737833,-0.0220846348992861,-0.0088043257882952,0.0188962918226069,-0.0110078662190888,0.0115394071570547,-0.207557899888331,0.0891260212813125,-0.1192410509132959,-0.1241579107366703,-0.0036072669714287,-0.0886555576714667,0.0035502924472303,0.0535795409554751,-0.0191507341791226,-0.1248995982038212,-0.0040178439869981,0.0739679721195329,0.1809140259467043,0.0251465515703517,0.0125156480013575,-0.047772041583788,0.2098842164364924,0.131439208802385,0.1251307757782167,0.0865408156341498,-0.1214455326017739,-0.0268291668089353,-0.0161586612317171,0.0593322735520707,0.0463485962546894,0.1253465312208272,0.0177352146016693,-0.2376706123678089,0.0373693169589968,-0.0355821800640507,-0.047772041583788,-0.1548216437356003,-0.0243594333254899,0.0548672653979659,-0.1038293237478553,0.0406081810272884,0.034304098507375,0.1539127317682491,0.1617747182315045,0.0813506990022261,0.0756362376215489,0.1351523551532663,-0.0082512213002959,0.164509519998679,0.1837123430787075,0.050974387691234,0.1237623629162303,0.0264327016335728,0.0130404751793051,0.0868976543637456,0.0826978213382663,0.0389229702263902,0.0257487851688391,-0.0879329407532262,-0.0883306611807425,stop,1503,24,79.16383646677922,-0.084718765673324,0.0290988807798095,0.0929092072713358,-1.0,0.3434762127202722,1.0966780090918014,1.862976604181718,1383,0.4814122010515228,7,0.0913014262811321,0.0899632088952206,-0.1729901499025338,0.0,-0.7897175647010108,-0.3083053636494884,0.7742937648878794,0.1771142846224803,85.89066001850105,79.16383646677922,100.14210756232184,2.0993548297028117,0.0253717828645163,0.0075634564144804,0.0243006907671971,0.0539343058566683,0.8412690243141824,-2.1705158115281623e-08,0.0,0.0814092367388961,2022-08-03,23.0,8,-0.1149699048028675,-0.0576563910870998,True,False,False,0.8571428571428571,0.0,0.0,-0.0645451735969765,-1.681782222105614
RTX,Falling Wedge,bullish,1,0.7221100727591968,3,31,1689,1690,2023-06-05,2023,1,89.93050698423731,87.56819636763828,97.22766594304504,85.51220093991009,1.3334036908936528,0.0269768102414869,True,0.0341169014299336,0.0174061279624533,-0.0181476885927006,0.0097025398255898,0.0321491684492207,0.0364102248566668,-0.0021625939420583,-0.1047077828736977,0.0107176745702792,-0.0149683635354763,0.0237621110556267,0.0338153423977825,0.0199983754245136,-0.0087861162252085,0.0971385030222533,-0.0159250912143669,0.0469135911171096,-0.0094348519054905,0.0210494199808279,0.0240534201918714,0.0036819609600249,-0.0370372506899587,0.0267057717862931,0.0162264835717695,-0.0122121820603873,-0.0067338788101758,-0.0120096775078585,0.0525905537185682,0.0002320892122722,0.0018676593899344,0.0322513075286239,0.0527411026630348,0.0350087068628028,0.025389966087294,0.0040784261470492,-0.2509065736851049,0.0443861430216263,0.0163931584768859,-0.0039893653454501,0.0551351415203531,0.0100034561547748,0.0298022213450479,-0.0302857776344781,-0.0057465421036297,0.0701020807273375,0.0102109736833241,0.0218432574638485,-0.02059237841902,-0.1320192211272999,-0.015887523388657,-0.0039257716803214,-0.0253956921086312,-0.0245873461189662,0.0316152702231358,0.0010820548388692,-0.0144668691732475,0.011418311461506,0.0802478264100536,-0.0194058895603125,0.058786503795188,-0.0019705794744282,0.0237914394597564,0.0028205483680388,-0.0342356115365318,0.1715322005947699,0.067490301275076,-0.0106000894454447,0.0850859211655055,0.0092744682649455,-0.1110879063475792,-0.1699906405729777,0.0605388031516092,-0.0913876463157228,0.0157158654277818,0.0706345236195504,0.0799811558528396,0.0003364930601779,0.0907664378791335,-0.0838631346335596,0.1228558783982092,0.0630222166946992,-0.047970947901915,-0.089867183598023,0.1437840308360136,0.016686621461539,0.1173541699547919,0.0344423716069801,-0.0790698172480086,0.1202303362836749,0.0362910221925356,0.0342226670803993,-0.1418230995377145,-0.0947252251977476,-0.1556980740119818,0.1130620535297901,-0.0113145578646794,0.0399990344527729,0.1567023207580375,0.0127024608541799,0.0970242739608935,0.1254314260448994,0.0498065717801712,0.2802334355482359,-0.0357273086613559,-0.0300786144238505,0.2187919420600765,0.0265155620650414,-0.0635921065252197,-0.0157498085420719,-0.1465609779980838,-0.0218409192718718,-0.0095727740849728,-0.4078311268579471,0.0661394432455968,-0.1169322417012297,stop,1723,34,85.51220093991009,-0.049130225020322,0.0472228769731945,0.1538380980245767,-1.0,0.961177705855437,3.131231293179375,1.6515739031198962,1657,0.6413948519745618,6,0.1009337528898214,0.0686856521978704,0.0792521074585073,0.0,-1.381687864240485,-0.7402930122659233,0.4585147792936221,0.0675817120967591,87.56819636763828,85.51220093991009,97.22766594304504,1.4024928619465686,0.0161947473673396,-0.0167554705460398,0.0156588157508734,-0.0264457682002439,0.0793637337951293,0.0055160796661979,1.0,0.0350677502264606,2023-06-05,9.0,10,0.0847017119903503,0.0955031940046586,False,False,False,0.2222222222222222,2.0,0.2222222222222222,-0.0130857480807557,-0.1763229766084504
RTX,Falling Wedge,bullish,1,0.7191817526420128,3,53,2090,2091,2025-01-08,2025,0,112.49946421386154,111.84168546462286,124.54675053373064,108.49776401667748,1.020224158514638,0.0058813379511055,True,0.0398826787234225,0.0300512055133697,-0.014926307211781,0.0131795837587704,0.0318514176150706,-0.0310355977046679,0.0168900732927852,-0.0008321750510187,-0.0182726451171747,-0.002046109479405,-0.1239791646254185,0.0065913018745618,-0.0262841547806557,0.0237621110556267,0.0454759420923724,0.0132979674716158,-0.0027709064043742,0.029611439343572,0.0095129154808535,0.0147322572747343,-0.0036990178916107,0.021738851129412,0.0397427896172591,0.081750757353737,0.0440466146655948,-0.0012786781913821,0.0405315101041769,0.0136711720400115,-0.048220178939843,0.0222462627282062,0.0405350985948012,0.0865689249003278,0.0870959104455673,0.03932096977392,-0.0216396792662937,-0.0096736243370483,-0.055373348718782,0.0315241963834052,-0.0015174387403922,0.0386915265725744,-0.0196737687933203,0.1020834018211869,-0.0447086051885483,0.011475732558223,-0.0443709975913321,0.0683863380459641,0.1045407828844116,0.0791258206249339,-0.142112610575948,0.1205081192642993,-0.01577868658889,0.0825033820245055,0.0033927989438145,-0.0818179880148324,0.0088017028645979,0.01331200705065,-0.0253224754317245,0.1262598064806652,0.0098443729434609,0.0330083176957922,0.0301963497311992,0.0117656179550558,-0.0055825663634317,0.0643914601461101,0.0949863236757799,0.0236144845751486,0.0106390699038996,-0.030269399459301,0.087923778543369,0.1150765182826631,0.1582591489368389,0.1250000153476567,-0.0172903254305916,0.0983240936759077,0.0311973784958439,-0.1387558087400114,0.0676623320157241,-0.0428000169099215,0.0170515167767499,-0.0423219643087284,-0.0945305784725926,-0.140400237057033,0.0618941146905844,-0.0122477820892568,-0.2020271377570411,0.1041073984453779,-0.0067098361440345,0.0430647198579012,0.0699644591059203,0.121044143424994,0.0552119951652085,0.1102045942780303,0.0179020510362557,0.1544191522094566,0.1408503152543105,0.0901794511045683,0.0955011932196165,-0.0279839183629518,0.0321235312284677,0.1315902243904025,0.2972595300179639,0.0066635328130595,0.0443037493452744,0.0323728836877621,0.0884192317764407,0.0502293116010514,-0.1344007029509143,-0.0722248890028788,0.0944464171966616,-0.0019873962974163,-0.0300786144238505,-0.142309975675141,0.0265155620650414,0.2591817959455929,-0.0311305106103973,target,2102,12,124.54675053373064,0.1070874995188171,0.1432147776689657,0.0108769044379917,3.0105419512302745,4.026185111669142,0.305781508180075,3.0105419512302745,2037,0.4578160951052021,7,0.0689096311773995,0.0388116677478949,-0.1927902172710169,0.0,-0.9846848108134192,-0.5268687157082176,0.5660898333220808,0.0762877505411543,111.84168546462286,108.49776401667748,124.54675053373064,1.7321370477138376,0.038055346411731,-0.0220329509863159,0.0153862203562598,0.1636968137228036,0.843575514240169,0.0011324031265194,1.0,-0.0218395778752243,2025-01-08,11.0,7,-0.0102961713923196,-0.0662614188095727,False,False,True,0.1666666666666666,2.0,0.3333333333333333,0.0291777325968347,0.0569675685143939
RSG,Falling Wedge,bullish,1,0.6109610581237559,5,53,777,778,2019-10-18,2019,0,80.4555140053145,78.34123261773027,83.2873468179084,76.01412614913617,1.512363606190101,0.0269881046919566,True,-0.027469734913225,-0.0347503676685997,-0.0364952815582487,-0.0051428991325792,-0.0092336259481357,0.053890907453078,0.0094940014356059,0.0154205859778793,-0.0090393536872103,0.0627988597896112,-0.0275780475436897,0.0092374650108011,-0.0011931150135419,0.0309835675727503,0.0185316369034913,0.0129990985077212,0.0578934310803078,0.0120550030553538,-0.001232341258525,0.0014999761705678,0.0013387806902529,0.0084301353740823,-0.0377026741572036,-0.0201217422896435,-0.0425652104451135,0.0272262001106486,0.0147642218404921,0.0029866080697864,0.021976795090183,0.0229116477495021,0.0300175676029934,-0.0003593316301426,0.0424391772249426,0.0068076280551645,0.0123510766317673,-0.0216910614388896,0.0185313461244041,0.0049086252619459,0.0379949257383411,0.0579572859732959,0.0011409957212049,-0.0480077065104183,-0.0296187669400455,-0.0144316682856622,0.0594398253793779,-0.0324890118780882,-0.0175217621410611,-0.0588345565483073,0.0200164945102954,0.0167250668145464,0.0338345102303001,-0.0101736110833119,-0.0067733805700068,0.0428970463743241,0.0089384195570996,-0.0256155442682096,0.0156131327723343,0.0946451648236281,0.0227779567681922,0.0504027981041554,0.0845388231049026,0.0868639240224289,0.036508210043832,0.0046739153226318,0.0243033526851161,0.0657320149892732,0.0433317951274432,0.0509163017766451,-0.0505295816963422,0.0093831677464779,-0.0576795465223134,0.0216541595427257,-0.1231115535703107,-0.0044862687159054,0.1044262496721335,0.05464508641061,0.0175335971936307,-0.0055611914518732,-0.0374013201743439,-0.0482860637086216,0.0622688151596799,0.1103829319968308,0.0078684866046048,-0.0203472100721867,0.0663747165792774,0.1149972165641701,0.0218958639077349,0.0240868954378445,0.0784041545398694,0.0766590504733544,0.0697829518300121,-0.0202061606644838,0.0510788155447012,-0.050395631287772,-0.0248211797480902,0.1012890055690525,-0.0402517306873827,0.0798114414080468,0.1048454251969548,0.0270990287853811,0.0997845000945143,0.1339237588027984,0.0238879096427018,0.12256196880377,0.0451701464166349,-0.0407343642522306,0.1066638775263195,-0.0503071412590051,-0.0568679259013775,0.1071149898704497,0.0563123862301531,0.0622230290576433,0.0891510475859946,0.0038374934230431,0.0035441322164326,target,833,56,83.2873468179084,0.0351974982399199,0.0380199625244405,0.0403570686545687,0.6376008815925853,0.6887296778441595,0.7310662359366626,0.6376008815925853,724,0.401291000948642,7,0.1898838817479467,0.0122742417994208,0.0607783975504887,0.0,-0.8313891539911533,-0.430098153042508,0.9747585376082052,0.0599513683793277,78.34123261773027,76.01412614913617,83.2873468179084,1.160277669404945,0.0697017373900139,0.0127269880369829,0.0144573087244835,0.1281149533417884,0.827158129385721,0.0089418531819784,1.0,-0.0010394063010468,2019-10-18,42.0,2,,,False,False,False,,,,,
RSG,Falling Wedge,bullish,1,0.7856224948958465,5,68,1112,1113,2021-02-18,2021,0,85.4671168539352,85.23264626229414,96.10712494418448,83.02427575888728,1.5083603076098386,0.0027509481627439,True,-0.0143857314475132,0.0104566516941212,0.0314215274881768,0.0202979856951055,0.0074485209359034,-0.035734614297563,0.0123861990117,-0.028360309071578,0.0205903750785683,-0.0071675159751395,-0.0309634133644923,0.0189930923054937,0.0024816174715025,-0.0408800473763723,-0.0065920956149794,0.0126446941118978,0.06259164431732,-0.0117032449502171,-0.0028132427222575,0.0147630748439684,-0.0041300525713807,0.0454370546605318,-0.0184212939463226,-0.0040323643386671,0.0351696217279903,0.011619351400198,0.0149647648980675,-0.0195832241644761,-0.0363555926145946,-0.0197218822881933,0.0581511302278661,0.0186434390335201,-0.0027748044833569,-0.0137666809653203,-0.0150074606882534,0.0236363642128434,0.0102180023779605,0.0286779464916964,0.0190741441167832,-0.0052563090802933,0.0087521914784181,0.0226600134867442,-0.0668096242077961,0.0078227337368181,0.0130033211551301,-0.0069297555448552,0.0540537725713123,0.0555583221301206,0.0187338627808515,0.0458337876331604,0.0138185048386296,0.0763297381786005,-0.0098510174898212,-0.0424882878887989,0.077829109932745,-0.0523126759945994,-0.0112460803337719,0.0039344817842661,0.0485052856953891,0.0148519621006346,-0.0246374489974426,-0.013123843640696,-0.017870269428249,0.0471585800691793,-0.0322537553658167,0.0032893661655681,-0.0264193345910722,-0.0813568362762051,0.0521175161126848,0.1417100550352643,0.07397533205701,0.0323295764661042,0.0759423351801611,0.0695393459968831,0.0650327607622514,-0.0196772033333492,0.0766454417682862,-0.0225465657113577,0.0826407851924837,0.0675620695976211,0.1265337791108107,-0.0642787745920139,0.0685947035666838,-0.0056004837758111,-0.2410073929458729,0.0344919189607144,-0.0086949848204372,0.0385478544825819,0.0006442805571631,-0.0038270338073833,0.0830019526093184,0.1189163367720224,0.2159123698389167,0.1499177323102691,0.0747845762417926,0.0038374934230431,0.0556284685191994,0.1117957911847309,-0.0046901715035749,0.057667993822507,0.0738661236816828,0.1289186539967537,0.0078682850349649,0.0762045073033421,0.14420948686149,0.1221210053309844,-0.0222954043928331,0.0407125650879065,0.2254653487840729,0.1011824129149068,0.0330733488455659,0.0878692670137688,0.1006999089201394,0.0414319326225163,0.1428947901542687,stop,1114,2,83.02427575888728,-0.0285822335533181,0.0016347158063074,0.0336748739238827,-1.0,0.0571934241338429,1.1781750317400717,4.355587480421277,1044,0.6164990624520708,7,0.181213910311739,0.1161495543012569,-0.2998325701989709,0.0,-1.3091201554387624,-0.6926210929866919,0.4312316026353575,0.0787193552701105,85.23264626229414,83.02427575888728,96.10712494418448,1.2241494994785478,0.0209728015598722,-0.0210638815174402,0.0143292963936153,0.0384640674383154,0.947917411725437,-0.0002221788655236,1.0,0.0177914911413679,2021-02-18,50.0,7,0.0842099817081494,0.073392402742332,False,False,False,0.0,0.0,0.0,-0.012965646887543,0.0106949167773684
RSG,Falling Wedge,bullish,1,0.7078751929722858,3,29,1756,1757,2023-09-11,2023,2,142.65911057671897,140.00746516859886,152.64135591021716,138.37486372017673,1.1882571004006364,0.0189393144496043,True,0.008735676893675,0.0126626888325724,-0.0509721338833261,-0.0069093548584754,-0.0250302900830673,0.0151724523446143,-0.021229508484483,-0.0166093763387376,-0.000641210449834,0.0171113338589712,0.0175706625028471,0.0438681491795438,-0.0171814265730018,0.0521334281246956,-0.0119757032698792,0.0055838931261316,0.0085599465219203,0.0263843121106339,0.0208460223103108,0.0136066827779182,0.0467881908213911,0.0052735340957541,0.0026181967019786,-0.0089387872863591,0.0205845442668074,0.0169100518341414,0.056966274402423,0.0017519604706428,0.0286463636906737,0.015110755768972,0.0658657927371302,-0.0192947793971773,0.0193192459243496,0.0068829677290871,0.0397464569404624,0.0617433039798702,-0.0659894847660857,-0.0386168291271604,0.0620967409507229,-0.0202520838869935,-0.0612544958040432,0.0364241727444101,-0.0500226210763358,0.0234730310996946,0.0045572329187901,-0.0181419901430378,-0.0034329249365525,0.0259555339688627,0.116669542669586,-0.1126743722887868,-0.0218872894060077,0.0601847777081183,0.0663285636193091,0.0299012253663693,-0.0017058453169715,0.0690117861263968,0.0218751516588167,-0.0284557964196856,-0.0233506517866971,0.0882189282182384,0.008412625888666,0.0930997464885741,0.0544865333329058,0.0291978091656885,0.0285805994206738,-0.0039579222373831,0.031230920905517,-0.0044051838250391,-0.028470982400967,0.0511465186849273,0.0729009589317877,0.0068842441110656,-0.035499209823486,0.0121185845735176,-0.0345859376520708,-0.0631937485157151,-0.0389526120941128,0.010964286784449,-0.115389663837526,0.0252299537295537,0.0702438367836773,0.0982138234380893,0.0380396086516312,0.0628837515722917,-0.0247770970808244,-0.0029510550806522,0.0220543355918474,0.0795725446138011,-0.0536321373516091,0.0928363033193866,0.0014122367428979,0.0435729162611167,0.0974336903662127,0.0722394793088612,0.0779080181674682,0.0096692625191041,0.1415815733215397,0.0360953819112335,0.1584966948662769,0.1180037208330131,-0.0370510172596361,0.0922523844844904,-0.0683623150564944,0.0320238756689787,0.0527531103557936,-0.0197069248622088,0.1554791012315324,-0.016730920673372,0.1102688872837815,0.1088437545193168,0.0622157335155908,0.0298803070948925,0.0771261667809015,-0.061668593523137,0.0444797803072594,stop,1770,14,138.37486372017673,-0.030031358244297,0.0279000749345061,0.0330675975930049,-1.0,0.9290314046919388,1.101102298604306,2.32998836615935,1725,0.7775691281150019,5,0.0695150506557006,0.0522113910978681,-0.195722274732199,0.0,-1.4544369848314795,-0.676867856716475,0.2417124169010329,0.0572658576735258,140.00746516859886,138.37486372017673,152.64135591021716,1.6740538045821969,0.0686236760020126,-0.0102316122803014,0.0117617244805703,0.1677112741051878,0.7702720814904251,-0.0002052201403478,1.0,0.0062830852838873,2023-09-11,47.0,5,0.1917537056520066,0.0854494236255256,False,False,False,0.0,0.0,0.0,-0.0076225548994853,-0.1034545289293877
RSG,Falling Wedge,bullish,1,0.6910565537428732,3,32,2089,2090,2025-01-07,2025,0,200.61065692894675,197.3560179010269,220.8027586479716,194.7580357642045,1.0733792207264827,0.0164912074257195,True,0.0287900398064988,0.0218594548210393,0.030070385230956,0.0184614112177525,0.0195246690631993,0.0083131481956275,0.005435177846031,0.0317259557752409,0.0131694785518654,0.0092876703277104,-0.0318349101452937,-0.0117032449502171,0.043728817146531,-0.0296154693178438,-0.0226571431109632,-0.0002914408700047,-0.0017754683745173,0.0025276350750622,-0.0509721338833261,0.0019187841261718,0.0267475740314317,0.0059804204565898,0.0253879739868986,0.0411005510663831,0.0053438082754395,-0.0119408297596215,0.0056468809602898,0.0202597925184593,0.0085540239788248,-0.078111600599148,-0.0131348739041481,-0.0403073155484555,0.0207080604623657,-0.0878924834394191,-0.0304837430083004,-0.0029743874576959,0.0296866965092725,0.0047550940759963,0.0577597226097759,0.0596475815378998,0.0447083203664699,-0.0052667625095101,-0.0442012555776687,-0.0211345764885175,-0.0435587289127912,0.0474645702756792,0.0867133878052561,0.0567829126607259,0.0055857768780198,0.0879400875090914,-0.0136419544427204,0.0211190760555639,0.0245682853367599,-0.0401877126418442,-0.0051024303972183,-0.0531766133799576,-0.0175217621410611,0.0784876680489017,0.0466250960007765,0.0702647395231961,0.0705815091981125,-0.0220470989869461,0.0590634039818709,0.0437824780928595,-0.0055856322693599,-0.0570302643596674,-0.0038552748322563,0.0115823633498697,0.0716408007790566,0.1485603789735181,0.1702693003232415,0.0601390503577521,0.05464508641061,0.1003181275573457,0.0175718807593898,-0.0716809924574611,0.0805309488625007,0.054089132035259,0.0870322305455784,-0.0295027134503341,0.106786391427337,0.1057309054713375,0.0226675177732311,0.0657930739915741,0.1184253804863832,0.1088835076031073,0.0166962303979896,0.0525496213727767,0.0573938053995211,-0.0228846613396245,0.0280621669388647,0.0978980444663612,0.1573963914453249,0.2965165220375928,0.0984403453575104,-0.1080558072178139,0.1111833507869177,-0.0529873469021507,0.1044386840440878,0.0238879096427018,-0.0245134883456243,-0.0012956105321529,-0.0274736591045947,0.0446858515844819,0.1012358091279737,-0.0676570802062056,0.108668524563771,-0.1050605430007991,0.1582237189726094,0.0023981946290616,-0.0096343947123982,-0.0888747959394357,0.053876638665101,0.0438190695460281,0.1391311228973714,target,2113,24,220.8027586479716,0.1006531857685735,0.1008387036538783,0.0013242644233125,3.450095461614243,3.4564544696203128,0.0453918933808291,3.450095461614243,2057,0.747389411959337,5,0.0112139817002106,0.0385562427947046,-0.0100960446819617,0.0,-1.1516831974889172,-0.4042937855295799,0.1707417659371515,0.086090677726379,197.3560179010269,194.7580357642045,220.8027586479716,2.732303728071778,0.0267727723925148,-0.0211033823863062,0.0136762788210383,0.0455947047910128,0.6555588522019282,0.0047275736339149,1.0,-0.0282964543296759,2025-01-07,30.0,7,0.0130304707205868,-0.0023761145305692,False,False,False,0.0,0.0,0.0,0.0092699082850036,0.076122175875124
RSG,Falling Wedge,bullish,1,0.6063542508172732,3,31,2258,2259,2025-09-11,2025,0,229.15904315846336,226.59301450616908,242.4684129407683,223.97957799583455,1.1281654413345372,0.0113243943459007,True,-0.0219586752019533,-0.0290452740343893,0.0608077310125751,0.0150925424798995,0.0204292559308274,-0.0077692768227987,0.0001333770480471,-0.0140100767324614,-0.0062657203133663,-0.0201356536901513,0.0517557823357734,0.0369013446162052,0.0098299300597455,-0.0321052871883444,0.0521469344699185,0.0106249173585546,0.0153653224726715,-0.0082827593452136,0.0011150299937328,-0.0306430387095837,-0.0199424453003536,0.0041555543226055,-0.0289188484018675,-0.021311459069248,-0.0247702578672375,0.0040203407105021,0.036094755127001,-0.0013384606178812,-0.015060666627536,-0.0001446422584434,0.0207485306671744,-0.0080642204465291,0.013005112176559,-0.0448190199751191,0.0012565717465455,-0.0101845315341418,0.0249955934395591,0.0384150719103812,0.0219999872582143,0.0259670223682746,0.0383874430480883,0.018476551160443,0.085503665655084,0.029261333099416,0.0217966155840163,-0.0363273116938284,-0.0409781067346267,-0.0644282815359816,0.082421125198753,-0.0303122710245133,-0.0700849075702221,-0.020015020885349,-0.057621577173563,0.06309517216599,0.1154375095833333,0.0188409433102074,-0.0583766886428439,0.0212902602903692,0.0626266606955507,0.0017497415423763,0.0194022124292412,0.0921038051071385,0.0706079644875694,0.0197809115776685,0.0593446027333217,0.0524542634898275,-0.0586154480161249,0.0705815091981125,-0.0637136451594689,-0.1165093613837238,-0.1386633704735629,-0.0157301542057035,0.0004326984431823,-0.0277108908878335,-0.0360692477901615,0.1029694561998699,0.0663567440553867,0.0741605917134449,0.1416878352033745,-0.032854099578744,-0.0171525984097997,-0.0116718498126626,-0.0781279697738507,-0.0298494496231501,-0.0232913956009678,0.1060617648104973,-0.0491054210207161,0.0082762183822195,0.045949794522675,0.0268114618541772,0.0427398532186511,-0.1312035284687182,-0.0633001383666884,-0.1089070329034904,0.0589398384089794,0.0775654876595026,0.0124427715285539,0.1292906996192941,-0.0008382116704266,0.0588013523377655,-0.1341711842816023,0.1411084009240129,0.0782965318925041,0.1058585979836996,0.0160856609594035,0.0333457623909383,0.0589398384089794,-0.0555597245796875,0.0295585587013309,0.1448113924743028,0.1117957911847309,0.038102212023418,-0.1561990245413068,0.0023851878307978,-0.100828135329448,stop,2261,3,223.97957799583455,-0.0226020544126953,0.0035374980786631,0.0298533137866222,-1.0,0.1565122361919526,1.3208230208424765,2.5696417225345134,2227,0.7393478212813351,6,0.1806879411004059,-0.0095808073655844,-0.3691478884762266,0.0,-0.9954817340883548,-0.2561339128070243,0.2216520837056974,0.0592258576562529,226.59301450616908,223.97957799583455,242.4684129407683,3.1508297768975484,0.0016433644098301,-0.0172985162831614,0.0137252566352973,0.0116506999612073,0.8761398915487414,0.000919006110577,1.0,0.0197552384482084,2025-09-11,30.0,7,0.0538541836346957,0.0140314283404323,False,False,False,0.1666666666666666,0.0,0.0,0.0086251168462933,0.1031776559042237
RSG,Falling Wedge,bullish,1,0.6006994376939152,3,35,2427,2428,2026-05-14,2026,0,210.4556028021713,204.23934953151365,228.13020125071355,197.25677185118684,1.1016009054716842,0.0304361196063176,True,-0.0141185816587064,-0.0153722508986325,0.0082738446199066,0.0017417476050285,-0.0086820978215123,0.0270124187024067,0.0072043629562981,0.0091944759518252,0.020941613771398,0.0048186646434928,0.0023991963055367,0.0157829510665625,-0.0427886324794929,-0.0016570280210483,0.0069208665012008,-0.015011756944091,-0.059531128920405,0.0134813398925832,0.0121093127316282,0.0106837730338151,-0.0610322959980695,0.0129189986993152,-0.0123576129735254,-0.0503624792869024,-0.0701659109221275,-0.0185774770789507,0.0705919071629641,-0.0040105594853869,0.0539504879199068,0.0342098978706824,0.0082738195039098,0.0282584391501223,0.061701673864668,0.0307010941713472,0.0207049739859863,-0.0756607847025891,0.0072512482768498,8.322043128417e-05,-0.0121622799140442,0.0005635887154824,-0.0028851057358765,0.0047550940759963,0.0202160353010822,0.076772619706062,-0.055269251115812,-0.0628359113920866,-0.0054958008904514,-0.0054418754236517,0.0089384195570996,0.0119318761805693,-0.0040912666287349,0.0029499218470745,0.0321342571611531,0.0141762075539071,0.0039515421324258,0.0273115871653597,-0.0038861318673562,0.0638486906364106,-0.0044917576792591,-0.0424882878887989,0.015709935094996,0.0777661153570548,-0.0319755790579461,0.0252800055508242,-0.0136419544427204,0.0022682116219669,0.0022541423575903,0.0161458272117527,-0.0157003889836199,0.0454936616067451,0.0293477169762579,0.1553746770802844,-0.0193246315331052,0.11262682548414,-0.1951746341519885,0.0702438367836773,0.041134123568933,0.1372959689476742,0.0393692996680852,-0.0553939976052402,0.0266981809519952,0.0577941332488221,-0.0176705106883218,-0.0020900327021147,-0.0665052080171978,-0.0069032859475935,0.0773910859903754,0.0718985361846742,0.0245473301389347,0.0033128917963185,0.0449768702740245,0.0205135886331263,0.0219732759181057,-0.0194874250585015,0.0032932218755681,0.0433976011743904,0.1320806175317155,0.0785752777055153,0.1576302459921901,0.0990450335064685,0.1489215325338226,-0.0007994475660598,0.0197901100801649,0.099402136326856,0.0397909774651585,0.0743445507789029,0.0318709138644954,0.1979248361988423,0.0525572510137815,0.0497831137567188,-0.0028909553458922,0.0927952054926539,0.1048428021131759,0.1631177990862498,-0.0573003652611302,stop,2439,12,197.25677185118684,-0.0627155123230024,0.0371440281909479,0.0637229638321071,-1.0,0.5922622141655457,1.016063832882623,1.3391033277249378,2392,0.55243971412301,7,0.1767269778545923,-0.0199599883360368,0.1497350737205725,0.0,-1.2380541299854613,-0.6856144158624553,0.6549963569095261,0.0823235014096879,204.23934953151365,197.25677185118684,228.13020125071355,4.162847303904834,-0.0432059691032805,-0.0252450336522532,0.0200067115931726,0.0133333908011084,0.9378996448327572,0.0075121278766909,1.0,0.0662856887702976,2026-05-14,6.0,13,-0.1525557453922227,-0.1582164405165148,True,False,True,0.75,1.0,0.0833333333333333,0.0382482979327567,0.8818387685580259
REGN,Falling Wedge,bullish,1,0.6699717468074482,13,88,775,776,2019-10-16,2019,5,298.39411269916434,286.97728813229264,330.1635568349972,266.4944346428458,1.5103581055063535,0.0397830247862984,True,0.0126491633855569,0.0119813731555589,0.053222043175588,-0.0172625991351386,-0.0007719393040463,0.0232484551371017,-0.0977617106349516,0.0528521953576979,0.024188579386611,-0.0360226643529608,0.0006550457952432,0.0346258823878806,0.0177561823009408,-0.0755181750732639,-0.0209371399430172,0.0237013803448244,-0.0040277504434472,0.0078234454624395,0.0023797628219452,-0.067827216312629,-0.1249186876824562,-0.0125238570927769,0.0235051017757777,0.0325023441740048,0.0176194977480403,0.0162702695245773,0.0385230451477833,0.0124889014277498,0.0681751799248664,0.0393838340568282,0.0347458748361231,0.0095963825023632,-0.0711932669341721,-0.0031507768720727,-0.0188297038129852,-0.037801081926423,0.0109226817739276,-0.0368351498818434,0.0134085865982178,0.035514908106994,0.0012945553639858,-0.0368764749678318,0.1630621853217171,-0.0943208500021191,-0.0443599193504156,0.0275013851321413,0.1563362013874216,0.1249024476616633,-0.0793601151596167,-0.082021643054211,0.0001339091890759,0.0161237441263677,0.1461992205429314,0.0257883199869111,-0.0526877060386232,0.056863103947065,0.0481226969438417,-0.0447572259362024,0.0696667766375127,0.0078308664475679,0.0306722686524625,0.0530649936235063,0.1522997807516333,0.0030605763830011,-0.0400777312982629,0.0308524610957203,0.0596006855930122,-0.0985227723030709,0.1411935908808905,0.2355501063697072,0.1773210890347676,0.0511632773988979,-0.0355882085772009,-0.1142874438790609,0.0250298755230122,0.0632836932236251,-0.1829949595658292,0.137131204709783,-0.0473052014651756,-0.0342283595252124,0.1001409984929346,0.0327373545365146,-0.0241542926428453,0.1164570491981391,-0.1322289243527388,0.1590112659581759,0.0495110625510761,-0.0423418944313124,0.2052607385471618,0.13383924796595,-0.0526821930015242,0.2151623918364886,0.2580261733857489,0.1583112683673659,-0.034149191363123,-0.1031744915914618,-0.0996437266551268,-0.0006750391493172,0.2437833417574362,0.0468296902023666,0.0958899044036327,0.2017089472802067,0.0926344656864779,-0.0236486804856437,-0.053290283154277,-0.22541579958455,0.1471967737381407,0.2741920154570587,0.0608382381923757,0.1964465642555906,0.0660059684258063,-0.0683755799508618,0.0216025231039318,0.1255311789839888,0.2098118324081164,target,789,14,330.1635568349972,0.1064680661708035,0.1423924594492992,0.0210817269927009,0.995917390756867,1.3319592604480648,0.1972014641980689,0.995917390756867,682,0.4136790620934817,5,0.0026588723483315,-0.262645644237294,-0.1923141189948595,0.0,-1.0445316690839543,-0.630852606990472,1.1975753486055694,0.1264705047740466,286.97728813229264,266.4944346428458,330.1635568349972,7.804927397686669,-0.1260062444258137,0.0323711468929353,0.0263145621378645,-0.1270372747606342,0.2191764459971936,-0.0051345081076216,1.0,-0.0043908401114551,2019-10-16,31.0,4,-0.0057664911697534,-0.0261864534319934,False,False,False,0.0,0.0,0.0,0.0603541294476182,1.447805712528024
REGN,Falling Wedge,bullish,1,0.6353991483792787,13,148,1151,1152,2021-04-15,2021,0,492.007009805622,482.3732674216085,635.232573828567,424.1806627064435,1.0108261017525948,0.019971551150643,True,-0.0125238570927769,-0.0005883004595651,-0.0099982402532847,-0.0140918544601794,0.0046924387189926,-0.0580038125473931,0.0163757011834193,0.0267104803319786,0.0584787517953231,0.0918063585876209,0.0175588044928256,-0.0243447189357629,-0.0101530466979632,0.0147072437700874,-0.0256112508636568,-0.00404200171404,0.0344116460870773,-0.0045325117070785,-0.0192826559518978,-0.005399488085106,-0.054703738328762,-0.0170773909251829,-0.0133988928176277,-0.0234571199043871,-0.0301914698192875,0.0263615269908501,-0.0307471170207189,0.0128326411149906,0.0944019726125851,0.0162799034003102,-0.1261883475278188,-0.0242133071702298,0.0398102887550069,-0.019040428876854,0.1159664425002766,-0.0069862118420576,0.0082796611272333,-0.0882282867722471,-0.0001840079287505,-0.0327086298753858,-0.0069584795446245,0.0520151210273851,-0.1043690503974271,0.045882279019108,0.0441777771854348,-0.0242763072432404,0.041317005454232,0.0580218089857555,0.0106729668625251,0.1980903605385533,0.0183241135405825,0.0673636641675989,0.111330631620051,0.040334898822927,-0.02111169771731,-0.0681463779592067,-0.0824790714566231,-0.1220629856211032,-0.095075969011618,0.0201621884905285,0.0928583355181078,0.0197684737279104,0.0977214017889283,-0.0681868304117908,0.0204322285294225,0.0302772489946492,-0.005958636441401,0.0268167798585858,0.0267604192621661,0.0581898843799022,0.0412696365607256,0.0477777515876156,-0.0001063993758652,0.0340166285782825,0.2069320725721199,0.1321964154806678,0.1697935550382736,-0.0786878202723005,0.114707156613627,-0.0326934552755814,0.2651739103543646,-0.0041900254879799,0.0054864745687015,-0.0139645143411096,-0.0172245878018006,-0.0405777119789664,-0.0623490704500382,0.2076126905594497,-0.189981872252713,-0.0495495101081581,0.055031300927439,0.0207197349331008,0.1558040535107931,0.1048518303183645,0.1093916067039875,-0.0025424893354142,-0.1661348021589095,-0.1104006345427438,0.0688677420714829,-0.1435264545987575,0.051117110172915,0.2122751392341924,-0.1231658112605376,0.1410706966424744,-0.0494026759240504,-0.1304136343741357,0.1253153404667024,0.1335527236222617,-0.1356037985700918,0.383063228158891,0.0732506699507309,-0.0978149729150597,-0.028847326275466,0.1571057194628859,0.1324461846842252,time,1211,60,568.6636962890625,0.1558040535107931,0.1936777968479591,0.036746071312028,1.1301904018411897,1.404923569797544,0.266553123403487,2.11165085764555,1003,0.4049013064411443,7,0.1377973652440543,0.1802623308872424,0.011780416224763,0.0222222222222222,-1.3147153284509876,-0.9098140220098442,1.2361138158911198,0.1950675802523872,482.3732674216085,424.1806627064435,635.232573828567,11.649355818753005,-0.0879909338500124,0.0414285278600876,0.0237734256222829,-0.1864206234622679,0.6555320185325733,0.0130518120193265,1.0,0.0502746083361633,2021-04-15,38.0,13,0.1624201107774725,0.1440167541517967,False,False,False,0.1666666666666666,1.0,0.0833333333333333,-0.0323003789300665,0.0791902585240843
REGN,Falling Wedge,bullish,1,0.7403169297518957,3,39,1351,1352,2022-01-28,2022,0,617.3245184687781,607.0641932926333,682.7587116615518,579.6853221886065,0.9777689295905502,0.0169015489457453,True,-0.0003050065150419,-0.0172119187939451,0.0295277286451647,0.024490589209881,-0.0196881009534833,-0.0560277596343367,0.0175500539327682,-0.0472690636251409,0.0018734850972961,0.0355979779673794,0.0246885709457205,0.0032784745274108,-0.0665605531144454,-0.0043426641539279,0.0103277564799804,0.1239568391813179,-0.0068460773571377,0.0513035277582691,-0.0612501547563726,0.0221724731546462,0.0134254392225929,-0.0053513477458306,-0.0048478662541295,0.0244885398363396,0.0262561260925743,-0.0286310353421236,-0.0031507768720727,-0.0061346970312942,-0.0230575225223315,-0.0011264539627267,0.0800863551106019,-0.0022654882753421,-0.00778407862742,0.0748089419406705,0.0284667121141684,-0.0093514418916333,-0.0050840288791882,0.027392919040061,-0.0500603559443075,0.0024768922314788,0.0100446528274664,-0.0679414664276569,0.024443930253043,0.0397937744387058,0.0082796611272333,0.019928215170973,-0.0076867735831707,0.0027608446112356,0.0391520298049519,0.041241164985122,0.1519763543874892,0.2358368145109224,-0.1437640884951413,0.0610567373437576,0.0789571458484315,0.0802885597585969,0.0163151550647835,0.0179208801964105,-0.0893488908034859,0.0006132398528855,-0.0296329780396638,-0.0305041208416632,-0.0445183245220984,-0.0209301733579841,0.0123522555784272,-0.0035988994707765,0.0257883199869111,-0.078322233475773,-0.0237307209987758,0.1127335851056376,0.0762764235632178,0.0718472053332277,0.2004687290801512,-0.1639663870550737,-0.0283439358768149,-0.2200352103930291,0.055031300927439,-0.0428728112534807,0.1476364775224479,0.0780902483702727,-0.1302294067468969,-0.0175308091626892,0.1927746897569591,-0.170906414648882,0.1767018435192808,-0.0631639215011733,-0.0750882942667198,-0.0227377185309877,0.054501530895755,0.0417440245840259,0.0711843708319748,0.1049783095363483,0.0829174196216309,0.1369635902562572,-0.2058753877410417,-0.251609635874393,-0.1642695402018605,0.058257161064231,0.3073843140882084,0.0231085882720496,-0.137499020044336,0.0230794438556936,0.1123221992386773,0.310330529967701,0.1281928975091226,-0.0549108080891892,0.2701378016877633,0.1123345044642265,0.2701378016877633,0.0393159006298688,0.1726037669490523,0.0989133475195864,-0.0196622690985003,0.3766929388589544,0.0094681928844519,target,1384,33,682.7587116615518,0.105996426895659,0.1072614944405768,0.0421246748959236,1.7384588317377143,1.7592073410093725,0.6908913371107006,1.7384588317377143,1312,0.4904988523688308,7,0.113102129859213,0.1483218888171971,-0.2674251408241921,0.0,-0.8415015798041334,-0.3510027274352996,0.6205375222245948,0.1138404008291162,607.0641932926333,579.6853221886065,682.7587116615518,16.485843281400005,0.0602508519949169,-0.0091647028723791,0.0266296732055244,0.0875551217570682,0.996537553415701,-0.0007061578876507,1.0,-0.0718454713618933,2022-01-28,49.0,13,0.0210737737404711,0.0399679879892784,False,False,False,0.1666666666666666,1.0,0.0833333333333333,-0.0037545552873357,-0.1953581963847222
REGN,Falling Wedge,bullish,1,0.7065773487809844,8,110,1479,1480,2022-08-03,2022,0,597.0161421967855,588.6459686304975,807.2910861815822,527.3123686279082,2.1934034125533213,0.0142193678583435,True,0.064448675799321,0.0508860674683737,0.1033950036422726,0.0243445998694222,-0.0316807569520611,0.0053910199431599,0.0264671310802047,0.0190309793993583,0.0514165138156867,-0.0585000061745952,0.0378364596804865,0.0203685006239506,4.865958673105908e-05,-0.0471671531467143,-0.0075295646939831,0.0035332124540419,-0.040744750393013,0.0129717701995679,0.037505398453808,-0.089877364057247,-0.0364750563668684,0.0083441073599035,0.0625147405831154,0.0559030648598775,0.0262679491757962,0.0035358307194608,0.0839244843669209,-0.0366362831044919,0.0451169648983809,-0.0532288249808691,0.0732850714006676,0.0570659052488649,-0.0003159776710113,-0.1094909787327046,0.0666569859260519,0.0253548425306908,0.0429116726270777,-0.0135345278051687,0.0749828418334257,0.0878723386996038,-0.0461826298381479,-0.0307836136943483,-0.0081858253302929,-0.0468722272857908,0.0366087224014521,0.0432988262493889,-0.0358251829348956,0.010486160041598,0.0035080620297529,0.0596006855930122,-0.028317781200038,-0.0034041371523735,-0.0197392677576029,-0.1482708043202506,-0.0707856590525559,0.0171306121033425,-0.0643422633566198,0.0328600812314643,-0.069261921327588,0.0721428998752307,0.0396779549363566,0.1141285944333971,0.0478311376221534,-0.0316080023968935,-0.0294996784916373,0.190834699687759,-0.0530475613649489,-0.0984519980957281,-0.0338744655847072,0.1479631631745688,0.2688449173913919,-0.1594784320623123,-0.1284606837611128,-0.0905997849784564,0.3081356078426776,-0.1302294067468969,0.1378507780756803,-0.2408754990630234,-0.0138789213539448,-0.2315484077156526,0.067595494922156,-0.0039012753825812,0.0163051831995415,0.1153528792979072,0.08613714180981,-0.0468365822813552,0.1015465846229926,0.0744668674829425,0.010248826471598,-0.0271231217669242,-0.0295984790304639,0.1572077246954397,0.2028209371067597,0.2820476358302156,-0.1912480142679584,0.1417774135627891,0.0204523987098237,0.0684832056882494,0.1673130382493193,0.0405210322099767,0.2094140372895525,-0.1080639842513075,0.0447285947293798,0.1786537689761591,0.293540165823152,0.1865496775903505,0.2145765031855901,0.2402198463290368,-0.12038400081292,0.0272930283136325,-0.1189178763348071,0.1784333476300761,0.0296296631494747,0.0309000517924122,0.1261273422286606,time,1539,60,718.103515625,0.2028209371067597,0.2628390986276012,0.0504938710211442,1.737170991303116,2.251229404762029,0.4324824114699812,3.0166938347608245,1369,0.5878907711598205,6,0.123135762625364,0.1145270952397199,0.1442617256590956,0.032258064516129,-0.8857686295676359,-0.2978778584078152,0.42265141314196,0.3417594689133952,588.6459686304975,527.3123686279082,807.2910861815822,18.54146196791425,-0.0374330979320999,0.0058668955319243,0.0307446725079666,-0.0074835176480574,0.4805806097048465,0.0435508834749009,0.0,0.0814092367388961,2022-08-03,49.0,13,0.0887248294924298,0.0741588032413627,False,False,False,0.0,0.0,0.0,0.0319859082534741,0.4662898824391136
REGN,Falling Wedge,bullish,1,0.6241578968493593,3,60,2093,2094,2025-01-14,2025,1,694.0602985237266,689.3467150000452,1005.4514988346072,673.6586743372368,1.715586087402156,0.0068377543855868,True,-0.0293742604781562,-0.0566640570812401,0.0389658733242046,0.0026572931124788,-0.0035484877281014,0.0203030667091759,-0.0178820613626831,-0.043762289685578,-0.003634266803381,-0.066587109049375,-0.0050756739039015,-0.0428780488427305,0.0417396582265201,-0.0840261522021739,0.0246094349907377,-0.0090295202582078,0.0192634295353362,-0.0334605803015317,-0.0444687806056697,-0.0221402028067402,-0.0452180308842812,-0.0095434149185645,-0.0151884673054329,-0.019040428876854,-0.0384869555482382,-0.0611126310342794,0.1340550447705382,-0.0437638996187939,-0.1449499765867206,-0.0561202090924958,-0.0133455277831383,-0.0278095149122281,-0.0579703412766388,-0.0230575225223315,0.0316098646905635,-0.0115407171735737,0.0575009876257148,-0.049233946604799,-0.0996963848862479,0.0041078158034135,0.0847071637187333,-0.032262328176895,-0.0398674480781566,-0.0808112103316838,0.0356858107054338,0.0006533196613251,-0.0524542737457497,-0.0745266863454893,0.0677064021196096,-0.0293935438181869,0.031374677277153,0.0748890020418571,0.0119333617879036,-0.0110967371708875,0.1309403074575179,-0.0930742331612611,0.0427310503064672,-0.0151664886066283,0.1141285944333971,-0.108253564094642,0.0533032471636576,-2.5285119051088323e-05,0.0741659334598787,-0.004683222810301,-0.0083399786203066,-0.0400777312982629,0.0644200302936879,-0.065639245547311,-0.0669464025504643,-0.0272980143045491,0.0386144188496467,0.1943033405962235,0.2942794615160875,0.3442501241003666,-0.0666568973015864,-0.0081525751359654,-0.0945053283537613,-0.1331183970093176,-0.1524498545695809,0.040790024761208,-0.2515526084826543,0.139258866899377,0.1869334818809185,0.0399813246515734,-0.0128114471462497,-0.0171402104456204,-0.0695468692047365,0.1924955614076213,-0.0262290040901178,-0.0278628198749044,0.0793955813420761,-0.059881102081597,-0.2191202085962782,-0.1104149838717912,0.1227220457367663,0.031854774473266,-0.208828007235911,0.0458289774046227,0.2884409517604698,-0.1748757744447961,0.2764503114634709,0.1123221992386773,0.2081322765201767,0.0600000977329902,-0.2004550103754664,-0.0636657774531804,0.0459376573373384,0.089923458542823,0.0525317852620754,-0.1004414245128559,0.0803868226858159,-0.0936342391306368,-0.0327793201612909,0.3364865024799728,-0.2629371239624946,stop,2098,5,673.6586743372368,-0.0293945990425965,0.0171136445170111,0.0327285329881673,-1.0,0.582203706613289,1.113419949724081,15.26305932628087,2032,0.9022059063201914,7,0.1549252140912675,-0.0417868029313811,-0.0407235954934723,0.0338983050847457,-1.298846373049058,-0.3966404667288712,0.0714479476302585,0.2336194087322645,689.3467150000452,673.6586743372368,1005.4514988346072,19.4188800599542,-0.2829078526560807,-0.0848242862084335,0.0283731111344225,-0.3615528436000338,0.1624415707096203,-0.0040311737719621,1.0,-0.0333932108242891,2025-01-14,27.0,16,-0.1085298403272458,-0.0672347640446342,True,False,True,0.4,2.0,0.1333333333333333,-0.0419502087626715,-0.3775903578940836
RF,Falling Wedge,bullish,1,0.6047157612315796,3,34,687,688,2019-06-12,2019,1,10.644943794600431,10.374785707461015,11.897347401823383,10.062795123130847,1.8143704281343749,0.0260398715459859,True,0.018169039921734,0.005522166681861,-0.0217086158516397,-0.0123788231613478,0.0453146099666355,-0.0072727045737022,0.0923554851759496,0.0377970219464218,-0.0357916942701573,0.0068875173854516,0.0634614177380328,0.0276968943974951,-0.0087947809843065,-0.0801813502170704,-0.0302818143945611,0.0369029668107032,0.0879841361899917,0.0043118146059659,0.0054680816421683,-0.0072727045737022,-0.0231361599174176,0.1894221853182478,-0.0003701342399239,0.0083858755048031,-0.0001930318995722,-0.0337135676589093,-0.0101564919786026,-0.0384449583859689,0.0803322999488658,0.0209158089942269,0.0031623363402382,0.0388451188729759,0.0915791724543126,0.0109488949878358,-0.0350518889631382,0.0536457761593416,0.1014561674770757,-0.0186138927243697,-0.0241611380137908,0.0365448260441081,0.0485432508827443,-0.0562855965770515,0.0713280262200592,-0.0104939342888981,0.0625002932060154,-0.0112581496450503,0.0642903888883206,0.0250171289167424,0.0684822356535161,-0.0240443775660831,0.0403406765187845,0.1118278176434592,0.023645025196054,-0.0753565122617209,0.1092120231700599,0.0609937227619705,-0.0179264097038854,-0.0245642855903389,-0.1797423375848769,-0.0054288599651796,0.0230053819291804,-0.0700916282722176,0.0188057814726014,0.094640489079441,-0.0814217152538586,0.0344085894116621,-0.090831752442004,0.0869565253472561,0.0591448694111295,0.0286511809758522,0.0091347008980871,-0.1366310053691144,0.1422571390922322,-0.0602409144264373,-0.0564863029120581,0.0222574820733685,0.0078484022233245,0.1048907936236864,-0.1073404959029636,-0.0472379089696606,0.0444241030736178,0.3843912024661069,0.0049349657051425,-0.0537918184529544,0.0331128534809805,-0.0690204258775374,-0.0269987031806387,0.0436711493299815,0.3408803130495417,0.200147285167022,-0.0963371130147443,-0.0050853690830924,0.048995773081599,0.0140973778740232,0.1792984341137928,0.0180811394966164,-0.0259678993400391,-0.0056617571145544,0.2529745931946372,0.0227875207731178,0.1177812856540818,-0.0186923234540313,-0.0018588230208904,0.0629330787334885,0.0963358117243062,0.0106872663278487,-0.0123331834566008,-0.005582563724117,-0.0766253543640982,0.0409606745576911,0.0183398017686071,-0.0175710953842731,0.0382634977845197,0.1597367600410926,0.0063014298660392,target,716,29,11.897347401823383,0.1176524396360108,0.1194966991847965,0.007686997421467,2.1513466724253947,2.185070083989525,0.1405614399053558,2.1513466724253947,652,0.6445885462900186,5,0.1476445227819842,-0.0032425018561568,-0.1655461408328675,0.0,-1.4473943613279912,-0.8028058150379739,0.4601197554707609,0.0874568196639301,10.374785707461015,10.062795123130847,11.897347401823383,0.2761552119578421,-0.0876636383987456,-0.0300517728661692,0.0260699124400429,0.0084030027766095,0.1714273258110945,-0.0034553406077566,1.0,0.0176077332128805,2019-06-12,9.0,15,0.0795604820010584,-0.0033157469184172,False,True,False,0.0,5.0,0.3571428571428571,-0.0136786998280014,-0.070851954465587
RF,Falling Wedge,bullish,1,0.7019154221480761,3,35,1220,1221,2021-07-23,2021,2,15.55200047923458,15.25089765270971,18.94392472983056,14.605944986079734,1.1754194795489368,0.0197432855023698,True,-0.0020738034012731,-0.0002529109185309,-0.049093678791162,0.0509244278659137,0.0209148416116924,0.0289532193719632,-0.0140449154307186,-0.0790512404123106,-0.0393224806615527,0.1290810176948449,0.0182608499335839,-0.0239746310130783,-0.0488132337243009,-0.0262345435223547,-0.0117804329852125,0.0282130534710447,0.0343706253444475,0.0218554588129242,0.0468276730748187,-0.015037688320984,-0.0088059235942736,-0.0486956690189926,-0.0028011398865877,0.0347331674030424,0.027494651257387,-0.0179465994946405,0.0011169647611097,0.0112431991894124,-0.0323759655175978,-0.1362513797549353,-0.0187987239402793,-0.0216631614427268,-0.0254956434029363,0.0114810968218594,-0.0574455433718648,-0.0365119692285232,-0.0302905884613456,0.0268318516746901,-0.0388558708861926,0.0563211520522419,0.0169134898854856,0.0436331224321617,-0.0698641209521193,-0.0630529561433775,0.0668002343544185,0.0504437379743004,0.0383616920244078,0.0291427681035516,-0.0643160857828407,-0.0004059795756403,-0.0973452003892398,0.1717655219530864,0.0643060425484156,-0.0508518344842269,0.0304413631460818,0.0887619447347978,0.1408748031182523,0.0639562569486411,-0.1029278790048958,-0.0584758566702443,0.0010979122631289,0.0567706596359887,-0.1137954287022591,-0.0034408605814261,0.1279015014693156,-0.0633527011446357,-0.0698171634351386,0.1180548599366761,0.026401598225216,0.0017204736376468,0.0105513184157641,-0.0802811333004204,0.0413252171957012,0.0286511809758522,-0.0069443044950531,0.0799619814400947,0.0794926766652579,-0.215196861987248,-0.0690204258775374,-0.1343219485619228,0.1627255779335492,0.1358131599429275,-0.0236851895702493,0.043582269432892,0.043582269432892,0.0789702349719596,0.2878670947333295,-0.0762309113986299,0.023483311927321,-0.0588111919808367,-0.0385316469504225,-0.013401094388826,0.180001701287819,0.1588034100274924,0.2286900203966728,0.0243968676357402,0.0357780814803556,-0.1527359237950706,-0.0809762430446875,0.008686081681781,-0.4212738794269539,-0.1709351887876645,0.3213891386509016,-0.103632821418807,0.0886575813159844,0.1718939858665671,-0.0966331757161246,-0.0027692214304696,0.1491012769624078,0.1954312464533942,0.3192474638416362,0.0207998476006421,-0.1408528162089279,-0.403430695935721,0.1804601199817361,time,1280,60,18.35138702392578,0.180001701287819,0.1909809450171877,0.0243647855446404,2.9590088160219685,3.139494215637769,0.4005274100815094,3.585333286618104,1183,0.7540900631044025,6,0.1206556431326644,0.1333972177699303,-0.0504609890992771,0.0285714285714285,-1.244489770600079,-0.4903997074956795,0.2882129323246187,0.1523958252308058,15.25089765270971,14.605944986079734,18.94392472983056,0.5954517243231789,0.0309873581007764,-0.0904798883449463,0.0386686595002191,0.0919525973923656,0.1733347574869832,0.0116033872139529,1.0,0.034909624726066,2021-07-23,12.0,16,0.1822742439664952,0.106597863978697,False,False,True,0.0666666666666666,3.0,0.2,-0.0150283769119281,-0.3391562063680581
RF,Falling Wedge,bullish,1,0.7421564692601892,5,85,1432,1433,2022-05-25,2022,0,17.552855307090983,17.392319749204276,21.732280410063996,15.849113269562746,0.9616280433844224,0.0092302556646621,True,0.0377970219464218,-0.0091589785236034,0.0249160864421611,0.0185837568513189,0.039456662521355,0.0144731472719383,0.035928113509233,-0.0831928318709009,0.0332212041526913,0.0645782979666429,-0.0070554150714509,-0.0412655406763114,0.014790270454345,0.1097002348258024,-0.0010271764471289,0.0358564425363636,-0.0032874937279082,-0.0141000200505053,-0.016636741757672,-0.0177720700444595,0.0278505878361319,-0.0305555613104837,0.0275739242758637,-0.0001305482666513,-0.0070787458468812,0.0122791388142724,0.1889693668660017,-0.1484518520395356,-0.0058194933393376,-0.0681597425139899,0.0307780290743655,0.0072556949540443,-0.0171703681378353,0.052061931190994,0.0099725033055493,0.0013781205350718,0.0350872247442355,0.0935166731856198,-0.1265406572583995,0.073696523503602,0.0186983641204581,0.0643565002562107,0.0359172595427421,0.1847260210037149,-0.0281280743920739,-0.0208517064374369,-0.0759862320085718,-0.0586662116520964,-0.0400809543502627,0.0782650733608689,0.0012912570366747,0.0357365983334543,0.1468888810142086,0.0013700937214489,-0.0260000411925764,-0.0122951035864466,0.0627803570108649,0.169276565522896,-0.1381251607417799,0.014800899157771,0.0298831274316042,0.0560138306180413,0.1825352708577245,0.0425706241418926,0.0247452669756529,0.246044377181726,0.0982587099643663,-0.0212182562459497,-0.1236233028191808,0.0093513986181943,0.0128413238841309,0.1225930621113657,0.056396541860699,-0.0589559850849801,-0.0226182221704297,-0.0907024498828467,-0.1679672355326497,0.167561665224855,0.0020535039598847,0.0210179667623651,0.1199223108703453,0.0387894920762545,0.1542137694931316,0.2143353919799988,-0.1562913353428867,0.3056963871416349,0.0736431087413058,-0.0383063200993551,0.1085714646696183,-0.1303690668406065,0.2097313286622377,-0.0371143703118027,0.0482271635197522,0.0069260721843864,-0.1558452446554585,0.2562993700012781,-0.0796589259727409,0.2066217781939925,0.1159040435660845,-0.1089031645513917,0.0581482907402621,0.1046852672263043,0.3471601046729273,0.1531634027477433,0.0178475687438381,0.0471267629905811,0.0347833921427116,-0.2536666036920022,-0.0192000368374376,-0.0622637797893476,-0.0024899812830896,-0.0923259363898667,-0.0728947509473989,-0.0404119717552649,0.0255231842621659,stop,1446,14,15.849113269562746,-0.0970635265727941,0.0505979055408105,0.0987426041332621,-1.0,0.5212864948077475,1.0172987487654157,2.4530856261764,1347,0.5531712928864271,7,0.0844425269972765,0.0593891446436085,-0.1275352279006244,0.0,-0.9588436700417904,-0.4056723771553655,0.6163486040523795,0.2150247436341398,17.392319749204276,15.849113269562746,21.732280410063996,0.6652201335195674,-0.0385376140693208,-0.0107198632100826,0.0380592330449527,-0.1258025621890001,0.8148140953073918,-0.0053842046849619,0.0,-0.0476910448791666,2022-05-25,15.0,13,-0.1598481654352284,-0.1028382491239842,True,False,True,0.9166666666666666,6.0,0.5,-0.010663174826111,-0.6134236287148117
RF,Falling Wedge,bullish,1,0.6202681370593855,3,49,1781,1782,2023-10-16,2023,0,14.417780380565905,14.451433934297256,18.11030773631859,13.590587600278257,0.8754123189989479,-0.0023287345660198,True,-0.1368612599377909,-0.1083266884083435,0.0161725463610611,0.0066633638042941,-0.0561385563892445,0.0199334784359124,-0.0132768892793567,-0.0319151744669878,0.0399759762710243,0.0576564979203282,0.0059177146512414,0.0111112068118959,0.0678505239567119,0.0519369709326926,0.0507203621074887,-0.0125928013372227,-0.0017962711723832,-0.0062303280444598,-0.0635984795484969,0.0603408626796253,0.0683941116057389,0.0140007665130585,-0.151117554028437,-0.1350363659512798,-0.0952498594762245,0.0173911558399515,-0.0018959001969554,0.0843259329847452,0.038223430393512,0.0364114371672827,-0.0175581072923132,-0.0236685764556412,-0.0175581072923132,0.0433636888211712,0.1278870103483596,0.088039925181462,0.0801867487947862,-0.0260126505237423,-0.0347106063184826,-0.1491108489154274,0.0409090964571547,-0.0296094639116444,-0.0473963411535766,0.0886073940591531,0.0332062964957895,-0.1515879416754434,-0.0881994487659283,-0.1052509670585715,0.0534429384793753,-0.05966510102798,-0.03233612079043,-0.0795442905669162,0.1259442551490657,0.0226112919153438,0.1255677995547206,-0.1114754879808732,0.0775255721907126,-0.0076445120149254,0.090289551671864,-0.0222463395480848,-0.0908129176903518,0.0549110984321115,-0.0290491663629557,0.0613669325798185,0.1471741981560812,-0.0081453318868525,-0.0725896336930761,0.1126092777568861,-0.106096149482105,0.064823292956514,-0.0074716668418963,-0.0293040792022661,0.058371248453632,-0.4368579208439883,0.1952633901169029,0.1494118402992557,0.0788553388322332,0.0439993098119106,0.1033762789778371,-0.0673893385791847,0.1168982658677721,0.0305825413581841,0.0918147693779236,0.1970911287466581,-0.2252914801147501,0.1771540324724745,0.0032821118542389,0.0168864572419797,0.0306202881479937,-0.0656651493993104,0.2112036112335549,0.0308081607238614,0.145641311761508,0.0405805977931565,-0.0347380326191028,-0.093344106213238,0.1332905346305757,0.0551111092075664,-0.0303575468269735,-0.0198626094309807,0.1313594093073677,0.0712313679249763,0.0001576013671704,0.4769023561771917,0.0111757338021667,0.1829780180813673,0.105957374725921,0.0496110655883359,0.3142712484705334,-0.0722112534042336,0.045445412623863,0.0011324101187208,0.0355915088255707,-0.1633322594146726,0.0856228446144017,stop,1785,4,13.590587600278257,-0.057373101715618,0.0328466539316729,0.159367193479724,-1.0,0.5725096421400457,2.777733619312782,4.463925996148851,1732,0.3988709139479882,7,0.1489704538933007,0.2290566076702256,0.3593554633107689,0.0,-2.2947681888934426,-1.895897274945446,1.3535822677872231,0.0824165927279829,14.451433934297256,13.590587600278257,18.11030773631859,0.4021647427472219,-0.126062123661432,-0.082391071695111,0.0277250180663447,-0.10492209577965,0.9756138408433276,0.0118527177058327,1.0,-0.0171088382275531,2023-10-16,16.0,9,-0.0717146043245097,-0.1066393130296132,False,False,True,0.5,4.0,0.5,-0.0391900227345539,-1.397788077943673
RF,Falling Wedge,bullish,1,0.6582854080207704,3,45,2398,2399,2026-04-02,2026,2,25.97584349665662,24.649837427819875,33.05046742691525,24.199029545121164,0.8739430926243344,0.0537937044298804,True,0.0381276681166757,0.0021443862048542,-0.0371806719527822,0.0529037840109103,0.013725398046845,0.0817803626218407,0.0098168087462562,0.0778219634517596,-0.0388147480205766,0.0072083139198726,0.0666239211719295,0.0127263262586578,-0.0642779791940773,0.0669520262337737,-0.0679838772463425,0.0662568581196454,0.0151853305474585,0.0222340121947852,0.0411839368201796,0.0197478363130065,-0.039385133005673,0.0020613936736493,0.0226983749811198,0.0619101931677352,-0.0208514132428423,0.0011169647611097,0.0451126966407857,0.0260604258584233,-0.0069445134495661,0.0345329182722209,0.1939064548710469,-0.0499087848487749,0.0314960897272329,0.0084566656949962,0.0862651939120215,0.0099725033055493,0.0263505775463654,-0.0318118506308103,0.0725964513888477,0.0674690423709178,-0.0013839984305555,0.0473196552021573,-0.0562855965770515,0.0886254651320701,0.0107649177419717,0.0317246292432873,0.0641752200294787,-0.0346111137633413,0.0769826749215911,0.0789126222701028,0.0215486759083156,0.0176259578214508,-0.0513831820073282,0.1030425551521756,-0.0639700819138143,-0.0251078157497202,-0.2951965144748404,-0.0435660592044903,0.1051134235325534,0.0534891753016595,-0.0222463395480848,-0.0181724113077542,0.0230769801284722,0.1572689731233709,0.1218991127692319,-0.0743530215371308,-0.0423653232979891,0.0600356698775097,0.0550434664412146,0.0419489234384893,-0.1146088323773533,0.2356450665893372,-0.1361233692689586,0.0404302108765128,-0.1119981933051975,0.1319545661648882,-0.0322033747142809,0.0140092652144261,-0.4970371367393071,-0.1355743362061935,0.1039852950764839,0.1127245863393602,0.1113678162211146,-0.0440783252438804,0.0297592076886765,-0.0027684107112319,-0.0125000537352299,0.0230196019481518,0.2047488526491045,-0.0648830899203948,0.1831983400881236,0.034265097487914,0.1509457872765773,0.0094005362479137,-0.0636291360264665,0.0500653126884869,-0.1081041847482863,-0.0103467128526155,0.0140234373376717,-0.0245107804761628,-0.0419976634989447,0.0604052257836102,-0.0781998168230135,-0.0854134875708961,-0.1358239659676271,0.0235788573313193,0.0978365262898899,0.084771625014367,-0.1528362877962886,0.3319234230009427,0.1148547348657587,0.1073343380226952,-0.0369853985156625,0.0805455237519108,0.1395712087860429,time,2458,60,29.896787643432617,0.1509457872765773,0.1600924023764984,0.0124574628398119,2.206727464846652,2.340444921395429,0.1821198583074688,3.981634612979601,2351,0.9113919009976847,5,0.053014772508657,0.157385838787061,0.1253664847362614,0.0222222222222222,-1.2370750587957349,-0.3256831577980492,0.0728400995306401,0.2464432819518269,24.649837427819875,24.199029545121164,33.05046742691525,0.6149702125579147,0.0238194224544492,-0.0420484938574069,0.0236925841500249,0.0303575421134709,0.947367232262296,-0.0216400875252406,0.0,-0.0347696124896711,2026-04-02,60.0,9,0.0810833731216138,0.0547831708008965,False,False,False,0.0,5.0,0.625,-0.0330923837722307,-1.4836476082896135
REG,Falling Wedge,bullish,1,0.8430140915709806,3,36,971,972,2020-07-28,2020,0,32.69152963832239,31.709487708889757,41.942766852542434,30.195897475282607,1.369548660224137,0.0309699714624316,True,-0.027935410107631,-0.0525845073743507,0.046669552308014,0.0278358719994535,0.0047602625487102,0.0034774687184004,0.0018031606950139,-0.0108173981741129,-0.0555956142498536,0.045257557248362,-0.0273037694228468,0.0357532856340552,0.007552799421814,-0.0264696880606641,0.0659283479898633,-0.0586871215469455,-0.0060763797727061,0.0380039175839728,-0.0031203922075188,-0.0360373302670005,-0.0043631014246929,-0.0400696388473762,-0.0283604996163281,0.0298296365349495,-0.0033254372680768,0.0362723312236004,0.0309096827155839,0.0295674631068896,0.0183709935464215,0.0158416880352136,0.0156437154879016,0.030479395189302,0.0155266649732626,-0.0036608368599914,0.0160812881213252,-0.0057378279748737,0.0103502083622097,-0.1198302108600006,0.0307008443215672,-0.0400917621886275,0.0057056066875555,-0.0036608368599914,0.0189922067422869,-0.019345702723807,-0.0354706560439115,0.0274974237848536,-0.0171486884756685,-0.0854461340742777,0.0672084193821611,-0.0573878625702753,-0.0395062711447565,-0.0346426075713945,-0.011497926743956,0.0399659278528818,0.060457170105598,-0.0156688077036041,0.1019762949000342,0.0601969953864167,0.0489770581180564,-0.0341016521128129,0.0350418029851538,-0.0377461725750755,0.082771470784589,0.0623567331469716,0.1409970457138787,-0.0450182378955076,0.0001538932921381,-0.0070071264843618,-0.0380249958189752,-0.1232342596460904,-0.1288579187676466,-0.0619512421668881,0.1750214990584244,-0.1243889295877516,-0.074050795306621,-0.0354359388879524,0.1461837719365375,-0.0103014387384979,0.0114532767561077,-0.0896897746176876,0.0212085049437573,0.2001829374916071,0.0468055097693764,-0.0037833628454729,0.0116936761586501,-0.0763803938395748,0.0488867731149333,0.0930030615401731,-0.4059611229976337,0.0305991707682586,0.0689068145771087,-0.1218343595024331,-0.108593462130244,-0.176834943296017,0.0304187430047828,-0.0079062728007059,0.0920399109898004,-0.0810744183397925,0.1766934076949822,-0.0531017268116006,-0.0215299802060879,-0.002279556812224,0.1069990195996828,-0.0398047733258188,-0.0769335898678797,0.1611968804496621,0.1935958841226936,0.0768424131844554,0.0663153165092593,-0.0230840739835862,0.0306234472226372,-0.0420383830908646,-0.4336246427615572,0.1309561053402412,-0.1228086476361479,stop,1003,32,30.195897475282607,-0.0763388006205222,0.0610796320739625,0.0908324808284457,-1.0,0.8001125453566851,1.189859941341901,3.706971464477216,935,0.5945756217107125,7,0.104093159560526,0.2741572603102136,-0.3889078085371427,0.0,-1.0508134985599824,-0.4562378768492715,0.2614038864259258,0.1857699428927898,31.709487708889757,30.195897475282607,41.942766852542434,1.185245033506746,-0.2037459596821064,-0.0645765770381285,0.0366809268740646,-0.3280066367325088,0.8014179312434572,-0.0065145040316743,1.0,0.0548843324763757,2020-07-28,3.0,4,-0.406262874056998,-0.2642898685796571,True,True,True,1.0,2.0,0.6666666666666666,-0.0153094657439509,-0.5075818717553443
REG,Falling Wedge,bullish,1,0.8094920273137768,5,33,1091,1092,2021-01-19,2021,3,37.43152441447905,35.97655457075258,39.65303524483922,34.5973128241874,1.2139239861186402,0.0404421674361583,True,0.0176218449077871,0.0105900527537616,-0.0070526669890014,0.0200535371345838,0.0144808720679667,-0.0280811957873999,-0.0467211663991431,0.0161434911374627,-0.0175910453492308,-0.006388251385869,0.0051617658481635,0.0260711673486488,0.0176218449077871,-0.0445094319176194,0.01229406405907,-0.0318922195448758,0.0061153344247475,-0.0179497579310909,-0.0392783072992281,0.0687566036498705,0.0423519388816882,0.0449215449260376,0.0158964388186587,-0.0048834428073091,-0.0060377765509745,-0.041975956470167,0.0106026369828382,-0.0657994795608881,-0.0125864146971135,-0.0537670420327792,0.0483920569781246,0.0456320302944017,0.0011197983832385,0.031612841794387,0.0249300893026644,-0.0570195480616463,0.011144203191495,-0.0213224501452626,0.005893927268961,0.0047356308316661,-0.121663591201817,-0.0398616220494845,-0.1086096816692366,0.0814063804667939,0.0199695201797134,0.0069748907033964,0.1297239246129704,0.1001263452009642,-0.079851148983291,0.0030567532764969,0.0790199450580264,-0.0574489932123778,-0.0699480997850158,-0.1136545613609975,-0.052078400492135,-0.0573130106389112,0.01830887211347,0.0589551345698684,0.0171630204948285,-0.0398799822086074,-0.011554036520587,0.0399369175508597,-0.0100221610549343,0.0028487154789265,0.2092595773878982,0.0399209242560956,0.0925894249974981,-0.0354478146740561,0.1280308708003177,0.2471888854016535,0.2048127451959993,0.2449600459234286,0.0424547617553856,-0.0498948342146868,0.3189811497624979,0.2402118443343415,-0.0108596334018777,-0.0331040310889075,-0.0431666934981486,0.0241133760495939,-0.0408720439318627,-0.0071231562442928,-0.1627048107131569,-0.0290931555635901,0.0353694389153294,-0.0490212437862646,-0.0319508020447167,0.0600033137983244,0.0830510239141597,-0.066559727660714,-0.0178012035146246,0.2218392044621426,0.2682077960458331,0.1734266036523779,-0.0117934268222926,0.0379689574061934,-0.0057985533665591,0.0756631566492243,-0.0187038859574241,0.0506568618531875,0.1396304678497777,0.1176910865724025,-0.0110420833700286,0.0587614769151598,0.0432425133114107,-0.1075536597452093,0.1276593803920191,-0.0141588649228824,0.1975545777615306,0.0338666346314593,-0.0581932426273107,-0.0067825294249465,0.1673495020390218,-0.4090362037617066,0.2478586877766817,target,1104,13,39.65303524483922,0.0593486603901403,0.0600846721307319,0.0324839926920568,0.7838196830362846,0.7935402139704126,0.4290171452609722,0.7838196830362846,1055,0.6084687981866546,6,0.0495226306934015,0.2274216035247118,0.0301421355573827,0.0,-0.8821077880276319,-0.2736389898409772,0.5438654244778028,0.1022723643713595,35.97655457075258,34.5973128241874,39.65303524483922,1.118291031754948,0.1296384443197074,0.0253790558410034,0.0299774799941926,0.1707592867971563,0.78620606194539,0.0038244482867577,1.0,0.0215561981118777,2021-01-19,3.0,5,0.2965223128386127,0.2085853147454071,False,True,False,0.0,2.0,0.5,-0.0247851403661698,-0.6314861574270563
REG,Falling Wedge,bullish,1,0.772050831077656,3,21,1626,1627,2023-03-06,2023,0,54.69096424945622,54.1834193843336,58.95390496073492,52.67962819443275,1.237369327112597,0.0093671619637458,True,-0.0766089258633052,-0.0294795784711122,-0.0580479435337278,-0.0116692514231112,0.0665938767364719,0.0750996835279853,-0.0081694370461599,-0.0101694629284723,-0.0667529085909105,0.0216668427158295,-0.0094212529785527,0.0207262901541307,-0.0108173981741129,0.2001094548400335,-0.0007414324235873,-0.0244753001654548,-0.0032287039872805,0.0161245496075301,-0.01839367526912,0.0098445957950814,0.0055530413566653,0.0559177409478042,-0.0890963913213573,-0.0840698790209588,-0.0613773274946167,-0.0565592304345292,0.0048945900831851,0.0846900973783835,0.0057769762079871,-0.019598738368378,-0.0018016584114314,0.0410979316351873,0.0227854829859248,-0.0017503777695427,-0.0305406751743773,-0.0103709914771552,-0.0228577890108242,-0.0330784695726417,-0.0850884206553487,0.0158416880352136,-0.0057378279748737,0.0505082329507398,-0.0498293253060895,0.0031592471338439,0.0266936029190587,-0.0809815962796754,-0.0277172127033928,-0.0477418609879423,0.0175879211199248,-0.0377462431863533,-0.0919811519272815,0.002420815338594,0.011151771018909,0.0629122587493562,-0.078637511516479,-0.0302406960748486,-0.0369082566870911,0.0673068487703043,-0.0255607936673437,0.0672955632570053,0.0651081771465187,0.0922948862067221,0.0399659278528818,0.0149143796394182,-0.0793385287074961,0.0516455162031699,0.0140717607731808,-0.0481395467915265,-0.0316233675792711,-0.0477182476096412,-0.0674699185880237,0.0392260107507353,-0.1168044149685856,0.000832850437636,-0.0553957000807098,-0.0800056497481638,-0.0025968051206236,0.1103953277674572,0.0656340260253696,0.0437745021918178,0.0268575394183485,0.1238872186704007,0.0283196153255702,-0.0600593854985873,-0.0802801261260878,-0.0231676948952624,0.0149439960219073,-0.3695400644060358,0.1189741454981716,-0.0042977614355642,-0.0009167190530497,-0.0367072931483784,-0.1067696129523534,-0.1439208842579307,0.0113956213058439,-0.1570361804441127,0.0038047412674633,0.1659421734319051,0.0069526434515467,0.0379689574061934,-0.0420383830908646,0.1259901932098786,0.0285809939535499,-0.0461972359249069,0.0331902993775243,0.0368712250022225,0.1396233885079831,0.1254990271979024,0.0284422861450288,0.0108715192906576,-0.0006877252114693,0.3113952744913943,-0.1058437644158294,0.3368472345936597,-0.159348227429632,stop,1627,1,52.67962819443275,-0.0367763867875755,0.0,0.0416012793428516,-1.0,0.0,1.1311953940213104,2.119457213841349,1605,0.5399406201403427,6,0.0489635380883161,0.0602920557993083,-0.1295728250361052,0.0,-1.0062625094395494,-0.4663218892992052,0.5874761504701491,0.0700860499213999,54.1834193843336,52.67962819443275,58.95390496073492,0.91069814212218,0.0356947395417441,-0.0105305431201143,0.01666479150646,0.066785461045457,0.387502086164556,0.004108670776677,1.0,-0.0191099786243599,2023-03-06,2.0,5,0.0440807938268439,0.0124784292287536,False,False,False,0.25,1.0,0.25,0.0293390647341854,0.6610893259794606
REG,Falling Wedge,bullish,1,0.649638470429246,3,61,1792,1793,2023-10-31,2023,0,53.4196446654076,52.76285451101606,59.00360591152858,50.16144104669,1.481638502693511,0.0124479647751889,True,-0.0021571771776051,-0.0444519574969893,0.0362551845931493,-0.034061425658193,-0.0541127124076272,0.0060958930987629,0.0276840920402217,-0.0565134063163899,0.0322221996105289,-0.0604456125935107,-0.0051412345282023,-0.0367766769146786,0.0098303230989593,-0.0135615825679491,-0.0105782836239378,0.0121186329773006,0.0066844903265226,-0.0043516720665061,-0.2155701217409267,-0.0144739341176619,0.037264980769655,-0.0520572322405799,0.017317227735448,0.0383340827435172,-0.0321095515414531,0.0019458854297069,0.017235505946576,-0.1290777940121942,0.0510248671319273,0.0209033248092189,0.0148297666485905,0.0160812881213252,-0.0301085649237435,-0.0187041222797917,-0.0339035231147046,0.0136566033658396,0.0093728662127732,-0.0007779305986287,-0.0068701561440148,-0.00225502627255,-0.0272557117089294,-0.1056460263834997,0.0100205529338792,-0.0072473161777619,0.023912574348829,0.0474772295768748,0.0200798279776834,-0.064390493248204,-0.0262089426678391,0.0528789888365837,0.0705743426666769,0.014922138220186,-0.079851148983291,0.0256065719076161,0.0782719577575876,-0.0376468969657826,-0.0573878625702753,-0.0217440129749756,0.0424028302861312,-0.0439560143169003,0.0647644167420824,0.0702280090384173,0.0257061310996153,-0.013321476167256,0.1258993017648124,0.0316246502199573,0.0883832234325663,-0.0150237817172151,0.0002737066972486,0.1344655931433682,-0.0072869049529413,0.0357364780816698,-0.029709563779698,0.061025615641358,-0.1150543168285356,0.0878317566069553,0.1307880913509191,-0.1674660036289635,0.0037381984467701,0.036311324482591,-0.0260673343337594,0.0376158599293348,-0.0335682297285319,0.038301136311196,0.0051850045952972,0.0452253969083211,-0.1092320019284529,-0.01103480577692,0.0039152917643758,-0.0025968051206236,0.0225765559223283,0.1337895106975866,0.0648718270549446,-0.1118022104745153,0.0521549117383515,0.0074982708088346,-0.0518895302352739,-0.037664972150075,-0.0583364040465388,0.0018034456179298,0.0217174971938387,-0.0311487065380062,-0.0768306420672575,-0.0043313960166607,-0.1081023926309616,-0.0214724139045477,-0.034262581234274,-0.0192957380936354,0.0038622363799658,0.3450508912795034,-0.0618059562998272,0.1509687555037535,-0.1346586287794942,0.0876501082648564,0.0633264893154205,target,1822,30,59.00360591152858,0.104530108372977,0.1230623779030419,0.0179222150949368,1.713815924223537,2.0176604253628736,0.2938423972303346,1.713815924223537,1731,0.4782412395527197,7,0.1920492114087106,0.1458653664980003,-0.2292431642925573,0.0384615384615384,-0.8584151445089667,-0.3801739049562446,0.7482088632766777,0.1045523871125215,52.76285451101606,50.16144104669,59.00360591152858,1.186624683668832,-0.0030343187034859,-0.0019774679989917,0.0222132616135819,0.0256991691653036,0.9893045619317478,0.0061845001687506,0.0,-0.0080407494207271,2023-10-31,2.0,5,0.0201755551893145,-0.0337288406305434,False,False,False,0.0,2.0,0.5,0.0215206099862815,0.399977169318816
RMD,Falling Wedge,bullish,1,0.8868477741376463,3,44,783,784,2019-10-28,2019,1,136.27523505069271,123.1247000315177,135.321986127025,118.31764280396489,3.528892429935723,0.1068066360024326,True,0.0171721344126711,0.0027496912327209,0.0038979039102398,-0.0930491913519618,-0.0001624567776206,-0.0162812594535598,0.0159677255924757,-0.0375002380458129,-0.0906328772876798,-0.1157200883529366,-0.0055415784540886,0.0060792743999193,0.028426621420764,0.0944106810178628,0.0877256675683235,0.0353897334823332,-0.030478018980781,0.0602918993860741,-0.0055500998561338,-0.0107378272293712,-0.1036668602945347,0.0198471131630788,0.0250363282198416,-0.0050366294575635,-0.0226933869187185,0.0768953709131097,-0.0129566858822667,0.0124768353233926,0.0762751488464568,0.080436737191319,0.0736342468641919,0.0326604313339884,-0.0551734017282358,0.0157463077254012,0.1412493311515539,0.0337429952441223,0.0040662178570611,0.0712907746046456,0.0219962250753882,-0.0476470093677939,-0.0437438033527893,0.0613563447856126,0.0170702855899795,-0.0237377800484781,0.0260835636014444,-0.0331227362439687,0.0117675483908985,-0.022456963988892,0.0377677836948209,0.1561944502095393,-0.097071862705983,-0.0229377614011383,-0.275812506226447,0.1099630608450898,-0.1389404941551768,-0.004335505551318,0.0443759019545704,-0.0244511289001823,0.0981734425357001,-0.0210912813312028,0.0880182241055931,-0.0163884062210742,-0.0237645814055863,0.0770827349136242,-0.0205077563267621,0.0418464682081956,-0.0153874661320152,0.014465590716941,0.0114076030495391,0.0836166981060524,0.0182391479837666,0.0972565448471853,0.3121751328537487,0.0473828889998477,-0.0102622820803377,0.2523214706908325,0.0844076137799425,-0.0236447089705756,0.085220926821157,0.0272100502555239,0.0611385414531244,-0.0528513088391111,0.0264123612994888,0.0218987243085007,0.211978087286667,-0.0626789922861018,0.0749417699913324,0.2003524078027754,-0.072923244239256,-0.1670088078816082,-0.1102488060282417,0.0334627796028077,0.1229642073028516,0.0325801268205239,-0.031568766466964,-0.0307914573063791,-0.0091283355780891,-0.0522286441565382,-0.0909339925741576,0.0616396555021614,-0.0217483813921051,-0.0261370797494593,-0.0899345290297816,0.1280549152558106,-0.0562991597421558,0.1108702691754044,0.0633010565843168,-0.0230279477734004,0.1504201867157195,0.2759746334067925,0.0978890446108768,0.2108135565030273,-0.1229658527946326,0.1639646063949922,0.0875560184235797,target,784,1,135.321986127025,-0.0069950268169644,0.0181379647090518,0.0068276240907864,-0.053083337151807,0.1376440321233825,0.0518129638442616,0.053083337151807,738,0.5577943741503999,7,0.0668739664482619,0.1057049717795342,-0.1753594026848723,0.0,-1.006704561065452,-0.4489101869150526,0.7112855539272196,0.0930986135989643,123.1247000315177,118.31764280396489,135.321986127025,3.416284266735804,0.2476093234486043,0.0857814712405304,0.0249914502394555,0.4003775650042855,0.9637307338053244,-0.0010402395834077,1.0,0.0220039037483534,2019-10-28,27.0,13,0.1099085782474318,0.0788617391812591,False,False,False,0.0,1.0,0.0833333333333333,0.063093144548091,0.5888530602507747
RMD,Falling Wedge,bullish,1,0.654513209125765,3,37,1127,1128,2021-03-11,2021,0,176.87205539829074,177.22782838933563,220.2791463924675,168.2801548495421,0.7646198923735901,-0.0020074329989718,True,-0.0034994666778607,-0.0019944644213178,0.0388951600656257,0.0254150829310311,0.0035955335660515,0.0232416982585552,0.0489240002910478,-0.0054030763608595,0.0273102047694617,0.0034612928894375,-0.003548877720806,-0.0628823343508457,-0.0032108287308488,-0.0180277110119725,-0.0172382409543202,-0.0117577063195863,0.0638316538337411,0.0518963523183024,-0.0363000553857586,-0.0144780366295194,-0.001873055986596,0.0865671351035914,-0.0134203762066473,0.0096373292917453,0.0124270669519729,-0.0256087014739275,0.0297749348017117,0.0116974100764453,0.0023296444222495,-0.0067973052323652,0.0459594448950031,0.1687241661296894,0.0537318961865742,-0.0141730397779106,-0.0398278865885015,0.1058067821231603,0.1677916346827517,0.0163788233673718,-0.1494918781746586,-0.0306237151983678,-0.1359683960721628,-0.1021144208629801,0.0971292426096956,0.0242349643668182,-0.0765272044473692,0.0025160095000839,0.0722518151282918,0.0192828123917305,-0.1082466641270578,0.0330074625346452,-0.0251747779727963,0.1073082562522307,0.0120688223523641,-0.0728202794662449,0.0199782278351965,0.0628407359737082,0.0686490498277145,-0.0023728617821241,-0.1187211002370522,-0.0358939614272943,0.0406506860511648,-0.0415759699203616,0.1112864947670948,-0.0329253182256357,-0.1085068282329393,0.0097376804838178,-0.0084168360204939,0.1144305675567747,0.0709866458171562,0.0507162692993852,-0.0294543189489926,-0.0585711639860295,0.0934757360825511,-0.1363994041076267,0.0127146973805778,-0.0785536669127865,0.1599009768183155,0.0952544632864498,0.0272159096234365,0.0713316790490072,0.2206002051524673,0.126166925265676,0.1334524839209985,0.1210528658969374,-0.1032352857769869,0.09856448104369,-0.1160491742706434,0.1341513244688412,0.0552837856113881,-0.0200498855655206,-0.3348797153837312,0.0256449074195346,0.1150792797178528,0.0347298042613668,-0.0633830846699468,0.208692745991208,0.0379425540499773,-0.1663448478417504,0.1164782914951847,0.0827905425830275,-0.2172453323686004,0.0438169758338289,0.0297880148924081,-0.0482908353197252,0.0827905425830275,0.1152870688683416,0.274701047707161,0.2127173406065405,0.162333314005481,0.0074294917499146,-0.0428767996871936,-0.0150897711650209,0.2515015621996863,-0.1093697652421786,0.0668958269042842,time,1187,60,197.2263641357422,0.1150792797178528,0.1454183699803404,0.0067837284826147,2.3690112125909013,2.99356886699974,0.1396491955622953,5.052094207549779,1090,0.5168072345052523,5,0.0025500068881729,0.0271321517365685,0.1269019746680673,0.0,-1.9347417986896152,-1.4179345641843584,0.7780689927814353,0.1016666223570818,177.22782838933563,168.2801548495421,220.2791463924675,4.619121881234619,-0.0241593874142328,-0.0849015167804385,0.0259799325497891,0.0728554121176441,0.2243931849139156,0.0115432492371576,1.0,0.0088445708267508,2021-03-11,40.0,15,0.0768686708477386,0.032206170132309,False,False,False,0.0714285714285714,0.0,0.0,-0.0331991469595705,-0.3665082613575122
RMD,Falling Wedge,bullish,1,0.7117507135811565,3,25,1590,1591,2023-01-11,2023,1,206.7130892608733,203.09235126558724,225.99767823333443,193.272026946977,1.1091474390443463,0.0178280372092947,True,0.0700453638586657,0.0902888493238268,-0.0051199437579926,-0.0061510158550575,0.0217383131560156,0.0642755391466314,0.0165102719434289,0.0175022185580799,-0.001873055986596,0.0020747317828533,0.0025678132720448,0.0032148094495489,-0.0645006987642561,-0.012421177243115,-0.0247684132253378,0.0793042254279399,-0.0120095657441279,-0.0157139298967794,-0.0020759011937071,0.0720201798100679,0.0075330585352824,0.0612172723127666,0.0598791272722812,0.0834384401259744,0.0630689287988224,-0.0007757038365356,-0.0950698941331406,0.0452295139132874,0.033892247457157,0.0304827508794047,0.0560320830955014,-0.0193862773140445,-0.0323122082484459,-0.0627805413511278,0.0315694507958808,0.0303109137907899,0.0057845195693679,-0.1115213419296178,-0.0233867346780766,0.1677916346827517,0.0293288529514661,-0.064931526140131,-0.0056454213193133,0.1096231699688805,-0.0238519360909129,0.0784192625228173,0.0057982666386997,-0.0204702394063982,0.1302755719557498,-0.0668220209487738,0.0451528963453728,-0.1000573992167022,0.038221603872099,0.0805869996631549,-0.040057682694053,-0.0482984415365541,0.1023150740075458,-0.0612708732766001,0.1421844619852927,-0.0142793631717744,0.0339242141080007,-0.181476866657102,0.0349772413166264,0.1037472663365282,-0.0730440804492313,-0.0355500254021547,0.1198571357930071,0.0726874277476825,-0.0083553903502059,-0.0374520880470069,-0.0103261470581075,-0.0200498855655206,-0.0141485687425718,0.0364908426398977,-0.0034375464175827,0.0243195351226499,0.0045150219294642,0.2841442765761193,0.0663609855139959,0.1210419228921195,0.1104011790452172,0.0761209619690901,-0.0528513088391111,-0.1062716557420964,0.0272100502555239,-0.0335291150143718,0.1219737029987824,0.0777048686998098,0.2011054570057431,0.0156425793104797,0.0479620354475387,-0.0866873550012658,0.0386688728020248,0.0021063329278303,0.1287649428001998,0.0295571652052701,0.0131184501030201,-0.0685479382097439,0.097911755226449,0.0230278130924999,0.069584890661519,0.1191977121655381,0.1735404547399897,-0.0953035021394524,0.1024757622766763,0.1078391819113679,0.0435410390194561,-0.0067867888218103,0.1137274825148,0.0043464347857131,0.0629259445307586,-0.0388479597020252,0.0324034592567432,-0.1397817015995879,3.414291115572815e-05,target,1596,6,225.99767823333443,0.0932915716243003,0.0995380389498515,0.0111997478728733,1.4347518464015638,1.530817657843924,0.1722434155632917,1.4347518464015638,1564,0.3794262262381395,6,0.0287473673371836,0.0433230951941447,0.1118430748371503,0.0,-1.260856427596794,-0.8814302013586538,1.4247137819687397,0.0743914583674444,203.09235126558724,193.272026946977,225.99767823333443,4.483519047715926,-0.0233725181884494,-0.0133659004190727,0.0216653095473703,-0.0131757770019389,0.915708364269898,0.0069588554115365,1.0,-0.0040452117957777,2023-01-11,52.0,9,0.00659053538099,-0.0207897899886037,False,False,False,0.125,0.0,0.0,-0.0284657294661212,-0.471779257582802
RMD,Falling Wedge,bullish,1,0.7498123159481849,3,20,2125,2126,2025-03-03,2025,1,230.016051661929,229.01835403474345,257.8080946717009,223.06139873054417,1.211360034109763,0.0043564090371299,True,0.0136651520483279,0.046664260685736,0.0266238341654345,0.0507453622983817,-0.0216147589565143,-0.00601716427504,-0.0028200094933629,-0.0363000553857586,-0.0129716267970223,0.0309856505792689,0.0346155602214965,-0.0286864206656571,0.0435790143267873,-0.0393820587154456,0.0064712231495034,0.0134301835832446,0.0497826053635415,0.0092768266243479,-0.0090667219962375,0.0003943764913392,-0.0077111924840885,0.012921663450321,0.0079523374741009,-0.0372686473366093,-0.0156025697052333,0.020422785644879,0.0453261025371012,0.0325848249183733,-0.0446609797183246,-0.070206165667444,-0.0614477521577225,0.0095372078262534,-0.0199653399971109,0.0332560584139964,0.0301720235115512,-0.1425076171754979,0.0392440652176611,0.010956222323289,-0.0528501832484582,0.0315063628759666,-0.0074497102796087,-0.029823868494773,0.000372703920253,-0.0873251333304971,-0.0914636829301689,-0.0195525435460953,-0.0410812209316422,-0.0089319637911193,0.2055497621076438,0.0329005569305402,0.0603706948067419,0.06225458724163,0.0883665070386352,0.0185944416603571,0.0303334148414011,-0.0824871208185222,0.0352633167985179,-0.0205374714139997,0.0294285368377336,-0.0177366242578068,-0.2226344506304711,-0.0367174028318687,-0.0368028280858754,-0.1270821612960799,0.0519640928986155,0.0193264096147487,-0.1861893860127299,0.0185045320401102,-0.0372146913051083,0.0184201886351591,0.0593413567716953,0.2574450172094693,-0.0973072314345703,0.1941930158728135,0.1590027186946514,0.0239102368729848,-0.0228861040895242,-0.0996237578448437,-0.1200648752125641,0.072638892867378,-0.0680639062353539,0.1123920149393549,0.0119475442568575,0.1913757549653514,0.0283913655531744,0.0832815905407804,-0.0091021127227282,-0.0620107036079219,0.0186887406672653,-0.0540659097810928,-0.158077443045431,-0.0046830537881433,0.0507679570960368,0.0338836956637493,-0.0071803260702161,0.2229833738065427,0.2343916660869864,-0.0141488751068494,0.1033601412136167,0.3171342332801599,0.0199130404782255,0.06500085506953,0.1045393646224968,-0.300098319795347,-0.2395095907973721,0.0883643808832763,0.1440956807867179,-0.0906660964731872,0.0889262564182429,0.0707406169170508,0.3574438987823713,-0.1232969962273119,0.0965817556382793,0.1359951458976118,-0.0129605531745043,stop,2127,2,223.06139873054417,-0.0302355113094741,0.0009852455668852,0.0586017819231406,-1.0,0.0325857087978709,1.93817730824278,3.996179720824387,2104,0.6929034666034618,5,0.0797657668742582,0.1226580656086533,-0.3282470526656863,0.0,-1.000889746326681,-0.3079862797232146,0.2988822301780374,0.1022009551736204,229.01835403474345,223.06139873054417,257.8080946717009,4.969257927364298,0.0196064564098754,-0.0154519571543899,0.0216354724258996,-0.0352775029874435,0.3386149862368777,0.0024838202636288,1.0,-0.0299925027769021,2025-03-03,35.0,8,0.0016561904324476,-0.031373200852516,False,False,False,0.4285714285714285,0.0,0.0,0.0363955933017768,0.1128904615182724
RMD,Falling Wedge,bullish,1,0.6919285816607041,5,68,2430,2431,2026-05-19,2026,0,208.39198532095315,202.3223418188468,275.1725406676942,191.7594735766097,0.9865354829010072,0.0299998677730852,True,-0.013828417682498,-0.0338770564836172,-0.0258617685317186,-0.0328706606626936,0.0125850803413194,-0.0263240476682921,0.0336141955425264,-0.0415176738814822,-0.0052272489496431,-0.0050616374256263,0.0083110236426104,-0.0299784271020736,-0.0152612369958198,0.0281265413650146,-0.0349495233836032,-0.0241163774975098,0.0370603514056229,0.0312643098370106,0.0162206618430791,0.0238418095592689,-0.0043210190881586,-0.0245005361584464,-0.0098801084920673,-0.1078042068155082,-0.1329907078566821,0.0495421950179915,-0.0144282847180781,0.0091748633521702,-0.0218606458283093,0.0365978578534016,0.0008680966549423,-0.075230407364776,-0.0258184177669479,-0.087509274643762,0.0368555457098793,0.0094864603569631,-0.0030349357290714,-0.0475361381014218,-0.0437142006186492,0.0230741842997845,0.0760450214138008,-0.0203324890776029,0.0484241069683737,-0.012116694317935,-0.1817652827699855,-0.0956402848500466,-0.1086176984966938,-0.115753644863635,0.0642710541258453,-0.0009726132174776,-0.0491660818942244,-0.0023728617821241,0.1162735044685829,-0.1155768542097396,-0.024774507053296,-0.0549697645727877,0.0367628282943022,-0.123551882797893,0.0274678075911138,-0.1543380231982198,0.1265481957354066,-0.0968423796702562,0.0053040888003736,-0.0424758022752093,0.0988307611136019,-0.1923769093354025,-0.040057682694053,0.2286883853144388,-0.0989512616338429,-0.0478492109179585,-0.0607548970655505,0.1398939773803482,0.082072680750953,-0.0605439815837515,-0.0585297251475828,0.0479813987578232,0.0056884776877588,-0.0812596819018257,0.1567631015160422,0.0153449604894708,0.1183759493070251,0.0473869682771521,-0.0958253563654124,-0.0030523374746262,0.1466533422897089,0.0617561570918308,-0.0648583892043379,0.1796956317156668,-0.0523534537239093,0.1611521456172553,-0.1164456438989386,-0.0793440219969911,0.074022679716537,0.0160786056247019,-0.0177677725097901,0.074187873945033,0.1705079347387921,0.2328188060969835,0.0100470715862055,0.0166705151642405,0.1908663516876088,0.0970384397219723,-0.0266300051960908,0.0670821745631993,0.2311560822430423,0.0813401230675656,-0.106449118351704,-0.0860958420767916,-0.07413806696905,-0.0951876029057388,0.1500667460965277,-0.0726024404930421,-0.0221541985465789,-0.1169208139325697,0.0388308668200463,stop,2437,7,191.7594735766097,-0.0798135864905121,0.0131585239854444,0.089047356205039,-1.0,0.1648657147741206,1.1156917026354216,4.015061367351954,2362,0.5943050011019343,6,0.0645569718224746,0.0562448551722707,0.1376577185167924,0.0,-2.189462377962205,-1.5951573768602656,0.5341696674128517,0.1160562088080126,202.3223418188468,191.7594735766097,275.1725406676942,5.839926624199312,-0.1702871447622582,-0.0558960284039125,0.0281869547513092,-0.1455428017257408,0.8251535824196353,-0.0056330283867717,1.0,0.0421116625622881,2026-05-19,54.0,14,-0.1087799567321248,-0.1181816671158013,True,False,False,0.5384615384615384,2.0,0.1538461538461538,0.0056487490389079,0.1353275457056783
ROL,Falling Wedge,bullish,1,0.6094459814945516,8,69,705,706,2019-07-09,2019,4,22.512732252151185,22.20673584928317,28.460704295713867,20.15338610721848,1.1982383379771704,0.0137794408392484,True,0.0210866183867819,0.0163603520820154,0.039817501152721,-0.0096097592665062,0.0092132730520577,0.0012309911604964,0.0336442703530073,0.0200320789753607,-0.0092553760377072,0.0338378576763072,0.0194074638073364,0.0075801326305779,-0.0343847834997977,-0.0543554673336449,0.0113592566512081,-0.0511157367839224,-0.0171037790189011,0.0335912259713089,0.0168605277101319,0.0006265868141261,0.03993157827216,0.0189445069690008,0.0155740009240158,0.0313597187764327,0.0257961868135772,0.0315730970690335,0.0107659042119787,0.0528330261276579,0.0222547026244399,0.0174891536236831,-0.0330382109576915,0.0100396454012059,0.0315884528146988,0.0059468343522544,-0.033197196584559,0.0268456394043852,-0.0296904361944264,0.015020664724253,-0.0164172270360116,0.0538160824992859,0.0316455634356358,0.0833565499771105,0.0089702997146421,-0.0965852924640484,-0.0168277741850975,0.0225402448485112,-0.1211138312226813,-0.0856885023639854,0.0632609061112134,0.0756241703552942,0.0516448761362793,0.0880769422504703,0.0830225397559039,0.068299116381244,0.1130689047840713,-0.119184493915639,0.0711111076240873,0.0213280268591238,0.067590216622742,0.1080146599272651,-0.0358200811333387,0.1430744917430695,-0.0107005670051512,0.040016520257712,0.0588721180533802,-0.0630629245059186,0.040016520257712,-0.0696612868421582,-0.1608434194085495,-0.0892643817906652,-0.0747525692989216,0.1239019826800349,0.1175455773263458,0.081585428227253,-0.0710483335172351,-0.1553151786817935,0.0854799594641406,0.0789372468104327,0.0761251153700379,-0.0195396181270812,-0.0438193341091605,-0.1157732843122899,0.0105014845859146,0.040271739655354,0.0448342723207453,0.0462088753287233,0.0250529134922725,0.1006903047915475,0.1037755244760636,0.1221090885029334,0.0536817875993376,-0.124524659384844,-0.0938752674655321,-0.0637795066512312,-0.1279123205893647,0.0254711614707832,-0.1814419993415733,-0.1717290366201901,-0.1096136509831292,0.1341439290625858,0.0006873253361419,0.1478192946860914,-0.1321450268550549,-0.1631725414040568,0.3296835185632563,0.002244493667594,-0.2338101622618523,0.0956167995166015,-0.0784297003972106,0.0501808626272344,0.1013009843404109,0.0353470424440509,-0.0165421613480846,-0.1327123612223708,-0.0726245900001252,stop,717,12,20.15338610721848,-0.1048005243658178,0.036496256239894,0.1062450509419878,-1.0,0.3482449774058366,1.0137835815699514,2.521025605478646,632,0.4950647720426159,5,0.1364481530057507,0.1392769468047314,0.0003791464434306,0.0151515151515151,-1.3613365665026838,-0.8662717944600684,0.9028398680448956,0.1757716579438159,22.20673584928317,20.15338610721848,28.460704295713867,0.5151498064513724,-0.0425483022535239,-0.0046186954326536,0.022864052982573,0.0172151226408279,0.9318165562354156,-0.0037774732462277,1.0,0.0334474525455976,2019-07-09,44.0,10,0.4160951336988059,0.2084723087562434,False,False,False,0.0,0.0,0.0,-0.039508593367017,-0.5111005220569309
ROL,Falling Wedge,bullish,1,0.6598386436033532,3,42,826,827,2019-12-30,2019,0,20.16319267355008,20.088380926867288,24.67768553120655,19.591892568446585,0.7459600733607746,0.0037241302300641,True,0.0109457513350175,0.0040822384945673,0.028301871496815,0.0077013199478324,-0.0055267334448031,0.0260319300609106,-0.0187548117479647,0.0290959358575388,0.0485456529602423,0.0338477452306085,-0.0090708695912217,0.0314744591489171,-0.0318075202909373,0.0139706799813243,-0.0047491027854023,0.006071454047229,0.0326362880467672,-0.0710196728379877,0.0760321963752035,0.0314744591489171,0.0109396179352592,-0.0085404031686074,-0.0003869734835145,0.0656734487432468,0.0440841279660821,-0.0064935819147283,-0.011164315706947,0.047825881878571,-0.0195893707148979,0.0182552063848127,0.0158697423661891,0.0700285755271532,-0.0793518107013586,0.064861427782749,-0.0160045699443208,0.043729638857523,-0.0431146758687691,-0.0462045892357078,-0.015877653512282,0.0432320574667695,0.0284061779048734,-0.0164728807058153,-0.0250850680236672,0.0432011949849775,0.0504777681771788,0.0583469909931317,0.1492854293954744,0.1302857793292866,-0.0240833264906688,0.0365183925734045,0.0865837076916515,0.0122772045849441,0.0933060277236925,-0.0988049315863363,-0.0413532827333129,0.0326634026151158,-0.0365998476434925,0.0664403264160611,-0.0333488599427953,0.0367993473163967,0.0418156922660215,0.022241237618306,-0.0521762200127072,-0.105476985283033,0.0555657715473181,-0.0725412665615453,0.0029756712435704,-0.0269708369157569,0.1494938681741326,0.1485331108553329,0.2203516970291116,0.184145214249042,0.0423204690027332,-0.1528347406397138,-0.0289016193128623,0.0017513790732119,0.0623722989675723,0.0802336152431739,0.0045991379227467,0.0255886636702824,0.1365205146533281,0.0479729513342728,0.0841834750023313,-0.0464645872328566,0.0034426265767706,0.0554078292336919,0.1445141785938959,0.1004248748608014,0.0728412877945194,0.0608187050399025,-0.122808330405282,0.1107267136739548,0.0274584480137107,0.2077664070742148,0.1414151363837346,-0.0659465937836079,-0.0999292245874676,0.0195460418486008,0.0766615382255444,-0.0746378810099417,0.0200365432948144,-0.0632452293107921,0.3953858048443956,0.0364536239886801,-0.1114198996683212,-0.0196597566340841,-0.0045887239134515,0.1597273194868675,-0.0455938187447384,-0.0752007510056499,0.0746889977499587,0.0387918507969247,-0.0013004392754617,-0.0972851095960134,0.0122634765592112,target,858,32,24.67768553120655,0.2238977195103901,0.224471881762413,0.0039525640186185,7.902139028731016,7.922403236649054,0.1394999040784529,7.902139028731016,784,0.6078679324998734,6,0.1171762181375232,0.1160816464921032,-0.079129179439652,0.0256410256410256,-2.74434808146726,-2.1364801489673835,0.4884185468396822,0.0649202355599784,20.088380926867288,19.591892568446585,24.67768553120655,0.3183481895395803,-0.0932109244311303,-0.0815172094040362,0.0157933835439113,-0.0861073263232028,0.631579739897309,0.0027554912603904,1.0,0.0265617251130876,2019-12-30,44.0,10,0.0820595290697641,0.0841817137048313,False,False,False,0.0,0.0,0.0,-0.0934727011005498,-0.9359299005296684
ROL,Falling Wedge,bullish,1,0.7521610865169043,3,31,1069,1070,2020-12-15,2020,2,36.31868687557929,33.92220436216616,42.02108400821686,33.27076469137076,1.076500741876024,0.0706464263886683,True,0.0444895855902929,0.0472329132054621,-0.03196107683075,-0.0893310736460056,0.0369661432734795,0.0168705960125012,-0.035971653676012,0.0119403700664215,0.0053269357909349,0.0171561947506784,0.0142937876109934,0.0152145575446491,-0.0523697508245779,-0.0174911399805507,-0.07552881797135,-0.0205157610594931,0.0321916044859362,-0.0048017359744426,-0.0048726512701988,0.0132117013317272,-0.0220163644531226,-0.029340846762663,0.0555410346693851,-0.0219892743010787,-0.032144543893906,0.0216685278575694,-0.1178596095225399,-0.0459093530521204,-0.0096344801299232,-0.0824718503900037,0.0125561969278937,0.0477100355926416,0.0266303461421628,-0.0812196676050983,-0.0425837176975867,0.0748950572933846,-0.0580375498201307,0.1199173814847327,0.0722413085208557,-0.0113607717568933,-0.0123955526123591,0.0091394793893497,0.0004451608774627,0.0474340281271437,0.0772941523806249,-0.024412230401437,-0.0419329217650893,-0.0696579258981863,-0.0025860277323244,0.0920871120564548,-0.0286712923204167,0.0137323422928921,0.0172939732461723,-0.0889734637731203,0.0510299376099137,-0.0197949815339397,0.0086208123694786,0.01301961217372,0.1487966831271783,-0.1051158182485419,0.0189020305063845,-0.0531797875836831,0.0903503592228387,-0.1250608674561014,-0.0889734637731203,0.1628889781795945,0.0310935814509085,0.0481609722682601,-0.0511139563692167,-0.0367950782058061,-0.1030265758949167,0.1871670489121657,0.1306976719627124,-0.0036725323442622,0.0354189715706403,-0.0225605975066249,-0.135224096082696,-0.1286848244378498,0.0280406056269355,-0.0379888840061607,0.0014889240306656,-0.0643742589579455,0.0788454771800115,0.0523503682081483,0.1259692683732467,0.1356746402165374,0.1206235288398349,-0.014240081950464,-0.0756466120544775,0.0626580834840924,0.0985510079979037,-0.0655497636589268,-0.1385224585572552,-0.2149915813201247,0.1135815632450738,-0.019392127139436,-0.0139888833187047,0.1707695094833952,0.1473952826950511,0.2031798977397851,0.0286802325984485,0.1786756936015969,0.0394213358867741,0.0165303846980853,-0.1501717704755141,-0.0149333990945659,-0.0235728394560634,0.1265091122094437,0.0762157823514371,-0.1502664272269784,0.0632296923265098,0.1645810869725756,-0.0077509097994264,0.0403027615605133,-0.1879722575001552,stop,1096,27,33.27076469137076,-0.0839215964676838,0.0695471547417157,0.0874459567111362,-1.0,0.8287158213022874,1.0419958674738687,1.8709129656203285,1036,0.8736206279515727,5,0.0088368653025733,0.1447765473767448,-0.0686466445598988,0.0,-1.1701423416572825,-0.2965217137057101,0.1077370480056009,0.1769114045761754,33.92220436216616,33.27076469137076,42.02108400821686,0.9768299156093804,0.2154697582030851,0.0070540965859109,0.0270204327654516,0.3852063695861385,0.6134457014082385,0.0072805178113206,1.0,0.019361674488163,2020-12-15,30.0,19,0.3223838314887663,0.2964491854706375,False,False,False,0.0,1.0,0.0555555555555555,-0.0358163043914124,-0.8806714916248779
ROL,Falling Wedge,bullish,1,0.7373609037285628,3,45,1135,1136,2021-03-23,2021,2,31.3994082124644,30.58190824356137,39.03220239038328,29.38379945682985,5.636935928089343,0.0267314898204609,True,0.0053349708975913,-0.004204532990919,0.0594937013903997,0.0091063254926,-0.0472962957654526,-0.0120385034351159,0.0220516852217342,-0.0077828900378419,-0.0187324771284138,0.0138059750429335,0.0531428502165576,-0.0273860080161622,-0.0463761096363772,0.0254734043435769,0.0234989339703712,0.0502295944070978,-0.0052182707279586,-0.0012037591356718,0.031100339554652,0.0447395651872017,-0.0028995307322799,0.0226001582568506,-0.0039804635258436,0.0219326792001608,-0.0179392416502031,0.0032620872044364,-0.0147420535820838,-0.0636960385074272,-0.014594424352429,0.0365967605843713,-0.0873115301669793,0.0445063684156397,-0.0126273207798311,0.0446455191949579,0.0591413864604637,0.0263154854334939,0.0414110708077217,0.0641668225045855,-0.036199120896656,-0.0032620964873902,0.0071153931395917,-0.0105473559738801,0.0346463081034087,-0.0147420535820838,0.0294724032255095,0.0152547986628898,0.0426795564132622,-0.0214376708336667,-0.0284140694341483,0.0483522789229688,0.1077830605430327,0.0014889623987455,0.0771482470046638,0.0447359022743258,0.0212416933464871,0.0455056493743497,-0.0592444825553014,-0.0506353812648746,0.0944969072305272,0.1985768511105676,0.0570638696887275,-0.1420466911137164,-0.0288730662080781,0.0468014352686372,-0.1239040369034347,0.0579976535454347,-0.0226827099091769,0.0068605987104155,0.0250669228117546,0.0378118380694139,-0.0129805873577384,0.0852714892431869,0.268759326688704,0.0714471705358334,-0.0859183403059938,0.184145214249042,-0.1418458623743782,0.018840084148626,0.0078407341695014,-0.0112654066850726,0.1540915955284654,-0.0570940197464644,-0.0150351296386802,0.0941661570407133,-0.1290922904585125,0.0223109814592432,0.0539284891063021,0.1020182386391679,0.1048688329204263,0.0440119603281043,-0.0041428532648659,-0.0005534805097535,-0.0088215281204974,-0.0880285126083549,-0.0800184911949973,0.0026537707587763,-0.2240020321737071,-0.0514395306985953,0.0270085995322453,-0.1179545277634891,-0.2429559339075432,0.0804623745215031,0.062311101500124,0.1244886324156795,-0.2338101622618523,-0.1223237526045696,0.0513629749486987,0.1075886787312581,0.2604757835990314,-0.0416624362722813,-0.0178851834960166,-0.0630873505057825,0.1393947835459665,0.0045974713958685,0.0079182333759867,time,1195,60,31.12241744995117,-0.0088215281204974,0.129519772194708,0.0299101722020935,-0.1374228811712174,2.0176753982430045,0.4659444468343626,3.786843134403792,1088,0.8112277453655274,6,0.100350556921201,0.0500525118293648,-0.2335072360998366,0.0222222222222222,-1.1746819484444588,-0.3634542030789318,0.2053061342683779,0.1900256392965542,30.58190824356137,29.38379945682985,39.03220239038328,0.9199926793225232,-0.0466306717371293,-0.0468069832182709,0.029109868699109,-0.021398712497047,0.0799967447916688,-0.0014546104401124,1.0,0.0084535088817438,2021-03-23,50.0,7,0.0805809877818333,0.0700762028191368,False,False,False,0.0,0.0,0.0,-0.0643586033078187,-1.0109895791134504
ROL,Falling Wedge,bullish,1,0.8557871355665991,5,52,1615,1616,2023-02-16,2023,0,34.521279101738834,34.150763388463645,38.77097850348488,32.86774346794796,1.5728708910204918,0.0108494123267637,True,-0.029298064600522,-0.0054592300122155,0.0759455477155388,-0.0078719356335775,0.0119630030454258,-0.0065721279077062,0.0034087818936403,0.0078324792592321,-0.0199229959330234,0.0230305696762207,0.0119162023371452,-0.0223522914646264,-0.0059922649515052,-0.138164564861171,-0.0173133403411178,0.00059699177845,0.0597227318650601,-0.0270645085463578,-0.0324483860934232,0.0311695702839813,0.0924327253355237,-0.0148778917228868,-0.0305699793872632,-0.0237701630951784,-0.0191649591487944,0.0154203212490302,0.0172688614062328,-0.0492705979991793,0.055582815413995,0.0146365047810677,0.0191716428964374,0.0118902316521263,0.0413885516501981,0.0414110708077217,0.0046147781527161,-0.0180295496379372,0.0118902316521263,-0.0197441233151738,-0.0414858301764234,-0.0352794188322319,0.0057353857891919,0.0150173845973573,-0.0380022887719867,0.017935806901953,0.0106343744050758,-0.0278094707262933,-0.0030406153272237,0.0328693356123022,-0.0053655323717348,-0.0243042488339344,0.001363779328837,0.0543343830439988,0.0602993063722037,0.0540357351617055,0.0336481153266945,-0.1123823390477612,0.0505580641406329,0.0264815928826405,-0.120338726069787,0.0527319073690308,0.071774425338082,0.0538262983529225,0.0727535257175027,0.0829605343243578,0.0599519370564523,-0.063980611698023,0.0999719052954721,0.0617403631895829,-0.0285436360711675,0.0771144537627634,0.0538177868526243,0.0494146837248301,0.0982028849441183,0.1579958499314491,0.0030945325765872,0.0993728698746205,-0.0081380319097056,-0.1693418180873922,0.0503613928862713,0.1296690055335139,0.0959241939796078,-0.0125337271964126,0.0832213464575108,-0.1231260216981013,-0.0120023485570276,0.045842966366689,0.0573075952575754,0.1715164395994837,0.0749714020256342,0.1078667177258219,0.1885298736639911,0.0227069634078102,0.1736448191281205,0.1526472590196685,0.0309071391302362,-0.0098404650573603,0.0349306024682884,0.0789127845472486,-0.1161114498450395,0.0165303846980853,0.1663773977489635,0.1013009843404109,0.2138987652303443,-0.0810691497139767,0.0578329267219106,0.1111116785552566,0.0269827942752129,0.0981886384887666,0.0999677553674356,0.0137586771682665,0.0676700106734065,-0.0139888833187047,-0.0622385391185864,0.1417998575184225,0.1247987236341911,stop,1623,8,32.86774346794796,-0.0478990256681302,0.0096738107011852,0.0522388004909954,-1.0,0.2019625778655813,1.0906025699339583,2.5700682313106524,1563,0.5386115593173402,6,0.0421829374494819,0.1608995292678017,-0.2401335794099448,0.0,-1.1767251534309016,-0.638113594113568,0.6066952155305566,0.0884903109017342,34.150763388463645,32.86774346794796,38.77097850348488,0.6208917637363663,-0.0053735011959695,-0.0130501076235911,0.0179857657545886,-0.0165880006441941,0.9514569938668488,-0.0116956413960782,1.0,0.0505351047769635,2023-02-16,54.0,11,0.0694734953741884,0.1016557526684842,False,False,False,0.2,0.0,0.0,-0.0135871345813273,-0.3661092728257242
ROL,Falling Wedge,bullish,1,0.7354515047912599,5,41,2228,2229,2025-07-30,2025,4,56.46805376959468,55.067403387864005,58.0898548438156,53.877335712406506,2.1747135588370674,0.0254351993295431,True,0.0153177170906071,0.0257639529271798,-0.0452192909019405,0.02621070447288,0.0285357468913927,-0.0003385085001234,0.001620671732037,-0.0973612129331372,0.0118343461448027,0.0529631933867111,-0.0449144119705001,-0.0163330229419116,-0.0784311820209235,-0.0331419786983665,0.0395541707425792,-0.006088501330823,-0.0406797294094758,-0.0164423703279197,-0.0253202028827099,0.0267568427455839,0.0323630985095537,-0.0163819218719147,0.0253583950488174,0.014516920562871,0.0060251941567528,-0.043738531758997,0.040990382858449,-0.0559240050739792,-0.0937105427301135,-0.0807308739006666,0.011328432085276,0.0506325627261978,-0.0010162218675416,0.0512087221007047,0.1171330345367589,0.0107612234507448,0.0476664822082235,-0.002232187124199,0.0254252477494421,-0.0119207847877389,-0.008345109897314,0.0486762858725178,-0.0026840656046642,0.0055461550732913,-0.0525867441353924,0.011692947473821,-0.0107936270886265,-0.0220063278544865,0.0730338604768416,0.0291776465941682,-0.1283541891508898,0.0718172736147841,0.1141963204861951,-0.0243042488339344,-0.0321155354823844,-0.0343661157105552,0.0863044107477242,0.0116245602437488,0.0953282498001435,0.0652566809298011,0.0036595906727943,-0.0218611430986201,0.0400486735782139,-0.1343175143135022,0.0413339960589012,0.0201512155919065,-0.1328638084919923,0.1463563975636446,-0.0252989431524759,-0.0148084860763014,-0.0467330178454982,0.0949890940039503,-0.0021924290392114,0.0597283960904502,-0.0328947489882655,-0.0910711593634971,0.0235767615807904,0.0189289983038136,-0.1219327641329655,0.0014889240306656,-0.0572349114007826,-0.0871377687619427,-0.0299041602634301,-0.0306561357174524,-0.0191507210448584,-0.1624544872724554,-0.0001965626709563,-0.1238549559955286,-0.0262497746290786,0.0796620681415749,0.0135432173017149,0.0098421699150717,-0.0086990179154369,-0.0621229625907848,0.0139559996667584,0.1953565290931065,0.0486676150963172,0.0440907944884414,-0.1544877411967179,-0.0354251474201824,-0.0162657782032882,0.0277143273468019,0.2283700784353495,0.3296835185632563,0.1504269817529622,0.0450384183258685,0.0685438059701764,0.028697595377779,0.2656240095427962,0.0484102068571803,0.0056725681212457,0.1406770576567835,0.023139808330008,-0.0919937583029573,-0.0769938623905212,target,2243,15,58.0898548438156,0.0287206830403314,0.029179600065871,0.0100957740819452,0.626004466105869,0.6360071567506722,0.2200504652072039,0.626004466105869,2183,0.5518798834548728,5,0.0584984394223497,0.0605414007529658,-0.0772425121662905,0.0,-1.0761597822634348,-0.5242798988085677,0.7677936546446755,0.0490188047930534,55.067403387864005,53.877335712406506,58.0898548438156,0.9555268533197422,0.1066156959838489,0.0170878967056857,0.0168657692195892,0.1758771940242258,0.6860462021610669,-0.0031403516889767,1.0,0.0272159792516075,2025-07-30,30.0,7,0.0913086128305471,0.053157043288244,False,False,False,0.0,0.0,0.0,0.0269948151240813,0.9085199698697882
ROP,Falling Wedge,bullish,1,0.6330312327772394,3,43,742,743,2019-08-29,2019,1,352.3397746027567,339.0690276233887,381.7209974622881,327.0954310125829,0.5165433477593188,0.0391387767629076,True,0.0196608947962331,0.0066433969884143,0.0007261718665283,0.0271302920628857,0.0080348683129332,-0.0133051954989068,0.0026786512865033,0.0319777961367979,-0.0508355503816148,-0.0105192334153408,-0.0190808098034395,-0.00811444798189,0.0084911828490146,0.0359555988044393,-0.0196323844011145,0.0970415594955935,0.0036768647756038,-0.0084021025239877,0.0188035830411077,-0.023811629980224,0.026301546143963,0.0512959527308383,0.0117402591202485,-0.0222448059798496,-0.0455948047161962,-0.0088307001714984,-0.0089341141726621,-0.0077157382334509,-0.0021529208638348,-0.0195258427989579,0.0225668237657046,-0.0083323458584938,0.0190655381355779,0.0448217125597241,0.0452281614989842,-0.0404297951387703,-0.0273866131833557,-0.0371325182402868,0.0008710727048262,-0.0214692866237523,0.0576683190287132,-0.0049697808363005,-0.0214257519531815,0.0030612337467641,0.0395973558909286,-0.0234735464426835,-0.0356240797172061,-0.044270983166151,0.0973635173703069,0.0126166369599531,-0.03250425477014,0.0476084956270421,-0.0113835708886453,-0.0282933855281575,-0.0115966328642644,0.0065538986554118,-0.0374406111063631,0.0529827664389521,0.0723336745924689,0.1017250482377198,-0.0215822575108581,0.0849082303568118,-0.0641541703654899,0.0776290960474792,0.066255786528202,-0.0516331337896109,0.098181091492743,0.0027503735164258,-0.0587401096672055,-0.0891988596301139,-0.1190160054142407,-0.0390285695298174,0.0264423301965817,0.0217032438286988,0.0150624417124036,0.0238104171865738,-0.1022004589664832,0.0131832199870447,0.1167370423264562,0.014549231552412,-0.0127863006536779,0.062127911845514,0.1279743815569631,-0.0246218535182551,-0.0149229565759831,0.0497250596731606,0.014549231552412,-0.0469134163599718,0.0460073505075493,-0.0088235794184096,-0.0678481644794727,-0.0999351877512989,-0.0312507626359178,-0.0930275278505367,-0.0026303612099461,0.0525513448109435,0.0563981529270942,0.012300436414204,0.0364893308412335,0.1420848131064354,-0.022024671760856,-0.0604971123380281,0.0216454793516118,0.0173470929517791,0.2230224980079533,-0.0256975995440701,-0.1213198037514809,-0.0176693097320514,0.0360664549846878,0.09448602054744,-0.0534009836479373,0.0028881920002905,0.113570145621449,0.0828121881841366,-0.0606718780241623,stop,749,7,327.0954310125829,-0.071647725887988,0.025888638079669,0.0795420797263605,-1.0,0.3613323069059108,1.1101828947190082,1.1638735130735534,698,0.6609761703879997,7,0.1298189531121219,0.0090074715025676,-0.1446642329569574,0.0238095238095238,-1.041977779122215,-0.3810016087342179,0.4425457600586712,0.1123726904146944,339.0690276233887,327.0954310125829,381.7209974622881,7.686406529672017,0.108834049932138,-0.0008302881269706,0.0220225392026512,0.1284691278309322,0.8353089796066243,0.0080654960547608,1.0,-0.0076651561197783,2019-08-29,21.0,16,-0.0298682118654232,-0.00030329151778,False,False,False,0.3333333333333333,6.0,0.4,0.0414769120465387,0.6629161507625627
ROP,Falling Wedge,bullish,1,0.7740278707405633,3,45,784,785,2019-10-29,2019,0,329.201310238086,320.66217972296863,371.7417705066793,308.46738151614045,1.2151622680564795,0.0266296777577406,True,-0.0062954337020817,-0.018159844632505,0.022919017159686,0.0074204326099127,0.0224852873996495,0.0055194579482673,0.03036771015623,-0.0012663557165966,0.022919017159686,0.0399239982280952,-0.050756358116464,-0.0058135869231671,-0.0104139614406641,-0.007228667825921,0.0066228428499361,-0.0128946983502632,0.0059735106055136,-0.0045057958722936,0.0320882307647587,0.0065392499590848,0.0032558274413703,-0.0110402425686327,-0.0114011794754911,0.0004952566167808,-0.0178616590294535,-0.0068962623406728,0.040344289307626,0.0171183604603679,-0.0040651541957008,-0.0052986582786567,0.0011416006601523,0.0146157328731084,0.0136783751397684,0.0281929422924931,0.0254629657198868,0.0241212401380954,-0.0320974828240122,0.1082782161001769,-0.0046838883609706,-0.0163746459155933,-0.013889855793117,0.0358266524886032,-0.0151516912593708,0.0166764342157972,0.0254202031611581,-0.0121257120626761,0.0577947479623983,0.0226957434400878,-0.1160869607563036,-0.0007276663615376,0.0454222537132953,0.0239450619644778,0.047367758974377,-0.0265637237641163,0.1418959456307436,-0.0107089232667442,-0.0072918419318063,-0.0738847600516564,-0.0322505853181511,-0.0479363670669718,0.0413293243875427,0.0027841676656712,-0.0309127847192862,0.0468680802267031,0.016341989575404,0.0339201270165787,0.0027180582661558,0.1674654109783457,0.0466100197042622,0.0312141544507593,-0.0383166137324595,0.0196025038455862,-0.0154053628983853,0.1269466402395864,0.0615375859343048,0.037685308461514,-0.0683696554277475,-0.0722698846859563,-0.0118419408692881,-0.054925221769329,-0.061248253105624,-0.0212264980412032,0.0014379313774002,0.1722802655181754,-0.0424026096804128,0.078945806310692,0.0567750820581647,-0.0068292176764224,-0.0329703487801188,-0.0723938392607133,0.0910056583545084,0.0218974569555228,0.0871423069858581,0.0157567275363537,0.120754594721735,-0.0189867099613352,-0.0158405687960081,0.0504320702116638,0.269207743286312,-0.0547153870320318,0.0381050600183983,0.0267808701304543,-0.0218369056422763,-0.0213620878255683,0.0310159270923549,-0.0042269491958952,0.109820832023717,0.0805598401124529,-0.0545998493226259,0.0080746800992423,0.0486348952563766,-0.0348730747513154,0.2139568826957458,0.0317912423332098,0.0470076517131277,time,844,60,357.888671875,0.0871423069858581,0.1115421296134735,0.0318557158848128,1.383595073641311,1.7710013238656632,0.5057866045788433,2.051731769655733,739,0.6650415021283533,7,0.0307229990375801,-0.0383442469006206,-0.0438004704924336,0.0,-1.1237772627422018,-0.4587357606138498,0.4034211855145259,0.1269607932197742,320.66217972296863,308.46738151614045,371.7417705066793,6.2022359875487165,-0.0039696240530966,-0.0228931217375849,0.0189102483814596,-0.0403516378956873,0.8935477440361482,-0.0065773106677139,1.0,0.0339997335882868,2019-10-29,21.0,16,0.0542116292799115,0.0903882973104734,False,False,False,0.0666666666666666,0.0,0.0,-0.0715111352912285,-1.9190615673510825
ROP,Falling Wedge,bullish,1,0.6787024370755718,3,42,1125,1126,2021-03-09,2021,1,378.3440256449573,371.06830723366375,433.9877842432993,349.83150217244906,1.2309587965282385,0.0196074907758478,True,-0.0091931699264065,-0.0251544069690921,0.0120326759585129,0.0158835353784569,0.0072029142559228,-0.1397715542202536,-0.0161729338976867,0.0085834498606141,0.0122683614986764,0.0021496422674422,-0.0006711135491027,-0.000792092443006,-0.0061889490424816,0.0538147756935574,0.0342607237788028,0.0215336950577338,0.0312652758905176,-0.0109831291195444,0.0236937266760692,0.0064225442559353,-0.0327275816705999,0.0121162984813547,-0.0108891831819525,0.0334032179502479,0.0306172757076916,0.0244616015432794,0.000803526673589,-0.0748411291372742,-0.018275457530137,0.0559995642181265,0.0364149100519273,-0.001117765506067,0.0260126055630012,-0.0574301481870941,-0.0010858883954546,0.0426614272609713,0.0069934841342529,0.0409317578829611,0.0248271232275896,-0.0112975153838071,0.0042321478821276,0.0473668169141294,-0.0793356632419866,-0.011882324761524,0.0055611042799263,0.030353209075821,0.0606254726795225,0.0138405500405058,0.0911724861715634,0.1235330190396606,-0.0506429764991275,0.0956327337919578,0.0084497718119962,-0.0434046830468994,0.0608178419565899,0.0245269579948388,0.0296515686342526,0.0476078331202267,-0.0855682508710156,0.0072171450014153,0.0606276790030499,-0.0199999301573416,0.0061944512084366,-0.0208553157864145,0.0198943017849186,0.0499073567147945,0.0188659723750121,0.045865916834179,0.0371507787254178,0.1511805058986748,0.0808126675136358,-0.0317831932392502,-0.029219358934194,0.0256274674380572,-0.0240179007046301,-0.0006059341082796,-0.0961248119309911,-0.0063581310587507,-0.0149392431995971,0.0242457614348201,-0.0614080719025548,-0.0889499305579498,-0.0352481423317346,-0.1039534309734234,0.0395570358200239,-0.1015017462089328,0.02462902935546,-0.0544315693772153,-0.2041688919756623,-0.0803988393152187,-0.0255103032593011,0.193408516150141,0.1433807560162741,0.0652380278845685,0.0571571548780247,0.0995362652157618,0.0851855822943661,0.3187402375931756,-0.0470839336815829,0.0289184708225642,0.0591604190053363,0.0119384010817298,-0.0163246203682628,-0.1394427454905363,-0.02353862358537,0.1409314063344771,-0.067985691199749,-0.0872273000822558,0.2998458812325986,0.1033674359459941,-0.0426124545112344,0.1638164539736006,-0.0946997566422898,0.0369955640925001,0.0990468486708316,target,1163,38,433.9877842432993,0.1470718574278711,0.1496203466915087,0.0192551491709795,1.9515550299149669,1.9853719485839607,0.2555042404004268,1.9515550299149669,1082,0.3837918386883506,7,0.1414492235057603,0.0859588737484084,0.1907015462541754,0.0,-1.6845909525368226,-1.300799113848473,1.481503920551875,0.0879452000683188,371.06830723366375,349.83150217244906,433.9877842432993,10.688229837482128,-0.0432678152810805,-0.0366733248039833,0.0283884939091571,-0.0753428235591622,0.3492892703755945,0.002231576449631,1.0,-0.0085525517357002,2021-03-09,26.0,6,0.047157313164285,0.0384335513970306,False,False,False,0.0,0.0,0.0,-0.0428734708587058,-0.6227627429265461
ROP,Falling Wedge,bullish,1,0.6941616979156924,3,36,1632,1633,2023-03-14,2023,0,413.99906037937865,415.8816153560972,439.132105068464,405.3749853821761,1.2753070274628568,-0.0045266607303778,True,0.0158835353784569,-0.0218016328717296,-0.0722592651486145,0.0170689721537515,0.0036834822735396,0.0472114974945463,0.0134985870683885,-0.0195510646364026,-0.0154559753103845,0.0462942455747328,0.0564999681795073,-0.0013869811824031,0.020861400553269,0.0076404540197196,-0.0174812682931811,-0.0167873899030541,0.0153939815704402,0.0006504316485436,0.0215793467379157,0.0549233104823647,0.0243919774753449,0.0218042427653777,0.0054545377022869,0.0195651873079478,-0.0095096320070182,-0.0268078550541646,0.019698912944708,-0.0285711300464623,0.0638970790182478,-0.0149621529773132,-0.04227879873517,0.0024998898588868,0.0249720631199874,-0.0214745500531109,-0.017959594065525,0.0016932064879662,-0.0226054965702011,-0.0485909385402298,0.0073059058113904,-0.0143087153021588,-0.0618702935166268,0.0018819197473818,-0.0022224999546215,0.0125535800645588,-0.0368210010678331,0.0297637107494623,0.0459339089339312,-0.0155270242837879,0.0492559648580077,0.0072171450014153,0.0687134156956532,-0.0339743275979499,0.0428997084443849,-0.0046508473425367,-0.0939472206413016,0.0393561300387979,-0.0274557140093455,0.0084497718119962,0.0093097935069716,0.0672072602994569,0.0294970426325931,-0.011794626869823,0.059126207366019,-0.0031336800201916,0.0548185033339356,-0.0168258624400932,-0.045761786358252,0.005839781054886,0.0357265759957,0.085692727493343,0.0117454401870005,0.0181416759706931,-0.0305101901558415,0.0318124371916448,0.0606545046636806,0.106264027378744,-0.1719775187018127,0.0412214829102559,-0.0601593801777496,-0.0686033250875178,0.0311596459166434,-0.2510047063214418,-0.1000177941123298,-0.0317172453918459,0.0959181094446395,-0.0111895330063785,-0.0400715337442102,0.0608222403266784,-0.0189056001208085,0.1085528766486398,-0.0318334344323137,0.0987648905333745,0.068957188750564,-0.0473392428610597,0.0087149474694541,0.0127419862543747,-0.0154635326426088,0.0517878973801824,0.1140257660545289,0.0032450832727113,0.053934677734498,-0.1210851987142745,0.1338302768670107,0.0276873490953615,0.1076372722664533,0.003782028470411,0.068957188750564,0.044078653442692,0.101318945439796,0.0971747116295485,-0.0563102386926666,0.0199657422141463,-0.0613447532319952,0.0159466397249796,0.0384259166113056,target,1663,31,439.132105068464,0.0607079751969823,0.0734956172086482,0.0163555092292789,2.914288743689959,3.528160002812226,0.7851468656225948,2.914288743689959,1596,0.4361706768797483,7,0.1185519319593798,0.019954656607158,-0.186309853185302,0.0,-0.7559543264410686,-0.3197836495613201,0.7831959345405658,0.0554424278887724,415.8816153560972,405.3749853821761,439.132105068464,7.51934971277631,0.0344573794568789,-0.010472672720371,0.0179777302340155,0.0493145526994889,0.728738399305521,0.0114359964827941,1.0,-0.0511103926405525,2023-03-14,41.0,5,0.0646115705082599,0.0718596537603948,False,False,False,0.25,0.0,0.0,0.0285822092282553,0.8980674630455352
ROK,Falling Wedge,bullish,1,0.6018891628301362,3,37,682,683,2019-06-05,2019,1,138.78254419387747,131.54901660673283,174.22071347558733,129.02805308683378,1.2195443605552077,0.0549873178358248,True,0.0028564553657612,-0.0151457620446882,0.0101005141220111,-0.026981356423427,0.0244389901008481,0.1146857145960098,0.0264980511613066,0.0303814584810231,0.0005075093038822,-0.0637158310731249,-0.0108006940793691,0.0208633376669953,0.0934466729353629,0.0198984662607979,-0.0241854022108225,-0.0016428829843601,-0.005868895171849,-0.0465861889752069,-0.016020483827876,0.0490128367856901,0.0136190796458894,0.010848104738766,-0.008068494686866,0.0074269715283847,-0.0270604205508029,0.0367116192726564,0.0562868393513509,0.0026440447286746,0.0885926351672279,-0.1254825701408788,0.1031678736946741,-0.00633693090575,0.013446858350119,-0.028627723190072,0.0364997114718883,0.0516614301918654,0.0253442725401815,-0.0042100882666163,-0.0444219801561297,0.0048598276201361,0.0050983333180525,-0.0581783456797141,0.003327722943228,0.0048972559441113,0.0594685576547562,-0.0038104956671032,0.0414523038914091,-0.0184268130804527,0.0038786660580774,0.0320695811677489,0.1318896361240626,0.0384526944075092,0.086128420340694,-0.0434539495745996,0.0167683369028144,0.1181822617310841,0.0874774376353717,0.0409958818826154,0.06848749202772,0.0061897955855441,0.0388318293566918,-0.0219086934855474,0.0440785490332502,0.1008979736074513,0.1895772536870008,-0.0348289444028224,0.0199981252570871,-0.0603049680973313,-0.0017180650708119,-0.0112360610918829,-0.0570687302163652,-0.0943183516538349,0.1333066747350924,-0.0796915608673923,0.0173834577725369,0.0143844007243221,0.1762437733649022,-0.0815313927930584,0.1284039896021795,-0.1281700501054746,0.0027294207895856,-0.1240462318076345,-0.0025928910813617,-0.0664230676692636,0.0540772633673301,-0.0648322525003082,-0.2774358298964238,-0.0547522816500544,0.0514774584173778,-0.0056105229078261,0.1800065656038749,-0.0001664896641113,-0.033937024349353,-0.0717532227898318,-0.1981461886963031,0.0134001119355611,0.1199659289564916,0.0519427342565479,0.002169250192838,0.0505013351084564,0.0172333575347496,0.0480218750454779,0.0743616645764224,-0.0982711901616411,-0.1185052916076786,0.1199659289564916,-0.0938481008598658,0.0615003719708899,0.0547704616705853,-0.2017936533839101,0.0929738467690866,0.011390075985493,0.0940130979144147,0.0843662048165347,-0.0432376153983852,stop,732,50,129.02805308683378,-0.0702861527989917,0.0776995177711726,0.0727098208273808,-1.0,1.105474046835116,1.034482866565772,3.63301056844678,644,0.7792936810504617,7,0.1971814651129282,0.0224782797789477,0.0466224446646428,0.0277777777777777,-2.820879744587929,-2.0415860635374705,0.2138503993396256,0.0893369708850919,131.54901660673283,129.02805308683378,174.22071347558733,3.3358255170705724,-0.0752284221569374,-0.0852898541381418,0.0240975420932727,-0.0885007179741914,0.5811973986227997,0.0064300612974383,1.0,-0.0172613999908697,2019-06-05,21.0,16,0.0338975053596932,0.0177536159339968,False,False,False,0.2,2.0,0.1333333333333333,-0.0552900158586108,-1.475318394874424
ROK,Falling Wedge,bullish,1,0.7541571940618375,3,34,742,743,2019-08-29,2019,1,135.53540120132186,130.3507848458661,156.32256008723198,127.07411696479336,0.6008174013221055,0.0397743393841958,True,0.0533061318273999,0.0402886340195811,0.0215680421890502,-0.0131255722130618,-0.0068522532196585,0.0245855769437883,-0.0079964734057957,0.0200638768445304,0.0156420923733195,-0.0008262270307568,0.0508112472639445,-0.0190621448457228,0.0846159929974765,0.0014324437114339,0.0551406609378373,-0.0185700954782752,0.003389025649042,0.0378304361750809,0.0404749859748083,-0.0092423533301694,0.0670706117935069,-0.0473486325361621,0.0383260697876891,0.0906533809208645,0.0673033821845179,0.0575033672814957,0.0829762658153836,0.0782858163237685,-0.0016934021024865,-0.0457677215878701,0.0307543909401459,-0.0061467854528729,0.0059489156628818,0.0107395047785172,0.004746498676371,0.0405382150854265,-0.0105402430878985,-0.0345732085527681,0.0254305359333584,0.0533382096615446,0.0335143458516251,-0.0307707721079587,0.1395219070389475,-0.1271536715982939,0.2349357976673052,0.0635739826095333,0.0873828861398944,0.0787359826909495,0.0798732568216045,-0.0218866439408291,0.0277465500730247,0.1050302716151043,0.1734304516519633,0.0129448451711287,-0.0247442312647363,0.0361835549390083,-0.023807895957622,0.3057130882562739,0.0178364326589406,0.0261562500353171,-0.0329341933277811,0.0274354229210285,-0.0487510422418581,-0.0324042236000332,-0.1601068717208267,0.0687008739038461,0.1021272856699866,-0.0843975456799266,0.0596756043407137,0.1601803847722851,0.1303632389881583,0.0700929814923487,0.3825327440707324,-0.024654829565929,-0.1111986016656869,0.0136351276579254,0.1598249181186199,0.2450876649644562,0.0118034096368897,0.014870173925356,0.0444607543429922,-0.0983013007041013,0.2607105257689339,0.0254210676755108,-0.0297684242908409,0.087589414010049,0.0257477949877331,-0.0421790357522612,0.4213497294959936,0.1598249181186199,0.1579239791363114,0.0714417342011024,0.2814597881030387,0.2196830228884199,0.1392349907330439,-0.1344946142502795,0.0734466833847877,-0.0184497193564416,0.0272017542753915,0.0134001119355611,0.1409048634059095,-0.1436557264788636,-0.2358320750838665,-0.0152460815561016,0.0867858540162327,0.1249942663779184,-0.0384771912793893,-0.0158043392434171,-0.2060075553132891,0.0788327156994341,0.1038495931087264,-0.1201612879043219,-0.1523751178715825,0.0192093086747957,0.2950919664393263,target,782,40,156.32256008723198,0.1533706965240264,0.1630582863830596,0.0455228459017248,2.4567380441102697,2.611916778391463,0.7291986666137135,2.4567380441102697,707,0.801236255602318,7,0.0241367282200247,0.0091737462625105,-0.3123248263817887,0.0303030303030303,-1.1092048211040468,-0.3079685655017272,0.1746553703822609,0.1601431798271813,130.3507848458661,127.07411696479336,156.32256008723198,3.622586947628066,-0.0751504221656269,-0.0331066655842938,0.0270195763383157,-0.1425554220475786,0.705888112801091,0.0137262655690855,1.0,-0.0076651561197783,2019-08-29,21.0,16,-0.0298682118654232,-0.00030329151778,False,False,False,0.2666666666666666,6.0,0.4,0.0186128228675409,0.8577867312941106
ROK,Falling Wedge,bullish,1,0.6105616020266073,5,43,1667,1668,2023-05-03,2023,4,261.41342633284734,263.24488246986834,299.6850633843292,252.1298702080288,3.1838338736314147,-0.006957233583565,True,-0.0245937162332537,-0.0391415444143042,0.0063644530415987,-0.0090137299398674,-0.0288517554098984,-0.0638061012162043,-0.0520036789239812,-0.0499486747324472,-0.110829182477479,-0.0175302479610386,0.0485225368364969,0.017566507622488,-0.057540945939805,0.0189659704914728,0.0432371814360081,0.0472113720096263,0.0264191504007897,0.0164794783292687,0.0189889059821974,-0.0200710376147399,-0.0473486325361621,-0.0481110203873311,-0.0115287436838034,-0.0038519930820933,-0.0242486239417477,-0.0309753970078336,0.0206407216734616,0.0157875552833781,-0.0028365580312004,0.0072968318503947,-0.0255198303574122,-0.0204539145754888,0.0101995416094302,0.0341385566199765,0.0118864656103803,0.0155860611704707,-0.0116616375870665,-0.0357577997468507,0.0563998981322133,0.0223606240033635,0.0338435384143276,-0.0197691393916368,-0.0391092949223758,-0.008539088331982,0.0038649980737071,-0.0057210997065562,0.0173309514253741,-0.0192600738768322,-0.0128401611932419,0.0390366230041621,0.0241318750480608,0.1067441464832168,0.0091397596628708,0.010015227646962,0.1450191398675793,-0.0601121396396379,-0.0677607169112122,-0.0592145106220868,0.2443523847268438,0.2700593360845502,-0.0459250676931684,-0.0488771503698148,0.018097127352022,-0.1291718047543346,0.0611171408585307,0.0273955602481454,-0.0185096770093812,-0.1368856351389706,-0.0014596214571806,0.194993321369171,0.1016196003423284,0.0317635423971447,-0.036571402705506,0.0143844007243221,0.2579557040131817,0.1282193638622546,0.1185333886276756,0.185287379520221,0.0425117586425543,0.0743971754036778,0.0981300060562255,0.0669165369955624,-0.0176007828391027,0.5009432219265075,0.0464064596315174,0.1601466472651131,0.0047282412466251,-0.0330102877318793,0.0570841903322409,-0.0357700133837473,0.1415745880208374,0.1046918154688996,0.2198033984445595,0.0906399149029686,-0.2087713321539969,-0.0988963798263503,-0.0785437792483398,0.495205839793257,0.5430224699895252,0.1322268091430523,0.2693241903740446,0.1481350209495464,0.3320801710654462,0.105582089454665,0.1253710414342432,0.1474320486677651,0.0019792341631987,0.0897129516162731,0.0395012621343946,-0.0647698124465981,0.0142092821316837,0.1967833676110366,-0.03214825530897,-0.1363324727914617,0.1187482111069387,stop,1673,6,252.1298702080288,-0.03551292775987,0.0321780568270798,0.0371251994556326,-1.0,0.9060941706823002,1.0453995712959625,4.12251905809747,1620,0.6477284472105351,5,0.1910578070680343,0.1390113275871249,-0.0918515542920709,0.0232558139534883,-1.078666650512886,-0.4309382033023563,0.5079532020755049,0.1203614642175237,263.24488246986834,252.1298702080288,299.6850633843292,5.1802453870179885,0.0713590421473449,-0.0182183849673724,0.0196932519801642,0.1008781721635339,0.1032624019372074,0.0017920203341355,1.0,-0.001590705784471,2023-05-03,23.0,12,0.0962961528017367,0.0623611977771652,False,False,False,0.0,0.0,0.0,-0.0192341641166909,-0.2473245671938931
ROK,Falling Wedge,bullish,1,0.722976048872705,3,57,1775,1776,2023-10-06,2023,0,274.50776342012455,273.58244544114564,331.1558542632679,260.3350997260436,0.7198050095939429,0.0033822271655143,True,-0.0001387862124778,-0.0093066537836482,0.0237201319505111,0.0894448357747801,0.0295247254892132,0.0210995520718306,-0.024911049313353,-0.0086083412079541,0.0452596409431644,-0.0059651751691194,0.0823568625054043,0.0617504761456491,0.0329162237155262,0.0120827102684641,0.0088946960597222,-0.003767472275785,-0.0076370031578419,-0.0020384193970757,0.0344808515101504,-0.0127659228763403,-0.0086083412079541,-0.0005831123209593,-0.0184710796878795,-0.0773340687126358,-0.0623896207874066,0.0064411862150284,0.0174871054661212,-0.098076087973583,0.0197996090866912,-0.0318584979210685,0.0334291377810596,-0.0164659614289389,-0.0005912460802344,0.0386347030213589,-0.0381764180105764,0.004531911086798,0.0555361424017399,-0.0890142664403688,-0.0852691387249664,0.0149123949728291,0.0208377748334795,-0.0458252257812981,-0.0843622814372189,0.0555361424017399,0.0014141770906275,-0.0662801267405968,-0.0855179957742309,-0.1021466627131575,0.0103426569913389,0.0034565187079778,-0.0283675832360917,-0.0573387598185113,-0.0038219571514001,-0.1028312402787013,0.0553052228035744,0.0220408100887208,-0.1074635350007974,0.099670661759087,0.0043067305991637,0.0261613316258901,0.2179565185822725,0.0060695947331685,-0.07427735898663,-0.0578714404303672,0.0079817455536634,-0.0236211481092316,0.0244540598247577,-0.0869302095536111,-0.0822791267094445,-0.025989945777972,-0.0940709020694935,0.0149822710293929,0.0784659928691891,0.0740957397836989,0.0234537967325669,0.2973567317238812,0.0218563461132166,-0.0295775024178708,0.0921833034546648,0.0160772198945962,-0.0431079292868329,0.1440494680353627,-0.0182047238969176,0.0915950701726835,-0.0892117725812995,-0.0219242149885595,-0.1297604463072715,0.0324718498454372,0.0896606755558475,0.055867165635997,0.0311951786222208,-0.0625661567774722,0.0589003293109577,-0.0419245902147558,0.1443620214946648,0.1529857039297513,0.0855297886013031,-0.0786172566261252,0.019899314689703,-0.1800336184174092,0.0920815284303717,-0.1839890136280358,0.0679488478108005,-0.2108158950640271,-0.0195289078516474,0.2166840809091055,-0.2358320750838665,0.0463188372182401,0.2166840809091055,-0.0242250105920677,-0.2524196759069376,0.0861630386817302,0.0694356316261939,0.0301881524151585,0.0567593506336571,stop,1784,9,260.3350997260436,-0.0516293729456028,0.0511857690650452,0.0635317691973347,-1.0,0.9914079165550768,1.2305353633535754,3.9969967584005968,1718,0.6594229748384781,5,0.0339425575891661,0.2486915777518805,-0.0468398652340161,0.0,-1.098928162565107,-0.4395051877266276,0.3834530135651428,0.1453066971971095,273.58244544114564,260.3350997260436,331.1558542632679,6.400589236086944,-0.0016666269798223,-0.0222749015459899,0.0231599901067897,0.07564317796275,0.7541587928359905,-0.0055912377338045,1.0,-0.0324673634867794,2023-10-06,23.0,12,0.1773718496878809,0.0488081401308253,False,False,False,0.0,3.0,0.2727272727272727,0.0537148057062585,1.4049742199965505
ROK,Falling Wedge,bullish,1,0.6316718007672132,5,26,1926,1927,2024-05-14,2024,2,264.31070028137367,262.8276349333956,285.3679391683181,251.7200669733692,1.115701876049347,0.0056427298763843,True,-0.0125638919598024,-0.0230805328699833,0.0543644526063569,-0.0163165144463094,0.0084233537385802,-0.0091438741298245,-0.0300953412762486,0.0087584642986073,-0.0139094960213101,-0.0104190172974026,0.0164794783292687,0.0189889059821974,-0.0038709309484866,0.0775484675209354,-0.0424351786869316,0.0175519300959805,-0.0116101281745985,0.0450970227921558,-0.0228789808336247,-0.0025170113231923,0.0313086091267893,0.0101005141220111,-0.0188351282335501,-0.0676405792546748,-0.0681537643381036,0.0023924088019029,0.0638567528833289,-0.0014321490671852,0.0638567528833289,0.0336249563316821,0.0377836074463651,-0.0098560338404041,-0.0113666933746215,-0.0941304854305945,0.1410564400295411,-0.0383498997620154,0.0338089702272732,0.0034802269062674,-0.0249995565149587,-0.1948000963539292,-0.0019815854493318,0.0469302858905575,0.0722096785233088,0.0132746611375091,-0.0038519930820933,-0.0742158916639713,-0.0425126860674086,-0.0720468360790546,0.0492037591514702,0.0334269416670096,0.1199928023986431,0.0419479667330418,0.2189917159818735,0.091866660697391,-0.0533200500394731,-0.0358615834321481,0.0067266095754463,0.042395375505734,0.0266461297233575,0.0004122616847443,0.2170983245258402,0.0241538520284634,-0.0716441436803936,0.0715424444452585,0.2525111987852984,-0.0825150335440073,-0.0588276290425152,0.1204572299799882,-0.0932729277246598,0.0348794953435704,-0.0335200557839578,0.0434204817366594,0.1226191773525213,0.0273405089124116,0.0323961059351467,0.0186707057696167,0.008140806360618,-0.0037667892996604,-0.0997947813796654,0.0737274885591048,-0.0939151790955249,-0.0250080064903502,0.287165461069313,0.0179287333535766,0.0738291200525609,0.1970845082425691,0.1768215079352426,0.1473610368995552,-0.0863112332429132,-0.0246886349007747,-0.2064505171631057,0.0005509703132254,-0.0571584522460871,-0.0740448191042472,0.0423090902836686,0.1278405724313216,0.0453724362468919,0.017298925109211,0.2413588426472879,0.1976256219975047,0.0711894941263018,-0.0858919498400136,0.1184275024336607,0.0524968807831935,0.041051151448693,0.0270360249398746,0.0912278418499421,0.0444865520502784,0.0949933595099903,-0.0283313377273373,0.132335647010233,0.1418409450169722,-0.2087713321539969,-0.1997116018602721,-0.1053676855612574,stop,1935,9,251.7200669733692,-0.0476357305799616,0.0160701365971927,0.058838472437999,-1.0,0.3373546789676578,1.235175187231199,1.6724527171764505,1898,0.4178399528238847,5,0.0028004832295528,-0.0440063399103951,-0.0548286388833637,0.0,-0.9472154732549336,-0.5293755204310515,1.1171153659119877,0.0792807422090152,262.8276349333956,251.7200669733692,285.3679391683181,7.108424838332269,-0.0435470564081468,-0.0293438212271982,0.0271881267043695,0.0575843521035923,0.2805884625289696,0.0021941194171752,1.0,0.0392626937841014,2024-05-14,44.0,19,0.2740569325102353,0.1456062179063231,False,False,False,0.0,1.0,0.0555555555555555,-0.0659938764607835,-0.5904947656703833
ROK,Falling Wedge,bullish,1,0.6155942575794588,5,30,1953,1954,2024-06-24,2024,2,257.7463589419134,250.7538577477021,278.86599183921726,238.18700749567904,1.4575875386530146,0.0278859167193625,True,-0.005543052003044,-0.0080248102831846,0.0689409378083008,0.0234562391012189,0.0109524928169828,0.0242804950650801,0.0082327973444054,0.0134210779396775,-0.0134891363460019,-0.0433244928078268,-0.0004242766060319,0.0004640390273653,-0.0638731397757722,0.0004640390273653,0.0327459480438607,0.00754887869291,0.0092929597751574,-0.0108006940793691,-0.0189136287090269,0.0055134008797219,-0.0145819276090549,-0.0318819385528671,-0.0059442555548488,-0.0215731469590296,-0.0433197946691215,-0.0343031182689247,0.0251591972404483,0.0604399522562544,0.0161802414349552,-0.0098166491536617,0.0047051146083534,0.0622345532171895,-0.1719058846598602,0.0320474971933111,-0.0038265455149214,-0.0580262573135462,0.0184767546227775,-0.0564745297641419,-0.1024632541332813,0.0339643153053415,0.0086522110245088,-0.0243031883954906,0.0058716057421552,-0.007083514085826,0.0119847917136735,-0.0121488116124953,0.019288247372927,0.0012915065082701,-0.0152407370272296,0.0871925353135683,-0.0159004991289546,0.1111857759617624,-0.0918730212771734,-0.0159550608064893,-0.0398877692164877,-0.0077710896730387,0.0241538520284634,-0.1860552524705039,0.0347455241175438,0.0010114801121117,-0.0475246760309873,0.0565044105449004,0.0589807560897939,0.0546748332410342,-0.1117095348423281,0.0917524381307766,-0.1028312402787013,0.0175690033915538,0.0241371609639462,-0.001118147867174,-0.0281590452032975,-0.0989953940791457,0.1301793656197818,-0.0952488266367026,-0.0142825665160215,-0.0592593086915542,-0.142718054781457,0.1673279515085488,0.1763634286588744,0.0247826189519786,-0.0312242533721297,0.1264469708621898,0.042093262150918,0.1185333886276756,0.011859919390696,0.1208948342342903,-0.0582080947650293,0.0027246823249917,0.1036107155544829,0.0464070183405165,0.270815259115754,-0.0432232936921069,-0.0111670090176456,-0.0431712581997254,-0.0693558357767809,0.077369183379913,0.3466100049456448,0.0768899259647646,0.1189427403948346,-0.0210276746690386,0.0603531447416822,0.066333057039311,0.0225329339608781,0.045990699633877,0.1878337192383454,0.2558534380382971,0.0942840191795706,-0.0194860566231481,0.2111928593213541,0.1102983274922917,-0.08365514654951,-0.0779799037281867,-0.1476535534592903,0.0923817794259618,-0.0785523921151842,target,1967,14,278.86599183921726,0.0819395974554326,0.0898875774511634,0.0336329062853205,1.0797716353406948,1.184507362927263,0.4432027902103529,1.0797716353406948,1921,0.4643882517338292,5,0.0389525368980355,-0.0662135837444828,-0.2266131676097895,0.0,-0.9744666032863976,-0.5100783515525669,0.9380335239743391,0.0993269124889966,250.7538577477021,238.18700749567904,278.86599183921726,5.842389718845955,-0.0438050553999141,-0.0050584452484765,0.0227635461492369,-0.1161677603231786,0.8246003691306654,0.0057248971573773,1.0,0.0352326159951614,2024-06-24,44.0,19,0.1326393989782557,0.0896387309232713,False,False,False,0.0555555555555555,1.0,0.0555555555555555,0.0427316902615692,1.1969273359498391
ROK,Falling Wedge,bullish,1,0.620468992303289,3,39,2397,2398,2026-04-01,2026,0,357.6714665321836,359.7102710948193,434.8810054976148,334.1095482801797,0.9416931442478798,-0.0056679075535717,True,0.0973102392127345,0.0455018513847469,0.0733218159402762,0.0074829942969045,0.0146417366584428,-0.0349562910423343,0.0424052823111118,-0.0312079447858354,0.0026165004388232,0.0068136379183596,-0.0365748886029695,-0.0090327520156863,-0.0177296231304406,-0.0189319166765703,0.0136207551604472,0.0244389901008481,-0.026981356423427,0.0293055789581666,-0.0126826328269038,0.005002128322505,0.0066736812903376,-0.0055793504239476,0.0956779219393291,0.1192897677212103,0.0338344583734688,0.0029288607525066,0.0174871054661212,-0.0343031182689247,0.0167978395686194,0.0134145686284796,-0.0527754354279743,-0.0455235011327381,0.0144667312064752,-0.0225989247585439,0.0178922139385231,0.0216345547537091,0.0167011425996976,-0.0099847415439903,0.0391890900669571,-0.025089269697294,0.0341385566199765,0.0047394328949983,-0.0258489360728414,0.0650080475274388,0.0200507797926303,0.115873517875519,0.1362399360181518,0.0244859617558239,0.0049543230597446,-0.0528976383126613,-0.1245355932156108,-0.0617427858196444,-0.0268341507148585,0.0829490116566074,0.1053293869125766,0.0255417865046374,0.0030944549414737,-0.0778782521263736,0.0330837659045069,0.008031705177893,-0.0539656555524267,0.1019845154625176,-0.2068061364784896,-0.0628116801402602,0.0030234771350328,-0.0307147026610382,-0.1327395621718572,-0.0274312589838282,0.1607581854892548,0.257228621134747,0.0869677567844275,0.026991831863405,0.1346749508363249,0.1100120853539048,-0.0030010025229779,-0.0820895124202073,-0.044427607461546,-0.0025928910813617,0.0748863798935504,-0.0514034479393624,0.5009432219265075,-0.0480810154208714,0.2093971124962892,0.2505934305622006,0.0473364488671592,0.1450383338698344,0.0142443097984505,0.0418802943827503,0.0384584457161267,0.0321484011097183,0.0447239925719669,0.1852419330146538,0.3443867638156241,0.1951199987486234,-0.1191041839383397,-0.0573743309940846,0.2049019401436238,0.0217871763946377,0.0684921032016925,0.017682279001792,0.0867077454700886,0.020271539249566,0.0911472640963435,0.1053891439237713,0.1582656123958614,0.1429176580471423,-0.0182793393980802,0.1812778245273236,0.2621073468958623,-0.1806781245644381,-0.073973932424326,0.1325813544766327,-0.0821157297460761,-0.0457722130595863,0.2985752071306538,target,2420,23,434.8810054976148,0.2158672026986634,0.2633935080850551,0.0085861851060517,3.276878314390413,3.998330751522157,0.1303388538213411,3.276878314390413,2358,0.4435648112883326,7,0.1550874725951359,0.07018546809363,-0.2971541956010415,0.0285714285714285,-1.2574007528889843,-0.8138359416006523,0.9654283874835574,0.1224225555158172,359.7102710948193,334.1095482801797,434.8810054976148,10.32268996006941,0.0046881677574086,-0.0530876978212426,0.028153609364382,0.0630294317607915,0.736645358731246,0.0123996340528025,0.0,-0.0410149463112108,2026-04-01,34.0,12,0.1623820767649482,0.0977026597099701,False,True,True,0.0909090909090909,6.0,0.5454545454545454,0.0238243883198541,0.3510172067655626
ROK,Falling Wedge,bullish,1,0.7223789373410239,3,23,2506,2507,2026-09-08,2026,2,426.3299865722656,423.28042684217326,485.9473666088061,417.48075665707006,1.141589067262181,0.0072045848017192,False,-0.0218844248964976,-0.0131287942141425,0.0389069123596688,0.0191279697126858,0.0221625043844706,0.0142344764267219,0.0246272918725329,0.0920858781335536,-0.0133610876541006,0.0432228873426057,-0.0122849729742509,-0.0050241190332402,0.0327658111783006,-0.0112736313972372,0.0125855600822308,-0.0142037776883156,-0.0004323084360157,0.0590021373198348,0.0001981106023034,0.0689409378083008,-0.0558097499964879,-0.0189917021795306,-0.0367083812896992,,,,,,,,,,,,,,,,,,,,,,,,,,,,,,,,,,,,,,,,,,,,,,,,,,,,,,,,,,,,,,,,,,,,,,,,,,,,,,,,,,,,,,,,,,,,,stop,2508,2,417.48075665707006,-0.0207567616492196,0.0144723890461984,0.0270916617567339,-1.0,0.6972373287690785,1.305196938451734,6.737013345553123,2481,0.8501522546785011,6,0.0769054909153763,-0.0038108830201503,-0.3484519127321469,0.0,-1.1493498530792088,-0.2991975984007066,0.1251181583846554,0.1087651579119102,423.28042684217326,417.48075665707006,485.9473666088061,8.508566720145094,0.0254514468856399,-0.0503575939810968,0.0198274803051085,0.1497264789294827,0.0351123836302227,0.0007837448187089,1.0,-0.0091458378798678,2026-09-08,34.0,12,0.08508826297669,0.0521485285242373,False,False,False,0.0909090909090909,0.0,0.0,0.0443564169930853,0.7148875874652615
RVTY,Falling Wedge,bullish,1,0.6151670046927069,3,49,681,682,2019-06-04,2019,0,87.42950753885683,84.89212791827276,106.639157157464,81.03892979417509,0.6388148047641864,0.0298894571594063,True,0.0462920538649367,0.0230216578839319,-0.0247520522936804,0.0378862443272181,0.0137695774785349,0.088260704134214,0.0617656210326627,-0.0492222225761606,0.0184011191437505,0.1341855784503702,-0.0208050619644557,-0.0439898582973288,-0.0051625318643305,-0.0052267716519489,0.0038077685593351,-0.0024997215964218,-0.0595600402750599,-0.0225504148887004,0.0016540448533681,-0.0245711890404976,-0.0418929439420189,-0.0660456535008461,0.0466194440605365,0.0616853144836626,0.0260177740828115,0.0312434933861975,0.1387432478132091,0.0458620393105337,0.0616684477383848,0.0245637802921412,0.0405241349603011,0.0101906930226525,0.0220522849884083,0.0081443117482431,0.0558611430136624,0.0576795188179275,0.0133335048083997,-0.0310982115829765,-0.01354561509889,0.056692407496016,-0.0301520358769145,0.034883704743122,0.0409669164842763,0.0244661067353884,0.0397211589376707,0.0300952628967749,0.1060676451934434,0.0510195516706144,-0.0593564808375003,0.020533220325501,-0.1717689804748697,-0.0915330263492818,0.1137566012742563,0.054689288167256,0.0126077563274591,0.0489751421403945,-0.1265294277741702,0.0340925785519607,0.2038622565762913,0.1314583419869943,0.0267697566186184,-0.0383335722502163,0.1179013510810507,-0.0350680708154297,-0.0365196160961743,-0.0010720033081984,0.0090683309281403,0.0889334708105824,0.0909442993493102,-0.031646712359845,-0.0902539984728768,-0.0608379620950574,-0.0808001685030402,0.1198531729631573,-0.1285443610567749,-0.0264891481976132,0.0006219572879373,0.0375090214313154,-0.106004579403639,0.0236219729079549,-0.1761994429843247,0.1121203179246543,-0.0127287746377234,-0.1983429745571042,0.0772775503440057,0.1848860644010861,0.0163076071168684,0.1477729662341445,0.1072913410342801,0.3253922851060031,0.0801308432725276,-0.0537885967892779,-0.0796595488223552,-0.1078712628471163,0.3091594033858951,0.0118240999176695,0.1320419719037713,-0.042211444506387,-0.217747121992804,0.11375777739355,0.1687074721702388,-0.0591488525057475,-0.1554101350719462,0.254536195196112,-0.050730817948193,0.1163172047100429,-0.0621782661811464,-0.173375611548383,-0.0096139785072832,0.0416938928306684,0.0106290114533986,0.1139316581470142,-0.050186432796027,-0.1016465247022442,-0.0971770238897652,stop,724,43,81.03892979417509,-0.0730940608563022,0.1187640260924162,0.0910163123291429,-1.0,1.624810890256842,1.2451943600188609,3.005933170063307,632,0.6671993912787659,7,0.1699593991609705,0.1209531282573628,0.7704513585734316,0.0217391304347826,-1.4175645009079847,-0.7503651096292175,0.3764511163276322,0.1518271874612037,84.89212791827276,81.03892979417509,106.639157157464,1.9892697309045124,-0.0124727821353302,-0.0534404205521586,0.0229878854605701,0.0184457877194494,0.9662891971128236,0.0090645984631707,1.0,-0.0419715953786697,2019-06-04,26.0,6,0.0769825282287748,0.0553841341603349,False,False,True,0.0,0.0,0.0,-0.0304342816495399,-0.5712945355330272
RVTY,Falling Wedge,bullish,1,0.6894901512428917,8,83,1473,1474,2022-07-26,2022,3,147.10494889543813,139.8258849180678,181.56421215793705,127.57027647124534,1.2114280687091736,0.0520580576453033,True,0.0368728596393972,0.0021328983890167,0.0419890920520837,-0.0060045147466358,-0.0579038014893026,-0.0084262268374342,-0.0246310763206752,0.0168537960390466,-0.0104923532316624,-0.0163680786612532,-0.0525926614902357,-0.0022439975725071,-0.0134890223731313,-0.0228649304136103,0.0223508569268875,0.0938540968536181,-0.0181358773502032,0.0005314562906491,0.0346257418474817,0.0455262025720615,-0.0125288066998711,0.0236637134963519,0.0351871791948143,0.019311217013411,-0.0237713705487898,-0.0310619046792514,-0.0858144422992839,0.0526794881395102,-0.0392608928870509,0.0908796847627884,0.1072415431566673,0.0388762823203874,0.1134288678633472,-0.0331789784796262,0.0372416215122344,0.0583561407430595,-0.012094752118649,0.0445419615085891,0.1840167402658605,0.0218388040318966,-0.0508462818801378,-0.0319200578136206,-0.0331337755537525,-0.0362132117063669,0.1069349603696465,-0.0058143728494013,-0.0502623712137242,-0.0958805973116729,-0.0233038712400388,0.066312036670318,0.0642202172379382,0.0049100837914495,0.0826838879619218,-0.0846378172039868,0.1014163492735573,0.0395106679167922,0.0437404558613987,-0.0165569121971862,0.0729558709776996,-0.2449465851956478,-0.1055245493970188,0.1063944867000059,-0.2073848912670752,-0.0350523712564001,0.0958356513897806,-0.1049652591426076,0.0587556099412771,-0.0597719338564022,-0.042991927562013,-0.1525367470689518,-0.1134362364718134,0.1281382806389832,0.0205439709730375,0.0926485116610573,0.0704223342516721,0.0792709029751428,-0.1993673562642708,-0.0033705778064996,0.1330460543900276,0.1789192827915726,0.2070747627860558,0.0063134490438518,0.0723309814350159,0.1265021909898569,0.1216567084933497,0.089612169238991,0.0323700749370761,0.0450670053291997,-0.0743832601491422,0.1821575800512316,0.0604147268011221,-0.2210051366973184,-0.1410308039347008,-0.0792947803805327,-0.0825338533880339,0.1335931938499277,-0.1741720689320562,-0.1868111077626647,-0.1262852629697443,0.3234362682891174,0.0801595311430722,0.2308778200391956,0.3238688639661831,0.0317056152781791,0.0244502545340918,-0.0706898477933192,-0.15274700307818,0.0038322200551088,-0.080343441590593,0.1329936185309193,-0.1972776797521662,-0.0639158335599707,-0.1918563023888305,-0.1043826851870547,-0.1337259188988598,stop,1510,37,127.57027647124534,-0.1327941212778504,0.143856968833953,0.1372627863945862,-1.0,1.0833082628180164,1.0336510763709634,1.7640051757316757,1387,0.6191619107490527,6,0.0885528965783993,-0.0032766192183603,-0.1104808053735149,0.0,-1.0918419750419808,-0.4726800642929283,0.5177920667110701,0.1968582844833562,139.8258849180678,127.57027647124534,181.56421215793705,4.429269977754219,-0.1146828391317758,0.0297141727732568,0.0302643529545568,-0.1499793684549347,0.9635642536787868,0.0006833671639803,0.0,0.0059188128207445,2022-07-26,43.0,6,-0.0519753154900574,-0.0445385492005238,False,False,False,0.4,1.0,0.2,-0.039980495368107,-0.8705959526412129
RVTY,Falling Wedge,bullish,1,0.6787920694408831,3,52,1777,1778,2023-10-10,2023,0,109.35066756162342,107.63080317970685,130.61439829695723,102.5531991784888,0.957783195346255,0.0159792952491955,True,-0.0417271051165123,-0.042599223230871,0.0054930741778624,-0.0589222133376924,-0.0218425308280824,-0.012078347031328,0.0112421539867482,0.0290976136984422,0.021851129181883,0.0637720385098958,-0.0193598693690519,-0.0405664658688452,-0.0286692766500382,-0.0265642537584285,0.0386540124802199,0.0254879298555272,-0.075264232580402,-0.0319889316559266,-0.1730712313974517,-0.0204506171257129,-0.0445744327960345,-0.0319712493109636,-0.0222408201255433,-0.0751971627407031,-0.0476284545901667,-0.0031445254247323,-0.075481670894367,-0.0298663138277301,0.0630251373571,0.0498037695416293,-0.0224792854218796,-0.1096264100733466,0.0059856976301344,-0.1379054272497307,-0.0548717685232751,0.0206388598599922,0.1044272576556408,-0.0041839938037815,0.072981917962452,0.0054447664269527,0.1293288941715131,0.012554297805257,-0.055036775198986,-0.0881659419235459,-0.0032264361373626,-0.0692072652372998,-0.2249739263593093,-0.227935012054995,0.0208443039120842,0.0802868532533869,0.0203562217269144,-0.1333199107646736,-0.019641106093946,-0.1215039951367802,-0.0430807017135334,-0.0561959880963506,-0.1559007312427747,-0.0873430931115157,-0.0686591220240968,0.0511450751721549,0.051046057181818,-0.0182267336860446,0.08386427321121,0.0464524855277457,0.0234757211662934,0.0792911854973157,0.0561341801435919,-0.0563120084788273,-0.2126095746815079,-0.1772269760653887,-0.2211163203175362,0.0550575259379073,0.0435137609878311,0.1386794807719267,-0.1845760261790834,0.2631334149916466,0.030629127922686,0.066759150770822,-0.3067691083184344,0.0377130358602009,-0.1001920945810626,-0.0175693391721628,0.1551335650058181,-0.1258660461786969,0.0613877036851548,0.0768596892399791,-0.0654530833686289,-0.0565750825059407,-0.0754876882339818,-0.0331118368634164,-0.175001406135546,-0.1666402132472396,-0.0254531163710823,-0.1039056356839701,-0.0003611601083949,-0.0718075540971764,0.009176901138362,-0.0958452497748825,0.0275030805197544,-0.0886019073512389,-0.0778146356735252,0.0181841316238966,0.3204231977065619,0.0663527820502098,0.1429325697131394,-0.2472957959044248,0.2852576066971273,0.0748539166722495,-0.0876728372169929,0.0763537126273816,-0.0617539030462236,0.1759842487666771,-0.1310621042616282,-0.0562446119136477,-0.0393812357794436,stop,1783,6,102.5531991784888,-0.0621621114411943,0.0013606815020468,0.0793723961120263,-1.0,0.0218892420238024,1.276861327130322,3.128183837984711,1725,0.5983783216116388,7,0.1375310319602769,0.0703693200128081,-0.1280460490951442,0.0217391304347826,-1.2085945552988266,-0.6102162336871931,0.4462165224399191,0.1289798755844174,107.63080317970685,102.5531991784888,130.61439829695723,2.2538113091355063,-0.1113114166583175,-0.0336769283688056,0.0206426918408451,-0.1788670119653403,0.859154589047535,0.0027751681427818,1.0,-0.0222364748247425,2023-10-10,48.0,12,-0.0793144958362939,-0.0580742215115763,False,False,False,0.4545454545454545,2.0,0.1818181818181818,0.0321971532599743,0.9487409935729016
RVTY,Falling Wedge,bullish,1,0.7151309727414701,3,37,1872,1873,2024-02-27,2024,0,105.13807932668595,103.4047662336602,116.13003054016384,99.15017517063654,0.7136334142414266,0.0167624100528309,True,0.0109588862039644,0.0072980385220584,0.0450914312598702,-0.0514204841063349,0.051831651288803,0.0457286382674011,0.0166765759396843,0.0174557735281668,0.0522945585690215,-0.0403770480150481,-0.0006287575435844,0.0743305478270208,0.0045675038208579,1.309617791989126e-07,-0.0408840149477568,-0.0140881654073167,0.0163936935821495,0.0059229578046102,0.0132046429852592,0.0300852173015553,0.0469141916887736,0.0594582791358193,-0.0056689799930721,0.0279640970094743,0.0053056424667612,-0.0133845301136303,0.0970684505020307,0.045999908639726,0.0166929489101634,0.0218034971134948,0.022578968326639,0.0342209716739141,-0.0540513532736576,-0.0524287442328099,0.0485166812927662,-0.0408204129558371,0.0207377541830451,-0.1471811516757635,0.0364611934191181,0.068343410925769,0.0083336135702574,0.0879027308119326,-0.0155065749022664,-0.0091452077252607,-0.0805880398073106,0.0231863912753583,-0.0229569825948122,-0.0528223999050395,-0.0815337006896742,0.0276841090892092,0.204405750891059,0.0678178063204193,0.1058923255955486,0.1183322256058241,0.1085426404587037,0.019457914405508,-0.0389761091271054,0.0127387843244044,-0.0409415052236047,-0.0438096423127892,-0.029273602027629,0.0223259124715236,-0.0421936577758356,-0.0156548791539944,0.0365580394234703,-0.0005707445238835,-0.1335423964345419,-0.0010503241975641,-0.0377674299507646,-0.0292721380753304,-0.0325379319898639,0.1208290511138145,0.1954925200608135,0.2253352361061908,-0.1652829110422645,-0.1628751319348733,-0.1432911450169983,0.0440495273691716,0.0759310368538532,0.1102488229192302,0.0358590650287375,-0.0494189720933098,-0.0064862734395918,-0.1829367898353071,-0.0373620902623308,0.1137226138396687,0.0233440693573137,0.2436204899764438,0.0593562171518107,-0.0286059965168018,0.0359264179718252,-0.0546449259557002,0.0651724064813987,0.0134317733409092,0.0852307229169655,-0.0547961769908388,-0.088738477679416,-0.1886446439342665,-0.0812479205009121,0.0141246260896814,-0.0245965325988213,0.1389999104832791,0.1536353141709534,0.0185009485561533,-0.1741720689320562,0.2042513665180116,-0.1165593464627132,-0.0022104926989759,0.0086516288871991,-0.0634882223242204,0.0915672755901058,0.1444689205055638,-0.0629436884122102,0.0416377920535899,0.0629888597195451,stop,1907,35,99.15017517063654,-0.0569527633983472,0.0503541959733281,0.061691031132348,-1.0,0.8841396443072224,1.0831964500275373,1.8356925774059056,1835,0.548138311232822,7,0.1125312724147925,0.1780145111613309,0.2214806123975954,0.0,-0.9473129257671592,-0.3991746145343376,0.5778223253902697,0.1114468963640406,103.4047662336602,99.15017517063654,116.13003054016384,2.224223813824154,-0.0251983052241455,-0.0066608192634797,0.0211993239773888,-0.0797560500009301,0.747474202572425,0.0077913741468427,1.0,0.0318766805151213,2024-02-27,1.0,9,0.0881059785517235,0.106656171423523,False,False,False,0.125,0.0,0.0,-0.0841669308530694,-1.04392149834309
RVTY,Falling Wedge,bullish,1,0.698625973748499,13,168,2272,2273,2025-10-01,2025,0,90.29034806046768,90.88451707805255,128.14614263278008,80.19023801055516,0.9813706690078476,-0.0065376263932239,True,0.0135851960915447,0.0096176879237706,-0.0078866084957118,-0.0067458796984809,0.0772253597706635,0.0143020979319989,0.068408559037326,0.0355568062894755,0.0129719751504022,-0.0075486862218212,0.0023483018276753,0.0915141894306834,-0.0062083105416731,0.0106950223602393,-0.0330137575481888,-0.0085990547230113,0.0796638168210319,-0.005889267996277,-0.0456499679681041,-0.0426051806898407,0.0269419671593458,-0.0176957691129039,0.0016959154524032,0.0174509157161542,0.0253261963298675,0.000624762293415,-0.0021324937297955,-0.0844343816410185,0.023744025291255,-0.1157111907249417,0.0911049819053404,0.0135386201557445,-0.0503522723520135,-0.2149803529932185,0.0770791839810252,-0.0326257082982809,0.0574110628330029,0.1446297853895324,0.0390225651246307,-0.0139913373492234,-0.0135475903742978,-0.0457250090494841,0.117891373443814,0.0243298692844036,0.0115473957187843,0.0160797512707204,0.0533579408847995,0.0280912202349767,0.0421704744755244,-0.1490243533627835,0.0589398356186803,-0.1359613122489108,0.0648797190449319,-0.0716139983762791,0.0121593471038277,0.0937850761652143,0.0461145400660436,0.0886574169475951,-0.0825096746587326,0.0714821437885953,-0.0060846070837387,0.0145691453809033,0.0061362014407158,0.0211133390334974,0.0153022508501223,0.0874839898174946,-0.0984668222542376,-0.0298202527163199,0.0508923179331923,0.156814802072261,0.1430478497289884,0.0606596732766653,0.0608289063570133,0.0048015950419817,-0.0512784127618405,0.0850105626056263,0.029287782770325,-0.0096497382537678,-0.2116884421663544,0.074045565318247,-0.0868604662176465,-0.1772269760653887,0.0612410534326595,-0.190715135000608,0.108321749793365,0.0544921342324176,-0.2417776010009736,0.0766346774023429,0.0430399245310626,0.0131468394699134,-0.1750930225164368,0.1804537685598309,0.069384931040626,0.0367205520721984,-0.033301596971588,0.2464090331371469,0.2160180573705583,0.2142410426541399,-0.0046876485600669,0.0185009485561533,-0.1196889004108721,0.0378589832746252,-0.0005635390437417,0.0651724064813987,-0.0002697765058901,0.0378988426432724,0.1092471281059155,0.033171546643784,-0.0715315626736634,0.2044472937527459,0.1843096263368842,0.0825490166619744,0.0247371380224827,0.2596773823672818,-0.005824840051501,time,2332,60,96.55513763427734,0.069384931040626,0.1773732917186795,0.0272807464861553,0.620269436951722,1.5856358165175797,0.243877352168621,3.748057633554231,2104,0.5964227375571742,6,0.0861573005445113,0.2180782745436442,0.0352441702764512,0.0133333333333333,-1.012114267198751,-0.4156915296415756,0.4870404933543297,0.2585203448187932,90.88451707805255,80.19023801055516,128.14614263278008,2.6583630281070803,-0.087505089454599,0.0349791286026801,0.0290509265937483,-0.1190118687282691,0.9212252441155988,-0.0011408532536397,1.0,0.0412639543120214,2025-10-01,34.0,9,0.0834878672247667,0.0597472203548195,False,False,False,0.125,1.0,0.125,0.0191992480522029,0.6565165933312447
RVTY,Falling Wedge,bullish,1,0.781215233175407,8,96,2424,2425,2026-05-11,2026,3,99.3077259054122,93.19987723249324,126.4446199409292,79.20857600249332,2.585653747833994,0.0655349433313365,True,-0.0391466006732446,-0.041535012515812,0.0135277079067996,0.0324204010976192,-0.0308940020852969,-0.0155269546450467,-0.0027099606340231,-0.067701827546883,0.0085955445955341,-0.0276663004543974,-0.0689857928572588,-0.010907282456513,0.03240574195513,0.0653628652670592,0.0034296822637536,-0.0869006777805645,-0.0287050818781058,0.0100595275171437,0.0003929068624377,0.0090986939362343,0.0301270830266926,-0.0433460902612928,-0.0302504098646957,-0.0255610352096556,-0.0441527393617521,0.022578968326639,0.0361257269145522,0.0113161108975059,-0.0009914583606305,-0.0254875224547366,-0.0340048056714242,0.0398852330287373,0.0252610001982387,-0.040488409331499,0.0314843482392108,0.0747546187626242,-0.0407840481084336,-0.0712989234833728,-0.0519832617268215,0.0305820789237698,0.0012954858818232,0.0455502431510852,-0.1331112548589816,0.0139743170882058,0.0027836734637491,-0.0224331412536677,0.0479017830003571,0.0476846553427259,0.0603589731028841,-0.0625801790375343,0.0211133390334974,-0.0284501592474322,-0.1289212212238252,-0.030615894442589,0.1598486098902842,-0.1674315134948506,-0.0844087142347214,-0.0326244912518841,0.0138825973587066,-0.1335423964345419,-0.129449022838565,0.0830216810066222,-0.0096490813559919,0.0502434091234178,0.0778554882336155,0.1727381447687326,-0.1366214619811832,0.0363782501920937,0.0613444651420204,0.1366609233736304,0.1139212999559373,0.148520393286925,0.3654705503458961,-0.1469170985183737,-0.1054568721641702,-0.132252609451614,0.1946582445079168,0.3323071096194734,0.0604016169365271,0.1825715332460311,-0.132795227962731,-0.0456821150218962,0.1366609233736304,0.0608289063570133,-0.0868223513916613,-0.05334082008818,-0.0507399712087,0.1858424456222591,-0.0043621949885289,0.0369635718004952,0.0758894563653127,0.0855736488403492,0.1503636481675141,0.1046987780700769,0.0221002641528182,-0.0206203451149203,0.2303518942594768,0.1686632264455032,0.0933674291338915,0.0361135716236322,0.0320022364420631,0.1881559536836248,0.1812653045637551,0.0089406639695266,0.1127254195808999,0.1182460694291918,0.0095018285871777,0.0271113048219202,0.0596047360939813,0.0713061124971368,0.0434782340577943,-0.0689893527688079,-0.0715261392729257,0.015447980870072,0.0875013285147235,time,2484,60,114.23999786376952,0.1503636481675141,0.1818818896162586,0.0644057705082144,0.7429305234540687,0.8986587456888796,0.3182219464629093,1.3501513330957389,2325,0.531179659400489,5,0.0561149457704861,0.1142926111280904,-0.2481464723132921,0.0,-0.9902091560963242,-0.4590294966958363,0.784550010323296,0.331246159808892,93.19987723249324,79.20857600249332,126.4446199409292,4.716327697839565,0.0500413723006594,0.099382222565858,0.047693637269424,0.106876282458344,0.1401265734616906,-0.0020792284523851,1.0,0.0775397141875302,2026-05-11,51.0,9,-0.1304854560987033,-0.0952085678258517,True,False,False,0.75,0.0,0.0,0.1715250287521955,2.9819293743710302
RCL,Falling Wedge,bullish,1,0.688331905464763,3,24,857,858,2020-02-13,2020,1,109.14733638718938,110.62934472120116,138.40356175444185,103.7036490079032,1.540909494181135,-0.0133961593801953,True,-0.063872953727913,-0.0519326461506473,-0.0383709648432463,0.0113918425041059,-0.0471064588048125,0.0032068197215922,-0.0482833506856665,-0.0466651714832178,0.0586180754999072,0.0071886243954313,-0.0203888416087481,-0.0228146951917548,-0.0185883629607422,-0.0429037520560858,-0.0278613374718982,-0.0151595802362457,-0.0568789396832404,-0.0554663371354791,-0.0654754101500295,-0.0475790266112424,-0.044272273803383,-0.0205680584052588,-0.0369740937774122,-0.2906043808684551,-0.1683859386797772,0.0107438244463278,-0.0232878779274038,0.1714710288358434,-0.0479634778348447,-0.2436090369020577,0.0913791163657311,0.10311361725134,0.0956431345877997,0.131482873751155,-0.1131394542482762,-0.0665557594885848,0.1974576369867664,0.010668225072975,8.881843882990736e-05,0.0475657868135563,0.0288618412605965,-0.0033785679789628,-0.0255885672534779,0.0144808529048876,-0.0383744786387599,-0.3076573576906271,-0.7119460887034453,-0.5099075809501044,0.0595079877467574,0.2216031528095035,-0.0320148513529261,0.1710016332699837,0.04615399159276,0.0996986028977964,0.0402574528147352,0.0237335092371697,-0.0670966143149008,-0.0181850206252416,0.0378155468766641,0.0459868744248563,0.3759225524744538,-0.1368059839773484,0.1847458600370208,-0.0746444377626365,-0.236871294181116,0.298975848167581,0.028616249185845,0.0221385807207195,-0.7664730707055292,-0.7026799227293443,-0.5242288185012358,0.1164279342234326,0.1979004698951136,-0.1297967168967532,0.1643552816610192,0.0708403766343113,0.0890827825946165,-0.031641257000715,0.0971177023274365,0.0038830948974317,-0.1287055110344352,-0.0334736779997263,-0.1856611056764412,0.0362153194951215,-0.0683448835025498,-0.0307775278008365,-0.0978572631721214,0.2181960147717927,0.1855784748806788,0.0689417995322478,0.0535074281518799,-0.7324693595284195,-0.6608037998835087,-0.5325410012242399,0.2508387355507375,0.2417304622548859,-0.1088257573814678,-0.4946237131477511,0.2195790031478717,0.2842989252178753,0.1181091914030594,-0.2132447661560176,-0.6798150869821636,0.04663758189408,-0.1572886067892647,0.252639671114766,-0.0139925002520646,-0.0752981786247571,0.3995680777014234,0.0798235386072134,0.238609050541819,0.146324973057488,0.0257242188416051,0.0901859767231285,-0.693352839719632,stop,862,5,103.7036490079032,-0.0498746699596518,0.0023820403713775,0.0723422884013841,-1.0,0.0477605239955394,1.450481546241977,5.3743397312960335,832,0.4354812020871925,5,0.0035812270343414,0.0994485490193544,1.1865104546752543,0.0434782608695652,-1.9297049826791963,-1.494223780592009,1.1049511718835134,0.1036271676776202,110.62934472120116,103.7036490079032,138.40356175444185,4.659857955331574,-0.0206332891152359,-0.0942789216703481,0.042591827591219,0.1048425047613763,0.0745106721638152,-0.0147573212375032,1.0,0.0270274295678991,2020-02-13,35.0,5,0.1176604083898882,0.0334198814603075,False,False,False,0.0,0.0,0.0,-0.0951599990563659,-2.408670539434411
RCL,Falling Wedge,bullish,1,0.6423843019289777,3,23,959,960,2020-07-10,2020,0,50.656545990130205,46.99360727406315,72.80801889540089,37.97864628869843,1.0623857069851343,0.0779454680868627,True,0.0201574039755672,0.0151906345359353,0.029787982046685,0.0072469797605809,0.0608992058237818,-0.0785936654444238,0.0415315735940942,-0.025853325178512,-0.0710197827603497,0.0081340193204046,0.032402711885076,0.0037135175464393,0.0654397013495324,0.0422967941403211,0.1153059363455699,0.0137091945501721,-0.0019762719662766,-0.0032863251355678,0.0285348014242072,0.064444807340116,0.0253717496548482,0.0450767641889431,-9.144487149274904e-07,-0.0241888021218599,-0.0265318723065879,-0.096160994596441,-0.0270028545867881,-0.0749163865880345,-0.0032924234572844,-0.0359356578455619,0.0659361647064453,0.040439929192205,0.0667560474894968,-0.0979790922125994,0.1020896695479733,-0.0424150900459583,-0.004683749501482,0.0472977874141993,0.2133283519386903,0.0711876204314725,-0.0338509655754643,0.0248792771384096,-0.0424827338620136,-0.0648148584133248,0.0683612036847856,-0.0330258643647961,0.0001918328619159,-0.044915278543806,-0.0205607555338596,0.0754232172868092,0.0774376936459895,0.0947379200972553,0.0420866138284699,0.1150643502913175,0.1097062011437419,0.2759038501464481,-0.0012220152348269,0.1238737219861305,0.0968785766170674,0.0027922512902747,-0.2042125858583361,-0.0560562348804095,0.1261024447367815,0.0017657637050336,0.3034234980336567,0.0656480289827234,0.0151798166621242,0.0024278379779398,-0.0621281768843006,0.3812632255369228,0.3111665846817,0.2991974877090613,0.0983584208618166,-0.026000622358633,-0.8214120734161792,0.0155252742040046,0.0744668745988976,1.0341174366103325,-0.2968418720754412,0.0828396375974671,0.2082632880020769,0.4746200427653435,-0.0962221278624416,0.0867786339560672,-0.1156305787654037,-0.1650188472758164,-0.1325665219878412,0.0878511238444499,-0.6949124436076144,-0.0743571999918543,-0.0318903624203884,0.3809049470175276,0.252639671114766,0.1870721359764138,-0.3073777953820835,-0.0006949109775241,-0.5936445162986173,0.234225636080182,-0.0565083140441718,0.1547562877058927,0.093874415243768,0.0815174415413202,0.0849531655876711,0.0723938067689793,-0.0007671931054307,0.1625753395084914,-0.1830498734840511,-0.2277744660978813,0.0587638350009274,-0.1529512154351956,-0.0505608334968287,0.0627228841223312,0.0102278306152763,0.1831928029913216,0.2713459547725472,time,1019,60,63.45439910888672,0.252639671114766,0.4290651934143757,0.1224802605449303,1.0094616158945626,1.7143975906754334,0.4893891809600529,1.7472509979526825,936,0.3696785560506295,5,0.0568075243487379,0.8817635504874759,-0.1735850063737024,0.0,-1.057928357909357,-0.688249801858728,0.999386825892553,0.2468824499004056,46.99360727406315,37.97864628869843,72.80801889540089,4.301144893139771,-0.3757045785846079,0.036934623368426,0.0854328097333111,-0.6095887055665179,0.969072110891026,-0.0019101372861938,1.0,0.0611343461530753,2020-07-10,35.0,5,-0.5220878932460041,-0.3120704268376962,True,True,False,1.0,0.0,0.0,0.0077380368339673,0.0128364737491811
RCL,Falling Wedge,bullish,1,0.6132226127703387,8,70,1241,1242,2021-08-23,2021,0,78.77097268610484,75.79186728103906,99.06165610180976,64.92444739807317,1.074164832850872,0.0393063993794895,True,0.0109877681148895,0.0014779594984213,0.0371395035053936,0.0127420870390373,0.0197739891356447,0.1072608674137305,-0.053453817770695,-0.2034740055246842,0.0079593917792422,0.0158374381601473,0.0829271369999633,0.0343554381158919,0.0137328120353195,0.047469786288506,-0.0735942607578532,0.0442590574367585,-0.0058544785522985,0.0225650008404321,0.0389529903142484,0.0193200602465482,0.0566218571719929,-0.0454137057871188,0.0020314107103792,0.0055556326759853,-0.002235092348704,-0.054194296133406,0.1409387352146922,-0.0453695678708806,0.1004606985241047,0.1263418417421307,-0.0283360199744204,0.0532432190587266,-0.0492218057203315,0.0571154843996042,0.0738803862940655,-0.0164788125365682,0.0275785738281997,-0.0166214216681555,0.0518540540782748,-0.0638827129837477,0.0416117233210191,-0.0489814755207915,-0.0028140774503754,0.0233347490141508,-0.0015700561687299,-0.0128888282963927,0.0237038174977604,0.0526136502695943,0.1656998314998778,0.1265085974699238,-0.0438910816286804,-0.10923758957255,-0.0039900494611581,-0.0438910816286804,-0.0082072015968982,0.0027736105632847,-0.0635538002969593,0.0955278919335407,-0.038604022861106,-0.0278130526960699,-0.0525409675928866,-0.0372958214590195,0.1926995281501213,-0.1907143179440465,-0.080097376357251,0.0698362499711671,0.1549107712501864,0.1142127057653761,0.0125871763223518,0.0428396368933166,0.0336564432259585,0.100438993244609,0.0685048313505354,-0.1255153277208388,-0.0330096521061473,0.1951979029592179,-0.180788955669035,-0.0729389257944449,-0.2072585133066975,0.0591961932221187,0.0943632085905592,0.1705364061207865,0.0023186039686109,-0.0212987826872419,-0.0732159472095198,0.0076136746490194,-0.0069155563424059,0.2912834813969274,-0.0964140613094314,0.0370184343589923,0.0632944127339285,0.0292191158708394,0.028889068507071,-0.0220372066779408,0.0721860928993816,-0.0249491412417831,0.3189011705101165,0.3830548026126186,0.2842989252178753,-0.1082795257106497,0.2036722816798288,0.048890125149245,0.0332940567485962,0.1398364067229518,0.1693381087752252,-0.1082795257106497,0.1445028314642575,0.0833824546259638,0.116482655627681,0.0119472341293271,-0.1865073984044587,-0.2510007305206022,-0.5073956750964188,0.1091306544217904,-0.0177362216879437,time,1301,60,81.04659271240234,0.028889068507071,0.2132099791047752,0.0441974443532799,0.1643459264299649,1.212922165749691,0.2514331653268341,1.4653989353735777,1171,0.5102696773612891,6,0.1131584201112524,0.1601359462942999,0.3545967215261749,0.0158730158730158,-0.8039182109789693,-0.2936485336176819,0.7357768352893312,0.3360041763125735,75.79186728103906,64.92444739807317,99.06165610180976,3.2668430299975,-0.0063032247183563,-0.0031550364429882,0.0418602635339581,-0.1088283741333266,0.6603772226880618,0.0122747490903645,1.0,0.0141490093413105,2021-08-23,5.0,6,-0.1282394577891111,-0.0616653510071194,True,True,True,1.0,0.0,0.0,0.0505125428298309,0.8914462582606012
RCL,Falling Wedge,bullish,1,0.6864428836787007,3,18,1870,1871,2024-02-23,2024,1,119.44015096392916,111.5455411115404,135.386888465805,108.2444544368193,1.975542884713814,0.0707747685270048,True,0.0117243366832144,0.0027730439026327,0.0060217575977852,-0.0278314026405332,0.0748716047959046,0.0229787636741118,0.0015628602975041,0.026827628373703,0.0353524058394074,0.0034146223534365,-0.0710197827603497,0.0130376473181601,0.0039323783509714,-0.0141263670314092,-0.0246844429925737,0.0646266163730946,0.03054747812984,-0.0576082387008765,-0.0018061753215973,-0.0393699457049541,-0.0270237904199542,0.0032068197215922,0.0105788148205513,0.0378602177817497,0.0311319263333067,0.1087482729812121,0.0584900527482838,0.5666668359594198,0.275708902323637,0.0037990028569103,-0.0730487479301805,0.0780089366511798,-0.0594614567074957,-0.0716388186361713,0.0104491936340811,0.0265351711277019,-0.3797847061470341,0.0323804445121655,0.0594500629752414,8.881843882990736e-05,-0.1282795070218306,0.1152102425119205,0.0339571198080876,0.0166766276271965,0.0524999873015314,0.0015373960310153,0.1074744584327742,0.0788900968506958,-0.014861154745418,0.0556385750242245,0.0940144876062765,0.0894596481545875,-0.1523594071448046,-0.114477473985379,0.1958181363217714,0.0314584477963353,0.0180396423220969,0.0005648870272503,-0.0805513814197051,-0.0311421628397018,0.4737284705371449,-0.0250353013249167,-0.0116193697782038,0.1000002946381055,0.060304357002727,0.0894596481545875,0.0392979200654677,-0.1012647595641635,0.0716507832403601,0.0746620990414732,0.0884873233875958,0.0234817182757034,-0.2563839172042594,0.5153177669922511,-0.2809215828086238,0.0381526013992288,-0.1743163584277497,0.2290457580646852,0.3018181001101714,0.0116396743682334,0.1158801507911166,-0.6530582626058739,0.0234817182757034,0.0076136746490194,-0.1906696742093083,-0.0951571422598889,-0.0691930404387795,0.1582427931324583,0.2127755721279018,0.0634908516941077,0.063288064781354,0.0724356757061006,0.2025729780788105,0.1565237502076013,-0.069105976808551,0.2575678330281974,-0.1209465310858505,0.4193236877462285,0.1156329419186183,0.392767550656018,-0.1564098969068887,0.1365816328994087,0.0698800405857242,0.0976537354259299,0.3781137092892355,0.15128645004876,-0.1655546885948672,0.2387673769270333,0.072762615735614,-0.0073605701024526,0.3275662626916609,-0.1484493815107038,0.0532586622415365,0.0826704711347472,0.0962726818128406,target,1893,23,135.386888465805,0.1335123689410919,0.1530692826967062,0.0271942382852112,1.424363143754526,1.6330040912563528,0.2901189683258753,1.424363143754526,1851,0.7041939940859665,5,0.0413411759730234,-0.0497230085926785,-0.2414212812279683,0.0,-1.3339168508588184,-0.6297228567728766,0.2622784294584587,0.1323250445531998,111.5455411115404,108.2444544368193,135.386888465805,3.52594021711612,0.1901444307987889,-0.0064141223003084,0.0297409180161948,0.1904111149508067,0.4746391934962216,-0.0109334216386227,1.0,0.0406123655052985,2024-02-23,7.0,6,0.0109266827282545,0.0655299597969569,False,False,False,0.0,1.0,0.2,-0.0503499360646147,-1.3529196472255045
RCL,Falling Wedge,bullish,1,0.6282326575809459,8,85,2328,2329,2025-12-19,2025,7,290.9306054673884,253.43791841846405,381.41819291706906,236.36486235548116,1.2811440397602412,0.1479363754362055,True,-0.0384596503215312,-0.0441765368492287,-0.0354461947100384,0.0834424107371147,0.0161411928453141,0.0695652133749593,0.029535599877029,-0.0278131947820188,0.0023059944454915,-0.030264784915712,0.0183376066426075,-0.0098178248721875,0.0056497714702843,0.0269431841749456,-0.4303954052277781,0.0651312656811031,0.0226306885689353,-0.0851620504513526,0.0534348311461381,-0.0440895754403809,-0.0099935243489877,0.219023730125782,-0.0354175970385936,0.0127653610864035,0.0012584629600558,0.0012589227945867,0.0291331327845731,0.092657814553523,-0.1155419075391966,0.0380036768331593,0.0740739947233131,0.0779705333673028,-0.0721564625728961,-0.0127931736928535,0.0926366428097413,0.0211531411920289,0.0526060609639038,-0.0930874614578591,-0.0291783603200748,0.009745673502878,-0.1097061393551176,-0.0212734789214672,-0.1019650821404793,-0.0230174639030531,-0.0621709841582157,0.0203479071132137,-0.0551945100091411,-0.057329265341095,-0.0581592360704701,0.0882794027992219,-0.0314179072326319,-0.0817249553984087,0.0144517404876853,-0.0317540815209803,0.0272948755760218,0.5814144514194837,0.0807286185628988,0.0715909754155623,0.0498291636902243,0.0011681043554783,-0.0691853932742303,0.1409651461345347,0.0841836708680023,-0.0424225506365302,0.1253710156885941,-0.0278481056998605,0.0552092316723913,-0.0423962633371599,-0.1019734051841324,0.0556229950987421,0.054833422975288,-0.0763052405719763,0.1611254798688379,0.1849233098568958,0.2541217243854139,0.0097669754027611,0.160156233921221,0.0893806919408191,-0.0670536880088933,0.0410667947219687,-0.0083817760018833,-0.1004950343828408,0.0975861648033404,0.0981620736502064,-0.1004950343828408,-0.3223627696119561,0.1472535952138012,0.1302246728538656,0.0334495380205963,-0.0330596037365632,0.0592650338654769,0.0177065380083295,-0.0698916518990518,-0.0345961506516379,0.1210286503246396,0.1910853567189359,-0.058836658106543,0.2069900983683803,-0.1835645301073365,0.1333834094767876,-0.0119456669667997,0.1645853720816548,0.3559560203231326,0.1351584858801258,0.3754150039872859,0.1679623192224044,0.0435732901247833,0.2760457340800619,0.207017187331463,0.0200547783338156,0.1453843108796215,0.234225636080182,-0.3858657418564912,-0.1120984802623837,-0.1711693806947379,time,2388,60,270.59698486328125,-0.0698916518990518,0.2122231989141169,0.1240568320426087,-0.3726444366826548,1.1315198920261154,0.661439342711826,1.658322278578749,2236,0.7999444297895775,5,0.0638777927837666,0.4496390161080177,0.209695165276941,0.0705882352941176,-1.4114354462018677,-0.6114910164122865,0.23537993055042,0.300928377943616,253.43791841846405,236.36486235548116,381.41819291706906,10.11213555662272,0.0546079273975854,0.0587396371204431,0.0349248262498158,0.0760395059969765,0.5529480292287199,-0.0052315244344558,1.0,0.0460837976740242,2025-12-19,46.0,6,0.324211629513125,0.2215649257023939,False,False,False,0.0,0.0,0.0,-0.0509281037387855,-0.8111721461489206
RCL,Falling Wedge,bullish,1,0.7068732752373135,5,73,2436,2437,2026-05-28,2026,1,281.5601235844209,269.79822965271524,350.9973330787934,234.21707736755445,1.0569886231532195,0.0435951486666372,True,0.0416247693234228,0.0400505094853298,0.0477015670218963,0.0333593161096157,-0.0029463816383753,0.0824169673177437,-0.0432475339190289,0.0179815435471724,0.1295971978984238,0.0902149254746542,0.0634107130889376,-0.0741668301541517,-0.1022456419902957,-0.0387329026093158,0.0465000216478286,0.0269298868919725,0.0348207732376304,-0.0228146951917548,-0.0073884408440606,-0.1311896468969761,-0.0614431844359822,0.053159930285749,0.0345288900813386,0.0227300222388853,0.0467279335136716,-0.051691921903036,0.1510878070349739,-0.004721913871574,-0.0791455635593819,-0.0455010393120344,-0.0518944347873204,-0.0146942455004025,-0.0313380484481908,0.0220295542370538,-0.0534861283492614,-0.0071732894731355,-0.0691588638892689,-0.0127047302956969,0.0765134439364065,0.0259585814193161,0.0475657868135563,0.0012589227945867,-0.0094332915057204,0.0935948061115288,0.0455282678219446,0.0211003372751681,0.1298830275851428,0.1629985165156923,0.0663918245689751,0.1706366224675277,-0.1077397280182942,-0.0634921979356626,0.0398866952678091,-0.0641932420226284,-0.0380083741773039,0.0755032052769233,0.1642802886471719,0.1253710156885941,-0.0208823105425625,0.0448586183752828,0.0017356429195909,0.1467362530220697,0.0474175671773293,-0.1003237932301736,-0.0248848008900046,-0.0927502648607273,0.1126370317130924,0.2364402522286841,0.0939020123013581,0.0833920821655731,0.1031115449490008,0.1577715492865672,-0.4385392735738802,-0.1791686864173248,0.1022200017214434,0.2978407109939776,-0.1365258297552,-0.0210827498956908,-0.20055602851817,-0.0412200392030047,0.0387710498831512,0.0706423939856579,0.0191250791964481,-0.009673007860371,0.0608045073997247,0.0253930871292109,-0.5440506077847609,0.0393263208807541,0.1305119431040118,0.1918554105920731,0.0517687661164465,0.1026313523015199,0.0406303146551541,0.0280138189167602,0.1494070594168044,0.0119314453099381,0.2193692267796305,0.876865744036819,-0.156883178279893,0.0441435082313781,0.0805647127937037,0.1820576984069624,0.1677917583961252,-0.1635638517085761,0.0006034116992004,0.2017433769593835,0.052114036513408,0.0376989297615861,-0.0725979210949597,0.234572863619161,0.113799436706188,-0.5468731457758912,0.0321063078422374,0.0480214968508385,-0.0350133311680481,time,2496,60,293.0,0.0406303146551541,0.1862475259208923,0.0552283953453141,0.2416379453737706,1.1076574197478828,0.3284561316051527,1.4666823333736971,2362,0.5571389380541298,6,0.0811524329153184,0.2247734768511036,0.0720150501765151,0.0,-0.8855996281017542,-0.3284606900476213,0.696534589295244,0.2521673163837167,269.79822965271524,234.21707736755445,350.9973330787934,11.85922218444694,-0.0365197138990169,0.0453915807948575,0.0423787250994144,0.1102762503185919,0.9162955011753212,-0.014136830539744,1.0,0.0604569659431009,2026-05-28,36.0,3,0.1035915259882367,-0.0589640111469279,False,False,False,0.0,1.0,0.5,0.0561321728556663,0.7283859250794986
SPGI,Falling Wedge,bullish,1,0.6571841122541391,8,106,1106,1107,2021-02-09,2021,0,301.9184152350408,295.5148932310701,343.3287490898487,270.8132128064873,1.5598258347329217,0.0216690331033964,True,0.0118220221121529,0.0111333202701571,0.0030960001034321,0.0029986858949644,-0.0444408879458999,-0.0173419319475602,-0.0225368635380001,0.0624743750408807,0.026737977479547,0.0184660714841642,-0.0222361505210485,0.0226360794773892,0.0182220085214335,0.0315937224982183,0.0287487151497287,0.0276291179551166,-0.0038367619818278,0.0114864031491823,0.0171788234527301,0.0247403792420539,-0.0076071221905212,-0.0169993825272627,0.0037715591723169,-0.0071998119409856,-0.0063072310506344,0.0150609623797604,0.0283001660205497,0.0304207863404999,-0.0048591628224761,0.0022438734705525,0.0057231018452847,-0.0030409468267537,0.03206789926727,-0.0327143219266646,-0.0241825423039958,-0.021822675634459,0.010965758302796,0.0178085744180709,0.0069520818225707,-0.0241551834759713,-0.0156546260517449,-0.0167943275582062,0.0053908378150866,-0.0766985365567044,-0.0244494331920863,-0.0027279262076545,0.0303832396659389,0.0368605162234306,0.0579361039476804,-0.0476682433067968,0.0616956568617212,0.045209314523309,0.0245712565890647,0.0181464711840546,-0.024421198014463,-0.0160796451276066,0.0301236309378869,-0.0799565994842735,-0.0011612743142901,0.0054272325202131,0.0572875397449628,-0.0013840131340393,0.0009190019338132,-0.0457574227105238,-0.0865214707112097,-0.1273747214919882,0.0810306186984666,0.0228618234414561,0.031639036561567,0.0939982495479889,0.0487618141801899,0.0897447323956854,0.1157849204743244,-0.0346761488322675,-0.0054051789746037,0.0266810155136227,-0.1010289731059264,0.0653202885374342,0.0899334173754011,-0.0722793389184696,0.055310464720429,-0.0474001387962419,0.0486451843091246,-0.012268665835852,0.0176303533315482,0.0790701767265922,0.025609738986128,0.0749518279990721,0.0041398480821432,0.045797389305886,0.0992929480016204,0.0657555564832064,0.1656927983027061,0.0934630804946552,0.0479453820041395,0.0090991597606473,-0.0458176511169635,0.0722913846813162,0.1608713187394372,0.1240702221065437,-0.0662703443428257,0.0692139683172576,0.0422885443902463,0.0235105470591632,-0.1248006944500665,0.0886403045390955,0.0129820522860697,0.0194498695824434,-0.0088614687616461,0.0996920134767431,0.1052715553307164,-0.0800610676221823,-0.0043448419181931,0.1659135007310557,0.1301386105630562,target,1155,49,343.3287490898487,0.1371573635962892,0.1465424811434376,0.0353868594599433,1.331299288275797,1.422394654819001,0.343477736652943,1.331299288275797,1000,0.3926227676968054,7,0.1800900214453402,0.279908674460422,0.8768289247700429,0.0,-1.011323116524098,-0.6187003488272924,1.3307215345425494,0.1411850883939987,295.5148932310701,270.8132128064873,343.3287490898487,8.225280637738223,-0.0041154898253251,0.026921865491069,0.0274548531869724,-0.0302181407629923,0.4843078404710241,0.0140115456773672,1.0,0.0305264725578353,2021-02-09,39.0,3,0.0677213133980008,0.0509503474669719,False,False,False,0.0,1.0,0.5,0.067045860432113,1.4972078386358996
SPGI,Falling Wedge,bullish,1,0.6306018837970668,3,48,1643,1644,2023-03-29,2023,0,312.8254397558116,307.968846810621,366.6993509423603,292.90339028882977,0.826655655775969,0.0157697539718264,True,0.0123382241344744,0.0036519276722064,-0.0214557820893672,0.0073048709261973,0.0125276219770285,-0.0759661453222065,0.0253695568853602,0.0264255024204098,-0.0111011553986937,-0.016690921521057,-0.0163121746690336,0.0222112299988876,-0.0066615129580335,0.0103059308633894,-0.0092612257371689,0.0019627772137262,0.0291582684231692,0.0089775698090963,0.025576630708473,0.0194923645909694,-0.0108310877790405,-0.0056701366461712,0.0115701150496777,0.0219449188719778,-0.0012679910992832,0.0160354230047015,0.0366725930380031,0.0307374976189729,0.0441385992091398,-0.0284739145170976,-0.0709357863970968,-0.0296368794111876,0.0438278703763916,-0.0322951963619979,-0.0180562150331879,0.0251547330524493,0.0636331406756094,0.0376094628964263,-0.0123432032207702,0.0351848725718837,-0.0068133393292606,-0.033013052093443,0.015395374303988,0.0001672901067231,0.0401280021667602,0.0140890552391274,0.0445947686549137,0.0240051216093277,-0.0190532223999176,-0.0521119549906752,0.0481796478560581,0.0312148074935061,0.0698595638136263,0.0120266737944314,-0.0230008777013586,0.0588028877049053,0.0380203949253161,-0.0128490247882906,-0.259474186840973,0.0471654865432706,0.0066208102983604,-0.259474186840973,0.1033913374267627,0.0326356234625557,0.0673087902616564,0.0663479620482307,-0.107570873001496,-0.0855498996493078,0.0564702806841293,0.055310464720429,0.0291777387950924,0.1205019580932451,-0.0327242886544729,0.0158618215134915,0.0029819809921576,-0.1299884844589801,0.0722349629685707,-0.0231812132956192,0.0637734394499074,0.1078981222493455,-0.0324934852730964,0.030724262589443,0.085216669937177,0.0551200721604918,-0.0226353604437393,0.0313579162055031,-0.2064610050085126,0.0222535553842726,-0.030144460692138,-0.2158926066684604,0.0763765009862638,0.0557714468186864,0.1398070396898092,0.0681579481287135,0.1325449280526049,0.0928964814055186,-0.0175903415106053,0.4012309970944643,0.0904258535505757,0.032902461693639,0.1192663567212113,0.1055861928694625,0.1406762023087231,0.1475753685090937,0.1752593293864159,0.1214401396858619,0.1212074957739099,-0.0654438862168267,-0.1476715900936753,0.136734129924565,0.0499869870026754,0.0586680961764793,0.0929977579086784,0.0644076965977562,0.0471520068477828,target,1697,54,366.6993509423603,0.1722171675954555,0.1818052642402872,0.0321387368457322,2.7042353888257127,2.854792215537332,0.5046576409533249,2.7042353888257127,1595,0.5981333708763628,7,0.1396728212690986,0.0162516548473323,0.183462521864532,0.0,-1.322971739030361,-0.7248383681540039,0.5673761833860169,0.1257299858508853,307.968846810621,292.90339028882977,366.6993509423603,7.295499793540366,-0.0166167375646894,-0.0382598087944163,0.0234778733107199,0.0847435887328997,0.8640263905768933,0.0090087286295559,1.0,0.020625582598182,2023-03-29,46.0,7,0.1425746935145457,0.0446718293878363,False,False,False,0.0,2.0,0.3333333333333333,-0.031938781006382,-0.6075898938284024
SPGI,Falling Wedge,bullish,1,0.716214105107093,13,85,1926,1927,2024-05-14,2024,4,398.1426328531852,396.3377559844879,437.4272603959698,376.26238708051255,0.5112418174836367,0.0045538857740516,True,0.0245975699656355,0.0140809290554546,-0.0140884180414707,-0.0086382021917417,0.0182937597685048,0.0027366549324931,-0.0504980514051847,0.050338137311835,0.0229173316380748,-0.0211811623637915,0.0101946328336868,0.0094461649627612,0.0118111360189923,0.0259834518010715,0.0250391985849665,-0.0425547604226109,-0.0197565629477803,0.0036342728008571,-0.0063097533032913,0.0120935191820967,0.0037032918426762,-0.0080609038667446,0.0233423831088655,-0.0080381019558424,-0.0085512870392712,-0.0092972166834182,-0.0281834758527226,0.029845556553568,0.0079988716308228,-0.001986193675577,-0.0241825423039958,-0.0901111401442221,-0.0342761767849436,-0.0099241305726893,-0.0184308477168149,-0.0253752133353574,-0.0280320738652105,0.0284168238557429,0.0070179417657194,0.0741517744091966,0.0257091521940557,0.0531822557886629,0.0051704981279045,0.0033802463018821,-0.0050277142990947,-0.0060404217255178,0.0276525268915834,-0.0018816231200624,0.0350869849568673,-0.044416370239828,0.0635059956607928,0.0046445162707957,0.1150410957930807,0.0944306149404234,0.0258192066401461,-0.009138272151389,0.0671304126581673,0.1181668675289207,-0.0265896614786476,0.0587093502610216,0.0195491091598161,-0.0137532974570503,0.0606356458889787,-0.0359460883128348,0.0179404925783759,0.0286502259653014,-0.036341301282856,0.0681679583727998,-0.0029121473960606,0.1165172350085574,0.0481176838810291,-0.056351464690754,-0.0502546719493115,-0.030619807688703,0.0259182524530892,0.0667202779674971,-0.1095869971102931,0.1095984093602615,0.1338222144433063,-0.0461637006367525,0.1230620915315645,0.0738440841868466,-0.1400228042717491,0.1230620915315645,0.0683155597027618,0.076508459138874,0.051523965795112,0.0830620592489901,0.0607155649526705,0.1967348039763445,0.1780533570783555,0.0696201477575737,0.1403032970372886,0.1234169301791285,0.0742014557751371,0.0665071812905846,0.1772217625285859,0.1301790388211856,0.0901878000602152,-0.1438052078657224,0.1495644144433359,-0.1572902065960003,-0.1878704910956065,0.0404884190320584,-0.0717726044935174,0.1500336491527676,0.1468471628877767,0.1229665805365924,0.0942516866546991,-0.00506281406916,0.0679246713983134,0.0226149454312494,0.6126964992621811,0.0475946152033175,0.0689293691193889,target,1965,39,437.4272603959698,0.0986697336611797,0.1047059585877939,0.0208064781232697,1.7954381294861497,1.9052759489396145,0.3786038816230776,1.7954381294861497,1837,0.4801969563112841,5,0.0017810604594977,0.1009955317597819,0.033597723228989,0.0,-0.8471971862547844,-0.3670002299435003,0.8619810794452807,0.1094972913022306,396.3377559844879,376.26238708051255,437.4272603959698,6.7229953312064605,0.0494402696259792,0.0125625042751429,0.0169363926347515,0.0910796290068893,0.817501437281184,-5.867278651816577e-08,1.0,0.0392626937841014,2024-05-14,6.0,13,0.1731060227329517,0.1123573276826015,False,False,False,0.0833333333333333,2.0,0.1666666666666666,0.004507380214696,0.2764252471717455
SPGI,Falling Wedge,bullish,1,0.628830422211927,3,14,2029,2030,2024-10-10,2024,2,481.83765374504793,476.1348899258596,495.6217878078419,469.04132181614114,0.9951485272963946,0.0119772021329425,True,0.0027824537395408,-0.0081541348048286,-0.0140378211146413,-0.0333547973603854,0.0283018259439449,-0.0488414553473065,-0.0125859602834429,0.0109853774299351,0.0016907998356223,0.0454522529034027,-0.0013962207618759,0.0319019443033095,0.0073831104897281,-0.0538020012978132,-0.024525381588628,0.0106882764354152,-0.0342444413529591,0.0377941681736793,-0.0203222074048761,-0.010715378603608,0.034559194835513,0.0194607993457216,0.0040628495105041,-0.0469740953202537,-0.0525119061568863,-0.0905417851649732,0.0055320855642291,0.0239541818426449,-0.0134837089703262,-0.0271235253065135,-0.0366684270046623,-0.0391152894722246,0.0312996546767507,-0.0507206043483281,0.0317236119739459,-0.0392753592771331,0.0090785683286698,-0.0187745590167505,0.0466341647587609,0.0241357810717302,0.0067207468804575,-0.0484033147215734,-0.0465071440601023,-0.0787871337280469,-0.0734545204631755,-0.0277852664984227,-0.0394575913878794,-0.0734130551054048,-0.056435545859349,0.0932536414780087,0.0379781113156563,0.0482285703398748,0.0180266767708696,0.0496354255640865,0.0363157712304234,0.0687675370199798,-0.0309331097269787,0.0196761640679696,0.0046992048623104,0.0463316036322174,0.0314781084177064,-0.2005204157150347,0.0265227371126148,0.0840570099268609,-0.0402877424432336,0.0249146674919131,-0.0169557175812872,0.0530042766698226,-0.0543454401166009,0.0002994999771366,-0.0548346610768544,0.0008724392496559,0.0829050691683483,-0.1405972531769073,0.147873171708782,-0.1577724478371406,0.022178882991598,-0.0530965533711778,0.0281995448930052,0.0015932297360032,0.014234361005629,-0.0683839689149629,0.1420564707102638,-0.0599984848081945,0.1187123767668372,-0.0147981888395393,-0.1976848856590982,0.0628993505762287,0.0065708225295251,-0.0376677272453503,-0.0093264835400482,0.0058610136799637,-0.0489054575127073,-0.0741830629667531,0.0815291195920062,0.1275293818355944,-0.0477350371978879,0.0942516866546991,0.1484420456645432,0.0928964814055186,0.126173344932533,0.0893036849656621,0.1817474600274686,0.0544213013621008,0.0685594922026222,-0.000916531227872,0.0834742997303144,0.0119233537959166,0.26020760036967,-0.1277465662383089,-0.067365324033278,0.0593276837111529,0.1799179173303877,0.1901044456179641,-0.1292077495377477,target,2032,3,495.6217878078419,0.0286074240061102,0.030472137989991,0.0016424607678695,1.0771941630910435,1.1474087695806563,0.0618458044973662,1.0771941630910435,2013,0.5106399589235462,5,0.0683319234904619,0.0454011177374618,-0.2378878586148298,0.0,-1.14810878597715,-0.6374688270536025,0.8184464657425191,0.0325836092214427,476.1348899258596,469.04132181614114,495.6217878078419,7.014140019871105,0.1353051238754579,0.0175245292621604,0.0146248859445328,0.2228018658356771,0.1551720449888136,-0.0029148639966155,1.0,0.0336388142812473,2024-10-10,6.0,13,0.109673294933301,0.0912865886097611,False,False,False,0.1666666666666666,1.0,0.0833333333333333,-0.0328686434346535,-1.101429816678484
SPGI,Falling Wedge,bullish,1,0.7124277723288663,3,36,2095,2096,2025-01-16,2025,1,469.1855099449552,458.7821293031448,503.5437631200553,445.0621330737298,1.5587874592435134,0.0226760808177344,True,0.0212703558167481,0.0028268662413153,0.0306383142332569,-0.0160170740547861,-0.0474334964543048,0.0054874232713,0.0037111778343392,-0.0269111658625662,0.0647308860111017,-0.0258853879905119,0.0102657517276942,0.0364320824324957,0.0423015762809555,0.0038168028543166,-0.0759661453222065,0.0069815435963749,-0.0393507206379951,-0.0192461711933488,0.0472473291476369,0.0512584753374645,-0.006180626245693,0.0147882958470961,0.0182369122761171,0.0364974194739173,0.0283560638012525,-0.011591737656301,0.0200150576807007,-0.0284962026667759,0.0051704981279045,0.0545510444048062,0.0405945440862214,-0.0628538784915453,0.0183218643447551,0.0259377427268594,0.0137251942805918,0.0196253424112606,0.0132557097158603,0.0299491584747071,0.040049930889249,-0.0635931366721996,0.0587143628742656,0.0218629471176659,0.0494390638575066,0.0600867448101991,-0.017569799483339,0.0221376969322977,0.0728358583914807,0.0514944809309771,0.0459093208660679,0.1240925136451245,0.0433749294424268,-0.0137532974570503,0.0873422236795777,0.0921075312792296,0.0409358636807062,-0.0817889080941065,-0.0192064006913353,0.0271483609050668,-0.0457574227105238,-0.1395856426017322,0.087090917402008,0.0601517208864696,-0.1175008456952719,0.0482936960949036,0.0504419383914294,-0.0265896614786476,0.0204453573434317,0.0616974300924402,0.05559337714247,-0.0156817056998272,0.034254705035568,0.1648830540911872,0.0491570216115839,0.0097265540539406,0.0305907226143056,-0.0461637006367525,0.0699259226167119,0.0247120737154076,0.0451773282586231,0.1110543100217598,0.1331852620623845,0.1018594214022667,0.1980187903421013,-0.04174699416989,-0.0299919937384444,-0.0459609978211631,0.0006782113824117,0.0082906038211698,-0.092644282409615,-0.0922106809286198,-0.054212902988926,-0.0428980918648494,-0.0608480755062738,0.0333261027430225,0.1421111558799728,-0.0284665722012336,-0.2243724036123298,-0.1447542795969457,0.2302713036507173,0.1892915392777654,-0.1700762248326551,0.0700622898652332,-0.1293269996057962,0.0391425079267915,0.0982842770215608,0.0134750263762604,0.0479714398057102,0.091082612789165,0.162934886927935,-0.2289440748739064,0.1649566822729899,-0.0444450790385659,-0.067365324033278,0.0019322115549027,-0.0715363242839884,target,2112,17,503.5437631200553,0.0732295700673513,0.0774277606715025,0.0040155110995003,1.4242721223695234,1.5059244635806888,0.0780993321526207,1.4242721223695234,2058,0.6349437989609004,5,0.0153260542466068,-0.0222892437277743,0.0592791695243761,0.0,-1.0097491520828388,-0.3748053531219415,0.4874457329767538,0.0893748037045655,458.7821293031448,445.0621330737298,503.5437631200553,7.754576779863734,0.0588256738997474,0.0036490698904509,0.0164587044802354,0.0348943619061765,0.8964010707790586,0.0065454514572749,1.0,-0.021685822118629,2025-01-16,33.0,7,0.090241776674711,0.0766435332301569,False,False,False,0.0,0.0,0.0,0.0340502209266951,1.181614615187752
SPGI,Falling Wedge,bullish,1,0.6059337833856329,3,17,2429,2430,2026-05-18,2026,0,394.8997113991724,388.2037711034245,435.936314998833,371.74658646169246,0.93869120960035,0.0172485194482152,True,-0.0163121746690336,-0.0378287988710467,-0.0215525849779076,0.0092293847582543,0.036454868752821,0.0235468824489522,0.0567905968711566,0.0941644773170276,0.0176695072484818,-0.0259196605891525,0.0379966504341979,-0.0464004205655891,-0.0023858612745716,0.014696248760506,-0.0086957565546734,-0.0155155470958512,-0.0001536050443703,0.0361309314071098,-0.0269712494069765,-0.0184968711180069,0.0231744412676349,-0.0323706607133015,-0.0238817632653207,-0.0021182833786119,-0.0358562304057528,0.0059066752589167,-0.0197318802872191,0.0187195353106692,-0.0051533801754722,-0.0102745692594642,-0.0277197118715546,-0.0538575662038879,0.0009359962864081,0.0435656237773809,0.0257091521940557,-0.0584851918654848,-0.0280762611567659,-0.0068026653334151,0.0079201106502106,0.0212222884522923,-0.0484904087336323,0.0296470719312662,0.0299990734398725,-0.0035762965109391,0.0238997270419334,0.0006138504741295,0.0356255509839527,0.0144627830046581,-0.0572795608611313,0.0039888853951797,-0.0467056442207403,0.0040368439664524,-0.0033420773726349,0.0325392810796072,0.1344339869219371,0.0439242359835034,-0.0026989131040227,0.0095583780137968,0.0016104637107636,0.0223715173533924,0.0042075472631417,-0.0151876568588852,0.102591256615897,0.0616974300924402,0.0713846555010289,0.0046086419087612,0.087090917402008,-0.0127233104394434,0.0133202070664,0.1556234760981443,0.1312979047236016,-0.0445516532129574,-0.092644282409615,0.0545921722268254,0.1135122610680274,-0.0636564772661442,0.0352290630312859,0.0469227993650001,-0.051921240856389,0.076508459138874,-0.1505422176970223,0.1263580563923438,0.0255514537024985,0.0096096315815774,0.0281935249312188,0.0724167735394567,0.0594942963806244,0.4366143986315571,0.0100020154178568,0.1094641876986348,0.0519907174049587,0.1129662791447136,0.0679246713983134,0.0065403849031331,-0.0107037016256439,0.0664801004361297,-0.1781748046134094,-0.0351212919380866,0.1523971240282455,0.1128980732766398,0.0345591176316284,-0.0011295634776558,-0.1076285335559813,0.1058379861335061,-0.1692276340816989,0.149721521937439,0.1608713187394372,0.0407824486374663,-0.0531593755504998,0.13874924272904,0.2138353447789536,-0.0233234985971956,0.1946094315099511,0.1032734582803065,0.0231473331643848,stop,2456,27,371.74658646169246,-0.0586303921455043,0.0430834928272351,0.0605149530202154,-1.0,0.7348320768572371,1.0321430712937103,1.7724002142462911,2412,0.3352435997427014,5,0.0333791052380416,0.0747894935835424,0.1715629439007981,0.0,-1.4162278945781923,-1.0809842948354709,1.4565104670058218,0.0671313121662362,388.2037711034245,371.74658646169246,435.936314998833,10.92780793094594,-0.1348827597604865,-0.0216290750296094,0.0277989861668397,-0.1665284463494987,0.8669923205000543,0.0021084685038088,1.0,0.0422311499996115,2026-05-18,4.0,8,0.0233695811950613,0.0181474409543458,False,False,False,0.2857142857142857,0.0,0.0,-0.0936788536683597,-1.9955696959118088
ROST,Falling Wedge,bullish,1,0.6307840990325927,3,22,1199,1200,2021-06-23,2021,2,115.2382932897064,110.58149030214317,123.33395438836942,108.43497866729234,0.8396244604956765,0.0421119572076611,True,0.016310185737415,0.0088494432463968,0.0286788012312388,-0.0352953105679267,0.0527095732331062,0.0420232637737574,0.0051341224327712,-0.0193247006088075,-0.006231455836766,0.0269210217518227,-0.007721354553804,-0.0335090630418021,0.0522581221434987,0.011025945404705,0.0065462511807288,0.0004562711770399,-0.0306182803592338,-0.0138122508087338,0.0054271157604781,0.0131819572230977,0.0128131481107012,-0.0052383090408096,0.0110389423071619,-0.0027867549557846,-0.0169789359478519,-0.0283416316791237,-0.0632795244621129,0.0008160741547278,-0.0196701114170833,0.0306540853141312,-0.0343175926945091,0.0341248027403282,0.1109843808368176,0.025680843496221,0.062324888246279,0.0198500776193717,0.0105878024172225,0.0168666541339685,0.1012160725498942,0.023974370021083,0.0335101143308385,-0.0355604782017001,-0.0228767979340287,0.1106357147481622,-0.0181079203806803,-0.020740346147775,-0.0066389147555204,-0.0315160651425904,0.0561968914140054,-0.092335840679547,0.0383986652202381,0.018445628002454,0.028543554969616,-0.0076861904609156,-0.0099866676732528,-0.0132860810575712,0.1138723183261076,-0.0026739508552349,0.0077666893547971,-0.0180058457285535,0.1262664739995709,0.0525506390225789,0.0665564016434872,0.0480977895065684,0.011490046997846,0.0594849480266814,0.0766090289333727,0.191377969774743,-0.04422303819237,0.0374557855840567,0.0022230370536167,0.101620445930338,-0.0901862157517187,-0.0236529359766537,0.0680898280844775,0.1082926198048743,0.0135416401443038,0.032744465108484,0.0558087780842675,0.0058780285698163,-0.0780498778416213,0.100750381064969,-0.0154774231346862,0.0228649330025165,0.1668605039516943,0.1084897075386694,-0.0853344439114094,0.0710104360729155,-0.0156199217956127,0.0443270232369314,0.0597731425730254,0.0048692298462776,-0.0582741425944655,-0.1004593449595276,-0.0885231576674621,0.129249371901482,0.0153747237330261,0.0643581237853598,-0.0391490503889829,-0.0412441636299129,0.2031672525736945,0.1229284968012782,-0.0080568299954103,0.1858789779693102,-0.0302399380099394,-0.0414844624088294,-0.0270398290937073,0.1575082484094863,-0.0295621820562989,0.2268763007605554,0.2268763007605554,-0.0884316884310902,-0.2727738653196099,-0.0214992145894897,-0.0904848133496662,stop,1216,17,108.43497866729234,-0.0590369262525495,0.0456519703111046,0.0624538953414586,-1.0,0.7732782380270556,1.0578785059759384,1.1899583582377935,1175,0.7432578716306533,7,0.1463935357395597,0.0014405673004829,-0.0445306626144831,0.0,-1.2552633161822444,-0.5120054445515942,0.2842722438327469,0.0822423763658035,110.58149030214317,108.43497866729234,123.33395438836942,2.2933638763699924,0.0666968218628734,-0.0305890708456652,0.0200870954176836,0.0399123074315548,0.6439781583162623,-0.0033222178592062,1.0,0.0137302167531561,2021-06-23,9.0,6,0.1038483969855752,0.0957461691045238,False,False,True,0.0,1.0,0.2,-0.0252916097511404,-0.3609204877452996
ROST,Falling Wedge,bullish,1,0.7760626301933505,3,38,1538,1539,2022-10-26,2022,2,90.13244210882388,82.62283229877244,94.68598760171368,77.6846321741904,0.8018164125851444,0.0908902491129322,True,-0.0141594485659107,0.0072463948690534,0.0207935886919485,0.0580436777058479,0.0167155961241487,-0.0165194085722566,0.0179763977723863,-0.0120998280046445,0.0469877553543531,0.0542482851551877,-0.008035393408967,0.0234000864026435,0.0315676542296319,0.0444534687956832,-0.0057805640395518,0.0969349653650659,0.0271489303863623,0.0394270367029705,-0.0418966980901912,-0.0243295022034626,-0.0033008772337003,0.0376825501754307,-0.0343303346313551,-0.0277864324649977,-0.0044486490184429,0.0224647589862527,0.0163751732469417,0.0190062191573197,-0.1010716791008292,0.1063571968861394,0.0081848087175144,0.0593195460892701,0.0329755187197233,0.0300876266847991,0.0569312115333571,0.0253483244623802,0.0088316953303273,0.0779435720011263,-0.0197312028890707,0.089384058808432,-0.0051276848369096,0.0480636865281958,0.0306540853141312,0.0668975740242499,0.1013606229131351,-0.0614991880938221,0.2352815576329019,0.184768460831352,0.0139720750287988,0.0718040445876475,0.0221378186332632,-0.0441303471835994,0.0467516371561902,0.0161439150724926,0.0774170087207219,0.0119792208485318,-0.033185415868105,0.0224550721563354,0.0530177939024931,-0.0299009957869388,-0.063341486529021,-0.1347058608540196,0.0192880497979615,0.0119792208485318,-0.0265044835462068,0.0298733693106261,-0.0167021123502261,0.0409430036026821,0.2308169812554939,0.2164126707732105,0.2179833609360691,-0.0511018270990701,0.0551911984791928,0.2440835009924531,0.0567635896897655,0.1390989751585336,0.0559822089656485,0.0955714588459184,-0.0311606789381622,-0.0087132330457733,-0.1181405205539154,0.02438747092775,-0.0351773647502486,0.0543262832211688,0.0803142088246875,0.0390793641904132,0.027457156764705,0.044943855745839,-0.034019756669692,0.0466287221863477,0.0070907811651748,0.1817824010681737,0.256547040460807,0.2070320540759549,0.1794415042877448,0.1149848436390921,0.0992282375518591,0.1674841739310915,0.3945987759976823,0.0759312092997213,-0.0154249598767499,0.2307533699581274,0.1109127345263893,-0.0538304316137102,-0.1383548988492123,0.3132426815870095,0.0987428102482796,-0.001291303301775,-0.055358251820235,-0.0779368444294682,0.0047992517721489,-0.0981477940375509,-0.0295621820562989,-0.1873887670147188,0.1999058324708356,target,1555,17,94.68598760171368,0.050520604860478,0.2338976460450736,0.0385393665088983,0.3658109753283188,1.6936124629355147,0.2790568974795569,0.3658109753283188,1498,0.614145982162858,7,0.0946866646913523,0.1440497319925808,-0.0833035558654349,0.0,-0.8782887239629269,-0.2641427418000678,0.5854279581822862,0.1620044760666503,82.62283229877244,77.6846321741904,94.68598760171368,3.282415227624332,0.057311001825129,0.0639179925038639,0.0366282574887404,-0.0709057138007226,0.1490187982634864,0.0059097123265354,0.0,0.0310095664193534,2022-10-26,24.0,5,0.0164294600181893,0.0401895062555963,False,True,False,0.25,2.0,0.5,-0.0303525339217718,-0.2725692550835674
ROST,Falling Wedge,bullish,1,0.6514148284974801,3,53,2221,2222,2025-07-21,2025,2,132.5586909516612,127.2242959528187,159.901573179744,122.38035866861252,0.6236088094296619,0.0419290589025602,True,0.0507388097851542,0.0382766409229817,-0.0003881607635756,0.1179302084731503,-0.0200068025301042,0.0081914744537561,0.0103165899354487,0.0308374588618527,-0.0012664932904942,-0.0112297744003906,0.0537525179790963,0.0163244848562553,-0.0378794062216029,-0.0361944516363029,0.1186060444758929,0.0200090686753302,-0.0324650477805177,-0.0537136787439066,0.0090635433612558,-0.0273499072883411,0.0231836431309402,-0.0233358776210154,0.0425195380888178,0.0593195460892701,0.0560292413643139,0.068033200153331,-0.0540962220204735,0.0166066759260765,0.0100958812406126,-0.0280038303550199,0.0054781697097447,0.0639061981809923,0.0426104118796515,0.0475144026385738,0.0950957662926721,0.0218596893551021,0.0574048554581465,0.0107906857368127,-0.0186807849206503,-0.0765291455639233,0.0421951131315976,0.0499642639373938,0.0339048190687485,-0.0031642390404952,0.0401570058506697,0.0380624002562919,0.089837425582552,0.0672656062606842,-0.0100122558874227,0.0248674645620443,-0.0716042391454118,-0.1730867300166713,0.0566592661720299,-0.0148071718488224,-0.0123559850776608,0.095955961102601,0.0153495340206655,0.1087015739766861,0.014420913023093,0.0597463182107127,0.059331273488004,0.0371191384669586,0.0771251751623904,0.0061831371629297,0.1334355638346727,-0.0572394521214745,-0.0452411600926013,-0.018777290174465,0.0755488738416391,0.095675098110548,0.0465574516054863,-0.0788149671414458,-0.0703021685361182,0.1028800310200828,-0.0964395614454523,0.0924304079924824,0.0292789761578264,0.0100856226895951,0.0048358427654724,0.0774102556913487,0.0380886059089622,0.0039753562341222,-0.0449220795627872,0.0016544198221819,-0.0382413426728084,0.246232160392138,0.213628284530698,0.0006344515730503,0.025144350540166,0.002321906995921,-0.0248202900669727,0.0709220849661249,0.1615877090905182,0.1060067921654253,0.0221877232598413,-0.3057545966796837,-0.050603381817022,-0.1772597089063198,-0.1888443557633612,0.1160964722388091,0.3432719842619458,-0.118218575523975,-0.0026553500077568,0.1024101362539895,0.079900700478261,-0.0627681021849231,0.23722715125011,0.1580025495230066,-0.0611715331531143,0.0453982217793433,-0.0166609752856639,-0.1064283528814833,-0.19749058889373,-0.0401201606585414,0.1727617462260316,time,2281,60,153.97854614257812,0.1615877090905182,0.1748300211667282,0.0065662203757543,2.1044562699716813,2.2769190571140565,0.0855159326012303,2.686381370513965,2166,0.8027472790158257,7,0.1183955265903017,-0.007050053601229,-0.0167151461120819,0.0,-1.203386647028504,-0.4006393680126838,0.2222178774303379,0.194336211011745,127.2242959528187,122.38035866861252,159.901573179744,2.821752525315317,-0.0461407777270966,-0.0221274087064764,0.0212868124728991,-0.095047545752487,0.867323258263948,0.0045407026566042,1.0,0.05803656310433,2025-07-21,49.0,8,0.1180019012472255,0.0574421341048387,False,False,False,0.0,0.0,0.0,0.0424998394205757,0.9618910241940766
CRM,Falling Wedge,bullish,1,0.6252105541710834,5,80,1095,1096,2021-01-25,2021,3,223.92595852708968,219.1314459327691,282.45874948508515,207.06181267490888,1.231949940668895,0.0218796192117107,True,0.0028972244540861,0.0267159190717314,-0.0471516929567414,0.045276426432192,0.0031400381887167,-0.0469263645682339,0.0053401844029437,0.0365035193139609,-0.0295325968200828,-0.0168963615636593,-0.003969050978561,-0.0085818997343483,0.0061105688439155,-0.0779898244595899,-0.0165220396346279,-0.0754450191873029,-0.0616878313780701,-0.01489789777781,0.0172826667506342,-0.0213026874414865,0.0029608746417766,0.023500661165325,0.0169366407921386,0.0488586059697881,0.0356259110124468,-0.0433556258908954,-0.0891468317495015,0.1443984565430089,0.0906292638621422,-0.101750709649564,-0.0124379145337695,-0.0065263368382556,0.0077623314408228,-0.1059829825352228,0.0053489981875092,0.0193340480448431,0.0427941427645832,0.0209288959443354,0.1073848222073223,0.0056317827205123,-0.0165164294371029,-0.0305717081362451,-0.0075682912485176,-0.021746871504029,0.0458009848597269,0.046138104717203,0.0344162247955648,0.0289932565748185,0.0283915662755627,-0.1640873587743377,-0.0844569048725392,0.0415253359015106,-0.0695825466918147,-0.0389550469448788,-0.1170269564778692,-0.0969388114802004,-0.0278804722268599,-0.1314240639308072,-0.0356370587014678,0.0068346918459758,0.0803518372771074,-0.0195295932764268,0.0366841987196504,-0.0545230688932311,0.0816647981548062,-0.0582588957171659,-0.059754125457418,-0.0734790361336668,0.0722203003657683,-0.0561896236656768,-0.0701119438781866,0.0655957550074481,0.1053358103586121,0.194270423119317,-0.0401519802460103,0.1318422461652999,-0.0387049346266153,-0.1846057494843614,0.123648489832409,0.0824271962833977,0.0186333069929949,0.0360301004450229,-0.0152404092593427,-0.047059047314153,0.1358894304632298,-0.0189110643343002,0.0464133842037881,-0.2182164598052993,0.0403708940894076,-0.0422281794827607,0.1777051468533597,-0.083841841628749,0.0121159671558115,-0.0709714938333847,-0.0548319034758851,-0.065635354294695,0.0875174749095686,0.1911641953841154,-0.2572308099009301,-0.1204687419728393,0.2039507472400625,-0.0746837036007785,0.1851358346830389,0.3015629739270875,-0.0183503820134776,-0.2351760506935269,0.1647724300889299,-0.1044226143475983,-0.1672156726135419,0.2991710903837885,0.1368463146258103,-0.1537936277669097,0.1171992959836123,0.0756536364426703,-0.0134422894936135,stop,1121,26,207.06181267490888,-0.0753112589675065,0.1028534432120648,0.0983319308308999,-1.0,1.3657113773179834,1.3056737090708534,3.4708423107255246,1012,0.7520063754694184,7,0.1740467964917172,0.3856160085226772,1.3338813266537213,0.050632911392405,-1.170009448438113,-0.4180030729686943,0.2965315611737765,0.2259958612046084,219.1314459327691,207.06181267490888,282.45874948508515,5.081379471943811,0.059782506336641,-0.0213304690586311,0.0228810649888605,0.1985782030722231,0.5122486674041191,0.0173628064649782,1.0,0.045759993962724,2021-01-25,37.0,14,0.4149519850543672,0.3013548506395402,False,False,False,0.0,1.0,0.0769230769230769,0.0070930632167028,0.2854508135139266
CRM,Falling Wedge,bullish,1,0.6442725426624156,3,29,1332,1333,2021-12-31,2021,1,250.6732261484,248.75286614034349,301.9315219292075,238.15169243035484,0.4108952840902365,0.0077199512827847,True,-0.1047017851948219,-0.0832656062592102,0.0167187456816517,-0.0268370867011894,-0.0014437856811129,0.0107164620380224,0.036091991427835,0.0159637522899587,-0.0044745099562993,-0.0350883156090592,0.0173169731506759,-0.0288179237304126,0.0235869714331244,0.0336879777737555,0.00793869305033,0.0156059999330047,-0.1047017851948219,-0.0499291379942574,0.0590685542173825,0.0668942395253857,-0.0080341339559872,-0.0838299150492614,-0.1027234735272582,-0.0932512970248263,-0.0689389765853093,0.0687324056684131,0.0143362188923885,-0.154787532053341,0.0891980542065367,-0.0098132330140559,-0.0101214803167978,-0.0709312116915532,0.1443984565430089,-0.0571398908351276,-0.0324199054133208,0.0096558774376034,0.05440223556278,-0.0030340440692493,0.0036167949227479,0.0936603214278399,-0.001283710716762,0.0408808454362217,0.0766450502623272,0.0322400997302663,0.0849262455583872,-0.111909376901742,-0.0877612593950349,-0.0323549872525257,0.0306030579631031,0.0029747660597585,-0.0231980941852527,0.1600342926282001,-0.104482481504577,0.2993923433581762,0.1564257698295943,0.0288340492737015,0.0583986553318207,0.1125881982436367,-0.0376522132577421,-0.0984197068195005,0.062095867610018,0.1854110895182616,-0.0621014974600169,0.0602333105256627,-0.0664129166405368,-0.145744779371597,-0.082740990499132,0.0468948469265535,-0.1169179377715416,-0.1808556578352742,-0.083606044934596,-0.2214148967420613,-0.2056278029145473,-0.1172382273123631,0.1317275855930848,-0.0100216659690346,-0.0530612824353931,-0.0488928051862268,-0.037621718600047,-0.0768279383355461,0.1589046348379157,0.0919711524524571,-0.1819790159350784,-0.0084883402327844,-0.0531221600236124,0.014289171002668,0.1232304559804364,0.1829127739712164,-0.1249914595814091,0.0076453918684968,-0.1064836605356144,-0.1541011674304021,-0.1322300102680998,-0.1042723437308824,-0.0296875366680294,-0.2563185534098613,-0.1069494691070843,-0.0378954009710207,-0.0846827132249868,-0.0288662752057489,-0.0843615477067027,-0.0670547953051143,-0.0383718291911199,0.2039507472400625,0.0941101794940539,-0.0260549948775895,0.2120553075532767,-0.0293674419974224,0.0890395008574767,0.0745708102742037,0.0473151801692304,0.1825573094645716,0.0658326006726841,0.0645258118188329,-0.1444473547620854,stop,1335,3,238.15169243035484,-0.0499516199254257,0.0072937704171169,0.1086232787336734,-1.0,0.1460166943135382,2.174569691550353,4.09361160821199,1302,0.732161753758001,5,0.1334469642496795,0.1251870812891946,-0.3855546270721075,0.0,-0.9976050473874576,-0.2654432936294558,0.271624033869361,0.163913530991564,248.75286614034349,238.15169243035484,301.9315219292075,6.1500262638664775,0.0033740008492479,-0.0956157209397816,0.0246189930402386,0.0238919354883095,0.1748260702548183,-0.003368157739331,1.0,0.0420389572398549,2021-12-31,37.0,14,0.0379665577281036,0.0482888434396631,False,True,False,0.3076923076923077,1.0,0.0769230769230769,-0.050589430472364,-0.959964312650421
CRM,Falling Wedge,bullish,1,0.6105742582988216,3,55,1434,1435,2022-05-27,2022,2,164.12064226192746,155.97753481778227,240.95216192233647,149.30933315136178,0.961191356153787,0.0522069248860626,True,0.095292083955631,0.0995477719432921,0.0930428027294036,-0.0469263645682339,0.0450353623268673,0.0003144531131413,0.0549122730717035,0.0092097637276353,0.0316776462210453,0.0265021305853891,0.0841643557022939,0.0472148372462222,0.0229962945844575,0.0641959889497079,0.1063503526141518,0.0028972244540861,0.1239155866630721,-0.0082292923912016,-0.0325899325370729,-0.0471450881621432,0.0370816021595656,0.0346345137532038,0.0628293584434663,-0.0055702368289104,0.0876469279427624,0.001529799568144,-0.0920036813241422,0.0003285726399178,0.1220933129512957,-0.0431831173338789,-0.0313460653191859,-0.0043232245223201,0.0404638472051268,-0.0310056362729772,-0.1623158534595252,0.0199708746415177,0.0891980542065367,0.0254719807075443,0.0562920963984019,0.0504415097047556,0.0303348667197891,0.0961709205962637,0.0188155799539411,-0.1058134505541199,0.0098429263187169,-0.0101184024702005,0.0269524636115154,0.102531435396889,0.1122816823447039,0.0094804519589513,0.0329789897165002,-0.018363151441513,0.0928243707527822,0.1921685470626792,-0.0756513404421127,-0.1039726369722905,-0.0153126272194942,0.0283605993116107,0.0043942689719913,0.0305721702151455,-0.1170586829939187,0.0419510330281851,-0.0008914912278277,-0.008350607636533,-0.0173225653414519,0.1921685470626792,0.0297628358300339,0.0534292344960096,0.0037799822377089,0.0798993805079757,0.1059605930142449,-0.050591333865503,-0.2145666701496938,0.1037946899950756,-0.0841186568818354,0.0367737402239436,0.0781722705893104,-0.0211793384287949,0.1773114205076718,0.0294156906726963,-0.0559978467567656,0.0397524402982996,0.1032912081575656,-0.0804101634198249,0.0090092196249804,-0.0040399189826425,-0.0477864329903904,-0.0760132247350146,-0.1525190064636751,0.1061080094504149,-0.0100216659690346,0.0855801589641365,0.0781623658818708,0.0735512646082408,0.2315522123815809,0.3945663569582622,-0.0483474274979923,0.1297171530510448,0.1237360642204503,-0.2356658512961491,-0.1956221521093725,-0.2020458435392045,0.0506971986958613,-0.0988748110183919,0.1810027623098655,0.0330251087910611,0.4033454320412546,-0.1752863503482574,0.1045581741555199,0.3134304864013097,-0.1754348134544371,0.1070296140482351,-0.1075341807597212,-0.1123054930978975,0.0420851838852197,time,1494,60,176.94869995117188,0.0781623658818708,0.1641708434500085,0.0557618786868524,0.8660988433556829,1.8191386100015512,0.6178842987815,5.187355087039613,1377,0.8626696959139446,7,0.0601264371983535,-0.2405803613977873,0.206361019129587,0.0363636363636363,-1.518340126209648,-0.6556704302957034,0.1381159978941964,0.2910170169153048,155.97753481778227,149.30933315136178,240.95216192233647,7.074044054033261,-0.3027902457947099,-0.1092441064850123,0.0435883002408167,-0.4190914460283574,0.9738976434649091,-0.0110181164002367,0.0,0.0079125656162828,2022-05-27,28.0,22,-0.3600859828736535,-0.2798867037053649,True,False,False,0.8571428571428571,2.0,0.0952380952380952,0.0122262873174724,0.2372774636464305
CRM,Falling Wedge,bullish,1,0.6144510531655385,8,123,1588,1589,2023-01-09,2023,0,143.33028712486797,144.23471741222784,197.77253250880855,121.1125577880306,1.3907208015932642,-0.006270545008765,True,0.0182431539470657,-0.0089228261598599,0.0313156579292364,-0.0113166551304959,0.0119117717686629,-0.0423313567394922,-0.0238400989180581,-0.0165220396346279,-0.0263492344263044,0.0509490455831411,0.1725530902654561,-0.0486255902164658,0.0470816738373849,-0.0103057669120468,0.0335682877681677,-0.0320574369421354,-0.0486255902164658,0.0549454580410619,0.0201135751386709,0.0124398696383987,0.0218233775045701,0.0497291736930776,0.0059202933454789,0.0620673984855708,0.0286265119786077,0.1269841512801734,0.0563369097828823,0.0612714971444872,0.0475366545018651,0.0381742651221963,0.0108404498184424,-0.0285132769577215,-0.0216376471048465,-0.1402537164214317,-0.0326046504928145,0.0476343137024681,0.0262041111845561,0.004583762616088,-0.1022610972226195,0.01951867234608,0.0365715451761272,-0.0403815286995995,-0.0182352215215341,0.057486886894603,0.0366835916760239,0.0527704148442995,0.1746794421541413,0.1025295633344953,-0.1855763203916389,0.0089283959770656,-0.0984197068195005,0.0002017156089706,-0.0246470987137582,-0.1278470156560449,0.0602979949050903,-0.0475749227076178,0.0140450732628014,-0.1482486797473243,0.0821637835358495,0.0517291925635989,-0.0686444924751996,0.0487683519893027,-0.0686444924751996,0.0872251006551947,0.0249274580886558,0.0704490304107658,0.0022868512161269,0.0371840630896462,0.1887492280383021,0.2547151595765486,0.2245796098507864,0.1205771399679824,0.0287318270384429,0.0745154242393184,0.0603002656072886,0.0893778457457974,-0.0777800231618676,0.0255065837713799,0.0774996342782177,0.0004766746862814,0.0572566254259343,-0.0251203663655593,-0.0321292532213433,0.1129549000326965,-0.148000144313219,-0.0783519989004311,0.0908906130744375,0.018877252562885,-0.0376722419446254,0.0741104246203818,0.2247376118404784,0.2218772198273248,0.3394831893734882,0.2829160717032051,0.2713962367146956,0.0781016268297343,0.1316470382094643,-0.1467148922377301,-0.1366110712495304,-0.2177855364077271,0.1442372185151585,0.2615186268686527,0.0377931769139952,0.1382970652741797,0.0602602410096109,-0.2113511767879041,0.1868213372236653,-0.2017717555376579,-0.2113511767879041,0.3015301643083441,0.0877358348445853,-0.0548319034758851,-0.0713298656727108,0.2218232208706578,0.3060124689022035,time,1648,60,191.988510131836,0.3394831893734882,0.3716483503670091,0.0181742917236389,2.190062821869552,2.3975656539872827,0.1172453949522767,2.450396463047843,1465,0.4284099138208022,7,0.0744784169073918,-0.3077418758167423,0.4242867759548301,0.0087719298245614,-1.1352320404967775,-0.7068221266759765,1.1444396064469964,0.2736937071394318,144.23471741222784,121.1125577880306,197.77253250880855,4.37924034356641,-0.1081386551084332,0.0287291720978606,0.0302855340197649,-0.1563429749435768,0.6823009605418371,0.0148036357022409,0.0,-0.0166537819741722,2023-01-09,24.0,14,-0.0251445679835855,-0.0720116807549454,False,False,False,0.4615384615384615,6.0,0.4615384615384615,0.1688586806126156,2.573458626794225
CRM,Falling Wedge,bullish,1,0.850678450211385,5,94,1797,1798,2023-11-07,2023,0,208.80752879883792,203.30524864565564,241.9042032110383,189.46361481897384,1.3401479357025108,0.0270641323322267,True,0.0412389561616481,0.0156875168127961,0.0140767976704019,-0.0005184017827069,-0.0164085523917233,-0.0035301775384545,0.0709860075095534,0.0005882446554468,0.0557487545137116,0.0414111376989805,-0.0155910043494912,-0.0099308703468716,-0.0225531221078314,0.0403065058746845,-0.1236566862651254,-0.0256430205913015,-0.0493351481855053,-0.0038517045065765,0.0060958725328945,-0.0003123741641066,0.0412048260359434,-0.0215910059136738,0.0423641522442357,0.0560210327681502,0.020093721917489,0.0576099506373743,0.0329070192429852,-0.0408956512994427,-0.0650132742917776,-0.0777121959909084,0.0087385929837828,-0.1099337792738112,-0.0049432916641282,0.0218831676962525,-0.0307186875086836,0.0385140403816297,0.0024878965453125,-0.0183999403213972,-0.0304133116852794,-0.024462570273176,-0.0280679022502596,0.0234996227111432,-0.1051067518171312,0.1468572518673678,-0.0229365520653109,0.0673263510869232,0.1728180284574709,0.1334853344468012,-0.0197983791688535,0.0622908514558917,0.0949999112093105,-0.0376821660364956,0.0826778542472945,-0.0007340649325581,0.0588392978001821,-0.0451391535597809,-0.1438921969723475,0.0319572473001501,0.0683116757673141,-0.0466525080297932,-0.0123923542079581,0.0362295719384091,0.0077352096009375,0.06064543641459,-0.0075585398115987,0.0007177087148089,0.0490255196381765,0.2452621192359572,0.1485758764272891,0.182186134065051,0.1084411356782149,0.0558077332094695,0.0256739199605642,0.1552316243110159,0.0054004291832172,-0.0889909372807988,0.1746708428894547,-0.0939709816126385,-0.1168140940732669,-0.2104801851545218,0.1773114205076718,0.1384498145317076,0.0739744653116347,0.0435257264725315,0.009354074073802,0.164718539726173,0.5219241619613775,0.1206750528321791,0.0557455019017749,-0.0639579669391231,-0.0541141411224422,0.1274793840305619,0.3563222469037501,0.2260581610580163,0.1571729506448582,-0.0147738605450776,-0.1753368651474659,-0.0275192362645515,-0.0343616219478547,0.0129230310442065,0.2664910656307311,0.106875512952921,-0.1658669882420683,0.1470488599753241,0.0357576883145449,0.0150209073165896,-0.0343616219478547,0.1005548346633173,0.3503697994520538,-0.3001891413074272,-0.1392784475419535,0.2162305224849716,-0.157800614760343,-0.0824165193093029,0.3424952341304692,target,1813,16,241.9042032110383,0.1585032618439981,0.1886827441834916,0.016853457267844,1.710960586707123,2.0367324617422136,0.1819243389666923,1.710960586707123,1703,0.5856440483248275,7,0.0596533339750947,0.283009593250888,0.048677975629815,0.0,-0.9181494975172756,-0.3325054491924493,0.5622008276840379,0.1886935218666892,203.30524864565564,189.46361481897384,241.9042032110383,4.766115635879272,0.0534137363177655,0.013660159707433,0.0228878982373753,0.0529872233795587,0.6575334352910872,0.0100278369510655,1.0,0.0055001276312041,2023-11-07,24.0,14,0.1685230395883235,0.0898041960520228,False,False,False,0.2307692307692307,1.0,0.0769230769230769,0.0199480414320646,0.1313024640785585
CRM,Falling Wedge,bullish,1,0.7117226918425793,3,70,2162,2163,2025-04-24,2025,0,262.08266655690056,245.8011350566403,382.452148951184,222.25719666730856,1.0781181503665829,0.0662386343191965,True,0.0174147055822619,-0.0042077909496824,0.0424002105733043,0.0083059683151498,-0.020431328885516,-0.0210870017761123,-0.0166306119111271,0.0571980361579,0.0055811084748751,0.0166008750610076,0.0010817810879086,5.855814508715085e-05,0.0537342156567104,0.0656378370565951,-0.0911011220881853,0.0497765666203742,-0.0611603724838339,-0.051750113187723,-0.0578262085486845,0.1388437096883403,0.0310753767210401,-0.0399473058264786,0.0118966966397303,0.056739223107441,0.0230613174630802,0.0249748305836785,0.0538694564831949,0.0323967676978944,0.0595772756436796,-0.0219415133656829,-0.0116970847139903,-0.0086469193552768,0.0298823322512857,0.0180927563157613,0.0450830888988971,0.0001107303759848,-0.0891468317495015,0.0324397084028817,0.0312932738512621,0.0186224778674302,-0.0605790700249337,0.0597339337040958,-0.036780648836786,-0.1494246120452022,-0.0295590985969239,0.0568241804380536,0.0706407188160942,0.0039801042334719,-0.0772583926008505,0.0149363429834665,0.0250001827152617,0.0689305575862599,0.0831793580854716,-0.1211594545501637,-0.0806597547345938,0.0440340631042506,-0.0496940925473474,0.0393869834607572,-0.0316096090807105,0.1083495560296918,-0.1307361118041617,0.0403813449729095,-0.1552292399803431,0.0312235514680017,0.0516793085721831,-0.0536263380467719,0.006612881726921,-0.0414469348731006,0.0820260086917376,-0.0033706417267107,-0.1044851975297171,0.1751146013834024,-0.0224501652193385,-0.0583109927305954,0.0181816640889733,0.0623920185227393,0.0701220509870059,0.0942562073263071,0.1318422461652999,-0.0345161282678246,-0.0343554294198708,-0.0768716649831594,0.1626794402978846,0.0626117961734342,0.1589046348379157,-0.0692778817719167,-0.1690802991505867,0.3942606052354875,0.0007990897352871,-0.14466557847819,-0.031568835774324,-0.0378740106746073,-0.0026895691598061,-0.1564793130967179,0.3181523904979348,0.0277055990255907,-0.1515726723069634,0.1289621104686753,-0.0798565945952236,0.0116045265696349,0.4281873205453097,0.1133875226350473,0.2809881429106386,-0.0347168330388235,0.1731579455591243,-0.0651984208971097,0.0099129367672559,0.1057591457568496,0.2764894256789569,0.6640620236344714,0.1679510199631069,0.2667517584599712,-0.1440023591472844,0.1299893488297017,-0.1340752860256494,time,2222,60,261.3777770996094,-0.0026895691598061,0.1183513714448416,0.0386069013857418,-0.0176994636659743,0.7788443703218306,0.2540635349871621,3.022424662608709,2092,0.6388050976323365,7,0.1445489741263538,0.1101096083079022,0.0333268672309163,0.0,-1.847659337137111,-1.2088542395047712,0.4983331546513974,0.2244460922691845,245.8011350566403,222.25719666730856,382.452148951184,13.063810820450064,-0.0926230826429389,-0.0519578700046488,0.0498499062001269,-0.0888173364232114,0.9649124819782108,0.0308209175693046,0.0,-0.0385164934928654,2025-04-24,17.0,12,-0.0113966222306555,-0.0081119761725166,False,False,False,0.2727272727272727,2.0,0.1818181818181818,-0.0401986559292362,-0.4192207312143575
SBAC,Falling Wedge,bullish,1,0.8565753036077004,3,31,778,779,2019-10-21,2019,1,224.29064851421737,217.791990954992,245.598255535946,207.2692724615648,1.3266018200720624,0.0298388270878535,True,-0.019409059688255,-0.0284584611328679,-0.0035579320432567,0.00617529897953,0.0569772988850063,-0.027271154677751,-0.0262083641393808,0.0157146668787993,0.0275320310412303,0.0237408942544274,0.0261020429025466,-0.0776265491137543,0.0350508007031045,-0.0503847859258655,0.0211946681581416,-0.0173807049881027,0.0280107543494902,0.0165016264836008,-0.0230529692685453,-0.055611993955149,0.0061792132510956,-0.0109967498525962,-0.0179634642843835,-0.0513931007572782,-0.0739830266016651,0.1277111314524348,0.0221504052280017,-0.0244082711048078,-0.01952256513696,-0.066170255800806,-0.0742723599155839,0.0417488636967329,0.0533700399483156,-0.0457344953116676,-0.0421220427042958,-0.0226993274720107,0.0070000873249871,0.0515200940680762,0.0398963127573093,0.040633396975388,0.0046430222572038,0.0456886954994273,0.0227198567251838,0.0816825107113101,0.0078753514958604,-0.0639786232919831,-0.0450851006296514,-0.083145034465775,-0.0424900018712938,0.012390360096905,-0.005887421873867,-0.0103272737027946,-0.0245226736609228,0.0034847373504807,0.0174633406293958,-0.0207746959511478,0.0062371742686129,0.0074731276291231,-0.0545823996474229,0.070523275998926,-0.0718113397069483,0.0294534834914239,-0.1511101364574486,0.0263790665398564,0.0691122633054002,0.0265132459963586,-0.0342842932519978,-0.0278733344504743,-0.0363534258662596,-0.0782765615803113,-0.1414549287558675,0.1146419928172264,-0.0280721878059818,0.1342722000234915,0.0123729833415584,0.1106289783903324,-0.049868538972452,0.117378234656972,0.1529114712086177,0.1382859496185742,-0.0110184522069464,0.0917964265377224,-0.0256363592956284,0.0387473379339864,-0.1394073104013496,0.1185418547285637,0.0835792108424056,0.0724737446055234,-0.0201527893922554,0.0397586400079645,-0.1744465830796628,-0.1171159017582444,0.0153941312835821,-0.0909571868030487,0.1354281645898749,-0.0750864613228853,0.1189958914623554,0.0005769782561046,0.1760289300963584,0.0313515689864118,0.2115863535623501,0.1883231072537272,-0.1526777805100552,-0.1104165134378568,-0.0840990429717285,-0.1684467218871238,0.0814192274975968,0.065010275318285,-0.1578061895816552,-0.0820435615767871,0.0233103160616365,0.1834328630145036,0.1607206086141812,-0.0492815988948477,-0.0094221894429401,stop,789,11,207.2692724615648,-0.0758898160284805,0.0143140535355153,0.0828514662255324,-1.0,0.1886162634805104,1.0917336549404637,1.25181459805702,746,0.5958786447308158,6,0.0223393570805294,0.1273708512760107,-0.1852624725591178,0.0,-0.8974061959100464,-0.3015275511792315,0.5699234722371087,0.121432387823202,217.791990954992,207.2692724615648,245.598255535946,4.942069402727997,0.1370902998386212,-0.0179723276190727,0.0221668743991954,0.2309921632984699,0.9375000000000088,0.0015159598990619,1.0,0.0059691618127082,2019-10-21,4.0,5,0.217096773811354,0.1545368961586537,False,False,False,0.0,0.0,0.0,-0.0572066647287711,-1.6312281795724424
SBAC,Falling Wedge,bullish,1,0.6297122500476693,3,23,926,927,2020-05-22,2020,0,267.1363147043712,258.7389233550296,296.7766845927365,245.13719518748337,1.1198935670683987,0.0324550757205523,True,0.0836597173304984,0.0716700492337978,-0.0393555512296939,-0.0092509449685548,0.0316241548917504,-1.0414348516896157e-07,0.0279253428191494,-0.0522155731073515,-0.0269542281258539,0.043049958721175,-0.0216281586340294,0.0028211151419261,0.0199617204302888,-0.023011133475172,-0.1192742593218892,0.0009341939759937,0.0131946585690831,0.0986218246763055,0.0119998713691,0.032643601811642,-0.0090020746911059,0.0091757547859534,0.0840967088557368,0.0050662163087793,-0.0653810592686172,0.0326733736489335,-0.0673915794539143,0.1325128690437453,-0.0363774671373317,-0.0262534205591788,0.0232983771514556,0.0443806008521903,-0.0355321804273491,-0.0278299509203361,0.1589638447530077,-0.0107058815485385,0.0908711522030487,-0.093648616449133,-0.0501656438550912,0.0086032161185285,0.0043743980314954,-0.0298500024488181,-0.0354142515166262,0.0533700399483156,0.0106796612071087,-0.0022617106232962,0.0135261246255118,-0.0197829293507096,0.0836825160387264,0.0446172643483202,-0.0977133518302068,-0.0213173249296623,0.0156940637539666,-0.0395474522230295,0.0748184889277325,0.0795366783994757,-0.0797893658015505,-0.0097080760123484,0.1288715124147548,-0.0387163874257221,-0.0082576719083972,0.079047600495073,0.1892357258900623,0.1705909331621946,-0.0104725811419217,0.0570050669027366,0.036222003073238,-0.0499658573706202,-0.0166655646126292,0.0126050097531509,-0.0685738340010531,0.1119215351483613,-0.0199881896835687,0.0532826672497486,-0.0899911750780178,0.2137156818453243,-0.0033609316642492,-0.0636855031158512,0.0551688565615955,-0.0115853127647513,-0.0153296862213758,0.1323500061110321,0.1412182280312841,0.1245504633360685,0.0246226641363747,0.0508365473220382,0.0413191655813325,0.0119145920248138,0.1031880488305241,0.0573180105823807,-0.0198124645415026,-0.0322776504314271,0.0488313392762338,-0.0776890938166374,0.0758204314375041,-0.0149682313440229,-0.0569366034679353,-0.1325746732778595,0.1516475447483345,-0.0226928545303412,-0.1235108089890094,0.077250402260075,0.0606801950258928,0.0903237486812333,0.1706155775402011,0.142397424120023,-0.1316874090758464,-0.0540301105313217,-0.0046899078708551,-0.156585846489677,-0.0361850190434944,0.1567507324799544,0.0816270576626208,-0.0533746501860743,0.0378374893187637,time,986,60,280.1809387207031,0.0488313392762338,0.1018751632161942,0.0409505254198481,0.5929611867565006,1.2370747674964415,0.4972641035686987,1.3473434637059705,903,0.450002830285014,5,0.1266920270531886,0.3646618923392859,-0.0336651127630086,0.0,-0.9301452239931938,-0.4801423937081782,0.7391194965518292,0.1196382107883018,258.7389233550296,245.13719518748337,296.7766845927365,8.948563867841155,0.1222508121552059,0.0273024148978993,0.0339209432247451,0.2063672066778552,0.9430890274630468,0.0034130328035419,0.0,0.044068341669768,2020-05-22,2.0,5,0.1722510101672445,0.106193793497614,False,True,False,0.0,1.0,0.25,-0.0148765263609965,-0.5467598117648726
SBAC,Falling Wedge,bullish,1,0.734113575607119,5,42,1080,1081,2020-12-31,2020,0,258.7699895324138,250.2525733604931,290.03953646498576,245.3613070219904,1.2319419363800528,0.0340352790684441,True,-0.0539736143384016,-0.069827478552927,0.0815208460100906,0.0127865292806041,-0.0563504625547106,-0.0020352577923006,-0.035164536083294,0.0365332273495944,-0.0007544243103102,0.0171740231601662,0.0406525919474718,0.0347812118827182,0.0043750536880777,0.0595268687620862,-0.0068396921890112,0.0079531321741475,-0.021497160720477,-0.0561955521717457,0.038254774137596,-0.0147392563279301,0.0797817800270097,-0.0187039102047015,-0.0640266036416557,-0.0494525853801174,-0.0504918613500234,-0.0235571174200295,-0.0473642163548957,0.0379781748831531,-0.0064865118561753,-0.086791131547814,-0.0018377864621111,-0.0741134133048324,-0.0111765529927281,0.0843791179166426,-0.0386210221916148,-0.0567536584913666,-0.0069245277920689,-0.0473642163548957,0.0200778971022022,-0.0476540573030576,0.0845916130762018,0.0493965985568085,0.0012392504977205,0.0063675712559967,-0.0184337257418264,-0.0403001996538828,-0.0170612240534385,-0.0195125766280302,-0.0580993913418464,0.0757130942937727,-0.0456432860932471,-0.0263079479769959,0.0898246797018027,-0.0467914756381467,0.0053896558128254,0.0410679787304257,-0.0958181506395695,0.0075083688597101,-0.0678608024513657,0.0109431986643659,0.0384246312602414,-0.0900578518570035,0.0177971840715653,0.0104001205290082,0.0388338563921966,0.0136528776467201,-0.1285339204626553,0.0593180044396803,-0.0095492652505128,-0.1298833952726893,-0.1598053955781385,-0.0153417592702699,0.0097656830518899,0.0040512088563999,-0.0670673792314795,-0.0605693063238793,0.0855257649492462,0.110755673734896,-0.0081290862808069,0.153281373550234,-0.1750007461089274,0.0549425068568134,0.0587704463590268,0.1197820844742401,0.0730107068945478,0.0613312882680729,-0.1166190233673225,0.022176467741338,-0.0776559743223684,0.0144273629326767,0.0723244607076776,-0.1458714829462896,-0.0218953657110287,-0.077084210966962,0.2184145916880113,0.1058916529183644,0.192777120673139,-0.0141572156857201,0.0063033505528018,-0.1920612182261857,-0.0955920188197414,-0.1028178923760487,0.0121390508269201,0.1298476857754922,-0.0214041852349941,-0.2221460464606904,0.0608113896609798,-0.1172211116416086,0.0619983971663598,-0.2035345859446669,-0.078652684633347,-0.0641792224016426,0.0211458529336485,0.1633389834298684,-0.0149404604210757,stop,1083,3,245.3613070219904,-0.0518169921274576,0.0047686544486401,0.0726245888489869,-1.0,0.0920287776818537,1.4015593315479893,2.33203723842848,1038,0.7112933912221766,7,0.0546962935241219,-0.0428840053523442,0.0701501579431662,0.0,-1.1863813822030485,-0.4750879909808739,0.2050482511444085,0.1084726884217432,250.2525733604931,245.3613070219904,290.03953646498576,4.790968381509505,-0.0443425719831895,-0.0203681023118774,0.0185780415642459,-0.058484695167381,0.972815519971724,0.0029139618078772,1.0,0.0236750557985145,2020-12-31,2.0,5,-0.0570012549757292,-0.0218956796175774,False,True,False,0.25,0.0,0.0,-0.0185392005615778,-0.5692252646516037
SBAC,Falling Wedge,bullish,1,0.7242043037131212,3,26,1429,1430,2022-05-20,2022,0,303.5917437877828,291.97496862982734,376.382622223734,276.0767829633646,1.1861029284352798,0.0397868872543092,True,0.0591499963869484,0.0020513723583694,0.0194591928583307,-0.021306676603553,-0.0485002964224616,0.0519553276502338,-0.035762980794135,0.009325166572295,0.036281841211238,0.0247639152460281,-0.0776265491137543,0.0717748870002581,0.0076883023783074,-0.0048535739346393,0.0079531321741475,0.255620849966772,-0.0041469094895678,-0.0521708725839754,-0.0235347821121112,-0.0597089894953744,0.0087322471554267,-0.0143868885753619,0.0515721792325432,0.0168217886944876,-0.0314434594099561,-0.0408193688518171,0.0376809578141774,0.0020472681962948,0.0407070189929668,-0.0033534790769581,0.0863409523018692,0.0600247258693025,0.0393967737442839,-0.0669541428014411,0.0523555650667553,0.0490225439328402,-0.0428905998837899,-0.0702982543517666,-0.1050190389222786,0.0202196148545625,-0.0053536329688593,0.0306057400812187,0.0142716183121547,0.0285357942400901,-0.0285098046896058,0.0119212761014877,-0.0759104448217011,-0.0348245151253632,0.0287507259085031,-0.0338566628598993,-0.0593625028081025,-0.0881621492837011,0.1082710678415594,0.0219564316986977,-0.011991865141454,0.0295404039879907,0.038237070739167,0.0700267078599572,-0.1336489213313965,0.0325095443811338,0.0017256184773499,-0.0177125840694539,-0.0593130664745682,0.0117005743326563,0.061109872548573,-0.0823216414069112,0.0921950791754528,-0.0900578518570035,-0.0718902374076287,-0.0404995419112891,-0.049778835176503,-0.0030540862876465,-0.0235509619466982,0.1244160994905962,0.0803215067735882,-0.0211557545420343,-0.0506280832165877,-0.0166103740769163,0.073171430080009,0.1464269707278924,0.1991961003166733,0.0263763718793321,-0.0378669587777728,0.0961105982999166,0.0423378035166661,0.1735546357686739,0.093477509304638,0.0213082783812494,0.0036116837645097,0.0491351576156655,-0.1601379218572411,-0.0813215421720148,0.0567425000994186,-0.0340423001401837,0.0076704140817243,-0.0533552528685434,0.1728916766886357,0.0813722877618547,0.1535233727335394,0.2253639704979593,-0.096616680851732,0.0111123666708508,0.128582042426796,-0.1306266413087347,0.1791755396852543,-0.078652684633347,-0.0822791859982976,0.2110324313242875,0.1421717868115999,-0.1146654095393594,-0.0758078426018448,-0.1185803783064388,-0.026132018768567,0.0149056679854153,0.0291882270098659,stop,1445,16,276.0767829633646,-0.090631452888428,0.0661283909018409,0.1023617650259754,-1.0,0.7296406357211149,1.129428711156027,2.645501801745359,1403,0.5605875912673858,6,0.1144299320820348,0.1004532290014446,0.0682349938316246,0.0,-1.3119440005920815,-0.7513564093246965,0.4407959082116996,0.1587422870707764,291.97496862982734,276.0767829633646,376.382622223734,10.652778605485508,-0.0420754485573811,-0.0419308779996848,0.0352535283391475,-0.0497880673812241,0.9261721598217288,0.0112811723715684,0.0,-0.085461385047261,2022-05-20,52.0,9,-0.1167842100355682,-0.1014194186808731,True,False,False,0.625,2.0,0.25,0.0626311542161608,1.7751797331270394
SBAC,Falling Wedge,bullish,1,0.6584136877858393,13,157,1748,1749,2023-08-29,2023,0,213.8096815165389,210.7840431891092,286.5597525210702,191.4912577411717,0.7636510917191355,0.0143542095580508,True,-0.0418864259239043,-0.0345673319675655,-0.0020352577923006,0.0269291799196249,-0.0339269964188491,-0.0158575433471781,0.016000041364935,-0.0146675414063278,-0.0583646689056202,-0.0375619517096598,-0.0677934344815863,-0.0037463680275272,-0.026430658129554,-0.0046970377476481,-0.0299063759315715,-0.001165028460103,0.0268250036085531,0.0585543839453917,-0.021942598569199,-0.0661202710774478,0.0234679012268472,0.0225863545037221,-0.0313937825521294,-0.0667634061020583,-0.0600896065548123,0.0426120950206527,-0.0512225912087277,-0.0377732873141233,-0.0136186675096683,-0.007230732352797,-0.0359011086254323,0.0288196354455123,0.0426530583413811,0.0725198446563439,0.067363736159997,-0.004743374548246,-0.0170899525154901,-0.013778591154158,0.0046430222572038,0.0298938839415228,0.0037543318700852,-0.1330767517314942,-0.1082109558429117,0.0094702317143122,-0.0695225080627701,-0.0572414720291179,-0.1382735017759406,-0.0894265379179476,0.0055213781229119,0.0452127243049451,0.0460169701643033,0.0512628274767339,0.0774812530583082,0.0202230828463425,0.0447323350507846,-0.0073907066539204,0.0310734808814623,0.0328186265419583,-0.1336489213313965,0.017547918734009,0.0069367480219455,0.0122350925655285,0.0031960670503483,-0.0041642047873382,0.079992886021184,0.0057235404816458,-0.0986501328009034,0.0638996434963272,-0.1532745322381997,-0.1398118720438268,-0.0719886579101033,-0.0458997162330994,0.1237195816275609,-0.1681047247104584,0.0108061204259728,-0.0145629118678806,0.0151786185870499,-0.0821282411749459,-0.0790159100190205,0.1424640724907415,-0.0980046222745908,-0.1398118720438268,-0.0939221429071615,-0.0774527824452461,0.0917964265377224,-0.1602649382237601,0.0313061832391903,0.0643926507785965,-0.1113258010055142,0.1346288195892204,0.1202762228000362,-0.1230156237023561,0.0287514317923742,0.0129229407610225,0.1422276406351874,-0.0395384364991144,0.1439076838521906,0.2077640768071114,-0.0992688896401575,-0.0718323427482846,0.0701415528936124,0.1731283544349391,0.2493182518717058,0.1839121837438813,0.084596922251207,-0.1073621757110302,-0.0836238044081559,0.0234329791643597,-0.1018687344173929,0.2443489601912618,-0.0752581858059964,0.2443489601912618,-0.0835129898049528,-0.0454160655431894,-0.0242208652805479,stop,1765,17,191.4912577411717,-0.1043845330906626,0.0110319728362439,0.1171325556633795,-1.0,0.1056858953103924,1.1221255888709554,3.259641977262993,1591,0.5884983680729177,7,0.1348302759377041,0.0583209834877234,0.2092869271664377,0.0068965517241379,-1.2910217825170756,-0.7025234144441587,0.5585386502136481,0.189027702923207,210.7840431891092,191.4912577411717,286.5597525210702,4.541224519424939,-0.1071781468973052,0.0038812165352617,0.02123769915707,-0.1128624250273816,0.9491519725238032,8.97135731350307e-05,1.0,-0.0160356502300345,2023-08-29,44.0,10,-0.0286511177067703,-0.0183467366098353,False,True,False,0.3333333333333333,2.0,0.2222222222222222,0.0242868038806817,0.8471222315504232
SBAC,Falling Wedge,bullish,1,0.7637505069435248,8,130,1954,1955,2024-06-25,2024,1,182.12489568654107,187.2840858495167,241.42344360200264,171.4054667314885,0.8941663516302361,-0.0275474028643366,True,-0.011971456957645,-0.0217564741066433,0.0588919851306466,0.013651648662692,-0.0348000436504879,0.0262698954707396,-0.0642774943320346,-0.0081721011181588,0.0166580177513253,0.0309945380160987,-0.0110539008218358,0.0235312490910415,-0.0031496651015435,-0.0250775174087943,0.0297239937967082,0.0087322471554267,0.023855277537103,-0.0029794545630068,-0.0076235451490369,0.0447221099053076,0.0008086206402579,0.0059478903324257,-0.0183041445248887,0.0203879184795272,-0.0120388129751394,-0.0142259469946546,-0.006002601085748,-0.0011580667728681,-0.0276254752058139,-0.0015868215346489,-0.0439422169679227,-0.086791131547814,-0.022759804501258,0.0565549469067712,-0.0081880221166856,-0.0048088917815622,-0.0788034921330851,-0.0735970642343574,0.055589255372787,0.0415464641770275,0.0245677193838416,0.0447748348707865,0.2553477280011016,0.080516884795895,0.036330397502523,0.0091009836728115,0.0740239018477164,0.0785484288335824,-0.032704124488219,-0.0367427745030811,-0.028521391753397,-0.0207746959511478,-0.0468436025780225,0.0189051367627606,0.0801972224452014,-0.0168834576983353,-0.0149563012514927,0.0573554015451547,0.0489179198168965,0.0188138303112139,0.0047762719443429,0.1353974108624938,-0.0350914489478703,0.0020579984381217,0.0189448326494785,-0.015180379012661,-0.0491819703221978,0.0052953029003204,0.0693348427892384,0.1464269707278924,0.1152879017346264,-0.1225111472115952,-0.0165356207029055,-0.145469381275319,-0.1722176260826732,0.1090723334134682,-0.0369455160677818,-0.0770129182038564,-0.1077558145728442,-0.158062669544194,-0.2324205011300769,-0.1077558145728442,-0.0952961533221824,0.0683687895783626,-0.0337837048163828,0.0683687895783626,0.1991502111817924,-0.1280365496471733,0.1184724093892595,-0.1416411272876151,0.2015882944974527,0.1869481565678297,0.2512919642203111,0.2010977891695085,0.1166702694606036,0.3568980548157188,-0.0205852261874499,0.0659759874335614,-0.0497748407440782,0.0499664763709981,-0.0454160655431894,0.1074505042998061,-0.0856421067678414,-0.0071677055126161,0.0254692192704906,0.2190481028056057,-0.0709241123554346,0.0529130558589663,-0.0484423617527772,0.1535642329819126,0.0274604420805983,0.078432516513117,-0.1253463530866502,0.0486863951994527,0.2088301399632713,time,2014,60,227.89141845703125,0.2512919642203111,0.2993923599792791,0.0221131383633657,4.269492615921327,5.086726406715215,0.3757059293565967,5.531875640400734,1823,0.6372766620140837,7,0.0973437309746479,0.1425956491930791,-0.0958952089691159,0.0080645161290322,-1.0531402163766823,-0.4158635543625988,0.4846830310144608,0.2055978711342069,187.2840858495167,171.4054667314885,241.42344360200264,4.167425145432085,-0.0949771557510971,-0.010649758647502,0.0227183429040534,-0.2276261325314896,0.2444428689007257,-0.0043110223560264,1.0,0.0323883533674864,2024-06-25,30.0,5,-0.081985602150358,-0.0089804366685378,True,False,False,0.25,0.0,0.0,0.0152544268276795,0.7115654493508945
SBAC,Falling Wedge,bullish,1,0.8146234156295818,5,70,2096,2097,2025-01-17,2025,1,196.7644702677857,191.05865108302487,249.5086404294036,181.20121247765428,1.2543013363170006,0.0298642283530063,True,0.0152329814081342,0.0173970908811532,0.0226636061783416,0.0234968410104001,-0.0328302262101791,0.0370614540444531,-0.0514099719298192,-0.0917697264347938,-0.025977941968224,-0.0130631123096349,0.0104410408768489,-0.0410759819332631,0.0403292983470977,-0.0191899064613852,0.003084077670675,-0.0063537706293439,0.0227257329460111,0.0942887915866306,0.0574461926964275,0.0106845159671205,-0.0190006306564268,-0.0616427488499908,0.0172376047110869,-0.0346157357283979,-0.0297879510841373,-0.0203357170863547,0.0192562580923467,0.0369627408307162,-0.0036933999747151,0.0507557617216365,-0.0072468020727664,-0.015337549974288,-0.066170255800806,0.1279099458361481,0.0109625713379344,-0.0446811774039159,-0.1027033146387726,0.0445967494377523,-0.0386210221916148,-0.0617923710083133,-0.0182327870908147,0.0296156636612772,0.0005559699481489,-0.0459900350174412,0.0254099581416926,-0.0306767950657904,0.0077140341718349,-0.0102992500367768,0.0794206942126161,0.1114928685737663,0.1168640795267725,0.1208410586242283,0.0128269199355033,-0.04800091742896,-0.0514989744776132,-0.1101569524520215,0.0770160699256141,0.0706473828524245,0.1476088055494284,0.0371379319333837,0.0264797987960652,0.177095184389292,0.070523275998926,0.0507494213394776,0.0447272711371851,0.0403294314890161,-0.1175046029729571,0.0626355349348448,-0.0382476799225147,0.0951083992908436,0.1611179284165876,-0.0408519351305458,-0.2085391259832498,0.0228253057094758,-0.0110184522069464,0.1227858110464479,-0.0422424859089815,0.1036535867243815,-0.0638481104010478,0.0097656830518899,0.065829380724881,0.1681107399698731,-0.1246467817912417,-0.0172348014797657,0.0126050097531509,-0.1246467817912417,0.0299513789296166,0.0089331448266116,0.0917158108820672,0.1283676374710038,-0.1064292533785781,0.0938541112399536,0.1035493206158453,0.2058396289732725,0.11675166056694,-0.1066861103382138,-0.0240257454957609,-0.0595936379422966,0.0381459362640312,0.0933048364271342,0.0139524834482795,0.0108038907292644,0.0995622673058052,0.0007923394868911,0.0158689135513432,0.1217539112335757,-0.0620611971766205,0.0619983971663598,0.0358742582510365,0.0890915477914708,0.0659476848609643,0.0057189530529246,0.2083806019349239,0.0387516284793445,0.0653326896359754,time,2156,60,217.1392974853516,0.1035493206158453,0.1525261521639437,0.047553939446932,1.309162097827967,1.9283705209556024,0.601218962674712,3.3890186022018303,2025,0.6456803063615253,7,0.094142239321358,0.2509341890157333,-0.1438278682720907,0.0149253731343283,-1.7621193113691114,-1.1164390050075783,0.4602538339294109,0.1389382267610297,191.05865108302487,181.20121247765428,249.5086404294036,4.367616717429919,-0.042840742548699,-0.0409980510014087,0.022329092968455,-0.0274775450390836,0.1232894846854637,0.0066119870392473,1.0,-0.0077755867973557,2025-01-17,2.0,6,0.0409817566427617,0.0223663630295565,False,False,True,0.4,1.0,0.2,0.0014597296191655,0.5470900289201347
SBAC,Falling Wedge,bullish,1,0.6504425139489323,3,25,2242,2243,2025-08-19,2025,2,215.36985327831025,210.96503924919625,248.6685472696204,207.0212644096989,0.9324220821304424,0.0208793553888848,True,-0.0091848028653366,-0.0181933453658676,-0.0062753066589508,0.0369808171796925,-0.1038201500301893,0.0178628826205005,0.0355318826825379,0.0040934909840861,-0.0151421558870007,0.0463827047730081,0.0302336785290198,-0.01023086732486,0.0044656464843093,0.0090324234417109,-0.0776265491137543,-0.0022884568705461,-0.0144193516338945,-0.014377340162051,0.0028919358951395,-0.0044861227045891,0.0400305511606993,-0.0234107984309652,-0.0069562486120317,-0.097608259808649,-0.1043960008617085,-0.0460787186319323,0.0399888457632096,-0.0162134348988047,-0.0112554926855977,0.0169856639536702,-0.0266063967774919,0.0200579450202742,0.0123460397407351,0.0461544067554393,-0.0413828926203423,-0.0449113461567927,0.0086032161185285,-0.0268777934684704,0.0617708023061627,-0.0097371325390599,-0.0373284824911357,-0.0617959677677276,-0.1044398643596661,0.0905876525604734,-0.0673915794539143,-0.0877320333270269,-0.0972913511863993,-0.1282266645537386,0.0259550150672975,-0.0826263197057584,0.02843003855965,-0.1035866664466784,0.0009199146576202,-0.0099648936431518,-0.0640669480954171,0.0349661182641667,0.084113903722407,-0.009681432653368,0.05339343414709,0.0215311278468743,0.0104001205290082,0.0584193262406742,-0.0573040395612819,-0.0131777819888412,-0.1564731482462754,0.0074731276291231,0.0300606838445749,-0.0217418738366443,-0.0891433365029528,-0.1196123314079876,-0.1627999829827852,-0.140094316911654,0.1052282674026348,-0.0194904785098624,0.0182299681814053,0.1277922479229645,0.1745920560906431,0.0074524423652937,-0.066571482500868,0.0066573321644296,0.1303082010152521,0.0288297988682115,0.0960428491406215,-0.012025681306272,-0.0801137421591285,0.0979593459481789,-0.1722176260826732,-0.1438595443253061,0.090742803253035,-0.0494740729236872,0.0316006494321308,-0.1311917822612551,-0.0871043649709825,-0.1588507896491379,-0.0032242136441812,0.0826424251536726,-0.1018687344173929,0.2174841044181581,-0.0913013035507396,0.0133181915709137,-0.0355007841705025,0.1758510854156083,-0.1435069037659661,-0.0218953657110287,0.1206587655733446,0.1129743386069437,-0.0219805024182371,0.118030023742089,0.2187952228540604,-0.1245863902402966,-0.0431352915168115,0.1256228228711609,-0.1202226828061306,0.0131951963205025,-0.1116718651852408,stop,2248,6,207.0212644096989,-0.0387639622794511,0.0201992991873268,0.0585353320879434,-1.0,0.5210844815529739,1.5100451204126082,3.9885415985095576,2215,0.8225435510435297,7,0.0883164558874587,-0.0037013370900479,0.4039420200935655,0.0,-1.314119222473189,-0.4915756714296578,0.1671114541984752,0.1240713617508212,210.96503924919625,207.0212644096989,248.6685472696204,5.234577777326749,0.0046208674331225,-0.0375321468122937,0.0244937551850962,0.0778102185287306,0.9605572470438404,0.00562399286593,1.0,0.0174123882727657,2025-08-19,2.0,6,0.0408392585581194,-0.0113121222955554,False,False,False,0.2,0.0,0.0,-0.0227368434694408,-0.5666909320986296
SLB,Falling Wedge,bullish,1,0.6121644177196471,8,64,1045,1046,2020-11-10,2020,6,16.251471975651416,13.06639021524336,19.130437658640204,11.753889476335452,1.1289946392155426,0.2437614144335222,True,0.0859457084256634,0.0741047818027345,0.0134789722605352,-0.0530727122135836,0.0035025735156939,-0.0179824793221191,-0.0215761763165841,0.1222826784961463,-0.006557811758447,-0.0013492141466866,-0.048834134247477,0.0103518527476478,0.0582867080799303,0.0001988503816721,0.0473113520006054,-0.0031567198533073,-0.0381405437475844,0.0096094996848825,-0.0419310059486224,0.0724177473163278,0.0113637981576195,0.0292198469924984,0.078674554321706,0.2016212653294071,0.1824855356396177,-0.0258354357371439,-0.0102968585310864,0.0583831140394164,-0.0163774849030006,-0.0480832815873729,-0.0244800009435547,-0.0082443045759998,-0.0067802964288947,0.0680416907427781,0.0113813293221973,-0.0052629838699655,0.0028689633004619,-0.010863045569137,-0.0653212234712353,-0.0062393651577236,0.0024322416017705,0.0828235427770509,0.145098020487127,0.0069766165948261,0.0779749907876552,0.1902114538854987,0.2708842596008196,0.2415631811558554,0.2185401925085313,-0.0475975748772451,-0.0055266180531073,-0.0692771794405845,-0.1103589131229333,0.1033568206382318,0.0609756075946712,0.0729279289262363,-0.0854966212349273,0.0903622705797686,-0.0505303847276685,-0.0110215053189246,0.0985806387649614,-0.0046908263525027,-0.0737226443868198,-0.0003028778290413,0.0411320992522787,0.0027892730829293,-0.0526133323463721,-0.0264866153431356,0.2633322726851023,0.3508246220194821,0.2765113460710029,0.0417324746407028,-0.172354810338166,-0.0875418746253073,0.3229250657663065,-0.0097790039181766,0.2588210567844764,-0.0319271758285495,-0.0765910331775333,-0.1205286215262532,0.0675641340012429,-0.0707949003325862,-0.0024893141731519,0.1318342901419049,0.0608828675666814,-0.2305764973401982,0.0734582134877701,0.0423561943018475,0.0688379394085516,-0.076405550391793,-0.2279347612423644,0.3527501873592119,0.413362620744405,0.3129850724306517,0.0911149482714268,0.0074762571212618,0.0741998065114672,0.1082202343987202,0.1502214240521704,-0.0331738373289528,-0.1199378471222192,-0.1037077214609578,0.060826543483019,0.2459847302000832,0.2980612909467421,-0.1246346192880776,-0.1834599937519719,0.1189883300993319,0.0435294828084411,0.1041670330402422,-0.4181864268978017,0.1633857624147203,0.2131479938173301,-0.4604491362301816,0.4015739079901653,target,1055,10,19.130437658640204,0.1771510720568676,0.2162158806410757,0.0724324915698347,0.640114035357139,0.7812700101584907,0.261726073296667,0.640114035357139,975,0.6163166226738619,5,0.0652276798964362,0.159866908424012,0.4840489118043209,0.0634920634920634,-1.6283211562384052,-1.012004533564543,0.5718381824542078,0.2208373780137823,13.06639021524336,11.753889476335452,19.130437658640204,0.810691518347632,-0.0406574994891613,0.1060100203072338,0.0504018449043576,0.1707916774784807,0.3406588109041668,0.0284928521788616,1.0,0.0111674250254241,2020-11-10,10.0,16,0.0977123571408908,0.0188769413961311,False,True,False,0.3333333333333333,2.0,0.1333333333333333,0.0302068515003833,0.6358173789048028
SLB,Falling Wedge,bullish,1,0.6376092414100445,3,28,1150,1151,2021-04-14,2021,0,24.16024051605546,23.785097354570325,27.70080724619908,23.075796545042643,1.1838818316574498,0.0157721936510404,True,-0.0543916715619748,-0.0600229843689009,-0.0698164165745108,0.0396091168342234,0.0007650483677374,0.006271600266487,-0.015276462275316,-0.015151445103258,0.0278221279520143,0.0524236673389604,0.0753316868300733,-0.0106908000852768,0.0079120088018616,-0.0030418279124276,-0.0168869453279369,0.0704587746577762,0.086896481976443,0.0736716772634014,-0.0445417249646515,-0.0906034622144672,-1.8379782251720652e-08,-0.0502314959330557,-0.0606377511378896,0.0055126105854743,-0.0033333027209212,0.0329835398522129,0.0186496971346934,-0.023892871271868,-0.0087340424114581,0.0075578912482174,0.0386957522775217,-0.0273580536158365,0.0200630209093874,0.0554912105114109,-0.0480853999538214,-0.0119971396146354,0.0277305951071651,-0.0724895720555411,0.036548210025759,-0.1083649184690751,0.0804597020727995,-0.0129538783703014,-5.909157409134114e-05,0.0118970382873939,0.0645815836218803,0.0014764468998836,0.1797132269860577,0.1998467788276754,0.1210924987437396,0.0018294909944129,-0.0524229565040161,0.0895633624609735,-0.0533879167037224,0.0837014810384508,0.0609258114233781,0.0769204588059333,-0.033563307122452,0.0548262716051584,0.2113914065331059,0.0469800346723447,-0.0788854146185743,-0.0364667930264829,-0.1710344258530405,0.0857174294824394,0.0767224788153939,-0.0154923311837658,0.1234568898084731,-0.0054801890442099,0.1503935129696807,0.2892301847195853,0.2653746999332895,0.2403160216539694,-0.2438297115355934,0.0991072059153943,-0.1729873794661102,0.0725056285123593,-0.1181788061261466,0.1422796192044926,0.1390699837113773,-0.0439824185540842,0.2725861910807656,0.367328232786889,-0.159148893587096,-0.0591676410819222,0.0816170321872862,0.1645073197619708,-0.0584244649084142,0.052285746010519,-0.1470282631304684,-0.0583583676588493,-0.1119896957883527,0.266304817770186,0.1508614714362597,0.0947760536619324,0.1444637719686505,-0.0251167460064114,0.0411580088272522,0.0132940845522446,-0.0391265534225827,-0.1567697697207201,0.1418153696235431,0.269019339093751,-0.2810289418220556,0.1548197385066019,0.1528066148638918,-0.5321722719936888,0.1228846453341641,0.1279236627716928,0.0034724167036161,0.3530591140634793,0.5064117991859522,-0.0795177805125836,-0.1661628351190228,0.077160182614675,0.1094417789606372,stop,1154,4,23.075796545042643,-0.0448854791115246,0.0055127354254306,0.0804852536050258,-1.0,0.1228177917346824,1.7931245293171183,3.2648682871434125,1122,0.5295941860093805,5,0.1450305847735653,0.1875135835330494,-0.0884079658538086,0.0,-0.8224319703177136,-0.2928377843083351,0.2813045280663492,0.1273125409190505,23.785097354570325,23.075796545042643,27.70080724619908,0.8143476333369831,0.2844706301381772,-0.0014511650783247,0.0335826954591385,0.7124119656951173,0.6907887637122038,0.0084483143166587,1.0,0.0426553271550327,2021-04-14,2.0,16,0.9032012362260882,0.3950660628121401,False,False,False,0.0,4.0,0.2666666666666666,0.0020228060174782,0.3056481785436789
SLB,Falling Wedge,bullish,1,0.7580748304511054,13,135,1704,1705,2023-06-27,2023,0,44.306650205631165,43.85744943739385,56.61682459813258,38.46492379800697,1.4252199571829285,0.0102422911956734,True,0.025801002839128,0.0072284119254757,-0.0207506279310232,-0.0582776824465769,-0.0366854475583424,0.0708629390768285,-0.014530653317587,0.0128696301638362,-0.0371328658270113,-0.032960595515367,0.0060941466990258,-0.0447089172664105,0.0989584289049907,0.0177692413346424,-0.0143531603408612,-0.3314956894219318,-0.0406293367772793,-0.0314149841902133,0.0007650483677374,0.0489706740481723,0.0612288566965693,-0.0173006530900702,0.0439370852586715,0.1793590407718739,0.1541434904788532,0.086326510446129,-0.0762141382534987,0.0420790640832415,-0.0537191565862742,-0.0035503406119642,0.1341822579316931,0.078213848658835,0.1257469149190861,0.035648878775367,-0.0411663220273569,0.0079714518159119,-0.0497924378601828,0.0898135519901537,0.1266803658450517,-0.0105224709006539,-0.0658655929234848,0.015532580617581,0.0585367649846149,-0.097224958261245,-0.0550673272466701,0.1619785685020572,0.1999581553665625,0.1529290527944851,0.0432353806005063,-0.0069511559638859,-0.0505303847276685,-0.1161079441043477,-0.0884988578094617,0.181268438420161,-0.0122755800938521,-0.0979895906746067,0.022353318720282,-0.044824956110872,-0.1755318966136421,-0.0290697067522642,-0.0322845279529315,-0.1314276060001639,0.0148720740533401,-0.0445511636936851,-0.0244328304081636,-0.003274778644898,-0.1810201224458966,-0.001059511376758,0.238863225445503,0.2045359659812657,0.1861932435679607,-0.1734454111818365,-0.0772890096242922,-0.0494122319828705,0.0778459765108072,-0.1080848475820273,-0.1655902602174642,0.0771382148502561,0.0853638858590999,-0.1027229706615643,-0.2999138271842972,-0.2233119534404307,-0.2196057673092676,-0.4815817355847943,0.0347132889853085,0.2625314125624369,0.0777569879113786,-0.1116325642431155,-0.0941349789133875,0.27686897872387,0.1468634456333675,0.2579181343257069,0.2289972477483139,0.2339123828319576,0.3554240165062878,-0.6847774938324396,0.0597679566837996,-0.070702252607032,-0.0751421570172002,-0.0823195975912652,0.015158637417906,0.0332018635674877,-0.0725462337228207,-0.042456427586183,0.0213607159317068,-0.0845150902757769,-0.0178500221481558,-0.0023824114052841,0.2934298875210306,-0.0572231293253278,0.0254493600976739,0.2282470449666125,-0.5155958725423172,0.0913647264011698,0.2581025716963204,target,1753,49,56.61682459813258,0.2778403317643916,0.2820686061860567,0.0151893366911558,2.107283623627953,2.139353026181559,0.1152037224393573,2.107283623627953,1569,0.5324348680085891,5,0.0187428065769119,0.3504898960571974,0.1143039276295194,0.0,-0.7908333116820894,-0.2583984436734993,0.6277421309918534,0.3262092348880138,43.85744943739385,38.46492379800697,56.61682459813258,1.2004495837847091,-0.0132140769703605,0.0282976724232486,0.0270490947216304,-0.0536912576988896,0.7213116291867842,0.0114021081571402,1.0,0.0423082166619015,2023-06-27,15.0,19,-0.0785208554893323,-0.0555867193299421,False,False,True,0.3888888888888889,1.0,0.0555555555555555,0.0662580965896409,0.952759253951002
SLB,Falling Wedge,bullish,1,0.6152270961091136,3,38,1813,1814,2023-11-30,2023,0,48.12060950256317,47.83312776944558,59.14584238798068,46.91201713805799,1.3837009794353998,0.0060100969040377,True,-0.0632172674706067,-0.0686146673557578,-0.0002487267749402,0.0078180977233184,0.0525917235514792,-0.0264054887191096,-0.0473083668167392,-0.0053865932766136,-0.0821025856715729,-0.0533961664511682,-0.0465416414053128,-0.0358100054470491,0.0066445263695202,0.0644293805536637,0.0383880250314905,-0.027714872780687,0.0390264854863844,-0.0393807574803869,-0.0261163301551714,-0.0435980942650695,-0.0780097856990479,0.0217821586778907,-0.0491503165931506,0.013333747284119,-0.0222983126717204,-0.0677635447238658,-0.1080440582242916,0.0161915379280706,-0.0767303860922964,0.0092983682440055,-0.1248783769515655,0.0846783244247457,0.1092435626504844,-0.1679943547571714,-0.0653212234712353,0.0642561546978761,0.1164933288314329,-0.0951964073845385,-0.017025773285643,-0.0114302326212355,0.0201224714763965,0.0384615051634837,0.0030427811376629,0.0187073248660516,-0.000768046201679,0.0260665994987846,0.0059880113015817,-0.0411126665167014,0.0322631575189213,0.0739670072276099,-0.0150970843540478,-0.0976069704568729,-0.1262969734818104,0.0476031524295725,0.0083769823122075,0.1859095957735463,0.0508733894826387,0.1313949381282459,-0.0645235767347444,0.0609258114233781,-0.1598424794611819,-0.0188855652769657,-0.0159407715665934,-0.0184848967878923,0.1247609073478817,-0.0283487865109035,0.1184228498532939,0.1353484511313503,-0.0152529455982999,-0.0460126616536341,-0.1274360143617622,0.255768047661693,-0.0541000032917423,-0.3219837522173308,0.0399136031761495,-0.0366560423763503,0.0133905452613738,-0.0127911854966552,0.1097179411000055,0.1493143255097961,0.0652853718655195,0.0149816589983251,0.0087734907062562,0.0833713400607516,-0.5652303005196511,0.0002728322942053,0.2412414708991477,-0.0439824185540842,-0.0319943326714927,-0.0837249558351411,0.1177482107222667,-0.0434784540182862,-0.063713124269661,-0.1789963708046852,0.4400780354987028,0.0932361290863879,0.1054336956936825,-0.0539726799116091,-0.1565643763497715,-0.0855815235363506,-0.0325293993783734,-0.0882954856847132,0.2077960566039272,-0.0041615012950145,-0.0616830905654278,-0.1356902473151994,0.3143246476343611,-0.1125936956714896,-0.065078733127768,-0.3537959690992931,0.1821977819176987,-0.144012377278035,0.0007963844057705,0.0010268884559621,-0.0662596512738333,stop,1817,4,46.91201713805799,-0.0251158989256111,0.0213543789943597,0.053358421339618,-1.0,0.8502335137439302,2.124487819355233,9.122375094543518,1775,0.7650448437591706,7,0.1682178584580484,-0.0262433023746039,0.1847321402735493,0.0,-1.2696255036789836,-0.5045806599198096,0.1351243782840858,0.1500622681512599,47.83312776944558,46.91201713805799,59.14584238798068,1.114870062299019,-0.0164470320757136,-0.0750713430275156,0.0231415325737099,0.1681082543477707,0.2648654444529216,0.013688110000682,1.0,0.0798276667232518,2023-11-30,15.0,19,0.1896889901727505,0.0493033226637944,False,False,False,0.0,1.0,0.0555555555555555,-0.065883836333132,-1.5966047884297463
SLB,Falling Wedge,bullish,1,0.7337788571071542,3,23,2239,2240,2025-08-14,2025,1,32.05359239715157,32.15262157548631,37.071152102597694,30.93856406799739,0.5575887073554513,-0.0030799721292474,True,0.021450128958276,0.0376113398717058,-0.0354754066286966,0.0910169741611501,-0.010985041073375,-0.030190821162263,-0.0103364808402686,0.0331428959303095,0.0403671573485988,-0.0750966837512973,-0.0179278915936529,0.0225158680804682,-0.003028476432567,-0.1710701424087175,-0.0023179394524527,0.1182675363918035,-0.0026762883290594,0.0323279291776275,0.0330995661706403,-0.334864147943079,-0.0285153347161316,-0.0721991330001626,0.0426474219618323,0.1021149717598937,0.0975793162732747,0.0233174132250009,0.0684365928042598,-0.0203952579382578,-0.0378884458398476,0.0641843268445159,-0.020030842626726,0.0436855431685572,0.098828535906235,-0.0636443877047312,-0.0447080811203208,0.0090575528512693,-0.0658036766588447,0.0674157277566214,-0.0037093591423631,0.0095567835781855,0.0524200780409753,-0.0904505731299578,0.0013791179419879,0.0878485240574487,-0.0146312266979121,0.0938715544940889,0.0832217810215107,0.0655436779430267,-0.1750878649718038,-0.2318464732271036,-0.1159166574765978,0.0921233004277157,0.0232060589734439,0.0853913850796763,-0.0658874881829889,0.0691983112961702,-0.3986825596169091,0.1317604316664729,0.1294590495401,0.0818616766506965,0.0629325750683806,0.0025847226014554,-0.0862540887938778,-0.1767329156805509,-0.0596899112071922,0.1164969817280152,-0.1515151168169373,-0.0134752423381423,0.1172254722855096,-0.0340231581389586,-0.0477082017229716,0.0867292609318892,-0.105879353789494,-0.0306619992937559,-0.0345802357453667,0.032561912262353,-0.3455416809756734,0.0199757325540368,0.0361750754240794,-0.0902155097811733,0.0187774663551227,0.2369764296170518,0.045372654795559,0.5208687541157573,-0.0022162806956518,-0.2683257254120267,-0.0277587242859744,0.0173756622783443,-0.0637061239356098,-0.1612474099960054,0.0609856268885635,-0.0313064347045599,0.1164159245498788,0.0748670655370435,-0.1494993103115791,-0.0192960562922438,-0.0410344130672201,-0.1143362254946359,0.0917181123871515,-0.1313501913520277,0.0097492911451093,-0.0764978829767971,0.5067822992285005,-0.1164025231855833,0.0236234836917328,0.2238327805006117,-0.0955021298049069,0.514726516252741,0.0576760392098785,0.2302912001843384,-0.3531611829855312,-0.0101388961093941,-0.1858904339829694,0.0446280153069693,0.0959199999326716,stop,2280,41,30.93856406799739,-0.0347863763705083,0.1193354393253975,0.0364593891445092,-1.0,3.4305222841942635,1.0480939076890825,4.4999392161204295,2215,0.6758567999350714,6,0.0699890497407399,0.0503941946931076,-0.4510446982271123,0.0,-0.960918169669372,-0.2850613697343018,0.3509422089836058,0.1293499893972685,32.15262157548631,30.93856406799739,37.071152102597694,0.9275756729253372,-0.118901934340586,-0.0392623552862123,0.0288337374980555,-0.1917996006111682,0.7088616763402168,-0.005365227158198,1.0,0.0269251124246121,2025-08-14,9.0,15,-0.0472590074390733,-0.0151554767445419,False,False,False,0.1428571428571428,2.0,0.1428571428571428,-0.0455873989832907,-0.95950495940231
STX,Falling Wedge,bullish,1,0.7091675321058206,3,39,689,690,2019-06-14,2019,1,34.027410540262814,34.333711468401944,39.61789198742524,32.04572474796999,0.980901649993504,-0.0089212880006004,True,0.0728277528296321,0.0524144858532449,0.024282153702734,0.0991837364986889,0.0298669339955428,-0.0450905370587314,0.0345127519384984,0.0951416904134283,-0.0417025078988909,0.0826358381468099,0.0037079965473123,-0.1469422346907879,0.0120275065953694,-0.0325393618496967,0.013719269291148,0.0003706510901775,-0.0153325229167576,0.0624342889691784,0.0768187790675216,0.040963475259885,-0.0263619031854042,-0.0022678786157395,0.0595563465646178,0.0880684207392148,0.0711259579615035,-0.038781973219962,0.0217917899625208,0.0921099669827758,0.0802259439525561,0.0129324858462442,-0.0996621371738505,0.0574714427237146,0.0171807729927317,0.0016722040853358,0.0498591962184888,0.0960947945979355,-0.0233963828692564,-0.0669473743253005,-0.0056184155218128,0.051554416030523,-0.1330741064117665,0.2247925962949291,0.0459536323033116,-0.0384855301023421,-0.0235295350717338,0.0719612313744627,0.1162395758744958,0.0723985565256215,0.0842958455302549,0.2637075522879781,-0.0527814129875285,0.09559639519361,-0.1673119240582573,0.13384485008887,0.125744190435201,0.0594498411069026,0.0952992619162662,0.1437984206098281,0.2742082706543369,-0.0689437964837671,0.0694447679058871,0.1303605835052497,0.0489582863263433,-0.0704398931022481,0.0318142075678968,0.016194322951136,-0.0392171369853413,0.045265238932878,0.055275182304721,0.0349576952890373,0.0351262995570467,-0.0285911701830019,0.1825396138287913,0.3235646027127801,-0.3543704488142374,0.0474475572273602,-0.1048868019106135,-0.2305156557801599,0.0211417661886244,0.0831825326068649,0.1978728001507383,-0.1222849773561152,0.1083334731270071,1.1470688708047052,-0.1464683963359998,-0.0191109963059212,0.0557109252133243,0.0388076381129276,0.2604233762794152,0.4125518273954613,0.0601090497115177,-0.061668584044636,0.2776487511831655,0.2429012012948597,-0.2604166853178326,-0.077566772403552,0.2776106216516951,-0.0582371977379372,0.0646973860469402,0.0317565545108153,0.3449030431307274,-0.0043827111791752,0.2320632917262968,0.5566761879446009,0.0283882179934582,0.105336841897758,0.6484280061872183,0.1521951033905662,0.0379904118237359,0.2749624596365758,0.2118069924645331,0.0904123787461357,-0.1150667743801002,0.0616655761024644,0.1474876045714193,target,743,54,39.61789198742524,0.1642934727738834,0.1811265699909488,0.0278506579688883,2.821073587399648,3.110113712679307,0.4782220149175752,2.821073587399648,649,0.5377999968130504,7,0.1208539802361102,0.0604906331147858,-0.2435283849769544,0.0,-0.9490285135758456,-0.4112285167627972,0.7640720608775761,0.1356082579949141,34.333711468401944,32.04572474796999,39.61789198742524,1.0086160550582102,0.0031333188033531,-0.046868488713014,0.0294202801994572,0.1403602625074231,0.8641963680204929,-0.0109961989874454,1.0,0.0054220038582548,2019-06-14,39.0,4,0.1681611791317989,-0.0235929355371591,False,False,False,0.3333333333333333,1.0,0.3333333333333333,0.0433459866991612,0.729568754827611
STX,Falling Wedge,bullish,1,0.6808498821216767,5,40,1288,1289,2021-10-28,2021,4,76.6439734721146,71.72341609752493,80.13493071490728,68.11911467501818,2.5235272594218805,0.0686046153727397,True,0.0798867991318319,0.0556693285217191,0.0092630388556183,-0.02538935430148,-0.0412962709381525,-0.0576808448964255,0.0213718799922433,0.0823562714731542,-0.1326613991145485,-0.0302189321539582,-0.0491880282283483,-0.007268754319365,0.0394447329199181,-0.0312643295501701,-0.0292863990571808,0.0853105041525026,0.0628102726670505,0.0454838041868788,-0.0666377102068539,0.0412829585816709,-0.0042199792937162,-0.0008919775809087,0.0843208249724355,0.1927479048955955,0.1754185294563131,0.3290571862156641,0.0617993929754614,0.0380724669286929,-0.0026761898358004,-0.0315442751608854,0.0350310466095442,0.0618340947848328,0.0119244167878449,0.0283279633199098,-0.1491997112714013,-0.0548172229711957,0.0549528310953657,0.0058016667571203,0.0844918894998743,-0.0252238819047524,-0.0289182430896369,-0.0253478671591425,0.293133156280867,0.0229649151766524,-0.041094418400763,0.1593194440636829,0.1175072009008553,0.1107069524893087,-0.0077357533338366,-0.0677754573979206,-0.1160254899391955,-0.0334965252078123,-0.1111370295249115,0.0531830881056285,0.1789568210805754,-0.0513731053536792,-0.1438536714364661,0.0483238205661873,-0.0653297528486622,-0.0319417439936025,0.0231203039536689,0.0380554919602103,0.1934567312765853,-0.0394324777422762,0.1093070507394811,0.1859556896230003,0.0248935776081948,0.0551714922360193,0.1053910478822958,0.295994520872195,0.2453951516906916,-0.1794258459561585,0.0252736863319573,0.1423906549791014,-0.1291774962932708,-0.1247198881899118,-0.0788280734075685,0.1037363288633086,-0.333929484250163,0.5102301372751561,0.113318852468355,0.0612856640774093,-0.2133462132894159,-0.2042472402188562,0.2877902388985649,0.1998681402634139,0.1356585384222954,0.034181897431827,0.1744424502707173,0.163563335372362,-0.1887522957070962,0.2710288515050936,0.0811934045709878,0.1247884298435682,0.5677300578322722,-0.0394258880713378,-0.1581135610827807,0.0331067769039681,-0.1267093093160706,0.1750368557132589,-0.1734482062893576,0.1207058889438572,-0.0671718315753303,0.0081859281263598,0.0879683464011773,0.465781975170604,-0.0130501607563622,0.4257246750110179,0.135670268398236,0.3021914442987738,0.1687608824564992,0.1132933668922899,-0.1055019538652424,0.2748921908285164,-0.0285879827300295,target,1290,2,80.13493071490728,0.0455477069447971,0.0566570885619691,0.0055523837254337,0.4095032335294183,0.5093837324589885,0.0499195073007064,0.4095032335294183,1244,0.5227069644093891,7,0.1434712748630558,-0.0217045036397742,-0.0978530685539241,0.0,-1.0555358817811311,-0.532828917371742,0.8652898591118969,0.1064329845816661,71.72341609752493,68.11911467501818,80.13493071490728,2.275436111540899,0.0859429996867466,0.0595711552528297,0.0292574005315245,-0.0202886755911864,0.7066701253255216,0.0052257159377828,1.0,0.067996370707517,2021-10-28,31.0,16,0.0767880038610258,0.0684828355100277,False,True,False,0.2,4.0,0.2666666666666666,0.0596511700458274,0.3268041312638154
STX,Falling Wedge,bullish,1,0.7608543689573339,8,77,1431,1432,2022-05-24,2022,6,69.85106507157775,71.50988004352723,101.57633012119528,66.85257682881436,1.5796784378540083,-0.0231970039795869,True,0.0552332653043661,0.0111864690699614,-0.2053975742145505,0.0373469444922056,0.0088923374373719,-0.0926552004593206,-0.0452159789880023,-0.0269606441963129,-0.0444847519343553,0.0587133030641611,0.0148055406274369,0.0118871955025272,-0.1358465807151214,-0.045893016203746,-0.1266466732443621,0.0811552450194466,-0.0758487451326204,-0.0068544147195479,0.0451705238941295,0.0624342889691784,0.0001635704272653,0.0008802142381825,0.0794509861111678,0.0553595279471632,0.0071577180042712,0.118521035790496,0.0599284338111718,-0.0575413709969027,-0.038561862897646,-0.0458424648764385,-0.0247309735352767,0.2173374972992801,-0.0007963855153113,-0.014927998162497,0.0248888154992599,0.02912095745853,-0.0442391118908823,-0.0039578217084926,-0.019575820381668,0.0228893272144148,0.0063288448491465,0.0348942856820631,-0.1121943526615006,-0.1687162222548737,0.0880708620075361,0.0518147442106428,-0.0990098781684231,-0.0668493350626054,0.1185821583703392,0.0159705679730379,-0.1043222713917078,-0.0287746498379706,0.0594498411069026,0.5322137281898336,-0.1358362286999829,0.0646556002352427,-0.0153428709739259,-0.030870987300652,0.0818794467958117,0.083310382540646,0.0990912855924222,0.1147162164441855,-0.0283433533061377,0.153611107527094,-0.0730922126825723,0.0562020846057083,0.1303605835052497,0.2887283535085454,-0.1681193172785265,-0.0215819338428885,-0.0330183752343747,0.005886033402298,0.334684943545267,-0.1352577488840635,0.3011859086717734,0.0140663911237683,0.2687172945076272,0.0010697221596778,-0.3068568719844521,-0.1244639708855045,0.290936008330531,0.0450686389449805,-0.2089137020853576,0.0236384799406945,-0.0103492278972922,0.0643760058014897,0.7979995965667863,-0.1909045484033832,-0.0008680155959478,0.1636406165887365,0.0241389368651481,-0.0894716583785274,0.0184054232861843,-0.0622795707503858,-0.0415793332861896,0.0212556798827596,-0.0437255672053069,0.0829074692887597,-0.0574600409970313,0.3493131193011924,0.4572591391138394,0.3783411154926686,-0.3249003064817172,-0.1123434487980942,0.3354411375809727,-0.1821588275947852,0.0067040502013901,0.1824205480915304,0.1923127770868864,0.1587740587612391,0.3708969018160144,1.0253406175637108,-0.0224037677660207,0.3346184984841556,-0.1371452677406143,stop,1445,14,66.85257682881436,-0.0429268793495242,0.1128627193028731,0.0557376893394773,-1.0,2.6291852800178903,1.2984332936397136,10.58042002538577,1348,0.7629045064069016,7,0.1533870996648702,0.1667316728487886,-0.2592692519781104,0.0394736842105263,-1.3629503542822965,-0.6000458478753923,0.2767338059299246,0.2592932767301272,71.50988004352723,66.85257682881436,101.57633012119528,2.977255494694852,-0.1477848899207825,-0.0688342509164644,0.0424889545874386,-0.2060420755947131,0.352771605308991,-0.0045162195595703,0.0,-0.0533765232068902,2022-05-24,30.0,11,-0.1201591863475344,-0.0969328137420996,True,False,True,0.7,2.0,0.2,0.0243361579148395,0.3969137761529838
STX,Falling Wedge,bullish,1,0.6250723989871784,5,60,1535,1536,2022-10-21,2022,4,50.40102476812437,47.29354813653117,82.70244278030202,43.93515224589157,0.7089742710642805,0.065706142889137,True,-0.0815780065899285,-0.1165085127089582,0.113687922443477,-0.0798458178632957,0.0128897776462177,0.0301761876182695,0.0404938212404291,-0.0675861380314803,0.0176449474575961,-0.1017341814723187,-0.1553259749438881,-0.0940479955413479,-0.0371624191865196,0.0002118456387467,0.0197542095818492,-0.1204929689213829,0.0363545987030398,-0.003080063896548,-0.078710331061221,0.0317435406817592,-0.0726579747646904,0.1137107636020278,-0.0618791940364645,-0.0874687179306107,-0.0886924553236711,0.0916921467201865,-0.0251022966862209,0.0228893272144148,0.0115794484155478,-0.0675418771970948,-0.1866968950322449,0.1100339384652815,0.0654970198827527,-0.0282152794179327,-0.1133892393585157,0.0438395637061419,-0.1109383883511058,0.0202644168360155,0.0040150765281141,-0.0499599020672067,0.0143409029993615,0.0168795373437067,-0.0312390051340046,0.0490411933340444,0.2103509962632928,-0.0898357521538374,-0.0258836506672295,-0.0794631439805868,-0.1048287394193701,0.0920012706788102,0.0429866824755222,-0.0219478449765797,0.0101588445129303,-0.089677207553833,0.2223346971889164,0.335884341843728,0.0308341078800253,0.0525489165542296,0.0073560668816943,0.0866194267902262,0.0242115504275062,0.1684858219632201,-0.0400894517588187,0.0523077607635567,-0.0307223620790666,-0.0794181092655337,0.1696516635904668,0.0058338698864184,-0.072610215986432,-0.0897894296244049,-0.1054191031813279,-0.1257632072334341,0.1088683735148987,0.1313305469798762,-0.066838642006869,-0.0439610147793649,0.1185153126928757,0.2570014838849868,0.0801304178882476,0.2255826867835744,-0.1089900793569381,-0.1242845599233771,-0.1504764735855025,0.0323782630958642,-0.0066248407367845,0.0571831317640321,-0.0703863099379139,-0.0221099134538673,0.0017440538676964,-0.0757577465440328,-0.1179755185186749,-0.0947677278441695,0.0531946267892198,0.0145273117566804,0.0989973683003826,0.4962444803412711,-0.2368270776420732,0.0539372519138958,0.1064255246337448,0.3504925778103636,0.2984656101984375,0.0633786446750022,-0.2397959428141315,0.3904290414763831,1.765073500818457,0.0470997179880594,-0.2514942318797413,-0.2569223109916415,-0.0033314604386928,0.1247640763163622,-0.0602889902248984,-0.147559074140978,-0.0847928534115939,0.1587740587612391,-0.0804588687952725,stop,1544,9,43.93515224589157,-0.1282885130209113,0.0353445528678808,0.1526240329755514,-1.0,0.2755083213266306,1.1896936785811316,4.995678139510133,1471,0.7742129319949862,7,0.0513102004365061,-0.0497422412204645,0.1978674939864761,0.0333333333333333,-2.204839006470608,-1.4306260744756227,0.2701070890142432,0.2310674393801662,47.29354813653117,43.93515224589157,82.70244278030202,2.1952620954250186,-0.3105528491894742,-0.1184328701586969,0.0437982791007295,-0.3096062869328986,0.9796605566870314,-0.0011315803029736,0.0,0.0172305681422098,2022-10-21,30.0,11,-0.1250887702319268,-0.1227453814872517,True,False,False,0.6,0.0,0.0,-0.0920566195047288,-1.0518366247655275
STX,Falling Wedge,bullish,1,0.7423361564007551,3,35,2061,2062,2024-11-25,2024,0,98.99921727644272,97.80553890654414,114.95513245982352,92.00478277090474,2.0171605228066145,0.0122046090972329,True,-0.03061217856802,-0.0391460075538023,0.0311930237504383,-0.0095743179759562,0.1529936537560552,0.0155851845731149,0.0396083981025536,-0.0302189321539582,0.0033063866364886,0.0001197491735158,-0.0113592184830442,-0.0074043860747787,-0.0740210657851514,0.103034998448396,-0.0278534401149872,-0.0889590242677869,0.0076964392444287,-0.0101894747589111,0.1137107636020278,0.0012718524380361,0.0126460534578154,0.0503300176083427,-0.0442080116268519,-0.0424843809697341,-0.0491646228736759,-0.0637955577945253,0.063215416331626,0.0851794702457824,-0.0043336977691097,-0.0538001344837233,0.0473105367696995,-0.014947075577288,0.0897903887557476,-0.1067435212552815,-0.011609420807806,0.0619534758431963,0.3835978583704358,0.0081300163566646,0.048235252493086,-0.0252238819047524,-0.064444548505443,0.0373914073094234,0.0629159598139648,-0.1557412764527063,0.0535674634929619,-0.0645167875313318,-0.1253201466450941,-0.1328750145204211,-0.0824573853976866,0.3118312246784542,0.1425362315010871,-0.0659902781001099,-0.0742728044809556,0.1181916360589965,0.0420081541708872,-0.124060360515953,0.0853806366120084,-0.0452184005718445,0.0624290272388543,0.0786870932115513,0.1002434537791847,-0.1117613554539593,0.0608990604677408,0.3428418146810219,-0.0284371013462653,-0.090101055416902,0.2230610173478413,-0.0264505986575314,-0.1712881471354151,0.0228486446231375,0.0185277499666971,-0.1200930691528862,-0.0124199988814728,-0.225527803096332,-0.0795293773000235,-0.1083050594329342,0.1710159749748234,0.1000509595024083,0.090487279519462,-0.1405256669227111,0.0001096385427099,0.0409812701159104,0.0746297370135202,-0.0287453826856927,0.2216819833546124,-0.0294314654487929,0.018832069244546,0.0245865506628597,-0.0177596829214959,0.3417265704456502,0.0013905148508046,0.0066908925038892,-0.0143171272429625,-0.010041971498428,0.222583840511191,-0.0320228609446934,0.4922696976072496,-0.1251430145743501,-0.1720936303538289,1.2692118484871329,0.6039531409690042,0.2135296687209713,0.2260193833883337,-0.2572326841232683,0.0956314429529823,0.0764069083983183,-0.0131535644958967,-0.1382851978684508,0.2786146429874085,0.0819794371024973,-0.2678525991090007,0.2160627306327829,-0.2069803455113773,0.8678232063333673,-0.1858832297984811,stop,2077,16,92.00478277090474,-0.070651412182451,0.0313971655662444,0.0953701560931222,-1.0,0.4443954423043097,1.3498690705125218,2.2812301939130872,2026,0.5080120823375498,5,0.0327357630468238,0.0350097265624163,-0.235925296611319,0.0,-1.1166542982719452,-0.6086422159343957,0.7434905910874997,0.1319527025971449,97.80553890654414,92.00478277090474,114.95513245982352,2.20564274656314,0.0446364070193971,-0.0313024569086172,0.0224024856374375,0.0607226973450061,0.2131793261297634,0.013852675204562,1.0,0.0287520567555688,2024-11-25,15.0,6,0.0705697516757708,0.1353264068672404,False,False,False,0.0,0.0,0.0,-0.0491320912049979,-1.0103879953715655
NOW,Falling Wedge,bullish,1,0.6809904007943457,5,59,770,771,2019-10-09,2019,3,52.00400161743164,52.75157516881039,60.0610510173596,48.60918513126444,1.1178489635155104,-0.0141715872746251,True,-0.0208446160828318,-0.0456404718749895,0.0287301199776786,0.0213953062545422,-0.0131746318400964,0.0644654106186357,0.0052489020084083,-0.0109904409278016,-0.0146859832848958,-0.0057921660676119,0.030181332732913,0.0008481958366575,-0.0557742017737918,0.0237382918467847,-0.0126210060152835,-0.0072563607670125,0.0067286409783771,-0.0935187657450035,-0.1149214317710173,-0.0039382493518803,0.0087809483922944,-0.0275589867617496,-0.0123388622998391,-0.1538728264592276,-0.183751641170259,-0.0850167702068428,0.0463544680956093,-0.0191333346896701,0.1200308058748036,-0.0612799600251443,0.0961513825530091,-0.060275256711113,0.0317472215934921,0.0799578608341988,-0.0534188456740989,0.1026311375195565,-0.0787062157406001,0.0909937371469986,0.0617213007920234,0.02579831328128,0.0535763942988578,0.0060901434989291,-0.0294061346354398,0.0003924736680336,0.0386854717988924,-0.1722175361228664,-0.0718021891303137,-0.1264768215784391,-0.0962417087602079,0.0089800564235296,0.0184268091686277,-0.020833736359197,0.0959821223192236,0.1325749751748806,0.0951985129238974,-0.173247604124799,0.203720063686543,-0.0048795033650226,-0.0287384620079627,0.0768545679505865,0.0068209629199518,0.09591671968818,0.1045357763563663,0.0200691444775482,-0.0964908677341621,0.0423922773955993,-0.1219010443613834,-0.053887753089328,-0.0870647545644573,0.0504191552900243,-0.021151916171189,0.0260340073391109,0.0382028415209889,0.0660091143962113,0.0208983076729607,0.3775283891811574,-0.0753550895170404,0.1657731443963641,0.0567161569235894,-0.0481435659292255,0.1557049386538997,-0.0303637239472366,0.0454954183253581,0.1303467455445832,0.038559314945038,0.111329312809927,0.1166816678837734,0.1224925600175386,-0.0098337881944999,0.1180404452975365,-0.0024904073091123,-0.0207621342105217,0.1263364258611585,0.0093940156799088,0.1989630352628335,-0.0585346789761959,0.1683748095927244,0.1045321193128763,0.0588723592616142,0.1045897635600561,-0.0312413558584129,0.1068935800105967,-0.1031132104261866,0.1321958035627739,0.0415429578482753,-0.1299096858191435,0.2136865424539415,0.4177313674702172,0.1167355348207552,-0.0509327029574081,-0.3176111375175655,0.0895589375120093,0.0384707295599155,-0.1382268734210913,0.0782075310985292,stop,777,7,48.60918513126444,-0.0652799088643453,0.0633796922759131,0.0746096636304746,-1.0,0.9708912493676904,1.1429192369970531,2.373338715879895,708,0.5249714387595896,6,0.1578876347667563,0.2410567484956753,-0.0967469145207984,0.0,-0.7783986839019122,-0.2534272451423237,0.8402938209323847,0.1506339810952644,52.75157516881039,48.60918513126444,60.0610510173596,1.6627140045166011,0.0472541206080765,0.0035189288250745,0.0317287616559589,0.0753509193607007,0.6287131984967769,0.010498582548746,1.0,-0.0254287630911896,2019-10-09,25.0,14,-0.040683052863787,-0.0146639967846168,False,True,False,0.6153846153846154,3.0,0.2307692307692307,0.0642839530265395,0.8533623460374907
NOW,Falling Wedge,bullish,1,0.6503718311289447,3,40,1432,1433,2022-05-25,2022,0,90.02799987792969,85.3651142529252,120.56909116670433,77.31822908841639,1.5966639797525917,0.0546228475860641,True,0.1214288801413541,0.0744728796713287,-0.0315495681352525,0.0313925400448282,-0.038404021639081,-0.0624527586091969,-0.0158230573443373,-0.0574235842413021,-0.139613331543245,0.0266972822380866,-0.0156785352614252,0.0074657670141824,-0.0321109767108286,0.0237206822137789,-0.0050776982708747,0.0377631636034296,0.0142815728844409,-0.0509461699126139,0.0258728907246792,0.0342424166490173,-0.0509461699126139,-0.0400459564168892,0.1383606557726149,0.0934820320080676,0.0865338344278376,0.0188658482382653,0.0448340564742635,-0.0698351617564433,0.0346154013832846,0.0085887119237293,-0.0196756929964632,-0.0024325581243704,0.0509853657291772,-0.079044244756169,0.0580170098257137,-0.0653338074606426,-0.0671115974873506,0.1210839909912773,0.0220701832148917,0.1254871713170575,0.0606177542390173,0.1036882749751175,0.0536591583774477,0.027159127714549,0.0031786587694861,0.0720111494784756,0.1198516120557791,0.1371716324122545,-0.1822903870032414,0.0764520045404444,-0.045920644687151,0.2542838454863256,0.0978566285383557,-0.0285063297696345,-0.1386043744795658,-0.0357782927599351,0.0379325424803924,0.2483582308333971,-0.1162500381469726,-0.1100869570590399,-0.0838048388126451,0.0232070122549092,-0.0060806468172365,0.0538514822257749,0.0180201023109944,-0.0246483100639595,0.0615368345319553,-0.0130377577463515,0.1155271067629382,-0.0225263238179175,-0.0190363985519809,-0.0743988556429459,-0.1194858251145132,-0.0310506139417576,0.0230366671952793,0.111759368416094,-0.0921460645496455,-0.0244299579610848,0.1166979948532282,0.3704503998723352,0.0608266305759221,-0.0594318563544583,0.2239223591332297,0.0335162824062573,-0.0713478585948115,-0.091027594304314,0.017992399655166,-0.1744783855388901,0.0932011295137178,0.0562483330052048,0.1420312973183073,-0.0481206163150335,0.0212600687279398,-0.0200410226074259,0.3707608469910466,0.0697415793297462,0.2638074213032511,-0.0271809169224331,-0.1062237681802475,-0.0389384343073918,-0.00405535797354,0.1449873788298146,0.1094936918455777,0.1917103541516442,0.1826738925153876,0.1342053039386255,0.0092206803661336,0.0448473774126374,0.1967612815351398,-0.0919870615374215,0.1112946192763257,0.0171428360962513,0.0777317000253767,0.1215810512864077,-0.0676186550711767,time,1492,60,91.94200134277344,0.0212600687279398,0.1587062028872514,0.0947260839904577,0.1505929175703918,1.1241746409737805,0.6709798326942333,2.402961610761208,1392,0.491792923992764,6,0.0882520171591341,0.0428297600161424,0.401847740998597,0.0277777777777777,-1.6764763981541009,-1.1846834741613428,0.7792041270054597,0.1536925248794581,85.3651142529252,77.31822908841639,120.56909116670433,5.605715070452009,-0.2309901304697501,-0.0965991144242833,0.061970362589322,-0.2898682899009318,0.8513858045780682,0.009055190438068,0.0,-0.0476910448791666,2022-05-25,28.0,22,-0.4049979257570916,-0.3322103900299151,True,False,False,0.8571428571428571,2.0,0.0952380952380952,0.1698005832200388,2.417894704802018
NOW,Falling Wedge,bullish,1,0.6142802684169862,3,24,1590,1591,2023-01-11,2023,0,81.96600341796875,76.63585193340589,89.01245762751648,70.54155457267422,0.9412644688370702,0.0695516700094178,True,0.0453845916134187,0.0656280770785798,-0.0810982662161134,0.090577574070195,0.0620265341765062,0.1732401622891235,-0.014619082786364,-0.1176933220275285,-0.0575775020661692,-0.0223139796668917,0.0385700940553477,0.0824489982760681,-0.0872853503555738,0.0082729762212059,-0.002139354979616,-0.0534999731815222,0.0644654106186357,-0.0660206116351884,-0.0724343785251697,-0.0118092184871255,0.0501634562853843,0.0689964814856995,0.0427710592358736,0.1299074561537414,0.1095379448265894,0.0163004254435565,-0.0113163053272888,-0.0978411342374645,0.0399472181624724,-0.0293097155542876,-0.0138175152568352,-0.0384033404597548,-0.0284785872439156,0.0320549160339924,0.1228628157637883,-0.1184920659140934,0.0884560419254423,0.0930172243443629,-0.040636292218746,0.0458297729492187,0.0078059488276687,-0.0903814222681193,-0.0333769156222351,0.0482110392692525,-0.1382739508725305,0.1371995482665172,0.130468728475253,0.104200222430155,-0.0068384218190955,-0.0122422954709068,0.0403616464642884,-0.1418864133543941,-0.0449111463342772,-0.016051640583733,-0.0550722174852374,-0.1396724437845165,-0.0088510571429482,0.1648326521209977,-0.0470132833387838,-0.0934912959953222,-0.0534689434043446,-0.0176868177650475,0.1046075126195218,0.0448484537223972,0.030000078307572,0.0118214062282018,-0.0518153676111711,-0.0343964270484326,0.1468150295590146,0.012810133208631,0.0399360741975304,-0.0164613779563481,0.2173373749349303,0.1250032043656277,0.0492501886368448,0.125127497935455,-0.0389653554913188,0.1797148232325505,0.01720563176526,0.0728727088121539,-0.0810535147810908,0.0379808146396349,0.2379781206195641,0.218376178430881,-0.1725144536504593,-0.1099376628183643,0.1260999681460206,0.2827092887529299,0.0456666734483506,0.0476834931575211,0.1078499794006346,-0.0607860458704078,0.1532586186483147,0.1166960787741202,0.3053487597909634,0.0822770624080526,0.2340004137318796,0.1186936709971446,-0.0532086385299263,-0.1211277945134953,0.0482481339675562,0.0650179997151096,0.4724802548976874,0.3759815598389233,0.0688801538199128,0.0724885177107907,-0.0952065838269951,0.1155763820152913,-0.1023210831598788,0.0744123206467943,0.0867759580993607,-0.1192701218741157,-0.1101495483618442,0.1012872186538664,0.0722493868469607,target,1597,7,89.01245762751648,0.0859680100982329,0.0999194113472696,0.0341117674698104,0.6167872345500504,0.7168831444665273,0.2447387429263204,0.6167872345500504,1566,0.4429106350651535,5,0.0764111104728758,0.0757429643746812,-0.0938968737423003,0.0,-0.8775088214230284,-0.4345981863578693,0.9755678250337686,0.1585663671306727,76.63585193340589,70.54155457267422,89.01245762751648,3.070857456752232,-0.1046612084763328,-0.0001686385704857,0.0389920461331969,-0.0685716121271224,0.9869281511347932,0.0104505517708632,1.0,-0.0040452117957777,2023-01-11,24.0,14,0.021893800509094,-0.0531399862731279,False,False,False,0.4615384615384615,6.0,0.4615384615384615,0.0056612856026784,0.0819204560863226
NOW,Falling Wedge,bullish,1,0.6493028516661026,3,25,1880,1881,2024-03-08,2024,1,150.39999389648438,152.51148986816406,167.1677474975586,144.70167386265592,1.2690479141759266,-0.0138448321074361,True,-0.010757953999213,-0.0125878065345188,0.080358572418721,-0.0700738217833539,0.0017784486018728,0.0602021974713593,0.0742128456631858,-0.0699064697981729,-0.0498318230045017,0.0421381182685232,0.0815446342497019,0.1731245922155877,-0.1290777418348524,0.1129328422943978,-0.0029744641533492,-0.0530884309489814,-0.0552645519343885,0.0446405710237922,0.0385700940553477,-0.0087700256154216,0.1106440494607789,-0.0057729410973066,-0.0295272887768601,0.029454841185827,0.0052629639730883,-0.0233254671362435,0.0251191538372388,-0.0672640081554737,-0.0659368414627877,0.0216955852939886,-0.0213439092755443,-0.002252303724811,0.029158840764587,-0.0765655474781993,0.1720827788907526,0.0506924983050804,0.0148951709662745,0.1543704586618997,-0.2065656943924994,-0.0440832178583581,0.0238042084515806,-0.032574331583805,-0.0036271089887888,0.0343783572132638,-0.0082612932080433,0.0307349747298214,0.0446808609934405,0.025382018089364,0.0077269456438369,0.016178312729346,-0.0133825452753725,-0.0415948727790523,0.0914698086965648,-0.1266238819187036,0.1129554219433426,-0.0491639227677236,-0.0125493734272035,0.1568076112099541,-0.0166124941713363,-0.0473508699404001,0.0697964180754362,0.2335853973444515,0.1574425749491148,0.0245425823093119,0.0891615523916906,0.0200691444775482,-0.0176868177650475,0.148740005493164,0.0045053111324944,-0.0338297715625264,-0.0489039682380394,0.0465872027280991,-0.0333196634149572,-0.0708576486108938,0.0677983509857218,0.0842854215413975,-0.1113769600770163,0.2511274575598197,-0.0225026938829271,-0.2559118249954552,0.1419099920754531,0.1144667824686953,0.0332002787663505,0.1906365477013407,-0.0234947287258292,0.0495652540780202,-0.2512982686360677,-0.0772101766482754,0.1708431617886412,0.000773164058391,0.2133850863742072,-0.0597601083192622,-0.1063829830406263,-0.1446838656526327,0.1686923360536079,-0.0181528021627214,-0.0006583601347132,0.1319537520179421,0.3549742012214121,-0.0633496986867484,0.2070899619796986,-0.0208734929371167,0.0642212476230259,0.0137488636356994,-0.1106499671936035,-0.0282149418582627,0.007882361318551,-0.170581817525843,0.0813716647361908,0.433749816570949,-0.0713200562068273,-0.1114174749491022,0.0609743167192509,-0.0189873498619834,-0.1519056110585966,stop,1909,29,144.70167386265592,-0.037887767719927,0.0741622833155483,0.0578058550329758,-1.0,1.9574202382090364,1.5257128754664744,2.942578426892724,1854,0.4762895541860414,5,0.0838504240864239,0.0875866987745332,0.2400524064583253,0.0,-0.8326873004583341,-0.3563977462722928,0.9315981043763168,0.1057816940787738,152.51148986816406,144.70167386265592,167.1677474975586,4.785285949707031,0.204468842014255,0.0082661911771275,0.0315785430018921,0.264232776226617,0.2724926119921529,0.00132805185223,1.0,0.0268903435243546,2024-03-08,4.0,17,0.2129228844018316,0.1695965919304451,False,False,False,0.0,0.0,0.0,-0.012154028466398,-0.4218506064634218
NOW,Falling Wedge,bullish,1,0.787553772606298,5,60,2155,2156,2025-04-14,2025,3,160.19200134277344,155.74620369153126,256.3923547206782,132.5535224176219,1.507612418786645,0.0285451429689256,True,-0.0426113911500128,-0.0195973620224584,-0.0034807645357572,-0.0374661623579661,0.0984642873759997,-0.0640683035969816,0.0109517402173446,0.002286817101071,0.0297957758370361,0.042505426762244,0.0625563734448027,0.0148642823281663,-0.0462725990898656,0.0102692383986253,0.0048480982953282,0.0168405869417875,-0.0116935087540384,-0.0209259259021404,0.0412733656316333,0.1483728854666179,0.1830412020716674,-0.0019381317725279,-0.0666226253431652,0.1771624341098401,0.1500160069308707,-0.0323547601322895,0.0790389098042734,0.062761413958829,-0.0059596171712822,0.160253941654916,-0.0024837248159117,0.0947046150907786,-0.0406372788492329,0.0009159911291651,-0.0523601108007889,0.0715854949591228,0.0805083456012285,-0.0622565928368542,0.030911659508692,-0.0513196673494502,0.0864966358564636,-0.0264891594010479,-0.0700697157658943,-0.048058231032507,-0.0441010500230192,0.1656080791405805,0.2943467364325971,0.2069414259236801,-0.0256436916915737,0.0932418791399485,0.2542838454863256,-0.0664423420808657,0.0392550566639988,-0.002477414818947,0.0639738421650732,0.0587108184641478,-0.0109216433823611,0.0216812808911635,0.0357066721195984,0.0274530950918923,0.0362455133673138,0.0730157389851411,-0.0004735073485067,0.3005332946777344,0.0382968752075669,0.0760275618338575,0.027759112953231,0.0118214062282018,0.2417443667349501,0.2539077833520966,0.1395971510687521,0.0565789254913697,0.1376005759302525,0.1292707083325537,0.0439688082625551,-0.1838473169115738,-0.0319000244140623,-0.0347340666319111,-0.0152794493961078,0.1364984930814026,0.1199662005884738,0.0417684503191295,0.1343807843238269,-0.1135838968826808,0.0771968127148412,0.0559438967034495,0.1605008662529459,0.3531914568961936,0.0156193353226277,0.0049095247077477,0.1540877515773424,0.1918008915386778,0.1720684873793894,0.0130942984136672,0.2636260686986631,0.0119814696135345,-0.0047387651112903,-0.0440147026173427,0.0303536821447614,0.4167781349555068,-0.3958803379523591,-0.0521255866938664,-0.1756511225812727,0.0177256185848999,-0.1318908834137755,0.1651567471797059,-0.3164712987196749,0.4196484292835583,-0.1144412730513949,-0.0246440494378026,-0.0436150434261735,0.0390999909043885,0.0086173014507864,-0.3375017583871725,0.1854678563082054,time,2215,60,187.7559967041016,0.1720684873793894,0.3201532851422362,0.073099821562317,0.9973050773153956,1.855601229803109,0.4236849193321878,3.480667428856252,2092,0.5738078526667374,5,0.0254824938715128,0.1075322719851923,0.2039599505227884,0.0,-1.7048364119696862,-1.1310285593029576,0.6846522092267454,0.2809174136795355,155.74620369153126,132.5535224176219,256.3923547206782,9.627713884626116,-0.133491210408613,-0.0928339325275082,0.0601867520991381,-0.1532980698389704,0.5140163551753739,0.0210648077565849,0.0,-0.0465629543261868,2025-04-14,17.0,12,-0.044019743277025,-0.0462698435288074,False,False,False,0.2727272727272727,2.0,0.1818181818181818,0.0046890753546395,0.0419047957520655
SHW,Falling Wedge,bullish,1,0.7649758740256545,3,35,683,684,2019-06-06,2019,2,145.80011072432532,132.16203510451385,147.61490414619618,130.3814059730483,1.6335597419795804,0.1031920824238705,True,0.0267067269297929,0.0139411726473828,-0.0311659716927533,0.0010174728387275,-0.0141332893439238,-0.0317378792833843,0.0557931953974877,-0.0014675471231798,0.0136026301541998,-0.002146261707262,-0.0257011874162428,-0.0195346258231556,0.0096906637938585,0.0014468181864695,0.0337098469550325,0.0262759683998166,0.0045674652422686,0.0678584508445319,0.0007318770637065,-0.021244945276183,0.0486449378732849,0.0496098380606588,0.018415854072595,0.0109528241038194,-0.0237760070910613,-0.0526213239804423,-0.0753223119986499,-0.045550858094067,0.0390606856070989,0.0260079925015981,0.0010679787535941,0.0431459882849227,0.1039140949048835,0.044197026435913,-0.0177262126771357,-0.0113156412432686,0.0465444560222758,0.0068835321055362,0.0796170411568406,-0.082429564975982,0.051375684081814,0.0070358347076744,0.0560984949202143,0.0672858727653256,0.0027847854482909,-0.0035498536325023,-0.0008785891491259,-0.0497775523049285,0.0366901987024639,-0.0154569003422442,0.071742127288515,0.0773379177081214,-0.0285506703207093,0.0737801348811633,0.0100344989343621,-0.1472299810974363,-0.0826878710536807,-0.0440322205970199,-0.1539637542266557,-0.094153151495046,0.1045752493429796,-7.552317085468552e-05,-0.058926046572334,0.0762525171360892,0.0574195980252025,0.0940062762178797,0.1002230373685744,-0.2629409298416578,0.0084191855064883,0.0941379647028755,0.0657630761757481,-0.0974837926870672,-0.0926978188247313,0.0217149893034809,0.1131039991083004,-0.0979540549703714,0.1177104176696939,0.084756542386603,0.1810967951523996,0.2392075052330122,0.0748099325714259,0.1168584653573263,0.0366035320105302,0.0816399229959863,0.0810255052349242,-0.0371519004931217,0.0629944257314418,0.0942625130272556,0.0113594440951574,-0.0776577982310244,0.1195746433410573,0.0424493013022615,0.1315138063836292,0.1037362889596058,0.1562178431859933,0.0218277846482408,0.1309428587323811,0.2156227508569843,0.0901635750909179,0.2892382923859335,-0.1860738075763531,0.2806102308826987,0.0333160012889293,0.0953890764785427,0.0469354991310924,-0.0322424311217837,0.1691329293644978,-0.1023048945635016,0.1247856388876107,0.1647716800670495,0.0924776055971807,-0.0213129509255682,0.0995257828591116,0.0681899628906981,0.0446531349755963,target,684,1,147.61490414619618,0.0124471333585076,0.0266638147398825,0.0037723926946194,0.1177007700157532,0.2521344823783459,0.0356719504941298,0.1177007700157532,646,0.8162551452968699,5,0.0132347364498907,0.0087964941087514,-0.2080251491644784,0.0,-1.346644615877327,-0.530389470580462,0.190104071044191,0.0810004414491529,132.16203510451385,130.3814059730483,147.61490414619618,2.7368923182466625,0.1019740640866242,0.0595152345366838,0.0187711334189759,0.1210779304430056,1.0,0.0005111416230756,1.0,-0.0094940630138775,2019-06-06,22.0,16,0.0485816151972609,0.0458446802821519,False,True,False,0.2,3.0,0.2,0.0749837412369857,1.990065520312057
SHW,Falling Wedge,bullish,1,0.6673302743433444,3,51,1383,1384,2022-03-16,2022,1,232.67492328818824,228.0805870679219,337.0313550711189,222.1906565255617,1.092055798925032,0.0201434777037738,True,0.0211537826853531,-0.0055735964136689,-0.0139522712450272,0.0433306025260231,-0.0083867858190387,0.0246271179392898,0.0548642372891341,0.0217083341619324,-0.0060145349372646,-0.0022667315850883,0.0530447836544984,0.0138973557145314,0.0370306625836678,-0.0258815767875504,-0.0070438871724292,-0.0060077362663522,0.0519760284745614,0.0129760215730732,0.0369897926521012,-0.0227946118674614,-0.0329770393304561,0.0241803265484548,0.0086887782800232,0.0432972161369504,-0.017901066556643,-0.0074627043426138,-0.036233758843897,-0.0170938906144246,0.0026313702074978,0.0164211814989105,0.0049185453650275,0.0095615073376482,-0.0140626543302789,-0.0088389794440862,0.0465444560222758,0.0137420684088072,0.1057184197160059,-0.0233467374068334,0.0479782172425717,0.0726844501721286,0.008397043074815,-0.0847620255231306,0.0705993845418428,0.0380323732177141,0.0372100829142505,0.0291652986762389,0.0655230834734741,0.039929342547841,0.0500966023307258,0.112501769849606,-0.0063331032709843,-0.0667268072576662,-0.031598566983697,0.0082870977724534,-0.0147701833797799,0.0112292101295818,-0.1336642350990141,0.0778889422004098,0.0246871777606192,0.0253815681809497,-0.0426499993132606,-0.0368981480757918,0.018655758166141,0.0247106091173958,-0.0714842423376189,0.074784074786298,-0.0808071557895243,-0.059231956198622,0.071320162844063,0.1320770674455857,0.2244018185365029,-0.05313062498838,0.1064992893735876,-0.0021555002640543,-0.0633843095308575,0.1989593367596207,-0.0158758547849156,-0.1053128803951024,0.1602822140204771,0.0118586281048884,-0.0998250043460444,-0.0979540549703714,0.0025050291368986,0.1494684226430076,-0.0138181444817694,0.0530929452662602,0.41032460115264,-0.0060910838751087,0.2150186611411138,0.0450462676363065,0.0236628455528524,0.0861185282880333,0.0226096555933585,0.1208109984717802,0.2300040297245547,0.1516287061993222,-0.0584417473685711,0.0015830512866046,0.0900487947939638,0.1228665819826422,0.2383253695496134,-0.0826054892025038,-0.1630619673606351,0.2032667114355015,0.0398769192899128,-0.0700098568471143,0.1019901122417332,0.04537324536775,0.0047582967297357,-0.0337758556769851,-0.0815284211062125,-0.0938367963066849,-0.136797000553037,0.1050682843939601,-0.0081269928353189,time,1443,60,237.9356231689453,0.0226096555933585,0.1752092910176405,0.0074636687873802,0.5017708915524742,3.8883795376353554,0.1656394864677291,9.953622331981512,1331,0.8435924199241804,6,0.0993715213512667,0.1625126967507109,-0.1581088385059597,0.04,-2.167792428378278,-1.3242000084541017,0.138920041282308,0.1439831308865301,228.0805870679219,222.1906565255617,337.0313550711189,7.697479349162175,-0.1763705331960051,-0.1279149598621266,0.0328293997752394,-0.1805463178844395,0.4748491007448221,0.010476738744936,0.0,-0.0234924338962436,2022-03-16,34.0,9,-0.0888384885759488,-0.0787217594513085,True,False,True,0.5,1.0,0.125,-0.0742150792497446,-1.360403898234307
SHW,Falling Wedge,bullish,1,0.7281665042796389,8,74,1647,1648,2023-04-04,2023,2,215.5062641311104,211.59641864085813,256.2217480242805,196.56398041363184,1.0121015851372082,0.018477843412314,True,0.0151978413375588,0.0148548029728177,0.0018628378100364,-0.04881357566164,-0.0198213051449359,0.0050884781406304,-0.0095121942309648,-0.0159913862440659,-0.0114845049540875,0.0245111132435673,0.001712354719221,0.0137929036476402,-0.027650089667022,-0.0140116328135103,0.005884214488415,0.0274549251943798,-0.0449741724429583,-0.0180067408813408,-0.0400745294787404,-0.001940028580295,0.0155520306713898,-0.0091378188437336,0.0234757973889595,0.0503145518622507,0.035041636969809,0.0762720831197116,-0.0066130772506841,-0.0123929390138669,0.0254193885673426,0.0011653835626326,-0.0110706428642006,-0.0131196737894216,0.0666214334745596,0.0826280996976764,-0.0221037173885612,-8.33389652807881e-05,0.0208573061917318,0.001678671069583,-0.0356743126480992,0.0021656486466214,-0.0582593123624363,-0.0550450465351328,0.0473290331663827,0.0435519893930278,0.0422609906724462,0.0405351535250491,0.0410071026949609,0.0407375667477742,0.0800381958637013,0.1137626099266979,0.0069736865541725,-0.0945525510637531,0.0380698633777938,-0.0170745954562622,0.0438977252118049,0.0938890818015667,-0.0246379656638034,0.0805914524750492,0.0421789842936988,-0.0194583388352221,0.1029348024542524,-0.1194591147174701,0.0589450427921764,-0.0250523526981365,0.1221572459110584,-0.0111413016521293,0.0743704096731889,-0.0024245414093319,0.0138066857530083,0.0589745657090403,0.0248738857448258,0.1567934498527681,0.1597684367929135,0.0674704966902619,0.1293194408113644,0.1359755069015886,0.1597684367929135,0.1703931659261919,0.0556659762577902,0.1115557423494477,0.1696448633287073,-0.0062998372636412,-0.0428492980012988,-0.0156461344161318,-0.0281421274559314,0.1288333928196408,-0.0937964669272523,0.0619728092541427,0.0683090053427613,-0.0728869565243787,-0.0760558566278074,-0.0030151365861621,0.197066274624718,0.1063193158236512,0.0461831799505811,-0.0586144582379596,0.206827247947352,0.0834158920974674,-0.0653623512901971,0.1605303317141877,0.0660259862866223,0.187780774829017,-0.180593344615489,0.0313893015898751,-0.0237087348100835,0.0475668271169282,0.0861706309774348,0.1652506876953205,0.1210130840890588,0.0777352626210259,-0.0078034742888493,-0.0460134480155823,0.0648408898935888,0.0922127739387197,0.144323921650267,target,1707,60,256.2217480242805,0.1889294682793978,0.2015296691049003,0.0098021173298069,2.149449585933556,2.292802005721261,0.1115186382924008,2.149449585933556,1571,0.4974777227822256,6,0.0368144665128453,0.087393963175522,0.056436410402892,0.0,-1.2510912673687935,-0.7536135445865688,0.8471559164091141,0.1310265113028803,211.59641864085813,196.56398041363184,256.2217480242805,5.07896310639176,-0.0334507052096181,-0.0083541068446006,0.0234789088412136,0.0467688363209237,0.0650568375195691,-0.0021179337014269,1.0,0.0300291961759766,2023-04-04,34.0,7,0.1006823544530703,0.0183797167973513,False,False,False,0.0,2.0,0.3333333333333333,0.0179570698652896,0.3109794747103692
SHW,Falling Wedge,bullish,1,0.62644931555346,3,35,2095,2096,2025-01-16,2025,2,354.3928739391611,328.6088558795718,404.9847614067767,319.4057023449145,0.9971210073485708,0.078464160652562,True,0.0001388394100894,-0.0183046501653434,0.0178362132673957,-0.009189944109863,0.0383963817173094,0.0249055408750855,-0.004149730285387,0.015645667778565,0.0160977161478095,0.0271874973435781,-0.0266106713565429,0.0151091539399468,-0.0122283766696905,-0.0208814237225725,-0.0522127383350448,0.0051029235044548,-0.021244945276183,-0.0581882341027942,-0.0052811307970243,0.0277741240757101,0.0114632043476645,-0.0108486585304952,0.0012047109194933,-0.0053873299985255,-0.0135286856711903,-0.0010147320456057,-0.0166124049838711,0.0437998051050683,0.054293433800109,-0.034992488036603,0.0069582847670157,0.0580199870466462,0.0382890860079112,-0.0281603703479351,0.0299042118041323,0.0457267700804522,-0.002987355497342,-0.0461922572357235,-0.0004190835698297,0.0709542451785014,0.0957091137536449,-0.0738911404592,-0.0053385883087003,0.0277072034083198,-0.0156959367829672,-0.0176902191827267,-0.0089975011938192,-0.0303388786543228,-0.1116851245479811,0.0447429106693937,-0.0242815095772377,0.1321162637822297,0.0434058008952671,0.0970825777681763,-0.0069346235817361,-0.0754828823559861,0.0911383663833083,0.1408229381361054,-0.0643383957606201,0.1202682035520845,0.0692349660201696,0.010279790983827,0.0565734289440746,-0.0334104545418799,-0.0408198964187589,0.1212161902296597,-0.0270569273359638,0.0665079520508022,-0.0394664799585659,-0.0474924456116829,0.0024439651237123,-0.1004449423204818,0.0301531108588317,0.0656908967723111,-0.0411995270591076,0.0816897225512263,0.0040679635205322,0.0538305557054943,-0.0401930841446489,0.0660983357211426,0.0539187868887591,0.0730058290479163,0.1291722782642816,0.1618004987535226,-0.0029956756108059,0.0664693797620568,-0.1328029659606855,-0.0062998372636412,-0.0317209462864787,0.0166905886552521,0.1775047760772041,-0.078714232808317,-0.0509156670487239,0.0432585112005723,0.1586508480753381,-0.1102052551594814,-0.032073263830913,-0.0490574768794614,0.2372212359333911,0.1890525063877255,0.0584061665477515,0.1180235080229263,0.11240879009125,0.2806102308826987,-0.0232362389902209,-0.0495780330699535,0.1514022361274256,0.1596781171922061,-0.0094099904039588,0.1921958242633676,0.3081246273995961,0.0344763207839351,-0.127165824681528,0.021420747664745,-0.1319629208665659,stop,2150,55,319.4057023449145,-0.098724252565679,0.0274923156932192,0.1184329855159323,-1.0,0.278475804868001,1.1996341571402782,1.4460125000768862,2058,0.7673638650883756,5,0.0457720589147043,-0.0020225928222808,-0.1048771268547363,0.0,-1.693509368737864,-0.9261455036494832,0.2659295226478986,0.1197765872047833,328.6088558795718,319.4057023449145,404.9847614067767,7.39378789742491,0.0328575293245787,-0.0334218609675884,0.0212125735222615,0.0912714420323932,0.8985107791628447,-0.0014123625014117,1.0,-0.021685822118629,2025-01-16,42.0,8,0.0507157675707874,0.0283139477862792,False,False,False,0.1428571428571428,1.0,0.1428571428571428,-0.0211906824076949,-0.6239716134946738
SHW,Falling Wedge,bullish,1,0.6408323417878031,3,35,2287,2288,2025-10-22,2025,1,330.564317831451,330.40581408306025,377.0384721365763,321.8598106154536,1.2434426544025348,0.000479724452884,True,0.0360503046842959,0.0072081351062531,0.0202896004906867,0.0433806098840237,0.0075798936554638,-0.0321907654938673,0.0289844665429597,-0.0072605562752174,0.0165767275282844,0.0005779766946378,0.0230969714962421,0.0492492714247934,0.0213010569706515,-0.0481697850021736,-0.0594804753344756,0.0308409027933669,0.0125932187423378,-0.0198213051449359,0.0307039242991886,-0.0061706347513956,0.0363585045118537,0.0087055609597854,0.0281930464846854,0.0062030887921753,-0.0079561244947437,0.0614495876935787,0.0235772196458312,-0.0467035122875221,0.0455580502068673,0.0731390581216955,-0.036872791456861,-0.1586606355031052,-0.0029258792921922,0.0522340623559665,0.0206602223309866,0.0235028821504779,0.0053674400566803,0.0605593126962415,-0.0153220736570395,0.0539140819545198,0.0067265139686347,-0.0425144458201831,0.0336506901559041,0.0117564121534043,0.0059189186934285,-0.0025476669161903,-0.0094376119412763,-0.0012205289228717,0.0165463841226489,-0.0382688570742776,0.0564241805582168,0.0006735591132984,-0.3018441716946616,0.0432255358561766,0.0015646954809307,-0.0083437600556137,0.0076538632553677,0.0204147134810672,-0.1266056385305417,-0.0119841901514607,0.043062084281231,0.003320266080879,-0.0254274008225019,0.1243708030742456,-0.035685255025987,-0.0653088106568604,0.0285309040787269,0.0720240521161841,0.0003452401843702,-0.0227140067480983,-0.0352116398652898,-0.0084734607958382,-0.08990809556107,0.0412485581842243,0.0442119696287226,0.0412485581842243,0.1104375084354334,0.0175970420210838,0.0781435325681709,-0.0170118341076742,-0.1517551175848509,-0.0643267107794167,0.0331716511554278,-0.0651494088290306,0.1679246526915068,0.1343465776450936,-0.1971837634144737,0.0583631296447983,0.1449854791670077,0.0540932135823002,0.0346533804727862,-0.0410448498635196,0.0421660190970094,0.0250101769691488,0.0871078264204689,0.1212278805115223,-0.0858973538199346,-0.0563238619176417,0.1487368436512484,0.2261947528795991,0.0654213026416405,0.2238735978088897,0.1347519977240756,0.1212835732147614,-0.1215771650658511,0.0696693869034958,0.1651928445834849,-0.0838465448601345,-0.0238268441139705,0.1851479108079663,-0.0120036042589501,-0.0484369897281304,0.2214428699287143,0.0003293893613995,-0.0247573715366232,stop,2306,19,321.8598106154536,-0.0263322649979288,0.1046447990407727,0.044160429280022,-1.0,3.9740143526963374,1.677046364355494,5.339090789621494,2251,0.5855203044595199,5,0.1257718954591933,0.0642667249270874,-0.0556523596637117,0.0,-1.9498665847823848,-1.364346280322848,0.6102894052964595,0.0630696505220215,330.40581408306025,321.8598106154536,377.0384721365763,5.974044900199568,-0.0407222945156752,-0.0507443840122615,0.0180663084512418,0.0121227740166516,0.1131731155856551,-0.001950193638508,1.0,0.0101347354204963,2025-10-22,42.0,8,0.1699697308103347,0.0397886434974146,False,False,True,0.0,0.0,0.0,0.0019015633629851,0.1569360799975805
SHW,Falling Wedge,bullish,1,0.6592454394495197,13,147,2453,2454,2026-06-23,2026,0,326.56518655423986,321.439771828077,411.0679018199594,286.7338038778525,1.2898660559140145,0.0159451790828926,False,0.0519369948808232,0.0361582812625451,-0.2511659987994734,0.0188692685004301,-0.0621076036340699,0.0202415064911178,-0.033678761902617,-0.0134825121239993,0.0126386773163049,0.0151761131239476,0.0249787959921374,-0.0325896469244628,0.0044272717639017,-0.0382608742450294,-0.0569655624565511,0.0141453726580844,0.0054622334553886,0.0372310521933498,0.0096456937634201,-0.0069182747416918,-0.031043611099406,0.0244383206201448,0.0688849218832769,0.0099291728558332,-0.0039860327996137,-0.0058627250028203,-0.0736964339195033,-0.0434658506539672,0.0435519893930278,0.0317771398145683,-0.0597670295751986,-0.0317776827768385,-0.0272310403368573,0.0281610080311254,-0.0574456399141912,0.0171984962138536,0.0392821205888938,-0.0133546523048546,0.1283411391373248,0.0729759028967613,-0.0754090820641518,-0.0479821166291505,0.0492328725563016,0.0736724156183508,0.0345722574988986,0.0057905184272546,-0.0226384046129679,-0.039287602103218,-0.1200847497577318,-0.0397672768783038,0.056712635711634,-0.0505385705919244,0.1201974656245179,-0.0245953484233242,0.0511273413229245,0.0144279261500621,0.037972729335918,0.0022332007960006,-0.0353321397168432,0.0850207003116367,-0.043372305610518,0.112501769849606,0.058356926388392,0.0803527792959513,0.0523079276968052,-0.0141357673354381,0.0129377614302312,0.0483375702819162,-0.0428714334070435,0.0802578219995771,0.0341596196297189,0.0165876525306785,0.0088636684450291,0.1612273730531801,-0.0792326264301477,0.033757479752688,0.1076543214223437,-0.015781904511409,0.0452461161555355,0.118787737137008,-0.0037637878909115,-0.0237253565940557,0.0255991460276234,0.1098909725780874,-0.0033871328965159,0.0133765919958821,0.04587342161693,0.2161792747823514,-0.0347992288154128,0.141743786715021,-0.0689686327575357,0.0395013783837585,,,,,,,,,,,,,,,,,,,,,,,,time,2512,59,324.6687927246094,-0.0058070912262275,0.1369913734573102,0.0801050992436664,-0.0476105448067886,1.1231498989847686,0.6567569318642216,2.1215109691839573,2306,0.5738558820014756,5,0.0058454126771781,-0.0734886272322076,0.0501293945373819,0.0,-0.8545644963887726,-0.280708614387299,0.5766361087148003,0.295123116632818,321.439771828077,286.7338038778525,411.0679018199594,8.850966499869466,-0.0300026065473025,0.0221495225176833,0.0274742172930684,-0.0027874827777906,0.2766823418540155,0.0160933647159757,1.0,-0.0136394441310399,2026-06-23,9.0,16,-0.0139594965293515,-0.0321379496428666,False,True,False,0.4,4.0,0.2666666666666666,0.0413862113090822,0.9784921110766076
SRE,Falling Wedge,bullish,1,0.6117357058651827,3,42,1015,1016,2020-09-29,2020,2,48.77162681543619,48.44650295633437,58.78339547894723,47.01854197878434,0.7465734635197058,0.0067109871561805,True,0.0450580468367582,0.0395339486031596,0.0090920610441278,0.0137651184857281,0.060699819609481,-0.0005879670075462,0.0302022137483313,-0.0216516870314792,0.0100730982842391,0.0306141646353521,-0.0169654818943538,0.0097794994461912,0.0351825968212042,0.0101688857939088,-0.0294599182908942,-0.0210860489851416,-0.0124128845437804,-0.1114245881508145,0.0624322432728376,-0.0137024109305736,-0.0362094776288987,0.0018214099487581,0.0445415145054244,0.0819939879046036,0.0308367879768558,0.0019149069531119,-0.0088763891624863,-0.0461451938098277,-0.0155164553357358,-0.0107741109204347,0.0448611451277849,0.0450175302526665,-0.0194611427799336,-0.0627671505121013,-0.021235939315885,-0.0241218401777666,-0.0047415236315474,0.0406717012927781,0.0191861076313009,0.032232399345603,-0.0374487049662545,-0.0132214640689073,-0.0016786647395944,-0.0114530942632562,0.0387049139403912,0.0847366363616083,0.1137996959930063,0.0983983034493798,0.0218100198848272,0.0300824774125896,0.1150260865443821,-0.0348726127349507,0.0015163455743447,-0.0657081796451819,-0.0550432837600133,-0.0333388268762578,-0.0664327186559089,0.0421285001214952,0.1072296263239476,-0.015166237651253,0.0156649230210772,0.0530759302404981,-0.0104395338093463,0.0129038366084122,0.0239316299628922,0.0240342634733141,0.0868363544724708,-0.0778694338063953,0.1050312376579591,0.1312412836043825,0.0407853757742424,0.0471974223058444,-0.0795539853188088,0.0851785417107211,0.0874482363723028,0.0380173373964678,-0.0112055263068047,0.0243363211261382,0.1006217951827028,0.0883430778514018,0.0806352570230337,0.0625223870382027,0.0463555600821274,-0.0486222372000086,-0.0361830635054216,-0.0254247273042296,0.1381466279505923,0.2916700282380167,0.0190410974438834,0.0280713083837922,-0.0359189074667084,0.0862074560542202,0.0856500933213688,-0.0225692680666202,0.1030910878442024,0.0454269193553782,0.0259780603847397,0.0619386366237244,0.089091051878837,-0.0313313561564203,0.0112195907014898,-0.0218895361490265,0.1225635366611561,0.0432779995667553,0.0272413766517694,0.1071897722887191,-0.0372678590542386,-0.2497720008625394,0.0706030969416844,0.0181048969778612,0.0759454723404549,0.0221177941293442,0.0007264883118349,0.1245935474980035,0.0552076645246823,time,1075,60,52.94892120361328,0.0856500933213688,0.1753591470607607,0.0024794880112635,2.3828250070060166,4.878572160520652,0.068980497378354,5.710943620179913,971,0.8069118360196568,5,0.0407088738660314,-0.0044758396678754,0.1030867292129198,0.0,-1.225394207075617,-0.4184823710559589,0.2097857939546873,0.1598852433690261,48.44650295633437,47.01854197878434,58.78339547894723,1.2823918348767769,-0.0928841473479137,-0.0538341029109747,0.0264703394045191,0.046816291393174,0.2264955592941787,0.0023134226621686,1.0,-0.044687011429699,2020-09-29,1.0,26,0.0779929675152995,-0.016291746149635,False,False,False,0.08,3.0,0.12,-0.0490687157147079,-0.7971149241750803
SRE,Falling Wedge,bullish,1,0.7415067150066609,5,41,1233,1234,2021-08-11,2021,4,56.321285485298525,55.98169766126921,62.06206909998252,54.698893132346136,0.8244473342002601,0.0060660508383305,True,0.0063756507405314,0.0163844526028594,0.0242407025803079,0.0074761640708935,-0.0180987568802056,0.0425586700897995,0.0314974725738474,0.0002434632027081,-0.0286916149835745,0.0216314148620797,0.0321812481128664,0.0250370637670263,0.0602326119756015,-0.0149866487713309,-0.0397393623578453,0.0002488853255468,-0.0138657554938526,0.0283200838219974,-0.028469724404913,-0.029793164414261,0.0099258871629495,-0.008847604116105,0.0013205989343546,-0.001214488866444,-0.0131388850933686,-0.0371262846100786,-0.006083216548861,0.0052003869086536,0.0562017295692893,-0.0288907802386343,-0.1323629016516168,-0.0469188953366512,0.0135255919780583,0.0311964625673573,0.0429882121129345,-0.0455065354417278,0.0168344333599066,0.0490090011838462,0.0822078569851727,0.0336443415834857,-0.0053503635930522,0.1044245790546263,0.0819939879046036,0.0204043376577458,-0.0093829946645307,-0.0125149363054704,0.0156355628123769,0.0035532869518344,-0.0401888253501614,-0.0416833014301699,-0.017931302088417,-0.0215039791328025,-0.0332690189353426,0.032618802312023,0.0627086441344515,0.0349799836336299,0.0427169197680687,0.0211453610245999,0.0270069996875084,0.0334245265435013,0.0880646824185324,0.0204148635015481,0.0091735021404264,-0.0590591696751485,0.0132084869519915,0.0526115913440417,-0.0809498176230553,0.0088362050182593,0.0080193051002027,-0.0386733243434219,-0.0306603565814129,-0.0335907119493653,0.0200503729738672,-0.0110693657252296,0.0155348798679104,0.0077305836736192,0.0846248031554657,0.1981385364996026,0.0859714124176898,-0.0479831938679575,-0.1284682818125134,-0.0180417607114902,-0.0443752919797038,0.0122105431079542,0.128091667495124,0.0047910733080456,-0.0772327243700655,0.131857505561918,0.0370029037665995,0.088652383766193,0.0854708752598973,-0.0656416348653,-0.0252011533431394,-0.0810728360596865,0.0269998014604087,-0.0118648170297779,0.096103667599859,-0.0367155104060273,-0.0246606500022242,0.0618689878486025,0.1064688075711879,0.0621939573364356,-0.0941965330230265,-0.0949549297754687,0.1240173967340192,-0.0065121992926108,-0.0497165293332363,0.1228787012633647,0.0378579089730382,0.0455339746655572,0.0278844597244185,-0.0497244533362529,-0.0652511693054731,0.2619675140744217,-0.0522100726305002,stop,1266,33,54.698893132346136,-0.0288060249153204,0.0444780113978647,0.0542881574308936,-1.0,1.5440523823961951,1.8846112086093627,3.5384681173065595,1188,0.7432475816582893,7,0.0827383839740923,0.0161304464775988,-0.3752525574767648,0.0,-1.1013746031002782,-0.35812702144199,0.3126309189205042,0.0937909673067248,55.98169766126921,54.698893132346136,62.06206909998252,0.8482527349399659,0.0234361402308813,-0.0150808661249866,0.0150324361200325,0.0581479400911153,0.4299098739375958,0.0018976874330394,1.0,0.0172842237690298,2021-08-11,59.0,11,0.0923850579105987,0.0573418804796121,False,False,False,0.1,0.0,0.0,-0.0301507430289893,-0.8731675244370651
SRE,Falling Wedge,bullish,1,0.7149813461956226,3,29,1426,1427,2022-05-17,2022,0,71.98171154417044,70.61558696264734,78.67035064812524,67.76155186790018,0.7635486593030139,0.0193459353704121,True,0.0107087850103424,0.0345253037506406,-0.0312557215639865,0.0392540570572068,0.0187678176544159,-0.0086846737205057,-0.0285834289171061,-0.0340084440863861,-0.005846264106662,-0.0044069277700291,-0.0154145239472914,-0.0009715105409338,-0.0098003402712061,-0.0040321114981168,0.0106308841512696,0.0125211725336475,0.0203357946442017,-0.0112033330831601,0.0237554283610315,0.027279590400965,0.0115022207334019,0.0021462989343237,0.0101094857620884,-0.0050501294883665,-0.0201430905333731,0.022144632769226,0.0577185461261524,-0.0028063176174361,0.0781250007877307,0.01957901089908,-0.0151983317695851,0.0140672392519316,0.0044404670395172,0.0555395434404748,-0.0356431068845418,0.0078576599313722,0.0180608328059785,0.0096599099456493,0.0039400029374734,0.0431034183599932,0.0321271015169446,0.0090246264878997,-0.0713164170650813,-0.0284828601970229,-0.0324767559134533,-0.0145233396309817,-0.1193185821772352,-0.059095753827331,0.0118548193793601,0.0114457023235143,-0.0476578025756648,-0.0587144143293018,0.0877205380044774,0.0246572703571918,0.057059320150409,0.0828865976380219,0.094474288060653,0.0282360240911321,-0.0010878882032275,0.0546065007976033,0.0502322530229064,0.0207096227138037,0.011691732553136,0.0328512079514917,0.1086112414039139,-0.0156971936301772,-0.0144497651110641,0.036766119516141,-0.1481283908829512,-0.072544075780099,-0.0311403785824143,-0.0582189766225755,0.0359694063104132,0.0687853133925722,-0.0410237003578284,0.014286012890663,0.0028696958041427,0.0466447219821777,-0.0299966684874037,0.1334327662847965,0.0004903664012438,-0.1221102091609273,-0.0849660265700721,0.1248207513976469,0.0959497127827071,0.1438673811534621,0.0685942291638779,0.0554856653293165,-0.0008319256036324,0.0711254795101263,-0.0222779836006986,-0.0976888763800994,0.0202380940446265,-0.0428224123945846,-0.0835571845982758,0.1195664668754743,-0.0124687968613298,0.0434105399405193,-0.1003242145238838,0.3415756226738005,-0.0638662975282773,0.0219980361065639,0.0348563752339139,0.0771161622552993,0.056098967203777,-0.0336157860866191,0.0033454433164592,0.1030910878442024,0.0527549240500309,0.0892869110129712,-0.0554555670280583,0.2132758144244237,0.1991551505341808,0.0798504871416387,-0.034066613054714,stop,1442,16,67.76155186790018,-0.0586282207763373,0.022573589576833,0.0586550323060543,-1.0,0.3850294154917268,1.0004573144018691,1.5849255992764153,1397,0.5178491870359503,5,0.0032647739487706,0.1525717338300896,0.1547354678438746,0.0,-1.0687883442854575,-0.5509391572495108,0.7312988927714569,0.0934804969818553,70.61558696264734,67.76155186790018,78.67035064812524,1.8110414521685363,0.189229580550837,0.0070980521323842,0.0252365251779257,0.3363853308338249,0.983607240830147,0.0042101788573409,0.0,-0.0825094641007874,2022-05-17,58.0,10,0.1525054944743229,0.1034780790166787,False,False,False,0.0,1.0,0.1111111111111111,0.0110787139904714,0.2015601540335227
SRE,Falling Wedge,bullish,1,0.6171716164518385,3,24,1742,1743,2023-08-21,2023,0,64.84469643124031,64.54067866842871,71.3237348472,63.31399753468512,0.9396831733473662,0.0047104828936408,True,0.0044918806645117,0.0009105334487204,0.0089448944406258,0.0092707411989054,-0.0153477237466744,-0.0395515723777224,0.0089126349444674,0.0190089347708832,-0.0390465773368609,0.0055915986088117,0.010212877112167,0.0088806004225996,0.0184514521569179,-0.106683595944085,-0.0121869249695553,-0.0246447667551872,-0.0078968179752411,-0.0126081408731821,0.2412331269225991,-0.0621672243924494,-0.0261600536527778,0.0148000909536716,0.0045412029891161,-0.0286356361030064,-0.0469048796644884,-0.0217202804994156,0.0370748238856333,0.001530363880376,0.0313475744292979,0.0619195804174133,-0.0099531230126136,-0.0838562507709591,0.0332858946995637,0.004970445757805,-0.0416635177487624,-0.0419392569600591,-0.0238156345279674,0.0014046396043589,-0.049458519563645,0.0093446146350506,0.0107422173352309,0.0135694878346495,0.0966239634061947,0.0091559764481574,0.0112239715866346,-0.0311249846448536,0.0320046568108118,0.0249970552224738,0.0363927808322359,-0.0341827955081508,0.0038797651926321,-0.0846123165014655,0.1450081339465134,0.0033424276046649,0.0349014433159153,-0.0144047535637465,-0.0193778259845297,-0.0280289555287646,0.0801425156287358,0.0057384725228308,-0.0751957638231289,-0.0730118116975814,0.0607883130512121,-0.0276948182117833,-0.0517662303866129,0.0501706244524164,-0.034969359786917,0.0074179096988049,0.0327777690481478,-0.0011109178305566,0.007098906589981,0.03188401500459,-0.289550751582774,0.0633805218024832,-0.0518543235067182,-0.0313731363791529,-0.0088969033935075,-0.0071299760694244,-0.0071814873991413,0.0041629973725367,0.0482102727223163,0.0338085211363281,-0.0231850718378967,-0.1143576713648741,-0.0101887367322912,0.1078962614592109,0.0918237935908878,0.1441932568081434,-0.1015351450399015,0.0377821046155857,-0.3407617917087986,0.0200327446945633,0.0276227789369809,0.0069217915608883,-0.016920088233591,-0.0927545693149075,-0.0310569483828098,0.0451934341691069,0.2104557094286419,0.0272682832048478,-0.186874927615931,-0.0392497973243743,0.0254364741539128,0.0797331712043463,-0.1044509576633281,0.0308450434186333,0.0463479018856509,-0.0841273338033472,0.3282351341300824,0.1067806440561358,-0.0003971824626327,0.0646885500888592,0.1012841074706634,-0.0400045052429844,0.0041011717786322,stop,1751,9,63.31399753468512,-0.0236056143493293,0.0204941373081062,0.0242841110616131,-1.0,0.868189109794909,1.0287430228352883,4.232732139900691,1718,0.6895815796955236,5,0.0036695428425576,-0.015711459235972,0.3912091995788342,0.0,-1.025289724368702,-0.3357081446731726,0.2688854020525563,0.0876836442561741,64.54067866842871,63.31399753468512,71.3237348472,1.2421343845356358,-0.0542285616876999,-0.0239772420582964,0.0191905455328593,-0.0879032519903902,0.7702728709876953,7.075326696082129e-05,1.0,-0.0327166523531995,2023-08-21,56.0,10,-0.0476860663116798,-0.0340916628490255,False,False,True,0.3333333333333333,1.0,0.1111111111111111,0.013954888141685,0.7156435803276723
SRE,Falling Wedge,bullish,1,0.6872996144229916,3,26,2329,2330,2025-12-22,2025,0,86.77062338984115,86.06598125919174,95.6141021744686,84.54631544787924,0.6564354563466663,0.0081872317068847,True,0.0123863874360896,0.0078683009109783,0.0043749025853843,0.0128407444114395,0.0089215783673852,0.2412331269225991,0.0150180067074607,-0.0178791311355401,-0.0155193669720649,0.0089126349444674,0.0361290363524255,0.0100481953836026,0.0129614692127377,-0.0004645774406454,0.0419553882699719,-0.0153668380549727,-0.011994409571339,-0.0076516475591329,0.0185300235774823,-0.0095772368788427,-0.0099190963255583,-0.0013320731240328,-0.0036746490475517,-0.0186362822084906,-0.0269121816919812,-0.0029766387966181,0.0081525596775242,-0.0335765811032428,0.0095026659233807,-0.0113503954710422,0.0085424013922645,0.0494149913061177,0.0097358702721739,-0.0036577861889788,0.0739452712515384,0.0221130255087609,0.0125911120766648,0.0098258599779683,0.0484121747739474,-0.293403334487939,-0.002116441251735,-0.027050401224606,0.0052566250011005,0.0427579170980279,0.0511835532966489,-0.0175014046600885,-0.0255681049056476,-0.0329667477314558,-0.0361094291832525,0.094402297914016,-0.081991921564376,-0.0226420749496446,-0.1260090301397661,-0.000298383289669,0.0409773057824773,0.0138074831656804,-0.0047190129307684,-0.0472550149474029,0.032618802312023,-0.0263193083115053,-0.0306753911611192,-0.0146263274238174,-0.008953275854007,0.0546690956736237,-0.038181636372264,0.0697339596936696,-0.0488248459752354,-0.0173808951816464,-0.0156792247684984,0.0630682573700256,0.0550116271922596,0.0910678120061396,0.0215712456078207,-0.0061398868459782,0.0359675831711165,0.0323474797167711,0.0299019869327932,0.0207892951949841,0.035907479241686,-0.0064001511097625,0.0041629973725367,-0.1227096739458381,-0.0258296842550094,-0.0390440794743933,0.1005790338300391,-0.0231729210073923,0.0231778575472143,-0.0346734665448954,-0.002542175990602,0.0303592922535653,0.0998750307192237,0.0498085046490246,0.0495391704363672,0.0986365561609695,0.060564961046521,0.1103409183987396,0.0977589302322268,-0.0103525613890956,-0.0241606961226867,-0.0238939054717146,0.0478970279298873,0.1486605173241975,0.0200758111966934,0.1061300914295557,-0.0250366676204125,-0.0654411821856468,0.0170217820528277,0.0368110699903958,0.0268100179859578,0.0012888367931014,0.0081976080734296,-0.0252352464573523,-0.063321637376529,0.0460465667080698,0.0250310583094589,stop,2348,19,84.54631544787924,-0.0256343432266078,0.051931846750005,0.0464771423838479,-1.0,2.0258699936615163,1.8130810675736704,3.975833839278216,2303,0.6968249809403211,5,0.0075989961842954,0.0115170093475838,-0.1920962580255911,0.0,-1.179894597661305,-0.4830696167209952,0.2694943620156384,0.0792994806872681,86.06598125919174,84.54631544787924,95.6141021744686,1.5666841836782868,0.1039316002166055,-0.0289332063835217,0.0180370204285931,0.1847585855947451,0.9622609822221118,0.0011501783349443,1.0,0.0422190070134671,2025-12-22,1.0,28,0.0709918142568943,0.0239199585991969,False,False,False,0.0,0.0,0.0,-0.0111279733131439,-0.0883612535908467
SRE,Falling Wedge,bullish,1,0.6535422923043329,3,31,2433,2434,2026-05-22,2026,0,92.67766707771948,90.94603625367084,100.29519541043726,87.37305356597494,0.6437899371823116,0.0190402011498189,True,-0.066530948213874,-0.0779040625254123,0.0216033529031987,-0.0415640263948997,0.0146108006703846,0.0170647853587944,-0.0102117848947249,0.0328784170494318,-0.0104165373953767,0.0561581874967509,-0.0171152307196017,0.0079259353366791,-0.0346624436620853,-0.0147244647421376,0.0342657076672232,-0.0298257507380526,-0.0256867859521496,0.0121738517190383,-0.0457807434420169,0.0284028920249839,0.0263563688821502,0.0181917996951974,-0.0685131647570134,-0.0464966153693158,-0.0321100330009355,0.1457668086155223,-0.0172946846995282,-0.0159234839046006,0.0123938747772642,-0.0565191188510113,0.0069010227765478,0.0273781669259756,-0.0107609784120148,-0.0632185016677637,0.0028515682924254,-0.0156082151968237,0.0383408668174798,0.0718271728273627,-0.0272557408511083,-0.0346756302674792,0.0182137573762306,0.0321383942985582,-0.0040643778126234,-0.0128605361202688,0.0235684613147708,-0.0525565566812615,-0.0112491272606403,0.0081374598322019,-0.0403020061689148,-0.2769852393453696,0.0531723954433107,0.0081230047987228,0.0200632940905882,-0.057295789462978,0.0438375525717771,-0.017052724052705,0.0813995694636617,-0.0405893832474082,0.0350479863072119,-0.0378696281869153,0.0350479863072119,0.0271008417413298,0.008090769273567,-0.0178149649342425,-0.0627586308725848,0.0725460053455213,0.0085438495644702,0.0885432253730511,-0.0077915329611056,0.0040175371886097,0.0049169243970498,0.0181133935258246,0.0590965299213772,0.1167721653383979,0.0953954514703443,-0.077324944516078,0.0448991983641462,0.0168733410345198,-0.0902915841380234,0.0380173373964678,0.0472751137130007,-0.1642349114552016,-0.0034965074419066,0.0445566738774243,-0.145186146323509,-0.0292982714563468,0.0726181772082605,0.0027497900856736,0.0385454407547212,0.1065336063675754,-0.0297250512313301,-0.0040769029361571,-0.0764765769717221,-0.1045178694922897,-0.1057536930712843,-0.0428192810920611,0.045465115282576,0.0867598579170705,-0.0552289734943924,0.2538352815592011,0.013174548029236,-0.1137477069506842,-0.0143642240813669,0.0995850422068111,-0.0393473568608051,0.0126420058304854,0.1067556195010106,0.1379237802016135,0.0890581731528727,0.0489627680863915,0.0202380940446265,0.0550135454105777,0.0223923520019719,0.1024395051261335,-0.1126257996117213,stop,2438,5,87.37305356597494,-0.0572372361002148,0.0002143161907626,0.066852340764634,-1.0,0.0037443490525534,1.1679868791634958,1.4360194792424372,2402,0.4437317214068694,6,0.0534940166430484,0.0499155766960461,0.1521832687787598,0.0,-1.1179168505855026,-0.6741851291786407,0.9628250582898604,0.0735436054611229,90.94603625367084,87.37305356597494,100.29519541043726,1.9893544353188,0.0381791148719194,-0.0172396269203127,0.0215902105340816,0.0341529373826137,0.870058664551698,0.0039322497907781,1.0,0.0444014709351121,2026-05-22,13.0,27,0.0874885656224204,0.0584710992368737,False,False,False,0.0,4.0,0.1538461538461538,-0.0011424332938077,-0.2903828762875148
SWKS,Falling Wedge,bullish,1,0.6051758211063302,3,24,737,738,2019-08-22,2019,1,63.92521969984918,63.779342373044585,79.1676729198594,61.74198767129749,0.5907172995780591,0.0022872190489415,True,-0.0099651898549085,-0.0156715475295522,-0.0303055272097549,0.0152757512082823,0.0113274405633452,-0.0027786589632324,0.0353645561299784,-0.0194289026698613,-0.0525047836449956,0.02481372496101,0.0030428918252227,-0.0099651898549085,-0.0092222284742414,0.0041429595839752,0.0502279474973146,-0.011191018846858,-0.0028743831117878,0.0245893873256033,-0.0189955674852906,0.0501410022614801,0.0430739571716511,-0.0369633844763257,-0.0133536885444389,0.0550248545776199,0.0305161797451785,0.022094435740271,0.0119679010891009,0.165186345379845,-0.0222661555792113,0.1252361597528992,0.1013577828888001,0.0985305079130329,-0.118315083106798,0.1262648547760809,0.0395142710423233,0.0473353408430139,0.042166326578803,0.0344766962413058,-0.0638690735936179,0.0273376224071415,0.0492710480421749,0.0003874057322943,0.1684617247686375,0.1713385582051676,-0.0685432531196251,0.0071281837775379,0.0534394258934636,0.023405332425936,0.1897821093799909,0.0151630929626696,-0.1029824052708791,-0.1273176987770693,0.1966744989336326,0.1011339496059273,0.0047956959107675,0.0094123863848927,-0.1309488593091189,0.0133288379832035,-0.0444344708557327,0.081402504154509,0.0725284028379047,0.086492486859748,0.0849552136511944,0.001472045554471,-0.0027225160001949,-0.1028803525139445,0.0112058148835896,0.0292983217089257,0.0341214729892392,0.1593776655418852,0.1304141960014009,-0.1322185417327989,-0.0200561414514225,0.0064459603208841,-0.1883928089112906,0.1676851533886609,-0.0479315749083352,-0.025223144144219,0.0494781445501728,-0.1135092527657564,-0.1061764205680914,-0.2152654524841561,0.1334416638181021,-0.029619792934552,-0.0147445830727186,-0.0322156656526312,-0.1186475357923453,-0.0793593072125855,-0.0207216513843986,-0.0152130768499003,0.5619984419424584,0.1713899448341314,0.3132656943354397,0.2365785387647907,-0.1662788821984883,-0.2155952290039827,0.2302979146792048,0.1809988555338009,-0.0080476257149251,0.0079346304806422,0.1787363584338184,0.2531220696623271,0.1304417299142288,-0.0698229466713453,-0.1608540933472104,0.0493323395443774,-0.0570366382781426,-0.077159803793619,-0.1420835748389799,-0.0780201123179361,-0.2730403979723486,0.2888912478843193,0.1236232704314928,0.0186890548837093,0.3025592859698925,stop,738,1,61.74198767129749,-0.0341529061425632,0.0051207900590275,0.0372899662647744,-1.0,0.1499371689674656,1.0918533875013805,6.981600224196862,712,0.7679644818293325,6,0.1644927917957986,0.1239649583574171,0.3426514931630546,0.0,-1.123161505136113,-0.355197023306779,0.1936315915068291,0.1837740901510671,63.779342373044585,61.74198767129749,79.1676729198594,2.1331576161201924,0.0003564219393612,-0.028685286141823,0.0330398947747062,-0.0573214598617554,0.2799987792968754,0.0027066143705432,1.0,-0.0254668522955691,2019-08-22,23.0,12,0.1109676961709984,0.1439709448648933,False,False,False,0.0909090909090909,2.0,0.1818181818181818,-0.0608413016418433,-0.6111720141534354
SWKS,Falling Wedge,bullish,1,0.6139220373282224,5,62,1386,1387,2022-03-21,2022,2,117.632126061617,114.0739360982617,149.07885148121102,105.04144556080432,0.7639456353782434,0.0311919627309986,True,0.0195641804046211,-0.0029765651720463,0.0515848469122315,-0.000616982626418,0.0005972960250593,0.0177053207864428,0.0036377868853021,0.0259946367846186,0.0328956183253736,-0.0215275189316461,0.0058481613841578,-0.0986373160264997,6.912611934772883e-05,0.0744671231339133,-0.0185539582224674,0.0288814439082834,0.0122014252986928,0.0506007101136207,-0.031650404235263,-0.0777682656648769,0.0200159825377337,-0.0466186679012978,0.0181078621743057,-0.0011156256955527,-0.0256525309691247,0.1368753769296313,0.0395142710423233,-0.0484698605437282,0.0218165919396524,0.1076475528548155,-0.0638690735936179,0.0735576318213235,-0.0031417118471812,0.0322177503951504,0.0319780333673509,0.0477613354071773,0.0299274384438177,0.0826356732772042,-0.0171936209507995,-0.025610007554647,-0.0142446191183138,-0.0327433720218285,-0.0029754140920222,-0.0376040073739181,-0.0377421500692449,-0.01713251661121,-0.0924642832771609,-0.0906252080406381,-0.0068939988819011,-0.0901345451170115,0.0336025138086042,0.0874423867836189,-0.1289171007619133,0.0301379275877644,-0.0963432647968526,-0.1013662192999965,-0.0446250518412104,-0.1507735251205063,-0.0915048717009806,0.0052424705029787,0.1410478320270078,-0.0903207733951667,0.0472788344521284,-0.1111400604408929,0.2209875512592756,-0.0606325006628984,-0.0588957459546869,0.0176868325044761,-0.0700582178247527,-0.2051625364115535,-0.1209657381864498,0.0392099033845854,-0.0630150329239352,0.038128186557041,-0.1318046674660826,-0.0788313314934182,0.0666667402991172,0.0835167919286874,-0.0824757052786472,-0.0069507241258088,-0.0785024091406694,0.0891160675221414,0.0713128545858376,0.2085469950467369,0.1804372921711672,-0.1396777563555099,0.0173686041662795,0.0060933832050535,-0.1197800677902669,-0.1301165556277463,-0.1314684628810608,-0.1970512417007286,-0.2922913972113526,-0.1427827715653576,0.0678732402089663,-0.0556754870865813,-0.2093022414742912,0.1718160056365216,0.138461585658224,-0.1705711823208192,0.0929700526038057,0.297090010767985,-0.1811871542947768,0.0839662056074803,0.0983162067826506,-0.0661893706750038,-0.1442434863498011,-0.0530506948715447,0.245486329007267,0.1128699808382998,-0.0666497666031921,0.209562477033125,0.0775024008341884,-0.1195591460819756,-0.3187656954723791,stop,1402,16,105.04144556080432,-0.1070343699663944,0.0508072332132675,0.1079371629003843,-1.0,0.4746814806236489,1.0084346078205846,2.497619204741498,1322,0.6081287794570596,7,0.1091623252150955,-0.152521493982435,0.1003675055367496,0.0,-1.331153643399904,-0.7230248639428468,0.5648213591789133,0.1961581609178306,114.0739360982617,105.04144556080432,149.07885148121102,4.783990624467132,-0.1711851618466111,-0.0324737792214564,0.0406358295568828,-0.2046526512909806,0.598968364485062,-0.00377290469324,1.0,0.0265772197073614,2022-03-21,29.0,15,0.0225469800818962,-0.0019177791458691,False,True,False,0.1428571428571428,0.0,0.0,-0.0330568126584601,-0.0637411338386152
SWKS,Falling Wedge,bullish,1,0.6178121346453679,8,79,1466,1467,2022-07-15,2022,6,90.2614837756818,84.46990202058498,129.89720831370528,75.02751153771186,0.8090738895761942,0.068563850751069,True,0.0339215763967402,0.0166448353715551,0.0410061169111208,-0.0244173922820655,-0.000622280586865,0.0272683212154543,0.0365783078360866,0.0210327933747085,0.1085111745844078,-0.0688607903975474,0.0102656604120097,-0.0163964243031236,-0.0411817712211558,-0.0234259889197931,0.0159659140977661,0.0445666558375321,0.0894820113832686,-0.0559934742515052,0.0058589212075894,0.1207878680264198,0.0092821511287701,0.0785936843579053,0.015006503476191,0.0613120556403092,0.0005212317756748,0.0507997260317063,0.0954151339187729,0.0237123126135458,0.0151514373862056,0.091503156797049,0.034689416110186,-0.0171858613239149,0.0131504925091068,-0.071946722696074,-0.0300101960169791,-0.0222191116366489,-0.0178318926936289,-0.1259361345600507,0.0921549419628429,0.0405038194548965,-0.0468142116236939,0.0129009794547407,0.0397792171014139,-0.1176755660843195,-0.0134407585970706,0.0589770467349049,0.1054685003826561,0.0057724865494892,-0.214182984605382,-0.0292211598508332,0.0200391955613659,0.1019391832821503,-0.005785370736587,0.1583249307800549,-0.1043292546188481,-0.0011660554913363,-0.1833398924833985,0.0141483793254475,-0.0650662819564474,0.1989835803775281,-0.1411476875019127,-0.0845852049341726,0.2475395453755788,0.0033090741986112,-0.003107990179729,0.194580435658429,-0.0088293771879995,0.10699170479522,0.0952137618922691,0.0160696276320426,-0.0420949562337356,-0.0163303256679575,0.1796201249442663,-0.1373416826179846,0.0089296170048525,-0.1429143502496577,0.0919783674342014,-0.1206826316498974,-0.0396184203994109,0.0919783674342014,-0.2215711459242256,-0.0403246544512756,0.2520296365977934,0.143808627108168,-0.0674590430619213,0.2672449017983849,-0.0354953321440285,-0.0956269703610988,0.1701257393642605,-0.1044351093173235,-0.0705606362814891,0.0104018736540497,-0.1771032803887789,-0.1078898362158611,-0.031578621261012,0.1745913582148914,0.1656723719691872,0.0131427990822929,0.044529371837616,0.0419892172358711,0.1181279122923872,0.0093436392193408,0.0443483437098419,-0.0753248703706314,0.0748286572397063,0.2647886076932613,-0.0277806938653666,-0.0726391227585944,-0.0925137595667329,0.3094600722224545,-0.0487575823963675,-0.1888875365422822,0.2454357338829438,0.1815252383071171,-0.2346183371960752,stop,1526,60,75.02751153771186,-0.1687760005788234,0.117360311625724,0.1832808624253996,-1.0,0.6953613737926749,1.0859414952175146,2.6017983962996443,1381,0.6359832959371811,7,0.0993322430419543,-0.2441026524096912,-0.0138002787538523,0.0128205128205128,-1.6294856638278363,-0.9935023678906548,0.5325615476543457,0.2575710176644158,84.46990202058498,75.02751153771186,129.89720831370528,2.927936954889134,-0.2436272522042506,0.0096782389051972,0.0329294901793626,-0.3464139026278123,0.950818595692523,0.0058337744517968,0.0,0.0200250992681341,2022-07-15,29.0,15,-0.264964936890728,-0.1480743775614311,True,True,False,1.0,2.0,0.1428571428571428,0.0735211512055356,1.9629720861358988
SWKS,Falling Wedge,bullish,1,0.6237755309930171,5,53,1798,1799,2023-11-08,2023,4,80.02686305459443,80.08737164878653,105.04003175284411,77.36206959082881,2.189798110557193,-0.0007555322761427,True,0.0662132138595732,0.0405535508163277,0.0800510344877432,-0.0164196407433552,0.0745569342820162,0.0202504837607921,0.0030683795136159,-0.0614449623718044,0.0502279474973146,-0.0081109787144466,0.0252657316135844,0.0190968887611611,0.0001854577633531,0.0063870470948252,-0.0052645624422946,-0.0187337543938317,0.0224204538528445,-0.1101428036371768,0.0216739519201725,-0.1023484615114075,0.0526967368882289,-0.0063024663204876,0.0638575429945308,0.0765923809406385,0.0387526925668302,0.0959213539129866,0.0229080947673721,0.0143287712650681,-0.044257406212358,0.058284560019356,-0.0621994797044249,-0.0127480294932997,-0.0229047504384988,0.0732942062074517,-0.0272632124646914,0.0944284788373384,0.0251447667174895,-0.0656349961128469,-0.0690444981533189,-0.0467704801587894,0.023958459531693,0.0035470017973018,-0.0030635093467652,0.0079669086320988,-0.0767220034776199,0.0771336691343614,0.1680690036493035,0.1229079374286337,-0.0346723399456745,-0.2245769532667952,-0.0006738576988697,-0.0740541656849277,-0.0433913603985314,-0.1231183969112964,0.0042848709821285,0.0590967448381245,-0.0240143675141262,0.0197188965339569,-0.1799673562757998,0.0408716883971513,-0.0600900737626536,0.0327266932230208,-0.214182984605382,0.2334756211512363,-0.1357893206198744,-0.094965305098134,0.0747884026571417,0.0059634252551326,0.2049975105865121,0.2113520466192715,0.1244641664634993,0.1035102289562388,0.0400264356792556,0.0718775019234696,-0.0815361609810841,-0.2694616303604714,0.2944630164998487,0.0193832323476454,-0.0570730377323008,-0.1159087392318271,-0.061181992168686,-0.0685896458221864,0.0903782236723997,-0.2344564791310115,0.2520000741296235,-0.1714656371657904,0.2238645842644231,-0.1050970723253366,0.0771737837842441,-0.1416101058816077,-0.2014937012927169,0.228111902661065,0.1768627427101787,0.0455925822103573,0.2166456684443323,0.3393515945767298,0.0928011487210909,-0.0060633962065059,0.0229942649459915,-0.3178193796879943,0.2784817530616121,0.1669483205159283,0.0940370264352945,0.0801627728350684,-0.0570366382781426,-0.0875749378958649,-0.0056424309187731,-0.0895751391981032,0.0078159430929525,0.0027770209991526,0.0605865437818475,0.0590162551563733,-0.1251686142123809,-0.0243345565845802,0.1414425817309773,target,1830,32,105.04003175284411,0.3125596548897047,0.3147058869460089,0.0225623348370103,9.386531841347132,9.450985699099592,0.67757329216871,9.386531841347132,1741,0.7614174759870982,5,0.075463997167756,0.0202688543296245,-0.0964199648273195,0.0566037735849056,-2.011690302302509,-1.2502728263154117,0.2885599640325647,0.1289379018091753,80.08737164878653,77.36206959082881,105.04003175284411,2.302684046336909,-0.1645911533217051,-0.0846304691500323,0.0288720907470257,-0.0967645162759194,0.0711464000096521,0.0036929470951359,1.0,0.0021313618013605,2023-11-08,29.0,17,0.1359711482410577,0.0182929779546821,False,False,True,0.125,1.0,0.0625,-0.0733933451915945,-1.2189584190012683
SOLV,Falling Wedge,bullish,1,0.6603712847592318,3,44,67,68,2024-07-02,2024,2,51.630001068115234,50.95333135695685,72.36666724795387,50.536023730134566,2.1818412773302907,0.01328018587083,True,-0.0668216287345778,-0.0898400872964907,0.0089843761799306,0.0382466382396431,0.0302405078796177,-0.0163892889154133,0.0133227622958342,0.0246453818332081,-0.019133015696595,0.0550335851638761,0.0732784494411715,0.00713017467483,0.0242060059641564,0.0437414772664943,0.0403192474615825,0.0050588271197151,0.0207091676515049,0.1042493179707404,-0.0001526344638607,-0.0079741857133414,-0.0114717303581957,-0.0067465812418459,-0.0881865528722305,0.026534939057571,0.0114992025302389,-0.0590750893741459,-0.019523728029309,0.0250419851267313,-0.0333472785085687,-0.0883700266594752,-0.0403581761602145,0.0248036800238018,0.0189439208240442,0.0026474922501338,0.0167301878821508,0.0151439249115046,0.0303915190696897,-0.0043256236347418,0.0202375304884872,0.0418006088041664,-0.0317056476316974,-0.0191567041391158,-0.0278260604194973,-0.0158505085748537,-0.0133233685388117,0.0343910071720571,0.1404222322295734,0.1365586398937424,-0.0705209189877846,-0.024160581775162,-0.089828718629749,-0.1240248260486887,0.0161764481488395,0.0999267354552999,0.1140900168564849,0.0133444405322971,-0.0969294417002492,-0.1158307128216341,-0.1223356906152847,-0.0566331609167155,0.0155950672153846,0.0845505215089539,-0.0192641739995048,-0.0577647489659925,-0.02201611659388,-0.1686238611903204,-0.1378651279570348,-0.1320555382905527,0.1851307516683381,0.1630834397589271,0.145569065933238,-0.0435092081134531,-0.031885471139665,-0.0256134644029965,0.0180558530482981,0.1625779800765265,0.051200432969914,0.1029257382340487,-0.079001734785285,0.0981795297553564,-0.0609072890737282,0.1569050770902298,-0.1059440192080347,-0.0055556049478999,0.034693755527251,-0.039237122928357,-0.0230100497752926,-0.0392318319682927,0.0799650292506515,0.0235707453706743,0.1438547942913799,0.1421817827953608,0.3190005242160862,0.2727715580435055,0.081927488517292,-0.0784249880674331,-0.0191536888604832,0.0365139318246729,0.1191975293676943,0.188627454969618,-0.1118142950555807,0.0061517011463489,-0.0955631399317405,-0.017701484514232,0.1911206137513572,-0.004949869519492,0.1164312539933782,0.3626240915861016,-0.0238653025040812,0.0937838762770666,-0.0145995702360023,-0.0359104971701313,0.0099864760999688,-0.1238562990811542,0.2849742600864278,stop,69,2,50.536023730134566,-0.0211887916976292,0.002711589904167,0.0406740702183567,-1.0,0.1279728425698992,1.919603099543788,18.95529775609033,21,0.9418444104893092,5,0.0361381365366935,-0.2271249771118164,0.1206701852268323,0.0,-1.8179357351143015,-0.876091324624993,0.0376158911056362,0.1861754115366514,50.95333135695685,50.536023730134566,72.36666724795387,1.6485712868826734,-0.1549051803623833,-0.1273465549161443,0.0319490568921136,-0.3550000190734864,0.6034437399699965,-0.0009718024551821,1.0,0.0435414103178153,2024-07-02,,0,,,False,False,False,,,,,
SJM,Falling Wedge,bullish,1,0.6823299773844205,3,40,577,578,2019-01-03,2019,0,73.24724219132732,72.82649746736945,95.06687479997476,70.48646874226802,1.2438469564027572,0.005777357673234,True,0.070802766942422,0.0252032722213622,0.0299103134740186,-0.0181749560505898,-0.0373256631604704,0.031798073632409,-0.0571061392357218,0.0255511140315742,0.0831763482808076,-0.0354562160215916,0.0089917912402219,0.0621214388393769,-0.0119017396550559,-0.0084955967515735,0.0151892710484,0.0180094741052874,-0.0128813786219241,0.018740007107197,0.0109470325504197,-0.0431145634535347,0.026517033125186,-0.0137586192992834,0.0661659156831643,0.0992927799168377,0.0372145604850964,-0.0041988340312442,-0.0260734655594481,-0.1231530939888108,-0.00796674497254,0.0023578809123561,0.0511289933047691,0.0132188763578355,-0.0161050507908153,-0.0094134359031439,-0.0151228351286861,-0.0315092917984047,0.0691702441189048,-0.0429313351863163,-0.0218206682115976,0.0243316042856056,-0.0070337841168809,-0.0315555971393376,-0.0140095962608891,-0.0334485999094507,-0.0067155824681899,0.1108352957411519,0.0955997014553522,0.0048449034944293,-0.0091084779427331,-0.0070360759847341,-0.0209867582434526,-0.0745397027196301,0.0293427471826017,0.0145677591545243,-0.0247632342066587,0.0403622378230301,0.0149155051456364,0.0124267481034794,-0.1209353807732853,0.0688906062868905,-0.0209873338326572,-0.1085569744594755,7.760782632737495e-05,0.0149441911036505,0.0614637555580444,0.0499643046663493,-0.0208136510650829,0.0311070855789936,0.0990829534952613,0.0909275238981435,-0.037550730809525,0.2597114389571364,0.026825645270174,-0.1153403522950419,0.083389678319047,-0.0162600941286135,0.0357034017877762,-0.0667180353821448,0.0195230614793131,0.1685380275376691,-0.0304027204969671,0.0525995552082709,0.0137924822568067,-0.0215213614228876,-0.0120363960639999,0.0610936658929788,-0.0696924490007487,0.0089233495469234,0.0602750582728388,-0.1401692675590665,-0.005308396285194,0.0752812093034299,0.2312563809952861,0.071722436485474,-0.0272122408753254,0.1934359571236106,-0.0553746900871096,-0.028894168501695,0.2115109484679171,0.0155469700555797,-0.0470640124786524,-0.1099421209659715,-0.1059689621356692,0.0387744380628705,-0.0845539464521454,0.0122332922251633,0.1070211152837397,0.1905795498091476,-0.0680254354826015,0.1614061628117618,-0.0398020617623275,0.0858033797513466,0.0448977131068868,-0.0835631115479617,0.2107159421748579,time,637,60,90.1861343383789,0.2312563809952861,0.2424273265262678,0.0071752699088602,6.135560363644945,6.4319414205885135,0.1903701055157233,7.903449164248595,537,0.7504713954817037,7,0.0989927987798035,-0.0472369567098189,0.0684257082334318,0.0,-1.4211674202250368,-0.6706960247433359,0.1992462409874008,0.1737149159661862,72.82649746736945,70.48646874226802,95.06687479997476,2.431861072992098,-0.1222281480473449,-0.0911254944705707,0.0332638966407282,-0.1049872549040669,0.4374985098824565,-0.0052194451929975,0.0,-0.1205294166535674,2019-01-03,2.0,8,-0.0292017224197732,-0.043291202831971,False,False,False,0.4285714285714285,0.0,0.0,0.0189523248856513,0.4861788240786996
SJM,Falling Wedge,bullish,1,0.7328365048339034,5,58,729,730,2019-08-12,2019,0,88.75168532881378,88.56879241377001,100.78491659732563,85.59662715163816,0.886570693372279,0.0020649814687474,True,0.035707304004855,0.0197553052367496,0.0099845197214307,-0.0344309930147929,-0.0254279309509377,-0.0308062332189535,0.0037520619904232,-0.0024570489991413,0.0386730240167529,-0.014292204832109,0.0171766448048236,-0.0677565571611077,-0.0287342194114632,-0.0595672304606381,0.042904314364909,-0.0442904339482082,-0.0196823439574811,-0.0126487999819988,-0.0161899111310241,-0.0273275206812755,0.0186307765549966,-0.0398678373461661,0.050325200186953,0.0060416866658514,0.0051382330405951,-0.1518308478203691,0.0371846272034013,0.019456112143992,-0.0156918049410933,0.0040181434756598,0.0191277125384616,-0.0219770438792982,-0.0107609184102481,-0.0167591516828823,0.0690352006696748,0.052734127584523,0.1589728234303113,0.0127041171842816,-0.0322354338908349,-0.0369964633660009,-0.0237013427067358,0.0382978755292291,0.0117762671630363,-6.266263677279227e-06,0.0106942475152664,-0.0001604124079834,-0.0495475622378586,-0.0856564992450993,0.0018867711778096,-0.0174165794129539,0.0673458294547992,0.0850047788143069,0.0379755880096759,-0.0198117169957012,-0.1030469563940947,0.0464177394969409,-0.053461749655717,0.0399039754974639,0.0264111947945466,0.0895638737601187,0.0142592589132597,0.0002576988260831,-0.0466386470189528,-0.0142413403700299,-0.020719435971317,0.0294490725675433,0.0150046174981632,-0.138123945154497,-0.0515485636297309,-0.0561397497197733,-0.0635158550280594,-0.1091866490214051,0.2001173065053705,-0.0398500380451647,-0.0086927114611099,0.0556075857012081,0.0106478668743736,0.0015675181274914,0.0233783891110068,0.065635836388245,-0.1822290602242919,-0.049549107778009,-0.0139500215399361,-0.109499765350878,0.0905164213247902,-0.0302835304024988,0.0884697328084997,0.1231414767852558,-0.0311323381886927,0.0571189958065048,0.1444561224679326,-0.0704539512142079,-0.0428661447712501,-0.1148333277716804,-0.0375312460063101,-0.0128213995087091,0.0420718869917682,-0.1286059338679381,0.0858976085448393,-0.0893499138907388,0.0483028648276007,-0.2401126070774092,0.2217368423210639,-0.0394651053557033,-0.0146796836434518,-0.0686121678388782,-0.0587477725010966,-0.0591285437422749,-0.0686121678388782,-0.0034522205975331,-0.0374301875077565,0.0047666092630356,-0.0675400436631943,-0.0076550809725622,-0.0163177316680438,stop,740,11,85.59662715163816,-0.0355492762248573,0.0366872492439115,0.0935555727581271,-1.0,1.0320111445267215,2.6317152609905947,3.813949091513711,671,0.4775123936385926,7,0.0971898182974589,0.2435268939533461,-0.0257845555128176,0.0,-1.5097303181931911,-1.0322179245546006,0.7692265111056183,0.0684018789180677,88.56879241377001,85.59662715163816,100.78491659732563,1.9360605540443772,0.0253423879911474,-0.0325402749899108,0.0217394156186352,0.115019109561582,0.9210524554617108,-0.0003575045066024,1.0,-0.0421612322193815,2019-08-12,2.0,8,0.1383095859962528,0.0889942721859358,False,False,False,0.1428571428571428,0.0,0.0,-0.0282666544715608,-0.410398431816599
SJM,Falling Wedge,bullish,1,0.7483669487318706,3,40,959,960,2020-07-10,2020,0,85.1960310996202,84.85182198775311,97.25572080402044,80.81316293989863,0.7727217472344908,0.0040565906989806,True,0.0142569589702261,0.0092901895305943,0.0176430806397718,0.0022149957827442,-0.0089136267892995,0.015385759448327,-0.0021275471565916,-0.0038904652404513,0.069151937095008,0.0238853392473556,-0.0147665822785985,-0.0321547728970761,0.0468893470290459,-0.0107314532355179,-0.0120106969603158,-0.0197655995280646,0.0159163173340155,-0.008467595648259,-0.0056421920722024,-0.0122974448943862,0.0364989581981247,-0.0147555977802856,0.0101538509555589,0.0278490182129751,0.0255059480282471,-0.0218716415637623,-0.0193158633466504,-0.0303588465380687,0.0515940876326985,0.0131807163195063,0.0169154634033841,0.0371520690807163,0.0053750767700764,0.0324658098416983,0.0183576166222323,0.0579112152087559,-0.0343001279754129,-0.05387555203442,0.0021206596358835,-0.001020956581917,-0.0750617145458911,-0.0288447215157481,0.0121817710893801,0.0257015688413613,0.0293821336976098,0.0259645800109035,0.0555082050492623,0.0104010936435403,0.0193041360886847,0.0464177394969409,-0.0015311763110635,-0.0150935037180858,0.0838903235132229,0.069566837876966,0.1732587232014346,-0.0426914616079628,-0.0167642435991123,-0.0405581562264344,-0.1280517251750448,-0.0777169972036405,0.0334485319887636,0.0226457892613085,0.1303970097684437,-0.0292220753739927,-0.031652939917475,0.0287443000456357,0.0942244767947211,0.0529461753304811,0.0369301168375728,0.126200972627311,0.0561043317720881,0.1109681770088351,-0.0253137723310686,-0.0580210681208441,0.0222853562456626,0.015077737824036,-0.0671706097163772,-0.0425704489842904,-0.0889316875386615,-0.0445373199727827,0.1063402520985334,0.1118610734802074,-0.0209483080270422,-0.1035069344363134,-0.1197234766669284,-0.0208601759654086,0.0456293667674612,0.0909882327052302,-0.0981062190398399,-0.0270754617418972,0.0074576588081092,0.1365088540074799,0.1244767565997719,0.0589092214614197,-0.0673152128930051,0.1171004689964867,0.1632917479476965,0.0147804030552318,0.1756758022289566,-0.0327472973975054,0.0503635674900122,-0.0076550809725622,0.0013050106079479,0.0555863780331282,0.0073750416252644,-0.0665083600261373,0.1009372782951516,-0.149650310739911,0.0208858594271168,0.0635511564904192,-0.0993815796313706,0.0830090808447177,0.0024498306580593,0.1296863184542585,0.0963397514750741,target,991,32,97.25572080402044,0.1415522477836879,0.1825304921566966,0.0087443986023291,2.7515520122709667,3.548104327965643,0.1699772906969743,2.7515520122709667,919,0.4727841921526238,7,0.0887871073718906,0.1471414441038021,-0.1151114453897322,0.0,-1.0049750978058294,-0.532190905653202,0.6921039520325991,0.103943074825843,84.85182198775311,80.81316293989863,97.25572080402044,1.775135353649485,-0.0174759272775546,-0.0421837795217153,0.0208418299915041,0.0310566618618683,0.8633533308691884,0.0038691567401758,1.0,0.0611343461530753,2020-07-10,36.0,7,0.0105132514587422,0.0203321317536075,False,False,False,0.3333333333333333,1.0,0.1666666666666666,-0.0315217017415728,-0.4462050049562379
SJM,Falling Wedge,bullish,1,0.6082301780758337,3,28,1210,1211,2021-07-09,2021,1,108.57405090395238,107.2822510615091,119.54036062276464,105.36962123099627,0.9045686423719738,0.0120411328962759,True,0.0228233848003891,0.0322162553114129,-0.0341860815332607,0.0097674449915841,0.0398435724295027,0.0351341683726369,0.0109641927592225,0.0114159644644074,-0.0605755920441902,-0.0709191947044339,0.0041067987189384,0.026517033125186,-4.9400884716277467e-08,0.022845247976323,-0.0143757531719301,-0.0124207333210504,0.0054568602095328,0.0194396843455664,-0.1354929051545076,8.732846303183273e-05,0.0113268628773712,0.0628384069299574,0.0262347219837389,0.0028429448910063,-0.007514897024226,-0.045673751813253,-0.0293888256766281,-0.0195311487678357,0.0801181673828888,0.0496074397363637,-0.0656084727030542,0.0181069169240166,0.0518747771203622,0.0085566961711358,-0.0278991941942137,0.0002593950532421,-0.0229108961062675,-0.0670377863430208,0.0228202480675294,-0.00868624133109,0.0518747771203622,0.0811858690971778,0.007830876455356,0.0508222405979725,0.0378348022942145,-0.0058648495632566,-0.0171367923279577,-0.0333507465359026,0.0195613349020165,0.0666027968861731,-0.0657136339834731,-0.0510731593800449,0.0223870919138466,0.0601385086623569,0.0576421275890033,0.0704368849275338,-0.0723349385757037,0.0026643132912356,0.0397966078741742,0.0159753209249868,0.059521447849349,-0.053798042722287,-0.0139760552190164,-0.0667981360406975,0.01421953893462,0.03458747314518,0.0409319066568427,0.0312145874200935,-0.0277360910807672,-0.0661156496378101,-0.1066505344679245,0.0035331355837435,-0.0284790845747474,0.0693198506665451,0.0441341503349519,0.0005159787984716,-0.0337144294896949,-0.1103576154683475,0.0140979124357569,0.0904602752463967,0.0110323063836719,-0.037564094100166,-0.0478857187399044,0.0406560201722305,-0.0369294597432883,-0.0305236188698754,0.0111179707403179,0.0921933936578638,0.0226890812415467,-0.1788888307375362,0.0788962142303457,-0.0648308215262242,-0.0633281470150343,-0.0508882894014189,0.0174930423910781,0.0962040946462414,-0.0596576961717004,-0.0199192874745447,0.2080485212725809,-0.0688742667315928,0.1575680808724679,0.1820261892498529,-0.0494619648846467,0.1430673359225307,0.0341379582889369,-0.0526909097156045,0.0036529397311928,-0.0170237508613442,0.0719602558072689,-0.0788563152424806,0.0108330911847549,0.051317434296328,0.0633557736207901,0.150473993990204,-0.10551087302465,stop,1244,34,105.36962123099627,-0.0295137709818973,0.0539782712518608,0.0582953057020115,-1.0,1.8289181441764677,1.9751900134268792,3.422234481025684,1181,0.7422741929271882,5,0.0722889117756613,-0.0018652198551627,-0.225243976952815,0.0,-1.1939853122931696,-0.451711119365979,0.2509816957391016,0.0862203664643052,107.2822510615091,105.36962123099627,119.54036062276464,1.5983757808736871,0.0808891924555088,-0.018763982655504,0.0146405239188704,0.1361687859634144,0.6232938274701602,0.0079518176101536,1.0,0.031478986504388,2021-07-09,60.0,12,0.0465627957144252,0.0326543857937702,False,False,True,0.0,2.0,0.1818181818181818,-0.039008468509455,-1.5380757383620125
SJM,Falling Wedge,bullish,1,0.7063052864416108,3,37,1626,1627,2023-03-06,2023,2,132.24473258439207,129.90711197649728,141.44231271496056,125.70799463941918,1.3822804806950897,0.0179945545115167,True,-0.0049119444162646,0.0422174029759283,0.0166902338627084,-0.0121337616236999,0.0332853262654091,-0.0214852713972873,0.0090281754924617,0.0427779463637607,0.0046220201558624,0.0317809989129236,0.0286477777558247,-0.0175244052215066,0.02203599959016,0.0117324962170133,-0.0065313583316889,-0.0214852713972873,0.0222010251168021,0.0144218466534937,-0.034792685978464,0.0325467312054224,-0.0227294450350672,-0.0084139346203202,-0.0111456666155906,0.0252903537817674,0.0479829053081095,-0.0767538560325028,-0.0276077022816273,0.0290759522878154,-0.0120307519960016,-0.0113667879375951,-0.0460966101865689,-0.0243157740175523,-0.0353094695895666,8.12287820555202e-05,0.0644976516797168,-0.0002789836267559,0.0181675347467924,-0.0051716041577219,-0.038455832273615,-0.0197529663802862,0.0138060648892588,-0.0758522269183934,-0.0328958564504265,0.0056908686160219,0.0080381706425267,0.0386169012919887,0.0463990899142832,0.0263744416297337,-0.0271636156453941,0.0908486436984274,-0.1127678548755892,0.0626263571219414,-0.0022602689823684,0.0169613619781134,-0.026981621758982,-0.0356295803446298,-0.0720235687790794,0.0453725571138463,0.0469966318753496,0.039018169958424,-0.0110345002367819,-0.0579105533719919,-0.0252687975503604,0.0376029689894583,-0.0810956578001361,-0.0222472458258132,0.0454829627720558,-0.1112243416370762,0.0564339875793125,0.0535014881904702,0.0337498172120878,0.016438246986056,-0.1324348419578762,0.0655970245066863,0.1287057930855784,-0.0880508288436789,-0.0942983116521742,-0.0750453234900948,0.0877880607286025,-0.0411499904614817,0.0387267646810927,-0.0662762479253058,0.1150597243124231,-0.0020697966760906,-0.0467383320813751,-0.0289792074076906,-0.0704048131027045,0.0344840456101636,0.036826717835025,0.1199701142772642,-0.03877388736364,0.0555327426374313,-0.0206424498859647,-0.057793721191542,0.1732794690506982,-0.0171253258172833,-0.111543395539347,-0.1011589405992239,0.0720080488336669,-0.0744549115523479,-0.0727241454211695,-0.063990212542952,-0.0680747181687945,0.0117020403479346,-0.0210473300377538,3.779189094199609e-05,-0.0404795891642186,-0.0858395402827294,0.1312805705072017,0.1219994122124967,-0.0574918610742068,-0.0065459171015607,0.1789751111628954,-0.0451379898331287,-0.0168258782295207,time,1686,60,129.51487731933594,-0.0206424498859647,0.0615333021037375,0.0362089406578316,-0.4176173632837066,1.2448801145533972,0.732543007654398,1.407059638614081,1587,0.6410213385927566,6,0.1303246760960475,0.1478291469592809,0.2067640880542174,0.0,-0.9118889591928502,-0.2708676206000953,0.5178480253230806,0.0868293062937595,129.90711197649728,125.70799463941918,141.44231271496056,2.422181231047103,0.0727942069848275,-0.0081696007717702,0.0183390270659271,0.0742767705823148,0.517860873198252,-0.000464152421821,1.0,-0.0191099786243599,2023-03-06,57.0,15,0.0010290214391763,0.0076257594674042,False,False,True,0.1428571428571428,5.0,0.3571428571428571,0.0170665591249311,0.1997910847407308
SJM,Falling Wedge,bullish,1,0.6239668141361052,3,39,1782,1783,2023-10-17,2023,0,101.6210729838373,99.8784668397302,135.4493812874632,95.59860747426046,0.8152666031090067,0.0174472656544013,True,-0.0143643328695028,0.0099568135323663,-0.0321651418637397,0.0148142460427966,-0.0179912604302084,-0.0125951448736898,0.0103632836375846,0.0356052101614488,0.0906730927588097,-0.002560554191251,-0.0143643328695028,-0.0494794271156584,-0.0331972594871373,-0.0168114530118214,-0.0157416648357775,-0.0297837622568994,0.0304861766471635,-0.0065673739415508,-0.0173957037096211,-0.0316523041972378,0.0152877451982276,0.0076655057724599,-0.0105938267412226,-0.0028902560725484,0.0339368347048847,-0.0312573980347471,-0.0757300816646402,-0.0708072072029826,0.0079518756936975,0.0353510229598368,0.0315115399435321,-0.0293888256766281,-0.0451075046732365,0.0376450683552342,0.0220319221162521,-0.0047895740482464,0.0413445546090847,-0.0005550848178423,-0.0622154306893134,0.0349910232645325,-0.133495996974383,0.0257651016064484,0.0079828439430513,0.0284211249316508,-0.0629392974952539,0.0092742601201492,-0.0261888686079561,-0.0596765175114764,-0.0267872636174445,0.0145783456992616,0.076938165955094,-0.0879998421616232,0.1517704188027124,0.0277831051800785,-0.0047353209082208,-0.0140939849656331,-0.0441929262017127,0.0646033251278768,0.0417271684475724,-0.0619460629996144,0.0821368269144582,-0.0252235746004028,-0.0179283113434204,0.0919969479990183,0.0387846670959091,0.1287690569470005,-0.0131980602251631,-0.0421604358026613,-0.0452299808751103,0.1207153663175919,0.0370884194485428,-0.092141596269511,-0.0860482574700379,-0.0149342296461013,-0.0503121835598918,-0.0420505992181253,0.0146008035317237,0.1094200793058548,-0.0848441759885252,-0.0347005555748742,0.1248027162964442,0.1077477143744274,0.0464721585499763,0.0357172746916307,0.0909498512073934,0.036826717835025,-0.0057348579962935,0.1350898145437877,0.1247880863074357,0.0324870555042653,-0.0425253664567487,0.1004348438191991,0.1451209876559984,0.0428095327787705,0.0471116850878396,-0.0361673706221232,0.1411018196131908,-0.2032916241759216,-0.0818130829378851,-0.0287460606815902,0.0899338968431622,0.2425450008733745,-0.0896268942741789,0.0272817186374798,0.0696207017621615,0.0426682537740092,0.1463886508532248,0.079996892550477,0.1012660718894018,0.0185594922185556,0.0287925698812809,-0.0680747181687945,0.0932186091390983,-0.0666174954215884,0.1174135818139397,stop,1798,16,95.59860747426046,-0.059263943321428,0.0148901165358792,0.0599105732463088,-1.0,0.2512508567835291,1.010911017536813,5.617019848404721,1743,0.5936771105186025,7,0.0973158596366309,-0.0471439304399244,-0.2649876160990713,0.027027027027027,-2.7377190582814976,-2.144041947762901,0.5548467453471193,0.0964737412746059,99.8784668397302,95.59860747426046,135.4493812874632,2.361271480499805,-0.2164005808864806,-0.1353243158018161,0.0232829394793403,-0.2429156300041439,0.9842111814710192,-0.0016854506771737,1.0,-0.0151115304242722,2023-10-17,57.0,15,-0.1489551761249585,-0.1224072462990887,True,False,False,0.7857142857142857,1.0,0.0714285714285714,-0.0372518620633674,-0.7549610578904142
SJM,Falling Wedge,bullish,1,0.6338128991741608,5,86,1942,1943,2024-06-06,2024,0,105.07753836803938,102.99588211363545,121.43881920645292,96.5610091108594,1.767534216352335,0.0202110629248968,True,-0.0340385198530667,-0.0505099054262582,-0.0346498909574225,0.0303045892200048,-0.0045298807410135,0.058583596582844,0.0117692903828521,-0.0231148370549496,0.0529312369969003,-0.0250851188645778,-0.0187049480619895,0.0069544844885724,-0.0120945664010683,-0.0105686701581347,-0.0137717934775986,0.0527029479236795,-0.0209528446359981,0.0287930843142987,-0.0170270529478449,0.0251017481775852,0.0251001320864774,0.0219466469986509,-0.0407229275466301,-0.0537129878472288,-0.0773361600456858,-0.0796412212178699,-0.0044089798047767,0.0736123876030296,-0.0199119958114297,-0.0293888256766281,-0.0859518962873777,0.0744739340945481,-0.0239417971869774,-0.0376274003592683,-0.0572813302991906,0.0303930846552065,0.0914829776431536,-0.0541239558758784,0.0718907341263497,-0.0855637790795328,0.0752408777405364,0.0197149567032277,0.0137266669015234,-0.0354881347594117,0.0082014832280108,-0.0509833771640911,-0.0437016778899306,-0.087571233963037,0.060718903581983,-0.0117392920782219,-0.0290297931445897,-0.1602676389574564,-0.0914860550467238,0.1119422662981164,0.0919969479990183,-0.060352103895061,-0.0290297931445897,0.0531945423812825,-0.0018726541816155,0.0471827265301001,0.0273590034328277,-0.0111983406462764,0.0410894905612269,-0.0065157448716459,0.0918786466145478,0.0157709675679189,-0.0491700796227527,0.001764447678324,-0.0483135002427512,0.0523200013042253,0.0796986321970132,0.1006452930795165,-0.1021861051397566,0.0772692090366797,-0.0737096259348896,0.0087260982417527,-0.1461646076228618,0.0417865020969632,-0.0482640434731214,-0.1587759400088922,0.1350898145437877,-0.008017396588912,0.0501840231030532,0.0266540570914708,-0.090048831777233,-0.056928908061654,-0.0703308781257382,0.04700865858304,-0.0552691523672679,-0.049549107778009,-0.178814239154625,0.0798547603170601,0.0431181899414885,0.0052642672964167,0.1596617695192304,0.0685153281314152,-0.0184451649373817,0.0136823411364628,-0.0156000008409095,-0.0190838049545329,-0.0128213995087091,-0.1848282677532748,0.086206691202505,-0.0382780775711016,0.0168964441719885,-0.0790976174130538,-0.0341441226274938,-0.1059407761843689,-0.0453384654984438,0.1723448750296445,0.0013101494240854,0.0145842168989693,-0.0739053452240661,-0.0414487775736773,0.0499046901701241,time,2002,60,109.60829162597656,0.0431181899414885,0.0824746630589381,0.0799164965761236,0.5319952672172718,1.0175782070683903,0.986015368659404,1.9211207223435456,1856,0.4145026969372124,7,0.1903096981637656,0.1959387848063416,-0.1311143336277563,0.056338028169014,-1.1448626592834836,-0.730359962346269,0.963686833370312,0.1099613302871708,102.99588211363545,96.5610091108594,121.43881920645292,2.17449495287543,-0.0321788092614808,0.0156069710436794,0.0206045081140714,0.0114016986804013,0.4834260664306208,0.0366172909074034,1.0,0.0337789911975556,2024-06-06,32.0,15,0.072551000637824,0.0415989291341389,False,False,False,0.0,2.0,0.1428571428571428,0.0531875635228992,1.3044845937306002
SJM,Falling Wedge,bullish,1,0.6650304857450084,3,23,2085,2086,2024-12-31,2024,0,103.10902673503637,102.42037297931029,116.70495550186956,98.6951392744072,0.4888659960580815,0.0067237966011428,True,-0.0468311582745539,-0.0470008348337194,0.0263525741539483,-0.0367534703592691,-0.0065015713350242,0.0538089387270652,0.0433499067548874,0.000743645688795,0.0194673001995624,-0.0283072356343164,0.0011960681376828,0.0164849322924025,-0.0436893806591057,0.0332853262654091,0.0179038544472047,-0.0062706491921536,0.0468893470290459,-0.0153735847585819,0.0432154804490649,0.0153317907688557,-0.0407505230450587,-0.0067369783081783,-0.0535134468556657,-0.0729590659624731,-0.0767766142194149,0.0286464976978111,0.0172938599253063,0.0256166995646855,0.0730785716050173,0.0587198463237816,0.0723129886302864,-0.0343001279754129,-0.007318702129982,0.0132188763578355,0.0157833858051241,0.0194645074648855,0.0302947122772692,0.05566229230167,-0.0305083357055518,0.0032344292696506,0.0662203336381788,-0.0215009193132911,-0.0153106473620368,-0.0798226487788301,0.0201237209172338,-0.0885045329881547,-0.0336317593863371,-0.0547215319558267,0.0150423861245387,-0.0174048429355154,-0.0871894889770341,0.0452188468006444,-0.1075276114015758,-0.1195144288969913,0.0178993803987266,0.0266973707782736,0.0532303823895903,-0.0199965980442472,0.0063692436705979,0.0139792365411579,-0.1079739730200084,-0.0104561617782185,0.04346027201399,0.0754970074074403,-0.0065416139424391,0.0305313475773325,-0.1009719653702353,0.0109271737565199,-0.0216955575409644,0.0238947587442321,0.0334300240139993,-0.0949887763899582,-0.0737792558345685,-0.0116194006251088,0.047923861317412,-0.0876231275691965,-0.0983941075221184,0.0523200013042253,0.0332221652535835,0.0489394669764922,-0.0107462376346519,-0.0361547558633531,0.1128371315567768,0.0674072156691953,-0.0324309223480631,-0.020286092427854,-0.0757807827038032,0.2242711218860797,0.0408274325210369,-0.0896475418135517,-0.070981032659496,0.0276289405895782,0.0816254248546464,0.1296703678066076,-0.0778247423089149,-0.0417665755355493,-0.0450613292295132,-0.1777139830344452,-0.0728335656492824,0.0696640981697647,0.0304044988698004,-0.0248312626112717,-0.0413307565924176,0.0714669894428181,0.2011483195821246,-0.0665083600261373,-0.0361673706221232,0.0137949596201578,0.0894083281589386,-0.0260522990817474,-0.0280198912375336,-0.0094214396675349,-0.0172984973049108,0.0051000935166765,0.0908175641317014,stop,2090,5,98.6951392744072,-0.0428079635740497,0.0157309376156631,0.0573184896205617,-1.0,0.3674768968734418,1.3389679123934857,3.080261762019468,2062,0.4862592252495047,5,0.0413634804207356,0.0657580403946347,-0.1947829365487622,0.0,-1.469804718274382,-0.983545493024884,0.7882750027932992,0.0754920007486964,102.42037297931029,98.6951392744072,116.70495550186956,1.8776876524151445,-0.0341712828768959,-0.0302775478596006,0.0182917322578755,0.014177246561724,0.5581400850469802,-0.0010010745090867,1.0,-0.0258061440379543,2024-12-31,32.0,15,0.0122755823938098,-0.0316334122283104,False,False,False,0.0714285714285714,0.0,0.0,-0.0326996739880307,-0.5597060409101736
SO,Falling Wedge,bullish,1,0.7538130909833486,3,21,924,925,2020-05-20,2020,0,43.25660987338054,43.01184702893235,47.94936664286914,40.92273394767312,1.2196020314839624,0.0056905913452995,True,0.0398318995728896,0.019009384416796,-0.0201333635079279,-0.0196557596863594,-0.0405320135814802,0.008799229077046,0.0081324683903205,0.0110507002108479,0.0306303505820533,-0.0243638914280704,-0.1144410525677498,0.0018107867855257,0.0026915510936231,0.042241785734167,-0.0057441455467573,0.0205487371309622,-0.0077918019538171,0.0119060721469874,-0.0076955529723041,-0.0348119707723517,-0.0197779922703302,0.0044434926651326,0.0474665180964138,0.058834390517243,0.0097428140814388,-0.0012013804539535,0.0065712000737661,0.0356001942788903,0.0045903392254809,0.0044552503974082,0.0191743917678068,-0.0055582604861982,0.0258622483239874,0.0185460543546251,0.0510779981830769,-0.0063381359754733,-0.0354937695433341,0.011418097105176,-0.0795267790188465,0.0025282971754563,0.0342608596247859,-0.0395420306250872,0.0118582148576322,0.0049247097073765,0.0045802311782856,0.0554450040096999,0.0252148905439604,-0.0252918716303407,-0.0604196113740105,-0.0659263604509599,0.0968638687558551,-0.0063824547968511,-0.0162476133069177,0.0168425659883102,0.0473249303209635,-0.0468208642915192,-0.0182200493038711,0.107684651771968,-0.0138967249703495,0.1266419119504775,-0.0660576888984559,0.0593500064686747,-0.0356234194835112,-0.0539100862144096,0.0545985924235596,0.0146855553485392,-0.0065106916108853,-0.062578736827739,0.021645001469017,-0.0027406716565935,-0.091509260784829,-0.1062378702261547,0.0013113021201842,0.0264251816379692,-0.0049131593404373,0.0204460893210318,0.031896255968143,0.0907913320914133,0.0295575791559303,0.0083817485503561,-0.0829073979694403,-0.0966175549998948,-0.1014862361084154,-0.0719911827251152,0.1211427638797699,0.0201390887741355,0.0380760769632175,-0.068979215230441,-0.0500980439768468,-0.0214732147065793,0.0562849957678139,0.0052719013960744,-0.0098580295151496,-0.1497959174561488,0.0147453991733836,0.1133505122452842,-0.0311794516619099,-0.0113214274054306,0.0502200182552963,0.0734028586611634,0.1111140972036703,0.1201971672078228,0.0832354546676503,0.0219370369141786,0.0111055420863404,0.1168215629970668,0.0119114361718191,0.0862075821563312,0.045422996757092,-0.0524479108675095,0.0720109052260487,0.0372495500676599,0.068396065299386,0.0811282093672352,-0.0610334097412786,stop,948,24,40.92273394767312,-0.0539542033584941,0.1048788194539229,0.0551797751806792,-1.0,1.9438489112157693,1.0227150387902482,2.0107139020538045,903,0.5265737264849757,5,0.0186315208193322,0.28383017839066,0.1451678650664243,0.0,-0.781284450816572,-0.254710724331595,0.6277736887187974,0.1249509128187946,43.01184702893235,40.92273394767312,47.94936664286914,1.417916898376619,-0.0775604683740217,0.0146417284442084,0.0327194031476465,-0.1040716762659318,0.6878993891623754,0.0115737308506842,0.0,0.0638839773889403,2020-05-20,1.0,26,-0.0981625040527243,-0.0924763890942436,True,False,False,0.64,0.0,0.0,0.0220071889198988,0.4997231910305164
SO,Falling Wedge,bullish,1,0.6407559050115242,3,20,1187,1188,2021-06-07,2021,2,53.43477527473853,52.6066738011757,55.04415923806124,51.95425744501885,0.8146875223592824,0.0157413767822043,True,-0.0155862988889936,-0.0206679212691209,0.0071073134224195,0.0004013799397435,0.0052199458895749,0.0044758410192067,-0.0101223804802673,0.0104356944886971,-0.0039568186982238,0.0364325856660361,0.0313266531059954,-0.0246120899438108,-0.0378915887619809,0.0017603462140647,-0.0191968785194458,0.0336114009348433,0.0389286399434791,-0.0042508542762768,0.0084385161535984,-0.0191889420036863,-0.01089884511047,0.0236426132600091,-0.0191694255011689,-0.0354937695433341,-0.0334302464951413,0.010310362535798,0.0075970227964015,-0.0130886296373453,0.0395742320158643,0.0542005327064822,0.002169594623959,0.0025515462674992,0.0388176423905601,0.0344701440857766,-0.0155879618353806,0.0089664161486859,-0.0511593467537004,-0.0024359619124957,0.047080013010847,-0.012958025433401,-0.0315858183729564,0.0850901305524391,0.0292807515548665,0.0188301252503793,0.0196996906840607,-0.0490848925772511,-0.0487654880360155,-0.0753221877567269,0.0068835640376501,0.0434686876380365,0.1177924756841808,-0.0045609110393133,0.1009571204905541,0.020358583962561,0.0061957140238539,-0.0104807050472778,0.0385911932020148,-0.0143638746382721,0.0414598098645715,0.052735287008971,0.0720706514604105,-0.0121446128321353,-0.0034322438289247,0.0099981618693831,0.0904113346317267,-0.0057626479009377,0.0345609078382733,0.0455561803022099,-0.0802802218723924,-0.0103395064379053,-0.0563872951195906,-0.0288009788614728,-0.0569277928166075,0.0253306877167929,0.1312396220291114,-0.0043738450452815,0.0427911927162927,-0.0234099301422363,0.0792971918658591,-0.0078910078169632,0.0388124922435284,-0.020827388104176,0.0751284464323529,0.0983965352636619,-0.0214259312854212,0.0433244628498574,0.037868562721117,-0.0388869652953877,0.0426984308152487,0.0591863307618194,-0.0598410418836297,-0.0309239601461286,0.0246420606805786,-0.0460897952488008,0.0832643484061692,-0.1264595601825136,0.0057446872949953,0.0674355976889253,0.0396129765215778,0.1042376209793347,0.1356911873250059,0.0487466333244033,0.0460166002459661,-0.0118148190379254,0.0870969384399698,0.1046095939206375,0.056336779925189,0.1400065955645582,-0.1631210842242361,-0.1212126144043216,-0.0910532966521486,0.152095290102036,0.0314934907469761,0.0385904161889962,-0.0067238084281011,stop,1194,7,51.95425744501885,-0.027707009566476,0.0,0.0283951569592009,-1.0,0.0,1.024836581193426,1.0870412574682955,1165,0.6808862263045723,7,0.1652963880623659,0.0421973003276145,0.0120752448640431,0.0,-1.0054329540600733,-0.3245467277555011,0.3952404429679859,0.0431058989893351,52.6066738011757,51.95425744501885,55.04415923806124,0.5978423663606149,0.0978727105834502,0.0126721749802778,0.0112107538347915,0.066827429058615,0.5937462747061522,0.0023310763715471,1.0,0.0001656101453366,2021-06-07,58.0,16,0.0569994987609194,0.0603059371625098,False,False,True,0.0,1.0,0.0666666666666666,-0.0073131835687633,-0.3388597686511043
SO,Falling Wedge,bullish,1,0.6993523963414214,3,57,1631,1632,2023-03-13,2023,0,58.02011445192597,57.01695448290232,65.72654350948775,54.45734236021895,1.1882635504689942,0.0175940643992913,True,0.0446509445396308,0.0325057787525144,-0.0339920546100616,0.0164893722636039,0.0436285370360889,-0.0150618639067698,0.0550594512069466,-0.0163368026318712,0.0099764404333031,-0.0071629985989953,-0.0053032196956703,0.003799577915466,0.0122638495616074,0.0042910926315677,0.0244775165526427,0.0281859592083288,-0.006430479346743,-0.0069046946519488,0.0016762731664468,0.0468681677403841,0.0208938945021532,0.0175738425462972,0.0349513514734919,0.0399266991651867,0.0207122798042715,0.0647390557858558,-0.1189975139359703,-0.0449826823988466,-0.050733603225498,-0.0368432094033758,-0.0458039043413434,0.0156377466264072,0.0506009222982819,0.0143998075982014,0.0089246152630615,0.0185460543546251,0.0320190113542058,0.0815919261030297,0.0013604649468996,0.0338109181088304,-0.0125725162450146,0.0933954140447912,-0.0240238717504878,0.0026141145449505,-0.0181458169119372,0.0366498525243534,0.0946355434928538,0.0414123047042434,-0.0412322951671725,0.0467646594826174,0.0147026111056112,0.0248084050936534,0.0258176056548877,0.0726390550902487,0.0560274218221317,0.034733229076082,-0.0702776634011735,-0.041064709805765,0.0049752311598845,-0.0134791425970658,-0.000449318088862,0.0218849863841583,-0.009453115606279,0.0271613132154118,-0.0872350007879773,-0.0160031987803225,-0.0229216781164339,0.0337735880355631,0.0915769443043939,0.1382197873584545,0.0818860246894404,0.0247839696924505,0.0188447213122009,0.1020807263105483,-0.1030433206015046,-0.0419773947100781,0.0940102134834024,-0.1532835614913522,0.001079915928257,-0.0400166362423224,0.1101926516918652,0.1061906487347545,-0.018263651325364,0.0157267612354596,0.059912911860386,-0.0065837121633767,0.0067972986957951,-0.0968909792904429,-0.0311182124055278,0.006185853248575,-0.0850623573998721,0.1397414950302618,0.0788452132349233,-0.0176410172291747,0.1176681546370246,0.0077422903855548,-0.0388321527784003,0.0836365333471504,0.045422996757092,0.1225669477013235,0.0406747391989745,-0.0043429096442497,-0.0084775307264546,0.1244931914849365,0.0551112248118255,0.1233754815901051,-0.027028590934806,0.0352509806513576,0.0578482811682552,0.0839085492763278,0.0612043679977785,0.1291419229957382,0.111952504139823,0.0207394978749226,0.0217423892382093,target,1661,30,65.72654350948775,0.1328234032345308,0.1347149687794633,0.0028954957856374,2.1630429506001367,2.193847292439956,0.047153450334024,2.1630429506001367,1574,0.496638167852849,7,0.1784809017780846,0.0942754562440932,-0.0503487082019759,0.0,-1.2352169306357916,-0.7385787627829455,0.7309364814299395,0.0997685278532153,57.01695448290232,54.45734236021895,65.72654350948775,1.2264880496427593,-0.0567574480967379,-0.0253822946146764,0.0212915178733328,-0.1633989549719607,0.4548500274301171,-0.0023459469471384,0.0,-0.0555829318020157,2023-03-13,55.0,16,-0.1401598379786713,-0.0558412505405152,True,False,True,0.8666666666666667,5.0,0.3333333333333333,0.0161506930740546,0.4208920817457656
SO,Falling Wedge,bullish,1,0.6723816347093364,5,39,1757,1758,2023-09-12,2023,0,62.21532239910448,61.26045363167273,66.75076459077343,59.073993627966,1.2226721570657952,0.0155870338991102,True,0.0278301631699811,0.0321967941692418,-0.0113794353578731,-0.0332405449053532,-0.01089884511047,-0.0080017043822381,-0.0123623436872725,-0.0102374041134825,-0.0044118553056304,0.0037623034995584,0.0227625051132502,0.003809786368194,0.0001790098309202,-0.0247697249472641,-0.0050038345083291,0.0217148725216513,0.0242031586725521,-0.0341743234726374,0.0040638836505506,0.0180035391590045,-0.0052572998318611,0.0270724328536517,0.029538454367635,-0.0272502481884022,0.0149662122363463,-0.0280432854024172,0.0148439420352524,0.0084442972298404,0.0065021371689122,0.0141654526412011,-0.0731297474321578,-0.0027427496374085,-0.0056280615299274,0.0401178934554762,-0.0289722778559752,0.0237351366200961,0.0434848589487466,0.0148841934530645,-0.0135580863419136,-0.00919228756137,-0.01550130419021,0.0217975419542877,-0.0025112937688963,0.0228886502753813,0.0077479641585804,-0.0292168968994304,-0.0369617187266713,-0.0142211235977244,-0.0057849635215049,0.0130756639537867,-0.0261672952569502,-0.009453115606279,0.0100318551246165,-0.0336490121130562,0.0068420336027965,0.027753794786643,-0.0102977622415114,0.0327595445370718,-0.014408274034249,0.0114397018047618,-0.0161249592698513,0.0188447213122009,0.0010272660529566,0.0008433123066318,0.0423584984938585,0.0413523423319781,-0.0625252554908804,0.0129549505245969,-0.0390053710915521,-0.003913484174528,0.0134520594988334,-0.0890911139201084,0.0717468234943115,0.0682056032938247,0.1247612003445439,0.0656549978064844,-0.0476636985688652,-0.0641953203584745,0.0209812018295376,0.0759325140267774,0.0484017114615875,0.0449380718654464,0.1428451622822186,-0.0607168266739138,0.0462097261992136,0.0639556842855393,-0.0896198716248878,0.0274342980499466,-0.0331845076330253,0.0266695487383921,-0.0476636985688652,-0.0236935594910122,0.0579368990757436,0.0352036615814101,0.0261883327478253,-0.1019793126299973,0.1259125343519538,-0.0032437031116867,-0.0163463353943738,0.0132495919542139,-0.0963801568924961,0.0661450381439832,0.0775122088429904,-0.0313005695222164,-0.0664013598579982,0.1556385852229258,0.1370064762120706,-0.0257227217819685,0.0115711215341678,0.0722362507187082,0.1023264779081392,-0.0186134561453102,-0.0350658356605209,0.0730228591498987,0.0346490977862281,stop,1769,12,59.073993627966,-0.050491239939049,0.0398609940501399,0.0588490791524447,-1.0,0.7894635603771777,1.165530480603862,1.4437973615939668,1718,0.5252371845174364,5,0.0488680721460668,-0.0054700854069862,-0.3554832733282783,0.0,-0.8702237704756556,-0.3449865859582172,0.6598117907357193,0.0891930931061861,61.26045363167273,59.073993627966,66.75076459077343,1.0022891914126788,0.0049114397541052,-0.006473751370568,0.0162015917808687,0.0739366508166121,0.80419669962067,-0.0007338386053478,1.0,-0.0047309441211348,2023-09-12,55.0,16,-0.0388994309588052,-0.0636778587604862,False,True,False,0.3333333333333333,8.0,0.5333333333333333,0.02424586109579,0.6195832954824572
SO,Falling Wedge,bullish,1,0.6673307537402133,3,47,1870,1871,2024-02-23,2024,0,62.05209874652923,62.17935207412617,67.16580468513624,60.0127613694022,0.610757343275689,-0.0020465528081611,True,-0.0081590801486736,-0.0171103729292553,-0.0031588196602819,-0.0166099674616763,0.037054591458743,0.0251192967164668,0.0154223893702667,0.0020638918212707,-0.003197206987321,0.0236269194210994,0.0180035391590045,0.0111625505391788,-0.0447251595478677,-0.0153841848930206,0.0249358418246132,-0.0118392156464448,-0.0213643487178365,0.0122120686488156,-0.0189775042925594,0.0136942096726109,-0.0206567927102606,-0.0297484192691379,-0.0080407641209567,0.0237351366200961,0.0170068451716531,-0.0110795125874944,-0.0203154351179472,-0.0129488291442481,0.0290853617087385,0.007726788342816,-0.0169512385204746,0.0312397991640753,0.0173836496586421,0.0100518100396955,-0.0056130925399844,0.0133994588621277,-0.0765879974916005,0.0056985877256718,-0.0128144578139436,0.0075970227964015,-0.0920329772727468,-0.0285354571658789,0.0501175891100551,-0.0081275116870006,0.0188873068789283,0.0284260933728045,0.0354546828935833,0.0068703213115048,-0.0045559593691121,-0.093914428418924,-0.0462936740607241,-0.0096977447064364,0.0338817903460033,0.0899320226149169,-0.0144983904402301,0.0899320226149169,-0.0370005503487713,0.0121849929894843,-0.0341290537186178,0.0216643948180623,0.0583484540906538,0.0289373580796681,0.0306482366394098,-0.0100907889465841,0.0260670958340705,0.0220024803127287,-0.0269542546116458,0.0334936085770096,0.0269568022787894,0.0826286891380334,0.096453913484156,-0.0729958030647324,0.0432795478047534,-0.0835439210678822,0.0157267612354596,0.1702415201918408,-0.0343263518597596,0.0873660265383045,0.0007641884207625,0.0875335699251771,-0.0078910078169632,0.0443575986233166,0.0493334050677223,0.0527588238740273,0.0742139547545446,0.1166525146841923,-0.0785495363690044,0.0766192008151358,0.113581537964666,0.0006938387860597,0.1030519015878479,0.04468530063326,0.185504121291993,0.1394548934207837,-0.0220396162529347,0.0062879851700359,0.1048615750583945,-0.002422932321909,0.0970872037799124,0.068396065299386,0.1018177098700858,0.0877270357397803,-0.0052909155234763,0.054847423070798,0.1150632817195627,0.1058944188643429,-0.0373143587497372,0.1481010689503041,-0.0752534485338916,-0.018674284889895,0.0358832006449707,0.0774396211589496,0.0336409676776272,0.0537545759097923,0.139013792459888,target,1910,40,67.16580468513624,0.0824098788261054,0.0851505428833807,0.021065217100002,2.507533082049947,2.5909248536226768,0.640963553292919,2.507533082049947,1823,0.4070430039165215,7,0.1139752946998062,0.0843756740503844,0.1265719017988837,0.0,-1.0219229694276404,-0.6148799655111156,1.0908450006470791,0.0637632554123969,62.17935207412617,60.0127613694022,67.16580468513624,1.096249709792001,-0.0042608801243021,-0.0157615614464069,0.0175935222306117,0.0228692484887083,0.5595277020890013,0.0005947135586337,1.0,0.0406123655052985,2024-02-23,28.0,24,0.0036166776674517,-0.00179387364221,False,True,False,0.1739130434782608,14.0,0.6086956521739131,-0.0353058714338202,-2.208854421758336
SO,Falling Wedge,bullish,1,0.7573953339701797,5,61,2093,2094,2025-01-14,2025,3,78.2904558857453,77.90885846558092,91.2934481397952,75.58456543707393,2.0469990456514218,0.0048979978359324,True,-0.0045841035236066,-0.0318739001266904,-0.0043750596088424,0.0230820091183348,-0.0176906657497267,-0.0083814017715388,0.0246409589166007,-0.0265631855706703,-0.0706755426681662,0.0525676545562701,0.0066396451632342,0.011580255319497,0.0049586689330141,-0.0076955529723041,0.0550594512069466,0.0334365745739888,0.0391215650441418,0.0056614427903118,-0.0432150845658276,0.0129824495382135,-0.0039381416248925,0.019992132436692,-0.0099435121768704,-0.0008445623186167,-0.0202910889900008,-0.0795267790188465,0.0366703973403441,0.0665154484039622,-0.0141343794032867,0.0136480727462826,0.0513622347319051,-0.0046196047130241,0.0172904808652969,-0.0203603473517991,-0.0071631086830805,0.0353098274923859,-0.052292851125383,-0.0150980093947832,-0.0133781468288725,-0.0324266814324407,0.0542005327064822,0.0212554348306208,-0.0654565311387769,-0.0069549829694662,0.0020596252073425,-0.0001895939318598,0.0471650892697064,0.0250926766699668,-0.0371585330992451,0.1559700296659265,0.0082882334438942,0.0144522683081895,0.0164260556106257,-0.0091543069313476,-0.0422983221786739,-0.0022564638156874,-0.016985992019786,0.0068835640376501,0.0871236964203123,0.0158135547625546,0.0074547308919616,0.0678001603432212,-0.0140394121222088,0.0589166192528078,-0.0520236548434634,-0.0392404269066919,-0.0324634396844278,0.1067905337908137,0.0321501445233851,0.0903553576742914,0.1562677908284874,0.0252122529710474,0.0198332255254991,0.0075141146286394,-0.0164321265533604,0.0845604884982416,0.0056526018041789,0.0359674561975462,-0.0508242781712924,-0.0538317892189005,0.0672328405405735,0.1371614107724736,0.1479065212710804,-0.0829173789751139,0.0916904901229374,0.026428032688712,0.1316624374994879,0.0337190602010455,0.0845176988880891,0.0147139510664477,0.100715016845607,0.0498312563441444,0.0813532312894123,0.1900584560138992,0.042910313627452,0.0500869395873815,0.0266090929928335,0.0135151388484164,0.1061383008373513,0.0872414877801699,0.0266627850381029,-0.094017928275061,-0.0036451430652225,0.1168215629970668,0.0832623224710429,0.1370064762120706,-0.0140669798688366,0.0721782890017805,-0.0334525106245248,-0.0350403136654259,0.0166107137634292,0.0808107067706076,-0.011568386363615,0.0960776605058977,0.0431462048608664,time,2153,60,84.65963745117188,0.0813532312894123,0.1392588876725077,0.0113390341172084,2.353820927434048,4.029225132664105,0.3280761609458953,4.805439281710225,2029,0.701432626238765,7,0.1642298703669255,0.0944958385613516,-0.0679613346301185,0.0166666666666666,-1.5305138975850294,-0.8290812713462651,0.3789109296790304,0.1023157740080586,77.90885846558092,75.58456543707393,91.2934481397952,1.1352983307012,0.0013766148199256,-0.0365035387725545,0.0146513343172383,0.0420347631204032,0.7710889887764453,0.0015878358945664,1.0,-0.0333932108242891,2025-01-14,1.0,28,0.075242713496308,0.0062184909976954,False,False,True,0.1481481481481481,6.0,0.2222222222222222,0.024257299782368,0.8121450605833804
SO,Falling Wedge,bullish,1,0.6681138942774286,3,28,2267,2268,2025-09-24,2025,2,91.56649294163128,88.32357694156667,93.7445772769446,87.17637078572778,1.3580751153674997,0.0367163119108058,True,0.0022202194411047,-0.013753904537072,-0.0238975179392948,0.0055309879976412,-0.0022059133240447,0.0135021360069889,-0.0205122953857092,0.0004509447934519,-0.0003293100578473,0.0053229469502291,0.0401572504752896,0.0419435386709272,0.0151936557043095,0.0280855714050711,0.0072895622078108,-0.0083786350208358,-0.0021080167142384,-0.0243331132529656,-0.0090272904310784,0.0315895413388791,-0.0299636838270381,0.0078255678355145,-0.0015865769305483,0.0168094436356998,-0.0062472906567121,0.0069905804317844,0.0199724177494782,0.0092514569373136,0.0011452301912466,-0.0161975067887041,0.041089415178851,0.0285302587143696,-0.0167760772771768,0.0373741993213458,0.0143064067787199,0.0153471509676574,0.0042940026224789,0.0206290178219499,0.0111625144137004,-1.7216589254243078e-07,0.0288876313951567,0.0342604907697483,0.0190311959132778,0.0364314579065991,0.0338109181088304,0.000332414186163,0.030552961589896,0.0155668543144738,-0.0254921229022377,0.019963164766469,-0.0223255809186071,-0.0027944273005092,0.0238985755552678,0.0187234797155326,-0.0186352311788887,-0.0111683116962567,-0.0690252537394694,0.0118262148816699,-0.0462936740607241,-0.0071140213719355,0.0559939067528063,0.0421317608020823,0.0643629351622812,0.0421317608020823,0.0053872068289062,-0.0027286910039862,-0.0063712780758736,0.0264618174146522,0.0256063500682329,-0.050823642448086,-0.0579519162309686,0.1264672168126124,-0.0195460609859812,0.09716766084222,-0.0785495363690044,0.0045489407574565,-0.0570382971198987,-0.1694398994194622,-0.0702433745140858,-0.0242803759541598,0.1128250584720989,-0.0413625239937158,0.0131659499263827,0.1000794137830909,0.0396905666219857,-0.1746374000631768,-0.1013426926333574,0.044283878404477,0.0852581824568297,-0.0322521902465489,-0.0311182124055278,-0.0420074576666977,-0.0703293777882204,-0.0984928760605893,-0.0203886283810192,0.0925639467862178,0.0374604537987275,-0.0176244589389201,0.1372639904798789,-0.0764827975732809,0.0982151137653741,-0.1328998945685314,0.1745750824551257,0.1164273010810528,0.0835036451460018,0.0582068339635881,-0.0293512462417275,0.0144207648472822,0.0512446115128648,0.1014257440258223,0.0992634495323327,0.0288688888136223,0.0495800289290386,-0.0176244589389201,-0.112761796312947,target,2279,12,93.7445772769446,0.0237869144633695,0.0398562074118196,0.0120520309631751,0.4961329680506486,0.8312964890389256,0.2513739182947141,0.4961329680506486,2237,0.7034939295261394,5,0.0678637047233001,0.0267729914809184,0.0277904882441708,0.0,-1.2323437644140685,-0.5288498348879194,0.370709360541647,0.0470055116724959,88.32357694156667,87.17637078572778,93.7445772769446,1.0454788241391395,0.0713713247392691,0.0130347089183449,0.0114394691392424,0.093799692632166,0.976563431323466,-0.0011737275927158,1.0,0.0275478520513201,2025-09-24,1.0,28,0.0843353567503861,0.0700661749338533,False,False,False,0.037037037037037,3.0,0.1111111111111111,0.0053521321057734,0.1891518050928113
SPG,Falling Wedge,bullish,1,0.769787894823033,8,76,721,722,2019-07-31,2019,0,108.3822249208186,107.75895957951695,123.46622422590852,102.82467541938914,1.7098504500966338,0.0057838841775539,True,-0.0465187104298481,-0.014159490563697,-0.0331811513449203,-0.0020359611713538,-0.0039117753837103,0.0766027962875173,0.0099931839286735,0.0135205009142247,-0.0020144014261952,-0.0454932780682555,0.007573191463309,-0.0309754267360697,-0.0123886016287533,0.0351688996277017,-0.0318817505146297,-0.0106147142557103,-0.0142317939187714,0.0818780795966171,0.0162806581210839,-0.0228025830118735,0.0039618514664612,0.0063181421288824,-0.0486070037335595,-0.0552138453745084,-0.0091787389720352,-0.0449477659792192,0.0043811565328288,-0.0450204045614268,-0.0041207762934186,-0.0036908588665163,-0.0250546433870215,-0.0066460192319131,0.0091229212071617,0.1015482653693367,0.0114029549709908,0.129668549530606,0.0370805791499024,-0.0030185386985475,-0.0154620748299603,0.0762586954551338,0.0114029549709908,0.0339452200337873,0.0337960266162793,-0.0112247343760975,0.0279403893709335,-0.0710819402236999,-0.0771297076732159,-0.0478618812249861,-0.0024712525451451,-0.0785776609624081,-0.1135873718504992,0.0390338890899499,0.1289956798057006,0.0126928563223231,0.0319688241626976,-0.0377143716031251,0.0622505176366081,0.0570290028870192,0.0168781835317803,-0.0630878196930011,-0.0858626653044597,-0.0785776609624081,-0.0083077623793677,0.0181666560603819,0.0499197374945417,0.2289044994566518,0.0678704278752633,-0.0084423438455576,-0.0889837759320632,-0.0199465351570595,-0.0225391755580506,-0.0776335547953652,-0.5367355334511814,-0.0238348683465166,-0.0904075640223081,-0.1813503643136942,0.3247290043281279,0.0035417891746882,-0.1971304581899527,-0.0800747215671209,-0.1769151456769933,-0.1136450814631105,0.0127513919704782,0.1201171848926125,-0.01535798480523,0.0005064945897466,0.0523475873019871,0.0190751917363132,0.1099789902969721,0.0199287843974418,-0.5657265237049993,0.0498452339253456,-0.0273777564026918,-0.0413461657934477,0.0833795778864856,0.0927572129653921,-0.0765402598705393,0.4467313606314471,0.1750701644379733,0.1397054357402336,0.0103456162947461,-0.1094931603961396,0.2956495444913838,0.0125573532221348,0.0111006683148315,0.097626175433868,0.386322315458369,0.0251203028952622,0.1524538073730141,0.0598095517674914,0.0129141541134265,0.3682503644107182,0.0374299883680575,0.2217619240232511,-0.1495253612807622,stop,726,5,102.82467541938914,-0.051277315126993,0.0024843746905191,0.0634120806706776,-1.0,0.0484497810457969,1.2366497838982335,2.714145740170222,645,0.4128004098158978,7,0.0970412127894108,0.0910076771905814,0.2205021876262936,0.0,-1.24094623297934,-0.8281458231634428,0.944357514822551,0.0828904706770152,107.75895957951695,102.82467541938914,123.46622422590852,1.607363449431567,-0.0575902120992126,-0.0037906772875399,0.0147216974145388,-0.0844500740328263,0.4205116768587313,0.0142938091294326,1.0,0.0033734884808127,2019-07-31,5.0,4,0.0289808468342818,0.0382043620711944,False,False,False,0.0,0.0,0.0,-0.0128778954401412,-0.1133433183602742
SPG,Falling Wedge,bullish,1,0.7070928414387152,5,63,1387,1388,2022-03-22,2022,0,103.62511406995324,102.76802099558915,133.91903885282522,96.50089804486078,1.0256378712201364,0.0083400756972917,True,0.0455060431611384,0.0127480108912674,0.0157946327934956,-0.0119090060002519,0.0476892735773155,-0.0165812395542789,-0.0177520949969023,0.0660379350236228,0.0226200724350635,-0.0177645236549021,0.0051302513640718,-0.0150567378389137,0.0119041263375074,-0.0068091436220708,0.0261212439769373,-0.0094729708264809,-0.0426257091002434,0.0056868186513208,-0.0091645003949067,-0.0032874181533055,-0.0681506402228881,-0.032626931824223,0.0480168712626401,-0.0112819902773442,-0.0205008020333703,0.0094005541533284,0.0307644892832168,0.0205401873021755,0.0183342183460739,-0.0169493128126813,-0.0313992275345788,-0.0029335252033727,-0.0031592349945585,0.0541798151885188,0.011826882238431,-0.0339129602220732,-0.0077670016309591,-0.0713487855432906,0.2167178432761658,-0.0158573128365746,0.0475459749186129,-0.0152747268006053,-0.0165907600816839,0.0028787822778806,0.0164237919303598,-0.0219529748400635,0.0039371717616873,0.0088600663013701,0.0125347919461316,0.0600768197326748,-0.033698604687156,-0.0832069531342144,-0.0160318060814754,0.0150499794724165,-0.021827874068984,0.0254643894036192,0.1246193499788665,0.025815599040259,0.0388306988126769,-0.0682316565060559,0.0176779130854547,-0.0575846991674978,-0.0129037481967525,0.0580391549117649,-0.0564442420500712,0.0323259424859383,-0.0224811916103327,0.0259296495273744,0.0007394961169555,-0.1393202073890661,-0.0161409421335037,-0.0464785598943192,0.101771716373985,0.0025279019590802,0.1316811114390446,0.0773544814863778,-0.0677749881958524,-0.029577124939096,0.0555346371659244,0.0096040114803535,-0.0325851901104409,0.0704054775453557,0.0981962990967217,0.0549953860290592,-0.0776335547953652,0.1110604120426774,-0.1769151456769933,0.0889955476637947,0.1306466409325259,-0.1766599918956141,0.2645840573298934,-0.1688068636409218,-0.2725478059453056,-0.0929591462258024,-0.0879494297320239,0.1501833060124975,-0.0225586987359902,0.3486704111675649,0.0600880517185167,-0.1056368793241802,-0.0368189041365331,0.1324784623906669,-0.1198178399688987,-0.0002204305724265,-0.0029953305468095,-0.2079207555363212,0.1998480380374891,0.1150763879157146,0.0698279682454554,0.1039626791904371,0.0705048582368228,-0.0961123804228663,-0.0431710737398166,0.1196505881534193,-0.3049022573629415,stop,1412,25,96.50089804486078,-0.0687498980245578,0.0498218916781462,0.0757932016031442,-1.0,0.7246831356804282,1.10244820401145,4.252246798268417,1324,0.609134079965274,5,0.0214052594896713,0.125040549800381,0.2925332465005521,0.0,-1.1538412924963113,-0.5447072125310396,0.3810914032552636,0.2004166822452866,102.76802099558915,96.50089804486078,133.91903885282522,3.537839240853764,-0.0375517723914702,-0.0545466533356031,0.0339428644756478,0.0427531082532337,0.5515314059352092,0.0161938539758395,1.0,0.0498562537237108,2022-03-22,60.0,5,0.0917955054008752,0.0297322349424302,False,False,False,0.0,1.0,0.25,-0.0561961472391229,-1.1422498003803667
SPG,Falling Wedge,bullish,1,0.6877368929715874,3,19,1626,1627,2023-03-06,2023,2,101.8503317310374,100.33390632687292,109.0693326349948,97.75192984777568,0.8709848939303049,0.0151137881467924,True,-0.0863950782095209,-0.0392657308173279,0.0408204447978597,-0.0170946429124753,0.0029411121006899,-0.0933434988689534,-0.0108851239705402,-0.0623577585029999,-0.0352486686791363,-0.0257648698637377,-0.0265969512105455,0.001534645052867,0.0129630787012999,-0.0179297690445602,-0.0287133131214933,-0.0527693960010638,0.030075438035203,-0.0051555133054149,-0.0039117753837103,0.0550411698403705,-0.0026440073230896,-0.0271744525516657,-0.0730843855989661,-0.1216535528779375,-0.0989610013515954,-0.05258070550781,0.0526106567999586,0.015546531040657,0.1291987319789702,-0.0318134066597735,-0.0638812423055364,0.0929372152498959,-0.0219124014925957,0.0239851015537511,0.0276121002138474,-0.0510426275387977,0.0684547792685996,0.002238144420666,0.1282688161351692,0.023414640133657,0.0535270950725186,0.0128605741841711,0.1532647597045211,0.0529910392125367,0.050697427869421,-0.1549724143446289,-0.0781954346798406,-0.0982200829643901,0.0682504644489094,0.0062915754273193,0.0702283258504479,0.0606381278018224,-0.0854523636428986,0.0635764576386193,0.0174278045952909,0.0183123950678925,0.0322580929938112,-0.0200000855711428,-0.0645333201514863,-0.0499150041672571,-0.0620607350930049,0.0267780612351378,-0.084435551369377,0.1114744418103899,0.0559203073517922,0.0588235024188656,-0.0229581928177836,0.0507465363599315,-0.0907639766892046,-0.0812292046564725,-0.100980875634855,0.0847280111977151,0.0975937711912755,-0.0955933674093302,0.2512475882584686,0.0068193965859508,0.0786615470098537,0.0187858947241925,0.1401683184955868,-0.0862400683667975,-0.0188641553003926,-0.00154458686892,-0.0017814852546061,0.2611356500025878,0.0707107639165969,-0.0766287465766658,-0.0181869128548886,-0.00946871535708,0.0005992501069906,0.0490154072365591,0.2373011642132771,-0.1306521409039912,-0.1378067674836385,-0.1749580387892158,0.0123938925423303,-0.2224926827733209,-0.04998931213786,0.0357480992428613,-0.1272479481979646,0.0054319652632037,0.0175619027440714,0.0939816329773146,0.0366427950885959,0.1297131668139048,-0.2725478059453056,-0.4733241888441022,0.0713154436619181,0.0526138423930884,-0.1239933682393655,-0.1140145138941921,0.0524922810580368,0.0182879375223139,0.2735102307533943,-0.0884592894451858,-0.1041879715128253,stop,1630,4,97.75192984777568,-0.0402394554205737,0.0024236795501408,0.0887729278040012,-1.0,0.0602314202518175,2.206116531055566,1.7614185015482482,1605,0.6082709014908372,6,0.1201524754406016,0.0877352979125225,-0.1751938997222145,0.0,-1.1472456923521968,-0.5389747908613735,0.557477792757637,0.0665199838002699,100.33390632687292,97.75192984777568,109.0693326349948,1.8754731028973484,0.1456554871393749,0.0079036536806351,0.018403604817821,0.262360138630884,0.1843584705415975,0.0029014307759547,1.0,-0.0191099786243599,2023-03-06,2.0,5,0.0440807938268439,0.0124784292287536,False,False,False,0.25,1.0,0.25,0.0352629954817136,0.5726076729937016
SPG,Falling Wedge,bullish,1,0.6964592415683941,3,24,1686,1687,2023-05-31,2023,0,87.88146686953127,86.17778062454056,97.4020231378023,83.16574563933636,2.2779282228306155,0.019769437465712,True,0.0709873772493596,0.0507526318336961,-0.0238987353685588,-0.0013333837804611,0.0229431263387294,-0.007013615315613,-0.0095493905712035,0.0156839189408917,0.0275214636332135,-0.0036783864715065,0.0692468015719127,0.0129630787012999,0.0223176893125769,-0.0045883565462915,0.0227844718969645,0.1100098647671801,0.0028185874800832,-0.0324928693447281,-0.0097108986446803,0.0550411698403705,-0.0071342104069624,0.0410576918499556,0.055837976355201,0.0714704136924688,0.025810428922389,-0.0031409259799756,-0.0251186020625703,0.0485869913877008,0.0276766088874742,-0.0683185105395108,-0.0974637425833204,-0.0032479307288911,-0.0442111185629195,-0.0070146244555165,0.0115498284662665,-0.0010938842352574,-0.1447869004453745,0.0583255821036166,0.0964919186278616,0.0140222654158754,0.0306696672120216,-0.00162281339347,-0.0435802239567127,-0.03423646321978,-0.0739287448608388,0.0844924948386349,0.1087643170474799,0.0569873817048831,-0.0979513748138735,-0.0636423343491444,-0.0533420812043509,0.073457349609961,0.073457349609961,0.0635764576386193,0.0482725812488249,-0.0666481585309269,0.020090474187151,0.034047628356286,0.0197541320611072,0.0101571766736556,0.0103194681264355,0.0412190289071794,0.0630559570260771,-0.0356972975955849,0.0068570688786735,0.0005631572559383,-0.0861850286469588,0.0553447912018725,0.1029289997654347,0.2026747968862907,0.1057402929728417,-0.0141517176112486,0.063516525850799,-0.0787725676142356,0.0457840128841691,0.0045130667927903,-0.0625415080726629,0.2375805821484802,0.0239787804864972,0.1430531506656009,0.1115240912415802,0.0049100812764806,0.0019651683181962,-0.0429364565136642,0.0061831035979089,0.3564401433809618,-0.0093707850344192,0.0482029239754289,-0.0389533561419034,-0.0309561257383095,0.0359186802972644,0.162380407176805,0.0698279682454554,0.0135858323730475,0.1013922237457969,-0.0346644548103435,0.0478469746712562,0.1619315303224371,-0.0543146478366934,0.0676526480059225,0.131002970627325,0.0131258150178752,-0.0776339490909365,-0.069112968634028,0.0837774049153452,-0.1437505687905205,-0.0231433453884242,0.1900509175758886,0.1289862496400364,-0.0336396961494196,0.0379756081337996,0.1350968679794748,0.1344999734602237,0.3470696633404166,0.0126205074086838,target,1706,20,97.4020231378023,0.1083340618609067,0.1087643170474798,0.0240426335453947,2.018897174691039,2.026915345205901,0.4480548786147307,2.018897174691039,1662,0.5154225578718898,5,0.0764215757125806,0.0487896657963917,-0.0919124569069059,0.0,-1.3399527006060716,-0.8245301427341837,0.6976362144737323,0.0810082214447431,86.17778062454056,83.16574563933636,97.4020231378023,1.7478246580118275,-0.0395117643501908,-0.0239377660892571,0.0199035619303389,-0.06391980092391,0.8693690287992304,-0.0005794748715318,1.0,0.0170625857474702,2023-05-31,2.0,5,-0.1511735731305925,-0.1103634454909811,True,False,False,1.0,1.0,0.25,-0.0116146416931433,-0.9966072634931212
SPG,Falling Wedge,bullish,1,0.6714259026156344,5,64,1795,1796,2023-11-03,2023,3,101.72476400337436,94.14263141909436,107.0389998288905,88.43389290295951,1.678529438683197,0.0805387789781089,True,-0.0213000490017586,-0.0331032741232456,0.0427465258760026,0.0294656018910945,-0.0070724909791115,0.0309467185571785,-0.0140518818368197,0.0179524186695734,0.005682707029651,0.0246360545569295,-0.0065315860270571,-0.0709535012856831,-0.0343155980131204,-0.049323241112917,0.0227844718969645,-0.0022115954192177,-0.0521229520672595,-0.0484773084136139,-0.033399666712889,0.0072786616029594,0.027408949695165,0.0327872864176195,-0.017461527718031,0.0325865889618677,-0.0025936467739313,0.0067129699851364,0.007382411957773,-0.002543568584965,0.0089031855231247,0.0640503486648154,0.0006192328493606,-0.0001352830644686,0.0177324865850152,0.0030525341579266,0.0356401203614977,-0.037157757853632,0.0564531126952931,0.0521539203642111,-0.0232360388789232,-0.0156258102882803,-0.0066073500779053,-0.0284365679008057,0.0428867698037771,-0.0287147012187759,0.0007499313973666,0.0248925916379906,0.1104037437050096,0.0616747840482316,-0.0482031174740201,-0.0620960060788652,-0.0529504430274206,-0.0485229808808089,-0.0319754691584196,0.1948238381984244,-0.0701891370923527,0.0155454193580315,0.0691423915122257,0.0550893715250468,0.046794629428519,-0.0632247568349788,-0.0871924211138261,0.0465865676681307,-0.0027098329221798,0.1241995571225458,-0.0064725776473688,0.0853992278641708,0.0816003038496673,0.0101949548303914,0.0976117677486639,0.2062128862479939,0.1253332339912241,0.0385861269505589,-0.0428827603775123,0.0882551886813267,-0.0048230526244117,-6.166892046433059e-05,-0.0747312274187558,-0.0429892217755234,0.0406602800303284,-0.0147793595535402,-0.5716593305293847,0.0092526883733601,-0.0333639575865644,-0.1258805348505252,0.3482805097390864,0.0949931974765174,0.109022129940373,-0.040669624122312,0.0807518546389285,-0.0204829905174893,0.0800648096903893,0.2103357333857746,0.2002718072558778,0.0723334009234857,0.1171886420228969,-0.0046936703825676,-0.0887215222038273,0.0128836587787555,0.2329114471043225,0.0135466385786555,0.1290422933117636,-0.2063418333242285,0.131002970627325,0.0564722435861759,0.1795108965341141,0.0123938925423303,-0.0278646790248913,-0.1322059062282705,-0.0500574946978538,0.3712386940346126,0.1272723797047299,0.1615298267320239,0.0392558369671292,-0.1522275151274398,0.1541649672790899,target,1812,17,107.0389998288905,0.0522413187937191,0.0566020516758374,0.037678191498185,0.3998410476910172,0.4332169280199883,0.2883787758732521,0.3998410476910172,1728,0.5423756189990983,6,0.1579541229174258,0.1381836246026302,0.207332408687471,0.0158730158730158,-0.9632042319586488,-0.4208286129595494,0.7861237969872867,0.1217807941313155,94.14263141909436,88.43389290295951,107.0389998288905,2.297461607206288,0.0604111011341095,0.0722699250106355,0.0225754989835944,0.1123484042559843,0.0938954019406524,0.0189053202450093,1.0,0.0119897917565963,2023-11-03,2.0,5,0.0780541231186482,0.0266955273428783,False,False,False,0.0,2.0,0.5,0.0328650898370327,0.5286640230677547
SPG,Falling Wedge,bullish,1,0.831536243011038,3,31,2297,2298,2025-11-05,2025,1,173.50191706539962,168.81693965457475,183.3738979627858,164.0439582677282,1.802804749759712,0.0277518205247118,True,0.0125040096965189,0.0022892090560611,-0.0262060538738255,0.0309467185571785,0.0030321575480098,0.024649006696044,-0.0243465160186809,-0.0430745451315019,0.0597135754017275,0.0180512639555356,0.0082468459922495,0.0156540468305823,-0.0034483883572246,0.0097562552668606,-0.0032362820636185,0.0013326301193128,0.0395371061775546,0.0139801175796594,-0.0020220095716358,-0.003399332468666,0.0180070915649002,-0.0409446086388458,0.0076925557182381,-0.0077670016309591,0.0126920890824422,0.0046636691515915,0.0005125880817795,-0.0102185209725791,-0.0243996343303319,-0.0174149617025509,-0.0452402246751352,0.0309042229882341,-0.0894727604895633,0.0089031855231247,-0.0343567610099541,0.0318280162450561,0.0362500118630384,0.0113559077760274,-0.0168475940714408,0.0424657126539744,0.0296966852389606,0.196785042457402,0.0319405945737958,-0.1103683057210439,0.0197028420994471,-0.0126014874149507,0.009804948820139,-0.001902999509022,0.0294018264212698,-0.0061448236918737,-0.101490526382304,0.0012463724427616,0.0436019266382026,0.0384871576901109,-0.0503823274710913,0.2437938327893747,0.0803499759416754,0.0104344439110271,-0.0018099387874294,-0.0587401399156531,-0.0035276849720058,0.0574051129792647,0.0950925276330953,0.1529838011156687,0.0385883535677518,0.0446296773960159,0.0612736202668326,0.0412190289071794,-0.0260156620038546,0.0210554331020189,0.0014208746915551,-0.0708795270352676,0.074264563506847,0.1547301678022465,0.081643878814033,-0.1333411156971444,-0.0066799794044373,0.1089088244334615,0.0770426760500437,0.00832236319244,0.0514028514252051,-0.0586539227740614,0.0158468830560096,0.1999246552784812,-0.0154917529569632,-0.0793894400913065,0.1150151534925105,0.254731406062892,-0.0388992128772713,0.3535438229701608,0.0876613855367178,-0.0379297509372109,0.0562411083253715,0.033923014271127,0.2133973142688743,0.1416770572773231,0.23564009850806,0.2160181747429752,-0.0345309826441269,0.0301906408785879,0.1327752332941048,0.1106749447404347,0.0242902349523155,0.1429392288614634,-0.0294109413276938,0.0323951963289623,-0.0029953305468095,0.0987068601757539,-0.1345807918133024,0.3012968871628045,-0.1102595288717711,0.0337668089820959,0.1154151012530433,0.0457830324522481,-0.0219183536083956,target,2354,57,183.3738979627858,0.0568983966538252,0.0583600777862869,0.0096949732481442,1.0437749950672977,1.0705888651681998,0.1778498384730679,1.0437749950672977,2265,0.5913144533906707,5,0.015626249602091,0.1095570482348118,-0.1202800700175044,0.0,-1.0496709407745823,-0.4583564873839075,0.582041273646463,0.0749389310179847,168.81693965457475,164.0439582677282,183.3738979627858,3.113607508057856,0.0891120077813154,0.0083701195783782,0.017959519241018,0.1517380555280452,0.0179812283879466,0.0014786499355292,1.0,0.0066409346752587,2025-11-05,4.0,14,0.0441606624795858,0.0037934012502387,False,False,False,0.0769230769230769,0.0,0.0,0.053654163764044,1.0086514148582106
SPG,Falling Wedge,bullish,1,0.6333126358758857,3,18,2494,2495,2026-08-20,2026,2,217.67365997750065,217.24284437088957,241.31715925693013,214.36375381660423,0.5850210082534972,0.0019831060850759,False,-0.0232716615848778,-0.0298639047458209,0.0384945770519329,0.0206841205297656,-0.0579278633195547,-0.0302406482852304,0.0380571925234802,-0.018408622288229,-0.0033332100987591,0.0007329069276822,-0.0330200010230147,-0.0579278633195547,-0.0004119504018187,0.0236825929408239,0.0198759271744344,0.0194053322294014,0.0147660529022843,0.01833874641633,0.0351570225961437,-0.0012940495446291,0.0269950894543726,-0.0009370512117452,-0.0259060766475835,-0.0385891476655573,-0.0478835739179492,0.0115498284662665,0.144105402143293,0.0589507515339735,-0.0036925115356865,0.0134537461913268,-0.0115453313080585,0.0255198064898323,0.0425560052711599,0.0291766525609054,0.0301230402172201,-0.0058650720506525,0.0307458821937534,0.0148574584947056,-0.0041981912029526,0.0744888658523093,-0.0284365679008057,0.1255344231747597,-0.066404076651455,-0.0271011778515455,0.0141026717810728,-0.0619852279590284,,,,,,,,,,,,,,,,,,,,,,,,,,,,,,,,,,,,,,,,,,,,,,,,,,,,,,,,,,,,,,,,,,,,,,stop,2499,5,214.36375381660423,-0.0152058184772495,0.0077724116098898,0.0264988181760116,-1.0,0.5111472047044815,1.7426762140859653,7.143253654365284,2474,0.8064468709494541,5,0.0390082091930981,0.0137294496841515,0.0582632360217714,0.0,-1.1539050179866972,-0.3474581470372483,0.1711179973115122,0.0884358679650332,217.24284437088957,214.36375381660423,241.31715925693013,3.7956895169524927,0.1147506937850948,-0.0135714161373339,0.0174462467256328,0.1259667886133246,0.0220101341624922,-0.0049287639361801,1.0,0.033081339446275,2026-08-20,17.0,15,0.0797187314526313,0.0840834005532096,False,False,True,0.0714285714285714,0.0,0.0,-0.0103636073574389,-0.8831002000852552
SW,Falling Wedge,bullish,1,0.7067666494694261,3,21,1624,1625,2023-03-02,2023,0,34.08780288696289,33.46622358049672,40.34458051409047,31.678101684639728,56.0,0.018573332750589,True,-0.0282801544733034,-0.0078904088031449,0.0774629911049273,-0.019821359440013,-0.0402943648223093,-0.1400051652628344,0.0906108094128328,-0.0206458890358858,-0.0677068050059856,0.0,0.0006513224673037,0.0083332478451512,0.0554264257038206,0.0261690069434761,0.0670870483627752,0.0222222609018452,0.0318459703971927,0.043814379869,0.1162326444095571,0.0143885569407373,-0.0087159575587234,-0.0261853984456064,-0.0398236407126665,-0.1166877408049966,-0.1076812747730785,0.0056339458108158,-0.0228408387470711,0.0287934174433786,0.0269392921806088,0.0370566526929969,-0.0118747250538507,0.043679555919452,0.0438974608497813,0.0086597689738945,0.1179262074988274,0.1953126219803942,0.0,0.072024500431624,0.016800278660688,-0.0175376612920831,-0.0168161112154279,0.0730606049604996,0.0249494893129091,-0.0868393969062568,0.0100024642876184,-0.1441291171944366,-0.0845858168046175,-0.0984226439034495,0.002291050325859,-0.0475052165851835,-0.1344903948839906,0.1097204242622542,-0.0582168700182977,0.0403077110268712,-0.0376255098653006,0.1822311866209034,-0.1125901173230529,-0.0655061966887373,0.1145785332207696,-0.1313545260516766,-0.0665851682354097,0.0987540343441635,0.0334967085444255,-0.009584490671527,0.0539037720657415,0.1606377537407082,0.1059674396889673,-0.0194389420259221,-0.0955353758791957,-0.0675236542701344,-0.1120744641450711,0.000421434642325,0.2581689361974195,-0.0371811021817128,0.1805602162690369,-0.0099501857638004,0.1717734625993996,0.0294169799425401,0.0091346797560609,0.0184157637718538,-0.0105375709493754,-0.0613647994149678,0.0304275450076634,-0.0311773238860221,-0.0191484694389764,0.2070888416881879,0.1609828121592069,0.080860665211206,0.1090373527549435,0.023540610642184,0.2515355275345725,-0.1356239230972216,-0.0535824375192549,-0.108404564852874,0.2612902289785084,0.261124772416355,-0.3672347636279709,-0.3672347636279709,-0.1434392253984232,-0.0315484337805457,0.1060008413920829,0.1734770894563326,0.1989079190397451,0.1309474223567308,-0.2599476070399431,-0.2316217455111032,0.0479487974475885,0.2150569721343376,-0.145331251146757,0.0581085892147446,0.0007696033626791,0.2429663298124009,-0.0012745117217611,0.1796222136242582,-0.0700118613883194,stop,1632,8,31.678101684639728,-0.0706910096351434,0.0,0.0858598891909534,-1.0,0.0,1.2145800383118155,2.596495209072185,1603,0.5128344822238937,5,0.061847146589663,0.0983124193856208,-0.375,0.0555555555555555,-1.141272916731743,-0.6284384345078454,0.5785284289256868,0.1370192382711765,33.46622358049672,31.678101684639728,40.34458051409047,0.6290268832929594,0.0985346164356097,-0.0326652645971559,0.0184531366066287,0.2282858736745987,1.0,0.012019470392403,1.0,-0.0316211727488506,2023-03-02,42.0,7,0.1357978617334292,0.0959955245525225,False,False,False,0.0,0.0,0.0,-0.0236366693866107,-0.0553442427428552
SW,Falling Wedge,bullish,1,0.6442448379375328,3,22,2246,2247,2025-08-25,2025,2,43.46525793866157,41.56550867060923,48.37048932099606,40.3629195057739,1.441739023665042,0.045704944527616,True,0.0526199037964725,0.0556251854422809,0.0160535850697138,0.0005548668060106,0.0106610011297343,-0.1532151137238818,0.0225226403801688,-0.0435837531824274,-0.017362623872223,0.0,-0.0109967008204463,0.0218272758392474,-0.0167345927290737,0.0183823808928313,-0.0166837437148935,-0.099403185733542,0.0497031573228654,-0.063660119845899,0.03520424233921,-0.0206490511890574,0.0310220803729757,-0.1092778211711756,0.0699016775879656,0.0135181065738061,0.0008585610306084,0.0159255224054972,0.0085949439421215,0.0091098273988847,-0.1003306930622931,0.1129768945534395,0.0120419534023958,-0.0587494741299481,0.0333852763237214,0.0147863801032166,0.0172286318876091,0.0252248106304813,0.0277352479016923,0.0104044866121464,-0.0868393969062568,0.0,0.0281286438610226,-0.1036857560922174,0.0091098273988847,0.054842536446104,0.0024784947984834,0.0118996987000568,-0.0211148210440261,-0.0566936992469002,-0.0648583092785707,-0.0177860046000849,0.0582083788750547,0.0828071449647054,-0.1905034035873014,-0.0792737006489022,-0.009584490671527,0.1494746523990944,-0.1049216218532688,-0.1958397086447476,0.0362560024578551,-0.0591770148906336,0.0412700296307486,0.056803068285286,-0.0485852963622007,0.0145096569809755,-0.0861110330256829,0.1296974266142072,-0.0529780637018371,0.0885757052706994,-0.0085139919547196,-0.0501619907718828,-0.0983573124902776,0.098125336655201,-0.0090069862061017,0.0251811021657895,0.0456232302963841,0.1480552920958817,-0.0344826966927582,-0.2105003835471637,0.0505742396500259,0.1345511735952715,-0.0125089806238568,-0.11665126048293,0.0138613505960998,0.1837352047748826,-0.1829824610933428,0.1466954175869574,0.1079996283249118,0.167661467677882,-0.039598864803564,0.2655172977816316,0.1946075269447735,-0.0989848225066816,-0.2443302896744794,-0.2750216449318314,0.0634740633458514,0.2834384139246508,0.1111833618230919,0.1801958409186896,0.0088644624875009,0.1139921027017583,0.1575920676634234,0.179078958849828,0.0706368697750199,-0.2397263194394586,-0.0283628319847046,-0.0007927029124539,0.0308458707240744,-0.0070945792333864,-0.289552640346713,0.1193823724252358,0.1576021048600386,0.0568411315738528,-0.0031881233263097,0.1951062160023453,-0.3023061216660962,stop,2275,29,40.3629195057739,-0.0713751299317194,0.0680371724544504,0.1055747581198215,-1.0,0.9532336055925612,1.4791532879984806,1.5811399976013172,2222,0.7560636135225263,5,0.0882565404052701,0.0918536682510304,0.0163627760112858,0.0454545454545454,-1.1231309304197088,-0.3670673168971746,0.2625200280412876,0.1300700200906731,41.56550867060923,40.3629195057739,48.37048932099606,1.1579148309013192,-0.0212446669932463,0.0311784398005736,0.0259584912241878,-0.1305468967313551,0.9830536966993249,-0.0035010469646793,1.0,0.0086821747185568,2025-08-25,60.0,15,0.0585974382454346,0.1021881335660159,False,False,False,0.2857142857142857,0.0,0.0,-0.0730262830288101,-0.9112419679248562
SNA,Falling Wedge,bullish,1,0.6040242233858616,3,24,811,812,2019-12-06,2019,1,137.7880294414103,133.8039810715457,144.59217985273932,129.54198582346697,1.0569261783622923,0.0297752603320098,True,0.0356190459451346,0.0264598463717742,0.0061584964716432,0.039409868363242,0.042133954042389,-0.0191206497330416,-0.0219644411326946,0.0166022809159513,0.0059368138087025,-0.0355340168588347,0.0346550942294818,-0.0120367019958358,-0.0166823303648889,0.0432409212247879,-0.0154000316987009,-0.0372547793511217,0.0268883086317952,-0.0280970260482245,-0.014262629668057,0.0068137320397734,0.0141213581757344,-0.0249996308263743,0.0350886164338483,0.0313639323963426,0.0063452489012785,0.0779309777900574,0.0072292343970055,-0.0257889851657895,-0.0168130701503222,0.0407361886070669,-0.010684298583223,0.0534947716976679,0.0179048681206857,0.0163231979068332,0.0048679051313347,0.0012341855651023,-0.0294501437908808,0.0238901491597995,-0.0611344983132354,0.0085831586816529,-0.0957868939475099,-0.0285386468037073,-0.0227396585865472,-0.0035760089622551,-0.0402983477399362,0.0354947281456526,0.0016409277219378,-0.0297695059251332,0.1084134620051837,0.0368203776356623,0.0163731331437235,0.0331522406122353,0.0751155951873376,0.0783380700117488,-0.001579882618007,0.0466665501043732,-0.0070155268026882,0.1000193172170869,0.0516551903812516,-0.0100477152569175,0.0694123304679117,0.0503627972851759,-0.062583207615546,0.0295144342348607,0.0333399516592982,0.0582227353440902,-0.0237766444806695,-0.0037159050381154,-0.032293437451962,-0.0047409674140016,-0.0685258397421716,-0.1209904338949831,-0.249366271471029,0.174871994005815,0.036431235082815,0.067595150785477,-0.0438480513874627,0.2771320079413566,-0.1789460311124637,-0.0210717624930913,-0.0374737190336509,0.0088993846455622,0.0553665068032378,-0.0405015529702927,-0.0591008055077998,0.0488671081066347,0.0980209044034363,0.0030455478159914,0.0013915849976313,0.002638906255217,0.0179774191537567,-0.0067879235203095,-0.133891758789536,-0.1005216436137568,0.050164130551221,0.1487421872369088,0.0203445239272572,0.0601387430859516,0.022970638641504,-0.0907964498912962,0.1523622655875001,0.004792874154833,-0.0170765432083306,0.0970250233045639,-0.0252082063035361,0.0566063663395262,0.0515875561368306,0.0614935966627825,0.0099451949918054,0.0163854389661823,0.0079158524718747,-0.0477472212873494,0.0224862950799302,0.0088623770976075,-0.1644414909668244,stop,854,43,129.54198582346697,-0.0598458636165463,0.0491734310019962,0.06327486362922,-1.0,0.8216679989291792,1.0572971932470467,0.8251412103282191,786,0.5156353858166527,5,0.075926938079385,0.0509757604527818,0.0248435956536055,0.0,-1.0151126229521057,-0.4994772371354508,0.7777419701614671,0.0719863093928225,133.8039810715457,129.54198582346697,144.59217985273932,2.1735862940297017,0.0516373846163848,0.030700262970412,0.0157318249910909,0.025358751384495,0.9817507476234753,0.0074604541258698,1.0,0.0217083416622188,2019-12-06,18.0,11,0.1850424023829351,0.1436953395139841,False,False,False,0.1,0.0,0.0,0.0003995394538655,0.353381503018992
SNA,Falling Wedge,bullish,1,0.691054575741051,8,75,1796,1797,2023-11-06,2023,4,247.60618169135307,234.55947129454276,271.41160071267564,228.36867122702847,1.3298059964726632,0.055622185387804,True,-0.0031709094018369,-0.0134994184966211,-0.0040873799365777,-0.0346535413113409,0.0249959519337517,0.0094433059292775,-0.0431393011644927,0.0110540579294473,-0.0471086446458061,0.0294510305958528,-0.0474764733679483,0.0042556784908758,-0.0341889082464968,-0.0047074113315648,0.025775247101859,0.001880739039952,0.0302567854134558,-0.00037386074368,-0.0387762927065427,0.0165112974176577,-0.028380446752646,-0.0215615386582413,0.0043705758488234,0.0338584616310073,-0.0087636799046342,-0.0147982168723325,-0.0397722296303151,0.0346640366878481,-0.0103662255678989,-0.000575574005743,-0.0072869644673427,0.0439861715937508,-0.0307952421299101,-0.0499030910590835,0.0396425686989938,-0.0130861878541472,0.0424232158196906,0.0264648027980409,-0.0009465103796735,0.1329319832807929,0.0652343293828137,-0.0317951764327889,0.0282530902568662,0.0095190419148092,0.0291528630388533,0.0212111273773461,0.047642301129174,-0.0003504722108196,0.0464554727624044,-0.0503142987532015,-0.0295290531536106,0.0723279050820626,0.0103135211107834,0.003419488625588,0.0102329384801373,0.0961816653444234,-0.0662654126023761,-0.0601868008316827,0.0472971939756319,0.000547970482434,-0.0190786120682328,-0.0648544592672391,-0.0095831063471889,-0.0023146751528498,0.0316310650016309,0.0276230476838907,0.0608799122424639,-0.0844163660581129,0.0466239313013261,0.0593981774034875,-0.0174558462817868,-0.131387759142889,0.0206610804524529,-0.132980448698614,-0.0052918924219856,-0.026392070304769,0.0030455478159914,0.1926840480412215,0.1077061194407018,0.17909784476362,0.0817161875229706,0.0015193275474727,0.0434633175275629,0.0202814577083754,0.1177725900377453,0.0795796137660245,-0.0023808527868081,0.0512664761510437,0.1560499614471731,0.0266343741246637,0.0327543511055341,0.0186082136986131,0.0989838864225929,-0.0402533340907056,0.1010893442783407,-0.0209003012171814,-0.0537984117897422,0.1586570153720972,-0.0481153914146221,-0.0626948909645377,0.0829422309564071,0.0255769765110549,0.2182391214309167,0.0767504450086484,-0.0184181808856181,-0.022912361791485,0.1691358853559899,0.0920410944516112,0.0828703448834613,0.0777099857094989,-0.0130471836054811,0.2515021135346635,0.0527629412332866,0.1122127464185114,0.0359037102488019,target,1852,56,271.41160071267564,0.0961422645376299,0.0980825022486525,0.0139898807820945,1.2374480089546418,1.262420827141837,0.1800638897218807,1.2374480089546418,1717,0.6848924841242827,6,0.156178004568298,0.2026679331587295,0.0589806552075222,0.0,-1.558269682136809,-0.8733771980125241,0.3822120823490907,0.0827253958111865,234.55947129454276,228.36867122702847,271.41160071267564,5.02773468328514,0.0466729436663031,0.0396421630775096,0.0202366644456603,0.0478721172304197,0.5469566683527072,-0.0019933743811439,1.0,0.0078651636986986,2023-11-06,21.0,13,0.0218659710420703,-0.0084257429025417,False,False,False,0.0833333333333333,2.0,0.1666666666666666,0.0512707300666337,1.254702473480957
SNA,Falling Wedge,bullish,1,0.7067029345821038,3,36,2095,2096,2025-01-16,2025,2,331.92297613731927,316.8885986284122,365.02941312952544,313.2399647598736,0.9706123704995384,0.0474437312480799,True,0.0081981621634994,-0.0102453274119334,-0.0191206497330416,-0.0086744970776185,0.0084586847941638,-0.0296985799740544,0.0632223016395012,0.0124309991784892,-0.0372547793511217,-0.0025157375714645,-0.0067292662799454,0.0238670010945631,-0.0046539134557681,-0.0365061757243617,0.0109443295928557,0.0328540569115465,0.0287091928308984,-0.001666668561997,-0.0253444557002862,-0.007414156690688,0.0209842922560545,0.0945870929134009,0.0023742086089431,0.0216320465678541,0.0134906908951892,0.0594861810957547,0.0388144781720429,0.0086924438880056,0.0197706293619193,0.0260420466788682,-0.0348228265651532,-0.0020995631894354,-0.0093596957523901,-0.0421412479034961,0.0587183300599414,-0.0271883152681445,-0.0935022204095592,0.0515169508219137,0.0303314620749317,-0.0157592973865698,-0.0314331902398141,-0.1590907495581195,-0.0331868789335793,0.0686107258383266,0.0048015367984408,0.0257220065886599,-0.0250555125891632,-0.0463968900496668,0.0078422289009454,0.0215108621553339,0.0981056197680156,-0.0437660265041657,-0.04202784848449,-0.0732136787464651,0.1141358308302813,-0.011589397950287,-0.0153188974009842,-0.0526034188315689,0.0559176106660914,-0.0295290531536106,0.0958563177343683,-0.0153188974009842,-0.004130157516016,-0.0241456480095769,0.0057746064389354,-0.0385332112868618,-0.0276263327190521,0.1030988917255288,-0.0312774825999351,-0.0468283295163335,0.0031080812190618,-0.0842036111178026,0.3107541013262471,0.0298836571118203,0.0241574615499891,0.0048813366175961,0.0827392242280857,0.0249516049658917,-0.1177443857551623,-0.1377178333185813,-0.0506023407562254,-0.0265892907739084,0.1089885748615246,0.0249492704957583,-0.1057101958430117,-0.071410644961007,-0.0036739869255955,0.1381682178769794,-0.026835339647222,0.0529857631759009,-0.0390068308826776,-0.0537765671277635,-0.024680941913978,0.0694932363353182,0.367392702848248,-0.1102036841472305,-0.1091645779137834,0.0050065002153578,0.1503649628850663,0.0823361405402625,0.1168699953210858,0.0415680375363853,0.2100963449555002,-0.0542415043958196,0.0270200586245752,0.0749571200385341,0.0541917263579196,-0.080629952300307,0.267641985610217,-0.0693906195872738,-0.0242439971834927,-0.0335597173261104,-0.0721044147203526,-0.0983129002270105,-0.0619606522705666,stop,2126,31,313.2399647598736,-0.0562871892595839,0.0522105453151168,0.0595954752673378,-1.0,0.9275742136338244,1.0587751147511877,1.77200753793752,2057,0.8574178485726097,5,0.0039655954346306,0.2317786217754296,0.0983463093729253,0.0277777777777777,-1.514752166129498,-0.657334317556879,0.1338954791304255,0.0917724677467,316.8885986284122,313.2399647598736,365.02941312952544,5.456775694857299,0.1693908697555812,-0.0144214058016581,0.0165364531365607,0.2694901569619314,0.3880399996604427,0.002166982344925,1.0,-0.021685822118629,2025-01-16,38.0,11,0.0294467131440487,0.026261663186387,False,False,False,0.2,3.0,0.3,0.006548025133653,-0.0683591589173823
SNA,Falling Wedge,bullish,1,0.67052818578409,3,23,2398,2399,2026-04-02,2026,2,358.74062420930005,357.0472831151965,384.6791168582654,349.22416057077544,0.8334191938272029,0.0047426242242465,True,0.0448230275398335,0.008839745628012,-0.0082618757377558,-0.0008619434197424,0.0019186168740576,0.039174029466884,-0.0149114977834057,-0.023812998976293,0.0328540569115465,0.0075995982528729,0.0402615588985557,-0.0099143711513703,0.0171940540544497,0.025483591727996,0.0022674766797015,-0.0285192889984171,-0.070154369849936,0.1014964619402596,-0.009813852592159,-0.0079996947049127,-0.0073670384340801,0.0372848999272661,0.0386271568855577,0.0463362285632305,-0.0364253778473471,-0.0166115092597266,0.0306112711266115,0.0100189642042423,0.0208002496928769,0.0235279918450055,0.0215505816180552,0.0275016382574659,-0.0205354722116378,0.0648269338884506,-0.0272051523297247,0.0303308441693874,-0.0307122375681803,0.036785240701874,0.0438433373514122,0.1230995506614052,-0.0318674304731271,-0.0557832417531818,0.0455281228286534,-0.0225876805617455,-0.0045620210903223,0.0329082295083407,0.0466665501043732,-0.0521197836884468,-0.0104928631051491,-0.0912052257392288,-0.008141849649028,-0.0572816737416992,0.0523693551424462,0.0240521386997554,-0.0827180869573878,-0.0734483213112884,0.0193543519589205,0.1894037150445497,-0.0378376999089217,-0.0841162394274127,-0.1072497079615945,-0.0498538069986549,0.0566268812417185,0.0033849805977079,-0.0192039862338562,0.0240983784748276,0.0736008051371293,0.0197053103102402,0.0546142273257195,0.0151914924333196,-0.141366263382523,-0.1231334222298419,0.0182176119507107,-0.018691502359452,0.0116325796586318,-0.0175924604908772,-0.0215237317769113,0.0986302371760581,0.0088861171298377,0.0140261576409634,0.0291808124057875,0.0558047589882955,-0.0529261109658505,0.1140293571675437,0.0743749882777284,-0.1112354812822202,-0.0629507220721485,0.0220186631425269,0.0348744573600823,0.1133551399479917,0.0116338529284034,0.0052609273034566,0.1147851809950817,-0.0267600700335819,-0.1373088925940423,0.0427685058155751,-0.1080705741623554,0.027865482374906,-0.0030850943060423,0.162071961576645,0.0269641179835153,0.050155755484428,0.206148681598268,0.0420871244150038,0.0550184653861653,-0.0181462786279207,0.1250512867596673,0.0023479594817696,0.0330846246047971,-0.0724050377027499,-0.2558825871497459,0.0485791989470378,-0.0725134384283286,0.1784248847766543,0.0981273736834193,target,2410,12,384.6791168582654,0.0723043081784684,0.0728339081584871,0.0027790200819993,2.7256440663484445,2.745608313008732,0.1047602803704075,2.7256440663484445,2373,0.662098936470978,6,0.0743549419129203,0.0513436938498881,0.2312593614036755,0.0,-1.0399225995834576,-0.3778236631124707,0.4446809780857502,0.0665891141639495,357.0472831151965,349.22416057077544,384.6791168582654,7.718394775959131,0.0718167054701888,-0.0172820021333492,0.0213887188376104,0.0735715437452471,0.5593214801989499,-0.0139773575361062,0.0,-0.0347696124896711,2026-04-02,33.0,8,0.1203680825124455,0.072252300087324,False,False,False,0.0,0.0,0.0,-0.0071445871931302,-0.2707332695307543
SBUX,Falling Wedge,bullish,1,0.6504515450511119,5,52,795,796,2019-11-13,2019,0,72.31215698482647,71.46423873791636,83.49881731653409,68.78388682917758,1.0863743818669231,0.0118649307945435,True,-0.0059451837415387,-0.0123571875711454,-0.026631548743597,-0.0180521804505136,0.0113571910205518,-0.0291854266601094,-0.0107141718429505,-0.013454583664672,-0.0116520107426156,-0.0406200696881315,-0.0083887502408575,0.0184386844185022,-0.0283066198591801,-0.0072013956607628,-0.0155982789659256,-0.0189705592091148,0.0236753616424605,0.0856784971681623,0.014663152042591,0.0093547066034112,0.0156749395609476,-0.0108306610394638,-0.0029069975259753,0.0198575641470155,-0.0018076181738921,-0.0059884823368676,-0.0118146728575116,-0.030602718330299,-0.0884969895948668,0.0321048101077918,0.0176632027061964,0.0119725857873778,0.0295051631785243,0.0079310350290331,0.0546253624880903,-0.0540861963341788,0.0184837434157092,0.059981652908976,0.0151730750381513,0.0100864957692414,0.0307856481858095,-0.0802643623030897,-0.0984402274279082,0.0810567611478949,-0.0238549108835179,0.0210665153622877,0.0488704494133902,0.0218619586193202,-0.1614103199995166,-0.0419278987268916,-0.0339929091085552,0.1334735684925287,-0.1265797496836993,-0.1303846885405262,0.2715183149108484,-0.0455028471700305,-0.0024401699903031,0.0852250495681299,0.0034652479685901,0.0334512304874354,-0.121501817674537,-0.0251714681693921,-0.0057542698454147,0.1531618180858427,0.0669696564581938,-0.0191283230606998,-0.0034910608246782,0.0300440040233842,0.0458692810533548,0.0829967018005191,0.0157262656230896,-0.242065577630736,-0.1733523370680282,-0.0382832686277813,-0.0466828070294284,0.2034770692497849,0.0991232232274681,0.2833523550323074,-0.0992135203569922,0.075415105108028,-0.0473934772664397,0.159665078196713,0.1115305737497174,-0.02474201912878,0.0737109963688207,-0.0497266077853593,0.1487880764715448,0.0786186215287776,0.0343940473833428,-0.2808611911873724,0.0163735782075373,0.0688903058783628,0.0453966515705999,-0.0456632255242306,0.1261365832819205,-0.0540987405147804,0.3660262031983512,-0.0232786332869957,0.1726361184863707,0.1870279852688483,0.1541232495147442,0.1408510962995326,0.1427592246442335,0.0236038232831317,0.0827347848707968,0.3194106842161606,0.2433015807515237,-0.2043069492393391,0.0371911138753109,-0.0138879190997277,0.0344842636629023,0.1396115252700425,0.0084381796742842,0.2093711586626925,-0.0592101150704002,time,855,60,75.59488677978516,0.0453966515705999,0.1192628963955941,0.0278237591229253,0.930407721104606,2.444301855065064,0.5702499947130436,3.170579303230887,743,0.641411690825751,6,0.1579988733646469,0.1624604894238925,-0.0968453518125395,0.0,-1.0919663026257855,-0.4505546118000343,0.3791694122016032,0.1180128107756727,71.46423873791636,68.78388682917758,83.49881731653409,1.395491318451376,0.028052803374718,-0.0284523739807731,0.0193349369959202,0.0732490540218127,0.6789016511629541,-0.0003598871598157,1.0,0.0358579006478936,2019-11-13,53.0,9,0.0660645237775725,0.0440631373837974,False,False,True,0.0,0.0,0.0,-0.0098336686609436,-0.3887636919017138
SBUX,Falling Wedge,bullish,1,0.7264416089112822,3,25,1247,1248,2021-08-31,2021,2,104.82190812694272,101.75145289889468,111.55416656733291,100.70198707685071,0.7941540050976803,0.0301760332709841,True,0.000254225400855,0.0039001636400818,0.0077585444339456,0.0048249045773087,0.020515752402042,-0.026556845136281,0.1048629928134354,-0.0016561896224839,0.0278869157980299,-0.003615521841142,0.0189455269550029,0.0170519895438718,-0.031366272146715,0.0255819882438195,0.0074210558121374,-0.035773967845996,-0.0526846924164321,0.0116112870517544,-0.0353890660261381,0.0127284483606613,-0.0284015975347817,0.0293916340226034,-0.003402618971377,-0.0285568775832816,-0.0182159626429169,0.0212725718634474,-0.0211440695988057,0.0348824708386057,0.025344532232866,0.0248453610855103,0.0195996687347665,0.0334971712231493,-0.0425203344150821,-0.0095341263693615,0.0197626055617345,0.0188212455827403,0.061336715159765,0.0108612930035061,-0.0210366967599321,-0.0176218632215698,0.011639412168146,0.0124355626401908,0.0447744651948915,-0.0087166798734361,-0.0544314795368657,-0.0367602688589949,-0.0494874005546822,-0.0125460148346352,-0.1614103199995166,0.0617404410761928,-0.0118591758247602,0.0748613069224113,0.0370926762400702,0.2610797233233681,-0.0317750815274512,-0.0526198857365484,-0.0671166057213804,0.0204637614442384,0.0483637211550507,0.1157822382371753,0.0796884821548944,-0.046121787702273,-0.0094757611336486,-0.0706272259096759,0.0917833855607825,0.0848047161598744,0.0053930623951308,0.0050675965920077,-0.0712431639399793,-0.0381323139884383,-0.0443950393903352,-0.0007048083471672,-0.0544770227533125,0.0166438153498209,0.0809636834155911,-0.0324513479581077,-0.0359897944106466,0.1153618770218534,-0.0026912273584724,0.0042453206859074,0.0103012339273556,0.2216938872434743,-0.108955574331108,0.2537117097690073,0.0178440421112777,-0.0694098196626229,0.0948120718470839,-0.1159723406989452,-0.1460374092946966,0.2365749869159719,0.026443536162984,-0.0637276549702007,-0.0300699914517875,-0.0706919378570937,-0.0458069387297174,0.0566537232413082,0.1254456029720712,0.0931117470134874,0.0371911138753109,-0.1460139123903591,-0.0037275817856069,-0.1153654400872072,0.0994867165818342,-0.0294793229763299,0.088062052051085,0.0063964326337271,0.0140541622421663,-0.0137387596992764,-0.1565428577519416,-0.046339819304381,-0.0265108289648902,0.1145883940370244,0.0503760239480473,0.1060916351969221,-0.0404665985569513,stop,1257,10,100.70198707685071,-0.0393040073750865,0.0233031374922292,0.041437113913226,-1.0,0.5928946956945743,1.054271986003431,1.6340746238911197,1220,0.8211074166778773,6,0.0974975010234916,0.1483135351073448,-0.2144639319400556,0.0,-1.2973497529674207,-0.4762423362895444,0.1691527569974641,0.0650792458987063,101.75145289889468,100.70198707685071,111.55416656733291,1.242274799373804,0.0787906701975111,0.0051835477083039,0.0119037446541618,0.1148114449422097,0.9435893423060352,0.001383624261191,1.0,0.0235974565548322,2021-08-31,9.0,6,0.1622805981628041,0.1009462854973555,False,False,False,0.0,0.0,0.0,-0.0273603070218423,-1.0395841063452786
SBUX,Falling Wedge,bullish,1,0.7139241489065085,3,37,1643,1644,2023-03-29,2023,0,93.1070703056401,91.76220536829294,103.03421423083,88.39078276849415,0.8505479918428827,0.0146559788090254,True,0.034108840793636,0.025422544331368,-0.0032698383236277,0.0172994921035036,0.0071184934132042,-0.0115671962098471,0.0053396099251059,0.0164514226976046,-0.0377382935974295,-0.0178655607104352,0.0165867692653673,-0.1289318333865904,-0.0233048377197355,0.0473881807868621,-0.0277065751412715,-0.0038149645839731,0.0278426234592279,-0.0265717500798646,0.0463763372392835,0.0378903662232499,0.0037132720844028,0.0129575787892748,0.0361991759819204,0.0547122138334192,0.0314993038621582,0.0190295048980966,-0.0154334995519037,0.0221642486123219,0.0330950748273581,0.0705529372648374,-0.0555284517485108,0.042920466237168,0.0261547745690469,-0.1081213463230262,-0.0165421064745066,0.0243445437176903,-0.0196166373269459,-0.0220529300805782,0.1005679298323123,-0.0097278378912432,-0.012970002397174,0.0087626142275609,0.0165215099355857,-0.0315848613942553,0.0164342282256086,0.0502637058754471,0.1114946077895004,0.0909049607439145,-0.0696862000429083,-0.0262036350254112,0.0973195749433961,0.1249965930054861,-0.0479437988111417,0.0660918973820343,-0.0258741197675684,-0.0262543025210162,0.0568507843465873,-0.0514022455693745,0.0029149813699271,0.0791758160764117,-0.0298775900299022,-0.0770695099279746,0.1336353210216132,-0.024028727550536,-0.0003364944030681,-0.0815388379533266,-0.0195823333393273,-0.0504787879140894,0.1099591885250099,-0.02474201912878,-0.0508747450541166,0.0473144279300337,0.1716327865829354,0.0017848891872367,0.0142263093615151,-0.3923926929105211,0.1076195127551773,0.1670742600846133,-0.0251222056689255,-0.0535352476049107,0.0409527729604652,0.0829378839689196,-0.0120215067382576,0.0297166422480603,-0.0270207137979704,-0.0181134869961613,0.1706460643158627,0.0277205126289323,-0.0380887738078412,-0.039373477932078,-0.0875067927055199,-0.0331645773218583,-0.0268226125349202,-0.0984717040960159,0.1438222150725006,0.0017179463841019,0.1360953777948286,0.0711496342031343,0.0790780430892805,-0.0245084702912474,-0.1592417442220888,-0.243654642723851,0.1198451778342499,-0.3038117373268105,0.2160890527812218,-0.0667020994039558,0.0561734133661653,-0.1522162545019695,0.0214114458989973,-0.1120845678639077,0.2112811071808034,-0.0231714002719732,-0.3000962700342112,0.168417419109454,-0.0188022948386563,target,1662,19,103.03421423083,0.106620731300022,0.1073542595139663,0.0077878637274645,2.104864015818108,2.119345037691557,0.1537449042054342,2.104864015818108,1606,0.5659501581223327,7,0.0783224868192017,0.0206478344085829,-0.0711799265045967,0.0,-1.1801151834644692,-0.614165025342136,0.6236746394199046,0.0921440109702706,91.76220536829294,88.39078276849415,103.03421423083,1.685574013778888,0.090455925174451,-0.0298430417403194,0.0182511424032624,0.2067555728706016,0.9641028048718452,0.0061791387833809,1.0,0.020625582598182,2023-03-29,10.0,3,0.2027666756683177,0.0808930593347132,False,False,False,0.0,0.0,0.0,-0.0487205042592793,-0.7429859832338491
SBUX,Falling Wedge,bullish,1,0.7455891036589029,3,36,1695,1696,2023-06-13,2023,1,91.83652433475238,90.50949416582272,109.86712612242196,88.16054708989185,1.0493224423371827,0.0146617786472036,True,0.0232022525100397,0.0242419746598246,0.054848387978772,-0.0041787780632913,-0.0018883611732259,-0.0154141098938744,0.0049372134676211,0.0420727244784282,0.0027670720568429,0.0164653200230426,0.0399230534390659,-0.0158437624926164,0.0016751553006857,0.0179338037504386,0.0088325658883514,0.0229730188950034,0.0105338181177656,-0.0155612728749819,-0.0082231116675873,-0.011829900552985,0.0096844926453436,0.0116960127342047,0.0146320854071895,-0.009541915646215,-0.0118325541257222,-0.0320014513781229,0.0196422324600107,-0.0664248268993841,0.0631877376942686,0.0036273824251442,0.0066340813284075,-0.0429928813605842,0.0024618587885325,-0.0459079917833676,-0.043615078891668,0.0131694749059581,0.0202863580750984,-0.1302950610523655,0.0190168672350059,-0.0641682271703689,-0.0073769606788326,0.06577065408775,0.0125912356642821,0.0472875364315621,-0.0937669820646205,0.0031017864629496,0.0204902423781578,-0.0120488739716539,0.0462930974444162,-0.0509575888357687,0.0050675965920077,0.0234905337966107,0.0397172313139695,0.0778794572744108,0.0615287275304305,0.0194321808188293,-0.017414127110314,0.0251540396384082,-0.0116598027609591,-0.0344277326098559,-0.1151649255171506,-0.1151649255171506,-0.1475541075651193,-0.0450834827458725,0.040349684786854,0.0158374814207553,-0.0193722198826573,-0.0339565094637198,0.0322905119477516,0.0265379128198979,0.0023819926144919,0.0640027357828503,-0.050711344445756,-0.0005299652718491,-0.0716665243253527,-0.0527484594293812,0.1927028457126984,0.1029275120248325,0.0225355471787103,0.0944097262675687,-0.2800213640361159,0.0634091773130145,-0.0648100765196429,0.1391031041624182,0.034820829021988,-0.0159078935339893,0.1107294443403883,0.2057208018999818,-0.0540108824752255,0.0126027126983909,-0.05627228661338,0.0067236308322904,-0.03788572378821,-0.0611458115429667,0.0084381796742842,-0.0515764429506722,-0.1207683179860361,0.1861860660451089,0.1057032463985154,0.0247953785995318,0.1836691627497839,0.0337515601505977,0.281545814363076,-0.1113917813275225,0.0471806959960143,0.0679401144778217,-0.03788572378821,0.1046629553427467,0.2387768551500992,0.0713265875587814,-0.1145785546762315,-0.0483582592114433,0.2141236165789597,0.137820884620208,-0.0989538256764807,stop,1711,16,88.16054708989185,-0.0400273994632164,0.0296305316838645,0.0402770597128716,-1.0,0.740256226515385,1.006237233819915,4.9049818828118585,1658,0.7642334504714003,7,0.0775979754484095,0.0392195864486648,-0.1270535206958537,0.0,-1.4851156637833365,-0.7208822133119298,0.235806210604734,0.1252876379160205,90.50949416582272,88.16054708989185,109.86712612242196,1.4936676766121388,0.0106253213190803,-0.0494449600693656,0.016313576637543,-0.0150891484895544,0.7812507450587626,0.0005075557409546,1.0,0.0572625807992261,2023-06-13,10.0,3,0.0458029746623172,0.0618050922520472,False,False,False,0.0,0.0,0.0,-0.0533504673817122,-1.1171613542902383
SBUX,Falling Wedge,bullish,1,0.7174854384930275,3,36,1853,1854,2024-01-30,2024,1,91.64006913453792,86.7611248554303,92.91956119730963,85.03326417681274,1.667564115161639,0.0562342211127091,True,-0.026556845136281,-0.0375264231069664,0.0236758593703283,0.026313270919422,-0.002134901343842,0.0003415524240233,-0.0555387392408101,0.0302227675814461,0.0406245684579134,-0.0108306610394638,0.0064914669249498,0.0486946528166152,0.0119383261242678,0.0105338181177656,-0.0076552879777072,0.0348712574232814,-0.0356372673642201,-0.0239869448033159,0.2508324776866109,0.0010932287282796,-0.0163634027379385,0.0071184934132042,-0.0435870719103216,-0.0391253556762911,-0.0502996660122736,0.0674514621952233,-0.0084634375339263,0.0472588939521774,-0.0381904748264392,0.0311686123189054,-0.0692133551257512,-0.0362011025985401,-0.0170556445892107,0.0335068414346424,0.0433385181100713,0.0268310063482342,-0.0363851760684617,0.0542875708224135,-0.0950350948702929,-0.0536157281784748,0.040071395838749,0.0248453610855103,0.0002393831740299,0.0036273824251442,0.1239932047379515,-0.0462483366088889,-0.0480308604617646,-0.0841325909178881,-0.0193722198826573,0.0975733349410856,0.0184975747202063,-0.3021589455876579,-0.026904919790602,0.0384465631749408,-0.0562225928447727,-0.0199152570911145,-0.0882862100003691,-0.0179293363364746,-0.1601018708191257,-0.0248217837829832,0.0306776451240742,0.0412711776686041,0.0067125456844894,0.0029063628657004,-0.0794127615777323,0.0001754097632187,-0.0869609059494912,-0.0197745667387083,-0.0147508226387961,-0.0633852135073045,-0.1374211746764722,-0.0926900783726831,-0.0018210976562785,0.0783898497493358,-0.0751012528710264,-0.1103205072125461,-0.011917152157023,0.0686274979292922,0.0258678111453058,-0.0134508233823745,0.0871003401668126,-0.1699523724267568,0.1756949506511209,-0.0053911197273683,-0.0496443352911615,-0.1575934806170311,-0.3923926929105211,-0.0354514949178831,-0.0823963280430095,0.2010769662794771,0.0163735782075373,-0.0361356264344654,-0.1008497250432538,-0.134483857864597,0.1439122618999251,-0.0607984638089115,0.0670052629543926,0.146360384492278,0.3137732953773151,0.0798534332104492,0.2087616949046422,0.0361478926595979,-0.0031449353517956,-0.1586220169665552,0.1719069496794356,-0.0244173011319036,-0.0946394848176018,0.0428200762902013,-0.0387930833883486,-0.1565428577519416,-0.0696512517385115,0.1856872169224679,0.0707887912928957,0.0283571854166435,-0.1452879775504876,stop,1879,26,85.03326417681274,-0.0720951546645567,0.0030478450559949,0.0755663553568553,-1.0,0.0422753105971676,1.0481474893624858,0.1936627569541958,1816,0.5579324034339386,7,0.1474759178317514,0.0200147561195702,-0.0346092762578772,0.0,-1.3776051677022043,-0.8196727642682725,0.6927578298582817,0.0473932699443382,86.7611248554303,85.03326417681274,92.91956119730963,1.2914258902626503,-0.0418329686170917,-0.025025250385656,0.0147214969703355,-0.0636860999583476,0.7129199353145376,-0.0085288595432435,1.0,0.0327787724876262,2024-01-30,53.0,9,-0.0401250991378738,0.0050526543780031,False,False,True,0.25,0.0,0.0,-0.0097037108024993,-0.0617294620833353
SBUX,Falling Wedge,bullish,1,0.7250439839651887,3,42,2270,2271,2025-09-29,2025,0,83.10913985227988,82.41612787108113,95.18854120288086,78.98557224093855,1.234575099156639,0.0084086937726897,True,-0.0366068930174221,-0.0497002713766014,0.0423469664759419,0.0359760497479764,0.0088875026827754,-0.0067029480733086,-0.0155982789659256,0.0161111935822722,0.0020772176487782,0.0267839652988108,0.0506401908560216,-0.0264268924650866,-0.0121990638016409,0.0015264787242565,-0.0133316883975579,-0.0430251082076874,-0.0202680997017218,0.0376788764510132,-0.0105811075605607,0.0069878282804018,0.035835097586808,0.0507480716116639,-0.0449802056060836,-0.0610113856251568,-0.0611773193567251,-0.0071323965244851,-0.0205721785980688,0.0323475792033574,0.071348849327631,0.024382849882871,0.0321048101077918,0.0988597883510808,-0.0010851603891625,-0.0050740330784417,-0.0185917820836484,-0.0399007450552457,0.0304285529713237,0.0270976406592613,0.0212579922162081,0.0070575293413899,-0.0394797090063877,-0.029604531700922,-0.0142394001367843,-0.0610113856251568,-0.0044876170396092,-0.0661967182663069,0.0233485959931774,-0.010305023565214,0.0827579958651836,0.0587513958479744,0.0028069930686522,0.0028069930686522,-0.0014957009160465,0.0053085263360164,-0.0094664832381431,-0.0110328286890145,0.3160927012815433,-0.0301115073931557,0.0298201229834906,0.00789722984597,0.0425756437694555,0.0329559766646601,0.10443993916315,-0.0537344949790185,0.021067394075299,0.0326072342273677,0.0483265085572821,-0.0824268422194447,-0.0066487438728163,-0.0151111658661325,-0.0238602128546595,0.1518721279028678,0.0371952174112537,-0.2475236260322634,0.0584539383434896,0.0625206650790466,0.0679596150468389,0.1776488827976898,0.0279703558282871,-0.0481906116862413,-0.0237961799388749,0.0789524875473353,-0.0791528071154712,0.1017941592243176,0.0558959990972294,-0.0173075211473571,-0.0432604615950101,0.0422282635304787,-0.0349991993565546,-0.0490423316150135,0.1970964131540589,-0.0409269351899379,-0.0089658182062571,-0.0497889120175411,0.0804145840514074,0.1384902325882009,0.062426670571906,-0.01337677516611,0.0306741647544079,-0.0503895484265624,0.0413050145471798,-0.0350436611895019,0.2631070149652663,0.1006466702498025,0.0609701754215201,-0.063511922244474,-0.0394571817108165,0.0218305862788339,0.3300897965566129,-0.0107073800828068,-0.2516327277752875,-0.0397435640072968,-0.1220247443113907,0.0958579539884545,-0.0389620861592244,stop,2276,6,78.98557224093855,-0.0496162951351759,0.0238178515513467,0.0520944393272642,-1.0,0.4800409116895313,1.0499461756533182,2.9293569280586484,2228,0.6322616060404868,7,0.1597471337672432,0.052774877234156,-0.1820962153486501,0.0,-1.0145547321044872,-0.3822931260640047,0.4309929562668588,0.1267566939807443,82.41612787108113,78.98557224093855,95.18854120288086,1.647250298530206,-0.0695103783498565,-0.0289800264278021,0.0197254379766846,-0.1117166714493282,0.912664832052883,0.0031177726734441,1.0,0.0317340624605364,2025-09-29,44.0,7,0.1123677701483971,0.0117245060024828,False,False,False,0.1666666666666666,0.0,0.0,-0.005768741100189,0.0871114574895099
SWK,Falling Wedge,bullish,1,0.7269929731310754,3,26,682,683,2019-06-05,2019,1,107.84036184127496,101.13695081102004,126.93318669001258,99.63483824586832,0.8426343465819712,0.0662805332423024,True,0.0458459060619931,0.0278436886515436,0.0501583036431489,0.0183596337114031,0.0177845908639178,0.013951890431705,0.0516867295279248,-0.0114132734210667,0.0244469684776358,0.0132680526433384,-0.0169182704294441,-0.0010267935097769,-0.013789086230916,0.115676796653912,-0.0063737502296907,0.0021565520517594,0.0603535290732293,0.1676252494929988,-0.0523973746322564,-0.0492145816988229,-0.0871038890602274,0.0431293126053946,0.0288278765637847,0.0643176241750003,0.0298302320958125,-0.1429684031146973,0.0236480873170865,0.0170332576817995,0.0662132892994706,-0.0645204850117029,0.0103497772272711,-0.0558461495804948,0.0569530011674375,-0.0219341788567926,0.068625022163141,-0.0041012917022394,0.0605676402251902,0.0509685886955306,0.037889850207843,0.0618588326189757,0.1026374329140715,0.0331090499757766,0.0106665834533534,-0.0208664498407143,-0.0791285572485648,0.0537598792954132,0.0906531671606905,0.0307740501888285,-0.0624186851009693,0.0588786147007496,-0.055146307508757,-0.0668247639247693,0.1507695247857727,-0.0644123116633663,0.0115384799582674,0.0570029448041038,-0.1292178443089346,0.1052705921944254,-0.2176084603524682,0.0022184469317765,0.1078722835572267,-0.0741810468139922,0.2236511613991865,0.0484590298010969,0.0424725700313945,0.0015260838073283,0.0144151304776929,0.0147608955526792,0.0822018502442683,0.0550446582564341,0.0092119891319517,-0.0123409532255868,-0.0033281147318462,0.0965459453264832,-0.1173620886365282,0.2036730095648495,-0.0210244464660082,0.136798421103683,0.0912238567107457,0.0874037329728905,0.0535718107997724,0.1348798485915852,0.0237108536237151,-0.0354320933789575,-0.0324489193109838,-0.0326296720438742,0.0624693935746383,-0.0561744160352162,-0.0287508133585902,0.0094998550427789,0.2781517975019505,0.013122807875159,-0.011275668702106,-0.0490918671425848,0.0468806925008951,-0.0731743053088355,0.0015426281961077,0.1638353111191977,0.1815669369381525,0.0311028417537009,-0.0185455838666547,0.0599347298920047,-0.3417449004707086,0.225201305702547,-0.073455426914941,0.0597775668665889,-0.0107252640744764,0.067590491131857,-0.0439034801988562,-0.0552621065467401,0.2149234654566278,-0.2114856719206376,0.1224803541230326,-0.0289254950963169,-0.0271563731662333,time,742,60,106.6243896484375,-0.011275668702106,0.1402821871958754,0.0524477306156453,-0.1481894700197001,1.8436461307060523,0.6892896207758222,2.3268259029107607,655,0.8210102469325661,5,0.0391449586611242,0.1176470372838653,-0.1580645076047518,0.0,-1.752822068257219,-0.931811821324647,0.1243183949599754,0.1166754522439317,101.13695081102004,99.63483824586832,126.93318669001258,2.68045767015981,0.0231051080247268,-0.0319186146986671,0.0248465709179092,0.041124500913481,0.9594611313492344,0.0069432467818879,1.0,-0.0172613999908697,2019-06-05,22.0,16,0.0535294857106711,0.0394212858136715,False,True,False,0.1333333333333333,3.0,0.2,-0.0216806298648554,-0.277143634295598
SWK,Falling Wedge,bullish,1,0.6392758959183444,3,30,746,747,2019-09-05,2019,0,110.27528967323576,105.49801162668577,122.27357564079654,100.4019931969637,1.4200298112889165,0.0452831098225323,True,0.0728504241245329,0.0623868339209718,-0.0512873939769774,0.0133754729759056,0.0402599292275307,0.0302996039980174,-0.0040771201710276,-0.0022521807959353,-0.03090768484681,0.0133754729759056,-0.0409523032643867,-0.0307683555402475,0.0148921889575499,-0.016126202022033,0.0214497808441154,-0.0423534263973482,0.0117100962011469,-0.0105611186219705,-0.0112122749379055,-0.0189089911545395,0.0030016517516615,-0.027372790536447,0.0797712063912226,0.0430979737548278,0.0333385617188199,-0.1245856692432663,-0.0693550766848684,0.0076084193134542,0.0235931280799972,0.0430427639543387,-0.1245856692432663,-0.001146225577477,0.0748518747759692,-0.0209023800220201,-0.0290174642655915,0.0096635405068725,-0.0025286484904544,-0.0156469935388355,0.1013127815972627,-0.0718484202540348,-0.0201408469955231,-0.0679868062764139,0.0596113086927989,0.1433125801912655,-0.001459732576472,0.047408350557641,0.0032815291868135,0.0247757479009269,0.090887014266739,-0.0913781964665527,-0.0815716516070412,-0.0153097172387818,0.0361909622577956,-0.1327428827420033,-0.050610000880396,-0.1292178443089346,-0.0565649588198832,-0.0710699347236808,0.0259490045302701,0.097101479325941,0.0333074333985705,-0.0449858749227832,0.0608069676096834,0.0413044996900291,-0.1496018217311366,0.1262577382296352,0.14021253985279,0.1549997364319437,0.0040833045792033,0.1035512623020984,0.0815481960968613,0.0631829170715365,-0.0769665582720691,-0.0535388033303192,0.0573751599222533,0.0235360087171221,0.2714453165010988,-0.0355687334366092,0.1471578627331353,0.0802783084590095,0.092735264556411,0.0156004923488239,-0.0225684735088925,-0.0354802746223604,-0.0686445424278494,-0.1501949895930685,-0.2099491417884829,0.1648929174962843,-0.0109785228772404,0.0362510312969477,-0.1766662053996686,0.0979563106097953,0.1553142937617171,0.0963163682725427,-0.0255184781392953,-0.0678412064947128,0.1107413795783014,-0.3657753265289045,-0.0162040298350585,0.2378008256065216,-0.1830366893101448,-0.0627751174198629,0.1156820641560438,-0.1514050703796455,0.020504083856359,0.0308792575685703,-0.0952755910408925,-0.0206046764836644,-0.0990135156136038,-0.1048726337690414,0.1430543017267964,0.2305448606149307,0.0717104720211048,0.0364337408131376,0.1650628612153701,target,779,33,122.27357564079654,0.1088030328744882,0.1117187291685461,0.0258149874534547,1.2152259375980032,1.247791479836012,0.2883287487803199,1.2152259375980032,716,0.5019982667021037,6,0.1626451965588864,0.0549942668263419,-0.2031342027766092,0.0,-1.090720666937428,-0.588722400235325,0.6600322921589926,0.1050491401425035,105.49801162668577,100.4019931969637,122.27357564079654,2.8278623211457137,0.0204176150553185,-0.0265858369516556,0.0257960307801977,0.0495581938804547,0.8986374141505507,0.0123751070263868,1.0,0.0342052890120625,2019-09-05,22.0,16,0.0485580804408078,0.0452132310087809,False,False,False,0.1333333333333333,3.0,0.2,-0.0248520387812433,-0.4713035682780685
SWK,Falling Wedge,bullish,1,0.6738680528124938,3,38,1093,1094,2021-01-21,2021,0,145.21240361318922,144.88406784798389,159.2118293169956,135.9113929026367,1.3139978019154737,0.0022661964844183,True,0.019770204101581,0.0318561881871043,0.1024586372318985,0.086311663153465,-0.0264246958043026,0.0414483650339585,-0.0070652618801915,0.0299107018407911,0.0332953041676427,-0.0125864410695096,0.036368772348772,0.0277223436713895,-0.0143081626306986,0.0457045315976361,0.049597983238097,0.0032908901182908,0.2278653061527047,-0.0794150808140059,0.1044552476823117,0.0809331536463142,-0.0024979464580588,-0.0158614858394287,-0.0157899871677727,-0.005041599007059,-0.0153492976633801,-0.023042255157455,0.0451983643497728,-0.0575469764650709,0.0039999493450715,0.0289856891661581,-0.0097461951794081,-0.0240048119727339,0.0466257524804341,-0.1454145600017706,-6.89410262414425e-05,0.0712831513736576,-0.0082077280225162,-0.0154315542628924,0.0951243905784995,0.0085875949094045,-0.0840892270823746,-0.0139285143422909,0.0231933002561997,0.0935180769634944,0.0153238795485151,-0.0075595682799816,-0.0082705747517933,-0.0286236607599207,-0.0258236151578513,0.0242253050327894,0.0183159989868151,0.0127821642184358,-0.0342034738038057,0.035606313893743,0.0066054425308381,0.1807198712455229,0.0402078552362015,-0.0314972286102921,0.0331548119477271,-0.0189714935245487,0.0809158952060915,-0.0001168809255083,-0.0245763755420618,-0.0252906368502365,0.1075913948517963,-0.0546575112041823,0.015807413214534,0.054650951089735,-0.0280428848435805,0.1183126509947978,0.0960610243507609,-0.0576704141220414,0.0965459453264832,0.0954206649048428,-0.0276524552003155,0.0682013589810506,-0.0714151307234457,-0.065359468180202,-0.0382260533316127,0.0265815853698649,0.0700944853114509,0.0856445078216081,0.1265101420651651,0.0039638811484818,-0.018730920091494,-0.047360996085046,0.011824426822093,-0.064929751709983,-0.0382260533316127,0.011824426822093,0.2809551850930585,0.0959128826502758,0.1707398727493636,0.0809557946109664,0.2618381427158998,0.2108008243755095,0.2088006875809247,-0.0833059933877514,0.2290739178943976,-0.1223380554711808,-0.0436899443786181,0.4705548036101075,0.0344256418982047,-0.0524685723823528,-0.0313437360955645,0.1794205657967118,-0.0907443787875785,-0.1884657646070958,0.2306173450246318,0.0544874858409403,0.0872117542707697,-0.1118392115009934,-0.1040017710972412,-0.3482677241721702,0.1312015718929861,target,1126,33,159.2118293169956,0.0964065421098425,0.0971028879170423,0.040219595483407,1.5051510141713107,1.5160227410788754,0.6279300512867325,1.5051510141713107,1055,0.3963922830404462,5,0.0661472599747439,0.0797012352481532,-0.1663367277449599,0.0,-0.7117241292772666,-0.3153318462368208,1.1244239587579756,0.1084497505591001,144.88406784798389,135.9113929026367,159.2118293169956,3.896738956655268,0.1560125423195204,-0.0112358565155213,0.0267619864890307,0.1714736186547638,0.591328461222315,-0.0019879947309167,1.0,0.0445277747227048,2021-01-21,17.0,22,0.3530561237318814,0.2708909553205285,False,False,False,0.0,0.0,0.0,-0.0922975594065443,-1.5422521605527364
SWK,Falling Wedge,bullish,1,0.6352809242407326,5,59,1400,1401,2022-04-08,2022,0,118.28095016913102,117.1843619136082,164.7875289010708,110.28298045183624,0.615986859576477,0.0093578037002177,True,-0.0051103697135953,0.0087149530079512,0.0236709240359533,0.0016700408481202,-0.0004479494794751,0.0740618943916797,-0.0292496722871874,0.0720935723357441,0.0970960849839133,0.0275953577372902,-0.0409523032643867,-0.0051262776847755,0.0687133697418251,0.1190272468781243,-0.0314960727716029,-0.0577110058921988,-0.0134307966764132,-0.0227993875385025,-0.0643848858387279,-0.0059798148444109,0.0248001956464252,0.0082409790043769,-0.0173799446798839,0.0041876382928258,0.0393139778241473,-0.0020448049138134,-0.0089924621224635,0.0553605149343252,0.0472913835672716,0.0218078698502013,0.0121005198425874,-0.0666080448121331,0.0202734411859757,0.1955309790626154,0.1177757215443005,0.0172312506301162,0.0946485952932985,0.031338342428774,0.1559785741488335,-0.0595289756465476,0.0570114632309624,0.0191685711304938,-0.1034043973371062,0.0795062027834967,0.0260692095613679,-0.0313380594253019,-0.1080984992142298,-0.0046557536651689,-0.0285925447732648,0.0602323174965377,-0.0883797022886782,0.0341399474994972,-0.0032310793373431,0.0827067573950171,0.1101287290179768,0.0687042956112822,0.120932284290852,0.0569295400200033,-0.0727248584860598,-0.3128912320398505,-0.0504972432444761,0.0048125670382039,-0.1222158769546215,0.1470769189866911,-0.0410776047422828,0.0580347513350241,0.0008978542054098,0.0478416961023555,-0.1117398750708435,-0.1402832169038863,-0.076402685183829,0.0907846760069248,0.047841856984349,0.0965897685402459,0.0717614418192427,-0.1311096490648031,0.260577558911889,0.0695903667623702,0.0223927414946731,0.1526310761648501,-0.0987750650552035,-0.2199130609287516,-0.1551710708221604,-0.081060852444625,-0.123386093332351,0.0659600634980075,0.0043063863306549,-0.104188585985314,0.1366885687399046,0.070480905081365,0.0180203335155071,-0.1499842852147251,-0.2001753534295767,-0.0798455290977432,0.0283412424135005,0.003315580836757,0.0708782519137407,-0.1662281166306662,0.0139123183811176,-0.0216867142161071,0.1900548857214956,-0.0323131533653083,-0.3344604831379748,0.4064962328616248,-0.0254469977658143,0.2423434391021093,-0.0557403753439479,0.7722855750322684,0.103091279162413,-0.0319130902761123,0.2359591238092933,0.0486431805104701,0.0878745504242359,0.003315580836757,-0.2771114689430693,stop,1413,13,110.28298045183624,-0.0676184094383618,0.0459932278855342,0.1113634958518193,-1.0,0.6801879586868984,1.6469404822858738,5.814798051982384,1341,0.5993343651695958,6,0.103509316226418,0.074348253103333,0.5423387396273727,0.0,-1.7114621380458892,-1.1121277728762886,0.4139980557911682,0.144381151259016,117.1843619136082,110.28298045183624,164.7875289010708,3.4096761393917814,-0.215206275503881,-0.0877953118713952,0.0288207920837912,-0.1977538834640539,0.4999980234732289,-0.000862549123659,1.0,0.0687751402084051,2022-04-08,2.0,12,-0.1224801101424358,-0.1415793537934286,True,False,False,0.6363636363636364,0.0,0.0,-0.0610702011466018,-1.1126096032326016
SWK,Falling Wedge,bullish,1,0.7043193442607113,3,48,1523,1524,2022-10-05,2022,1,70.09415452401957,66.87844865039756,99.21497731308068,64.10880437263631,1.2808662432663689,0.0480828419096843,True,-0.0783836024723153,-0.0276408011224851,-0.0176907668876586,0.0695682584485031,0.0652836768254561,0.0406044615094782,0.0179433149100858,-0.0137937408156123,0.0153731810004802,-0.0913262405245254,-0.0276746674181757,0.013617024541654,0.0571882878662428,0.0373384753864167,0.0145077392191588,-0.0318043605051492,-0.0576071281124449,0.086311663153465,0.0079956227400315,0.1355437233744898,0.0724880844647031,-0.0057365053192118,-0.0977901076651847,-0.0982229342218151,-0.0792677673532223,-0.0150127503184719,-0.0052815122019559,-0.0572917113768043,0.0051117850435629,0.0069266550327387,-0.0037088845025049,0.0830332749594942,0.0487519521785446,-0.0890243822611168,0.0149272886932849,-0.0563155466592592,-0.0493856075451247,-0.008637512480366,-0.0099220138474199,-0.0699733933753867,0.0479792665533151,-0.0150127503184719,-0.1843006869372913,-0.0603037032451526,0.0955315060115202,-0.0821274978919718,-0.1080817285599787,-0.1060853614416386,0.0570029448041038,0.0519516509924213,0.0162256645730396,0.044192447640563,-0.0624186851009693,0.0778472110799097,-0.0662394420198773,-0.0879209558087921,-0.0382151350290381,0.0120704915829907,0.0251121771976827,0.0941651959796678,0.0720696662822328,-0.0906089432384865,-0.0817821123192902,-0.1044075115449064,0.0090971953240184,0.1120856143389237,0.0190486443033721,0.0165296030360659,-0.1118720146636603,0.0120034183807511,-0.0725503055192899,-0.1284183646662441,-0.1061561111736197,0.1757384013240113,0.2515702794490044,0.1059573533257054,0.0635361633950597,0.0516743464521356,0.0451851335710349,-0.0872952569914407,-0.0949527020084384,-0.0783317556539195,0.1652952092135393,0.1295806401855976,0.3219239195372176,0.0237922181817809,0.0373938989300943,-0.0031898410186232,-0.0583240500498073,0.2166323886398728,-0.0899902706258045,-0.0350776616201066,-0.076509945555376,-0.0993152554339261,0.1744327468220456,-0.3168797904483927,-0.0044811055537223,0.712772414375898,-0.0976349220846266,-0.0332009174523784,-0.2796598529097188,0.0789661175662028,-0.2515594533238854,0.1123463995669686,-0.0317535837543156,0.1915478216119701,-0.0758331648581639,0.2225145314950534,-0.0992714171909273,-0.0044811055537223,0.2826518995259635,0.0807342354872482,0.1164084378340788,-0.0681714449964648,-0.1119823378633315,stop,1528,5,64.10880437263631,-0.0853901468963752,0.0102239082333198,0.0931109529644674,-1.0,0.1197317091599224,1.090417997259821,4.86534990477225,1474,0.8112183425754309,6,0.0837610117242915,0.0190932394881271,-0.3165683135074311,0.0212765957446808,-1.717617007191497,-0.9063986646160652,0.1813506710053521,0.181714656652909,66.87844865039756,64.10880437263631,99.21497731308068,2.5959930745788617,-0.3554540193350354,-0.0845220181023678,0.0369727994404455,-0.4093593868811165,0.7066684299045146,-0.0177842280395388,0.0,-0.0481195952187228,2022-10-05,2.0,12,-0.1092657088907512,-0.0906063735263889,True,False,False,0.5454545454545454,3.0,0.2727272727272727,0.0013806397386401,0.5386021122820501
SWK,Falling Wedge,bullish,1,0.759197264078421,3,24,1749,1750,2023-08-30,2023,2,83.59337610225404,78.32593040665029,95.08240668892176,76.77419747039403,0.4889622379450644,0.0672503431271915,True,-0.0212500030925733,-0.0061942310726947,0.2303968777426612,0.0030619797598094,-0.0290881185233707,0.0279410639457187,0.0319376054088909,0.0060210164112641,0.0132753543415919,0.0137182450484591,0.0348942193240044,-0.0732103195377618,0.0120547463578737,0.0734928054145165,-0.0450182735081403,0.0527633804880147,-0.0584855183836355,0.0036359898281195,-0.0420207675589292,-0.0437745048646813,0.0005645803322573,-0.043935315467411,-0.0296612554205359,-0.0708821431652554,-0.0680259981922815,0.0589329931645938,-0.0020448049138134,0.0059288127430083,0.0290401959798838,0.0523681037073102,-0.0314167189722093,0.0001305568868881,-0.023479238721733,-0.0529153978443039,0.0196541398175853,-0.0320291956142555,0.0040910869317591,-0.0547098975597986,0.1059210022413674,-0.1072068092890448,0.1914252117852728,-0.01623594866579,-0.0184859920576548,0.0637347305005275,0.040229350103855,-0.0825287521764278,-0.1117120388439342,-0.0638466329638328,-0.0182901111498909,0.0001151548136499,0.0262773078412772,-0.0948567807342564,-0.0993760212399453,-0.0083177062672433,0.0161874596815576,-0.0505629277578808,0.1442535348877778,-0.0391323232756991,-0.0391323232756991,-0.0830010639514543,0.0851824520340891,0.0480494553938821,0.0406455007297805,0.0385215045524685,0.1068030726222992,-0.0406963395900076,0.028092568161516,0.0298599704571185,-0.1162431580406012,-0.1809634985623436,-0.0976140260883924,0.0210908253446233,-0.0570209474140296,-0.184850695095619,0.1267308505195019,-0.1362881974912718,-0.2275384353334457,-0.1815212330077653,-0.0971164457148718,0.1034647996022628,0.0101331255014875,-0.1374346906296766,-0.1259641425887985,-0.0798203404254159,0.1261056509322262,-0.1248564354574414,-0.15841528970489,-0.1055025688556116,0.1124864599906179,-0.095424191805239,-0.182636490301884,-0.1112445789655815,-0.030582422901167,-0.0422197788077316,0.0825065719980413,-0.0367258835462558,0.0061633427165723,0.0090706398533111,-0.2102464563846825,0.2293757507447318,-0.1850269216928413,0.0637532556614366,0.0441071406615884,0.0357732718384053,-0.1932774171809387,-0.0544589989712801,-0.076167431590008,0.0515967262162333,-0.2192696374613276,0.231578809088685,0.1692129671671831,-0.1063283424464716,0.0411474220193912,0.1692992198224994,-0.0331866243268807,stop,1758,9,76.77419747039403,-0.0815755858875537,0.010724388986655,0.0837143633905971,-1.0,0.1314656691701588,1.0262183529517213,1.6848115010493503,1723,0.8247486833778459,5,0.0199230274891531,0.0876044932386612,-0.4120947814629752,0.0,-1.4425214328797027,-0.6177727495018683,0.1619701281709164,0.131469414777366,78.32593040665029,76.77419747039403,95.08240668892176,1.8614124819275912,0.1282720978588867,0.0072656469691856,0.0222885567880979,0.15750030533213,0.9649092280030156,0.0017143496652893,1.0,0.0019549619827452,2023-08-30,21.0,13,0.0896025529438482,0.0785021855972316,False,False,False,0.0,1.0,0.0833333333333333,-0.0401252085575865,-0.4184322612699307
SWK,Falling Wedge,bullish,1,0.7091996022186308,3,47,2081,2082,2024-12-24,2024,2,74.54767114224815,75.14695544829237,99.5408125428214,72.6427562246285,2.9092325857366768,-0.0079748314814508,True,-0.0068381520496352,0.0179491851342181,0.0173254737254164,-0.007136252394715,-0.028267533567149,-0.0168265592447033,-0.0141571119889614,-0.0483153393380532,0.0500503718038078,-0.04637014866502,-0.0034203726828314,0.0208595772648831,0.0046940662857999,-0.0547149923563048,0.0246670245569742,-0.0126909414655516,-0.0413832861570179,-0.0431059392052957,-0.0049072302037753,0.0361816018953888,0.0327523446456645,-0.0125864410695096,0.0005294323584124,-0.0042273950466322,0.0274824653834553,-0.0129556647189629,0.0160151977944185,0.0393854918792964,0.0672100958735433,-0.0597696316798946,-0.1312866894817592,-0.0126426916083429,0.0528545325283147,0.0519759816881513,0.0071261255711583,-0.0781873594872459,0.0049729788002141,-0.0677595373918876,0.0023557185090681,0.0052773933095215,-0.0273912459442086,-0.040884177011491,-0.0358546517576049,-0.0195097673288084,0.011405741875194,0.007155712882434,0.1239589316359353,0.1241757123014607,-0.0323283614968809,-0.0679279506054925,0.036698093679395,-0.0408233201473087,-0.0263292268854262,0.14268101891752,0.014862700867779,-0.0641473496622239,-0.0879209558087921,-0.045658889921024,-0.1061660815800652,-0.0416219409070921,0.0101273598143434,-0.168070741773357,-0.0810451465323404,-0.0520557472662219,0.0416354759243537,-0.0387506301867403,0.0965928996258116,0.0007784316626739,0.1494324497499897,0.0916326223455969,0.1004066151423985,0.1608663626247592,0.0042281840666502,-0.0582864153704006,0.2203919554640765,0.0725274832166626,-0.0264236826074992,-0.0652033822664824,-0.0887885140439018,0.0979414167021952,0.0738441954382083,-0.2460809724605945,0.0838255004168231,0.0971915907242764,-0.0349693088926817,-0.222938554884602,-0.1538928541080912,0.1835474458826524,0.0710299694691392,0.0103433023758496,-0.0583752297829022,0.0855936977473901,0.0103510884329351,0.0475635523074265,0.0063778712130024,0.0757240553451874,0.0299131400885073,-0.0680838231286956,0.0468806925008951,-0.0365525873762703,-0.0017324196025677,-0.3166792256011606,0.0191969555882731,0.0338103215995111,-0.0250206489474011,0.1197012845967486,-0.0901107252892698,0.0279910188046299,0.0120566558140491,0.0279910188046299,-0.1705302762924329,0.103091279162413,0.1212911397164071,0.1799551808427091,0.0055875430409769,time,2141,60,75.31932067871094,0.0103510884329351,0.1331449703990554,0.0190228372952264,0.4050834655791501,5.210546348157153,0.7444470121789389,13.12034525500188,2032,0.8195295052396362,6,0.1883996718443268,0.1390317734012132,-0.1774579902350043,0.0,-1.5507365333448384,-0.7312070281052057,0.194250357062048,0.1565683165643197,75.14695544829237,72.6427562246285,99.5408125428214,1.9252295620449176,-0.1095632834811308,-0.1005656038083947,0.0256058093465978,0.0122525948955447,0.8695709862892483,-0.0017210276201168,1.0,0.0096961648058218,2024-12-24,50.0,9,0.0946308113946323,0.0017129491483791,False,False,False,0.125,0.0,0.0,-0.029854656137511,-0.0618914814484284
LUV,Falling Wedge,bullish,1,0.7123153535292156,3,41,980,981,2020-08-10,2020,0,33.610351365471445,30.412010145372903,35.378459051569635,27.373558833570527,1.2286522820880312,0.1051670443620826,True,-0.0764818885267029,-0.0796290324432713,0.024667302528615,0.033023231489933,-0.0995440559917513,0.0036330025372306,0.0101620047506236,-0.0273883264490512,0.0012565215777062,-0.0422073170958714,0.0385218711387307,-0.0576115382196043,-0.0052652344479873,0.0235418213974305,0.0112322533707887,-0.0902016680938438,-0.0144147451965161,-0.0139364652530501,0.0582452615568671,0.0243614864614374,0.0298819461636059,-0.1713783414463154,-0.0633108390656518,0.0081943121396548,-0.0098257912799668,-0.1154928925760476,0.1102466159773394,0.0687417042479363,0.0532273774024942,0.0486012531133881,-0.0828617870190242,-0.0276632031094138,-0.0212712027030846,0.0809989453932928,-0.0582498278770196,-0.0427594624916474,0.0547532653635476,0.0284351825786388,0.0622317620609809,-0.0295248189199039,0.0005570532832117,-0.0501286004407115,-0.1682267438864789,0.0134825130007851,-0.0690059998589706,0.0153897554626891,0.1062550684819993,0.1170609589160988,-0.0716987316941535,0.1869214815654269,0.0237434692672546,-0.1007043917145914,0.071360030960069,0.1845651916024584,0.2677634555646293,0.0770777833887226,-0.0453964778715546,-0.1807496828535173,-0.0846296886379626,0.0631523233100197,-0.2673970274649263,0.1796587431160226,-0.013322906226322,0.2276018374577182,0.1451321124732598,-0.1992506132559038,-0.2081138649206225,-0.0202787616420732,0.0944833543608017,0.0264952472863075,0.028214724839458,0.2931026152384746,0.0109794671466831,0.2432608758149126,-0.0914828103133316,0.1064318452143713,-0.1021197292712667,0.1045276967658257,0.2874246240096476,0.0444003297019051,0.004137554259177,-0.0396813384883109,-0.0157185274063083,0.1432341870914137,-0.202042971476991,-0.03630701116274,0.0629008960036889,0.1361395172865931,-0.0806265739491666,0.3672724927791246,0.0837662480119669,-0.0394847220764758,0.0611852489787549,0.059626306501616,-0.0188442547372003,-0.0546833080525741,0.2747795250115148,-0.2109051910411404,0.0528747157225701,0.0138889929387031,0.0430355845635805,-0.0952542125392346,0.1178424710339465,-0.0986355829427741,-0.2712268831220094,0.1170165181932738,0.0184848731108511,-0.1901096826214058,0.210699406916214,-0.0295190571350477,-0.0474869755263016,-0.0099771869374024,0.0152752783562408,-0.0089874125778092,0.0697718680480552,target,993,13,35.378459051569635,0.0526060458836679,0.0620047003782314,0.0854960662863423,0.283496312736779,0.334146078350943,0.4607420903535765,0.283496312736779,939,0.4129678680600164,7,0.1698161252611169,0.1050153276268881,-0.3127685711498852,0.0,-0.7203234358790926,-0.3073555678190747,1.067130647707683,0.195280290988176,30.412010145372903,27.373558833570527,35.378459051569635,1.1187268535436992,-0.1877355353468009,0.0277633477957532,0.03482626648349,-0.3882851594823162,0.9000002384182368,0.0111175549890429,1.0,0.065843175691407,2020-08-10,33.0,3,-0.4508867537690468,-0.2401884835204725,True,True,False,1.0,1.0,0.5,-0.0035355715875386,-0.1312441285280194
LUV,Falling Wedge,bullish,1,0.6284852067430855,3,25,1084,1085,2021-01-07,2021,1,43.73659879047721,42.49261262196524,45.87797722893589,40.53906582045616,1.0297187540798869,0.0292753514494172,True,0.0247691181062537,0.0303657350187165,0.0493804909237114,-0.0705154332915442,-0.0451634498264477,0.0488845396202595,-0.0149712875327623,0.0130594779526731,0.0962026420062756,0.0370221238003538,0.0169020516312163,0.0288239881149026,-0.0234279300704561,0.0165310658790382,-0.0045509633052018,-0.1655737618869363,-0.0209403728791738,0.0246537641299229,-0.0974850309605327,0.0319838508791332,0.0523206978376695,0.0564136608953558,0.0232916119103808,-0.0052477494523919,-0.0112645108047024,0.0609452862621162,-0.0845885241002679,0.0102891540354572,-0.0143803169702104,0.0068237534398662,-0.1459459328604442,0.0683509959811012,0.0960392420122766,-0.0058371504682271,-0.0924629867707949,-0.0824223719908228,0.0113790736820948,0.0860960694762813,0.0252384906158664,0.0180108868692567,0.084521009705003,0.0068237534398662,-0.0367945306871578,0.1946322875449273,-0.030455090143902,-0.0140609044060062,0.0505877479586887,0.0318800614844716,-0.0347383527846415,-0.0818095633664245,-0.0412320638584787,0.2039039831139559,-0.0355827194942819,0.0026464511932871,-0.1025060681919783,-0.0620271767645559,-0.0844687040758382,0.0894084561284054,-0.1142195659933482,0.1358115078336796,0.0472576454676632,0.035268136477021,0.0401131698518799,-0.0358898186450573,0.2318959274009671,0.0106247118928282,-0.0563379619373821,-0.0594477800116342,0.0461542372468853,0.2709906048855159,0.2680217691881592,0.1915819719669593,-0.023249604543894,0.2350503775420753,0.004259302990216,0.1797676279086333,0.0046231601341257,-0.2486557087185055,-0.0263674570068157,-0.2927693354697731,0.2085669570709938,0.1224821380282863,0.0687362014708814,0.012068490621373,-0.0772782272810858,-0.0020377631643355,0.1095939130722931,-0.0990338350230705,-0.0457221488676747,-0.1096583672870468,0.082080176967731,0.2562887113649476,0.3455077106045134,0.2749327837094033,0.1832461769367068,-0.0002221900395907,0.354215953922977,-0.0287343729599999,0.0730692167495048,-0.2949851474126161,0.1352184132137992,0.0331997967989388,0.1634740386013162,-0.0895477364893371,0.153633550325726,-0.1919677269708787,-0.0550962876023313,-0.1346022061223006,0.0164816258423539,-0.2450022569223366,0.2387469401106479,-0.017003237606035,-0.0419312197825954,-0.1297228930348098,0.3393841887265565,stop,1097,13,40.53906582045616,-0.0731088621074314,0.038413147082216,0.0791353767186535,-1.0,0.5254239496405918,1.082432066886314,0.6696970628717498,1058,0.4393586995286345,5,0.0992012119882834,0.1605312184272713,-0.3113993623035775,0.0,-0.8329188970580007,-0.3935601975293673,1.093961041370121,0.087894408937309,42.49261262196524,40.53906582045616,45.87797722893589,1.14036786157868,0.2755401150868777,0.053768246600901,0.0262443148877574,0.4992082573409109,0.5405423053130766,-1.8067812135313943e-08,1.0,0.0284894833384392,2021-01-07,5.0,6,0.5533248587963446,0.3318296308619337,False,False,False,0.0,1.0,0.2,0.0551579221341568,0.457877893053576
LUV,Falling Wedge,bullish,1,0.6071833634533622,3,36,1505,1506,2022-09-09,2022,0,35.55663366979453,34.96452089707378,38.45282120442852,33.02056823543553,1.2858664812551166,0.0169346742792149,True,-0.1032788859773493,-0.0503502997779542,0.0993876101976336,0.0657299003715867,0.0299057609203052,0.0021744946998576,0.0140613026847777,-0.0042219062279865,0.0427030130584573,0.0198368142637488,-0.0089120869839448,-0.0497263153863387,0.0310749646977488,-0.0168193887375368,0.0277694155832144,-0.0540426459059132,0.215692420980623,0.0544343677180283,0.0339677862502172,-0.0081508115927995,0.0022534256815043,-0.0211294359426428,-0.1270783202938764,-0.1724760637535463,-0.076291227211509,0.1534977255233858,0.0409820271644285,-0.0763046096621853,0.0009585075344515,0.0384738238392514,-0.0044684397565424,-0.0088779139402883,0.0273201446909003,0.0429318752882432,0.0306087816647888,-0.0228189132812258,0.0438217282957398,0.0005570532832117,0.2014742021373121,0.0102464499144381,0.0033027511808871,0.031951463940981,-0.0121334841474578,-0.1472361176253644,0.0780729087386737,-0.1940940619927277,-0.1771235473253665,-0.0682637978379271,0.024117291818869,0.1710978987416316,0.154577619520337,-0.0795835738420772,0.0613496484617526,-0.0271364718912159,-0.0092759383551371,-0.1330768911376443,-0.0870162814326765,0.1254323216523707,-0.0973314513203329,0.1492126522454033,-0.0449291898560817,0.0423872465816173,-0.0605134874124635,-0.0348409437867376,-0.2038266902277299,0.0001811919711978,-0.2225789776727094,0.2184363428000197,-0.1744576631682861,-0.0426022914388539,0.0329493175488353,-0.1948117448572093,-0.0540655515030431,-0.1398061578867752,0.0286800801952551,-0.0984561738773657,-0.2217278102828183,-0.029171834831061,0.0855779931346261,0.0219753104460427,0.0371585522209643,0.1944376476758713,0.0837662480119669,0.1359319003565078,0.2251330178486239,-0.1283456040108187,-0.1913067805689959,0.1499203794768617,0.2594536544202008,0.0169011607617852,0.268360835352061,-0.0650825475429879,0.0198814134503824,0.0383473605023165,-0.0982324358675844,-0.039653894276788,-0.158561978218523,-0.1262944111651448,0.1157449652441544,0.0392002649998719,0.1800709668357492,0.0871328655025769,0.0478872765724733,-0.0872789832525254,-0.0354149927042428,-0.0528595872652145,0.2509665043079272,-0.0268120863548886,-0.0569930964306178,-0.1168750074593907,0.0970670622606211,0.152494255297457,0.097052791906425,0.0868173216449359,0.0021085233715188,stop,1510,5,33.02056823543553,-0.0713246776371124,0.0105861051447984,0.1050862630332484,-1.0,0.1484213528262785,1.4733506903165965,1.1420003188387824,1469,0.4600774394211596,6,0.1028306618417863,-0.0533759703922722,-0.2760671546654604,0.0,-0.7196296020072378,-0.2595521625860756,0.8716655878508277,0.1095576564880897,34.96452089707378,33.02056823543553,38.45282120442852,0.8446187050706848,-0.0897629182536456,-0.0006147532254631,0.023977047126594,-0.0648306899900653,0.8695647366471514,0.0047796143001079,0.0,-0.0318818325357905,2022-09-09,20.0,7,-0.1379150514521633,-0.1444546936439202,True,False,False,0.6666666666666666,0.0,0.0,-0.0233384068827929,-0.4281231542574907
LUV,Falling Wedge,bullish,1,0.82263644309147,13,123,1688,1689,2023-06-02,2023,0,28.07359639357795,27.748733551888208,37.03861052609405,25.573593109594164,1.5543710733042904,0.0117073033651164,True,0.0118969672831106,0.0081146076125941,-0.0197455136211017,-0.0053104757843756,0.0198368142637488,0.0188164936604906,-0.0064575510538829,0.0277348965811496,0.0482419612160975,0.0258569683621705,0.0553706558583724,-0.0151513892729248,-0.0203535723932779,-0.1341666367146154,-0.006975484108358,-0.036688121979058,0.0262820986868315,-0.0132527947508366,0.0503334253346492,-0.0206785558476197,-0.1554803293168206,0.1079008256424913,0.0145912815449541,0.1318573600683739,0.1019415061511253,-0.0413557954216569,-0.0149003114025995,-0.0357141910775229,-0.0734195534830225,-0.0071358304509431,-0.0422455821902293,-0.0111918112354315,0.0041957379399431,-0.1024242435791134,0.0190535096946806,0.0580442650353187,0.0425736132919181,0.0028318349324623,-0.0471318376913475,0.0688335183518156,-0.1445683709023013,0.0060754486257197,0.0454695036697032,-0.0525743876807867,0.0148720415949674,0.1473929821672951,0.2305252425853663,0.1904617180270513,0.223160865150835,0.0412612613750951,0.1341649071429911,-0.0116081775610715,-0.2381091041349025,0.1869483797317948,0.026989094084477,-0.0383561517354895,0.1605877333281664,0.0176842068563911,-0.0704337166683419,-0.2091584315483555,-0.0370490957009298,-0.0464273262516892,0.1031794061324917,0.0148330408224193,-0.0841356498395234,0.0734254826098146,0.0904848000885347,-0.0481743286965838,0.2160618828260601,0.1105955591388692,0.0407918340930679,-0.0814375446788618,0.1920544479040953,-0.2851012980643452,-0.2093118019715538,0.0680319300750844,-0.0990338350230705,0.1454403057778084,0.0794108444685699,0.2027925408361686,0.0505951980091128,0.0385995875752427,-0.0822877220377746,-0.1034177383143769,-0.0487321149387356,-0.0596965263185952,-0.077907055230165,-0.0291971053794189,0.0735382463616298,0.186435099368823,0.1359319003565078,0.1057601912000619,0.0567765597182028,0.004127833022024,-0.0667702256495748,0.0422972727077908,-0.0753790681852227,0.1595681355550193,-0.0979010013011651,0.0432016743754803,0.1253454844925194,0.1822694368349022,0.0751811264199966,-0.037663120003032,-0.1414565193371644,-0.1690986378243147,-0.0292398690191094,-0.1761798716717613,-0.0109006808449402,0.2276811051260501,0.0297224695596178,0.020777076361631,-0.1718385507127268,0.1034012757121027,0.0551256840883978,time,1748,60,29.667518615722656,0.0567765597182028,0.3132465633549593,0.0188368106446661,0.6375680513526246,3.517578415852794,0.2115265298923665,3.586000942458856,1565,0.6128560397828919,6,0.06201741893809,0.0935769549688341,0.033566050743645,0.0,-1.167343193710295,-0.5544871539274028,0.4459820973658875,0.1944744174324881,27.748733551888208,25.573593109594164,37.03861052609405,0.7282805481409989,-0.1157807450327298,-0.0159373335775048,0.0261057461561019,-0.2386093332946033,0.5606060168193511,0.0103057462854341,1.0,0.0562533967191372,2023-06-02,4.0,6,0.0816877677294982,0.1511067832346495,False,False,False,0.0,0.0,0.0,-0.0517096967349836,-0.3522117117262612
LUV,Falling Wedge,bullish,1,0.7506133747846123,3,39,1761,1762,2023-09-18,2023,1,27.27766018497601,27.368890683532072,34.80811594180949,26.653284368889928,1.4479962256383847,-0.0033333648634489,True,-0.0543328362936149,-0.0307265014825499,-0.0304182409760668,0.040385327210908,-0.0132139740688258,0.0174955386584771,-0.0113763071591335,0.0261824152155618,-0.010066540998546,-0.1175033420625421,-0.0052652344479873,0.0808577199941715,-0.0705378555436881,-0.0449728300417984,0.016647484837051,-0.0104665775104634,0.0192000257743667,0.0650315808723496,0.0259765356306016,0.0140613026847777,-0.0269288127212811,0.0348507494668401,-0.0543297845343536,-0.0649930887196723,-0.0302727443260041,0.0302098556957781,-0.0409658198895647,-0.0543268158341405,0.2829300532700161,0.057844955092611,-0.0117502615775311,0.0083721331678991,0.0376961923494829,0.0081943121396548,0.0166896675532888,0.0146341135407503,-0.0925080210627914,-0.0119760390934171,-0.0753983538587171,0.0080793413504804,0.0502824857531065,0.0304160011561092,-0.0618037277984027,0.1905702571045964,-0.0208156188270824,-0.0833118242312787,-0.1193259317916192,-0.104326422794398,0.0161252740872324,-0.0593974298954206,0.0266629915223002,0.0566792641016855,0.2103599469731787,0.0540969173197045,0.0373191879558409,0.0077324802178595,0.0488309188161033,-0.0247214771920287,0.0579773459430859,0.2010169843062164,-0.1815091850996792,0.2180279646395622,-0.0119934774174018,0.0222104871515269,0.0563909863299074,0.1353021701525136,-0.0546645351075065,0.1298181433544301,-0.1666391796995747,-0.2059834157634482,-0.2003586962099318,0.1298105240394229,0.2026167500994007,-0.0437240416398498,0.0564686040164263,0.2637590765292725,-0.0848142995784289,-0.1377736748527538,0.0114227110021316,0.0286800801952551,-0.1739844203740628,0.1525473329341806,-0.1857502438099015,0.1582995375921467,-0.1401497348745867,0.1885822948414841,0.0421912072723553,-0.0622075664565238,0.0296607446158212,-0.0440528405811679,0.1256567453452972,-0.2318453550792442,0.0422972727077908,-0.0060897383660099,0.5869171927273193,-0.1231427063755188,0.091270658683862,-0.1142706878358513,-0.1449814625373119,-0.1613739745140265,-0.4440852447904349,-0.0386706537707104,-0.0824479319901232,0.05691818124629,-0.1601693691235391,-0.2900854662392744,-0.1357456913214142,-0.0986355829427741,-0.049476365058944,-0.0640281852155609,0.354215953922977,-0.1417264617269339,-0.1522906652646466,-0.0901510411146252,0.1023952478698529,stop,1764,3,26.653284368889928,-0.0228896397950575,0.0051581781839209,0.0275101934941471,-1.0,0.225349906337744,1.2018622285217149,12.060774236962525,1721,0.757661879211168,6,0.1367040151739165,0.2629612936955778,-0.382520666363665,0.0,-1.9861606988933087,-1.2284988196821454,0.252165345451594,0.1022837482481512,27.368890683532072,26.653284368889928,34.80811594180949,0.6362865408200433,-0.1184753338168332,-0.1186720783207269,0.0233262856015112,-0.0209098831316449,0.0357150155652909,-0.0063993937421129,1.0,0.0199193524684655,2023-09-18,4.0,6,0.2999617233222087,0.0624868991026197,False,False,False,0.0,0.0,0.0,-0.0737196214711947,-0.6817891348190094
LUV,Falling Wedge,bullish,1,0.6647538048553712,13,58,1949,1950,2024-06-17,2024,11,27.36331605125449,24.938863187130664,33.10043810607647,23.151204436878785,0.9346830285124716,0.0972158532621056,True,-0.0052337860223362,-0.0041879395406745,-0.0106769108589463,0.0123493657754703,-0.022555056754006,-0.0698504860528782,0.0289495094560674,0.0216912905974184,0.0582200601191875,-0.0346583069816839,-0.0470150822109406,0.0743018114212061,0.0255712563671763,-0.0080525520780533,0.0993486739529814,-0.052411726901362,0.0031576162934741,0.0335744336996104,0.0637194793297883,0.0447430872523177,-0.0014258527001546,-0.0207357690063647,-0.0151460280583516,-0.0129100036194664,-0.0195282126787614,-0.0011999456562715,0.1109285787743754,0.0186255772528083,0.0279911377403281,-0.0420515559564461,-0.0978492750584686,0.0268939131293506,-0.0088779139402883,-0.0019306515542605,0.051642140977463,0.0624603582018847,0.0060868850470405,0.0287551481774515,-0.0092759383551371,-0.0027908288774934,-0.0671999616193542,-0.0278083489127699,-0.1459459328604442,-0.0282265365122743,-0.0689774893216084,-0.0044724716532607,-0.0118633195473801,-0.0330213649815239,0.0472576454676632,-0.0473138530105106,-0.0277418408995097,-0.0163833132019791,-0.0818077047112609,0.0313824721657753,-0.0431448490834057,0.0488824831395677,-0.0215185433479558,0.0149003630375268,0.0694799447208835,-0.0974531701608808,0.0160355221072701,0.064516069532158,-0.2630807264311495,0.0863459303118252,-0.0653549527481586,0.0345823423855553,-0.0225507216426948,0.0350878404202852,3.063355006958056e-05,-0.1144451896613261,-0.1114190908055446,0.0388613616517061,-0.0816098079741012,0.0454610586179338,-0.0526962795133937,-0.0672165491779099,-0.1001396875572682,-0.0480015906807963,-0.1419992240221125,-0.0526889252379937,0.1047888590480534,-0.0075191195358716,0.0178335111350418,0.0576785571028888,-0.1493552312386922,-0.230038361180074,0.2521063931754141,-0.0519045412709775,-0.4234324291142458,0.1446863049331725,0.1820012099295682,-0.0862859651158432,0.0134945817091702,-0.0116055246092632,-0.1640091437664103,0.1784986589988446,-0.1029767640894818,-0.2949851474126161,0.2046588863701688,-0.1961539161182232,-0.1081004444838644,-0.3969190338102609,0.0227156006066613,-0.2900854662392744,0.0182142159367939,-0.0788093551710933,0.1291029965499908,-0.1330247381638873,-0.0744714315116162,-0.057268000222577,0.166286375836133,0.3377853518463158,-0.2106305822007856,-0.1219763772250557,0.0721019974226822,stop,1982,33,23.151204436878785,-0.1539327911312341,0.0104675403512571,0.1772505897595636,-1.0,0.068000718198718,1.1514803860630975,1.362053663355334,1880,0.7028414610502008,6,0.067557100774856,0.1945208098787363,0.0797271336003386,0.0526315789473684,-1.199249051445939,-0.4964075903957464,0.3737340422925791,0.2021484475082356,24.938863187130664,23.151204436878785,33.10043810607647,1.038917671040268,0.0216187887193632,0.0360846395817364,0.0380604995308477,-0.0221753279806938,0.9841266477344948,-0.0014095113146717,1.0,0.033336403583337,2024-06-17,7.0,6,0.0411785970977223,0.1174410479284688,False,False,False,0.2,0.0,0.0,0.0305062841841707,0.5218419654754771
STT,Falling Wedge,bullish,1,0.6770611420399371,5,61,693,694,2019-06-20,2019,0,44.08712743491478,43.674560076138135,61.314936181317535,41.68234632819383,1.3070012006790046,0.0094463998734597,True,0.0039687953149158,0.0129106924320968,0.0225854926820567,0.1053245949411341,0.0720269379941485,0.1676967212064122,-0.0089684218981748,0.021407822912864,0.0325509768901783,0.0085722260056586,0.0491295325690002,-0.002676925605738,0.0321186555188282,-0.1112438764792161,0.0611405190502647,-0.0749540452272776,-0.1262037305837609,-0.0385290987761662,0.0434926976065324,0.0308378346400495,0.0372115124226688,0.0412643672871446,-0.0141703943429144,0.0334437294975009,0.0187222670101541,-0.005359822554521,-0.018818144572174,0.0317202034966204,0.0301546320013383,0.0016086584217154,0.0709097612598046,-0.1156227128284278,0.0965041421167196,-0.0838193343094991,-0.0429706355020389,-0.031905922424569,0.1120409287392376,0.041000612506971,0.0453281124286231,0.0101503167243024,-0.0302432377033935,0.0189152089626043,-0.0618964913494939,0.0295230439022373,0.0346889687967446,0.0268483150918608,0.0931217169159626,0.0827862055750554,-0.0317756030441925,0.0355704577695699,0.0386104000851659,0.0220503536019804,-0.0131257464088693,0.0114124500803483,0.0475192731910354,-0.0038571898065361,-0.1561011791983637,0.0298699694737907,0.0001068558087526,-0.0596313614451607,0.0219485096022789,0.0109337244079239,-0.0853953444811653,0.18365975674973,-0.0572955479891258,0.1287541334955664,0.005297463892214,-0.0162646812553364,0.0875073821894822,-0.0866393260767726,-0.0686878829700412,-0.0887518629061486,0.1301092876876959,0.0197216683256389,0.1580472417660043,-0.116974966459862,0.0350991150768871,0.0664792339667204,0.0891767997904451,0.1377992062490529,-0.1624021888927671,-0.1706060865299866,-0.0458236750206986,-0.0158739660391487,-0.067924328089279,-0.0158739660391487,-0.1803373604203652,0.1249726452044646,-0.0336793931398681,-0.0558909306649274,0.2043086282685393,-0.087218081183435,0.1009451679488111,0.0804438384346486,0.0244456098016347,0.0315930545645524,0.4320545338376018,-0.2717545285355641,0.1478081496842629,0.0455647614294076,0.1487895151972169,0.1657246243277044,0.4495431737918336,-0.0278754114123215,-0.1871616927076173,-0.2189521918093268,0.1714124930007905,-0.2733719433616778,0.1871514470861768,-0.1244347535795588,0.0472036793033299,0.0991887101262329,-0.0630644864566717,0.0138546584834369,0.0610591978102389,stop,726,33,41.68234632819383,-0.0545461055558925,0.1007633465022943,0.0658977916296868,-1.0,1.8473059712584567,1.208111760832539,7.163982076478402,632,0.7154792736728199,5,0.0181096483239499,0.0107489644226133,0.3865825733841517,0.0,-1.503225831328453,-0.7877465576556322,0.2372767936310016,0.2027500341138318,43.674560076138135,41.68234632819383,61.314936181317535,1.2106615156324456,-0.1995902732579645,-0.1072291276001982,0.0274705717130696,-0.0886356472127708,0.5937522351763047,0.0100440116455067,1.0,0.0358154568980351,2019-06-20,12.0,9,0.0980802556583884,-0.0166222324774965,False,False,False,0.0,4.0,0.5,-0.0392847380070998,-0.1364168482244503
STT,Falling Wedge,bullish,1,0.7531423460731934,13,106,1478,1479,2022-08-02,2022,12,61.71233902214558,53.53172718801869,90.19922099471016,50.9783295888879,3.186361659430629,0.1528180065140481,True,0.0009954306948969,-0.0015636072387534,0.1154925297084756,-0.0301250281544271,-0.048221886225233,0.0059751019878078,0.0244485442272719,0.008724061338706,0.0438140024189426,0.0753336911520057,0.0173929986092806,0.0033328476372029,0.0002203532712719,-0.0162710049021617,0.0216341537289856,-0.0394850480387398,-0.0315477757610151,-0.0428831312357985,0.0538736936723043,-0.0210118682798151,-0.0144835784439885,0.0091069785720623,-0.0057705510692599,0.059308759001817,0.01202643336157,-0.0273909179100526,0.0301736163602688,0.0067121857256531,0.0395675407460054,0.0053065843519564,-0.0275002087840163,0.0160331832383751,0.1751549362028834,-0.1473999414262315,0.0026881591207972,-0.0875484344793335,0.0186935392667291,-0.0286848693637827,-0.0765391737721089,0.0101503167243024,-0.0025139234389841,0.0340084199641104,0.10533858957842,-0.0080429630274666,0.0120342329287477,0.0567967154015034,-0.0174938687207175,0.0119725911809085,-0.0142234169447138,-0.1198849653955126,-0.0602872567839934,0.0402451362348765,-0.27658941220347,0.1618143172196637,0.0575474767153689,-0.069972811254696,0.0398805232056165,-0.0400453518234719,-0.0612460623396148,0.0313235372147815,-0.1298320236897028,0.0171206499996448,-0.1216312426066572,-0.0057204052281472,0.1791746990892988,0.0661278796683804,-0.002777358341775,0.2929437971365809,-0.0166922542143404,-0.1006968596532027,-0.0074774149564101,0.0474096118407787,-0.1497047962179648,0.1292242989826999,0.0471091738709859,-0.183403701220939,0.0199803514664718,0.0591758453754189,0.1049795698390865,0.0403774191311809,0.0247428776272924,-0.0926055116788897,-0.1345694389260201,-0.0680211833135217,0.1422170208118898,0.1550598275278967,-0.0999376812939046,3.4131935820136405e-05,-0.0489510892296656,-0.0703084180859795,-0.0125889400860371,-0.0962078280710327,0.0386202967158657,0.1037208695552053,0.0129762353334168,0.0502124328746873,0.2319726522351808,0.1721085896277829,0.1598809719631038,0.0349124725645522,0.0857755081121964,-0.0621308037568942,0.1516476552506278,-0.0871499481503331,-0.3100871478740961,-0.1217493585768491,-0.2257229206160295,0.120168090628818,0.0772001865767411,0.0427315040094398,0.0897706030606644,-0.0843256362332725,0.2180789284300321,0.0213134270728223,0.0097411245892361,time,1538,60,64.09568786621094,0.0386202967158657,0.0695490313342881,0.1576656276827644,0.222037148270144,0.3998537011776057,0.9064566905961065,2.6538901563009976,1360,0.8672477018050837,6,0.0421690002480276,0.162967079407738,0.1545178126554149,0.0660377358490566,-1.7708853178729584,-0.9036376160678716,0.1421950564689753,0.2339916966374877,53.53172718801869,50.9783295888879,90.19922099471016,1.914052866265251,-0.1600529931906018,0.0459908389043,0.0315041271251069,-0.2563370972070807,0.2868236309977934,-0.0120805423772983,0.0,0.0683317571656627,2022-08-02,17.0,8,-0.1551963176690231,-0.0869064528211202,True,True,False,0.5714285714285714,3.0,0.4285714285714285,0.0138359987383762,0.645767730659839
STT,Falling Wedge,bullish,1,0.6160482156794008,3,31,1532,1533,2022-10-18,2022,1,56.44287131936531,54.9370987620224,68.15988728028594,50.8367759590551,1.766620917784027,0.0274090294404814,True,0.1319718719621168,0.0887999100978453,-0.0741798226774147,0.0332679057609928,0.0083312980717755,-0.019291711156227,0.0308965710911592,0.0460264699867214,-0.0213428657842633,0.0218736170274223,0.0404521013706837,0.0386877493704456,-0.0241168454617841,-0.0464162935882054,-0.0140842562258302,0.0208015100973257,0.0065410029054533,-0.0443623435758496,-0.0111712371257018,-0.0589608669736269,-0.041147623954358,-0.0361489757807463,0.1391891027932182,0.1688925998953354,0.1268048863015862,-0.0008599442965565,-0.0029811053083018,0.0051698408989377,0.0354747715729981,-0.0907115193326897,-0.0090681161802571,0.0480780688141839,-0.0020239555428737,0.0627790334717395,-0.0055697898590355,0.012806821165729,-0.042109763875766,0.0083308347539077,0.069221092933875,-0.0057242194863231,0.08443403674225,0.0045326234428504,0.0852598554575492,-0.0477873798136192,0.0401865707627144,0.1564207120792698,0.2483895771717541,0.1684417178657493,0.0585625832427858,0.0062102634818537,-0.0304805745238073,-0.0820760017148778,0.1010042245858713,0.0749188335013137,0.0425850725715695,-0.031416844604665,-0.0374137521904321,0.0966943162114717,0.1310120028376757,-0.0860053379822959,0.1500078485071951,0.1785709138691504,-0.014090443309174,-0.055646639339897,-0.0813808175796306,0.0409607330783794,0.1460933042420142,0.1120330796487101,0.2123824389450936,0.2551453840568132,0.1727311597155061,-0.0336123783951076,-0.0461998405495081,-0.1902389535400341,0.1320921074384755,0.2261594024281183,0.1816170399493968,-0.0691842142875166,0.0208277048040181,-0.0838515256605851,-0.0194092022843418,0.0181617383689258,-0.0546417490209196,-0.110183287449294,-0.0065738055241936,-0.2149137201081965,0.093453214557984,0.0503669912895954,-0.0876451121746294,0.0122864070804395,0.0516726560264255,0.2616362104093606,0.3141029782240181,0.2291686891013609,0.0904847059134212,0.2209883418197986,-0.148157859092981,0.1261459762419434,0.0160387273941529,-0.1170782593815223,-0.1199459639333592,-0.042653387762627,-0.0027155938773862,0.0833538573385863,-0.101973982239399,0.2558846822700822,0.0078335784546486,-0.0670084509013899,0.0336489981802203,0.1528765963656801,0.1344493406870224,0.0379685143537005,0.17795261252851,0.0816514607818985,0.2731157834669681,target,1547,15,68.15988728028594,0.2075907140624253,0.2100550494434097,0.0084839104883256,2.0900493494766894,2.1148605872200594,0.0854170750229763,2.0900493494766894,1500,0.5565751796363168,5,0.1147800158275858,0.0063084265451274,0.0656968527477306,0.0,-1.2219109894425222,-0.6653358098062124,0.6807861816242372,0.1681527909792779,54.9370987620224,50.8367759590551,68.15988728028594,2.5456935041868967,-0.1403278748831593,-0.0454602028080631,0.0445630297624011,-0.1233686483813308,0.8170341270992113,0.0252311295475993,0.0,-0.0337420409122736,2022-10-18,17.0,8,-0.1189288289608152,-0.0839794079974185,True,False,False,0.7142857142857143,0.0,0.0,0.0075814651224126,0.5294898850602477
STT,Falling Wedge,bullish,1,0.6506568405742504,5,59,1685,1686,2023-05-30,2023,0,61.763921807362,61.43997739551117,82.008186654729,53.46551466438103,1.085968200634915,0.0052725346847948,True,0.0837833983811509,0.0604735961904701,0.1040282550677569,0.0273792202768292,0.0297630106423218,0.021026776595183,0.0712982477171051,-0.002721107230485,-0.0170335316501829,0.0107581094215498,-0.008013704869268,0.0433044326397606,0.037146120376506,0.0201502956418304,0.0227467312530367,0.012491118479933,-0.041546396711681,0.0432475905597704,-0.0242108578906938,-0.03835942501937,0.0386802326454922,-0.0079972071907503,0.0666765028434186,0.0811560195339038,0.0372141171059152,-0.0729474015675989,0.03438798948448,0.0963490497870696,0.0129230505332085,0.0165264523878636,-0.0413887816579595,-0.0418289698570215,0.032077446282378,0.0232421691687392,0.0532881806669938,-0.0019875389403397,-0.0560556305634835,-0.0029017950732901,0.0240223634176413,-0.0274571552542698,-0.0180496498288119,0.029135322737698,-0.0429992284884032,0.003686022007898,0.0460019977002557,0.0778548248867514,0.0529850090720172,0.0058131673107824,-0.0230041093644223,-0.0062400592547557,0.0405605522540706,0.0218085546031929,-0.2538031182783165,0.1618143172196637,0.0209178289052864,-0.0469203794443346,-0.0444271390009266,-0.0444271390009266,-0.0227451579102734,0.0670314837764094,-0.027522879933211,0.0326098414136049,-0.0164336107141135,0.0507806749576191,0.0977959740469482,-0.051866317135823,0.0405605522540706,-0.0602872567839934,0.0561748784415287,0.0376928489153882,-0.0481127675785111,0.1354287020488238,-0.0034830728347241,0.0916870922375245,0.0283153777292386,-0.0611526964067861,-0.0149543508071197,0.2073231432218272,0.1531458711125877,-0.0611526964067861,-0.1772112779751288,-0.0319929723773427,-0.0176388513170624,0.0025791981972713,0.0238748761870424,0.1694718024189121,0.0806457281490942,0.0001986827576423,-0.0200570898766286,-0.0689478364109668,0.1303465648429957,0.0093715391908675,-0.0025011682060976,-0.0508727212658502,0.0132627715986601,-0.2600346736746842,-0.0620079545939316,0.0288472492991695,-0.2902628392710076,0.1183332618262797,0.4417851930807062,0.1401596020001685,0.019095072527197,0.2973305778499666,0.040695267182329,0.2207142283087153,-0.0484020510973838,0.0577804029756261,-0.100376950175,0.0880149551838993,0.1464606090350861,0.2011381600934063,-0.0049783628787066,0.011390285876242,-0.0554484084634346,time,1745,60,61.60943984985352,-0.0025011682060976,0.1409028393643315,0.0371008466546094,-0.0186158566152234,1.0487207729130117,0.2761365828742735,2.4395362264781357,1626,0.4853402060496165,5,0.0640250950904454,0.1616547069224112,0.0265999982642741,0.0,-1.065143612568639,-0.5798034065190254,0.8508771240228379,0.2151714329766721,61.43997739551117,53.46551466438103,82.008186654729,1.4823753613755943,-0.0736064583259891,-0.0360062111552165,0.0237167985182177,-0.0853342396161636,0.7037054479692567,-0.0011682901896237,1.0,0.0112392032714896,2023-05-30,17.0,17,-0.1441947554623369,-0.0714353271098274,True,True,False,0.6875,1.0,0.0625,0.0012064820642072,-0.1021650380341595
STT,Falling Wedge,bullish,1,0.6483343898354191,3,26,1782,1783,2023-10-17,2023,1,63.39358906276281,59.372880979108686,67.57994996860737,57.48599288597484,1.168280629588368,0.0677196056069584,True,-0.0617392368217109,-0.0374180904198416,0.0116408324532462,-0.090146712026685,0.0370746239969785,-0.0036718018255387,-0.0591011629324602,0.0521390925679532,-0.0210867931910181,0.160541276496168,-0.0080767998601409,0.0172373900989124,-0.1028405874904743,-0.0924733949932823,0.0003603050191458,0.003333163178016,0.0409181797420312,0.0535367160645219,0.0325477489932282,-0.0082813670865277,-0.1383394400597759,0.0220594387535075,-0.0571077722166011,-0.0633334481000492,-0.026506357322616,0.029836616186881,0.0498915441480736,-0.0008599442965565,0.029156870609557,-0.1224803480765497,-0.0413406465779255,0.0329202448604162,-0.0650007656535061,0.0380384540601292,-0.0158835596832991,-0.0233741382664065,-0.0061310404128919,-0.0312500758568475,-0.028057346013391,-0.0804504684480396,0.042177199034139,-0.035260806391942,0.0640328951106148,0.0340084199641104,-0.0784380764683128,-0.0529101994914619,-0.0008696470524115,-0.0343572959559318,0.1242938054155275,0.0940413855728192,-0.1027433867244604,0.2401719036253946,-0.0789977124060492,0.0038692107126692,0.0497936467560575,-0.0656106425357307,0.0554091790600195,-0.0065650490785691,0.0652688588684209,0.0704114517451293,-0.0142154328268884,0.1130606470918875,0.1392592668693335,0.0575474767153689,0.0420179946160312,0.0924216634942374,0.0858372849617061,-0.0422275336929107,-0.0470218479644112,0.1102897776708162,0.0266628308017671,-0.0094934944368813,0.0003550659719842,0.0705299166876354,0.1143246587895085,0.0438621435398871,0.0629275779964633,0.1118295947481398,0.0160373265198934,-0.1513602413957457,0.0797026670716813,0.1980271553334593,-0.1060166376271067,-0.0612452979510347,-0.1600509050393909,-0.0093999953959268,-0.0907198646926128,0.1980271553334593,0.0562923435335562,-0.0479548520886475,0.1797556152552208,0.0855182810631391,0.1186834417629483,0.0163719868857203,0.1557364462165302,-0.1170782593815223,0.1183561493801097,0.0065624477322299,-0.1007608479365633,0.0825734077057014,0.2172193971889051,0.1347843150936523,-0.0090811535804885,0.1533517287283996,0.1199900663069928,-0.0889103335924635,0.0998984603059736,0.1723251316075871,-0.1608779331596451,-0.1770418275490903,-0.0854257244056332,0.1412075539025836,-0.0097267028226689,-0.0004898759814147,0.0860528194749895,target,1814,32,67.57994996860737,0.0660376067633565,0.0802899910331549,0.0901450568951987,0.7086403302740191,0.8615806742863996,0.9673340089336832,0.7086403302740191,1755,0.5891163750025952,7,0.1567049549595839,-0.0407438047433972,-0.2333742175274392,0.0,-1.4525701167919656,-0.8634537417893672,0.5668838318623469,0.0817450322959689,59.372880979108686,57.48599288597484,67.57994996860737,1.4737927194630238,-0.0856099073915647,-0.0094240431380171,0.0238497221773347,-0.084853880478345,0.9003562197267541,-0.0109757034006506,1.0,-0.0151115304242722,2023-10-17,17.0,17,-0.0076929043741829,-0.0178737044875354,False,False,False,0.25,4.0,0.25,0.0033331736618044,0.012334178232578
STE,Falling Wedge,bullish,1,0.6758666293682783,5,42,785,786,2019-10-30,2019,0,133.30265276235903,132.28867128298742,146.00646168388184,126.95931880412256,0.8677077550626343,0.0076649154424004,True,0.0236401612942258,0.013874210667524,0.0155141850418529,-0.0146363991789797,0.0277702281294922,-0.0003517677850202,-0.0309231141711667,-0.0265485219465684,0.0559216904151385,-0.0024926053783593,-0.0142873308335392,0.036374395683099,-0.0092792858211048,0.0418008883384919,0.01250011482148,0.0055069713111759,0.0109685695783912,0.0260828549004732,0.0019836800524011,0.0158603502104619,0.0451651240172195,-0.0032733336784723,0.0139573266089025,0.0244848151863947,0.0081430675173028,0.0607756216209074,0.0187717781232861,-0.0191412868296708,-0.0696411227306927,-0.0800623980317709,0.010920099666436,0.0523839463578641,-0.0598778357169769,-0.0223329441404913,0.0038004513326486,-0.0848693558645908,-0.002281482263966,-0.0552848371296605,-0.0340369044898886,0.0291842089409508,-0.0596174142133464,0.0011864121264804,0.0242798586009134,0.1005700133115257,0.2155879595655254,0.0229690767746206,0.0768504948194424,0.0395307354928442,-0.0764431496705475,0.0453083646398972,0.0313021396588288,-0.099351384915175,0.0142929759097027,0.095285243576769,0.0350075612261231,0.0163887129333923,-0.020991669906944,-0.0756930151645699,0.0626838247949033,0.0033219902103747,-0.0796625430127601,-0.0309271999797391,0.0401162349499664,-0.0094079382829523,0.0807284350236947,0.0082315967086739,0.0488377337600682,-0.0207900792051948,0.0734386031567168,0.0707145919551206,0.0039095038525833,0.0174110359394512,-0.0232857284506128,0.0723292735413527,0.0927027081852116,0.1213285305793145,0.0183644632156612,0.0610912765993993,0.048921222241997,0.0380247979704533,-0.0628367339170209,0.0912620166213957,0.048921222241997,0.1368407463178491,0.0841321193860122,-0.0066006532530636,0.08748115367052,0.0817093193059685,-0.10138736913521,0.0309615897539412,0.115254559309448,0.0230833144489173,0.0653544336940281,-0.0147666378880773,-0.0072217184921424,0.1702695856040676,-0.1249759424947904,-0.1195540233433848,0.1136079706953072,0.0637297297789734,-0.0039529401744088,0.1020081798062708,-0.0053766944101932,0.0298804587271155,0.1942785068671182,0.0272361291277327,0.0302896539056933,0.0807464735497089,0.0757037534954883,0.1453623226133535,0.1422501513531227,0.1676210940183631,-0.1002093589747716,0.1299657565788665,0.0097714792824536,time,845,60,142.0145721435547,0.0653544336940281,0.0937074500715512,0.0189966794977045,1.3733975601085433,1.9692249785957756,0.3992077017216267,2.0027022075713954,743,0.5289745499179188,6,0.0756796863537978,0.0278258167769771,-0.318622316328172,0.0,-0.8447075085727682,-0.3157329586548492,0.6203858149241044,0.096354522439788,132.28867128298742,126.95931880412256,146.00646168388184,2.388280340618508,0.0533179130493384,-0.0139942935759287,0.0178471677415264,0.0864537034261117,0.8877539898793326,0.002332929253219,1.0,0.0558216642550057,2019-10-30,36.0,14,0.1672309345561478,0.1221588732227898,False,False,False,0.0769230769230769,2.0,0.1538461538461538,-0.0131801292415346,-0.6136185650623048
STE,Falling Wedge,bullish,1,0.7656959782819649,3,37,1123,1124,2021-03-05,2021,0,168.16524906806114,167.9930352623851,193.4071849004125,161.04209349505788,0.9125185012074472,0.0010251246750025,True,0.0408303446200404,0.0163927963364447,-0.0084259470413899,0.0249592144005268,0.016079735700881,0.0135058255472977,0.0600264028904113,0.0085786453719296,-0.0096396894736834,-0.0042948797138027,0.0095608312314416,0.087647451218439,0.0222641609791105,0.0268397872582153,0.0318970080267686,0.0291110896245121,-0.0093102852764863,-0.0005463838662438,-0.0065084623208372,0.0063646482836823,0.0291481850839041,0.0177744036679439,0.0235787575404093,0.0588699240688594,0.04302297522106,-0.0035344233517086,-0.0562365128537245,-0.049671324691655,0.030192752267401,0.0392843283180561,0.0161084472623485,0.0078828708452822,0.0277728352266148,0.041361822318277,0.0344954456727193,0.0311618104784541,-0.0293117713223434,-0.0984656136768168,0.0651443016134816,-0.0168540941889828,0.0917679533373903,-0.043204389142148,-0.0165401941862065,-0.0051401274818173,0.0361767935031569,0.0537503785714705,0.1077306420246957,0.047857116714318,-0.0584302858210078,-0.0042987730245411,-0.1903422851631806,0.1685618027825115,0.0415436584382005,0.1019438511741708,-0.0181358666217263,-0.0599239294014035,0.2744082333957991,-0.002410776351805,0.0477778040589413,-0.121417112075211,0.0119964270485128,-0.0508252089719437,0.0185176137190401,0.0777010104230571,-0.0502967585594055,-0.0246229760258416,-0.0169172656549332,0.0134795946359165,0.0998152041244382,0.2072046606630344,0.116449902810557,0.0966015829303048,0.0888021951525408,0.0365829697462811,0.0223333921213597,0.1222053700573642,0.014562397326697,-0.0220125221835321,-0.071214497531949,0.0416478799067667,0.0768519363062718,0.0783178875454635,-0.0763674027602607,0.1401443087285649,0.1195929642710962,0.0389275355843958,-0.1046830060158025,0.0838443555004448,0.0764595948387198,0.044500822828646,-0.0524567638067252,0.169472610635702,0.0677991583927404,-0.0267898966289161,-0.10699277874844,-0.0343296208612347,0.0656514990174796,0.0150953642266409,0.0026787866927486,0.0696520029003304,-0.1571079927228473,-0.033551173451777,0.0320126771325377,0.0777298773124557,0.0663222089466637,0.0295523344903954,-0.0487144779904306,0.0340338164477087,-0.0321701032555501,-0.1260777383087289,-0.0389672529636337,0.0713792531304085,0.1973377755729179,-0.0550719101278871,0.0663760310207525,target,1150,27,193.4071849004125,0.1501019739347888,0.1635467682037506,0.035061906260487,3.5436451687252544,3.861053254753559,0.8277503051375681,3.5436451687252544,1086,0.5765469012858716,7,0.0370013342092939,0.0245845510315381,-0.0753519132571501,0.0,-1.152969633055263,-0.5764227317693916,0.5469546187876625,0.1033599478438824,167.9930352623851,161.04209349505788,193.4071849004125,4.070720801178467,0.0257569836009006,-0.0423071599642344,0.0241629478993437,0.0878469717929617,0.8819188919074877,0.0085282877908461,1.0,-0.0066292233895777,2021-03-05,46.0,11,0.0526022144262248,0.0832016759138105,False,False,False,0.2,0.0,0.0,-0.0203342038976251,-0.1892636456062709
STE,Falling Wedge,bullish,1,0.710537135736624,3,27,1258,1259,2021-09-16,2021,2,203.96615509972824,205.68983478690225,219.44518306598184,199.27664457483647,1.2619777365068876,-0.0083799945143606,True,0.0315996917557845,0.0355106156080285,0.0418717168110629,0.0037812788954094,0.0149684981278586,0.0135528017585382,-0.1081056782397597,0.0036625000049763,0.0356912995221549,-0.0043610477615573,-0.0489467264490429,-0.0283175643233639,-0.0635010389350884,0.008823824672115,0.0007887613014594,0.0024462365983572,-3.5713494606071094e-08,0.0399895282145599,0.0139296247373883,0.0222162961206118,0.0572702618170255,-0.0080675621821085,0.0317150430069294,-0.0436776718652575,-0.0082107519610513,0.0114968477845824,0.0106367013451138,0.1663503855876187,0.0084691701619259,-0.0601862854091437,0.0100219744550953,0.0314657496062862,0.0399445798986954,-0.050732248710263,0.0008046408297008,0.0403450919344858,0.0021727308046552,0.0448299588949603,0.2682010721495089,0.0414594251561233,-0.0538206992927833,0.0353053932668636,0.0474610209941654,-0.0068628360751559,-0.0941626884683308,-0.0683376711109627,0.0495294996340636,0.0549687601065498,0.0479701787070869,-0.0033615144129756,0.05562612826735,0.0654659431197144,0.0233016301987591,0.0558556115266131,-0.0502967585594055,0.1147793037030699,0.0135837198975419,-0.0440015584206132,-0.0696190608636471,0.0335888967674662,0.0228567846420182,-0.0268676361854023,0.1337591898073613,-0.0496791654606095,0.0725534739996696,-0.0643477700485366,-0.063530625873459,0.1001416493619826,0.0311405786253643,0.0838443555004448,0.0414771557805979,-0.0119777036054725,-0.0234304594291795,0.0572787786033537,0.0231569643194282,0.1215274195570199,0.1094047995789109,-0.0602926610330492,0.048013904000125,-0.0043520110550037,0.0636904994318381,0.1473944401757532,-0.0259372822390974,0.0796406557144353,0.0960944240240719,0.0189930287659603,0.1356719132404291,-0.0029348003662958,0.0416826386340736,-0.0545199191184163,0.1145811798476688,0.0401600650481172,0.0777298773124557,0.0196969346185023,-0.085443476768764,-0.0360143851549563,0.0295489605888628,0.0313607094190189,0.1728748758312848,-0.2044770892983813,-0.0357576833000902,-0.0875122743124183,0.0429697520211782,0.1721599796961337,0.0295011713943471,0.0351672899935313,-0.0362620966105599,0.1408129706731584,0.161012883957613,0.022566348075016,-0.1348795328966405,0.0582883372297111,0.0161521145947678,0.1041010757999012,0.05792138076582,stop,1267,9,199.27664457483647,-0.0229916111454805,0.0348766777515937,0.0289311426116032,-1.0,1.5169305678888665,1.2583347216747929,3.300776890059548,1229,0.5514182168047598,5,0.0578007945722262,0.04393095116759,-0.324650092098904,0.0,-0.8827028559329244,-0.3312846391281648,0.7463386838087024,0.0730605703651453,205.68983478690225,199.27664457483647,219.44518306598184,3.525153963806836,0.0897567025066754,0.0067273725579484,0.0171378181962262,0.1566464917218089,0.731117810846192,-0.0001395518277691,1.0,0.0181930284617084,2021-09-16,46.0,11,0.3568166564850228,0.1968355412834148,False,False,False,0.0,0.0,0.0,-0.0124563792536797,-0.3354859074883954
STE,Falling Wedge,bullish,1,0.7104644687406786,5,39,1638,1639,2023-03-22,2023,4,175.98997314778836,171.22638139017818,229.0246893962767,168.12839155827885,0.70616950047001,0.0278204311679943,True,0.0308495774402866,0.0150051939895901,0.0936638166771457,0.0295224798177764,0.0291818553630158,0.0268397872582153,0.0388465788890166,0.0163384396686581,-0.0350247296821392,-0.0096396894736834,0.0175783486434597,-0.0170260872501225,0.0622883818723458,0.0164425086745561,0.0053206277066928,-0.0769134657243235,0.0340186172341507,0.0422029279135434,0.0200549592211172,0.0234072269037648,0.003545496528484,-0.0275938877446515,0.0161968678154354,0.0571898287300274,0.0255262540044471,0.0523323151407462,-0.0242114169786276,0.0111901924513635,-0.0248050815223764,-0.0492873428144569,0.0432198644335466,-0.0563946505607398,-0.0378359936636143,0.0216802720861755,0.0830535010270496,-0.0180912936992629,0.0399445798986954,-0.1994493982109062,0.0687105138739747,0.0945027195686649,-0.0514574109104217,0.009627424277671,-0.0563985730757149,0.0011029930155428,0.0399628368788467,0.0598200261692196,0.0197414998415776,-0.0227550671122589,0.0233494108979086,0.0905036863053296,0.0416211284241696,0.0592085671382771,0.06704334678973,0.0770688681125195,-0.0312367829368965,0.0088893511728731,-0.059113629133445,-0.18886171108994,0.022616387024424,0.1100243931773594,0.0322714454890462,0.0557147053719515,-0.0320376229387007,-0.101419061302487,-0.0191748740151276,0.0521876510780459,0.122117325293382,0.0094687944053775,0.0027294308783878,0.1370359046928215,0.0759361316800779,-0.0164309053774608,-0.1496594316288227,0.1508139159282413,0.1557608296572541,-0.1025910962605353,0.0261870000303754,-0.0581709107818186,0.0007256420738708,0.101902075937813,0.0494715234648421,0.0400758137326771,0.02789133747969,0.0654586796561897,0.0603853854070737,-0.0155589526833511,0.0408566873713869,-0.0492053833563588,-0.121126774499951,-0.194771471628149,0.0840546902756123,0.1322324719528926,0.1773109986003609,0.0608758435468181,0.0044183861705608,0.0564468997332288,0.0871330643300267,0.0679569597780254,0.0532506890273722,0.2684150334743096,0.0825139401051398,0.0696520029003304,-0.144364056333875,-0.0192931818740456,0.0683276988725924,0.0373519631596912,0.1081747415554028,-0.0396264184131929,0.1405694201773637,-0.0312932097534215,0.0327048501914299,-0.239907644465421,0.0725897461109104,-0.0201547296576692,0.1445676908459229,time,1698,60,207.19493103027344,0.1773109986003609,0.1921369405107603,0.0072039818890292,3.9692977204644095,4.301192402087199,0.1612688954216549,6.746061927190048,1595,0.9007481898786196,5,0.0406932419213895,0.120065023501994,0.0126597521314932,0.0,-1.3733352996054582,-0.4725871097268425,0.0817218233769322,0.2132858902470041,171.22638139017818,168.12839155827885,229.0246893962767,4.55406975948545,-0.0537587675386697,-0.0662020906149535,0.0259353467744774,-0.0037798225244248,0.0489352929527099,0.0006505679193193,1.0,-0.0123788874769482,2023-03-22,52.0,9,-0.0768618263550586,-0.0812173969476391,False,False,False,0.5,1.0,0.125,0.0241880996269452,0.398691880511132
STE,Falling Wedge,bullish,1,0.7698160341216961,5,44,1777,1778,2023-10-10,2023,4,220.4368110487196,213.3233741121389,245.6041790205504,207.9246256834656,1.522526338803788,0.0333457923501683,True,-0.0163616157799724,-0.0172337338943311,-0.0125176696717139,0.0306355950605601,-0.0119744880724333,0.0085998005365861,0.0156679032306528,0.0011827477617853,0.0098463661432055,0.0017342674845319,-0.0058428845186867,-0.0188307951928061,-0.0213917861292197,0.0308461353960003,0.0562109914240249,-0.0129453561540694,0.0289039163542006,-0.0157493682504034,0.0273591673349762,0.0322697701940386,-0.0164096103303256,0.0071347561640064,-0.0230980887182179,-0.0420726735078311,-0.0145039653572948,0.0441780827643856,0.0948900630977098,0.0266847255921436,-0.0013473787497201,0.0484149054628149,0.0172608978626562,0.0509204930380911,0.0594402944920133,0.0128789638313522,0.0062623095654326,-0.0345272659255706,0.002653240003775,0.0851821275916817,-0.0342317024838216,-0.0371756741298976,0.03954868721851,0.0589371514842234,-0.0408519052022552,0.044363566062191,-0.0024280196484126,-0.0641253516041963,-0.037574228261381,-0.0405353139570666,0.0774469362700833,-0.0356817832246588,-0.0103121596207473,0.0894455691468931,-0.0044537689665492,-0.0251077626549004,0.0197649019746364,0.0114875327066492,-0.0277611452224674,-0.0620222344570243,0.0329859048859244,-0.005310993791498,0.0391170770370217,-0.0174034273476608,-0.1179786518075358,-0.022645896723455,0.0234498621277488,-0.0656672290465459,-0.0019214654779988,0.0068468240700483,-0.0327881327552791,-0.1188140575628911,-0.1627034018150386,0.1324925959054821,-0.0994836548300233,0.0585024476013198,0.0585375069997784,-0.0044249955297388,-0.015661953106423,-0.0413277444768027,-0.0119777036054725,0.1252428540895485,-0.115497632692546,0.2093586565637142,-0.0447302603889396,-0.009690400684177,0.1383944509215895,0.0710028544612642,0.1176688170665094,-0.2113848326311989,0.1558055383110099,0.1016054312681504,-0.0777886455468345,-0.1456462240477015,-0.0452381358483015,-0.1236906551611892,-0.0459313246812562,-0.0687130297547206,0.0897929533046757,0.1428414422173414,0.1278327398964533,0.0863407069437804,0.1144015119333061,-0.101022662649456,0.2342453214901867,0.0738837256723923,0.0834670008927811,-0.0336462412247084,-0.0467135617657621,0.0122358832461875,0.0280369132547662,0.0736799331497266,-0.0017798874493044,0.1029590659193986,0.002962766967903,0.0970795234532158,-0.0938357748891468,stop,1786,9,207.9246256834656,-0.0567608708623925,0.0004410634182571,0.0574641099389822,-1.0,0.0077705541080661,1.0123895047046512,2.0114286383352287,1729,0.7894623191736516,6,0.102488573263431,0.1417522712825953,0.1993417751409427,0.0,-1.1229771536335955,-0.3335148344599422,0.2378966082835476,0.1271387502907003,213.3233741121389,207.9246256834656,245.6041790205504,5.032306101780002,0.1059084046834812,0.0100761408248315,0.0227515345643954,0.16989294573004,0.5961084380290489,-0.0015499912620884,1.0,-0.0222364748247425,2023-10-10,52.0,9,0.01066902481503,-0.013168365206401,False,False,False,0.375,1.0,0.125,0.0260886451988854,0.0700778189954872
STE,Falling Wedge,bullish,1,0.6246501327375312,3,22,1813,1814,2023-11-30,2023,0,194.7136654445378,193.0499420739184,218.1936181817307,186.65496580992655,2.769030363807417,0.0086180982638286,True,0.0111128396311543,0.0057154397460033,0.0300805074231378,0.0171935981179502,0.0240552079882661,0.0006998087166905,0.027964672642919,-0.0331527576831724,-0.0269824357468795,0.0087014399444529,0.0433633815240057,-0.0006942785742237,0.003865064142998,0.0779967603569233,0.0172411131625469,0.0096890459135396,0.0194498213524481,-0.0489467264490429,-0.0178332675691017,-0.1125268981789634,0.0181413911394563,0.0128173183625974,0.0075567013018269,0.0534614318090553,0.0178293718532158,0.0258680869583849,0.0052606459510342,-0.0076389017462815,-0.068383565559084,-0.0546881224929169,0.0713249363907617,0.125949228555116,0.0050954015787267,0.0092162904286434,0.095192486890407,0.0674698200661449,0.0307740690891709,0.064388795956866,0.0336719646681864,-0.0085620359635572,0.0147093635707349,-0.0180022727194683,0.0134764912260954,0.0149210922453038,0.0589371514842234,0.0295123854801307,0.1005157017499072,0.053415023931624,-0.021086306510435,-0.0341041163903472,-0.0982800762824449,0.040170460156566,0.0643943391302137,0.087502314630868,0.0424009513709529,-0.0816643749459673,0.0121565632387201,-0.019916815202673,0.0643943391302137,0.0149223014813657,0.1202306869852811,-0.099351384915175,-0.034684617262262,-0.0808336261808986,0.0001635695165675,0.0134795946359165,-0.0237969822906588,-0.051776923718502,0.1047997069210421,0.092105932746259,0.0106825800381309,0.0871309127099979,0.1099926586355495,0.0199834494429309,0.09981573861755,0.0176522027543495,0.061292643332361,0.1221061146220212,-0.0478389476066642,-0.0031548381758209,-0.0142811856399489,0.0233801042291197,0.0456519779982189,0.0871657513627057,-0.0848489129913523,0.0993347920356957,-0.0595898108557405,0.1461525535189523,0.1095630788891555,0.0484849071561905,0.1860189635791553,0.0394053250655376,0.1606237449894749,0.0453404984544507,-0.038321502408632,0.0537123865696078,-0.0218647476464354,0.1917177320779008,-0.1199692739211929,0.1405832089100138,0.0431127211681596,-0.0037700650080508,-0.0323384962549747,0.1609570599938443,-0.0192931818740456,0.120315660007289,0.0702149487420806,0.1213735349282343,0.1353129537727053,0.0810885304437236,0.1694440447268859,-0.0148155312009125,0.0693303327839907,0.1339538019814916,0.0985865390998907,target,1832,19,218.1936181817307,0.120587081977977,0.1262951654064495,0.0213745614469814,2.9136155709724023,3.051533832902352,0.5164504690975542,2.9136155709724023,1791,0.5354716748300261,6,0.136083349546868,-0.0296982584226496,-0.0632620639438671,0.0,-1.1115556936239936,-0.5760840187939581,0.5279647022254349,0.0910450706481457,193.0499420739184,186.65496580992655,218.1936181817307,3.9082251370932073,-0.0312317518649208,-0.0560244439862839,0.0199547818334147,-0.0002196550449934,0.96643068578238,-0.0007597967209349,1.0,0.0798276667232518,2023-11-30,52.0,9,0.0100666637882516,0.0096825579473218,False,False,False,0.375,0.0,0.0,-0.1270789106006905,-2.612206754511784
STE,Falling Wedge,bullish,1,0.7695060314947956,3,30,1958,1959,2024-07-01,2024,1,213.4501654538047,213.61581058317145,234.25304886679373,207.834744363652,1.6686183255767402,-0.0007754347813231,True,-0.0205963141807751,-0.0428879274724475,0.0167353852177469,0.0066842601823247,-0.0044166420715814,0.0015247899957233,0.0453020355464022,-0.1008419247514506,-0.0336936975516503,-0.0194093555769767,-0.0128640022679747,0.0125365269624551,0.0172111690932115,-0.0118698776870191,-0.0128640022679747,0.0262874531820656,0.0013726546378085,-0.0100626998251224,0.105113070602449,-0.0364855763933303,-0.057682444621848,-0.0577877182175895,-0.0143357843901585,0.0442201406502553,0.0053016120891806,-0.0106516350264098,0.0287752501306157,0.0137238009191411,0.0268058077296429,-0.0502991928465729,-0.0192170389645597,0.0009731047239296,0.0183903061902745,0.0533160860365982,-0.0690669269390077,-0.0406715575688895,-0.0059147253910307,0.0052714224549088,-0.0344517838762385,0.0536365767868118,0.0459789714986087,0.0028158159034208,-0.003686583061817,0.009071156254738,-0.0106516350264098,0.0435127796538676,0.0882569931958128,0.0913836328330411,-0.0100677698075479,0.0197009504086798,-0.1789105344545672,-0.063530625873459,0.0620752388027863,0.0283833650113338,-0.0367518575981412,0.0714627522459474,0.0362054565932938,-0.1295297308120142,0.1396313279493828,0.0154761324857559,0.0604279842844526,0.0051678239234409,0.0789350980280718,0.083748902851787,0.1065403459967158,0.0892029934609814,0.0095658347232145,0.0385119560210309,0.0669447109837555,0.0845413433277728,0.0516922415767691,-0.0259372822390974,0.0080614915368355,0.018645540026198,-0.0379664478606002,-0.0471402107834746,0.02594782830089,0.128662128501394,0.155191356939466,-0.0121849358588205,0.0042506003049898,0.0931313692288129,0.1083917896533364,0.1233343455975812,0.093103863200781,0.0637945325939786,-0.1133372540712881,-0.0745453225524249,-0.0031548381758209,0.0151020904253673,-0.1563254074556976,0.0661900814621525,0.0870268548090411,0.0353652419748524,0.0088170585378362,0.1164192043411724,0.0380083073310364,-0.0117583050376833,-0.023475421883261,0.0862207619539614,0.0132539012899139,0.0665158912419936,0.1445792921893063,0.0419561635862963,0.0525788847509567,0.0810491047808841,0.1364104109040067,-0.1822396857718788,0.063082936115671,0.1201876364196814,0.1591012704545495,0.100139167663406,0.2115619678487232,0.0508106124827603,0.0233658968490745,stop,1964,6,207.834744363652,-0.02630787883539,0.0140826752155774,0.0304586638622527,-1.0,0.535302572423019,1.1577772595363678,3.704599010298528,1927,0.5683022585117037,6,0.1195103000558999,0.1029606135406719,-0.1155239178498855,0.0,-1.3030871790718213,-0.7347849205601257,0.642318536226829,0.0642629412160695,213.61581058317145,207.834744363652,234.25304886679373,3.7737537443059934,0.0046194594937045,-0.0027561105117038,0.0176361024173116,-0.0099417281829455,0.2045972737668456,0.0112052218215235,1.0,0.037410723518358,2024-07-01,41.0,9,-0.0070024703682977,-0.0056918084941061,False,False,True,0.375,1.0,0.125,0.0053565257084137,0.0118116060260734
STE,Falling Wedge,bullish,1,0.6909773692963677,3,25,2047,2048,2024-11-05,2024,1,230.3772251294209,220.3045383018739,237.9275616602099,215.8672374737074,1.8464878338040345,0.0457216492460306,True,-0.0511225813172416,-0.0641911347644142,0.0277447327777071,0.0145669765487783,0.0098841010239574,-0.0333742791223004,0.0318313556926239,0.0021505595108086,-0.009798938268888,0.0226545499704275,-0.0328251141919408,0.0213245735188207,0.0093670391206475,0.0472002460694656,-0.026509152517662,-0.0065394603322985,0.0066621208045061,0.0026010755925636,-0.0279490846565314,-0.0286049913798487,-0.0089666023805049,-0.0184672310870179,-0.0512702051519073,-0.0944570574642614,-0.0963240543729498,-0.0057979031954249,-0.0286701874233313,0.1136496420759212,0.0866631700447364,0.0460102450439887,-0.0169528107489844,-0.0128954199337938,0.0173493525904315,0.1494113143174353,0.0405310778423104,-0.0545450868295801,-0.1419043631021415,0.0262893517108009,0.0113439366369705,-0.0545939240290616,-0.1010191208313771,0.0247849547155598,-0.0149157240582468,-0.075499944544096,0.0031320558865266,-0.0950755882726936,-0.0720320369946576,-0.1033626258064344,0.0535224016879511,0.0400071417355434,0.0819510240367151,0.0291521814745481,-0.0063461934269086,0.0213177937396851,-0.0667759291711238,0.0762600530003703,0.0300814726373499,0.095285243576769,-0.0246229760258416,0.0197649019746364,0.0018156592013809,-0.1440258249290301,0.0836316436594741,-0.1121249632921957,-0.0870405527429278,0.0117809583846335,-0.0974366565682681,0.010526706106074,-0.0728682412475994,-0.1281158823772459,-0.1361646305343777,0.0296228429865739,-0.0170099110543315,-0.1165863264216372,0.0347462894470556,0.0100092158669273,0.1370359046928215,0.0051889020690121,0.0584807397828002,-0.0886581999992455,0.0134899442537905,0.0541152860042108,0.0506308077469546,-0.0300831628519321,0.0346470466007045,0.0384474356374042,0.0603853854070737,0.0435451737791861,-0.0356511714445242,-0.1325912735424765,-0.0087104496785153,-0.1351686063413385,-0.0628485700963773,-0.0876373323313221,0.0158655767146436,0.0396044274015381,0.017747073978698,0.0498641876779217,0.0933995252188648,-0.0108351274377109,0.1790316978976276,0.1010906682833667,0.1146190551205552,0.0713792531304085,0.0760056767289438,-0.0130440543681221,0.01323264069556,0.0965036581152039,0.0812846816480659,0.1519554875665076,0.181129981083298,0.0903520808427926,-0.0629164288983085,-0.0450229009166609,-0.124910928120537,stop,2049,2,215.8672374737074,-0.062983602860752,0.0011076972281241,0.0997741829784087,-1.0,0.0175870731081096,1.5841294947670057,0.520354442053295,2021,0.6713022842157055,6,0.1259553668948527,0.028280783751363,0.0954593377530779,0.0,-0.9877188462434262,-0.316416562027732,0.3704705341124645,0.0689573519815452,220.3045383018739,215.8672374737074,237.9275616602099,4.133334936346354,0.0090144119751167,-0.0247295429715928,0.0185166663924458,0.0734608450070484,0.8252251013815373,-0.0041183762845909,1.0,0.0061586977219523,2024-11-05,41.0,9,0.0756449407194221,0.0477760853765512,False,False,False,0.125,1.0,0.125,-0.0123070062020549,-0.0415655845787432
STE,Falling Wedge,bullish,1,0.6507121123052267,3,41,2090,2091,2025-01-08,2025,1,203.15505035635525,200.59429032706248,230.08577591043357,196.9028192226941,0.8968981709139645,0.0127658669901198,True,0.0179220496181689,0.008090576408116,-0.0119104358027281,-0.0218491670358712,0.0433709303401885,-0.0468520554216226,0.0090946573510464,0.0459354684723634,-0.0149903545820233,0.0330564311272219,0.0640992387111676,-0.0379626851459687,0.0387767322612553,-0.0033222173065564,0.0056186775905855,-0.043103961936462,-0.0491063561520282,-0.0061366069477576,-0.034046911189092,0.1191017680930413,-0.019803111199131,-0.0260449412327873,0.0157257946184268,0.0511503820086163,0.0134462393204741,-0.0481464013504084,-0.0222072223161541,0.0392289584204696,0.0024977542865205,0.0101250263173591,0.0151926475563886,0.0086143664510467,0.0086341856474638,-0.0590312789089811,-0.0112771658111057,0.057006140939066,0.1089983447214486,0.0480798863910576,-0.0046003656509702,0.0090784353467041,-0.0159489563688566,0.0688697096152428,-0.201137519519017,-0.0544097847920679,0.024615586358452,0.0519412646419333,0.0812787373132277,0.05586377505375,0.0201343463726966,-0.0919490916330935,0.1368470445327407,0.0057590348299398,0.0078386749692025,0.0306869657694925,0.0096689157435407,-0.121417112075211,0.0633696927579094,0.0751858229018311,0.0576435597808675,0.0303840255410492,-0.0191106891019973,0.0329807846565399,0.0318828042233545,-0.0517013797635708,0.0634961680501762,-0.013557290026615,0.0206189320383305,0.0787765779045599,0.0629018479396405,0.1243770037742668,0.1675596344284425,0.0489828780151551,0.0624659437946111,-0.0938727133418624,0.1660579865258442,0.0874389974218574,-0.0277170448049151,0.0178172994431997,0.0620474787725375,-0.0244871053709115,-0.0871134865491402,-0.0819131536292161,-0.1039150861173721,0.1124494168060186,0.1120818897189592,0.0095132181562433,-0.0777886455468345,0.0546018142928306,-0.0083066514653868,0.0844156018914803,0.1016054312681504,0.1036588003102044,0.0332243981652287,0.1697414993384296,-0.091004612434267,0.1840499189123168,-0.0942955168462219,0.2001746505473958,-0.1633252474233246,0.1878097252296799,0.14184779322046,0.0619590053404934,-0.0780675938365149,0.1783935835074452,0.1455874811649893,0.0087088078281474,0.1263596209769122,0.0982877549988792,0.1136079706953072,0.1177741351669579,0.014162935680277,-0.038321502408632,0.1332742655643974,0.0639367349592068,-0.0323215973769665,target,2129,39,230.08577591043357,0.1325624221836423,0.138800283623074,0.0105110924787204,4.307378434729817,4.510066567614252,0.3415391203818702,4.307378434729817,2048,0.7905050970644644,6,0.0500384642682639,-0.076923028402708,-0.2503367615300733,0.0,-1.2839615218054805,-0.493456424741012,0.203305982121381,0.0978441471555639,200.59429032706248,196.9028192226941,230.08577591043357,3.763952019171737,-0.0572066696221322,-0.0249857699376403,0.018263855931727,-0.0228395177397963,0.9371061335994872,0.0014044015920438,1.0,-0.0218395778752243,2025-01-08,37.0,10,0.0725395264825274,0.011701821301463,False,False,False,0.1111111111111111,3.0,0.3333333333333333,-0.0153761027118559,-0.1361346977165873
STE,Falling Wedge,bullish,1,0.6350641541789552,3,32,2236,2237,2025-08-11,2025,2,239.40342037738384,222.52055512459677,244.50443140942343,216.54436821032905,1.7310482934757372,0.0758710369176178,True,0.0102028113029757,0.0023537450567705,0.015344229809546,0.0063156360491243,0.0145669765487783,-0.021138128496994,0.0153444639600288,0.0040459139144048,0.0137582817714716,-0.0029497540745113,-0.0113362382995922,0.0211246628409063,-0.013849994718965,0.0303704937245954,-0.0247766230796638,0.0041581070050993,0.0511588892985415,0.0434552027749397,-0.0083077670138614,0.024444534823635,0.0175095154853115,-0.0070407246158626,0.0015929274176291,0.0263951253276348,0.0198463414491409,-0.0187001138570028,-0.0234995042596449,-0.0099780175718133,0.0502627794444641,0.0166559515513831,0.0511005118696448,-0.0427351198811117,0.0405310778423104,0.0682931707373379,-0.0650498841947522,0.0221764236323822,-0.010214965181797,0.0257376523795853,0.0196814002547136,0.0282700968378042,-0.0646803915447631,0.0715892525878076,0.0126526488954152,0.0276676476803918,0.0620162741177987,0.0133062807606271,0.0286963396471009,0.0098334012345682,-0.0415602157689367,-0.0347730959098938,-0.1316465365851512,0.0123187439269318,0.0449413554259898,0.0099563126529944,0.0059148573673599,0.0344519041996254,0.1007528481752506,0.0812787373132277,-0.02356562447976,0.0228567846420182,-0.0226152110187031,0.0042946088769126,-0.104012668420894,0.0412247044229803,0.0010445932466043,-0.3575772302680304,0.0111369107639991,-0.0008749554379051,0.0460189984908699,0.0004102377187886,-0.0507970433109556,0.0393896404521585,-0.0029348003662958,-0.027520209253155,-0.0135693314985413,-0.1011201765858462,0.0150324712155698,0.0548158782305878,0.0015667351843133,-0.1179570238877344,-0.0049592505696273,0.0624465222512606,0.0130214969586606,0.0163265606058311,0.0963674024841096,0.0402058535257632,0.0223333921213597,-0.115497632692546,-0.0133093233105002,0.1020422880262523,0.0363032626688859,-0.0047389500592366,0.0016112287566423,-0.0592108326003968,-0.0149989537804517,0.0397013867989608,0.0621794022546811,-0.0568025981611345,0.0067963564800974,0.1163979912330273,-0.0610103908549402,0.0925777102899831,0.1974832956527286,0.0254536831445422,-0.0571319851321836,0.0722320538903591,-0.0836082075418989,0.0251655639923313,0.1309204789742195,-0.012761871654948,-0.0325750289456981,0.0604465124632083,0.0768468635752437,0.0286323258111658,-0.0291860006678223,target,2238,2,244.50443140942343,0.0213071769150106,0.024660211533687,0.0033045688126708,0.2231505923675756,0.2582670071029075,0.0346088311468148,0.2231505923675756,2202,0.541473079529158,5,0.1206864957606208,0.0553183419790546,0.2129413814886618,0.0,-1.5717719498644378,-1.030298870335283,0.7891009481808169,0.0578348367924191,222.52055512459677,216.54436821032905,244.50443140942343,4.848450579595182,0.0791711358207178,0.0309611877187199,0.0202916133201637,0.0877300065462118,0.1404259463671228,8.23380551604469e-05,1.0,0.0177813610927648,2025-08-11,37.0,10,-0.0640017986851508,-0.0285785994263403,False,False,False,0.4444444444444444,1.0,0.1111111111111111,0.0886000503892875,1.96590951380305
STE,Falling Wedge,bullish,1,0.6680146046610896,5,44,2299,2300,2025-11-07,2025,3,260.00537818592585,238.8540450836682,252.53850138067685,229.2672065220416,1.2499248016913174,0.0885533803492779,True,-0.0146048511855485,-0.0067642734013623,0.0148874295231598,0.0048749276485398,0.0904111767705715,-0.0230168019695895,-0.0168653070727119,-0.0436857471867793,-0.0494561495356072,-0.0507468392299318,-0.0045371471648322,-0.0168267667297103,0.0012500939724295,0.0454644017515182,0.0200549592211172,0.0298505477857626,0.0053498269795717,-0.0366818602701621,-0.0820698006530687,-0.0404511773517021,0.0041102846704759,0.0004250626286206,-0.0072219068749321,0.0040041482711716,0.0308927217007112,-0.0029539438521023,-0.0050651656769464,-0.0077571405850873,0.0127229984742429,0.0098687741471079,-0.0501509710426101,-0.0063569625588041,-0.0235658950906691,0.0474610209941654,-0.0083346931761753,-0.0079359130065362,-0.041110594991322,-0.0346837188907456,-0.0747602345524909,0.011170426716583,0.0031578575338684,-0.0608603777222626,0.0360377300455447,-0.0704432379299121,-0.0129361548383413,0.0183289580712963,-0.0031648694133931,-0.0126002306616738,-0.0268597378554737,0.0068864275758273,0.1175924175238638,0.1286770813711126,-0.0638317997207593,-0.0269810090941076,0.0536515634840368,-0.0183288453226381,0.1768171011203425,0.0064210075873574,-0.1277500848647023,0.1004756144422278,0.0012092706030124,0.0018366200374,0.0149440539290885,0.1840257893359733,0.0911465564180786,-0.0155952824767097,0.0094423414544113,-0.0210362235211272,-0.0328020125147538,-0.0115923590378047,-0.0328221060105603,-0.0704218421950071,0.0878383694543889,-0.1069910548333878,0.0738108763304317,0.0262471855771244,0.1591088894338093,-0.0240462721694999,0.0861671313050933,-0.0102913614454464,-0.0116148050788122,0.0822536069716459,-0.0163605924106268,-0.1036435739848348,0.019719444948381,-0.0354185471751736,0.136663822034625,-0.0210915861114019,-0.047919924669303,-0.1133372540712881,0.0193203420854559,-0.0180920017376134,-0.0702790887620413,-0.073796720519475,0.0623685142292669,0.1160523902283763,0.0153255758963013,0.0547259988582669,0.0898441960368958,-0.0295612085897216,0.2023104455730497,0.0623552862077891,0.0407450850902075,0.099987704453319,0.1759775436747899,0.0869334525357001,0.1201876364196814,0.0768239980564617,0.0225157201804224,0.281755223338241,-0.1766402164364823,-0.0610103908549402,-0.0312932097534215,0.0623817767478107,-0.1338683648566421,target,2300,1,252.53850138067685,-0.0287181628985749,0.0098383815814584,0.0194859119198238,-0.24291870339257,0.0832200480821082,0.1648257402363411,0.24291870339257,2252,0.3508798334592303,7,0.1074699206116626,0.020669410315907,-0.0242484132251403,0.0,-0.8616850859288238,-0.5108052524695955,1.7204340732120562,0.0632239972000727,238.8540450836682,229.2672065220416,252.53850138067685,5.734996697004756,0.1312016195032392,0.0813077331306162,0.0219292803889966,0.1706916304882462,0.8548101240615701,-0.0018842706362305,1.0,0.0274876457980539,2025-11-07,37.0,10,-0.0351299510347568,-0.0430968705384643,False,False,False,0.2222222222222222,0.0,0.0,0.1258527050880644,2.3905729423100714
STE,Falling Wedge,bullish,1,0.7002030471659686,5,30,2341,2342,2026-01-09,2026,4,254.3143090665309,251.9086468372336,269.1917458793812,244.65442380647292,1.0979256293393531,0.0095497405885065,True,0.0473684307669504,0.0459495791361173,0.0268980262586369,-0.0166484459217096,-0.0157897600543671,0.0168808309810648,0.0241905713261236,-0.0342413107120148,0.006113423604398,0.0389013356527998,-0.0621858962444668,-0.0494561495356072,0.0169997461073565,0.0097614481642676,-0.0242695405555235,-0.0062097021934001,0.0222429120192795,0.0076463078884301,0.0016853476025544,-0.038908889497107,-0.027899620094423,0.0284654826370918,0.0511596248952812,0.0258479687612147,0.0228798489092381,0.041220207144448,-0.0038131233594038,0.0126526488954152,-0.0392119121582603,0.0948900630977098,0.0428737880457303,-0.0054437774224272,-0.0136985793403601,0.0513831863004254,-0.0013040778620501,0.0306359778597324,0.0205690231603807,-0.0807428473783898,0.0342465847201431,-0.0099146145598267,0.0317799033178207,0.032559353533933,0.044638420889419,-0.049671324691655,0.0604519576217177,0.0111429258704896,-0.0432748964851191,-0.0480093189216922,0.0251035413411009,0.0207317358298497,0.002425248492953,-0.0121669051404774,-0.1062692258755686,0.0925350345660998,-0.0862101969383045,0.0195889911957161,0.0298180001899608,0.0212819699149753,-0.0776018610166681,-0.0808336261808986,-0.0046720888676292,0.0400436952560121,0.0590048457345777,0.0437369359488388,0.1029142024661389,0.0329859048859244,-0.1113087848007571,0.0575894080828485,-0.0467097377393538,-0.131989172521199,-0.1124431975888816,-0.2114396371422738,0.0811342120505191,-0.0668121274688025,0.3119021634555974,0.0649836778599479,-0.0292669971108043,-0.052590062903878,-0.001797474148328,0.1296081218299787,0.155191356939466,0.0750582449179089,0.1441007684304942,-0.0340642459673452,0.0519701030072403,0.0919235610039075,-0.0909403535141356,-0.0224581252586669,-0.0075084706447818,0.1284494941495078,0.1145811798476688,-0.17359044198786,-0.1204589050247222,-0.1018920278081696,0.0968423355347998,0.1274015774840258,0.008553867014212,0.0983110037401309,-0.1174629318652045,0.0687194007503864,0.0956032932037942,-0.0485712795049692,0.0170256927557512,0.083458421942983,-0.0175639334031787,0.1790316978976276,-0.10280502599123,0.1023750659919435,0.1174408614868263,0.0032774004184823,0.0691837225113656,-0.0079098578980855,0.0237973005237335,-0.1231769532366907,-0.1541354879925574,stop,2359,18,244.65442380647292,-0.0379840414623734,0.0504483862063173,0.1173099407361903,-1.0,1.3281468812709405,3.0884007130309263,1.5401256238897612,2307,0.5966737678065716,5,0.0279569191618849,0.0638627451207261,-0.0825898547030333,0.0,-0.8815036274422161,-0.2848298596356501,0.62009245055339,0.0750489813730784,251.9086468372336,244.65442380647292,269.1917458793812,4.617458532606231,0.066271660135075,0.0025687212138734,0.018133879225362,0.1291894105505278,0.0414543001259649,3.842277306098652e-05,1.0,0.0124363352291645,2026-01-09,54.0,14,0.0539720483614274,0.0668192443873871,False,False,False,0.1538461538461538,0.0,0.0,-0.029868774005663,-0.9970140245752954
STE,Falling Wedge,bullish,1,0.6465966899850172,13,68,2435,2436,2026-05-27,2026,8,210.4795558608416,213.81106542470548,264.5781736640384,190.63416636542684,1.3181519884499278,-0.0155815582193855,True,-0.0073671349882545,-0.0126853365425939,0.0147086625165202,-0.0121189934002506,0.0282506831834021,-0.0283531296712831,0.0144969639024499,0.0019492441775068,-0.0197859325508539,-0.0251079723421663,0.0527706300169044,-0.0089154213888738,0.007993736836233,-0.1099829074479207,-0.0043749052246739,-0.0769134657243235,0.0059289789538556,-0.0089666023805049,-0.0098138970458668,0.0119963442405968,-0.0147093271323686,0.0040179346080164,0.0014793338054254,-0.0143129144683514,0.0187694068576712,0.0163118462323763,-0.0155313683693568,-0.0266877031651907,-0.0265306358919036,0.0456874060173788,0.0087747810623697,0.0142055565480916,-0.0005398937229756,0.0101692492911145,-0.0577670892838549,-0.0408519052022552,-0.0010775290489716,-0.0369191792048053,0.0966666221031513,-0.0243278863119802,0.0217280780972917,0.0033333819396721,0.0252042802014278,0.057172957382622,-0.0121864717973585,-0.0171546393121936,-0.0024713790144534,0.0162667593982908,0.0930633462916574,-0.0449966010115793,0.0130838129555161,0.0306869657694925,0.0836197581807272,0.0156371442611609,0.0293628180637164,0.0764620014369141,0.0068599908968178,-0.1220839917547461,0.0594389662981778,0.0522867364083234,-0.0120568363844548,0.0377529035651276,0.0117809583846335,0.1200366064710238,0.0303869210011031,0.029804160951474,0.1131999634411391,-0.0577260847545786,-0.0308013560380358,0.0139646217387936,0.026515578773363,-0.0077946061264608,0.0145497560911662,-0.0966582356473468,0.0873747800600581,-0.0709497274668307,0.0041968325105519,0.0682525882667774,0.0572787786033537,-0.0341027568706495,-0.0637551209857419,-0.0447302603889396,0.1162583760754625,-0.0658697604570279,0.0744502301594673,0.0233801042291197,0.1441007684304942,-0.0013352203309717,-0.0293408390806515,-0.1779769423525279,0.0331633713106975,0.0124400159372936,0.1269798701542701,0.1037307670662663,0.0826173781426611,0.1714234657232747,0.1742285413527051,0.0903520808427926,-0.1871755136332334,-0.0833089429959791,0.0073959421464362,0.0324407714413457,-0.0918384327082026,-0.0568025981611345,-0.1913812181802209,-0.1894702408817343,0.2385482673869161,0.0532506890273722,0.0571772813958098,0.0686823638324634,-0.0729088159207506,0.0814919862730205,-0.0445635329984634,0.0523409036523438,0.117354851367399,time,2495,60,237.2062225341797,0.1269798701542701,0.1433686069834534,0.0621052491505208,1.346744375035486,1.5205627850860275,0.6586862535929966,2.726004335450116,2359,0.4096256627261834,5,0.0577947619899555,0.0081041325189681,-0.420169592091847,0.0,-1.1321066812760934,-0.7224810185499096,1.261749378858125,0.1718667160803137,213.81106542470548,190.63416636542684,264.5781736640384,7.493338199214443,-0.1181976451617954,-0.0245925540339345,0.035413950656173,-0.1894438267326368,0.15603926327594,0.003190476436395,1.0,0.0544760156301185,2026-05-27,54.0,14,-0.1298444078029096,-0.1113055186717871,True,False,False,0.6153846153846154,2.0,0.1538461538461538,0.0029304199798358,0.0103908758956481
STLD,Falling Wedge,bullish,1,0.6440115266017025,3,29,862,863,2020-02-21,2020,1,24.992372345552248,25.720819810140654,30.327364077842248,24.69324432783233,0.7101165599816608,-0.0283213159598128,True,-0.0573453705956128,0.0258384416375059,-0.048034640018453,0.0242196047893963,-0.1128048487651094,-0.0364550260955489,0.0012137411003827,0.0105125832506602,-0.0869783677327421,0.0204065335426688,0.0048323772433453,0.1120372209765994,-0.0569683476795918,0.0391787694818783,0.0651627692017673,-0.0373410449412039,-0.0177170154870632,-0.0258866314274182,-0.0029722531976321,-0.0266998060856876,0.003940362144259,-0.0797599883858222,-0.044839670191347,-0.1168143511306087,-0.0373439535569001,-0.0699296915070026,0.0167944317922144,0.0188743530871433,0.0850881104917322,-0.0165241191609557,0.0584120735913227,-0.0605638651477508,-0.1338841575640146,0.1013906779369964,0.1136100745448953,-0.0217808076255268,0.1026147631025431,-0.0337745594033798,0.0742347112761137,-0.0312905641696157,0.0510485130568874,-0.0078477102567601,0.0035170905774204,0.0269120403439913,0.0026833509235375,-0.1307935869250983,-0.3341595646444754,-0.0463751626994154,0.1542552182128782,0.1751397698387897,-0.0987362906507312,0.0341565511504762,-0.0463302988683317,-0.1523986356131331,-0.0024736531802327,-0.0541579440880637,0.0395381604999158,-0.1000001828147003,0.0603895201030906,-0.0041694495080197,-0.0991435092348588,-0.0099076179169446,0.1602554836452134,-0.0441922557188477,-0.0052528335618382,0.0358961245483739,-0.0990610441114764,-0.0282376016896631,-0.3299380401965702,-0.191095361283325,-0.0676368364798183,0.0125063162917984,0.2315356233372061,-0.0995728817506758,-0.0580461542066806,0.031580055327308,0.1220387305737076,0.1770320582907698,0.2887973674666066,-0.1482592751717882,0.0069596903658164,-0.0429719823982456,0.0801048086306062,0.270931357098136,0.047573687997543,0.0194019838362833,0.0529276880108076,0.5553227856162168,0.3822695683498138,0.0924709371601741,0.2938817780259324,-0.3069195684258918,-0.1269420291604388,-0.04522706767441,0.0745419673415082,-0.1447268884782129,-0.1580349771611874,0.0304367649199108,0.4089272768913305,-0.0482312784917187,-0.0928914904448094,0.2468358936392849,0.1915798655776668,0.2121978007905263,-0.0283121614715694,0.0079918978986217,-0.1825468274423511,-0.0543071222625325,0.0644844161444209,0.1366477329773836,0.1288791376135196,0.1517103489916738,0.1700135662137987,0.2840691593399989,-0.196905283289802,stop,865,3,24.69324432783233,-0.0119687724552147,0.0502654894263342,0.0145133793855639,-1.0,4.199719696770895,1.212603835512017,17.83514554388998,832,0.5458307404506411,6,0.0706946087863932,0.003738273795897,-0.0746632929550525,0.0,-1.7268396546790767,-1.1810089142284264,0.705720132196916,0.0829111750605197,25.720819810140654,24.69324432783233,30.327364077842248,0.7052203301797674,-0.0122784678059703,-0.0751162596052176,0.0268488506680099,0.0840110741240705,0.8999996185302757,-0.0112436285488904,1.0,0.0053057952768429,2020-02-21,13.0,8,0.0554586252342237,-0.0153564964060594,False,False,False,0.2857142857142857,0.0,0.0,-0.0282517641096221,-0.3297576772699421
STLD,Falling Wedge,bullish,1,0.7360324741613288,3,26,961,962,2020-07-14,2020,0,24.3523381373438,23.363264031152127,26.786310712054444,21.73390436602113,1.2818870997067218,0.0423345858212644,True,0.0052004403030361,-0.0028638545588595,0.0314071331054193,-0.0390844443120904,-0.0628772338110074,-0.044481990442456,-0.1702842299602187,-0.0019911050891545,-0.0201717120106925,-0.0171873185581612,-0.022955426018609,-0.0371457223018882,0.1013865420755459,0.0358963123588318,0.026103051830028,0.1955215602635482,-0.0427640604005192,0.0282955360721939,0.0745311095059448,-0.0159525369291821,-0.0902642523096474,-0.019371693410586,0.0097699643201711,0.0152303294185354,0.0190763531501494,0.0815088804616182,-0.0013839619769144,-0.1788800256230905,-0.0389888401399224,-0.0278874187792125,0.0002697557651902,0.0248312121695792,0.1988813305124426,-0.0618106619070467,-0.0681506563901978,0.0099874177973284,0.1352494156758712,-0.0756701019387513,-0.030174919171769,0.0021666287831787,-0.0689333376748152,-0.0405327894948684,0.0188941832441367,0.0946825814309535,0.0273262288300113,0.0151610833398493,0.1259286376907686,0.0937028763519447,0.0269970872436684,0.049863856454559,-0.0137591959603867,-0.1286247607237312,0.0853401873774988,-0.0742587171120009,0.1756271351502383,0.2004434126253349,0.0672234724339839,0.1665217183904026,0.0572928944159667,0.0800523511812707,0.1410056317585302,-0.0519655304292309,-0.0301002679378566,-0.0447317415786887,-0.0874410258809994,-0.0110925767211434,-0.115824817879115,0.0009908199459203,0.1012506410530576,0.0898956630470904,0.0359893147761314,0.0981173081994848,-0.2337173320494441,-0.0496819077795314,0.023814851706607,0.0105221296840316,-0.1464571314564514,0.2523850342376685,0.0902069952098676,0.1085812125003278,-0.0204882483029963,-0.0502721533018206,-0.0033204305510496,-0.0315818161433659,-0.0174240006603776,0.0230554081667211,0.0933030230536278,0.1333255053774944,-0.0450117027189991,-0.1870113768052616,0.0837133992042522,0.0832927246685511,0.1964556179857117,0.1353097308019837,0.0125653998924799,-0.0853981522317344,0.1954570325957703,0.0729341356350992,0.107444224634922,0.1508141084911967,0.3830963954648834,0.0555782115002569,0.4279766280595558,0.1240620078786844,0.0965809192862197,0.2684954237793329,0.2196667204694697,-0.0275216162576159,0.813689703833147,-0.0637637477201271,0.3603609588280105,-0.1382744768223223,-0.0786943857655045,0.3213989106202111,0.0356321978771149,target,980,19,26.786310712054444,0.0999482087092984,0.1225854858590655,0.0297176428160026,0.9295528500158136,1.140087343458979,0.2763843387700188,0.9295528500158136,935,0.4845718729240046,6,0.09976171387772,0.1981908346925172,-0.1378219665800997,0.0,-0.8404329898528534,-0.3558611169288473,0.8255607352474587,0.1380388794856065,23.363264031152127,21.73390436602113,26.786310712054444,0.9846896288468798,-0.0363288206466655,0.0298669016659358,0.0411225264482029,-0.1859727603121442,0.9285713204451124,4.3346490619100564e-08,1.0,0.0432286725439625,2020-07-14,13.0,8,-0.1100170590751351,0.0307705104869779,False,False,False,0.5714285714285714,1.0,0.1428571428571428,-0.0496279256319591,-1.09368325754519
STLD,Falling Wedge,bullish,1,0.7929335321405607,5,72,1470,1471,2022-07-21,2022,0,67.14576981923103,66.46590582990927,98.7388183681112,56.199859200603726,1.865490876571652,0.0102287628647019,True,0.0425921628393861,0.0246688417777527,-0.0458600895908103,-0.116694160338192,-0.0552801215747067,0.0129476444526519,0.0223528377246859,0.0423528237984045,0.1059295835742719,-0.0175268473783107,-0.048570293567188,0.0270701843236715,-0.0910066636528224,0.0461448039288812,-0.0127783574045236,0.0528674894700058,-0.0019911050891545,-0.0873282733644377,-0.0524988335756572,-0.0251631664062749,-0.0326272416313133,0.0398255462309882,0.0544838748428776,0.0891199711618355,0.0508914625825371,0.0690287663043878,-0.0699471122031055,-0.0760138221864217,-0.0449090043197596,0.0431991747672628,0.0147929527555974,0.0929129182724359,-0.026916362831509,0.0174688758894843,0.0493424204498116,0.0714469804030142,0.1280148144042465,-0.0050990809161425,-0.1373619228085858,0.108432258533569,0.2240556430921751,0.0331110389334476,-0.0644850910257951,0.0274593395256919,0.0109142167328206,0.0658476209732042,0.1868150973147599,0.1141939419658486,-0.0750436192485426,-0.1458155383846815,0.0072468577654269,0.0075755248933626,-0.0487186641313794,0.0949303058297847,0.0440458647553259,0.0598916568997767,0.0844521706757746,-0.0013493145332965,-0.107997067455031,0.2606895399390401,-0.0137591959603867,0.2335379494394327,0.008740934589738,-0.076038251005186,0.1011558073673306,-0.1190782091498051,0.0550119970192404,0.0529000799381664,0.1656961558525554,0.0545403314893762,0.08406039798581,-0.0061777567854766,0.0296695308933476,0.0694186693277871,0.0519156933295295,-0.0577115908296892,-0.0288719545473217,-0.0103391470279503,-0.0382999052459634,0.3245800383261177,0.0948068358934826,0.0285381411413203,0.3743220495830073,0.0288372428187972,0.6248958425848294,0.0545403314893762,0.1543025577718579,-0.2214305161805837,0.171556733202338,-0.0666894698187188,-0.2417593293518409,-0.012264868339336,0.1024331091427404,0.202255051255776,0.0260515067737943,0.2267409045481836,0.1832998337226694,0.11823702071396,0.4190950224320604,0.0506112629320028,0.0246021028664154,-0.0071094884937198,0.0818755387369718,-0.0400349252505998,0.479319619481966,0.1996335480445517,0.3255652326834202,-0.0256599611021089,0.3455514840045535,0.336352903749862,0.057098962910095,0.3023879109451401,0.0613273882723106,0.4378293193734295,-0.0777056502245074,time,1530,60,74.02371978759766,0.1024331091427404,0.2457127859398619,0.0737981451369527,0.6283579510198086,1.5072820107157965,0.4527017841731155,2.8862878247074653,1398,0.4801479790840054,5,0.0148952724569687,0.3240779069192032,-0.0377665950485376,0.0,-1.153954912888176,-0.6738069338041696,0.7645023183029814,0.3070620942161487,66.46590582990927,56.199859200603726,98.7388183681112,2.49447196577229,0.0208933510341589,-0.0302898046786117,0.0373654422994588,0.2106034430399781,0.9802389539582383,0.0123348180727003,0.0,0.0651726253613247,2022-07-21,1.0,14,-0.0093441636175198,-0.0493507052475671,False,True,False,0.3846153846153846,2.0,0.1538461538461538,0.0682249517972698,0.842783385314169
STLD,Falling Wedge,bullish,1,0.666921427941122,3,25,1588,1589,2023-01-09,2023,1,96.58043977754669,94.095945864442,114.68177047131826,89.67135679053274,0.4037910172734829,0.0264038358962237,True,0.085615793787602,0.0584498136806763,0.0043581785156294,0.0537600058469132,0.0102774837439965,0.0398385208325615,0.0840042788177461,-0.017356613129297,0.0564260123765087,-0.0042799857369738,0.0418150794454339,-0.0084185842767173,0.0087338389085445,0.026317890482566,-0.1013880962026664,-0.1134652183434011,-0.0032347671072778,0.0548185754809886,0.0160397804059633,0.0101311447140557,0.0328848397003849,-0.005337379724528,0.0763195445500805,0.0643349514650204,0.0308940649580573,-0.0003071120687372,0.0675389379017921,0.0224054836772764,0.0755974099761229,-0.1342137554446418,0.1268874091283298,-0.0892615166598864,-0.1606808906577866,-0.0400489711050174,0.0773298755769806,0.063837872712632,-0.0845387019109988,-0.0140820640918831,-0.0477262338260702,-0.0823838855872923,-0.0158377070362313,0.0171543076412015,-0.074876565073091,0.0832498139604933,-0.0165640809126076,0.0756609701549912,0.2137929880367945,0.1416431092171486,-0.0717544138726089,0.1725915288554202,-0.1104297540972898,0.0268316594311675,0.0932230589708502,0.0592789800254371,0.0798707197830865,-0.0182386207407364,0.0626729125492564,0.1380415540302553,0.1412438435241423,-0.2132677014398463,-0.1274709465375768,0.1422541864748137,-0.0860879731334982,0.0630431090456427,-0.0852851057515996,-0.0489894933885793,0.0903613069014306,0.0949303058297847,0.193652030213817,0.306502664714996,0.2763671149892337,-0.1035019257977142,0.0476522669521977,0.0660685651276671,0.0992386725418024,0.0538110140947722,0.0826876934332339,0.1715301117769541,0.1632724870608237,-0.0550237056270951,0.0109419372748602,0.1057515607437837,0.123436552187867,0.0072417434468801,0.0367150808526048,0.0560273149890762,0.1720184897089465,-0.0819248180474827,0.3915149234415787,0.0086451015105828,-0.0136027461592105,0.2393776487393895,0.0208736690843116,-0.0356934485859714,0.1166090772936991,-0.0755949232259527,0.0481057599620691,0.0750546251569408,-0.0968351883082491,-0.1447672059458596,0.3499321939441719,0.1417694334437624,0.0104127258168187,-0.1672663239347204,-0.0478855373706138,0.2660099204781485,0.0049708730981237,-0.1108669891757133,0.0278868791933828,-0.055959928600168,0.1964556179857117,0.1049070217490921,0.1652323787601677,0.0932776985948118,-0.0241987363614695,target,1600,12,114.68177047131826,0.1874223262543046,0.1996060827241324,0.0,2.619932446577087,2.790246301572056,0.0,2.619932446577087,1562,0.7098828762751901,5,0.0147870398539017,0.0662767752830006,1.5691785611451603,0.0,-0.9775900504311786,-0.2677071741559879,0.2959884380185576,0.1965694182538532,94.095945864442,89.67135679053274,114.68177047131826,3.503622966477406,0.2101438999709663,0.0034180729436548,0.0363196742700308,0.5511405196936123,0.0196713110038297,0.0051611296340816,0.0,-0.0166537819741722,2023-01-09,19.0,6,0.1512619031429374,0.0522896994357413,False,False,False,0.2,0.0,0.0,-0.107531193064018,-1.7774498094906117
STLD,Falling Wedge,bullish,1,0.685499303821694,5,58,1684,1685,2023-05-26,2023,0,90.84014664277328,91.05609381720092,127.27270698329278,88.68771573827513,0.8491214163033426,-0.0023715839915245,True,0.0271292650594243,0.0151156545996407,0.0425921628393861,-0.0121106394797536,-0.041977909164014,-0.0364550260955489,0.0085290880997632,0.0210812014176069,-0.0975889295171728,-0.0150478055931342,-0.0341069930471285,0.007659786552842,-0.0140600691820264,0.0651627692017673,-0.005942305879555,-0.0069708119630829,0.0270701843236715,-0.1059152390314442,-0.1113408466301913,0.0236714062724503,0.0124718547581879,0.0735346497285027,0.037116438678868,0.0625657465574132,0.0346765731528504,0.0263324653221317,-0.0342856508476454,0.0926470277561914,0.1171725076186647,0.1054788831340016,0.1085460203992441,0.0317619242354483,-0.0236780151210012,-0.2770062202413069,-0.0415719680996981,-0.0716099447381453,-0.0028846378544172,-0.0464360632539367,0.1447153987324858,0.0782354852412259,0.0707828246754416,0.0215736252254499,-0.0992248000275733,0.0493947299980275,-0.0449090043197596,0.0523140171656717,0.1222924542550369,0.0849485041546378,-0.1125566048137257,0.0691375137169982,0.1150734667268822,0.1928322587657134,0.1732578189009703,0.0474860692571366,0.062118824059913,0.0688524156708993,0.144326215695927,0.2943192822727731,-0.0033703944246208,-0.0396344312349812,0.0185954729978254,0.0319377565459806,-0.0991435092348588,0.1848811344513767,-0.1808510267888085,-0.1024455870535906,-0.0427737976709897,-0.0939023117161947,0.0858854259488056,0.095414335560954,0.0120740747365979,0.1646642182411908,0.010422067091627,-0.0260506418593295,0.3512052274591324,-0.0284974276812514,0.3944429638578222,0.2261091852440617,-0.1248383467130994,0.1106474661451235,0.1073203791691956,-0.0779343451949646,-0.0550237056270951,-0.0585536374784818,-0.0675394242476875,0.1075267062176921,-0.0232186055887371,0.0826876934332339,0.1120726990180187,0.1445480520378581,0.1293712881996414,0.0214462449747564,0.0862294294795811,0.0325703976554205,0.0035860118354498,0.2053436456923894,0.1473022519708235,-0.1298206286221499,0.1231770172825785,0.1631707537851008,0.613298982616028,0.2468072819933893,-0.0336744200475636,0.2311708679939899,-0.0019628316929367,0.1351330617628034,-0.3315698790226818,0.1793027463267105,0.1177730014801103,0.0272141497754381,-0.0955486560911527,-0.0978915842156126,-0.0124911063459881,0.2446370644784805,-0.0005184570681792,stop,1685,1,88.68771573827513,-0.02369470970762,0.004626734473881,0.0312302972487569,-1.0,0.1952644506293778,1.3180282701971056,16.926239195127145,1626,0.8417266246898534,7,0.1942463365575247,0.2993599043140307,-0.2863212009185382,0.0,-1.102021593030461,-0.2602949683406086,0.0856174399674932,0.239130175568977,91.05609381720092,88.68771573827513,127.27270698329278,2.749629180210296,-0.0428660120726719,-0.0744545814374636,0.0300948218873329,-0.0731371452564445,0.6545452023345937,0.0138289590374998,1.0,0.0098332387104389,2023-05-26,19.0,6,-0.0431433891586154,-0.0327592037909491,False,False,True,0.4,4.0,0.8,0.0038122732390019,-0.3717689744929738
STLD,Falling Wedge,bullish,1,0.6775630567865951,3,19,1727,1728,2023-07-31,2023,0,99.72815682939591,99.85706126790114,107.11359747098402,94.88226529424496,1.0583729836369966,-0.001290889566231,True,0.0045197350206567,0.0167053805045346,-0.0265882715610655,-0.0305745274528446,0.0482684561988076,-0.037981184201783,-0.0138015652395282,0.0308825136286208,0.0263158913988157,-0.036747102871494,-0.0080465130597725,0.0175886425419449,0.0044318698586054,0.0230714089467269,0.0657048909836495,-0.0011843853790534,-0.0365447471084749,0.0066889680491069,0.0739152679240577,-0.0526212284666521,-0.0263757838086237,0.0048800085490507,0.002955604574152,0.0351957771132849,0.053079839949247,-0.0503723484262671,0.1300794479158191,0.0449779737525419,0.0415260706163018,-0.0221320488252637,-0.0095128153895263,0.0171543076412015,0.1044893998150893,0.0259270681482317,-0.032714327930398,0.1203248639949639,0.0186757768919949,0.059837740414484,-0.0234284568321291,-0.4157556831510385,0.0052432134450317,0.0476061502528175,-0.0758453466230001,0.0132023833321577,0.0331911212064515,0.0335720526008117,-0.0179824604412157,0.0116270998231775,0.1693017554256106,0.1087392256857779,0.2606895399390401,-0.0535193060129591,-0.0404226294065707,-0.0475684330551019,-0.0201344061202388,0.1706938982875852,-0.0874751741318189,0.076235939073157,0.1031703655390154,-0.0314048539039831,-0.0199702410772097,-0.0185900421368468,0.0049479409441592,0.1248505887102087,0.0329117888594716,0.1970415546185282,0.0801761402627063,0.1379676705126529,-0.0753645265418749,-0.0112511338354454,0.052061629387756,-0.0273563357194649,0.0758778279111009,-0.035645061669017,0.0510914011402956,0.1630214182157405,-0.0442506555952645,-0.0348825457693167,0.3344540315494391,0.0775551228104367,0.3294994741587569,-0.0398137169678642,0.1090902076346018,0.1687133225676735,0.0443928646046447,0.0567277933701257,0.1281272118245919,0.0775488160257655,0.4848974100167105,0.0125063162917984,0.0458097557161811,-0.1101193667412922,-0.0188730956836253,0.0493883534258144,-0.2818797231563251,-0.0604715102007227,0.1102453470535578,0.1652323787601677,0.1463033076767641,0.2045183110121804,-0.0331982501913799,0.264822418961089,-0.0464442034816752,-0.053497748789601,0.1506637907980759,0.0749637001588487,-0.0735238782196486,0.3415231345674099,0.1227763530194889,0.2320089099129925,0.1468161078678496,0.1703055669340698,0.2919256024239642,-0.053124892586123,-0.1098713318096745,stop,1757,30,94.88226529424496,-0.0485910066847096,0.0514474064731051,0.0539474506490242,-1.0,1.0587845361371038,1.1102352951662613,1.5240623088684262,1708,0.360333041995456,5,0.0033092970375159,0.1382857368936596,0.0594354406367272,0.0,-0.6259703157553164,-0.2656372737598576,1.190955566657342,0.0861441321283951,99.85706126790114,94.88226529424496,107.11359747098402,2.8414313789888785,0.0149702842882384,0.0441260038938862,0.027799385578052,-0.0967928139486639,0.9108541688229124,0.0040458890391195,1.0,0.032733329717433,2023-07-31,19.0,6,0.0200403524485168,0.1079385569066531,False,False,False,0.0,0.0,0.0,-0.1233158334823395,-2.080409696424936
STLD,Falling Wedge,bullish,1,0.644587719217113,3,20,1996,1997,2024-08-23,2024,2,118.88058465727168,110.73925259976296,137.60773893746682,109.55561809415508,1.015568739069305,0.0735180332752776,True,-0.0219331815400004,-0.0228211097291403,0.005177269465604,0.0322146685637447,0.0159643236898985,0.0408321726484168,-0.0688355869982038,0.1013865420755459,-0.0138015652395282,-0.0018415496063797,-0.0005321798912765,0.0191061833844885,0.0129476444526519,-0.0177067797903476,0.0521650199490999,-0.0032347671072778,0.1662936490689495,0.1316747521577594,-0.056893714309942,-0.0226256110763239,0.0274182430586524,-0.0452450227956899,-0.0406563661249925,-0.0937066399875997,-0.0639294327945996,0.0269065615813626,0.0140960827999234,-0.1097132684291284,-0.0328432321748143,0.0188941832441367,0.0182719622855298,0.0094210753272503,0.0659665714309509,0.0497954107973281,0.0307779068654732,0.0960765571126773,-0.0416910275739838,-0.0140820640918831,0.0092264928267902,-0.0204650150635147,0.061425719007643,0.0497290004061754,-0.0343705867375445,0.1157358089734024,0.0164441907020289,-0.1101867564520899,-0.0100662840357023,-0.0246927715472301,-0.0410502693143182,0.0461750926006281,0.182154876385612,0.0563883777420199,0.0611849111077711,0.0521828320788817,0.1062920601256931,-0.1151627166901849,-0.0187800245228263,-0.0835806725228092,0.0877602346549777,-0.2202020859927215,-0.154840416820865,-0.0247081668934107,-0.0118161571941932,0.1098851527502045,-0.0626960235021861,-0.0447680272923955,-0.0326354503819771,0.039696842440583,-0.0066403024736264,0.0961540293602076,0.0566636517064296,-0.0147433341920923,-0.2654348545646259,-0.1343530987527752,-0.0996614159826297,0.1793247488014895,0.0269700843174698,0.0897239021988454,0.1153690858505815,0.4949405563045976,0.0211227932915372,0.0133907225291869,0.2255919456899475,0.0549575757317257,0.0351692144325923,0.1672822157951339,0.3170003328038753,0.1174936325930469,0.0821458690037719,-0.0446211062020274,-0.0270128215866698,0.0284212269570586,0.1556232243208262,0.1080823721908934,0.0063283374410618,0.0781881006709519,0.0462382309355278,0.0461670301875631,-0.0036318875389457,0.1436146850045523,0.2684954237793329,0.1109032054898326,0.0987835686102807,-0.2768585189651604,0.2196667204694697,-0.1717258991299759,-0.0877964621981195,0.0727158159599219,0.2623251523581174,-0.0161365683729122,-0.1174903698131373,0.1083900076570179,0.1884035078963672,-0.0387601110086731,0.1087322258491725,stop,2003,7,109.55561809415508,-0.0784397771091061,0.0158768702287406,0.0808577384708272,-1.0,0.2024084057079438,1.0308257041367923,2.0082811185905336,1974,0.8927613810364181,7,0.1381816520697265,0.0012559171427117,-0.1024702504412613,0.0,-1.2993158313026492,-0.406554450266253,0.0641141296873002,0.1637755105169908,110.73925259976296,109.55561809415508,137.60773893746682,3.0368858420239806,-0.0358305453669729,-0.0284132508594573,0.0258225293815991,-0.0417063239498244,0.9535861447334528,0.0025223043708548,1.0,0.0324923013081062,2024-08-23,27.0,7,0.0886962260876476,0.0415633082185711,False,False,False,0.1666666666666666,0.0,0.0,-0.0807555417660463,-1.6749830615355157
SYF,Falling Wedge,bullish,1,0.6758179309777926,5,46,577,578,2019-01-03,2019,4,20.33332858547153,18.819986452668417,26.032520981809085,18.008128011940443,0.787759234462262,0.0804114358216523,True,0.0488799621320568,0.0032804674109969,0.044129228622316,-0.0046313514407074,0.0051109522343777,-0.0810288569944565,0.0766643461182985,0.032681727194415,0.0250818660721956,0.0022270356411344,0.0200925782507883,2.8288857922831312e-08,-0.0006871980304808,0.0155971103378464,0.0168037691358391,0.0062787252868994,0.0025055519689061,-0.1125534250258543,-0.0126639779778943,0.0348027094415894,0.0223188999816226,0.0045217378992803,0.0440173892818081,0.0733198577153755,0.0112416382836342,0.1159941636781465,-0.0830083275012981,-0.0475650600258539,0.0172827561621831,-0.0212149318565296,0.0928334896464386,0.0879421087149205,0.0748243667498673,0.0244067770005864,0.025779793047741,0.0308094727583951,-0.0183608747517154,0.012232166138645,0.0009687467379808,-0.0089854456838284,0.0155009877830651,0.0791638398692808,-0.0005668311532029,-0.0454112563370215,0.1784883426141181,0.0467641435357795,0.2178823156772544,0.1271275177163315,0.0078256290829881,0.06549090208866,0.0795858044314481,-0.1281203592193497,-0.0754393446587504,0.0121492248623231,0.154154875370972,0.1826497988390829,0.0341435856242424,0.0457229086929107,0.0935275519172167,-0.1025858914298216,0.0754522894388871,0.07781651230395,-0.0487588374614693,0.0952557747124853,0.1215094965265151,0.0728830709274739,0.0007758654770466,0.0298644958514309,0.1781871480083423,0.3315076341270706,0.203029379419402,0.2012247622897185,-0.1106780919530242,-0.0389266869860605,-0.0323096742387116,0.1431462502092588,0.2419505713035021,0.1803395260813218,0.0722536779225657,-0.0390669631730974,0.0964432691623788,-0.1495135587093977,-0.065279150793102,0.0817373299035071,0.1819671312724151,-0.0705373699467023,-0.0243101341429952,0.325367103607515,0.0017102402997315,-0.0810233393587518,0.0565159755906243,0.2829570907100358,0.3364301894176795,0.1768962449078674,0.1222920505215254,-0.1361892064423852,-0.0865467250446512,0.0409278271522643,0.1193891842993424,-0.3706183926158096,0.3378915366265922,0.1899399829140284,0.1533082629046822,0.0354963156422567,0.3712588495318865,-0.1570766453345861,-0.1191385771889319,-0.0458675549718547,0.0932469854131667,0.142629785306001,-0.1214839957355202,0.2714423462084565,0.0244622032161314,-0.2216927642644696,0.3042466160107733,target,607,30,26.032520981809085,0.2802882160872428,0.3060753414706085,0.0023217600128036,2.451054098822394,2.676556405876474,0.0203032416963723,2.451054098822394,527,0.729686801978813,6,0.0713465057003114,0.0305620348459378,0.0002161542942047,0.0,-2.208327160962033,-1.4786403589832189,0.3406585769569935,0.1238953725056642,18.819986452668417,18.008128011940443,26.032520981809085,0.7238831573833028,-0.2183283137726483,-0.0662350776536643,0.0362806230151487,-0.2705701169693485,0.3015876379797891,0.007416461101239,0.0,-0.1205294166535674,2019-01-03,12.0,9,-0.1815376691603105,-0.1695315862219675,True,False,False,0.875,0.0,0.0,0.0560801860799285,1.4050220344892808
SYF,Falling Wedge,bullish,1,0.7782837593067949,3,30,840,841,2020-01-21,2020,2,30.650434716739586,29.881159578292284,33.37514698462017,29.701713954001395,1.2196198358263977,0.0257444874731753,True,-0.097033514748099,-0.0809303736174672,0.0433087814024935,0.0043827310130062,-0.0377881246225605,0.0331420180115145,0.0148920433600141,0.0115985631769817,-0.0075544754326256,0.0169277814304711,-0.020711508599272,-0.0269590242372822,-0.0125972562349601,-0.0298014195485889,-0.160826974506631,0.0314295085495635,0.0068752416808792,0.0215955376603091,-0.0057943109625397,0.0480230129793104,-0.0202000550450186,-0.042495939350633,-0.0904058212843206,-0.094815545554547,-0.0852440265088865,0.0200618156167571,-0.0136110531150458,0.0061454659621111,0.033034060191226,0.0029015332451196,-0.0297794099598992,0.0217538474198566,0.0192874509291653,-0.0140056122724481,-0.0150448259622014,0.0535411741939537,-0.0412187356439036,-0.0180826915427967,0.00350997805035,-0.1055390878873951,0.0155297566673346,0.0240373635794326,-0.0703747854972096,-0.0133831802401632,-0.037583067099406,-0.0868745453862889,-0.0687255021184267,-0.0870857695543774,0.2203366896539325,0.1640582327874951,-0.103923753164774,-0.076023401691888,-0.0514348939812616,0.0857600218188596,0.1499211057120593,-0.0302429373637839,-0.0513037993194964,0.157775281096913,0.1435857811543666,-0.0523819679853559,-0.0137685194697948,0.0401150707271193,-0.1026698020801479,0.043354941847578,0.0080947453259825,-0.0302429373637839,0.0043149293738853,-0.1448682509379061,-0.0867483289254267,-0.6112481596770147,-0.3336172760795611,-0.114465679390034,0.2524497040394984,0.1647642383059169,0.0129773865726077,0.0170251789657032,0.3138937422908661,0.1312675323669938,-0.0236680547088161,0.1026637249122111,0.1669244304399582,0.1045243160678357,0.1235688523538094,0.0535474242274316,0.1069226738532602,0.047380535411013,0.0016200908692993,0.0929519502607758,-0.0389266869860605,0.1840980870256534,0.0406538727075822,-0.69825682565629,-0.6045502872449127,-0.449545249837384,0.3095379446085748,0.1021255669389913,-0.0169616772046916,0.1401086614751727,0.1237597005101176,0.1471774405723205,0.1418460453317984,0.0429303881986602,-0.0892228451758125,0.1066711083123612,-0.0312576514059136,0.2406036116140555,0.0172233254741878,0.2240278825428359,-0.1612865757642548,-0.0949291421235608,-0.0169686417822384,0.1565253824125236,0.2357446477311051,-0.0330717664203755,-0.6817794575372056,stop,843,3,29.701713954001395,-0.0309529300809574,0.0098419613318506,0.100776153438987,-1.0,0.3179654173646567,3.25578719608796,2.8719854934096136,808,0.9014745012893752,5,0.0228571877227867,0.0594925764828431,-0.3493856470678764,0.0,-1.2693572535949182,-0.3678827523055446,0.0723172594278025,0.085043249600172,29.881159578292284,29.701713954001395,33.37514698462017,0.3814763142559356,0.0352425113072067,-0.0237128779127308,0.0125679808472693,0.0234177175301169,0.4200057983398467,-0.0053130839011724,1.0,0.0374843100686896,2020-01-21,8.0,9,0.1266377140684742,0.1122361007813417,False,False,False,0.0,1.0,0.125,-0.0312813385398417,-0.9738103971059724
SYF,Falling Wedge,bullish,1,0.7502932761529393,3,24,959,960,2020-07-10,2020,0,19.83431114498279,19.002615267399197,23.83481967909958,17.84168715802066,0.5852784098602468,0.0437674428430097,True,0.0122107900248698,0.0072440205852379,-0.0027337774701069,0.0121984064050677,0.1164600642633955,-0.0098950576984871,0.0011184856075741,-0.0217747192020227,0.0284373295734232,-0.0086313233197093,-0.015488780074079,-0.0024399991701692,0.0358368273669353,-0.0195078273799723,-0.0209579595685462,-0.0109297386672178,0.0172346503333866,-0.0063465888569222,0.0197629715642873,0.042525159789196,0.1747787398251368,0.0120297446758443,-0.0048730403749808,0.0274749172372188,0.0251318470524908,-0.0326481740244601,0.0060666054007627,-0.0550777687387233,0.0643046740681398,-0.0338369862467055,-0.0469327105472224,-0.0120522000800525,0.0470348541302219,0.0439184556450238,-0.0212264792869598,-0.0099490251565006,0.0173583608097218,0.0011123261082999,-0.0654227739932978,-0.0298301484876334,0.0423188026887122,-0.0412187356439036,0.1245046068551907,0.0138229264918019,-0.0107141144168766,0.0273982924584419,0.0430481158592601,-0.0020589955464618,0.0284887874263701,0.1047518410887442,-0.0256411537031917,-0.0348790695634461,0.3014795917288411,0.0943823064177906,-0.0507487722434549,0.1256706309305417,0.1826497988390829,0.0488840761897135,0.2042840577008007,0.1433867285922967,-0.0166113048153582,0.0239173371400114,-0.0659631762272149,0.0667046454457074,-0.0035001421134776,-0.0457091342597315,0.1044775481230086,0.0253718408183294,-0.017521706016508,0.1522401407478706,0.0821434998926478,0.0786120667372354,0.0655724772922108,-0.0133313904449328,-0.1846771691871851,0.1886827368743737,0.0110024411632869,0.3572092718215272,0.0858558968328244,-0.0629175008847573,-0.1296044985978999,-0.0535232624361537,0.1354109316752536,0.0559868248379877,0.0756361259641604,-0.0686895205340472,-0.0585528090375395,-0.2188863082292961,0.0471170751009391,-0.2462295876889528,0.1014269962428735,0.1439351008727752,0.249544359890935,0.1839768247525828,-0.1662571982277305,0.0856959904406711,0.2276091792064758,0.0571452826656566,0.09030421599412,0.0513178194591883,0.2587961384946757,0.0361462400215404,-0.0207923644799353,0.1168818973072585,-0.1135752173813959,0.2526845311179724,-0.1927078478334888,-0.0052753718087151,-0.011138737788747,0.310580199811892,0.0206967573292351,-0.0915123896376631,0.0053428357316505,0.2196674368790265,0.1929638900258506,target,1004,45,23.83481967909958,0.2016963687256032,0.2055148921550002,0.0549497815086232,2.0076585247856,2.0456675933849064,0.546962734024123,2.0076585247856,935,0.6219958737355707,5,0.0159610535679935,0.418565267567915,-0.1362191786920529,0.0,-0.8796632594007449,-0.257667385665172,0.3397730893751998,0.2073738368254971,19.002615267399197,17.84168715802066,23.83481967909958,0.9551994694717092,-0.1851897750499368,0.065044960971238,0.0489487992483287,-0.3518278785403022,0.9846150234604047,0.002342797068725,1.0,0.0611343461530753,2020-07-10,8.0,9,-0.2313352974748892,-0.0874945537504396,True,False,False,0.875,2.0,0.25,0.0118794082953057,0.2471526539281735
SYF,Falling Wedge,bullish,1,0.7189973536560132,3,40,1590,1591,2023-01-11,2023,0,31.42725505164895,30.16892643874104,37.52940045871344,28.31093929108303,1.0280102112563658,0.0417094262688793,True,-0.0451344743719224,-0.0248909889067613,0.0176548882057456,2.8288857922831312e-08,-0.07401517026643,-0.0259206109867452,-0.035949045545195,0.0204891466136645,0.0217386142316284,0.0139992831915716,-0.0202000550450186,0.0672595958120143,0.0135686207787864,0.0804897618951141,0.0142193082603099,0.0232037100365873,0.0488508935039866,0.0452859109646215,0.0091680551164901,-0.0219076958849182,0.0213120883805171,0.0225831564217611,-0.0572259985705899,0.0712194026093822,0.0508498912822301,0.0510566978492887,0.0260606694310712,0.0139994238478897,-0.0543476645350963,0.1522323426622387,-0.0053233878053828,-0.0400853953615532,-0.0497925016629331,-0.0529663039754281,0.0126028723149345,0.0333352324284283,0.0521074212895829,0.0448449108677639,0.0805628014905013,0.0169423279822045,0.0292402141101095,0.0597258873323025,-0.0399998362313581,0.0118766810592227,0.0001498095628473,0.0541082924765504,0.0686378541632333,0.0423693481181353,-0.0554651327511737,0.1435857811543666,-0.1095001879372143,0.0052204583057857,-0.1882831234252158,-0.1094469949228008,0.0365110452364425,-0.1127771936383817,0.0524522667287892,-0.0173764689426114,0.2624653850809384,0.0690932368549135,0.1443435632348513,0.0508449899884351,-0.0908746269886311,-0.029033297111632,-0.0390038220479431,0.0184752211709477,-0.0380761661140854,0.1573569541831527,0.0611122597602866,-0.0525570330636768,-0.0254310920747774,0.0516148227075312,0.1881682906697488,0.0174859583325757,0.1946723001572545,0.0700271269813699,-0.0049369383325915,-0.3211837477322053,-0.1415155287511645,0.1014816365920172,-0.1875046789441183,0.2235929992055405,-0.1200107842944486,-0.0839610007926524,0.0470573014390649,-0.0333086493749708,-0.2632382211200448,0.1139383408267837,-0.0843146146375114,0.3559465416828984,-0.0780979500957809,-0.0548526932896416,-0.1507512194331959,-0.1873137593073903,-0.020060177622398,-0.0740504646420543,0.0644531559273198,0.0475918232836432,0.2814957682123151,0.0050152437519486,0.1174222374809272,0.009196939217164,0.4881049906816692,0.1408851761211573,0.2240278825428359,-0.1629164127977516,0.0606239065310267,-0.0205792521331085,-0.3706183926158096,-0.0352330661027926,-0.042914495820293,-0.0899086084422559,0.3406320753180045,0.0670907347921505,-0.2022641726173808,stop,1631,41,28.31093929108303,-0.0991596547469522,0.1203889665394223,0.1590079013321734,-1.0,1.2140922318320462,1.6035544066581258,1.958128083258274,1550,0.5675905230476872,7,0.1272032994826736,0.3832503277361159,0.058457599581386,0.0,-1.2178122283853812,-0.6502217053376876,0.541604315910115,0.1427203723250351,30.16892643874104,28.31093929108303,37.52940045871344,0.961937830675251,0.0091237805938388,-0.0298014886842187,0.0309347831713752,0.1398152115124427,0.955443674792081,0.0048720027160793,1.0,-0.0040452117957777,2023-01-11,8.0,7,0.1009807503156314,0.0265878085162003,False,False,False,0.1666666666666666,0.0,0.0,-0.0539034436684772,-0.4207571472156569
SYF,Falling Wedge,bullish,1,0.6269064907186707,13,83,1681,1682,2023-05-23,2023,3,28.35624519724302,26.94222175397985,36.47399715014873,23.903307559104576,1.3610853428579184,0.0524835500269866,True,0.0197629715642873,0.0065967666497537,-0.0136863721185815,-0.015691383360184,-0.0302114438197386,-0.0039699862478279,0.0029714317459368,0.0389046336871516,0.0181181843964342,-0.0487292902699213,-0.0415841881999047,0.0276781231638676,-0.0128346678797779,0.0429949098178545,-0.0835411825051986,0.0021548550876013,-0.0023269513103222,0.0145008534637907,0.0011911012261696,0.033225991921151,-0.0001438273559418,-0.0237983958145824,0.0245018517828884,0.1264825634864146,0.0922214962138709,0.0156656431456265,-0.1025349342033238,-0.0056868448994437,0.0581001480380711,0.0070060569153866,0.0386927552675171,0.0733198577153755,0.0225859747343963,0.1144548396582534,-0.0253088778856508,0.0655076814649426,-0.0289903407513295,-0.1025349342033238,0.0191443877726973,-0.1106718274689795,-0.0355634570532139,0.0709953660235955,0.0765168618446248,-0.0800113725521219,-0.18709943549557,0.1323031860830381,0.0764164400895059,0.0140734236909889,-0.0575036453977843,-0.1026698020801479,-0.0431581782062635,0.1656347132353268,0.0112660453513508,0.0211578498216324,0.070861353988282,-0.442062937970206,-0.1147539659786863,-0.0089064690207635,-0.0446537410701605,-0.1833793908919223,-0.1306061622193182,-0.0991175536754127,-0.0781976715063156,-0.0748378349003286,-0.0580561144377391,0.0535994910279473,0.1047511446996563,-0.0100152333103039,0.1274488452165638,0.1419631238618262,0.0414838521088034,0.0329984404155629,0.2402157182473854,0.1532880839089854,0.0789371295331549,0.1577905220089304,0.0746996402970212,0.0524860716632336,-0.1080842013245748,0.1235845076456902,0.1663275308189586,-0.0178869583253156,0.2735251277304997,0.0536175676248886,0.0182208056416455,0.1196121551274835,0.0001678662965725,0.0814799209521197,0.0220188638533493,0.0301026198492444,0.1277903437009599,0.0579185360785363,0.1004776408617516,0.0381589858302866,-0.0663287097694194,-0.1220257895447261,0.0206967573292351,0.082697491091582,0.1965645722109472,-0.1973833772101089,0.1084832717492838,-0.0009945680884391,0.1725024572356823,0.0713155832300664,0.0669781409871956,-0.0858221047315088,0.2691049977483575,0.1171410754787998,0.2704675070937401,0.1471774405723205,0.2046613511792641,0.2333280091742957,0.0414041260916793,-0.0294295812767999,0.0254507083341792,time,1741,60,31.20541381835937,0.1004776408617516,0.1969698026689738,0.0177864009931236,0.6398402251838969,1.254300974955703,0.1132635551456648,1.823010473665504,1595,0.5590278669792568,5,0.0820860124078382,0.0349977912993311,0.0668683018587728,0.0135135135135135,-1.0052408385987337,-0.446212971619476,0.5732991577713082,0.277907188194618,26.94222175397985,23.903307559104576,36.47399715014873,0.8359310648091901,-0.0519519653995134,0.0675848633172353,0.0291816395200738,-0.1334575720495314,0.3592238762853765,0.0019769793157902,1.0,0.019725254213295,2023-05-23,8.0,7,-0.0179399622046482,0.0013365641270992,False,False,False,0.0,1.0,0.1666666666666666,-0.0064873489607489,2.77432728131245e-06
SYF,Falling Wedge,bullish,1,0.6112732688930926,3,20,2282,2283,2025-10-15,2025,1,71.04643579052755,68.56010965318399,77.22488164844833,65.89310411414931,1.6025721455457966,0.0362649089962197,True,0.0107987999610383,0.0093292694202506,-0.0273194889643147,-0.0130843649873648,-0.0454096982735733,-0.0732398901950123,-0.021454393367382,0.2486056265886314,-0.0117441082159804,-0.0542881528439518,0.0204648274751197,-0.0018850127153571,-0.0469119661793404,0.0202205855471482,-0.049031177020534,0.0277696122396191,0.0359027804659899,-0.0221917240264479,0.0135303365171151,0.0208554786120795,0.0040425476695729,0.0155176956521612,0.0087813242621294,0.0135677486887169,-0.0172800886258954,0.0695912315557458,0.031972780281998,-0.0388967597020444,-0.0623989006905433,-0.0349958873505676,0.0240424146608366,-0.0662718440482895,0.1060963302345634,-0.0028553869067291,0.0477487633182913,0.0319718377542361,0.0592968005078471,-0.0064254777626704,0.0421193003351558,-0.0729588692473266,-0.0245590007254322,0.1125357909795083,0.0674541440229981,-0.0203960559711372,-0.0333335520096435,0.002080865726877,0.0494285609814133,0.0245944324046645,0.0762978204622535,0.1108840125298746,-0.0558898055552742,0.0199491930604958,-0.1202772763357298,0.002277059517012,-0.012070347885976,-0.0540422909717539,-0.0256411537031917,0.1671336310098004,-0.0140976843361544,-0.0742027439545145,0.1325080602086181,-0.0445190770590113,0.0512909692055338,0.1101290905009995,0.1071428632510036,0.3147122821384849,-0.0337674281356082,-0.0595996959305881,0.0195176870805996,0.1908074211531341,0.1572902801472764,0.0230283505718373,0.109292963867517,0.1088065169240408,0.2337957557204424,-0.0309248389148251,0.0608881666667309,0.336307356450116,0.2842101429796881,0.2548410793665916,0.1130990765332424,0.0382828028458446,-0.1490331927261976,-0.6112481596770147,-0.0111971927209048,0.0202114335375651,0.0675361218781112,-0.1350209527702778,0.0466285422431909,0.1276654013951093,0.1046674381313776,0.1412155805380248,0.1069809213523014,0.0614003697704299,-0.232099637429163,0.1548757887469252,-0.446501432797346,0.3987578770672026,0.2495472718033657,0.3306519346444343,0.085251344141332,0.0624747673686953,0.3920897531388638,0.1365886314751836,-0.0718785747163095,0.0919958444527668,0.3937454631485122,-0.1996097199419347,-0.1927078478334888,-0.0839495973889096,-0.0519553993864707,0.0038253629364679,0.095024671712006,0.04718150262486,0.0488155211639517,target,2314,32,77.22488164844833,0.0869634878818865,0.0898682427885499,0.0344732850261599,1.1989226088903682,1.2389690285511556,0.4752661355616303,1.1989226088903682,2261,0.4098714679750728,5,0.1069514458313414,0.0381667191041148,0.0480364191290574,0.0,-1.5923671384300044,-1.182495670454934,1.1958103218219776,0.0668037273231476,68.56010965318399,65.89310411414931,77.22488164844833,2.5387786634900493,0.1374857538427876,-0.0121081989571026,0.035689607380184,0.5373412563168942,0.375143105979196,0.0083745467672977,1.0,0.0118846818501525,2025-10-15,6.0,9,0.4256299332441973,0.1602452852311111,False,False,False,0.0,0.0,0.0,-0.0283536746220297,-0.4335406544373537
SYF,Falling Wedge,bullish,1,0.63758766636616,3,28,2373,2374,2026-02-26,2026,1,70.72640291754051,71.44886953310674,81.34376630760698,67.21919473960156,0.79491408885738,-0.0101116591527241,True,-0.0329500334420468,-0.0303441550323543,-0.004990771088886,-0.0677560442435962,0.0025153447769608,0.0038054654427792,-0.0420261585318565,0.0391809835796479,-0.0088082024704089,0.0005992581522649,-0.0240556534745677,0.010788868676907,0.0446306404551759,-0.1044344904204502,-0.0553504174218593,0.0202205855471482,-0.0365196454227175,0.0304438260130788,0.1155759668453648,-0.0315026022933516,0.0475702735955139,0.0441791314588444,-0.0321533514008464,-0.1030566566787398,-0.0781257750147399,0.0570512501184417,0.047116789774847,0.0512215026899738,0.0739391753160725,-0.0452890896838636,0.1784883426141181,-0.0375335934424361,-0.0255726587408838,-0.0121647295143407,0.0113709005538522,0.0017294385430466,-0.016383387632326,0.0440059286977483,0.1321094287104798,0.0445154730630366,0.0037905171096845,-0.0142828695513228,0.0246913516215279,0.0232626175602381,0.013194888131164,-0.1308197204756928,-0.0633762859208951,-0.0103257900426338,-0.0524761443642111,0.122678802557792,-0.0472698431232595,0.1580051382048948,0.0953859129739549,0.0953544334279592,-0.013056128570893,-0.0697142891467117,0.1627097772323893,-0.0788202949000884,0.0900507591227537,-0.0574051773989255,0.1174495287797916,-0.0983564156833337,0.0905924506679562,0.0428785950158867,-0.0205468699172315,-0.1035715352462073,0.0879915960665846,-0.0993910069755815,-0.0845007503570711,0.0698261472081009,0.0218093722329553,0.3243493999687645,0.1577905220089304,0.1181889129198037,0.1126665787882787,0.3591613016970674,0.1111219425823351,-0.1982144235897452,0.0452756857875022,-0.0512951528159045,0.278542621511344,0.0663714122221219,0.1946723001572545,-0.2604839172886215,0.3715230992240346,0.1030143230392257,0.4478805949493449,-0.0273668443013814,0.153568264701442,0.1659501681462023,0.029485756536264,-0.0552839801041122,0.0112372271103666,-0.0833130342383479,0.0586094144613313,0.0960768025270377,-0.0166842990059321,0.2674414544037813,0.0625257198643196,0.2153190944769074,0.1672144182919495,0.0545381259024613,0.0442855045908516,0.037325736117296,0.2603859345770669,0.1661460778461982,0.198638451285166,0.2549207257658361,0.1677788998396967,0.3105344196947592,-0.3976081111961429,0.0571452826656566,0.1725024572356823,-0.2199274247854743,-0.0866212071175557,stop,2375,2,67.21919473960156,-0.0495883861367583,0.0078519007429887,0.06029165795531,-1.0,0.1583415262060398,1.2158423101133708,3.0272977397953853,2344,0.4005418032077075,7,0.0662344945131658,-0.0316078289104924,-0.1161282897046452,0.0,-1.2352719516107853,-0.8347301484030855,1.318288431157628,0.0967758570893781,71.44886953310674,67.21919473960156,81.34376630760698,2.458509557470864,0.0281881749823007,-0.0534401640707745,0.033510995341704,-0.0100019036047107,0.5088776629603011,0.0100260754325356,1.0,-0.0088004347453587,2026-02-26,61.0,9,0.0926031048714604,0.0740399911292797,False,False,True,0.0,0.0,0.0,0.0270767380892463,0.8923006952160665
SNPS,Falling Wedge,bullish,1,0.8395199710484408,3,25,1589,1590,2023-01-10,2023,1,329.6000061035156,319.31166488692634,364.3198199625881,311.4474613150371,0.8140510866113153,0.0322203738477031,True,0.0183859145824485,0.0202727078250558,-0.0370480213467635,0.0436350930122062,-0.0462180179353177,-0.0012138667735331,0.0380768024158075,0.0029919927152926,0.0781573243900148,-0.0241651982553644,0.0597294665307226,0.0466027801007551,-0.0051642981755286,0.0177187461657057,0.0120865778397067,0.02121712538683,-0.0003405082839551,0.0753393695958213,-0.0095571531061948,0.014174846944337,0.0154801931426942,0.0285744210938121,0.001882030809596,0.0596783451028779,0.0389764003373911,-0.017543494183084,-0.0077170318027712,-0.0823255476050125,-0.0885293997970282,0.0211576439305918,-0.0018253433051493,-0.087285041868493,0.0173844544979029,0.0417661228999737,-0.0049984301872125,-0.0007732104102837,0.0268521054976786,0.0531328584559065,0.0961721601312599,-0.0429943049158539,0.0067186156155476,0.1252974853096051,0.0346035488336313,0.0868707417922669,-0.1480403183177561,0.0582821643742919,0.0940533963165766,0.0470911068370121,-0.0161272325867294,0.0702516967681972,-0.0552925929461092,0.1017619524740887,-0.074012996314716,-0.010036352168214,-0.0574244771336883,0.0698561644978119,-0.0559428559503284,0.1327024758311843,-0.0530100886597425,-0.1016664878193299,-0.046018441989327,-0.0959405200662424,-0.0214543128823743,0.0770781251921277,-0.0296493010650766,0.0514832193808882,0.020984918305035,0.0445029176430773,0.09645110579105,0.098058272832884,0.0997664574872276,0.0298558073693107,0.0898857226319149,0.0406935525910228,0.2326196712046215,0.013513536734218,-0.2017225059942784,-0.0757068626222572,0.2024087650642489,0.2466647890623039,-0.0056317601393276,-0.055810388001148,-0.0230943211969339,-0.1141824155395286,0.156699736715842,-0.0142640714816184,0.0716039994782862,-0.0220667709158943,0.0626539391885712,-0.0886643454465625,0.0230410441740602,0.0696334166890414,0.1405340002016604,0.0933125451851393,0.0993757854704382,0.1742043163914306,-0.1536945411920156,0.0583863691850143,-0.0553132539640854,0.1593751872048454,-0.1243113808684684,-0.2198627546721814,0.0590796080760642,-0.0064807911613807,-0.3616879712731923,-0.0684596571618829,0.052136739095052,-0.3000806208392957,-0.0010674456232556,0.0677366726205477,-0.052459429162542,0.0571961698975633,0.0625380482959701,0.1529911864802233,0.1605538883617179,target,1604,15,364.3198199625881,0.1053392391266163,0.1213894978978888,0.0061893461988627,1.912669229777044,2.204097536420423,0.1123814081547802,1.912669229777044,1563,0.7441040717075725,6,0.0129532560758037,0.2095727446169493,-0.4580620346712821,0.0,-1.0066818776235011,-0.2625778059159335,0.2363861924431876,0.1149470704643391,319.31166488692634,311.4474613150371,364.3198199625881,8.520002092633929,0.0290013122633061,0.0229761511911066,0.0260049506017661,0.0692536175943632,0.7921485710258308,-0.004264502519959,0.0,-0.0023048235307066,2023-01-10,25.0,15,-0.0047240935509087,-0.0524779629208165,False,True,False,0.5714285714285714,4.0,0.2857142857142857,0.0075294575418687,-0.3720354615551287
SNPS,Falling Wedge,bullish,1,0.6117961615486557,3,27,1669,1670,2023-05-05,2023,0,371.3900146484375,369.929445750153,398.3615705780164,359.7050803607202,1.121767072254025,0.0039482363868674,True,-0.0068661466651459,-0.0035245952210715,0.0765912846567018,-0.0589726069202162,-0.0415971232028897,0.0096923852599197,0.0067353915938686,0.0196981331879908,0.0399046262454798,-0.0097981614779294,-0.0585471675081072,0.078315492843846,0.0013504662912835,0.0643185630223837,0.0127617461287823,-0.0366563755646862,0.0521925758747197,0.0218923002720909,0.0380859644935502,0.0280382388869855,0.0328440068329509,-0.0184327357928616,-0.0197869969213391,0.0999218715847578,0.0862405689689962,0.1324712599303885,0.0426261053916794,-0.0105694650657884,0.0301582158559905,-0.053075480910967,0.0563900762860103,0.0154366200038025,-0.0124864536067441,-0.0370251595417132,0.0099553303381925,0.0336917538547585,-0.0932176738822789,0.0785393588604452,0.0580756440033782,0.0840890722978293,0.0472125263489906,0.1892290279103741,0.04904850352207,-0.0164016180990066,0.0062235142913564,0.0694033136953194,0.2120950642365453,0.1778793818822213,-0.2161070724758371,-0.175946387800273,0.0628198863712812,-0.0099484816974547,-0.045858075320306,0.0635019384809847,-0.0031386436993009,0.0428908463170196,0.0857014670300839,0.0094594182194889,-0.0656282577435423,0.0380532134343827,0.0487789371807731,-0.0516654338195951,0.017696841252534,0.0527366008290435,0.1904607270185232,0.0632021499700412,-0.127649686641476,-0.1016664878193299,0.2182103892821932,0.165190159040792,0.0881723585351301,0.0668317543975136,0.0510891451693997,-0.0084955944071964,0.0799315293386562,0.3790316206903283,0.0149671244481388,0.0288239247269679,0.1379867375432861,0.0255416380487849,-0.0160729449548229,0.003517008046876,0.0045056802847762,0.1510206805672571,0.072626706090511,0.0796747802072748,0.0412277372756806,0.0278666344157152,-0.0455731193070984,-0.0151166847421575,0.0441649271616606,0.1090126947907144,0.1879156015904408,0.0938844168267076,0.0183767181007301,-0.1650867501211809,0.4020093429453213,0.1083152164273588,0.0987004367217465,0.0998667739880101,0.0334500720142418,-0.0908429511291087,0.0146343638893613,0.0284318415284552,-0.0099240917568959,0.0407695894521851,-0.0859178778404761,0.0035395836851619,0.0023591263504034,0.1424166361490886,0.2230219295710043,-0.2715398744920043,0.0226810476702841,0.0528639846137299,0.15450934570207,target,1678,9,398.3615705780164,0.0726232662854722,0.1064110165995766,0.0159671045517279,2.3082334282299133,3.38213190083693,0.5074930716206739,2.3082334282299133,1642,0.5324964157093715,6,0.1646228477552252,0.0209506358713291,-0.1506137103386587,0.0,-0.7850767904739199,-0.2525803747645523,0.5301789660487194,0.0797823811525247,369.929445750153,359.7050803607202,398.3615705780164,7.130000523158474,0.0849495001045133,-0.001688933207112,0.0191893652976841,0.3217602252510256,0.8553095638662367,0.0046369871520179,1.0,0.0084069891547384,2023-05-05,25.0,15,0.2848664362037731,0.1157639671925274,False,False,False,0.0,1.0,0.0714285714285714,-0.0201868704271207,-0.660748797292667
SNPS,Falling Wedge,bullish,1,0.6077615714827656,5,63,2028,2029,2024-10-09,2024,0,526.0800170898438,515.0527751484865,629.5337564437127,441.8908055623372,0.9162397177488416,0.0214099262705227,True,-0.0470080789670153,-0.0583493452590242,0.0293203648467756,-0.0037131007713606,-0.0049652244608926,0.0171144840196746,0.0224265933942344,0.0315488792033278,0.0389839020399458,-0.0150474713801759,-0.0820204107516836,-0.0097141185297899,-0.0061115551761976,-0.10015531022311,0.0427778924795325,0.0249555734227435,0.1096925062980018,0.0049542604624079,0.0005653898737449,0.0075884859970265,0.0003263782337152,0.0379865245436161,-0.0543337811430921,-0.0621008446746514,-0.0659565465243762,0.0467264903336179,-0.0289185509255727,0.0552217704819548,0.13443197592065,-0.0007059532904533,0.0916929595365809,0.0399630710406899,-0.0025511283456109,0.0093721211595521,0.0088377316743142,-0.0225407358379302,0.097322061752523,-0.01340106369026,0.0949877062583279,-0.0902243711890243,0.0714385191728499,0.0638688570630019,-0.0077326129454711,0.0262842432757799,0.0691875457763671,-0.0942638765357458,0.0514560645621249,0.0249351991258353,0.0389824098600815,-0.0563824779008964,0.0664842354008841,-0.0552854455405178,0.1301989773951757,0.0712745173571918,0.1093135085230314,0.0665079803972295,-0.1323341760184883,0.1008054647435265,0.0160790163304564,-0.0859620003031814,0.0181079231292859,0.0181079231292859,0.006574747957369,0.071906874997496,-0.0385833740234374,0.0199644351060661,0.0008627776503287,0.0748252288762032,0.0293836372087703,-0.0205102621502106,-0.0741601727798395,-0.0227413613075516,-0.0531901637144877,-0.0158729652875924,0.3783541266168697,0.0370975298634006,0.0634425699250804,0.0899799635695315,0.3023933148656998,0.0700614908074075,-0.018331303194034,0.0078217336269834,0.0216796961995509,-0.2141868093012959,0.0052589654155401,0.1355069782212981,0.0035790144471252,-0.0138431070573995,-0.0318056637486857,0.0909407189414865,-0.2160716085686281,-0.0515139181662256,-0.047559342150373,-0.0850635719443708,0.2067695559824243,0.0602042918359355,-0.0970496059393365,-0.0674096243603886,0.117935241915664,0.2037988916028323,0.0409123481212134,0.0788651665602859,0.1361376906444191,-0.2099832388941636,0.2426637023627886,-0.1399548628933238,0.0041082384423196,0.059025067086684,0.1446625479464596,-0.2400328422500599,-0.1035455647926527,0.1316726051114423,-0.3622779109214226,-0.0385571369824627,-0.0559565701793059,time,2088,60,501.05999755859375,-0.047559342150373,0.1271859241388071,0.0897962652397905,-0.2971879541011662,0.794757094531883,0.5611172725678599,1.2288241863396976,1965,0.4182616991809482,5,0.074541458241531,0.1540094601599526,0.1648460305322179,0.0,-0.6867440272545154,-0.2684823280735698,1.0492979845425543,0.2347252605520072,515.0527751484865,441.8908055623372,629.5337564437127,12.629281180245528,-0.0352238159217448,0.0350617813213034,0.0238738774673828,-0.0574274033647149,0.9000697046266446,-0.0007532730243381,1.0,0.0441727380811511,2024-10-09,4.0,17,0.0859158029337443,0.0720807970791892,False,False,False,0.125,2.0,0.125,0.0622069479953037,1.1102381237764696
SNPS,Falling Wedge,bullish,1,0.7719243552123621,3,27,2256,2257,2025-09-09,2025,1,427.7999877929688,602.4358194126467,649.9247919641584,583.2163986456208,1.6584757749382686,-0.2898828821133868,True,-0.0042776685939301,-0.0140386709242704,0.0398143783998616,0.0302190879263595,0.121790601117683,0.014604629724181,-0.1096295798763875,0.0191782924240155,0.0560394341467862,-0.015968900958338,-0.0462180179353177,-0.0051642981755286,0.01177912987083,-0.0283613994231751,0.0189871061061988,0.0004016964934594,0.0055109949343801,0.027933340392757,0.0417119119644513,-0.0368452422808657,0.0797058103218961,0.0335684144856338,-0.0172305380768742,0.1461431073287131,0.1286576467459201,0.0052595368086885,0.0408861699092202,-0.1159846683935907,0.0542218560038163,0.2177574708006464,0.0698323082280365,0.0528835012707629,0.007588545847033,0.0956923264723557,0.144293822522054,0.0926096412523529,0.1598434155078134,0.0197492721971432,-0.0530025398908697,0.0503906205924387,0.0159502602275185,0.1020279398656804,0.076292124048902,0.0034058084992127,0.1051697551211383,0.0888997489841954,0.1169471720590804,0.0903948625885719,0.0669082194297765,-0.095847634686596,0.051352363974322,-0.1291959440877076,0.0154783153197926,0.0412156866185746,-0.112572607905234,-0.0354450507015188,0.0536512905919084,0.0061495985109205,0.132043085977515,0.0953034435116526,0.1130490821561833,0.0303774243992256,-0.097967329850501,0.0582221252649843,-0.0238212701499173,-0.0228632875366729,-0.0980711705302497,0.0480814888294247,0.1121447806022863,-0.0267648013468254,-0.0627063864893665,0.0330268529401527,0.0552368186553413,0.0773084319101431,0.0751310049471669,0.0216796961995509,-0.2083388622457582,0.0333757001521082,0.0733400736655247,0.0343402050592815,0.0590059077448998,-0.0592965383252886,0.0756119792291312,-0.1907338103735129,0.0016861855285787,-0.0002627991557953,-0.1133336085994144,0.0287300431248727,0.1213869737026627,0.0087389480331057,-0.1547121358965349,-0.0253608546616362,0.0903226174637881,0.0411103613041838,-0.111111136363137,0.0613314720203836,0.0624580485760342,0.0963470358480071,0.053815942379702,0.0083333121405706,-0.0349812517803624,-0.0221359104786104,-0.0584563828904931,0.222287795539855,0.1316272813982333,-0.1056333278651309,0.0365838465344805,-0.2578780711693218,-0.0640032237819745,0.0675904041907971,-0.0317937608269182,0.1403594173093956,0.0164563902895178,0.0835603295199196,0.0755847069342407,stop,2257,1,583.2163986456208,0.3632922283482269,0.0043011381673043,0.1097709041492637,1.0,0.01183933437514,0.3021559383429609,1.4292236125680635,2228,0.4738053330614215,6,0.0875562026873314,0.3473421871134372,-0.0588981749957359,0.0,-1.1171378515918733,-0.6433325185304427,0.9542328068432316,0.060991168368889,602.4358194126467,583.2163986456208,649.9247919641584,13.67000470842634,0.1794748598673672,0.0150348047632233,0.0226186025429269,0.4060020624302243,0.1509275953457669,0.0030537619021708,1.0,0.0226600706044426,2025-09-09,22.0,10,0.5502259098772371,0.2277332742834812,False,False,False,0.0,1.0,0.1111111111111111,0.0034410545207908,0.0908506400845166
SNPS,Falling Wedge,bullish,1,0.7157619929551576,8,62,2404,2405,2026-04-13,2026,0,424.8299865722656,404.1877609564335,529.655520692163,375.0941017025814,1.451687524246038,0.0510708824210466,True,0.085022307220353,0.0544417719093641,0.0096078760483686,-0.0193951042242982,-0.0124381110577499,0.1096925062980018,0.0218923002720909,-0.0293123601155462,0.0318417933844807,-0.0212416553708771,0.0360089699245442,0.0974580098738258,0.0324172756302225,0.0191782924240155,0.0254095698013716,0.0122060930626615,-0.0408265129357525,0.0331143085109564,-0.0351082352445734,0.0071437117184212,0.0197334224719798,0.0315198216203256,0.0685772086157296,0.1735047532011204,0.1335449253340337,-0.0010749803767726,-0.0500924598248485,0.005396571528093,-0.0820888618189792,-0.0271679908969041,-0.1328412660175164,-0.0863985695429141,-0.0268621056904265,-0.1018928545316363,0.0273247112250405,-0.0573511446084532,-0.0277081131847695,0.0622146960493203,-0.0670197492873799,-0.1122721174278704,0.060608632036428,0.0079340719650842,0.0152394362964305,-0.0471909769465413,-0.0515900254025432,0.2081464080239784,0.2150507703240949,0.1400024614061568,0.0692024794956533,0.0995998590125533,0.0704125814843128,0.0351994770822103,0.0354702503106805,0.0289295459557235,-0.0616242304779085,0.0669082194297765,-0.0154372200704638,0.0514560645621249,0.0582221252649843,-0.0080633021715926,-0.0177158365816563,0.0592219402365794,-0.1047638148623066,-0.0454251681883224,-0.1842389597283062,-0.1099578936910664,0.2209406580927564,0.0650819866232124,0.1993798322351476,0.0951910263390205,0.0234145160662748,0.026297764083258,0.0783146548530906,0.2237381319881939,-0.0039105975595526,-0.0435867307403909,0.031225389483132,-0.2443934519213983,0.108542661919893,0.0888063000038903,-0.1030172413793103,0.0287145450736738,0.041819804082797,0.0898812968823052,0.0320566925652467,0.1803984926669988,0.1232882707986682,-0.125714593244876,0.0831687782283594,-0.0720902620228665,0.2010515073849919,0.0579614556817153,0.0436410072992061,-0.0522693447573547,-0.2034436221496071,0.1672120023659611,-0.0311759830680229,0.1494879618943572,0.0153050240405001,-0.0624150686451995,0.0349012302827993,-0.0111857207982357,0.0192335977087114,0.0555179222591024,0.0784133512555096,0.0531860772724328,0.1002611025869724,0.2485760886508368,0.2059087583539176,0.1321795625609709,0.4447497025642128,-0.0721020134127869,0.0858821775905041,-0.0193231472569989,-0.0259174429035907,target,2433,29,529.655520692163,0.2467470221809919,0.2572323099436104,0.015606182649036,2.1076438952389527,2.197206284066876,0.1333036374562528,2.1076438952389527,2342,0.6129653995377429,6,0.1367845997558023,0.1461291736595815,0.0172629174014908,0.0,-0.973532705935443,-0.360567306397705,0.3682822522312988,0.2026394370742655,404.1877609564335,375.0941017025814,529.655520692163,16.23786054338728,-0.1378111469530241,-0.0114339608597207,0.0388679440132208,-0.1375694435388269,0.978582395936085,0.000662884387361,1.0,0.0387802066761975,2026-04-13,26.0,18,0.1404373533891356,0.2298737093042018,False,False,False,0.2352941176470588,2.0,0.1176470588235294,-0.074489955373741,-0.3743024181278699
SNPS,Falling Wedge,bullish,1,0.7417094777654853,3,34,2466,2467,2026-07-13,2026,1,426.1900024414063,442.10736083984375,548.9031372070312,422.0579223632817,0.4115882058774501,-0.0360033779310985,False,-0.1119923290384791,-0.1002466516543743,-0.0400343209888359,-0.0941057155494098,-0.0693660436486788,0.0033799740689344,0.0024487001814792,0.0414499953480353,0.0267718701619725,0.0210024179455363,0.0155315838818648,-0.0331101124874453,-0.0050392021003474,-0.0068121487792385,0.0335684144856338,-0.0222030711413194,0.0590072656458746,-0.0100785195322915,0.0619549771284482,-0.000158854810158,0.0325314574869701,-0.0097981614779294,-0.1123393543294338,-0.087285041868493,-0.0715442117932645,-0.0056267153739996,0.0181022104935171,-0.0007993649434173,0.041299106207387,-0.0174409359607869,-0.0902243711890243,-0.0007691994691506,0.0767533389359558,-0.1071045912535676,0.0436696588406062,-0.0299393150175284,0.0799034471530655,0.0233375924191565,0.0328134042169501,-0.161032394372377,0.0767533389359558,-0.0289708175332664,0.0270298202321479,0.0024711453408245,0.0879596801192124,-0.0906942937575761,-0.0340458708146723,-0.0635035381029535,-0.0507093834117221,-0.057838632298391,0.0170947427959164,-0.0399813529382417,0.1941752482935326,0.045564032297293,0.2038641616784211,0.1640202329599658,-0.0417324572758464,0.0020486224133571,-0.1244581212616062,-0.0616242304779085,-0.0340458708146723,-0.0996716339324336,0.0237719756598597,-0.1067916127002041,0.0175205645555269,-0.0671224032514929,-0.1025101395519989,0.1133748435677488,-0.0337933001300275,-0.0801520529961419,-0.1001944673552175,0.0463780987507118,0.1981621269707207,0.0146871406041504,0.1754665111254354,0.0692143031529017,-0.301257126010949,0.0087991589592089,0.0087991589592089,0.0175147787291518,-0.055237398137299,-0.0624257372060347,-0.0840777054573725,-0.1125725397629122,0.0748710677273229,-0.0259037808068285,0.1213869737026627,0.0163178374636423,0.0748710677273229,0.0486775322923667,-0.0985848751662541,-0.0869063826769998,,,,,,,,,,,,,,,,,,,,,,,,stop,2468,2,422.0579223632817,-0.0096953942008357,0.0195922148705577,0.0121776728963036,-1.0,2.020775480059265,1.2560265878878747,29.697666174301222,2431,0.6919148848685099,5,0.0172308739174007,0.256529033854705,-0.0533782516039239,0.0,-1.3277222001291171,-0.635807315260609,0.3602489138054887,0.1517323938716998,442.10736083984375,422.0579223632817,548.9031372070312,16.28143092564174,-0.0476575038893012,-0.0921791079184435,0.0375303827641902,-0.1567960202168503,0.0514634898404409,0.0074971859436376,1.0,0.0180817657012042,2026-07-13,26.0,18,0.5625033901876149,0.3326199154283926,False,False,True,0.0588235294117647,2.0,0.1176470588235294,-0.0176384743826904,0.1167468328950418
SMCI,Falling Wedge,bullish,1,0.7195837546634275,3,42,691,692,2019-06-18,2019,1,1.840000033378601,1.7521991545324127,2.476640668363201,1.6830643946581532,0.6774678470018373,0.05010896085589,True,0.0353260526261061,0.036610777139408,0.0994949620228107,0.0678449719164926,-0.0079625922942829,-0.0277777777777777,-0.0454777057797468,-0.0068991520468127,-0.0188287424080049,-0.0411706659529875,0.0059336141977444,-0.0655390996891082,-0.0837103799032773,0.024109618304527,-0.0671037518524469,-0.0347277651903192,0.055702271544521,0.2302635634799925,0.0063564343735447,0.0005025360428387,0.0132129679321684,-0.0129365375194726,0.0307617141560859,0.0353260526261061,0.0171353393948707,-0.037623772285999,0.0169772196227082,0.0026109636194406,0.1510791656893362,-0.0176942570852238,0.1286956565006016,0.0296796160793353,0.0670107574655167,0.1315567128023436,-0.0510168909823044,-0.0368487167590562,0.1486664833775282,-0.0272108593449273,0.1350898057400822,0.1000200025506352,0.1538461339295307,0.0281250476837158,0.0625820692036156,0.0116550562189903,-0.1558341814525522,-0.0067422480025597,0.0195652242925981,-0.0031253040905021,0.0335661527261468,0.1188888352201809,-0.1218477254808673,0.8850227783272919,-0.0361539031998817,0.1588989688086743,-0.0637565975877211,-0.1367974666851131,-0.0542635157463462,0.1418603789812849,0.3573557816503021,-0.0702564515760263,0.3261028927605882,1.141142719504172,0.2957354157498399,-0.1562825953186807,-0.0355805340433146,0.1391662447441686,-0.1132075063032641,0.0193587088299755,-0.1218824047754723,-0.0869565668088042,-0.0621087348050476,0.1782656667934035,-0.2386831554006706,0.3783303856384443,0.0959596239344315,-0.1181959784632259,-0.1361649140543476,0.0708927747720578,0.1606014401028173,-0.0736086735392282,-0.0622139346448699,0.1507441853278144,-0.0993327991154653,0.3941175406366926,0.070511199819448,0.1079245294562094,0.068320627069053,0.3933332761128743,-0.0944444851620199,-0.4934027814264159,-0.1895558478755524,-0.1151265008078767,0.0336956064704467,-0.0011883888692336,-0.1138880554490872,0.338473561491897,0.364247892527646,0.4640260423773414,-0.0490120557083323,-0.1710145346183427,0.0106383120061028,0.0492297985625902,0.1419117330602506,0.0688259410221943,0.1584052571298204,0.1152090207477767,-0.117307630586904,-0.0667443502522376,-0.1369648208333267,0.2029188376441728,0.1078136541123131,-0.1652277578221689,0.5248194162230926,-0.1090452294419388,-0.0471701451391962,stop,723,32,1.6830643946581532,-0.0852911064530164,0.0869565020211481,0.1304347854255502,-1.0,1.0195260166902531,1.5292894048384968,4.056698912849608,648,0.7323514925411896,7,0.1354733954682823,0.1016525141699076,0.0563693780170555,0.0,-2.3056198540878223,-1.5732683615466316,0.3004424270049337,0.1360202713361572,1.7521991545324127,1.6830643946581532,2.476640668363201,0.0702857289995465,0.0404062301596073,-0.1027191385143283,0.0381987650676767,0.1051051504714819,0.2666666666666645,0.0111111670364585,1.0,0.02975883574864,2019-06-18,54.0,20,0.244155302062722,0.100107468770912,False,True,False,0.0,1.0,0.0526315789473684,-0.0998983546756653,-0.5233025932778864
SMCI,Falling Wedge,bullish,1,0.7959891613436204,8,53,1020,1021,2020-10-06,2020,6,2.6679999828338623,2.6049155524613887,3.2725941444622397,2.4266876647730093,0.7247276451783109,0.0242174569969706,True,0.0438531123499306,0.008333310891053,-0.1351550842754545,0.0697060978290207,-0.0345555626104928,-0.117777771419949,0.0282839874825044,-0.1904762301225139,-0.1326341928119374,0.0218615381164886,0.0355397020296692,0.0472312768932792,0.0079999923706055,-0.034452810227496,0.0397699995366431,-0.0810113835642256,-0.0149498079062516,0.0697060978290207,-0.0558411082301827,0.0572289340484646,0.0864770775464132,0.1652813287341517,0.0522415082875427,-0.0059970136911066,-0.0215537663820976,0.1663244013804035,0.0805665855368054,-0.0510168909823044,0.0070546668985536,0.0130444430369038,-0.0187546715645322,0.0891089447806041,-0.0067415133161872,0.1264821985396695,0.029350076948722,0.0579010940510136,0.113066609700521,-0.0290696943732474,0.2171187465008996,0.0289229709421223,0.0736585494636572,-0.0410707695761807,-0.0347938263108413,0.03595369640914,-0.0741781224593918,-0.0451433884714231,-0.1300599272430135,-0.1238785652564278,0.0578050857258245,-0.1879300874411843,0.0072443047079273,0.0935672530927025,0.0067113802470089,-0.0449374795441024,0.0153791068580815,0.0466392872298064,0.2123823125113793,0.0054160198462158,1.1424766683351986,0.2333744326456117,0.2666835543475576,-0.0158730008554686,-0.1618987394489692,0.0519480811019523,1.101168132341512,-0.1561009117343033,-0.064759010819021,0.2722944988168221,-0.2741394716412411,0.0922039179464762,0.0074114925739605,2.1262697532817345,0.0458666483561198,0.3511736461743111,-0.3530389845421253,0.0948905071380694,0.0669845581063148,0.2880493352720439,-0.3683333274645682,0.0069030716438429,0.0549597141807223,0.458149754423919,-0.0944444851620199,-0.1653845554272782,0.068320627069053,-0.2789490886393724,-0.2378352766135341,0.0336480119953805,0.0034929988334859,0.1455223346160192,0.1396761887099993,-0.0270921536511296,0.1866566378351166,0.0761816912621007,0.1425295727397109,-0.2003967777161127,2.437008877623944,-0.364199669569152,0.0974060461640984,0.1957446917880254,-0.0345113199127764,-0.0752202349657258,0.4677229392688586,0.085198578577686,0.364247892527646,-0.149064199140705,-0.2517241362300697,2.264228341127648,0.0769846235256901,0.0,-0.4268826966787989,-0.4968491038686848,0.2939698670067625,0.812267112535908,-0.0752663824050809,stop,1034,14,2.4266876647730093,-0.0904468964068504,0.0565967105921028,0.1004497335797467,-1.0,0.6257451923780581,1.1105934815927934,2.505442600223638,961,0.6881124261576392,7,0.0883539871247078,0.2096069987202438,-0.233300194510482,0.0,-1.0270291589810123,-0.3389167328233719,0.398411239739701,0.225839143397546,2.6049155524613887,2.4266876647730093,3.2725941444622397,0.0909285545349121,0.0246024481268944,-0.019702093292872,0.0342997185023967,0.3071991473362077,0.1733333757188364,0.007100080025246,1.0,0.0091856722488332,2020-10-06,45.0,14,0.2381935835053323,0.0542429553400618,False,False,False,0.0769230769230769,1.0,0.0769230769230769,0.0730024854730783,0.5132468012907762
SMCI,Falling Wedge,bullish,1,0.6725746753699554,3,27,1370,1371,2022-02-25,2022,0,3.954999923706055,3.946949187932887,4.678973618610883,3.515166560808815,1.0567644905836162,0.0020397363608788,True,0.0510746258003749,0.0507508670820666,-0.0354793549415279,-0.1210849235757965,0.0077519194434421,0.1221374798715064,0.0401155335445995,0.1122881176142269,0.1169283948511157,-0.0197038906473243,-0.3763924502990223,0.0052355971926774,-0.136411355742326,0.0356991129653743,-0.1231929508420889,-0.1575465824818257,0.0706839236531957,-0.1351081936330103,0.0058823941900663,-0.0209310181291048,0.0299999713897705,0.133294189565456,0.0733663301009047,0.051580278159435,0.0792637799302165,0.1413043478260869,0.22564533287708,0.0160125665482362,0.0167056034296708,0.1015568304207246,-0.0656154379792437,0.0944326574640008,0.04448743049891,0.1937015827323587,-0.0277778605620033,0.0909091106131054,-0.035203760172863,-0.0125025206885721,0.0872219397449012,0.0554662827437455,0.0139432790272275,-0.0003774210955991,0.1213139559061204,-0.1562073522859846,-0.1437908635925804,0.0135189929866689,0.0616940487345669,0.0106183115653593,-0.0159999847412108,-0.002074736208648,0.3840152859358818,-0.2050000045849728,0.0451866428641556,0.1177685282756544,0.1855433375177331,-0.1527573014415091,-0.0557827030894478,-0.1092231687435435,0.8300711844923729,-0.0232240706357389,-0.0544110113362176,-0.1608173171772413,-0.0353159950146588,0.1420275507337176,0.0817518138084378,-0.0716194865067958,-0.0336811056277758,0.2443946509562724,0.0061514432607437,0.081668763705301,0.0867351716215548,0.135330981584149,-0.1065728192984271,0.1006036259773603,-0.1762500335276113,-0.0698344123819053,-0.0318506985438911,0.0794117761639072,0.4348198766014122,0.010183879060071,-0.4516504008563022,0.2058903114921269,-0.4441738957944123,0.0481761749572995,0.2711464713552349,0.1469304602250369,0.1569627848778223,-0.1907407762255355,0.0186046586129235,0.1113989840526994,-0.0586324685028674,0.0721810397138465,0.2472819678629831,0.325695451694409,-0.4863735467382883,1.0673597564480004,-0.2289365684725027,-0.0260935022645024,0.1052631528144349,-0.0827880432741843,-0.1550264711733218,-0.442222206680863,0.1391012457535105,0.2303999582926432,-0.2385321487211305,0.2307692307692308,0.0869037601105964,0.0482671428290097,0.0702926057178598,0.1500000458497283,0.6289341634470831,0.0442122354732359,-0.0551180584992845,-0.0576521866854076,0.1958439396131907,stop,1399,29,3.515166560808815,-0.1112094491483811,0.10214925160075,0.1231352712896041,-1.0,0.9185303261817032,1.107237489552807,1.6460181422707862,1343,0.3676296632587597,5,0.0275137703303617,0.101646413697594,-0.1614320183548093,0.0,-0.8837189453847571,-0.5160892821259906,1.4178921826099264,0.1594773473316808,3.946949187932887,3.515166560808815,4.678973618610883,0.1255714893341064,0.043300799777926,-0.0379871218954431,0.0312600157165139,0.1486989483742982,0.9935902138429372,0.0035723852267595,0.0,0.0150960371106931,2022-02-25,32.0,13,-0.2229942308510475,-0.1624786255236732,True,False,True,0.8333333333333334,1.0,0.0833333333333333,0.0167931870287583,-0.0673622472076106
SMCI,Falling Wedge,bullish,1,0.646545032082311,3,37,2347,2348,2026-01-20,2026,1,31.65999984741211,30.12000083923334,38.01333448621955,27.76574176976945,3.024746541591977,0.0511287837074962,True,-0.0145293457577276,-0.0378353976559894,0.0641821837839031,0.0116958950177488,0.0945479754988856,0.0062861452633249,-0.3868613384273307,-0.0163933945676065,0.1865486887703955,0.3854748576293605,0.2211447271770892,0.1626719439183643,0.014044930651669,0.0385093389371078,0.0640287680320133,0.0201139597632886,0.0190865691842934,-0.0544662291261683,0.0421245453235461,0.072318633320471,0.0688722813982061,0.0730158796235938,-0.0688766638163354,-0.0628553310394544,-0.0773922043119048,0.0339228091646348,-0.1789250458542651,0.0689171841969724,0.2652056576067212,-0.0108948944190662,0.0300231205449084,0.0028518394187644,-0.1557066592709143,0.0160000013268513,-0.0523604641165871,0.3355081823092503,-0.0040485790880265,0.0407946494198563,0.0521326880338171,0.1865185149684705,-0.0108948944190662,0.1399254650803085,0.0356807376155545,-0.0939849593733858,0.2414098208709418,-0.1099590897402414,-0.0615919384819215,-0.0713616113656502,-0.2088516675018542,0.1252653656444511,0.0892721255671964,-0.0507372520759528,0.448169196774697,-0.0443548922050007,0.6162731308068379,-0.0989813299421654,0.0236578921107095,0.008460228809221,-0.0109536589262561,0.007194180437007,0.4448540733742232,0.136227913931215,0.8850227783272919,0.2957354157498399,0.1808925779686996,0.2447130713661895,0.0941652870251252,0.3424083628817034,-0.2380135784880805,-0.0413771153586869,-0.0145691513381683,0.1529833233216786,0.0880088044387994,-0.0425531507155994,-0.3436874203504586,0.2058903114921269,-0.0101387058005626,0.2623853862792336,0.0715631108353656,-0.0829383701501732,-0.2907130168069152,0.07039340744482,0.0190081997598212,-0.1110357179289264,0.0501089349515184,-0.3566443523171161,0.0549804307001071,-0.0812854123703998,0.4142372419997839,0.3638888806104663,0.0243902212094149,-0.0643192206888361,-0.1029690538406084,-0.1381727934751727,-0.4517381912974682,0.0470852099441287,0.2450153102572552,-0.0134806340363932,2.4335998156764447,0.1419117330602506,0.48859943681958,0.4646666844685871,0.2766666412353518,1.5620878633734785,0.1568627962184583,-0.3789204691549055,0.0852713006368426,-0.0356572187856588,0.4705489212915457,0.1270532830749426,-0.0328400738710437,-0.072703400149359,0.251475400635069,-0.3519813528881771,-0.3736452066660549,stop,2389,42,27.76574176976945,-0.1230024667217735,0.1036007199970022,0.3572330865588068,-1.0,0.8422653850620964,2.90427579283311,1.6314621455836713,2309,0.6239172578323815,5,0.0381240015535701,-0.3804850039666685,0.254848778300466,0.0,-1.0796942070443027,-0.4557769492119266,0.5161400555457599,0.2148350075646644,30.12000083923334,27.76574176976945,38.01333448621955,1.560000283377511,-0.2496927508019514,-0.039760812068684,0.0496657208199904,-0.3900970903415124,0.7880797044241644,-0.0438112846788011,1.0,0.0046007110123584,2026-01-20,26.0,18,0.2663705325949814,0.2210894799883889,False,False,False,0.1176470588235294,1.0,0.0588235294117647,-0.048369534209802,-0.0619698211038659
SYK,Falling Wedge,bullish,1,0.6200203712161212,3,35,961,962,2020-07-14,2020,0,176.3536631737821,167.82833381771115,203.55055547544555,158.33340050231487,0.6492585409781549,0.0507979145245571,True,0.0256259554352091,0.0175616605733135,-0.0484084947805733,-0.0107100643551669,0.0227725577825097,-0.0461356547846426,0.0033351495035169,-0.0219168117751988,0.0132901928677731,0.0486037774711489,-0.0111617809574642,0.0170951903085969,0.0103160835208662,0.037168984633972,-0.0241748334319116,-0.0138542825600465,0.0243877344704026,0.0146499865172577,0.0004294842562728,0.0312549882373691,-1.983402742045115e-08,-0.0346522573723157,0.0250114589492922,0.035055838290134,0.038901862021748,-0.0014225445629748,-0.0269233184725448,0.0359378298913304,0.047674595111613,0.0212706030883815,0.0695159035984229,-0.0034577789628824,0.0159546901388343,0.0308133637912735,0.0399849180659706,0.0713539324600163,-0.0576042086094844,0.0262337666287595,0.000212027759924,0.0222251349643547,0.1028812086622659,-0.043226613492571,0.0158399264966195,0.0676365743890616,0.0078923639264092,0.012916219546495,0.0064996098978955,-0.0257261514409283,-0.0260859084370732,-0.016000710337083,0.0149169061420855,0.0362532285011987,-0.0786967933463607,0.0391875638848828,0.0734882041521562,-0.0543487016311329,0.0428440909645542,-0.1963575763599033,0.0759909082252368,0.0156674826545748,-0.0104919485166514,-0.2174076332866455,0.0179122433010201,0.084624505657554,-0.146179938113807,0.0958430563104801,0.040289482418961,0.0773530285986645,0.0130595353587599,0.09435293449806,0.040446586227101,-0.0012598803713304,0.0344076517562272,-0.0117868912361499,-0.0644904609790011,0.0028351154244896,-0.0271743695447143,0.0766350199578926,-0.0472465361109116,0.0679205732066128,0.0614265103171252,0.011445333342847,0.0371847954562987,-0.0407008168840984,0.0028311106028906,0.1805003589478333,0.0342113309160458,-0.1938032916475103,0.0372422505995768,-0.0384061089258952,-0.0654675944871545,0.0915377294810063,0.1614532661229595,0.1003073789392314,0.0018803497520338,-0.0288067188279071,-0.0880636937694471,-0.0190453364864285,-0.0367179372693499,-0.0258402139543992,0.1265143252624494,0.0644382409174559,-0.074318466949152,0.235287348408282,0.0066947542433533,0.0105309502967521,0.1132393930817807,0.1187098860911193,-0.0079278567324495,0.0809565581751539,0.0373511910421966,0.0529952563596982,-0.2012740430159922,0.1351486743030749,0.1363656330765482,target,1006,45,203.55055547544555,0.1542179040242737,0.1553009819838884,0.0166224196597863,1.509239504301245,1.5198389483361672,0.1626737995588012,1.509239504301245,926,0.5576559642353626,6,0.1122613187247914,0.0498887195558146,0.1825729899640675,0.0,-0.911756520604166,-0.3541005563688047,0.4345762464800892,0.1817693996783081,167.82833381771115,158.33340050231487,203.55055547544555,5.025637863387884,-0.0588810215416795,-0.0236402168332391,0.0292757963032119,-0.1107302224775883,0.9624428392334764,-0.0034860545981068,1.0,0.0432286725439625,2020-07-14,56.0,13,-0.0088349492344741,0.0485804248310242,False,False,False,0.4166666666666667,3.0,0.25,-0.06834793494468,-1.596254503150647
SYK,Falling Wedge,bullish,1,0.618763408991173,3,36,1792,1793,2023-10-31,2023,0,264.4655590767834,256.2932301795354,292.29596967047814,244.38536179304376,1.4216510288539213,0.0318866358331948,True,0.0127048771809208,-0.0295899031384634,0.0485471132276449,0.0512172843374238,-0.0169826010672177,0.034144725256259,-0.0025956761743097,-0.1007547192271535,-0.0120697758826295,0.0500663094030775,0.0205917735891012,0.0198641836357449,0.0024536910808607,-0.0185853590226775,-0.0108176127999427,0.0369849429802155,-0.0292718696000264,-0.0108176127999427,-0.0332031571067448,0.0258101555513825,0.0276664569862146,0.0439513448785007,0.0063948973186317,0.0422758187915,-0.0281678154934703,0.019869032149502,0.0118839905725418,0.0384396590599238,-0.0361911468467138,0.0876423070182503,-0.0384595449175229,-0.0806018877349641,-0.0385400797890764,-0.0444613522752905,-0.041057730818119,0.0276466045898404,-0.0994177432600804,0.0246378189192781,0.0253340331187874,-0.0419716451267282,-0.017934852031059,0.0200028147900512,0.09207004597595,-0.0030887674828513,-0.1076966295104949,0.0523705724714387,0.0840361106574831,-0.0004342105684043,-0.0050004968280813,0.0354324455237746,-0.0468168535905439,0.067529868286899,0.0127153794930436,0.0039435857253637,-0.062307777175861,0.0797558557854714,-0.0143711416156652,0.0783495108238094,0.0485293062690161,0.019216170067478,0.0914088895810589,-0.0774799655852073,0.0306530295533806,-0.0166792387475681,0.0295108950214635,-0.0293858462074543,0.0383199702023764,0.0114718769843698,0.0692963374791269,0.104483358277607,-0.0372691398187026,-0.122780944071842,0.0381632789631067,-0.0883702836323133,0.0148561704049337,0.090737153463636,0.0793512684220429,0.0621147688061178,-0.0679975648509912,0.0668738972728821,0.0172581122369044,-0.0198557620035895,0.1137719754389592,-0.007351266843084,0.0534825575060278,-0.0563080603197369,0.1072440321449694,-0.0433923186083622,-0.1400335754818443,0.0757029360258088,-0.0445280004489272,0.0980364395563721,0.1612730625811342,-0.0154009749483257,-0.1289113443210243,0.0283309711637902,0.1113647521860092,0.0375228313826154,0.1271698524330571,0.3550531271094364,-0.247279013451534,0.0898260920748428,0.3335593262083887,0.0047368889827048,-0.1146652461574457,0.0300495543653021,-0.0027012335895946,0.1125845626084138,0.042917509794407,0.0973658119605962,0.0601418647585734,0.0606722976012448,-0.3351744377154337,0.00501653108458,0.1278940276571877,target,1823,31,292.29596967047814,0.1052326461367871,0.106830932710813,0.0170135178750472,1.38596300626145,1.4070131855197447,0.2240759616605352,1.38596300626145,1756,0.6011255110889999,6,0.1551247910688413,0.0302841206201567,0.2063354477758954,0.0,-0.9540201196564206,-0.3528946085674217,0.5249172589698156,0.1188442570172989,256.2932301795354,244.38536179304376,292.29596967047814,6.312336591694463,-0.0296024079201406,-0.0196376506731231,0.0239857522275472,-0.0756370645444688,0.7955548321759263,0.0110061420373672,0.0,-0.0080407494207271,2023-10-31,12.0,4,-0.1473071005278265,-0.0833653770392919,True,False,False,0.6666666666666666,0.0,0.0,0.0691523155749782,1.4199184743877715
SYK,Falling Wedge,bullish,1,0.6163344806929459,3,33,1927,1928,2024-05-15,2024,0,324.9478201332492,323.44323708487514,351.54444762067146,309.64706780457664,1.2249975367031234,0.0046517684584612,True,0.0103011796817198,0.0103955622147903,-0.0202573373360883,0.0333512657838013,0.0320939358018144,-0.0354647874565362,-0.0578211232255843,-0.0161525352539235,0.0248344840495,0.0009778002200537,0.0013644029706949,0.0364666964993878,0.0109141274358639,-0.0285835375854272,0.0555263954657982,-0.0140302516636696,-0.1262413193431697,-0.000736819921326,-0.0024871487555204,-0.0216398514474475,0.0133239102146012,0.098894247962243,0.0110845519609665,0.025662532718484,0.039382554140451,0.0200119649909911,0.0359975811323842,0.0532812830388969,-0.0758054016895227,0.0030853297615518,-0.0099034312144326,0.06711250870377,0.0410997122402252,-0.0072987348748664,0.0626936121431058,-0.0382128310751,-0.0780120688537894,0.0121034821100141,-0.0039369587512557,-0.0076566159187512,-0.0059030397743946,0.0547927003351289,-0.0106809073350733,-0.0687382661581093,-0.0044897640366856,0.0236855249797797,0.0331927568961296,0.0094701739783473,-0.1269666752435432,-0.1197504638249645,-0.0048221654553185,-0.0528439081632454,-0.0123268258287633,0.0481135166847521,0.0384749383276274,0.0465997580570549,0.0880600273951686,0.0119016793336645,-0.0322064574403313,0.0201051988657636,0.0759909082252368,0.0477099992560559,0.111647850960693,-0.0528712530610583,0.0769578303194908,0.0599707510206324,0.0052576973860962,0.0414169454648472,0.0196717892821366,-0.008031184465654,-0.0711805766631116,0.0035307976260336,-0.0233497283880751,-0.0214880830764397,0.0474012561021308,0.0391490269244312,0.0205671484338072,0.0372422505995768,-0.0676926624233238,0.0230354901532401,-0.0592494565595533,0.0886013332437067,-0.0298339650844928,0.1143234662221255,-0.027338688513257,-0.0134182992103645,-0.0318533248156595,0.077868547989659,-0.0127769793911339,0.0877460023460936,0.1009325468361006,-0.0257010184163843,-0.0181753537117873,-0.0278198822166174,-0.0817922702035167,0.1373787690857437,-0.0395193634605497,-0.0453398381977022,0.0919217901436442,-0.2984624967963116,0.0052577925768382,0.0792759502714253,-0.0529372376538301,0.0028493714568267,0.0809114600152483,0.2194739710764144,-0.0474723533433404,-0.1004917532432683,-0.0829556294328816,0.018626798831633,0.0901778891932123,-0.0270362602729511,0.0154865601409475,-0.2166424859392079,-0.005610886924206,stop,1982,55,309.64706780457664,-0.0470867978815745,0.0589156763199221,0.0491819910600234,-1.0,1.251214331203786,1.0444964039329745,1.738256192643679,1894,0.4284767516799933,5,0.0320696540309898,0.0268794697756271,0.8573082094751807,0.0,-0.8555082005196316,-0.4270314488396394,0.9802354390479016,0.0795690427865024,323.44323708487514,309.64706780457664,351.54444762067146,6.326289213718122,0.0834594624966433,-0.0315806876369935,0.0194692146175982,0.1838008208223922,0.9709582580349309,0.0049647348864947,1.0,0.0583958547847263,2024-05-15,41.0,9,0.1636499472965134,0.0521434963055889,False,False,True,0.0,0.0,0.0,-0.0458964201462659,-1.3203512155097183
SYK,Falling Wedge,bullish,1,0.6487792027978102,3,29,2145,2146,2025-03-31,2025,0,364.7877192078335,361.8892494633583,410.790312296519,350.09161623144905,1.246037938659682,0.0080092728611675,True,-0.0648542104218244,0.0303471260563882,0.028268655771553,0.0289230568176124,0.0491029135392842,0.0090912100967237,0.0131452808165692,0.0244686014322705,0.0022957621441663,0.0560069850960571,0.015274524730269,0.016074968826212,-0.006119587669412,-0.011747716696174,0.0250085022903046,0.0021609688615136,0.0220653330568501,0.0093023049000324,0.0644406603046234,-0.0210510156886977,0.0156101256185257,-0.0016347988387833,-0.0818885471922995,-0.0429743446056485,-0.0100924648849834,0.0841572969054662,-0.0069403622851211,0.0246139871677861,-0.0327206667763525,0.0176639057204299,0.0461720217159578,-0.0373556375050467,0.0080337867331399,-0.0398843892503335,-0.0844299663388712,-0.0012149249503494,0.0479164099251421,-0.0139839017845394,0.0542320007086378,0.1369609110198202,-0.0629359070760774,-0.0346247376666367,-0.0044264626640926,-0.0037866185019712,-0.0296746106085932,-0.0463629513300682,0.0044139053301428,0.0100286147483243,0.0421429119221448,-0.0498685016037554,0.0705439646466488,-0.0363499446489331,0.1452623995002293,-0.009161254083425,0.0750362338556398,0.0589608146481657,0.023323766545521,-0.0051627643800113,-0.1355276012607469,0.0854678496477725,0.0425612675778448,-0.0216492330719618,0.1173624410286764,-0.0689856728087944,-0.0794786027475469,-0.0092164349753514,0.0306999550542856,-0.1070977300513013,-0.0040292879096122,0.0300576488349741,-0.0242610559452556,0.0138918586657785,-0.0377233222843925,0.0530533080752124,0.1074949696846299,0.0561076752775717,-0.122780944071842,0.0014269788245837,0.0166437449877734,0.066987560967018,0.0711180449801929,-0.0363963439156378,-0.0687980518298156,-0.0048635413911364,0.0138366117914685,-0.052363204683512,-0.0579904377839564,0.0649182909102548,0.0086134096779959,0.111651886796251,0.0272506840742356,0.0184536898973404,0.0571637421875017,-0.0437042213564682,0.0430691779422465,-0.0057571001345789,0.0774188500292465,0.0104166236174716,-0.2011046078128239,0.0629690094479351,0.0282868627858798,0.1447347703520221,0.0904511220149335,0.0141649095663931,0.0297789292497003,-0.0420685655485932,-0.0453398381977022,0.0159538692104181,0.1071373215902418,0.0128732998761769,0.1304332848734626,0.0331329444873969,0.0550354054643287,-0.001095071767131,0.0291391823351505,stop,2149,4,350.09161623144905,-0.0402867262316237,0.0245336341760498,0.0662893296117853,-1.0,0.6089756222681525,1.6454384809195617,3.130257944069136,2116,0.6194294897852425,5,0.0945339547379268,0.0590770043032899,0.2398014433006656,0.0,-1.1486686802479815,-0.5292391904627426,0.4473830176357453,0.1004338109315614,361.8892494633583,350.09161623144905,410.790312296519,7.609049794334014,0.0282664349100942,-0.0280311832301444,0.0206929805286035,0.0372473925215455,0.8519354427593241,-0.0058570749424674,0.0,-0.0388804127313858,2025-03-31,37.0,10,0.0159139245294819,0.0366329566756089,False,False,False,0.1111111111111111,0.0,0.0,-0.0276945017710995,-0.8147887943003496
SYY,Falling Wedge,bullish,1,0.7026966270380904,3,15,962,963,2020-07-15,2020,1,47.05613543057439,44.97275644951151,51.03012564552108,42.47657117723605,0.6480172347388325,0.0463253566278905,True,0.0049029641491051,-0.0172053561193379,0.0085435542909628,0.0001465475938215,0.020913092137841,-0.0317406316073624,-0.0460075684602192,-0.0140106375568734,-0.0064650606774532,0.0078882044074886,0.0208638841520292,-0.0177613145933631,-0.0145678858058178,-0.0119418342810009,0.0163373549630563,-0.0016103001072544,-0.0162109966985533,0.0183776986299097,0.00491979056166,-0.0123496396201271,-0.0236859601427076,-0.0088153003428946,0.010261814306948,-0.0196113565400185,-0.0362788261975427,-0.0427733458441871,-0.0701442516919783,0.0514373482058232,-0.0155771961375995,0.0136171571495209,-0.0330220317070875,-0.0424330297435261,0.0150878219901364,-0.0205880811097922,0.012951447225489,-0.0398731174508076,0.004457898068036,-0.0088883504934813,0.0636538244244337,0.0181234903245139,-0.0703380475571904,0.0319059405840498,0.0012244419024904,-0.0056729385838529,-0.0272813052684984,-0.0114047402543431,0.0840749718575915,0.0288822799350687,-0.0535805617861601,-0.074151764011661,-0.021094261369792,0.1053120517317529,0.0839037466691237,-0.0707014862583459,0.078872628723764,-0.0088208838084474,0.0066714629557924,-0.0558430376768374,0.0389161779884945,0.0249432727580687,0.0063427922804373,-0.019127246285806,0.0563834280068598,-0.0233972665215022,0.0213645582261228,0.0849508508819332,0.0366485883467797,0.0065298124872463,0.0728688286907003,0.1218448734180277,0.077753050397413,-0.3932969215044265,0.0217310675545003,-0.067439584142541,0.0776194976759268,-0.0657083461995959,0.0336111669814294,0.0571674054341613,-0.036890353080735,-0.0421475108345492,-0.0372854547158405,0.0749341934485208,-0.0601137546836663,0.247486750093828,0.0256428583627046,0.0613514212345698,0.0325741936204659,0.0298391615408273,0.0473267432137669,-0.3920341740129396,-0.0576580448869999,0.1440093576630574,0.2408611237423652,0.1615396764374976,0.067972143170162,-0.1011521365428445,0.0510209205204728,0.1871905408874283,0.078740906972893,0.0411539469413515,-0.0483411982960424,-0.0690984167390879,-0.0506638076765788,-0.0167925821533756,0.0385290216405884,0.1633439640263627,-0.0127416415666088,0.1299200255837238,0.230528624075716,-0.0014913330838061,0.0118152370565731,0.0097441194493095,-0.0255576288401555,-0.0735829301591967,0.2103342349790209,target,980,18,51.03012564552108,0.0844521161498659,0.0991468221141057,0.0757214874345415,0.8677660133384504,1.0187576875925406,0.7780566819489226,0.8677660133384504,946,0.51488534703904,5,0.020091150958572,0.0628017361282058,-0.2961820798413332,0.0,-0.8536503090980602,-0.3387649620590198,0.6832226274269033,0.1319418185459592,44.97275644951151,42.47657117723605,51.03012564552108,1.882024203447728,-0.1575313059670464,0.0293353917892156,0.0397283726356365,-0.3142289630780136,0.8145680808815775,0.0253021095818293,1.0,0.0329318336875767,2020-07-15,40.0,5,0.0338821650786129,0.0655610143248892,False,False,False,0.0,1.0,0.25,-0.0593633056538172,-0.180820785906503
SYY,Falling Wedge,bullish,1,0.646859221282513,8,53,1639,1640,2023-03-23,2023,2,66.32589001772884,67.61555611652341,77.40291378652506,65.12237638039693,1.013813640122366,-0.0190735116719599,True,0.0535397374346049,0.0232722646788703,-0.0080090750612243,0.0961497904680537,0.010780404526266,-0.0469563007944254,0.0226733545972441,-0.0373516339382407,-0.0474078302549566,-0.0290304958675701,0.0009582007899049,0.0489907878410464,-0.006049366034183,-0.0067191468373624,0.0077462389300526,0.0063398756990689,0.1031195959872448,-0.0096246944814153,0.0202640304748991,0.0232387158893108,0.0153716779453825,-0.0249954608450589,0.046565303982903,0.064769664386256,0.0204913264076909,-0.046017070046766,0.0369213958715062,-0.0128907909694719,-0.0110268788799449,0.0240317502536362,-0.0066655660527504,-0.046017070046766,2.618300927181849e-07,0.0420349691245685,-0.0553735395872176,0.085824963793065,0.0385119603198094,-0.0056206474933426,0.0249932928311449,-0.0206772026734038,-0.0769819476462249,-0.0461997965481811,-0.008430796294399,0.0296659887984895,-0.0447835857155514,0.0697046798428414,0.0412061081352315,-0.010753777925611,0.0390326586832141,-0.0649561934735811,0.052366455233435,-0.0055356643563705,0.0728562846003673,-0.0773354635984959,0.0848937245648515,0.1603239463044581,-0.0152088337607652,-0.0758927895136315,-0.0950001575956851,0.1015741215625054,-0.0924201377403064,0.070848102846845,0.2755283697003436,0.0788091962738553,0.0300550073563141,-0.0330540913075458,0.0168281769106912,0.0439440945430313,0.0128232677735549,0.0077210787319659,-0.0606231563366683,-0.0299424356295744,0.0324356174951621,0.0219436875567664,-0.0739252751260951,0.1890787620953948,-0.0151326574410851,0.1729563459450769,-0.0005496067324315,-0.0310805269365805,0.0184339130662547,-0.0248444294106142,0.0969039858356706,0.1232225852550985,0.1493406359954319,0.1036437856776117,0.0972562373016487,0.0350245785830234,0.0708290346582876,-0.0641406017194786,-0.0004999243009572,-0.0358266068764646,-0.0012356469903271,-0.1210906713249813,-0.0196042073012318,0.0800499922325608,-0.0332978373025693,0.1871905408874283,-0.0348483529392519,0.1592050418959807,0.0526031131047217,0.0615062118359486,-0.0129435982265125,0.1444340355845061,0.2168906069044078,-0.1341463573243494,0.0417988480524915,0.133767578756897,0.0095100573366431,-0.0104130753796454,0.0343233203353192,0.1221720997827653,0.0706889122816831,0.0685382502306906,-0.0581069060277513,stop,1681,42,65.12237638039693,-0.0181454577844369,0.0820211996896518,0.0303112481802253,-1.0,4.520205588860912,1.6704592708717818,9.20390382393429,1584,0.6556603889479193,5,0.0054612591435244,-0.0791322511762346,-0.3154801173762876,0.0,-0.9073442020413968,-0.2516838130934798,0.3525179617044554,0.1394958306348032,67.61555611652341,65.12237638039693,77.40291378652506,1.4356024813088644,-0.0840082178432189,-0.0446956166302117,0.0215855604927635,-0.0543987182664923,0.1552801800734512,-0.000134697181254,1.0,-0.0149488117845014,2023-03-23,11.0,11,0.0853381059755189,0.0229294136568101,False,False,False,0.2,3.0,0.3,0.003394590454724,0.1593795926584869
SYY,Falling Wedge,bullish,1,0.7587647773536578,3,36,1755,1756,2023-09-08,2023,1,64.42926657024641,63.2565972819084,75.06175706825661,62.91117322316396,1.0645924674248732,0.0185382922687402,True,0.0142817037701585,0.0216574958083899,-0.0231869640475057,-0.0298954744802912,-0.0018610797616459,-0.0186222267526398,0.0168523453050204,0.022524928563955,-0.0085048018688298,-0.0615040026535682,-0.040886820496884,-0.1033220825810602,0.1425859772491211,0.0219847822518324,0.0251138514953526,0.0034582733259931,0.0067133118045266,-0.0190848171088088,0.0440983340670604,-0.0354624507343539,-0.0096605577907111,-0.0114360393433381,0.0182864794479973,-0.0198514330898595,0.0165168985692411,0.0150074150308487,0.0060209549400693,0.075075079384745,-0.0314286963526069,0.0059172118027448,-0.03241761268739,-0.1903501901816225,-0.0237631561146521,0.0106198298501256,-0.0690596098757881,0.0104947990951371,-0.0545723850281032,0.0049124620576299,0.0211478549036476,0.0569722425637881,0.0109862012345509,-0.0179671857688863,-0.0347740547892202,0.0009961430439746,0.0270138865182736,-0.0093929925712229,-0.0940017504198674,-0.055663146674133,-0.0574301627195671,0.0265171334108558,0.0351083604874307,-0.0504275189049491,-0.1054411086720068,0.0343913511237818,-0.0305044433842466,0.0336287782796316,-0.0108808127591142,0.0471889815966171,0.1368219715440362,-0.0388563973051647,0.0848070245043552,0.0309412534704667,0.1220544284990308,-0.0729189931707118,0.0506620839443432,0.0921016850685332,0.0008120195443512,0.0020153377819474,-0.1105312990368485,-0.0354250246264389,-0.0086165407621509,-0.0962702575517219,0.0901386194526041,0.0353426627303523,0.1295186901527238,-0.0179287987193345,-0.0507381385257671,0.0446173506665281,-0.0896893839063149,0.1232225852550985,-0.0819816092752278,0.0554452413213719,-0.0468880058849489,0.0460080426983489,0.2391439043887209,0.0251586441655526,0.0714954944905204,-0.0501293564388016,0.0401700571776948,0.1494250424793088,-0.1815808016889416,-0.0571490237758272,0.0506412803153182,0.0281958594727136,-0.0282153377446723,0.0910283258504571,0.0745703550276744,0.0819056337261259,0.113194261071629,0.141190600317439,-0.1077941909809276,-0.0651311097088966,-0.0633819523392442,0.0299045097333485,0.0162051039945179,-0.1006003609851154,-0.4248151921629435,-0.0026265220955001,0.0012959756827595,-0.0654247976622389,-0.0401847148749328,-0.0168122240442011,-0.0979455666150745,0.1115515379448746,0.0682455636085643,stop,1766,11,62.91117322316396,-0.0235621702355915,0.0232792038564243,0.0284202747133759,-1.0,0.9879906487247164,1.2061823859690983,7.003844999679518,1718,0.9058709607747142,7,0.0545309538500231,0.0318323452416615,-0.0641084102757363,0.0,-1.318281476665326,-0.4124105158906086,0.0425816538337294,0.1268121371215851,63.2565972819084,62.91117322316396,75.06175706825661,0.9346141523435676,-0.0666487551153783,-0.0383614463299377,0.014520565174536,-0.0462825516042062,0.9642847411444132,0.000433710998029,1.0,-0.0008747031901837,2023-09-08,11.0,11,0.0344474787194692,-0.0005242605521017,False,False,False,0.3,0.0,0.0,-0.0135238185643681,0.0635759363483371
SYY,Falling Wedge,bullish,1,0.665693173887258,5,59,1952,1953,2024-06-21,2024,0,68.74443294842467,68.64642904974698,76.57299509497088,65.28855452646715,2.505608837501484,0.001427662007104,True,-0.0244603564187809,-0.0242581598959397,-0.0019561743738425,0.0087594309346707,-0.0075132510479788,0.0145933996650409,-0.0178264592425273,0.0449647897355722,0.0182009393173763,0.0081043294356053,0.0244504061124786,0.0220747693042704,0.035204686011272,0.0216464131443578,-0.0201116847060792,0.0012158681900416,-0.0128381030423528,-0.0101973199805526,-0.0251953910735193,-0.0044299525797137,-0.0378947126433272,-0.0226004385655359,-0.0263929336485437,-0.0411194202351485,-0.0612357257865547,-0.0148290110712837,-0.0011494992286505,0.0552516634737123,-0.0055444457317702,0.0378930759819018,-0.0072877257473201,-0.0150327961993855,-0.0110268788799449,0.059981690063203,-0.0283041024547942,-0.0390941010387716,0.0372932596022435,0.0297210507159444,0.0085866539304275,0.0582814461683054,0.0114860590468937,0.005885333669787,0.0115724601338218,0.0189824543773688,-0.1840338881889198,-0.042551055166287,0.0133906089649562,-0.0055683353512245,0.0912079855967054,0.4502304277441185,-0.0041564122273446,0.0170997475193261,0.106011023240113,-0.1324686876105932,0.0234532534136864,-0.008752572576708,-0.0011024387215785,-0.0099932491190837,-0.0211360128641305,0.0636288146295747,0.0247630681376338,-0.0219894961548199,-0.0311091078972678,-0.0199805726763407,-0.0133348852654047,-0.0278753653681353,-0.0469455665806937,0.0257140777209965,-0.0097725925820464,0.0586778121536573,0.0306067859512959,0.027074456252712,0.1402667692332493,0.0007233732802522,0.0466474995198351,0.0015703353969271,-0.1778965182685618,-0.0098668301186756,-0.0422921874748918,0.0552687399927089,-0.0083571286042128,0.1128206013300527,0.4083744785974565,-0.0474535169599663,-0.0505623327849319,0.0574958617754015,0.0217635130241296,0.0815898958975498,0.060249633089066,-0.1367556539537145,-0.0551232054582769,0.0344009229653518,0.070653546629513,0.0362261589153922,0.1339329423004143,0.1058050480880323,0.0559072859104776,0.1389196381944026,-0.018526336661546,0.0838918365451155,-0.0772672788390108,0.0721073477802534,-0.1028530231591708,0.050345343141529,-0.4514661545730668,0.0368828380024617,0.0871824704384165,0.0034661416218129,-0.015228374529251,-0.0341318759793426,0.0378818705220087,-0.0203499277121019,0.1221385733230893,0.1306207358886066,0.0536905916143565,stop,1959,7,65.28855452646715,-0.0502713932421303,0.023776918522419,0.0506968561907541,-1.0,0.4729711469880763,1.0084633212088332,2.2652886446485154,1893,0.33477065029035,6,0.1247948960338232,0.0841490697387989,0.0753184982295664,0.0,-1.3702839277067822,-1.035513277416432,1.7339739505070797,0.0692149244380966,68.64642904974698,65.28855452646715,76.57299509497088,1.015878509345558,0.003080045101512,-0.0133596640736158,0.0147433635132512,0.0137395968905582,0.6964257736663988,0.0037113720000001,1.0,0.0310226987450421,2024-06-21,55.0,7,0.0658630343636952,0.0770451341840088,False,False,False,0.1666666666666666,1.0,0.1666666666666666,-0.0179208387589752,-0.421918331352319
SYY,Falling Wedge,bullish,1,0.6006584287479179,3,47,2177,2178,2025-05-15,2025,0,69.97101569584576,69.53321717395477,75.56660020757658,64.4703543027315,0.7875073156789177,0.0062962500468766,True,-0.0066244000663987,0.0071769734256914,0.0242413844821569,-0.0333461862543943,0.0198607643176369,0.0331110401046876,-0.0151393570446728,0.0060724247834413,0.0087223804555844,0.0440983340670604,-0.0177613145933631,0.020431148207449,0.1120470503142152,0.0096901747418451,-0.016476811295821,0.0096862808909801,-0.0152054589407735,0.0251138514953526,-0.0527413560839558,0.008470305490273,-0.0809245686678163,0.0504500755139443,-0.0136444081655902,0.0074524299321103,0.0105984261435443,-0.0182899535205646,-0.0440454791571781,-0.00558933500443,0.0012983885635455,0.050907700924123,0.0113638119121832,-0.006644977594771,0.0007580868504168,0.0248464278026099,0.0472619910829743,-0.0040184347115619,0.0178409172893709,0.0206419689803716,-0.0907819938906504,0.0077172510870924,0.0091484028028654,0.0246264160740605,-0.0123858869762021,0.0451093620614797,0.0204515747433129,0.0024416179661579,0.0252554732221956,0.015530369953455,-0.0552049068349561,0.0227813115588921,-0.0192284855010339,0.0349113760666544,-0.2768161166153756,-0.0882681351310666,0.0241834254042292,0.0097217578762491,0.022759545004817,-0.1324686876105932,-0.0782964465592748,0.0029043820264094,0.0489697660764811,0.0559298780960255,-0.0252782520482237,0.1252164588664297,-0.0574457527497694,-0.0425054028676924,-0.0335212867748686,-0.0320365218586921,0.0499400779009636,0.0613388125552551,0.0059828754889605,-0.0501415729401963,-0.0223992109128631,0.0276684995330183,0.1430125505058275,-0.3439067677742129,-0.0721325717169775,-0.0559279731133287,-0.158057843715767,0.1148071121567633,-0.0029400831093029,-0.0054049590734854,-0.1283165520024362,-0.0182666177600198,-0.0869644680229855,0.0890540169107141,0.1091623006420769,0.0262599860840251,-0.0223992109128631,-0.1091111965371683,0.0128850381678609,0.0889947887348212,0.1222090919285239,0.0319935825215982,0.1876366644778064,0.0162051039945179,0.0012387491970404,0.008398085738946,0.0179632238388769,-0.36183194637661,-0.0642499297813775,1.3368981837125204e-06,0.122119612241905,0.0764349999061031,0.1095184461728282,0.0044825199136773,0.1492771806764607,-0.0494328821856328,0.1377741392327103,0.0446173642590737,-0.125421603057298,0.0630835062339534,0.1291483373590329,0.0553324045160545,0.0960943262657112,target,2214,37,75.56660020757658,0.0799700341074658,0.0862151185707773,0.0201491684030832,1.017256673667529,1.096697103058665,0.256306956169896,1.017256673667529,2130,0.3542622170219374,7,0.1306950920448102,0.0319776556481048,-0.0156099679403439,0.0,-0.642745855035612,-0.2884836380136757,1.522473406248856,0.113390578931923,69.53321717395477,64.4703543027315,75.56660020757658,1.4050208231809986,-0.0216700859548673,0.0050218093926321,0.0201105727077024,-0.0590629487393554,1.0,-0.0035148219718998,1.0,0.1232735627918018,2025-05-15,49.0,8,0.1093607182058988,0.0990325955773681,False,False,False,0.0,0.0,0.0,-0.0123752526108099,0.0502919426664756
SYY,Falling Wedge,bullish,1,0.7251644648597492,8,99,2340,2341,2026-01-08,2026,0,73.19933695888533,72.39188412681636,85.53796244847348,68.50976704070013,1.1500832042233315,0.011153913754399,True,0.0665409618588359,0.0642097335290512,0.0102850223841561,0.0142383736872642,-0.0032960835332388,-0.0146873971331215,-0.0341640377022519,-0.0058351137925399,-0.0085348924843695,-0.001603933119173,0.0735252788827314,-0.0070780739843016,-0.0527858756364969,-0.0085048018688298,-0.0011712014084492,0.0318471900201715,0.0029074863738571,0.0045735733657041,0.0524591687019089,0.0208638841520292,-0.0174109544971441,-0.0056776127489828,0.0640434618758897,0.0265355774331421,0.0285627644650896,0.0003430215983311,-0.0152482534135236,0.0415874902049979,0.0342626426978633,0.1253534215531584,0.015200810868152,0.019428616540952,0.0349318589714553,-0.0111180368316876,-0.0738786772179508,0.0035038488119114,0.0073123840746971,-0.0005751591092786,-0.0476254311110648,0.0847301096716075,0.0073123840746971,0.0134087718646398,0.033691139082264,-0.0173028521181032,0.0108243073662099,0.0132284575541757,0.1655441964706683,0.1655586726903872,0.0122727789967773,-0.0622763839648755,-0.047721827681859,0.0789974478535611,-0.0036533781132332,0.0159386657148796,-0.0752294502211397,0.0373347805042636,0.0265656873354269,0.0660681383207679,0.0287862084704146,-0.057423860415158,-0.0435828606870087,-0.0534610019878981,0.0555555515340577,0.0522388704274192,0.1177111126103942,-0.0336687740999327,-0.0272047143769144,-0.0083640392935115,0.1616000489243467,0.1408943583491277,0.1587910780273822,-0.3920341740129396,0.0976726161220016,0.1703032986215191,-0.0373912515789978,0.055370881786914,-0.0025256224569762,0.1990203345817696,0.037390514046055,0.0122563475510506,0.2064648927078192,-0.037682651304882,-0.0928351966252287,0.0171859528691289,0.0264974101909933,-0.0527345259842927,-0.0748416676840939,-0.1656584404640412,0.0556879539788899,-0.0048996924042707,-0.0285288139280504,0.1414584500485093,-0.0060326433597288,0.0368408277570235,0.1178674937926353,0.0111608510823824,0.0843893529312926,-0.0486257778723365,0.081051337179322,0.0847954073275465,-0.0348210067262589,-0.0619489513292434,0.0737586751483718,0.1422080572827884,-0.0281083252461332,0.091456100383811,-0.0990806441085437,0.1057294900314047,0.0659375839933373,-0.0906944695618032,-0.0046587760313395,0.0488902320066788,0.0681163556087569,-0.0028325370132269,-0.0362621658037009,target,2361,21,85.53796244847348,0.1685619843321604,0.1765894266648145,0.0096982925837946,2.6310782662054937,2.756378339874802,0.1513803182705862,2.6310782662054937,2241,0.4897563655948664,6,0.0870551326319292,0.1119955471909979,0.1632740481966572,0.0,-1.1805630692479447,-0.6908067036530765,0.7118385737886694,0.1211896804438113,72.39188412681636,68.50976704070013,85.53796244847348,1.032848349255674,-0.0102297318101289,0.0046109493364034,0.0141043792139033,-0.0277999347900138,0.8287670159119995,-0.0009705782988314,1.0,0.0124552965395987,2026-01-08,8.0,14,-0.0411552348104163,-0.0329654797550177,False,False,False,0.4615384615384615,2.0,0.1538461538461538,0.0297678395910967,0.776343798022175
SYY,Falling Wedge,bullish,1,0.6996756729229091,3,17,2509,2510,2026-09-11,2026,1,84.31999969482422,81.22143118722101,86.92857033865789,79.30799931117474,1.7097838138023969,0.0381496418163427,False,,,,,,,,,,,,,,,,,,,,,,,,,,,,,,,,,,,,,,,,,,,,,,,,,,,,,,,,,,,,,,,,,,,,,,,,,,,,,,,,,,,,,,,,,,,,,,,,,,,,,,,,,,,,,,,,,,,,stop,2511,2,79.30799931117474,-0.0594402324690369,0.0037950628081401,0.0613140202520975,-1.0,0.0638467019811382,1.031523897286853,0.5204649728965597,2491,0.5537940985108643,5,0.0408675497636811,0.0132458493561955,0.0879908779387006,0.0,-0.9799831695091318,-0.4261890709982379,0.5932870060353653,0.0627803173362124,81.22143118722101,79.30799931117474,86.92857033865789,1.534285409109933,0.0559527558889612,0.0028660071590898,0.0184387144092186,-0.0060891331054897,0.1485726492745535,0.0083829724440831,1.0,-0.0174705954262394,2026-09-11,8.0,14,-0.0237772974925897,0.0165938858323917,False,False,False,0.4615384615384615,0.0,0.0,0.006486390417013,0.0421075823562673
TMUS,Falling Wedge,bullish,1,0.6014775642512397,5,58,1294,1295,2021-11-05,2021,2,116.79705954583046,112.21760486120048,138.2952989716922,106.9973675898625,1.7410067785470005,0.040808701008137,True,-0.0374470424195498,-0.0322733473006525,-0.0611842604774441,-0.0361940945454282,-0.0258423206572735,0.0213263981554308,0.0182729478047338,0.0405803154310675,0.0322669080199282,-0.0560837060511315,0.0293464687675357,-0.031902204468251,-0.0064855349215583,-0.0110079203660121,0.0142869562524419,-0.0351735814222539,0.0200117898252387,-0.0127636313456568,-0.0043281097367153,0.0876603401895295,-0.0767287267117109,0.0360941286487597,-0.0345546505391113,-0.0587755909725518,-0.0570511805149186,0.0309376875536422,-0.0240676220099639,0.0809648779800658,-0.0250105627724803,0.0371264229362415,0.0769893301801372,-0.0908533070951883,-0.0658169274584645,-0.0029880018608198,0.0337614662877929,0.0129129442699307,0.0178492099101821,-0.0034454398258991,0.0110622224995053,0.0344897947243569,0.0042319505608783,0.0925934092291114,-0.0203466499523778,-0.0244132364443336,0.033471345540575,-0.0692480366851964,-0.0586943306494427,-0.0354666512333581,0.0839615319325255,0.165364182417498,0.0120424990224685,-0.0086210344920216,-0.0400340756366316,0.0915974846563607,0.0178028655021977,-0.16930715730756,0.0123803774627353,-0.0540322658839798,-0.0248588767359698,-0.0448299283304842,0.2073026675186635,0.0112057408026868,-2.7853800155241973e-08,-0.1119298217552084,0.0147830181926182,0.0398660321511661,-0.136503055619112,-0.0346547242482342,-0.0602711022392386,-0.0714751293304581,-0.0917598394902198,-0.0642367141157005,0.0710800182943429,0.029283301899905,-0.1038225960789036,-0.0541986233621719,0.1717912865504414,0.0347027408977016,0.0526381357385625,-0.1062416666976898,0.0932088220308737,0.1230956655834254,0.1254959659485184,-0.14575160127679,-0.0066412645898887,0.0123402842577706,0.0509966961412391,-0.0834411241168698,0.0811932617640598,0.0349764501544518,0.0725088870706791,-0.090924025635156,-0.1079453371736439,-0.0850727933400367,0.2914951863795645,0.0926260127316145,-0.075229036724578,-0.0026480427326173,0.0121760328338398,0.0115480540457677,-0.1319463826532776,0.1802364134318976,-0.0332109167566213,-0.0012148527275488,-0.1827270717982376,0.0016552322093394,0.0531786895207326,-0.0156739840705431,-0.0293418275649919,0.0694909131677159,-0.1458346628493324,0.0887209563346667,-0.066202428588442,0.2227321069723991,-0.1249368567317113,stop,1309,15,106.9973675898625,-0.0839035845086717,0.0,0.101839706438649,-1.0,0.0,1.2137706277390743,2.1937668574132507,1234,0.5255272115324409,6,0.1511368281901016,0.058350375906675,0.0588206943379323,0.0535714285714285,-2.1118407883189865,-1.586313576786539,0.8044277085172804,0.085086770023144,112.21760486120048,106.9973675898625,138.2952989716922,2.715227496509981,-0.0763288793816604,-0.0184720435728942,0.0232796146600391,-0.0967527347984625,0.3358764621777537,0.0028536319533623,1.0,0.0700452164310425,2021-11-05,11.0,7,0.073723313036945,0.0751556140618252,False,False,False,0.0,0.0,0.0,-0.0048273028512056,0.1986628547695787
TMUS,Falling Wedge,bullish,1,0.6476349107907438,3,33,2091,2092,2025-01-10,2025,1,204.78828533793703,208.13505438622724,247.65373803531384,201.2391021133444,0.7916995028272388,-0.0160797951991295,True,0.036151981884962,-0.0017275803889167,0.0208198422717165,0.0721281256049082,-0.0446625890888043,-0.0149044038754616,-0.01680381361725,0.0256775106716589,0.0142283137932641,-0.0256765227017322,0.022359101423409,-0.0043953925223386,-0.038215567951548,0.051811397704593,0.007326078947506,-0.0292407548402366,0.0223274990529331,0.0037603664087275,0.051247480091678,0.0370611760553651,-0.0311308201327251,0.0331597851695792,0.0283081412616999,0.0477925407856945,0.0068040697137072,0.0404592557219112,0.0203726035760083,0.0375907837550608,0.042665529674047,0.0423108976313004,0.0154371865320939,-0.0351820387017463,0.0191239194054977,0.0204941295226359,0.0204941295226359,0.0569112001766145,0.0505266104502633,0.0621399778514388,-0.0849044141370262,0.0050120676901683,-0.0155415720621167,0.0511399795318765,0.0978047198538782,-0.008280164784457,0.0125071157720506,0.0252384449365877,0.2105711843333413,0.1600651438146372,0.0303715891419891,0.0245340574805739,0.0040123971347971,-0.1038094451277654,0.0588880077215734,-0.0692435993204836,0.063883360416687,0.0058097692102607,-0.0027039004180301,0.0377142268611161,-0.0601831752077891,0.1038778604240004,0.0593638792619046,0.0819646652063721,-0.0394458786944718,0.1995199716960853,0.1187492650746866,-0.0794170158751559,0.0015688455727471,0.0141292007638829,0.1880919802671923,0.2186053814336641,0.2530812130401575,0.1296548888393744,0.1735198814461762,-0.1502483204160184,0.0581572698332357,0.0311481250587097,0.0457825604679653,0.232072235901839,0.0958064059367096,-0.0538676553998179,0.0174794377344447,-0.0035361215135286,-0.1220381953156186,-0.0372615773380389,0.1712540046755064,0.0019103118237429,0.0132240063864121,0.0572686304612615,-0.015227074677607,0.0864959422389044,-0.0594428929536948,0.1849977882741662,0.1693712147928907,0.30448861527216,0.0770082002315533,-0.0092799741619383,0.0574263936026222,0.026670591389982,0.2996748462460252,-0.0014589295143673,0.0043081184840936,-0.0932661583157694,0.0121273180335581,-0.0360428293083618,0.2446831763104471,-0.069079682463191,-0.0388055675692922,0.0029320537661872,-0.0203846689229979,0.0638830148207001,0.043575617551296,0.1507777552523252,0.0618612521922934,0.0763291990278933,0.1267242284602378,target,2111,20,247.65373803531384,0.2093159412250618,0.213646986027024,0.0029337770870939,12.077554182144846,12.327455971539626,0.1692792795442853,12.077554182144846,2057,0.6512831745020766,5,0.0492485229093782,0.1193778780082903,0.1595086562058865,0.03125,-1.651078447632264,-0.9997952731301732,0.4423740335563239,0.099855797889744,208.13505438622724,201.2391021133444,247.65373803531384,3.9710074815304393,0.0852223236369307,-0.080713964703987,0.019393546982255,0.1898279732066816,0.4060782330129712,-0.0134093510432301,1.0,-0.0337697731153108,2025-01-10,28.0,5,0.0866832471419698,0.0273762969759061,False,False,True,0.0,1.0,0.25,-0.0658325292925129,-2.217534017577278
TMUS,Falling Wedge,bullish,1,0.7439607692693472,5,52,2184,2185,2025-05-27,2025,0,236.36221152851468,235.9546642024668,279.17428624355216,219.88451744289364,0.9177655049142204,0.0017272272511561,True,0.0069113291635749,-0.0007463711671422,0.0289064881988279,0.0043994995177483,0.0065358743648253,-0.0173741343625423,0.0655093971581324,-0.0069566974871153,-0.0322429660352033,-0.0166277326797421,0.0350002051389011,6.79727209185188e-05,0.0219157807570422,-0.0445165656347888,0.0035985063878996,-0.0060002348357685,-0.0312338045311385,-0.0179603732698384,0.0158347827195683,0.0198523274174227,0.0328201275780755,-0.0141227910022471,0.004541046057526,-0.0215768785031961,-0.0410508733482904,-0.0018983108469791,-0.0123073523264068,-0.0508085422915275,0.0320580911753047,-0.0182897344533867,-0.0538683929926117,0.0313460764741087,0.0592670853515067,0.0340181627693392,0.0203136301639221,-0.0579036489508144,0.0407433386291242,-0.0124139229771502,0.0561582443499217,-0.0474701141577869,0.0601998398451937,-0.0027505478640938,0.0858406407587113,-0.0658169274584645,0.0073525486311316,-0.0267653866946482,-0.046679469118837,-0.0760168724445298,-0.0546395406383657,0.047505023891377,0.061591178884953,-0.023327121680319,0.0263972806369703,-0.0829524319057273,-0.0176760338164357,0.0532555265594119,0.0095936841355195,-0.0578464504880481,0.0219209344689887,0.0248692696461012,-0.0519853508210483,0.0705595394657594,0.0141292007638829,0.0915974846563607,-0.0512992392796293,0.0189388334781932,-0.0982026883014068,0.0004739242400937,-0.0468246203136685,0.0218572622962387,-0.0537655802806245,-0.1029396081459456,0.0201738400615631,-0.0362943081782738,0.0900767076391122,0.0349893359667947,0.0271644231850163,-0.1015785751643582,-0.1075799438628317,-0.0572842375512583,0.0853960806480609,0.0652758117251144,-0.1175082198296603,-0.086317338388853,-0.1054201739612508,-0.0066412645898887,0.0276816036548555,-0.0235585727895396,-0.1096128884969707,-0.0067778321537764,-0.1075799438628317,0.0527740175009848,0.0658694447224721,-0.0116694547489311,0.0603815162789558,-0.0410353957915387,0.2130554867307044,-0.0209966253145252,0.2130554867307044,0.2335499734357242,-0.1697054007832321,0.0597296380710727,-0.021012427250145,0.0735653333948935,-0.0168757136310749,0.2058368317529211,-0.0982714046867819,-0.1207448640876438,0.213087820163272,-0.0181751234743261,0.0696455810531868,0.2176471786308347,0.0896710384863492,-0.0684874918573678,0.0121733728298729,stop,2199,15,219.88451744289364,-0.0697137413762655,0.0220636976957302,0.0916824605973894,-1.0,0.3164899381406886,1.3151275313507027,2.5981836106786727,2132,0.4981646280575551,7,0.0972599616645101,0.2075727878640134,-0.0857496072120167,0.0,-0.9358945319858336,-0.4377299039282765,0.6985426071962768,0.1572289409613592,235.9546642024668,219.88451744289364,279.17428624355216,4.689186975841092,0.0516425932559836,-0.0355815529558048,0.0198177920545134,0.0407010819416817,0.3106266916683722,0.0037466496799041,1.0,0.073159728581525,2025-05-27,28.0,5,0.047315285601073,0.0780991679667306,False,False,False,0.25,0.0,0.0,0.007564421060667,-0.2270114559272455
TMUS,Falling Wedge,bullish,1,0.7030997224974982,13,138,2361,2362,2026-02-09,2026,6,193.3881966762572,189.21354459206052,270.578893035846,178.54754523560632,1.9091612490105925,0.0220631778406619,True,0.1176081121902394,0.135019477615934,-0.0207025868558196,0.0127160559739019,-0.0498705210217318,0.0099524994366195,-0.0548286423496957,-0.0348551714903959,0.0096065212244664,0.0236463634441259,-0.0174903463272784,0.0741940201591664,-0.0260502377077377,-0.0388541690966538,0.0057446485461887,-0.0052672438571031,-0.0014960370887605,0.0083648550771904,-0.0099819994872487,-0.0742940294542939,-0.0174903463272784,-0.0121685030272604,0.1285643557017194,0.1296691300609342,0.1406052324177605,0.01170989798032,0.0429241970820162,0.0722919595887399,0.026290306215468,-0.0863597365310793,-0.0012114672755939,0.0246191333060779,0.0090119030042024,0.0003055171055845,0.0431451814832171,0.009193282714935,0.019736663355673,0.0219460451336925,-0.0507539207552667,0.0283053339432992,0.0004128106700613,-0.0140106332270839,0.0279358919113681,0.1194589572229822,0.0177179583982383,0.1135356659945916,0.118737757570684,0.1443079650583633,-0.0275148090059655,0.0283738364624825,0.036460962075862,0.0464051629017867,0.016669219317321,-0.0447577247990995,0.0228295180788482,-0.0575935315888997,0.022665457925066,-0.0419944530754424,0.0717728656057716,0.0090555843593873,0.0416871020322651,-0.0517879223531082,0.0481570304295941,-0.0194650422890277,0.0390392459003026,0.0495947548132515,-0.0195002842013743,0.0109112558625079,0.1096873461481075,0.0105866592436407,0.0351837849144992,-0.0175124496392938,0.0705261992798316,-0.0661120748163237,0.1383580276634659,0.0136276917122137,0.1098400407737678,0.0178853575998958,-0.0955788857944194,0.0023858892116386,-0.1231240845090255,0.0344117159182253,0.066430439081643,0.0727540714223389,-0.1084730779598673,-0.0690712902337717,0.0666484743928474,-0.1526556635717872,0.0146282619270174,-0.0682310938768143,0.0156687191326867,0.0144663458579273,-0.0122708869491697,-0.0711011573160641,-0.0998343234658234,0.0378252950445974,0.0375692334479158,-0.047333126107941,0.1101120397460653,0.1214799579321157,0.0831794668102483,0.1181375037017129,-0.0893526826959624,0.0457361492033836,-0.0129025442536793,-0.0060925747752805,0.134691836268775,0.163170150870848,0.0403755926323499,0.2358348318448033,0.1119394248893925,0.0715832495891901,0.1460127893455389,-0.0604999966545785,-0.0693525006178533,time,2421,60,191.01515197753903,-0.0122708869491697,0.1437658431745646,0.0692867325782868,-0.1599016531186777,1.873409483832692,0.9028738610626194,5.201301079557155,2217,0.7476634138701435,5,0.0536579218188752,0.0368170027252647,0.2784658624621441,0.0,-1.5379924456897884,-0.7903290318196434,0.2696560306530032,0.2276866449085068,189.21354459206052,178.54754523560632,270.578893035846,4.45474939531386,-0.117957715710235,0.0012725289022712,0.0229000836219146,-0.1863033496874226,0.8141025954527004,-0.0034448240456878,1.0,-0.000172920904599,2026-02-09,8.0,14,0.0319937340969456,0.0599852127915119,False,False,False,0.1538461538461538,1.0,0.0769230769230769,-0.1099653824347264,-1.827645959441225
TROW,Falling Wedge,bullish,1,0.6742716662139308,5,27,743,744,2019-08-30,2019,2,81.25306413213643,79.24322634484741,87.56611585948363,77.09162353243205,0.7620816109436673,0.025362896994409,True,0.0718381466250099,0.0455793404500346,0.0191466105225803,0.022414719307181,-0.0266742486956127,-0.008128684441688,-0.0001460719067711,-0.0308925118708527,-0.01311558228753,0.0198833161306017,0.0110190886957128,0.0341170718998908,-0.005864220585884,0.0910692568159319,-0.0255646574542073,0.058918066139515,0.0342198728461793,-0.0185275079680804,0.0171434982169178,0.0142650376086348,0.0828663126049058,0.0386884761897159,0.0560962545366529,0.0706929824801623,0.0376886249591781,-0.0298827685479594,-0.0355656730657162,0.054996170342404,0.0053717384833718,0.0324128417208371,0.0280387379219562,0.0293954553540749,-0.0903008658566966,0.0493367379789009,-0.006010213015276,-0.0427389074930613,0.0846602435823951,0.032958840640394,-0.0559504903790056,0.0231608165749668,-0.0130374695736044,-0.0281964921012004,-0.0273411983971002,0.0821498069227657,0.0034423233579063,0.0658480007576446,0.0468692302398239,0.0208157335686545,0.0204795637617949,-0.0695421521973694,0.0353996668194023,0.0772696358605153,0.0443285144658589,-0.008188950109658,0.0560684538806566,0.1101263376555692,-0.0847578309771914,-0.010561893923082,0.0558408025135626,-0.0038223497732184,0.1047968855935144,0.0217515579316256,-0.0215568550761972,0.0055683852489891,0.0838633550038965,-0.2471176868886693,0.0651918887368081,-0.157967187943807,0.0430107232106738,0.0728003999995916,0.0241697209470084,0.0441825585029651,0.0728776450147254,-0.0749733154694533,0.2554421330124332,-0.0102693894436184,-0.2428637630725927,0.0508772903575869,0.1591735515662973,-0.0966569603169714,0.0573434221601603,0.0110224884738738,-0.0227133651860294,0.0992958488985615,0.0266075394776148,-0.0119856454871893,-0.0068335260482799,0.0932220721748628,0.1357529835603215,0.0582743990516545,0.1369072258300239,0.0360662403467443,0.1231967303527197,0.0397498633932584,0.2303378565557385,0.05002893330958,0.0696168233474672,0.0934816751917197,-0.1790156118559986,-0.0425785552211971,0.132519920777085,0.1858708991568423,-0.2170946557647688,-0.086912095401191,-0.2386189256547543,-0.0726597324454897,-0.0897056485845162,0.1499790428602407,-0.1036104133409054,-0.0055023034142028,-0.1044873701760705,0.1384593223469994,0.1183958526402939,0.0837200527950727,0.1175854769966224,target,750,7,87.56611585948363,0.0776961680741135,0.0938720115576445,0.0089229112318606,1.517035165129035,1.8328721490937008,0.174221849668896,1.517035165129035,714,0.6547142067370859,5,0.0457115619266016,0.0363637416724282,-0.2702146021517749,0.0,-0.905840983023524,-0.2511267762864392,0.3576746613134673,0.101401100012839,79.24322634484741,77.09162353243205,87.56611585948363,1.7602167602139838,0.0986780859463698,0.0127237411472858,0.021508677552442,0.1278054228326564,0.2267446760378452,0.0060917655871004,1.0,-0.0005808884578653,2019-08-30,11.0,4,-0.0637486735361384,-0.0660158735856066,False,False,False,0.6666666666666666,0.0,0.0,0.103709093826783,2.047342231860716
TROW,Falling Wedge,bullish,1,0.7028953846056656,3,30,782,783,2019-10-25,2019,1,85.21767712047064,81.39064571049516,89.69979498800976,79.7621515677013,1.774567802223053,0.0470205313714815,True,0.0219289408622169,0.0113655077142553,-0.0358736900644451,0.0403670437791627,0.0007196196733638,-0.0137009626644896,-0.0445223707730142,0.0232854150254093,0.0002145261551911,-0.0146599386339196,0.0574370815621214,-0.2145057543921713,0.0413560315730638,0.035458962962342,0.0271192292061361,-0.0459753739666906,0.0552991568668554,0.0379174047636687,0.0150441359326232,-0.0520499228218817,-0.0070856473447693,-0.0391735432179793,0.0285953706811881,0.0447317116414271,0.0249255345956522,0.0525358488177436,0.0245623213994499,-0.0339042320674679,0.0009060009568564,-0.0739477074704011,-0.0005341242621946,-0.0139944872299433,0.01391262557934,0.0625393277367023,-0.026561177438051,0.0131313555879031,-0.0257605720618615,-0.0754286386561003,0.1146942429951287,-0.0381485014454934,0.0187892914064535,-0.0192004101505801,-0.010599448325668,-0.0402659906528024,-0.0241507015917586,0.0488029604850644,0.0573126772665317,0.0308389038513743,0.0957620368764664,-0.0232003898502384,0.0444418114823579,0.0101562731569153,-0.0173882314394852,-0.1375413380091821,0.0086628495000566,0.06697824296205,-0.0793756297002977,-0.0038223497732184,0.0034843357491327,0.0145036954822483,-0.0205012268830244,0.0561854720307133,-0.034912720510588,-0.0481312601641319,0.0246231345951546,-0.0468791702494205,-0.0697283439276791,-0.0297727874819508,0.0666354570742378,0.0690362302761471,0.0034810086565146,0.1394517101118613,-0.1799437428181215,0.0020903163285872,0.0790759449010496,0.0654209756706629,-0.0242577273717654,0.0724848042221009,0.0371396884929675,0.2084467788785868,0.1346278702181291,0.0242920175835206,0.1061416735029201,0.1156500034503595,0.1427358931656199,-0.0988769295712034,-0.2567077021942682,0.0784107594536895,0.0873389655838299,-0.0126334530318984,0.0979142643358053,0.0280961247305254,0.1709121046201274,0.0705261440944702,0.0813954734661841,0.1265763989060826,-0.250738722158617,0.1482454309942842,-0.0031763388854969,0.1770404426330694,0.1956604816071288,-0.2929479980597327,0.0644412964512683,-0.088224310278705,-0.1503935422657932,0.0498975052164993,0.1806011582325766,0.0234491461644299,0.0650488021905995,0.1583739862693294,-0.0786601870432406,0.0400136538988062,-0.0423489349223703,0.0007281126571776,0.1506630118664534,target,791,9,89.69979498800976,0.0525961046931944,0.064127137950831,0.0039314778249307,0.8215739847949012,1.001693729356609,0.0614113900944276,0.8215739847949012,751,0.720579964233873,6,0.1707559371321604,0.0801660860925246,-0.08275194285858,0.0,-1.085542438678152,-0.3649624744442777,0.2952529624184876,0.0812357599614706,81.39064571049516,79.7621515677013,89.69979498800976,1.683678564374219,0.0897508455123761,0.0188890681807278,0.0198876972691172,0.074400789539244,0.8549995422363298,0.0016764364471182,1.0,0.0209887546006366,2019-10-25,11.0,4,-0.0828180308474767,-0.0079752375286414,True,False,False,0.6666666666666666,0.0,0.0,0.0050292089364902,-0.15559848025976
TROW,Falling Wedge,bullish,1,0.8057400882099734,13,175,1460,1461,2022-07-07,2022,8,97.1991787751642,98.0012285235432,187.1237358439344,81.00863127860885,2.3456674363271954,-0.0081840785106721,True,-0.0601162719183936,-0.0359470578957068,0.00297513707273,-0.0015466576957081,-0.0554313516283754,-0.0291669980013208,-0.1334155090294875,0.0198833161306017,-0.0222561952829558,0.0202359259117881,-0.0392708403727318,0.065018405000343,0.0231041912971885,-0.0003516583807976,0.0057364327094107,0.0426968515743952,0.0356898149352096,0.0363204082430299,-0.0255776024775212,-0.0683103246189748,0.0251269616693721,-0.0752482292428503,-0.0514268758090609,0.0329206633978409,0.0031740427256383,0.1978730001027007,-0.0043112355490619,-0.053596981968827,-0.0537624195690954,-0.0096896784403669,0.0484337721620815,0.0032722408759127,-0.0060487763184617,0.0663120672963646,0.0161189912552541,0.0327753154476162,0.0390596596334886,0.0706929824801623,0.0225086082183012,-0.0619650503202171,0.0148136225196113,0.005995265807511,0.0432298391280763,0.0290902204647918,-0.0333676767406647,0.014548975073582,0.0539698070062337,-0.0154909872948896,0.0503182232798857,0.0545663977051604,-0.0567152327620841,-0.0007248604088003,-0.2105261205905021,0.0826446730776384,0.0379730529637041,0.0443715388139289,0.1268725643546913,0.0174726076275428,0.0411499574690594,0.0127553596434524,0.0345682426153033,0.0015195653755786,-0.0424179652900615,-0.0007248604088003,0.0675298513517161,-0.2418414679429682,-0.0054628773892154,0.0097222000319054,0.052817264530377,0.0019365042247836,-0.0216904021085211,0.142600979227587,0.242124905425132,0.1078351443648872,0.1027944393390289,-0.0641173224150428,0.0539895720800007,-0.0895195871408071,0.0266304532692582,-0.1884824893530244,-0.1122595663287016,0.0097995863358029,0.0231832900081689,0.0166212305936004,0.1053622466170254,0.1427324106006469,-0.0036586178073295,0.090851908399228,0.0524369362097951,-0.0350115987777999,-0.0533105389399596,-0.0265936648605912,-0.1066266156155482,-0.0327174208770729,0.0165362451359438,0.1413318145073541,0.0124610937190012,-0.0511044632919195,-0.0279023706220939,0.0689734854555246,-0.2315912218568182,0.1193855067842279,0.1412352180625997,0.0141473930380753,0.0741393778967269,0.0559172992364416,-0.0726597324454897,0.061022739075023,0.1881034393356582,0.1701122947162825,-0.0603980023597655,0.0754151840723824,0.0280443938817658,0.0532011048008806,-0.1454451555726382,time,1520,60,86.83515930175781,-0.1066266156155482,0.1226740240542904,0.1075624466369269,-0.6401277952837234,0.7364676455603887,0.6457460121333812,5.554139357418407,1277,0.5439227743256267,7,0.0827532678072306,0.2039296006240176,0.2494911576768383,0.0175438596491228,-2.242175694664606,-1.6982529203389771,0.7859678198490162,0.2530108861645564,98.0012285235432,81.00863127860885,187.1237358439344,3.2063023575092524,-0.2559343168466205,-0.0071762070710259,0.0329453275584154,-0.3782012973554328,0.934545343572445,0.0059919139688053,0.0,-0.0603013766132842,2022-07-07,12.0,4,-0.3163084530407641,-0.2085979661935382,True,False,True,1.0,1.0,0.3333333333333333,0.0462769796864814,0.9612376012244456
TROW,Falling Wedge,bullish,1,0.6528501279382979,3,21,1523,1524,2022-10-05,2022,2,91.86282721782548,87.76592506246857,108.07471871253917,85.24993296732907,0.9252063863714348,0.0466798720852186,True,-0.1172022386652917,-0.0664594373154615,0.0162398744539036,0.0280968524345965,-0.039102135038098,-0.0241936559052718,0.0506251075877801,-0.0062137493821191,0.0094326407193761,-0.0328204305870163,-0.0211202876984952,-0.0117417029924309,-0.0291051293808229,0.040750854327197,0.0089416295878039,0.0133736287190002,-0.0007777776358641,-0.0332794361367888,-0.0201424522094582,0.0419085023188068,0.0572001006145399,0.008214182452745,-0.1200165694777609,-0.089476978584542,-0.0705218117159492,-0.0402705032642514,0.0030290177381357,0.0170690098233745,-0.0253109575860851,0.0484337721620815,-0.0245970586137995,-0.0513184043146388,0.0052289323598595,0.1076116231624104,0.0413844831792284,0.0538780771551272,-0.0559504903790056,0.0096888362692266,-0.0081376371929522,-0.0301853216596563,-0.0015603860699392,-0.0129156258952481,0.0430396561049313,0.0776890614353977,0.016973518290092,-0.0981659587197565,-0.0578807463110485,-0.0558843791927083,-0.0929246606985348,-0.0916036484982302,0.0874156349004424,0.0072759745162573,0.009690338101788,-0.0728882327923899,-0.1005785417412252,0.1007198871314962,0.045040759729656,0.1453423935449072,-0.0052750534560522,0.0167614176681321,0.0665843832892489,-0.0597924038687146,-0.0560340791588889,0.1156247091681654,-0.0894079276062873,0.0876379088195524,-0.0537971690211526,0.0367629313748194,-0.062708477381198,0.1440275487309523,0.0594738248309112,-0.0214423285782902,0.1077587610862109,0.1077587610862109,-0.0087329599940638,-0.0831413325405038,-0.0726642377928479,0.0532360050190021,-0.0272962242079363,0.0037028676041295,0.1055647695564068,-0.0673343553963531,0.1540325924325105,-0.0268599124440884,-0.2506557940072608,0.0589222515158951,0.0512818063317883,0.1540325924325105,0.2139284153138965,0.0757490330165246,0.0770229812506291,0.1137843641467338,-0.0082369751207793,-0.0310422849993294,0.2265427393138062,-0.0301630021594981,0.2183750114573013,0.0322053302624114,0.1458513344240399,-0.1661556902259529,-0.0754788551469294,0.0165362451359438,0.1868922461690862,0.2155291395063436,0.0454087044693904,-0.0370063108475109,-0.0853068102552782,-0.2230358402603565,-0.0384890548375081,-0.0796210819480596,0.0940101219828934,-0.0339259923708326,0.1497089258829342,0.1354818471468957,-0.0431049255057353,stop,1527,4,85.24993296732907,-0.0719866179909299,0.0126024086059079,0.0779546519130931,-1.0,0.1750659908414612,1.082904768812935,2.4515576509478723,1500,0.7748538873898742,7,0.0778000316774336,-0.0493688741703607,0.0510343910380484,0.0,-1.432977685888392,-0.6581237984985222,0.2291103753626278,0.1385966090106345,87.76592506246857,85.24993296732907,108.07471871253917,2.843433467524395,-0.1626270513475968,-0.0611371282593391,0.0308281573709503,-0.2639868697227027,0.6145239729092694,-0.019424474256389,0.0,-0.0481195952187228,2022-10-05,12.0,4,-0.2336968177026999,-0.1601826926141657,True,False,True,1.0,1.0,0.3333333333333333,0.0244421240973921,0.9014846309884716
TROW,Falling Wedge,bullish,1,0.698658757998685,5,50,1778,1779,2023-10-11,2023,2,89.93680614925688,87.86293656234477,112.43584422492222,86.28838772941288,1.1820031687843673,0.0236034631672088,True,-0.0580267747789908,-0.0426017209464693,-0.0137622398072798,0.0104241838128937,0.0092154799459538,-0.0922055063437118,-0.1053993305481182,-0.0118730680623013,0.0160252726243339,0.0044473763225107,0.0094748691643891,0.0080606278041259,0.019270284693988,0.0246639545348048,-0.01125746331845,-0.019657163007057,-0.0847828745536152,-0.035813975040786,-0.0336135721190591,0.1936467292535293,0.0086787142674398,0.0205949612990703,-0.0538336378251239,-0.1020271420577004,-0.0576284315350884,0.0035569922550702,-0.046233761831042,0.0148583258529761,0.0447317116414271,0.0168805383776255,-0.0060487763184617,-0.0921967454349457,0.0131313555879031,-0.1091580173609394,0.0740212244587052,0.0088397508641364,-0.0357981318410414,-0.0062719350741827,0.0165836293922019,0.0119979556513356,0.0584308508941893,0.0143740464964867,-0.1026310089891108,0.0015019455238718,0.0215977922559214,-0.0971355291778068,-0.0886734460465465,-0.0893600628217015,-0.1400942629110596,-0.1271743287496468,-0.0520550517860789,0.0826154026030869,0.0633630004966143,0.0998531325568727,0.0836673247020742,-0.0525070238357088,-0.0010946396774745,0.0585329109508587,-0.1055846954556183,0.0395124162062263,-0.0986269750396812,0.0427035944376146,0.0224459894777184,-0.0689258722177063,0.0788864714945662,0.096234692162082,0.1142962025015221,-0.0848685057121049,-0.0912324351567544,-0.0398693755608974,-0.0885706157794459,0.1515318258654536,0.0901209304940096,0.1165538940795862,0.2394772699704979,0.1421677194166204,0.0878441471507989,0.0697719191330736,0.1289187274072747,-0.1638592372953859,-0.2282241608506432,-0.1126716063732722,0.1423232926246538,-0.0440138460172353,0.1159629014060745,-0.0466822466096148,0.0623879012761494,0.0865969571806934,0.026678843888749,0.1284194429119094,-0.0152241107025934,-0.0887734038087374,0.0395724589777857,-0.0509969324170633,0.1196970864736122,0.0126149874941656,0.0377652024302821,-0.0269023939594259,0.122569999477067,0.172523495017332,0.0752480045051136,-0.0296349298776332,0.2007524090745791,0.1586363327647542,0.0378636584192999,0.0333757911505809,-0.1031862799336417,0.1318311657153597,-0.0511044632919195,0.0841434937488783,0.104377328186161,-0.0090767700608029,-0.066178223679342,-0.0945797694161718,-0.0059643472341267,stop,1782,4,86.28838772941288,-0.0405664663451488,0.0,0.041790770913642,-1.0,0.0,1.0301802123477195,6.166792151166511,1726,0.8589122566688955,6,0.1671493045943047,0.2024042925072091,-0.1656086910803526,0.0,-1.265480998599261,-0.406568741930361,0.0944074819069146,0.168500391460911,87.86293656234477,86.28838772941288,112.43584422492222,1.993439849187869,-0.0491945759598986,-0.0378125909240264,0.0221521277899027,-0.0355050527062751,0.2472318801818669,0.0012396173889845,1.0,-0.0193746781824096,2023-10-11,39.0,4,-0.0627668240059777,-0.0898853317486216,False,False,False,0.6666666666666666,0.0,0.0,0.0558872997045943,1.3109556846425108
TROW,Falling Wedge,bullish,1,0.6647999933630233,13,104,2027,2028,2024-10-08,2024,10,96.20805164848969,98.1652454685218,117.27031851598532,88.77476684461871,0.6839737812697265,-0.0199377469153245,True,0.0283727278119518,0.0168226598272749,0.0680003188314239,-0.0220197538688217,-0.0806150729241085,0.0070985966453018,-0.0042947110827652,0.0122673082823847,-1.2429197893126798e-08,0.0181101663755558,0.0324074144825918,-0.0314976094242337,0.0034909344285487,0.0265783903284475,0.0883726315500266,0.0392359399716704,0.0249352696481592,-0.0323008567564293,-0.1306217927140596,0.0309955423307115,-0.0601162719183936,0.099609422437789,0.0238909351022217,0.0608792378898677,0.0431528679347033,-0.0289980629207963,0.0577685690118887,-0.0196853489781747,-0.0144915446718308,0.0816693861087936,0.0237429826325146,-0.082815748092199,0.0501030350489446,0.0374770913452044,0.0916460568967909,-0.0190530093738688,-0.0996201326837986,0.0161189912552541,-0.0217347837181135,-0.0233913710199705,-0.0062047978760265,0.0935606543864477,0.0159711008670351,-0.0225649254373825,-0.0386128701565742,0.0563349742586608,0.0759112972069409,0.0697350640307639,0.0554697829490744,0.0837141220622041,0.0247254674828969,-0.0270604627462741,-0.1125958713364465,-0.0001879399665158,-0.0299668559049794,0.014932174244753,0.0634905677426271,-0.053212904710408,-0.0245547731241586,-0.0518454527249295,-0.0399366314234449,0.0419210021476725,0.0503182232798857,0.0716410281380754,0.0314118601001554,0.0346018786962587,0.0918428254970178,-0.005126546848113,0.0649322225291733,0.1555806485503426,0.0953880728416627,0.1559717066431358,0.0967528174769078,-0.0338017082414038,0.0441825585029651,0.1140987059548404,-0.0617213718026981,-0.2029433655057586,-0.0535618654189384,0.0893399059591673,0.043879129771027,0.1433897181611767,0.0093923348198519,0.2268078705214491,-0.0826886363739178,-0.0419281182803146,-0.2050470978569446,-0.0826886363739178,-0.132688250898571,-0.0911191402316123,0.0597186523104156,0.1558133880934996,0.0886687659924505,0.0524095777723792,-0.0330950118382572,-0.1929498293684378,0.0684135037176942,0.0747439003339416,0.0148771482347151,-0.1407982684736483,-0.0677830341374869,0.0929696470788115,-0.168329642624753,-0.0900840284856965,0.1449558822361796,0.0333750630222382,-0.082693266778536,0.001522523736968,-0.1562796561343926,0.0598129461113421,-0.0905753975828983,-0.1647438512032186,0.1944873416584547,0.1659650568081838,0.1054792146768903,time,2087,60,104.73870086669922,0.0886687659924505,0.1819803027874659,0.0041338071337274,1.1476284634980072,2.355347713902584,0.0535033354324639,2.833507315168011,1913,0.5674177830677042,6,0.1199708977384342,0.1224832867685525,-0.0421690253755944,0.0098039215686274,-0.8214072238577813,-0.253989440790078,0.7115322697561055,0.2348731324645723,98.1652454685218,88.77476684461871,117.27031851598532,1.744471504406508,-0.0277580066692317,0.0033620189315075,0.0181050696683161,-0.0887140289781367,0.402060720465614,0.0008440790306805,1.0,0.047628367102555,2024-10-08,14.0,4,-0.0398900761174849,0.0124755260143021,False,False,False,0.3333333333333333,0.0,0.0,-0.0040863443173011,-0.0132894931896472
TROW,Falling Wedge,bullish,1,0.7061413948993656,5,41,2394,2395,2026-03-27,2026,4,87.30332089412418,85.61960098372288,104.00511099362234,82.52482057795271,0.8493495626005213,0.0196651221339072,True,-0.0013414181797504,-0.0307426288439567,-0.0411048501416684,0.0268841353038837,0.0162398744539036,-0.0194358667035985,-0.0749479042457129,-0.0365215728900358,0.0032646613907911,-0.0270812066597072,-0.0200251214502344,0.0217841837318948,0.0094569643013264,0.0332994351680426,-0.0103204245457949,-0.0103204245457949,-0.0059436675590633,-0.0125818919232522,0.0169275355827294,0.0175964345650743,0.0358496063517443,-0.0211080995789352,0.0035629917899699,0.055002881719155,-0.016844119366022,0.0672884515516232,0.0165158292882086,-0.0661146857427568,-0.0369763895000598,-0.0232873444939295,-0.0913288743788062,0.0320592985932082,0.0385623242255406,0.0244754594597607,0.0282065260162687,0.0335445924166222,0.0964247631974224,-0.0256455881615901,0.0120092142130092,-0.1640197379270558,0.0608792378898677,0.0478014957571228,-0.0374950414657054,0.0327560199416856,0.0584308508941893,0.0497985616304237,0.133147106891122,0.0158860381820997,0.0799852644081458,-0.0632349609660243,-0.0996543870535897,-0.0120436219571177,0.0721620939081644,0.0054297343969673,0.1045065113751235,-0.0455804879681225,0.1260327598201303,-0.0025238026284549,-0.0384650967439835,0.0566545981769095,-0.0716914041103954,-0.0583259330177565,0.0657130243302341,0.0617837791934905,-0.0240597017504669,0.1025431461101882,-0.038844918450195,-0.0341357203930002,0.1238345630571097,0.1606484986480469,-0.0119468973272265,0.0052896547885585,0.0569864103071726,-0.1039709354018698,0.1125200911969577,0.1638750069109125,0.0931552036606921,0.030772237055985,0.1012366933154182,0.087558285196917,-0.146762041656229,-0.0502589716644295,0.0063186996439836,0.0622313431396366,-0.0711309310530878,-0.3178867379190082,0.1430514331758787,-0.0185999075340854,0.0788447543827386,-0.1019805723131611,0.0333298694738262,0.1524195194127066,0.1901880759725993,0.0417464263068234,0.0115045876323147,0.2395399059676612,0.0327976166033041,-0.2949623451593506,0.0112682249527507,0.0376742701300338,0.0559172992364416,0.0041402043730904,0.0876358427121046,0.0808153938814502,0.1580377166066033,0.1231967303527197,0.008968486591433,0.1354306018484921,-0.0482023120281335,-0.2069676012474245,-0.0265689830063619,0.1162844809513372,0.1051351269537612,0.2506375341409042,0.1460739368979427,target,2421,27,104.00511099362234,0.191307614973238,0.1954165519310142,0.0207936902989944,3.49519493448095,3.570265315986307,0.3799012444558358,3.49519493448095,2349,0.7639016014301512,6,0.0474759337871769,0.0807748413067126,0.0861528741814581,0.024390243902439,-1.2577184441124611,-0.4938168426823215,0.2771406085169407,0.1384677687721914,85.61960098372288,82.52482057795271,104.00511099362234,1.9371323425341984,-0.1048303584295963,-0.0620536891260596,0.0224393902870486,-0.1195875019656417,0.1176459588536491,-0.0068713677360812,0.0,-0.0731326645167863,2026-03-27,41.0,4,-0.0597020154078655,-0.063031138002216,False,False,False,0.3333333333333333,0.0,0.0,0.0536239313738038,2.080897857142296
TTWO,Falling Wedge,bullish,1,0.6795399990300871,8,111,624,625,2019-03-13,2019,0,93.5999984741211,95.1535028230528,139.87837581011468,80.83254228953632,2.4302821809433186,-0.0163262970131599,True,0.0262820419292295,0.0212347482589931,-0.0872750679114938,0.0638822397313509,-0.005387497038195,0.0189220227783124,-0.0298759186883702,-0.07122268861393,-0.0979715030091821,0.013998303866975,0.0623267479284208,0.0390777664606156,0.0493982254451659,-0.0488973019434124,-0.0010402005882896,-0.0313760692381825,0.0215276380286282,0.0399100826446281,0.0130372659942781,-0.0231158635534732,-0.0439992388084358,0.0237627221613236,0.0309979586468928,0.0095085406427062,0.0112435873538636,0.0026027731699487,0.0327111143526983,0.085129363604208,0.042358246387979,-0.0222519147912774,0.0138372988223756,0.029428734372036,-0.0148404654493149,-0.0242491392609692,0.0579945801529855,-0.0361392829991593,-0.080819988534336,-0.062977800072612,-0.0226334566833189,0.0445283134028595,0.0558000973225407,-0.0579674363168394,0.0875243600908148,-0.0428461371429783,-0.1093379471782606,0.0106159749802372,0.0184829421488921,-0.0106242283008812,0.0032773168849853,0.0933759059240224,0.0029841071494491,0.0514951480645191,0.00404910222153,0.1052884246439325,0.0819148611515125,-0.0712952769170173,0.1108296402360453,-0.1585021884782207,0.0754865731712788,-0.0378165002330412,0.0567215179223477,0.1477185886617877,0.0025385201409784,-0.0288063271924734,0.0533796980096459,-0.033866316988682,-0.0901793142288339,0.1334462168789147,-0.0066190427022419,0.0910256881555036,0.0677371657261063,-0.0275238037109375,0.0823838882698224,0.0782705610326797,0.0501177953784757,0.0609044980763191,0.1767129698816927,0.0048604112665926,0.0355292989088817,-0.0100017048179834,0.2933197393008198,0.0482876921353274,0.0576254276769017,0.0285255566013269,0.0608506159573853,0.0156161158695475,0.1201452940299208,-0.0478317345846162,-0.0033813555433623,0.258651290860985,0.0977102974864922,0.02198704545169,0.1928419160898635,0.1660195518982996,0.1994267019428086,0.1511767435844764,0.207029494376514,0.0041214862642873,0.097882513255826,0.0779513423596469,0.1086914522256397,0.1884306571958471,0.251091777242902,0.0654961573894596,-0.1100311794168921,-0.0719535991163086,0.243538935859739,-0.0148878473863904,-0.1902054632612703,0.2259750682783323,-0.1520555808571013,0.1913431060262884,0.2143603895360875,0.1509821755545479,0.1009236995371415,time,684,60,111.6500015258789,0.1928419160898635,0.2147435769422414,0.0601495442863129,1.4137509297702626,1.574315054113092,0.4409646817676601,3.6247140124803696,513,0.4487158818846788,6,0.1439607184058874,0.2345911940200904,0.0677751471665901,0.0098039215686274,-1.44032547799746,-0.9916095961127808,1.0278085680590157,0.2056214970204629,95.1535028230528,80.83254228953632,139.87837581011468,2.78142820085798,-0.1631394530433806,-0.0144542724902232,0.0289641594940604,-0.2565035920057935,0.9544120930472608,0.0035614880384933,1.0,0.0264136656587248,2019-03-13,25.0,14,0.0855723638474574,0.1554249256776805,False,False,False,0.0769230769230769,0.0,0.0,0.0316665190906846,0.7451673472580395
TTWO,Falling Wedge,bullish,1,0.6955561062892986,5,58,808,809,2019-12-03,2019,0,123.9499969482422,122.4822890088618,133.1700794837244,115.41012137672244,1.212859195402299,0.0119830218005985,True,-0.0133924652971796,-0.0225011180117048,-0.0623525639923742,-0.0190174430042043,0.0094057813785357,0.0775625423784966,0.0151110166725649,-0.0187511154846986,0.0275177651263298,0.0735718478574316,-0.0251823658197685,0.0487989957106276,-0.0054419211107021,0.0087245154605386,0.035722181532118,0.0052721962093218,0.0414505373123754,0.0832896877883129,-0.0092518660648102,0.0428650802835948,0.0183958209807424,0.0031023982652929,-0.0309321198711659,-0.0111334996966093,-0.0396821148799048,-0.000464684673901,0.0148877947190255,0.0141836672413104,0.0759701777763737,-0.0208734929371167,-0.0200768970676762,0.1692742468066004,0.0227216901598257,-0.0469128586228083,-0.0250776971521584,0.0289806687967626,0.0038547591731314,-0.0984518777376438,0.072243286398248,0.0459194097568591,0.0008660064417869,0.0013397295690673,-0.0740303447913846,0.0694644235324959,-0.1005891305472833,-0.0177949435386851,-0.0150866894976074,-0.0658340733472672,0.0981873749352146,0.0535198568758679,0.0233948054412214,0.0456542514912152,-0.0222152590742082,-0.0542679521945356,0.1738029963541241,0.0292271058202817,0.1061753869189692,0.0421118316992736,-0.0281992360549868,0.1017142886207216,0.0302164881957043,0.183285712159769,0.0276850907360615,0.0131406858109877,0.1128116022674499,0.0400690827384286,0.0775736526947767,0.0317822635072646,-0.0693701909447875,0.0055667806244026,-0.0350246619582341,-0.1263690016771133,-0.0767698739232657,0.1496143523691588,0.1542419787707885,0.1072108677225966,0.018830651928883,0.309436384122649,0.023049533957302,-0.1071604661980774,0.0993764339647571,0.1578782305589052,-0.2103797333149969,-0.1240998124791512,0.084798972813795,0.1242696354898176,-0.0001171552744779,0.0069712086236239,-0.0334049742281761,0.0433711850048643,0.1660130984702084,-0.0327712952107019,-0.0959257739603925,-0.0956349724391933,-0.0500031081105418,0.1390746211522977,0.0861753494024042,0.1390918241812948,0.1264733945689915,0.0161959877369524,-0.0524731292248891,0.1844195638814196,-0.1289059066175651,0.0353579123770402,-0.013843513210568,0.147699774482908,0.0566789197266115,0.0762022765448899,0.0447550202879629,-0.1712564500227801,0.243479949957299,-0.131705258018092,0.1960180309778023,-0.1801333804852543,-0.1340908679398018,target,841,33,133.1700794837244,0.0743855003024505,0.0759177401677443,0.0381605150786262,1.0796506879129386,1.1018900197435493,0.5538717382854473,1.0796506879129386,750,0.3960973607647519,7,0.1470679621480601,0.0814005062758314,-0.0779151505368656,0.0,-0.7563100390403553,-0.3602126782756034,1.2634630092130437,0.1033242102937084,122.4822890088618,115.41012137672244,133.1700794837244,2.4242847987583738,0.0951614486184242,0.0113930654299967,0.0196920216614354,0.1036306341760482,0.9905211128065315,-0.0149093266106865,1.0,0.0070924159475647,2019-12-03,25.0,14,-0.0022422101613105,0.0151050460712442,False,False,False,0.3846153846153846,1.0,0.0769230769230769,0.0118240516529585,0.1926242510937006
TTWO,Falling Wedge,bullish,1,0.7798698098650064,3,29,1225,1226,2021-07-30,2021,0,175.6699981689453,170.9399948120116,184.64838347563875,165.19005802113526,1.8965112870126064,0.027670548148404,True,-0.0988785523893638,-0.1037610461745843,0.0416017626994937,0.035722181532118,0.0155291762464873,0.0329642699625583,0.0278191224685104,-0.012385224484243,0.0369720108920748,0.0101032925873716,-0.0315839442141622,0.0199455240441925,0.0239000835449858,0.012356467361156,0.0043137092139826,0.0178044521214248,-0.0892917072018461,-0.0038025989199469,0.0234837891657149,-0.0337477764902564,-0.0178626981598286,0.0568244223709797,-0.1074118681264022,-0.0872089271082939,-0.0998809219813235,0.095699484904981,-0.1059100340958845,-0.1059100340958845,-0.0061839066460095,0.0210386979401864,0.0543295170506583,-0.1744354256496019,0.0462255548571579,0.0024116308406325,0.0348042785575126,0.0730566893868926,-0.0014829486673983,0.0589328730717397,-0.0551347635503468,-0.0054844120880926,0.0568362604868166,-0.0742103658693508,0.0451259169295892,0.0405136123756457,-0.0125167773355205,-0.0865942195284801,-0.0890305661334791,-0.1115357605891116,-0.0912844870634237,0.0307831227170765,0.0533632013295264,-0.0101675363863001,0.0287043918980005,0.1269093736011537,-0.0333251040724256,0.0069207189939353,0.0105982228595826,0.093358237465722,-0.0840975897402466,0.0432795127387781,0.0876221029269912,0.1061352289491408,-0.0834829691664432,-0.0008542497540292,0.0657686814397133,-0.1090096727995332,0.0502246574809874,0.0292286170119138,-0.1050642891549851,-0.1538111490527555,-0.1622546360100484,0.0263942629549978,-0.0727504410880733,-0.1695714402533342,0.3485241210952032,0.1035554366629059,0.1521604264500571,-0.0070883597853117,-0.0885337428537981,0.065863798194347,-0.1964271078466855,0.0648854885785907,-0.0232180487840695,0.0166739155310946,-0.0233059691108946,0.1943913494139399,0.000705196739579,0.2449334436590129,0.0352426352051031,-0.2176517996228174,0.1023738736926929,-0.1816690009943825,0.0416690806655497,0.0038134199640895,-0.2254074096679688,0.100013025310732,0.0818640883864418,-0.1506337393541494,-0.0747024422690241,-0.0289285523550849,0.2500213267221907,0.1099857543716285,0.066046586039556,-0.0646040411191443,0.1184626393810699,0.2097029291710932,-0.0589147945489849,0.010487924933433,0.4226573597301135,0.142563121106038,0.0106092481729229,0.0677929592368968,0.2042199691777069,0.2222222010321088,-0.029003827007329,stop,1227,2,165.19005802113526,-0.0596569719191963,0.0065464175286633,0.1153868303281182,-1.0,0.1097343247245309,1.934171759243937,0.8567210480271313,1196,0.5560445530425769,7,0.1212148296825334,0.0427371515111598,-0.2028348258923845,0.0,-0.8118010360625031,-0.2557564830199325,0.6123738992355356,0.0883904829445049,170.9399948120116,165.19005802113526,184.64838347563875,4.232855660574777,-0.0384626155260391,-0.0184581159889714,0.0244081173178836,-0.1348465911240509,0.8612100610352093,-0.0060003779016405,1.0,0.0187722376127634,2021-07-30,40.0,15,0.2264028259893362,0.1611584914935098,False,False,False,0.0,0.0,0.0,-0.0699775034582939,-0.8104843205639627
TTWO,Falling Wedge,bullish,1,0.6496151565824984,3,21,1315,1316,2021-12-07,2021,2,166.91000366210938,163.20427594866078,199.2642887660436,156.98209052749826,0.9436763575482526,0.022706069996685,True,0.0043137092139826,0.0157071513370634,0.0665494478665864,0.0197700339293167,0.0401311520741529,0.0197341208620567,-0.0122601438002548,0.0623663781711747,0.0818691942340914,0.0250103034050039,0.0101454341167033,-0.0088702399417162,-0.0183553147513825,0.0248001207427788,-0.0409590263398562,0.0155304388414851,-0.0362107761178559,-0.0239124219818741,0.0114145013242823,0.0527698541107366,0.0272444823432249,0.016195574275994,-0.0123344464542497,0.0750703882594265,0.0836327949529368,-0.0073443006250321,-0.0940908147579788,-0.113586285715409,-0.0749583588651473,-0.0134185846261341,0.0665331759020808,0.0726773819610191,-0.0668152586055922,0.0560642127621355,-0.0648295984321444,-0.006840216664363,-0.0028607370030084,0.0292625763310687,-0.0085068384081998,-0.0537765431709573,-0.0226334566833189,-0.0028278198792972,-0.0248319854339962,-0.0562632266499727,-0.0007797037774587,0.0945617073765119,0.0295968026662243,0.0267687499698658,0.0403715434827303,0.0815558786293912,0.0231956031004816,-0.022209969677575,0.1274684003117885,0.1669037663487993,0.1600828806494341,0.0201980439743192,0.0,0.0159087637972765,0.0320971761919652,0.0240163015855707,-0.0500493387220605,-0.0851857672762863,-0.038474368089142,0.0132081405549686,0.1108257048720611,0.1685423343551784,0.0155956516106916,0.0472888840784115,-0.0129701788226758,-0.0233059691108946,0.0204981343618164,0.1216408505602746,-0.0515681718599773,0.1553593280987295,-0.0398177933080627,-0.1739078425369149,0.0787448005197437,-0.0386620066472414,-0.2060370571121645,0.0438589515527749,0.2040036579738096,0.1298387628936383,-0.0174324591439946,-0.0582837640926007,0.0628420421974813,0.107753333541265,0.0934709391701607,0.2096051966828123,0.0616173623120444,0.28420231916647,0.0208714081364487,-0.0727109620161295,-0.0533222033431292,0.0213775325357532,0.0410521453002852,-0.0405384214003845,-0.0592010812537567,-0.0854545362067945,0.1347364003599074,0.0168183287655101,0.1403235995956469,0.1298726279789717,0.0196499685752058,0.3342676820452277,0.2575853402846129,0.0631853535323241,0.1746733392303312,-0.0244919435186395,0.125033747907012,0.2287357282750086,0.1386808005859843,-0.0924967894446177,0.2513645466418355,-0.0648704950542229,-0.1377685204531016,stop,1338,23,156.98209052749826,-0.0594806357724913,0.0919057935493472,0.1720687831200552,-1.0,1.5451380496482865,2.8928537983051266,3.258921050702924,1292,0.6603883570631303,5,0.1035377078960002,0.1131528103508892,-0.073128982732066,0.0,-1.6922119829360007,-1.031823625872851,0.4421528517194647,0.1102012439111543,163.20427594866078,156.98209052749826,199.2642887660436,5.560714721679686,-0.0236292770062596,-0.0320434655998617,0.033239972173163,-0.0887848105937008,0.5249241536079614,0.0119221824004527,1.0,-0.0013860190387613,2021-12-07,40.0,15,0.1914035798725315,0.1329789189861643,False,False,False,0.0,1.0,0.0714285714285714,-0.1074832807346113,-1.116941773201489
TTWO,Falling Wedge,bullish,1,0.6591530967603201,3,31,1973,1974,2024-07-23,2024,0,151.7899932861328,150.95166905720998,168.2599945068348,146.62907625339926,0.7894877258385239,0.0055535936380082,True,-0.0117925644990218,0.0007060704443914,-0.0447818674992807,0.0105558520587432,0.0739287729781603,-0.0142656033341846,-0.0015432463690586,0.0162325460640249,-0.0428518141077239,0.0246649680814301,0.0116260197584208,-0.0159243575409158,-0.0479267435394349,0.1042503352238399,0.0186924303301028,-0.0177140040669239,0.0229349154901956,0.013998303866975,-0.027253363386271,0.0948852481774882,-0.002624873519043,-0.0059520976748528,-0.0203391355486064,-0.0769483707253599,-0.0282839031803514,0.0401733475698662,0.0109117237374807,0.0875243600908148,0.007695609656811,0.0197650245865983,-0.0307626884691853,-0.2044619944189202,0.0332677642636183,0.0087147719943181,0.0844516466051541,-0.0015128939365068,0.0186762675712617,0.1520102176639404,-0.0136339911099138,-0.001110300883467,-0.0749583588651473,-0.062951179811259,-0.0418001109532698,0.0482911332211701,0.0498859533323121,-0.0834571858176438,0.0198959378486041,0.0019680132247361,0.1446023093752431,-0.0371110991628735,0.0276118842706349,-0.0210062149706437,0.0078677009133731,-0.068130162551858,-0.0702551751962775,0.0097975829905838,-0.0400162615230008,-0.0716828537195058,-0.0810028127901122,0.0399320160670439,0.0683121862948048,-0.0285630079758103,0.023021495227067,0.0896373783867812,0.0963756101315209,0.0195176654850384,-0.0287345873394341,0.191104406396803,0.0063320348331351,0.010145652632179,-0.012701583829062,0.0030231452604558,-0.0635653751912884,-0.131420109488917,0.1398776868549858,-0.0172727180249763,0.0675172188145833,0.0100331539318625,0.108349619681394,0.0961944896851425,0.1311230421048925,-0.1178732405898517,0.0937097124191652,0.1019915686605068,0.1205650850826776,0.116176493027631,-0.11661991771707,-0.2330784190686747,-0.1407528868777576,0.0952336676766938,-0.0050890455161648,-0.0027605059040854,0.0205547830158683,-0.0436255328401844,0.1373953715522848,0.2770977284406362,0.0954321394168333,-0.0820203542447965,0.3267514325060847,0.094758493458271,0.0614953442154642,0.1826052716706607,-0.012195078884166,-0.051354511672332,0.0410521453002852,0.0637597095507156,0.1612182402451694,-0.0284217529020083,0.1122222173781621,0.2425549619030007,0.1074032484845437,-0.1391399437014342,-0.065772985182994,0.1410429386604061,-0.062739447793871,stop,1980,7,146.62907625339926,-0.0340003772383395,0.0219382171312007,0.0449962901005648,-1.0,0.6452345212941558,1.3234056135655468,3.1912935465227634,1942,0.5793500830212971,6,0.1484236154651987,0.1467432461349225,-0.1460555293210073,0.0,-1.2968481374009635,-0.7174980543796746,0.5590328420103472,0.0727643074350147,150.95166905720998,146.62907625339926,168.2599945068348,2.646429879324777,-0.003204668277571,-0.0199814542518086,0.0174440034421465,-0.0773580643951922,0.6693883397794013,0.0,1.0,0.0203411894466092,2024-07-23,3.0,6,0.2112350983398714,0.1463615712107189,False,False,False,0.0,1.0,0.2,-0.0483158557780391,-0.6713266178261837
TTWO,Falling Wedge,bullish,1,0.6332929702360495,3,28,2028,2029,2024-10-09,2024,0,152.33999633789062,152.41500854492165,163.0978524344307,145.71110365125884,0.5613712769282785,-0.0004921576145757,True,0.0168702073388427,0.0055289410468337,0.0219728652760102,-0.0239124219818741,-0.0194680720204776,-0.0327371330569717,-0.0128783274121383,0.0081624361869487,0.0189220227783124,0.0087245154605386,0.0246087115743884,0.0393576818632863,0.0248904500838045,0.0869047047780144,0.035303731255454,-0.012385224484243,0.0112823789487408,-0.0249355080824922,0.0684102976265574,-0.1202885923393263,-0.0398781619312936,-0.0131929212558878,0.0144270356754751,0.0569121594943144,0.0530564576445897,0.0872349555085683,-0.0133255531757504,0.0257632223364099,0.0488309896205452,0.006088322922751,-0.0624973754281528,0.0491577947278947,-0.0456961011847453,0.0375134724543451,0.0426543828780827,-0.0130915752049928,-0.0225960213602304,0.0771804359391268,-0.0338049772282745,-0.0129305098931864,0.030936766186477,-0.1204512845552884,0.0037511745097977,0.0270293696759214,0.0389556310717,0.0493770035042645,0.0937376862450738,0.0672168208087842,-0.0478838370109715,0.0136528085535045,0.0640236149609065,0.1753735543106371,-0.068519966220364,-0.1037982521849499,0.0026441015152491,-0.0694618899666702,-0.0396249771118164,-0.031642526820086,-0.0327933735740929,-0.0464836438287521,-0.0644096143412076,0.0566014323949293,0.1260495353483592,-0.0500493387220605,-0.0981455672730473,0.0212570451046538,0.0234336327064519,-0.1085506458409124,0.1076540816450858,0.2474071376358031,0.1937572270061742,-0.0237663016183653,0.1297834430182645,-0.0675676369254757,-0.0944444591872357,-0.0707367722963514,0.1413922719994294,0.0180753138253537,0.1062293882068465,0.0213495278831168,0.0074984793098329,0.116176493027631,-0.0233139215513716,0.0291333577386549,0.0192797037317713,0.1507465539761334,0.1063596981394856,-0.13752756388793,-0.0827967310073556,0.0940671082634734,0.0798707508900686,0.2214167024590043,0.2405146400842808,0.203010410290283,-0.2046469164872223,-0.1682631030662184,0.1395285490828748,0.0357999674479165,-0.0902280256978875,-0.0463747291649747,0.2225228647581851,0.2175572940262666,0.1211677469213174,0.0412012281734601,-0.283324309953739,-0.2580507651590005,0.102284083203588,0.0240630764414955,0.100013025310732,-0.1207422466084442,0.0846947245902582,-0.1437647868400015,0.1588055919796671,0.1890688231597521,0.2344490354783795,target,2040,12,163.0978524344307,0.0706174107598054,0.0755547462407427,0.0004594464166484,1.6228737747157989,1.736339734211833,0.0105586360706724,1.6228737747157989,2000,0.3998069990184888,6,0.0573043290790472,0.0646766169154229,0.3386162280131986,0.0,-0.7287763855414605,-0.3289693865229696,1.143891575803098,0.0782835954304799,152.41500854492165,145.71110365125884,163.0978524344307,3.050715855189732,0.0054957245252302,0.0140808669875998,0.0198278684719079,0.0114383746319715,0.4330718121853636,0.0003922947406564,1.0,0.0441727380811511,2024-10-09,3.0,6,0.0741485040474141,0.085304164621863,False,False,False,0.0,0.0,0.0,-0.0119723674027873,-0.1348444668564251
TPR,Falling Wedge,bullish,1,0.7147776356983696,3,33,1644,1645,2023-03-30,2023,2,39.02328369455797,38.15544840448763,42.74723443903312,36.39509427172791,1.0694168027557636,0.0227447278530283,True,-0.0539836572317102,-0.0651782173366719,0.0039052047977314,0.037403203242655,0.0132466300425231,0.0005954498035753,0.0246212507107925,0.006761814866647,0.0048070520652998,0.015410400244759,0.0197200277330078,0.0229675113787639,0.0383189121694362,-0.0503263342067328,-0.0103038152013424,0.0286164150512149,-0.0018396496668704,-0.0268124516765847,0.0734038819317408,-0.0563082981444635,-0.0030860177234115,0.0048070520652998,-0.0612790692059123,-0.0068361287511404,-0.0261115911783254,0.0126740126314082,0.0413926151125632,0.0067853291030992,0.0173275890493951,-0.1148516938645979,-0.0226014088602427,0.0307498185708841,-0.0535202658830989,0.0573743108419193,0.0079111886460272,0.0232526032020443,0.0254485013271905,-0.0002425560271643,0.0803709722067687,0.1588672231971799,0.0279600404740925,-0.0791100055465784,0.0524150198436332,0.0075403231051327,0.0315083501398316,-0.0223987271146148,-0.0379535992128815,-0.065804098945026,0.0461170533891701,-0.0885814706669985,0.0465407362532597,0.1236074493850212,-0.030762380675172,-0.0678654443946057,0.0484290862302825,-0.0279646128074769,-0.0198247449469854,-0.0420554319804468,-0.0614537320707742,0.0259478581302037,0.1363390317477857,0.0094302514236448,0.0549623359600803,0.0104394981541064,0.1103595431799999,0.0414020361192724,-0.103679646523827,-0.172806994435767,-0.0398826202864202,-0.0172087492442397,-0.0551663482988943,-0.0120265687103372,-0.0787175409653291,0.0350774741161248,0.1522187588653381,0.048100291944396,-0.1691307518637879,-0.0086573725309694,-0.0393602992042416,-0.1416674766029435,-0.1205897200129205,0.1517841018127474,0.2550780204176255,-0.0882939409536872,-0.0899675675548576,0.14297894607844,-0.1837152006597751,-0.3185929178210899,0.1216658063597757,0.1492837005537617,-0.1555802275221324,0.0002968749684533,0.0302404492816765,-0.0516312847596494,-0.4806345785813405,-0.0053585361594811,0.5588882179689905,0.0695218423320149,0.0890498295785537,0.1543639704538004,0.1817424425205336,0.1400808328496157,-0.0583643175550896,-0.1428508465913642,-0.0192974703029142,0.0224602060452634,0.0011597334603825,1.0262640550001554,-0.0147702245112802,-0.1380978159309571,0.1586623921934715,0.3345229133715661,-0.0655838816294482,0.4828395189097769,-0.0844894648894359,stop,1649,5,36.39509427172791,-0.0673492636704115,0.020980845196763,0.0792076086675117,-1.0,0.311523007874852,1.1760723777936413,1.4169263113711092,1609,0.5532747865538116,7,0.1412413511216625,0.1628093829791963,-0.1162104110393257,0.0,-1.0862141483055197,-0.5329393617517072,0.7526498464477837,0.1038475416877915,38.15544840448763,36.39509427172791,42.74723443903312,1.0887988545823402,0.1685792385101832,-0.0208954363777896,0.0281333855875591,0.4285402899177628,0.1978025663275299,0.0092988580770199,1.0,0.0186790632684963,2023-03-30,11.0,11,0.1698443751596319,0.0562514800227136,False,False,False,0.1,3.0,0.3,-0.0079526163549145,-0.3450206452310805
TPR,Falling Wedge,bullish,1,0.6267662348202705,3,31,2403,2404,2026-04-10,2026,2,147.95500816676503,142.6318906082281,162.41773303567538,134.1359441117511,1.0423231089104663,0.0373206688619034,True,0.0463945938498338,-0.0019218591872403,-0.0055336111755543,-0.0322510099106907,0.0625905124357326,-0.1198187040904202,0.0041974820934089,0.0212715641061018,0.138273390707196,0.0795981317168723,-0.0416667016810498,-0.0081753314017608,-0.0180785440972869,-0.0118662560895548,0.0785375408804813,0.032756299158047,0.116075103053419,-0.0053449637880819,-0.0463399061677753,0.0004415904832157,0.125869798615922,0.0933677451308681,0.0231993873508792,-0.0204779956223141,-0.0744040303795626,0.074631293545299,-0.0346948678799361,0.075644447961062,0.2131365785571464,0.0164058844238843,0.0707778323623116,0.0093324433572792,-0.124859942813436,0.012190063175554,0.0519299863746582,0.0662971360201494,0.0338515918230091,-0.1489092206091955,-0.0446088175109632,0.0030043293825374,-0.0014614165623171,-0.0770801109461818,0.0669511260342488,0.121883877415954,0.0117159095408125,-0.0402849018049079,-0.1038002301805117,-0.1926829227864578,0.0262486028223689,0.2629600176151372,0.0044762502343964,0.4208327725693237,0.0138503280474187,-0.0276954253558739,0.0829539825696743,0.2058144992095716,0.1553278028136344,-0.0314570760205815,0.3600407183656491,-0.0513276571718189,0.1532519366983666,-0.0733785047062604,0.0178391596649498,0.2764084691238375,0.0463033235009511,0.1288587364791928,0.0466978531966666,0.0007149492697695,-0.2047362671268305,-0.0512799049959596,-0.1425244411687213,0.2041179317554668,0.219173361217237,0.1864853641092658,-0.0447355564397173,0.0132483006199559,-0.04760190014678,-0.0411789656986483,0.2818449539973611,0.0952613940452136,-0.1155495834040881,0.1454427682848076,0.0024832063216266,-0.0595485813512407,0.0831897026614449,-0.4176676898207014,-0.5928198976381595,0.1619585635393752,0.3040715717809739,-0.1252229577369166,0.2710402512304872,-0.0774795168623078,-0.0563971758735957,-0.1595996178063508,0.435861329670085,0.1407561819646687,-0.0655838816294482,0.016210885834025,-0.1731860555543511,0.3759966499615592,-0.1696128080055778,0.4431817138104315,0.0952208635215461,0.1287297469110708,0.039743813801196,0.3524757011637245,-0.1274460338722015,-0.0789200606270857,-0.0284157195192751,-0.104010876104003,0.1726035499446954,-0.0543953207669549,-0.0138213867832708,0.133959275030649,-0.1323645543111698,stop,2422,19,134.1359441117511,-0.0934004480567363,0.0645897834354506,0.1354908413485775,-1.0,0.6915361197862285,1.4506444472972262,1.046577742988526,2370,0.4400513417571821,7,0.1989578034982613,0.1456711101472965,-0.202946438304103,0.0,-1.2289158061731602,-0.7888644644159667,1.199156879330325,0.1028087711233249,142.6318906082281,134.1359441117511,162.41773303567538,5.846790211524876,0.2570830713590994,0.028892419466094,0.039159776724007,0.2946553446123865,0.4264717432036707,0.000720797191918,1.0,0.0229042914627675,2026-04-10,50.0,15,0.0239959788397656,-0.0186464934061112,False,False,True,0.3571428571428571,4.0,0.2857142857142857,0.1142644951568102,0.675058316250258
TRGP,Falling Wedge,bullish,1,0.6922604072755856,3,19,653,654,2019-04-24,2019,2,32.486386367663215,31.145640444965665,35.31844780510494,30.845396085892546,1.3116273865752397,0.0430476273257776,True,6.220351268626523e-05,0.0011229425307075,0.0145887464226035,-0.0084094261065696,-0.0130044816310458,-0.007161416551109,0.0198459750748061,-0.0022500554397668,0.0156916480384903,0.0139021883229195,0.0700758578715847,-0.0948475236971726,-0.0057443701430054,-0.0466804072275838,-0.0097736520242647,-0.559316851413673,0.0211561963323474,0.031053909161316,-0.0036711610781797,-0.0327168095273598,0.0115581661227741,-0.0142101435764254,0.0300578840661519,-0.0107234705009356,0.0049891610161201,0.2059216044302239,0.0305870799322998,0.0299569820280913,-0.0111302828747489,-0.0629401635028737,0.2921835480314192,-0.0889467102493493,0.124600222535391,0.0293255131525465,0.0129455168185406,0.1068901676100042,-0.0386878095979286,-0.0665686484369643,0.0175533198149844,0.0235021601181608,-0.0151488700737102,-0.0313907222646026,0.0393888438489842,0.0243285754241571,0.0857025487132916,-0.0461271142738315,0.045462972459239,0.0676794174204932,0.0515152766663011,0.0098315688140744,0.1023135502418968,0.0071853578629341,0.0165960427228859,0.0489279623834841,0.1003081280747069,0.0094889083924456,-0.110024770063524,-0.303961177387303,0.0475007533518041,-0.036476031537393,0.0572209822597542,0.1536188900398865,-0.0817389581538957,0.0119880340202982,-0.0300577652019407,0.0529317260895518,0.2527507356309404,0.1421731597240776,0.0203583537626897,-0.0327961623769923,-0.0455994821868357,-0.0899334948715491,0.0081487805449818,-0.0426475912972859,-0.2174949983593805,-0.0426475912972859,-0.0839294504691311,0.1265987387127802,-0.0256263253362003,-0.0011905288891271,0.0632166780959164,0.0376113986076933,0.0486969631646805,0.1555748432882202,-0.0885191379911187,-0.014894150216282,-0.0735743872912795,0.0056175090854053,-0.0271681999577496,0.1840244535495345,-0.016354956422683,-0.0280715900094993,-0.0039507783430766,-0.026186360043953,0.0501892586803953,0.1186435129371574,0.0231436023484969,-0.0358678816798873,0.2528706296921119,0.012192194377945,0.0199634088862701,0.058397549474483,0.1620357444789242,0.3457958711552855,-0.0480414810763994,-0.0382233398688619,0.2954466002797542,0.0898279372087489,0.4078435572934014,-0.1815966071491602,0.0376864266314658,0.2163611309416404,-0.0039618555179553,0.020325405582628,-0.0941023615768988,stop,677,24,30.845396085892546,-0.0505131676758022,0.0712980949241352,0.0608894599059147,-1.0,1.4114754271941998,1.2054175714480704,1.725824624863627,632,0.8649180528005878,5,0.012363001241674,-0.0200678773246039,-0.0245443057695303,0.0,-1.1458983094651145,-0.2809802566645269,0.0953273757959742,0.1067965840464304,31.145640444965665,30.845396085892546,35.31844780510494,0.7099154031401496,-0.1178227212171848,-0.0132779003706015,0.0218956835681564,-0.2521146862573772,0.7647062123439068,-0.0029335340093824,1.0,0.0395203102984753,2019-04-24,14.0,15,-0.0696426671973438,-0.0138352981770137,False,False,False,0.5714285714285714,1.0,0.0714285714285714,-0.0150907046299363,-0.2357428332161636
TRGP,Falling Wedge,bullish,1,0.646807937559702,3,35,699,700,2019-06-28,2019,0,32.44767904424519,31.29045185539492,35.38572587962054,29.551210411135173,0.8910874308836303,0.0369833965389267,True,0.0020085464588648,0.0015368085673452,-0.0485287186223509,-0.0031991558459117,0.0908089609301256,-0.037075887299797,-0.0318153084842152,0.0133481489113134,-0.0784541819245109,0.0140143713329019,-0.006835569157241,-0.0181193479125587,-0.0276414382261409,0.0686986879570805,0.0771730764214497,0.0471399748642193,0.0331238944214482,0.0332838759170632,0.075280457659862,-0.0090462880453184,0.01548672526259,0.0145290248721892,-0.009100018692745,0.0339024021144795,0.0201839098292313,0.0143704503094699,0.0909092271030385,0.0126534056052391,0.0126302806371429,-0.051968829210149,-0.0771494959727974,-0.0851180230196121,0.0006767006890779,-0.0398574606742433,0.0612240463304269,-0.1442161247616286,-0.0444646606193618,0.0160152046313821,-0.0117548632251847,0.0262467796422107,0.0643294217714156,-0.1625853353231302,-0.0530220923661243,0.0196205390509738,-0.0880065500544998,0.0558757710872972,-0.0173280029012723,-0.0334395329769143,0.0733127439596847,0.136743059341734,0.0490017288096065,-0.03649048741166,-0.0010128010958796,-0.068790690341422,0.0489056959986822,0.2241867340441452,-0.0946193716250256,-0.0691623269949676,0.0080322647500943,0.0979932438187092,-0.0883367094351254,0.0922399560860665,-0.027313928308943,-0.0211367566842616,0.0154575463140664,-0.0466872113880288,-0.1208641811367552,-0.1348247842400972,-0.0191596891243034,-0.1523105809289913,-0.123053395597948,-0.3039612456739071,0.345530265279709,-0.1167525660098535,0.2000005462329275,-0.2199057749353146,0.2412590895111395,0.6083741215436236,0.1841720343272803,0.0632166780959164,0.2243800480273032,0.0880872245105222,0.0779449246716379,0.0140708839449272,0.1043770760497395,-0.8070054640477684,-0.1743164095284863,0.1815980264194803,-0.0378021033695478,-0.0192696620375113,0.063593449507084,-0.1881901380549364,0.0384646126161303,0.0365895212610509,0.3723682679286701,0.4052828162761168,0.0603283504937306,-0.0162000807763569,0.4783637192977024,0.2069106343628231,0.1458396707372387,0.1580481291533009,-0.6332139048028516,-0.0525108433438552,-0.0339274703864449,0.1786529284258209,0.1363431852952348,-0.0339921666057718,0.2677753330412662,0.2651094226224013,0.5000000631615076,0.0184030281347264,0.1459276766072865,-0.0078251231602353,-0.0896195692069852,stop,724,25,29.551210411135173,-0.0892658186479358,0.0640382190684183,0.0970320071621133,-1.0,0.7173879099343163,1.087000697823737,1.0143547911377462,664,0.5533041098119897,7,0.0918444072911737,-0.0275597492505954,0.0074031671244336,0.0,-0.8499789335768404,-0.2966748237648526,0.6524108497881701,0.1402329314213226,31.29045185539492,29.551210411135173,35.38572587962054,0.8963430335471992,-0.0815754025267321,-0.0042533901753353,0.0280182983523796,0.1557169120674306,0.7941148971341165,0.0031302740612939,1.0,0.0695865303234477,2019-06-28,14.0,15,0.1390082056464261,-0.0368585470946202,False,False,False,0.1428571428571428,2.0,0.1428571428571428,-0.070748879934707,-1.1983004601377938
TRGP,Falling Wedge,bullish,1,0.6270494384015521,3,23,777,778,2019-10-18,2019,1,32.928248211535,32.26779422392852,36.12752747757197,31.368741231491185,1.03320269634739,0.0204679000685059,True,0.0354698022804298,0.0281891695250551,0.043345368083915,-0.0226775447336129,0.0180381715945372,0.0444733271286426,0.0573522761194131,0.0142419091975625,-0.0035912784482253,-0.0292027366800754,0.0066314926594632,-0.0213388750437369,0.046800696183441,-0.0061865100739536,0.0315184738221898,-0.0101282485772944,0.0296109527789953,0.0132263667054473,0.0329412190236959,0.0055619860481421,0.0177273431907385,-0.0084094261065696,0.022473054136794,0.0397332689509815,0.0172898007955115,-0.0588787308197717,0.1104907919771405,-0.0970360610879663,0.0460009948244983,0.0305685157944408,0.0295911260081425,-0.0349706028344525,-0.0044559255977933,0.0702689934409603,0.0584155633740364,-0.0312229355786662,-0.0669923719667114,-0.1094688524536512,0.1235282364987058,0.3016095720044522,-0.0651983686550056,0.0071471731840357,0.0449279706132546,0.0297355661049829,-0.0370573558602174,0.0223831040024607,0.0176996426134936,-0.0236131517937525,-0.0201190355190307,0.2356178716771835,0.0808838612483842,-0.0103214125478491,0.0615676607709281,-0.0086250437587276,0.1446599873840788,0.0742608722395945,-0.0373851413407008,0.0730037995243946,-0.0524374182799789,0.1106907848471576,-0.0173280029012723,-0.0878604300876596,-0.0223233426540014,0.0961775961866506,-0.0149947187385939,0.0840719229673705,-0.02755157413697,0.0418607026074808,-0.0174928043609282,-0.0276640737186242,-0.0947267879874156,-0.094335078329479,0.0977884167947491,0.0592201158173133,-0.0835074324044825,-0.0241339015465968,-0.0391414480007825,0.0243741564834381,-0.0552349256632751,-0.0199562294884981,0.0798549483662209,0.025307002463117,0.0918687123159256,-0.1894049842876959,-0.0666204433694224,-0.0152019772161542,0.0935759269933294,0.0800578410884889,0.130095003653365,-0.0303362426191228,0.0179671658582603,-0.0317759050640591,0.058397549474483,-0.0430768973579902,0.1500654956694287,0.2803306715046989,-0.1601365158507558,0.0861453538665604,-0.1232647943752894,-0.1345781570542242,0.3509980338691774,-0.1670438330998839,-0.1485357757263569,-0.1004465355125888,0.1841799158127925,0.1609281562172577,0.0331087127089975,0.5395155477013147,0.0265112647999543,-0.8552574686556673,0.0278483557088011,0.9278171365653676,-0.0859300529068711,0.1793881005582467,-0.0001846311155649,stop,805,28,31.368741231491185,-0.0473607636223267,0.0770609686074812,0.0564373559266875,-1.0,1.627105703404521,1.1916479298505631,2.051468385186125,753,0.6127112651546834,6,0.1446971400057644,0.3080410067159691,-0.3432676401747533,0.0454545454545454,-1.289359181068608,-0.6766479159139361,0.4901692366148658,0.0757157913608628,32.26779422392852,31.368741231491185,36.12752747757197,0.9081520054743678,0.0150317766443068,0.0395925911525045,0.0276497835294357,0.0058505909469519,0.4830504639058589,-0.0015394504420209,1.0,-0.0010394063010468,2019-10-18,14.0,15,-0.2169954877797058,-0.1243722409035893,True,False,False,0.7857142857142857,0.0,0.0,0.0921327663485306,1.165887100594089
TRGP,Falling Wedge,bullish,1,0.615710455449357,3,31,972,973,2020-07-29,2020,0,16.432562568507425,16.431935573604676,20.526784262080582,14.12282664670694,0.6458512907864009,3.8157093541490994e-05,True,0.0873784201750276,0.0556607760803919,0.0013298625880577,-0.0433934364048201,0.0659049879397557,0.0155769600309036,0.0413085362644407,0.0907149834263796,-0.0520977833014906,0.0131303215390061,-0.0248845420723683,0.0020858282923743,0.037815180096856,0.0371525768997336,-0.0242515194481113,-0.033761651657946,0.0573522761194131,0.0535239559321258,0.0273844792294912,0.0814904293840241,0.0092264961257928,0.0198459750748061,0.0686057243721063,0.0798269385248093,0.0315513430118903,0.0100033793750422,-0.0183240334032371,0.0149721539867979,0.1046993176641251,0.0127052962786333,0.0219963304087118,-0.0322360628786061,-0.0001633609852949,-0.0197650648431869,-0.0906300635788577,0.0651619510629279,0.071458998747462,-0.0651983686550056,0.0162674126446555,0.0266926568597056,0.0776804645968547,-0.0103356957103124,0.0694799927713936,-0.0577179920075719,0.0161874140190463,0.0691802022071452,-0.0776700703394462,-0.1574148430972802,0.0086922302444181,0.0855727702762763,-0.0555535833838074,0.0616840787113261,0.2517053306955987,-0.1297258106154163,0.087189221597757,0.0616840787113261,-0.0050446645738947,0.2357117311253092,0.5038818038604231,-0.1560807117383305,0.0743046315842723,0.1135194203436422,0.0290079588929443,0.0677338317129061,0.1983936669714421,0.1959060629570486,-0.0658279001727794,0.1324562859676772,-0.1624305919978532,-0.2470335108277419,-0.2560264241144521,0.1393429076623749,0.0780938107583155,-0.8146957004540167,0.2043866008022248,-0.0399158131222174,-0.0858844016227282,-0.1344007706401491,-0.1374047749086318,-0.2085875039626442,0.1183087112274869,-0.0436176385987574,0.1356591019867188,0.0752197945846138,0.1380648407825948,0.1547753698341503,0.0226091332281481,0.0263098909996875,0.1838920210562573,0.1383495111201045,-0.0898659845145097,-0.2400654661386931,-0.0733552364369084,-0.1481904074073291,0.1431048657028868,0.0835793452711997,0.0607185474196521,-0.0785074953223506,0.1700929124261876,0.0913920720827876,-0.1790734746387838,0.1023297186274554,0.0415023265610927,0.0061292788159599,-0.2119717807175816,0.1882973329944635,-0.1032933895624612,0.1906817394374311,-0.0138084448671107,0.6113772545185572,0.0108272241521651,-0.1961544319359339,-0.0084292449825356,-0.0072809021509659,-0.1184309091285142,stop,999,27,14.12282664670694,-0.1405584741984815,0.1375404094272671,0.1645091663434575,-1.0,0.978528048284356,1.1703966429740504,1.772592985600549,941,0.4180413838662481,6,0.142194919166595,0.5913040302193167,-0.1063021143625476,0.0,-0.6887856603194149,-0.2707442764531672,0.9291190873132584,0.247617025539474,16.431935573604676,14.12282664670694,20.526784262080582,0.9327087174647428,-0.2611297439258884,-0.0192659001873389,0.0552982850531578,-0.4806719608624781,0.9230765844941248,0.0078216611860821,1.0,0.0543520091011173,2020-07-29,10.0,16,-0.2550364634843122,-0.1074677396617336,True,True,False,0.8666666666666667,4.0,0.2666666666666666,-0.0544278732930524,-0.5663827996861021
TRGP,Falling Wedge,bullish,1,0.653808211156054,3,45,1019,1020,2020-10-05,2020,0,14.491496770844885,12.508954554404028,19.83181568327717,10.949307213315592,1.5470676541945032,0.1584898408430832,True,0.0275228884367917,-0.0093102624173206,0.0604277593049704,0.074340664316175,-0.0025284757844303,0.041280746649696,0.0060534801070792,0.0792210801921033,-0.0866636751261034,0.0347626550611306,0.0864318530711103,-0.0428974033290669,0.0010415456215073,0.000519366937804,-0.0327168095273598,0.0154043427320891,-0.0190233735455254,0.0285117161918502,0.0339223872295957,0.0099009749296639,-0.1127524264592193,-0.0048343617697271,0.0190027860966245,-0.02018347638577,-0.026361551926695,0.3240439519875007,0.0741092276681214,0.0305024324032934,0.0149721539867979,-0.0063002411113638,0.0509248564991962,0.1435222942501623,-0.1186621784196424,0.0344054225290002,0.0353847942696057,0.0465174108673407,0.0150035322057726,-0.0724842093284064,0.0541492150029179,0.0545676376492525,0.0384009137152172,0.0714553784145668,0.2503610492793584,0.0651619510629279,-0.0036177819475068,-0.0753043669349756,-0.0108489628757615,0.0177174259047574,-0.0099209828645794,0.0655166320784255,-0.1274229726786293,0.1850492513858166,-0.1156929052361068,0.042478869163296,0.0593504374383013,0.1166353097066561,0.0435374413853797,-0.0375314930359418,0.0081696061759648,-0.039954054628763,-0.0347708376919416,-0.0701502277797323,-0.0092125581418457,-0.0180293970979343,0.1125931167936562,-0.0347708376919416,-0.1322463320315106,-0.0073962146470432,-0.0106605554058378,0.4532582289734872,0.3764439547338125,0.0910491981883614,0.1152577516246047,0.07815910442831,0.2814280246328409,-0.0561141061782216,0.1084058089094608,-0.0576785844482427,0.03477934341593,-0.094694797597806,0.0899089784959943,-0.0121472455269303,0.1866331487458676,-0.229557412282146,0.0877992520443999,0.0298702866692235,-0.663963410237399,0.0402594065612353,-0.275393996796087,0.7067200383717553,0.1615746995464353,0.4221434545451079,0.611448230537897,0.5124055625523407,0.0393799845180387,0.1259336755249096,0.0163806045122363,0.1573650290886445,0.0093774843508473,0.2633172748157339,0.0500263402371516,0.0500263402371516,0.2436345974352014,-0.1301686633521008,0.0837910245528492,0.1392110910339321,0.0970840382491411,0.2309745961633869,-0.0483496524474743,0.0788016143414038,-0.0088841388756959,-0.0905437212883347,0.0585902831849749,0.4014907981386022,0.523076300516867,target,1050,31,19.83181568327717,0.3685139635248964,0.3978607167679611,0.0654434632130788,1.5076321652749731,1.6276930408858448,0.2677365850761347,1.5076321652749731,974,0.5238875627630997,5,0.0304348349811887,-0.2972826347721493,0.0137286769841871,0.0,-1.5050796847567685,-0.9811921219936716,0.6118810685076369,0.2535833301653344,12.508954554404028,10.949307213315592,19.83181568327717,0.8698701710711687,-0.2482851500168773,-0.0689084844588678,0.0619198093905849,1.2281209564885749,0.868421845158471,0.0747729253793143,1.0,-0.0042324268145079,2020-10-05,10.0,16,0.2170690257596921,-0.1821378442987326,False,False,True,0.1333333333333333,1.0,0.0666666666666666,0.1361142853870817,0.5384730276545171
TRGP,Falling Wedge,bullish,1,0.6898128594983894,3,28,1689,1690,2023-06-05,2023,1,65.24347292967755,65.11368192252849,71.2872400060266,62.531069392172014,1.426123881279212,0.0019932985405968,True,0.0012849672364616,-0.0154258062310186,-0.3259463568304767,0.0079147768903209,0.0914009541782832,0.019099261820596,0.0210690636562154,0.0406350071659666,0.0808525631079082,-0.0132234663078385,-0.0476872183551223,-0.026940160096719,0.0596585546069146,0.0259974768011386,-0.0056720504136575,0.0848181705166872,0.0186766880347324,0.0258741373857589,0.0395966008803563,-0.0476090153131315,0.0273094945166199,-0.0494692712239273,-3.279331456962353e-05,0.0127052962786333,-0.0157333693535235,0.0244219781005443,0.0197381141761983,0.0076946195772722,0.0419442167942465,0.0187413694296449,-0.0680448725440874,-0.170435312147986,0.0388533196766769,0.0362869248214663,0.1868379379147933,0.1238630865133216,0.1763658941988151,0.0153703312754618,-0.0300057609634927,0.203333450921501,0.0558057419402047,-0.1062163822667177,0.0160520355014885,0.074288768121866,0.0458843787873979,-0.0228336957127974,0.0913635112568633,0.0489278753739947,0.0593504374383013,-0.172316482375573,0.0473075292335254,0.1068375696567225,0.1324562859676772,0.2241867340441452,-0.1156929052361068,0.0680216073763471,0.0819831017500969,0.163077960682239,0.0239623929912642,0.0967595143765358,0.0734966328173793,0.0277335417611077,-0.0103214125478491,0.1129590504381716,0.0743046315842723,0.0487960812946093,0.0747289823619994,0.1437685228790033,0.0282935224321699,0.1659804906330328,0.1070777564076344,0.399949742373177,0.251122588651679,-0.1493713947253833,0.1031748893622523,-0.0826059645090242,0.1607309199684616,0.0879698264276689,0.0521614700739649,0.5382911668463335,-0.0035844683057225,-0.007081455613126,0.1234118721996775,0.0196995756033984,0.1151042574413914,0.2064193265506944,0.266304645123494,-0.0616001828018374,-0.0617669321652519,-0.0580068936779081,-0.7213194857969962,0.1070303154816857,0.2382349860580344,0.1772621372438001,-0.0640113280934774,0.141604412010257,0.1582181158166127,2.049916078627868,0.1963239149140323,0.3657686402313804,2.0767397438908537,-0.030385002716869,0.1437338344061007,0.2024531663741731,-0.0785074953223506,-0.0138084448671107,-0.0164359853152727,0.2731352671354849,0.1148238670488983,0.0382796079750853,0.2309739727845514,0.1069472802867153,0.0108272241521651,-0.1196329061952915,-0.0511132120991559,target,1707,18,71.2872400060266,0.0926340491234012,0.0932190769307665,0.0087078532295411,2.2281961340852674,2.242268245917144,0.2094565128681605,2.2281961340852674,1660,0.5421625877581765,6,0.148832550793246,0.1211591431324854,-0.0277128099531299,0.0,-0.923683825853854,-0.3815212380956782,0.7127176414201374,0.0871351799441829,65.11368192252849,62.531069392172014,71.2872400060266,1.647217797122429,0.003538526313221,-0.0188238594482972,0.0249445610637792,-0.0431897613722488,0.1650940001151585,0.0124493795301232,1.0,0.0350677502264606,2023-06-05,15.0,19,-0.1403897969941925,-0.0626449618202927,True,False,True,0.8333333333333334,3.0,0.1666666666666666,-0.008368258788924,-0.2587533543434617
TGT,Falling Wedge,bullish,1,0.6773404106365488,3,32,1258,1259,2021-09-16,2021,0,210.04628853208845,208.9649062088633,233.01955192595312,204.8819205012844,0.688500575494402,0.0051749470417978,True,-0.0113261781629714,-0.0074152543107274,0.045593222812672,-0.0248364412896019,-0.0187295076129412,0.0567656650356209,0.1132075311334146,0.0483748555588214,0.0119185524814242,0.0107072422166212,-0.0256270980729378,0.0008942585424607,-0.075956839017931,0.009262838026314,0.0334591517404154,-0.0110022131245106,-0.0223781565793169,-0.0173630304265931,-0.0304090355450831,-0.0033513359219016,-0.0119879848985786,0.0292938389400647,-0.0172179538628931,-0.0679567910243404,-0.0324898711201343,-0.0049610717321086,0.0633241528940493,0.0478267704153383,0.0128865458499551,0.011474550721396,0.0649902385081251,0.0851461234191741,0.0122977292687342,0.1077653946391128,0.0563944237627729,0.1549600671267967,-0.0031759564023617,-0.0085114022212656,0.0179853876138722,-0.0554411076717102,0.1226391157862811,-0.0619686317994951,-0.0409364749946371,-0.1596278307477101,-0.0577111104934647,-0.0862246367214832,-0.0136890984283305,-0.0082498379558443,-0.0639996952905918,0.0055260613633498,-0.0469012538146648,-0.052526790404217,0.09317024911183,-0.1286875897139849,0.0929345581918099,-0.0771523745043393,0.0438735958129739,-0.1998794758086756,0.1321016346607026,-0.1602559648664285,-0.0224903682043912,-0.1311217913174185,0.1604431063857303,0.0769334301026796,-0.0940862551250371,-0.0099498208320709,-0.0244839844426832,-0.0022728590648952,0.0067521809596855,0.0430229493522587,0.0006557496324117,-0.110651004342052,-0.0222536870731385,0.0102256136588945,0.0098990035397565,-0.0039842381769972,-0.1902841885109447,0.0092013891878808,0.0462304396186137,-0.1248009466793453,0.0873562894050179,0.2429521938301937,0.0880492031043194,-0.1725721501376835,-0.0073447761908858,0.1076805775646891,0.1424097505197279,-0.1107177089215613,0.024580827794632,0.1191194393858072,-0.1825364685809849,0.0448949714024617,-0.0263038105493175,-0.0843367532432709,-0.2007564636453715,0.2956391755640799,0.0206281728675825,-0.022061260478897,0.1377865602145649,0.0893198985388152,-0.0991920684516987,-0.1545439742563352,0.2773616673209007,0.1982362457586333,0.0782337116249112,-0.2285623775105669,0.1215420878639752,-0.0863065097147824,0.0208635442532754,-0.1232004367026897,-0.0420115256228663,0.3249726763193807,0.1339110572626645,0.0801578699110263,-0.0674047131051476,stop,1265,7,204.8819205012844,-0.0245868092547378,0.0125483881415738,0.030882135852347,-1.0,0.5103707443923714,1.2560448788773215,4.448417164856414,1226,0.6725364768767595,5,0.0524652839354017,0.1003978125019371,-0.2535641048461654,0.0333333333333333,-1.3769080767504878,-0.7043715998737284,0.3475105531949651,0.0721671354980097,208.9649062088633,204.8819205012844,233.01955192595312,2.6785287069317008,0.1638126321524595,-0.0225648236069181,0.0126746304392245,0.3841240240352781,0.7999988902698798,0.0044646118143063,1.0,0.0181930284617084,2021-09-16,27.0,6,0.1956306525801794,0.0702173088967061,False,False,False,0.2,0.0,0.0,0.0402968287668087,0.1485823086277297
TGT,Falling Wedge,bullish,1,0.7168499354262261,3,18,1314,1315,2021-12-06,2021,1,210.05980382389208,209.736623747046,238.04607482248596,203.9577754053436,1.1535971981990465,0.0015408852830389,True,-0.0427583763742049,-0.0474094431192233,0.0039389672466869,-0.0321512707969829,0.0238051713159848,-0.0177990810382515,0.0175121903059634,0.0592024954974472,-0.003169385530947,0.0334591517404154,0.0193795227848723,0.0534532541896684,-0.0019314228510682,0.1005418584722455,-0.0419545546439062,-0.0098664079416047,-0.0763500504099419,0.1334550095565019,0.0472258838677379,-0.0551296389478925,-0.0374382287313082,0.0361462886336005,-0.055374864010166,-0.1039940039752024,-0.0871306646657713,0.0298996833479361,-0.0245948193136995,-0.0762137937105031,-0.1006537387892486,-0.0898908630256194,-0.0086761763650308,0.0311341595046459,0.0082920129580885,-0.0041903098817168,0.0064447643542138,0.0182353465509805,-0.0400990689891209,0.04889815987247,-0.014136691792882,-0.2375224305355254,-0.0703966300772821,0.0410485494283661,-0.0061696169483039,0.0355549226922646,0.0182452686476337,-0.0822544403715857,-0.0427583763742049,-0.0746648553837066,-0.1154671456353807,0.0851733809344863,0.009051942722817,-0.0763933334473814,-0.0071346227701938,-0.0098988275351472,0.0178952896286188,0.0423360597172373,0.139852256540629,-0.0070259474215189,0.1084431182968921,0.0916704198811819,0.1133150575665904,0.0656953273415694,0.0331317700066151,-0.085834011346604,0.0283216874348899,0.0841902490632813,0.1002593470622292,-0.0334940743549629,-0.0719627735584974,-0.1104526633056256,-0.0987102964894923,0.3000096428140695,-0.1358514113496618,-0.162778177614266,-0.0571575043530032,-0.0264445217953708,-0.0620853947365069,0.2280780285686074,0.1067052397609471,-0.0742409328161211,0.1643188123436982,0.0042335310664531,0.0884944367700926,0.0359036554539562,-0.3593472948032571,0.0718636657628912,-0.1211920219774359,0.0002764561149071,0.0740854025190935,0.0690488213214157,0.1683428532625175,-0.1260658276212769,-0.0810201561939597,-0.0225174213500957,0.1125127660742102,0.2673509200143917,-0.1560242694285877,-0.0737250313174538,0.0877849162483681,0.1196040660636736,-0.1588959475155882,0.2091451829148862,0.3599356038809023,0.031619060861052,-0.0269924101713178,-0.1451544101468904,0.2550068742534697,-0.1996016176679114,0.0631334946949591,-0.1420719160514293,0.0620623079536952,-0.1152435631005139,-0.169905766347866,-0.0715081179324106,-0.0964717633579416,stop,1317,3,203.9577754053436,-0.0290490056044433,0.0110368651329409,0.0359728340240094,-1.0,0.3799395161138569,1.238349928870096,4.586388177662885,1295,0.6658005689599716,5,0.0760629828469006,0.1075989984503393,0.0971051236788109,0.0,-1.0928661742088497,-0.4270656052488753,0.3350677820497922,0.1062119350632989,209.736623747046,203.9577754053436,238.04607482248596,5.647067765754618,0.0575003268506539,-0.0152183971436578,0.0270668145216115,0.0405648750787479,0.0995396658488273,0.003594862976896,1.0,-0.0207885135845302,2021-12-06,27.0,6,0.1828261420812029,0.14554272609247,False,False,False,0.0,0.0,0.0,-0.0770571184596319,-1.8114930831153384
TGT,Falling Wedge,bullish,1,0.7626324438185016,3,34,1533,1534,2022-10-19,2022,1,135.9189840480607,131.91641408757073,160.1116001478481,124.5078646731298,1.73643265681937,0.0303417128806497,True,0.0691758041033816,0.0311628140560729,-0.0404373587344731,-0.0299054197883386,-0.0217744333092331,0.0125089876207946,-0.0083784850432702,0.1040868829708243,0.007582612597923,0.0651279576312748,-0.0063320978024116,-0.0302591271751593,0.0675484986789769,0.0727224268401771,0.0517192650526419,-0.0472520742812178,0.0088895652022529,0.0762710118875145,0.0326913866111377,0.0120111087190837,0.0489944359095484,0.0124424645787668,0.0497629236950409,0.0270548549130213,0.0084694116330774,-0.0141361537894127,0.0266667649618705,-0.0593801782753987,-0.0619686317994951,-0.0624351905474452,-0.0279202990898821,0.0467876567304093,-0.0167873931679163,0.0127546020608466,0.0968440950919233,-0.0121006005105853,-0.034658019552936,0.0573967100514734,0.0147173038280092,0.0324445245834186,0.0652307484453247,-0.009165983841423,0.0014889098849466,-0.0115648124050835,-0.0186648988348918,0.0257773972218337,0.002982453362788,-0.0715221670815147,0.0685009488725429,0.0646429893869362,-0.1055969697200437,0.0398561486737636,-0.0280387407155228,0.1098940437636986,-0.0633372436414979,0.0970719145840117,0.0764133852220412,0.0520078064408433,0.3267179067719854,0.004300364661762,0.0107048955160871,-0.0532236788311414,0.0400400181440827,-0.0111585271247615,-0.0861092625773058,-0.1037236210661646,0.0431772061701405,-0.0500914297770483,-0.0186199543749324,-0.0477890994076009,-0.106479800106918,-0.0300741395745746,0.0256944080592997,0.0404924958660166,-0.3593472948032571,0.033489748071628,0.2558030398450248,0.0591526087806855,0.1041751057181648,0.0401188512508747,-0.0145905666864003,0.1510367969332202,-0.0763579025115778,-0.1449310438700298,0.103572472703723,0.013935822736089,0.1781214355264067,-0.3945730809413215,0.1115035610680856,-0.0912408596255682,0.0644819105019416,-0.0513122678600224,0.0457546451736805,-0.0400169574917521,0.2643794135369348,0.1247615939076989,-0.1683575233702016,0.2881056434545714,0.041135345624778,-0.1581361174872332,-0.1602142151006955,-0.0175642977130451,-0.2461794909341129,-0.0583470013354662,-0.1184636618478629,-0.3754121671312581,0.0720116238970671,0.1220059189565201,0.1586298154157028,0.1751275329432506,0.2311474821109127,-0.3887353854537264,0.0620623079536952,0.1512935548963925,0.0457921265574844,stop,1577,44,124.5078646731298,-0.0839553021592329,0.1642001383793308,0.0841100713694704,-1.0,1.9558042691324284,1.0018434715408913,2.1200914042610197,1498,0.6474996922380336,5,0.0803252553251174,0.103072984854478,-0.1076721288100688,0.0,-1.1176643285967311,-0.4701646363586985,0.4535550856173078,0.1694694502345295,131.91641408757073,124.5078646731298,160.1116001478481,4.976868626265701,-0.160407478739177,-0.0354107190462166,0.0367554648552725,-0.3702533891335962,0.3103436612095749,-0.0002545731489005,0.0,-0.0235565875584929,2022-10-19,54.0,6,-0.2036904144684342,-0.0606561233863702,True,False,True,0.8,2.0,0.4,0.0066861403951151,0.5551790009125905
TGT,Falling Wedge,bullish,1,0.6788011275842093,3,34,1582,1583,2022-12-29,2022,0,129.09905553454917,127.07672846444234,162.3915895801556,121.0586139913504,0.6319979983379056,0.015914220444168,True,0.0877540793039433,0.0682079513177653,-0.0028759740437348,-0.0828374809831574,-0.0165361100887745,0.0328808454396829,-0.0798497300785923,0.0091930555278962,0.006613354522249,-0.0493413328721097,0.065132743784732,-0.0263992327617006,-0.0717399032451672,0.0077419251161674,-0.0298844933658337,0.0248841930008394,-0.02026799601917,0.0094729628755725,-0.0717399032451672,0.0124295269854337,0.0320714280296998,0.0298414183602102,0.0988146144569895,0.1179789948967331,0.0710579918210934,-0.0811803713893494,0.0622334011028682,0.0192741586917499,-0.0838025919185389,0.0682783310897814,-0.0113643773861547,0.0859208371973447,-0.0378756827583398,-0.0231472056745384,0.0215277659307644,-0.0291531053782687,0.039081500301104,0.0691807978686254,0.0409938304564809,0.0045808726628453,-0.0431340393790627,0.0073921833213943,-0.1523653000478031,0.0482993159203153,0.0289910567274838,0.116292426029798,0.1456909787495151,0.0932790862496562,-0.0005139211087046,-0.0719769412863086,-0.1589453443987721,0.0652993087744087,0.0187066219370208,-0.0170001602412398,0.0222678777672931,-0.0613743811572086,0.2134435594181398,-0.1810986484358857,-0.0146694906243038,0.0033086976651326,0.0454782606172923,0.0025097403713465,0.0612824390281014,-0.0228300468090839,0.2017883364859811,-0.0106309989540651,0.0894975582411514,-0.0554140470786066,0.1392345577389306,0.151644313908372,0.1106079518486831,-0.1425993046622325,0.1390112508742675,-0.0145905666864003,0.1416051306376327,0.0272935661764763,-0.1932479872489132,-0.0272380485699357,-0.1316843909038495,0.0926134204590702,-0.0150707066674927,0.0258516638977646,-0.0756119812090519,-0.1800906570517975,0.1233600233968921,-0.0505567262413201,0.0388061175385008,-0.1384367322228176,-0.0300741395745746,0.1933582237673672,0.0647443889083583,0.1592721866774748,0.0919774026158273,0.0487086635590638,0.078723093839381,0.1014394101304194,0.1665869323352238,0.247906373748953,0.0137277631481436,0.1820365511690675,-0.0101761310971613,0.1138432352490721,0.0343573793407727,0.2723339182022539,0.033730882347964,-0.0737250313174538,0.1509069720794973,0.2657978155369969,-0.273607681853702,0.0141872363771766,0.2124555754563128,-0.1414219035806959,0.2114286339126234,-0.1089553112675658,0.0173986169279633,time,1642,60,140.97325134277344,0.0919774026158273,0.2341238236695371,0.0029205507590789,1.4768089220508531,3.7591423743937766,0.0468929899697779,4.14063504681131,1548,0.7044804392484658,5,0.0140052607865284,-0.0184766166309322,-0.4743782266926686,0.0,-1.0437725520140309,-0.3392921127655646,0.2524874957745637,0.2239337568365061,127.07672846444234,121.0586139913504,162.3915895801556,3.0464315302135208,-0.1313425955132927,-0.0579144302595469,0.0234163169108379,0.0637712853545682,0.5359679455513491,0.0080244131509397,0.0,-0.0551395509824588,2022-12-29,54.0,6,0.0220820870670634,-0.0442341701332428,False,False,True,0.2,3.0,0.6,-0.017548969640571,0.2003979761562271
TGT,Falling Wedge,bullish,1,0.6097016018929269,8,77,1962,1963,2024-07-08,2024,0,135.89408540000665,133.84321291944548,170.2018225757671,125.00663118409624,1.326770887721777,0.0153229471695026,True,0.0222974654726337,0.0128233856982025,-0.0255837326878229,-0.0119879848985786,-0.0173630304265931,0.0065004698715296,-2.549369970683557e-07,-0.0155246981208929,0.1081700873841764,-0.0586362353639542,0.0144330348835977,0.0558154530980588,0.022647521969545,-0.0163806702517568,0.0093578304417145,0.0199301126522413,0.0250308192374686,-0.0290412009044657,-0.0209994847186569,0.0113468969542549,-0.0050994105682635,0.062236092664933,0.0155548846586568,0.0204054729333975,0.0232996983621222,0.0143088893363088,0.0383764096890082,0.0389731149875671,0.0409171613964451,-0.0072976671452604,-0.0262631719023671,-0.104596998735298,0.0739176478978418,-0.0364047619504492,0.0493136549482595,0.0436637040785889,0.0906987576754188,-0.0124438683308943,0.045119884780471,-0.0517645129514434,0.059132855500543,-0.0024409603173148,-0.0152134033379621,-0.0370278869305441,0.2830738147842393,-0.0037966602402603,-0.0954728383092979,-0.0255774767498039,-0.0919353823939603,-0.0443737064826453,0.1377691959384053,-0.0192295154937487,0.0260399293589779,0.0483572059198293,0.2201063462533163,0.0300281657236787,0.0557354454145357,0.061907400271042,0.163717232682591,0.0633484340308618,0.0438381359565609,-0.002988975800532,-0.0630391484631162,-0.3393900457624884,0.0536147119345757,0.0153968396292587,0.0842687622835443,-0.1154151941727867,-0.111860630150693,0.0336972538725437,0.0412116082384831,0.2367991247199825,0.019282325685195,0.114138256531368,0.1029478714640024,0.1459060128133511,0.0784895798669598,-0.1227869007814621,0.2133169557227805,0.0546497401601093,0.1212021187184053,0.1451552577270096,-0.0523556521807395,-0.1141508765601834,0.1627028921194668,-0.028042526479503,0.035849896470377,0.0437936680343691,0.1657153402416995,0.0455195639421788,-0.0844812765797854,-0.0304853147092353,0.0364211617069252,0.0110658028971273,0.0543989538613485,-0.1432574410838203,0.1752495002536613,-0.2051100774055694,0.1377472694372521,0.0769386023419107,0.2351628810699855,-0.0557812901655752,-0.0310463451400713,-0.056251660183595,0.1609199906821394,0.0362652602311932,-0.236168085217756,0.1713551644901019,-0.0221881405243511,0.065633987178477,-0.1996016176679114,0.1642816747291473,-0.048176956946794,0.1615608987384384,0.0143245332730146,stop,1982,20,125.00663118409624,-0.0801172043938702,0.0590544269232025,0.1052701168025523,-1.0,0.737100443905664,1.3139514489924775,3.151125735677014,1885,0.5011704110247861,6,0.1429538838408522,0.240338662669554,0.3956267916076557,0.0289855072463768,-1.5715401163385312,-1.070369705313743,0.7621089826733706,0.1364313891816231,133.84321291944548,125.00663118409624,170.2018225757671,2.8274077318376505,0.0541168556020337,-0.0186723239531176,0.0207052333816812,0.0755996828469449,0.2224895141654619,0.0426365211003048,1.0,0.0419168247502015,2024-07-08,52.0,8,0.1501786157260012,0.1049799029503848,False,False,False,0.1428571428571428,0.0,0.0,0.0104802698923012,0.1475060953935648
TDY,Falling Wedge,bullish,1,0.6130459264505782,3,20,1866,1867,2024-02-16,2024,1,429.4700012207031,428.9679931640626,452.6080078125001,413.2526310154645,1.108260646485377,0.0011702692616708,True,-0.0075441596040837,-0.0241598853210402,0.004040188486277,0.0202559835701838,-0.0102691057322239,0.0323705486138536,0.0248506433823529,-0.0303134320468304,0.0399637920215074,0.037233455544247,-0.0210686466264691,0.004005041283198,0.0793823158879398,0.0326826270941187,0.0606657245733865,-0.0173153782454118,-0.0462871216029728,-0.0351914937086076,0.0652475456176542,0.0434123277669895,-0.0094812851605036,0.0309657519320067,-0.0228016337366185,-0.002374994786068,-0.0316685134611758,0.0032137784295784,-0.028366651458401,0.0290690971545062,0.0558800473684846,0.0400672089638505,0.0192505122003303,-0.0205344737852777,0.1,0.0039408695291467,0.06934369270767,0.0364464869463538,-0.028366651458401,-0.0366285026478796,0.0308223701115035,0.0280556817375308,0.0226295789389334,-0.0115012155080628,-0.0245806427371706,0.0338182695943694,-0.0096145705241428,-0.0180222390642141,-0.0344378152208151,-0.0680579700147576,0.0402363287533089,0.0494615448991546,0.0466113962937404,-0.0500638725504869,-0.0277528911079115,0.1561238693303339,0.0443453043898542,0.0470400724642832,0.0554982257477127,0.0107282903552441,-0.0405358787667138,0.0622433011963756,0.0517920301529806,0.0096400825926354,-0.0824030857591034,-0.0149632359883051,0.0128514882829786,0.0132221372387408,-0.0616043122659119,-0.0058285536130335,-0.0502699273031089,-0.0662910125032749,-0.0811074998505709,0.0723941243509118,0.2557482478185535,-0.0662083594779379,-0.052206245253518,0.1272029621606996,0.0112330927277797,0.0062141822393442,-0.0934267281646742,0.0526155520721822,-0.0213994252680653,-0.0328150858134439,0.0700314622263753,0.0093105142121265,0.0920049335904242,-0.0352184638886882,-0.258863923718922,-0.063504524887675,0.0215027843585828,0.0463795940955058,0.0817882975103327,-0.0774301620477696,-0.0779332692052291,-0.1325941855422995,0.0040166365307492,0.0868888605360094,-0.0468867660186279,0.044573257126862,0.1609600861757234,-0.0318043340490684,0.2356334439090051,-0.018289179935397,0.1810932501365802,0.1049146937280882,0.0154476231053957,0.0421186326564997,-0.1037163013630825,0.0010472508575465,0.0220468804794076,0.065081219621512,0.193528441801958,0.0015577746060424,0.2303300066451361,0.1115333123384545,-0.1429370086496688,stop,1885,19,413.2526310154645,-0.0377613573920021,0.0142966542794779,0.0435886119344642,-1.0,0.3786054121694786,1.1543179309464204,1.4267422090619144,1845,0.4223343565373578,5,0.0761616991814928,0.0154236385318005,-0.1483651535077774,0.0,-0.7185340497876873,-0.2961996932503358,1.1310129902263726,0.0684568029578226,428.9679931640626,413.2526310154645,452.6080078125001,8.414999825613835,0.0584739347618732,0.0050585603680819,0.0194674493025078,0.0794895928677743,0.7974139065007498,-0.0008807010131103,1.0,0.035404219624634,2024-02-16,39.0,15,0.23837079981991,0.1894796601857273,False,False,False,0.0,0.0,0.0,-0.0448519293074845,-0.3857558946878168
TDY,Falling Wedge,bullish,1,0.6850990896363812,3,30,2254,2255,2025-09-05,2025,1,547.1300048828125,545.7255879496479,568.2272580324936,529.0692356259443,1.155021000381825,0.0025734855835533,True,0.0167418585396228,0.0031901840682524,0.0200640752415925,0.0565521000353661,-0.0899914352207559,-0.0256286380079613,0.0038437125788639,0.0118398703322719,-0.0237617722867374,-0.0528840221624199,0.0202114747317656,0.0099350484476068,-0.0348913922804751,0.0758407355269097,0.0290464754370212,0.0125440987172997,-0.0234030829138705,-0.0231443505156019,-0.0458101689141261,0.0013477549357412,-0.015021748054094,0.046383899197399,0.019088226798333,0.0334106484721745,0.0073244023750962,0.0369626855469407,-0.0111999660051895,-0.0398694108816268,-0.0250272355191945,0.0399034397312449,-0.029736750997942,-0.0144543310973692,-0.0392316499869502,0.0125077015506662,-0.0418982073984871,-0.0092343430340311,0.0025754978384435,-0.0129112952500355,0.0230573763823729,0.1105652450353313,0.0050764651203965,-0.0096351516236417,-0.0718433576795281,-0.0409481743705497,0.0433421895953813,0.0370106121243629,0.074004331462405,0.0393995811645135,-0.0218202201408092,-0.0520825322837625,-0.0468703028982053,0.1363391594665111,-0.0340763055248223,0.020355806265883,0.2027040098503369,0.0710263379037403,0.0439704268368326,0.0051243720363027,-0.0052858758481038,-0.0396198086784118,-0.0026339627715987,0.0919594471043661,0.011308481749267,-0.0206784029455044,-0.0136654713157011,0.1195127614174733,0.0854518896650515,0.1363391594665111,0.0396363829946372,-0.0371209719396469,-0.0915918932021616,0.0597580940492692,0.3676975339267343,-0.0222436368933184,-0.0165289326379884,-0.010810827227932,0.0034987177827923,0.087773777420232,0.0624468474843413,0.0845241915166969,-0.0010980344286152,-0.0328150858134439,-0.0443719870422921,-0.0235574520540118,-0.0614026677894194,-0.1731122889458425,0.0112330927277797,0.0542966847406536,0.0381720758253527,0.0803761583796753,-0.0925040338892114,-0.0556875832962195,-0.0997386486524475,-0.1514422500902604,0.1411705478619347,0.1208861039169786,-0.0095002205121129,0.0852150635184447,0.1717411478071384,0.1172054761076626,0.06165355772484,-0.019564966650178,0.0628182375458961,-0.0319161496759317,0.0387682810654503,-0.0319173042438934,0.1989416562836921,0.0252236553343521,-0.0399042521644585,0.1055713531173367,0.0495655885151935,0.124143244360414,-0.0286962223091832,0.1105451988669321,-0.1623361484759729,target,2265,11,568.2272580324936,0.0385598540774598,0.0390949398818274,0.0146766385049471,1.1681259446719432,1.1843357469562523,0.4446116985754261,1.1681259446719432,2223,0.409938623224075,6,0.1439860230761108,0.0970215715377027,-0.3834536931458254,0.0,-0.7070728849332109,-0.2971342617091355,1.2767635944934228,0.0543417470353782,545.7255879496479,529.0692356259443,568.2272580324936,7.412139892578125,0.1007799727647602,0.0163627799117671,0.0135004271115563,0.1175729060901289,0.864098354929971,0.0038390778536334,1.0,0.023708908204699,2025-09-05,56.0,10,0.0659846342639471,0.0491609192342084,False,False,False,0.1111111111111111,0.0,0.0,-0.0126368845356274,-0.7448896138509283
TDY,Falling Wedge,bullish,1,0.645721930525152,3,27,2435,2436,2026-05-27,2026,1,614.239990234375,620.1274719238281,698.6300048828125,602.8166563193986,1.5347403877163437,-0.0094939862463895,True,0.0061539941341699,0.0008357925798305,-0.0083788981456104,0.0059524912014148,-0.0055041682844017,0.0261945003992989,0.0246868625312839,-0.0696042322179389,-0.0085544414140056,-0.1081554142665137,0.0328493396290212,0.0159084472681241,0.0059072793661443,0.0949645403065508,-0.0291603216236766,0.045838491008957,-0.0037414086360606,-0.0133282555927295,-0.0499518510926032,0.0266010149579323,0.015937215853276,0.0086956659593802,0.0057961512737777,-0.0209853068073915,0.0120970145186312,0.0121247113163971,0.0409339061017572,-0.0051033793369047,0.0699654021477615,-0.0092343430340311,-0.0663374373219389,0.0423981679510747,0.0538423439497537,-0.04177325057704,-0.0311820156146576,0.0536663277156084,0.0433421895953813,-0.0132338793773876,0.021658238925905,0.0281436188602721,-0.0747488893804461,-0.0017247005612448,0.0503944279279138,-0.0082494784052143,0.146750602846009,-0.0365669349938399,0.021082984522206,0.0398211229349503,0.0074361272491707,0.0313689324200263,-0.0174246686479147,0.0657786366496182,0.0076728306988158,-0.1049569581693545,0.0369124496952384,0.0040628349968243,-0.0222752088968175,0.0727650280725666,0.0238766330358872,-0.0266654100836611,0.0733404793342384,-0.0412713481765089,0.0273576075710344,0.0914628470708218,0.0174984412676959,-0.0433663324858475,0.0377011527009691,0.0452923691063595,0.0067546623517478,0.066928213735931,0.0794791707705004,-0.022380344362986,-0.0874742954508069,0.0343975612652647,0.090818272133039,0.0645635830429018,0.1107003619548248,0.0393205092653696,-0.0568999471957413,0.1915615120120541,-0.068250283363504,0.0223273938269261,-0.0779354867347873,0.1915615120120541,0.0294464974679042,0.0780320779122067,-0.0131030738357117,-0.1452607986489157,-0.0107794374121223,-0.0302914935356627,0.0666284350348769,0.0465790859665718,0.0356701525918676,0.0124210495038639,-0.0509174454053558,-0.1250328182785578,0.0618715597168255,0.2105525352756021,-0.0790274310757721,0.0460620400113458,-0.0333534452712266,0.036451734403865,0.0693604872147668,0.0095544616874263,-0.0847753710376579,-0.0211061548105183,-0.0166884425849184,0.1299159458705356,0.0913978701650155,-0.1073927546121987,0.0670028064821055,0.0321365424925752,0.1075047196413561,0.027415062222085,0.0171235574865027,stop,2442,7,602.8166563193986,-0.0185975092742132,0.0367771998154159,0.0234435458580475,-1.0,1.977533618784652,1.2605744948090305,7.387511848690607,2407,0.7043026355582392,5,0.1013961980823193,-0.0299220066491692,-0.3258080768932639,0.0,-1.0050358142637532,-0.3007331787055097,0.3146705395927172,0.1137588438744165,620.1274719238281,602.8166563193986,698.6300048828125,16.239288330078125,0.0520654412064451,-0.0297093776968079,0.0265122572524335,0.2377392559154902,0.0220884949244566,4.78196383202345e-05,1.0,0.0544760156301185,2026-05-27,48.0,10,0.198539979043453,0.06882869160024,False,False,False,0.3333333333333333,0.0,0.0,-0.0614639105628024,-0.9833463375089112
TEL,Falling Wedge,bullish,1,0.8076826535334036,8,78,1420,1421,2022-05-09,2022,7,116.54692987470028,117.83745758791248,153.28004401216242,111.28301124430504,1.1926731941390565,-0.0109517613467635,True,-0.0112658255433643,-0.0003879590509793,-0.0085390875394815,-0.004343306638325,-0.0036161283122668,-0.0251257780168664,0.0152413148155206,0.1070197603745262,0.0135086930397414,-0.0075374874651897,-0.0262750172639886,-0.0152249037342052,-0.049304945155291,0.0622634867391589,0.0394622095863075,0.1242680178245014,-0.0380314131951334,-0.1344999078597113,-0.0011869483231924,-0.0368293238622382,0.0502341589061425,0.0075175136797851,-0.0147158709233539,-0.0075209412000492,0.0111939394145649,-0.0013197319309005,-0.0013122855735282,-0.0060230025602607,0.0664999156665837,-0.0154902006843163,0.0094038963055489,-0.0199976121685948,0.0045346803336503,-0.0549860930461862,0.0146182037954993,-0.0252251399274548,0.0024669289985479,0.0558035093606459,-0.0130402147010142,-0.063179181561259,0.0865478910678179,0.048672059540922,0.0402764608866677,-0.0108324046725656,-0.0416428316487418,-0.0113096835741022,0.0648783886301818,0.0370655892231845,0.0185939965004124,-0.005725164563653,-0.1516160072234252,-0.0244714274958829,-0.0620204178299765,0.1699469939438371,0.2820731375775982,-0.0483266718653718,-0.0578148457449726,-0.1132377419509019,0.0050381730026545,0.0701242647982594,0.0350065730426731,-0.0270364051943022,0.0246076269271069,0.0277214209942378,0.1699469939438371,0.0893562836470422,0.0720874808626068,0.0620257735481377,0.0380643867841859,-0.0783148156048985,-0.0441490883069003,0.0075028179018368,0.0661372135142444,-0.0254152643656632,-0.0831839990537294,0.1142308487156642,-0.1167096346267775,0.1506451176091248,-0.1110185731144089,-0.0307722368386332,0.1333303645350478,0.0524716216965814,0.0173675059063751,0.0173723120225384,-0.1465970201692149,0.0806259665813751,-0.0393846991620902,0.0308189213904606,0.1581538120809433,-0.1363734753565677,-0.0167309386967005,-0.0844383486334188,0.0696136474946222,0.0412589613388711,0.0465028396914861,0.0424369117040686,0.015785313523543,-0.0437951715645023,-0.019148221767783,-0.1828439634015836,0.133103965254306,0.1775793495186997,0.0126046850015901,-0.0719861182564295,0.2238649506998988,0.0243864658690207,0.0686604279768201,0.1779572590664713,0.0375567400658116,-0.0719861182564295,0.0304395525668852,-0.1596734267773585,-0.085317819693066,-0.0581388189832865,0.0547142073827141,stop,1444,24,111.28301124430504,-0.0451656567535024,0.0672861238659171,0.052710279560596,-1.0,1.489762990343304,1.167043354384712,6.978283046655691,1335,0.7358744009600027,6,0.0417797632942476,0.1209775144742157,0.1477357765210987,0.0,-1.3589099323201543,-0.6230355313601501,0.3415054062101326,0.1726363976516773,117.83745758791248,111.28301124430504,153.28004401216242,3.753335582939232,-0.1483889994406277,-0.0423170356719712,0.0326929673586822,-0.218660889000075,0.1606652999978865,-0.017987604160823,0.0,-0.1103735764170884,2022-05-09,30.0,11,-0.0846534281090796,-0.0685186608635041,True,False,True,0.6,2.0,0.2,0.0072770274508698,0.2107306593164119
TEL,Falling Wedge,bullish,1,0.6253816555001712,3,31,1461,1462,2022-07-08,2022,1,106.45605635122752,105.40362575307108,133.42953783509415,99.46715183409869,0.5379229493565367,0.0099847665641215,True,0.0163442349258151,0.0182101715703881,0.0010154038838277,-0.031928317317225,-0.0095147195015959,0.0119858759555562,0.1608415458536811,-0.0096030368291102,0.0351340175790946,-0.140943160331099,0.0406247282086573,-0.0251940127018607,0.0164806797932408,0.0206688965258681,-0.0300525824260095,-0.010062969887824,-0.0010720784245665,0.0712105626074468,-0.0139528365182937,-0.0139107501881152,0.0466950416159068,0.1286840402192792,0.0039889185199722,0.0812829929581848,0.0573357628199888,0.0143629038168873,-0.0669308036979268,-0.0547282454782623,0.045144337993265,0.0265917854157151,-0.0158532115647174,-0.040411129482291,0.0341827412290076,0.0227919994906635,0.0357309652310122,0.0499616359552972,0.077066896755535,0.0424417183645866,0.0265924548667406,-0.0164775430475144,0.0108375092258481,0.0889548805205129,-0.0573557330252361,0.037251555766786,-0.0709782685834367,0.0718241704705612,0.1699469939438371,0.0983645704204911,0.0842547457671596,0.1241654955852047,0.0368386557714826,0.091644898881104,0.0003988928810951,0.1162263435887425,-0.1078954188917371,0.0349830520221376,0.0013203555094551,-0.0431286717746629,0.0501645046500065,0.0703467184490238,0.0291961076456446,-0.0058833653187317,-0.0802993446521307,0.0432299648337175,-0.0053908735524299,0.0370680994387586,0.010631611298973,0.0343371094490929,0.1438365498647418,0.0931665412217042,0.0766055153174978,0.1012232660679197,-0.1403057531771071,0.0404925034175673,-0.0999001513192432,0.0257139615458339,0.0866660026837915,0.0579089610170822,0.0177417138623035,-0.0488183487389449,-0.0013141207159445,-0.0065266496783826,0.0971473105973457,0.0098363019300697,-0.0065266496783826,-0.0216532520507788,-0.0158004702219748,-0.0420219914045452,0.1341447999306479,0.0392230412963483,-0.1732636068897614,0.0904681977980119,0.0087236594837301,0.0546845445443128,0.1935484640735725,0.0983748404786457,0.1368662198360881,0.0585022150736194,-0.0509676338700494,-0.089319850124345,0.0654069728447688,0.0690800346708186,0.0137345479229855,0.0019909771185373,-0.2219398065868396,0.0138207774361396,0.1821601245641939,0.5027449964852087,0.0090587022028936,0.0640620735387378,0.0131798169362893,0.014599413249364,-0.1894058489786656,-0.2070710826418125,-0.0251976382277774,time,1521,60,107.3847427368164,0.0087236594837301,0.214762686179887,0.0338313421214238,0.1328801077926886,3.2712978931209453,0.5153241476527612,3.8594720270907032,1429,0.6775245780123857,5,0.0046543873608847,-0.0121494960076746,0.3201028263268928,0.0,-1.217817944420281,-0.5402933664078908,0.3807379116963074,0.1875909498958419,105.40362575307108,99.46715183409869,133.42953783509415,3.016210167378868,-0.1728550786421701,-0.0587453113292287,0.0280275180950426,-0.2784300035900868,0.5550853621871795,-0.0004354319822932,0.0,-0.0507540410783338,2022-07-08,30.0,11,-0.2543326469905044,-0.1497040509323739,True,False,False,1.0,4.0,0.4,-0.0139737768835925,-0.2788452938660158
TEL,Falling Wedge,bullish,1,0.6558059369497266,5,53,1679,1680,2023-05-19,2023,0,118.29225693095886,117.7520633113666,126.31391630618651,112.38671046081063,1.0065021457763343,0.0045875512020867,True,-0.0117517587275907,-0.0150479247866529,-0.0755799175701905,-0.0203258223147481,-0.0307185093493009,-0.0423782829401148,0.0072709280397758,0.0045273399969647,-0.0380567322171804,0.015457683599692,0.0159792215150027,0.0525674361907833,0.0109821329226265,-0.0009254319304666,0.0137425567688911,-0.0502593487207754,0.034690951868616,0.148607205276648,-0.0685247849646216,-0.021982566935042,0.0142294345249289,0.004215543610792,-0.0104277105962047,-0.0003220744275898,-0.0205304601151981,0.0021049928198231,0.0286823732370478,0.0182761416652268,0.0371235375130558,0.0197760188157705,-0.0068999142092103,0.0001067074822735,-0.0133971916577761,0.0739037959033181,-0.0181866673153657,0.010522193509403,-0.0709782685834367,0.0021049928198231,0.0025815288626729,0.0091744493428393,-0.1024645825275878,0.0093515408333235,0.0159922747824285,0.006973774370917,-0.0653782589883001,0.0017094536385978,0.0882968539486941,0.0401315058739952,-0.0568783432029975,-0.125080743161519,-0.1959095659046433,-0.0327769406548259,0.0930074978481994,0.0307548040481704,-0.0015309122488366,0.0913031197478282,0.0056760949577334,0.1026170186973782,0.071780079016354,0.033700297742188,-0.0606975778071637,-0.0102752243228375,-0.0320631267030568,0.0469521013101674,0.0268451015917594,-0.028723917089267,0.0778456171857657,0.0089160468560758,0.0860237825533705,0.1517224917332473,0.0603531108251838,0.0342520944304267,-0.0047199789729028,0.0539044676967832,-0.0485969060171199,0.0480392926706012,0.2345187069734633,-0.1465194252214565,0.0428179101952379,0.0741476245415677,-0.0170867119051123,0.0964010685583482,0.1047434528321056,0.2045561520049768,0.049831817354851,0.0007580113189891,-0.1587479362714672,0.1805896006378393,-0.0350120779527277,0.1645667939041772,-0.1653551129325154,0.116068049540944,0.0419347677043511,-0.0121286640873485,0.0481134323410885,-0.0057313222115272,0.1204403870339696,0.2140862026724022,0.0362324309126282,0.0690896232357018,0.0352786036191923,-0.0724527462979199,-0.1177728204967827,0.2238649506998988,0.2630153326320352,0.0215051833399939,0.1296110749694226,0.0448522662011703,0.1071605025099668,0.0275294638222676,-0.1192542804565136,0.0029702402191924,-0.0089688814246395,0.2571163158505556,-0.021899530254254,target,1696,17,126.31391630618651,0.0678122100579203,0.075418411687943,0.0492594583769222,1.3583263489291144,1.5106839270187078,0.9867016602201936,1.3583263489291144,1626,0.3938980437921967,7,0.1550199994820502,0.1343133350837526,-0.1415247891401599,0.0,-0.6962181962326622,-0.3023201524404658,1.1076232602039848,0.082489659834286,117.7520633113666,112.38671046081063,126.31391630618651,2.160201578167555,0.0127893764603106,0.0016550533248056,0.0182851131147791,7.756577542217258e-05,0.5158733522655095,0.0104801513951,1.0,0.0155750701380301,2023-05-19,31.0,4,0.110559446622622,0.0894967482841371,False,False,False,0.0,1.0,0.3333333333333333,-0.0857596375441711,-2.0479350947563018
TEL,Falling Wedge,bullish,1,0.8172806716876115,5,51,1779,1780,2023-10-12,2023,4,118.83385021118752,117.4965678565037,139.58584743104052,113.78955152983316,1.2713226565996614,0.0113814588722032,True,-0.0393593133029752,-0.0191852064144472,0.0152276822298937,-0.0115966502663344,0.0812134506226653,-0.0254307614567934,0.0238332110986856,0.0049157081876336,-0.0435936794515281,0.0463731487998264,-0.061489276868124,-0.0285566853753742,0.0608365268134163,0.0281678273386314,0.1062498173074018,0.022479074064464,0.0014465622268868,0.00313338484462,-0.0173425417667332,0.0165313106371081,0.0481149053932496,0.0148656862893121,-0.0536282483364206,-0.0538473741967843,-0.0017804987759533,0.003026881747955,-0.0394398366637166,-0.0253447751695822,0.0437133250663359,0.0512449448256537,0.0223944232312611,0.0406373429235051,-0.1669665618264958,-0.0146290001940158,0.0025881177989059,0.0151187498718798,-0.0153502181957113,-0.049191092393523,-0.0038536113367809,0.0084203464812713,-0.0471747017008312,0.0149718677579062,-0.0451384437133464,0.0393589307281059,-0.0097745525110082,-0.0450779810331727,-0.0011269036378405,0.002020923981631,0.0162350169736731,-0.0110247721416353,0.0350065730426731,0.1027906092739054,-0.0494326059639429,0.0380755490326658,0.0062334827410479,0.0753229389324647,-0.1516160072234252,-0.0043519299653175,0.020513827798378,0.0031060261638555,0.0121517476229544,0.0344470080373933,0.0836005333708733,0.0853682423099919,-0.0649460062736881,-0.0605558951309541,-0.0335262593907358,0.0411485083298122,-0.01005423301484,0.0779107546259647,0.0204901734465878,0.1386434149565043,0.008263310444704,0.0475027247994421,0.1565943095889241,-0.0702713766709075,0.0199047130249578,0.0221424600510631,0.2053320451245128,0.0790050889677262,0.0674243685020725,0.1074698977992572,0.0586814269247306,0.0116791627629586,-0.0365303028366174,0.0622485529140965,-0.0514685223825704,-0.0192472394762254,-0.0185261492295307,-0.0035811823701813,0.139378419928249,0.0316784984848064,0.0766171445128784,-0.0166512508370857,-0.0119678457222808,-0.1499388909603373,0.1057639824630602,-0.0478481115354021,0.018649291695169,0.3116758183887611,0.0845019583416271,-0.0335415968931092,0.0438695199026795,0.0682833924881618,0.2712062309658125,0.2037470655500859,0.0107553383498946,0.2245552564065471,0.1233562594816917,0.0081168218983789,0.157591269804189,0.0719435342698844,-0.3464526105646742,0.0867032234848681,0.0165686491221281,stop,1784,5,113.78955152983316,-0.0424483316192298,0.0081296082523304,0.0425789006126767,-1.0,0.1915177332587459,1.003075951126138,4.113950923754808,1724,0.7337917857325417,6,0.0592611415404395,0.2048123366895085,-0.1811586603296928,0.0,-1.469436350168981,-0.7356445644364367,0.3360631393332182,0.1071712779852488,117.4965678565037,113.78955152983316,139.58584743104052,2.2709733962729186,-0.0229733150802614,-0.0277422450644367,0.0190552752155383,-0.0017569826063578,0.4327730957746525,0.0027904622980199,1.0,-0.0336849155258816,2023-10-12,31.0,4,0.2240024740355739,0.140832676147701,False,False,False,0.0,0.0,0.0,-0.0934620170120805,-1.87219170643188
TEL,Falling Wedge,bullish,1,0.7359246688333203,3,37,2095,2096,2025-01-16,2025,0,142.07665493314866,139.84306494809528,154.5836251441683,135.16968523775,1.2063778869164896,0.0159721183591221,True,0.0641125169095326,0.0456690273340998,-0.0194561439265595,-0.0090128169300092,0.0557889436662875,-0.013139396222619,0.0406247282086573,0.0023864699329276,-0.0349164117361864,0.0117523700910195,-0.0055102656936844,0.1242680178245014,-0.0432413601874109,-0.047078335022047,0.0035527497556444,-0.061452521554126,0.0009233274693749,-0.0424418048524407,0.0862643457686782,-0.0232186674297673,-0.0036621305267962,-0.0312971144778316,0.064555817701652,0.0178855027381619,0.009744147065497,0.0522874313719845,0.0015196456718495,0.0079804619551153,0.0088656642139886,0.0140429940738469,0.0077204233990848,-0.0019790736583114,0.0554198015600235,-0.0873538534541931,-0.0216463249897823,-0.0468847219361691,0.0253145867229303,0.0327261195816626,-0.0122833283415738,-0.1213781328652804,0.0403893166462177,0.0596557962647121,-0.0115089908805928,-0.0363114759003011,-0.0539148386181894,0.0222524276973107,0.0509047832322431,0.0295634057717395,-0.0813907214273519,0.0096285090569097,-0.0631178140894198,0.0770119129647037,-0.0095457861158235,0.058125348896685,-0.0817141560292658,-0.031625053430151,0.0871301077411872,-0.0685255134660978,-0.0273931007257883,0.0419359352022161,-0.0718169263790174,0.0487713707759096,0.101015533071763,0.1074431723586559,0.0095128227179626,0.038131274636616,-0.031817908251258,0.1092207496230166,0.0398557953756705,0.0136539029152744,0.0635903136506698,-0.029071454829095,0.0007580113189891,0.1463817436474754,-0.0002515757557309,0.0474513711918476,0.0216043489040218,0.0578762305846762,-0.0756943064611553,-0.0282263058209929,0.0907274770085222,0.0369375419263728,0.0584995208655507,0.2099628602115972,0.0667729513487915,0.0113087286833508,0.0538979605501215,0.1112619800411072,0.0204814546102241,-0.0499790594587334,0.1576404671725875,-0.0317630943717019,-0.1023283509902491,-0.0081541727409528,-0.0800657600447303,0.182267573116716,0.0502278589424631,0.0814783945639197,0.033048056382412,-0.0859260488302651,0.0638526012661226,0.0462897617628506,0.077658992225652,-0.050900859870189,0.0684339805968909,0.0053381748118841,0.2751326823651554,0.0567493219657799,0.0682833924881618,0.1557272226945474,0.0664629095832374,0.1199198648520314,-0.178583816043135,0.0990775916282569,-0.1550519457131373,stop,2148,53,135.16968523775,-0.0486143884697214,0.0798652677438224,0.1023284596468034,-1.0,1.6428318910884785,2.1049006861525523,1.8107753128483604,2058,0.5817027760749873,7,0.0941003844010772,0.0217030097682617,0.1416508546692623,0.0,-1.0636317099752923,-0.4819289339003015,0.5797052321449759,0.0885315905288087,139.84306494809528,135.16968523775,154.5836251441683,2.939014260253237,-0.0241000271167476,-0.0305382651678101,0.020927971944676,-0.077119406919731,0.5501869068755655,0.0064822100072112,1.0,-0.021685822118629,2025-01-16,20.0,13,0.1666764620434468,0.1656155950674123,False,False,False,0.1666666666666666,1.0,0.0833333333333333,-0.039162236452019,-0.9318242267471236
TEL,Falling Wedge,bullish,1,0.6226670248845334,3,20,2466,2467,2026-07-13,2026,1,200.4771976933868,197.44901259361723,227.1331350364776,189.80980740660448,0.7951447207080959,0.0153365421279771,False,0.0093411438376174,0.0210868212217222,-0.0016467293725607,-0.0371381300445383,0.0194454985257561,0.0039845313254374,-0.0378653558209038,0.0258986571101715,-0.0300525824260095,-0.0369527849206591,-0.0110669540785912,0.0843292883008748,0.0035282784354018,0.0066840068986071,-0.0251658287788341,-0.05649863315816,0.0441535485338091,-0.0853447109330369,-0.0236374343784061,0.0234252045009033,0.0017789814696267,-0.0640978684412839,0.0191530947002372,0.0314021539827797,0.0471429840580083,0.082660939209286,-0.0475241231572471,-0.083964196404309,-0.0084511328868068,-0.02834076933193,0.0351284746242051,-0.0360164672585459,0.0469859907281455,0.0353202336515308,0.082660939209286,0.0171542804891751,0.0361260731413324,-0.0248340287692748,-0.0709884154112122,-0.0682464083684627,0.0421053308212426,-0.0599981436922788,-0.0254258684807884,-0.0479385803527483,0.0619834193496955,0.034482276627265,0.0646924746381976,0.0352348073499164,0.0837451333255792,-0.0409038520978772,-0.1292666587929209,-0.0317329850642076,0.0513573308721975,-0.0318721870790633,0.02127571598925,0.0654669228002238,0.0851704445655383,0.0072710332844634,-0.0079125200647314,-0.0021010151426824,0.0136048831060335,0.0507747565131804,-0.0007440715919986,0.2412105868763083,0.0053682509680343,-0.0673556488288004,0.0947961488431929,0.0167610629701808,0.0434468080656025,0.0225103296120454,0.0024679152529698,0.0106338206853677,0.0621890996673644,0.1019689377811925,0.0469920352470332,-0.0950105558828214,0.0119640590301643,0.1811424753651402,0.0814173345113069,0.0335871355419541,-0.0553992012780688,-0.0714823005509251,-0.0061990236788851,0.0144823253335555,-0.053200659893154,0.2687322377182881,-0.0831316536313008,0.0725315760173119,0.1405985438548802,0.1581538120809433,0.0399342055025309,-0.0204848805590484,,,,,,,,,,,,,,,,,,,,,,,,stop,2473,7,189.80980740660448,-0.0532099930042775,0.0533141658591725,0.054605966365849,-1.0,1.0019577686260286,1.0262351728078456,2.498824607188096,2445,0.6505040890107074,5,0.0069714001467768,-0.0512290804856964,-0.056146621340177,0.0,-0.9694813779043154,-0.3189772888935936,0.383542417648323,0.136951992876949,197.44901259361723,189.80980740660448,227.1331350364776,6.468315716823692,-0.0978420193553186,-0.0393173354392788,0.0327660356374161,-0.1248708519933065,0.1655727043049655,-0.0035935906039658,1.0,0.0180817657012042,2026-07-13,23.0,10,1.157696315527431,0.5165902043787045,False,False,True,0.0,1.0,0.1111111111111111,-0.0241637349821865,0.032801349677802
TSLA,Falling Wedge,bullish,1,0.6945469631760208,8,77,640,641,2019-04-04,2019,3,17.99066734313965,18.545997221493025,25.4265344304946,16.71632233869519,0.8497810952415129,-0.0299433819449623,True,-0.0053361373180704,-0.0063437379070745,0.0623841209221218,0.0205321545497998,0.0842662296219174,-0.109694226375446,-0.0752680593597667,0.0943625271205608,-0.0677657747560579,0.048107678564343,-0.0504115752038095,-0.0869371496871899,0.0347593028891941,0.1597050973748925,-0.0156522237729795,0.0211110925889816,-0.0962328094562009,0.0955569465512151,-0.149106778662027,0.0481493454016486,-0.0194859399342378,0.0385637186262024,-0.0071833211682285,0.0125990599738705,0.0053049062517138,0.166635795875832,0.1032989473513608,0.0080166836933652,-0.0495131273944867,-0.0850053926962346,-0.0526955482120821,0.0380999172899434,-0.0304336976998289,0.0600106872358325,-0.0206825855242107,-0.0304410692786512,0.0145846634956738,0.0006607251481187,0.0163426624284019,0.0266974575886351,0.0285894576813103,0.0803971021113298,-0.0116804667801868,0.0838610103559196,0.0087757718770193,-0.0051768897534825,-0.054954411393796,-0.0761757835081951,-0.1623334078242981,-0.1710996105162197,0.0749285893400599,-0.0067086758641923,0.4095597016766645,-0.0883225763034477,-0.376351031061688,-0.0580781619914498,-0.0198203384798865,-0.0194399688370887,0.1143565298835775,0.92254006749757,0.1546114872673523,-0.0407410718541124,0.4228125706700414,-0.1153867158594011,-0.2528332841583371,0.1281435117487728,0.5617869060517291,0.097146064248982,-0.1336929406755275,-0.3368043352352042,-0.2904377704355717,0.8426675365554952,-0.0136746047174526,0.1331821346838355,-0.1827445264688293,-0.2758430693470801,-0.1648587538928407,0.0601427854713174,-0.1954165023317556,-0.053203913389985,0.0203012405706524,-0.1307349015090688,0.2887338685888299,0.3469804028165375,-0.109346430619803,-0.0025071364182692,0.0615702869034902,-0.0728224604346307,0.0080385885440212,0.0362684057190867,0.0970392697498128,-0.3714929462588724,-0.1581931685525818,-0.1900703732698258,0.7071052685118557,-0.2294400024414062,0.113667362564753,0.094991560586412,0.0368833174408413,0.2439933899228212,0.104033030105904,-0.1731027777395,0.3150498698184099,0.3030653253158586,0.0051561899206618,-0.0530088647217257,0.4849051721059378,0.4537167758488598,-0.500611007640168,-0.1359622588017378,0.2280623482800556,-0.2046556510845447,-0.0201698926623862,0.2504293606145404,-0.2593985943498539,stop,654,14,16.71632233869519,-0.07083367059924,0.0418734960573203,0.0881568433374246,-1.0,0.5911524237425242,1.2445612742024184,5.835050211223261,560,0.6161648239938413,6,0.0677424609633613,0.1088842462677617,0.1133035906574881,0.0273972602739726,-1.199231678157018,-0.5830668541631764,0.5175565021775423,0.2248048269404978,18.545997221493025,16.71632233869519,25.4265344304946,0.6779046739850723,-0.1447543153797901,-0.0837341113717347,0.0379735996649303,-0.1104246274169284,0.6776613472978036,-0.1025324871349072,1.0,0.0488525721015382,2019-04-04,36.0,14,0.0954064425240535,0.1384151324060833,False,False,False,0.1538461538461538,0.0,0.0,-0.0692499424082523,-0.2900094337892826
TSLA,Falling Wedge,bullish,1,0.7647045662336802,5,58,1562,1563,2022-11-30,2022,2,197.0800018310547,181.6107543028047,346.22565997547554,157.08326777072307,1.0737175644063015,0.0851780368824286,True,-0.1169068821334431,-0.0787192479918862,-0.0256769160133584,0.2152124392280689,-0.0113731707286334,-0.0153891144817426,-0.007482374899967,-0.0696683722658154,-0.0246152345030157,0.0489799335315137,-0.064962316044387,0.0348476983915881,0.1071319216229398,-0.028079879670651,-0.1573286759072469,-0.0187464150211076,-0.023365957226041,-0.031761679380179,0.0523715331846303,0.014870676501044,0.046484327426121,0.0880759895564837,-0.1233831027984553,-0.2043839984019616,-0.1814616373109827,-0.1136192449764109,0.0855480719845933,-0.2159472392914218,0.1381042932210232,0.0772194576584828,0.115000005353961,-0.0695466220945653,-0.0163101506707474,0.0838610103559196,0.0552748205219251,0.0374503092222406,-0.0884689124795002,0.0273156193788719,0.0148595934138444,-0.1771339032049899,0.3238002402792372,-0.0983544864316695,-0.0704437160641641,0.0394995237056665,-0.0003369671278798,-0.2117725835396824,-0.381875387847553,-0.3242163907974689,0.058412419057571,0.1206793328042852,0.0970372962922456,-0.2768325997820303,-0.0605194558037758,-0.1569914076809242,0.4688324652937436,0.1215269153053764,0.3320111666594147,0.1822251259289178,-0.4904290770496995,0.2042379506669855,0.339196357585684,-0.047060436800138,-0.1143280470425237,-0.0993049655725442,0.3057777687355323,-0.0096865922976764,0.0806669443868688,0.0256218465059969,-0.4359290382072185,-0.1543535512802695,-0.1388425175519994,0.1918198764574727,0.006306940263159,0.0574142997406794,-0.1226415094339622,0.1116051880155606,-0.0656526235645563,-0.0999772524264078,-0.0836545912635911,-0.0458955372974371,0.0653650379142287,0.1615671479753333,-0.1320254732067809,-0.1223076142356872,0.5435388990884775,-0.0170028863351855,-0.2470943377712026,0.2636348859048387,-0.2723074759483458,0.2476660628558518,0.1458626513100867,-0.1836646356823961,0.0437893485012776,0.0699417330957316,-0.276115185137737,-0.0199076099704099,0.4395879379722067,0.5750017516882742,-0.0053185485550567,-0.0897560766566962,0.3549925182273039,0.7941216266799018,0.2565122928940877,0.1557932864423199,1.0693022986900944,0.0689127096464454,-0.5145152028267466,0.4566724246610747,0.1244825706166385,0.2484781954265007,0.1812761015031669,0.1036178671153005,-0.1299763630822691,-0.1640792288881071,-0.1376648198210369,stop,1571,9,157.08326777072307,-0.2029466901193684,0.0093362914592823,0.2038258463351382,-1.0,0.0460036645770914,1.0043319564130495,3.728945916420263,1502,0.6643822260174308,7,0.0573901228067055,0.2877522551286644,0.2456638103717179,0.0178571428571428,-1.9053368578377767,-1.240954631820348,0.4273046823562818,0.2985494692168414,181.6107543028047,157.08326777072307,346.22565997547554,9.798571995326446,-0.2662777557494951,-0.1118624648981685,0.0503265133482833,-0.2110701315085191,0.9957538851626776,0.0088480386469353,1.0,0.0602311487277613,2022-11-30,32.0,13,0.1547056014125711,0.0937606338391066,False,False,False,0.3333333333333333,1.0,0.0833333333333333,-0.2096400092930203,-1.5936174929801066
TSLA,Falling Wedge,bullish,1,0.7012187122471889,3,36,1860,1861,2024-02-08,2024,2,190.17999267578125,179.98619006928948,297.87762596493667,170.77230860911186,1.08557605722344,0.0566365819653578,True,0.054001496834471,0.0476467749370366,-0.0032239517043876,-0.0391819506920604,-0.002320578965374,0.2582827433361974,-0.0221078367065002,-0.026671839787961,0.0597988435591774,0.174021468623992,0.0440220085832412,-0.0525913993056248,-0.00109764549224,0.0440982705520107,-0.0812364756590348,0.0695477044206058,-0.0018245658274158,0.0650737701467161,-0.0117361061627163,-0.0254109920926158,0.0822421519979819,-0.1365116287415042,0.0343428973303467,0.0094121811644691,-0.0086497443788908,0.2333173053915056,0.0110071660672648,0.0220018709563709,0.0814892484827864,0.0499297703285819,0.0652822697081538,-0.0751329096221946,-0.1880163035131676,-0.0489678728462399,-0.0357067108154298,0.0428409744566746,0.0723154887336274,0.1001666841052828,-0.1132480651698447,0.0716084412681046,0.0543872588752492,-0.2011033114851453,-0.021035593087192,0.2757221803566942,-0.1155518348477525,-0.0046531217026973,-0.0780313224808555,-0.1038511406352042,0.1801688701374686,0.0298431786421999,-0.1151502253622622,-0.1652667721064703,-0.0442348611581459,-0.0160319734847038,-0.026351847553814,-0.1090111287434896,-0.0153976626645003,0.0426761042257517,0.0430959422515646,0.5939919383298864,0.5188158098621432,0.0583289101060247,0.120890562965624,-0.1111187177318305,-0.0594867639012411,-0.1025542574204909,0.0815033794941411,-0.1171540944501237,-0.1174091420527421,-0.0904406226240881,-0.1335237795899424,-0.0701647243548776,-0.3116064789836731,-0.0037179154588461,0.0835866584828914,0.1232076841606573,0.2685088392381585,-0.0530668928534099,-0.0696260760001822,-0.0242194320314189,0.3173368181820288,0.1107023601143912,-0.0137566460503472,-0.0661140976002038,-0.1673547772425603,-0.2680504158417486,0.773368200231894,-0.1895522960643945,-0.1237890738766805,-0.3318303877440072,0.8289334950430209,-0.1310803646916227,-0.0284993079066171,-0.067259240770108,0.5133923609477078,0.3003377682722772,-0.2254533474483309,-0.1074764647594347,-0.0405420866346443,0.3076016240377879,-0.1486197168961703,0.0792317225085814,-0.1667593400108624,-0.1396115197759935,1.2744278482977096,0.2720487601590067,0.0319434929759208,-0.1084611995479186,-0.1610627723397479,0.1868398026902495,0.4591649154680286,-0.3932894512914714,0.1448731574569035,-0.2071244799360658,-0.1220723616152937,stop,1883,23,170.77230860911186,-0.1020490315180293,0.081081154809078,0.1105794488863442,-1.0,0.7945313503024589,1.0835913603629623,5.549226425945099,1822,0.8448754034877215,5,0.0472853766316926,0.1051634424735137,0.0365842679278369,0.0,-1.6294000940038904,-0.7845246905161773,0.1507285195057256,0.293964932844664,179.98619006928948,170.77230860911186,297.87762596493667,9.13071332659041,-0.1844903543710883,-0.16364513287121,0.0481679333413584,-0.2173087425255939,0.6589404224466084,0.0075700935871845,1.0,0.0456605876876348,2024-02-08,2.0,20,0.234028807888712,0.2291596898560808,False,True,False,0.2105263157894736,3.0,0.1578947368421052,-0.2079270267438736,-1.6388757573133097
TSLA,Falling Wedge,bullish,1,0.6419432000747297,5,53,2385,2386,2026-03-16,2026,3,395.6900024414063,397.60518963339655,496.87542109419246,375.4211760490166,1.0679918026035244,-0.0048168063242738,True,-0.0375040972638377,-0.0148682294835044,0.0177052479077846,-0.0009395363962831,0.1190694293929164,0.0813797711928343,-0.0121766873045509,-0.002954649256122,-0.0886378786493663,-0.017324648709295,0.1679246721906426,0.0151762907992749,0.0037219840144091,-0.0002511204767311,0.0075288436555973,0.0754786992741591,0.1640303494796549,0.2982006077283661,-0.0675072263405821,-0.0213333627452021,0.0939982313163589,0.0471836983592734,-0.0815177330354947,-0.10212540982279,-0.0445783417106514,-0.0491222224883205,-0.0180521018149286,-0.03340558818913,-0.1741966103481015,-0.0805384430061563,0.2422337960768468,-0.1160984929956213,0.1362129658170339,-0.0844307480226543,0.0853873692257816,-0.0388219317671711,0.002247415118451,-0.0241224441515541,-0.0159258865152912,0.0748966675844982,0.0396951043480691,-0.0065987480030834,0.043405585862974,0.165520642446739,-0.0884689124795002,-0.105116280657734,-0.0795824762821447,-0.1152264226043006,0.3057777687355323,-0.2068207305536876,0.1014783246820982,0.0537433644493969,0.1356481858241707,0.0730848222262567,0.0193490910650921,-0.0810676018905759,0.0010870118748149,0.0483709750662375,0.1441076238745904,-0.2061767973138124,-0.1562971094839677,-0.1489669638150346,-0.3169049018803257,-0.0641940302757412,-0.1585286793891831,0.6311574463187637,-0.1061836368865682,0.0797323190628012,-0.0870023003666876,0.0954282633694201,-0.005414971352752,-0.1673547772425603,-0.0688723120809313,0.1844853682181304,-0.0869238385458814,0.1700810140886077,0.0741982554074878,0.4157753722753496,-0.0182621745850182,-0.1176778499423853,-0.2546571622273791,0.6502627011893567,-0.1188333034515379,-0.0459610440236845,0.0080385885440212,0.9425361604863284,0.3552471845119713,0.3107617188676113,-0.1307349015090688,-0.1362435684497083,0.0062528136516508,-0.0031776488896979,-0.0356339710796802,-0.1174632296045767,0.0967689224944368,1.0354483258289888,0.649578200281161,-0.0215429394038745,0.1291543687153924,-0.3932894512914714,-0.2475325154731671,-0.0384895293769871,-0.0819231058379893,-0.3596816109163895,0.1396367148622206,0.2017774367467437,0.5441438760023212,-0.059492474659207,0.2428958638604339,0.0880469951305862,0.164036680777573,-0.1404545222530685,-0.1025756617791182,-0.2985963861528861,-0.1130294304574652,stop,2389,4,375.4211760490166,-0.0512240043148199,0.0186509763635115,0.0789254486937731,-1.0,0.3641061766449118,1.5407902945014142,4.992169585643992,2329,0.6499935426160962,6,0.1599174626867445,0.1221242627493777,-0.0229817511103634,0.0,-1.3973655149977382,-0.747371972381632,0.4804210932164972,0.1398731358518275,397.60518963339655,375.4211760490166,496.87542109419246,13.393569946289062,0.0048702721984061,-0.0572054861016018,0.0338597685027669,-0.0009597537012411,0.1224473071754023,0.0128322823543653,1.0,-0.018657793095081,2026-03-16,21.0,7,0.0220091917901852,0.0224836850838734,False,True,False,0.3333333333333333,1.0,0.1666666666666666,-0.0592741678815325,-0.5764876871187029
TSLA,Falling Wedge,bullish,1,0.7725341369082188,3,27,2459,2460,2026-07-01,2026,2,428.010009765625,395.5076880821816,456.9846238356377,368.0075554595765,1.2181512906212528,0.0821787354906986,False,-0.0501390656363563,-0.0559057199283102,-0.0051140179028974,0.0616930447693331,0.0762904997664999,0.0407840451291716,0.1376066837297311,-0.0139004593484887,-0.0078463549579949,-0.0670948393455577,0.0401999511718749,-0.0607715938015894,-0.123713266961277,0.0503933555060278,0.0016056631031493,-0.1265280661185366,0.0238988368251205,0.0530562649155481,-0.010472971058732,0.0663811802640026,-0.0118346522847323,-0.0178772480081594,-0.055476868405981,-0.0863297852012031,-0.0907717790205976,0.3161455516768099,-0.0304336976998289,-0.0910305783616934,-0.0900000346075627,0.0020318506248444,0.0169040881585378,-0.0874956493552638,0.1033711493596194,0.0631125301378952,0.2417653902806673,-0.0636840978351093,-0.003056541890269,0.0808873114293289,-0.0544623721597066,0.5491964714904665,0.0784382090347077,0.0987489608207881,-0.0568018801789933,-0.0059211062117534,0.0792705221864344,-0.1436790890461991,-0.2784047123742748,-0.2707648651891844,0.0478582978900974,0.0664853702965209,-0.180161209161222,-0.0600146738576585,0.0946882762379024,-4.554033433135096e-05,0.0728965174074851,-0.074303219741548,0.424435606705535,0.0969579604065535,0.0430577093274036,0.243199348449707,-0.1542739000571364,-0.0804854208786366,0.3596994771014719,0.0057101484658061,0.0308930999498164,-0.0889451168008951,0.3768567935866991,-0.0895949966606455,-0.335150438790921,-0.1710240661126478,-0.2027339274957205,-0.0790974792144266,-0.1550962876857275,0.0462362393788147,-0.1100788630135938,0.1913161398556706,0.1282453342836957,-0.2758430693470801,0.1430436474136742,0.3808468225562917,-0.1852364448008364,-0.1006194604222946,-0.0240725702814804,0.0402366499629585,0.197811668352787,-0.189109780316838,-0.0894904462073046,-0.0941359478758152,0.2345757073465957,-0.1226729605870546,0.007098469345429,-0.1682219345498211,,,,,,,,,,,,,,,,,,,,,,,,stop,2474,15,368.0075554595765,-0.1401893715964853,0.0101399412136813,0.2623069950927741,-1.0,0.0723303136194069,1.8710904550438132,0.4828904818163723,2430,0.543192080213342,5,0.0100694012332953,0.1466714997853759,0.0922968441837657,0.0,-0.9384037504152328,-0.3952116702018894,0.7727853517023875,0.1561106311959249,395.5076880821816,368.0075554595765,456.9846238356377,17.321424211774552,0.0157856090870192,0.0468165218476197,0.0407275445777967,-0.074710699158197,0.4881514433358235,0.0020446631932544,1.0,-0.0156519668339587,2026-07-01,21.0,7,0.0179028442401081,0.0472450631691332,False,False,False,0.1666666666666666,2.0,0.3333333333333333,0.0573488037105534,0.7190786078424879
TXN,Falling Wedge,bullish,1,0.6585898826980404,3,12,1523,1524,2022-10-05,2022,1,149.4690707293414,141.07001069132298,155.20267734748086,136.62641277688442,1.1942420267326217,0.0595382391825043,True,-0.096733587915132,-0.0459907865653018,0.0364548634162325,-0.0234267620640135,0.032331617275114,-0.0915889546005853,-0.004697792793024,0.0618271502487461,-0.0099327716008131,0.0337082863859636,0.0333788478402863,0.0335318081208888,0.048565042891612,0.0001119398170423,0.0286317220950216,0.011554489966268,0.0337620489417052,-0.0040284734815502,0.0389642410764592,0.0467845859713551,-0.0293740913612862,-0.0144160869634639,-0.10984067347423,-0.0901776886242406,-0.0712225217556479,-0.0134872958139893,-0.0055218019936629,-0.1022546841763445,0.0181786921423661,0.0522847622091731,-0.0072613304148003,0.0387015607347287,0.0973449715117735,0.0529109393152922,-0.0290154665882476,0.017178906826381,-0.0358809574209474,-0.0432993045513475,0.1153796431562046,-0.0072613304148003,0.0094548044547615,-0.0499164923105186,0.0323164047001356,0.0502839119948392,-0.0580951379279965,-0.0967797283958907,-0.047838292621433,-0.0458419255030928,0.0004972218884562,-0.0670067524484303,0.2031968081038482,0.0268001368419221,0.016510974168866,0.0783815243863363,0.0059448810531184,-0.0090908028474651,0.2036974963877169,-0.0600225309457149,0.0125885770901186,-0.0006887954545484,0.0792604925669167,0.0790449254184888,0.0748689011674941,0.0666210869101657,-0.0056282748790426,-0.0508617948152977,-0.0103010092736599,-0.1092758794427739,-0.0745651519152587,0.0663681293191971,-0.018185594580844,0.0548973871115574,-0.1573047066431989,-0.0744272554325263,0.076823889871521,-0.0479321232202863,0.100650803132207,0.0454347732642212,-0.0501134871399494,0.0852055965282942,-0.0767322296911171,-0.0591178589365044,-0.1062311098390853,-0.0718236317944331,0.0880574576368919,0.1427326537997506,0.1975225554004112,0.0355687437562748,0.096855639306389,0.0702824344743826,-0.0716814373937224,0.0524347246096432,-0.0074062826313477,-0.0302115925098979,0.1581388108545112,0.0238462234317327,0.1393549357615968,0.1835363442014834,-0.1321845344476216,0.0133286559181409,0.1406650224577939,0.0240892259006517,-0.0056494067321622,-0.0329507601362134,0.1654413285420761,-0.0915477726045664,-0.0900388455588064,0.2837401926880121,-0.0701221851607798,0.0967222278929069,-0.1521415730891682,0.1601849683417802,0.0980187069482256,0.595672887089804,-0.0828115052463176,stop,1527,4,136.62641277688442,-0.0859218424908285,0.0081654257191266,0.0976277271828122,-1.0,0.0950331776230037,1.1362387531812206,0.4464501538050014,1510,0.5033364377222798,5,0.0095267863197182,-0.0739663379288799,-0.2234136876163419,0.0,-1.0495405329280891,-0.5462040952058029,0.6556189277779367,0.0762192601039965,141.07001069132298,136.62641277688442,155.20267734748086,4.076332042115207,-0.0120122130665513,-0.0175710540624814,0.0272688258380654,-0.0402208415137371,0.7517371459149573,-0.0050257716687286,0.0,-0.0481195952187228,2022-10-05,29.0,15,-0.1314709368745337,-0.1113282591747156,True,True,False,0.6428571428571429,7.0,0.5,0.0239489974095665,0.5152424620998649
TXN,Falling Wedge,bullish,1,0.6023563998688027,5,37,1750,1751,2023-08-31,2023,3,155.99606788293528,153.5504400228076,178.97219962765485,148.9403699937816,0.8537514438082131,0.0159271953878115,True,-0.0312977688189376,-0.0144166081864746,-0.0054825185950572,0.0107332199408387,0.0238772359361192,0.0137679907574796,-0.0769809704256663,0.040759861163534,-0.0017961619541878,-0.0348995712497903,0.020646013227638,0.033455303223004,-0.0782465937141821,0.0542362336275634,0.0324340038391262,0.0298475764729078,-0.0094041467770686,-0.0155580669422438,0.0107642684081166,-0.0564113672764756,0.0003846760867267,-0.0293380958120722,-0.0294372133157531,-0.0432993045513475,-0.0251248370888061,0.1084537637355953,-0.0445574865819168,0.0173474591085072,0.0219776415411545,0.0321182321608644,0.0650880768093264,-0.019974001861808,0.0253803537388053,-0.0494114904577739,-0.111090952513125,0.0547359928553887,0.0378898566316705,-0.0388495609449669,-0.0161947077979051,-0.0830956704503319,0.1063464379368874,-0.0445574865819168,-0.0394797100076887,0.0788470226534727,0.0190497040569586,-0.0493004782529074,-0.0645369442317027,-0.0111749126243754,0.0634860690322347,-0.0520103090650175,0.0831021503665947,-0.0099358660452436,0.0577289059005297,-0.022543685312183,0.0111284845320425,-0.0644003629299038,-0.0940352743223608,-0.0254770670523154,0.0481293660242549,-0.053502163300042,0.0170825571545081,0.1358918676779439,0.1882482334623869,-0.0760641967522889,0.1094843653456532,-0.0868120126468984,-0.1831558756802253,0.059322183557676,-0.06982031272907,-0.1580185548247235,-0.0674532961306505,0.0532786586393216,0.0040146167298951,0.1227853989889511,0.1362491357850201,0.051601304104071,0.1787165276258866,0.0954036788184375,0.1329433963734305,-0.1578354080155535,0.0239862240690513,0.0638501760670489,0.5293531354364689,0.1831520151192294,0.0976841975076239,0.0697291109847944,0.0142850507955885,0.1251930863577672,0.0215967034106261,0.2034050091721042,-0.1039842173932151,-0.2502889448535509,-0.09401796123364,-0.1004463110374593,-0.0645187800066079,-0.065663636000929,0.2960819783578876,-0.074943578622695,0.3887405462531079,-0.0255415018168972,0.0180896678391553,0.0806579534486724,0.0226505527030622,-0.0553434345323601,0.164540060012456,-0.0520036047289267,0.0231278442879976,-0.0178076936711957,0.132922210890708,0.0983466963231796,0.1619164014315792,-0.1029266398076322,0.1222032360543885,-0.1316127239470825,-0.1399637389570334,stop,1761,11,148.9403699937816,-0.0452299726839815,0.0054122709549909,0.0483587016093084,-1.0,0.1196611590461497,1.0691737964819723,3.256393925261372,1710,0.7443592508680047,6,0.1778298420568889,0.0578482989984119,-0.2131553008848906,0.0,-1.1116292094351403,-0.3672699585671338,0.2708190901676369,0.1357831313038578,153.5504400228076,148.9403699937816,178.97219962765485,3.3798815596964125,-0.0208719027475167,-0.0309964345310705,0.0219139815651039,-0.0203136118888106,0.0260858604286948,-0.0024224806257422,1.0,0.0033641817821241,2023-08-31,29.0,17,0.2173456068570749,0.1667615646496947,False,False,True,0.0,4.0,0.25,-0.0122934214198628,0.0173841022297332
TXN,Falling Wedge,bullish,1,0.627325804764665,3,40,2087,2088,2025-01-03,2025,0,181.2191012090157,178.80503018008994,211.1473654272363,171.1991185121287,0.8863667412394717,0.0135011359942969,True,0.0044151505060781,0.0293702424371774,0.0033892691590375,-0.0054652181290488,0.0752522395212555,0.0255502959245992,-0.0155580669422438,0.0293115894550592,0.0041677511678115,-0.010836680360738,0.0476398854956929,0.0015267210160749,0.0101913577584622,-0.0294442134544197,-0.0359506536347474,-0.0206895979502106,0.0140276866779118,0.0245730052311023,-0.0090389306593335,0.0684312369689075,0.0091121481004277,0.0182438099451389,-0.0058065312584588,0.0261758308175099,0.0148053354775836,-0.0014725417432633,-0.0013111048985882,-0.0797294128992603,-0.011162376989739,-0.0268097249909132,0.0949053964589135,-0.0163569950200554,-0.0020770541266628,0.0290395903370976,0.0073042543412014,-0.0557001272017247,0.0577791462849999,-0.0144902405962462,0.0055506455206837,-0.0612768132724815,0.0024330927809008,-0.0188782784104812,-0.0162150804640414,-0.0021172362788703,0.1404980917815024,0.0246801692868614,-0.0439147480687321,-0.0531555912781781,0.0629056283119029,-0.1742646174670613,0.13152843267155,-0.1355688831252079,0.0793375365439417,-0.0502037956038975,0.013037282639561,0.426569722510012,0.1963851691204599,-0.0712989469324877,-0.0395759237469622,-0.1009959520881964,0.101596534685888,-0.0981132009876438,0.1289551427945139,0.0407649102071854,0.0448012409048574,0.0459663955478408,0.0541056135581579,-0.0270047441002109,-0.0753611253409423,0.0355648068175051,0.0577193359200643,-0.0327598165317201,0.0977000369783143,0.0862021066095868,0.2706815637296493,-0.06930573483033,0.0655632534884571,0.0628409083111334,0.1744758317811363,0.12185319093464,-0.0752274135548652,0.2373380343247113,-0.0403733158361858,0.1547915734909126,-0.002410272446194,0.0898533309344027,0.0883949491936371,0.0366125567647548,0.0142850507955885,0.0532697240652282,0.0697965235044397,-0.0346142972678596,-0.0564641160188637,-0.0060642881735883,0.0060663918646155,0.4212043720108382,0.0851740086824499,0.1095709667663007,0.5108872157342863,0.1247259934516558,0.1652239392271706,0.1734405074416554,-0.1653794249405366,-0.0134042302535182,0.1835363442014834,0.0804815351641581,-0.0650106845433291,0.3934670480549997,0.077460775215568,0.0323365830598836,0.1844998743003327,0.0268171257557765,0.1313255137208695,0.0194455327030809,-0.1805575853997508,stop,2103,16,171.1991185121287,-0.0552920891343018,0.0546122582726082,0.055926476444109,-1.0,0.9877047354813764,1.0114733828968971,2.9868578742674714,2047,0.5423460513367884,6,0.0965055135577303,0.0119319646222952,-0.1350925235863618,0.0,-1.4145320112344066,-0.8721859598976223,0.6133610594993343,0.1037404410586103,178.80503018008994,171.1991185121287,211.1473654272363,3.6903800826746727,-0.0109762825837023,-0.0417221263037725,0.0203363997572077,-0.0290625549298414,0.8401003826313195,0.0105911157734452,1.0,-0.0225745662033242,2025-01-03,18.0,13,-0.2053340397568539,-0.0992874814128961,True,False,True,0.8333333333333334,0.0,0.0,-0.0244526040396571,-0.7338679287550733
TXN,Falling Wedge,bullish,1,0.6637232220468936,3,17,2112,2113,2025-02-11,2025,0,170.30540038700946,171.40452066451917,196.9098568108434,167.04174361222,0.5280094157714171,-0.0064124345918563,True,0.1061529414333686,0.0832391813508093,0.0061019537877411,0.0233665056853746,-0.0489095050944494,-0.1410084896271445,0.015553629808118,0.0128446990840918,0.0394254895142935,-0.0372077720459486,-0.0115005426190579,0.0287241148817558,0.0300147994939281,0.0139104552608042,0.0016107783075973,0.0299091582317341,-0.0062273833808406,-0.0449844494988038,-0.0226882959961572,-0.0361848433615141,0.0088570916331192,0.024785352818424,0.1118333040892153,0.1169710171068219,0.1247482431600901,-0.0166361493737469,0.0338837685975315,0.0584795690156407,-0.007518726060219,0.0381030556015149,-0.114752679534826,-0.0028170417162408,-0.0089865947956842,0.0271383932578326,-0.1421748690842083,0.0963489092237019,-0.0595071071236843,-0.0413650960012196,0.0025934333616255,-0.0150883502539123,0.0530058284847263,0.0035201425214062,-0.0103347535737188,-0.0901776886242406,0.0525013677183527,0.1241602465247903,-0.0100293314769188,0.0572772038448721,0.1229372247757403,0.04918959407775,-0.0621404703357163,-0.0630681097033983,-0.0852203355805805,-0.1067900394532115,-0.0314343757413145,0.0346793398327978,0.0159091916065166,-0.053502163300042,0.1142417870743386,0.0866029048564367,0.0334355252609255,0.047746630225159,-0.0063269951450107,0.0374345404669655,-0.0274590893858256,-0.0667776561116371,-0.0090136313078525,-0.0524903804413064,-0.0089270060604555,-0.0449628762991677,0.0366954255949245,-0.0019271809131805,0.1542537887125816,0.1133407488835858,0.0106428366329875,-0.0947458944145347,0.02765404107063,-0.0614232801354422,0.1060097738294989,0.0286983998912164,-0.0828333991427097,0.1632929515455088,0.026881636689708,-0.1006369349241959,0.0169061658664919,0.3060144832872187,0.2797899392474126,-0.0435888694856284,-0.0372220448580763,0.0603468637343698,-0.1087320072492146,-0.0830989772125791,-0.0587492881527526,-0.0046100044656266,0.3990213375121554,0.1905398905484669,0.1070922409764205,0.0404334991783459,0.0152009402550907,0.1185474318467956,-0.0584350092946545,-0.0391250839922824,0.0254054446015863,-0.0400300243225109,-0.0641222897051837,0.1085934413005305,0.108223306879621,-0.1065146052634286,0.0910239351886714,0.0325775702438484,0.1237761917308017,0.0141732869530442,0.0483125072584478,0.0176271778036749,-0.1153653476377246,target,2119,7,196.9098568108434,0.1562161643927719,0.1592856403287576,0.0040568021074806,8.15173232349169,8.311904904228227,0.2116936169704672,8.15173232349169,2095,0.6369705732703572,6,0.0817476945732235,-0.0110314829747615,-0.4066447321188506,0.0,-1.0906461251230926,-0.4536755518527217,0.2928845480828118,0.1079063508989036,171.40452066451917,167.04174361222,196.9098568108434,5.170280864165512,-0.0759515616076736,-0.0489864175598542,0.0300590978012268,-0.0543448379308183,0.0853244453702766,-0.005324048877622,1.0,0.0411425746369658,2025-02-11,18.0,13,-0.1064267649150531,-0.1113591068997396,True,False,False,0.5,1.0,0.0833333333333333,-0.0473751250441743,-1.1822330079384278
TXN,Falling Wedge,bullish,1,0.7789525298400903,5,80,2313,2314,2025-11-28,2025,3,164.07997278437193,156.6420283632924,212.6782041724664,150.8934265422788,1.1462631265079024,0.0474837085474215,True,0.0941022272583758,0.0839668666547377,-0.0146843110943114,-0.0443135606450314,-0.0430176022598932,0.0079059551395839,0.0631091736823887,-0.169548524858896,-0.0056023314914069,-0.0315290254754507,0.0148434455990014,0.032331617275114,0.010760355480742,0.0176779417088606,-0.010638718639092,0.0171070243469051,0.0079479288497863,0.0358969148866921,0.0634427970465123,-0.0044311438268345,-0.0022702720644212,-0.0108910622784978,0.0973973971892882,0.0754015589239192,0.0710557376564695,0.0078182867093359,-0.0250632253232816,-0.006374288654516,-0.029068055939773,0.0195257770440013,0.0273939000033127,-0.007897737355355,-0.0259228341648927,-0.0034180173974625,-0.0164082229620593,0.0149428820737922,0.0083670929129697,-0.0162542355535363,-0.025875252900408,-0.0553234820603945,0.0241458100978335,-0.0392096932073714,-0.0080197481409202,-0.0960007547175308,-0.0868464388309611,0.09237597084228,0.0530449369454284,0.0367332819976442,-0.1273010936264111,0.0555000358012902,0.0165833283991305,-0.0338726641676512,-0.0283910096408448,0.024753122163734,0.0106510833798987,0.1195843869342891,0.0622190531745145,0.0125689159431414,0.128828862934784,-0.0834305718905745,0.0235027268057312,-0.0320022829883949,-0.1111306721801022,-0.0287442495981404,0.0317046936076095,0.0314189593711169,0.037398704651179,0.0061838520924524,0.0472436778870908,0.2956726497319215,0.2681761958889777,0.015315874140243,0.0199564651437307,0.2070991897551264,0.1142804069833705,-0.2032256441012404,0.0742981073427571,-0.0727192432859945,-0.0522097542746706,-0.0974699395539816,-0.0052999122638415,-0.0074591157562818,0.0210922239153081,-0.1304726902381149,0.0266124348674545,-0.0624409227378686,-0.0868132007263436,-0.0081182479970967,0.029528269311229,0.2249141140660731,0.0007417724088025,0.2952921403819885,0.282773446870195,0.2643194085203835,0.0547639836570652,0.0809344616992837,0.1337665292109557,-0.0249495106802247,0.1284697562820034,-0.1043799013073311,0.4305389439271538,0.0058847719303618,0.0697448579218857,0.098211732216541,0.0087820872295778,-0.0169972266772978,0.1313835746782596,-0.080921928162348,0.1627369465250183,-0.0276982462281405,0.3887405462531079,0.1189891677950434,0.2797271379286659,0.0879406462172756,0.1864900303493521,target,2353,40,212.6782041724664,0.296186247251275,0.2981900209908814,0.0018580530172509,3.6854404857704695,3.710373408662072,0.023119722397763,3.6854404857704695,2230,0.8242741021346427,7,0.0900803086062099,0.0839021481527206,0.190190113067024,0.0126582278481012,-1.4692447267620494,-0.644970624627407,0.1828589512578673,0.2109309040092975,156.6420283632924,150.8934265422788,212.6782041724664,4.6229481182782575,-0.0660139611726081,-0.0059358135413273,0.02793552642321,-0.064812447491532,0.7441265642243295,0.0041729563534722,1.0,0.0052366234496772,2025-11-28,18.0,13,0.3407468988271485,0.1920819086970051,False,False,False,0.0,0.0,0.0,0.0849425908079605,1.4678819154056195
TXN,Falling Wedge,bullish,1,0.6984113815186994,3,33,2398,2399,2026-04-02,2026,2,194.9957611175732,188.6583062691243,227.06110193203767,181.96558166764248,1.1214401720859566,0.0335922386550444,True,0.0900553241994719,0.0540720422876503,-0.0215927962314783,-0.0081447657446982,-0.0622526249832601,0.0016377066211399,-0.0380197537424147,-0.0262571743031931,0.0076857261941369,-0.0075127593481381,-0.005896488322958,0.0087440261253877,-0.0339468038549436,0.0002305262233275,-0.0163382430393567,-0.0058369377907145,-0.0036856384733424,-0.0062994898887795,0.0012099079281162,-0.016089510101518,-0.0361382536805684,0.0041828253119651,0.1032713502545364,0.166658223231618,0.0838966168210404,0.0010653241865474,-0.0302926914437861,0.0322227565401027,0.0197941036577802,-0.0749324275923593,0.0508649709282575,-0.0132595155577405,-0.0070388644207393,0.0092052985418704,-0.0156161100207089,0.0499630212490354,0.0815584186086382,0.071790819597483,-0.0025388239784174,-0.0250915797119705,0.0510875653876938,-0.073302720161699,-0.0292053637909984,-0.0392446902193459,0.099403941169228,0.1588365515831744,0.426569722510012,0.3277833887171919,-0.0518272929525831,0.0163514336736247,-0.0453666831896307,0.0768647714868362,0.0748689011674941,-0.0073302728232648,0.0592942368269839,-0.1001171018059612,-0.009423062940214,-9.922874610190924e-05,0.1072881928324012,0.0506014630095801,-0.0478181232264485,-0.0021041324401553,-0.0542321776788495,-0.0298859705246393,0.0269119634500227,-0.0275451249591229,0.1390461670355294,-0.0260807328484129,0.4190998612426576,0.4959630391151448,0.3394052832993022,0.0359590232172184,-0.1424881574698864,0.0207858079882401,0.0516322019810329,0.0033440585715711,-0.016279431541768,0.031355509199505,-0.0843358870151054,0.0559703201652341,0.1463581505296862,-0.0158288871798145,0.0747548134421818,0.0950266684594189,0.2249141140660731,0.0714922853096291,-0.0432281316851425,0.0060932499909349,0.0677033139911171,-0.064672176402143,-0.1156281808749816,0.4758166058779947,0.520810678358187,0.3792654273295233,-0.0943663052539685,0.0349799607181227,0.0776698386455816,-0.1287029523091314,0.0106746055788824,-0.0287482818282932,-0.0470795473842027,0.0181124156765692,0.0799837956149993,0.0011462920520941,0.1485010745840327,0.0804815351641581,-0.0523809424372309,-0.0711025401211253,-0.0702017830157344,0.1104929511098284,-0.0117161781261559,0.065831554378992,-0.0550128276370641,-0.0563357461229536,0.5201993323938169,target,2408,10,227.06110193203767,0.1644412198023657,0.1702624236627952,0.0077668614346384,2.4608518200134943,2.5479657451706066,0.1162305601977037,2.4608518200134943,2363,0.7820009337191609,6,0.160790543274833,0.2874092223473059,-0.0832793450671226,0.0,-1.076998225027616,-0.2949972913084628,0.2400202197779132,0.1541770401880954,188.6583062691243,181.96558166764248,227.06110193203767,5.530577728641573,0.0351379286265374,-0.0527894687905842,0.0286711121107848,0.0970269648984158,0.76331154369365,-0.0199693286855496,0.0,-0.0347696124896711,2026-04-02,25.0,5,0.1228369807694809,0.0501927540015232,False,False,False,0.25,1.0,0.25,0.005788175291275,0.1909338421569757
TER,Falling Wedge,bullish,1,0.6972415922838832,13,127,1287,1288,2021-10-27,2021,0,127.54434276001555,116.70285664041351,136.3505764063749,103.65645060466812,2.4979560111603623,0.0928982068794337,True,0.079384748518376,0.0590534909526687,0.0146873419327244,0.0578958698769771,0.0134748532421602,-0.0005395977497519,-0.0838825998768355,0.0147668879621569,0.0736998052520292,-0.0205241625331824,0.0192206258226832,0.0326479128095373,0.0101597031702338,0.0155022333858128,-0.0446220076447618,0.0210636333528027,0.0672820269193199,-0.0365533007097398,0.0410375721628235,-0.0023975924177572,-0.0400100829891675,-0.0418708882285716,0.0738328368314014,0.0923845453045739,0.0744685354677285,0.0880003546030183,-0.1590750612198092,-0.0682788391863588,0.0311843256800401,0.0484794122584197,0.0082537329951104,-0.0378870255195905,0.0394202161068171,0.0612373577091382,-0.2009911916928972,0.0853736149398369,0.0292445216512322,-0.0577991172606628,0.0633842354107476,-0.0421390205834077,-0.0780242013356045,0.0814340917604787,0.0867045345363546,0.0023178749902994,0.0852793405769163,0.08907858748357,0.1610083552356831,0.130314214240389,-0.0594012284706035,-0.1195694909165469,-0.0510797067525458,0.0442594221619179,0.3384262607174444,0.0556094574559298,0.0444230797345679,0.1789672545137557,-0.0891353656200316,0.0223637491580064,-0.1812976162198518,-0.156436151963212,0.0624444609655447,0.0994493257886504,0.1465032102744914,-0.0325436014737495,0.039756971964511,0.0286785173232297,0.0533886888482699,0.098244587045096,0.1348557640089394,0.2526852641500285,0.2158140116782323,0.1342858831669431,0.2837640754101524,-0.1616314874900269,-0.0160935343818972,0.1005387500553007,0.1313549896018073,0.0092643537171099,0.0271804835420377,0.295914010627581,-0.0262621806902347,0.1375785978590256,0.2041566544226958,0.1501942018087714,0.4038778236848626,0.1100500549117791,0.0517871499353037,0.1541932916233053,-0.086586291820106,0.1699913167069908,-0.0372175298273492,0.1508682335068259,0.13491353206838,0.1658156401302984,0.2088211096752417,-0.1891013374120839,0.4719181099883875,0.1423897878497628,0.0364296891892408,0.2022604530227838,-0.1163476812108212,-0.182812223786204,-0.1512938463407712,-0.1496421043834623,0.2493073382535571,0.2716038053230172,0.1399015090676718,-0.2340156705948384,-0.1092188385194342,-0.1048664489666307,0.094905703597955,-0.1183882535510357,0.1286414809108194,0.0025772436818265,0.1052600407786309,target,1290,3,136.3505764063749,0.0690444864569881,0.0755389595906744,0.0123846200796273,0.3686484177461434,0.4033242820719613,0.0661250569165416,0.3686484177461434,1160,0.3745319996280023,6,0.1074340073675463,0.2521720221827428,-0.0497003415359139,0.018018018018018,-0.7403579372717132,-0.3658259376437103,1.3125974099509372,0.1772337162134135,116.70285664041351,103.65645060466812,136.3505764063749,3.258686243644545,-0.0044233760673537,0.0587135562952925,0.0269881051556174,-0.05766730229848,0.7485711233956488,0.0370819622599363,1.0,0.0448613516159099,2021-10-27,31.0,16,0.013657565379324,0.0401106393603729,False,True,False,0.2666666666666666,4.0,0.2666666666666666,0.1036265244121378,2.0634985500066505
TER,Falling Wedge,bullish,1,0.6745323651222905,5,41,1434,1435,2022-05-27,2022,1,107.22625399878092,102.77248270184704,124.45099246483971,94.1989944597828,0.8972348376640412,0.0433362236646039,True,-0.0200918129950895,-0.0158361250074284,0.0263235222195552,0.0344223596338508,0.0086206880147887,-0.0103967180795809,-0.0207720170607498,0.0395594418642368,-0.010573492612605,-0.1921982228097294,0.0009757552037361,-0.1231995274081629,-0.0914539298844383,0.0400000601000396,0.0266234335467252,0.0876860601467219,0.114016626690796,0.0223154720883933,-0.0333640420567389,0.0673680861463246,0.1855319974735816,0.0033031823719866,-0.0288312497745261,-0.1629358885888343,-0.0697187238171614,-0.0690417432909685,0.0496864631371209,0.0805323470311523,-0.0162713950823341,-0.0376856886057371,0.0598253374803376,-0.018988470370732,0.1406179787500847,0.1621469431258049,-0.0780242013356045,-0.0772069660211727,0.0713786998416388,-0.0500831407498822,0.0224179206410011,-0.0111800272606856,-0.0066248637340222,-0.1171034459707431,-0.1918074412496684,0.0003570492182571,-0.0050086449935273,-0.1583327241168503,-0.1263303785581172,-0.0507514067727437,-0.1465377646384278,-0.0345255692120303,0.0525201904487244,-0.1044779019744392,0.00330533467417,0.1230818961139921,-0.1001832662885835,-0.0419573247949804,0.3142032115094932,0.00446794731962,0.0342339871925085,0.0354160179975595,-0.1176541094641302,0.0716069060113426,0.0515872781104067,0.0423850810793255,0.0036538214875916,0.1465686359397395,0.0342339871925085,-0.0946983285513946,-0.140191880065767,-0.1014679151775829,-0.0754067026713136,0.2157653446758547,0.2376033683647109,-0.0529499038492902,0.1717806803445549,0.1685176157342409,0.16975987980712,0.2289368601008787,0.0900789145832583,-0.0638028477179565,0.1279885664054016,-0.1154674679663823,0.2491835172977463,0.0021937147217883,0.380622919113738,0.1634942933021423,-0.1639995585857008,0.0866157974767485,0.1189668109087942,0.1767012878587202,-0.0058922708262458,-0.210772791265089,-0.150734123064228,-0.1553452243378581,0.2587193043541231,0.1626828170558172,-0.1242842127979861,0.130859549085418,-0.0159574940748253,-0.1130875424226316,-0.2993095683029187,-0.0877713727739996,0.253517974777905,0.2202221413437157,-0.0830651064857781,0.1276930361366774,-0.1269955251944072,0.0319503284164548,0.2639074109622037,0.2062226242986087,0.5496746826281158,0.3954665606485392,0.0620599791418954,-0.2507948124505373,-0.2288196617815475,stop,1444,10,94.1989944597828,-0.1214931889642086,0.0148623717723902,0.1700918399301396,-1.0,0.1223309051239785,1.4000113206366482,1.322207361762863,1392,0.4403775773318019,6,0.0677293398597888,0.1218123358562597,0.2225196439523056,0.0,-1.1683463379600123,-0.7279687606282129,1.0492392683978633,0.1359164299841659,102.77248270184704,94.1989944597828,124.45099246483971,4.72178934043537,-0.1292984328990863,-0.0076976273229034,0.0438747500558839,-0.2509852037833016,0.9905067264140897,0.0126738416477385,0.0,0.0079125656162828,2022-05-27,29.0,15,-0.1148401157326242,-0.0502618085842317,True,False,False,0.5714285714285714,3.0,0.2142857142857142,-0.0542851760117327,-0.5235525792725185
TER,Falling Wedge,bullish,1,0.6614008725744186,5,47,1525,1526,2022-10-07,2022,4,76.44302149254312,76.1254551093266,112.9355855744127,73.29686991466878,1.2143357046289451,0.0041716188462908,True,-0.080402267583181,-0.0630100408843464,-0.094875199237734,0.000826797052098,-0.018076885231278,-0.0707260840913417,-0.0167408304990198,0.2392939573110795,0.060704907770362,-0.0204551386046828,0.0286666373083033,-0.0229355415967231,0.0036637791559737,0.009382183761657,0.0334324370099774,-0.053946774748276,0.0530633169455634,-0.0283863029912875,-0.0835351639821591,0.0287466384469656,-0.009009158004239,0.0310526884769841,-0.0839095807957921,-0.0043810109373936,-0.0327633988235971,0.0011700543818866,0.1087668882917054,-0.0260260826731361,0.0067642888170709,-0.0155821989542531,0.0484493868113975,0.0526469700706018,0.0536184779756201,-0.085926526964337,0.0005387140411594,0.1595776970174072,-0.0240927414584021,-0.1000560471004529,-0.0529983977503162,0.0250961189235607,0.0155456855366353,-0.063687105403948,0.0649848654469005,0.1338589447722447,-0.0440982098315582,-0.0173085500348829,0.0916119216266955,0.0575696918237971,-0.010385591561026,-0.0128235062158884,-0.0932326002805975,0.0274907927968317,0.1016333703949012,0.1063031873598652,0.0214388786999266,-0.2999562638713368,0.0012921527460134,0.1324176959759282,-0.0304108505996909,0.0049406560761564,-0.2473484940711181,0.1411639146040404,-0.0315133374495772,-0.1895618265188711,0.1019480079120966,-0.0223536556267998,0.0729092050831805,-0.1697680172826521,0.1114027357181264,0.2047333855320114,0.1068379588046386,-0.1178862312294134,-0.3316635473559105,-0.0329657398330851,0.2009997209604697,-0.0257835461578646,0.1184746427680321,0.0097125304538518,0.1489770670451686,0.0509496166659111,-0.0366396472171203,-0.0977475010927766,0.196314262828279,0.6079735943894362,0.1103600958009627,0.2751490879566971,-0.1565764013858177,0.2150445976132864,0.1320101704574909,-0.041208766915635,0.3644462784574749,0.1252363713215396,0.1277203667609605,0.0684770054552492,0.1635957474588054,-0.1640510303745073,0.4424303447886755,0.0976892377341758,0.1286414809108194,0.0458838795191367,0.253626914677943,0.005908327470095,0.083252188983109,-0.2304097110852344,-0.0899290286650426,-0.005713639630788,0.2777027199659114,-0.0651103635829497,0.5703521012324588,-0.005721707745499,0.1683550681518797,-0.0064134220029214,0.2258626380348798,0.5266379076952219,0.006590884084152,stop,1527,2,73.29686991466878,-0.0411568187186485,0.0,0.0612037573211237,-1.0,0.0,1.487086690045647,11.59911186050522,1474,0.8693623892506832,5,0.0196024417553075,-0.0404693992594887,0.0358321175246216,0.0,-1.4231825994556362,-0.5538202102049476,0.1257945091216687,0.2627435005520889,76.1254551093266,73.29686991466878,112.9355855744127,3.026650935475477,-0.2855365680585993,-0.1294716478454893,0.039736926149491,-0.304343478573527,0.1937321627690141,-0.0288991098686617,0.0,-0.1040818327018524,2022-10-07,29.0,15,-0.1749631971760827,-0.1649621043338844,True,True,False,0.8571428571428571,7.0,0.5,-0.0089368533869712,0.0215905601052029
TER,Falling Wedge,bullish,1,0.7680928844837589,5,65,1776,1777,2023-10-09,2023,1,98.16257153338844,99.01845820568906,123.41346238476184,90.66449175976612,0.857121171348334,-0.0086437083328716,True,-0.0224730594501494,-0.0296334923321777,0.0861511888559041,-0.0294436021285463,0.0403598496151631,0.0035077233933877,-0.0361527321296827,-0.0124025960522891,0.0506600979079798,0.0763473682334361,-0.0223611923964699,0.0569863523490026,0.0334774482289528,0.0655347566062454,-0.0356988633227958,-0.018076885231278,0.0211449682011046,0.0690032280160994,0.0188955441959446,-0.0708987584459509,-0.0056284580198548,0.0445459218048358,-0.0392706274342088,-0.0837448348099922,-0.0549185636514287,-0.0046682322175141,0.0395789752620863,0.0342287824018059,0.0496864631371209,-0.1835351605080003,-0.0341540738169525,0.3059180940760546,0.0856650710402233,0.0122374273363197,0.0485382493512267,-0.0364622708750479,0.093214310613962,-0.1086221383262786,-0.0822554550349544,-0.0083487884708151,-0.0141524945455897,0.0490795547900546,0.0034688483024865,0.0400339368399902,0.0072099912501548,-0.0985778893403089,-0.1171016542490864,-0.1234537338494624,-0.1011954826439007,0.188293526632884,-0.015144875273,0.0974999333166766,-0.0838803822610547,0.1235845734057325,-0.1832368468891066,-0.0069193640401318,0.1063496152216449,-0.1465377646384278,0.0163306197444759,0.0072794173524202,0.1050315011595652,0.0999422101899327,0.1507425588447817,-0.076849099167246,0.0483222432805148,0.2311319158265585,0.1261997729639645,0.0492464310807776,-0.1539111794544395,-0.0794245779362222,-0.1340742167776024,0.2199824380805191,0.0501684955585504,-0.0198130497749905,0.2209762520685503,0.1376346546384415,0.0681077067308169,0.1046963969507637,0.0810000991141153,0.1873718574981699,-0.0072080309167336,0.0106271276108627,0.1640193266349359,0.3782697647400765,0.0456950330996801,0.0398070574590794,-0.0411525658433395,-0.0744339304795745,0.0352670897067881,0.3281951371724005,0.0071827812846629,-0.176244260002911,0.0249019388563536,-0.0587922774167508,0.1295558083782246,0.1392705814775305,0.454061392777036,-0.2704785320171504,0.1628149990293048,0.5644696917074277,0.2180682149075201,0.1981475739127176,-0.0136894299378654,-0.2272783728006886,-0.2677273054137373,0.2263658394087788,0.1924105961894111,0.1137512458363885,-0.0830651064857781,0.1881300657388471,0.3851047398652221,0.6073972120128897,-0.0623396747804408,0.1795030983209948,-0.116821693049978,stop,1785,9,90.66449175976612,-0.076384304694707,0.0225738764205976,0.0775974815170901,-1.0,0.295530299199829,1.0158825406244367,3.367647666300392,1710,0.5155083165498066,6,0.0065373699881956,0.0675418916262786,-0.1626719916535318,0.0,-1.2350954104112364,-0.7195870938614295,0.8204585810418569,0.1752154518817247,99.01845820568906,90.66449175976612,123.41346238476184,2.440602584206573,-0.0276206541039183,-0.0298323345890814,0.0249080405272902,-0.0337464247078092,0.687899389162376,-0.0127145785250429,1.0,-0.0326350431166012,2023-10-09,29.0,17,0.1121400213279302,0.0593060920446693,False,False,True,0.3125,2.0,0.125,0.0259363801856856,0.9237335594425166
TPL,Falling Wedge,bullish,1,0.7731946122312082,5,62,785,786,2019-10-30,2019,2,58.459663841524765,60.94552821734169,80.74832241140197,57.53686197070901,1.222879684418146,-0.0407882981496513,True,0.0921034705757268,0.082337519949025,-0.027160756758259,-0.0217258865181212,-0.0124491352446236,0.0020760161129269,-0.0096110842738331,-0.0175340791597525,-0.0484565246891977,0.0221572483835523,0.0105475264777838,-0.0869188134471278,0.1370162671023378,-0.0586266303042181,0.0219350922792629,0.0372170163591698,-0.0318344205840666,-0.1244280578168808,-0.0377482471644814,0.0210478692461391,0.0707689774164523,0.0688094049433585,0.0963493814577057,0.1365300062191061,0.1201882585500142,0.0074642910131652,0.0814206851812688,0.0354571135472976,-0.0404148551205398,-0.0432362238593867,0.0886676089638973,-0.0263603534726027,0.0996058449430079,-0.0696990023656491,-0.0679703644188457,0.2348236723484154,0.0454330689398096,0.0079891268762515,0.0241055336742885,-0.0345763328614613,0.0907406164848372,0.0205477792896802,-0.0327776297199439,0.2006977232529623,-0.0235832542535778,0.1066132537969624,0.1564081777935706,0.1190884184669724,0.0629770989424964,-0.0977583835941615,-0.0206247561885175,-0.1242115656024456,-0.0628924647793167,0.2097008494503889,-0.0206247561885175,-0.0865640223257705,-0.1877120510192866,0.3358419265049288,0.2210059502352308,-0.0674899509830589,-0.0538790063233417,0.0256901955279538,-0.040799075280404,0.0432182252154684,-0.0796837221260994,0.0638433004080358,-0.145268330748941,0.2114424078297068,0.1470975843458532,0.3600657650426206,0.2932606769400834,-0.1918857568284911,-0.1381806708302839,0.263881141006913,0.9385271422248672,0.0422942131546411,-0.1623394485205297,0.0297729695146065,-0.0323574568521553,0.0242895701521494,0.1764908252040447,0.4480086000068184,-0.1958456193428817,0.0263147793402078,0.0408621521893244,0.7832183933341008,0.315087214373033,-0.0025312245942686,-0.031549450401579,0.0028734307077482,0.1162005672584591,0.2374091964877844,0.2754039256116474,0.1952828540295419,-0.4917971861794581,0.1225370612572074,0.3097189370622828,0.1109372322539583,0.255500224952442,-0.1238021673195821,0.3807573075783881,-0.3043863631723789,0.2333437505946287,-0.0347459039966235,0.4949133974944759,-0.3355510779458113,0.3189399436975144,-0.5393790971536857,-0.2917340767001917,0.0117078410424522,0.2231460153153148,-0.2330636623357701,-0.0830527423691154,0.161908838267238,0.2661090119944831,stop,786,1,57.53686197070901,-0.0157852750114562,0.0012317238307432,0.0332899618384094,-1.0,0.0780299253481076,2.108925046554404,24.15324380538383,721,0.7493725632944731,7,0.0847224459597805,0.0087690981145058,-0.2380776340110906,0.0,-1.1749240141516752,-0.425551450857203,0.269879563033669,0.2011789502523809,60.94552821734169,57.53686197070901,80.74832241140197,1.5385952138107248,-0.1885651045013908,-0.0690595382300857,0.0260198024200598,-0.2675831543125218,0.6211643733275343,0.0001699630030564,1.0,0.0558216642550057,2019-10-30,54.0,20,0.0288298542859157,0.0578040800343553,False,False,False,0.1052631578947368,2.0,0.1052631578947368,-0.0963375111068104,-0.713309690950067
TPL,Falling Wedge,bullish,1,0.8147245961108803,3,25,961,962,2020-07-14,2020,0,61.084022238971215,56.01865647230932,71.9414715325255,54.48051039906517,1.2723268901394666,0.0904228356345133,True,-0.0233258826866332,-0.0313901775485289,-0.0759810778625036,-0.0153566775458787,0.0775166445352988,-0.0489415878979754,0.11274486413687,-0.0424203669765632,0.0455324351390238,-0.0054840036805478,0.0095181873432839,0.0048259179244369,0.1697113302746509,0.1581028091516356,0.0770975033669885,0.021601273399517,0.0815336039416603,0.0243444581837026,0.0187213330667326,0.0169175635086848,-0.0138705684796583,0.0119880911851435,-0.0547309693223583,-0.0787211571019057,-0.0748751333702917,0.0081758538164908,-0.0229603091826767,0.0264786850622571,-0.0074759376101501,0.0824560134473004,-0.013436546327093,0.1708465504777656,-0.0059147841578813,0.0156597747520188,0.0942574719853965,0.0263329112536845,0.1856409318063085,0.1122784173004642,0.0024630454515928,0.0409973476094873,0.055308123998141,0.0791531766281057,0.0403230212751777,-0.033613734143812,-0.0406962079167555,-0.1195348473781968,-0.0129217124771664,-0.0451474738159903,-0.0115590785424707,0.0299472764221431,0.0663332830105467,-0.0167377338471209,-0.0709904847044536,0.0098808958808134,-0.069644681756095,0.1014843658365629,-0.0436748802231178,0.0044615062039734,-0.0598949225046734,0.2186575060260365,0.0100105834497625,0.0452884012630969,-0.1015074962232017,0.0918919235551889,-0.1414137778342666,-0.0865048679044895,0.0182442345407491,0.2367750618324675,-0.024474068201239,-0.1462830032121274,-0.2001893514830863,-0.0818685097030931,-0.0123517323540489,-0.1118786158219711,-0.0515287160501406,-0.1451687254512067,0.030374130347591,-0.1817604324985734,0.125549153186286,0.1032405680985277,0.0025921230552037,0.2550484183020749,-0.1144405512718248,-0.1056727680254241,-0.1781603946255436,0.0094356384635292,-0.0373311352401418,0.0446037448290053,-0.04123503505503,-0.0683065832133845,0.044234329816611,-0.1205517485515497,-0.20627622141997,-0.2674221086036981,1.030083563800841,0.5201219913401092,0.6875261116844393,-0.2208359785329943,0.0204079501663381,0.2431083112620111,0.0986396528883193,-0.3593220785313621,0.4122847035253798,0.2978420479768873,0.0155490195504994,-0.2196386452858436,-0.221541003726743,0.5800508317975239,-0.2098128932169118,0.0215519530437047,0.999887659196674,-0.1004763822875446,0.3453212581747784,0.0759926427323784,-0.4071132571978942,stop,974,13,54.48051039906517,-0.1081053866111169,0.0236616721724672,0.1358953560234369,-1.0,0.2188759775457298,1.2570636883459632,1.6441932045826024,936,0.7733725562692508,6,0.0871200382446568,0.4346596906403919,-0.5742597342037772,0.0,-1.1038022307513689,-0.330429674482116,0.1378733223287827,0.1757602043475526,56.01865647230932,54.48051039906517,71.9414715325255,2.6955718260905326,-0.0426531413139211,0.0095105797422905,0.0449373252652858,-0.254797122868389,0.7759901938251752,0.0061450202119606,1.0,0.0432286725439625,2020-07-14,30.0,19,-0.0461719634142189,0.0394817993567337,False,False,False,0.6111111111111112,1.0,0.0555555555555555,-0.0599872280091299,-0.3499815612259059
TPL,Falling Wedge,bullish,1,0.7136741701679377,5,84,1265,1266,2021-09-27,2021,0,143.0736345592167,141.62670243776518,181.2525719903529,124.50290032516448,0.7775939494209406,0.0102165205893101,True,-0.1572102966808886,-0.1320789817249299,0.0617728655906226,0.0314686328485025,-0.0920915975471441,-0.1100075492875614,-0.0138705684796583,0.0695529778244801,0.0072461740291163,0.012592214472481,-0.0068285516514302,0.0007101599276531,0.0121499574112722,0.0089649192651792,0.1937877671565697,0.0445677289359336,-0.0121625866152433,0.0119160408354956,-0.0236468378388139,-0.009983068389028,-0.0170485340923857,0.0484877173085953,-0.1680891897661204,-0.1233901730761556,-0.1120184205045697,-0.0564502260774841,0.0258453209042539,-0.0573657077302389,-0.0132276874983986,0.1122784173004642,-0.0122530863080198,0.0554853988477452,0.085742716936642,0.1105527888294868,0.0851146250902477,0.035541356773777,-0.0903534899815474,0.2277141606517814,0.0539579759873622,0.0347371684933266,-0.0220726256287001,-0.0714948548010602,0.3370376162885027,0.0172613382146034,0.0319971619145103,-0.1678925914865183,-0.0533205477557227,-0.0893912635124259,-0.0832270370195296,-0.0972708672525183,0.1092659315115363,0.1094723193450499,0.0839838781909265,0.1121761376600058,0.1422534714426235,0.2563416743821547,0.2848253857674139,-0.0274949187387331,-0.1288043648514605,-0.0586388129487547,-0.0321647883622305,-0.3052363750029732,0.0362720709495472,0.0533494768162527,-0.0095596656581142,0.0155002061757805,-0.0333081497961644,-0.1272092156550591,-0.0683468656035103,-0.0825672569505362,-0.1459755898986554,0.0292184996858884,-0.030074191415167,0.0637539535564122,0.2063657720823508,-0.0728150220657132,-0.0921036797840674,0.3276667927475913,0.2296092072605335,0.5347876730390848,-0.1832673219297357,0.0592360821403634,-0.1621458566851097,0.1606112966823325,0.2493920933039266,0.36760846425179,-0.0326856767708046,0.0786522317681097,0.5054546105359032,-0.2188304883005863,-0.1714726357568897,-0.1750153471678469,-0.0750152707608131,-0.1318663093685554,0.056623762764046,0.1292861667550606,0.1139440154452058,0.3495516453298106,0.8446696173196402,0.134031565220577,-0.1835028268319005,-0.1127373823356174,-0.1571731263919634,-0.2071151551731967,-0.4994902007282278,0.5727935306319787,-0.1113238219462644,-0.0872694535810428,0.2240279007981034,-0.102551754250781,0.4064200809584339,0.0490143241651686,-0.1159671576246951,-0.380774047590713,-0.1211381549074942,stop,1268,3,124.50290032516448,-0.1297984376455186,0.0,0.1307879873338353,-1.0,0.0,1.0076237411348434,2.055865802070946,1181,0.3632693902695132,7,0.1056249341840342,0.2618965488568843,-0.5720985881789902,0.0138888888888888,-1.1153147476202732,-0.7520453573507624,1.3267528668215316,0.1964883485483474,141.62670243776518,124.50290032516448,181.2525719903529,5.004116652026949,0.0414569441591019,-0.0098907992034888,0.0349665968728079,-0.0703722150774239,0.8930199148544233,0.012662098609631,1.0,-0.0137522113086436,2021-09-27,2.0,16,0.1858755694820029,0.1824183685193408,False,False,False,0.0,1.0,0.0666666666666666,-0.1053568834922086,-1.2760699081964622
TPL,Falling Wedge,bullish,1,0.6571701075770239,8,119,1713,1714,2023-07-11,2023,0,153.9823142455438,143.9970142179768,232.9223597461944,128.0522936354722,1.0369553226696084,0.0693437991183041,True,-0.0033329366161946,-0.0208063277581541,-0.0398286257944439,-0.0025929919395084,-0.0124491352446236,0.1030436407195172,0.0223606459112701,0.0117860737859714,0.026902666501108,0.1370162671023378,-0.03970405532661,-0.0523293880119717,-0.0247325804123444,0.0695377992197707,0.0686764082290882,-0.0386070401935885,0.09966040903653,0.0843585803677833,-0.0438276173638219,0.0144140678195305,-0.1287715733224078,-0.0420517545704597,-0.0139760264418509,0.0542957241760682,0.0340220776954121,0.2827386260686946,-0.057025570048764,-0.033613734143812,0.1572607389924989,0.0308495352470437,0.1350171014146139,-0.065933014321015,0.061013935910819,-0.0151869150636895,-0.0248048728843759,-0.0468865034646881,-0.0413418569541056,-0.0228675087221477,-0.1593778421653168,-0.0592172525160819,0.0881203728404276,-0.01716082104668,0.1455086671738636,-0.0480930691052982,-0.0347787477765549,0.0405846607042966,0.2308493894523402,0.2255626192799555,-0.0010361566460254,-0.0107341899876367,0.0805028609185947,0.2210059502352308,0.3387477147018314,-0.0590570716213152,0.0317772819524591,-0.0082968323573597,0.0956161652606952,-0.1396327640538774,0.0319405302734965,0.239340930020117,-0.0549607334207615,0.0136755698775659,-0.5200136030916251,0.2853158752507245,0.0128907048240736,0.0744174041536065,0.0756916485064691,-0.0068517517637807,0.1958324128007161,0.2788064342554757,0.2791873763470063,0.2445167620357595,0.5278248855933043,0.2118583904001991,0.4028755816546692,-0.0725755789181992,-0.1339251220077072,-0.1055175881026763,0.5347876730390848,-0.1444481391853259,-0.040495483876244,0.2704060859376758,-0.1595180125915245,-0.1136308409735717,0.0302809792011977,0.14434204709252,0.524778830836528,-0.1803573480415791,0.0571942218935699,0.1727433074756148,-0.1477241289835595,0.1776356081314889,0.2269129624692243,0.2722367928344285,0.3634054263551802,0.2114709955321225,0.2545499457752207,0.1319315101030311,0.0538185122728147,0.4932177471584889,0.3355100806976085,0.3887905279849926,0.3546145745057407,-0.1554095551196986,0.5522386378590172,0.0201428588112091,0.3105089376566345,-0.1636941236928872,-0.0388260142863552,0.0080873359633808,-0.2417727828531422,-0.0403915405430173,-0.2824118066950564,0.0652245044679715,0.0958626738715615,time,1773,60,188.9228973388672,0.2269129624692243,0.3688761235477273,0.0502446130609403,1.347495384548672,2.1905265725759637,0.2983716023152868,3.0443495085379606,1594,0.6268588381056941,6,0.1407460681517349,0.2351469429362498,-0.3712927923963741,0.0275229357798165,-1.5655161029829965,-0.9386572648773032,0.4477948942263507,0.2335081530366661,143.9970142179768,128.0522936354722,232.9223597461944,4.128461395080322,-0.2466259547216541,0.0420282212115912,0.0272428463347836,-0.3145742431689791,0.7207635450231112,0.0196277282418233,1.0,0.0330392406435733,2023-07-11,15.0,19,-0.0324025285744801,0.0145925305175245,False,True,False,0.1666666666666666,2.0,0.1111111111111111,-0.0433435910241193,-0.2583410242477313
TPL,Falling Wedge,bullish,1,0.7661059737971572,5,77,1859,1860,2024-02-07,2024,0,161.6370542140197,158.24170568363795,213.95491489489564,149.7511356082989,1.2429981328354227,0.0214567235338694,True,-0.04221354137464,-0.0431571855826566,0.0064458692539699,0.0495600208286644,0.0600101294721526,0.0209777352207498,0.1180632355505517,-0.0082116618717356,0.0366587178482933,0.0106686555610777,0.0448086174961188,-0.0142436787251619,0.0200663751857483,0.1067406096584844,0.0607758618082321,0.0762016169472366,0.0020201717849472,0.0229790762066388,0.2003961693814806,0.0462415779647045,0.0359292009245642,-0.0294222928094184,-0.085546841759005,0.0422798141030889,0.0234080676053536,-0.0448453181053635,0.0219638187153483,0.0698540264912843,0.064678949242602,0.2247075210285409,0.0906693110954295,-0.0574531705925562,-0.0362951627650885,-0.05366467589103,0.2544781786748,0.0565768950804732,-0.0340615777668221,-0.0690196510469894,0.0009263031777848,0.0573122513113644,-0.0187103283590833,0.0146209937180252,0.0664884233800404,0.00074493419362,0.017622720116418,0.0109500920181489,0.0033568262688992,-0.0301906431368663,-0.1414483902684369,0.0680700210079607,0.0990633960654905,-0.1623147271282901,0.0893942457573744,0.1136311451558336,0.3775306403414067,0.0298913458391054,0.0280932723378943,0.0123228143616662,-0.0458525346456337,0.053844325675634,-0.0219223779862585,-0.0437077858210447,-0.0035080779696581,0.3866510944106252,-0.0801994171221359,0.2796000244350132,-0.100914284220938,0.0531198001698312,-0.0462104002508727,0.1951520854306816,0.1511032112842973,-0.1672078454191419,-0.0665402079339647,0.0401014422912564,0.1060776916941179,0.5359367816516527,-0.1194996619097024,-0.1953142704006937,0.1072876838909731,0.5031476623101769,0.1990417531146622,-0.040679018097071,-0.598422589213449,-0.1049354197725386,0.0433392194551935,0.5692012787760783,0.1043170581599139,0.2571846267813078,0.5179886934595659,0.2669149021952448,0.2195497493598857,0.0862776089110082,0.1257946974761272,0.0961246474873083,-0.0902834324088094,0.0767580233004305,0.3008144419675369,-0.1111351855478137,0.0358322336547678,0.092590752412957,0.1657487207506902,-0.2807852022784792,-0.1473781787124126,0.3629751269484227,0.3825408395189,0.2387641713650772,-0.0690864116393256,0.1121423082294992,-0.2102235797427468,0.1896564885021494,0.0722291501029448,0.191643463224723,0.7757452394498607,0.2934192379879856,0.0066962871218093,time,1919,60,181.9701385498047,0.1257946974761272,0.269019560662113,0.0578801080469504,1.710686822808838,3.658407124750518,0.7871137665199328,4.401667419773079,1782,0.7174373687691815,7,0.1465965910201291,0.439411301028394,-0.4343427530855871,0.0277777777777777,-1.34280523668394,-0.6253678679147547,0.2852382134203767,0.1835325392652782,158.24170568363795,149.7511356082989,213.95491489489564,3.796847665165044,-0.0643839542896687,-0.0369194750643422,0.0236341318810861,-0.152367185345756,0.6927243680805578,0.0087439201163252,1.0,0.0511100194150153,2024-02-07,24.0,21,-0.0432907420053225,0.0023927844235094,False,False,False,0.45,4.0,0.2,-0.0214443354665568,0.0230719989943991
TPL,Falling Wedge,bullish,1,0.6271435203841083,3,31,2328,2329,2025-12-19,2025,1,302.7025505560791,293.35752973005674,351.2233345793948,264.31438096023385,1.7173980488813816,0.0318553978642426,True,-0.0311513772183499,-0.0368682637460474,0.0914453059711126,0.0345896664758529,-0.1354632347688148,-0.0120207055622844,-0.023616776438375,-0.0461678444426583,-0.040733830460875,0.0568955846770746,-0.0223266204339485,-0.019769041392278,0.0123722414878204,-0.0451467027295814,-0.0025588729710847,0.0364828870809792,0.0107084448710925,0.0103826123126693,-0.0946601261323417,0.0304601097844749,-0.0586804481588598,0.0017656255740454,-0.0203492909555509,-0.0335197713531053,-0.0450266694794531,0.0314473951925717,0.0330016295854,0.0183447277758401,-0.0102178538563588,-0.0787211571019057,0.0126490983057707,0.0834454096903849,0.0024252036051644,0.0542957241760682,-0.0854955557737766,-0.0642880775998493,0.2734759265487687,-0.0392856340536373,0.1512159032326143,-0.0174937591564444,-0.0038379054663514,-0.0303021976146548,0.0478281540371872,0.0880507680536368,0.123275530759596,-0.0630104378701066,0.138914484541379,0.136779729209425,-0.0050104001149987,-0.0649871291604023,-0.0071048027801124,0.1575116875590732,0.1444423856829091,0.0112951957670031,-0.0598216461373026,-0.1097051764334292,0.0005075658044835,0.2583090418623781,-0.0471897845602024,-0.0525475288729847,-0.0961039588842131,0.0231687384683088,0.2779345112317646,0.2833241413829896,0.2195908352866136,0.0427144426280219,-0.2801819190166221,-0.2120960691717465,0.1147119780143024,0.6005263171634359,0.5997367450399818,0.2832752702675896,0.0721374303156283,-0.0374183631915343,-0.1647458166352947,0.1066939886661633,-0.174614485094026,-0.2037712193811288,0.1987240797620717,-0.0008458733539592,0.770099742680425,0.1513716982489603,-0.0141058497004287,-0.2247970984794364,-0.1260812322798086,-0.0100839595241452,0.5278248855933043,-0.0310964117448374,0.1013635328788589,-0.0662867014233422,-0.0286977046494324,0.5440790215156545,0.7537176227556577,0.7890131240030717,0.0460059781581101,-0.1562063194741578,-0.0277340261724134,0.995958444134812,0.2510084528341474,-0.149855853376671,0.2394842398250602,0.2245804661252177,0.2382120542616008,-0.1657401898657904,0.167858055177108,-0.1201751659669685,-0.0980380237970165,-0.019497450072436,0.8344972405183035,-0.2218407735196028,-0.1295004789790267,0.1738530154139517,0.1359969010515447,0.2783149649260197,0.628858546195568,target,2347,19,351.2233345793948,0.1602919563584142,0.1709869959627354,0.0758223739275341,1.2639514864643902,1.348285170529304,0.5978827909410248,1.2639514864643902,2296,0.4381005051393675,5,0.0597083308332091,-0.0220000805889021,-0.0515037419234881,0.0,-0.990990646724798,-0.5528901415854269,1.1353179464382237,0.1803108236312768,293.35752973005674,264.31438096023385,351.2233345793948,11.912990673262083,-0.1478144789169174,-0.0172995596971887,0.0399307530244284,-0.1408825579855409,0.3778104153512404,0.004925207531188,1.0,0.0460837976740242,2025-12-19,9.0,15,0.0843879305896917,0.0451016751576101,False,False,False,0.1428571428571428,1.0,0.0714285714285714,0.0232618126340199,0.5858243270861528
TXT,Falling Wedge,bullish,1,0.7418815968556597,3,39,641,642,2019-04-05,2019,0,50.68519064184454,50.64161048877433,56.62634120416077,48.55348843180266,1.127514777277005,0.0008605601727431,True,0.0091849966432804,0.0020347534623921,0.0181954990963761,0.0056969844491108,-0.0218774623702212,0.0444617358607586,0.0557698498002003,-0.0143172074723776,0.0430973929299769,-0.0148238190414221,-0.0355610652273936,-0.0140907239189408,0.0238127751332033,0.0387500545321581,-0.006703704472431,0.0227968369127857,-0.0175267706218019,0.0221514062795504,0.0238750166353503,0.0197295187094546,0.0052265629808878,0.031949248129117,-0.0023456097729366,0.053742690785669,0.0462104822390743,0.0014554557110657,0.0462608819741756,-0.1073594672857923,-0.0368487447888404,0.063661970061573,0.0019801607495688,-0.0044807548435363,-0.0098912493325491,-0.0384487257128052,-0.0036244363612376,0.0505082747520835,0.0388830588476614,0.1041143515842222,-0.0462012921394451,0.0819645302570626,-0.0169230917417184,-0.0284093603412868,-0.0069189842396315,0.0393296643193719,-0.0663334602691144,0.0506067517256277,0.0394762959861478,0.0230931011042088,-0.0275246739870893,0.0115490358496115,1.0923920235050845e-07,0.0366932281837222,-0.1350359307558484,0.0616027352033197,0.0046394036009371,0.0641900655269838,-0.0374907765499847,-0.0061554583350327,-0.0999428027570248,-0.0128207992496881,-0.1144380270956396,0.0808871992435051,0.0703625365384892,-0.0112113505907491,-0.0239134098486124,0.1635321339468298,0.0295995696584296,0.0310421899098884,0.0351980470995853,-0.0543287024907012,-0.0280526731673758,-0.0384748850364264,-0.038616193860829,-0.0413082608749184,0.0094455950079688,-0.0609910970948874,-0.0404430849541943,-0.0099890038485899,-0.0095131530476408,0.0122828946667064,-0.0612478332047881,0.0284994709031667,0.0431126607316898,-0.1948417728022403,-0.0743767111223353,-0.0020121873169755,-0.0025539062658778,-0.4236641553986786,0.2314973263533866,0.0853110071402976,-0.0258904685970011,-0.0236400145595928,0.0336465332535578,-0.0002712297252107,0.0499477640619652,0.221841016695965,0.0619859162072877,0.0988813805128188,0.0782406720901491,0.0722539419109222,-0.2002390967701248,-0.3037658045525948,-0.0134704752252706,0.0880656740160148,0.048822977870703,-0.0272487255082956,-0.0278180138226636,0.0353419753846868,-0.085239277947539,-0.1191748497679101,-0.0499031714252456,0.0878689084435557,-0.1242772677402871,0.1805090690909006,0.0300154025773059,target,649,8,56.62634120416077,0.1172166955886191,0.1334767206550777,0.025014709889091,2.787045270361428,3.173657652922325,0.59477132106276,2.787045270361428,602,0.4666342286376825,5,0.0109403588011208,0.1553506129203423,0.1787212466048453,0.0,-1.0142453460715373,-0.5476111174338553,0.7583639822313765,0.0929964899847955,50.64161048877433,48.55348843180266,56.62634120416077,0.9735464151279152,-0.1250076049145695,-0.0235274137869878,0.0190994641829161,-0.2818316555979162,0.711535781095256,0.0007821574750617,1.0,0.0560408531202429,2019-04-05,18.0,11,-0.0563984546198546,0.0253254132410467,False,False,False,0.3,1.0,0.1,-0.0386574747377415,-0.5086967082312833
TXT,Falling Wedge,bullish,1,0.7179526467071289,3,26,737,738,2019-08-22,2019,1,44.0072963993068,44.57328150708031,53.78302259422762,41.680161160031645,0.6563979325669017,-0.012697855949502,True,0.0040529026277433,-0.0016534550469002,-0.0362824062027818,-0.0131960625925443,0.050302958761371,-0.010134088395301,-0.021481150148316,0.036739153519723,0.027512662607632,-0.0126671834904146,-0.0203927145429807,0.006998473907638,-0.005846050709477,0.023016311189195,0.0009316020285061,0.1018652187356701,0.0292799468423718,0.0180297601925634,-0.0406544670924584,0.0108765207056498,0.0027333723740123,-0.2985570128032837,0.0115991603834046,0.0466110177010887,0.0221023428686473,-0.0154354702050201,0.0330886898401692,0.0340574450449817,0.0215767810575933,0.0116153804622594,0.0320950947488898,-0.0230890447548851,0.0071599818502829,0.0555722052174521,0.0082034532199384,-0.005854003027226,-0.0174874618277186,0.0409800825418724,-0.0195282621681497,-0.1054152407378236,0.0125606683100187,0.0231240447504941,0.0078046623854204,-0.0647766408647917,-0.0296088222544481,0.0462788405216232,0.1472621071029025,0.1172280136353749,0.0286305992021793,0.1252210842085337,0.0432881870264629,0.4490812037970122,-0.0704610474012958,0.0464761467532208,-0.0795396393900627,0.000218601886621,0.1252210842085337,-0.0866678578704972,0.1959256485724814,0.0002409379353405,-0.0272409514260661,-0.0938418219092986,-0.0902433749759012,-0.0515854545745564,-0.0032471761123822,0.1252210842085337,0.0394623669322367,-0.0778086862615918,0.1173445603624273,0.0364330991264223,0.0074696295859379,-0.0129065177519724,-0.0458156263985318,-0.0992897800010058,-0.0590819554221049,0.0409037048021507,-0.0520443199537492,0.0934118860823483,0.0354172744837855,0.0077989905684698,0.1278447938633302,-0.0852816896918218,-0.0176971381639647,-0.4179355848642809,-0.0778215831059364,0.0322275508221274,-0.1129967028993428,0.1172610333162718,-0.1277464132516192,-0.0008525415808345,-0.0902203343259904,0.0736743468000559,0.0600854151368548,-0.0166017404337941,0.0380576563323271,-0.1028701598999848,0.0123767995622456,0.1670245128310046,-0.0992340699762572,0.0265848688382992,0.0193451273796829,-0.0289686768762813,-0.3793577092164522,0.0329453332622167,-0.1412552794560679,-0.0229227579466997,-0.1216265856612814,-0.0746082515058861,0.0218321722007421,0.0344362675599048,-0.1912561905601544,-0.114830951959694,0.0114528603084851,-0.0233120727006469,0.1068947705110797,time,797,60,46.651493072509766,0.0600854151368548,0.1909632920699941,0.0475121361691521,1.1362453838422215,3.611211782487203,0.8984783624398888,4.200755516884226,710,0.4812851671658099,7,0.1289853818083051,0.1108132980959666,-0.2394888191830945,0.0,-1.406366551784871,-0.9250813846190568,0.9179417651965616,0.1129036329424393,44.57328150708031,41.680161160031645,53.78302259422762,1.2450382940856548,-0.1199845252389821,-0.0961513263222776,0.0280078360460169,-0.1846067425400618,0.074075643905686,0.0026619134194103,1.0,-0.0254668522955691,2019-08-22,18.0,11,0.0244471192754998,0.0402766418435289,False,False,False,0.3,1.0,0.1,-0.0637733353026907,-0.6732287015823493
TXT,Falling Wedge,bullish,1,0.6820990160207397,13,74,832,833,2020-01-08,2020,4,44.02471338954861,44.46510252446805,52.65505340326405,42.279829539370176,0.8835768487334666,-0.0099041520184757,True,0.0214011354156073,0.0151773030044575,0.034651870281501,0.0541303663934749,0.06430760324752,0.0126843742130076,-0.0416718658227949,-0.0088761164974158,0.0270947881984144,0.0102082833536061,0.0012184680833253,0.011190762264736,-0.0074214575399702,-0.0204506590178124,0.08604897072721,0.0009004804354297,0.1096257731494414,0.0333530315373631,0.03918037664747,-0.0026644993560235,0.0134707817090309,-0.0085723502577437,0.0009806863281188,0.015994497939582,-0.0010523053861055,-0.006162900682696,0.0084624758012259,-0.0071628907145642,0.0227947927642504,-0.0050034317974331,-0.0543102979020679,0.0449369669649235,0.0116153804622594,-0.0334350000530253,0.0085277306775597,-0.0223961602335237,0.008223347648087,-0.0008200076200267,0.1203501073609443,-0.0340686875043608,-0.0479879061290511,-0.0374905914335478,0.0410800100145634,-0.0355976175629837,-0.0265783020993621,0.0182456470415235,0.1416982777009363,0.1177223792222754,-0.0712179994621685,0.1641381657229752,-0.0137722673221579,-0.0550118141853052,0.1579808341265178,0.0249553676797138,0.0367860420855168,-0.0186977528399935,0.1358976296992735,0.0627087394687517,-0.0045348178390497,-0.0227624766192756,-0.0267513704591607,-0.0834706260974001,-0.0348507677511986,-0.0133647698836499,-0.0649522687434654,0.0588005640583855,-0.0136124713586871,0.033091602446678,0.1291303005646213,-0.1896824936480192,-0.1016888829174795,-0.0703916842781223,0.3089997324329603,0.0005085971917331,-0.0389620414605856,0.1019377991035102,-0.035885330660447,-0.1557628833105739,-0.1277464132516192,-0.0439311720120424,0.2632993292544026,0.0900172912090124,0.1402558069261115,-0.0659986032331449,-0.1154215555882455,-0.0753995127258053,-0.0241701442021873,-0.0511042780836787,-0.0453237197842855,0.3783142102514543,0.1095573432606793,-0.2168221321999755,-0.4398187824088401,-0.2052388770157056,0.1004229942794494,0.1333190651095337,0.1682570056180545,-0.0436624529604963,0.0965791637040565,0.1598687046260714,0.0533001509262041,0.220244029465003,-0.1130600913522215,0.0468128543873771,-0.0450275494053947,-0.014636321728668,-0.0394514558274485,0.2595692828725675,-0.0125763949917663,0.1832031164006715,-0.1288084785577751,0.2131361459856429,0.0115573369308079,0.1193409366975346,-0.5082381845178003,stop,865,33,42.279829539370176,-0.0396341898864619,0.1608468103008375,0.0621763636330292,-1.0,4.058284293475087,1.56875575888249,4.946082808224111,754,0.5812914663480033,6,0.0734835714204825,0.0689720753006077,0.223008980504884,0.0,-1.1134202604682732,-0.5321287941202705,0.5110808075281754,0.123346616627434,44.46510252446805,42.279829539370176,52.65505340326405,0.7941274395603409,-0.0891771387645297,-0.0322877598086682,0.0181280671213817,-0.1566695290240911,0.079996744791671,-0.002234169473689,1.0,0.0387575328462161,2020-01-08,18.0,9,0.0862113987699626,0.073982304278819,False,False,False,0.0,0.0,0.0,-0.0199776957420307,0.1787655078064109
TXT,Falling Wedge,bullish,1,0.6558185473005574,3,32,1039,1040,2020-11-02,2020,1,38.11083585392021,34.6381012079182,39.51580674003918,31.567964297012708,1.607975482070668,0.1002576505321877,True,0.1076640952827407,0.0451208395606208,0.0253842510565289,0.029521861009389,-0.0311026908641628,0.2153187654256292,-0.0221977508124262,0.0145213404138224,0.0592145341969292,0.0196653093380407,0.0417175966906149,0.0084018967363723,-0.0136090018642111,-0.0172200006179901,0.0420204774833214,-0.0332710618698653,0.006644113602624,-0.0381491105935792,-0.0266207294362101,0.0025199746392499,0.0225518165546305,0.0192096814421789,0.0914380316561964,0.1929091483128358,0.1063615208307804,0.0948529632210746,0.0249839529837474,0.0126105967241032,-0.0153498229091412,0.000876740668767,-0.0389774244779441,0.0116153804622594,-0.047574339667983,-0.010964937071182,-0.029835928434432,0.0155479296432596,-0.002618483052402,0.0416852407821588,-0.0318314712032441,0.0114592734417757,0.0473283662909123,0.0433716699750725,0.0296123763567301,0.1929091483128358,0.1466770722623092,0.1680902330974019,0.1895204381721618,0.0926340424508653,-0.1624089975248158,-0.0202197125416583,0.196817360736581,-0.0154666705977314,0.089992464004674,-0.0523987386793095,-0.2142457496612089,-0.0902545352189775,0.0059191512117309,0.0346497510474954,-0.0040503817125779,-0.0118976720202338,0.1454994621551968,-0.0069744807793414,-0.0452540775066754,-0.1034483590330405,-0.1272069749900504,0.0074097973276887,-0.0744928801076906,0.0494917262916323,0.2094474140520774,0.2632993292544026,0.1437701962645927,0.0163036730312011,-0.03545618308077,-0.0641200615710755,-0.0318291276748425,0.0120338894948877,-0.0416421139827131,-0.0041091765824257,-0.0520041136017791,0.025649376145127,0.1012453218370477,0.1913794330978087,-0.0020710296207198,0.0321534563207495,0.0009890095050855,0.213582042703774,-0.0008096756231427,0.0506982035806409,-0.1604799259492183,-0.0187430279235488,0.0297693601979391,0.2501723627392013,0.180365765909098,0.066614924632196,0.1094059413415271,0.0838416752482245,0.1204482149747134,-0.0255867390065884,-0.0777755432521357,0.1355530362571826,0.035159953999809,0.1491460478997164,0.0460074763394928,0.0070243910265095,0.0732472990216046,0.0813962178077798,-0.1213529093147612,-0.0496443516626959,0.3133886978361699,0.222645128652436,-0.2252305474443999,0.0520100043242863,0.0380252035609465,0.129914039433971,0.1254846040569086,target,1040,1,39.51580674003918,0.0368653915517429,0.0375390668351658,0.0075599820363164,0.2147330684851524,0.2186570837928144,0.0440352881664729,0.2147330684851524,1006,0.3628950641833334,6,0.1665888148823553,0.1036082875675361,-0.0812899327080749,0.0,-0.9129083671354364,-0.5500133029521026,1.5833914333053016,0.1272872452965406,34.6381012079182,31.567964297012708,39.51580674003918,1.285878603587145,0.0846764976707146,0.0227453723434527,0.0343129867783651,0.4925272543673342,0.9453559658386188,0.0142454782929295,1.0,-0.0281374786704443,2020-11-02,18.0,9,0.4263975104609721,0.1960254394035097,False,False,False,0.0,0.0,0.0,0.0292850206438676,0.7584381913697348
TXT,Falling Wedge,bullish,1,0.6174241673877479,8,58,1694,1695,2023-06-12,2023,3,65.64370464378699,63.64600669364592,73.54216970477387,60.6612981727359,1.0430342815463165,0.0313876400723269,True,0.0031891190371202,-0.0048140566701477,0.0265763166762078,0.029250060978859,0.0308775450327387,0.0104597292162766,0.0051650605009772,0.0200996039807577,-0.0519959856377472,-0.0018289010415627,0.0165540435373769,0.0115620357580277,-0.0362824062027818,0.0054866110616991,-0.0638702210983701,-0.0093670815765909,-0.0343008649792315,-0.0202600112832284,-0.1702281546995842,0.0239587833176988,0.0280852666587914,-0.0294755833037226,0.0136658266922906,0.0089598886687438,0.0032854392678876,0.0256687471007281,0.0168278476415413,-0.0453965590679505,-0.0155444952258351,-0.0484617641482129,0.0598737756400797,0.0620625784853758,0.0919399409939638,-0.0242166805791206,-0.0687891744661549,-0.0284566562006214,0.029232226194725,0.0445728054575689,0.0049964756429734,0.0121481156463132,-0.0404342316552541,0.0036569695433652,-0.0036123303406484,-0.0731179490964755,0.0085469601053131,0.0083850585851601,0.0399395957516177,0.011554075791702,0.0623343212948841,0.020329745378997,-0.0475236438289371,-0.1082990486087056,-0.0674923414111018,0.0588005640583855,0.0944329446819993,0.0455237376856441,0.0590075074230345,0.045617190997091,0.0627670606649644,0.0636528340212914,0.0161683795935636,0.0426843674879233,0.1324263018540639,-0.0261393695911615,0.0118153572075321,0.050238682248803,-0.0696318451458248,0.1620842102349504,0.0094997479392479,0.185877120343306,0.1581142447116479,-0.0035371846173806,0.0233707571624257,-0.0505518613622557,0.0225872531517175,-0.1059232915661321,0.0188244486593682,0.0946947609174078,-0.0356108703467985,0.0904542298090513,0.0738100166682218,0.0613510552719818,-0.0024481462801343,-0.0251427492836182,0.0055310408532889,0.0014824062619669,0.2635696812269434,0.0662286845013206,0.0048661536591523,-0.0105172451181139,-0.0063800309832686,0.1615441649140488,0.1465451853937327,0.1208573769773382,-0.0028131646368584,0.046070663682898,0.032057204107885,0.0523644541292953,0.1173752025809451,-0.0169309166441292,0.0605254344691734,-0.0229091058908783,0.4687548419896148,0.027760238913038,-0.1028798208211362,0.0137491228022059,0.1494072478077603,-0.1177942528675545,-0.4848155413120149,0.0548001853274426,-0.0138266419844018,0.0477002480394754,0.1481339247494135,-0.2829207622923907,0.1378547572862435,target,1725,31,73.54216970477387,0.120323267918037,0.1746394137051998,0.021715869065413,1.5852711148475631,2.300891779712588,0.2861087515231162,1.5852711148475631,1633,0.597379351798305,5,0.0063185122441604,-0.0646204314753915,0.0035718446499115,0.0,-1.0491081602621544,-0.4517288084638509,0.5296697160647846,0.1307355910022125,63.64600669364592,60.6612981727359,73.54216970477387,1.2415038069298074,-0.0295560379938931,-0.0036976409847297,0.0189501730837871,-0.0992053934387158,0.819045819830555,0.0007655758392193,1.0,0.0539613977446868,2023-06-12,9.0,10,0.1607162055355038,0.1436327861591568,False,False,False,0.0,1.0,0.1111111111111111,-0.0423881643840331,-0.6648596522645905
TXT,Falling Wedge,bullish,1,0.7141158693651409,13,132,2140,2141,2025-03-24,2025,0,74.57439869774679,74.0080609235776,95.99417088327328,68.60333656536463,1.362545092673218,0.0076523795800298,True,-0.0325388331959567,-0.0048837499067415,0.0211933038112019,0.006998473907638,-0.0021979401815398,-0.0109559934982321,-0.0228043661506914,0.0448289415953635,0.0014008399728975,0.0072267602735649,-0.0579164546382451,0.0405809598849389,0.0175741538512608,-0.0033256713133991,-0.0001733400535767,0.0302596037849289,0.0149752699826792,-0.0095293348967802,0.0426573959346947,0.0199393592517722,0.0093352025020951,-0.0285641532937361,-0.0386139837322985,-0.1819764235678511,-0.0587016947254216,-0.0144523840254984,-0.0803797329749811,-0.0490761132812654,0.0632267857349311,0.0071328068034404,0.1015923938937921,-0.0071886481095613,0.0131516968305271,0.0236331034256431,0.0388837862227997,-0.03014307420044,-0.0336085947192171,-0.0166435990642854,0.0498514391421049,0.0036461522268973,0.0327137734933868,-0.0264411364337413,0.0021666300160518,0.0533069343932979,-0.0264309653051875,-0.1872234862712859,-0.1235939741535877,-0.0400723739188878,-0.0618558846804243,-0.0473168382114846,0.0710325098023882,0.0371974229621205,-0.0022930564324538,-0.1463960581550712,0.0502521112036,0.1405368055270095,0.0297826095653763,-0.0269530844077491,0.0112294914075292,0.096518361126886,0.0067612225320634,-0.0060123200519004,-0.0650581912071888,-0.0152415191512061,0.0628178065992011,-0.1081960003647874,0.2875588455047002,0.1188316864849541,-0.1452537701562659,0.0183450093059134,-0.0121607906225877,-0.0846219432793595,-0.0378749543323347,0.0381180309905606,0.0038874364383556,0.1164350188059089,-0.013862397815308,-0.0132095250634178,-0.0008096756231427,0.0096826438587078,-0.02168753094083,0.0536431342864651,0.0451416109752083,0.0123992463427886,0.0973375275542671,0.0532428957874231,-0.1711282742421472,0.0150141437222908,0.2437947943186253,0.0321534563207495,-0.0185600451730284,0.0003902296593243,0.026107360605724,-0.0123769726974702,-0.0051919246971782,0.0161927988067311,-0.0989304602999321,-0.0096205028210434,-0.0909324576842202,0.0336351193617736,0.1839254368989191,0.0098616613773294,0.047229378014354,0.0453576249372795,0.3517835140887169,-0.489921139715253,-0.1164488167556115,0.0123163816415969,0.2113977036345451,0.205323139023946,0.1326241836686366,0.1220081295195401,0.2406078096958104,0.0050771681319161,-0.0142073767356687,stop,2148,8,68.60333656536463,-0.0800685253471922,0.0121853345043193,0.10511514883651,-1.0,0.1521863235457562,1.3128148467916814,3.587263322778567,2008,0.481118973863179,7,0.0257114528984335,-0.0979644474459168,0.1950042539477254,0.0,-1.6793298876770757,-1.1982109138138923,0.8580422774879081,0.1356900316019595,74.0080609235776,68.60333656536463,95.99417088327328,1.8941387011063,-0.1042090454890586,-0.0071628010185391,0.0255360942652639,-0.1643920551813097,0.6296292110066808,0.0095783355829377,1.0,-0.0358382722652143,2025-03-24,56.0,10,0.0104694060307617,0.0300377699026135,False,False,False,0.2222222222222222,0.0,0.0,0.0234451462341008,1.2941921262746114
TXT,Falling Wedge,bullish,1,0.6592317381692693,3,30,2299,2300,2025-11-07,2025,1,81.98497009277344,79.71107253270259,90.76774804550725,77.91660224104612,0.581982529532332,0.0285267465086227,True,-0.0163294321368435,-0.0084888543526573,0.0116485080387049,0.0509074239606752,-0.0147802583753927,-0.0026644993560235,0.0115608245649241,-0.0907560293095243,0.0312692309719477,-0.083595010196153,0.0248872589971957,0.0299410091119554,-0.0037338620088367,0.0091755624901321,0.0252991084490104,0.0290905408543868,0.0403615894751916,-0.0633723011628863,0.0035443997876249,-0.0116717846122735,-0.006669526491141,-0.0285121816200302,-0.0144259323153179,-0.0088959228671979,0.0179926505623415,0.1605305712169882,0.0466145851114931,-0.009278162494973,-0.0332917125503847,-0.0006293989821091,-0.0071886481095613,0.1753867020353425,-0.0385663630178414,0.0440931202606573,0.0440931202606573,0.1509603299296775,0.0574872220074431,-0.0191781205183868,0.1929091483128358,-0.0328257012745071,0.0190762806835638,-0.0812371576022952,0.0085469601053131,0.0532060773205893,-0.0903352616631482,-0.0409146024187657,0.0286376223788458,0.0192022611305651,0.0420665823611225,0.0403513448106638,0.0345847676666641,0.0321575749266036,-0.0252670966645511,0.0056852595313439,-0.1034932905981321,0.0264075741592357,0.1060829350200738,0.0788499104408624,0.0399395957516177,0.0257077096645776,0.0124880997629595,0.0327969475383427,-0.0306829741806634,-0.0437965009582469,0.0169320926781479,-0.0295282554547441,0.0136085669461687,0.0104880074000826,0.0143686798387393,0.0797027042972717,0.0584729573245161,-0.4123096617534715,0.0466280854510643,0.1633145792904624,0.0238173028799559,-0.02374683762526,-0.0525182596463956,-0.0093057525657644,0.0372087552475555,0.0602489934941263,-0.1168771293150927,-0.002820286568883,0.0581425871276592,0.0020195250629051,-0.1710456060000663,0.0502599646196533,-0.4318865996216842,0.066885082933183,-0.0494227479056624,-0.2380824632484252,0.1508358443596569,0.1221354354864959,0.131749739017567,0.1282321072601333,-0.0926869768027747,0.0096547912798916,-0.0308024012671367,0.0312609452976935,-0.0311857551187453,0.3168144628273424,-0.401756184048159,-0.0289686768762813,0.0302279142704406,-0.0222458366675513,0.0615072797017486,0.3838149646094326,-0.0377112854220594,0.0256562933161226,-0.1572367104327245,-0.0008665617071988,0.0643978746913707,0.1048693947119734,0.1419829713008582,-0.078920950463735,0.1173594613575416,target,2329,30,90.76774804550725,0.107126683620123,0.111881713482165,0.0370461864115347,2.1587964197988807,2.254618871267775,0.7465476563805472,2.1587964197988807,2268,0.7474760247866875,7,0.1273866306863308,0.0441124742370551,0.2926268698448202,0.0,-1.145164654905754,-0.3976886301190588,0.2486465149162237,0.1095284841767585,79.71107253270259,77.91660224104612,90.76774804550725,1.904684438416036,0.0649989379312452,-0.0033467936812846,0.0232406146442928,0.1334214296740397,0.9700012207031246,-0.0012433215159246,1.0,0.0274876457980539,2025-11-07,56.0,10,0.0747062340179745,0.0272983920690754,False,False,False,0.2222222222222222,1.0,0.1111111111111111,0.0171211423557153,0.5519322132949891
TXT,Falling Wedge,bullish,1,0.7744085251794905,3,41,2511,2512,2026-09-15,2026,2,80.8499984741211,78.31023800011167,101.2202565421792,78.17474136153078,1.1326574159090614,0.0324320362045866,False,,,,,,,,,,,,,,,,,,,,,,,,,,,,,,,,,,,,,,,,,,,,,,,,,,,,,,,,,,,,,,,,,,,,,,,,,,,,,,,,,,,,,,,,,,,,,,,,,,,,,,,,,,,,,,,,,,,,time,2512,1,81.33499908447266,0.0059987708040192,0.0128633387155873,0.0014841696901937,0.1812912142421933,0.388748023744291,0.0448536765392672,7.614317880771693,2468,0.965509884534698,7,0.071436508055093,-1.2037996732883194e-05,-0.1737747702201327,0.0,-1.7077046870042465,-0.7421948024695437,0.0104606609674769,0.147512948800394,78.31023800011167,78.17474136153078,101.2202565421792,1.7282459023647363,-0.1028734550040829,-0.0661470079094984,0.0214103800325696,-0.1208619433943528,0.4265737623577492,0.003722951297423,1.0,-0.0197755427280464,2026-09-15,58.0,7,0.0783532273623526,0.047237941310799,False,False,False,0.0,0.0,0.0,-0.0833753809251065,-1.4545662217668731
TKO,Falling Wedge,bullish,1,0.7294815594899995,3,52,688,689,2019-06-13,2019,2,68.36894424492996,63.98190364346067,103.79402294212412,64.24635733031096,0.9783038295924948,0.0685668970700854,True,0.0015948370076073,-0.021222022825023,-0.0214651649016845,0.0764398245035564,-0.0138721181986678,0.0721621933804192,-0.0042131086433526,0.0009219736919945,-0.0491302260634122,-0.0004654933555001,0.0322661097526029,0.0163821119725089,0.0397099199764694,-0.0197520679079368,0.051931134526503,0.0699004317933895,0.0755578247851462,0.0395383709277645,-0.0452918542803405,0.0836672531387352,-0.08697563703467,-0.0133827947156386,-0.013601597159787,-0.0405316320160481,-0.0531767060990416,0.0155322585160042,0.0328612846501146,-0.1573457272705858,0.0583301534393145,-0.0128681590006155,-0.0469258905671224,0.001577293362575,-0.0571911924568137,-0.0275379991728743,0.2006709204547612,-0.0026156431715157,-0.2283428443915671,-0.0946530792641563,-0.0615700990240821,0.0132939962611569,-0.0258517106952482,-0.0050016090244627,0.0899520104802635,0.0431148557958562,0.0722949125233911,-0.0309178185882678,-0.0275081202828737,-0.0719395991939928,-0.0783128333366368,-0.032117441870047,-0.151620891523431,-0.1138710692132982,0.0510204694659555,-0.0092362831323443,-0.0806476412538308,0.0283533571652254,-0.1578688942334923,0.0979955729478887,0.090594219944083,0.0961067583599919,0.0361097477049738,-0.0131419747931333,0.059259040723306,0.0918341350219731,-0.0810142463639991,-0.0413020855154877,0.0596203227516212,0.069790756472128,-0.023585671248946,-0.106312546483182,-0.1193743363036936,0.1212399828081043,0.2054157912096361,-0.0169778519742155,-0.0886134552836142,0.2353748741751193,0.0218244585365343,0.0425441466372571,0.1999050751530482,-0.1430365228920767,0.1177922971867604,0.0461141626541019,0.0508151671888217,0.2024667576234671,-0.0063648398489835,0.0058794450977883,-0.0508262442863742,0.2253341626203151,-0.0873593373961119,0.137016693284202,0.0408927501522913,-0.1692844221154855,-0.0645845707838275,-0.1005051385880808,-0.120791507258113,-0.0647022099423285,0.0897259876533107,0.0033308241511578,0.1931227202555094,0.2879822671627408,0.1150650187200739,-0.1647159503102162,0.1698616968699613,0.2120702423929412,-0.1472419534341257,0.2689686197007255,0.0029940002677575,0.0278059029093127,0.1101979731140114,0.4921327213737274,0.0284999748244361,0.171663585938032,0.1493592119903473,0.1939178704170037,-0.1655469206236408,stop,712,24,64.24635733031096,-0.0602991162164204,0.0423919233693391,0.0710962583611507,-1.0,0.7030272751791198,1.1790597080391363,8.592924644371749,634,0.990565988680326,7,0.1022658370673066,0.0759144062265448,-0.4601399121339552,0.0384615384615384,-1.4748506604006613,-0.4842846717203386,-0.0098900608571717,0.3439079465693749,63.98190364346067,64.24635733031096,103.79402294212412,2.0206120619703256,-0.0723413408174068,-0.0931881039517813,0.0294371705560536,0.0061171200186083,0.8329413918887865,-0.0067249472633368,1.0,0.0158566680360723,2019-06-13,37.0,20,0.1987558110336982,0.0970145874811418,False,True,False,0.0526315789473684,1.0,0.0526315789473684,-0.0820783202172372,-0.8872420848319257
TKO,Falling Wedge,bullish,1,0.6122575378095068,3,16,733,734,2019-08-16,2019,2,64.20776220572009,60.10107674141352,74.20190379724147,57.318967228995945,0.9263754174334896,0.0683296487677864,True,0.044431239271456,0.0695522099237029,0.008642397915282,-0.0370325045702158,-0.0252871291889628,-0.0158729547825393,0.0305380328805902,-0.0053157094011715,-0.033117643609819,0.0816418233431108,-0.0337500441199395,-0.0380608224207907,0.0317115232655926,-0.0108352433409359,-0.0544754310191702,-0.0243029909996529,0.0315095913471039,-0.0392424245411511,0.0146009217272902,0.0539966415353718,-0.0080724314362815,0.0214285203469826,0.0469960331249214,0.0107537921631628,0.0098640503060487,0.1717353347651256,0.0038513053418349,0.0614258360584456,-0.0503658394517212,-0.0208748889355318,0.0317371793547656,-0.0715067406640465,-0.0620716315135325,0.1079243090832871,-0.3444689354068776,0.0080483819863919,-0.0175619837521043,-0.032307757977241,-0.0455169832902759,0.0541134225643307,0.0011330704871785,0.0447045905044054,0.090288012247506,0.10297530068392,0.0865849788305075,0.0047614441173444,0.0505713276262669,0.0232944579765852,0.2082703079586159,-0.0872723941543198,0.0400542236239542,0.0146103488111768,0.0235479825379512,0.0314666168822557,0.0917585268212974,-0.0772935909168368,0.2481040865851835,-0.1158734942555153,-0.0716943670525316,-0.0580217604341106,0.0040563302058136,0.1294855488554216,0.0418963633607736,-0.0791569815880079,-0.0393923217463245,0.1134241966209741,0.041685240853339,0.0534836395267146,0.0249144025014756,-0.013211789954072,-0.0307573875433704,-0.0764356201869137,-0.0913002696781314,0.2198367399050282,0.1359505736826756,0.1252555752236763,-0.043464680713385,0.1189114187800635,-0.0372058506690972,0.0727809828761718,-0.1547453867196531,0.7778131113194022,0.2073247195035059,-0.1594921929109993,-0.0237620962685845,0.0630471405390737,0.0464892400929142,0.321774978808363,0.0504263722468865,0.6018827553185728,0.1671291394038738,-0.1293226224817442,-0.2076776468823008,-0.2678573072753508,0.3050535362747899,0.9584023349161136,-0.1579516588872457,0.0761745565905549,-0.1102008866127753,0.1447257559940091,-0.1169157578978938,0.1897938023997214,-0.4588887623638082,0.2225131636569124,-0.1456502737865953,0.1046421250772593,-0.236810114187277,0.0668390620864285,0.1533755601970099,-0.0036554633308094,-0.0787570423924679,0.3851286167092029,0.1369232616793534,0.1844262985423381,-0.2886360526155418,stop,786,53,57.318967228995945,-0.107289130473861,0.0834545751193025,0.2452385540875541,-1.0,0.7778474366481584,2.2857725941520424,1.4507822667519623,715,0.7291419760073282,5,0.042114662729988,-0.0660286356318177,-0.3757283022675107,0.0,-1.056040550848622,-0.3268985748412937,0.2857578233715259,0.2016670263095771,60.10107674141352,57.318967228995945,74.20190379724147,2.29800244287638,-0.1099192172784383,-0.0310906481083026,0.0363351224247494,-0.2016885334847469,0.5743249512851396,0.0094268416534593,1.0,-0.0279975850894286,2019-08-16,37.0,20,0.0763138268148471,0.0764414869451359,False,False,False,0.2105263157894736,1.0,0.0526315789473684,0.0181534645526863,0.445169268748517
TKO,Falling Wedge,bullish,1,0.6494565816983695,13,93,1051,1052,2020-11-18,2020,7,37.93347483250852,36.31973798094749,47.65137888549431,32.54296908356235,1.657012354646689,0.044431401250955,True,0.0177012864476797,-0.0021524733773123,-0.021913757661094,-0.0053813046784434,0.0097943882530091,-0.039310507786157,0.0288275728384523,0.0672934694361437,0.0223022962839893,-0.0027124300228985,0.1284075371874098,-0.1705006638049356,-0.0561066417668792,-0.0048072102263223,-0.0106990618745881,0.0098755291011638,0.0028262575010473,0.0185463759293735,-0.0166119855345038,-0.0106943822563543,0.0669634906801306,0.0207824754783609,0.0158572140938345,0.0698349639048596,0.0386482601210098,-0.0652641239712177,0.0717615680109311,0.0150276514486347,0.0283552067516899,0.0450418062764754,0.1124654368502293,0.1180310766040932,-0.0094179897425437,-0.057859809502157,0.0098237569860979,0.1121855189653111,0.0146494460648283,0.1720432628450314,-0.0504813940859999,0.1059611754586786,0.0966488821670443,0.008742626716548,0.0127326969434491,0.006255135577448,-0.0290221970933099,0.0339509772412965,0.1546829340113251,0.1078888121970251,0.1172806969353472,-0.0178649663265855,-0.0479374363268793,0.1068365230414494,-0.0226001705728975,0.1018054621950939,0.0855509856107679,0.066320380084023,-0.0807113338963079,-0.1054320053678792,-0.0028614246691169,-0.0504445600827614,0.0783496289475209,0.4446968170043355,0.0359588655119711,-0.1136778634699976,0.1019403230816606,-0.0516666984037197,0.0587578427692978,0.0937867292336955,0.1147785442463742,0.2662855422653225,0.1969265189788445,0.1297641463670347,0.1044890298221885,0.4315138993197007,0.140037965832275,0.0463514190442531,0.1588487819620305,-0.0307850713194703,-0.2577865148024152,0.2000280726757402,-0.1763611849663572,0.1263333446786996,-0.0448269536306423,-0.1941332337419958,0.1804188136903601,-0.0493557528592835,0.0130200892465899,-0.0273803148373594,0.5821348962975366,-0.2379857336446026,-0.1033279740287462,0.2167356560100457,0.1546829340113251,0.0465203331191854,0.0584588639974554,0.3482053455552081,0.1629315928617665,0.0455060778296612,0.8101931793781785,0.1321208169917493,0.1320498731242598,0.0662824261685632,-0.1487577416431968,-0.0089120713628323,0.0867630827512844,0.056501051997349,-0.0430568999852304,0.2550877991858584,-0.2020194674240286,-0.0868052846903723,0.3456542922899368,0.1195598382171632,0.2320371923389064,-0.2592660797252377,0.049556239618503,target,1089,38,47.65137888549431,0.2561828067661669,0.2760108753166934,0.0111543677185675,1.802781502437986,1.9423134080454876,0.078494291042644,1.802781502437986,951,0.5749485235117342,5,0.0424632184040823,-0.1017157143201217,0.0836208254568369,0.0,-1.0817334080451873,-0.5067848845334532,0.6270741339657487,0.2451200304178311,36.31973798094749,32.54296908356235,47.65137888549431,1.711527061564871,-0.015158383038078,0.0439653282649987,0.044868947805919,-0.0684733183616923,0.0408172798081787,-0.0007105396767431,1.0,0.0395354378041636,2020-11-18,30.0,19,0.3175887672940973,0.2388898369203071,False,False,False,0.0,1.0,0.0555555555555555,-0.0079051404685752,0.2800137427875247
TKO,Falling Wedge,bullish,1,0.6472397095044069,3,20,1732,1733,2023-08-07,2023,2,101.52725358153558,97.8161816890024,106.81485475552336,95.51675342439393,0.7045878218981474,0.0379392430623819,True,0.034435013677607,0.0343681067679739,-0.0160167862579252,-0.0186079854276604,-0.0062052714063705,-0.0762890679795424,-0.0143580459882622,-0.0217286333539327,-0.0637811829338432,0.032503598964148,0.0739544840262595,-0.054773332309885,-0.000268850377007,0.0087252059083171,-0.0009567861061949,-0.0008102215114171,-0.0420451611240588,-0.0066011390003475,0.0430728047488737,-0.0004003158878373,0.0116952861762302,-0.0493743975739894,0.0445483035483293,0.0541517420210235,0.0736570194535424,-0.0661056373037289,-0.0147770662830463,-0.0006052270917819,-0.0376302975542306,-0.060245215587293,-0.0244660933274843,-0.0779658121007572,-0.020263269200152,0.0472293243624335,0.0544366868617411,-0.1181037531888501,0.0040161918699401,0.0818501251755363,0.0429743637740736,-0.046268617133836,0.0970963584182178,-0.2306078656193845,-0.0285840664172001,-0.100642547588983,0.0475468053914174,0.0767075226481919,-0.0736831869286084,-0.0762719953893754,0.2239199197459547,-0.0470889065928884,-0.2155293745230132,-0.0038131995596758,-0.0249699044813066,-0.0400192420173536,0.0663974289459161,0.0866412167734891,-0.0573237633745454,-0.0886420294974429,0.1263572591388466,-0.2048970205663611,0.1375406822043141,0.3012784222410918,0.0296039984774392,0.1078802720906697,0.0475795330696873,0.0876610900046443,0.0906350169710348,0.0298243606803356,-0.1063349749151502,-0.1879739022507232,-0.1321736874662804,-0.0047755081409994,0.0051719663767926,0.1701755601956585,-0.0318242990123228,0.0358098753937954,0.7284483943694944,0.0463514190442531,-0.089430873952244,0.2484940876631267,0.1718483534227397,0.0672493507262503,0.228856543754194,0.6018827553185728,0.0538409982944465,-0.0134040719028298,-0.4316598182057035,0.5391070836111798,0.078470170288837,0.0521327895858894,-0.1516220850017312,-0.3032300368421932,-0.212097132790702,-0.1487048441302366,0.0060569446155716,0.0207802102148566,-0.2138108430603095,0.0410427464915874,-0.1460196922855156,0.0456325733821496,0.1204077025612808,0.0026294627695984,0.5126819576975037,0.3021958167533796,-0.0129766748063977,0.1877775847497538,0.1635048686001809,0.1731823771772194,-0.0026806951766076,0.4129235682027501,0.25729936001686,0.3830095334209007,0.057767758960564,0.0899970593080183,-0.3321672137703693,target,1735,3,106.81485475552336,0.0520806087770449,0.0629456230810363,0.0201795827993062,0.8797273164871441,1.0632553147515922,0.3408664115249056,0.8797273164871441,1710,0.613834422408033,5,0.0219519527208119,0.0749231153625802,-0.0267582480183596,0.05,-1.3155636014082364,-0.7017291790002022,0.5476486252973813,0.0644455102703272,97.8161816890024,95.51675342439393,106.81485475552336,2.348174177132534,0.1805624575200271,0.0292096484040615,0.0232295735075827,0.2020600935465917,0.9411751506243784,2.2400452603932312e-09,1.0,0.0251330922578456,2023-08-07,54.0,11,0.1268951601684647,0.1435902191397162,False,False,False,0.0,2.0,0.2,-0.0492233191464457,-0.9491969553169216
TKO,Falling Wedge,bullish,1,0.779766435298336,3,38,1886,1887,2024-03-18,2024,0,79.08614122335159,77.76505806788316,93.56525806946752,75.42578042904006,1.0264880359305302,0.0169881330804797,True,0.0587291673125198,0.0438506896467583,0.0347586774496764,-0.0083311741091721,0.1312249384220785,-0.0391680158062393,-0.0495046874260033,0.0054813447666468,-0.0179030945266381,-0.0312177708547177,0.0393633530578561,0.0040989432309237,0.0208523701511131,-0.0209457293261708,0.042207927181707,0.1706002609477488,-0.0589812098153251,-0.0154278106943596,-0.033117643609819,-0.0290116434644491,-0.0549210249857965,0.0202036214031025,0.0532160857129117,0.1181986122821163,0.1051359010059342,0.0065894186573394,0.0924731909430789,-0.006159419913684,-0.0333640630318262,-0.1257522199014177,0.0616561971123488,0.090288012247506,0.0456779393503232,0.0058596664156613,-0.0264822766580846,0.0132501423806052,0.1514141907048312,0.0213271085211659,0.0189983843985432,0.082526187483001,0.005833240153779,-0.1134490431356458,-0.1465968207082426,-0.078007502616195,0.0131076666855882,0.1142391123276825,0.2020975884392217,0.2189285652475102,0.0022231541466026,-0.0805744831209311,0.0647818099465236,-0.075673504990228,0.2088872900197997,0.0307391002342833,0.0932067025002902,0.0314666168822557,0.0213469952170763,-0.1618507464367449,-0.0835733026194989,0.0364326748038652,-0.0007423462270028,0.0911072115962201,-0.0411952591759012,-0.0350479740425078,0.0169488344514143,0.0491735895266691,-0.03405011090128,0.4705881811451726,0.1718878667914178,0.2614435525454339,0.2396726650581322,0.0565485448244225,-0.1885391710882513,0.0664118481411364,0.0108217799663492,-0.1321526893367114,0.1017766432139164,0.0662476035387742,-0.2207343807316827,-0.0128365857896104,0.188735726228201,0.1333248071490307,-0.1125540280830693,-0.0209225662451401,-0.0727720857601684,0.0367644250549046,0.0997158019267929,0.1039580740183567,0.1721598357102736,0.0538109951812704,0.1060433637525393,0.2396531554618672,0.3317705347752266,0.2747364995752774,0.1248040680330446,-0.0028639318500928,0.0569459114730712,0.0221232664577968,0.1733360711089815,0.1370821980326271,-0.2473071431438953,-0.0771288841822545,0.0026294627695984,-0.0503826197158844,0.1266587828101075,0.1231885585774845,-0.043979878519043,0.1727897338257602,0.1882973330791295,0.0107161369279284,-0.0151799730114962,0.0990791376734983,-0.0587923985211414,0.0527689951514727,0.292031293426392,target,1900,14,93.56525806946752,0.1830803301582846,0.1866747778632873,0.0125848764226395,3.955652915039836,4.033314931106553,0.2719101667753764,3.955652915039836,1848,0.704693049756222,5,0.00508312290992,0.1871523396217231,-0.3391863756381964,0.0,-1.1058692428531214,-0.4011761930969068,0.2323394603253183,0.1418692893893881,77.76505806788316,75.42578042904006,93.56525806946752,2.113936176360057,-0.0934117050404464,-0.0270817911528674,0.0268089239258316,-0.1618983085812929,0.5742564160670794,0.0001253950986388,1.0,0.0299161614628216,2024-03-18,63.0,20,0.1244283090594442,0.1157627031481398,False,False,False,0.1052631578947368,0.0,0.0,-0.0749035427458563,-0.7560062326751779
TKO,Falling Wedge,bullish,1,0.6330710676972356,3,21,2290,2291,2025-10-27,2025,1,184.43312281285208,183.3511920318101,209.31251172712564,179.15416313256674,0.5923646279703935,0.0059008658141379,True,0.0018680273243476,0.0072678506407983,0.0044446436490024,-0.012766407269386,0.0095764054129205,-0.029871216018505,-0.0345107403227956,-0.0073066082815542,0.0533433650052972,0.05924180637218,-0.0073276819883749,-0.0598079300779402,0.0240681099637645,0.0718294804746253,-0.0559609794955395,-0.029871216018505,0.1484253687750485,-0.0528527566021087,-0.0231877112331551,-0.008611497014077,0.0127579107096651,0.0288911564804807,-0.0026571478017044,-0.0437127274985199,-0.0355474409760289,0.0101069873494386,0.0320704310896378,0.0520864817511477,0.0981138603587148,-0.1257522199014177,-0.0447555769792211,-0.1341113961532105,0.0434563569345913,0.0087613274917099,-0.0001670767085792,-0.0467688556943587,-0.0546575280848733,-0.0363751376256172,0.1316572737225168,-0.040409298291439,0.0734618350450211,0.0860627195726848,0.0387725212389977,0.0919148541683427,-0.0798207024084129,-0.0488950703423036,-0.0304761196502885,-0.0038114123872547,-0.0242014237535009,-0.0515214601251273,-0.0255440787129994,0.1149425188587256,-0.0407188230273868,-0.059178347937479,0.1065121207085431,-0.2293866671465037,-0.0092662220457178,0.0761804101281744,-0.0392938674247935,0.0510202416186533,0.0427476409092679,0.0753755218636542,0.0676799355052062,0.1267709168236541,0.2289460704942529,0.0027657825146409,0.0917585268212974,0.1400613276996714,-0.0627586258389001,0.1555842179048852,0.1513008892350114,-0.1652178640749098,0.040216789268459,0.1872164667974796,0.4625703749754837,0.0121763313013929,-0.1955330012292824,0.004300901837059,0.0265904900271938,0.0538109951812704,0.1903144490082258,0.113604870687471,0.0169060087327739,0.125223890335671,0.0365381302909704,-0.2408786179097369,0.1217998497979337,0.1330537724149387,0.0734046976223317,0.0936531338738435,0.0094162525301972,0.1006258218314468,0.097778271694366,0.0916410597578141,-0.1380064189151326,-0.0355942481950238,0.170256467109418,-0.1362180200476079,0.329002574104895,0.0124566906588821,0.0199602328642407,0.0256371215542232,0.3197233900152931,-0.0162880602948157,0.1112400220845049,-0.1797853242044901,0.1340586544245265,0.2201098260131984,-0.1219159919448613,0.1320498731242598,0.3429384913826394,-0.0807862562536572,0.102494809530421,0.2256778236770973,0.0259276888599655,stop,2298,8,179.15416313256674,-0.0286226226600414,0.0185737274692532,0.0531063348004888,-1.0,0.648917735102699,1.8553972300598405,4.712934066760816,2268,0.6911795242765164,7,0.1469732800501345,0.058593100798719,-0.2565522711576989,0.05,-1.321144217536195,-0.6299646932596893,0.3090114405645398,0.0922482919783164,183.3511920318101,179.15416313256674,209.31251172712564,4.276421078180574,0.1168942612112886,-0.0267094034406516,0.0231682921213243,0.1759268089228114,0.20080276986243,0.0024617959256112,1.0,0.0324854841063737,2025-10-27,60.0,15,0.239295905365837,0.1241265743825643,False,False,True,0.1428571428571428,0.0,0.0,-0.1028032785905129,-1.7766078792541469
TKO,Falling Wedge,bullish,1,0.847943944368096,3,22,2397,2398,2026-04-01,2026,2,197.72609859633383,191.76002107090835,223.94342901119944,181.1477984747937,2.04217865741175,0.0311122072896485,True,-0.0112387406726237,-0.0630471285006113,0.0165334566706667,0.0081343198627057,0.0023800498425554,0.0038933098835094,0.0048027436379536,0.0660476346370819,0.0003777870906513,-0.059697751339316,-0.0439128085853712,-0.0166278871636555,0.0229821113659187,0.1160524368906377,0.0037937145532798,0.0436634653498984,0.0397789579764518,0.0203076420540986,0.0134578535304539,0.0865214664632236,-0.0244396290428893,0.0172511127520691,-0.0273037399941199,-0.0746074508029349,-0.1600627601506764,0.0119363717787315,-0.0957427654951474,0.0435110555397575,0.0113064031333753,-0.0126667107380635,0.0816358991207839,-0.1545627874333777,-0.3022795439770142,0.0312499354781592,-0.0275382287633189,-0.0455169832902759,-0.0179977928719415,-0.0333640630318262,0.1318911302959269,-0.025045334027533,0.1169823346859899,-0.0033488413718482,0.0717996628496735,-0.0110143603156644,0.006255135577448,-0.0634819766601267,-0.0663288947180276,-0.1780828689803555,-0.1390059624359899,0.032024902370453,0.1093849366092416,0.1021095558111142,0.1560117436137065,0.2164311966332082,-0.1117347081367899,-0.1802146225160599,0.0298966878152096,-0.0387041661170327,0.0636782967586184,0.0563116264529328,0.0804090068536611,0.0379255593428067,0.0920382939375614,0.1107798105932986,0.4901807959676967,-0.0294308800863215,0.0708157560002493,0.0076924274792971,-0.1241589075653707,0.0294515489941329,-0.1408093153561864,-0.0280565290322393,0.0023627088591435,0.0948103657661993,0.036854742260997,0.1641024902197865,-0.0710780823375584,0.0725405839145096,-0.0499548600253455,0.2750702745846181,0.2145928368642555,0.0122175014015191,-0.0313751531888678,0.0939746712346407,0.2751732449889272,-0.0110829204323518,-0.1111454383619845,-0.1469153805237204,0.161051680054165,0.1901496535960594,0.0737128842225578,-0.0313987147091326,0.0659038198819115,-0.0833629451850892,-0.0606642962681783,0.2328347666817534,-0.1130590705528659,0.3177307657411614,0.0888923942488253,-0.2520696041438671,0.0942588169606446,-0.237596348330858,0.1377744269532839,0.1215834606913597,-0.0244062736599711,0.2519038285796717,0.0830492852964446,0.0455060778296612,0.102987232419359,-0.1392749039397196,0.044239656417534,-0.0245435243629641,0.1615315077225223,0.3283222716999612,0.0079537963827236,stop,2407,10,181.1477984747937,-0.0838447743582166,0.0299533455111707,0.0939742679653357,-1.0,0.3572476131094197,1.120812461893475,1.5814245261974451,2373,0.541676782024001,6,0.0450001286461371,0.1236004918416617,-0.1749343615631461,0.0,-1.2520959481559495,-0.7104191661319363,0.7622048539328923,0.1109484355409207,191.76002107090835,181.1477984747937,223.94342901119944,7.400105773755887,0.0502456766411556,-0.0139624748864727,0.0370984461007477,0.0033553899611387,0.2126336348684273,0.0079345657840077,0.0,-0.0410149463112108,2026-04-01,48.0,10,0.0559709329501125,0.0929934837691219,False,False,False,0.3333333333333333,3.0,0.3333333333333333,-0.027836273098832,-0.5335528924403448
TKO,Falling Wedge,bullish,1,0.7339797945856825,3,31,2483,2484,2026-08-05,2026,2,183.37911279930384,180.67019543252627,228.83300337671244,176.24807642402425,1.7471077891727986,0.014993714709238,False,0.0597946777960944,0.0568344874627106,0.0668106338630043,-0.0654168707545904,-0.0063225758501457,0.0097943882530091,-0.020745387607979,0.0004947895316207,0.0587716366404205,-0.0305952286510936,-0.0108352433409359,0.1750132410441169,-0.043956113727703,0.0491037585994094,0.0518654145760024,-0.048335388280293,-0.0101846956552491,0.1118083548918276,0.0945096178375952,-0.0121522117614567,-0.0688185225519798,0.2010513736805701,0.0347016292592869,0.0953674323553215,0.0968605632952657,0.1019368547692278,0.0116727297317311,0.1331950056961794,0.006255135577448,0.0020379079491303,0.039390287293608,-0.080696550324092,0.040217215044769,-0.0924616849194542,-0.0355492927271595,-0.0337006578510991,0.0056404626583321,-0.0312924793926919,0.0297008946174395,-0.0204287949343938,-0.0435302217931117,-0.013802665700365,-0.0169152347309555,-0.0114253559288517,0.0907368511619439,0.0913184120454397,0.0307391002342833,0.037295816823339,-0.0583255957435593,-0.0610679943464986,0.0773076974695876,0.0878320922738669,-0.1458716853922153,-0.0729993644620103,-0.0664028695760267,-0.0101011487008551,-0.1138710692132982,-0.1016258733357402,0.0744262132451598,0.0038893630952079,-0.0992378181828651,0.0173691620158076,-0.0043411904981621,0.0590670230496641,-0.0487370231353592,0.0072860111964927,0.0235479825379512,0.1664072326858334,0.0440115429851343,,,,,,,,,,,,,,,,,,,,,,,,,,,,,,,,,,,,,,,,,,,,,,,time,2512,29,194.58999633789065,0.0611350080576318,0.1026991001498365,0.0212892885698722,1.5721254174849528,2.640972346747494,0.5474675271051974,6.3740932152553285,2450,0.853199139008301,5,0.0512185512831835,0.0446594273132827,-0.4516095567175837,0.032258064516129,-1.2475247042055235,-0.3943255651972224,0.1342509517868283,0.192845860017167,180.67019543252627,176.24807642402425,228.83300337671244,4.941908644344518,-0.0636341961945492,-0.0561589675467445,0.0271051743505334,-0.0915533365341375,0.2324225734925962,0.0125738970281683,1.0,0.0327206235771906,2026-08-05,48.0,10,0.0162980664084395,0.0200380911558546,False,False,True,0.3333333333333333,1.0,0.1111111111111111,-0.0483281186884993,-0.7425129014371558
TMO,Falling Wedge,bullish,1,0.6134604483900916,3,18,1126,1127,2021-03-10,2021,1,442.9070883127123,437.1591004980255,519.1855346139819,418.8803917641576,1.5922304182572935,0.0131485031608367,True,-0.015854242711548,-0.0286783456327481,0.0233065513318508,-0.0142891389166585,-0.0181080727477013,-0.0809142359319182,-0.0253853841803924,0.0539481415639337,0.0426237172607748,-0.0160414853380452,0.0492795386539086,0.0246576864077212,0.0131431842552396,0.0312499560622669,0.0437688757942333,0.0033550505161079,-0.005771587278131,-0.0443024557069665,0.0241747738571431,0.0088674405964059,0.0014076408971788,0.0066857568907723,-0.0219370404109342,-0.0097172690604506,-0.0009450648635684,0.0698757794630009,0.0423013699012755,0.0306130504092225,0.0082316667009114,-0.0403689970808539,0.0161146138704737,0.0158527590231474,0.0565206158149023,0.121244290140867,0.0332978579503808,0.0050577691654447,0.0361796895662369,0.0616173489689895,-0.0183686077696278,0.0184518452728474,-0.016048228104577,0.0072042673261065,0.0320324132594911,-0.0158196902140903,0.0042653309832854,-0.0331300262928224,0.0484051431755103,0.0034620909874165,0.1137521496096083,0.0784424111304193,0.0856976551444403,0.0686072953119618,0.0153547769174673,-0.0339829767051416,-0.0529158409112342,-0.0477979147446535,-0.0024706822096992,0.0190074317297377,0.0861450062735347,0.0113909659076896,-0.0759569906082094,0.1018310265860236,0.0010102186444456,0.0826191208917501,0.1165001726337264,-0.0248395218295786,0.028272357925754,0.117452103122309,0.0139992049344927,0.0453588775317963,-0.0265698804614789,0.0628845804291535,-0.0552857442779807,-0.0913865607670332,0.0458169021430292,0.1440740868236334,0.0177287640670908,0.0711158856563365,0.1042582490478758,-0.0533118275147378,0.1830171390343071,0.0871569425925509,0.0066588809009942,-0.029346896980996,-0.0613545199046381,0.0186449008895077,-0.074127903500766,0.0477306306232296,-0.0501830395005185,0.0819688432613556,-0.1819547601088792,0.0316536498861205,-0.0021795685705335,-0.0831374421384284,-0.1079858274020225,0.0137113527827674,0.0420609994677985,0.0369535021062641,0.184455634440035,0.0258547241060531,-0.0069097345473863,-0.1079858274020225,0.0719692972731755,0.1653670308875299,0.0807826874782606,-0.0108557425089437,-0.160935098957521,0.1839722789851523,0.0422016216518552,0.0517363655707563,0.0046227403367202,0.1460056785290788,0.0715940580402572,0.0432315617279126,-0.0406719336988196,time,1186,60,441.9417419433594,-0.0021795685705335,0.109529239702584,0.0335977942109264,-0.0401780730614414,2.0190572825416067,0.6193402899819889,3.174737157358324,1107,0.5190060062869191,5,0.0561714568314919,-0.0278486637457988,0.3612616832853734,0.0,-1.659864180895564,-1.140858174608638,0.7126755338501501,0.0920437762087708,437.1591004980255,418.8803917641576,519.1855346139819,13.475618933105268,0.0047360399290969,-0.0887297162882855,0.0310399782423754,0.0893689902930361,0.0188968809573431,0.0191694072666159,1.0,-0.0017169549958531,2021-03-10,42.0,9,0.1253704514320592,0.0471796654023723,False,False,False,0.0,0.0,0.0,-0.0234222627657576,-0.7745287141307033
TMO,Falling Wedge,bullish,1,0.6055545780524167,3,21,1177,1178,2021-05-21,2021,1,458.29932277784496,452.2907582493012,497.60789296888106,437.6996690957978,0.779991745769707,0.0132847386751859,True,0.0088747346679851,0.0024052832925385,-0.0245453487595697,0.0113664961738353,0.0377894108110781,-0.0212317194542251,0.029786496212897,-0.0499754492933725,0.1023053602297934,0.0096103204375928,-0.0113089359783954,-0.0251585944762449,-0.0109375369505716,-0.0120471173281009,-0.0070991835155204,0.0162367311864661,-0.0410741384374639,0.0355035245203705,-0.0245906841926509,0.0283588356978437,-0.019606956793669,-0.038293492325984,0.0096203337797797,-0.0449534783964016,-0.0565745935686112,0.0601525513433778,-0.0501557356261647,0.1330629418972326,-0.044357381554451,0.0344695333313607,-0.0007787722524565,-0.0207180333959414,0.1023610377425618,-0.0395363495988417,0.0748280337152424,0.0301775822150478,0.0706417694420356,0.0263998516627279,0.0431541954550376,0.0006347446628003,-0.0102839508135695,0.0105012747844055,0.0596787763540771,-0.014655812915034,0.1330629418972326,-0.0748854383137356,0.0396685014264248,0.0279349823207546,0.139991918387919,0.0661925543430408,0.0597674417268421,0.0694766636288728,0.0407666423425194,-0.0374041841290567,0.0149568248946847,-0.0255194964869082,-0.1198721201461109,-0.0323676960949069,0.0038112952581705,0.2147290612833383,0.0582428036206899,-0.0236276761597099,0.0368806424491392,-0.0786561324075592,0.0852420029606704,0.0160308858980369,-0.0100542501659407,-0.0701992121894817,0.0192491029757123,0.1235625996445779,0.0873084607330336,0.0508664136604839,0.0826956508954643,0.0421346970135829,0.0683608893491336,-0.017896763428708,-0.0210166055615459,0.143725645329491,0.1344012381746215,0.0074021690774843,0.0131819731569104,0.074418177242129,-0.1519105810864384,-0.0826771358547828,-0.0025689172166177,0.1280451610790247,-0.1885342322231933,0.0580424928257423,-0.1091375314458811,0.1038899778666857,-0.0016827832089471,0.1069756028623459,0.1960829401673796,0.1286254065316299,-0.0624625623810327,0.0621600297181432,0.1825429642346974,-0.1372241651197775,0.0645409526004783,0.0689474799305569,-0.1402601983302545,0.2307019252597582,-0.0409838891699723,0.1082192412788154,0.1771110572441803,0.0681001563683645,-0.006818875265995,0.1062767692926309,0.0698762698326778,0.2051410989074282,0.0140213829923347,0.0359511176807969,-0.0260293188264127,-0.1355191780820389,0.1538683272591106,stop,1185,8,437.6996690957978,-0.0449480343047169,0.0329201249640615,0.0459206025796327,-1.0,0.7324041078389686,1.021637615303095,1.9082150990380025,1155,0.4589502083574431,5,0.0798695863437407,0.0628304871475675,-0.1124419108990644,0.0,-1.3846059394869918,-0.925655731129558,0.9713726855033136,0.0625903984285561,452.2907582493012,437.6996690957978,497.60789296888106,8.65223598675171,-0.0009382442933993,-0.0075895098218704,0.0190027308598072,0.0190300586299452,0.0266130241391371,0.004964727238113,1.0,-0.0043191620702955,2021-05-21,42.0,9,0.135861543533301,0.0950642466352773,False,False,False,0.0,2.0,0.25,-0.0318284678620722,-0.7595341620487066
TMO,Falling Wedge,bullish,1,0.7374093068775396,5,68,1382,1383,2022-03-15,2022,0,549.4503495026363,538.3771481963172,703.9265688432747,495.145333842705,0.7988957884402056,0.0205677401862556,True,0.0548471233663085,0.0057726547698457,0.0580592639421257,0.0731127333567258,0.0016014024291313,0.0539919636294106,-0.0573757596089602,0.0014344645925974,0.0163093061209731,-0.0141723090443569,-0.0053589667378992,0.018969775676034,-0.0176347570383608,-0.0142102107211887,-0.0476041309241485,0.0039065507095803,0.0065597308621485,0.0170327791842088,0.020846723318342,0.0143643095847569,0.0098218003638981,0.02363517735448,0.0466826310138336,0.0647429326315074,-0.0122388243188169,-0.0257855921764824,0.0441404466961539,-0.0158196902140903,0.0082164677195941,0.021367530241148,0.0298714084125957,-0.0056239581593749,-0.0288073719111542,0.0138866388861109,-0.0344335804852922,-0.0272265873599272,0.0144219752214369,0.0078240227482631,-0.0081466406847269,-0.0308250344130991,0.0733856135976256,-0.0174644566776479,0.0052801296865745,-0.0076143585355314,0.0483446710661101,0.0614933509485931,0.0253583138070523,0.0026512660475346,0.0754843001921616,-0.0063483202009347,0.1170955271301839,0.0504542070101647,-0.0046898508990135,0.0301666721919635,0.0182570142522198,-0.1672107876869298,0.1075196757234173,0.159911114139611,-0.0152818790303481,0.0174084961853275,-0.0254582653282245,0.038981767395583,0.0038112952581705,0.069185762570376,0.0270312973022872,-0.1116777113018713,0.0985572995951429,-0.0211885121154417,0.00225785868786,-0.0661253791523081,0.0174309559106218,0.0778135550446381,0.0889695515915207,0.0028553691169839,0.0697235416642252,-0.0813337886284786,-0.1058276382569723,-0.0202618109926526,0.0064135854977769,0.0040336273832497,-0.0965927402272368,-0.0632276337966921,0.0595208769982813,-0.0163557753414684,-0.0104877865474233,-0.1087273185141679,-0.0953159974133347,-0.0447484133963329,0.1157188170744747,-0.1655142221699206,0.1186901236966821,-0.0528926752914657,-0.0305305029178974,0.0327482440549244,0.1786579273457489,-0.1163004401550791,0.0195375047980366,0.147230594373479,0.0569265541276171,0.146732536823964,-0.1108170039005497,-0.0854884012794802,0.0910461005513185,0.0054210395613676,-0.051718565845941,0.146026376140375,0.0752619081902594,-0.1531834699223484,0.0489571006078644,0.2343121547164859,0.0842030546542373,0.2303215625081967,-0.0041079660952764,-0.0011221097890891,-0.0776253257884568,time,1442,60,532.6753540039062,-0.0305305029178974,0.1105205455344462,0.0803133830809101,-0.3089032439246196,1.118231007452403,0.81259927591007,2.844603163508853,1314,0.5508302040579056,7,0.0943984084932432,0.0937669875124269,0.1385834200600431,0.0,-1.4384556582222487,-0.8876254541643429,0.6819531343962039,0.173820992111484,538.3771481963172,495.145333842705,703.9265688432747,16.79446516886898,-0.0340648486740912,-0.0379619368459502,0.0309089868560386,-0.0199679336443971,0.854233234478139,0.0088129020906992,0.0,-0.0292697608674308,2022-03-15,43.0,6,-0.1459649287398637,-0.0801862249290767,True,False,True,0.8,3.0,0.6,0.0132176408606455,0.2673142396113487
TMO,Falling Wedge,bullish,1,0.6057149179402499,3,24,1542,1543,2022-11-01,2022,1,509.7424175493039,504.344636314745,556.0929701415871,474.4536948653074,1.6625947974522146,0.0107025649643082,True,-0.0461820915930031,-0.0412325787455708,0.0052452195959933,-0.01003384567623,0.0176222596004986,0.0150225178429523,0.0172312631236004,-0.0057972049514058,0.0229668534023992,-0.0394948980965617,-0.0164784654820514,0.0351674336160374,0.0409036626742671,-0.0015850057340587,0.049945969374709,0.0157212478228143,-0.0229757833461408,0.0348764578055611,-0.0256261368608554,-0.0737827656707539,-0.0288114591286836,-0.019190127181184,-0.0467284512295485,0.0583139851113057,0.0203095988309598,0.0441404466961539,0.0819383863677329,0.0403273932664374,0.0471471539129115,0.0135984397302528,-0.0606389667673409,-0.044357381554451,0.061808170029362,-0.016338419314139,-0.0012370336443012,0.0026725206351425,0.0023781877418664,0.0668018089828852,0.0221605049164734,-0.0545031363931015,-0.0257855921764824,0.080642170339239,0.0667960553937161,-0.0237319566270063,0.0254633512998263,0.0418498799695468,0.0856976551444403,0.0237545840841946,-0.0394859292204176,0.0219921867369428,0.0136956319963963,0.0226413632478059,-0.0291315727989351,-0.0226102946487107,-0.0908590783901942,4.558251594488638e-05,-0.1113099234267275,-0.0903589150599998,0.0176868489260455,0.0407749200652267,0.0399901716708759,0.044314285680574,-0.0024519723526961,0.0786263994595239,-0.0108595005735817,-0.023859752311956,0.0235630228529146,0.0548398176212403,0.0888354905449267,0.0800440213218685,0.0766560143688179,-0.0723327047898009,0.0054689893222519,0.1107301025762177,0.1178681197932993,-0.04089538841309,-0.0633144506596021,0.1733434681150836,0.059962361964486,-0.1264336022636051,0.0523443382904089,-0.1198081348142221,-0.0864363584544257,0.1975577736073905,0.0233275612836418,0.0803474832151804,0.1201575858611279,-0.0435470700711708,-0.0068201442822445,-0.0519459683008319,0.0114387822622483,0.0629933841097513,0.0941598459473844,0.0458934342743677,0.1157479511876709,-0.0056860773661019,0.2757464988576061,-0.1059506799228412,-0.0276274738673402,-0.124425934743283,0.1267905409942948,0.1151768114629314,-0.0532944651247005,-0.278587278989162,-0.1949130921825269,0.032911855146815,-0.0443286479866175,0.0078110379454283,-0.0143488813308343,0.12603835595585,0.021597810122016,-0.1585127999660024,0.3875468039684164,0.0036801147331724,0.0838912235026449,stop,1544,2,474.4536948653074,-0.0692285387071662,0.0,0.0779651037358187,-1.0,0.0,1.1261988941527097,1.3134664296960572,1517,0.4558670507428208,7,0.1324279036495127,-0.1307277613802397,0.3984864838776198,0.0,-0.7977538075354381,-0.341886756792616,1.0108201835885875,0.1183341903363581,504.344636314745,474.4536948653074,556.0929701415871,17.2948264599513,-0.0636333218979698,-0.0252255169828041,0.0338177984116839,-0.0513413446313777,0.3618822908866576,0.0050002617727029,0.0,0.0173289850333142,2022-11-01,43.0,6,-0.0102001178700067,-0.0210303025862368,False,False,False,0.2,2.0,0.4,-0.0721850847185634,-2.2043620616906163
TMO,Falling Wedge,bullish,1,0.6819157178565748,3,35,1691,1692,2023-06-07,2023,0,514.9390277699945,511.3315895996002,585.3049721051539,486.6537272350729,0.9373161978854412,0.0070549878860781,True,-0.0003527456772404,-0.0251055445829991,-0.0192321725158851,0.0260324532435962,0.0276875201367743,0.0405526433012712,-0.0206307527503265,0.0156685739522823,-0.0642528810451219,0.0263330871040303,0.0012906653450828,0.0363919569043837,-0.0312807222092433,-0.048240484614506,0.0078563529247894,-0.0516485193196092,0.027795230489406,-0.0057346523840675,0.0069128672576648,0.0185934698294314,0.0188832850756117,0.031207966832256,-0.0025620400551314,0.0153880106997974,-0.0115951551190298,0.0647957488878452,-0.0065119566901431,-0.0248349587315399,-0.0467295916134717,-0.0923188168096447,-0.0333088361677367,-0.0401620490873595,0.0280349894959393,-0.1359640426218109,0.0489135112987675,0.0003945592951442,0.0132551520851069,-0.0435760760638634,-0.0076956165053569,-0.0712849359833432,0.0770412802194338,0.0313298852583543,0.0703218724762242,0.0991234814281178,-0.0896055789062697,0.0233271096365777,-0.0126342953880208,-0.0444168453237926,0.0927306994853676,0.0218409513687625,0.0599098192726572,0.0182570142522198,0.103951054256564,0.0207853657342487,0.0300911963331358,-0.0117924510026387,-0.0520169854088126,0.0497429874080914,-0.0456454976324743,0.0863087614746842,0.0191347935893049,-0.0610781254436704,0.0186238691590086,0.0128858148615247,0.0095494539874694,0.2302605250440548,0.0548398176212403,0.0579467960767901,-0.0484505884098972,0.0544615365220131,0.0032454233862926,0.0079153090989252,0.0259836097250267,0.0737572244684159,-0.0539468569890985,-0.0417553925676223,0.0982541563923355,0.0458169021430292,0.2093417029250792,-0.0754730388044033,-0.0177220948779186,-0.0355770241141139,0.0927766807854491,0.1367132508013873,0.092382078894619,0.0964594541130303,0.0046171295656123,0.0424629466317645,0.0847877839791431,0.0632566963672931,0.2864676232590448,-0.0023643705678368,0.0709516326014301,0.0094307577888597,0.2137835522756235,0.2961163467309249,-0.1583121887985317,0.1993486132353779,0.0587250438256614,0.0341429318031523,-0.0268718050932794,-0.0992732102910852,-0.0784800276410675,0.2397565077659764,0.2713662531742082,0.0643847475906818,0.255068958013035,0.1380797783922942,-0.1038434433912495,-0.0816624937651654,0.0488582194959195,0.065789857637732,0.1921914496248453,-0.0475688193593034,-0.0031283809598573,time,1751,60,551.4747924804688,0.0709516326014301,0.1149069203638532,0.0326608882434015,1.291687343585637,2.091901331688318,0.5945973958239313,2.4877212900136665,1656,0.4884669262150725,7,0.1095489586333796,0.0664932922441203,0.106763271556922,0.0,-1.276417528500326,-0.7879506022852567,0.8717453838075341,0.0916015461676778,511.3315895996002,486.6537272350729,585.3049721051539,11.466410988023105,-0.0461624415618768,-0.0478030315058305,0.0222619471123231,-0.0642833596326354,0.7709724738976617,-0.0033506534268503,1.0,0.0380111563353153,2023-06-07,48.0,12,-0.0388033854948807,-0.0231235935651001,False,False,True,0.4545454545454545,0.0,0.0,-0.0035781611286478,-0.0518905951596311
TMO,Falling Wedge,bullish,1,0.7068528692153109,3,32,2138,2139,2025-03-20,2025,2,513.458544979618,514.4978373104568,602.231374750223,502.7499935342637,0.6534457061934136,-0.0020200130213797,True,-0.0088714125830474,-0.0228180790605488,-0.0495955018211595,0.0189324002617297,-0.061026032144887,0.0266844990285977,0.0365939367021757,0.0152216732254817,0.003439647082384,0.0206373444024101,0.0138278344717481,0.0107093439504044,0.007676077141131,-0.0141723090443569,-0.0386701975583841,-0.0094511966489467,0.0224849556994026,-0.0170367534587121,-0.0095874844222036,-0.0358874392665411,-0.0213699349343529,0.0085159367867668,-0.0052677525556818,-0.0895477409845094,-0.0491743598238622,-0.0510141745426655,0.0240496578685398,0.0078240227482631,0.0113994726930004,-0.0366486059444377,0.0231582147803282,0.0021280546047186,-0.0244847439802951,-0.0082573401218863,-0.0625571257832358,-0.034608042615019,-0.0042292349574759,0.0956399484353731,0.0308946000254994,-0.0753682843181651,0.0074815521582005,0.0361796895662369,-0.0450031187197965,0.0007623264478073,-0.0794906498912464,-0.0804405519071966,-0.1719287935245403,-0.1131567900782339,0.0961351593330583,0.0446942122729987,-0.1338415064647623,-0.0652483018755979,0.1018033727455611,0.0549803920490379,0.1358343395543684,-0.0236276761597099,0.0390333015738046,-0.038978953446274,0.1021810882736429,0.1436326415806417,0.0846068605598,0.0308966658855818,0.1289637173699962,0.0338756819328811,0.1137521496096083,0.0552151197379549,0.093777276017513,0.0247022224046336,-0.2230481816722773,-0.2018362355947911,-0.2642737829536352,0.1220621393663299,0.0661733671966307,0.0696622926597212,0.2422244257514065,0.0892876110450298,0.0094625150565266,-0.0178380610314403,-0.1745445993596419,-0.0119896350766368,-0.133822903700433,-0.0177220948779186,0.0666878473189027,0.0401654313636168,0.012182766443985,0.1890569722149075,0.1032388282347247,0.1476788122451082,0.0196049442740455,0.1841204972758776,-0.057826203703552,-0.2492294832296506,-0.2145432714336269,-0.2921430931838383,-0.0818885907750825,0.1211596535342356,0.1013382859644298,0.1321041539563419,-0.0158842832551738,0.0341429318031523,0.1519532787532289,0.1507558724842521,0.1801678091160408,0.1015413882564555,0.1401906243356787,0.1487633167083086,0.1560103388364702,-0.061173961679838,-0.2205591525381597,0.1529205845214876,0.0201937722938974,0.1398269469876307,0.092374460032002,0.0016530719300926,-0.2868227964968995,stop,2144,6,502.7499935342637,-0.0208557274001143,0.0204162459717715,0.0326578396233469,-1.0,0.978927542544482,1.565893099617706,8.289900853874855,2104,0.8192907178944967,7,0.1633630657383356,0.1565542296782931,-0.1458463177052701,0.0,-1.1161700625348534,-0.2968793446403529,0.1824252110283737,0.1262916270648833,514.4978373104568,502.7499935342637,602.231374750223,11.483584117237902,-0.0788684760718205,-0.0503932584601068,0.0222625287621041,-0.1491022836627769,0.7361483521350232,0.0001735946897998,0.0,-0.0735443073894078,2025-03-20,34.0,9,-0.1392111327416434,-0.0994240598245673,True,False,False,0.875,1.0,0.125,0.0008462717837125,0.0368978317025728
TMO,Falling Wedge,bullish,1,0.7374429148758012,8,95,2445,2446,2026-06-10,2026,1,483.125011338076,484.4163027691548,641.2682057164284,426.07571908595605,1.0713888131806544,-0.0026656646848942,True,-0.0450993336363558,-0.0618400919404651,-0.0394948980965617,-0.0008452192448029,0.0127938721857705,-0.0076642256469096,-0.009820842004956,0.0058063584166874,0.0063124908182781,-0.015760613425607,0.0146660467146089,0.0593483220464658,0.0046546398551712,0.022116811004478,-0.0385007017636528,0.0110491763655129,-0.0212669220039581,-0.0495955018211595,0.0403049973745135,-0.0538449866052705,-0.0088739419991065,0.0061964700502759,-0.0419784002473447,0.0460287265633245,0.0358309934698062,-0.0792407120109639,0.0111579126472558,0.0505830114853642,0.017570844384068,0.0297592347423434,0.0012129418339865,0.0308490838134778,-0.1025572584133343,-0.0545001578228909,0.1092068223999187,-0.0053826961756143,0.0256806792674781,-0.0183287711180614,-0.0398544050584221,0.0075910065156852,0.0454286017006249,0.0154567542863337,-0.0097037605520049,-0.0027070924419208,0.0340082600325,0.0427172115875333,0.0900828748462381,0.0514763058570377,-0.0544216589534687,0.0552151197379549,0.0625997052168048,0.1257773905068884,-0.0948749913257321,0.0529282146094931,-0.1918292682120076,0.0433147582570663,-0.0389665214459415,-0.1129132646547989,-0.0713848439341323,0.0358716370714586,-0.0335315409048416,0.014118013976508,0.0894999806232745,-0.0897871757673328,0.0966441436281011,0.0230375406235359,-0.1672107876869298,-0.005585162903576,0.1031578104231219,0.2285537490626168,0.1647575868089068,-0.0962046874240163,-0.0979514650218857,-0.1804885821311164,-0.1091915119307637,0.0663375395131118,0.1587670680695572,-0.063256139260359,0.1139282253582634,0.1647236184675431,-0.0873425258949519,0.114908984140652,-0.0131948083406184,0.0399767112319848,0.0786425221299822,-0.0239514566466835,0.0566132399136294,0.0075562600416414,-0.0351008562356699,0.1122893806674796,0.111388236600908,0.2126312614001824,0.2694642631413304,0.2098915987645953,0.0711013621648224,0.0516544111073005,0.1144768227648627,0.1552913408617799,0.0602070395013012,0.0888139857905054,0.0459814947193311,-0.1275033134760574,0.1037590766548084,-0.1259492893579432,0.0811102109178947,-0.0119754098562413,0.0809684275883508,0.0691373331074678,0.0717609020417924,0.0197937816059792,-0.1301424120918516,-0.0567305205169004,0.14416233257729,-0.1824867801084471,0.2432927233415281,target,2497,52,641.2682057164284,0.327333900475065,0.3381721216938541,0.0534758114067647,2.7720448078385385,2.8638288693492666,0.4528627958788745,2.7720448078385385,2349,0.5923781517401712,5,0.0191182579883465,0.3311373037263236,-0.0533112401254737,0.0,-0.8978099058563713,-0.3054317541162005,0.563723757793119,0.2537785185062688,484.4163027691548,426.07571908595605,641.2682057164284,14.947835715810234,-0.0833238995064189,0.0048822521597557,0.0310644111234847,-0.1501744700010876,0.0108518166603437,-0.0045338361236989,1.0,-0.0172721924408014,2026-06-10,51.0,9,-0.0945360079998168,-0.0214873766920618,True,False,False,0.5,0.0,0.0,-0.013280364690043,-0.4519782548418474
TTD,Falling Wedge,bullish,1,0.7093496612759463,3,48,769,770,2019-10-11,2019,0,19.79800033569336,18.599085308955267,29.874838741009,16.64224794927162,1.8348572683508384,0.0644609671294333,True,-0.0160116895671171,-0.0229052191177769,0.2356687805232733,-0.0173775884423711,0.0266630173792177,0.1845851203310982,0.0121690796961435,0.00609998609629,0.0208058223711442,0.0364971913269904,0.2178858257028755,-0.0460714109637296,-0.0659931608879943,0.0194606796403935,0.1718212975253981,0.0857521002004901,0.0279108526551556,0.0193253268347262,-0.0272513652753321,0.0377640945986446,0.0145537600554017,0.1947880405418307,-0.0737645620625995,0.0234366494942992,0.0042765682582313,-0.011498722951189,0.0072698022419974,0.042882875341478,0.1637799835205078,0.0547460866546369,-0.1710741075641287,0.0073894812379651,0.3128811701017977,0.0003514401303337,0.0412583196304126,0.0021711210990025,0.0996667646234499,0.0839943635757116,0.206472087582392,0.0926860013214743,-0.1435501143773087,-0.0322581138267866,-0.0884665096626908,-0.0442204415060794,0.6044877215129574,-0.0380118109399974,-0.0123750295524387,-0.0563384571140401,0.0704077702821164,0.038460580097301,-0.0150804729501565,0.2309075791632218,-0.1416421260560818,-0.0142263785917801,-0.2743464742215348,-0.0718278021540602,0.0068682444008398,-0.1489655067180765,0.0150975849079044,0.4160982568186413,-0.0855240257485479,-0.1004139052816256,0.2135723512299785,0.0479774706528248,-0.1731370312733957,-0.1306550138381891,-0.386,-0.0023875633882254,0.0128657935810035,0.2601777443112398,0.1995214424071036,0.3662050354428718,-0.1345378301392521,0.0061601373872892,0.1026028185734455,0.0013082142480109,0.397391091900493,0.2676404460092609,0.1624014594397524,0.0597428803415955,0.0756720045423609,-0.2220547819790774,0.0748891050139994,0.1364407296908103,-0.2764595946657694,-0.0059392306092987,0.1991534438061213,-0.5356281696766734,0.3194000938506549,0.3108555059757649,-0.3707377959632992,0.2134524661517868,0.4405495491555082,0.3387848257917762,-0.3713806130985472,-0.397638643725116,-0.4333031192245157,0.2368152399731289,1.2158464672013911,0.0147292625918955,0.1333469468720103,0.0490099996522575,1.069807914674766,0.8624254047424038,-0.1501188858854201,-0.0913605085536477,0.1697199628085701,0.5647481546501842,-0.0262000274658205,-0.3958033702763065,0.0943040353985484,0.8373728100303566,0.2282069750476612,-0.5178105930863367,0.2859136785391351,time,829,60,28.520000457763672,0.4405495491555082,0.4612082212331695,0.061016272483216,2.7638417258586188,2.8934464434176776,0.3827930823416733,3.193165106575938,721,0.5429240788307715,6,0.1579804740315009,0.2652213507877015,0.0108032327020952,0.0,-2.153591992017423,-1.6106679131866484,0.6883883076999927,0.1921480182206817,18.599085308955267,16.64224794927162,29.874838741009,0.978050231933593,-0.0276361248007898,-0.117943818767465,0.0492894326274742,-0.0103241313191985,0.6899019736516913,0.040721712345944,1.0,-0.0114309327031297,2019-10-11,37.0,20,5.95983636910713e-05,0.0519102063971765,False,False,False,0.3684210526315789,1.0,0.0526315789473684,-0.0188962115746964,-0.2918544679193179
TTD,Falling Wedge,bullish,1,0.7775523540855558,3,21,1587,1588,2023-01-11,2023,2,47.380001068115234,43.78615247286291,56.98384798490099,40.98629783678672,1.028684140573734,0.0820772868198378,True,-0.0658506263454195,-0.0456071408802584,-0.0123468607545994,-0.2147996671239637,-0.0498000125509885,0.0079978193312579,0.1111111111111111,-0.0250515609291416,-0.0233672851252417,-0.0068254317381895,-0.0078538347332024,0.1700085162993907,-0.0979171938398725,0.0646817381155433,0.0883805498377285,0.0342655930780098,-0.0066224320691988,0.1784902106898018,-0.0860570707185789,-0.0744997878693762,0.060210806831968,0.1046808121052194,-0.0765849273428033,0.050021082280635,0.029651570953483,0.144932263060024,0.3881076360472202,0.0153452291179314,0.0085245976682568,-0.0247146005316156,0.0046459860069463,-0.0537459170817441,-0.1292047074163698,-0.0222337281170208,0.1454424172144621,-0.0854881674939895,0.1145246928785588,-0.2965014304108493,-0.1663043809973676,-0.161802503797743,0.1162877692174972,0.0039586285890322,0.0271356477210269,-0.0247146005316156,0.0150441336156124,0.0490591340427224,0.0527648785065646,0.0264963724614666,0.028531929017463,0.036580725336105,0.3142208299365059,0.4534789049720686,0.1341026230218041,0.5609338223720077,0.1449197743144317,-0.0367983030079165,0.1691170720764028,-0.0576734335595676,0.0050957452992128,-0.0277745572497704,-0.078330379557979,0.0452151613570692,-0.0628050252709732,0.0543420582252451,0.1298440494038113,-0.2360801243642347,-0.2760374291778698,0.0461797821387817,-0.0145882827575652,0.1260024751249617,0.1531284161138612,-0.46829945373086,0.4647968587892082,-0.0512602508436296,0.0188913351395008,0.2081308513694941,-0.1391088009513877,-0.0244835989639098,0.5910379067854228,-0.1133540462021762,0.0784143801869763,-0.1879825515060946,-0.0166788502574739,0.4672743703731867,-0.2216495026356664,0.1777801482308103,0.4020144917764972,-0.0893265444968215,0.1546451798351422,-0.2629794053621834,0.5219459533691406,0.0505120515797029,0.2984381399510787,0.2618756000768842,0.3182147466214375,0.1352289069763197,-0.0740878093965621,0.0498469049980823,0.1181556982337197,0.2767056909522374,0.125994494872369,-0.043358577152024,-0.1302200071360703,0.1847605068425293,0.2433775291908815,0.3461257051925721,-0.1471847153522854,-0.3389485905563474,0.1760213719182419,0.3363234491623452,-0.2257862441391406,0.3390710002323358,-0.1838997373276089,-0.1124535327517102,0.2287438003820125,target,1602,15,56.98384798490099,0.2026983263039381,0.2323764895172717,0.0696496235261022,1.5020789313035132,1.7220064684243237,0.5161326883129133,1.5020789313035132,1564,0.7086902992040707,5,0.0035282367710572,0.1014526546977641,-0.2942883649554397,0.0,-1.1486864347591108,-0.4399961355550437,0.3438605741472375,0.229061482687267,43.78615247286291,40.98629783678672,56.98384798490099,2.083285740443638,-0.1258532657700292,-0.0061258196102423,0.0440347850342647,0.0713315565390226,0.9768527853039912,0.0107047176762471,1.0,-0.0040452117957777,2023-01-11,24.0,14,0.021893800509094,-0.0531399862731279,False,False,False,0.4615384615384615,6.0,0.4615384615384615,-0.0019465584316008,-0.043730407964715
TTD,Falling Wedge,bullish,1,0.6298772038014528,8,80,2479,2480,2026-08-04,2026,0,19.520000457763672,19.2107562231362,26.52864765027257,16.183992954988724,1.5932352787603077,0.0160974524394326,False,-0.3053278636464636,-0.2985095634675551,0.2023108196634018,0.0436525393733666,0.0730688807389154,-0.0383764170069336,0.0358864527882178,0.0412766493645788,0.0457618538902713,0.0585145452827582,-0.0120376135570561,0.0194606796403935,0.0677379751097027,-0.0050010000321262,-0.0896667719310166,-0.0394686047151062,-0.0011987445504877,-0.0036330142400431,-0.0086751081509349,0.0229927114408234,-0.2511013467561378,0.0134023398018052,-0.3140732049541832,-0.3125000122140663,-0.3016732239905281,-0.3681271318124065,0.0091629779387476,0.1712820591070714,-0.0174074526186343,-0.0333156618641019,-0.0750674264486713,-0.0246662716869684,0.0669610597629724,0.0203076032116937,-0.0513440554663807,-0.0860301470354961,-0.0860287193019193,0.019618157286708,0.0714786282310917,0.0349650204558327,0.0085245976682568,0.0065530513971354,0.1085931531727448,-0.1012462763121291,-0.0488458315543414,-0.2937683789206265,-0.2940574072840001,-0.2759225271759784,0.2992852660191898,0.1530553023258727,-0.0109104937493945,-0.0002422494423873,0.0729963641760977,-0.2260677254839335,0.0445974248962559,-0.0443885065760247,-0.0722848230016691,0.1528597728314107,-0.0019263447143912,-0.0298347164524412,-0.1614427426212586,-0.0577671663455487,-0.0259259052702123,0.1467662752743281,0.2547852608153302,-0.0378220126739651,-0.0453955588049294,-0.0393292389690408,-0.3126078163956645,,,,,,,,,,,,,,,,,,,,,,,,,,,,,,,,,,,,,,,,,,,,,,,stop,2482,3,16.183992954988724,-0.1709020196999083,0.0015368226738408,0.3427254291583178,-1.0,0.0089924196129419,2.0053913333506475,2.10090870199752,2399,0.4717843343813971,7,0.1348407487162123,-0.44951919427559,-0.0619622067861641,0.0136986301369863,-1.035309163875836,-0.5635248294944412,0.9076513025386532,0.3086600401993696,19.2107562231362,16.183992954988724,26.52864765027257,0.9647141865321568,-0.3321742458690693,0.0046962019201275,0.0498818086308581,-0.3499159612575498,0.979999542236328,-0.018579244085395,1.0,0.0315897800257802,2026-08-04,59.0,8,-0.1606974147601464,-0.1281201514012819,True,False,False,0.5714285714285714,0.0,0.0,0.0648619498775316,1.011827731468186
TJX,Falling Wedge,bullish,1,0.7887013590403366,3,31,962,963,2020-07-15,2020,0,48.01585166502522,46.87834140367528,55.23499493519182,44.17094915710719,0.9727551867164868,0.0242651558756035,True,0.0239508990530648,0.0018425787846216,0.0032925538853367,0.013320024886124,-0.009931839571453,0.0168898792333043,0.0198887724596876,0.043852962380479,-0.0069432342432197,0.0360655183635294,0.0111634562747424,0.0104714931670617,0.0237237320811245,0.0162196506526433,0.042002687178384,-0.0168540105114746,0.0211848998234147,0.0389332514418705,0.031478831370435,0.032032450276491,0.0294541681976769,0.0220860199940029,0.0050343356860567,0.0078559665911805,-0.0088115030663435,0.1080718065911214,0.0023264967861653,0.0921933504159853,-0.0413379487392753,-0.0073120576442567,-0.0212670335049338,0.0064627344684089,0.0200982539067857,-0.0079930158243478,0.0412372607710254,0.0228272764526649,-0.0222137657475375,-0.0516903700222316,0.0485653312348817,0.0227407835446971,-0.0497552478462607,0.0523658320859945,0.021612503714699,0.0456342153828688,-0.0764629496492477,-0.0024492062276797,0.1061507447810987,0.050958052858576,-0.0423784412882174,-0.0040735777426283,0.0003971244812102,0.0206982442314911,0.0142040934286076,-0.0961505925886136,0.0267167437999746,0.0610442194501186,0.0408909853136196,0.0505249917724082,0.0230518845829013,0.0411696171458737,0.0522673838753151,0.0064767318551917,0.1131619370129335,0.1019083417546669,0.1103990732178521,-0.0308710951254328,0.0177268512047061,0.0721952434574801,0.0771827567891258,0.0367886788648796,-0.0073031441557349,-0.1053563992703128,-0.0207691271278362,0.0585887836339242,0.0334488839931805,-0.1255230936507461,0.1116532423049743,-0.2220443158781875,0.093551915264376,0.0007666895179732,-0.0535490441279469,-0.0271365385325623,0.0256881749192576,0.0300272348674157,0.1595315106370947,0.0394573584908486,-0.0073336185112865,-0.0210510260594899,0.0716577238294431,0.1341051506770323,0.0334834623599253,0.0263288304980258,0.1170722720459678,0.0377508247411002,-0.2313488661889835,0.2437740656688023,0.022187771079535,-0.0545136813510024,0.1871912362087588,0.0001680316660361,0.2729539051591059,0.0315224662517963,0.1111099190730056,-0.1390432525037704,0.1458768342187721,0.112652572610177,0.1028184528726601,0.0039290765738353,0.0138379210890779,0.0708243825029675,-0.021957508078603,0.0667027813438614,0.0715073645655983,0.1142785496619551,0.0608486709247885,time,1022,60,53.63717651367188,0.1170722720459678,0.1408315286666697,0.0243342198204056,1.4620201258862475,1.758730104675446,0.3038902252721623,1.8775881196726856,931,0.5572011839916219,7,0.0821982332309528,0.1498490008829924,-0.2152062643787076,0.0,-0.9684737842612388,-0.411272600269617,0.5631117932954339,0.1531713743737717,46.87834140367528,44.17094915710719,55.23499493519182,1.5653469145588867,-0.0478723173995686,0.0172052230230614,0.0323280801130783,-0.157772525590589,0.8872195978213183,0.0371036472208585,1.0,0.0329318336875767,2020-07-15,41.0,9,0.0528324387332692,0.1158742591954893,False,False,False,0.125,0.0,0.0,-0.0601025507110528,-0.8531265154350985
TJX,Falling Wedge,bullish,1,0.6578521870909243,3,29,1197,1198,2021-06-21,2021,0,60.01331363129989,60.01883169460996,68.66791832710504,58.03480014946115,1.209011430661011,-9.193886575709076e-05,True,0.026872515613372,0.0111423594901836,-0.0081293783097019,-0.0059289727932513,0.047976658108183,0.0206659685030197,0.0048668390232728,-0.0323297050217973,0.0130055298538964,-0.007892871610039,0.0001775380482178,-0.0481297086326723,-0.0398824114879104,-0.0028240874222883,-0.0406448384234976,0.0362824797876586,-0.028656788466298,0.0056425783698628,0.0050957366863961,-0.0161455237841756,-0.0193738653792081,-0.0689011874457089,0.036128816133174,0.0522007450239376,0.0234967543615669,0.0503943081985638,-0.0075491846525549,0.0058785508589562,-0.0329048403736463,-0.0080180236977712,0.0244295183900926,-0.029704841595294,-0.0269225917599257,-0.0651325741439919,-0.0130255630630609,0.0825722179838059,-0.0019358885676705,0.0306269516732393,-0.0166635025285979,0.0063621059310861,-0.0129632183288015,-0.0525590258325301,0.0574092456380364,-0.010824014867997,-0.0121087214705007,0.0538326996343658,0.027026785886141,0.0027660614209397,0.0589365698836348,0.2194362230371285,0.029684833818794,-0.0216509249192389,0.0222129110702762,0.0294991133201187,0.0603198738661523,0.0692448464119426,-0.043774357357352,0.0197386922944593,0.1385303279350951,0.0232487889971277,-0.0109277463380053,-0.0294117769561312,0.0867581162179045,0.0353947973846577,0.0691874523915057,0.0271172354906337,0.0499779274610743,0.0717728613744674,-0.0182380023830712,0.0718551083084606,0.0167521314595355,-0.0711597764598763,0.0423773376996714,-0.1047569303018984,0.0893601029099713,-0.0357540395481874,-0.0381894901286986,-0.0449954892730917,0.0881458939044506,0.1362026103851514,0.003489685551258,0.0167946371196165,0.0741373246564212,0.1144176817625151,-0.3166702267392882,0.0882095620916563,0.0911262735870399,-0.0158489583376154,0.1534776184334216,0.1595315106370947,0.0893468246262878,0.0458930006796656,0.0769704995203921,0.0127429567739609,0.1146014134989805,-0.000650048030566,0.1087026345202972,0.018004481613834,0.2905067020588898,0.0450096079297208,0.0973999781718912,0.0338917911398306,0.0256132369614647,0.0036423568864636,0.2238338635556662,0.0953064774154111,0.1016271349578308,-0.0445279540270696,-0.0449556861969698,0.1697053319004429,0.2277717361927873,0.0279193948911344,0.0477813188666431,-0.0401580297299914,0.0019192123915575,target,1239,42,68.66791832710504,0.1442114119706157,0.1450174157241097,0.0049423138636425,4.374296549024253,4.39874467964881,0.149912868770269,4.374296549024253,1168,0.4781357571241696,7,0.1758483793785773,0.1062441921883787,-0.1001745922528357,0.037037037037037,-1.824021375048112,-1.3458856179239391,0.8750986739213862,0.0630689221284881,60.01883169460996,58.03480014946115,68.66791832710504,1.0638883374098935,0.0157004253161368,-0.0496354806221676,0.0176838387251986,-0.0313788642183674,0.9416100262573912,0.0078902501757098,1.0,0.017585516697071,2021-06-21,9.0,6,0.0873992362288562,0.0885425861668955,False,False,True,0.0,1.0,0.2,-0.0361931000167329,-0.6605435887349376
TJX,Falling Wedge,bullish,1,0.7119563045801691,13,134,1470,1471,2022-07-21,2022,2,60.29506253357529,57.30994945854968,72.22494288678547,50.18101546154896,0.9483045893369246,0.0520871699107785,True,-0.0439063242664775,-0.0618296453281109,-0.0050207261956258,-0.0132120304192303,0.0156318523880447,0.021067948071721,0.1122737259991397,0.0452391222735661,-0.0554554555863306,-0.0803132862448513,-0.0657358864890362,0.0597132113387186,-0.0259961737795154,-0.0692403307257123,-0.0243457011115408,0.0124065729675688,0.0835910292378243,-0.0022440536323123,0.0326157128666699,0.0135625863252755,0.0097614909757777,0.0165967903078092,-0.0479511441948755,-0.0112500947730986,-0.049478603352397,0.0196530436398258,0.0116667748493131,0.0251115111294972,-0.0202196805927006,0.005809150046147,0.0202385567912177,0.0007331353400108,-0.0196242948648882,0.0342240827764162,-0.1457832177993874,-0.0984901262044817,-0.0872977549995265,0.0370755356654208,0.0076261739855949,0.0058433873819969,0.0186494659757601,0.0017374417569269,-0.0019358885676705,0.0733151970517926,0.0480973902965329,-0.0080715889559886,0.0676796077617907,-0.0049415475871206,0.0230271781000159,-0.0547264397036867,0.0124789166297902,0.0405288551901934,-0.0167963993175281,0.0035632968183485,-0.0108712610016893,-0.0406153458650857,0.0936397768538088,-0.0212250743625164,-0.0009908375299217,-0.0041455570035487,0.0267167437999746,0.0722311174904319,0.0168959608597458,0.0314772064879289,0.0126625343451212,0.0065159876540896,0.0685796152180779,0.0087213058869664,0.0542962287342648,0.0150883395602547,0.0446084060566885,0.0225243692253571,0.0669789517463472,0.0520284574691838,0.0178419320768967,-0.0450385602618711,-0.0618298973361911,0.1098948088516533,-0.0018985952900608,0.1117602198359131,0.0418699235363539,0.1343024916954875,0.0770518842643668,-0.117591880946271,0.0223741504094669,0.0981088670988801,-0.0335437595487161,-0.1920003546397518,0.0567604985627447,-0.0799757665450153,-0.0250031921650577,0.0023576121582689,-0.0023373338485093,0.0974846082645263,-0.2306107567031621,0.032623376307463,-0.3756969390031689,0.1170001565728922,0.195472867943208,0.0477067027685986,0.0289157431838722,0.0955627613496823,0.1102770479412764,0.0356023738403383,-0.1823952529994695,0.1871912362087588,0.031648633599195,0.0371731499711274,0.0103427194974694,0.0073636562570855,0.1353337592234953,-0.0418428425486309,0.0558276244200308,0.0062143780124863,-0.0175228536406367,time,1530,60,60.15413284301758,-0.0023373338485093,0.095309659960267,0.0654686812882359,-0.0139340552356631,0.5681901484572347,0.3902926498318176,1.1795357751701714,1334,0.5267495342852849,6,0.0756165219533654,0.1329198005602094,-0.0185389128047278,0.0,-0.8183779589389445,-0.2916284246536605,0.7425937528481213,0.2335343123613588,57.30994945854968,50.18101546154896,72.22494288678547,1.4468102068473694,-0.0167553637997193,0.0748136231499603,0.0240933815132293,-0.0612507702510656,0.9545462427044028,-0.0014279351999442,0.0,0.0651726253613247,2022-07-21,24.0,5,-0.0909684529546077,-0.0783918449557908,True,False,False,0.75,0.0,0.0,0.0675139197201244,1.0136868587779075
TJX,Falling Wedge,bullish,1,0.679299197439158,3,23,1778,1779,2023-10-11,2023,2,85.96288237987615,84.69510281562373,92.1356740822697,83.03984416942853,0.708384373330408,0.0149687469771693,True,0.011971613291337,0.0273966671238585,-0.0084928140265665,0.0155963707666002,0.0314135223922078,-0.014878420124918,-0.0318135540851716,0.0295698615969555,-0.0733000482343383,0.0155076915276972,-0.0275652124866947,0.0050677181557226,0.0230142650254436,0.0006054595352669,0.0042990070683799,0.0302745445695622,-0.0068320924780904,0.0096694071968215,-0.0040146819177943,-0.0421858449008349,0.0217162412035492,-0.0386294321708841,0.0150205138606913,-0.0048109830914995,0.0395877274311124,0.0505431250732597,-0.0497089828119367,-0.019694698814892,0.054575992236048,-0.0368564951977983,0.0138425985899199,0.0408164048594024,-0.0020555946005058,0.0468813820275249,-0.0117049057974154,0.0520826467348203,0.0419201113247891,-0.0372739598404169,0.0288290252654082,0.0308681011201901,0.0039350277816565,0.0504114440235825,-0.0196242948648882,0.0133229138632759,-0.007463827707582,-0.0169932837547216,0.0153607933757993,0.0146741766006444,0.0863006390229583,0.0396686377159427,0.1024948193445332,-0.0706993467709312,0.0227066451709641,0.0177879932370996,0.1068637468485753,0.0039391774133563,-0.0546777584940695,0.0389056693548373,0.0310172882004078,-0.0140175636154459,-0.0222882768702745,0.0787556515692313,0.0032995151154608,0.0543820228075893,0.0431239306870321,0.1640579791928866,0.0188229356399005,0.0215469522355169,-0.0182387395144792,-0.001820300364233,-0.0505215405827815,0.0787600651842725,0.0775653589843354,-0.0161749118343047,-0.1866501443788033,0.0996472396649454,0.0178759850618306,0.0749055993260709,0.0299292742415919,-0.053530468321693,-0.0101632739495005,-0.1673518712817979,0.0611967694177004,0.0492857067682692,-0.0349717771901841,0.0801969770637578,0.0369733910170069,0.0547260788047674,-0.1318799209591883,-0.0535767773049543,0.0966117596802025,-0.0069890533639493,0.0423113737729994,-0.0482580176218496,0.0729031700971074,0.062773871691423,0.0796643819506304,0.1754725125348559,-0.0278172952366125,-0.0462504310227694,0.0601449856425975,0.0463343271571519,0.1491686956469797,0.1850630297017235,-0.003139996050364,-0.02608552345994,0.0392126831620287,-0.0092951807535104,0.0961452133914277,0.1128567897685033,-0.0312793595275189,0.1326314201793887,-0.058496190230488,0.0719322561483033,-0.0117855942665464,time,1838,60,89.60009002685547,0.0423113737729994,0.0588182588949481,0.0275228470813624,1.2443243588055397,1.729771117292804,0.809412363464168,2.11177249764665,1753,0.6515579001152288,5,0.0523683340842434,0.0662427277224235,-0.1124510027124576,0.0,-1.3708462923050426,-0.7192883921898006,0.4680533210651981,0.0594767487962644,84.69510281562373,83.03984416942853,92.1356740822697,1.2949534052998817,0.0928986022621991,0.0005009591751885,0.0150860388246161,0.1730881877918528,0.6734708176658802,0.0062041772745689,1.0,-0.0193746781824096,2023-10-11,11.0,11,-0.042398409662764,-0.0680371113047885,False,False,False,0.4,1.0,0.1,0.0018828852219031,-0.6172566269720346
TJX,Falling Wedge,bullish,1,0.6087243800302521,5,39,1922,1923,2024-05-08,2024,2,95.60106846833354,93.59800110032006,101.45533486445066,89.54818981702894,1.2023492672532758,0.0214007494226993,True,0.0015635099175455,-0.0224034859188173,-0.0096613887866546,-0.0041534416341446,0.0092285075604385,0.0121657021158627,0.0108843884472424,0.0045553882777658,0.0014263557465714,0.0067457097284855,0.0863347976524335,0.0006135784577432,0.0408561857447098,-0.0099514037497951,0.0002927541104331,-0.0229751052304255,-0.0022374665876806,-0.0243861108966132,0.0271323245267671,-0.0154105907304602,0.0483901352812978,0.0008186250854012,-0.0064699373384234,0.0284128527943925,0.0043494199447167,0.0617335298420325,0.0177929316526959,0.0353719522039612,0.0244255168487084,-0.0405108976387804,-0.0394256187152844,-0.0246790820275212,0.0148785062020828,0.0237371677344686,0.0221391422302368,-0.0868227585020059,-0.0125352514628369,0.0200982539067857,0.015861784067148,0.0114762270203199,-0.0016415832092642,-0.056521629195525,0.0035735513750816,0.0559044189660538,-0.0009449107217406,0.0262172902655617,0.087501853033844,0.054102566152911,0.0130837449550011,0.0207810063708959,0.0556337281145586,0.0419823107258283,0.0518628535338894,0.0283205782441038,0.0849999248791886,0.0064071239026941,0.0257451820912695,-0.0028288230689721,-0.0110214772631257,0.0034471689415462,-0.0301252393691804,0.182730256339771,-0.0539785898113291,-0.0684990003264708,0.1000874893395991,-0.0386650834326226,-0.0327302991415072,-0.0621458029153654,0.0717475004283554,0.1412005387875381,0.0644844351014339,0.048874516289971,0.1651126299297749,0.0284832274704618,-0.0178037093172251,-0.39938969817928,0.0607946150784632,0.0501679127348027,0.066241966684311,0.1745248491338702,0.0304546040123614,-0.1482996937631918,0.0961279760737088,0.1315657899856408,0.052938676361242,-0.0612952499124042,0.233063510215433,0.0232455095908103,-0.0378235313866801,0.1443542686242696,0.0912588591531289,0.1045706873485647,0.1074354185948489,0.1042094074383177,-0.0452370690257747,0.1384256947530571,-0.2113360352643001,0.0307068726124577,0.0952947317806494,0.0022622475577098,0.1793656563837253,0.0563459613846595,0.1889493671515454,-0.1515760660586234,0.0078739879401015,0.2320474729553314,0.0676926597308549,-0.1587852943307168,-0.0176337612892548,-0.1063136336525425,0.1162423358262774,0.1022236859449243,-0.0762098423302188,-0.0161616786423226,0.0857265539234719,target,1932,10,101.45533486445066,0.0612364117881827,0.0676699150141018,0.0080982946844639,0.967187140759106,1.0687999134288124,0.12790701238316,0.967187140759106,1881,0.5119921971044172,5,0.0980078591252139,0.0216259997806185,-0.0108612879254973,0.0,-0.7975754106441281,-0.2855832135397043,0.8029120918197467,0.0973202814599715,93.59800110032006,89.54818981702894,101.45533486445066,1.4259207624216816,0.0679170511323838,0.0175704031663159,0.0149456048700995,0.0919087972410892,0.944956183330066,-0.0012253690802791,1.0,0.0059713489853734,2024-05-08,55.0,7,0.1769096140255543,0.031074536705141,False,False,False,0.0,0.0,0.0,0.0512430829288555,0.9644113958719972
TJX,Falling Wedge,bullish,1,0.6535442212682189,3,27,2208,2209,2025-07-01,2025,1,123.48603650769284,121.2602468562983,132.93788859206154,118.30242702583472,1.1500206350041686,0.0183554768285458,True,0.0004784648793976,-0.0105706507022154,0.0088872536731745,0.0089686651751608,0.0130097159620643,0.0161619779174544,-0.0273266930800513,-0.0167303336663997,0.0292634764678949,0.0099583480378702,0.0316618529828047,-0.0435485351880259,0.0451748288372455,-0.0363855116388612,0.0259963473003235,-0.0547411979638667,-0.019242116442424,-0.0074684003723014,-0.0275810539085974,0.0142057474115133,-0.1390220035458663,-0.0205166194640564,0.0099421774546448,-0.0322195042913476,-0.0435278671069373,-0.0141416634552223,0.029063252682731,0.0175278424784763,-0.0236535388243619,-0.0025405550151552,-0.0403936528831057,0.0267633153812789,0.0177718894059815,0.0120483065719239,0.0229418833565819,-0.0748732736424182,-0.0195982167128367,-0.0042441715348801,-0.0021728982973168,0.0977162223484207,-0.0199542692032206,0.0212025245441866,-0.0523476892111858,-0.0643049895445111,-0.3247935337432224,-0.0123203435264548,0.0033496040242646,-0.0245486821524678,0.0676666943250106,0.0364789465212087,-0.0004809525378889,0.0343887136072251,0.0051905235815061,0.0518161256582148,-0.0903809680837921,0.0583627204144354,0.034725529906795,0.0065141200108906,0.0218906210896121,0.0423978677986327,-0.0641809533196532,0.0505249917724082,0.1205283629456657,0.0303303509986199,-0.1018342394790893,0.0888564761579082,0.0930792699532347,-0.0295370540174347,-0.0194672533409108,0.0979049256790178,0.0502897525893284,-0.1175509803057204,0.1469848114187262,0.003580724368682,0.0109732332937633,0.0300272348674157,-0.2251945158982282,0.0318681987978579,-0.0953296675015238,0.0557690196588656,0.0014058709835069,0.0803783315716712,0.0304546040123614,0.021419809700435,0.0148550513154375,-0.0071489221084062,0.0074649867052511,0.026752678864957,-0.0449954892730917,0.0296607779237987,0.0716577238294431,0.0942532515677577,0.1317470627356232,0.0626744569958774,0.0816666926398055,0.0223758579858939,0.0179666306143357,0.1186350453500288,0.142171682167612,0.0739651988892389,0.075855095760571,0.0135405001010819,0.0550970595565771,-0.205250345291751,0.1200842318573605,0.0114580624385725,-0.0573365284610626,-0.0317828881649956,0.072337598021287,0.0734113179035746,0.1183222721893371,-0.0033143420967676,-0.0190691581038584,0.0646201459483801,0.0945093562703621,stop,2218,10,118.30242702583472,-0.0419772925624282,0.0064597864490845,0.0442619487437378,-1.0,0.15388763912007,1.0544260013413655,1.8234112962114173,2180,0.6254806123389705,6,0.1648469574001353,0.0365109867057378,-0.2529023116954962,0.0,-1.1861752690689442,-0.5606946567299762,0.4803431276046231,0.0685992000315749,121.2602468562983,118.30242702583472,132.93788859206154,1.816983667271916,0.0289773327053635,-0.0149732104949904,0.0147411203650551,0.0074892530939254,0.8032135405017028,0.0014576547794553,1.0,0.0451585853723228,2025-07-01,49.0,8,0.0798374219442479,0.0718137947324406,False,False,False,0.1428571428571428,0.0,0.0,-0.0236139141327843,-0.6191692974780438
TSCO,Falling Wedge,bullish,1,0.7116849623465846,3,18,671,672,2019-05-20,2019,2,17.954975193740378,17.654627470195223,19.36127171159766,17.32820356307022,0.7597657412301736,0.0170124078829874,True,-0.0106769215710251,0.0091947045666337,-0.0796768793253011,0.0216896429411426,-0.064423296705612,0.0235115184070815,-0.0095535230764115,-0.0202510546838878,-0.0047010608854071,0.0265958552337266,-0.0013289262195713,0.0284693849731481,0.0332877089101379,-0.0455625422830813,0.004143330243685,-0.0135366465739428,0.0445060390236724,0.1369063530910086,0.0648839574981752,-0.0022545998084841,-0.007296490694381,0.0075162389735285,-0.0178231720229864,0.0282245459329071,0.0467670937337797,0.0871337330563932,0.0109664052375408,0.012774000253104,0.0240111441544588,0.0373862109020477,0.0302061023088515,0.107988902179636,0.0063449984707215,-0.0025575358617005,-0.0363956585318295,-1.7540246588509945e-08,0.020023461822038,-0.0080824904307448,-0.0142279545943589,0.0280448457755291,-0.0514422280928583,-0.0189876503233757,0.0261601650794995,-0.0714391545641965,-0.0606593607646387,0.0218621500061135,0.037407239238719,0.0144211688629329,-0.0105614494753003,0.1029142931382536,-0.0373392850004283,0.0189041598736856,-0.056318065188015,-0.0917922062987677,0.0257494750675979,0.040882832274302,-0.0750099288666399,0.0856913399560965,-0.0400252201385089,0.0522267840460441,0.0751478800336118,-0.0663990559868401,0.1532635639751789,-0.1542902179519588,-0.1844941834443815,-0.0517954866421358,0.0346543274560409,-0.0216976972409754,0.047421646259376,0.0970427994847789,0.0503078756920556,0.1680447706500574,-0.1097086169304158,0.4372133730861782,-0.0057865445327422,0.1833290585062139,0.1379774483630993,0.0309802414917936,0.0652586535148944,-0.026600047144327,0.045422674685468,-0.0863695739413102,-0.127227058307272,0.0970427994847789,-0.0301562552768425,-0.0931777642309572,0.1177155326113597,0.1264668318502186,0.0625973750532167,0.1070355788193258,0.0813505297549026,0.0379723491093968,-0.0142311492916453,-0.0123100420996681,-0.0366738219624626,-0.0080398173541926,0.1062906444071651,0.1529751562151213,-0.0421799523053731,0.1384708946899433,-0.2626196078866972,-0.014638719823509,0.0517928710919264,0.3041964327159936,0.2642888797685701,0.1995724955906881,-0.1642049266325111,-0.0648293168243483,0.0246411510487001,0.1698508638453275,0.0798249627805465,0.4715861331798026,-0.1235397957863173,-0.1506420229911805,-0.069037274480005,target,684,13,19.36127171159766,0.0783235010175651,0.0828251437885805,0.0303250782472227,2.243714375447458,2.3726718462861425,0.8687151763632673,2.243714375447458,651,0.7279922268980217,5,0.0523312990662461,0.0965687538746808,-0.1811640999003243,0.0,-1.1316785399328255,-0.4036863130348027,0.2973276493194514,0.0793252474256676,17.654627470195223,17.32820356307022,19.36127171159766,0.4423057451664495,0.1114710206063263,0.0216515267881496,0.024721733377365,0.0823837516293048,0.9243244357840252,-0.0072507267501504,1.0,-0.0217730147749867,2019-05-20,35.0,14,0.0526318516838544,0.0518854558480963,False,False,False,0.1538461538461538,1.0,0.0769230769230769,0.0493827980935935,0.6151928734154753
TSCO,Falling Wedge,bullish,1,0.6759442848823958,13,181,860,861,2020-02-19,2020,11,17.553800062013146,16.732210518342136,21.192989492961303,15.530671230363014,1.2733880131861703,0.049102271500252,True,-0.0661656418633273,0.0115272426219775,-0.0047010608854071,-0.1080040959937801,0.0824935339069532,-0.0144474406323146,-0.0070504638105352,0.050953743877713,-0.0071796493204564,0.0005615806766092,-0.0687069172551115,-0.0382443868641679,-0.0354899067267096,0.0477700061606687,0.0043744016700781,0.0105496855772986,0.0264019268026942,-0.0313915196099294,0.0630061095748757,-0.0270165153476344,0.0066089882299151,0.0173722277278867,-0.0645586542512596,-0.0165599957748685,0.0571058631455831,0.0326866396049652,-0.0016526840598508,0.0240111441544588,0.007741957890446,-0.028681839444972,-0.0252856537140763,-0.0108206299438755,-0.0685263516081168,0.1004840585720641,0.0277126437376735,0.0523494760863743,0.0167740536508473,0.0119992838342088,0.0730168015744809,-0.0132987766266011,0.0602923200609826,-0.0588415526813794,-0.0597035130565157,0.0591233643459871,0.0133076577867818,-0.0271944157830627,-0.2598935243057538,0.0295006710559604,-0.0244359800826391,0.0234202582252103,-0.0019810220879673,0.0154548305267296,0.0322914420421456,-0.0422710540686466,-0.0796123001577373,0.0591096040627101,-0.0397349144293928,-0.0119202484082168,-0.0335328562433612,-0.0339149472036754,-0.03955304497507,-0.0424120759429847,-0.0117535986732736,-0.0874086253608116,-0.1017779617403309,0.0625696862591405,0.1532619981140723,-0.314064151913435,-0.2339802762028771,-0.069125575548506,0.0996396558630335,0.0615792956156668,-0.0804715545085378,-0.0982043652482013,0.0128695223686832,-0.0490067757891321,-0.078127884931717,0.1142821070263908,-0.0412004995662385,-0.0742658624973119,0.1329079555019965,0.2977960372829524,-0.0519371562403488,0.0550219622736518,0.0838062695526726,-0.1196804109043788,-0.0455376498861366,0.180350038978091,0.0667731032955718,-0.0997148898348552,0.0954310753862492,-0.0872590914422594,0.0904093194257293,0.2416921705914853,0.0187641388319048,0.0932417759440196,0.0036080549808013,0.086315822351175,0.149908365848461,0.2790954996276793,-0.0488064503820129,0.0544008763361956,0.185969106660695,-0.0374086871702012,0.0960194464687453,0.2237990096964643,0.1345051010332667,0.0264024564982749,0.0479068737624861,-0.1134004293414298,0.0489105892543249,0.0510444720358973,0.1023594891812516,0.0586881025105288,0.0173431387193029,stop,867,7,15.530671230363014,-0.1152530406238494,0.0223285854300493,0.1158734599622844,-1.0,0.1937353262802238,1.005383106034138,1.7987927283799876,668,0.684388134116895,7,0.1689883193623676,0.154682854734397,0.1559533984895198,0.0388888888888888,-1.130703268427067,-0.4463151343101725,0.445013767690747,0.2224842574628512,16.732210518342136,15.530671230363014,21.192989492961303,0.5298735909159316,-0.0019395544281759,0.0487882134500829,0.0300877631965481,-0.0184695495656771,0.4037293938550305,0.0060309389140029,1.0,0.0212500889294191,2020-02-19,39.0,4,0.0260131127386111,-0.011692922679456,False,False,False,0.0,0.0,0.0,0.1076565488508524,1.799725378999325
TSCO,Falling Wedge,bullish,1,0.706333249070481,3,33,1016,1017,2020-09-30,2020,2,25.89963800527067,25.0310723569834,29.48938416972871,24.30569856319985,0.7749827317558993,0.0346994981237769,True,0.0144737815462434,0.0053825849819433,-0.0383232720224943,0.0570356065291643,-0.0212718001617816,0.0538872980472413,0.0889849277683791,-0.0328745215573577,-0.0268852676593917,-0.0401250884461047,0.0118911914722432,0.0662796686215698,0.0064375281160189,0.0048155766180488,0.0220851051421377,0.0719317562756987,0.0609492734856553,0.0238342453730335,0.018607404901112,0.0167707860403618,0.0429778580333015,-0.0090882347067879,-0.0044222205472589,0.0569200988776408,0.0265963838350391,0.076296582719566,0.065000267147965,0.0728453831743749,0.0696619400013438,-0.0026333347695118,0.0164420825049997,-0.0209641311500978,0.0034717054785902,0.0245306270536875,0.0379885521773253,0.0663583243953647,-0.0219496945615513,0.028450359448565,0.008351932653561,0.0108240551201879,0.0057653452772199,-0.0354430567308936,-0.0262811266809419,0.0357388931009825,0.198872971368357,0.0262537149911861,-0.0775868283770456,-0.0449236643208978,0.0878079581062878,0.0120487286157693,-0.0478758145669474,0.0319770695468126,0.011408152352264,-0.0210182287660961,-0.0236922402804508,0.1297394063504666,-0.0380292552062577,-0.033917147487209,0.0904423991055622,-0.0047138428795062,0.096034914515684,0.0404134739981947,0.0329229246133508,-0.0270468967153972,0.0398164872217814,-0.0380292552062577,-0.0132895030203122,0.0380520110634072,-0.0957393954451029,-0.065414165469477,-0.1393576321207714,0.064182262717831,0.1293864148911845,0.0694963368637895,0.0667731032955718,-0.0617226568413168,0.2603627352560904,-0.0279606918052222,0.0804102715981345,0.0968995193422543,0.0463966273635148,-0.0950992772958295,-0.1300491394603211,-0.0343265457378847,0.0504695324071624,0.0031492043380072,-0.0613839632659861,-0.08104194361946,-0.0112566039502001,0.1082490474884201,-0.1008850248260695,-0.0840166259074606,0.0251827732600511,-0.0721932687600035,0.090892107920232,0.1523553689897188,-0.077259635047264,-0.0734402064620727,-0.0161822278487081,0.1220268135215971,0.0830412984821595,0.0708566373585355,0.0227753895575537,0.2375927782246709,0.1680222090090621,-0.0430723657282814,-0.0796467566647946,-0.0295174218197434,0.1892561830279011,-0.1413240678129006,0.0194487614138036,0.0881086247382627,0.0941799741074453,-0.0330033639128615,-0.0170727317926646,stop,1034,18,24.30569856319985,-0.0615429235631186,0.0929648836307673,0.0665923884671686,-1.0,1.510569830752714,1.08204785557305,2.252122050379974,981,0.7850998294801373,7,0.1578602238245078,0.1092343333420664,-0.0710851621168789,0.0,-1.134575880574641,-0.3494760510945059,0.2351256913901875,0.1460867239879699,25.0310723569834,24.30569856319985,29.48938416972871,0.588938344287028,0.2700304435394327,-0.0122976449435523,0.0227979460471535,0.7164352376231347,0.6026662190755232,0.0046106415794628,1.0,-0.0464248970347376,2020-09-30,39.0,4,0.607499609222282,0.1512048856047168,False,False,False,0.0,0.0,0.0,-0.0290241346791154,-0.7066811560860488
TSCO,Falling Wedge,bullish,1,0.8225723563773484,3,28,1054,1055,2020-11-23,2020,0,24.42778290220135,23.49934742252492,28.30681519263851,22.390049357300995,1.373801343428795,0.0395089898873741,True,0.0335974122442677,0.017467855288902,0.0100808386753394,-0.0117340438442452,0.0267197832713117,0.0265974558717643,0.0345139742276086,-0.0092476505264583,0.0585522295043157,0.0514825823336488,-0.0323357453031543,-0.0084015484217527,0.0266075855778087,-0.0210297269246972,0.0071621241939743,-0.0423366420587961,-0.0496545606826657,0.007871967487592,0.0167707860403618,-0.032236052100649,-0.0532523381637393,0.0170673346710017,0.0324374945528392,0.0105825338222631,-0.0170681882005827,-0.0610608907413909,0.0385608752604478,0.0781224278793433,-0.0613116033142334,0.0681969843532508,-0.0021996072265205,0.0470985671369159,-0.0629502293609568,-0.0115995383517453,0.0570195206826971,-0.0369383077679789,0.0215280309975769,-0.0116698982853629,0.0377465590783638,0.0268163599543544,0.073252792728337,-0.0188990199083034,0.0932252683363439,-0.0507880906036679,0.1337110212087404,-0.0073105272805474,0.1083401733587878,0.0844776408314664,-0.0706408693546889,0.0150072966225309,-0.0607158353020609,-0.1039154031306386,-0.0140050086943748,0.047434254845587,-0.0205877416267458,-0.0149260505741175,0.0466193719398615,-0.0474490661532507,0.015081679645253,0.0933843717420666,-0.042924286060888,0.1267234375316377,0.0591096040627101,0.0860725621219042,-0.1532976775162989,0.0154548305267296,0.0624747309585083,-0.0236442953218624,0.1075773780456947,0.1516318595897321,0.0841653802125546,-0.1201173066326659,-0.0495529564512139,-0.0031734688245896,0.134855996339462,0.2599928362677557,-0.0997072820393725,-0.0349718086077036,0.0597455815666392,0.0478573343368269,-0.07926602948839,0.0191611649856808,-0.0971735306820911,-0.0284898435626529,0.2649671940981055,-0.0171173464988636,0.1193201952036409,0.0056889136708593,0.0820951474909468,0.1813120419314604,-0.3453427405754735,0.136627654963314,0.2243062518520531,0.1452696767027703,0.2413361772075095,-0.0963629958553615,-0.1730228554950882,0.14939614548125,-0.2561069994574815,0.0291258679826229,0.0904093194257293,0.0100502831370332,-0.1275598523072433,0.2088597046859628,0.0491038648974346,-0.0279750023497767,0.0100502831370332,0.1588629108111177,-0.0832021424421751,-0.2151696990129046,-0.0047379269122937,0.0766093822882498,-0.0909795304274976,-0.1306319855351934,0.2334035043891067,target,1089,35,28.30681519263851,0.1587959212658465,0.1624362798991216,0.0219788077598144,1.90360133205092,1.9472409387121263,0.263475833604251,1.90360133205092,1026,0.615191052394175,5,0.0005057121041013,0.1022495774913991,-0.174236832974105,0.0,-1.0485689461788632,-0.4333778937846904,0.3932953897932439,0.1435610906919209,23.49934742252492,22.390049357300995,28.30681519263851,0.744766891923223,0.1019420740290133,-0.0376186174506494,0.0307731765804538,0.1242721178702994,0.7782513390079421,0.0042406250143236,1.0,0.0532425340424402,2020-11-23,39.0,4,0.0746095044503076,0.082960774703658,False,False,False,0.0,0.0,0.0,-0.0043681269663831,-0.3658397188294696
TSCO,Falling Wedge,bullish,1,0.7339865264902189,3,27,1426,1427,2022-05-17,2022,1,35.771947830577815,36.82558357402098,45.602251520293294,34.53026425378101,0.6674995401312159,-0.0286115151800735,True,-0.1205532250113725,-0.0967367062710743,0.0189465771309966,-0.0510232759826789,-0.1540211740176353,-0.0112631322759272,0.008772414022347,0.0374492033383824,0.0360805048431449,-0.0001625377772412,0.0063210470161692,0.0052492986195094,0.0068303886331526,-0.0328745215573577,-0.0322120220237974,0.0437221321382805,-0.0302634985632155,-0.0026838915237507,-0.0315085606523733,0.0436737667505124,-0.0240488610796695,0.0152316952478994,-0.1131640026257099,-0.0167398710859562,-0.0318328321309627,0.0294014424378092,-0.0092202905218244,0.0428666383907743,0.0347133404501105,-0.0451811764700477,0.0052042291159488,0.0310267754429509,-0.0209138161719248,-0.0037000207668158,0.0414030225022581,0.0206954264690568,0.0547277398722299,0.0039153313081614,0.1167779719202912,-0.0606593607646387,0.0033046896042279,0.0189024788428371,0.0317510805009328,-0.0108886364015776,0.0465217717032613,-0.0332723029591572,0.0114697560930532,0.0716925844429574,-0.0556187832498202,0.0857867156034224,0.0606101521998323,-0.0624943376344687,0.074726450770177,0.0065330978601236,0.0322828128549976,0.1123506847078403,-0.0485749911892819,0.1142579337327838,-0.0815009096393261,0.1171349367362353,-0.0501856051506632,0.0973135132564178,-0.0637476298051094,0.0885584323613299,-0.017983455446016,-0.0206874200808339,0.1171349367362353,0.0593333403154801,-0.0167917376539145,0.0479307096192596,0.0893344068169442,-0.0387311619976431,0.1751784720077127,0.0646123392256046,0.0830327897126845,0.2382803697837967,-0.0888792993788409,-0.1354666102335346,-0.0158448518471107,0.0087857106476196,-0.0368307370152919,-0.1783888983782734,0.0931300812953082,0.098396406139162,0.066581189300015,0.0149456190805263,-0.0513795728559638,-0.1652796741510427,-0.0208524016594583,-0.051456005724858,0.0276706760550609,0.0435554876189859,0.0155954192666516,-0.0474650871725594,-0.1486684482500786,-0.0379583182113402,-0.0783928686179166,0.035199651482735,0.0044445112923972,0.2194824263869017,-0.0172740171334645,-0.0226802989784834,0.0857073454965902,0.0527165252248393,-0.0119492846706209,-0.077259635047264,-0.0030068953337453,0.3070712461153508,-0.0639795707019964,-0.0883582306549799,-0.0655324913729574,0.0129815037962079,0.058835181853198,0.0374722692377649,0.0056528891709947,stop,1427,1,34.53026425378101,-0.0347110977204158,0.0017442278046644,0.1001436284752699,-1.0,0.0502498601085324,2.885060832183626,7.916915286159234,1398,0.5249924330440006,5,0.000890573125595,0.0829083114671789,-0.1812526605556659,0.0,-1.5330590844309255,-1.0080666513869172,0.7636938508946295,0.1284200364088643,36.82558357402098,34.53026425378101,45.602251520293294,1.2850418548370364,-0.0281476024188311,-0.0558057614806856,0.0337257736855758,-0.0623801091062868,0.8748081733443137,0.0028697921887734,0.0,-0.0825094641007874,2022-05-17,34.0,9,-0.2445882392277421,-0.1405317344172121,True,False,True,1.0,1.0,0.125,-0.018414353837069,-0.6137320934163559
TSCO,Falling Wedge,bullish,1,0.624135194123484,5,64,1785,1786,2023-10-20,2023,4,36.80031089579034,38.43890560552802,44.90381956332817,37.15098922801919,1.038831634686557,-0.0426285474033378,True,-0.0366741377937704,-0.0153925109520972,0.0084929704715539,0.0420892404700734,0.0766204599986637,-0.0409564192581154,0.0025570704469539,-0.0410934577397872,0.0507925290708703,0.0135920500042829,-0.0825709876246313,0.0254760935933342,0.0587481480402547,0.0093922707330582,0.0065686343835478,-0.0081714178041796,0.0198511176348685,-0.0097016245856776,0.0300766121789164,-0.0053849154969497,-0.0302634985632155,-0.0285593654761322,-0.0415519133176549,0.0221581557166139,-0.0137803455919012,-0.0101066234674566,-0.0115213920958121,0.0270188236590891,-0.0209138161719248,0.0472607773503976,-0.0070215827767777,0.0270188236590891,0.0093532265564413,0.025102596829631,-0.0017575217705657,-0.0039706406304091,0.0585685592955513,0.0513113628605395,-0.0364273330585324,-0.0263316751976119,-0.0317795513574105,0.0546371469411735,0.0245306270536875,-0.0156894120920473,0.0905513258453625,0.0096664696449932,0.0392387330633809,-0.0350685128465464,0.0804926580510358,-0.0464514984898831,0.0308537557120089,0.0913406713742197,0.0494603552354677,-0.0323688285141343,0.0025176658354109,-0.0940008275588382,-0.011125672428955,0.0583055116656414,-0.0838105535509812,-0.1094004508441941,0.0540211308649405,0.2047706083566807,-0.0557379612231516,0.0107626579240411,-0.0606835983642293,0.0291827117557494,-0.0127391115257305,-0.035047516849226,0.0357216476920873,0.1124113683148508,-0.0169317379488027,-0.0215004957346151,-0.0196827468795433,-0.0274986662211278,0.2316008987709175,0.270376350447175,-0.1709781396061266,0.2863745184606401,0.2594105788759924,-0.1873716670333622,-0.0446361993359201,0.0713038274728838,-0.0392855658051941,0.1435278038726775,-0.1181727284484077,0.1880542720418589,-0.0560645614183222,0.0965601017136312,-0.2655198447037306,0.0965887791361723,0.1117715957944209,0.0721684627448498,0.1871733091198033,0.0470146319039328,0.1341353467091939,0.0309510791372955,-0.2259130981588729,-0.0958135778862137,0.0955576622933866,0.1847746427977448,-0.0728041467870744,-0.0208200965083743,0.2433662913758154,-0.1731074949104488,0.0576033924471932,-0.0323950194234415,0.4074059005869044,-0.0550210377335921,-0.0614562804836888,0.0369597817615723,-0.094782432551731,-0.0299772119994851,0.0053641967366373,0.0994605688626415,0.1654988858065302,stop,1786,1,37.15098922801919,0.0095292220009195,0.0234920074012483,0.0070783999912341,1.0,2.465259745127286,0.742809852740455,23.108096288793927,1717,0.7494488837739317,7,0.1180498721806539,-0.1097700178466217,-0.1281781346782387,0.0,-1.1792513507588174,-0.4298024669848882,0.3134651626179945,0.1362820291958697,38.43890560552802,37.15098922801919,44.90381956332817,0.9532278646878132,-0.1175391954048867,-0.0742105545971762,0.0258615907319072,-0.2068279166640328,0.0880906629813335,0.0023743544999219,1.0,-0.0214441408460993,2023-10-20,34.0,7,-0.0067959693051924,-0.0304120254913158,False,False,True,0.1666666666666666,1.0,0.1666666666666666,-0.0300967033070383,-0.5598775218626433
TSCO,Falling Wedge,bullish,1,0.7123393635898174,3,56,2166,2167,2025-04-30,2025,0,48.36208317076083,48.90239438768083,63.20775496359829,44.97069316458576,1.6440660747302762,-0.0110487681367215,True,0.0204246366057261,0.019032512276498,0.0080079735408771,-0.0015192654738778,0.0003405036250874,0.1238052226727421,-0.0463188779631065,0.0803749906925637,-0.0283277281270404,0.0889373669627082,-0.0171155627663058,-0.0208140148452583,0.010494771081418,-0.0117590673115882,0.0223338482942321,0.0361638567166591,0.1955772517044451,-0.0110797158709401,0.0152658944177506,-0.0070504638105352,0.0195488443767892,0.0072453397946872,-0.0027809217798392,0.0288345932452045,-0.0197406721965838,0.0308821767723828,0.0087990168468217,0.0533288399578595,-0.0595659788039126,0.071348225289201,-0.0273069838358787,0.041345836428748,0.1459912138329659,0.0179171377484534,0.0361620377888338,-0.0545428520981222,-0.0058757285807757,-0.0080011218875979,0.0062880033836001,-0.1199097334721742,0.0415149255298288,0.0179037653603872,-0.008320595331965,-0.1202267729819034,-0.0850714405094378,0.0297015946733388,-0.0149260505741175,-0.0678912237217808,0.1119795023108458,-0.0990847876541176,0.0386541714316777,-0.0140050086943748,0.2140630292815015,-0.0651774762621643,0.1168509040135064,0.0532949240945239,-0.048157681359,-0.029003849180452,0.0076873368499101,-0.1007835408084635,0.1588992927775319,0.0606101521998323,0.06128933920638,-0.0685056917261809,0.0872585171448478,0.0902620838551473,0.1196058551258281,0.140016294022415,-0.0567137189055773,0.0401913475783073,-0.0603813225859535,0.1615887189056344,-0.0830228390115688,0.0690132481083105,0.083705346312124,0.132972555362439,-0.0431752510522995,-0.0616446760615206,0.0071783525692865,-0.070663577412571,0.1188288814295883,-0.0139054709299168,0.0233815832599033,-0.0670578276404277,0.093118993674903,0.0110821418428554,-0.0794031955229301,0.0927705981769131,0.4680897034692894,-0.0214214545869665,0.1383412392731071,-0.0077975059300003,0.1689328600390152,0.0289306562862776,0.1144931868000702,0.1087174081866231,0.0887615200109785,0.108798211484318,-0.0366548019244895,-0.0530685147694881,0.2019594389763515,-0.0304857748282588,0.1233864375585778,-0.0651435345698513,0.0801497398282884,-0.2252941738786624,0.1470025617475763,0.0904093194257293,-0.0715280982209268,-0.1328652209793384,0.0930370955332919,0.0041354355987202,0.0751913356600091,-0.1682129830558839,0.1462934306098334,time,2226,60,56.53202819824219,0.1689328600390152,0.2872142247776297,0.0497265286829181,2.409025506534321,4.095747820577921,0.709112933510355,4.377459320752346,2110,0.626356067535605,7,0.1288050288635761,-0.0156007121233021,0.0420273366893766,0.0,-1.0996002661146234,-0.4732441985790139,0.4824976985133763,0.2365442855785238,48.90239438768083,44.97069316458576,63.20775496359829,1.7113073748818397,-0.0693080852737145,-0.0451615316998644,0.0349099643219684,-0.064701371928863,0.8300642513606988,-0.0054140807469247,0.0,-0.0114623448818855,2025-04-30,47.0,10,0.0602372799918584,0.0228807306304101,False,False,False,0.2222222222222222,0.0,0.0,-0.0934517302099434,-1.847342568276167
TSCO,Falling Wedge,bullish,1,0.8587477119670485,8,100,2348,2349,2026-01-21,2026,0,52.49971047597928,50.31206513506703,61.38365114248825,47.89865680774963,1.603736318063931,0.0434815254559581,True,0.0300766121789164,0.022002493063953,0.0127340624116996,-0.0208613170365964,0.029030414516614,-0.0239329827526684,-0.0169351877173257,0.045802892247911,0.01988682677452,-0.1205532250113725,-0.0083482376735036,0.0105496855772986,-0.0492839724092875,-0.023242679713883,0.03290307764003,0.0241145386879455,0.0782430759593522,-0.0410950701842153,0.0223869144982968,-0.0145325404439266,0.008139265412234,0.0517243542196075,0.0292401174287799,0.0326919830473277,0.0379975018663629,-0.0696895293192935,0.0077765106068796,-0.0394477752492314,0.0155378128618648,-0.0721764699307859,0.0176565144524065,-0.0171997976180043,-0.0328909231006114,-0.0443756545768091,0.0331602713114866,0.0571957622746757,-0.0327506275220093,-0.0076915200160747,0.0430982672997579,0.019723866374899,-0.0257700246515287,-0.1401160902926685,-0.0564544096560949,0.0012928518121404,-0.0304706348461359,0.0513715630365846,-0.0293293056684933,-0.0215449461752132,0.08139150142263,-0.0889021879277162,0.3557444002466914,-0.1041780632666335,0.0856860735542723,-0.0277576785586882,0.0051987936548649,0.1037181992683196,-0.0733388471395628,-0.0130661172681081,0.0134525309987167,-0.1055745461109571,-0.0205877416267458,0.1616808421203501,0.0268894390229035,-0.0721128957853971,0.015081679645253,0.0380022430357491,-0.0917922062987677,0.0547166985718974,-0.0465419115464469,-0.133446919122163,-0.0898866331157406,0.1507698423754415,0.3910386143342137,0.1597123589188409,0.0723836224269518,-0.1552087132926221,0.1398367556359738,0.0110864733670621,-0.0053740517076759,-0.1002446136664655,0.0482919182931937,-0.0893787285636156,0.1553187808597451,-0.0251176053860869,0.1896198271215887,0.014268342142478,-0.1200112097634856,-0.170099101028874,0.1377681523220277,0.1990285839930148,0.3124162176705665,-0.1992521924247766,-0.1554016765437395,-0.1876252131513119,-0.0802177296376129,0.1344556795674678,0.2483200944030255,0.0499591420312228,0.1192372644792603,0.169218562612498,0.0419774402873518,0.032722024176566,-0.2086692077483444,0.2372222798464034,0.1253075025356567,-0.1299024813110938,-0.0361868126234938,0.1268972130827288,-0.1638912245465652,-0.0094138366373091,0.1902618988086741,0.0016226142714419,0.1582422577781015,0.0459867630359063,-0.2080591487643338,stop,2383,35,47.89865680774963,-0.0876396007999855,0.0513730048710842,0.0983569774683714,-1.0,0.5861848342774818,1.122289199979875,1.9308491721913028,2248,0.6401675874698687,6,0.0202337801402742,0.2333513710826402,0.2048123939588499,0.0,-1.2837399241243377,-0.6435723366544654,0.4371236813724181,0.1302588342104166,50.31206513506703,47.89865680774963,61.38365114248825,1.3254178973170383,-0.0169745421011724,0.0117526254262143,0.0254171290336824,-0.0911800460129887,0.7989411688720599,0.0139297437300611,1.0,0.0070673563507306,2026-01-21,9.0,16,-0.0769290949633679,-0.0089639412147627,False,False,False,0.3333333333333333,0.0,0.0,-0.0084548894910965,-0.1973521525344573
TDG,Falling Wedge,bullish,1,0.7581285558591992,3,28,1028,1029,2020-10-16,2020,1,409.1956819431054,405.178359741506,452.3975213094029,385.1939598993338,0.6348507528396583,0.0099149475903952,True,0.0195805214663833,0.0278123091682153,0.0563955791631063,-0.1133200439178037,0.007983700141215,0.0405674738234667,0.0409735189725255,-0.0151879120608244,0.0076875249840491,0.0405034224750744,0.2188771843464509,0.0034621992539227,-0.0152882440611997,-0.0387994967633597,-0.0250860189354623,-0.0423819826578948,-0.0205628699383799,0.0095723276555435,0.0098397960452283,0.0376935007364207,-0.0154372004882726,0.0049483808345744,0.0099584794859643,-0.0303047600691953,0.033111094569136,0.0322276528069294,0.015366678033255,0.0191763223284808,-0.0542253454468592,-0.0743622310907644,-0.1426367117232724,0.0271843288374709,0.1324528173745756,0.0472751581649051,0.0853438047867163,-0.0030681590344152,-0.0100083262981679,0.0070187812247666,0.0480826099099056,-0.0452415972435503,0.0656253267343767,-0.0232609837786104,0.0296891006347697,-0.0717630310064868,0.0008346622104768,-0.0345903029404204,0.1512198418015566,0.1241155101713646,0.0861119866089692,-0.0109907062469853,0.0271001634599243,-0.0936837479907832,-0.0246264465197396,-0.005301521913397,-0.129209560344898,-0.0825966282731229,-0.120965660382516,-0.0498243951067445,0.0231055928060883,-0.1146117430331761,-0.0966974056796331,0.021563063995156,-0.0687095477989814,0.0124965769695917,-0.0039160752071817,0.0600384726222336,-0.0762087944548323,0.1375254086324309,0.1766898901944365,0.2102047079771933,0.1642847904982831,0.0784288218740942,-0.2579261830431194,0.1001016990409526,-0.5302711865122056,0.0601806611438375,0.0014714113526668,0.0529560707410048,-0.0856825054425277,0.0341506023274211,-0.0439407637408625,0.0679541681872133,0.0057066415390709,0.2184568819146639,0.2306362654956328,0.0236701374222201,0.2191339973257295,-0.1279568384920687,0.1331427188766942,-0.0408181609364601,0.1273165905458251,0.1968691564962042,0.24105791722918,0.1470985767117072,-0.0214819334769037,-0.0852190832791679,0.0844181242654629,0.3436892366182649,-0.0423611971729031,0.3387083032588844,0.0078647425618669,0.1422560249058813,-0.0272230967439248,0.0656483012593605,-0.002335483233358,0.1201856265741745,0.0720948714944764,-0.1707256964917453,0.2481906204400272,0.0178799614766986,-0.0938264682967326,0.0819254996543035,0.0084919140788846,-0.001892271749827,0.1867435174219938,stop,1036,8,385.1939598993338,-0.0586558536732282,0.023480372627033,0.0783416430584593,-1.0,0.4003074059384123,1.335615086175382,1.7999474907471598,999,0.5578053250990379,7,0.1095692633298053,0.161489764863294,-0.2037431003398978,0.0,-0.8760465504106636,-0.318241225311627,0.664687278499116,0.1196430399388772,405.178359741506,385.1939598993338,452.3975213094029,12.445743577853184,0.0584538028811489,-0.001097259428441,0.0304361564279154,0.5549620458202822,0.4026087036452601,0.0094235375734184,1.0,0.0503253906094809,2020-10-16,30.0,19,0.3308163881709227,0.1395447313532709,False,False,False,0.0555555555555555,1.0,0.0555555555555555,-0.0918968515118753,-0.8574113666485821
TDG,Falling Wedge,bullish,1,0.656540519261653,3,32,1532,1533,2022-10-18,2022,0,458.3355573770123,449.8733056605397,558.8752461516424,418.68021699493374,1.211223295288265,0.0188102997221577,True,0.0351362012983513,-0.00803576056592,0.1582976022237339,-0.028529916821625,-0.1179171238818576,0.0109434772818386,0.0054171690728086,0.0928070463792998,0.0151625383988842,-0.0030954952487224,-0.0003045699460126,0.0324131723622724,-0.0153703428504931,0.0563955791631063,-0.0029619569552032,0.0748417255510931,0.0284776819864855,0.0210876276196791,-0.0069521763413028,0.0021220541086863,-0.0333638012471564,0.0453209410469512,0.018396639703228,0.0733309511516575,0.0312432375579083,-0.0743622310907644,-0.0849798986763052,0.035923631837426,-0.0144111810449693,0.0518385774755583,0.0016886913001759,-0.0041515003551136,-0.0403183897950509,-0.028022698266968,0.0334377541065507,-0.0063332302288562,-0.0117305478522264,-0.0214784749190306,0.0036547889526326,0.0421647747021924,0.0180592935624079,-0.0027179226683314,0.0596289532011129,0.0013157130677279,0.0220582252333982,0.0742677347245792,0.152573819469802,0.0726259601637973,-0.0049193426445593,0.0184262673350419,0.1542476037428279,-0.0541597751403035,-0.0668353953363947,0.0511223022874693,0.0878236333707636,0.0441732991066432,0.0316589489748646,0.0162646239128005,0.0144962955481993,-0.0362551452865574,0.0151313957737904,-0.0481480670261693,0.0336325644206683,-0.023440913126186,-0.0269738605079622,0.0720359052529879,0.0423941256929532,-0.0225338574840626,0.1376667890264613,0.1712235869271168,0.0888093625858097,-0.0483968584717185,0.117187117705187,0.0145290665310195,0.2678750331416404,0.0865094069072645,0.0263507815887618,0.0704262874253585,0.1045698250371078,0.0902655211154699,-0.0863043828034049,0.0759697730009918,-0.1242777341000589,-0.488050818214227,0.1531752257133538,0.0055531731987592,0.107772864065528,-0.1451555220053575,0.248536953025984,-0.0126437573213566,0.0566121416613321,0.145198382067035,0.2754196811067804,0.1904853919841231,0.1208498236419362,0.2513293431627215,0.1772792983731426,0.1210115338259165,0.1861517907553596,-0.0181198879480216,0.351544132394908,0.1144475108514695,-0.1213778203978102,-0.0834701241470978,0.0384797088774078,0.1115632250665765,-0.1546681362389513,0.0598073658663467,-0.0683998667468649,0.0777357030984542,0.2200684986695107,0.0285798244348161,0.1502906201960376,-0.4571639918142293,0.2201227535106989,target,1588,56,558.8752461516424,0.2193582565358971,0.2273964762665949,0.0275456916172307,2.535337934460573,2.6282435024141217,0.3183725016372432,2.535337934460573,1500,0.3974258935180609,5,0.0114599415126236,0.0714700745094936,0.1376551497383347,0.0333333333333333,-1.778048194257103,-1.380622300739047,1.2802993332361368,0.1073539478444848,449.8733056605397,418.68021699493374,558.8752461516424,15.47588680667412,-0.0871939908060457,-0.0820116926634793,0.0335147631689954,-0.1369535966781028,0.3483348532627198,0.0294515756723292,0.0,-0.0337420409122736,2022-10-18,22.0,9,-0.1419464845885366,-0.0572483357920706,True,False,False,0.75,1.0,0.125,-0.0334744371849467,-0.6905853699507412
TDG,Falling Wedge,bullish,1,0.7207219548129472,5,61,1795,1796,2023-11-03,2023,1,754.3988329474709,730.7709680146568,803.1040649094648,685.7175059790396,1.4110787172011665,0.032332790938597,True,0.1245693965583107,0.1127661714368237,0.0397373621194785,0.0195131689796999,-0.0006499986059608,0.0062039615186446,-0.0952973796075603,0.0522339171557006,0.0424487199410508,0.0453209410469512,0.004339990444885,-0.0223557612472088,-0.0037546579904672,-0.0059384884187168,0.0006053484299655,-0.100519048966355,-0.0100816199723537,0.0326751302995795,0.0434210350332973,-0.013523976643008,-0.0127260856212839,-0.0285019749898305,0.1249118674129853,0.1249532940456317,0.0897730583098326,-0.0952335632424302,-0.008343077712125,0.0038843165867072,0.0608905736785996,-0.029555894311997,-0.0712057198450452,-0.023027040708027,0.0245589738979448,-0.0345183829723615,0.0340026878625037,0.0867232186858892,0.035923631837426,-0.0123704423985937,0.0393864758356807,-0.0076425478100279,-0.0081030785874138,0.0337465742711973,-0.0035065543145966,-0.033962460695555,-0.0305299969352288,0.1268974093895044,0.1364069504176075,0.0876779907608296,0.0643827846872548,0.0606816666217371,-0.0010261941022733,0.0266477072305046,-0.0094547953148225,0.0277905147633397,0.0467049000026988,0.005892134807409,0.0455007956201569,-0.0129709889645854,-0.0348425483344638,-0.0938363815152277,0.0525474715072367,0.014697888662283,0.1459633350607432,-0.0845518001848505,0.0916968296769069,0.0253829168313619,0.0290704007732531,-0.0098058041324456,0.1168834087327966,0.1425506856114278,0.0616710333546579,0.0392461635458396,0.2483680625662609,0.0527442699556752,-0.5760639420332843,-0.0620300722944565,0.2938213723058889,-0.1128450052376364,-0.0751517259849549,0.0114353210140203,-0.0503585657060573,0.1513266852564017,0.1278240683807194,0.0785540644892059,0.0219296844333973,0.0919768840782042,-0.4698293889147581,-0.0147292805441833,0.2099806207603023,-0.090543977901712,-0.024086595669397,0.149972253486454,0.3082694008467666,0.1803309945143745,0.1531946261539338,0.1555976079766192,0.1116223898648682,0.0886603698831838,0.0561751985257688,0.116282827638839,0.1256893421712406,-0.0308779701829381,-0.5032362168083802,0.0690526226407874,0.1826560185270809,0.8479555244858981,0.0151436079092877,0.1078336298733013,0.1317868874684127,-0.0612815974918311,-0.1406311982829419,0.0526384965958988,0.1171884705944186,-0.0140738750500546,0.2292005627220969,target,1799,4,803.1040649094648,0.0645616480763899,0.1218500091382195,0.0086226266459095,0.7091480918005688,1.3384060667721709,0.0947113249807454,0.7091480918005688,1733,0.4673277620774828,6,0.1067083466816601,0.101341980357517,-0.1060642736113681,0.0,-0.749924138512858,-0.2825963764353754,0.999509349400196,0.1186245575535491,730.7709680146568,685.7175059790396,803.1040649094648,15.48139314114165,0.0908496153032094,0.0305776746832115,0.0205326624565099,0.1497543171110216,0.442935154432709,0.0067032727015374,1.0,0.0119897917565963,2023-11-03,14.0,7,0.0651302122394472,0.0230469485976423,False,False,False,0.5,0.0,0.0,-0.0134212198970519,-1.0990336919196266
TDG,Falling Wedge,bullish,1,0.6941620922688366,3,36,1974,1975,2024-07-24,2024,1,1108.137662504024,1125.5678764836675,1231.7767468359934,1084.2780706430335,0.7140357017850892,-0.0154857066764345,True,0.0350280945144618,0.0175531831710258,0.0109505702293624,0.0048435736864083,0.0251866340412747,0.0420747584753293,0.0416545879075886,-0.0478562749764962,0.0086501550928412,0.0280182295485929,0.0095205669253601,-0.0536565572630837,0.0312371718322275,0.06952570507167,0.0592717970614762,0.0287046405199387,-0.0155346956069256,0.1581283757802611,0.0120582142634708,0.033784387194564,-0.039510527286429,0.0123524220957638,0.014057907784802,-0.0386990531730807,0.0032147126344022,0.034985986490037,0.0554845196650206,-0.0103080520272254,0.0860742407068086,0.0371876132856059,-0.0313038972100274,0.0445139728562593,0.0269440542412704,0.0245166343512988,-0.0048269309697124,0.0014315995767302,-0.0532304121033794,-0.0457704638121426,-0.0499412087833179,-0.0093857225347591,0.1049574404460664,-0.0767603531571894,-0.0039895734444199,-0.0307514603023126,-0.1407647934619379,-0.0366522128637144,0.0506149114340834,0.0150186428287546,0.070126121208069,-0.0053906323400972,0.0842645055850512,0.1036709392618853,-0.0421481382749964,-0.022828807105014,0.02780602074242,-0.0396017304518565,-0.1199798694164199,0.1846661714813264,0.1572154850656819,0.0429217590420765,0.0189296836558412,0.1858684423241148,0.0705203713804445,0.0581614407003987,0.0604210268800977,-0.0342857337193744,-0.1508207310570657,-0.0551656342263586,0.0208973768972722,0.1115063299842629,0.0567725877592699,0.0911259204429253,-0.0437356983710417,0.0697922713523575,0.0859299646877174,0.0393771317085529,0.0172077995677508,-0.0689913333781439,0.0506756957593466,0.1302353717311768,0.1015621251843699,-0.0954018651970203,0.1144359467923594,0.1144359467923594,-0.0455789046643355,-0.0684785923342038,-0.0448921836692534,0.0421507504316815,0.0367486381210315,0.1938969628792417,0.1323598441548568,0.0688635403846764,0.1837535039249231,0.1047172222871049,-0.0436039138366898,-0.0835788632254748,0.0492202399315064,0.0743830281424655,0.3054279733399316,-0.0034020722052242,0.1570449694285403,0.0491418049004093,0.0909392557360029,0.0622258687091394,0.2148583968855029,0.1180191461477135,0.1285882133173654,-0.1640207025479847,0.3331480310526638,0.0947521994968261,0.1426838057671808,0.0803037502904875,0.0559407066443204,-0.0754995729592069,0.1044248906741493,stop,1981,7,1084.2780706430335,-0.0215312525404792,0.041609866697929,0.0385311194549415,-1.0,1.9325334937993717,1.7895437983694629,5.181944647348055,1937,0.4472150103368735,7,0.0734816857094634,0.070384407448673,0.318175643149728,0.0,-1.2790124687513045,-0.8317974584144358,1.1118352975966306,0.0669487527401161,1125.5678764836675,1084.2780706430335,1231.7767468359934,24.323988244423425,0.1081907480485209,-0.0399661397018069,0.022037395900875,0.1619909654614144,0.1276639596184602,-0.0094784174104095,1.0,-0.006607522584991,2024-07-24,9.0,3,0.1282325750609934,0.0944108967114132,False,False,False,0.5,0.0,0.0,-0.0654839815035142,-1.9477129596949017
TT,Falling Wedge,bullish,1,0.6514069328914823,3,39,742,743,2019-08-29,2019,0,85.28818920519575,82.40145033961252,91.71993727809812,79.42901390573738,1.1798386987001075,0.035032622043492,True,0.007607592310141,-0.0054099054976777,0.0098445276195271,-0.0424325195158789,0.0071899759972342,0.017235509623841,-0.1361408989081634,-0.0647078439162966,-0.0269906203993037,-0.0554446983510484,0.0157386835616784,0.053444375936787,0.0337757589037928,-0.0095792673052841,-0.0156123372167433,0.0341609953501018,-0.0147774367457003,0.0124846286784303,-0.030831899025736,0.0602944144240105,0.0530889512803556,-0.005894792340488,0.0128653169275852,0.0301463166659818,0.0067963179296353,0.0906252360818917,0.0262293448808335,0.0755921597212978,0.0023602173809293,0.0121342219123159,-0.0603228242403642,-0.0061110079244981,0.0789177659511377,0.0022040528625388,-0.0063285638331826,-0.0010941563843676,-0.01218314520057,-0.024953719144021,-0.0215511009469187,-0.0471067050832607,-0.0362277533851952,-0.0079225613579162,-0.0072431567575612,0.0111374230356726,0.0385303543104227,0.0248120125720226,0.0238489134590882,0.0152020100101433,0.1780769418027712,-0.0130768718384896,0.0180086867722812,-0.1220393780035195,0.0489714220243073,0.0382756833660202,0.0394460799053744,0.0363992699671813,0.0412839562349029,0.0486315866777147,0.2529921061318976,0.0732299715620976,-0.0294069152947672,0.0757338359551245,-0.0516372293806056,0.0291207849840899,-0.0719293007811744,0.046741271167769,0.1005876679523021,0.0176892952088449,-0.0140060297616179,0.0031331781079535,-0.0266839676761732,-0.0996479320243585,-0.0354100851878219,0.1063319290353719,0.1047348402268981,0.1227515510168466,0.0278942071041079,0.1258985021069578,0.0446414287506082,-0.0022567785529972,0.0642976801690884,-0.059676405044257,0.0826554066902058,0.0900357898466339,-0.1232255620393454,-0.2480982811058301,-0.0398278314316959,0.0417716160658785,0.1681862479567377,0.1005690382829065,0.2523081021796773,-0.0330634950943271,0.0780408599228414,0.0162640947082226,-0.0339473282381218,-0.0290691412766611,0.1206955382298899,0.1459761594956461,0.1535936751369653,-0.0580627400436584,0.0855301307952209,0.0248737330038859,-0.0567843780979597,0.1562953375687985,-0.01983136737669,-0.036873576229777,0.1035982702375324,0.2081382540969085,0.1379799654900699,0.0277607152411991,-0.0818059003035719,-0.1038076100184307,0.1737885783605439,0.0032985293704415,0.0319735176507299,target,788,46,91.71993727809812,0.0754119431170963,0.089310310396506,0.0663884450813355,1.097722417265263,1.30003187509616,0.9663732480677116,1.097722417265263,703,0.4093200777698598,7,0.1239774463821089,0.0340328093948321,-0.116574860252628,0.027027027027027,-1.610610204474601,-1.201290126704743,1.2551469454081494,0.0608175290795613,82.40145033961252,79.42901390573738,91.71993727809812,1.6911096969452208,0.0886636744559374,-0.0169889022728479,0.0199997717399732,0.1437994324029805,0.758429604583452,0.0114041356122542,1.0,-0.0076651561197783,2019-08-29,22.0,16,0.0088552270741728,0.0316161245535258,False,True,False,0.2,4.0,0.2666666666666666,0.0018099911142331,-0.417199121572427
TT,Falling Wedge,bullish,1,0.6471246266140435,3,19,840,841,2020-01-21,2020,2,94.4465387681838,92.7548758770278,98.8015959770334,92.18400085422496,0.8086208039323527,0.018237994231147,True,-0.017356618402457,-0.0012534772718252,-0.0343925309666293,-0.0872148504704292,0.0158835537688846,-0.0136854221789919,0.0296913062151928,0.0024613711971179,0.0019371358660951,0.0013090077777324,-0.0439919064986122,-0.0274270826695066,0.0341712635903106,0.003108669036651,0.0866646379401494,-0.0118192697532708,-0.0189212172087338,0.023672716023652,0.0281389671885861,-0.0315057179505066,0.003108669036651,-0.0098307554416549,-0.0149245456275914,0.0408747186238731,0.0504462376695337,-0.0287010229872221,0.0816588751757292,-0.1005495941882588,-0.0202679116124336,0.0142524379152038,0.0114626365428986,-0.0417077286655881,0.0892778605709583,0.0520856752192619,-0.0648362981525095,-0.0366905860778834,-0.0114812917000916,-0.0265428096684497,0.0001085971476528,0.0845010345362087,0.0307690973662295,0.1058405493644154,0.0992871972428144,0.0010128328167569,0.0682709811324915,0.0254871920249639,0.0957248458032402,0.0773645783672896,0.0791444629933482,0.1031861890879315,0.1344077895381712,0.0421874446935386,0.0370950207271938,-0.0124474879523572,-0.0364856421186007,0.1391498409252327,-0.0074185960733916,0.1187780737841652,0.0596874300221259,-0.0423883469153029,0.1101655691662621,0.2121256687736092,0.0074299997705358,-0.1684748990714973,-0.0208201456306938,-0.0550029881023652,0.1001870627667993,-0.0713379500271979,0.0592664209853649,-0.1920314846135944,0.0855993989838591,-0.0813187169313994,0.0201795454064297,0.0722834159359928,0.0778638830690636,0.0911762689220418,0.017115716919632,0.0544340100616904,0.1293215039456146,-0.1139607838616302,0.3400757033220885,0.051204036179056,0.2202415486935183,0.0479510619237075,0.1551974339504689,-0.0609257275146285,0.0742986499131268,0.1850209789401624,0.080353536072238,0.1206045333164411,0.1197737228607229,-0.2720760006698113,-0.1651673575740053,-0.0101623201664766,0.1190880843934023,-0.1235778625048039,0.1319799852568555,0.1165144700021092,0.0093022123635886,0.2100213142488534,-0.1948397557680666,0.0272904514711633,0.0419718219660365,-0.2273615911540565,0.4389976699511844,-0.136282421922447,-0.2143529022337644,0.1051069043309349,-0.1239078453024428,-0.0139548528428132,0.1994289747473219,0.1063631912469482,-0.1941902003849227,0.1190880843934023,-0.1850016441869295,stop,843,3,92.18400085422496,-0.0239557525714326,0.0010519268823626,0.0252460502911082,-1.0,0.043911243415374,1.0538617067373726,1.9248549082783823,819,0.8373565974435802,5,0.0393584534990769,0.026417182518595,0.0219246170526545,0.0,-1.165247520883145,-0.3278909234395708,0.1313798971010914,0.0520282011728681,92.7548758770278,92.18400085422496,98.8015959770334,1.1009634847472771,0.077450700801638,0.0077690132905627,0.0117221780353901,0.0719536620109417,0.2215541710341845,-0.0061230622504253,1.0,0.0374843100686896,2020-01-21,22.0,14,0.1541684632104625,0.1185242085812647,False,False,False,0.0,0.0,0.0,-0.0113899327724484,-0.5869822468430809
TT,Falling Wedge,bullish,1,0.6373223041209123,3,19,923,924,2020-05-19,2020,1,74.93090866209697,72.9216235388518,88.71621268068657,67.72959526334245,0.8917954483947738,0.0275540371392668,True,0.1156913893741855,0.0896285663698206,-0.0036298019234703,0.0202570384173799,-0.0058458831419888,0.0292190501314248,-0.0128988203417078,0.0188605119812061,-0.0199841863411937,0.0047858320066165,0.0246273046157143,0.0347150089698458,0.0097741440812533,-0.0010688025160856,0.0053453020509652,0.0012346268171636,-0.0136129365282881,-0.0030748104247979,-0.0140165015455946,0.0145209870580773,-0.0166848920926546,-0.0320304156382887,0.1136667515924067,0.1572816236127987,0.1019778510100208,0.0462786338385301,0.0453505288533553,-0.0006402074428187,0.0411988225615309,0.0294718625917167,-0.0494610662182511,0.0316560027337067,0.0957810583102563,0.0460624454861897,0.0353539203649746,0.0129000488478803,0.0628550985566234,0.0569466292998448,0.0368589624437487,0.0038246241287716,0.0410501711301825,0.070309532718056,-0.0034503516441107,0.0064325414083195,0.2467958548137918,0.1145028679736838,0.1332226965909315,0.0796767451612725,0.0314832761969952,0.0557896431814324,-0.0620777605264061,-0.0421000231347145,0.077368729143586,-0.0548524840795213,-0.0052493207860599,-0.0585119106482091,0.023817998566822,0.0016439012605728,-0.0316049202358721,0.0295834630242273,0.1420271513628177,-0.0770501586087123,0.0875906180614971,0.0292693668266579,0.0337016602679312,0.1175485567190621,0.1969575018056548,0.0601000269887916,0.1054509308216039,0.2577107496019042,0.1685297360828141,0.1945102904534548,0.1431720900255173,0.1347489529062195,0.0695884637576365,0.047238075096808,0.138573351865981,0.0531406725266827,0.1291370365200377,0.0576991433424149,-0.1060220088617851,0.0484756774733798,0.0727453995081064,0.0570720493851424,0.103023707313075,0.091657005865378,-0.0525925472394728,-0.1429746461202105,0.1850209789401624,0.0702610171833204,0.1291370365200377,0.1865301622788098,0.4604198684155156,0.316777902717698,0.1562953375687985,0.0996046527351994,-0.2152281291385085,0.2003828957235911,0.0610626056298049,-0.0238276819291839,0.213996136724619,0.0589824879202858,-0.0027397867312628,0.2392358799785834,0.1195668976065609,-0.0797610395225869,0.1636199240924318,0.1321044176278558,0.0419718219660365,0.1018543534530065,0.1723758680266693,0.0185501082491972,0.006006637560171,-0.0491335869087035,0.3896738783838873,target,935,12,88.71621268068657,0.1839735332819039,0.278808185501502,0.0251506235191866,1.9142763625554453,2.9010472847454776,0.2616965780210173,1.9142763625554453,903,0.5801741487314253,5,0.0696775834400393,0.129665822103713,0.4254042053804352,0.0,-0.95692631810663,-0.3767521693752063,0.5421866762964879,0.1995626608907217,72.9216235388518,67.72959526334245,88.71621268068657,3.306802542752528,-0.1569270839157912,-0.0582013536420861,0.0447350640614386,-0.1872914765533982,0.0260250039706874,0.0024571792500254,0.0,0.0693306038615086,2020-05-19,22.0,14,-0.1340154043938105,-0.0532685781859083,True,False,False,0.7692307692307693,1.0,0.0769230769230769,-0.0631698038869624,-0.9441251445161798
TT,Falling Wedge,bullish,1,0.6650603049167341,3,23,1072,1073,2020-12-18,2020,0,129.84464460348923,130.9271200364464,141.5009327352658,126.74205317864543,1.562092524053566,-0.0082677708992289,True,0.0349531017328539,0.015225410079205,0.0501302784397172,0.0008496307952061,-0.0219549538860621,0.0045465566267652,-0.0156123372167433,0.0412916983321398,0.0034286922561084,-0.0069818580452511,-0.0441191652630721,0.00027653423211,0.0466612212255406,0.050288031082176,0.0036341014187288,-0.0281782056724794,0.0100135180725431,0.0179601676588856,-0.0030914870333544,0.0027386994453655,-0.0019851275847568,0.0601827425470256,0.0264491648613242,0.0467956325794673,0.0293695696409952,-0.0162726121943811,0.0148293769631981,-0.0147878606230724,0.0447992471634797,0.0185838275897278,0.0186315504575154,0.0201909274128997,-0.0133333863955245,-0.0183786155232488,-0.0279756654356566,0.0992871972428144,0.020954049372811,-0.0046010457499467,-0.0104245094271316,0.0569544963899519,-0.0194357564198142,0.0332110644413068,0.0610579360909138,0.0072849888271768,0.0009044225280965,0.0332216509439115,0.1141894973676331,0.0623494970085092,0.0338697631450897,-0.044027201226468,-0.0150307112566758,0.1022570946815644,-0.0380568629662622,0.0438364160634092,0.037061366556286,-0.0129096199836485,-0.0864889672683977,0.0007697800349635,0.006239008509475,0.093083925550212,0.0325877387322359,0.0352097230511192,-0.0042132259233952,-0.0127573947928223,-0.0145241902157479,-0.0841269451227875,0.0292693668266579,-0.0289502925885025,0.1105345587773179,0.0729923581124212,0.0024385557047714,0.103083240203645,0.071710580353985,-0.0660945265312081,0.0733851026974268,-0.027295616244177,-0.0686720626439336,-0.0297133449317773,-0.0309558132302826,0.1653250760058719,0.1561027375556858,-0.035836192573749,0.187179089556039,-0.0350707399337997,0.2480564414730452,0.0396366147407811,0.0888450823708497,0.2317100625466044,0.0572814536011396,0.1744643305632995,0.0765462571106065,0.0040079694779185,0.2069903819383685,0.1343542264492312,0.1723758680266693,0.085122900593358,0.1207398336410774,0.0037648142480186,-0.0114227374236459,0.0327767473168691,0.0468549168627339,0.2055779630262644,0.1648871667776248,0.1181795337681559,0.1602137577612403,-0.0196871148535042,0.0873693103061739,0.3503376134367684,0.1527311628400725,-0.0380686625716015,0.2004366536820063,-0.0170653826851738,0.0496087236609594,0.1172812327075087,0.1078896668822897,target,1083,11,141.5009327352658,0.0897710349731537,0.0928015180099002,0.0009330717082033,3.756952345848591,3.883779226672274,0.0390494099129849,3.756952345848591,1049,0.3784453538776138,6,0.1630893729392945,0.1956077521946706,-0.0919928220249094,0.0,-1.130992317060718,-0.752546963183103,1.1828434358025848,0.0545653519609729,130.9271200364464,126.74205317864543,141.5009327352658,2.677294805750848,0.2993019079871397,0.0201887035003947,0.0203663371880149,0.576797756906509,0.4054885140353004,0.0067388284474432,1.0,0.036261651652973,2020-12-18,22.0,14,0.3599932878631866,0.2495314746426009,False,False,False,0.0,2.0,0.1538461538461538,-0.0384279778100933,-0.7175279406789569
TT,Falling Wedge,bullish,1,0.6958879536917204,3,39,1279,1280,2021-10-15,2021,1,162.586911175078,163.38074538414753,199.20117984230023,158.07238526255094,0.7709621056982359,-0.0048587990414845,True,0.0487435730038694,0.0281340610026203,0.0265144612636016,-0.0555321047871555,-0.016581608933348,-0.0830420174676017,0.0293706394204449,0.0477345165291909,-0.0079747269405778,0.0210890849453528,0.0636639057191366,0.0017604019403696,0.005090297790123,0.0127360424471083,-0.0164821599085407,0.004311616559812,-0.0480552263279548,0.0143205204790757,0.0332977662710469,-0.0047694098698716,0.0274697045729017,0.0044090437020161,0.0457770356336129,0.0474122162539554,0.0129953698125413,-0.0645541514763877,0.0169961428721596,-0.015277575851192,0.0339438527914108,-0.0045684055471491,0.0092076078858203,-0.0092356574181594,0.0595636982768523,-0.0456424437782462,0.0035384599012429,0.0555479637559082,-0.001300472519367,-0.0104923786369569,0.0668097555375699,-0.0585267042472255,0.0800349272647489,0.0142616993043311,0.0666664291688667,0.0302834805043725,0.0239317808758861,0.0348528158207311,0.1167650538591842,0.0642841613553595,0.1332226965909315,-0.0741840699387349,0.03871014401014,0.0214927044307502,0.109644432842298,-0.0360315624365715,0.1693132276140814,0.0554634442819352,-0.0512274748095299,0.0173437200948383,0.071869685373664,0.1267079461134646,0.1333428585073315,0.1220735235555301,-0.0558775086288725,-0.0150307112566758,0.181792538491929,-0.0316834714384797,-0.0917779197645203,0.0262094411741307,0.0741963716188022,0.1745138025497696,0.1236093097086128,-0.0054587446680403,0.1243505326070419,0.1467788165854822,-0.0893026730988197,-0.0070163370898169,0.0636397217132336,0.1174451648465324,0.0668062700671467,0.1599771660670887,-0.0739768353393968,0.0711240824244958,0.0001910692511426,-0.0524809220387563,0.0217919146009097,0.0812676972929751,0.2263246799108469,-0.0099284229851944,-0.0252463715743794,-0.0543029097704934,0.0573020469396119,0.1335495052626891,0.1236398512651799,0.0618556128844292,0.0026985902960645,0.4604198684155156,0.0207665794821296,0.0234020887033765,0.140787490257602,0.0267499537693496,0.1227727136950442,0.155905756444731,0.0741760369559036,0.1214008449672783,0.1231304110984532,-0.0669522441206341,-0.1168578274846848,-0.0774531109197667,0.2229452687143878,0.0564876758409977,-0.0594866331279207,0.1620876001571694,0.2151515293296262,0.1165144700021092,0.0374074981413433,time,1339,60,182.6891326904297,0.1236398512651799,0.186070585559017,0.0020840604313042,4.452786827421091,6.701178009108902,0.0750557101217929,8.110324179472244,1239,0.7024972242884105,7,0.0951727349898181,0.0613439876368131,0.4460692215406208,0.0,-1.661479839279282,-0.9589826149908696,0.3504935192860592,0.1123795534769411,163.38074538414753,158.07238526255094,199.20117984230023,3.224367505382984,-0.0019597049442631,-0.0677739990703567,0.0196880493640165,0.0162432988687268,0.032469494825391,0.0075395466265946,1.0,0.0101270394512038,2021-10-15,16.0,8,0.0002074513093082,0.0272354746773351,False,True,False,0.0,2.0,0.2857142857142857,-0.0558276741546123,-1.718242745115115
TT,Falling Wedge,bullish,1,0.6742423252977947,13,131,1461,1462,2022-07-08,2022,8,124.23359493404666,124.76517159809896,191.4837073437775,114.08786706173476,0.7373123577597106,-0.0042606174242652,True,-0.0061367933432731,-0.0042708566987,0.0234576568553031,-0.0142346336282767,0.007607592310141,0.0292377928175924,0.0427567059566036,0.0462844514901878,0.0123127110457743,-0.0203861019928668,0.0269391373516056,0.0355306237680042,0.0105661364419225,0.0038130382117189,-0.0009557057881031,0.0588234925071806,-0.0343140981160801,0.1000835659945769,0.0287977265620582,0.0300470247136506,-0.0188820425900325,0.0085053279666211,-0.0249363134371522,0.0679656790629601,0.0440184489247641,-0.0110227452526735,0.0227750901312679,-0.1054166604871178,0.0280820899539973,-0.0117005442336832,-0.0285246376380572,-0.0581539309794499,0.0218243220789486,0.0992871972428144,0.039916912645334,-0.0114104055012788,0.0142524379152038,0.038658334333876,-0.011203803911678,0.049847275349895,0.0122929607925348,0.0999842574025053,0.0225845206663133,0.0629051979131269,-0.0021776931858925,0.0543256703011608,0.183952333836685,0.1123699103133391,0.0852948384796141,-0.0479108462896143,-0.1389161657613155,0.0276724700255137,-0.0568121060087403,0.0617490721418658,-0.0560564071310801,0.0404498998560822,-0.0865637861209592,0.0531227391755622,-0.046224489805712,-0.0314820721246397,0.1160007677330874,0.0210676906128601,0.0960383102910706,0.0568105800051721,0.0390035813787468,-0.0240815247490112,0.003594362124901,-0.0255884633968459,0.1795939113148572,0.1975212458735187,0.1809602199693123,-0.0152108524704507,0.0403165694654157,0.3405212758805338,0.0431935964395098,0.2066269636733442,0.2635402458673348,-0.0593540055191603,0.1261981506438689,0.111216204050579,0.0097766359097968,-0.0950807045134727,0.313017481921878,0.0120139655311957,-0.0639401785294472,0.3317736669345821,0.1416703762674711,0.1470359884175041,0.2122738766289817,0.046624718461036,-0.034318065441279,0.0936264503925576,0.163313094382786,0.2092739794433687,0.1473237940069367,0.128827784398833,0.029486903225032,0.151624887005968,0.0916136939901863,0.1258107980791387,0.0692063958420918,-0.0489188989375031,-0.01944559514619,0.0527677016483731,0.0681716766808029,0.1687174824537582,0.3227638898607043,-0.037045012493389,-0.1241915834270488,-0.0836616358976748,-0.2040000594705465,0.2785685793527135,0.0298124696185768,0.124909201864134,0.0996959707500412,time,1521,60,144.52256774902344,0.163313094382786,0.2845967345964078,0.039122272077902,1.9997552733841972,3.484863372089027,0.4790489714877523,6.628416734225549,1322,0.7097613611076496,6,0.0818111492395893,0.1730102547349525,-0.1267541904090058,0.0472440944881889,-1.575096781075462,-0.865335419967813,0.3551485242415463,0.2134355155086733,124.76517159809896,114.08786706173476,191.4837073437775,3.0979408012029688,-0.1911563168741706,-0.0155906626710805,0.0247994438260834,-0.3133419259860421,0.464287011807448,0.0052765528514862,0.0,-0.0507540410783338,2022-07-08,2.0,12,-0.2905080923829263,-0.1885638861476406,True,False,False,1.0,3.0,0.2727272727272727,0.0331043500498029,0.7853909138327034
TT,Falling Wedge,bullish,1,0.7824648809959983,3,31,1537,1538,2022-10-25,2022,0,147.94922373849548,141.81497119304356,158.88018362555067,132.14100443563933,1.3803516633383663,0.0432553241300719,True,0.0337710047476629,0.0261719672953228,0.0182637448025273,0.0085087460974753,0.0144217001395672,0.0380862962156129,0.0056386450137544,0.0080001372045641,-0.024254856658934,-0.0027950660923056,-0.0505826525549448,-0.0664268295620952,-0.0248962544835099,-0.0097160815175481,0.0175040714147804,0.004311616559812,0.021928771122947,0.0038130382117189,0.0377927402415287,-0.0097160815175481,0.0092283868728921,-0.0027879936292942,0.0339549008536128,0.0993077187095381,0.098312082227314,0.0051974207626201,0.0391300772119402,-0.0055025518676592,0.0381546411954598,-0.0590001455326238,0.0668371136696048,-0.0109966818086519,-0.0354125874171976,-0.0518049722723518,0.0227271834676088,0.0144332909842452,0.0372373169555941,-0.0338812982946873,-0.0027144210901247,0.0805820683715756,0.0384307323033692,0.0255475674191942,-0.0166160908742689,-0.0351432263334134,0.0441109511128068,0.0912418993113861,0.1564988265171636,0.1085978372536249,-0.0422259137337506,0.0292322801880602,0.0504216601658389,0.1278004474104517,0.0303837566358156,0.0051730662426148,0.045733946661334,-0.0121150935957226,0.0284211564512213,-0.0253016646256212,0.0703163195024398,0.0621668544231428,0.0623206568523533,0.0159759090961886,-0.046224489805712,0.0548295419457081,0.0404498998560822,0.0554634442819352,0.0558516675076847,-0.0090699285883227,0.1265186506735765,0.1102050987051406,0.0934775290271903,-0.0566497891031861,0.081461850597944,-0.0184703330244305,-0.0859968294673493,0.0501837116649626,-0.0824177402626082,0.0902556154643368,-0.0566497891031861,0.0284457650787806,-0.0047886342245543,0.1047348402268981,0.3054548257948608,-0.0617985043776774,0.0479725798276455,-0.0886583832794785,0.0901762533207843,0.0933701368389381,0.015544260883529,0.189933877974455,0.151547739997818,0.0705225259637165,0.1101401234598067,0.0555055068596237,0.0382228721669024,0.1172812327075087,-0.0692355695841577,-0.0014723451332386,0.0765913590771802,0.0867134571742997,-0.0008081876867661,0.1264830752914036,-0.0126695824026066,-0.0216900699034802,0.2412555005758243,0.2250788339110627,-0.1566629936225635,0.2487461819908034,0.0111378765751659,-0.0572932751826971,-0.0307284384774,0.214992955763279,0.1078013798172246,-0.0048625730749519,0.053196038960667,target,1543,6,158.88018362555067,0.0738831851282706,0.0930968836844679,0.0144918508573629,0.6914731936366956,0.8712943190952251,0.1356293231897105,0.6914731936366956,1506,0.4517275036127481,6,0.0482622542857521,0.1438766636303985,-0.1375326313167223,0.0,-0.7964586445332226,-0.3447311409204765,0.9994926127542604,0.1222571610193754,141.81497119304356,132.14100443563933,158.88018362555067,5.215192556864372,0.0394573042288952,0.0025066356103318,0.0353895352521121,0.0738451459503888,0.9101578332498882,-0.0021047510210969,0.0,0.0592768459845991,2022-10-25,2.0,12,-0.0444649836259144,-0.0528848169411598,False,False,False,0.3636363636363636,3.0,0.2727272727272727,-0.011735149402326,-0.5316953491311736
TT,Falling Wedge,bullish,1,0.6432171388069587,3,18,1586,1587,2023-01-05,2023,2,167.23240418850602,162.4640496993552,178.045919526872,158.9792495185255,1.0782470044786268,0.0293502131577712,True,0.0362515950300816,-0.0012539417040062,-0.066000795275788,-0.000875929577588,-0.0509462029058724,-0.1003158289303544,0.0338808423185361,0.0160460056008442,-0.0056706384428618,-0.0411830474813309,0.0013646573086201,0.0010128532260962,0.0543439431476966,0.0517153224148121,-0.0382827490743086,0.0192307369480171,-0.0983082888450856,-0.017880864846184,-0.008610790226311,0.0389777598083058,0.0266396445686769,0.0006983969339666,0.0454598436965873,-0.024014873772017,-0.0586978442028348,0.0218194535503197,0.0051441544612904,0.0317765497192523,0.0087388690494825,-0.0847049684003529,-0.0859231650576833,0.0030048830688857,-0.0351432263334134,0.0234029774299147,-0.0801835561033101,-0.0228152265630469,0.0016780549885035,-0.0439487772345752,0.0821373303499097,0.014496430159745,0.096764885541468,0.0442612609634758,-0.0435465996498682,0.0925287132080241,-0.0318499546109541,-0.0238967781988704,0.070320460095661,-0.0074087944365717,0.1167650538591842,0.0020070891762027,-0.0063566854216627,0.0317034182477691,-0.0988698696798884,0.0856572631059509,-0.0436304443110479,0.0522622747959831,0.0591052701250047,-0.0665317659234157,-0.0567658539750011,0.0556020593135653,-0.0369043841132175,0.0253707087180552,0.0471994138204332,-0.0270593438714539,0.0673046968477502,0.0440081143880024,0.0103267579042707,0.0713614499406483,0.0536926989483044,0.1078879473968745,0.0507540758816,-0.0732857817974383,-0.0176746246184044,0.0367631609152836,0.189933877974455,0.1877397341456834,-0.0366274938018951,-0.0458846498802525,-0.1064811801904753,0.0085537578275696,0.0937007834100667,0.1541148651861104,0.0639517944551995,0.0452745761089683,-0.0255214035127721,0.0625203611969755,-0.0699069995412229,0.0031331781079535,-0.0128212688204348,0.104730656498255,-0.129533299083241,0.0862539451678553,0.0596639144361981,-0.01850544589194,-0.0368839123715133,-0.1342544298572081,0.1737415763096876,0.1196137028329034,0.0234158929208525,0.0799784573239812,0.0900026415791941,-0.0549026618427948,-0.216064532804176,0.2503649924440805,0.3265053429931328,0.0275102394203261,-0.1112061055575909,0.0162659443281343,0.1125169942776682,-0.0439804132487527,0.111821602699103,-0.0481935112965467,-0.0420033835896265,0.0741650345104438,0.0237432408826331,target,1605,19,178.045919526872,0.0646616030597568,0.0800871908559316,0.0442378059325775,1.3102281213386675,1.6227944352305288,0.8963838602272303,1.3102281213386675,1566,0.7029638450387212,5,0.086451654425823,0.036952636983744,-0.416449740098705,0.0,-1.079751799403012,-0.3767879543642968,0.3435178083624098,0.0819413984930482,162.4640496993552,158.9792495185255,178.045919526872,3.5582936572649606,0.1425757444282307,0.0066773945319753,0.021538635823925,0.3256252311022631,0.6737585966203304,-0.0131374598340912,0.0,-0.0322674873235073,2023-01-05,40.0,10,0.1703775169421726,0.0802075406805857,False,False,False,0.0,3.0,0.3333333333333333,0.0129445763455246,0.2839936528691989
TT,Falling Wedge,bullish,1,0.6554089544339218,3,19,2087,2088,2025-01-03,2025,2,376.5838178508666,361.8986128591214,423.2617523803492,358.31083105394464,0.8067282146062323,0.0405782295647034,True,-0.0131154679083307,0.0118396240227686,-0.0151394427591097,0.0030160082366255,0.0034818373562721,0.0597862873220989,-0.0034091029356422,-0.0047266740156616,0.0061762991744314,0.0171168032378163,-0.0230181407034335,-0.0093949920404451,-0.0051949614116878,0.0041008405816993,0.0126233399616053,-0.0009067488298899,0.0222123646042542,-0.0595925318734598,0.02255875435865,0.0161914020464415,0.0308516443624389,-0.0034091029356422,-0.0167816620951988,0.0396869921533697,0.0283164968134435,0.0049514610497325,0.0005371745817392,0.0244461270127778,-0.0526665254998547,-0.0083313166119692,0.0404467368912822,-0.0170103552619118,0.2139929160076998,0.0205155665349818,0.0206367801647942,-0.0012543407187464,0.0381639311917487,-0.0561130629866597,-0.007364001486772,0.0163347776430773,-0.0626246209371702,0.1468148214721953,-0.0123045644334093,0.0110821494118176,-0.0417790866763402,0.0257632637859191,-0.0693735479534731,-0.0786143911629191,0.0516459264429856,0.1598079241304346,-0.0596538597680216,-0.0127449548593618,0.0288402257424278,0.130681637810877,-0.0010084679607346,-0.1134702333584284,0.0954762486517846,-0.0727250352758656,0.0567492834137961,0.0349249591873896,-0.0406993675552878,0.0845146419581976,0.0029967310816907,-0.0596689840318463,-0.0054671999033599,0.0012139001855588,-0.0205269288045651,-0.0726552478567694,-0.0787851079150182,-0.0872796919322098,-0.0651251628296506,0.1316646631566254,-0.0668140861020126,0.0846780423818283,-0.0484518389015939,0.0194339448599376,-0.066621844944673,-0.2507241282382316,-0.2378958766444338,0.0868432644216061,0.1642779137133738,-0.0997065100295422,-0.0412920044427458,-0.0537427321720875,-0.005082727582121,-0.0695915260448276,0.1676509196159448,0.1026329307136075,0.1652992062299703,0.1131411576479997,0.0608440697261438,-0.0951068338004482,-0.0866260398805605,-0.0362262120352852,0.091735778068241,-0.0250453099404641,0.2250788339110627,0.1724836958421127,-0.1653212330664896,0.1667417214638167,-0.1243320686758349,0.001565942004065,0.0111587529512759,0.1376303485873173,-0.0233290635990971,0.0625681955913111,0.0296601828010754,0.0561042127784174,0.0961720419875555,-0.0307284384774,0.1597866872946445,0.1334413280978208,0.2690620022751995,-0.2143529022337644,-0.1381300752636038,stop,2102,15,358.31083105394464,-0.0485230270944843,0.0618341088850447,0.0572528174665833,-1.0,1.2743250491079428,1.1799102590013668,2.5544775491954854,2066,0.8025442686836494,5,0.0908708773963998,0.0943526879692646,-0.037895397085786,0.0,-2.4769802486421053,-1.6744359799584132,0.1804562788872891,0.0578211878737171,361.8986128591214,358.31083105394464,423.2617523803492,7.401607573455672,0.0852723024590149,-0.038247898245226,0.0196999901365974,0.1541869383034748,0.8965479558507424,0.0036648609694713,1.0,-0.0225745662033242,2025-01-03,40.0,14,0.1945885835741974,0.1003554656347602,False,False,True,0.0,3.0,0.2307692307692307,-0.0287066362473192,-1.3059104655234242
TT,Falling Wedge,bullish,1,0.6484044767911585,3,41,2135,2136,2025-03-17,2025,2,344.4363867506148,333.9807159529082,415.8425915440321,329.2293556784905,1.152708703246157,0.0313062111022628,True,0.0263474684228834,0.0068591395224295,0.0208163060839727,0.0099437580478514,0.0113906016571243,0.0029286138948712,-0.0025165339923177,0.0154549719302223,0.0014097317751553,-0.0202008443037839,0.0096106714685453,0.0057908420128138,-0.0576482434087141,0.0402207758106651,0.0589671579044124,0.01517603935083,-0.0132105806073535,0.0680088544179775,-0.0097157302714366,-0.0068004751107902,-0.0244414628497321,-0.0030748104247979,0.0202419862536077,-0.0330061401587516,-0.026406989517414,-0.0069677767061696,0.0276213063708674,0.0343300188797897,0.0222245436709023,0.0306473619015112,-0.0631851333899097,0.0068830210698394,0.0350554381663965,0.0414199890023176,0.0496415115452222,0.0159339878940592,0.034702803683817,-0.0526137624692553,0.0009044225280965,-0.0686447600038289,0.0826402871194611,0.1107352158697265,0.114225318280591,-0.2600427946212711,0.0432346802408372,-0.0429434241104017,-0.0026692547447516,0.0399266651157658,-0.0101762315635303,-0.0665317659234157,-0.033606917974428,0.0178558826674164,-0.0072565302000399,-0.1087089628234307,0.0347991833298113,-0.0157961219830347,0.0109397580405337,-0.0967460786225813,0.2073255604656869,0.0351984108477991,0.0859867153186788,-0.2382422415593984,0.0582669797464421,0.0740944787168635,0.0409105712482436,0.103644082121058,0.0015211385105069,0.1403856799143932,-0.0143624342586303,0.2108086888223472,0.1686603642411615,0.1746632926047269,0.1032392142080373,0.0323896252266255,0.0791573495192292,0.1303310895088452,0.1322647886854016,0.0397923843232321,0.0717268199457905,0.1986121009434722,0.0196213473498112,0.1206703521615122,0.0563756881227619,0.1500453286188567,0.0838040659731855,-0.1162562960043264,0.2006690688067671,-0.0216247630087904,0.1494658436469513,0.0486346722519306,0.2317100625466044,0.116544087050816,0.2165914424688906,0.1486575752399366,0.2112812868834837,0.0490204622630352,-0.0163034895007918,-0.2089576204951387,-0.0029683207986888,-0.0149279459581038,0.1850620682423214,0.1187895360165463,0.2151515293296262,0.1430272197357518,0.0136053476000326,0.0837248238382455,0.1207398336410774,0.0256911385313667,-0.0631362652210182,-0.2023586377398091,0.2019307068706193,0.0593895810719686,0.0504524937530153,0.195271495737948,0.1583671802788162,stop,2144,9,329.2293556784905,-0.0441504778736829,0.0519487436362006,0.0499971908355744,-1.0,1.1766292492876056,1.1324269462862722,4.6956045828242186,2092,0.8896944480993115,5,0.0217113651300756,-0.081226581870505,0.0636231194423995,0.0,-1.4802473078274831,-0.590552859728178,0.0965672070695557,0.1451762417356055,333.9807159529082,329.2293556784905,415.8425915440321,9.876864679255211,-0.0344504635886282,-0.0336510679405347,0.0284695285061425,-0.0195967281378386,0.6935744327564288,-0.0010924727693086,0.0,-0.0697884074501381,2025-03-17,40.0,14,0.0247968680978432,-0.0322033349119393,False,False,False,0.1538461538461538,3.0,0.2307692307692307,0.0220524261637688,0.4136174695267117
TT,Falling Wedge,bullish,1,0.7359304563167296,5,67,2268,2269,2025-09-25,2025,0,405.0793194928963,401.72495374934624,503.4404019194658,393.6348084906451,1.0149253731343284,0.0083499063531984,True,0.0382164117513508,0.0234934925546639,0.0369982908452071,-0.0121776123665279,-0.0161949407021085,-0.0092889740380048,-0.010902554402546,0.0273555221331029,0.0055368628257346,0.0412916983321398,-0.010902554402546,0.0779581262837401,-0.019366763783438,0.0418824627146687,-0.0351133314070102,-0.0147310101570338,0.0517153224148121,0.0377011082920877,0.0002881810552295,0.021213685138216,-0.0099629720641629,0.0396616552755819,0.0260683016519937,0.0262293448808335,0.0085647348894792,-0.0354125874171976,-0.0653632758252286,0.0224702592479002,-0.0432358122661002,0.0030380631085138,-0.0160818331536128,-0.0096142767785917,-0.029365160013993,0.0225440001114132,-0.0109514486298145,-0.0062411118530235,-0.020349383419341,-0.0108156197405748,0.0622700928618715,-0.0145964731495624,-0.0339622016710453,-0.0458676051935234,-0.0046902615884225,-0.0073162996396362,-0.0186431165477304,0.0393385474587184,0.0193901503664508,0.0008157390983953,0.0254153907085477,0.0306329787102799,-0.0025762301389085,-0.0897602898853533,-0.0316290469353719,-0.0832176489653589,-0.0556786507395687,0.0942678666133929,0.0719422750594231,-0.075827917428055,-0.065840420993782,-0.142766953419531,0.0295787741502655,0.0554333236455417,-0.0522534169791566,-0.0988698696798884,-0.0672827728498691,-0.1018295209869406,0.0424462784351737,-0.0769231575751058,0.0491271008291641,-0.0193165671009148,-0.0087330138625886,-0.0724598722112996,0.103023707313075,0.10953388224746,-0.0859968294673493,0.1731255882505444,-0.0231781108003714,0.0713239323273557,0.0567026671681487,0.0101717902219091,-0.0798332444891382,0.0259568499011846,0.0540896229606542,0.1081429081528153,-0.0357143206603628,0.1028838973380634,-0.0092845261435906,-0.0135618727531925,-0.0843345149432285,0.0920226094752281,0.0591637220102128,-0.0474054613958208,-0.0443692294841533,-0.079381743593744,-0.0025480427332887,-0.1146644312684967,0.0572951679951037,0.1334413280978208,0.1784921424889241,0.1650815316834133,0.1761588674659582,-0.0018920665827559,0.2521481520331803,0.0166984042722335,0.1107582749285693,-0.0486579374556631,0.1026560668741713,0.1568041081136411,0.1390358418679,0.3266755564549146,0.1131025208582781,0.0918803430381494,0.0177888325401267,-0.0972371363822024,-0.1330201056986522,stop,2319,51,393.6348084906451,-0.0282525185847011,0.1243075154710798,0.0307888323083638,-1.0,4.39987377048901,1.0897730131938077,8.594607703834772,2201,0.8222728979709102,7,0.1323633838441194,0.1762241297418771,-0.0927425456938816,0.0,-1.1086013221373,-0.2863284241663937,0.1072330894532787,0.2008968061705495,401.72495374934624,393.6348084906451,503.4404019194658,9.047532999057871,0.0355074823697256,-0.0450198744753888,0.0224198501695937,0.1595109362585662,0.8378047303986205,-0.0048999405327369,1.0,0.0204821705538806,2025-09-25,40.0,14,0.24435614847424,0.1032165324623772,False,False,False,0.1538461538461538,2.0,0.1538461538461538,-0.0269414252138153,-0.6253990664387399
TRMB,Falling Wedge,bullish,1,0.6433756968176755,13,101,779,780,2019-10-22,2019,7,38.81999969482422,37.69307650052585,49.69653863173265,35.725348818015384,2.090152963671128,0.0298973524828265,True,0.0190623823875366,0.004065700878407,0.012565432791876,-0.046304247973765,0.1896438013810915,0.0103955340184636,-0.0196702738113605,-0.0154926938530556,0.083392824445452,-0.0010997278527553,0.0364223829985526,0.037442634167877,-0.0178363835007134,-0.0088449574592766,-0.0335208699083605,-0.0839768257133433,0.0017783076763979,0.0106814335028355,0.0326218500533415,0.0230583844549878,0.012836348538856,0.0057047006928283,0.0075724996550401,0.0556414184542122,0.0278572799834404,-0.0255539825586099,-0.0163398122455431,-0.0492918954906237,0.0663411106374007,-0.0508450686375475,0.1843092315111782,0.0210355959944441,0.0514448790320267,-0.1033617378022521,0.0141387973132764,-0.0079787158153885,0.0527807224682699,-0.0269737662815434,0.0869387412557796,0.0472982841625548,0.0839481919195759,-0.0153973556569748,-0.0423487728791046,0.1222056880774367,-0.0168053656330574,0.0368641799856473,0.014167935120666,-0.030019264775722,-0.0256410021283441,-0.0034782667666817,-0.0960866498728467,0.0329964515603744,-0.1387793606408547,0.069330398501181,0.0347618829636346,0.136972873253093,0.0947271760121812,-0.0087743107072392,-0.0964005694004996,-0.0221830693390412,0.0136876585937935,-0.0250650575399038,0.0330156251815441,0.0224117417963796,-0.0407618178504378,0.0527918471902759,-0.0289805790549186,0.02610367582292,0.0126355027419355,0.0283358702413321,-0.0414931429039984,0.0497694372446162,0.0788184494106649,0.1338787825653717,0.0539999961853028,0.2848101346471414,0.0074257945771338,-0.0386029821675529,0.0831855008488344,0.3505017251936706,0.2030750358846609,0.2179736857234722,-0.0130133238609411,0.5227738749441473,-0.0457971545233242,0.0037441603930721,0.0147080648147608,-0.3524699316707397,0.0958333740158705,0.0047923811353098,0.02166624046092,-0.0555177920497874,0.137042754679195,0.0203754288132913,0.1360500982620809,-0.2294546326546926,-0.0082223110792023,-0.1923436426031158,0.0174395775680071,-0.0787516608877129,0.0757441100958011,-0.1914867538436014,-0.12845267376619,0.0169116203654919,0.0778673902326221,-0.0851219921577267,0.0630775304670021,0.2229133074749711,0.3352823395267392,0.1035656448140316,-0.0081368631899454,0.1195631170934967,-0.0642874116275564,0.2644896044121874,0.1147104347540606,time,839,60,44.13999938964844,0.137042754679195,0.1391035952686747,0.0128799588853851,1.7190952732962677,1.7449469232042485,0.1615691139013373,3.514625516699377,671,0.7664947529570464,5,0.0837731718456537,0.2168154245815463,0.1269315051927284,0.0729166666666666,-1.0620343712207594,-0.2955396182637141,0.2271369840135751,0.2690686964133931,37.69307650052585,35.725348818015384,49.69653863173265,0.858572278703963,-0.0244146123058044,0.024591281406189,0.0220203191008871,-0.05064519191169,0.0253171280535797,-0.0012603791118822,1.0,0.0106126844367271,2019-10-22,36.0,14,0.1070805559544463,0.0777109433621883,False,False,False,0.0769230769230769,3.0,0.2307692307692307,0.0381905119240861,0.8856903967449133
TRMB,Falling Wedge,bullish,1,0.7383522694616272,13,181,1478,1479,2022-08-02,2022,4,66.79000091552734,63.95136227110629,91.71241315451354,55.1161826857947,0.8443776189811872,0.0443874617148472,True,0.019613677805613,0.0170546398719626,0.0065680858718193,0.006674324459303,0.0338607276139082,0.0223777480135469,0.0509104616610012,0.0720518410788202,0.0076978213476084,0.0206792867408609,-0.0496009574585156,0.0514445676911567,0.0213597214863547,-0.0390723642962358,0.0120482034198814,0.0230361668628205,0.0209671446759645,0.0518041478820863,-0.0918160192616485,-0.0522806040297864,0.02859633093565,-0.0100147318099339,0.0102490826613799,0.0766582224344862,0.0293758967942392,-0.0542420675067237,0.0030509362028181,0.0105053023624692,0.0625179137231533,-0.0330956413813093,-0.1743164359412125,-0.1114400582731497,0.0625179137231533,0.0388378122556483,0.0167496210449322,0.0054206820782951,0.0656219465025138,-0.0030933203200516,0.0090480593617239,-0.102514485362113,-0.0102903216001033,-0.037801887827871,0.0418969240101287,-0.0476430420187912,-0.0816637815637812,0.0936549189609998,-0.043120242980049,-0.0136537830784229,-0.1748426966233319,-0.0068151570553859,-0.1223034514474868,-0.0474759418833296,-0.01589070844152,-0.0117208958624256,0.0481700351600706,-0.00198162047248,-0.0048090007435153,-0.0885734298662056,0.0282812368418075,0.0375469061802735,0.208276780359226,0.0982623329170779,-0.0063859447401026,0.0479178619329894,0.0448430696328663,0.0980450692493011,-0.1007999877929687,-0.0827863836704556,-0.0404681466637692,-0.1477766523624564,-0.0545572076656638,0.321052611031948,-0.1822235217594237,-0.0369230417104867,-0.0507686633421975,-0.0602702578982791,0.0939747681107781,0.1379485923625951,0.1464914117056495,-0.0726067775314672,-0.0090068824267267,-0.129407691548229,-0.1689480523732696,-0.0424099738661428,0.0520978934001536,0.178810130294144,0.0114781588298065,-0.1526559658404572,-0.1750963410454293,0.0479581916704439,0.3149243885496131,-0.1589976011931075,-0.1311573890725001,-0.0660568162331606,-0.0007427278967615,0.1129032090123784,0.0211431692553316,0.0828151559276328,0.0266264135148941,0.2161361652787112,0.0460764492573377,0.0632432473672401,-0.239518109253217,0.171116986895744,-0.2352802210341447,0.1521047882772597,0.0987338311006846,0.051024461764632,-0.0093598052926345,-0.0081835542420615,-0.0541057869714548,-0.0216334322521253,-0.0235849056603774,0.0187007776701035,-0.1545681947084588,stop,1517,39,55.1161826857947,-0.1747839207922321,0.0815989949623607,0.1816140275766226,-1.0,0.4668564167258756,1.0390774320282556,2.1348980897706653,1293,0.5932743779332927,6,0.0378995185408601,0.1691414480236182,-0.235816903643459,0.0404624277456647,-1.121736898327686,-0.5284625203943926,0.6017483283270489,0.2715355689884935,63.95136227110629,55.1161826857947,91.71241315451354,1.8892854963030143,-0.0561627461837406,0.0930818239906832,0.0275606916439745,-0.050027722105662,0.0597030221594661,-0.0098967646202702,0.0,0.0683317571656627,2022-08-02,32.0,13,-0.0265954968390914,-0.0340461139776419,False,False,False,0.5,0.0,0.0,0.0488806375025201,0.8709573516978265
TRMB,Falling Wedge,bullish,1,0.6782710599065715,3,41,1523,1524,2022-10-05,2022,1,57.52000045776367,57.87158524362656,74.70315431293682,53.92702710950681,1.7871808842877457,-0.0060752575617686,True,-0.0959666275005848,-0.0452238261507546,-0.0971802742125704,0.0038340432539325,0.0179846157598946,0.0478847593883127,0.0124223482911867,0.0039447692799505,0.0632431084543652,0.0128769508586148,0.0689996728100628,-0.009465377372557,0.0226988366751721,0.018388326489813,0.0258803826155973,-0.0298201224013429,0.0186741184456373,-0.01779932827995,0.0910057412874851,0.0006052905385349,0.0372578256963742,-0.0777807968750747,-0.1066493720357567,-0.0467663178946637,-0.027811151026071,0.0521228219766192,-0.0870454961603338,0.0243416050818587,-0.0422159523023546,0.0928933935448741,-0.0612679590028784,-0.0078804598244471,-0.0531619405886761,0.1078300565140586,0.0213511820972776,-0.0304483453761679,0.0885723916627336,-0.0150851327226969,0.0090794264582414,-0.0213001304207535,0.0944980133216777,0.0870147094548901,-0.0093150726736408,-0.0015810638230503,-0.0308613570187742,-0.0576433524045866,-0.0672809266530946,-0.0652845595347544,-0.0909799815165181,0.0763323786532566,0.0293542068520422,0.1087578855091506,-0.1395643020691153,-0.1974410616840175,0.0822215812447086,-0.0175746680210802,0.0540336180375062,-0.0943777831038275,-0.093531644727772,-0.0474660555606638,-0.0017320311677511,0.0709941966495615,-0.0180756745140301,-0.0673142787388393,-0.1783698659421182,0.1424450352739132,0.0596011602901902,0.0314064972157122,-0.05271688728711,0.0625868992606237,-0.0219668246394173,-0.0393006972501659,0.1246854634441201,0.0360279624075403,-0.0942316903927944,0.1071428684584041,0.1776176336900465,-0.1090248434755334,0.122404094035331,-0.0330439746689567,-0.1092090564746308,0.0610259726805357,0.206924077178604,0.0135201384693837,0.0528359107799927,0.0237725620363897,0.0002784272229374,-0.0079745257651628,-0.0203266496825603,0.1100573965809572,-0.0024743255776535,0.0315515620757845,-0.1210013739409356,-0.1438066838194858,-0.1577563561850753,-0.0639675838242418,0.0935835799023148,0.4318043687030808,-0.0590228620829088,-0.0388700354135069,-0.1595388626846181,0.00978149030152,-0.2453565836547966,-0.0990217499639328,-0.0439639941485117,0.1063792112317958,-0.026728977666837,0.0714285149404059,-0.1770702040633713,-0.107085223689742,0.1294287759745234,-0.0640710244332383,0.0237794705396894,0.1091141170923377,-0.10764367748468,stop,1526,3,53.92702710950681,-0.0624647656408685,0.0126912297709795,0.0735396298430555,-1.0,0.2031742157482155,1.177297778812782,4.782432873739402,1481,0.5321250581990642,5,0.0641070980181477,0.047047932280444,0.3094402693155687,0.0,-1.7882908577220318,-1.2561657995229618,0.7875863907150776,0.1314680118837516,57.87158524362656,53.92702710950681,74.70315431293682,1.8471423557826472,-0.1457458826953455,-0.0993343021150441,0.0320628768653535,-0.2135153500293302,0.3741012130193754,-0.0158190217841985,0.0,-0.0481195952187228,2022-10-05,32.0,13,-0.0826261273637067,-0.0171988094715588,True,False,True,0.5,1.0,0.0833333333333333,-0.0414513991967486,-0.5337685955557582
TRMB,Falling Wedge,bullish,1,0.6189094673479846,8,75,1686,1687,2023-05-31,2023,6,46.84999847412109,47.72815167205118,61.29213176840534,44.76600036621093,0.7121802200943261,-0.018399061500727,True,0.0922091747177002,0.0719744293020367,-0.0175524430197039,-0.1338549737472362,0.0875071376308926,0.0742705698525816,0.0193998515009994,0.0380494028427038,-0.0392441826214206,0.0082671958297688,0.0009478890049634,0.0030752197076835,0.0421126459685849,0.0648922310239785,0.0147818180174545,0.003478624041044,0.0005031867695477,-0.0267890206899846,0.0226676393795814,0.0393120555676604,-0.0088449574592766,-0.0175718955528568,0.0834387750153519,0.1082177131259627,0.0625577283558829,-0.0222516596712023,0.0174467199519967,-0.0132571847098214,0.0725465383588896,-0.0810899448654631,-0.4534883435605982,0.037202382641855,-0.0412068860284213,0.049782704680706,0.028235904629797,0.0947951965630558,0.0193118382461179,-0.0151001827300579,-0.0756948400071737,0.0050170000431297,0.1227185417764062,0.01877213585984,-0.0262723654114881,0.0343195446849575,0.0809509077269146,0.1155808127169907,0.1263607721761754,0.0745838368335787,-0.1537088669298805,-0.0031391260913608,0.0456852580545781,0.0185826819712722,-0.0150782121106742,-0.0252482096354166,-0.0629381642291589,0.0341608991624335,-0.0175746680210802,-0.0736226047321343,0.0390565980155512,0.1418626556070366,0.1359812302865015,0.0514829950796442,-0.042350833903175,0.019499969482422,-0.1685519915060171,-0.0131707540372523,-0.0869565217391304,0.0082332684136847,0.1347504920192833,0.1327641712547531,0.0358296673413041,0.0052117212845563,0.0895669154605254,-0.0614656860760211,-0.4254933128590772,0.0080345979046672,0.0454544929105074,0.0876308030348558,0.2397319866960079,0.0599031943981611,-0.0586075996746524,0.1177217075644692,0.0175198284060353,0.0766708995842597,-0.0282991975454255,-0.0647296871758901,0.0948707115078664,-0.0205630399991332,0.0764397411158748,0.1541319450214413,-0.1203619819682197,0.1180957692752127,0.1131270698906303,0.0568849340182224,0.2615123158654981,0.0080892718682825,0.1132908372178764,0.2213207096958487,-0.1527149294906732,-0.0856617401284187,-0.089627965959311,0.0477674315427538,0.0413299055245772,-0.0397784940205678,0.0721284047391537,-0.0056337975197616,0.2709964294569833,0.2662889191871345,-0.1772637477204046,0.2111622700522653,-0.1044309018454849,-0.0856617401284187,-0.0088825722484946,-0.2239867782405127,0.086114878498214,time,1746,60,52.150001525878906,0.1131270698906303,0.1987193527537394,0.0038420557318737,2.543189953791605,4.467375156413719,0.0863725857007996,6.930012671060871,1605,0.7510214296990998,5,0.1224465411541843,0.1067073339677935,-0.1590766749651619,0.0135135135135135,-1.017987916461934,-0.2669664867628344,0.29601272992077,0.2101602505984939,47.72815167205118,44.76600036621093,61.29213176840534,1.1907144274030428,-0.144056895661594,-0.0329024861866525,0.025513487767723,-0.1877828243551628,0.2063481491124762,-0.0080066848029562,1.0,0.0170625857474702,2023-05-31,28.0,12,0.0653369847528404,0.0645289852135815,False,False,False,0.1818181818181818,1.0,0.0909090909090909,0.0401518247095658,1.421653475016742
TRMB,Falling Wedge,bullish,1,0.6461988968052967,3,23,1771,1772,2023-10-02,2023,2,52.619998931884766,52.01500129699707,56.82583141326904,48.6733322143555,2.349626320762821,0.0116312144535624,True,-0.0152033305454096,-0.0322128436064129,0.0012978882518956,-0.0160215124482557,-0.0108094009022478,-0.0164203608365274,0.0187151396067344,0.0061780740503321,0.009938523434076,0.0238754835968424,0.0157336372622085,0.0287159127956109,-0.0327630682884938,-0.0071174068952998,0.0182783216651434,0.0310059496636927,0.019499969482422,-0.0194756253222371,-0.0255806814119696,-0.0350109904180985,0.0307652176142756,0.0009082859831013,-0.0172889983895699,-0.0364879933089831,-0.0623197917100938,0.1343658939338412,-0.0482772423038938,-0.4534883435605982,-0.0225652489946323,0.048780502933561,-0.047234454194856,-0.0037233880225647,0.0195762811561734,-0.0656265838479978,-0.0676256120761361,0.0351086997421365,0.0003507621466696,-0.045376334420322,-0.0489490580289823,-0.0445452629734551,0.0402356052963648,-0.0362945431501197,-0.0243211054641777,0.0399607064680767,0.0577964508847983,-0.0098953795851773,-0.1189661430749288,-0.0966870044929929,-0.0505086849564567,-0.0612621884714772,-0.0602218712669169,0.1297296635097469,0.0187031091683553,-0.0120672123257014,-0.0069398873176761,-0.0972044306840967,-0.0238942533048267,-0.0671413888641495,0.1430948201741508,-0.0551594023021823,-0.0136113181093351,0.0288144745828238,0.0170712019470522,-0.1773370264187118,0.0822995607373879,-0.0224166286050536,-0.1121190207716222,0.2640186409160741,-0.115158550956798,-0.1512732657934233,-0.2215456928387803,-0.0689740122120871,0.0292208294861242,-0.2069892615300951,-0.1171814284517801,-0.1019136307897484,0.0309535152586457,0.2951806931281793,0.0035092279922963,-0.4254933128590772,0.0642202747392615,-0.034482726727597,-0.1173488953982403,0.1136716799066319,0.1273512497456279,0.0136864041507926,-0.1297941874395646,-0.0597256887036223,0.0497049662815685,0.0247890973556923,-0.0981444094472475,-0.1208852850177114,0.0134930238232995,-0.1120940926412752,0.1901738141560329,-0.2119233092578727,-0.0561425860567371,0.1403453456771426,0.3521991118505527,-0.1056376714186476,0.0015000343322753,-0.0404120425947197,0.0627965360037987,0.0511092295318624,0.105633804235778,0.2176821572116862,0.1374361439639473,0.1481481172015952,0.0960823667387777,0.3697693935660684,0.2700835356104136,0.0438606998836605,0.2363423973349943,-0.1792074404107817,-0.0779989580546918,stop,1785,14,48.6733322143555,-0.0750031698525521,0.0055112299774605,0.077727104439555,-1.0,0.0734799607575916,1.036317592874512,1.0656670001304935,1746,0.3508600417900113,5,0.0006317472129358,-0.0331849674898533,0.065166310978896,0.0,-0.8719401777313106,-0.5210801359412958,1.7262202166153242,0.1011984476413614,52.01500129699707,48.6733322143555,56.82583141326904,1.3942862919398722,0.0229555221005124,-0.0028946965263036,0.0263869471596052,0.0080122472017063,0.2566377357598836,-0.0061270298424626,1.0,-0.0495860660793232,2023-10-02,28.0,12,0.1049243162262218,0.067358850192535,False,False,False,0.1818181818181818,1.0,0.0909090909090909,0.0103014997524778,0.7527808462722966
TRMB,Falling Wedge,bullish,1,0.7258949732169202,3,63,1952,1953,2024-06-21,2024,0,56.0099983215332,55.534387557415926,65.35858277999546,52.06116000891757,2.4535714903854475,0.0085642569412609,True,-0.0016068586910363,-0.0014046621681951,-0.0929378749637118,-0.0021759309545684,-0.0317020457721334,-0.0192124339991649,-0.1429534810161584,0.0230583844549878,0.0005128873044282,0.1345241263885901,-0.0517516361854091,0.0293783756836323,-0.0121212323603971,0.006674324459303,-0.046304247973765,-0.0623381260802674,-0.0662836966693545,0.0103955340184636,-0.0131390164606098,-0.0426858011256179,0.0410857957236914,-0.0290306879945584,0.0167434804850946,0.0049991537651321,-0.015117151786274,-0.1023357419201927,0.0187019722170784,-0.2891173615304626,0.0614910089600753,0.036792976934592,0.0286666870117187,0.0486241603765982,-0.0013123034376455,0.027622342574882,0.0514448790320267,-0.0430308442126152,0.0150253957145249,-0.046639646263083,0.0027293201551366,0.0560292150988412,0.0469932408002145,-0.032172125396918,0.014189812209103,0.018567626016384,0.0762587590134669,0.0055726850974458,0.0230316185357106,0.0040726742195298,-0.1106889978294234,-0.0020974834199691,0.1089142085583447,0.0492610855952329,-0.0193331088052386,0.1284199931886451,0.0479178619329894,0.0727605024995332,0.2019657180399374,0.069330398501181,0.000289052370312,-0.0364242131874639,0.0699893771000048,0.0263865494928439,-0.0921647033219374,-0.1708278188519459,0.0075977205665183,-0.0979399568768711,-0.1060332971993465,-0.1106448422393487,0.0211977162300107,-0.0021424555522372,-0.0302134817545985,0.0505405116725612,-0.0067602599918917,-0.1018583436208719,0.1044335428034419,-0.0150517765281652,-0.0160395188502046,-0.1263604606558566,0.0868100047631472,0.0302952575625758,0.0136864041507926,-0.0072824513611779,-0.0299133262826666,0.1779573349078953,0.1429742116089258,0.0919854527312782,-0.004279215031397,0.0885982258645321,-0.0698492288420346,0.0153227022007478,0.2145898799750913,-0.0341324029060734,0.0410641514137231,0.0066367636996023,0.4529118454541057,-0.0319011535467363,-0.1122776400897194,0.0310032587267479,-0.1380414822159226,0.2553671387336367,0.0248581813722543,0.0955240190584942,0.090024352805492,0.0095999849759615,0.0356503484040806,-0.2395711679294461,-0.0749295731665382,0.0859716587978123,-0.0342984055074827,-0.1174343837293957,0.3323858425701935,-0.1757949200778435,0.1193045404501982,0.0456115244758965,0.0083659529356336,stop,1981,29,52.06116000891757,-0.0705023822701579,0.0533833559733795,0.1067666438393249,-1.0,0.7571851369336713,1.51436930783709,2.367426498217379,1889,0.3489710661765532,7,0.1261993286507822,0.2060030420859824,0.2379530871258182,0.0,-1.572081766869669,-1.2231107006931123,1.5926559318363542,0.0874015212957024,55.534387557415926,52.06116000891757,65.35858277999546,1.1357143947056356,0.0434158640990618,-0.0185486358716981,0.0202300393133785,0.0705568432462726,0.8333338379235956,-0.000538094695908,1.0,0.0310226987450421,2024-06-21,17.0,11,0.2437018947684255,0.1719041673766619,False,False,False,0.1,1.0,0.1,-0.0356805382086862,-0.4255961983619921
TYL,Falling Wedge,bullish,1,0.6495760434617793,3,20,1316,1317,2021-12-08,2021,1,529.219970703125,517.8349838256836,578.9349899291992,488.3549402892363,1.2217467110477096,0.021985743012824,True,-0.0181020305072,-0.0233354634094068,-0.0160012117505896,-0.0524888053138624,0.0110165312201448,0.0088312317923715,0.0463553065077901,-0.0085352726383385,0.0069654793574891,0.0357909278612065,0.0451823213789368,-0.010115173598992,-0.1391073587441667,0.0309023473620919,-0.041700817197281,0.036163966620766,0.025836170113396,-0.0577897000296658,-0.0315765628921348,0.0026691001412089,0.0294682096299885,-0.0621059113563813,-0.0110900694303989,-0.0065000219127778,-0.0090272261082547,-0.0223797366892636,0.0438736887061901,0.0331310477372681,-0.0111467355869941,0.0820275061155821,0.0107816541037482,0.0419093014036628,0.0107137714851826,0.0759756100886108,-0.0403876317539777,0.0388618348491134,-0.1283567561362997,-0.0003660992128868,-0.0343068900799988,0.1258053117578896,-0.0669274901551357,0.093690496420622,-0.0069278108921457,0.0794625587104596,-0.0050958713005546,-0.0225169098913315,-0.0673065390035914,-0.0703695660543739,0.014821152148158,0.0066815144766148,-0.1003501082138054,0.1385699499866099,0.0491147375497087,0.0417145484494192,0.0056414452976147,0.0061503708964647,-0.0216328938936103,-0.0946501185688051,0.0839843968711879,0.2257386566995234,0.064213723295236,0.1361651172652938,0.0464569707890305,-0.0149335902763299,-0.0114058031643734,0.109003693421503,-0.0237803407366646,-0.0131318642193895,-0.0997251169072607,-0.110483303616531,-0.0723041004185494,0.0269467854527774,-0.0410285295758928,-0.2287857535466544,0.0179492716202127,0.0183167740265615,0.0662394666428831,-0.0391423017821987,0.0079306334188455,-0.1490769504408433,-0.0417309418253624,0.1146009193288086,-0.0084249877929687,-0.1438911726259031,-0.0057314233143882,0.0425709393007536,0.1255522375404363,-0.0676831462439356,0.2130759105665005,-0.0536410663845596,0.0647552194960805,-0.1064233978095886,-0.2286194142599132,-0.1276977671947009,-0.1004977763934947,-0.1977606824683035,0.0726831719754637,0.0721320191492542,-0.0635245037578575,-0.0094246036589669,0.0553153940574759,0.246797147710684,-0.155267950290602,0.1370204461505269,0.081760283273953,0.2584444811340556,0.0747548579562182,0.1669988011642516,0.1101879209340332,-0.2150164391803646,-0.0112844111357991,0.0446927531794068,0.3396577330972108,-0.0340876272894663,-0.2722984650402972,stop,1336,20,488.3549402892363,-0.0772174760517732,0.0280034922048175,0.0835379679243063,-1.0,0.3626574402152387,1.0818531269824891,1.2165663092025427,1295,0.366310824417581,5,0.0434062598598513,0.1386057723575045,0.5058467210956017,0.0,-1.106118172625854,-0.7398073482082705,1.456929853031113,0.0917646243941013,517.8349838256836,488.3549402892363,578.9349899291992,17.101429530552455,0.1432382219133445,0.0299370540395387,0.0322686764834308,0.2483981541939997,0.9326470246552818,-0.0009349888116965,1.0,0.0045786756931438,2021-12-08,40.0,15,0.1804937448168899,0.1372970573205252,False,False,False,0.0,1.0,0.0714285714285714,-0.0384015155237412,-0.5091804230052045
TYL,Falling Wedge,bullish,1,0.635990548569816,5,53,1386,1387,2022-03-21,2022,1,438.989990234375,420.7939429769699,547.9749777657648,375.924029701634,1.837707258153069,0.0432421796014326,True,-0.0015717953865822,-0.0241125409632497,-0.0010059390250825,-0.0311254804333366,-0.0096131022252166,0.0463553065077901,-0.0158080936357337,-0.010031131954404,-0.0094657600913475,0.0657741780629712,0.0202091879783166,0.0463094085032356,-0.0651836989340833,0.004926000420121,0.0080991654963711,-0.0065896518712563,0.0092328753283572,0.0544014118678322,0.0345930679177552,-0.0126492676042984,0.0352628098462906,0.0190602497882153,-0.0107093721837071,0.0120048740255702,-0.0125320312480017,0.0115872257413931,-0.0501491740526552,-0.0049347854667644,0.0955829483580019,-0.0252006483586759,-0.0392179335436622,-0.0953018136275849,-0.0623815045908285,-0.0156507976890144,-0.0138882680836937,-0.1279404756043065,0.0504710878766154,0.0415059719750143,0.0337371573952505,0.0504237636095243,0.0081308506532182,-0.013391486362682,0.0338991542027937,0.038292350477705,-0.017829822998042,0.0171176840299899,-0.0642383250570184,-0.0623992498204956,0.1507436560183515,-0.109103858046986,0.0594462779097901,0.0290363074195318,0.0279461631621296,0.0404867605713037,0.0073591729276456,0.1093995356526977,-0.0769981555977712,-0.1616517301528133,0.1186039692079137,-0.0780005692002701,-0.0256618984806519,0.1168135483244967,0.0438030665946296,0.0834058413173444,-0.0065911490284474,0.0428897615259227,0.0568757861639965,0.1051845837187723,-0.0909376785573977,-0.2093897012573806,-0.1251929030322769,-0.1345217497452445,-0.0479884387783035,0.1121806765705903,-0.0247073289824695,-0.0130828022507997,0.1439807015660954,0.0300871942098779,0.1159875282913425,0.0528759673247765,0.1161597083805507,0.0618447723513746,0.0278422273781902,-0.0852086258719307,-0.06908526539005,0.0410198199280715,-0.0057314233143882,0.0030599526023222,-0.0240361593834546,0.0962376183129987,-0.2197410552461045,-0.2182483671550529,-0.2749948834966629,-0.1254862578506679,0.1349370859413541,0.1898786416097011,-0.1284225244270451,-0.1413555090282547,0.0890662048577335,0.1318681161862054,-0.2311659280904242,0.0858329341879107,0.0176749768874062,-0.0594477082134997,0.0971531166100059,0.0731188267911548,0.1703185905381232,0.1186504608117455,0.1522872024941446,0.0530417931262154,0.0298510574810988,0.0086816665350879,0.1843853203761349,0.1186504608117455,-0.3297451227709901,stop,1411,25,375.924029701634,-0.1436615001154589,0.0319825254726787,0.1458347352737857,-1.0,0.2226241926123196,1.0151274708713207,1.7281111174832546,1332,0.5015671334693507,6,0.1351491246476814,0.0411263779716837,0.1132321912991058,0.02,-1.1988576564594522,-0.6972905229901057,0.8432792744847875,0.1823194582625439,420.7939429769699,375.924029701634,547.9749777657648,15.1685791015625,-0.091870077812262,-0.0247393313438478,0.0348254641991588,-0.0532950567929572,0.9038293716755272,-0.0085093500726558,1.0,0.0265772197073614,2022-03-21,28.0,22,-0.1894596020105,-0.1313012332978407,True,False,False,0.7142857142857143,1.0,0.0476190476190476,0.0261709128152249,0.4503633077306617
TYL,Falling Wedge,bullish,1,0.6473465422356994,3,25,1598,1599,2023-01-24,2023,2,312.8399963378906,315.3201024824057,350.6254926593001,298.94161101310465,0.7742377526550188,-0.0078653600737473,True,0.031741442245307,0.0051469950638625,-0.0054241958767152,0.0575056380031611,-0.0837780188690606,-0.0125159115380819,-0.0254381252935543,0.0135577337967154,0.0269259066742981,0.0043025426636316,0.0283000191195024,-0.0415994438927507,0.0151164237448431,-0.0219547675703836,0.1321552160506469,0.0363070510123104,0.0070826267182206,-0.0459847138081904,0.0066169719945308,-0.0014015004838423,0.0008310541616338,0.0094868611032854,0.026736873859797,0.0749264886708709,0.0263342114446991,0.0057772546090302,-0.0314427739211696,-0.0455741485135861,-0.1491323283861575,0.0617755956055632,-0.0239577116462627,-0.0263530744931731,-0.1991769605644885,0.0289175787407638,0.0341542615372494,-0.0016196047789961,0.1730015686721522,0.0561535112030198,-0.0239633519371496,0.0005718501397067,0.0588732222436179,0.0242770308252833,0.0574598719803973,0.0318667586699634,-0.0112590179321998,0.0739090120681927,0.0695243583128941,0.0629830364340171,0.1035993385656104,-0.0013014408254379,-0.0173796230589368,0.0188796377061335,0.0178335968768206,-0.0079128161385638,0.0827783107418393,0.0948784400063635,-0.0139280743785767,0.1137290273177689,-0.0463153509784705,0.0727527134347252,-0.0786008353053359,-0.1370571156583139,0.0694907153094257,0.0024391434890471,0.039052444730282,0.0402568591532825,-0.0329291628837278,0.0403623865918403,0.0514929485781053,0.0251566142734744,0.0310751541590348,0.034723148913045,0.0910882388844209,-0.0029719447436674,0.0934401646073868,0.1036771224563495,0.0709586216213917,0.1032547893094082,-0.0939271605163029,-0.1082145256235468,-0.0896023724803315,0.14707929521541,-0.0018752297764987,0.0029610770089285,0.0524816340523091,-0.2185373065509089,0.0393497289362578,-0.312088265004531,-0.0372409154770518,0.094998148057344,0.2466545289368467,0.0143461753821615,0.1988876165102011,0.1546849907326131,-0.0161063957700265,0.1028806556098664,0.0037619804671245,0.0852927714935232,-0.041805541702896,0.1570650158038071,0.0229499896112239,0.1448240510116805,-0.1621235976938113,0.2058663369906352,0.0582275507440943,0.1172932803213453,-0.0322151181995025,-0.3211504209913289,-0.0116361139381752,0.0657971991198109,-0.1811930934984233,0.07163813774075,0.1941253922047552,0.1488238352762045,0.1682718207801682,target,1645,47,350.6254926593001,0.1207821786335732,0.1396880600900914,0.0248689389795732,2.718696844159582,3.144251018073151,0.5597771681737955,2.718696844159582,1571,0.4883935821047312,6,0.1141399030162697,0.1309177655701059,0.1150779169351894,0.0,-1.0165923171208096,-0.5281987350160819,0.9656277952361506,0.0995490925002229,315.3201024824057,298.94161101310465,350.6254926593001,10.682854788643974,-0.0894579062590135,-0.0101123657134434,0.0334885730051535,-0.1272468838690587,0.150153211200783,0.0026162084317749,1.0,0.0511660425474123,2023-01-24,25.0,15,-0.0012267404200115,0.0265649419986861,False,True,False,0.3571428571428571,3.0,0.2142857142857142,-0.1009480453611433,-2.245553081772734
TYL,Falling Wedge,bullish,1,0.874780585022334,8,102,1797,1798,2023-11-07,2023,3,413.6900024414063,380.1829926646287,441.21252238828686,361.6798632775768,2.7567554855247995,0.0881338997884504,True,0.0141651606685673,-0.0113862786802847,-0.0357670502758676,0.0196595611060181,0.0383866770188741,-0.0064273758950148,-0.076038297699574,-0.064033852747906,0.0159310868203659,-0.0541212877518776,-0.0469185011998322,0.0025170782039305,0.0342796657217467,-0.0449517479868697,-0.0557058450425371,-0.0368386745603481,0.0463094085032356,0.0229795868878817,-0.012981708876146,0.0006483439181026,0.0185430540390494,0.0168504637979873,0.0250491314695063,-0.0064057479775807,-0.042333058828242,0.0908753093536502,0.0234141462531223,0.0160592698652155,0.0278732071712828,0.040457251625128,-0.0293545511902363,0.093690496420622,0.0042778927341151,-0.0405792670494375,-0.007069572462509,0.0200372593127287,0.0118916553339694,-0.0106736766615815,-0.0339129709250732,-0.0146848562524478,-0.0045018068515926,-0.0335099405531665,0.0097084682954446,0.0535403205847511,0.0026641020903717,-0.0174158848322986,-0.0228190248391205,-0.0621517188497903,0.0014942775177821,0.0390108168598497,0.0876394771199369,0.1823234587070519,0.0011582540269063,0.0071207290300003,-0.0296626567713773,-0.0594109379314709,-0.0019991628788537,-0.0619331229415203,0.0688038215663444,0.0035327002533949,-0.0193506567241733,-0.0116189967476794,0.04064337251989,0.0015116019926897,-0.0111471236985405,0.0220943753820843,0.0795933837999107,0.0034513220322871,-0.0399817714948462,-0.0311102396510304,-0.1048552380378665,0.112107195172991,0.0755940624630959,-0.119266411113945,0.0186806221499071,0.0713298138990834,-0.048542547101037,-0.0688820594416201,0.025769853776201,-0.0094103373008961,0.0423525750231297,-0.0596819797714506,-0.0479884387783035,0.0320941962328611,0.354756212471782,-0.0086579835404317,-0.0871297704138424,-0.009650612048301,0.0585273009466453,0.0057468373304956,-0.1016348801076099,-0.0429159221434681,0.0331166141946386,-0.0971474716510951,0.0406649111087706,-0.0527333256379384,-0.0184812026162634,0.0429240233981573,0.0158734627808705,0.0287688657835811,-0.1281793974908761,0.1638059915062575,0.0510432866657355,0.0943605396523497,0.0133038539155687,-0.0551754390015283,0.2507236930623582,0.0697823908422903,-0.0074404761904761,0.1839945232899182,-0.0387769879717659,0.2108243773924047,0.2584444811340556,0.0140804228961002,-0.0237737855313398,target,1848,51,441.21252238828686,0.0665293330379159,0.0777876972754231,0.0364040645645693,0.5291760489274194,0.6187253714975787,0.2895588783401542,0.5291760489274194,1692,0.6396219379556392,7,0.087894307712249,0.2755289378785275,-0.1586555741599529,0.0,-1.0269646629982052,-0.3873427250425665,0.4867851393533966,0.1451048985360886,380.1829926646287,361.6798632775768,441.21252238828686,12.117137363978786,0.101834412477695,0.0673563393922718,0.0294376791888573,0.0613139413258954,0.2125680439994359,0.0072204181467196,1.0,0.0055001276312041,2023-11-07,25.0,15,0.2261314513567063,0.1348569876916014,False,False,False,0.0,3.0,0.2142857142857142,0.0367493598320343,0.9222460724685502
TYL,Falling Wedge,bullish,1,0.8105381270253118,3,28,1893,1894,2024-03-27,2024,0,422.1199951171875,419.5066792441062,451.3971687624808,409.8032167323754,1.1827836278317878,0.0062294976513608,True,-0.0174121249609963,0.001968046349749,0.0076480091715731,-0.0045319782495542,0.0660151807872828,0.0106212176971982,0.0043025426636316,-0.0031249904338228,-0.1178729038403789,-0.0498902915277121,-0.0495834907012496,0.0177527030473525,0.0283781965038927,0.019559083536073,-0.0065009692519357,-0.0225383956583286,-0.0312429411352032,-0.0115642702098297,0.0063874138056725,-0.0888452238929754,0.0392476261081593,0.0460716360925814,-0.0104265326866176,-0.0219369133723558,-0.0119792951645222,-0.016091211520438,0.0004029656715676,0.0269732666212543,0.0503944960674418,-0.0310454628684303,-0.0006203134860623,0.0591213843997473,0.0171577543284704,0.040904491735354,-0.0516856547640233,0.0213810010698396,0.0098059917934054,0.0376287397593972,0.0242039728250964,0.057018914903824,0.0667225800502848,-0.0381804320331798,0.0198396359418167,-0.1690286885411899,0.0550525258170186,-0.0309347112609155,0.0851653857265184,0.1228556870713784,-0.0278582859371636,-0.0885739560636993,0.0599303981143681,-0.1064272622918772,0.0491147375497087,0.1108455427253489,-0.052352797194706,0.0422658279024854,0.0170113905079281,0.0566056753628341,-0.0357060597407405,0.0018328388909341,0.1786325445073657,-0.0883166830360253,-0.0813824205957366,0.0390108168598497,-0.0169531745138837,-0.0335497980259691,-0.0315000313673055,0.0275690961916923,0.084155465734248,0.1634843422815513,0.1582281151171911,0.0584283969733447,0.1742519532783981,-0.1183508282479853,0.0948619814725044,0.0078263061669241,-0.0742588525658942,-0.1516052711976506,0.0418808956006726,0.0293859767573274,0.0729891773435542,0.030223180905198,-0.0514032734942289,0.1908842728898452,-0.0224114749378026,-0.126228820231391,0.1265018802799096,0.0809243775195207,0.0694190875553333,-0.0028133422560723,0.2303652954773407,0.1304407963171088,0.1645267057007116,0.1238526719079249,-0.1047112965937472,-0.3270569355486844,0.0172569461441363,-0.1407870053577995,0.209736297043805,0.2148568724937511,0.0547462159365865,0.1854000418526786,-0.2005598468034964,-0.1527559224705764,0.0649952506479736,0.117864783746572,-0.1507258278366806,0.028490092654736,0.0890662048577335,0.0684290178687123,-0.1394371619591344,-0.0488280500040344,-0.0267699706831898,0.0750400222612219,0.1728142192881834,stop,1896,3,409.8032167323754,-0.0291783818044268,0.0080782803505024,0.0312943987678451,-1.0,0.2768584085522131,1.0725200245031166,2.377015541774718,1865,0.6175499100636559,7,0.0690198938661491,0.0542781830458074,-0.0161553036598742,0.0,-0.9047989221496636,-0.2872490120860098,0.4458056398471756,0.0713418224792798,419.5066792441062,409.8032167323754,451.3971687624808,7.550715855189732,0.0366770862952785,-0.0216411161785341,0.0179522485630477,0.1044008248817147,0.6806103504293339,0.0100217715757542,1.0,0.0366124576361281,2024-03-27,4.0,17,0.3086924878854618,0.1510077818743955,False,False,False,0.0,1.0,0.0625,-0.0298560922792,-0.5202574027414433
TYL,Falling Wedge,bullish,1,0.6965613297783735,8,94,2332,2333,2025-12-26,2025,5,460.3699951171875,449.6907682809624,621.777385841378,438.8860475693653,1.402605195389654,0.0237479343350737,True,-0.0418576128289305,-0.0421194712117716,-0.0542985559345842,-0.0045061210178379,0.0244844876802885,0.0058167311373644,0.0844481794030427,-0.1024352657494673,-0.049348937216517,-0.0427727439186788,0.090200474134154,-0.0268346042127674,-0.0766470095188803,-0.0115110853936757,0.0310820929532258,-0.0481967603622787,-0.0234377447627784,-0.0394618430215023,0.0016357773774673,-0.0304028174323052,-0.0059040058010978,-0.0415994438927507,-0.0258731530514515,-0.0302148354793813,-0.0412978302259722,-0.0863224193343463,-0.0039556042119972,0.038292350477705,0.0814338207144602,0.0729314758855199,-0.0683873153678816,-0.118803715921362,0.0331307332248644,0.0524212694543553,0.0926513466875427,0.0521669076391893,-0.0066725159433574,-0.0602056791430886,0.0347257593079501,-0.0066872975588391,0.0035211087682809,-0.0789182914685049,-0.0557900103229928,0.034677683207515,0.0057448413828944,-0.0310125578532766,-0.074309776523055,-0.0858727309516657,-0.0918770818074874,-0.0813950449519449,0.0149253011523087,-0.0462116660178063,-0.0778886498507978,-0.039344595647363,0.0277554765367076,-0.0177003016455248,-0.0193575195716418,0.0749999587697201,0.1029170544155886,-0.0407592867153255,-0.014058884650459,0.0058255471113006,-0.0663933998857309,-0.1106022870515275,0.0464569707890305,-0.0645601831426961,-0.0156449782203537,-0.1237949156771023,-0.0474743522199997,-0.2720855205468809,-0.2802451163898055,0.0034562898258574,0.0082136488191031,0.0487142456735967,-0.0716799545070823,0.201140889675965,-0.0763632881248126,-0.1170876293602237,0.1847853179828471,0.1242506398299569,0.0086954066955931,-0.009650612048301,-0.0349962104519098,0.0078263061669241,-0.102404013393241,-0.0145861347039515,0.0522666829427083,0.0507141945272977,-0.0322884292217743,0.076928029050044,-0.0052925695690944,-0.2872176610373561,-0.279992169914707,-0.2379201207251949,-0.0401699181400025,0.1524225867850499,-0.0146939847369367,0.1977033903751646,-0.0097313724347014,0.0975703862597046,0.1494456286040419,0.2222745028763866,0.0694748918117782,0.0170485106703817,-0.1355028586953481,-0.1362163182652824,0.0101807436452951,-0.0093914148366913,-0.0367168237295463,-0.0088347412442195,-0.0657849174102589,-0.27588368528908,-0.0471741170967722,-0.0159552055750855,-0.2859954340934009,stop,2336,4,438.8860475693653,-0.0466666980378542,0.0087104064299504,0.0623194446764566,-1.0,0.1866514408815655,1.3354157739188108,7.512929845174181,2233,0.8779798676584243,6,0.1124169664035304,0.0596365885309984,0.1390318461478932,0.0,-1.4351047260239806,-0.5571248583655581,0.1026279098686719,0.1897561928616806,449.6907682809624,438.8860475693653,621.777385841378,9.531426565987724,-0.1430561519913905,-0.0227738286132108,0.0206728551955462,-0.206573710326359,0.6384860401800702,-0.0006936775321645,1.0,0.0186407996250761,2025-12-26,17.0,12,-0.0943470491061762,-0.0384243054943742,True,False,False,0.4545454545454545,0.0,0.0,-0.0228161529039225,-0.0774532135417372
TFC,Falling Wedge,bullish,1,0.676468742906053,3,31,682,683,2019-06-05,2019,1,35.49380004709689,34.80054493771709,37.59877357150967,33.473785944943494,1.1481754321652098,0.0199208118901736,True,0.0087465631266763,-0.0092556542837731,-0.0258714770731032,-0.0132215267006182,0.0545167492446696,-0.0632429722351425,-0.0087561911590795,-0.0375595051260534,-0.0375940008230489,-0.0624205568738193,0.0447359409600855,-0.0283511267880628,0.062552124194855,0.0262950931504699,-0.0212497758700901,-0.0078212447778809,-0.0244884902105402,0.022370355883218,0.0076577104137558,-0.0601193541936122,0.021717970195034,0.0325570444400005,0.0146612247941244,-0.0022378149567804,-0.0367252070359681,0.0279242050710213,-0.0251391451432951,-0.0152903891588482,-0.0765719201760853,-0.0786696875660764,-0.1760831819316415,-0.0658319300403774,-0.0006269041460553,0.0474316532402878,0.0255338761679155,-0.0142677895543036,0.0225876632073629,-0.0094364359412557,0.0424289807587128,-0.0845972931290184,0.1060760051343556,-0.0051350408589031,0.0474742527835521,-0.1028472381721304,-0.044258932875373,0.0167271476597273,-0.001830914488854,-0.061710031460716,-0.1911374736901897,0.0014546390290677,-0.0773627075806192,-0.0263269504981,0.1044743089324551,0.0981861126013301,0.0479695150217154,-0.0566244710414346,-0.0029810844401867,-0.0312084727284612,0.1653435055517791,0.0568637011218451,0.1077745501302949,0.0726673535094759,0.0626636808785825,0.0644854385496891,0.0975605092290354,0.0085652532845785,0.04621604665231,-0.0136028084891229,-0.0285799467900563,0.0095604715375607,-0.0362721975869215,0.0582162377029851,-0.0348511300818132,0.098179797032404,0.0188512216439882,0.0227220053042285,0.0126550372875413,0.0096676010527601,0.0129864887115698,-0.1701947192739247,0.1967502027481957,0.1664236313883094,-0.0385870063492993,0.0639450803417889,-0.0932202071007843,0.02405174388175,0.198422217031152,0.0794828635041127,0.0228319864136228,-0.0129086856832495,-0.052202029235069,-0.0196006452784526,-0.0262068964034225,-0.0640230948439013,0.0282669629510643,0.0637009316418844,-0.0703809654729442,0.004757788913787,0.0499532945401377,-0.256811802330152,-0.0370424472491932,0.1494909745581882,0.1030924310183925,0.0694948139826203,0.0621425386281813,0.0273386900907555,0.3436432549698567,0.057679485051552,0.0701084223553838,-0.0576138254361242,-0.1153919291543703,-0.0688537352571665,-0.3938881447890278,-0.0342048267363754,-0.025980992017245,stop,726,44,33.473785944943494,-0.0569117451350104,0.058380273978903,0.0650938961648322,-1.0,1.025803616466319,1.1437691114621702,1.0420588263066142,650,0.5305780530618235,5,0.0277300254744211,-0.0050407490266877,-0.1161631752440058,0.0,-0.8539750322588398,-0.3233969791970146,0.7631409093710391,0.0867578944428118,34.80054493771709,33.473785944943494,37.59877357150967,0.6611521267840195,0.0228682898982142,0.0186110295906534,0.0185630689265401,-0.018603279815465,0.9489803465148124,-0.0004094531930447,1.0,-0.0172613999908697,2019-06-05,9.0,15,-0.0295772739908286,-0.0089216070569833,False,True,False,0.1428571428571428,5.0,0.3571428571428571,0.030177758990683,0.9472945678623124
TFC,Falling Wedge,bullish,1,0.7195715580567877,3,21,734,735,2019-08-19,2019,1,33.936646524477254,33.73551411671269,39.48114966924186,32.328061416400075,1.7952987970155103,0.005962037722879,True,-0.0113855647971569,0.0015358302989175,-0.0163377527512796,-0.0287710183354897,-0.0572963901518861,-0.0492404842035821,-0.0343781789553002,-0.008170686950209,0.003921842050244,-0.0454389082326198,-0.0042735344119518,0.0279072401352999,0.051566520200861,0.0497411839891679,-0.0029586832324641,0.0059655424143807,0.0054206038487665,-0.0549736519593258,-0.0264294194383604,-0.0559761489285941,-0.0589050527137001,0.0602522316806937,0.0005331725001105,0.0032223251572616,0.0067526915181393,0.0646687796658083,0.0830697504138293,0.0096027521627819,0.0013355363374087,-0.0021219365910768,-0.0047628074355332,0.0745416854503639,0.0688302996258596,0.0561102910814121,-0.0200093544899215,0.0725060517343652,0.0332225626811542,0.0152516431933451,0.0200433662702954,0.0241623061342612,-0.0340295453831739,-0.0018945381294042,0.0342379885319326,-0.0236966862972164,0.0635000346157244,-0.0235060838213491,0.1334049322518946,0.1020445210775817,0.1678589620708364,-0.0389631988572137,-0.0241871030538362,0.1076480393731535,0.100599928970025,0.0267712192020841,-0.0618625577118807,0.1374142740331188,-0.0091653202629655,0.1208895668017102,0.0466356117322444,0.0662396357796089,-0.0248439649474276,-0.0710759030333615,0.1569131367486669,-0.0062638953678443,0.0794105415158143,-0.0981756367572518,0.0873747387693486,-0.285562832178339,0.1095221701105701,0.1329753148782775,0.1038762990107489,0.1717279976325554,0.012899616419727,0.0520168754026022,0.010378383058087,-0.0102452741517605,-0.0031578813561835,0.0418480901607947,-0.0137660687738994,-0.1084338253747609,0.0097594598388588,0.1809052008169807,0.1117077958449612,0.213762420286534,0.0702029361042306,-0.0981930689563054,0.0666022650464679,0.1391424937687284,-0.3060669527243992,0.1477808537629203,-0.041965429415477,0.1006300205087444,0.1790987078830381,0.1151547887972848,-0.0155354425028375,-0.0184485135269912,-0.0435851511123941,-0.4295645450268079,0.2017169515858961,0.0606858126533464,0.0438567792127577,0.0441212864977198,-0.0635644760109133,-0.0258685283658439,0.0620242485758173,0.1148218634173681,0.0222916307208544,-0.0566749100266679,-0.0124815786850884,0.1305480813227879,0.1727898934981566,-0.0133016164165951,0.1732122043314383,0.0947971607635622,0.1570066503377598,target,783,49,39.48114966924186,0.1633780503552571,0.1643392542480891,0.0332977506107331,3.4468198896807034,3.467098603306237,0.7024894031795483,3.4468198896807034,712,0.5817913847095015,5,0.0544753687304994,0.0403668163381594,0.053624418962298,0.0,-1.3184605791866009,-0.7366691944770977,0.5551311493099244,0.1070136561081458,33.73551411671269,32.328061416400075,39.48114966924186,0.928225503314146,-0.0195773483681465,-0.0362763969452846,0.0271129134861264,-0.0643934469706881,0.3389842562958642,0.0146079431376255,1.0,-0.0186972692326893,2019-08-19,9.0,15,-0.0325825922693688,-0.014019109124685,False,False,False,0.2142857142857142,2.0,0.1428571428571428,-0.0036980731021251,-0.2887736678153613
TFC,Falling Wedge,bullish,1,0.748017795407089,5,63,1221,1222,2021-07-26,2021,3,42.25811251895967,42.81228528291834,51.28953644015098,40.34133828570848,0.8666078600428904,-0.012944246267082,True,-0.0011067853782755,0.0041670147019597,-0.0119072972680577,0.0087465631266763,-0.0228713777563798,0.0084701586049178,0.0189944131106634,-0.1076750989960351,0.053850161488314,-0.0398874374118246,-0.0734497962090141,-0.0234078943240947,0.0191191958619769,0.0219065878935826,0.0316753943959184,-0.036188890209056,0.0033782947354759,0.0506931686066323,-0.0143504350896426,0.0087103736287617,0.0191343062944946,-0.0279460305754614,0.004543496626332,0.0464944759967089,0.0414479055505203,0.0710845519490603,0.3177038919030877,0.0533405801544726,-0.0103350733578267,-0.0794771647764055,0.0480180379282271,0.0504961961213925,-0.0414923886704909,0.077098769363936,0.0142248617779809,0.0881139206784167,-0.0370591005444459,0.008995652891329,0.0127604223254353,-0.010159145506823,0.0192672275123471,-0.0138952273406159,0.0180912314702059,-0.0051644893410269,0.0104842363446806,0.0168896264525621,0.0431937940091324,0.026485842454895,0.1795029234450582,0.0331112222458491,-0.1123794386196439,-0.0101295436822219,-0.0387116439653311,0.0626247836213045,-0.0105684237220231,0.0364008045146755,0.0357120205270697,-0.1021272663486453,0.045885855234323,0.012628458497756,0.0196078216056807,0.0158695221146805,0.006802357567895,0.0525196881935183,-0.0066870907551997,0.0024128133071181,0.088276023632954,0.0344752178505975,0.0259324887458617,-0.0016369490724293,0.0094807534887428,0.0103082796096909,0.0970114091590219,-0.0564814098547403,-0.0058302561311099,0.0244219004818537,0.1189858203181586,-0.178419777895327,0.0113272499777055,0.1954612803674944,0.0020609705202483,0.0146912257591205,0.0450880609353279,-0.0576832414899985,-0.0339753964520616,0.0354688790101445,-0.0538099157261275,-0.0309376343697268,0.1357475976071758,0.0631832487938257,0.0683589099475161,-0.021885809100839,0.1639198214777151,0.1362465643805188,-0.0097607700208471,-0.0423868976908564,0.2439247475009467,0.1359450585333119,0.0740725418277259,-0.0366412618612745,0.1460294585179486,0.0067978232855878,0.059379182040909,-0.0520240983644882,0.114331256836913,0.101672188344555,0.1805341907531861,-0.0209667780997953,-0.0473183163951314,-0.0144242337727577,-0.0457189347272158,0.0181083844341278,-0.3561565755732718,-0.0688902613268666,0.1445944862655797,time,1281,60,49.185054779052734,0.1639198214777151,0.1663380861529683,0.0209828630534767,3.613854015735445,3.667168224041628,0.4625981362342009,4.711782829985345,1155,0.6914065030125696,7,0.0743738474466227,0.1185943474203414,0.0092512919937592,0.032258064516129,-0.9498000150325524,-0.2583935120199835,0.4004120065911008,0.1967312364147572,42.81228528291834,40.34133828570848,51.28953644015098,1.3304525129348737,0.0392197904547853,-0.0396155293582809,0.0310825194387805,0.0927518103893987,0.5820926114656985,0.0027541401780117,1.0,0.0337778934356904,2021-07-26,12.0,16,0.2125952382943421,0.1164378991985786,False,False,True,0.0,3.0,0.2,0.0289178455515005,1.0001841386969663
TFC,Falling Wedge,bullish,1,0.7139578120406219,3,73,1778,1779,2023-10-11,2023,1,25.420253027404367,24.35976527773414,31.91615478642609,22.92269395721893,1.7689728313812696,0.0435343993498802,True,-0.0244398272431861,-0.0090147734106645,-0.004582094160254,0.024934247394964,0.0442686375858956,-0.009938540630763,0.04438435705992,0.0034508328424909,-0.0449609239400466,-0.0275680634283046,-0.0334743503094971,-0.0275680634283046,0.0077500840457866,0.0235172284093598,-0.0402297890763728,-0.0444613818703655,-0.0108659692850032,-0.022897758150241,0.1643220734725514,0.0150247453293939,0.0589320539112223,0.0315811742570146,-0.0320207522446584,-0.0509165190363928,-0.0065178085137808,-0.0724638596192237,0.079280639968839,-0.028509992234586,-0.004387592526036,0.1257793737751307,-0.3160265274414205,0.0295417784673681,-0.0050826575559701,0.0947549275124959,0.0045417647482097,0.0684060510184871,-0.0189175962408049,-0.0812879933683372,-0.0623337233921048,-0.0571605488549955,0.0540439596968145,0.0352759298478262,-0.0630005469187464,0.0547647157738824,0.0388996555357239,-0.0447224069460204,0.031907732737179,0.0312211159620241,-0.1201441917254003,-0.0370962583087527,-0.0211749598294089,-0.1762989966622316,0.0428569125781757,0.0242088539518017,0.0770872163617362,0.0019605829938025,0.1218016627848705,0.0182958545641118,0.0364433263916479,0.0496546864260316,0.1576433961836987,0.1275509659910056,0.0100680271233588,0.0566036624505688,-0.0414919873497453,0.1218016627848705,-0.0163054840783145,0.0137660200468385,0.0095461851032457,0.1728106975055581,0.1241094572870096,0.0794828635041127,0.1717936732536691,-0.0364194873604626,-0.0739635282882414,0.0008210382513709,-0.0424164763076992,0.1801111257620689,0.1085539587744115,-0.0448511016533695,0.0703615714194076,0.0022253104822349,-0.0916255521924898,0.0733994872034267,-0.0049932024279322,0.0899772189135998,0.0232944307553726,0.1385899014036771,-0.0540646731857622,0.0464716813203305,-0.0130691574843203,0.1416267433983878,0.3123323864485707,0.2217629950537216,0.1323789360314793,-0.0996998163742214,0.0873005438345226,0.0620736288655661,-0.0469350090564576,0.1439599622201506,0.0371516825521216,-0.0911866451012376,0.0119849533650777,0.0653991138854204,0.0199779580767112,0.1158936270006001,0.0509182721049439,0.1675788245029883,0.2206100047949453,0.0212310691797799,-0.0182174409650903,0.2157427223121026,0.2244417126683184,-0.1295010665337687,0.2527772347803731,target,1823,45,31.91615478642609,0.2555404052044172,0.3005906457596544,0.08520023465033,2.6009001494965345,3.059423244117291,0.8671712908254904,2.6009001494965345,1704,0.7628338197147218,5,0.0163919430188151,-0.0321163802286489,-0.0699112618221625,0.0,-1.103004175084913,-0.3401703553701907,0.2749863923046202,0.2575160009240522,24.35976527773414,22.92269395721893,31.91615478642609,0.7543982844493043,-0.1326579411065076,0.008928382229802,0.0295267140150828,-0.0762033605898772,0.5230774648094039,0.0030769884899668,1.0,-0.0193746781824096,2023-10-11,16.0,9,-0.0302388023765295,-0.1035472965882243,False,False,True,0.125,4.0,0.5,0.0859959951804428,2.01457136728827
TFC,Falling Wedge,bullish,1,0.7775878405419364,3,34,1952,1953,2024-06-21,2024,2,33.49806244435942,32.742472032852675,38.934771808908806,31.615064965069024,1.5032428299377931,0.0230767674092722,True,0.0468874955380878,0.047089692060929,0.0211993458026007,-0.0239871796577144,-0.0497475343702191,-0.0125979506669425,0.0033473742782104,0.1056300554225924,0.0138208394417185,0.0269214425698629,-0.0338983343174367,-0.0417014386549073,0.0092328479689174,0.0108236670278045,-0.0125512956088975,-0.0334956345606934,0.0254003485746618,0.0060879913568046,-0.0144595174512025,-0.0846843592520003,0.0019550718587915,0.0030445844126363,0.0508704793293584,0.0307193040410864,0.0106029984896802,-0.0146205156605264,0.0284643088387794,-0.0839724557595813,-0.044258932875373,-0.000512357507205,0.0731603019461266,0.1002063690376724,0.0313673649842876,-0.037409691884551,0.0018670727888452,-0.0224563524619438,0.0103227585830618,0.0170320869637243,-0.014122120215674,-0.0026187926717911,-0.0404455836294604,-0.008839514938578,0.0455681092445929,-0.0354061723959074,0.0479713122633318,0.0281544443085949,0.1797356915470089,0.1607767472308281,-0.076110700298697,0.0494614895588156,-0.0498116657288387,0.040218089855579,0.0344752178505975,0.0408450124618589,0.1847655632938094,0.107142825355025,0.0522821777668012,-0.0471991989162251,-0.0305283828762639,-0.0263438894226389,-0.0695950850432109,-0.0239880306445902,-0.039496010770297,-0.2555916292173492,-0.0363652492539698,-0.0282991757437638,0.0728876984203141,-0.0405359126408658,0.1868250343467044,0.1718542988994442,0.1437832726970829,-0.0602028813155804,0.1555882871993719,0.1754095298016451,-0.0458057546813007,-0.0118075380855618,-0.1165596352064003,0.101881248701571,0.145900081701936,-0.1712391119477582,0.1498877903086246,0.0287677179688281,-0.0161693267609701,-0.0348511300818132,0.0016915007212314,-0.0430128282239921,0.1388102033204903,-0.1102413874189477,0.0519259443874138,0.0900944694925416,0.080200383879847,0.1463409207113854,0.1426602694825329,0.1082328817684121,0.2981402235426098,-0.0918000683247162,0.0035571132690708,0.0115048791193157,0.1253872112954748,0.1573778584421592,0.0217284254988601,-0.0738904142706763,-0.0025255766789378,-0.3706230512235351,0.0464290582064339,0.0319365851979045,0.0706500943988814,0.1191518731552248,-0.1667058371224639,0.0252322260053379,0.1127741301406717,0.0246447977100363,-0.2245888027911255,-0.0889619903285852,0.1411893327204359,target,1969,17,38.934771808908806,0.1622992187557059,0.1662622387871632,0.0132040705806407,2.8872632195971937,2.957764372117074,0.2348971709705732,2.8872632195971937,1916,0.7718844176909299,5,0.0031640169443353,0.0301783187385769,-0.0133605239840239,0.0,-1.091383618575843,-0.3194992008849072,0.2574269062168656,0.164642672701794,32.742472032852675,31.615064965069024,38.934771808908806,0.7543740617242489,0.0863673924523409,-0.0195280335998336,0.0227158143088749,0.030185881154823,0.9402973177633438,-0.0032761535433095,1.0,0.0310226987450421,2024-06-21,18.0,9,0.0171274903314275,0.0831446306791798,False,False,False,0.0,0.0,0.0,-0.0145275397720383,-0.2767766962852195
TFC,Falling Wedge,bullish,1,0.6900750521422713,3,48,2397,2398,2026-04-01,2026,1,44.9450306531856,44.00209317934139,58.02170735982463,42.39514327961297,0.9651597303634232,0.021429377688944,True,0.1005015139817111,0.0486931261537235,-0.0028542384084434,-0.0500983417735126,-0.0041997934332302,-0.0510503806900275,0.0240385950828818,0.1116838476772004,-0.0268120464619948,0.0040829093235614,-0.054736865524653,-0.0077484797847776,-0.0009986401278218,0.063389139821566,0.0365251214557373,0.0464941304925186,0.0187619373336056,0.0140975430872596,-2.5094717892582e-07,-0.0388598804036159,-0.0470659012482207,-0.0125979506669425,0.0993989912415155,0.0776107148814682,-0.0078445944662732,0.0415138767716176,-0.0304365698736327,-0.0033100629911686,0.0153104162995434,0.0045114397044625,0.0168236696084345,-0.0139267236546009,0.0487266862168265,0.0280139182511982,-0.0092017599772343,-0.0430314774677303,0.0128730522322559,-0.0211760482756477,0.0115318234236694,0.00294825988095,0.0002483619611148,0.0112941660648988,0.0679906732992505,0.0487266862168265,0.0357789020569019,0.0663502503940713,0.1227382684255882,0.0109842941632603,0.0444390415118503,-0.0755440212270144,-0.0630612697745486,0.0286750840824847,-0.0330974188399504,-0.0046355208922443,0.0050365862066072,-0.0189524623183925,0.0699007439195773,-0.0860693251240938,0.0588234957128106,-0.1212297417288416,-0.1549598543841017,0.0366332159738467,-0.1129348426234503,0.0370689139041569,0.1477950212663443,0.0521179040972783,0.067908345784895,0.0583342910639053,0.1259258590950322,0.0621175122260959,-0.1081433521242234,0.034121010567772,0.0532960007030987,-0.0610187055368399,0.0252154816787,0.0418375275958577,0.0407087617300809,0.0741869308359672,0.0781695054337208,0.0145227001261036,0.0282664222200068,-0.1835264623668521,-0.1180925799546783,0.0785254337330354,0.1761142462680318,0.0915068483401313,-0.0431699077498441,-0.0088226735022043,0.2230127275526046,-0.0604471700651022,0.0361621626808854,0.0360890992115721,0.114331256836913,-0.0349355082300877,0.1899293577875354,-0.070002698412198,-0.3167895430179516,0.0790347322381339,0.1961972318843456,0.1576045464439439,-0.0923227402101753,-0.0223759007252554,-0.0974385915844731,0.0404499251621148,0.1613833045121215,0.1805341907531861,0.0786057175281997,-0.0439398498376613,-0.0653040151116604,0.1229922322107099,0.0200872986955575,0.2329951559334095,-0.0988159175352719,-0.4472228469831694,0.1040511773503409,time,2457,60,50.08365249633789,0.114331256836913,0.14715747956512,0.0008719664652592,2.0152348281769807,2.593839044990064,0.0153695256958419,5.128335016741303,2348,0.8270084503833266,5,0.066929194594847,0.1086866971434308,-0.0808113654050403,0.0,-1.1457259442670644,-0.3187174938837331,0.1587950919838003,0.2416763632491712,44.00209317934139,42.39514327961297,58.02170735982463,1.0120284706774367,0.0204881736736348,-0.0465146082353475,0.0221120960461325,0.0439346222165955,0.44303552975943,0.0091363295428248,0.0,-0.0410149463112108,2026-04-01,60.0,9,0.0658165020710281,0.0501528326566313,False,False,False,0.0,5.0,0.625,-0.0192089688179616,-0.6874699225065213
TRV,Falling Wedge,bullish,1,0.6895669926496848,5,39,737,738,2019-08-22,2019,0,126.78915489323404,126.04906723290291,136.21102080599712,122.13145257491676,0.5260356704727753,0.0058714251249765,True,-0.0026470553117258,-0.0083534129863694,-0.0150914332463543,0.0115753320281233,-0.044308496448145,-0.016151764501839,0.0168087284626647,0.0246674201319836,0.0545441554133685,-0.0198157941924044,-0.0333805409526258,-0.0056972370063398,0.0217162474651362,0.0262108263975222,0.0837006977725243,-0.010344252432259,-0.0047006157424377,0.0350102253042339,-0.0011742665849484,-0.0336491782410558,-0.0399621907585067,0.0445227122661255,-0.0073710840684641,0.0373988980066044,0.0128902231741629,-0.0065839291258342,0.0029771753614535,-0.0088460021256395,-0.0223013105590154,0.0804630531660828,0.0560353448055803,0.0450441439247444,-0.0189005020182481,0.0186769147955228,0.1710093478144769,-0.0373497786078248,0.0060274574150069,0.0018702507882468,-0.0243037032404029,0.0463374137882717,-0.0351185929957728,-0.0030657424607204,0.0123558364429008,-0.0066217557678124,0.0351752159988845,0.0217548561366094,-0.0017717059781051,-0.0318057994456327,0.0299999272001663,-0.0545409998780368,0.0453440461047152,0.1860626375585945,0.118917972344487,-0.0393043357964617,0.0020372878984993,0.045278028931641,-0.0173478703942124,-0.0340426322442313,-0.052577363784416,0.0268128220916088,0.0790442660235111,0.0628360002759558,-0.0807591634303223,-0.014068544638374,0.0706948859576268,-0.0449445312817615,0.0201825462524187,0.0299942912995314,-0.0207526695026521,-0.0353455981892051,-0.0643090677296894,-0.0330983589135827,0.0816831247061564,-0.0192489673180494,0.0091674810026891,0.0455170589201352,-0.1771473243788971,0.0579359011088449,-0.0051285730643981,0.0716082744189192,0.0973296924373274,0.0468039808786009,0.086248244437826,-0.0383025323802305,0.0711451420372768,-0.0608753535881867,0.2491061497682092,0.1310060940536477,-0.0043804262634051,0.0378919072080563,0.0805097964322492,-0.0717341637643645,-0.0885052436967088,-0.1651923992673578,0.031357256348736,0.1045767495180955,0.0705649027799018,-0.0612448428319389,-0.0945371821393014,-0.0796777500310493,0.0060391227247857,-0.0499612390905328,0.015099658742796,0.0328296061449127,0.0801064320248499,0.0415886675443002,-0.2957091208377914,0.0579313720884615,0.0551446393627921,0.0130714924198591,-0.0849983196396537,0.1028484632559183,-0.0174784193786842,-0.0159389960425919,-0.0840858683449021,stop,766,29,122.13145257491676,-0.0367358101111993,0.0466800709730907,0.0399177179651595,-1.0,1.270696653532076,1.0866159707470353,2.0228570374087345,698,0.5093917639657835,7,0.0812695647498954,0.0577848614752756,0.3549311864602991,0.0,-0.9400423160549788,-0.4306505520891951,0.7114428097691632,0.0733979987972816,126.04906723290291,122.13145257491676,136.21102080599712,2.406552101827257,0.0900556194069672,-0.0127018885227223,0.0189191038671538,0.1410728390423876,0.8085108109863097,0.0040800901808677,1.0,-0.0254668522955691,2019-08-22,8.0,10,0.2056759629151803,0.1680740108270764,False,False,False,0.0,0.0,0.0,-0.0055035321175961,0.126328001867913
TRV,Falling Wedge,bullish,1,0.6130357198266875,5,58,1721,1722,2023-07-21,2023,1,163.30612571979972,162.64275673103003,178.88601744821136,154.74052450796916,1.7885505917093578,0.0040786875610252,True,0.0020240024284892,-0.0058065143352676,-0.0333805409526258,0.0497168622952568,-0.0166565395812114,-0.0054292636444728,-0.0044955079026965,0.0058892289883443,0.0317411266166673,-0.0067601006743911,0.0016343064073958,-0.0310293076180571,0.0149488308252994,0.0006155514239927,0.007908481419089,0.0004948865641289,0.070638257647871,0.0161090159903876,0.0087999852895233,-0.0355405051173353,-0.0366637078638968,0.0187073142137548,-0.0008384162878619,-0.0246371383775523,-0.0101679166900238,-0.040821591390592,0.0101682949700256,-0.0324164191652674,0.0006278658914409,0.0359100751221854,0.009152451358833,-0.0301129520205926,0.0414663457471262,-0.0206742897786147,0.0781445428273437,0.0097771175702334,-0.0594578113736582,0.0349733937131955,0.0450441439247444,-0.0226758924671134,-0.010456054609792,0.0012188188922948,0.081768413788327,0.0166977400261971,-0.0155546015933019,-0.031276117949203,-0.0603784598232227,-0.0231684097958171,0.0359210416121502,0.0599344710540428,0.3113896403827882,-0.1034561344720728,0.0793838908378208,0.05512607088345,-0.0175251255801112,-0.0338949116581179,0.0053465433918629,0.0409703539608261,0.016350049815994,-0.0054200590308366,-0.2432080541367552,0.0247992803257559,0.1624966634328135,-0.0447000098821824,0.0480272905314733,0.0050079216563954,0.0343029639892105,0.0223260416168673,-0.0830373562597915,-0.0290016610968125,-0.0109697634360073,0.0402186290611898,-0.0573153380107285,0.0468365225962486,0.0262677925441727,0.0170905341909251,0.038646363719607,-0.0051285730643981,-0.0359278056808043,0.1266584560724881,0.0454204750964333,0.015080267345976,0.0158269288322641,-0.0371511041669778,0.0348539489193626,-0.0093042326591941,-0.0363550408944984,0.0115135205448613,-0.0485267366055093,-0.0357462437594334,-0.033780629362158,-0.0349605478328039,-0.0243458961152172,0.0104863349531266,0.0504256561118234,-0.0586793086983186,0.0885324489296999,0.1995997591650931,0.0716649639766757,0.0481892401783374,0.2821850699599515,0.0491729053493716,0.0584759584486616,0.0772534361122851,0.0342771882930992,0.0985323045033341,0.1219666429333181,0.064995083278889,-0.0018463918327992,-0.0098389601529814,0.0771107697338766,0.0649668579151256,0.0337672020800849,-0.0430002051982455,-0.0897334271695813,stop,1738,17,154.74052450796916,-0.0524511935732735,0.0208777952074023,0.0564456874119079,-1.0,0.3980423282119665,1.076156395431766,1.818890623450124,1662,0.4316499115960254,7,0.142849790805169,-0.0606908689705426,0.1032998755818992,0.0,-1.0264990395827511,-0.5948491279867307,1.156920360104162,0.0888301809902952,162.64275673103003,154.74052450796916,178.88601744821136,3.250960775494156,-0.0252991727332041,-0.008392236278351,0.0199175258253647,-0.0506256527755787,0.4062539736362514,0.0045496390903725,1.0,0.0358982501563314,2023-07-21,61.0,5,0.0201813917643074,0.046795511705767,False,False,False,0.5,0.0,0.0,-0.0569211959277625,-1.8133161931939363
TRV,Falling Wedge,bullish,1,0.6453098384548861,3,33,1751,1752,2023-09-01,2023,2,153.28543869673297,151.4984176466296,173.33176275219716,150.1784188090835,0.7512519348083402,0.0117956416830147,True,-0.0009887311070586,0.0040696890895022,0.0273569620415419,0.0645522722164562,0.0588201106273116,0.0316910654406359,-0.0185533428651185,-0.0117420370582433,0.0291325330746785,0.0005946625030304,-0.0034686375875881,0.0033067023629045,0.0012917656250546,-0.023913103324946,-0.0427505833504581,0.0811986387180812,0.0019089134706979,-0.0148453583554567,-0.0176512332145239,0.0066117279055477,0.0001770330541881,0.0105732501464241,-0.0102032981785695,0.0344751475080606,0.0467556116055549,0.0185866671336651,-0.0166778816339928,-0.0027987936979902,0.0374643131118967,-0.0012340400333764,0.0286170118751714,0.1777064687145311,0.0280877936891574,0.0051210498966829,0.0268575806477953,-0.0381206290038348,0.0868585227898279,-0.0027987936979902,0.1612936254279959,-0.0084205895267781,-0.0300407773139381,0.0267836595003441,0.016070191103505,-0.1053659766703333,0.0119644344150837,0.0134774556716895,0.0060791583821646,0.0546952980559702,0.0828578582470791,0.0166955611787493,-0.0375681710787243,0.0076406035233338,-0.006344188103649,0.087195877665867,0.0833785175784669,-0.01320294125119,0.0528535138030124,0.1817827626096926,0.0208137718994132,-0.0622582703349976,0.0095668326965379,0.0260083713668544,-0.0143334247244939,0.0472393474966343,0.0591742143193014,-0.0620725040248324,0.0085178885323455,-0.0106301419755265,-0.017786615589029,0.026167226761024,0.1008773766718592,0.0732985042780007,-0.0450688399452459,0.162907039868535,0.0366256389098049,0.0361616560914659,0.0118849337073161,0.0045797989749014,-0.0416914917703159,-0.0010620822249489,0.162907039868535,-0.0668350801156144,-0.0236155502560351,0.0300326535028652,-0.0331479007778057,0.1613482407088757,0.1447807143677493,0.0400264823645342,-0.250962580603097,0.0853850733315684,0.0716868893891222,-0.0017948302224865,0.0964134993648688,0.0835352304701675,0.0278965234906003,0.0336520689077495,-0.0337959465472657,-0.0794094980477203,0.0827414124051761,-0.3086182777391409,0.1404644713871092,0.1249287684044428,0.0028686163360303,-0.1352337937187384,-0.008894262142884,0.0960384767542368,0.004506385120425,0.1041998468949045,-0.0278613829292959,0.2113505834548623,-0.058176139897067,0.0009097908414692,0.2014239837412803,0.2882769306175927,0.0630500714981805,stop,1787,36,150.1784188090835,-0.0202695044882674,0.0755195082252141,0.0245488461266242,-1.0,3.725769826732913,1.2111221633875549,6.451945845325657,1716,0.8977596363672562,5,0.0218767084567746,-0.0312874585533338,-0.3157299168075439,0.0,-1.1898742482845497,-0.2921146119172876,0.0801298370026939,0.1135260922906016,151.4984176466296,150.1784188090835,173.33176275219716,2.208012277983169,-0.0814559405116828,-0.0361798006504987,0.0144045816011173,-0.1062311066262231,0.2550358938647591,0.0071328133328181,1.0,0.0098027052173994,2023-09-01,61.0,5,-0.026847132064327,0.0111908685134152,False,False,False,0.0,2.0,0.5,-0.0468716838412103,-1.202236358771619
TRV,Falling Wedge,bullish,1,0.6456944559969477,3,21,2087,2088,2025-01-03,2025,2,235.2849313433228,233.162040463882,259.2376990037442,228.85846598605508,0.5937813889749785,0.009104787705654,True,-0.0351086988496822,-0.0101536069185829,0.0115443049890615,0.0225290745312503,-0.0132330005085424,0.0101602402842528,0.0448268874855217,-0.046692288270033,0.0336390279317238,-0.0462792164384741,-0.0123305382250351,0.0352708554102254,0.010721651859278,0.0173612154486844,0.0174840192767169,0.0204440697270229,-0.0318494814669511,0.0161500568934538,-0.0036430445213145,0.0416599155781221,-0.0138399598440646,-0.0142005398933497,-0.0400948613620597,-0.01099982455162,-0.0223703198915463,0.0693132706636534,0.0466384357264288,-0.0438077663872821,0.0348379176369317,-0.0223013105590154,0.0260434850453099,0.0029122856431638,-0.0507331542172371,-0.0152042598428481,-0.0034186206630263,0.0560574395031843,0.051760903617112,0.0286170118751714,-0.0075238517939079,0.0151307882236353,0.0107146067110026,-0.0587290171526869,-0.0055454541196662,-0.0123228938774937,0.0276898354237542,-0.0185063071244292,0.0092631087309802,2.226552153428152e-05,-0.0921466710585546,0.002137186816304,0.0227521785669759,-0.0005622576819686,0.0708343264056654,0.1035293450352201,0.0624042937740976,0.1218230662209571,0.0664036188152743,-0.0705672525774867,0.0692238408792425,0.0706400886335605,-0.040391227770404,-0.014718633385675,0.0587145632916061,0.0656294470538809,0.0539969444262997,0.0761400798877367,0.0633835747808124,0.017359804990549,-0.0260662071242244,0.0670334191495167,0.0891879482520759,0.0141760934665862,0.0365244079085167,0.0180007700692663,0.173058439495882,0.1566690382619546,-0.0592451983340555,-0.0955655860039024,0.0296676669161803,-0.008977732607397,-0.0519698491822163,-0.0155681694278938,0.0885684002689535,0.0934829713525866,0.0529053001799517,-0.0455313936317264,-0.0527666147906248,0.0891401821646207,-0.0858173891494709,0.0627973617295285,0.0492729394939057,0.0445923372404844,0.0982220986644475,0.1486219265097228,-0.0942777387771276,-0.1149821589905784,0.1215175655604672,0.0342650249287237,-0.0609586109453887,0.0890800629971502,-0.042330938424994,0.029554586944021,-0.0942777387771276,0.0526853428922517,0.0936139295528246,0.0195041090142116,-0.0108365420775105,0.011050412290094,-0.0247034417054922,0.0026932625708511,0.02870141907202,-0.0612448428319389,0.1617514058703544,-0.0721650762526141,0.0947900970189376,stop,2091,4,228.85846598605508,-0.027313544138066,0.0176163856496967,0.044744036263171,-1.0,0.6449688682160178,1.638162958164504,3.7272071549149857,2064,0.7683605843698939,6,0.1546432459903687,0.0817273250013768,-0.1829202354974057,0.0,-1.114992271043192,-0.346631686673297,0.2394974075381079,0.086405065843773,233.162040463882,228.85846598605508,259.2376990037442,4.095539779771081,0.0684309717948683,-0.0351498014139257,0.0173729574156098,0.2105232352781707,0.7331058266791096,0.0063514086229743,1.0,-0.0225745662033242,2025-01-03,10.0,13,0.1330474564486052,0.0415409014226639,False,False,True,0.0,3.0,0.25,-0.0112355293922942,-0.3871234448533795
TRV,Falling Wedge,bullish,1,0.6925203837522923,3,32,2509,2510,2026-09-11,2026,0,383.0,367.06606202395415,394.2064601732327,356.84181100835235,1.0890729878454375,0.0434089108870163,False,,,,,,,,,,,,,,,,,,,,,,,,,,,,,,,,,,,,,,,,,,,,,,,,,,,,,,,,,,,,,,,,,,,,,,,,,,,,,,,,,,,,,,,,,,,,,,,,,,,,,,,,,,,,,,,,,,,,time,2512,3,379.3800048828125,-0.0094516843790796,0.0025848308991514,0.0208094026650212,-0.1383885986275032,0.0378462834216506,0.3046847479864894,0.4284111632044152,2477,0.519047694432688,7,0.1597983697284578,0.2978075620634812,-0.2063050533147891,0.0,-0.8619262026761436,-0.3428785082434454,0.6255731584015507,0.0671136946640666,367.06606202395415,356.84181100835235,394.2064601732327,6.2377180485227735,0.2035942105106447,0.0280248107282063,0.0166250475628472,0.2518020698297734,0.9824603671758302,0.0081891658113455,1.0,-0.0174705954262394,2026-09-11,1.0,14,0.0938337531582338,0.0572198656762772,False,True,False,0.0,3.0,0.2307692307692307,0.0258782940738719,0.2482103098563388
TSN,Falling Wedge,bullish,1,0.8091755568499859,3,41,784,785,2019-10-29,2019,0,66.76070136507796,66.52312174337746,76.04678317969288,62.77188925571439,1.137559860440837,0.0035713841364359,True,-0.0031631084075391,-0.0150275193379625,-0.0091896145332286,-0.0313707005471346,-0.0021017632451348,-0.0094023135735122,0.0136971313682234,0.0061994661205715,0.007636574204509,0.0242393666387632,0.00435467176278,-0.0114719382894883,-0.0265711889045695,0.0343844694372361,0.0434852985306193,-0.0141672344725315,0.0216431828711134,-0.0006995738552481,0.0005283504452964,0.0040815535803904,-0.0718542493074753,-0.0195072656674087,-0.0013588195357277,0.08139668778751,0.0630397721412756,0.0219663430917078,-0.0161410420554932,-0.0264092690520947,0.055312446687568,0.0309834008445746,-0.0123142811878949,-0.0252170105414304,-0.0468729619366699,-0.0180016119278175,-0.0152560363894002,-0.0227866035282954,0.0448786881372482,-0.0106968180466204,-0.0284093191969653,0.0567208602379043,0.081143765335746,-0.0072340002131507,0.0217718791564145,-0.3580791538425765,0.042488815704325,0.0930042832236561,0.0913736505386852,0.0562746460163747,-0.0070992037457277,-0.0263766335910464,0.0788997580750092,0.1052101854773388,0.0615756711418342,0.0931138018377992,-0.0444588633277674,-0.1086956751020097,-0.0115442729227379,0.0338295783760411,0.0279662376993072,-0.0005385352920651,-0.0008413647881571,0.0954285734968607,0.0488790187781082,-0.0401075731038192,0.0382224483250921,0.009362390902138,-0.0148450775380517,-0.0279019337216737,0.0758697239898616,0.1160666419188234,0.0465358737356045,-0.0593562239976671,0.0206837702971733,-0.0683428945011683,0.0479842093429909,-0.0067787587959241,0.0625347405424983,0.0630659898544028,0.1662317078230821,0.0953544224286362,0.0718523877155139,-0.0600859404622037,-0.3213003933071512,-0.0593562239976671,-0.0997007752182279,-0.0305224091440011,0.0987508128916483,-0.0073060306599409,0.0657378936071004,0.0998862550145431,0.16122749792738,0.1040386400507725,0.0286636804684394,-0.0427218989810649,0.0414906367743719,-0.052813869430134,-0.0194116270887289,0.2866068222979667,0.0643860725620411,0.1904929900039347,0.1314878697323425,-0.0149827618247433,0.131579381205354,-0.0442102159786621,0.0655737171946611,0.2205670047994936,0.0688280414308042,-0.0782381291685155,-0.022737859241966,0.0715179856648844,0.2072441532791407,-0.0021864589176875,0.0503125871567158,0.0667297640376318,-0.0394481247560058,target,796,12,76.04678317969288,0.1390950308301044,0.1450299407919959,0.0110719507857191,2.3280318952141723,2.4273644134504546,0.1853111100919142,2.3280318952141723,743,0.592388297112389,6,0.0635916073300207,0.1372707503371701,-0.167453005025466,0.0,-0.8490816259532623,-0.2566933288408726,0.5645637714494597,0.1375569682420368,66.52312174337746,62.77188925571439,76.04678317969288,1.4365616302982274,0.0838249360794816,-0.0309990507708154,0.0214919268172651,0.1101642113714389,0.3700806795585763,-0.0009751161831969,1.0,0.0339997335882868,2019-10-29,2.0,8,0.0322021861089998,0.0246235785264585,False,True,True,0.2857142857142857,0.0,0.0,0.0092291435953708,-0.1799388617836196
TSN,Falling Wedge,bullish,1,0.7578405985083486,3,23,961,962,2020-07-14,2020,2,49.5725157328049,47.72050279557607,56.88393780909132,45.79930310559371,0.900590788414191,0.0388095855813264,True,0.0100033135545334,0.0019390186926377,0.0300083413228544,-0.1191172842573186,-0.0048453245295543,0.0197659357019219,-0.020423456988321,0.0131756725501166,-0.0302995773218273,-0.1021975560135665,-0.0169128062731863,-0.0030021186966256,-0.0031571784824862,0.0032385789078432,-0.0531825583339907,-0.0525497658002234,0.0103145299225388,-0.0013383639301303,0.0738158393272976,-0.0005392798001307,-0.0449502636538871,0.0468993707382976,0.0227681768350523,0.0126707728121662,0.0165167965437802,0.0321625764320299,-0.0340879361495478,-0.0838065783098013,-0.0521495117650763,0.001402436055913,0.0695737464891217,-0.0195273630995437,0.0010818396435798,0.0161696409328737,0.0326813770387375,-0.0107527286614172,0.0727317035901322,0.0975876049312671,-0.0257663794611666,0.0203819397073292,-0.0412415503180402,0.0600336413791409,0.0538852722765721,-0.0057132282730909,-0.0200144293332736,0.0044391691568792,0.0871954937095798,0.0549697323707558,0.158863589359135,-0.0430476423409659,0.0603236171979943,0.1013292144683484,0.0866663810710719,-0.0910754672607396,-0.0236220699130592,0.0486349630337001,0.0470199857903173,-0.0469452646294641,0.0646723799561883,0.0518640271297479,0.0761977082735509,0.05183645276428,0.0356533449934122,-0.0001790500665909,-0.0246944760170985,0.111544320049105,0.0349056569024992,-0.0222252249588498,0.0533093714194506,0.0277611863634106,-0.0261451619075483,-0.1727692776029192,0.0211382473151697,0.0877749792473143,-0.0729291414118707,0.0168547728427819,-0.0432549763559564,-0.0380796995297942,0.0772490458487986,0.0984359242599779,0.1288927034624898,-0.2829545636811645,0.1755231701529167,-0.0895898389243978,-0.0659564079113406,-0.125481312952108,-0.2954654109970639,-0.1007516595989301,0.0645779866072542,0.1378129597019994,0.0972615984478686,0.0468467314173593,-0.0136918569257589,-0.0748377441094869,-0.0140734952818349,-0.0196525318675692,-0.3787647744152915,-0.0352925917359328,0.146791206497314,-0.0947318903562709,0.0775481505234263,-0.1313967299238488,-0.1169318133483747,-0.1507792036067481,-0.1286371612676826,-0.1075795137369893,0.0402706847442189,0.1551582886260638,-0.1106922541094889,-0.0729908385300502,-0.0947047658496529,-0.072053637279991,-0.1591230997952002,0.0442135184278726,0.0474792656885426,time,1021,60,48.893775939941406,-0.0136918569257589,0.1158690843469154,0.0556479049501231,-0.1798837913264265,1.5222895114125956,0.7311028866339072,1.9377180134400056,936,0.6928090293616378,6,0.0719374789110385,0.2620184659159588,-0.2560520359006558,0.0,-1.2578152551266315,-0.5650062257649873,0.3806427147922417,0.122782055336958,47.72050279557607,45.79930310559371,56.88393780909132,1.632893861018502,-0.1885576026633664,-0.0258154125283938,0.0335948192806498,-0.3627355198115622,0.8469953556628333,-0.0063770834193646,1.0,0.0432286725439625,2020-07-14,36.0,7,0.0084273724489427,0.0414397942379667,False,False,False,0.1666666666666666,1.0,0.1666666666666666,-0.0886881912263571,-0.6407517912710634
TSN,Falling Wedge,bullish,1,0.6162410658152433,3,36,1392,1393,2022-03-29,2022,0,76.5747208647978,74.97905713243819,87.72992462602338,72.08068281225877,0.6064084284021451,0.0212814590285008,True,0.0150815159675949,0.0353055685536083,-0.035880110867049,0.0110298006946993,0.0340148678750349,-0.0085021558631075,-0.0637389475487311,-0.004194424593981,-0.0131451849751875,0.0013964186740871,0.0322876323331455,-0.0698588585415821,0.0177522110575545,-0.0299692720903005,-0.0261091115588479,-0.0219947552431908,0.0289836397460845,-0.0291687627997228,0.0281396730316598,0.0341563686578303,-0.0094583889416209,-0.0643918890815037,0.0245140784693314,0.0516601001454255,0.0995593223214785,-0.0089564788471603,0.0465870175184888,-0.016844398575243,0.0077141836916823,0.0179780585460163,0.0093322771565997,0.0041576157396232,-0.0710619372833352,-0.0263537260140842,0.0056964719519434,0.1065514708345953,-0.1476509672341036,-0.0252170105414304,-0.0015342626735288,-0.0128866351624991,-0.0042277208826463,0.0490668654909043,-0.0327822471982565,-0.0045744511061616,-0.0105148084435697,0.0574361342970338,0.0536860443035811,0.1472471189257636,-0.0569378960887292,-0.0274131704765616,0.115395879394438,-0.0359291987383056,0.023176532873536,-0.1067051440441625,-0.0286639221413964,-0.0207557459504679,-0.0513195187764481,-0.0194124745128293,0.023611368910577,-0.0737746551509899,0.019541566879488,0.0444795443141019,0.0823885003856395,-0.0487970350549762,0.1492551046296459,0.0523339457847398,0.0183758781455556,-0.0671822438374527,0.054102678476311,0.0023636201302734,0.139153714222873,0.0148144736206963,-0.0310502705790272,0.0889990870860908,0.0160608299731856,0.0389173508819924,0.1219111577626534,-0.0234699276268298,-0.0060580670867789,-0.1710828607105331,0.1229872647314735,-0.1870021177489846,0.0660099667590037,-0.2098166869603636,0.0889990870860908,0.0738355703174034,-0.3159110399742135,0.0718523877155139,0.0851362203825194,0.1920825743433885,-0.0160414980448966,0.0013049450338542,-0.0294233978798564,0.1195423801203208,0.094562235791882,0.1184507700876054,-0.1053414474609691,0.1833419257493755,0.0951308747467809,0.0939431390059573,0.1322481438443816,0.1115028932962021,-0.0103294072315142,0.039439498626153,-0.1299563534658623,-0.1076171234063978,-0.0664211136272765,-0.05666506757243,0.0176727356012382,-0.1276151094330855,-0.0816628400616226,0.1159584011454415,-0.07319515047665,-0.0605916472479685,-0.0385661657754185,stop,1428,36,72.08068281225877,-0.0586882720796829,0.1203151393298858,0.0664039921213235,-1.0,2.0500712504626177,1.131469538431201,2.4822228096006334,1356,0.6733980243162189,7,0.1401375461552529,0.0406646937766721,0.1386098994053066,0.0303030303030303,-0.9480126293949922,-0.2746146050787725,0.3200051927557613,0.1578986927728842,74.97905713243819,72.08068281225877,87.72992462602338,1.855422577966198,0.0889794108800146,-0.0247399659189498,0.0242384118560662,0.1537789975286705,0.9494361554847868,0.0050705611041361,1.0,0.0767564847976489,2022-03-29,42.0,11,0.0580958204169459,0.0264424168193155,False,False,False,0.2,0.0,0.0,-0.0598128829393147,-1.6068182281879186
TSN,Falling Wedge,bullish,1,0.6568588729872484,3,38,1643,1644,2023-03-29,2023,0,51.83242099901482,50.92783154473773,57.95534516214673,48.815443899374486,0.5801603373102592,0.0177621828151559,True,0.0235576418971563,0.0148713454348883,-0.021226804877375,-0.0086114976432922,-0.0188736578146802,0.000965935921477,-0.029585861104286,-0.000147403461876,0.0328349213960399,-0.0140171687269837,-0.0598151487084368,0.0387361568018105,0.0181003271726929,0.0034286291295408,-0.0030422766016277,0.0190072092569966,0.0082425858656738,0.008140161549724,-0.0266691306564457,-0.0012632954369853,-0.0091896145332286,0.0124049014966747,0.0260866934458857,0.0530898061733811,0.02987689620212,0.0575477675354205,0.0309910002133164,-0.0360121579134441,0.0011219328219853,0.0708114031256827,-0.0050971887436405,-0.0034087117867687,-0.0265040001546178,-0.0672123415453833,0.0599385792443678,-0.0021882737483952,1.576219535848189e-05,0.0918039546376721,0.0766721528212615,0.0199323237137745,-0.0181817776491906,0.050273352191221,-0.0091961824577234,-0.0066297880818753,0.0153749965672775,0.0380871660240661,0.0460908296974305,0.0255011826518445,0.1433596092315905,-0.0712202567108996,-0.0274131704765616,-0.12289918131928,0.09729950326121,-0.0004769251064172,0.0561903641078593,-0.0767231747573179,-0.0639415018355401,-0.0312330977897132,0.0906227170817814,-0.0835184909661009,0.0332489036144743,0.0693152470290912,-0.0428115092250747,-0.0293616119640415,0.0867251100574943,-0.0634305606736348,0.0630297926232956,0.0689559381357947,0.04130494448153,-0.1164220348153373,-0.1425547607406738,0.0567850067673747,0.0946954893052955,0.0026869052473386,-0.0945133084474219,0.1077640849205081,0.1767598846855171,0.0576486783884964,0.0635390529178598,-0.042114792560604,-0.1027588767291862,0.0554851415186055,-0.0126268488084339,-0.0937908742171406,0.0915854078314555,-0.2209316843842097,-0.1588165712025574,0.1013575844351473,0.0743840471334773,0.0377968271524504,0.1403265514281242,-0.1331851200844421,-0.1346098502345185,-0.2062589417956142,-0.0609822714682516,-0.0736828684330765,0.0276086569720808,-0.1038437580646424,-0.0070603056683474,-0.1886372653543273,0.1017900052214191,-0.0201205635289868,-0.0131436249204762,-0.0763777506079637,-0.0433304646399699,-0.0262151760260639,-0.0021501465504574,0.01555662249564,0.2166400964821617,-0.0217704351818921,-0.1504089186048697,0.0917983756825042,-0.1388206812078747,-0.2254011977986503,-0.0996822666744163,stop,1670,27,48.815443899374486,-0.0582063704818588,0.080231958527437,0.1461249729993451,-1.0,1.3784051103554549,2.5104635762315386,2.0294897710234,1605,0.5404579564154022,6,0.0682740984981587,0.0085164899870324,-0.1622785159920099,0.0,-1.1786187535280177,-0.6381607971126193,0.6555160886882373,0.0933157726179554,50.92783154473773,48.815443899374486,57.95534516214673,1.0453457251070593,-0.1530405118866262,-0.036797675649013,0.0202820520710298,-0.1373428913583192,0.452379654859228,0.0067417144286374,1.0,0.020625582598182,2023-03-29,13.0,4,0.151441929643834,0.0119077841782249,False,False,False,0.0,0.0,0.0,-0.0208261970343939,0.1527172142935599
TSN,Falling Wedge,bullish,1,0.6061788288118337,3,34,1789,1790,2023-10-26,2023,1,41.218530753676994,40.65192372507181,51.79871062652205,39.98529654049463,0.9481832864040316,0.0139380126863648,True,0.0395626965654833,-0.0004432802892002,0.0306610133535911,0.0560598794509259,-0.0415194648567091,0.0023727327649123,0.0299411125836432,0.0057585011501293,-0.0177500341927253,-0.0273330669582479,0.047671101763667,0.0383899368448648,0.0333106840683843,1.1478539407860923e-07,-0.0373028079404823,0.0002496053432139,0.0022624489733085,-0.00250411127198,-0.021597272026381,0.045885247172454,0.0324304160678299,-0.0046715290594846,0.0309469711646679,0.0142074749853082,-0.0332346733578567,-0.0112323732991627,0.0662262356240397,0.0143262435034583,0.0017242783140736,0.0572970941165396,0.0062244529121404,0.0074611567326108,0.0583672007472153,-0.0327822471982565,0.0274728707718658,0.0720220693286337,-0.0227866035282954,-0.0899697215755634,-0.0482891906199363,-0.0284093191969653,0.0230152935350125,0.0656687318068236,-0.0777693142455335,0.0118723817089729,0.0400001675788839,0.0071855046344804,0.0557377931157196,-0.0435161967284154,0.121565960384752,-0.0495484886730311,-0.027948719153678,-0.0509329317427914,0.0796733770050581,0.0170200108451996,-0.0406298228215228,0.0049613610093166,-0.0565953420040024,0.0691258236294893,0.0011467649766343,0.0782255000259364,0.0759309189477048,-0.0017738095708439,0.0820939624333434,0.0686095925826573,0.0042046805190936,-0.0573258669284413,-0.0279267471402074,0.0259258720434838,0.0399476882973121,0.1472381694978746,-0.0009555897920221,-0.040768673307439,-0.0618431922451433,-0.0644418139712452,0.0554851415186055,0.0888409788972302,0.1034319728599284,0.0833875648380682,-0.094488102653623,0.0315411466157662,0.0988495937433484,-0.0759455759495962,0.1508372957892214,-0.0380812936927289,0.0587286789936307,-0.1509833382518237,0.1414941888072731,-0.0609345272139087,-0.0712172565180865,-0.0116067492774731,0.001726585465785,0.1400375382754851,0.1746269507776539,-0.0020263553941799,-0.0804435919790974,-0.0207975881599405,0.2592891956566268,0.1198858725367548,0.1833112109776036,-0.1123442343094383,-0.0238548873925802,-0.2256209323311742,0.0723831486196879,0.0111446946884534,-0.0432208262273079,-0.1229607429718826,-0.157412649898482,-0.0483933270354163,-0.0811002256472501,0.1244315639176609,0.1892642372804176,-0.0174749761915447,-0.0853283196809359,-0.0772687364628692,0.1814525065081896,time,1849,60,48.41639709472656,0.1746269507776539,0.2406695473659452,0.0135518892215248,5.836576916298371,8.043926314676298,0.4529463719680677,8.579213712813626,1754,0.8365298299647703,5,0.0391141723421292,-0.0314717533799228,-0.0830345527452623,0.0,-1.7498143339626602,-0.9132845039978772,0.1250961255354923,0.1296450976469316,40.65192372507181,39.98529654049463,51.79871062652205,0.9035254325024276,-0.1571122459798972,-0.0928844867833118,0.0218392184236453,-0.2369861866831013,0.4946225091675767,0.0030856052620056,0.0,-0.0372679102439812,2023-10-26,13.0,4,-0.1683995375902535,-0.1207007859745028,True,False,False,1.0,0.0,0.0,-0.0540338310113342,-0.4385048625363109
TSN,Falling Wedge,bullish,1,0.7305062049085047,5,40,2192,2193,2025-06-06,2025,4,52.926394553175534,53.41254881526379,61.19613426578218,51.194574953226095,0.4406662652211268,-0.0091018734898741,True,-0.0085021558631075,-0.0039667342933098,-0.0037619512131349,-0.1999342754201746,0.0051110964337066,-0.0205109641531994,0.060452257632761,0.0212973877001272,-0.0388173229289926,0.0411365616218579,-0.0523354478870355,0.0400974016011621,0.0324906781599922,0.0302721383416331,0.0118046138229201,0.0924354334859778,-0.0652624559974571,0.0155036977892002,-0.0218002445712004,-0.0055731506044924,0.0340851323621453,-0.0062509059312211,-0.0070241398753363,-0.0030752297888847,-0.0067506652549413,0.0298848834894496,-0.0117129794623636,-0.0561738929007806,0.035597214356289,0.0595506894396353,0.0298555694830788,-0.022472012397842,0.0195046192752097,-0.0206495667508201,-0.052856317392411,0.0165556215809703,0.0056768647086971,-0.033788240009639,0.0599385792443678,0.0538162691599395,0.1255517028064097,-0.051669085562307,0.0053594178661642,0.0186180227514078,0.0594623157747056,-0.0165777135618928,0.007778622359561,-0.0296620649913406,-0.0315819096789404,0.0232927038695449,0.0031029065616809,0.0516480016324654,-0.0148450775380517,0.0527005503146722,0.0242558486149662,0.0802376433786817,-0.0128026963548586,0.0325744671804297,0.122121815789006,0.0951665793473088,-0.0632645707711179,0.1045297419735773,-0.0223300348152184,-0.0234872751672967,-0.0124978224873932,-0.0446515147923768,-0.0291545935010921,0.0898896239644437,-0.0134665970164604,-0.0088639749598948,-0.0590647793692813,-0.0459787658056085,-0.1323496707275459,0.0565690475942941,0.0421227003926654,0.0284862535307666,0.068476102734013,0.0893176855044164,0.042883945893368,0.1105989893596208,-0.0079414450081508,0.0095539322614215,-0.1185362201056576,-0.0035097565568241,0.0008454395650254,0.0660959544459398,0.3047023624769127,-0.0120545259153478,0.0696055439097225,-0.0123547831382023,0.0872929476460664,-0.0410552618627396,0.0285196498185815,-0.0480545813712747,0.1357100394268271,-0.0360145014281344,0.1240268924844825,0.2846168095185495,0.0066556399954236,-0.1138775987895749,0.0359327898162777,0.1142475308508981,-0.0088045254166331,-0.0043751916390663,-0.1159012756252804,-0.0226511875470798,-0.0198854400935452,0.1752447266741201,-0.196511173837514,0.2592891956566268,-0.0497170793865398,0.1731135251717634,0.0964454192799546,-0.0450178670568938,-0.0111066865841515,stop,2217,25,51.194574953226095,-0.0327212842395577,0.0441390185619342,0.0464905337344649,-1.0,1.348939064823537,1.420804067288445,4.775173876567791,2148,0.6712518193145265,7,0.0899342914841758,0.1160812534395863,0.6393875308754162,0.0,-1.0659503072920944,-0.3946984879775767,0.4525100296870164,0.118044516965772,53.41254881526379,51.194574953226095,61.19613426578218,0.8156578194835983,-0.0575426052650148,-0.0473089326302648,0.0154028131396669,-0.1234069448279725,0.1929836302552505,0.0047067957910389,1.0,0.060312194636791,2025-06-06,24.0,16,-0.052393612348449,-0.0342233702073411,False,False,True,0.4666666666666667,0.0,0.0,0.0151424119761084,0.3212824211609835
TSN,Falling Wedge,bullish,1,0.7149104235175663,3,31,2233,2234,2025-08-06,2025,2,53.83594788808354,51.04920175480481,56.728013459546446,49.498720728856426,2.2907622801115064,0.0545894164352223,True,0.0259648005352006,0.0123691154963128,0.0636618789659053,0.0025876524764765,0.028252165034734,0.035200004294873,0.0400974016011621,-0.0451141775470889,-0.0299679279954362,-0.0241975215047105,-0.0187863982280031,-0.0264150913971813,-0.0982757505573075,-0.0053298237269296,-0.0146812525058549,-0.0008207390319276,-0.0069147701002182,0.0237939054854237,0.0122483039616931,-0.0140578002896802,-0.0641442944856552,-0.0120850052045025,0.033712262572912,0.0062244529121404,0.0032853990578807,-0.0087261460600974,0.0013283772244583,-0.0091961824577234,-0.0695991704411976,0.003884491912272,-0.0729670730393343,-0.009578644498471,-0.0703887286808192,-0.0717274707317572,-0.0472414377347949,-0.0521495117650763,0.0095443561052765,0.0071989604463269,0.0142781839917658,0.0032548038472235,-0.0030555137661326,-0.0780722939448209,0.031746097899812,-0.0318026661496767,-0.0230909263308957,0.0300424776208235,0.0080924064499041,-0.012151633702065,-0.0211040723388762,-0.0153129543197298,-0.0761142111406741,-0.1213938249328208,0.0175050940771011,0.0864425428281563,0.0277863257103381,-0.0570431760549536,0.0214312684189104,0.0444315557115437,-0.0115330402546924,-0.0984317611730012,0.0026117637218114,0.0444774583342921,0.0212916118873389,-0.1095413748308594,-0.0357583606706571,0.0619077234947913,-0.0353443833181263,-0.1479323995378554,0.0281736171693023,-0.0234890603465584,-0.0782409384368781,0.0625347405424983,0.1346979651911297,0.1209948859062428,-0.0633487190759042,-0.1276319414049623,-0.0866422334983482,-0.0041470497357657,-0.0583459671527668,-0.0807939470064545,0.1484685448848466,-0.1160535424671471,0.17263598108465,-0.0126583754674315,0.0016067308162992,0.2057090572524633,-0.0498600847883041,0.0603337443114904,-0.0291859747126813,0.1204709413930205,0.2915551255384505,-0.0580060544271246,-0.0775003537312341,-0.1489746722974675,0.1170353617433179,0.009345579729818,-0.0958085010511498,0.1817503875740895,-0.0816333512445571,0.038183993140509,-0.0217704351818921,0.2115283646008869,-0.1112182335724336,-0.114323800778973,-0.1295019095191968,0.0950943720696311,-0.0070603056683474,-0.0735411274462155,-0.0971627951593191,-0.0351970431158223,-0.1256070876124472,0.0518269416633605,-0.0188798425440783,-0.1256070876124472,-0.0608730277319707,stop,2281,48,49.498720728856426,-0.0805637743807079,0.0270318098357767,0.0836013117672936,-1.0,0.3355330611502463,1.0377035138923811,0.6668005767948456,2200,0.6570143479208728,5,0.0242211399167874,-0.0167102754002396,-0.0246702067475829,0.0,-1.1380748501320772,-0.4810605022111971,0.4729388156381813,0.0928329651420428,51.04920175480481,49.498720728856426,56.728013459546446,1.03059867320192,-0.0267900058265673,0.0224328442086683,0.0191979442190231,0.0005556424944288,0.8958324503030549,0.0021902434230536,1.0,0.0139730348896207,2025-08-06,24.0,16,0.0612503974546629,-0.0115654929950091,False,False,True,0.1333333333333333,3.0,0.2,0.0092778993129601,0.2545787398069328
TSN,Falling Wedge,bullish,1,0.6463613210732366,3,23,2273,2274,2025-10-02,2025,1,52.59071429007674,52.24100989900478,55.97375589738499,50.8955347988252,0.9223012774394248,0.0066940587815593,True,-0.0525348421691783,-0.0542811583461223,0.0211613966286483,0.0122157624149932,0.0056652943839421,0.0793757722561787,0.0351469243512481,-0.0095348521143685,0.0351469243512481,-0.0431518232887778,0.0071872142811963,0.0001804751129572,0.0306429246787935,0.0215374174380318,-0.007556271120758,0.0336612804713716,0.0096137018345179,0.0111129784803318,0.0147388259081189,-0.0109182794248064,-0.0198289343444995,0.0102424286993172,-0.0643668002190626,-0.0418808906638371,-0.0279256111879276,-0.0159376985343349,-0.0185040201858029,-0.025887802741748,-0.024350380473586,-0.0484984619333619,0.0142074749853082,0.0053594178661642,0.0388348240676805,-0.0036518415907037,0.0214313799436292,-0.0800836465520293,0.0584490331908622,0.0224644376883138,0.026126710241944,-0.0015980974602162,0.1121115029392403,0.0081211443541195,-0.0585790425613645,0.0324761545824765,0.0326627844937601,-0.0466385842798547,-0.055657570852356,-0.0703443709288992,0.0263250480896271,-0.0948081996616793,-0.0189977400598101,0.0810051260803452,0.0140486210151491,-0.0628878537787801,0.0053743554508989,-0.1376724002400615,-0.0440460432152705,-0.0499117937571296,-0.0499117937571296,-0.0913243436443044,-4.6583849444559184e-08,-0.0119999663029919,0.0671627487833019,0.0516480016324654,0.0495828482845233,0.0627457748294191,0.0060376137301494,0.0101955396852313,-0.0462858456813612,0.0663115648841572,0.0463112321162553,0.008746351818353,0.007481643719724,0.0472247281507713,0.0158202797432607,-0.0758663644161073,0.0748230686054309,0.1134727709789609,0.1013122698006365,-0.1116075920034217,-0.1024164682944888,0.068476102734013,0.0425928223624509,0.1080617652731745,-0.1306163180246701,0.1458388013786618,0.1077027245648158,0.0008454395650254,-0.1023009562651675,-0.0505845063122918,0.0588729484963959,0.0499175892903808,0.0855845551058718,0.055893785582928,0.1523229660231408,0.2099180685506949,-0.137479427123669,-0.1224194948548913,-0.0245553619457123,0.0722129847346682,-0.0293431828655464,-0.0735411274462155,0.1294451166415267,0.2047840650702819,0.1674531290486423,-0.1358732304313415,0.121105767885661,0.0363423882269997,0.0943129648102929,0.0442219300333948,-0.0235059470446511,0.0024955426233466,0.2381002805900385,0.1096243897727824,0.0338034639908996,stop,2277,4,50.8955347988252,-0.032233437292777,0.0073475667885608,0.0394929760671479,-1.0,0.2279485964162856,1.225217643046639,1.9956834215889228,2249,0.4819298978004495,5,0.033004038862445,0.0604686773100802,0.0570807543128502,0.0,-1.196036620890438,-0.7141067230899794,0.8945566200147329,0.0530338877053327,52.24100989900478,50.8955347988252,55.97375589738499,0.8162958986972535,-0.0332855055134913,-0.0111131727039467,0.015527378422395,-0.1170864986826073,0.5362284387439175,-0.0058748071044598,1.0,0.0338231213124367,2025-10-02,24.0,16,-0.0873791161483602,-0.0439183708504764,True,False,True,0.5333333333333333,2.0,0.1333333333333333,-0.010845879586308,-0.2797984510349312
USB,Falling Wedge,bullish,1,0.6842137052278078,5,51,1430,1431,2022-05-23,2022,0,41.67572411344319,40.27206743259211,49.727589871803815,38.47412363246002,0.86204037488587,0.034854348692193,True,0.0486072296604158,-0.0032828295884226,-0.0204618222537799,-0.0301920421257902,-0.0059749777130644,0.0083261315611482,0.0367688833758796,0.0616073232220992,-0.065692370356771,0.0202041371734384,-0.0334499487415846,-0.0576774723487054,0.0117348646461099,0.0747680404370503,-0.0030031483467301,0.0073187514561847,-0.0011802315986487,-0.1340340519038796,0.0333333713278038,0.0220571973557153,0.0299113737029645,-0.0044125268208363,0.0511096555579856,0.0385301965601867,-0.0205180718713451,0.0078073401390292,0.0702116190837949,-0.0478509411107621,0.0090256512909148,-0.0428991826486062,0.0259253136539847,-0.0874345017216213,-0.0103994400233246,0.0103011474036027,0.0040885314899747,-0.0635223377820525,-0.0066640643255889,0.0808462914827776,-0.0153550162926801,-0.0147302813698317,0.0629610162780986,-0.0056475401808793,0.0296755952412293,0.0637062188216077,0.0883475055128619,0.0306105503130602,-0.0812090334680027,-0.0390428696317888,-0.0541344182579116,-0.031412759214824,-0.0507830177512554,0.0239612368108568,0.1064179840230699,-0.1066665788029044,-0.0016732127183637,0.0652528850918541,-0.1098735839494275,0.0446524481404364,0.0486440416602393,-0.0132079152155373,0.0911106187100001,0.2555918727084356,0.0264739977920891,-0.018152902225362,0.0874149827285317,0.0598670092508899,-0.0072006385001067,-0.0609694204263375,-0.0989746649607214,-0.0499564277054598,-0.0702148096319488,-0.0174530407163512,-0.100044426476574,0.0588827191501302,0.0671551404430754,0.0508232622972137,-0.0337053566240699,-0.0786498030482291,-0.1085943914514668,0.0781075223866805,0.0635297798893237,0.0141709977248432,0.0525471999311122,-0.0294819405352246,0.1057507604071448,0.1266738666845108,0.1047666692333173,0.064686297902208,0.3971383018903365,-0.1337507727465831,-0.0059012556821514,-0.0837890042384221,-0.0220200566304631,-0.1167275040253368,-0.032318272577319,0.0236189110414464,-0.2757824188499014,0.1737911602453539,0.1426209641851208,0.0202379104854353,0.2664537626563266,-0.0756575735998388,0.0119182526643808,0.0515710745435284,0.1515430863918081,-0.0384836063152577,0.0381863095953058,-0.3744630191389595,-0.0065324436010467,-0.201803370594533,0.176989639961395,0.1727269017180832,-0.0178074107074448,0.008883613408255,-0.03280473020607,stop,1445,15,38.47412363246002,-0.0768217121379407,0.0545348982242613,0.0972138775510795,-1.0,0.7098891277812026,1.2654479423281115,2.514950196374287,1379,0.6369560360468081,7,0.0524633787767412,-0.0935683297162711,0.0007501551709454,0.0,-1.187441755432516,-0.5504857193857104,0.3544813915160402,0.1587238035860136,40.27206743259211,38.47412363246002,49.727589871803815,1.2610848803846142,-0.0945447052549662,-0.0232838170668684,0.030175975177923,-0.1043048654728007,0.6428575321115372,0.0231661214234639,0.0,-0.0737205744169889,2022-05-23,15.0,13,-0.1426684776310429,-0.1170222446471772,True,False,True,0.9166666666666666,6.0,0.5,0.0319676300600576,1.4480717446422535
USB,Falling Wedge,bullish,1,0.6808203173256157,3,35,2094,2095,2025-01-15,2025,2,45.01210953058085,45.28366585345589,51.00408702273165,43.77615402921019,1.2975537514901474,-0.0059967831172023,True,0.0112758013281757,-0.0149457012675342,0.050671878151997,-0.0332824204996987,0.0261909171802452,0.048471152900571,0.0041094981338647,0.0125031811722031,0.0044462619478773,0.0313377312724167,0.0073187514561847,0.0207795679187023,-0.0188344856417809,-0.007644407674781,0.0085533183386108,0.0245371595443621,0.0139055715617859,-0.0210035202027766,0.0053030906932367,0.0497229401843242,0.0007528746919174,0.03211509360483,-0.0017219064085288,0.0022968943159671,-0.0159975587082417,-0.0638851908041362,0.0101701141461079,-0.0846640315493294,0.0651683840123167,0.0562451097404961,0.0245927991456298,-0.0210111255234095,0.0840784002820469,0.0134812818173983,0.0324323986502272,-0.0271251555335825,-0.0442429012649607,-0.1076658304830446,-0.0727334173870699,-0.0028001528289245,0.0325496795855388,-0.0073885813652944,-0.0036672072956643,-0.041237261356826,0.0764515191345134,0.0063594527598654,-0.010440682089703,-0.0366284369984274,0.1497215529926974,0.0257027611054696,-0.0486110073067764,-0.0676378926467623,0.007544162937747,0.0474429776911546,-0.0312303565716732,-0.2280688967210508,0.0418226992125141,-0.0509435873797589,-0.0024620397444707,-0.0459878023268204,-0.0292037867390217,0.0153592734989982,-0.0793052962258809,0.0767574374753365,-0.0502327142321883,0.0940284538510891,-0.0162129471697437,0.0070284300866529,-0.0012162531790786,-0.122572609905042,-0.0697930758716106,0.0543716863817544,-0.0255372264221401,-0.0006186203025978,-0.0729547377681923,0.0193099417778579,0.0077469812874824,0.0534482567141874,0.3661521464233188,-0.0670221502670734,0.19517763868203,-0.0976392520127928,0.017508020409279,0.0068562668571103,0.0888088883290214,0.0713179921372701,-0.03661373785909,-0.0054904313266521,-0.2270641130988675,0.1183376638581648,0.0709994652171046,-0.1494273438559007,-0.1999727578994838,-0.1013076536220131,0.0219613777538163,0.0799313393339495,0.0552614862343374,-0.3795524388291319,0.0569710875661397,0.1168358813707302,0.1123531931708052,-0.0714792974432607,-0.37984730880181,0.0930912074120795,-0.1938899336498538,0.0870043632494119,0.0856306673708309,0.12306309591533,0.0022177709231847,0.0356212299060847,-0.2869368790460193,-0.0438841781146112,0.0680117051582533,0.0422809323830297,-0.1812050229926487,stop,2106,12,43.77615402921019,-0.0274582887640705,0.039047693088235,0.0279807700819683,-1.0,1.4220730732255005,1.0190281820687028,4.848052770108442,2057,0.6864549295021549,7,0.1818774119648661,0.13898318311288,0.0935272726231659,0.0285714285714285,-1.0813641576424902,-0.3949092281403442,0.4151381681141044,0.1096164569172647,45.28366585345589,43.77615402921019,51.00408702273165,0.9510011710861924,0.1585860817511937,0.0235209835777705,0.0198782781510688,0.2013100404054608,0.7500021674483949,0.0283327228523733,1.0,-0.0156151901845196,2025-01-15,5.0,9,0.1761497963814164,0.1512163210423551,False,False,False,0.0,0.0,0.0,0.0088335501339379,0.649196964632263
UBER,Falling Wedge,bullish,1,0.6462307613763969,3,30,584,585,2021-09-02,2021,0,41.220001220703125,40.46187249727669,48.00517213041741,38.64355904358444,0.8373792019235216,0.0187368669968861,True,-0.0322659338104697,-0.0177962502400674,0.0440516195766327,0.0219115957216304,0.0319444868299696,-0.001317119342179,0.0384661239852235,0.0366236217044431,0.0078261002250339,0.0263736431415264,0.016714052642583,0.0007709217232552,0.1169300314759889,0.0346513840329343,0.0272618279896146,0.0125746502749406,-0.0605366627552288,-0.015868803783735,-0.0962500042385525,0.0324341243835737,-0.0576551766231142,-0.0216666857401529,-0.0420279203716891,-0.035662328412664,-0.0153826412219423,-0.1171105108479497,-0.0319176757937986,0.0178571428571427,-0.06082763671875,-0.0934548389767887,0.0085019322878385,0.1682553466430385,-0.0319176757937986,-0.0728244344696743,-0.0543345708729176,0.1116778482526741,0.1018375935333899,0.0184127565414187,0.03125,0.013977124742698,-0.0215922281036421,0.1084408180459428,0.0210673615511387,-0.037352954640108,0.0830564796082973,-0.0438124223049716,0.141436143709507,0.1776078783787017,-0.0065883570106454,-0.1032737937779105,-0.0036585738019245,-0.1700267655633962,0.0080735225587529,0.129112884294799,0.0054328002612953,0.1743528112058896,0.0946803056468457,0.0732399558931966,0.0473747653512215,-0.0464607561407791,0.0792620313816514,0.0984789792385671,-0.0306989062146985,-0.0042644084527181,-0.0168080041635884,-0.019181954599185,-0.2015598514211166,0.0882352726896529,0.1316500458407116,0.0630761377274102,0.0437362006084172,0.0236444149817258,-0.2563739483917214,-0.3034563236150548,0.4323747941957696,-0.0140211320104272,-0.2297049876386389,-0.1702260764083877,-0.0200531589841156,-0.0183991122580287,0.0757107761659228,-0.1092001060158804,-0.1184713764555135,-0.0553704967936636,0.1002981459331424,-0.2351508424355394,0.069507649014233,0.3125712675059726,0.0324172396150441,-0.0573899013486893,0.0785442204002295,0.0862135854545913,-0.0368753132641888,-0.0680898390019912,-0.1851851730722664,0.040799314053284,0.320507401520927,-0.1688883416173526,-0.0589014311888558,0.0806679401758756,-0.1615656222800775,-0.3128959204747831,0.0599236507292404,-0.2016017573432208,-0.2427026903307115,-0.1402671683365572,-0.0581039933726924,0.5333333375507985,-0.0196539619024135,0.0780287727660375,0.7511261250376557,-0.1317680129310684,-0.3375907347040332,-0.1265501225130328,-0.0228108938525264,stop,591,7,38.64355904358444,-0.0625046603789192,0.0086123127540817,0.0647744275733195,-1.0,0.13778672985137,1.0363135673506645,2.633542863865994,554,0.6746595797589641,6,0.0500373754210489,-0.0630293624992496,-0.1987876152583412,0.0,-0.9348279890270692,-0.2601684092681064,0.3340061076751415,0.1526648351116842,40.46187249727669,38.64355904358444,48.00517213041741,1.4005718231201172,-0.1952789393069866,-0.079480382159339,0.0338302360265525,-0.2545912703738416,0.6523065478335837,0.0032004202740929,1.0,0.0258738530662334,2021-09-02,35.0,13,0.1291823396129439,0.100716270663314,False,False,False,0.0833333333333333,1.0,0.0833333333333333,-0.0379495060811945,-0.2201133956939942
UBER,Falling Wedge,bullish,1,0.695451659610024,3,28,1784,1785,2026-06-16,2026,1,72.87999725341797,70.07229137420666,81.05354404449463,66.93800058446271,1.1995629968451047,0.0400687036794236,True,0.0133095671961984,0.0348205418245659,0.0803510835021366,-0.0927302348460693,-0.0605366627552288,0.0392727244984019,-0.0553139713399394,0.0260089360849482,0.0005409915364695,-0.0295178310446726,0.0093402468909686,-0.1066117580649299,0.0300907878176279,-0.0570996820778137,-0.0350707735603811,0.035798439993026,-0.0550190212307227,0.0149942460550112,0.0544800444957183,-0.0166602213898992,-0.0353747049503273,-0.1154908882085922,0.0317369796259118,-0.0030185729912095,0.0017847726590238,-0.0900301323373702,-0.0086363879117098,-0.0571917819404136,-0.0029090881347656,0.0240497561189931,-0.0618599652443396,0.1259673377620009,-0.0049660814852073,0.1321869427077995,0.0642453326815388,0.1321298465227205,-0.0487417258963679,-0.0019047449505518,0.0365142189258285,-0.034147874372889,0.0348772319943682,0.1842104810285265,0.0339345961913668,-0.0044857114796361,0.1037383797304327,-0.0308676044867257,0.0159166260404184,0.0141010373604819,-0.1234436551177193,0.0724516991682904,-0.1091811870339718,-0.0036585738019245,0.0786859985458106,0.0407982036902847,0.4541726977604878,-0.0441598577957702,0.1399693562403654,0.0078083177246408,-0.1825206154256484,0.0251829047469902,-0.1506060397986209,-0.0650706761029485,0.070927420668724,0.3041785456642163,0.0342342617275479,0.1093974618443036,0.0138282778182428,-0.0027480962622257,-0.0175956961726353,0.041163558082589,0.0031036350407911,-0.007192245238918,-0.1774469182610121,-0.1146384352161364,-0.1071575854760121,0.0876520324721583,0.4778140875826704,0.4974520857906088,0.205423775365797,-0.1469224722068227,0.2026878362337583,0.1307607191413129,-0.0208477444410912,-0.1123595381068089,0.0968969961380656,0.2008985676603949,-0.0543720492953484,0.2603598461724381,-0.2628118039366638,0.1931407338182817,-0.0212167991892131,-0.0252424963677838,-0.0166026225311899,-0.0365270206293313,-0.0659505852876589,-0.0165133970110283,-0.2875592602784929,0.0594446145014995,-0.138864642147414,0.7511261250376557,0.2088815941168331,0.0466379510100702,0.0239043442771769,0.2122036956455666,-0.0441367172544963,0.1406521724444971,0.2586544696023016,0.0497781308999487,-0.2280079132018695,0.4622205794210019,0.1099999590617855,0.0254618572830502,0.0286666870117187,-0.0913043294704369,-0.0918673893142753,stop,1810,26,66.93800058446271,-0.0815312416696967,0.0669594548123234,0.1004390775341435,-1.0,0.8212735810352653,1.23190908757464,1.3755555996489248,1755,0.5477817923543673,7,0.1467553879724278,0.0544954701710858,0.1637575743881261,0.0,-1.3341286721734529,-0.7863468798191015,0.6951483994757187,0.1047717517381871,70.07229137420666,66.93800058446271,81.05354404449463,2.2910706656319757,-0.109904605059486,-0.0039217601079507,0.0312774152304706,-0.1393490838362076,0.3168324310713836,0.0059025437773829,1.0,0.0158126820901496,2026-06-16,19.0,18,0.0203609516335325,0.075791754042942,False,False,False,0.5882352941176471,0.0,0.0,-0.0390573332721107,-0.3433568933357644
UDR,Falling Wedge,bullish,1,0.8433885386984293,5,70,836,837,2020-01-14,2020,2,36.11219186462775,35.53928674735639,40.37440727082781,34.81434049830505,1.174861506066182,0.0161203324462886,True,0.0242178512743604,0.0120286947391687,0.0033774496402398,0.0309559613701149,0.0082403295359645,0.0087436466693959,-0.0036765590211816,0.0062951327433058,-0.0307144277140181,-0.0070947767940084,0.0048712288543759,-0.0065600739261064,0.0110777010780358,0.0209901140116737,0.0187385888363968,0.0158730296179245,0.0106270878379217,0.0149497318718099,0.0939388136707379,0.0001764742816121,-0.0043080628893601,0.0171381783652415,0.0135358728723566,0.0261463166951887,0.0283763770196348,0.0116215334429146,-0.0113126662021149,-0.0240358595617379,0.000274337588576,-0.0394952142755561,-0.0384730032081002,-0.0699532589988187,0.0909804065396153,-0.0422822880828963,0.0052769178896256,0.0279632407534549,-0.051759813054698,-0.0165080721076625,-0.0370472166630223,-0.0312095960500095,-0.0053570736925181,0.032390874534969,-0.0193370519540699,-0.044221667689656,-0.0024341411526936,0.0393922972924086,0.0563651036403531,0.0256030131264146,0.1454306540418224,-0.0702522851150657,-0.0272143202863202,0.0167352399318143,-0.0168581357982424,-0.0031169097893851,0.0285983298037351,0.0537793441015237,0.0112115346596319,0.0582336022556211,-0.0180092969002059,0.0905141198674941,0.0803693665467566,-0.0210867191250383,-0.046406681025056,0.044901304747569,-0.0550419234594456,0.029062729091636,0.0476648962570918,0.0508875535499759,0.0363949834725575,-0.1155167185962863,0.1265482911213402,0.0749340647053777,-0.0132451324098166,-0.0065103809926176,0.1937800212658034,0.1105322605372867,0.0095243109489204,0.0405436276279493,-0.050111713100489,-0.0412074317713828,0.075520753558965,-0.0521935162548834,0.0904109891795679,0.0336297660904847,-0.0525433322417752,-0.0178855689368148,0.0848949331662867,0.0843399109984825,-0.1517097748970231,0.0701375797058054,0.043728420750791,-0.1418452079928322,-0.1097667627451014,0.0353809593458943,-0.0452817488292582,0.1120864758348061,-0.1885752937422544,0.0825585098740075,0.0086355356568774,-0.1552044294871832,0.1121377987347154,0.0045025345746592,0.0913372081262893,-0.073848371475736,0.0614494607220388,0.0750742650500868,0.1371649982716039,0.1072238222249271,0.1268408156085392,0.166937686981047,-0.0866963338708874,-0.1499545251245408,-0.0143137878803037,0.0137734797412709,-0.1290591677946367,stop,867,31,34.81434049830505,-0.0359394237599286,0.0983713041896758,0.0565798364705421,-1.0,2.7371419432538864,1.5743111756184311,3.284055105845056,764,0.775800570212034,7,0.0814127227422693,0.10213255790891,-0.0916272293103011,0.0,-1.2094852748874174,-0.4336847046753831,0.233748586806608,0.1038589306790394,35.53928674735639,34.81434049830505,40.37440727082781,0.4041456566326395,0.0088275844697416,-0.0089970826154286,0.0112468296224576,0.0144323988389725,0.9111092273131924,-0.0025756896850904,1.0,0.0369971865720974,2020-01-14,4.0,16,0.0346609785801284,0.0240354292089091,False,False,False,0.1333333333333333,3.0,0.2,-0.0201516987626497,-1.222696355541316
UDR,Falling Wedge,bullish,1,0.8487018697218711,5,37,975,976,2020-08-03,2020,2,27.4700992793638,28.047138848130203,33.66410985590991,27.197736385945824,1.4007569426128184,-0.0205739192111881,True,0.0339178817550414,0.0104016670804905,-0.0812110067353937,0.0247859914418127,0.0291881388393477,-0.0065600739261064,0.0155713415286535,-0.0406392965983861,-0.002701390764483,0.0045995958261146,0.0420890578934372,-0.0076844999152189,0.0040002239262373,0.0417429729668032,-0.0207992806586713,-0.0542963694832322,0.009011034757276,0.0578536713666599,-0.017031623899439,0.0007388510217511,-0.02029504437286,-0.0414136090438593,0.0370704475465192,0.0074734599290871,-0.0231801456943141,0.0295956113185644,0.0320525965111995,-0.0489722629090936,-0.0071016158658063,0.0542434352478005,0.0421543623267777,-0.0429619710310783,-0.0815516499233866,-0.0442671840639788,-0.0190432972528241,0.0793936589504393,0.0262134792185233,0.0413377260208069,0.0123773519351102,-0.000554117647711,0.0620446787411457,0.0130555105527716,0.0462984291317258,0.0519034329862082,0.0833787353101909,-0.0090063855487821,0.000574743030284,-0.0648497772018528,0.0235017202031206,0.0624423644749767,0.113960864000173,-0.0114454003159326,0.0115951740548787,0.0375188102490497,-0.1394255996684609,-0.0422574119129429,0.0257840298895226,0.0388736085529184,0.0150461327125626,0.088755552370155,-0.0029090565355426,-0.0261110397050103,0.0155210156753342,0.0331812308450192,0.0179428725312065,-0.0102459693541229,-0.0180280408686712,0.0092658181922713,-0.0115735907392412,-0.0709974398988148,-0.0888113224178565,0.032301069119172,0.0290262357070283,0.0050412964768753,-0.2171975097869145,0.0707700470506644,-0.0230891766944589,-0.0414333671642399,0.0800980610878183,-0.0726580239437268,0.0702636204239965,-0.1739691418204185,0.0681387049384232,0.1131032749345608,-0.0404955334154355,0.1312707180264691,-0.016440717913546,-0.0411354768945748,-0.0513515787702885,0.0368852557373413,0.1638704291504726,-0.0771473492112757,-0.0971210089334269,-0.1328495759608041,-0.0087906469373202,0.0530116412620644,-0.0689872513583689,0.0426322826503884,-0.142544470751737,0.0958670722134811,0.0844970767713457,-0.0338283376042847,0.0710496101433573,-0.0393213303636631,-0.1402401160372136,0.0902755509790096,0.0617481964852368,-0.0204553719034823,-0.0870581778803623,-0.0733303328741264,0.0762076229976873,0.1707467892445409,-0.0223076391147213,0.0597824447230286,-0.1055687395656699,stop,987,12,27.197736385945824,-0.00991488565979,0.0494397066567368,0.0264446077199207,-1.0,4.986412183979095,2.6671621466263717,22.74175640747311,936,0.7623039263341832,6,0.0433656449845843,0.1759689529370507,-0.3438087307754892,0.0,-1.035671441862573,-0.273367515528391,0.2054495420715947,0.1490436805533583,28.047138848130203,27.197736385945824,33.66410985590991,0.8076456432167249,-0.1571294863671888,-0.056911540715005,0.029124644082364,-0.2544663501402728,0.2168673591322751,-0.0129836340602366,1.0,0.0370290353818905,2020-08-03,4.0,16,-0.1614262478770668,-0.0532959321885569,True,False,False,0.6666666666666666,2.0,0.1333333333333333,-0.0709054176513364,-2.176869427093882
UDR,Falling Wedge,bullish,1,0.6146504784673593,3,32,1532,1533,2022-10-18,2022,0,33.43234643315476,33.17822237668963,42.36041991296213,31.063381409038243,0.9808900841007496,0.0076593632286843,True,0.0302181979120466,-0.0129537639522248,-0.0099657878803709,0.0007504845267252,-0.0598194443909732,0.0221278470658234,0.0071448764593451,0.0194319910222331,0.0052648731834652,-0.072811094517572,0.0447495267169435,0.0379777884993779,-0.0380565948799076,0.0039312309299979,-0.0071640364052549,0.0070406395744697,-0.00659203185387,0.0088876889495843,0.0128549804825461,-0.0122849455286718,-0.0030193492183454,0.0570162061242858,0.029344955469055,0.0116810744795103,-0.0304066391142387,0.0477141013079605,-0.0066183058277754,0.0199394949453561,-0.0169884104202514,-0.0170152142063579,-0.1001390023575657,-0.0240358595617379,-0.0110472245574806,-0.0008618712423466,0.0314382841977991,-0.001592744581051,-0.0003733203382788,-0.0475163099929136,0.0684498262876853,-0.009994614488262,-0.0142442682737448,0.0682534206040106,-0.0071016158658063,0.0276694666032255,0.0056890637769795,0.0110998296790381,0.0099035936759201,-0.0700442656300845,0.0432431741463177,-0.0382905796402212,0.0007872440991054,0.0825839183581074,0.0079416526395998,-0.0065185331854974,0.0340130375716654,0.0551069341568928,-0.0185335951977487,-0.0520190686550136,0.0058545942769894,0.0056389884663303,0.0554552938301149,0.0154404482278205,-0.0382115931200607,0.0104224480385393,-0.0068040619633441,0.0319130123536588,-0.0082686368388409,-0.0175293103478391,0.0017923253150913,0.0304723030442584,-0.0519419212970486,-0.0207898107921857,-0.1836905963498794,-0.0257195747200833,0.0366468252003491,0.0159607728645021,0.158385269895108,0.1156943938864893,0.0400641710476858,0.0446532505315662,0.0265772312420344,0.0548162413783523,0.0482499989895199,-0.0028536546846541,0.0792328134666067,0.0197069452005345,-0.0170870831365018,0.0704806218900975,-0.1713153028905154,0.0654990009585647,-0.0031122063328282,0.0129023376620202,0.0299539377027056,-0.0549803514199516,0.2200006696986944,0.0971438783856371,-0.0747215285636981,0.1204701076594629,-0.0318367804765622,-0.0041221166512341,-0.1028152502264844,0.0455758045810761,0.0866630201255844,-0.2256588389273991,-0.2407978037575596,-0.0026224192054339,-0.0766278674784931,-0.0421452830733204,0.0061598684206756,-0.0881923434681883,-0.2626582821249337,-0.2696093392288973,0.0112892834369626,-0.0047605728387424,0.0719172273883482,time,1592,60,34.43377685546875,0.0299539377027056,0.0700862135579181,0.055866206886062,0.4227290872255322,0.9891013788733496,0.7884195686754281,3.768765426639001,1500,0.5372179222739262,5,0.012158106031855,-0.0138618291840767,0.1233179546328335,0.0,-1.6022601636401044,-1.0650422413661815,0.6869318063031926,0.1356564379532549,33.17822237668963,31.063381409038243,42.36041991296213,1.1278857282744477,-0.1906333726850193,-0.0905933066723043,0.033221759432275,-0.2980243930545474,0.3777789080613217,0.0157359487353843,0.0,-0.0337420409122736,2022-10-18,61.0,5,-0.2879740508660908,-0.1882604479338937,True,False,False,1.0,2.0,0.5,0.0166217729043206,1.2492741539573256
UDR,Falling Wedge,bullish,1,0.6099686831754961,3,28,2282,2283,2025-10-15,2025,2,35.02595812480813,34.50111315098542,37.95599240843529,33.908653688788576,0.9502977509684132,0.0152124069599104,True,0.0082644866318972,0.0067949560911095,0.0176568857577261,0.0101567962055251,0.001272332886602,-0.0466665703901605,-0.0154836910886264,-0.0675016612715334,0.0090757562588292,0.0110652151355683,0.0578536713666599,-0.0071640364052549,0.0332035651906361,-0.0301034196237446,-0.010458240770466,0.0064514881531629,-0.0038094298159235,-0.0065359641897418,-0.0859116030858377,0.0088937457021804,0.0158730296179245,0.0763906414561581,0.009551561077413,-0.0754819738605839,-0.1063298111751963,-0.0048722740254234,0.0303502525000547,0.0447200753384422,0.0481066662595006,-0.0625002226618358,0.0015837174256545,-0.0271807571297382,0.001286377824877,-0.0290898385120006,-0.0952609116971582,-0.0101248705216213,0.0398247905212187,-0.0441838234610991,-0.0118026139445865,-0.0120605940873033,-0.0113126662021149,-0.0023390725533524,0.0094636363693527,-0.0198045375253766,-0.0243386572775027,-0.0665052076925833,-0.0399448886351332,-0.064779017211882,0.0019440749135859,-0.0836462447845257,0.0051952820409664,0.081509844117642,0.0609347342507142,0.0921562759647678,0.0717092346142285,0.1441028279785348,-0.0480910763063306,-0.0066429433390041,0.0310436417987536,-0.1349492204475105,-0.0821650569137675,-0.0531914134196321,-0.0194737453536799,0.0388263958059469,-0.0877513207491119,0.0467088034652745,-0.0461708452035151,0.0287382351895542,-0.0419842628162778,-0.018732811438293,-0.0522499524441507,0.0435427783423973,0.0764865638005471,-0.0830288050226512,-0.1121691891752856,-0.101234811359382,0.0732929581847561,0.0230502494565945,-0.0748879201955574,-0.0767798185210141,0.0308663260464352,0.0033021233038295,0.0736769277807154,0.0201309428760407,0.0591131178947132,-0.1524856174827918,-0.0043469474995483,-0.0213485662964726,-0.0644328738097311,-0.0389079009785756,-0.0039021745935866,-0.0022296795758647,0.0090290388736737,-0.0365515127081976,-0.0699119345320123,0.0829837775452038,-0.003457384474277,0.2394373184166152,-0.0408713169970912,0.0174335266711764,-0.1111485826664636,0.0851765142096572,-0.0125987312990817,-0.0576405578600656,-0.0271124867463362,0.1086731410509527,0.1530993987202371,-0.0280883509595279,0.0015810923058474,-0.2626582821249337,0.0174876703203623,0.059866483483586,0.1349634808541833,0.0005080171851143,-0.0053571007814835,stop,2291,9,33.908653688788576,-0.0318993254099789,0.0203857668012104,0.0371900982273344,-1.0,0.6390657651598235,1.165858454665012,2.622413542065175,2252,0.6325490707021086,5,0.0171268964942555,-0.0499875497453264,-0.0369348934829962,0.0,-1.934495306401829,-1.3019462356997185,0.524444124493633,0.0470491512146147,34.50111315098542,33.908653688788576,37.95599240843529,0.5759696269756353,-0.0916823875284015,-0.030375031131028,0.0164803983026892,-0.0979789023229658,0.2133331298828172,0.0005499501599199,1.0,0.0118846818501525,2025-10-15,3.0,6,-0.0851221937653509,-0.0857536261167727,True,False,False,0.4,0.0,0.0,0.0160363267985353,1.3861753945023445
UDR,Falling Wedge,bullish,1,0.691287953570133,3,24,2495,2496,2026-08-21,2026,1,37.804378941059504,37.295900365779744,40.47938922926005,36.71936168417449,0.5876651313820854,0.0136336318547845,False,-0.0221285453147985,-0.0281040495303885,-0.0019388115812001,0.0319074022222305,-0.0002246443911795,-0.0330345991169168,0.0122750947682086,-0.0107976314706452,0.0245048504035139,-0.0394399420377153,-0.0286077216321002,-0.0762487663714256,0.0329243633750282,0.0220764326493232,0.000296783923938,0.0149635756587294,0.0331332254340626,-0.0187880667424233,-0.006487878142695,0.0139934907041996,-0.0038301537618468,-0.0295046245880803,-0.0189871642799488,-0.0416227203306707,-0.0486966147019778,0.0269522476868322,-0.066480417677465,-0.0170564404365036,0.0294644306590541,-0.0278218935317118,-0.0699532589988187,-0.0152755101497114,0.0361616540208131,0.0150183913568917,0.0413377260208069,0.0331399520018003,0.0345230022600213,0.0604618654242075,0.0088757421214735,0.0320399688342962,-0.0004158479873107,-0.0030184157979796,0.0154209817313237,0.0120910475608113,0.0303737986389438,-0.0504146715175594,,,,,,,,,,,,,,,,,,,,,,,,,,,,,,,,,,,,,,,,,,,,,,,,,,,,,,,,,,,,,,,,,,,,,,stop,2501,6,36.71936168417449,-0.0287008353867328,0.0165964458195398,0.0326658624620362,-1.0,0.578256541870962,1.1381502322798709,2.465408058006608,2470,0.728692739115411,6,0.0744486501627358,0.0257739945912089,-0.264346313845304,0.0,-1.0379405997840163,-0.309247860668598,0.2579604783484417,0.0712759490982052,37.295900365779744,36.71936168417449,40.47938922926005,0.6204991294587531,0.038139893677989,-0.0254489669782116,0.0164959845494863,0.0365379891081711,0.5897433389412794,0.0026532819394762,1.0,0.0362550962782455,2026-08-21,16.0,6,0.0880129338697703,0.0576150187358639,False,False,False,0.0,1.0,0.2,-0.0242383396819029,-0.941137465248332
UPS,Falling Wedge,bullish,1,0.6240762596602287,3,36,682,683,2019-06-05,2019,2,72.63507559605665,68.82260663082394,88.35708010748766,67.16781617209477,1.6192984256187513,0.0553955909528889,True,0.022194742326989,0.0041925249165395,-0.0706025125101844,0.0598651163990047,0.0100715518661942,0.0190912790137094,-0.021814620939041,0.0420884495861235,0.0122008524915027,0.0521904486215476,0.0247965089425277,0.0224962540117061,-0.0121804694595415,0.0104541519773611,-0.0337544840201777,-0.0135178340288767,0.0421501158025514,-0.0516276030771577,-0.0168223726273057,-0.0332048367328767,0.0184998389495856,0.0336222195284703,0.0174946396372328,0.0340047197583637,-0.0004826723208239,0.0205071683154058,0.0402695270640205,0.038632732526318,0.0070103898864339,0.034948210091632,0.0280515561768412,0.1928050533047289,0.0374432643152244,0.0191721205106973,0.0450716021945249,-0.0312845363966455,0.0029637438053167,-0.0283625705887488,0.0655101294353228,-0.0011360948087461,-0.0495781501994794,0.0357211559937182,-0.1629573270046855,-0.0469649906810877,-0.054632357969186,0.0243451884597834,0.050702084235541,-0.0091770327363209,-0.0049905971583907,-0.038951788016093,-0.0602312184598613,0.0129012079701666,-0.0772881104284287,0.1210977552787755,0.0450420162606399,0.0026314156578657,0.0594287883694106,-0.1032274288321194,-0.0232028454875942,0.0020426183318607,0.0466917797807875,-0.16181613598622,-0.0174923184133513,-0.0130495211714055,-0.0213406007016649,0.1208842160390279,-0.0212573695151918,0.0140355132924192,0.0566067153950093,0.1909992928283002,0.1451666237038178,-0.0476801209690173,-0.0509136789086571,0.0824499824914506,-0.010969664784115,-0.1140028604569436,-0.0257670029061161,0.3391852950055551,0.0172638714547939,-0.0336424589095356,-0.0566249073528002,-0.0191029514514611,0.1638134689626855,0.0466709869270274,-7.60305646627657e-05,-0.1461613333806125,-0.0466348163722797,0.0078817405378281,0.054491629839475,0.1737404065733145,0.1280291159462672,0.1679017592441903,0.2153951584606035,0.1775789600201247,-0.0190857728614524,0.0307941098735542,-0.1973383862848862,0.1292255154715698,0.0812122372983139,0.0123126567919304,0.2555719624954651,0.0799655277983428,0.0471432360051971,0.192261145214829,0.0343419248698313,-0.1046245436282904,-0.0046901713098755,0.0645730765211325,0.0412139680727747,-0.0686481275642407,0.1193097400402383,0.1032728187754226,-0.0388112789342677,0.1873540886249014,0.168127472097079,target,718,36,88.35708010748766,0.2164519604669421,0.2349822468184942,0.01252325527131,2.875664623215918,3.121848066434754,0.1663772509776299,2.875664623215918,644,0.7469516457595503,7,0.186725863713676,0.027030455520274,-0.0739790606441725,0.0555555555555555,-2.659274518879255,-1.9123228731197104,0.3015865588375624,0.0862197838779283,68.82260663082394,67.16781617209477,88.35708010748766,1.4463689264254498,-0.0819246400617847,-0.0630624476592623,0.0199148488809637,-0.1324521019059172,0.5887826477571797,0.0068606430696818,1.0,-0.0172613999908697,2019-06-05,16.0,6,-0.1261519671961035,-0.090287829661287,True,False,False,0.6,1.0,0.2,0.0272801975784205,0.6559878586445244
UPS,Falling Wedge,bullish,1,0.7498410004360053,3,26,1102,1103,2021-02-03,2021,1,123.66075162338416,123.88227890910171,136.32986165263878,119.86658919632416,2.6961367227489905,-0.0017882080283663,True,0.0403816205223264,0.0217899955697089,-0.0187162179803954,-0.0006326491436784,-0.0096922242085254,-0.0282568904332682,-0.0313991001794232,0.0018431761840997,0.0352080658130793,0.0324167289745387,0.0439406554565238,0.0201235168348521,-0.0494457507655627,0.0282772346491222,0.0080712307990542,3.54945804970086e-07,0.0163808376947076,-0.0115160770190684,-0.0003447726086591,0.0421501158025514,-0.0174541036794279,-0.0077067148779929,0.0377192497094098,0.0181497764903442,-0.0021133900381933,0.0915821540607166,0.070813088345522,0.0613815343269683,0.0359722640452575,0.0246751027585232,0.0432736539564613,-0.158053270631976,-0.1059672792639286,0.0018116563897672,-0.0401635755606519,-0.1388178753336479,-0.1057412162990859,0.0127616288916696,-0.0296756858242097,0.0133377217238292,-0.0128434188230196,0.0513674365096312,-0.0420403332713175,-0.0489755148593472,0.0847652728564076,0.0276766092904657,0.0077218284458933,0.024068314608017,0.0812912693542029,0.08147456814878,-0.1539665741954788,0.0808699945345476,0.0168442207191572,0.0213740918960703,0.0311455843418828,-0.1334448818440531,0.017293003560374,0.0380162791708311,-0.0843132265728744,-0.0421881720532524,0.1535224482626529,0.070284105709913,-0.0658218982352606,-0.0069314990620854,0.0832906142130767,0.0113462422376133,-0.0462474498875024,0.0759796124463705,-0.0037690881913549,0.0824870342532129,0.0329727912697852,-0.0865929866470154,0.0206163301220432,0.0325479025753276,-0.042418196646446,0.0477440576676218,0.0169551543685786,0.0102446557991078,0.0085799820487837,0.0020202048266106,0.0203867505240942,0.1305525212412259,-0.0983659676568373,-0.0648541715818008,0.1318818850954879,-0.0007635959453109,0.0902833844238846,0.0396201599739376,-0.1146889188985592,-0.1186364851360343,0.104598293926007,0.0760014862491775,0.2883921961635018,0.1951537142264474,-0.2052646993759663,-0.122794770665551,-0.0208389118147491,0.1916226583353353,0.109543430671164,-0.1232615115344156,0.5347182644126414,0.0016473744948812,0.0806588520522197,0.0885741314458405,-0.1407788880977899,-0.098161017507667,-0.2191169318142743,0.083659530686621,0.0123126567919304,0.0652711488030757,-0.1577067406513083,-0.0729846082631703,-0.1420632979360564,-0.0045442496100758,0.2953675751423676,target,1147,45,136.32986165263878,0.1024505339239658,0.1120014822439587,0.0103534676093514,3.339105869295003,3.650393925795425,0.3374440633720701,3.339105869295003,1075,0.6278252170103444,6,0.0818256355973871,0.0248742228081106,-0.0639163885669602,0.0,-0.9152026935099642,-0.2873774764996223,0.4702769147638719,0.0936390800347152,123.88227890910171,119.86658919632416,136.32986165263878,2.9433788675862727,0.1223242628937515,-0.0333751154119345,0.0237305107773757,0.1173821897191742,0.6190484054218361,0.002495437864405,1.0,0.0283304761079519,2021-02-03,25.0,6,0.1081162079328912,0.0892520308509803,False,False,False,0.0,0.0,0.0,0.0009112848792198,-0.0835666077055325
UPS,Falling Wedge,bullish,1,0.7424436155313189,8,83,1278,1279,2021-10-14,2021,0,151.5384987665929,149.1688822392344,172.42184210284984,138.33660221717255,1.4906994641845877,0.015885461443347,True,0.038966478430398,0.0190902297083246,0.0714511265275914,-0.0292779161688049,0.0380306279735913,-0.0394625736720406,0.0271675947658012,-0.0042793883719541,0.011020508020636,0.0518081357353485,0.0296194570370271,-0.0173905293614926,0.1224608347324447,-0.0036034631363407,0.0143414657155871,-0.0162576741877251,0.038966478430398,-0.0900987968927894,0.0183251118488081,0.0309467917759329,-0.004779742649183,0.0367447841636874,0.0246798368160718,0.1142946323276292,0.0837831937628048,0.0787465035967194,-0.0495756895189363,-0.1304267593824344,-0.0170269393937801,-0.0720810673305752,0.011143519559148,0.02036454746222,-0.0219490072936988,-0.0752804854690682,0.0081365364060175,0.0328252390804368,-0.0288059279178147,-0.003950334642276,0.0780573810900524,-0.0053636192658964,0.0424766811064001,-0.158053270631976,-0.0050170317481564,-0.0091083857771155,-0.0043734745459037,0.1297577115584611,0.1111169786676438,0.0683514888493581,-0.1682509704768057,0.0230694058908687,-0.0208387272586576,0.0602383258803185,0.0239964190346473,-0.0081508834448932,-0.0068501237337471,-0.0977936071452775,0.0035569481264721,0.0761850387557196,-0.0049529890000422,-0.1003499976413031,0.0587037311885607,0.0019685692622097,0.0117579786906698,0.0219189336303553,-0.0626341133516135,0.0886113431147481,0.0005905408124942,-0.0401185499047641,0.1180841150461458,0.0947236368282495,0.0362864181315492,-0.0655687147656951,-0.1241051968672954,0.3660426616548726,0.0325479025753276,-0.1051396034503565,0.0461437868210088,0.1991980136846665,-0.0132651857480848,0.1524071227855303,-0.0969408458826391,-0.0801766234583446,0.0607412688219708,-0.0453332253520123,0.0318930908896466,0.0011202912827756,-0.0087043441340317,0.0094193049034441,-0.0427508901322671,-0.0051920801843656,0.1257054334469736,0.0728215284836933,0.1084398673849886,0.0580847343298072,0.2098140502194523,0.1909685210339151,-0.0345314417611875,-0.1295966223994762,-0.1702808369399366,0.0656771819885837,0.0610265284312558,-0.0613877850263384,0.110559815007561,0.020495198392664,1.5842558989787037e-05,-0.1985241042234011,-0.0707837533278081,0.0765765251504677,-0.0598396588774527,-0.1407788880977899,0.0823717966748336,0.0390885902326854,0.1113467952194933,-0.1040188228103848,0.1085299208126823,target,1286,8,172.42184210284984,0.1378088308003002,0.1473224601364751,0.0065117730583497,1.581844188680136,1.6910467643880218,0.0747456480875386,1.581844188680136,1195,0.387955034022136,5,0.0051285276682239,0.2331834832237727,-0.2147264821084777,0.0131578947368421,-1.1069329689325955,-0.7189779349104614,1.3291731736615895,0.1220510969195446,149.1688822392344,138.33660221717255,172.42184210284984,2.979526686021239,0.0349090640510523,0.0079889059518323,0.0197173142069354,0.0759183090790709,0.9203539225515874,0.0194501493048762,1.0,-0.007273374356034,2021-10-14,25.0,6,0.0113695103582955,0.0314461084900028,False,False,False,0.2,1.0,0.2,0.0127131263907559,0.2292788427300695
UPS,Falling Wedge,bullish,1,0.6317656711558016,5,56,1433,1434,2022-05-26,2022,0,143.9828968439649,141.7551106421065,192.58886417527376,130.90850452590746,0.7056202096672438,0.0157157381611656,True,0.0382868223272583,0.0318394396262922,0.0023061035527289,-0.0146822893801571,-0.0270547250078848,-0.0103019610612713,0.0150224519535286,-0.0177720072330473,0.008328873414888,-0.0077234903375161,0.0024014603882622,-0.0188274336142478,0.0355480618590113,-0.0064430322189762,0.0625234431861407,-0.0211332820684256,-0.0695164756201525,0.0110634056232308,0.0383557864954891,-0.007963372415531,-0.052113401302157,-0.0190933344096518,0.0431405832370452,-0.0313462429794466,0.013051077872658,-0.0384660421498455,-0.0183780704239976,-0.0121090669734558,-0.0458902233099302,0.012114531582672,0.0563114100221329,0.0147252248951885,-0.0290310500281711,-0.0302129168305951,0.0599054411711081,0.0513674365096312,-0.0529356053833084,0.0069328290730714,0.0042162901926874,-0.0096695393876947,-0.0106236529326824,0.0412610109571671,0.1318220825353984,0.0224323778767674,0.0103456757428774,-0.0395521501363977,0.0176879775153608,0.0609363394107322,-0.0165678310238299,0.0451354807294015,-0.1448000721226319,-0.0100677690391894,-0.0502616280741561,0.0365099606369969,-0.0446687989919584,-0.0988007435133799,-0.0254061817744449,-0.0302043404835521,0.1240446698222506,0.0721061073352575,-0.0672130815989144,-0.0675242807986138,-0.0072144686040721,0.0476190285800681,-0.1386918057179246,-0.0187578372549248,6.792741566208349e-05,-0.0028955308201987,0.0375675372802686,0.0161207985128382,0.0537063265463275,-0.0522548576760489,0.0695168000135497,-0.0105002348931487,0.0052624988079927,-0.0476801209690173,-0.0532886570260919,0.0394907509973401,0.0129932213442489,0.0807416194249388,-0.0780565158433836,-0.1208315652419399,-0.0139557768207279,0.0002383732886692,-0.1004414231382164,0.0017720019546916,0.1016418559307879,-0.1652869014511868,-0.2195729137087017,0.0672899196632859,0.0564518855394027,0.0374443005030159,0.1576135992656859,0.1423623136046337,0.5002927528353738,-0.0738631308898966,-0.0346923985976129,0.0332079427749372,0.0215644857131593,0.1670501981437808,-0.1345175225332884,0.007674639342595,0.0900394885414317,0.0703419114904011,0.0733986192631122,-0.1410213123681492,0.2053006351728197,0.1328003921037637,-0.0398043553010787,0.0884848127470443,-0.1623477708458817,-0.0330476628512491,-0.1526400776692039,-0.0501511473193874,0.1292100742780524,time,1493,60,166.6765594482422,0.1576135992656859,0.1808481998899765,0.0514415032972633,1.7357336426974397,1.99160672830751,0.566504085434145,3.717646384541916,1377,0.6193189557517432,5,0.0052762018608087,-0.0170407930599229,0.1900009945156102,0.0,-1.3656546780941567,-0.7463357223424087,0.4705093026077926,0.208556757064954,141.7551106421065,130.90850452590746,192.58886417527376,4.400760063357045,-0.0971296531017613,-0.0633237857934175,0.0306107337782766,-0.1307240045485265,0.6365646835813178,0.0093753050348324,0.0,-0.0525933718936183,2022-05-26,6.0,6,-0.1110820509953648,-0.0552928126498377,True,False,True,0.8,0.0,0.0,-0.044777708147669,-0.6701804207082378
UPS,Falling Wedge,bullish,1,0.7636357801252798,3,53,1771,1772,2023-10-02,2023,1,129.93471561767072,130.27875984434468,165.45557137013498,125.27076085680268,1.378353072588991,-0.0026408312996302,True,0.000518645805315,-0.0164908672556882,-0.0674837926140353,-0.0251580153008935,0.0367447841636874,-0.0120897049015155,0.0040872864316718,-0.0070165125762142,0.0094013183288332,-0.0008854226018719,-0.0048849618578334,0.0112129507585874,-0.0232530368606747,0.0211989226022084,-0.0003073560809898,0.0128364358468537,0.022194742326989,0.0004914503521791,-0.0052801008810751,-0.0049305841031935,0.0198482513986435,0.011766250244408,0.0005940005715267,0.0154933947540027,-0.0103384036471079,-0.0193383358180196,0.0230369564541392,7.849169334739337e-05,-0.0019914121372421,-0.0192982690647909,0.0221588047220291,0.0577032088219604,-0.000485978653074,0.0328252390804368,0.0384095566552564,0.0089758768537899,0.2098116495493001,0.0071065786777384,0.0468443774696607,0.0438833596741656,-0.1696475807336102,-0.0770036982882242,-0.0642366709161396,0.0275476309998612,0.0313979678254583,0.0056045071107006,-0.1003499976413031,-0.0780708590593672,0.1002370620529122,-0.1591928426377687,0.1719082653282304,0.0639898887267966,0.0344081993131881,0.0490789837500373,0.0041892381858561,-0.0694616643128752,-0.0073091162593748,0.004994067216709,0.0405777888174472,0.0219005060774037,-0.133978310720562,-0.0044068531164926,0.0482423793129733,0.0082649041826641,-0.0328794489881276,0.1104890226946468,-0.1229109261832038,0.0594287883694106,-0.1097284942317967,-0.0113746277801746,-0.0816470548255315,0.0595684600324588,0.0810796538208673,0.0564518855394027,0.1221605801258827,0.0092881482523028,0.0899005957832927,0.0206937565374365,0.0186128766779967,-0.0908960250874324,0.189604851334747,0.0297355248974711,0.0355841981064797,0.0839693179493612,-3.357961109173857e-08,0.0979345866407823,0.2694809488688383,-0.0261924775452959,-0.029015894057348,0.0569236090827631,0.0062789837371304,-0.0654328051360509,0.0286319413864188,-0.0969551750781558,-0.0088833638524821,-0.0448345827143124,0.0442002621306349,0.0126579885852775,0.2319481319147192,0.0574016989797523,0.0625856454955855,0.4650242831533846,0.2555719624954651,-0.1128602907634978,0.3386990415621493,-0.139500161461185,0.2604857972684031,0.0248800252458778,0.0610931619538588,-0.1265826682717279,0.0779510604376469,-0.048395457624574,-0.0668820345506322,0.0816986858961423,-0.0426810179076054,stop,1786,15,125.27076085680268,-0.0358946009055163,0.0274213851498002,0.0412937308192028,-1.0,0.7639417755884851,1.1504162123963535,7.61603779918593,1717,0.5904909235201561,7,0.1007318256274431,0.0374256600275022,-0.0733996131082154,0.0,-2.611381668393756,-2.020890744873592,0.6296002404354302,0.0849753427116199,130.27875984434468,125.27076085680268,165.45557137013498,2.019741973527767,-0.1144680608896362,-0.0804357666567786,0.0154620907432932,-0.1855822181546788,0.8089906904178107,-0.004619136969748,1.0,-0.0495860660793232,2023-10-02,37.0,6,0.0245993966319841,0.0282699449921557,False,False,True,0.2,0.0,0.0,-0.0588816647931878,-0.9075756214660708
UPS,Falling Wedge,bullish,1,0.6773773461105733,5,57,2097,2098,2025-01-21,2025,3,118.5022070018382,112.0012532194338,129.4985503956542,108.01361743836026,0.9587831435975416,0.0580435807237591,True,0.0208049858169856,0.0231154075769838,-0.0454194632711616,-0.0348104660718866,0.0148846349230706,0.041396419835828,0.035220751427428,-0.0349197522721825,-0.0110922193157639,0.0179762327096806,-0.0089227752471944,0.0181185987385088,0.0337791690630502,-0.0082304721238554,-0.0501660980751537,0.020893144034511,-0.0252293939083297,0.0046699620225483,0.0157161489943393,-0.0338310577521451,-0.045239593048268,0.0091509195022934,0.0251077513087197,-0.1574702990403242,-0.1506378843898549,0.011499555104399,0.02765624898509,-0.0332559922034919,0.0099247226705259,0.0804793448893335,0.0240112925085371,0.0198855482654072,-0.0072806034239188,0.1318220825353984,0.0631973543983563,-0.0018618038288913,-0.0784919048202307,0.0727451973527752,-0.0231838057993949,-0.0012405346037565,0.1154463277828732,0.0240621942206793,0.020256171723485,0.0294696702656753,0.3274833167631492,-0.1981015181796243,-0.1207146210028883,-0.1322837953748289,-0.0215532686181891,0.0035182621439897,0.0665605398316064,0.0785028862454586,0.0365099606369969,0.0290417666984919,0.0134241540303916,-0.010380809774095,0.1063306391373941,-0.0946718334139251,0.0435010608066843,0.0030798526840105,0.0565958385471638,0.0257641065834919,0.0331216956203466,0.1531720948853889,-0.0166957636072185,-0.0930509110419082,-0.0023201324051609,-0.1856646960403046,-0.131953893150419,-0.1018290986920336,-0.0378107275479464,-0.018368496452595,-0.0236423061806874,0.0120885644102939,-0.0392838631243769,-0.0626791154289199,0.0143479552214567,0.0259595020827552,0.064555892227347,-0.0370578610409174,-0.0210356361906189,0.0355841981064797,0.1364750843371176,0.0833798375000429,0.0480827576435598,-0.0352961013470555,0.0299950807230169,-0.0604240330578379,-0.146266270712906,0.3778104239397006,0.0241738738670598,-0.1222490730181793,-0.2797506051344949,-0.1499006401923326,0.4854014980236427,-0.035767380152371,-0.0015164066907809,0.1252262680301279,0.1151704918932441,-0.1155994047287422,0.0140557424226588,0.0332079427749372,-0.0423043356143539,0.2139794150110172,-0.0765498150344281,-0.1652756050396188,-0.1135398278469803,0.2690538332083263,-0.0893945785489479,-0.1293564595028694,0.0064388224614782,-0.0111699900723204,0.0458768333227801,0.1576135992656859,-0.3140281372936191,stop,2104,7,108.01361743836026,-0.0885096558861157,0.0326398058288149,0.1736770644368492,-1.0,0.3687711301331033,1.9622386133815448,1.0484101153224736,2037,0.695146597082848,7,0.1219588538736303,0.055405027011065,0.2647251164186799,0.0,-1.1837014695849348,-0.4885548725020834,0.3880702067031132,0.1230775063683029,112.0012532194338,108.01361743836026,129.4985503956542,2.134932569805198,0.0047160070105913,0.0294842538072053,0.0179875022571652,-0.0617312438749351,0.7953188717463765,0.0053186495859378,1.0,0.0320658545693886,2025-01-21,51.0,6,0.0126580371782252,0.0203587008604269,False,False,True,0.0,1.0,0.2,0.0728429719024708,1.687469182746154
ULTA,Falling Wedge,bullish,1,0.7392836023851235,3,18,1077,1078,2020-12-28,2020,0,279.8999938964844,264.6763721812852,297.1254411177199,254.2496157915166,0.9723813755524894,0.0575178720704698,True,0.0016434135945291,0.0082776898769413,0.2633535793904462,0.0071538407459053,0.0336365719392184,-0.0034873771593919,-0.1299861742648634,0.0633953715479651,0.020571401167889,0.0182892251637591,0.1813615252714202,0.1584433255375843,-0.0167792738280401,0.0211015912892746,-0.0403788833049542,0.061443289530646,0.020197711924027,0.0839715142178101,0.0271026610832998,-0.0278141282893074,0.0211015912892746,-0.0155354014180867,-0.0357136844971646,0.0511611562575264,0.0378923461072793,-0.0075799253977595,-0.0433425526302723,0.0841662068622404,0.0436590436590436,-0.0151518023138983,0.0102243656985578,0.0438731134816745,-0.0663538717195553,0.063495272847182,0.0832551319323728,-0.0304919373000771,0.0871961116414921,0.0736000872509563,-0.0505510725423792,-0.1248415615560436,-0.0186963075362776,-0.2176177371330562,-0.0185676992063872,-0.1051001690006394,0.0197964627500955,0.060612598268163,0.0269382233274018,0.0253330621402338,0.0155817952181267,-0.0635659473881541,-0.1797571775727057,0.0579784574997936,-0.0292749786376953,-0.0164928136339714,0.0381903769912954,0.0985704815162755,0.045175321190692,-0.0890156489161555,-0.1598196830429322,0.1045701295290686,-0.0800451136528681,-0.003860268929175,-0.0569912089570069,0.0173960720491908,-0.0846257952113047,0.1259406203041886,0.0948529637047097,0.2099999625359654,0.0246978460975349,0.1707038221550207,0.1479114732446231,-0.1296265691962786,0.1668508069404524,0.0569746456114805,-0.0208184279233606,-0.0263777956807206,0.063824575803514,-0.2242538971623765,0.1605861682202289,0.2049054499556022,0.1109553233288769,0.2125776463080708,0.1338652759860699,-0.0125176057640363,-0.0791834494118494,0.033193507773221,0.0464435243291396,-0.0576243642530022,-0.0874357825772991,0.025104949875903,0.0604009564977838,0.1388115752219497,0.0953554949032153,0.0494327934203655,-0.0402041189648043,-0.1114766628942757,0.2100410292689005,0.1367479847265704,0.0047281116772248,-0.1641179652745235,0.2485336292501485,0.070324255007254,0.0893385230864389,-0.2581680108890254,-0.2688762838201644,0.0711670536537705,0.0519022450744528,-0.1423938440592669,-0.211064852305932,0.019803854857072,-0.0564138434056544,0.1028994817063866,0.094343512193243,-0.1226734212300906,0.1091334610203291,target,1085,8,297.1254411177199,0.0615414347869047,0.0632011533660431,0.0167559933679053,0.6715474973017814,0.6896585449545547,0.1828434037975418,0.6715474973017814,1059,0.4708612574432037,5,0.004992817100282,0.3261694676826838,-0.3029674497050981,0.0,-0.9551537365771512,-0.4842924791339456,0.6518194382802752,0.0945270422503073,264.6763721812852,254.2496157915166,297.1254411177199,7.437142508370536,0.2465109510511682,0.0890016679127001,0.026735960561409,0.4004430679637187,0.9123797760630216,0.0074439638530932,1.0,0.0277352346199564,2020-12-28,45.0,14,0.2641843268252577,0.2227880026622559,False,False,False,0.0,0.0,0.0,-0.0559524314580341,-0.5470863544895445
ULTA,Falling Wedge,bullish,1,0.6583489179747575,3,47,1539,1540,2022-10-27,2022,0,401.1900024414063,398.9955221368364,468.0718450028785,373.4511257511842,0.7588296189974151,0.0055000123630895,True,0.0360178771133301,0.0593417262752264,-0.069448164481208,0.0147666026802117,-0.0288294062639181,-0.0202581084470363,-0.0064105741708646,0.0194573217584181,0.0004391993376715,-0.004204129367487,-0.0211325152276392,0.0484361267235027,-0.0294252834485136,0.036924345537403,-0.0218857202637113,0.0055368500405572,1.825566863566941e-05,0.0028169265098783,0.020571401167889,-0.0296675150268425,-0.0267625000488814,0.0423069546844792,0.0393553737452029,0.0558089284244549,0.0167955753931803,-0.0984177498292205,-0.0318074314080517,0.017481336239161,-0.0358549123840142,-0.0134999599840567,-0.0109790721973339,0.0129381160146182,-0.0365991509391494,0.0715774179102435,-0.0068998145578579,-0.0125903813912476,0.059979088268979,0.1485301251758324,0.1135578104281112,0.181652857252389,0.0686093338064872,0.0170616927815863,-0.0145209012149534,0.0023779046057275,0.0698481545357361,0.0306867052688056,0.1175502963062919,0.0584248929523001,-0.3035317656898647,0.0347830750403492,-0.075289419425394,-0.2087768858232893,0.0963818568766552,0.1146325194225013,0.0497091702743075,0.0328031495199299,0.0695422859354104,0.0942900400367405,0.0826086012683027,-0.1755712985825137,-0.0348279965220511,-0.0506670438036069,-0.0283800670215791,-0.0484061847810114,-0.0250917795635884,0.0319321465135078,0.0924155244196076,-0.0501183815383031,0.1326284189784864,0.1376155714726252,0.1249842236421883,-0.1977709811507135,-0.2831023438397874,0.1569416268994308,-0.0979209427473598,-0.2889002249430178,0.0499771313585912,-0.0925186317924341,-0.150085847559642,-0.252510685206732,0.1137285241256575,-0.021077618173048,0.1840190863306288,0.0439095469851711,-0.0863228285773399,-0.2810582216242322,-0.1451709958265699,-0.0503040871280635,-0.0443129985456154,-0.2743770035697368,0.1180766334200622,0.2175546145508628,0.2528477824075925,0.1940953605519704,0.2692370780410609,-0.0365115037887099,-0.0011882451562651,0.1327917200567547,-0.163797777680649,0.2596686531927958,0.1500650757495469,0.0099231174589755,0.28834135265753,-0.2828132402870466,-0.1435242810414044,0.1027270313662218,0.1665547652055172,0.002931043141817,0.0559398272717948,0.1153697111046767,0.0442253435161752,-0.2301924814974387,-0.3312984039966867,0.1257730550222509,0.2261366903907467,target,1563,24,468.0718450028785,0.166708647160868,0.1891622016227661,0.0014706157538829,2.4111229632109787,2.7358708493632142,0.0212696550217065,2.4111229632109787,1492,0.6036829459881012,7,0.137513792528725,0.0040927309443998,-0.2240076538747741,0.0,-0.8991012135129196,-0.2954182675248176,0.550764716789614,0.1809643098247598,398.9955221368364,373.4511257511842,468.0718450028785,13.295004708426331,0.0253686983406586,-0.0142090008640176,0.0330524190314336,-0.0363663042140824,0.4210516922912151,0.0050842758913878,0.0,0.0473827675550724,2022-10-27,24.0,5,0.0030098484939644,0.0537644346776053,False,True,False,0.25,2.0,0.5,-0.1149458495899875,-1.95458132685818
ULTA,Falling Wedge,bullish,1,0.6970646615562752,3,46,1779,1780,2023-10-12,2023,2,383.0,390.3610714927231,479.3615762186769,376.6349934696484,1.218539061273612,-0.018857083941733,True,-0.0264752340690274,-0.0063011271804993,-0.007344798345685,-0.0257092077727518,0.0101542152364968,-0.0030880442257394,-0.0165300851844879,-0.0302513004685599,-0.0295927537824869,0.0187361050480052,0.0211015912892746,0.0509732764495713,0.0231713189019098,0.0739669847397193,-0.0171308022501889,0.0282018304456592,0.0029682198509068,0.0114841678660928,0.0306083047921963,-0.0185421971329878,-0.0783141610885135,0.0066168100717776,-0.0290492077910378,-0.0079373591251223,0.0441295162957086,-0.0632609272075411,0.1943283819376036,0.0381924686591195,-0.0795171339223089,0.0583265024017451,0.0121881968230073,0.0308511450521928,0.024966565130629,0.0422965211328052,0.0566416063498032,-0.033888922797309,-0.0064370104311158,-0.1043714578735703,0.0132648539125472,0.0099941248939632,-0.0122384763764972,-0.0037182589908481,-0.2037975745013326,0.0059459069774798,0.0763607481144248,-0.0107437220893622,0.0152741673721035,0.018421994991575,0.0317346753256502,0.0283875427689639,0.0754457888824868,-0.102872231406611,0.0563216020357242,0.1712931417462393,0.0834455605149742,0.00833035132592,-0.0791067166492622,-0.0317488882573683,0.1694101239392118,0.0084583275151173,-0.0206263149954332,0.0470618808392397,-0.1625942471554555,-0.0332661039647379,-0.0156077829686847,0.0806239393263321,-0.1455593017699537,-0.0218799225735991,0.0079115961481658,0.258903403817518,0.2014828226381411,0.1119696095741322,-0.0186253772165841,0.1306893274549887,-0.0190979177931646,0.0245208313333349,-0.1768410190112574,-0.0113743109121458,0.2820594123643909,0.0229125779037722,-0.2146430635086763,-0.1712818686679482,0.0936194348839467,-0.1534773197933535,-0.0747374922791846,0.0638370211720347,0.1669390776270896,0.2184113929868727,0.0241341114067317,-0.0122909253124953,-0.1130872903054964,0.2502215932221686,0.2664751894480255,0.1732067940980612,0.4100563837876141,0.0267025417638608,-0.0616350771010634,0.1840341624225618,0.4061383377113474,0.0559646681815233,-0.0698073497292546,-0.0532652062921735,0.1116628603875942,0.118996530797401,0.0303850815858268,0.1069506780361864,-0.2686316447611874,-0.321161933770307,-0.2020623595071057,0.2123683372970928,-0.2528134500579367,-0.070048210419804,-0.1427761058159363,0.2519860565519891,0.242822974394614,stop,1783,4,376.6349934696484,-0.0166188160061399,0.0168407629426404,0.0280417499592036,-1.0,1.0133551593819052,1.6873494446802615,15.139273739810918,1731,0.7111533260482361,7,0.1708140272310034,0.0695166817592776,-0.1573390872136705,0.0217391304347826,-1.7319372765590797,-1.0207839505108431,0.3755976858060372,0.1146895100126264,390.3610714927231,376.6349934696484,479.3615762186769,8.22857230050222,-0.1952752006179667,-0.0825857147241424,0.0214996787926206,-0.2756813147184586,0.1609736881741608,0.0063378764725139,1.0,-0.0336849155258816,2023-10-12,11.0,11,-0.0721662050852678,-0.0847815562590231,False,False,False,0.4,1.0,0.1,-0.0277505175150152,-0.3068838097865734
ULTA,Falling Wedge,bullish,1,0.6065037071935904,3,21,2040,2041,2024-10-25,2024,0,373.7300109863281,366.5337740097357,411.03384103251847,346.8350067138672,0.6211446160048039,0.0196332166006651,True,0.0104888095548196,0.030297185297223,-0.0268157337848053,-0.0095506630211128,0.0053946493094751,-0.0558527270420987,-0.0002217430233162,-0.0233493056593899,0.0087650073399412,-0.0329690180947926,0.019290937258251,-0.0098777942799532,0.012006116130794,0.1014837894091658,-0.0498725227848002,0.0007662382163211,-0.0143409510902436,0.0100598522403854,0.0225765205250503,0.018708190222308,-0.017502389822158,0.0436916205968134,0.0103693059225279,0.0308511450521928,0.0040565258897435,0.0214023791793831,0.0018725576187952,0.0083127133716482,-0.0184800052256189,-0.0635274190526926,0.0122349530575009,0.0270856276933479,-0.0603939112455135,0.0118320500976234,-0.0202166273459569,0.0358084393871069,-0.1071856531078466,0.0788013831343308,-0.0365520034700188,-0.0854950706557472,-0.0975222113864536,-0.0580508651309703,-0.0115843279822714,-0.034057963977527,0.0708789777959557,0.0470929939144391,-0.0945870148619367,-0.1167814338372175,-0.1968863214885358,0.0652897830403957,0.0928750574691807,0.0753711270549739,-0.0023217874264782,-0.0516822315822137,0.0781412841086228,0.0529172718968895,-0.1316332791970699,-0.0036896160146637,0.206048066704128,0.0701410739761319,-0.0013405132480829,0.0107506882803165,0.0646713551822155,-0.0263346715486703,0.1041571403550576,-0.0846257952113047,0.0224169847026178,-0.1134259840136983,-0.1061289965139274,0.1482621198010678,0.124039763650888,-0.0540435157553208,-0.3061666353186493,-0.1186021089548826,-0.1273771816381621,-0.248845891263323,0.0231600127589692,0.0356476176078102,-0.4635131314057692,0.0870372573552258,0.2319363117507917,-0.0297804190962374,-0.2207164237184984,0.0569458248320744,0.1382087578392477,-0.1411025490374532,0.0910696434393556,-0.0182473880728495,-0.3197988312819908,-0.0821459440911368,0.1154775982461702,0.2158049695912992,0.1179995566038467,0.0709051441180743,-0.0825903301159152,-0.1757775422650668,-0.0521201669788423,-0.076297887053736,-0.0177783629153437,0.0777980558623445,-0.178908138666221,0.1934386684230087,0.0359552079975225,0.0227657666983047,0.2132513978149524,0.0736154285774057,0.3140672209238808,0.1431848636851382,0.1530836062788168,-0.2742174673624254,-0.2265542069910903,-0.0082885443727078,-0.0899601416421604,-0.0256695729540961,0.1170496638566583,stop,2057,17,346.8350067138672,-0.071963726438455,0.0594011212288362,0.0854627712586204,-1.0,0.8254314245335439,1.1875812369403906,1.3870170708389695,2019,0.4738328392062039,5,0.0864387548275108,0.1071096920638157,0.2158323959505064,0.0,-0.7583353036111169,-0.2845024644049204,0.7084586430944564,0.1169729247845911,366.5337740097357,346.8350067138672,411.03384103251847,10.433574131556927,-0.119526908100413,-0.0091594013114323,0.0279495699778682,-0.0814243107919234,0.5648837534361546,0.0079525395881596,1.0,0.0132466204392156,2024-10-25,55.0,7,0.1026968937933177,0.0553479801477918,False,False,False,0.0,0.0,0.0,-0.0615956805832482,-0.5062995909112643
ULTA,Falling Wedge,bullish,1,0.7563489244494838,8,98,2465,2466,2026-07-10,2026,0,474.0,458.2254738255015,705.3692065191444,440.0656038336797,0.5510853535484205,0.0344252493053358,False,0.0117510703042591,0.0239508829654916,0.0594877039141161,-0.054040324153751,-0.0460352070219113,-0.0126452566164008,0.047995722674766,0.0420606863367565,0.0272477999186941,-0.0145577851446737,-0.0020791352064255,0.0179123466931572,-0.004479392316583,0.0105180021809458,0.0227354550855873,0.0155302997952824,0.0138277124223553,-0.0124795338736701,-0.008774480810321,0.0339957505736046,-0.0013369195062638,0.0118726294035464,0.0044132665868185,0.0028691674083596,0.0208632117616401,-0.0393343096496326,0.0610988773193195,-0.0564491039767954,-0.0243369233382581,0.0395618192585771,-0.0255987120195533,0.0832551319323728,0.0177448183384336,0.0129381160146182,0.0102243656985578,-0.0151764993106616,-0.0419311268526542,-0.0412589019619652,-0.0255295061596538,0.0748861454410818,-0.0613419834153476,-0.0994955174975436,-0.0472329825132984,-0.0381393054892917,0.1555202949050556,0.0058989325721915,0.1922996295655326,0.1646705681119926,0.0301588541804433,-0.0605976032172107,-0.0898097896602218,0.1360547657474495,0.0748364551957831,0.0319853082825278,0.0374685978229023,-0.0009375498142314,-0.0239493440506721,0.0436631344334941,0.037726782822735,0.1350164361338797,-0.1891230345524449,0.0943096997215835,-0.0190685802016853,0.0094674716726248,0.0312920951995689,-0.0414883764874085,-0.0318551179702856,0.1424399980747512,0.1749201193988534,0.1901265719771887,0.1665774172890313,0.1318842541907201,0.0821984200115586,-0.1738899548717049,-0.1296268099810559,0.1306893274549887,0.1161486617404126,-0.03657009380324,0.1338652759860699,0.0954440014422859,0.0503730530951433,-0.117787985033772,-0.0349363688938885,0.2289504824355859,0.1965232108715717,-0.0618268032232353,0.1124301451200195,0.0170615519127397,-0.0214871880502053,0.1327528819120542,0.1031347821336059,0.142360029754706,,,,,,,,,,,,,,,,,,,,,,,,time,2512,47,537.0474853515625,0.1330115724716507,0.19924051147976,0.0272574122947982,1.8579227118865536,2.7830170302289745,0.3807350325142196,6.818132416005003,2367,0.8197771202232651,7,0.084552013270836,0.2285840736263529,0.1034205362788198,0.0111111111111111,-1.202876552751586,-0.383099432528321,0.1078172870435611,0.2706503580036724,458.2254738255015,440.0656038336797,705.3692065191444,13.982855660574767,-0.1615168176195425,-0.0365463223898727,0.0298014818772104,-0.2840575825584883,0.8412700463091549,0.0078002703243202,1.0,0.0433742019336469,2026-07-10,50.0,15,-0.0129386773246266,0.0389376606472271,False,False,False,0.2857142857142857,0.0,0.0,-0.0287926874665229,-0.3014430014553725
UNP,Falling Wedge,bullish,1,0.610782838858177,5,32,746,747,2019-09-05,2019,3,142.7216572083161,138.58725406820406,161.90889158316247,133.81988399997866,0.9882163013345154,0.0298324919409784,True,0.0078122845389425,-0.0026513056646184,0.1072380789763485,-0.0133933347607999,-0.0264574975314657,0.0074240378177297,0.0215346299484939,-0.0300181754395731,0.0216486994458933,0.0126372676163641,-0.0144214874674717,-0.0238200514044345,0.015829802160449,0.0129146465571727,-0.1142723004929968,0.0163944964860578,0.0204482792077858,-0.0074224848842343,0.0123909122770524,0.0428283285440882,-0.0191776595884629,-0.0467312672369635,0.0080335385273909,0.0042065394124637,-0.005552872623544,0.0564441273689668,0.0510956682378285,0.0322765055386191,0.0713442046929195,0.0526945559035216,0.0221880785052348,0.000553868290563,-0.0059624758542528,0.0451305925338871,0.0044936982876033,0.0444176938009914,-0.0142830892933786,0.0022600631111386,0.0320725424220382,0.0193638032056131,0.0207532476942515,0.0961326204714063,-0.0660158689800822,0.001830396531101,0.0376326997024178,-0.0210146071960557,-0.0765577252257917,-0.0550635065116783,-0.0235009504707683,-0.0946322819660896,0.0398739356373956,-0.0165759438307744,0.0081401205214897,-0.0482131254925518,0.0659326054147311,0.0594472519683404,-0.0202357284992651,-0.1059006014822252,-0.0085611478989229,-0.0191657765370862,0.0323307483970105,-0.0108201999964164,0.0539741222819223,-0.0464742515460929,-0.027387550846141,-0.0706007349735531,0.0678067069606727,0.0761055263032042,-0.0721348614230357,-0.0057085647513758,-0.0277116309566128,0.092726070101107,-0.0814285415094923,0.0589552689980914,-0.0014063039058678,0.2126356939461344,0.0047874654636785,-0.0136202808505838,0.0485960446625606,0.1017623597831876,0.0686420186581766,0.0044279902953994,0.0989463566606758,-0.0340763830233563,0.2149441023425577,-0.0374281909423919,-0.0640877227389765,0.1529455103807881,-0.0425816028345817,0.0733573003168253,0.0095587812506388,-0.0490913616041043,0.0633604956116757,0.0043625701225014,-0.0374603613033924,0.0519145755152421,0.0064224537742179,0.179307210146659,0.085622234114407,0.0012704625383974,0.0588031342811208,-0.0419015624703419,-0.0406289735743394,-0.0013129853478786,0.0175686053663595,0.0271799917264685,0.142014491400553,0.0118960250989941,0.0020699711428002,-0.0107274390124428,-0.0050385680052159,0.0242843004671178,0.0580134174103825,-0.0190302931563207,0.0378471611060363,stop,764,18,133.81988399997866,-0.062371565622619,0.034853755287284,0.06550070785072,-1.0,0.5588084079557617,1.0501693712008762,2.155439587797581,711,0.7341865280848878,5,0.0459675523797182,-0.0343877566027072,-0.2508079509759175,0.0,-0.994595138630989,-0.2604086105461033,0.2769234576469976,0.1567268352655359,138.58725406820406,133.81988399997866,161.90889158316247,3.2874982278444844,0.0265951754657809,-0.0100639671463759,0.0230731549661929,0.0187252216962343,0.8837721352946709,0.0148050087159066,1.0,0.0342052890120625,2019-09-05,15.0,3,-0.0093040871080053,-0.0111269790375578,False,True,False,0.0,1.0,0.5,-0.0071247234247774,-0.4494167572603693
UNP,Falling Wedge,bullish,1,0.9302014519235682,8,97,1473,1474,2022-07-26,2022,7,196.36402499416164,186.3247505478905,273.7053418178241,180.2594424498696,1.531896792884488,0.0538805199886247,True,0.0281884930960962,-0.0065514681542842,0.0080199739801503,-0.0113996713282815,0.0039671226681656,-0.0393456178414297,-0.0955246484932572,0.0217246844333973,0.0265273965735068,-0.0074026991386085,0.0384885717112639,0.0205856730896349,-0.0089173873854698,0.1471590016645658,-0.0212116777751313,0.0128382073453516,-0.0094725893607464,0.0103604580068106,-0.0610789020449556,-0.0136843990161009,0.006932485328198,-0.0204593839096756,0.0277831631707268,0.0558686092909133,0.0127860217287123,0.0797897983472912,0.0353208749780364,0.0180217942527922,0.0003983741212572,0.0306613992594979,0.0422452648713862,0.0620498206742352,0.008667183727179,0.0340093221642048,0.0712364140459287,0.0842100207153813,0.0381871046022386,-0.0161951950301448,-0.0423374588966327,0.0317120004258641,0.037446828229555,0.0130605193272317,0.0306828682505622,0.0279585472857892,-0.1042407373824116,0.0317243720924511,0.0981513577179338,0.052533131619985,-0.0072595109371288,-0.0120539731069938,0.0130142459536131,-0.0453765898022778,0.055142289695671,-0.0172590290979408,0.0084982457496367,0.0251759580808175,0.0112262314195064,-0.0308699151590163,-0.043940816510406,-0.0110387132201899,0.1023841208842126,-0.0229677244894932,-0.0133967695568983,-0.0187457008254865,-0.0818023723996972,-0.0491306052714461,-0.0389303362765609,0.0144642308439921,0.1062946944192381,-0.0153334431566317,0.0237670674405066,0.1144704142617027,0.0718737361732417,0.0277479496444634,0.08981464629444,0.1354330316379517,-0.2022663838475348,0.0823496255488058,0.0159034987412782,-0.0231322554362422,-0.0665891819525037,0.0454891266116024,0.0285251521334466,0.0174079891711098,0.0641235766397414,-0.0286123582604109,-0.0056532372967297,0.0334332271867803,0.0489549878345387,0.1583085120662857,0.01178369850409,-0.0463017309394346,-0.0703081728935197,-0.0085721493393516,-0.0659754742383021,0.0077646570887137,0.0983274284224633,0.0735063594878862,0.0746853892251295,0.0155383719939286,-0.0421119384137725,0.1105652350270214,0.0271016110100879,0.1095876730350053,-0.0066521251272106,0.0735063594878862,-0.2549929735180855,0.0136934522665175,0.0731944515515627,0.0364091670933908,0.0478670628128221,0.0142765081968576,0.0165575277460805,0.0898454381157607,-0.0959428819567069,stop,1517,44,180.2594424498696,-0.0820139154550884,0.1199627975406751,0.0868982844624431,-1.0,1.462712722286352,1.0595553691132995,4.802441579032086,1369,0.8935953763317085,7,0.049038383475914,0.148035453060227,-0.3102964905699582,0.0,-1.3844091605001303,-0.4908137841684234,0.1075378721320797,0.2874414855594362,186.3247505478905,180.2594424498696,273.7053418178241,4.162429643318632,-0.0825196051082447,0.0039375418780909,0.021239725051603,-0.1093010566186066,0.4779875722751214,-0.0046008389254555,0.0,0.0059188128207445,2022-07-26,7.0,3,-0.0994474759041726,-0.075954119244171,True,True,False,1.0,2.0,1.0,-0.0394736867008349,-1.3318357117602175
UNP,Falling Wedge,bullish,1,0.6169228659785273,3,22,2030,2031,2024-10-11,2024,0,232.1214183730015,227.4340347655268,247.67267517202504,224.0518765170264,0.6859673136863631,0.0206098599636028,True,0.0059757347728524,0.0001773762462187,0.019606456312927,0.0089730751984389,0.0446674623755629,0.0656663154017684,0.0428283285440882,0.0261689238443387,-0.0308122248162665,-0.0031693135889749,-0.0061334229665892,0.0023283482951641,-0.0058299437069228,0.0074240378177297,0.1001955100320182,-0.009784096648908,0.0131483655434545,-0.0132698569657446,0.0114658655430885,0.0557958071764088,0.0074272501876164,-0.0188551508557732,-0.0099163520633188,-0.0508963669172329,-0.0471457151866298,0.0210677508168111,0.0192615852317883,0.016856196336848,-0.0319033600751209,0.0219956053497472,-0.0890153467990985,0.0258185427256056,-0.0258279386792891,0.0200165909217795,-0.0514474226749764,0.0376662229211735,0.0004913444876504,-0.0268463969018415,0.0112335591611076,0.0029545749279686,-0.0472833884158082,0.0362122462762366,0.115566549475506,0.0729899716972004,0.0299459295607311,-0.0588840077344339,-0.0047805545614936,-0.0339778570346613,0.031289278579506,0.0873801911000993,0.0202024849502044,-0.0289540269257547,0.0145086918000032,-0.0354401591062557,0.1036254417070348,0.0025906494360987,-0.0009609822819623,-0.2928887258317039,-0.0432847070012033,0.0374048953466983,0.0506643259075236,0.0341888451010534,0.0051290564633841,0.1274326352474759,-0.029776236813217,0.0257623088022769,-0.0038513194426167,-0.0302930444762645,-0.0085170346896126,-0.0319902958657961,-0.0723536880755776,0.0516378781131803,0.0519686571654525,-0.0238726382492487,-0.0714641341820855,-0.0118760649417777,0.0516378781131803,0.0662312697481404,0.0390886638813012,0.0195496003470154,0.135485177543229,0.0034110977489616,-0.3683775905657064,-0.0818670727675743,0.0955232951644429,0.0201001887590235,-0.0269344175248565,0.0069672787550509,0.1150641655534983,0.0188674825338515,-0.0374604727216415,-0.034674307989468,-0.0391195224705854,-0.0567618173576688,0.0556694836367492,-0.0875789630045037,0.1414347613326727,0.0364387397570884,0.0443334031594884,0.1183422051502873,0.1472115120734016,-0.0371309709379468,-0.0099002029918066,-0.0175141713553825,-0.0518574577735998,-0.0025438415906908,0.0598977910634992,-0.089293702768732,-0.1020076997235066,-0.0032009073581525,0.1259396505487491,0.0236844357091094,0.0445380945902464,0.1231329430473644,-0.0650992775988022,stop,2039,9,224.0518765170264,-0.0347643139204327,0.0312384445632018,0.0621883337045371,-1.0,0.8985779105176436,1.788855486890132,1.9271548591706655,2008,0.6219751615854007,5,0.0994799575307736,0.0486651293907673,-0.159794467313394,0.0,-1.174089346640305,-0.5521141850548984,0.3154573827293813,0.059568943605125,227.4340347655268,224.0518765170264,247.67267517202504,3.9378159719315664,0.0142789893301653,-0.0103285581881309,0.0169882699931622,0.0451727256802709,0.92307810075937,0.0052759272707627,1.0,0.0344260184626439,2024-10-11,56.0,3,0.0265681414758829,0.0279466519147668,False,True,True,0.0,1.0,0.5,-0.0449153491750685,-1.6848965141001124
UNP,Falling Wedge,bullish,1,0.6390996493312728,3,14,2142,2143,2025-03-26,2025,2,230.5650930506028,224.91856834708145,250.33593363511545,222.3209962086346,1.1685858445980737,0.0251047512218198,True,0.0005454593378682,0.0052354905018778,0.0366318863814767,0.057105307616873,0.0215346299484939,0.0118213753957454,0.0910186887942978,0.0669506582848378,-0.0034542443580612,0.0108024782304396,0.0186787289038161,0.0084291295038496,0.0289203606219394,-0.0689082111112782,-0.0177974290638235,-0.0088254951740045,-0.0034542443580612,-0.020326406687698,0.0067805835448044,0.0366318863814767,0.0575897994199197,0.0008414341400169,-0.0160030864828848,-0.0620987718722606,-0.0293754582301584,0.0419612429075784,-0.0070304630567165,0.0855922373745068,-0.1137386503645856,-0.0114691743402679,-0.0132313843127053,0.0115283142250695,0.0292535505587492,-0.0711214289672036,-0.0393509185626025,0.021044557112531,0.0481289610585382,-0.0052671016603293,0.013811630212869,0.0475405822635532,0.0366754454534663,0.0125439229512152,-0.0900900955190062,0.020502922815047,0.0140233226747232,-0.0636641455134821,-0.0960013765498597,-0.0598751984618298,0.0173013077122574,0.0114729429350035,-0.0326415964258683,-0.0316062816743547,-0.027387550846141,0.0099516339910319,0.0259104694154685,0.0181126234774913,0.0102506088958573,0.1699238079103884,0.0857610748646187,0.0446623793768021,-0.066469205094061,0.0620114191581491,-0.0424127429114121,-0.0227049178664198,-0.0908823736848765,0.0826084046494219,-0.0106325549793576,0.0484989554380024,-0.1090877967669598,-0.064868072375959,-0.0929190032653658,0.0382152922707816,-0.0034676774543509,0.0950417277695945,-0.0192052405899851,0.0609143216633818,-0.1828107778814047,0.0243784327712575,-0.0087698804636769,0.0706220104495036,0.028388392813224,-0.031790953705807,0.0151101422504489,0.0178713630050051,0.0445178946151278,0.0424845115611307,0.0068220311075266,0.0224894763541019,0.0033433087931251,0.0215761699575443,0.054861289135804,-0.0798976640970756,-0.0464962502459864,-0.1077540004930992,0.0059801625659836,0.0103288075680043,-0.0773340582647801,-0.0785981554386331,-0.0746303579101228,0.1629088692879128,0.1570053806009246,0.0091881114765139,-0.017177127705632,0.0839961627959169,0.0752917771784986,0.094290746348929,0.0652766028575695,-0.0217167635760149,-0.0931323887387476,-0.0492946215329689,0.0353416971170863,-0.0659031365697088,0.2064741681970143,-0.0430402015029459,-0.0657590339837264,stop,2148,6,222.3209962086346,-0.0357560493346615,0.0007552012562991,0.0639868650224454,-1.0,0.0211209367464174,1.7895395663977085,2.3981815065375374,2126,0.7944898459276369,5,0.0790481301000704,-0.0007085233855785,-0.053166160749637,0.0,-1.311994579096684,-0.5175047331690356,0.1687643754430285,0.0769920538911277,224.91856834708145,222.3209962086346,250.33593363511545,4.2013667664425975,0.0064272445525968,-0.0157810046757951,0.0182450075126481,-0.0134438617281987,0.7647052957016096,0.0002968949812141,0.0,-0.0407700293182009,2025-03-26,50.0,3,-0.0521447121095869,-0.038464304242777,False,False,False,0.5,0.0,0.0,0.0047242729089764,-0.0241904840286671
UAL,Falling Wedge,bullish,1,0.6474440509596932,3,35,583,584,2019-01-11,2019,2,79.27999877929688,82.47665221238873,104.11107363913072,76.27815703310876,1.347121332115705,-0.038758283069735,True,0.0795912923278392,0.0422167601459273,-0.0024481592684285,0.0945432687625054,-0.0145207763444453,-0.0263157894736841,-0.0231189061525305,0.038871804261819,-0.0002369832154217,-0.0312923613752047,0.0183275878372248,0.0690466945737688,0.0060584261845206,-0.0388371367676873,0.1126077700822698,0.0444977816507003,0.0700933942031483,-0.0137512093497457,0.0466499185200544,-0.014531040819446,0.0270347210517263,0.1325031977597568,0.0548321822217941,0.0671039326026512,0.040241137862631,0.0118364929349203,0.4255211391341491,0.0688151861254073,0.0644491268682048,-0.1133131953687174,-0.095035473528841,0.0406162855338292,-0.0066791837996948,0.0345249338197217,0.0048243921550035,-0.1203814287904829,-0.0343079321663242,0.0436449291918612,-0.0210917877584048,0.0676035180825096,-0.0472234185956687,-0.0244531718212361,0.15023832051514,-0.0040493459699408,0.1412370562942559,0.0377651104598666,0.1244954956931643,0.0709253069899067,0.0237564733505966,0.0117913940080707,0.0147187645476183,0.0050666300455728,0.0364317366446769,-0.1338547861109899,-0.0994027606562191,-0.0430182704474054,-0.0181466289470146,0.2340598385361147,-0.0900997397977056,-0.1756972024059341,-0.1242411030993092,0.0149295611751238,0.0627923474634832,0.4044241574151763,0.3633218142119461,-0.0460472018726386,0.0840637833821367,-0.111290258324231,0.1038175682372108,0.0071897036276578,-0.0809126475610386,-0.2502662366147393,0.3618832315269273,-0.1689915268009746,-0.1248568286923952,-0.003022857481383,-0.3762674929578642,-0.1696969564858969,0.175403246584346,0.4095015644038393,0.107864122097139,-0.0121576813557123,0.0776006185081352,-0.0604177083894503,0.247852723291315,-0.0956947071559093,0.0783683092498155,0.437813108484836,0.3952049876059222,0.0631119517988663,0.1303422006817371,-0.0539889997872698,0.062689219188043,-0.0607846609973468,-0.5783967809245525,0.0651631793919231,-0.1103674064242709,-0.2121817241760997,-0.1228319977984464,-0.1487394588931895,-0.2205410253106284,-0.0771743326791442,0.0186557259857886,0.5363636980153093,0.2114708001793963,0.2674234503630706,-0.130668592864253,0.1481703240581882,0.3217370381292168,0.0111300881719473,-0.0194099370998079,-0.0486664732903094,0.0789281828086083,-0.1808131674629868,0.072226639679055,time,643,60,84.25,0.062689219188043,0.1469475492590595,0.0285065864155972,1.655650644146803,3.8809512662260186,0.752871845792779,8.27194667785719,546,0.5765932851136517,6,0.1353104761386805,0.0327869512506862,0.0711929251157228,0.0,-1.3780817329404786,-0.801488447826829,0.6847726057668134,0.1658012348980989,82.47665221238873,76.27815703310876,104.11107363913072,3.4800000871930803,0.0026170434896,-0.0932090982531334,0.0434619720301813,0.1271114676650175,0.4827571087190055,-0.0084798134216018,0.0,-0.0187130832270878,2019-01-11,58.0,3,0.0093193677753409,-0.0615305744763219,False,True,False,0.0,1.0,0.5,-0.023278417842826,-1.3168381664225053
UAL,Falling Wedge,bullish,1,0.7590527009800474,3,23,962,963,2020-07-15,2020,0,34.599998474121094,34.78636169433594,43.94454574584961,28.88316605885828,1.3366539147947187,-0.0053573645284435,True,-0.0846820383538059,-0.106790358622249,0.0676602928644225,0.0010233833908588,0.0477800089925823,0.0039858889299724,0.0200851662686349,0.007408803080745,0.0022629213941653,-0.020051141529132,0.1056739811660925,0.0443262421840766,-0.0153846153846153,-0.0297855437216113,0.0004425904372551,0.1241636993435555,-0.0387623777082164,0.0164354425366526,0.0222824738118734,0.0532228326010011,-0.0036531173397542,-0.0493493332708945,-0.1026704182561891,-0.0586704875381772,-0.0753379571957014,0.1789131463449405,0.02030397900487,-0.1149167790937981,0.1674472625937304,-0.0248749732971191,0.0534615149864785,-0.1398500444694184,-0.0437526857121978,0.0136020379130934,0.0021394623562276,0.1477566586943646,0.0281318413032281,0.0002499580383301,0.0209059323349809,-0.063951285721401,-0.0914400024414062,-0.1492379932528958,-0.0455220820540427,-0.1073754685884167,0.2019681084875584,-0.0613684169095326,0.0520232118826282,-0.0031694800398944,-0.0586864494277429,-0.1922060742883348,0.0050412746054095,0.0047894629879778,0.0026195949334935,-0.0661609660813444,-0.0556391019342031,0.1272216864358859,0.0749040894293162,-0.1461961957330905,0.0936780106475652,-0.0557509419427542,0.0231267348315318,-0.1181034640885354,0.0452031073448382,0.0707699994267974,0.0265772521149882,0.1417230781069696,0.2581873047110377,0.1979443762839388,0.033071072964441,0.0534682766012855,0.0093764535806708,0.0731357878138474,0.1205110839025507,-0.1010767406159991,0.0525240505695052,-0.014753914435637,-0.0083351888654996,-0.1986277558816187,-0.0711914005203067,0.1988004350999672,0.1488484700520833,-0.7138750076293945,0.0703805541035935,-0.0484910235823917,0.1112482913662571,0.3088962940523074,-0.1806800950184277,-0.0615598876122975,0.2098510773700979,-0.2483335535694937,0.234727099110751,0.0593683478157907,0.069364209009257,-0.0099572382956105,-0.1367363606417286,-0.081454560250947,0.0736165903146079,0.0863797306409723,0.1611687175758589,0.0820741962523321,-0.2321025359324919,1.0487344531055172,0.1175040091931935,0.4540113206163174,0.2068030429568577,-0.7441314744280499,0.0483391362311225,-0.1228319977984464,-0.0030259233408568,-0.248540129954486,-0.1824614929589576,0.0513007672150847,-0.2166736823412847,-0.3632119708692474,0.0694261172299886,time,1022,60,37.0,0.069364209009257,0.1520231898323539,0.1236993921400915,0.4198131677730093,0.9200903147322108,0.7486661263447434,1.6345672905821795,939,0.4279178299287285,5,0.0174942506528256,0.608884653201454,-0.2297247613351042,0.0,-0.6851692388346814,-0.2572514089059544,1.032084565245006,0.3488258662427297,34.78636169433594,28.88316605885828,43.94454574584961,2.905713898794992,-0.401466152255313,0.1408978839662935,0.0798931532617565,-0.5859988666636271,0.8867403402247283,0.0752993482744714,1.0,0.0329318336875767,2020-07-15,33.0,3,-0.4768272638624121,-0.2924154246113274,True,False,True,1.0,0.0,0.0,-0.0214945217033784,-0.1046867275192752
UAL,Falling Wedge,bullish,1,0.6210017541391116,3,25,1087,1088,2021-01-12,2021,0,44.16999816894531,43.16112672236932,51.09627927813625,40.57285744803292,0.6740865253058876,0.0233745391556963,True,0.0228662480891967,0.0091345519580074,0.1913228662945256,0.0111025650406229,-0.0597140469004021,0.0420359545415658,0.0591630345392473,0.0985269704440645,-0.0020184456230749,-0.000431002693301,0.0089356997888905,0.0099670975059988,-0.0148739285132803,-0.0104348003000452,0.0578011446404775,0.0228662480891967,-0.0402327834123394,0.0150981935043457,0.06453964010107,0.031366784155929,0.031328641451322,0.0069740731894927,-0.0032999472030185,-0.0738057155688364,-0.0625035546760619,0.0312068792235842,0.0379506635872095,0.0486570450960728,-0.0301151606120499,-0.0115787735688661,0.0784636639365854,0.0603331178966857,-0.0176264613232479,0.1098231367565529,-0.0244531718212361,0.1065217723017151,-0.1269687816899708,0.1303018661624329,0.2982843679219482,-0.0647697318567733,-0.027173882162405,-0.0285248874011466,0.0802004999628975,0.2426815267142157,-0.1092307960594092,-0.1130048602220761,-0.0088295088479906,-0.0389066138529969,-0.0459482465299374,-0.0118478119160401,-0.0880354928809716,0.033999985914964,-0.1153846480979088,0.2135547629234169,-0.0094590061516902,-0.0404810131456117,-0.0358306188925081,0.1583964624589708,0.1155430335700493,-0.0350282944920299,-0.0031613275404949,0.0444841759061054,0.0564152068858148,-0.1382488430656453,-0.1732098614728009,-0.1791812829804002,-0.1216057177520479,0.4988875812704176,-0.0150224610485731,0.2239077114406378,0.1847200165233999,0.3222037360471392,0.1109781444742283,0.0114051094493548,-0.0385482276792277,0.3103708522262143,0.1261497853693873,0.0591600793679907,-0.0564473006890623,-0.0454053907423047,0.089778794981387,-0.2852099067494328,-0.0541908514050147,0.0823529009489834,0.2249060755173617,0.3034812744973869,-0.3019802211169154,-0.1012088313996881,0.1110412472868223,-0.1838169121356797,0.4590798894606009,0.1667026990551612,0.3228436207239029,0.232670504729074,0.2423529232249539,0.1519685340528329,0.3697432631668862,-0.1426745523900039,-0.2247112619097244,-0.0401785165412656,0.124877339602315,-0.1869724518662199,0.4002188741889791,0.1349424604274847,0.5282097368324945,-0.0194099370998079,0.0028415547904192,-0.2213568156262007,-0.0499718051577112,-0.080484450916455,1.2034247446874464,0.1207799079587728,-0.0272837204246279,-0.0807788454403335,0.2125667716458912,stop,1095,8,40.57285744803292,-0.0814385526382349,0.0595427026746927,0.0966718772940434,-1.0,0.7311365532144516,1.1870529885701409,1.925496289017609,1062,0.5523706602313025,5,0.1352672800003256,0.4473839216903885,-0.2994589718328443,0.0,-1.0044506646150038,-0.4520800043837015,0.5931331320738628,0.1411858858996532,43.16112672236932,40.57285744803292,51.09627927813625,1.5442856379917684,0.2494614905719412,0.0276975124872547,0.0350337017659515,0.3887839366390078,0.9473705344594504,0.0025761266600967,1.0,0.0384509543423694,2021-01-12,5.0,6,0.4996844175724042,0.3173579214184765,False,False,False,0.0,1.0,0.2,-0.0564361791962295,-0.5153564189411165
UAL,Falling Wedge,bullish,1,0.7111178349157204,3,22,1291,1292,2021-11-02,2021,1,47.77999877929688,46.4300012588501,53.03000020980835,45.08708833139156,1.3308397683397684,0.0290759742374433,True,0.1052742302742302,0.0920940649032162,0.0098189367274235,0.0073903437417337,0.0627737671789461,0.1016033188703191,0.0028460839073618,-0.0044080947750267,-0.012543732596681,-0.0011514368180433,0.2421053054260087,0.1072333662873943,-0.0106405614415869,-0.0614909833396803,0.0052717855730932,0.0439826998359713,0.0212705625553581,-0.0715630762006992,0.0446564901612118,-0.0989275682560736,0.0536985494031276,0.0721731835812313,0.0795692832831607,0.029719590203461,0.012420756081352,0.1762996714110845,-0.1966855721263917,0.0408086120339752,-0.0722982903729887,0.0372327455510854,-0.172776305747189,0.0480377466260033,0.0236093668114241,0.0370797374344933,0.0528165144451002,0.0412103825283791,-0.0083239353326007,0.0236093668114241,-0.0708426206355202,0.0357973244802563,-0.043595235159765,0.1978082526220035,0.0496808486309436,-0.1100449276419953,-0.167037856238763,0.033600298896913,-0.1825030897611543,-0.1590908581568602,0.0414107410746515,-0.0937997021220895,0.0040920678684428,-0.0056377229384549,0.1488118266014322,0.1081411592950425,0.0020476727223099,0.0700809260798462,0.0134266488081282,-0.0581988439231421,0.2728683883376093,0.1437346470450331,0.006419942569213,0.0804791168351164,0.0071650165921568,-0.1298887954871325,0.1191982601118044,0.1813200125186673,-0.0671333319912393,0.0667948742272648,-0.2280697349723874,-0.0763917497788466,-0.1122312961542744,0.2589074090484624,-0.236321776487448,0.05155982410785,-0.1324200316710851,0.1790206752106224,-0.1330175272810716,0.3582462523188818,0.1440337891151499,-0.0673035726463355,0.2526988711639129,0.1328638509424005,0.2415928757660304,-0.0829835678380112,0.154141044382901,0.0238604702643805,0.038328230906161,-0.1073781470623564,-0.0976409912109375,-0.0319932568791199,0.1112482913662571,-0.1292638854546789,-0.1437839913646366,-0.105203157275432,0.0801250699307598,0.0129145474214908,-0.1833421905322554,-0.096712295323202,0.0833543553161473,0.0096875300259715,-0.657648028231824,0.247451918289443,0.3869831600043385,-0.006269113344872,-0.0913887036369081,-0.6861728385642722,0.143344734336841,-0.3123175603752492,0.0389482515384866,-0.1321577535628531,0.0227272591382969,0.3869831600043385,-0.0591738036072666,0.1554266355570583,-0.1109222080838601,target,1295,4,53.03000020980835,0.1098786430439655,0.141063245095503,0.0123482663805247,1.9495640616624168,2.502868850952501,0.2190938629417977,1.9495640616624168,1268,0.7029577666310893,5,0.040822148672873,0.0298766206786,-0.0976990864890304,0.0,-1.013080220001488,-0.3101224533703994,0.2932368802861447,0.1245013890137855,46.4300012588501,45.08708833139156,53.03000020980835,1.202857426234655,-0.0510275503303883,0.0179876926986162,0.0250699757755477,-0.0993054415256039,0.8876382822780099,-0.0027055373606533,1.0,0.0664972721068017,2021-11-02,5.0,6,-0.0948741936339401,-0.0433505515023777,True,False,False,0.8,0.0,0.0,0.0116977371072861,0.2808565051909128
UAL,Falling Wedge,bullish,1,0.8088708130078867,3,32,1749,1750,2023-08-30,2023,1,50.52000045776367,49.53579461124116,60.08370182796409,48.00088589021857,0.8791920880521863,0.0198685789588437,True,-0.0562153627643416,-0.0411595907444631,0.0054152003637044,-0.0457803825811455,0.0605421167272057,-0.0100069884328651,-0.0470308289433701,0.0220020076917193,-0.4851197739203567,-0.179675031292914,-0.0772059427530973,0.0131487823503499,0.0838337202552355,-0.056794652512215,0.0254545665922618,0.0956554291589202,0.0042491026738369,0.0536451401594346,-0.0612607259995545,-0.0839338503361186,-0.0354484236956399,0.0341233419154163,-0.022006003135382,-0.1009501631553254,-0.0980940181823515,0.0839972365371057,-0.0246534679812016,0.0026815403773132,0.1412370562942559,0.0632712522803022,0.1830969780048779,0.0486691551063449,-0.4100238228912188,0.1267159491732459,-0.0319833163850171,-0.0126666598849826,0.0598456173218824,-0.0606578934674524,0.0984300216310261,-0.0577438870640091,0.0328574567980151,0.0165839489037133,0.08415113950983,-0.0886306549041762,-0.0433735090652486,-0.1115403701700557,-0.1625098774758816,-0.1146444715957802,-0.0132631608147453,-0.0286170689870405,0.0117913940080707,0.0941268052302453,-0.022317670299488,-0.0180375172432015,-0.0963959528980658,-0.0818268182586005,0.0008253808873062,0.0607574048464538,-0.0013335860779514,0.0841977498172947,0.0126391928836431,0.0623727301190946,0.0699370762087263,-0.1253982360887907,-0.0922953142062188,-0.05595360276523,0.0094562458658429,0.2084363114206826,-0.166464945658283,-0.3087886410820692,-0.225439168608118,-0.0126012024576867,-0.0488031265093011,0.2143321776167737,0.1846285484910574,0.0001723848540207,0.0724467711540648,-0.1716304583089906,0.7467300423517587,0.235311576428703,0.0378014027987341,-0.0869614334958112,0.0574815471432117,0.0541022511250182,-0.1127802407323442,0.0741049701388492,0.0124013497232946,-0.1529495913444882,0.0346546838318846,0.0202020202020201,0.1664082529624919,-0.3750412373807323,-0.2139746887438871,-0.2256120446504517,0.2762007766290701,0.035964225266573,-0.0584047172727489,0.1169697900221293,0.0576099020219735,0.0519999577448917,0.0245669327167989,0.2353600658717305,0.3765511647402999,-0.0254098863171289,0.3021363469053899,-0.390624989043264,0.082535732026445,0.0821742629689237,1.152734611304988,0.7071668177451909,-0.2060157674159261,-0.1084082101323282,0.0723932655571635,0.0772300712058939,-0.3571112063711904,stop,1752,3,48.00088589021857,-0.0498637083277773,0.0003958918761371,0.0621535898890891,-1.0,0.0079394792207336,1.2464694659395317,3.796453521175229,1716,0.7284491356925494,7,0.0921689112229021,0.123657020875,-0.4291257398769728,0.0,-1.436599512459337,-0.7081503767667813,0.2869807294214155,0.1290472784854388,49.53579461124116,48.00088589021857,60.08370182796409,1.1607145581926628,0.0491970520911195,-0.0586812038958445,0.0231679559589652,-0.0437106497844286,0.261535030576183,-0.0019888320713777,1.0,0.0019549619827452,2023-08-30,4.0,6,0.1661122897184315,0.1377837355965441,False,False,False,0.0,0.0,0.0,0.0019525323136209,-0.0256181474303706
UAL,Falling Wedge,bullish,1,0.7026343013984497,3,32,1968,1969,2024-07-16,2024,0,46.7599983215332,45.4350004196167,57.35499858856201,43.90603637695301,1.506807490848167,0.0291624934451288,True,0.0312233308720539,0.0402068264045404,0.0263620020316204,-0.0063214716624947,-0.0295292821252575,0.0189242702733187,0.0477276245989932,-0.0894495249439575,0.0701660493295333,0.0561209752669178,0.0269360000616516,0.0834180774352504,0.0659577063599634,0.0290215375401845,0.0208776827470857,-0.0206507353875744,-0.0280538955472202,0.1647804148712059,0.0208776827470857,-0.0964694418288086,-0.0310005507928083,-0.0885478119211711,0.019165965419378,-0.0032078211412716,0.0268565476761304,0.1403375939477849,-0.0469863055503532,-0.0027308280509463,-0.1808035728108685,0.4255211391341491,-0.0214611241175773,-0.0274687651629889,-0.0437526857121978,-0.0438119865423045,0.2073008578258133,0.0455445908535645,-0.0948081452657412,0.0984300216310261,0.0407040940035436,-0.0215470325291452,0.0759762694311816,-0.0408331156559607,-0.0555323541268572,0.1127948807393062,0.0729912023300305,-0.0352010578598445,-0.1248930787471509,-0.0949002690625713,0.0219042045337185,-0.0227743397364056,0.0019047216618017,-0.1829462104877075,0.0569036950448924,-0.0399348579064183,0.0616057238271774,-0.0495445373338186,0.1048873112269686,-0.0283623712587951,0.0128859412966984,0.0995681602833598,-0.2155633178201371,-0.0591002681833506,0.2094228322702354,0.0707552773479556,0.0375253757002882,-0.1150471905395505,0.0713315565390226,-0.0900997397977056,-0.1221591770805624,0.0365697810211951,0.0444079949950871,0.0044362603555638,-0.0995487173421594,0.1776593430350725,-0.0931198452943471,0.0318831838807904,0.0574815471432117,0.0222347577447052,0.2157254931142018,-0.1666666666666668,0.0991299905243898,0.0859930811207534,0.030035162481526,0.1636498431556976,0.2875321114666169,-0.0222221896452095,0.0500707364686152,-0.1671532842142326,-0.1244239076726938,0.2313113975385119,-0.0155038551294588,-0.0018554410820493,0.2709581359802568,0.2349698472458903,0.4054308900331327,-0.1698646764799906,0.0159082621011856,0.0807075219545419,-0.006269113344872,-0.088343549284717,0.0859427681877109,0.0202622251892088,-0.0867058359521464,-0.179394370063028,-0.0173298237250513,-0.117560342522513,0.1186274569385652,-0.1530482207578813,0.0857385612713501,0.2390427001896569,-0.0807582620195868,-0.2434111552177513,0.2834875548060771,0.035964225266573,0.2595367951517336,stop,1980,12,43.90603637695301,-0.0610342610569755,0.0622326764727885,0.1005131975395691,-1.0,1.019635126157984,1.646832382319499,3.7123831616427863,1936,0.7480924684848352,5,0.1072354103161822,0.063397620972037,-0.1200942186474095,0.0,-1.2330162341694566,-0.4849237656846187,0.2114144148991243,0.1690340469998993,45.4350004196167,43.90603637695301,57.35499858856201,1.3964285169328972,0.0623591454787963,-0.0733850764256479,0.029667060250405,0.1832579471903188,0.986013668884348,-0.0015794155078118,1.0,0.0440366190585954,2024-07-16,7.0,6,0.2124597839438242,0.1735666317423303,False,False,False,0.0,0.0,0.0,-0.1294045373569521,-1.557310051322779
URI,Falling Wedge,bullish,1,0.6817656454401948,3,32,744,745,2019-09-03,2019,2,107.67507785513348,104.54320622703096,133.58911350331027,95.80437809582604,0.9857202793011478,0.0299576772239145,True,0.1090746624137701,0.0920522588357957,-0.0231509320440791,0.128747194191563,-0.0116845693960769,-0.0330308320029482,0.0005669777158301,0.0057002188310932,-0.025892874332131,-0.0010723738217092,0.103462113136048,-0.0214296909331396,0.0288570115453292,0.0002375017916311,-0.0175941653395982,-0.0047380813622996,0.0711511099388852,-0.013333143877942,0.0304707272282183,-0.040870991624731,0.0584057267208886,0.0230694719033708,0.09618114250036,0.1345549440466751,0.1080146375930237,0.0743598490124965,-0.0298221009266175,0.1006087580633854,0.1005117712091165,0.1143291837571076,0.0132016283149873,0.0417208970947189,-0.0249672535653103,-0.030992203274932,0.0086404279891902,0.0103453374628759,0.2338605044757171,0.0422481426730734,0.1432674874730721,-0.0311816945765682,-0.1183045804665917,0.1281377621825785,0.0144588657358684,-0.1692605267408206,-0.0110043935063145,0.1040470509273234,0.0690207775065894,0.0640605490958912,0.0102491505309312,-0.1097882268789134,0.0889720323116023,-0.1177713440063855,0.0081292348646313,0.0529291456819287,-0.1515618347691036,-0.0618511454459844,0.1716195656740289,0.0634395485402443,0.0077207314369922,-0.0589092400482841,0.1185170632440406,-0.0485110977897362,-0.0033301323092989,0.0304444141610054,0.0169426883658838,0.0012155343750182,-0.1263593221312174,0.0107102852660163,0.0738804249529194,0.2252120668535036,0.1860834584100177,-0.1113942448931715,0.0543210963656481,-0.0745106335497721,-0.0593995424282601,-0.5551364622215855,0.1415733987762892,0.1173264958445654,0.3610899246939654,-0.0379172589750792,-0.0508784948226029,-0.025366940335052,0.075011783381051,0.1412581900658434,-0.0299820123163433,0.0715968213245437,0.1543742184471774,-0.2045140461538742,0.1853906095722914,0.117595141848928,0.2938936351996923,0.1969954828622908,0.3973177621524413,0.3209364229193339,-0.1462251858332699,0.0161924933551373,0.1899046979460041,0.1423604408599141,0.1751873277546876,-0.0255500916896895,-0.0147722070895596,0.4019140114479469,0.0199016420353357,-0.0080950919388228,-0.0800028902442401,-0.0514442729409831,-0.0984484791400874,0.2855583374958159,-0.1535981973209103,0.0814224910537251,0.1065252657795188,0.2060043138628893,0.3163630869068021,0.4973713452462434,0.3042893102751184,target,787,43,133.58911350331027,0.2406688359495932,0.2695571908305292,0.0251230297584743,2.18302511002845,2.4450615462943603,0.2278824534399971,2.18302511002845,710,0.5354118663465748,6,0.132201911857277,0.2496819477166243,-0.3497892662896201,0.0,-1.4403188917777685,-0.9049070254311932,0.8093547433125501,0.1474932324053569,104.54320622703096,95.80437809582604,133.58911350331027,4.141562217725441,-0.0966711162537099,-0.093332165721465,0.0392280944499885,-0.159230257885979,0.4402160279468007,-0.0183013359353094,1.0,0.0243817159578616,2019-09-03,18.0,11,0.0460885633569598,0.0409754388690706,False,False,False,0.2,1.0,0.1,-0.0598294794214539,-0.5317580846337476
URI,Falling Wedge,bullish,1,0.7037651014216983,5,75,1352,1353,2022-01-31,2022,0,305.63932081939936,306.3822494033648,420.9825184057272,280.5359504393708,0.9259710181037754,-0.0024248421225843,True,-0.0053861453023853,0.0022023239430389,0.0248475957132408,0.0171253106110296,-0.0716052680487662,0.093166204354919,-0.0179486813562644,-0.0686513339170538,0.161281288127143,0.0443981425489148,-0.007740744478637,0.0508422854584311,0.0633718109450189,-0.0047554972358723,-0.0670577672163073,0.0094389842787374,0.0044907655753712,0.0587319475672385,0.0433072041348037,-0.0018551761756646,0.0670657602459092,0.0600164047716764,-0.0283096070975787,-0.0133549412873013,0.0125170127816856,0.2346883869240634,0.0523333257982441,0.0700758708981859,0.0025218317616948,0.0380992182934416,-0.0113516878210049,0.017464839120195,0.0148171696058754,-0.0049239963266649,-0.0555208363785822,0.130427508964821,-0.0011809618021394,0.1944833292166032,-0.031691468093135,0.1335874569965589,-0.1780660379751347,-0.025553333285983,0.1199999863500034,-0.0003755191960544,-0.0147529059183726,-0.047609050143932,-0.0140163366763437,0.0319141524144817,-0.072764724107418,0.0241075655887996,-0.0411276579404118,0.0096214095181115,-0.0283129338002573,0.0578069126947509,-0.0857608943955459,0.1829292865025882,0.096071005522023,0.0653937666097101,-0.1032612889218873,0.1144508135881832,0.1079296717334687,-0.1691867762296304,0.1594837074334223,-0.0640133296602913,0.0765041018114496,0.0765041018114496,-0.1284300948931318,0.1827703336312554,-0.0370520855011756,0.1502724207827055,0.1229718879635304,-0.0576185433253325,0.132792341658027,0.1408520626246199,0.0671245129856232,0.0632622130262765,0.1989820966940578,0.0852733066683484,-0.0114470555155047,0.0445664369341431,-0.0309759167616513,-0.2886906940119083,0.1985833865939201,0.1267484987604656,0.3313230593602276,0.2488757434321977,-0.0971642715702039,0.1687431612336301,-0.1460986338017358,0.0215846849857312,-0.0489657238519321,0.0928848874767555,-0.0247883747426858,0.0464675791818984,0.2987793852051261,0.1909651103380552,0.4815010708119538,-0.1281021435363472,0.1342157087245072,-0.0365491018541648,-0.1694861600476132,0.10039188192974,0.2908777727518123,0.2016767548252354,-0.3103188410290367,0.3539591469719287,0.1580141277523614,0.0118357913987134,-0.0938452296643712,0.0367884744516713,0.2668709791142936,-0.0953198018471847,-0.0601041437810591,0.0455712353965822,-0.108674475638296,stop,1369,17,280.5359504393708,-0.0821339686030188,0.0559070632978784,0.0917196070185217,-1.0,0.6806813824873869,1.1167073572425747,4.594729545881669,1277,0.6681443918822743,7,0.1323903143117732,0.0899720745853074,0.1765431506063781,0.0,-1.1758249824889968,-0.5076805906067228,0.3969036404002115,0.2783715135730739,306.3822494033648,280.5359504393708,420.9825184057272,14.286085752468049,-0.0513967482506212,-0.0473497428206606,0.0463576363216629,-0.0188495995250751,0.8873491968625475,-0.0073007753975297,1.0,-0.0527413132422628,2022-01-31,3.0,13,0.0297886458600404,0.0040906860022082,False,False,False,0.0,2.0,0.1666666666666666,0.0198798155203334,0.3804842075277536
URI,Falling Wedge,bullish,1,0.776077275903732,3,99,2162,2163,2025-04-24,2025,0,633.052569427259,589.1532990543992,875.7288427058011,497.1515843802272,1.9096321457232972,0.0745124748402814,True,-0.0007175419743595,-0.022340038506304,0.1348789136071073,-0.0015252669567984,0.0421495150717736,0.0063736996214378,-0.014898201474867,-0.0427711584130912,0.1103328039639786,0.101799865545427,-0.0144876506417906,-0.0559441766096125,0.0396314865783926,-0.0196801118623082,0.0966584919438324,0.069769882646471,-0.0616311781594778,-0.0010327332931696,-0.0374935372178866,-0.0061676162707394,0.0247496860062121,0.0310687754196758,-0.0208066164495879,0.0451439176355694,0.0114660119912086,0.0267393031928273,-0.0605458614898575,0.0400646820496868,-0.1849005855276064,0.0409423214485835,-0.0846845320736238,0.0970376753395469,0.0729676189528534,0.1181259741965683,-0.054733147698043,0.0185592137314765,-0.0512242056544678,-0.0786509503288818,-0.0648540655054644,0.0495349715284525,0.0536030050713731,0.062675564655499,0.0454138934942804,0.0477984836801539,-0.0290847626677538,0.0419046878157892,0.1003789431190342,0.0337183285364119,-0.0036394463081559,-0.1180479173764538,-0.1606068710681895,0.0674350201232787,-0.0202739720810417,0.2193096892910435,-0.0077278529781141,0.0894668022425628,0.0653937666097101,-0.0515349396357333,0.0085591160356019,-0.1043018162811596,-0.1827685616979515,0.1362431484526571,0.0935929663966823,0.0903184283330822,-0.0246843145007898,-0.0890168280817133,-0.0044313839772588,0.1200123331186622,0.0942140747881983,0.1205676576039749,0.0194531018009684,-0.235413546994178,0.2463274725118183,-0.0328553423250356,0.5311984762219257,-0.039786368377422,0.0270967469221563,0.1394186136347632,0.1273596651531243,0.1586394576208027,-0.0299820123163433,0.2385424956958344,0.1356080782067328,0.3519724285768451,-0.0402828563250018,0.1518669776233387,0.1682402879520739,0.0395039765169789,0.2998370640641605,-0.1147707250207279,0.2941344290413015,-0.0002651083151824,0.2370232850511335,0.0832335411142217,0.291509862090469,-0.1147012004754129,-0.3792079510065084,-0.1022478211670768,-0.1560101977344937,0.2387857590174156,-0.0813715272878697,0.1509179971773651,-0.1389673174392204,0.242191569267407,0.1687365515533001,0.0054852209335882,0.3872151090024367,0.2331268847066994,0.2658773638601768,0.1578848680762412,0.1484849822832774,-0.3340966511032039,0.2112323351105567,0.1258205510498931,0.1709899656553815,time,2222,60,783.1007690429688,0.2370232850511335,0.2924129570107069,0.0454404649286094,1.1040994262387578,1.362115025916758,0.2116703059147821,1.785684431901345,2063,0.4137353547241603,7,0.0702839476838711,0.2022390767026614,0.2423464968058952,0.0222222222222222,-1.5115162290698816,-1.0977808743457191,1.172862165935169,0.2018845056876654,589.1532990543992,497.1515843802272,875.7288427058011,39.008700358152566,-0.1114899995907361,0.0328675497746848,0.0610203387908214,-0.219099889215689,0.8130693566159286,0.0420052467960794,0.0,-0.0385164934928654,2025-04-24,14.0,7,-0.1131811212752833,-0.0622968949551752,True,False,False,0.6666666666666666,0.0,0.0,0.0886838567423904,1.152372652917831
URI,Falling Wedge,bullish,1,0.6902916141130299,3,31,2311,2312,2025-11-25,2025,1,809.5178368464867,797.8301802679453,1045.1019226874305,756.0153496268194,1.503565815556907,0.0146493036583503,True,-0.0009331303650508,-0.0101712034650842,-0.0379083282306604,0.0359347876572357,-0.0136659951615061,0.0362636020929429,-0.1496652986293586,0.072444209217553,-0.0476250371129427,0.0520833025647817,0.1713552177439596,-0.0424772064265276,0.0057750259892612,-0.0299331611473296,-0.0171393688378858,0.0254773529728007,0.0479073349161436,0.0570015379895689,0.0001856051724218,-0.0102652832225468,0.0386265755907686,0.0900561176688012,-0.0151546799054249,-0.0010190074634969,-0.0156877995835164,-0.0036517741593945,-0.0552861928277581,-0.1040106463395417,-0.0949775328536641,-0.1108885352426476,-0.0267978534801511,0.0330094007449357,-0.0291935647608707,0.0069146638511168,0.0042209789619496,0.0038767823721976,0.0458479050924007,-0.0253492797294114,-0.051335679786023,0.0478653210741322,0.0032162700327711,0.1320872938286361,0.0365609460643012,0.0166061677513706,-0.0599116218729263,0.0105408401004319,0.0127085108105011,-0.0091175363221622,-0.0653167208616676,-0.0324676339516576,-0.1134047135750386,-0.0958037692201505,-0.0297535177287298,-0.1411930274686438,-0.2036291606050856,-0.1276093100447709,-0.0028558892024311,0.1645652949065323,0.1085253218844046,-0.1343029877169351,0.0206076783266644,0.2153170787962064,-0.0899235377085502,-0.0036394463081559,0.1356101464783319,-0.0041167988922107,-0.0686879564321562,0.0963799622580299,0.0312934601638018,0.1187839932874506,0.0934797176564017,-0.0375531405075945,0.2252120668535036,0.0329547019988456,0.3596550458453984,0.1686125715474333,0.391404223116752,0.0017787316097739,-0.108881512096424,0.0882053198558647,0.2348188056971478,0.2719133283879926,-0.4842939024811956,-0.1206971587522566,-0.0890169894356658,-0.0792844805744488,-0.2298589402407644,0.1543742184471774,-0.3980037005782555,0.0976382911086417,0.0055828310008434,0.0945559777473121,0.1037305446769525,0.0863892590186687,-0.2717045026660499,0.1224276915507414,0.2144697399554889,0.2282740497389475,0.3426778531072907,0.2187454420845218,-0.0805874211419133,-0.0663680806059928,0.3386316838224292,-0.144205233783155,0.1460882207007212,-0.12240002155307,0.3812382494665969,-0.0187251444662842,0.0686138994163474,0.0733368098561237,-0.0087177465769242,0.019333599561611,0.0181226996196322,-0.006946214770693,0.031115266011134,stop,2354,43,756.0153496268194,-0.0660917953680781,0.1802141782735914,0.0701357548393755,-1.0,2.7267254168228203,1.061187011924487,4.403236150007324,2279,0.5504612118356897,5,0.0408966453091886,-0.0065980956979316,-0.0140052128583839,0.0,-2.276829113853408,-1.7263679020176876,0.6994546588451364,0.1078140086359235,797.8301802679453,756.0153496268194,1045.1019226874305,22.771438511252263,0.0383484768977557,-0.1086516367363567,0.0282831287658921,0.142032361955223,0.2660765826438339,0.0035264454224965,1.0,-0.0175239889734202,2025-11-25,14.0,7,0.3082130633737137,0.1983937699861391,False,False,False,0.0,0.0,0.0,-0.1353716522522374,-1.4574867487695344
URI,Falling Wedge,bullish,1,0.6846325008392908,8,52,2406,2407,2026-04-15,2026,5,768.2348434583395,730.3154229594547,970.5550529011034,694.654490464512,1.1891000622703234,0.0519219768702459,True,0.0410295690157029,0.0265514529676174,0.1042948259203724,-0.0123561881877326,0.0035673212097793,-0.0222995695010259,0.0226408114222997,-0.0969253855945719,-0.0533002060139544,-0.0354197499996937,0.0365880625150443,0.010865067961487,0.019738187098877,-0.0138578108015228,0.0877691499802066,0.0082027770000845,-0.1050800774559438,-0.055729104323427,-0.0624168173277459,0.0369661158971728,0.0637954273702265,-0.0453160456244056,0.0464432294384266,0.2346883869240634,0.2196825425428417,0.0406154443936359,-0.0462151269368382,0.2477270159962845,-0.0599116218729263,-0.0446894745366339,0.0490855524797455,0.0172372659772404,-0.0661310609820245,0.0189345253567547,-0.0302402550003771,0.0439998918218067,-0.0059050510695548,0.068698349041292,-0.0535769500162722,0.067364210276696,-0.0429131497642172,-0.0607345029485495,-0.044299443131183,0.0924164757471366,0.0102647313918806,0.2246020456128686,0.2153170787962064,0.1564776616885015,0.1121664757393721,0.0230060138492786,0.0466312029415845,-0.0029191202843162,-0.1241326088778908,0.1005823867678308,0.1437842868895973,-0.1997963510436972,0.0093166432318159,-0.0750000294578688,-0.1994447261084215,0.1123895377432413,-0.0326904422386595,-0.0159880419602063,-0.0112717952009402,0.0406942640272443,0.2021959844695842,-0.0253666277055614,-0.0045254795591792,-0.0279188231661801,0.211731441293375,0.3884418588211864,0.3360925575272988,0.0270315438426373,0.0376636786403197,-0.0812935793979245,0.3904588015674137,-0.0576185433253325,-0.1742043507132744,0.2535270908953755,-0.0687531343022451,0.0547484432728295,0.0828880755864998,0.175285955513146,-0.0203173067724514,-0.0532663269668692,-0.0476202472618207,0.2839847767787684,-0.0521402486865215,-0.0019167245068334,-0.109712831629386,-0.0330392134637175,0.1895823701787415,0.3486774473587187,0.4103374067708736,0.3389597719751638,0.2095619163520936,0.0717200267169098,0.2151382936566652,0.256873704848598,0.0497653958472721,0.2340999688630298,0.2783494154284402,0.0960511559181125,0.0591563155934593,-0.1637277835009407,0.2647464255979597,0.259554364700485,-0.1995637296042022,0.1191571666943274,0.417789438260312,0.5312036948794061,0.2452222549667044,0.5080256089623938,0.0227915663914379,0.2739236210972013,0.2228454656873903,target,2412,6,970.5550529011034,0.2633572418194223,0.2889320772643346,0.0040718596239731,2.7496498890095884,3.01667062083651,0.0425133111425781,2.7496498890095884,2349,0.7855903784311213,6,0.132099962906132,0.1211024127015261,-0.1661899626451602,0.04,-1.0557690687560055,-0.2701786903248775,0.1994898590656668,0.2256461915100921,730.3154229594547,694.654490464512,970.5550529011034,21.09781177561202,-0.1079570757635567,-0.0424490144280014,0.0276730004607778,-0.2112967110401684,0.4054675472295393,7.787437965744992e-05,1.0,0.0463059975708293,2026-04-15,34.0,12,0.2519763701001358,0.1370220295074184,False,True,False,0.0,5.0,0.4545454545454545,-0.0395496268053279,-0.3055177476232801
VLO,Falling Wedge,bullish,1,0.7279771412521323,3,37,1159,1160,2021-04-27,2021,0,60.19988926971677,58.974574654824266,72.1095528021637,55.7523081250599,0.7154698263503296,0.0207769979192595,True,0.0826987477425496,0.087940258206494,-0.0277045645655544,0.0246500772789726,-0.0071602230413528,-0.0010890089732999,0.0310905654196238,0.0311338368874198,0.0011490095987829,0.0236317894570585,0.0038816546486846,-0.0243146139048644,-0.0354685884830979,-0.0146615609142258,-0.0037596838547102,0.0193409701407529,0.0140259321044045,-0.0316117413006865,-0.0349093919620973,0.0482951930013604,-0.0047168706396804,0.0279057063575889,0.0807133233797956,0.076188276855986,0.0848045418498369,0.013453991498318,-0.1078329754108535,0.023220946818717,-0.0356417390450524,-0.0414453268419116,0.0967987862108523,-0.0137121088656753,-0.0808850525778944,-0.1295529787204253,-0.0165989803980719,0.0270795752920385,0.0407003829271011,-0.0682540582997197,0.0308792119990848,0.0676473208094614,-0.0287753225575325,-0.1056803710432331,-0.0359356502388208,0.013453991498318,0.0866896743715426,0.0894078109846739,0.084742972994156,0.0837135651155065,0.1178439609778294,0.1298181954186867,0.0227947553124736,-0.0087910810607979,-0.0627274655749172,-0.1168455764392606,-0.057759372140155,0.0609274047471248,0.1133181347711171,0.0224941582202262,0.1415720956585677,0.008188548640454,0.0246282555779064,0.0737902122030309,0.0056472980261832,-0.068046003332326,0.0341524931095047,-0.132009210170908,-0.096000321690543,-0.0611581333494484,0.0771510555489185,0.1341195673898536,0.1193458087647467,0.0138028008332777,0.1226938760511622,-0.1866355001662952,-0.0599626002224585,-0.0197682663351803,-0.0035352520729021,-0.0783582016744437,0.0536260509462722,0.1703447030940099,0.6307458265997277,-0.0361382770713868,0.5041557780214723,0.0410170588191807,-0.0366159446032707,0.0035871857529472,0.2144435456737314,0.0068592270002709,0.3125310365498612,0.0003442406451505,0.004388794644254,0.0512432632655846,-0.109537191314145,-0.1551912632694462,-0.0648045262191805,0.1499161141706078,0.1632206160632614,0.2371534580422047,-0.10228743536261,0.4290818293259311,0.2637097198323248,0.0057654931092989,0.0371827408934035,0.1687676183608306,0.0624705498887014,-0.0244189227112595,0.1583398330414005,0.15814669151836,-0.0797701848682947,0.0285693215672762,0.4306592105958253,0.1477115341245845,0.2019232441670573,-0.0036869949244222,-0.2279196868449101,stop,1215,56,55.7523081250599,-0.0738802213527359,0.191632315421636,0.0970528022713849,-1.0,2.593824326902065,1.3136506698865045,2.677784428228966,1122,0.6334198196341969,7,0.115624009569686,0.2866532181150836,-0.2332137146088312,0.0294117647058823,-1.053613966890122,-0.4201941472559243,0.4080580749856577,0.1745896701600715,58.974574654824266,55.7523081250599,72.1095528021637,1.961471616049297,0.2663983930866538,-0.0297795031431978,0.0327505056681049,0.7687220478489791,0.8441573239666901,0.0038283611933174,1.0,0.0549294577392458,2021-04-27,1.0,3,0.7414291471872603,0.2568756696335386,False,True,True,0.0,1.0,0.5,0.0239701740988108,0.7420610106109936
VLO,Falling Wedge,bullish,1,0.6959874542689939,3,25,1466,1467,2022-07-15,2022,0,94.61073092071254,88.34740401263662,128.95422029309566,83.67453441805094,0.3876136885845623,0.0708942948361002,True,-0.0273958323411982,-0.0446725733663833,0.0663731501850966,0.0177771646519253,0.0044168609029728,-0.0407440656519647,0.0247546737549806,-0.0192989265256393,-0.0611135549957,-0.0292871489626246,0.0291082935376627,0.0529928071739485,0.1391203878068247,-0.0010890089732999,-0.0763087694379675,-0.0196561474571076,0.0307491519173108,0.0075900936796888,-0.0232818096453371,-0.0356167352795723,-0.0373226068195793,0.0298112872919991,-0.0303445871988791,0.0357177475425913,-0.025073076322043,0.1084727048746669,-0.1385484580653916,0.0382024563190159,0.018053090456404,0.0393073123760463,-0.0291691174232371,-0.0807281982287092,-0.0013310884825481,0.0185975108458837,0.019937703088646,0.0024589907463219,0.0132230565814805,0.0591962643486783,0.0027999773082842,-0.0013190617184261,0.0279668190253457,-0.0027206075063292,-0.0525443047388176,-0.0217779888663801,-0.0210810089033086,0.03576794494071,0.0864685943049439,-0.0132274195282229,-0.0244601245902963,0.038946995337975,-0.0411011173017649,-0.050618665199017,-0.1203897773128849,0.0609274047471248,-0.0680541771875649,0.1274544313559649,-0.1859887016812589,0.0411784260641723,-0.0076633233773645,-0.0220867875243853,-0.0412381674090445,-0.1269561933705987,-0.1040379358339468,0.1864624373971364,0.0742972209948804,0.0609532937786641,-0.0398564909911773,-0.0785649867282838,0.1025084062465274,0.0776027273553829,0.0194381434896047,-0.282525950284023,0.0463965122125453,-0.2048030466774381,0.3088295380551369,0.1084633131396075,0.1325532698955511,-0.0098047007698738,-0.017038765027649,0.0332466793298946,-0.1700995812139389,0.1449424131580152,-0.0737343073615508,0.020078786498439,-0.0498305843654075,0.0138028008332777,0.2688690181582664,-0.0225193428802662,0.1278471954019306,0.0415703550752324,0.1035621207114756,0.0516124411609217,0.0456281423845126,0.1148415865574304,0.1210855007982292,-0.1770079032182445,-0.182527189926179,-0.0973834476157786,-0.0017979716055693,0.3291576190101715,0.2362405366694306,0.2090296299808305,-0.1076061889004282,0.0482233209043283,0.2095252869152617,0.1200493193815941,0.0071741813894514,0.3148010485524826,0.0729550716866185,0.0045472320284321,0.0346186005192998,0.1197086407166938,0.1399219554500663,-0.0114961820377935,-0.0238328106504322,time,1526,60,98.92764282226562,0.0456281423845126,0.1826747915130705,0.0782135133279766,0.3947361315702816,1.5803479337294388,0.6766372259346131,3.1403504284167494,1441,0.723225643029772,5,0.071666180634517,0.2236742380171386,-0.2080163153582266,0.0,-1.014758653922871,-0.2915330108931085,0.1614632419296413,0.2642941491045104,88.34740401263662,83.67453441805094,128.95422029309566,5.2736383647509815,0.1333816145888495,-0.1345577938401627,0.0569981231200501,0.2640965239885577,0.9783928378002876,0.0226236985485375,0.0,0.0200250992681341,2022-07-15,18.0,3,0.1316064957694538,0.0754960137782456,False,True,False,0.0,1.0,0.5,0.0059341667333105,-0.1667256510908577
VLO,Falling Wedge,bullish,1,0.7433716626183144,5,42,1808,1809,2023-11-22,2023,2,116.922803198588,114.75474475357532,138.3225811256449,109.22335207470304,0.7407702468225048,0.0188929743137713,True,-0.0046843216333843,-0.0076069755899986,0.0016465450021079,0.0025438391568552,-0.0486353819028965,0.0525439273501546,-0.0015017981796834,-0.0277126809283468,0.0586951293135771,-0.0061966679782718,0.0195861179895584,0.0459743598821873,-0.0477866712108133,-0.0383739539973209,0.024713868375914,-0.024744009172506,-0.1105228375883745,0.0692434271539634,-0.1278873043674745,-0.0354685884830979,-0.0031915812510949,-0.0353141705109532,0.0069350999339414,-0.030806019226848,-0.0377500051740666,-0.0317938132686935,-0.1689005793243145,0.0326519101398792,-0.0252981087786668,-0.116068266483209,0.0018984626605305,-0.013921396269667,0.0684873751179184,0.1644710883705302,-0.1186105966366889,0.0730644343536177,0.0226556173003809,-0.0266752513911077,0.1029834018001789,0.0102743072767317,-0.0447798238226856,-0.0036945303293269,-0.0778497413107784,-0.3380137007224636,0.0943142373070329,-0.0110657705263079,0.0473997292602519,0.0044468080612585,-0.1455425235487074,0.0224941582202262,0.0136329632773335,-0.0587166865742402,0.1595429420051095,0.0194461490542832,0.0762681049806874,0.1337960594928842,0.4797940599211756,0.1075846198426526,-0.0742722575488596,0.1132711447895102,-0.0281193723353017,-0.0513062481634644,0.2043338055084909,0.0969856875125501,0.0493459455205371,-0.1401633322681246,0.0428236315320242,0.1354662247681977,-0.0104335245390963,0.0250893096466608,-0.0446930002319789,-0.0375350338504238,0.0444682378451519,-0.0262476828502522,0.1610689091984587,0.0388905709812992,-0.2778513835024812,-0.012021285567487,0.005308603514178,-0.022758487445483,0.3112304369482328,-0.0199371513901347,0.4321242231885038,-0.0837846781352182,0.1858320207161814,-0.1439063441107997,0.1541866601851904,0.1576681246814697,0.1673587907392022,-0.0414001634227065,-0.038315822703336,-0.0226296176043164,0.0971982139945462,0.0001671382462233,0.044356617988718,0.084942653865037,-0.1254043443732359,-0.5889625371371312,-0.0003372338742499,0.281291644004535,0.0460999730714195,0.2693857254848597,0.2523585101882091,0.2958192259786365,0.1198031654495352,0.1525809459750613,0.4246677741387605,0.6452680495560035,0.0663129825283088,0.6927653655120549,0.2139178218025132,-0.0125841433947158,0.3036125538627467,0.1947771716604196,-0.0708353821198281,time,1868,60,128.28749084472656,0.0971982139945462,0.1535982342753939,0.0455736792465485,1.4760386764302489,2.3325216082118234,0.6920756095261857,2.779390060763064,1764,0.7029271497317042,7,0.1344410101004832,0.1753257796156917,-0.2042867463666556,0.0,-0.9614120259985596,-0.2584848762668602,0.3210066347926006,0.1689625675217985,114.75474475357532,109.22335207470304,138.3225811256449,3.0696831289133004,0.0094136387592873,-0.0380898404484577,0.0263774909794851,0.1097347348803858,0.9196943571609852,-0.0159128580275547,1.0,0.0897380265561291,2023-11-22,15.0,19,0.1407736357689515,0.0419661595907434,False,False,False,0.0,1.0,0.0555555555555555,0.0231934894553257,0.3437824636050835
VLO,Falling Wedge,bullish,1,0.811968334019654,3,34,1927,1928,2024-05-15,2024,0,146.23743230278075,147.13862296689922,178.27572459727594,141.283497224111,1.12757587903666,-0.0061247729926167,True,0.0362034938326019,0.0362978763656723,0.0340355955741289,0.0893583152413275,-0.0673219184329132,0.0188339789779641,-0.1345321056075074,0.0494891348031596,0.0859577702512452,0.0224023801768453,-0.0817632933473625,0.0015221963454532,0.0180859537747224,0.0076498378660425,0.0291082935376627,-0.0039658955503919,0.0169866038049093,0.0253877739837657,0.0990647271826359,0.0088969190700813,-0.0953702998591587,0.0830599851123679,0.0258591961873529,-0.0281163946780365,-0.0143963732560695,-0.0671961137801363,-0.0228872098126151,0.0573950982786382,0.02182848777643,-0.0424777581990758,0.0808699305363354,0.1529653016302934,0.0187909978223284,0.0052686305754432,0.0067727531747925,0.0271680656642432,-0.0190864135432019,0.0308792119990848,-0.0005951643962146,-0.029819517733304,0.0243022829987282,-0.0086845126377719,0.0829345161459382,-0.0539566603146601,0.0662041631561243,-0.0446501991451065,-0.0350721832149095,-0.0587947661326918,-0.0732366509427058,0.0648439044752047,0.3148452512118034,-0.0148460862874781,0.0744717651679855,0.0891008503199677,0.0283402917371182,0.1885846624892617,-0.1462003904319535,0.0319001687281752,0.248588090641888,0.0216709379368449,0.0004347484616316,0.0425689576077457,0.0903063467987388,-0.0704464480353379,0.0246970128584427,0.0021478273223778,-0.1908720751717297,0.0513878028044396,-0.0739865315995306,-0.0419636967305757,-0.1051130889280332,-0.0656857577634228,0.2198253509473144,0.2990012811133533,-0.1924019437897092,-0.0262476828502522,0.3047763620415797,-0.2617439133658776,0.026681042520299,-0.0471012878648502,-0.1606657008320576,0.0357928715108795,-0.027017773829506,-0.0449943462384895,0.1894633466753197,-0.0810087239527215,-0.0067597014089686,0.0118356992175538,-0.1624999406205644,0.0493194630397941,-0.0100335064577089,-0.044490453635174,-0.0178179920107052,-0.0274625205155353,0.2579840386978405,0.2455437389885071,0.115464064782351,-0.015268200129849,0.4360446423480544,0.2958983035775708,0.2287373766351157,0.1973771274829421,0.1283853998772379,0.2139178218025132,0.1819725222815855,-0.0268440877502016,-0.0559734903968505,-0.10228743536261,-0.1447520304065543,0.3393596467213911,0.2225994700271485,-0.074846000962072,-0.0206508289331661,0.2906154079546577,-0.1534818663724858,stop,1946,19,141.283497224111,-0.0338759714298919,0.0673532173060202,0.0503362556242709,-1.0,1.9882298414795636,1.4858985144808128,6.467241048927551,1893,0.6779073193782895,6,0.0608104243900369,0.1773661048957051,-0.1394328127681482,0.0,-1.2436353257759245,-0.5657280063976308,0.3449695553051831,0.1454325270818738,147.13862296689922,141.283497224111,178.27572459727594,3.724821788506972,0.1299449340747336,-0.0432749601223547,0.0252497901002909,0.28911253406525,0.919322651081724,-0.0035272346229627,1.0,0.0583958547847263,2024-05-15,24.0,21,0.1311393395303637,0.0815105486772105,False,False,False,0.1,1.0,0.05,-0.0599742835130434,-1.2905363143639406
VLO,Falling Wedge,bullish,1,0.6691184578071329,8,127,2092,2093,2025-01-13,2025,0,126.1220203383574,124.65708995234444,159.9732962821981,109.33758217226524,1.7697754151827043,0.0117516812447089,True,0.0568851749493746,0.0249015064737547,0.005040289294689,0.0016927258210188,-0.0149213208681353,0.0209955021844578,0.0496599018533889,0.0502664801734213,0.0135801633972234,-0.0150260624125696,-0.0238267623100535,0.0369414494062199,-0.015368175007617,0.0080911964221064,-0.0683143908471309,-0.0379173794958862,-0.0113421462265576,-0.0286290459135127,-0.0258768388677854,-0.1113478947473408,0.0055847315594383,-0.047791056961861,0.0673106066266989,0.046280897776046,0.0117814544706693,0.0390638510904552,-0.0475672385472342,0.0166241646292717,0.0224536922148261,0.0211385126839933,-0.0015805886698651,0.0064906686567296,-0.1376977889601267,0.0086996732618915,-0.2026049446152211,-0.0603770779419595,0.0170587316985459,0.047758789942834,0.0104398084041341,-0.0296777806758151,-0.0029493680761666,0.1482800524595031,-0.0313444427974503,0.1213918837427363,0.0856958991117593,0.0447160728954039,0.0453574243286527,0.0095062340981537,0.09802644554795,0.0838375804894833,0.130103671062139,-0.2602625064586816,0.1420171022907117,0.0784929869480739,0.0526167966124964,0.0864685943049439,-0.0237429166636338,0.107911767819848,0.0681890052436062,-0.0847787373472189,0.1505669849820852,-0.0871832992994015,0.0861932934244138,0.0005422043509559,0.0395254506654951,0.144145687840435,-0.0218655384157736,-0.0186932287749821,0.0067518570975054,-0.0440657289756524,-0.0004453760366548,-0.0123335877449867,-0.1736186612661147,0.0826053063251115,0.0066604716617906,0.1619962063237594,0.0812241432423506,0.0565703663610541,-0.0488677829921947,0.0293440271555187,-0.1270901404822648,-0.0355776253236025,0.1301001890873021,-0.0755571320259711,-0.0507555607704564,-0.0798431593277464,0.1665603674335141,0.0345495935468369,-0.2761557482859432,0.133907711326078,-0.1388577066915276,-0.0373087928532778,-0.1149322441169943,-0.0565956548485667,0.1919180533681419,0.3525164874566155,0.2715748053558953,-0.1481874933542029,0.1234464149819909,0.4980954994392819,0.123541637587508,-0.0028407847837911,0.0044287757387031,0.1298346200217062,0.209061473102083,-0.3661661029914834,-0.2110730507076712,0.3420343783918422,0.1407500401096109,0.1233586616375015,0.0776187477926331,0.1658042061079712,0.0455298379709836,-0.0121933993399139,-0.2178848845112646,stop,2149,57,109.33758217226524,-0.1330809490766421,0.1006456039587242,0.2164974596907163,-1.0,0.756273566254489,1.626810307507155,2.0168250857646752,1965,0.3661656837014271,7,0.1842400891754176,0.1064755690832945,-0.0359317901251636,0.0172413793103448,-1.2433597338216604,-0.8771940501202353,1.47295650938711,0.1862238492358713,124.65708995234444,109.33758217226524,159.9732962821981,3.3859448017020903,-0.077544936839455,0.0181376007866622,0.0265788183518734,-0.0856052732773424,0.6419323850356008,0.0058984795971301,1.0,-0.0396951154924442,2025-01-13,9.0,15,-0.0307086660178677,-0.014280480544219,False,False,False,0.5714285714285714,1.0,0.0714285714285714,-0.0181005963160358,-0.3745638705389721
VLO,Falling Wedge,bullish,1,0.6081066177432948,3,24,2239,2240,2025-08-14,2025,1,132.65740444956356,131.74918933498316,150.87159555108633,126.1101982588068,0.7139775116867259,0.0068935157716316,True,0.0355797319113722,0.051740942824802,-0.0377356743777622,0.0155413117014688,-0.056933186182539,-0.0049526482601812,0.0320615776064971,0.0307068770173244,0.022196476074074,0.1998105968607819,0.0488636125298451,-0.0160963921964139,-0.0110328588585346,-0.0638090457101185,0.0462757348766191,-0.0033302293089886,0.0713981687367153,-0.0306476818038912,-0.0350466954427461,0.0190908243042613,0.0756634918099552,-0.0172495839895113,0.0213409981420294,0.1158189988404125,0.1112833433537936,0.0276852225966295,0.0308792119990848,0.01094899012271,-0.13053326535268,0.0687709665335358,-0.0553274666316402,0.0958562524634649,-0.0587226734052116,-0.0251192090451135,0.003494346733819,0.063797240603413,-0.060907403005554,-0.1011619579583272,0.1183365379276129,-0.017057015713577,-0.0272521428307213,0.0230215253656127,0.0779028867564786,0.2706262693654861,-0.0398025480474359,0.1020472104165332,0.1568612975490833,0.1391831944705992,-0.1445641297134831,-0.0699152623278387,-0.0731766446880978,0.0546826937251099,0.0292717545933514,-0.0364606129403102,-0.5840347274508815,0.0232583838436482,0.2256724695156626,0.0195300974109553,-0.0741196904875329,-0.033680881293913,-0.0777824215761777,0.086973940886833,-0.0669613826814916,0.0640603534435675,-0.0919918581141693,0.1680630152502507,-0.3274600739043738,-0.0382208045431978,0.2042040866016877,0.1664576372180033,0.1527725936339903,-0.0069034045822174,0.1664576372180033,0.0746273538427928,-0.0007110962786035,-0.0443961523641468,0.0663854388144213,0.0431957205159743,0.2300791301630034,-0.0294230304844246,0.0668128959267539,0.0068567732975899,-0.0219256012264532,0.0745391154146914,0.0003442406451505,-0.0850319379824987,0.0715828215835776,-0.1322647060359981,-0.0845773840766661,0.1192332205872783,-0.2518627826883787,0.1533067246035108,0.296375551983254,0.2548266929704188,0.2168860465148743,0.2386607167519085,-0.198760991131541,-0.5444560470770741,0.1043787225537258,0.1387605314435354,0.097277606242659,-0.096034710597988,-0.0524948285639422,0.2117689239480875,0.3304794919472145,0.2106843549788413,-0.6534718430187768,0.0575501878280191,-0.0216216581974422,-0.1149322441169943,0.0779862556214128,0.057077813048507,0.1031996484248112,-0.0245712415301969,0.289457215229772,target,2251,12,150.87159555108633,0.137302483620112,0.1389975806831891,0.0033956352677502,2.7819791481803784,2.816324664439718,0.0688012791949471,2.7819791481803784,2214,0.3829424953503085,6,0.1441835052747932,0.2061549620394356,-0.1607116021484429,0.0,-1.8099142689520105,-1.4269717736017171,1.3937449559578,0.0644086469960318,131.74918933498316,126.1101982588068,150.87159555108633,3.632334169575665,0.0503429498613225,-0.017020165038115,0.0273107518968845,0.0548611297266004,0.7980799327047217,-0.0093277526217337,1.0,0.0269251124246121,2025-08-14,9.0,15,-0.0472590074390733,-0.0151554767445419,False,False,False,0.2142857142857142,2.0,0.1428571428571428,-0.0578119281248326,-1.2253943213043623
VEEV,Falling Wedge,bullish,1,0.654141953892289,3,27,1746,1747,2023-08-25,2023,0,191.0,187.49520206451484,212.04833221435612,182.51237200127275,1.0428542229691369,0.0186927339840898,True,0.1338743838964331,0.1136364355147019,-0.1049127978074211,-0.0720127628792599,0.0300449304624685,0.0163934209642049,-0.0447465808440841,0.0308289208928151,0.03882110638204,0.0701509844008942,0.0816412098387744,-0.0964194020917338,0.026979507938508,0.0119132777890478,0.0587003962657941,-0.0579855290896748,-0.020542624873821,0.101877779659272,-0.0306610445018081,0.0415425721995563,-0.0540470780321415,0.0055441571567518,0.1322188617049239,0.1774868790391852,0.1634445839894489,0.1220173542522911,0.0978958586836784,0.0454899659871745,-0.0373356095277769,-0.0253928481685379,-0.0487038290873083,0.0002380190942592,0.0576182312337267,0.0060967676210481,0.0447486063499533,0.0035693899745052,0.0642508334131262,0.0018518059014955,-0.0121739336833862,0.0881318158255632,0.004639698841703,-0.0465000152587891,0.0505631084304287,-0.0521408097258648,0.0005313553714452,0.1592170907627484,0.0678010311426293,0.0869883592146856,0.0986826106688965,0.0691391688330098,0.0530003678904651,-0.0150292739806684,-0.0113127205858074,-0.0080556329990165,0.0133478108979114,-0.0222233050626494,0.0360598269979244,-0.0945070462099941,0.0592050920470772,0.0483068448527368,0.0910979219441117,0.0543898219752434,0.0182405235691647,-0.0962189654132684,0.0154703917819032,0.0403153546790053,0.023621225341351,0.0289764301496107,0.047675708773779,0.0216230622136779,0.0675188083871043,0.127957922653142,0.0130972816280088,0.0917857033865792,0.1895767100847873,-0.0657926480700333,-0.1072085316639591,-0.0215309475145112,-0.2300428482627191,0.0201425439105182,0.1992443880562733,0.1997554490010435,0.1619318181818181,0.3299050079422443,-0.306888902452257,0.1971975666224801,0.050019134099098,-0.0462404509091863,0.0604397232934832,-0.0728692380367752,0.1040402047143695,-0.0231029321195422,-0.0643455145870828,-0.0951487434077027,0.1090264684532249,-0.0652187387513349,0.031739522078598,-0.2165058669745391,-0.2153233161253837,0.2587607678439347,-0.0691062594744893,-0.0920868900144956,0.1746570463360721,0.28034295181031,0.1447786322108801,0.1339018929487607,0.031739522078598,0.0366418825256495,0.0174541878459053,0.3417005709298171,-0.0862317654941684,0.0433333176832932,0.1037855369178533,-0.2891761061766326,-0.0980561824196755,target,1751,5,212.04833221435612,0.1102006922217599,0.1441884465242555,0.0107330002709833,2.479883922517861,3.2447219989215523,0.2415283813175151,2.479883922517861,1719,0.5622211322374564,6,0.0868343606347198,0.0240909530512574,-0.1347486730578927,0.0,-1.2446672843814095,-0.6824461521439463,0.4492781720461304,0.0779627305016905,187.49520206451484,182.51237200127275,212.04833221435612,3.626433236258375,0.0485235517745146,-0.0432071670712209,0.0191742882812558,0.1454787970666085,0.7291208128821132,0.0028434936479018,1.0,-0.037096442764692,2023-08-25,24.0,14,0.1652010229003209,0.1037449235776253,False,False,False,0.1538461538461538,0.0,0.0,0.0179085286445367,0.4191444626067588
VEEV,Falling Wedge,bullish,1,0.7153606528236967,3,29,1916,1917,2024-04-30,2024,2,198.63999938964844,200.46665954589844,248.15555826822904,193.0194536014219,0.8650704239711677,-0.0091120396797541,True,0.033578323547321,0.0021452108900379,-0.1341909779287584,0.0558333303414138,0.0056487604295534,-0.0369675549001684,-0.0264688475362029,-0.0140374566203568,-0.0804234830946414,0.1064187511573384,-0.0780650090787252,0.0220157252128667,0.000705732450811,-0.0077459663125694,-0.0148022197575458,-0.003580451896779,-0.0459749638919695,-0.0624589925176136,-0.1248363702947443,-0.0167997276201018,-0.0001380366596307,-0.0020437867101961,0.056473900808722,0.0260773658401463,-0.0176417863910609,0.0602098831406179,0.0545230806790866,0.1093765220737219,0.0083888641900433,0.1607695300904923,0.0300316638639295,0.0181190547581846,0.1097702923660512,0.0266666666666666,0.1155464549069815,0.056448795662918,0.032585081832849,-0.0333232834045885,0.1657889528518965,0.0170030715416349,-0.0522860023105655,-0.0331889618748514,0.1154471445264888,-0.0539602114464977,-0.0165260256106012,-0.0184921628850766,0.0093636760776616,-0.0399399145780283,0.047860779436224,0.05281442203521,-0.0990540973633716,0.044988234662763,-0.0874461279133561,0.0343339033980436,0.2932002439502423,-0.0181386141166186,-0.0675373843946429,-0.0843834967238571,0.0531252113282771,-0.0689709607605733,0.0183669364080072,0.015341058030321,-0.0149145697569826,-0.0580138946086701,0.3269305622480074,0.1159581782075986,-0.0197189305790772,0.0758185706250966,-0.0186643251279704,-0.067911828104179,-0.1611595696269698,0.0444917949276302,0.2354786242866799,-0.1024683750184709,0.0897028462218321,0.0726304535037161,0.0998927849185573,0.1377427261079331,0.3525493061472409,-0.1785889136850552,-0.0170977373042159,0.169724729778055,0.0620238289000496,0.0320771578532448,-0.04227257399055,0.0439411836511949,-0.0033517158235947,-0.1781428745814732,-0.1533400889651424,0.0350176663967838,0.1103203022652019,-0.1084283843836599,-0.0312626194771867,-0.1206485484916994,-0.0314920291143258,0.0253458766754546,-0.0903798685892866,0.028199543102005,0.0174541878459053,-0.1186531031891289,0.1498529833190984,-0.0540522335660418,0.2082160768305314,-0.2325916687550714,0.0244026202529006,0.0260488064913517,0.384359273140058,0.2404568594296516,0.1856725361156626,0.1360753451660719,-0.2584953188522482,0.3288283574534576,-0.0430879207801365,0.0433333176832932,-0.0797373015101469,stop,1937,21,193.0194536014219,-0.0282951359519558,0.0722915860575656,0.0339810713891482,-1.0,2.554912129784927,1.2009509848917792,8.80974210410344,1885,0.6493961339010546,5,0.0362186766376369,0.1113395496610287,0.0122857012236936,0.0,-2.024311881653189,-1.3749157477521348,0.4867924075544642,0.1002102900473088,200.46665954589844,193.0194536014219,248.15555826822904,4.366427830287397,-0.0186581586334082,-0.0903101784929536,0.0219904708097052,0.0476994147442957,0.0252502678000251,-0.0062505927938821,1.0,-0.032495647327287,2024-04-30,4.0,17,0.2346527576521313,0.0506440307614333,False,False,False,0.0625,4.0,0.25,-0.0482342254975698,-0.4700729295849173
VEEV,Falling Wedge,bullish,1,0.7710923399913192,3,23,2029,2030,2024-10-10,2024,2,211.0500030517578,203.9250030517578,232.73250071207667,199.82892608642533,0.7276296271511582,0.034939315402102,True,0.0282871411247458,0.0173505525803763,-0.0043392745047834,0.0173471470783375,0.0081154329440553,0.0117279431142569,0.0166253375342291,-0.0063760909587806,0.1912708475047098,-0.0281656592023527,0.0131930167214913,-0.0051492140857581,-0.1101166601127278,0.0067540775629497,-0.0518999905450323,0.0058325015361959,-0.0635542677669128,-0.0051069986755289,-0.0179407770579311,-0.0297132337409709,0.0231660412151242,-0.0577338758471281,0.0325903259890737,0.0073916016869766,0.0018537908503439,0.0304403483170228,0.0445974128218464,0.0944246374216866,-0.0535473039309919,0.0715848476895193,0.0213658849136428,0.07795518690959,0.0194581037092314,0.0115568889956469,-0.0398609366563724,0.0153077028820913,0.0451622315068065,0.2206351392209156,0.0025304947610438,-0.0534094215605465,-0.0436781375344228,-0.0207607338700175,0.0730775983355576,0.1064819386207349,0.0400000156500399,-0.0257744932231746,0.0584695387797002,0.0245140750621748,0.0183669364080072,0.0989074917234886,0.0445985446011063,0.2309263426610586,-0.0869543710557452,-0.050558400456835,0.0007375716067399,-0.073370988661906,-0.0585423485584486,0.0696282392549518,0.0213599150244592,0.0896290299044855,0.0192805700685165,-0.0176036795948311,-0.0738182588738988,-0.1584508770663394,0.0077065193662848,0.1610659622982109,0.0336077835961681,0.0888889271775306,0.04019929330855,0.1866855879022277,0.1315514268482367,0.2323869070512934,-0.2279089330741511,0.0088410409350223,0.1103203022652019,0.2164861293014455,0.028600273007626,0.0207148499028531,0.0755697744814887,0.0896380172123816,-0.0529056112043985,-0.158067429323327,-0.0181359766504216,0.0757860536971828,-0.0033517158235947,0.0220776386216521,-0.1420730175153352,-0.0181862196597388,-0.0698039871503294,-0.0156602749033252,0.2387794283086575,0.1660302254282186,0.0032219505612347,-0.022055654892811,-0.1235113467458076,0.0063542709533719,0.1646610465460503,-0.0301528239503204,-0.2094030308023785,0.1400791450246929,-0.0579584775086505,0.0313371587121207,0.0413997125346365,0.1961071420424842,0.1326468388060104,0.1816544252283431,-0.2483926380654403,-0.0997402637035815,0.1529069075135207,0.2251612710534778,-0.2751135381464967,-0.2057635678446351,-0.350490207281833,-0.1542429698964378,0.0273449978377783,target,2050,21,232.73250071207667,0.1027363058364962,0.1403932205428918,0.0129353029522087,1.9323009482340177,2.640565581678593,0.2432917745750593,1.9323009482340177,2004,0.7627201050438172,5,0.006260061239522,0.1608885326009244,-0.2541460087275288,0.0,-1.3629968791524236,-0.600276774108598,0.2540927304852946,0.093894752741611,203.9250030517578,199.82892608642533,232.73250071207667,3.878571646554133,0.0317293980181627,0.0285284331168462,0.0184579620065072,-0.0050191654261088,0.9047619047619048,-0.0070585548294689,1.0,0.0336388142812473,2024-10-10,4.0,17,0.0886016480004598,0.0838485469889731,False,False,False,0.125,2.0,0.125,-0.0722114905646991,-0.7300876989401021
VEEV,Falling Wedge,bullish,1,0.6549317370786406,8,117,2426,2427,2026-05-13,2026,7,155.27999877929688,167.2946391306832,295.1906757219017,129.50462294643512,1.7684278272762013,-0.0718172465885235,True,0.0623390521037339,0.0655664368033395,0.0121957256990838,0.0287792561508708,0.0528204411911821,0.0132922101471242,0.0781665396068294,0.164088950974929,0.0904542237269818,0.023343590710416,-0.0195835441041265,0.0160534966006773,-0.0194253935566515,0.0056487604295534,0.0045402473369702,0.0255386821253336,-0.1233696075913238,0.0975263115033246,0.0737244022376468,-0.0148229987212911,0.0894470462191046,-0.0270868111801442,0.0337724756284093,0.0586038522350176,0.0438792739490356,-0.096305921246262,0.0234066308796956,0.0212291763949146,-0.1527326639090009,-0.0724761423518371,0.0856778915732894,0.0706898940248694,0.0228922306479724,0.0628077277616288,-0.0769727374529567,0.1189618258430293,0.0019348420664027,-0.0534947645594304,0.0219574623919547,-0.0454446638905096,0.0796574460170467,0.1486203162770847,0.0457430337084332,0.0730034656748703,0.0245809714887397,0.0434170511680208,0.040378698620243,0.0482991321498894,-0.0048348682932812,-0.0026243733257516,-0.0027621898924383,0.0729388464192242,-0.1568370880096287,-0.0621072034288666,0.0096366244144425,0.0772857666015625,-0.171912068061808,0.054080031571257,0.0196765027130618,0.0543898219752434,-0.1162226797884714,0.1078093623509639,-0.1007426219263555,-0.2005709052055337,0.0720113983339998,0.0160986013479567,0.0703789806649135,-0.0263036133661962,0.0549092823655283,0.2674523383937195,0.2574342216454965,0.1877777783085588,-0.0785918782531839,0.0288107864114774,-0.0534164042045836,0.1171649147537465,-0.126132033043092,0.0949807346738826,0.2380845938401055,-0.0519191714979307,-0.0174994476208836,0.0280035235592854,-0.0073979436134805,-0.2011635537315349,-0.1472630615286226,0.222805035296173,-0.1092482447134428,0.1488928931431532,0.2634701755029882,-0.1081380429745824,0.1272293079848718,0.2396298402790742,0.5113987911281264,0.469212969230498,-0.0808243504819257,0.0189592667917959,0.0945033882963672,-0.0243234319572173,-0.145356377316666,-0.0906910099508563,0.5191921569978544,0.0436575129043264,0.2650819655013416,0.0383060412345563,0.1278114921261095,0.0936396546618794,-0.0170966674145716,0.2090512557042578,-0.0693792554172483,-0.0635977030133807,-0.0511834324116362,0.2251612710534778,-0.2886598119424509,-0.030424363533498,0.4727074110365006,time,2486,60,234.69000244140625,0.5113987911281264,0.5198351484754477,0.0314914955441151,3.0808475568712104,3.131671163366352,0.1897159297058256,5.428075146211011,2302,0.4031331147984709,7,0.1462505957097387,0.0642201202745138,0.2415154446818901,0.0256410256410256,-1.9911020970483528,-1.5879689822498786,1.459368766936005,0.2144557731189536,167.2946391306832,129.50462294643512,295.1906757219017,6.369285583496094,-0.3305798152578302,-0.0958913907518027,0.0408995425302625,-0.4734404201942889,0.3981130934729847,-0.0133609641655824,1.0,0.0605337361187352,2026-05-13,59.0,8,-0.3168452089468613,-0.2495731567640853,True,False,True,0.7142857142857143,0.0,0.0,-0.0315549540592684,-0.2000790846768914
VLTO,Falling Wedge,bullish,1,0.6730790824063236,8,88,329,330,2025-01-28,2025,1,102.61219427575828,102.24413933164128,117.96501387378645,97.38230876151322,1.826652835775904,0.003599765683617,True,-0.0233096795032756,-0.0200966475073154,0.0716783589094502,0.0204306064599264,0.0055381003315813,0.0238929404907319,-0.0233321060867859,-0.005917355795492,-0.0071082553283782,0.0168247945120167,-0.0645502897843323,0.0049976449675583,-0.0253409686708843,0.0045343654042215,-0.0380942100469294,0.0136230845592693,-0.0478909526082598,0.007137706045657,0.0391501063097436,-0.0355742578858886,-0.0484659897039029,0.0204964682928039,-0.019911169021881,-0.0346261620582114,-0.0372600018991587,-0.0242700678177512,0.0596320234692495,0.0857823431681505,0.011257236323078,0.0670905585653711,0.0242732510003567,0.0472267218605839,-0.0268788363701525,-0.0449314871116763,0.0501391930045407,-0.0183635881904634,0.0670905585653711,-0.0245098518872882,0.056766273982544,0.0112078572528562,0.0160178895109719,-0.0135569862611565,0.0515686039944041,0.01925140972912,0.0682775785359941,-0.0587796961244166,-0.0354965234515446,-0.0202909259464182,0.0081429747386612,0.0189919146818831,-0.0363402558040431,-0.0797101069827607,0.0467523360494952,-0.0530368026241032,0.0081910865420504,0.0196296992144708,0.0466180004199676,-0.014491209666905,-0.0258506632294907,-0.0323706966788427,0.019209315023956,0.0905103268086886,0.1313078234912763,-0.0339853758331156,0.0345316969329028,-0.0602969313493801,-0.0033883248315319,0.0433499913955601,-0.0418847633664816,-0.054744031076141,0.0006116630911016,0.04278561709503,-0.0412011845950249,0.0427284596061319,-0.0254172475358356,0.1014053863213728,0.2229761246925936,0.0834893904022235,0.1096447913926381,0.2229761246925936,0.1486002459261877,0.0862111687435036,-0.0764896341689276,0.076012031664622,0.0597537037248609,-0.0621821023347678,0.0559795740252841,-0.0606244654031682,-0.0753956965839924,-0.0087455907817909,-0.0869660820726889,-0.0955210618166833,-0.1116626623900869,-0.0199225819641645,-0.0720732205869386,0.06640187841693,-0.1202102297279309,0.1422232272033943,-0.0290836707548679,0.1281186347911431,-0.004650934453715,0.0727929683126558,0.1007051055763674,0.0854532048574903,-0.0327026395497657,0.1302477534442809,0.1301411648751853,0.1891563546493904,-0.0492176071039064,0.084408790351639,0.0003025940053533,-0.1066260040165234,-0.1082133324134771,0.1463571382706905,-0.1493392211974566,stop,335,6,97.38230876151322,-0.0509674854061726,0.0126704830234785,0.076119488732634,-1.0,0.2485993358805962,1.4934911566858498,2.9355938205932857,240,0.5692252024306836,6,0.1618199389392174,0.0737371309237764,-0.1608903589428164,0.024390243902439,-1.135710584223991,-0.5664853817933075,0.6170305557871575,0.1189940776643355,102.24413933164128,97.38230876151322,117.96501387378645,1.7878068097962267,0.0039125543702498,-0.004206112059906,0.0174128413281304,-0.0116764497353263,0.4521256736575422,0.0003873522178281,1.0,0.0052882752665739,2025-01-28,,0,,,False,False,False,,,,,
VLTO,Falling Wedge,bullish,1,0.6199259586359781,8,108,681,682,2026-06-24,2026,0,86.59235398671875,84.66592319111587,102.82555406245768,78.1312125745566,0.9738873007084664,0.0227533194347193,False,0.0432791369980156,0.0340086752772967,-0.0208092404532991,0.0360196076279129,-0.0043908141795157,0.0091287074613481,0.0583353139365627,0.0318980824027639,0.1102246882523987,-0.0222000419399381,0.0213760651911463,-0.0048181196962459,0.0076086624808935,-0.0187564501938425,0.0204306064599264,-0.0342022912392337,-0.012402999640356,0.0353843848318229,-0.0253327547374941,-0.0329145062802176,0.0014256487079975,0.0625820454772192,0.0323498072745232,0.0636042818312467,0.0462814017872101,-0.007230319456159,0.0090937981658878,0.0039228056329705,-0.0049277591201571,-0.0876711775618862,0.0101247481706774,0.0475450710489793,-0.0557475372056199,-0.0274691343518548,-0.0175397269091955,0.0515686039944041,-0.0129997962153175,-0.0167498354459098,-0.0095876320121214,-0.0203981039272198,0.02038630326969,0.048080824104935,0.0304168155684834,-0.029893684451084,-0.0224981944860337,0.0681829783905733,0.0566752812151747,0.0576631965164711,0.0387721974505415,-0.0408037821655793,-0.0002808703465208,-0.0269136822895433,-0.0376892558861668,0.0345316969329028,-0.0127651002337546,0.0055228772971331,-0.0655522591330459,0.0153783421224253,0.0017687798031278,-0.0121445534827707,0.0058261346693972,-0.004144469625806,0.1078758393070458,-0.0150075142974744,0.0140252001373697,-0.0173344350260996,0.1595369955691792,-0.0444828099859474,0.051369314674354,0.1486002459261877,0.1165395033426355,0.031379296093035,0.0186726465197488,0.0331197771622293,-0.0564874156583701,0.0799148495523398,0.1319993410823123,0.0169988504258908,-0.0255563522777136,-0.0060360316806744,0.1478242876792597,-0.0396980162870096,0.0355570029352072,0.0614536238979155,0.0714443630152998,0.0214983854461503,0.0066874102682619,0.128284162783772,-0.0557807789706579,0.0672495903372953,-0.0908611251599967,0.1197170525679729,,,,,,,,,,,,,,,,,,,,,,,,time,739,58,96.27999877929688,0.111876445743281,0.1808201913032964,0.0215636845048336,1.144957201477922,1.8505359088756932,0.2206853793054997,1.9185591263615,573,0.4232375231149983,6,0.0375060809003552,-0.0201887056178047,-0.0307365146962418,0.0,-1.1396355512021117,-0.7163980280871143,0.9689495562682156,0.1297217694462867,84.66592319111587,78.1312125745566,102.82555406245768,2.2053200202766283,-0.0950002298210628,9.729486908138796e-05,0.0255858545544531,-0.1394602344267367,0.6967879915065455,0.0029550687974444,1.0,-0.0205985341511667,2026-06-24,9.0,16,0.0083621679482521,-0.0139342598948867,False,True,False,0.3333333333333333,4.0,0.2666666666666666,-0.0138678627026457,-0.1252438460652362
UHS,Falling Wedge,bullish,1,0.808377369861717,8,82,687,688,2019-06-12,2019,3,119.62681790126044,118.0202789802244,140.68120823621115,113.12229728229744,1.2776423632333556,0.0136123972500119,True,0.0120364170091042,-0.0006104562307687,-0.0154737851167738,-0.000491433298761,-0.0041284870647849,-0.0517930593749783,0.0045972531326559,0.0425579654903773,0.0261436697219357,-0.0278647858853819,0.0642561208799168,-0.0067579954215767,-0.0433938877039565,-0.0877293325565833,0.0213872221391182,-0.0546575600591244,-0.0209625690497635,0.0253091272896779,0.0476359113384874,0.0351631207924203,-0.0070222701089828,0.0026145281345528,0.0145669293451805,0.0264964270889807,0.0179175196846053,0.063692224166681,0.0308685985064118,-0.0469770087958875,-0.0182266054946032,0.0263713051264653,0.0190456392887796,0.0498555345117399,-0.0483153002219232,-0.0143859835925242,0.1051267212379851,0.0364247582889778,-0.1656500146882981,-0.0015039175620596,0.063692224166681,0.0160407813126259,0.0024482226103641,-0.0004746405260686,-0.0051436354500894,0.0738195844187492,0.0523797189953554,0.0145420167740125,0.0601827932094163,0.0209095332378381,-0.4203787300759306,-0.0248110701950107,-0.0736787342375087,0.1129963925442816,0.0431698064339913,-0.0562544894059969,0.0097422330015861,0.2887956261110953,0.0747467416511606,0.1597509393180192,0.1081015031597243,0.1022311946371217,0.1061892769775134,-0.0682722803510912,-0.1796309494077189,0.044436133806547,-0.1333332535341864,-0.0387091206728645,-0.1104633701448872,-0.0196031190983275,0.0639315566835404,0.1831322609534063,0.1636157808756411,-0.2994800442755297,-0.0838758376564731,-0.2961668649105746,-0.0159446142421609,-0.0248700790364903,0.1077889550373243,-0.0486517674518482,0.0506783234091832,-0.1533551129437613,0.1475313788248711,-0.1068943489668411,0.1908528531487361,0.0520605668483049,-0.06235135384137,-0.0717249496955025,-0.2961668649105746,0.3494749316311072,0.2350435360251381,0.0621819688633797,-0.1323379036202407,0.2029426223415724,0.1993363703573851,0.1644379751498093,-0.1419749813929587,-0.1442427580125179,0.0921992363518449,-0.1530616031533914,-0.069493257844634,-0.037428944883172,0.0666156079888551,-0.005832320076624,0.074100659987077,-0.0303125943002448,0.1368040575786191,-0.0568421723278358,0.2378089955287936,-0.116424905389307,0.3055645619263611,0.2051563308448518,-0.0180020653702394,-0.0995292313672538,0.0837563524214772,0.1409232181501276,0.1758471610243937,target,718,31,140.68120823621115,0.1760005883658038,0.2746586244392099,0.0130059826781128,3.23688578579791,5.051338780449336,0.2391973848042943,3.23688578579791,602,0.6363964257862182,7,0.04476581890229,0.0473213307793374,0.2423008181050026,0.0,-1.4001340381409375,-0.7637376123547183,0.4755337273992548,0.1197945676550224,118.0202789802244,113.12229728229744,140.68120823621115,2.2944514190019234,-0.0282433488467268,-0.0134606767349579,0.019161503196283,-0.0252404025307726,0.9775804851346256,-0.0002439316945715,1.0,0.0176077332128805,2019-06-12,29.0,7,-0.0034797834364347,-0.0126147108619257,False,False,False,0.3333333333333333,0.0,0.0,0.0040991683397658,-0.0248409750433502
UHS,Falling Wedge,bullish,1,0.6863010690496196,3,25,744,745,2019-09-03,2019,1,142.41801980695556,138.7435100181212,152.32613188350064,135.66222743060266,1.0760694859384503,0.0264841922217078,True,0.0557178169630312,0.0386954133850567,0.0636015997545365,0.01971111103705,0.0408566195289075,0.0236014883556037,-0.0072458133650447,0.0695584452843554,0.0211499509996697,0.0183200526190854,0.0292100822250949,-0.0359970791248324,0.0045360824219768,-0.0623885024583545,0.0102989636470856,0.0208597911838777,-0.0187748755333336,0.0727418020280967,0.0265030929262146,0.0508589879731431,-0.0338406740839409,-0.0111853768360576,0.0405990295338745,0.031935653220106,0.0053953467664547,-0.1025105689142206,0.0213660217765065,-0.0741273964060986,-0.0034944410532015,-0.0524311740937145,-0.0342174994281437,-0.1432226703446963,-0.0150249627608742,0.0124811333047749,-0.195789595391057,0.0251575279663942,-0.0182266054946032,-0.1209236043663956,-0.0019940165705095,0.0060828038550844,0.0155357981145816,0.0375998610592616,-0.1110316455579102,-0.0058558664774571,-0.1084270366005807,0.075388350089249,-0.0004080294713908,-0.005368257882089,-0.1181393489294119,-0.0665566220731591,-0.0557552884436843,0.0613910202329064,-0.1047280442376417,-0.1096090213101188,0.1847369969367105,0.032199900327416,0.0792704733381588,-0.1299848427568161,0.0355109778342448,0.0200914372886278,-0.0953425604256736,-0.0268970317252355,-0.0563188855237803,-0.1298155553943849,-0.0402443349257324,-0.1333332535341864,-0.0348127662481533,0.117633470052757,0.028127134504467,-0.0568054779848609,-0.0959340864283467,-0.0094847821853455,-0.0522395733284677,0.0603884474318232,-0.0054239461569119,0.1576290949525813,0.0667671655467652,-0.1457734534079848,-0.1545869596941347,0.2192034200044939,0.1940056413707902,0.0501586868092542,-0.0526316076434399,-0.0361811005456436,0.0589909023507144,-0.0909417782416579,-0.0190318281023721,-0.201872305769424,0.0359848590785991,0.1465491295461054,0.0023600360286415,-0.0679989803870802,-0.05035002691315,-0.1267313661462574,0.0332014261082072,0.0272543469236998,0.1832867007685914,0.1552386326930297,0.2510048973103165,-0.0479148362297157,-0.2825265756601799,-0.0568907904435566,0.107843638883265,-0.3209525281851794,0.2210283380614177,-0.0982633199234946,0.0883935924917609,-0.136582926282456,0.2194839100331069,-0.0961084355584676,-0.1585644351854391,0.364131491470498,0.0133291134279747,0.0758190371151259,-0.0774605908040753,stop,782,38,135.66222743060266,-0.0474363594263579,0.0672011330313621,0.1112998992638678,-1.0,1.416658736969221,2.34629934948221,1.4666099140681337,718,0.696336377043957,6,0.1543901428458974,0.2011863154163751,-0.4640057463110102,0.0,-0.9859330747392728,-0.2895966976953176,0.3212005437738707,0.0863479118758366,138.7435100181212,135.66222743060266,152.32613188350064,2.654464291738992,0.1152362231884052,0.0462288096320999,0.0187994952691273,0.0656157140350013,0.9522094504002632,-0.0067091600779308,1.0,0.0243817159578616,2019-09-03,29.0,7,0.0374587884934536,0.0124136837001134,False,True,False,0.3333333333333333,0.0,0.0,0.0236016515611058,0.0591326864659783
UHS,Falling Wedge,bullish,1,0.6919443731084177,3,25,961,962,2020-07-14,2020,0,92.11047338810737,88.89522561007959,109.5148224110277,82.98053181373737,0.7408990017685669,0.0361689590859557,True,0.0558481094725318,0.0477838146106361,-0.0547886993864742,0.0446414219495416,0.0134253081999977,0.0075363469716944,-3.253125898661225e-07,-0.0081990475033476,0.0427297528762153,-0.0547886993864742,0.0253556862104014,-0.010537096944115,-0.0076456804179985,-0.0093624155894607,0.0100738255086356,-0.0001080677957048,0.0441354706287728,-0.0231044064039328,-0.019749951494953,0.0146704427440693,-0.0509891109810982,0.0239355576901831,0.0564865938943637,0.1493150424996854,0.1531610662312994,-0.0163711619035572,0.106979462128542,0.0346249457950784,0.1402909214069208,0.0190456392887796,-0.0030196921890588,0.0226389639482813,-0.0287447835563318,-0.0281440780635476,-0.0524534574351834,-0.0561050972016644,0.0366966073530714,-0.1012367313127919,0.0480347281120334,-0.1213099407314352,0.0148621615050137,-0.0027538058651108,-0.0056708255421186,0.0157496625273734,0.0290813124085704,0.1467053009660421,0.1903054954366205,0.1580797340977966,-0.0337626892955803,-0.0048250337920433,-0.0647493354651149,0.0828570450003431,0.0721348484272659,-0.0120701891766523,-0.144742055597529,-0.0420519058676077,0.1275659317633897,-0.0097609622195572,0.0714285832241445,-0.0865171547570672,-0.0219250287316471,-0.131233040975252,-0.0093363107852818,0.0138122640411175,-0.0760490665183767,0.241929222482492,-0.0975637775686038,0.2114041607763908,0.185978220188379,0.1719707738448852,0.1180644255739262,-0.0417949934997867,-0.0021900791500365,0.1465491295461054,0.1590513096447656,0.0674333835370464,0.1107445029728328,-0.0253593802640084,0.2420554766977312,-0.0573655573820972,-0.024370452361663,0.027190118752894,-0.0097229956091143,0.1427754156544811,-0.1661258063625408,-0.1153056181968389,0.1233922542787488,0.2436755878239405,-0.0192470522802694,-0.12173842261293,0.0253277739303421,0.1367220440889051,0.1538461887687252,0.0927003015849972,-0.0586483714692578,0.0828509801493928,-0.2090293539052825,0.1001332685602718,0.0839257858569502,0.1589192420843364,-0.4319791304255701,0.0901447465278755,-0.1626394641260498,-0.1086040192283064,0.2466631528493017,0.1889833498757616,0.138576167986316,0.0711082067073405,-0.0823587133340765,-0.00708983863105,-0.0937033326053887,0.2742386127276386,-0.0580371377725916,-0.1712238080222951,0.1512346715784594,target,971,10,109.5148224110277,0.1889508150673282,0.2055848408290244,0.0005269025390286,1.9062935815250608,2.0741115215172496,0.0053158327360574,1.9062935815250608,936,0.6211507201136164,6,0.1237091823787646,0.1632847827309564,-0.1453917371480282,0.0,-0.9023912255227472,-0.2812405054091341,0.4167253961148753,0.1862864586657472,88.89522561007959,82.98053181373737,109.5148224110277,3.9801788811441,-0.239113527374189,-0.0559100620430743,0.0442459793068115,-0.3592991232084634,0.937045562025239,-0.00432962921938,1.0,0.0432286725439625,2020-07-14,55.0,5,-0.081025064092475,0.0081195918743701,False,False,False,0.25,0.0,0.0,-0.1300538592560163,-1.3631897246987612
UHS,Falling Wedge,bullish,1,0.7163538892756754,5,80,1316,1317,2021-12-08,2021,2,126.26457113855469,119.94644690126312,160.8405436585207,110.96045485007232,1.1970229882823886,0.0526745426856409,True,0.0004638216159433,-0.0047696112862634,-0.0383456142112628,0.0292853799961649,-0.0119175188241722,-0.0167612234567081,0.0113037444526131,-0.0253921091418047,0.0052948806984769,-0.0974947189081895,-0.0261831049310681,0.0306188617661322,-0.0823170089094373,0.0636015997545365,-0.0063239202400584,0.0090526168678908,-0.0259203982702596,0.0015739512063235,0.0536283654981302,0.0045972531326559,0.0097987492022268,-0.0419391898840758,0.0081557918260376,-0.0135291995380477,-0.0160564037335246,0.0265321993823797,0.0298073945225034,0.1749296816379428,-0.0854383580918399,-0.0268954031863024,0.043555020877235,0.0617682423168626,0.0121984143981423,-0.0616702737057762,0.0148446871353962,-0.0273756572907317,-0.0407138020147798,0.0268176571492861,0.0446225639620914,0.0374783333458002,-0.0184627557812201,0.0709028995735168,-0.0378966579610954,-0.015022148079655,-0.0185965271992416,-0.0240984750875734,0.0126012860247008,0.0095382589739183,0.0413494125068332,-0.1339192477798156,-0.0273027007665519,-0.1141526787918963,-0.1343513874711427,-0.0339001050464495,0.0290288014386175,0.054489250866508,-0.1299848427568161,0.1860581312607012,0.0164946229066778,0.09128904005852,0.0953388005531103,0.1913103768587185,0.1005479470037031,-0.0025390999418932,0.1956564519755848,-0.0199214041330522,-0.0287536068373517,-0.0284731435699141,-0.0048119448920036,0.0035561946371278,0.0417353978351094,0.0230740078099194,0.0485708247061873,0.0155870969829663,0.0184255979844258,-0.1397530849144385,0.0095424152275915,0.0234822043525635,0.1364051354139059,-0.1359902953963941,-0.1735131658683257,0.0337289928637445,0.1061930012353065,0.0896744772236581,0.1740071340746831,0.1130953374843561,0.0707520099108816,-0.3580611179395331,-0.0711390373947977,0.0624303139977482,-0.0334342797215277,0.0029023162354817,0.1644994125830561,0.2654210596482684,0.0921343381657098,0.1033037572986084,-0.1624368847796541,0.0494275879271797,0.2537984730390308,0.0153313466413087,0.2066593622668324,0.1351287000257024,0.1394651149014838,0.0407185849037976,-0.0340928705297727,0.2454855387895249,-0.0905214867738334,-0.0232059144611659,0.0918689282681506,0.0630549019724902,0.2327920620983123,-0.1279102608505972,-0.0905214867738334,0.0537214712817575,0.1047893494125044,time,1376,60,147.03501892089844,0.1644994125830561,0.168215372891298,0.0599923148462606,1.3571804729408168,1.3878385080631166,0.4949585956408994,2.259259657219629,1234,0.5531400284429436,7,0.0740261912755621,0.0228610578825971,0.1493981714056063,0.0256410256410256,-1.8629447021583023,-1.3098046737153617,0.7400657166493317,0.1460344120695438,119.94644690126312,110.96045485007232,160.8405436585207,4.051447284754601,-0.0943780260417146,0.0068015864623629,0.032005317421743,-0.1847242951110593,0.830114647279927,0.0003892115647123,1.0,0.0045786756931438,2021-12-08,8.0,16,0.0397477183399583,0.0463599963426402,False,False,False,0.0,1.0,0.0666666666666666,0.0425707207002796,1.1181456841473076
UHS,Falling Wedge,bullish,1,0.6039280438074585,8,71,1543,1544,2022-11-02,2022,7,109.57117348874212,89.32692121188143,121.16014656364143,81.92341586460873,1.648726285551943,0.2266310312972925,True,-8.95332979917729e-05,-0.0072502331346435,0.0586740825488327,0.0236619365230368,-0.0088281436410311,-0.0190296843934894,0.0276807448881686,8.927051587126478e-05,-0.0074555363515246,0.0020227843932982,-0.0030319262073604,-0.0513392007464702,0.031005549197518,-0.0051489266482631,-0.0212552257807963,0.0396189428555879,-0.0161477760178818,0.015933089551817,-0.0004640043222822,-0.0402959097316081,0.0082320539359002,0.1784590668173715,-0.0107085926673265,0.1309875199381225,0.0664332057956678,0.1979944072137696,0.057354111324968,0.0088956458035509,0.0957523681525092,0.1006852243808213,-0.0422322864286162,-0.0218292559825239,0.0868772418380701,-0.0223229278129334,-0.0337745869395079,-0.0185542337939726,-0.0480362022755808,0.0034735430489667,0.0011551916258221,-0.0461142267912583,-0.0203302158274316,0.0448254888514276,-0.0872499074771845,-0.0511920379519722,-0.0226120942778889,0.1218492576040707,0.1675151963666765,0.0708452299511566,0.1035201806424819,-0.1163042147386202,-0.0058698804123926,-0.0774442884501187,-0.0222604604476869,-0.0574406183817929,-0.0532003063448224,-0.0708926486853805,-0.0645229726433683,0.064404314112209,-0.0208396001678812,-0.052921706087551,-0.0971355817429061,-0.0716158309132151,0.2888890377820743,0.1118309695019739,-0.0217400710138553,-0.0736787342375087,-0.0761884924438051,0.0532992322803465,0.1805207799862675,0.2633732610859305,0.2291415396728326,-0.1023452983454276,-0.0272545647208273,0.1009451125168616,-0.3771569182209734,0.166929613465288,-0.14261010001236,-0.0426217772222451,0.0822810480653517,0.1134427862356262,0.0822810480653517,-0.1314212352849887,0.0571835573051044,-0.0224544987811724,-0.1107821635153332,-0.0678275008278086,0.0033946283138235,0.1062024263375436,0.0174099949971893,-0.1688304466364831,-0.0225215680048449,0.2876610538994467,0.3290122283697294,0.2297402800053971,0.0657147913103337,0.1287419256016326,0.0315157733509738,0.1028125304840488,0.0705557738058793,0.100764058866565,0.0799518792457085,0.2378089955287936,-0.0115592682327415,-0.0617938157151977,0.189008357352348,0.1116137948926137,0.0862456351714127,0.2630402971871215,0.1303686997131492,-0.0918782188756474,0.2658867412429571,-0.0450341728886618,-0.0849020062818551,-0.0161205312679396,0.2513751663451547,target,1550,7,121.16014656364143,0.1057666237013517,0.1259737900929289,0.020950744030913,0.4191650271406981,0.4992483006020765,0.0830301552891797,0.4191650271406981,1465,0.6717996846129621,7,0.1234100042651044,-0.3034348756532075,-0.0441355852685902,0.0704225352112676,-1.3506195841775477,-0.678819899564589,0.4675736168672904,0.2367038397134332,89.32692121188143,81.92341586460873,121.16014656364143,4.852593589787145,-0.045557147355165,0.1540787120473969,0.0437234184852184,-0.1262881458627736,0.0375271997251356,0.00144904669675,0.0,-0.0058868823432981,2022-11-02,24.0,5,-0.017970307188275,0.0448143959930544,False,True,False,0.0,2.0,0.5,0.1548332623493314,2.14136247200553
UHS,Falling Wedge,bullish,1,0.7330822261074548,3,53,1771,1772,2023-10-02,2023,2,124.68778048213704,124.8225735577762,154.9183458190073,121.00602210065756,0.9822544363909024,-0.0010798773955478,True,0.0303919050150369,0.0133823919540336,0.0052692081839909,0.0300195048682927,-0.0029896486483804,0.0015739512063235,0.0201129985582277,0.0081318097000058,-0.0055230445395622,-0.0113512745691763,-0.1391253926892744,-0.0152126889222392,0.0199353508910451,0.0110519175258796,0.0104737265030427,0.0291913390821345,-0.003809733561735,0.025300154521981,0.1311410961987242,0.0301786564632939,0.0061476900322876,-0.0556202283845097,0.0256471353940193,-0.0019786827060114,-0.0278104811071221,0.0368593942821138,0.0346102008796744,-0.0854383580918399,0.0056899343341008,-0.0624963582835361,0.0752151720864382,-0.1210603669534269,-0.1016759505143397,0.063665691187335,0.0004108450361821,-0.071109045718569,0.1431241773073219,-0.1507467668471124,0.0336346402994256,0.0034735430489667,0.0752819349964009,-0.000967437229098,-0.0385191035583234,0.0595389722480346,0.0080510508070545,0.0026442088281484,-0.0199446388262425,0.0023344997556933,-0.1357534930427081,0.0956200345508864,-0.0033124172793129,0.0549624336652048,0.2371527541887674,0.0287545669344344,-0.0004080294713908,-0.0780996213023045,0.0393484506526073,-0.0287649507426945,0.0490542502979673,0.0135462343282375,-0.0670104940103953,0.0028283980256851,0.2595708856363503,-0.0139077594358706,0.1102451859817157,-0.1129599842641467,-0.4203787300759306,-0.0292597312514963,-0.0200060379955228,0.0770084638816195,0.0067360368362625,-0.0160576764460987,-0.0287689460733845,-0.0722560233444498,-0.0697678998956593,0.028008100332511,-0.12173842261293,-0.1026247173511371,0.0231576824034793,-0.184215835852091,-0.1141711185551711,0.1833827481917274,-0.0339883481311358,-0.1094967095605616,0.0361540019129664,-0.2739091302936022,0.1443326001279254,0.0121381458911709,-0.039718466278465,-0.0840950112871063,-0.0341887105399503,0.1198996507497176,0.2096173986239136,0.0840302821593388,-0.0308590671316149,0.0294551513563798,0.164850420308527,-0.0887760322985334,0.1671284352220636,-0.1047136051676594,0.005116164416774,-0.3764967212824084,0.1518590611391388,-0.1019839480903631,0.3398813670556857,-0.1267953036405369,-0.317222878820707,-0.0696323240751727,-0.0424645029334971,0.0329557176154262,0.1331271509997951,-0.0887760322985334,0.0343543205208123,-0.0297425313086805,0.2255541565445688,stop,1787,16,121.00602210065756,-0.0295278203464928,0.0500988826842681,0.0510486543097786,-1.0,1.696667146317781,1.7288324607353525,8.21090419429489,1716,0.8319347211119013,6,0.0406599483623096,0.0237067902883711,-0.3432937185475552,0.0,-1.1765096446991676,-0.3445749235872659,0.179337814102039,0.1657354532136233,124.8225735577762,121.00602210065756,154.9183458190073,2.6701194407946267,-0.0823076975019527,-0.0410635655493092,0.0214314068288714,-0.003697026942899,0.5086958685087845,-0.0044540509425473,1.0,-0.0495860660793232,2023-10-02,13.0,4,-0.0723309315677792,-0.0753938060002364,False,False,False,0.6666666666666666,0.0,0.0,0.0227023239673627,-0.0365973277379909
UHS,Falling Wedge,bullish,1,0.7145761550883731,8,60,2095,2096,2025-01-16,2025,7,182.8971469680356,178.48124588305473,246.0806058793792,171.86235793247965,0.9929650766304152,0.0247415411245743,True,0.0079760391488241,-0.0104674504266086,-0.0170431904344238,-0.0022037226964493,-0.0034339586919586,0.0580912629018268,-0.018051574526177,0.0315196079880062,-0.0410028921600694,-0.0174192714446017,0.0095332232845151,0.0267442725757469,-0.0173362698937921,0.1127762269750183,0.0110013651769673,-0.0079905737784231,0.0014655751880172,0.0070174578791655,0.0120556278207464,0.0432878052159806,0.052356707716898,-0.0457521081141695,-0.001804739400317,0.0231145124122691,0.0149731567396043,0.0493967504514638,-0.098403170920976,-0.0853072533326751,-0.0289907397366574,-0.0143859835925242,0.038272813399492,0.0138415026783469,-0.0017618154280059,-0.0009301433338064,-0.0198756387886221,0.0430231837538772,0.0413072431165897,0.0915266507078069,0.0109074370806168,0.0304376150479359,0.0788868649812637,-0.043790834291242,0.0078803947945649,0.0024792527840387,-0.0637332905873435,0.0205754704730619,-0.0149757400942924,-0.036317117554796,-0.0151026740564927,-0.0061336081311889,-0.0157017021177531,-0.1585606830159837,0.2266277021500116,-0.0169373064821507,-0.0405328025617207,0.1012303204041362,0.1876098746295842,-0.0934742403839299,-0.0823918868013453,0.1259602247838849,0.0047828706412109,0.0417521846408026,0.0918544831527217,-0.0699176971739063,0.091105739958496,-0.0163240046888397,0.0574215185197399,0.1099861902524192,-0.0411384652802772,-0.0516578071542492,-0.0017213964188539,-0.0474833161783128,-0.0236282625406116,-0.0821798040607327,0.0454341876766035,-0.0170378874658834,0.0069271450220229,-0.0411277474227235,0.3075070781661118,-0.0493379309778309,-0.1691460025182654,-0.1754061518108229,-0.0882090129088849,-0.2271574196544987,0.188302883400963,-0.0414276947236179,-0.039718466278465,-0.0645224373155188,-0.1608052342213025,-0.0571216882430444,0.0176831746785883,-0.0157350777854379,-0.0286254362207821,0.0655487420285141,-0.100261201832843,0.0609969457647514,0.2739122826166067,0.2764768028775182,-0.2602996474631542,0.0168211433067362,0.2329583925860023,-0.0150957542456507,-0.0126845216393792,0.1158069849685001,-0.1229416357390572,-0.1584047374680445,0.1578355190251374,0.0609969457647514,-0.1047136051676594,0.0036888993077563,-0.0227423940749813,0.1684365938858822,-0.1230374266429773,0.1158069849685001,-0.0568032647607019,stop,2124,29,171.86235793247965,-0.060333303271726,0.0609332568878632,0.0993490303679621,-1.0,1.0099439875425869,1.6466698320912256,5.7258420353806345,2028,0.8203719730368946,5,0.0162551103968319,0.1597600460152657,-0.2291479968100237,0.0333333333333333,-1.6643405572703185,-0.8439685842334261,0.1986432565378587,0.1891795410453659,178.48124588305473,171.86235793247965,246.0806058793792,4.679819942378257,-0.0698563005232375,-0.0426585664114536,0.0256205344536181,0.0034185379088642,0.6501528242969468,-0.0015252595435211,1.0,-0.021685822118629,2025-01-16,36.0,3,0.0529615008007877,-0.0164322949181642,False,False,True,0.0,1.0,0.5,-0.0337696899239421,-0.6437955658043047
UNH,Falling Wedge,bullish,1,0.6966484490574061,8,72,772,773,2019-10-11,2019,1,196.3258698291196,196.87945731631945,244.899064537212,184.9164073584429,1.159084464070743,-0.0028118092905466,True,0.1069802345001003,0.1000867049494405,0.0050704506136416,-0.0005228560554295,0.0458247797291546,-0.1317864395998109,0.0447691690700657,-0.0429084809801323,0.0008774207064825,0.0133809238357918,0.0072739309565263,-0.0132915940933172,0.0339734113130321,0.0098625462576633,-0.0118964068016453,0.0291432722382884,0.0035244916391852,-0.0165350466518601,0.0640323763919517,0.0320721939236072,0.0076024815553092,0.0518802473339243,0.1003628909309788,0.1050401443178454,0.0858800630817775,0.0171840658087825,0.0247841641150081,-0.0148563946076635,0.0882231769226105,0.0704663333286066,-0.0094856463571152,-0.0673522780171785,-0.039413273269364,-0.0148563946076635,-0.0293956141857992,0.0059364782360422,0.0435351198677338,0.0170414521777886,0.0202728276307335,-0.0253027413708499,0.0158494857143178,0.0396413562199284,0.0217265481928505,-0.0034243600172368,0.0063869290819427,0.0966920825746717,0.1594551582967487,0.1154917307351472,0.0573709753383131,-0.0704887788698443,-0.0036024066162361,0.1206800239765906,-0.0343861688987419,0.0435557007560303,0.0777218098349432,0.0844774985823137,0.055724546264279,-0.0743886325496445,0.1682664695914273,0.0155189274431353,-0.0342019840516578,0.095404983285414,0.0465587898180865,0.0360619144196416,0.0678935936033262,0.0158672620878836,0.1660460531476149,-0.0466012983846209,0.120081194357836,0.257081752251203,0.1964254503470668,0.1217822555737873,-0.0755632570978375,-0.1478460047648628,0.0656862704101823,0.0228381384587395,0.1313986645736282,-0.076921076642856,0.4052463616664878,0.0961609844213406,0.0068324518847042,0.040001792254505,0.0372118278356474,0.021207871786649,-0.0829352845420888,-0.1337902112086822,0.1120432423951671,0.0232558625503258,0.0159710460682842,0.1422992497826005,0.1646249176718928,0.2126064970973222,0.3402409098269352,0.2384761864632032,0.1705895592866653,0.0380062343168274,0.0016270669607223,0.0278451579213681,-0.016019041518314,0.0040308838853295,-0.1095975979208427,0.1222286420048761,0.0062766352585397,-0.1502319839752827,0.1753590028762051,-0.0418317653532404,0.1291617672608729,0.0251234170791785,0.0558669010566836,-0.1161773135713852,0.0759408740176581,-0.0737799371290477,-0.0382262453110887,0.0907179529232686,0.3213953993234855,target,798,26,244.899064537212,0.2474110760358281,0.2563733847461985,0.0078058518621739,4.257272841111477,4.411489839305978,0.1343175158809797,4.257272841111477,699,0.5920873676785301,5,0.0221610980128688,0.0139862880797774,0.116683217071845,0.0,-1.2471093502740989,-0.6550219825955694,0.5247374408905409,0.1615777163691749,196.87945731631945,184.9164073584429,244.899064537212,4.727783997356915,-0.0840884788324138,-0.0392205778362247,0.0240335970805655,0.0039659597346879,0.0661171268117136,0.0080899612644051,1.0,-0.0114309327031297,2019-10-11,28.0,4,-0.0073544937922829,-0.0785977198433725,False,False,True,0.0,0.0,0.0,-0.0109159007155909,-0.3935648955090103
UNH,Falling Wedge,bullish,1,0.6363914639213001,3,25,1351,1352,2022-01-28,2022,2,426.2077545915855,412.8311998347067,487.7155599275248,407.2823929276885,1.2321003256695668,0.0324019956879098,True,0.0390753434754231,0.02216843119652,-0.0393012981996346,-0.0163703418115326,-0.0009514314113419,0.0032654311940509,-0.1231742856649489,0.0574879809411554,-0.0310820016697341,0.0722791903511357,0.0134355066956846,-0.0806230050014031,0.0060273510425921,0.0139667633484292,-0.0448773960166289,-0.0027475711419301,0.0283371367008165,-0.0133287882741258,-0.0452336305793114,0.0427618384369588,0.0433015560826912,-0.0289250720318066,0.0463629468258673,0.0282366449680666,0.0300042312243012,-0.0167453731187832,0.0265781814480352,-0.0076275285351073,0.1109234863970798,0.0462929590188216,-0.011707075756274,-0.0254115132263809,-0.0296926856721353,-0.0212124275449232,0.0028768612110889,-0.0120528827793837,0.0348230576100621,0.000143231504899,-0.1277031107463573,0.0253300901760351,-0.038132107604435,-0.0373009452969963,-0.0886310457803036,0.0234097960434505,0.007797555940078,0.0351387188036431,0.0233766193281783,0.0338242375225846,0.0137027914682477,-0.0398095488144175,-0.2124864585796974,0.041849766336462,-0.0635199707573463,0.0245730632164671,0.0360393375290379,0.084373957233677,-0.0507245936095663,-0.0548045909780385,-0.0220441316215384,0.0140940381829068,-0.0495738665715022,-0.0506973747592385,0.0166101812965104,0.0639487115917878,0.0527907270580856,0.0238184018037628,0.0844774985823137,0.0201878979511973,0.0267363275002227,0.1069220174341425,0.0704648558917226,0.0302816207518197,-0.032579197310699,-0.05535326193943,-0.0628073496616224,0.0131504310311734,-0.1419159242425476,0.1882684210760092,0.1144419446967719,-0.013193769809029,0.0307344800549846,-0.0873564079275021,-0.3494553848585768,0.1094928274429807,0.0598534304428712,0.1081060007701284,-0.0421184082785897,-0.0689375017967141,0.0643799616164606,0.0480575650971453,0.056356913668879,0.1084516978929168,0.1081729146411973,0.1622190852758237,0.049636789346755,0.0242417168657007,-0.3451526609617238,-0.0376567946071505,0.0896986081590387,0.0321920656059881,0.0314542244343163,-0.0343664489154941,0.0183566894757076,-0.0371612909312116,-0.0075168150486185,0.0829625029051874,0.0138018447929384,0.1572503826192781,-0.0585772796146398,-0.0337995418148628,0.0187078639009017,0.1031262619485477,0.5148810995272339,-0.0943015422043193,0.0837840308670187,target,1398,47,487.7155599275248,0.1443141394620546,0.1507502993450797,0.0414193167579023,3.250020075086584,3.394965323724528,0.9327818567282355,3.250020075086584,1324,0.8599408545982987,5,0.0510913900682442,0.0765477544281336,0.857735151437458,0.04,-1.350356067601446,-0.490415213003152,0.1163558457150429,0.1200722489647666,412.8311998347067,407.2823929276885,487.7155599275248,10.30100107366617,0.0920684333034498,-0.0080968355544929,0.0241139957493283,0.1382788161677106,0.9803570552749044,-0.0004333006902356,1.0,-0.0718454713618933,2022-01-28,50.0,5,0.075547502582435,0.0499546594557525,False,False,False,0.25,0.0,0.0,-0.0224589669345002,-1.217197006514904
UNH,Falling Wedge,bullish,1,0.6235818116451121,5,55,1636,1637,2023-03-20,2023,0,445.6779634497241,442.931396275585,497.1592255022129,423.0301744380295,0.968787850554365,0.0062008861806448,True,0.0073372140095049,0.0092250965133265,-0.2338320410380222,0.0355184145424885,0.0097246838017428,0.0179556924653914,-0.0168618168434739,0.0059571653392458,-0.0033794114480767,-0.0762186380770153,0.024026925011761,-0.0247633668346859,0.0029232245944039,-0.0210350168422782,0.0052433400914613,0.0102348977492761,0.0410287322843361,0.0101560344655393,0.0339734113130321,0.0114623039516599,0.0247563737914162,0.0348981149109706,0.0127487628480462,0.0330274789539799,-0.0014857097038476,0.0311064511105023,0.0024518937135828,-0.002840060669173,-0.004655217719517,0.1090064547758105,0.1038698336626047,0.0083424689270792,-0.0091702756723837,-0.0489541650825986,0.0259410318356054,0.0702650720785584,0.0617131891015356,0.0538463977359933,0.0320082361982261,0.1363136939266895,0.0340218885247118,0.0111366964231602,0.1619962214356578,-0.0213073583224909,-0.0524030058361628,-0.0021069933533896,0.0545371699188852,0.0118173482740713,-0.042666308193752,0.075212648035349,-0.0166065278560303,0.0126467603765567,0.0371650510296504,0.0732081281503675,0.0585031856718598,-0.0089157280367526,0.0114089150990044,-0.0534560798315425,0.0210510254116471,0.0480169759358182,-0.0041709159177284,-0.0145367755176059,0.0072092237489047,0.1186446437142056,0.0488330396661083,-0.0307582786380754,-0.0940133553299615,0.0712088825492269,0.0386379444155227,0.0027800987246158,-0.0299709525545972,0.1053476975632561,-0.0476642293536425,-0.0288423245654558,0.0943797239000596,0.1368079277722456,0.1362754889713959,0.1645405743452677,0.1635462724842276,0.2064843091960513,-0.3867165845206238,-0.0317070891054149,-0.0419406392475274,0.0482225967522087,0.0148756643875802,-0.0538603626482383,-0.0230009062212398,0.021207871786649,0.2836942308543717,0.0397302864441873,0.3016275221085782,-0.0523703028205809,-0.0387340766269935,-0.1392778728768823,0.0494121528947388,0.0351127647504621,0.0350488609311043,0.0569835480796014,-0.1188777354722101,0.0431324423541263,0.0792327372966694,-0.0207000599747962,0.079162335906463,-0.0217176059606659,0.2922920583963992,-0.0109690622483571,-0.0468524727185616,-0.0278859262462719,0.1521452168918147,-0.029281575142693,0.0405508647962593,-0.0439774120774039,0.0362381237619893,0.1731103090212371,-0.0763420548889888,stop,1696,60,423.0301744380295,-0.0508164882921106,0.1088235093580091,0.0683751504040186,-1.0,2.1414999937117707,1.3455308050996129,2.273125293860052,1581,0.5640476791115969,6,0.1143957534343999,0.0150686799074353,-0.2119586890691117,0.0,-0.8906480699732899,-0.3266003908616961,0.5794925214696749,0.110573361539078,442.931396275585,423.0301744380295,497.1592255022129,8.245334000183602,-0.0624348717425923,-0.0091042024392959,0.0185561189790842,-0.0784724045335111,0.7087562386957599,0.0010651889668231,1.0,-0.029507695939129,2023-03-20,58.0,5,-0.0802598674219413,-0.075283320515499,True,False,True,0.25,1.0,0.25,0.0234310397553696,0.8746901434293769
VTR,Falling Wedge,bullish,1,0.7069626679684782,3,26,2194,2195,2025-06-10,2025,2,61.17985131448946,60.473971962752216,67.63773067236582,60.41139493129669,1.1975408641544347,0.011672448969815,True,-0.0074331871991046,0.0035897498050859,-0.0241644866420409,-0.0153424864335203,0.0078503258066093,0.0220148281435939,0.036470657105093,0.021585105865975,-0.0201680834047696,0.0297121034695546,0.0094475804308842,0.0286100605892187,-0.0039584716688247,-0.0134065663101723,-0.0131705018904555,-0.0033230289216802,-0.0262971726432234,-0.0142753349052274,-0.0047524627314293,0.0205739031884306,0.0144776043101193,0.00011610348376,-0.0100331710411994,0.00442825556906,-0.0033918200234051,-0.0130951570662597,0.0394760993086431,0.046051356500977,-0.0523510763774514,0.0005642128823772,0.0424235135303119,0.0572379620529825,-0.0126982564586283,-0.0023871477007391,0.0573579984170773,-0.0744526609266481,-0.0634219503938469,0.0401933091138,0.0548551504888346,-0.0186958028549092,-0.0132925676896442,0.0259918660427878,-0.044901244459295,-0.0177272086894576,0.046169368398051,-0.0004366326368881,0.0084891285227799,-0.0303729510170396,0.0717644937875985,0.0269598792764029,0.041114906913882,0.0074260279281304,-0.0537061800696208,0.0773693001660185,-0.041925253252117,0.1490175794833583,0.0140486317297374,0.0106157626585587,0.0755493948935845,0.0128826925917355,-0.1145768088917562,0.1203267896134991,-0.008007273157767,0.0151438909138543,0.0886359915642591,0.0704692729002962,0.1394148768000596,0.0852504573613963,-0.0308995931377756,0.0950267875845318,0.0454909619617724,0.2044157357382097,0.1220135552830194,0.1458852804190742,0.0390113301496928,-0.0125238298050672,-0.0082944262413526,0.0116957074673678,0.0006489073364879,-0.053542896785419,0.0960703032086809,0.0876550870711454,0.0342828696166412,-0.0845382123613884,0.1139894852637204,0.1904374455976756,-0.0332797599206922,0.0630049916292767,0.2044157357382097,0.0138730910965811,-0.0503375779907245,0.0407826464589749,0.0822772626784258,0.0078580885084333,0.0415254537964027,0.0717366763657834,-0.4925651996604824,0.1725696374822709,0.0051366804157897,0.1672434892288059,0.0318305461905246,0.1193615888939385,-0.0243127908914903,-0.0230453748283443,-0.1790875514891592,-0.0544215729746868,0.0594578876168065,-0.5046094625555595,-0.02501830595991,0.1565787312296076,0.0128295936468512,0.3484204130513477,0.059392022917631,-0.0475422823921618,0.0875032536742275,stop,2199,5,60.41139493129669,-0.0125606121407945,0.0172386036260105,0.0132848231197925,-1.0,1.3724333999632747,1.0576572997303215,8.40370318878113,2166,0.9509398976769144,6,0.1154079642339186,0.0435112481842427,-0.1792244193857215,0.0,-1.213313453937224,-0.2623735562603017,0.01114535617596,0.0837250150106642,60.473971962752216,60.41139493129669,67.63773067236582,1.0311597443861602,0.0024869278167491,-0.037203744209137,0.0167961232633996,0.0363958432975011,0.7207221139669882,0.0020750212155784,1.0,0.0344602989621078,2025-06-10,4.0,14,-0.048887111474152,-0.0231535696520188,False,False,False,0.3846153846153846,1.0,0.0769230769230769,-0.0321918967212585,-1.190014294654624
VRSK,Falling Wedge,bullish,1,0.6367527412366607,3,28,1354,1355,2022-02-02,2022,2,191.052673822151,183.69588579059015,235.6281242559876,177.9969959447169,0.8557071819836453,0.040048735985015,True,0.0072359406392927,-0.007377458325428,-0.0257678366020095,0.0198261092167355,-0.0546453816298554,-0.019425540177986,0.0033014664566244,-0.0411714243040783,0.0016889868369034,0.0032525222043102,0.0073336301887168,0.0401213801262976,0.0144444776085117,0.0219129087892944,-0.0259099843189408,0.008505796031524,-0.0346165268010055,0.0428624859526198,0.0143298468044974,0.03522253753704,-0.0623994513244187,-0.0078648945853173,0.0101858852388195,-0.0180134277892094,-0.0083671122647328,0.0191456130463687,-0.0560222746970909,-0.0437751369641696,-0.0022972092399189,-0.0173536172901768,0.0440272832703703,0.0260401762709379,0.0268689433263604,0.0084848541497495,0.0198229039367618,0.0290489715791351,-0.0463762377729357,0.0082712271814719,-0.0840645805087467,0.0178733319703074,-0.0295570649425035,0.0355909805957979,0.0519550858716844,0.0045288792261124,0.0097196164826676,-0.0191100150638186,-0.075646517084766,-0.0418511769631727,0.0354882340764357,-0.0565538511821321,0.0410920465546962,-0.044592953574956,0.0359294037391004,0.0380088753374474,-0.0485080242389751,0.0505582459852227,0.0298053855374507,0.0587656239133933,0.0713746873865872,0.1095655738329977,-0.0686706038223181,0.0367844237507177,0.0327675888739411,0.0862880353163821,-0.002531767690571,-0.0322916011954212,0.1351775656560112,0.0666592177588931,-0.1044023223855111,0.0878720613056907,0.0832306780376737,0.1339439366547332,-0.2172814400888502,0.0707490937165664,-0.0213050199816672,0.0628088509783022,-0.0374138811351689,0.0776284291707152,0.0545766439112891,-0.1275496826014511,-0.166089492420285,0.0326101807967966,0.0410970608939809,0.0738968586454069,-0.119275594253067,-0.0726118709547715,0.2459402256041323,0.0433399402844332,0.075313135915795,0.0462886828906707,0.0218355575371118,0.076946980527457,0.0342462948384114,0.117781170065274,0.0270676663714137,0.0524977645044377,-0.010580241866906,0.0260225576805877,-0.0872889763541101,-0.1046611646035914,0.0311511190871502,0.0978956421677252,0.2042899337464034,0.0107143185483875,0.1518532429724901,0.0858902498404532,-0.0474881111337393,0.054247443581634,0.1256970254292431,0.0150747051389728,0.0264220239611503,0.1168227384864841,0.0137528397888773,-0.0514846204681115,-0.0026485130055361,stop,1368,14,177.9969959447169,-0.0683354889321649,0.0321815913990564,0.1060567232262235,-1.0,0.4709352622178853,1.5520006497868728,3.41425783113739,1324,0.7705495246515149,5,0.0185945328490402,0.0363421518167934,0.5556444336963904,0.0,-1.7654585843145651,-0.9949090596630434,0.2514260062931157,0.1325818032829174,183.69588579059015,177.9969959447169,235.6281242559876,5.732643472668599,0.012442317098313,-0.0708009313458069,0.0296336965065179,0.070234884476561,0.9025630792946642,0.001882341731261,1.0,-0.0422992264449509,2022-02-02,46.0,21,-0.000844025780984,-0.0055930659009569,False,False,False,0.3,1.0,0.05,-0.0214480081331851,-0.3236794603724563
VRSK,Falling Wedge,bullish,1,0.7024795570388872,3,41,1450,1451,2022-06-22,2022,1,162.5811733463731,156.01700676819314,212.03497176056885,152.94121258736902,1.3640647175702527,0.0420734041381325,True,0.0223787910726092,0.0125551355196535,-0.0131606251845127,0.0076550818765857,0.0097280554789094,-0.0240363993101954,-0.047819599058015,0.0343763473291212,0.0038463773554824,0.0106801384382502,0.0140932101447621,0.0122696060151783,-0.0166511224673424,0.0122502096033974,-0.0778565688938736,-0.005744056874253,0.0472064090373287,0.0088024317321053,-0.019142461954262,0.000695018007734,0.0087767760497889,-0.0007734277083155,0.0241190210917154,0.0624217955205541,0.0296319366310524,0.0116719670586642,-0.0122840687814866,0.0457041071139621,-0.0199335687270348,-0.0796618490479824,-0.0016630327530292,0.0627413194249624,0.0024704330003098,-0.0502692415068823,-0.0137125365834104,-0.1628949512775438,0.019459301377291,-0.0219597362629376,0.0293926157174522,0.0609314046438338,0.0242275030149592,-0.017382767582903,-0.0061950103962769,0.067539444145908,0.0506510146548957,0.0629801781589166,0.1022858216148359,0.0434764145323045,0.1020698118477538,-0.0169575983433971,0.0867596315682277,0.0491742132224302,0.0673004193882749,0.0518850841324776,0.0445181068052205,-0.1731246947759623,-0.1099044236318695,-0.0148199792388953,0.002737156553791,0.1346687682381042,0.0036979616044887,0.0128692755321291,0.1123392555984674,-0.0392929012810591,0.0010852754691248,0.0787277322529558,-0.1664997125713835,0.1036085050053701,0.0857437272460234,0.2169839165459375,0.080912345032486,0.0403406527183256,-0.0633258010593743,0.1040093074232992,-0.1182005282855255,0.045016874814495,-0.0105581889853733,-0.0506103927977248,0.0069305440521327,0.0053881844929695,0.0713759017227428,0.1054645472874014,0.0111543515658432,0.0975178296512968,0.0264894835137066,0.0495692944135739,0.0608904538344516,0.1015188449489865,-0.098335866798901,0.0892667276579104,0.0923340438988207,0.1886721033424846,0.1024495957245068,0.0745613635377897,0.114598421515361,0.0891448759076254,-0.1289544546870045,0.1240944693583405,-0.1950930353763729,0.0660433890898664,0.0696895771016234,0.0320394047128516,0.098155554641897,0.0336422048469613,0.0695250021204532,-0.0764569857248417,-0.1717744785414311,-0.0342813701010324,-0.0639809188339002,0.1698438103033639,0.2240388938801936,0.0995622912522053,-0.2183217476543643,0.1108041764126428,0.0818336417132849,time,1510,60,179.237548828125,0.1024495957245068,0.235245013132804,0.0038193866471533,1.7278468137117902,3.967486094099569,0.0644152375804712,5.130082958896285,1408,0.8763293620753795,6,0.1528293717450344,0.2042041431098564,-0.4055487194267998,0.025,-1.363938404538285,-0.4876090424629063,0.0854589077585931,0.1872519803642262,156.01700676819314,152.94121258736902,212.03497176056885,4.23880389517703,-0.1737535262106579,-0.0966497886540252,0.0262726071169332,-0.245882822234789,0.679043675704555,-0.0067220503606507,0.0,-0.0526875852638073,2022-06-22,46.0,21,-0.1794900937072195,-0.1356530191643206,True,False,True,0.8,5.0,0.25,7.37397295635409e-05,-0.0740403874301989
VRSK,Falling Wedge,bullish,1,0.7597816628730731,3,27,1896,1897,2024-04-02,2024,2,227.6298499465404,229.9472125914872,243.94642914372173,226.1512140978291,1.2247543908138396,-0.0100778027218956,True,-0.011379301301304,-0.014469819434132,0.0205580582504703,0.0051088299736772,0.0529035871387852,0.0047347918732612,-0.015266433334117,-0.0385518359678012,0.0586151096042644,-0.0128527996193795,0.0021109038811173,-0.0411020248424649,0.0156173085895445,-0.0065522770434521,-0.0110193730788272,0.0164555240321511,0.0459141362179136,0.0056439747123278,0.0066615034158199,-0.0390362508391466,-0.0063288353848574,0.0149579041017746,-0.0153078913853571,-0.0426724082507251,-0.0152638038694797,0.0229879789175322,-0.0225340798335047,-0.0650457077822901,0.0195912202709203,0.0608828345370227,-0.0472625979227886,-0.0730051823403558,0.1048877188662911,0.011698434760244,0.0224382818334254,-0.0316127243095394,-0.0578918806475355,0.0195333691479113,-0.0886825314851273,0.0257201650850174,-0.0584192550204687,0.0091195482099599,-0.1069046934192692,0.1473734033855958,-0.0193721161950582,-0.0363475175536242,-0.060517219551633,-0.0301147352557838,0.0251059386467469,-0.0567900624557734,-0.0056266200870489,0.0029443708846255,0.1099811908141452,-0.0256407127594547,0.0539077740509421,0.0862880353163821,-0.0929963437390984,0.0520647929065902,-0.0566232727102061,0.051899045356152,0.0343786148904725,0.0290523151383974,0.0785064936358161,-0.0100767726391054,-0.0627216590263766,-0.0686706038223181,-0.1731246947759623,-0.0030115059168677,-0.0589595357370359,0.0643104557798581,0.0481243160786362,0.1410942379530968,0.1253997662221404,0.0279993959422919,-0.0644515564523802,-0.1667506093206247,-0.0114802205773236,0.0463546593934982,0.0628088509783022,0.0881577261392827,0.0029974490526709,0.083689945871245,-0.0546583690316291,0.0713759017227428,0.1408022141045357,0.0648272641694522,0.1124735977989319,-0.0801791272752567,0.1014045539614463,0.0005060684226658,0.0296601634261899,0.0282088601547942,0.1691957795771776,0.1104524262823352,-0.0317734098368754,0.0849644008583392,0.1240664896922889,0.1438978636053574,0.0827214903249398,0.2011157833896759,0.0628268509635614,0.1007340024910732,-0.1802092849247056,0.0008475229389783,0.2240388938801936,0.0870635820535403,-0.1637959995006276,0.0394950277353398,-0.1304072768617461,0.2350946914022973,0.0842001626344868,-0.0824114088260031,0.019814592546191,0.096147135428884,0.1192742240774182,stop,1897,1,226.1512140978291,-0.0064957906401931,0.0082758541764885,0.0071551881987471,-1.0,1.2740333909903403,1.1015115164694589,11.034886792040169,1867,0.6955957946457333,6,0.0636057166797744,0.0610564039205077,0.0363367910008884,0.0,-0.9860201194715806,-0.2904243248258527,0.3843714559162873,0.0561642423349092,229.9472125914872,226.1512140978291,243.94642914372173,3.179380204375298,-0.0174127148180901,-0.0359570276994687,0.0139679264565657,-0.0150117638855581,0.5411763649908655,-0.0016324794853684,1.0,0.0159127708230479,2024-04-02,6.0,13,0.250104125681164,0.135611751473103,False,False,False,0.0,1.0,0.0833333333333333,-0.0417210518207285,-1.0767821785402705
VRSK,Falling Wedge,bullish,1,0.6229381433233202,3,21,2225,2226,2025-07-25,2025,0,293.1635674441444,293.59484399498115,315.2579456549156,289.6481527767555,0.6207050333461718,-0.0014689513786015,True,-0.0833726609843666,-0.058650323252792,0.0239807356312502,0.0073145268048839,-0.0003232158774445,-0.0329383501466622,-0.0057444199863048,0.0168483474376017,0.0082897743549512,0.0246730813381979,-0.0010451197444492,-0.0159256915298571,0.0103385449304247,0.0238074527713147,-0.0179871421062378,0.0052587306732851,0.015982367390982,-0.0144668366045064,-0.0243815120813221,-0.0218356560055337,-0.0594752506586582,-0.0094987222420001,-0.0800162432018624,-0.106466158509193,-0.1059955833961114,-0.0263906865449395,0.0036930801176571,0.0077775651906375,0.0341622975525115,-0.0521650350906531,0.0148521028315207,0.0505036747298879,0.0003012766189978,0.0069634057685059,0.0406845229018548,-0.1063491495940464,-0.0099688957502674,0.0362690738179776,-0.0086813234311092,0.0203325455734528,0.0487932394498138,-0.0018379560416584,0.0631511607591626,0.0240372371857522,0.0068583226842287,-0.1141154814456574,-0.0861709043838792,-0.0984537509905261,0.0357634093839376,0.0296735730592012,0.0219152241594371,0.0602817360582961,-0.0484035063497766,0.0174277898455188,0.0383126115380607,-0.0131982862534505,0.0987526690923128,0.0741757896753614,-0.0163826471302401,0.0632507587751094,0.0390397209431216,-0.011540575655983,-0.0255929503079244,-0.0062737433970291,0.0561594679829853,0.0545945691010372,-0.0172947511134944,0.0502126510711811,-0.1112145799077623,-0.1753766887667246,-0.2243331615309683,0.0189854292020181,0.03503497319934,0.0890117677850503,0.1479979119398298,-0.0811941674312327,0.083542251977448,0.017695828734674,0.0174307213781943,0.0068118116979245,-0.0375372926854064,-0.0381645473351115,-0.0038377630345354,-0.1190162264433291,-0.0801791272752567,-0.0816017582345164,-0.1974648757949787,0.0104754751335267,0.1494990259148416,-0.0651805538637388,0.2601619653671843,-0.1820002312783209,-0.2053992244747196,-0.2613714683409869,0.0711297916736126,0.0884534791381759,-0.0317092197601827,-0.0155862931444832,0.0997701188753714,0.2001751625580017,-0.2086447032004063,-0.1395003047073841,0.0826983075416256,-0.1751202321679423,0.1083802484846923,0.1168227384864841,0.0726519571678785,0.1281204249540783,-0.017272203711375,-0.0820520621543827,0.0565276368843385,0.0690353994505517,0.0769299629888722,0.0562720695721628,-0.233253338421204,stop,2227,2,289.6481527767555,-0.011991308122073,0.0032701815004746,0.013889715895816,-1.0,0.272712657133302,1.1583153192643325,6.284999154077624,2204,0.6496927581498444,5,0.0313005881430453,-0.0365427066085188,-0.2288063994247707,0.0,-1.138678537377246,-0.4889857792274033,0.3193049274302774,0.0542433903246896,293.59484399498115,289.6481527767555,315.2579456549156,4.327555541017412,0.0252182747077986,-0.0331126668680256,0.0146951873796989,0.0750856885021711,0.531244784588605,0.0030735102462311,1.0,0.0412342207784415,2025-07-25,33.0,7,-0.0317725059251499,-0.0240491529668107,False,False,True,0.6666666666666666,0.0,0.0,-0.0088477131584728,-0.3307106688730014
VZ,Falling Wedge,bullish,1,0.640907404234101,3,25,929,930,2020-05-28,2020,1,38.20376695944577,37.96642723390168,41.17208268158831,36.704209278964655,1.1009968706649031,0.0062513052408619,True,0.0341587149471775,0.0047336052552164,0.0136698770958298,-0.0104839788370412,-0.0142469882810528,-0.0054490001825038,0.0084925696641955,0.033950649746574,0.0143081164474798,0.0200350346179274,0.0317219402790929,-0.0429184678930057,-0.0806266815940851,0.0095334484869864,0.025153505941261,0.0340293265864815,-0.0006930088892362,0.0185376877112881,-0.0224518053440052,0.0159783894297906,0.0010320643889842,0.0480826325483056,0.0292759493510142,0.0202423340528066,0.0263590810966618,-0.0281552464487813,0.0406147322905143,0.0034685685575321,-0.0083693115205243,0.0447796053315669,0.0070598615189005,-0.0085594995722914,0.0483037491887903,-0.0106100212629776,0.0094094196083305,0.0258713334901738,0.0118243187803843,-0.0054836841893274,0.0605919146251396,-0.0533792075036153,0.0165618298501788,-0.1175302941914331,0.0419655938611329,-0.0359521637257593,0.0126193129724789,0.0174907934697859,-0.0189770749700828,-0.0396159809642426,0.0667157961947571,0.0243502177613539,-0.088665639313221,-0.0206612588777289,0.1201478953235757,-0.0228751561685575,-0.0379845366585757,0.0027737022798748,-0.0061172048762647,-0.0538147624099072,-0.067440979237992,0.0241674178011948,0.0756768303483377,-0.0036519267574605,0.0497333003676632,-0.0631007087142604,-0.0729221421327699,-0.0115130300035725,-0.0931422031489654,-0.0214111179605644,-0.0089902996609286,0.0390099922269056,-0.0265591398108813,-0.0041139661351927,-0.0176430949088529,0.1987122195476742,-0.0102632639629128,0.0345180958747217,-0.0739805643341798,-0.0348066137846139,0.1361274342105045,-0.1497861479071677,-0.0883135108077002,-0.1095683006320414,0.0182220498554428,-0.0917275439773422,-0.0710261279445353,-0.0534662685504593,-0.1463579111419423,-0.0611039085373887,-0.0200344513737436,0.0743014446855609,-0.0804476735192353,0.0665478973940758,0.07812116239889,-0.0492144027983452,0.0476316862068473,0.08090918869657,-0.1005617707458002,-0.0508170997314663,0.2757614571695861,0.0087451678938765,-0.0329822532934734,-0.011599850029079,0.0330283633801551,0.2471368697162754,0.0958686001119899,0.1077865121115602,-0.0202736350030026,-0.0296035460037664,-0.0509802111947479,-0.1192066385932091,-0.0629352725238778,-0.1005617707458002,-0.0152445074127612,0.0625798784278277,0.0598871039770047,stop,950,21,36.704209278964655,-0.0392515660058584,0.0524127947908308,0.0448218112654352,-1.0,1.3353045527663294,1.1419114146616596,1.979460850875827,903,0.347136012872569,7,0.14967291465586,0.057272904278629,0.1135025038044441,0.0,-1.4549028984539805,-1.1077668855814151,1.650258013817006,0.0516682719089299,37.96642723390168,36.704209278964655,41.17208268158831,0.6973764182585427,-0.0274735182529225,0.0069799911765393,0.018126360251368,-0.0416745771073651,0.8888895616738717,0.007979631982377,1.0,0.033286443450847,2020-05-28,43.0,6,-0.1191060575239051,-0.0694227913611684,True,False,False,0.6,1.0,0.2,-0.0287070715217068,-1.0731106337714065
VZ,Falling Wedge,bullish,1,0.6271101901002305,3,27,1040,1041,2020-11-03,2020,1,40.35664745544532,40.22962839480273,43.27808609734413,39.4486256901666,1.0199819164733823,0.003157351079559,True,0.0683684386870342,0.0297014434872882,0.0191084993521901,0.0230233243020214,-0.0204521704272905,-0.0210501195696437,0.0070960031418918,-0.0224734994121411,-0.0129132950835908,-0.0009854218740691,-0.011284590873707,0.0413427120417049,-0.0102806074025521,-0.0197290244522985,0.0014605320310585,0.0242270662161603,-0.0044721912386821,-0.013076897514144,-0.0167572099794632,0.0099727481645401,-0.0028552829707835,0.0315620520234396,0.0682953073633022,0.0622485358869244,0.0042771650128154,-0.0665413623605567,0.033259365796411,0.0950289158462789,-0.0069607556850328,0.0222186400359039,0.0025906977943188,-0.0502059306293242,-0.042168386900821,0.0850108759476067,0.0709217486638422,0.0085675874693085,0.0107940953510974,0.0101957560901428,0.0316061144095238,-0.0249587272256158,0.2372411064156772,-0.0487757976380376,0.0126559612480325,-0.0318161258064964,0.0881273889238321,0.0404089774996198,0.0729149789808447,-0.0031574334994117,-0.0138786064953869,0.0763359400779466,0.0811045005776229,0.0364153109224179,0.027831599873455,0.0434675028765396,-0.0495228004401965,0.0165204920277222,-0.0821991821445689,-0.0244860177160998,-0.0167960312032404,0.062607772772077,0.01835636876227,-0.0754089573408094,-0.0640150929553655,0.0625382301491868,0.0139371512097001,0.0115048820448342,0.0130092111739323,0.0612757615722576,0.06298507719363,0.0272776357364017,-0.0742708511525671,-0.0203186008543602,0.0551615907113991,0.0428420420812605,0.0488299995025014,-0.0230533162090889,-0.0038729421520127,-0.0195074797119559,0.0096938027777742,0.0147991461523795,-0.0455134512280747,0.0029323059659336,-0.0144222001435641,0.0457686509666426,-0.0103874531128625,0.1111228043801828,0.0334968724670381,-0.0669560426689904,0.2669200049552815,0.1720615113550165,-0.0211293149314938,-0.0016457607787485,-0.0407220614673515,-0.14919395565843,0.1161661405873673,-0.05113427368955,-0.0164695155532041,0.2551555479780301,-0.2292123459931557,0.0624156240096429,0.0424250044204128,-0.0650326721784456,0.0094669055377647,-0.0434153429456584,0.0248991013226873,0.1309672250093925,-0.0135485154745237,-0.073234406271235,0.07192946135042,0.1187795405681815,0.050532256989459,0.1219793272399556,-0.08729098720149,0.0403886900077761,-0.0640103997530429,target,1045,5,43.27808609734413,0.0723905186902391,0.0737889901018436,0.0106661446109812,3.217366316105948,3.279520792895735,0.4740523346838964,3.217366316105948,1012,0.6141998638689683,5,0.0158553813059244,0.0023709675001848,0.3054168891918107,0.0,-1.2167483023034584,-0.6025484384344885,0.507531962142307,0.0561321776317394,40.22962839480273,39.4486256901666,43.27808609734413,0.6517270603470919,0.0297147639513792,-0.0149936553256101,0.0159925879770443,0.0607530472889437,0.2758631273403215,0.001906415961179,1.0,0.0032840669096234,2020-11-03,43.0,6,0.2009492533410708,0.0557120350335178,False,False,False,0.0,0.0,0.0,-0.0234334756850744,-0.7446976827212579
VZ,Falling Wedge,bullish,1,0.6895811570637603,3,43,1095,1096,2021-01-25,2021,0,40.646036205331285,41.12765358382816,44.30711908197468,40.25937363706443,1.2910141291221204,-0.0117103052697918,True,-0.0475518601228164,-0.0237331655051711,0.0191294361357841,0.0169713531089266,-0.0029257960928225,0.0201688701374687,-0.0045652198339386,0.0159290252286101,0.0221400162150964,-0.0191082776686677,0.0321739505924778,-0.0293815608666718,0.0029862088867276,1.5191484070697925e-08,-0.000240987244762,-0.0028552829707835,0.0100350998350502,0.0029862088867276,0.0220560669472849,0.0126049825857541,0.042152883768268,-0.0187406362488653,-0.0546276779524738,-0.0340408837933555,-0.0472735787506969,0.0023360061223851,0.0302363981791888,-0.0361904361957143,-0.0022670338380096,-0.016156922156766,0.0039034322680622,-0.0001251201444005,0.007322280949682,0.0130903103748492,0.0335777045501524,0.029860920582871,0.0202172403907272,0.0184987909717457,-0.0133691138077004,0.0740283810745545,0.0067166039649233,-0.0255519763193791,-0.0439528477347536,-0.0181520593452723,-0.0643559251144999,-0.0350242155319878,0.0007020558041959,-0.0047209124165503,-0.0847122695131561,0.02795306434257,0.0433487735118569,0.258164084096449,0.0085348256017756,0.0197015901547972,0.0149300303104986,0.035184656622494,0.0501251087441139,0.0230919413818533,0.0140228744402202,-0.0365588813374062,0.105138571462628,-0.0133165775377277,-0.1004957966673588,-0.0095218061386841,-0.0134839449308742,0.0179845557960676,0.0192729824160282,-0.0330756029048325,-0.0166123531883697,-0.0014034119473139,-0.0153257321598238,-0.0434548692437228,0.0256149558225193,0.0929727907213739,-0.0161347488950869,0.078612952346144,-0.0145959363094664,-0.0832824011572349,-0.0926013489968633,-0.0592693691870447,0.0892411344406125,-0.0392006554882002,0.1117431262666872,0.0318209796252766,0.0419340981626998,-0.0183277413664695,0.0917601941160122,0.05211060777077,0.0316061144095238,-0.1144654048916247,0.0894749272085229,-0.0141813822150354,0.0311548491123196,-0.0519326118768765,-0.0036709401832889,0.286150351425853,-0.0304256249204921,0.0201450096194013,0.165126139320515,-0.0454168177967596,-0.0617837068087302,0.0132967917616464,-0.0711496677743066,0.046547985522757,0.0575237165177788,0.0915577410469883,-0.0102752046921807,-0.0907504537038224,0.0518656019941343,-0.0069220204400859,-0.0417123823841696,0.0458689064245938,-0.0499063996043098,0.1015587234705621,0.0077734616725154,stop,1096,1,40.25937363706443,-0.0095129219074046,0.0050885610157764,0.0101772559040621,-1.0,0.5349104160957826,1.0698349048929348,9.468418143120276,1052,0.5348874684689442,5,0.0079989869317958,0.0280633738334734,0.3250879903505241,0.0,-1.447673733747199,-0.9127862652782472,0.7391182500540031,0.0480851851159492,41.12765358382816,40.25937363706443,44.30711908197468,0.5645967807784947,0.0278658099213711,-0.0105192484138959,0.0135505580373753,0.0496760917158878,0.8611104488366433,1.0478533152280534e-08,1.0,0.045759993962724,2021-01-25,57.0,11,0.1931193253529981,0.1626684749083655,False,False,False,0.0,0.0,0.0,-0.012836736092099,-0.4171444217794367
VZ,Falling Wedge,bullish,1,0.6341341686049651,3,39,2350,2351,2026-01-23,2026,1,38.436791216596106,38.112790826935736,40.36497278380298,37.38632500263128,0.7320348459520378,0.0085010932715896,True,0.1219758783940891,0.1198324855106998,-0.0195503963094979,-0.0029688525368397,-0.0109221600358916,0.0492847875459943,-0.0301293623748578,0.022936607618754,0.0190952295811772,0.0066656502206219,0.0201587530243401,-0.0135720486781297,-0.043028937836463,0.0106851846668489,0.0246706199497783,-0.0096563268591949,-0.0449463934765075,-0.051211815604793,0.0033254824631434,0.0297075123176806,-0.0039995983961368,-0.0053805233170707,0.1244177077959413,0.1670866529085393,0.1668984396514028,0.0107431108226365,0.0519617193919017,0.0603189472814957,-0.0132934628260112,0.0014172559473499,-0.0211493824827059,0.0023360061223851,-0.0129513960636268,0.0051834458319288,0.0010385606439278,-0.0200000255409068,-0.0148596834701644,-0.0174892028025304,-0.002401313521907,-0.0082866163089431,-0.0592527725851351,-0.0106053903769759,-0.0515301770480119,0.0159362515131031,0.0202215687946167,0.1702197807424179,0.2520161081945282,0.2637469194683631,-0.025126842661625,0.0647547952793188,-0.013004037007875,0.0176998669815211,-0.0925693453543972,0.0076340709750066,-0.1076037170828405,0.0592958840068129,-0.0004471428823226,-0.015606812277225,0.0115048820448342,0.0862931174083032,0.0012562019511779,0.1603104081801172,0.0405405743350555,-0.0538128379691636,0.032696271702205,-0.0102527894691772,-0.025126842661625,0.0144556068851779,0.2443715425753642,0.2746975874777151,0.3229534326358046,0.2178291033711157,-0.0985583843862266,-0.0348066137846139,0.0415965764243673,0.0059139584866094,0.0014335574640236,-0.0872880012532784,-0.039715771830887,0.0849278982959131,0.0384183254431897,-0.0616572494577311,-0.0704723198628851,-0.0781458029890224,-0.0140948499454325,0.0125719671696689,-0.0963687014223628,0.0969098561427859,-0.0514986479844209,0.104953066946509,-0.1310118888568205,0.28265078357919,0.1836173621728429,0.1611509247778442,0.0363161765111881,0.0910867642037926,-0.0297099554888581,-0.0873616166119308,0.0591557220048375,-0.0382308558402755,-0.1005617707458002,-0.0248091904410354,0.1211994496458546,0.0395448424945785,-0.020773792221401,0.1025352960587038,0.1489635735214998,0.0313285885613785,-0.0587527138977502,-0.0051358721530957,-0.0494344624043933,-0.02964713975994,-0.0735373548930454,-0.0460102879895049,0.1803090921451028,target,2355,5,40.36497278380298,0.0501649983304104,0.1247480713445397,0.012348827969681,1.835548389442484,4.564559534804488,0.4518463479646823,1.835548389442484,2310,0.6404593247963752,7,0.0998276895709128,-0.057576030171308,-0.0153890585935082,0.0,-0.9556602494130964,-0.31520092461672,0.4813086670563699,0.0583979849426346,38.112790826935736,37.38632500263128,40.36497278380298,0.5879095168313968,-0.0306214657412183,-0.008475178954278,0.0153574129262956,-0.0506779543330824,0.9199981689452956,-0.0007597941992942,1.0,0.0018459763432829,2026-01-23,8.0,14,-0.0240162846826109,-0.0035345993517011,False,False,False,0.3846153846153846,3.0,0.2307692307692307,-0.0115822777980206,-0.4911283729504552
VRSN,Falling Wedge,bullish,1,0.6511728876866693,5,49,746,747,2019-09-05,2019,0,204.2134415552186,201.701998021652,223.0558852833242,193.3980961813596,1.390476392437946,0.0124512575889159,True,-0.0805116466697284,-0.0909752368732894,0.0054739376717203,0.032219337246357,0.0377165352662547,-0.0296165265545791,0.0117065351256202,0.0228030540802117,0.0015197573686225,0.0342378447898137,0.0465526320737272,0.0646884401067096,0.0141146292158043,-0.0037721165972103,-0.0252596919827043,0.0458726344209599,0.0265733698421621,0.0046250777438323,0.0255474530413759,-0.003902802616891,0.000612078303515,0.0060569664144471,-0.0964001039177159,-0.0809446479547748,-0.0907040599907826,0.0384497793955278,0.017359034742201,0.0384497793955278,-0.0224181722722448,-0.0003224570906131,0.0370058600447491,0.0282347100552182,0.0417293667201661,-0.0056450829001138,0.0200073409203604,0.0133740791088576,-0.0040342167886551,0.0036867067459867,-0.0411680839378623,0.0243688209681738,-0.0165083951080465,0.0863713864272697,0.0472152874758107,0.0556850886786748,0.0025729218267862,-0.0991653356751635,-0.1275009162350565,-0.1060066975209431,-0.0313538605920079,-0.0755245801538162,0.0447009858058193,0.0700923026822686,-0.0580461716097469,0.0056430737791863,0.0447009858058193,0.0449252872417553,-0.1246755069620559,0.1477734706416535,0.1069153226987111,0.0576339066131066,-0.1080041349415338,-0.0616936886992454,0.0302419854484687,0.0383029112148962,-0.1381368074476686,-0.1303809472994326,0.0249641914429308,-0.0295273123590925,-0.1204284869005573,-0.0860906758240485,-0.1080937420292855,0.0809971569728169,0.125601915163674,0.0501243049715085,0.0794955556883354,0.0527972930583529,0.1052133168117099,0.1027817050949622,0.0249397497801755,-0.0028366268606158,-0.0169711994046412,0.0377432088194804,0.16504379130079,0.0220277320664219,0.0484868958107918,0.199964425350809,0.0611990374568509,0.118653635780296,0.0783759326986193,-0.0708029806989745,-0.1127558666287164,-0.1435946249856808,-0.0826278610605977,-0.1416257865497721,0.1049392348050599,-0.0486424336326644,0.1129171681819654,0.1209274815581999,0.2504424214200578,0.0967589664196817,-0.0485527789895434,0.0429739480849831,0.0757429595481176,0.1262302047612753,-0.0844989304740437,0.0284389898325567,0.1757552050096735,0.0347006253436055,0.0270693440463341,-0.0943219155799627,-0.0826278610605977,0.2084132626845261,0.2283605790467382,0.158456215888076,-0.1543019954052996,stop,749,3,193.3980961813596,-0.0529609867572529,0.0088014709848531,0.0626203141887327,-1.0,0.1661878209557301,1.1823857148990338,1.742195286120808,697,0.5166128217344941,5,0.090680295097075,0.0416265331286869,-0.1920171600416174,0.0,-0.8232089563690668,-0.3065961346345727,0.6196552982720575,0.1074368758230407,201.701998021652,193.3980961813596,223.0558852833242,3.833978779859722,0.112965631144672,-0.0175563464359581,0.018896151133699,0.1638965098545037,0.908088276542986,0.0072225525390543,1.0,0.0342052890120625,2019-09-05,36.0,14,0.236405850538758,0.1884327725048677,False,False,False,0.0769230769230769,0.0,0.0,-0.0334296062315486,-1.1055891286114394
VRSN,Falling Wedge,bullish,1,0.6808038647914869,3,24,952,953,2020-06-30,2020,0,202.4553542918568,201.1260100146992,220.50718301953796,193.25515884170463,0.7535945214922041,0.0066095095162501,True,0.0226558121891979,0.0013040045330352,-0.0212466158421656,-0.0146029843317282,-0.0611789411161608,0.000509448243585,-0.0318179004220037,0.0354180687934204,0.0576449527246023,0.0086140917201043,0.0073442946133674,0.0624476187753673,0.0250298513946773,0.0048806392762956,0.0077798747684347,0.0223263107230566,-0.01962258835298,0.0205980843482533,-0.0047218048074476,-0.029032187678982,0.0071005300019544,0.0071730604573942,0.0184236220247457,-0.0336679422216557,-0.0733358142270288,-0.0082474434304876,0.0586448699864108,0.0070526201358858,-0.0240466547042917,0.0709338886842358,-0.066227486605482,0.0284186982282423,0.0812773007330172,0.0321513947474623,0.0309771798145841,0.0162384584893424,-0.022478710306,-0.0067533754718235,0.0238773940807801,0.0563243116562228,0.0343156503617556,-0.041533477399542,0.0613845275063809,-0.0127657957794218,0.0153962576845161,-0.050414922642245,0.0126133902589149,-0.037617497700422,0.0275104177792886,-0.0448812502527143,0.0032452265998919,0.0143552865008058,0.1078554911426841,0.1064549287116247,0.0491028787838165,-0.0169540745697979,0.0008153234419989,0.0253684215468483,0.0093169339856007,-0.0588628687805865,0.0154201914365224,0.0126961471168982,-0.0514584972291014,0.2168701446270666,0.0106127794124641,-0.0150744479326467,-0.0216515807675847,0.034406405210428,-0.0086440025792604,0.0115462453810151,-0.1112042853336987,0.0034868009536765,-0.0151435113534651,0.0081831482839385,-0.0653339701738483,0.0839047689734144,0.1231063441528099,0.0986448021730774,0.0641389628430968,0.0643114179046073,0.0168148723493168,-0.082137151859529,0.0850414499186387,0.0278669567022034,0.1301202133893373,0.1015206379156419,0.0469379629666339,-0.0496742085960701,-0.0805577370983774,-0.025805395796958,0.081620875308747,-0.0193061165668294,-0.0199872488957332,-0.0691679047896006,-0.0409684336892328,0.1269875834843175,0.2832915296525833,0.0941276102580626,0.0253535929894919,0.2118670777969931,0.1137743763741034,-0.0672764259364416,-0.1084703586980915,-0.0154762657348933,0.1002583215546342,0.0290062916250057,0.271475908164613,-0.0256684863826132,0.2096507536754972,0.0127290012127241,0.1042775412041261,-0.0492133285443419,-0.0703686428562903,0.0027904325696612,-0.0803946528317286,stop,961,9,193.25515884170463,-0.0454430829074999,0.0510843401635642,0.0474943403079628,-1.0,1.124138964505272,1.0451390457957737,1.9621136122040357,928,0.5016228575106676,7,0.061542206403568,-0.0198384378598981,-0.0998302120434554,0.0,-0.9194033574751016,-0.4177804999644308,0.7443383747348236,0.0894367461576969,201.1260100146992,193.25515884170463,220.50718301953796,5.449659411634727,0.05048957669741,-0.0178163539268247,0.0268267306394669,0.0753912813089667,0.7532195797601141,-0.0034787616162276,1.0,0.0053137154554205,2020-06-30,28.0,23,0.3107393251277837,0.2666605740273213,False,False,False,0.0,0.0,0.0,-0.0877332051346855,-1.4109163911644442
VRSN,Falling Wedge,bullish,1,0.6649560415845965,3,25,1099,1100,2021-01-29,2021,1,191.98540166823165,190.6846931073769,221.02687853781435,184.62288137325697,1.2172389747776249,0.0068212531360463,True,0.0207193325991144,-0.0167152516738977,0.0168914450931678,-0.0244608926645355,0.0064321583713065,-0.0934255998600146,0.0028355423306567,-0.0244109162391875,-0.033272660938679,0.036715004726427,0.0696824487848428,-0.0312978223252743,0.0221705204934665,-0.000703319739492,0.0138140115689509,0.0195604099252713,-0.0095424714042862,-0.0149357446840593,0.0209534598053096,-0.0008312231624522,0.0192753792363327,0.0192361875335778,0.0199850367565479,0.0354018676927572,-0.0152245501019716,0.0364950449476628,0.0054292901728925,0.0532223307985952,-0.0145600939137718,-0.0363485559660012,0.1120610812659135,0.0326743848412174,-0.0828083112349318,0.0016295868899971,-0.0605646615327792,-0.0275649304104503,-0.0469478548265033,0.0045973105901089,0.0797900971605585,-0.099806318982731,-0.0158434166529165,0.0453793987220738,0.0174977826751201,0.0215924933334619,0.0282026300764386,0.0326955032950594,0.0016881093432463,-0.0407503557299588,0.0408062279096872,0.0406229397758366,0.035560263667147,0.0101144258294636,0.0036278457470995,-0.0245744243027221,0.0473933429560018,0.0140322186924812,-0.0327066098425106,0.0013802420761535,-0.1236492607118833,-0.0008960702741431,0.1097377855377317,0.0111343051289221,-0.0655154124014333,0.0853176739370216,0.0649905750948267,-0.0537835822337076,0.0534675270041822,0.0848489679936594,-0.0134073397359443,0.0292115738756491,-0.0332851547991943,0.1359068843696764,0.0502129502880306,0.199964425350809,0.0815735225848499,0.0456189244592359,0.119987369721366,-0.1505148175572808,0.1267123483139229,-0.0347545232049582,0.0137382337675666,0.1358563567108137,0.0979414541005352,0.0398892336188461,0.1056705574952145,0.0321193317661843,-0.1336261705918243,0.0447632154819737,0.1001277717485653,0.0668726569947908,0.0502785064743955,-0.0272053377189865,0.1257482386952044,0.0048891408645292,0.0183690294637417,-0.0932566381543228,0.0056902838620132,0.0761015535357052,0.0309312443045692,-0.0196668746598243,0.0120318110197172,0.0887048397589724,0.1490711759867589,-0.0422794260260841,0.2168203579501444,0.0188366930448962,-0.0477236426059421,0.1090820414867936,-0.0311607643216621,-0.0324920406890559,0.1117041317082301,0.1059647791386293,0.1411906775090525,-0.1033466965985987,0.0900196119095177,stop,1115,16,184.62288137325697,-0.0383493756868961,0.0698828909494748,0.0401596598901159,-1.0,1.822269325061102,1.0472050501682175,3.944502114229162,1073,0.5391428029751488,5,0.1028781158035059,0.104776208548756,0.155838417483813,0.0,-1.9063673042828493,-1.3672245013076978,0.7064124660909238,0.0693783246821535,190.6846931073769,184.62288137325697,221.02687853781435,3.8599422433393222,-0.0589297656566297,-0.0476793476570597,0.0202504334717292,-0.069119368340368,0.4368636763687374,-0.0097556810540345,1.0,-0.0051613589522913,2021-01-29,40.0,15,0.0783507975176585,0.0698953594504221,False,False,False,0.1428571428571428,1.0,0.0714285714285714,-0.0577833732779142,-0.7648001731569325
VRSN,Falling Wedge,bullish,1,0.6708532714529318,3,65,1384,1385,2022-03-17,2022,0,208.6725187790923,205.1285249394161,261.7133790104642,188.9837256340753,1.3537318801181086,0.0172769430322907,True,0.0124729650536286,-0.0160431351229055,0.0395131991587818,0.0465526320737272,0.0201217701213638,0.0177971242935557,0.0469800476726416,-0.0044459476204058,0.000153189426767,-0.0128490069794803,-0.0027350616039718,-0.002464062638249,0.0116699604677399,0.0833661858256309,0.0780538603684402,0.0437091276047458,-0.0158441273822191,0.0046250777438323,-0.0184761870012367,0.0066730428499202,0.0072530397104109,0.025884654741239,-0.006303960888033,0.0470677402740216,0.0159259945626299,0.0081672322862751,0.0224857795179287,-0.0105417463362073,0.0438455982441341,-0.0856482672435607,0.0222726487635991,0.0017004325421976,0.049566582889533,0.0465708636859678,-0.079961202841044,-0.025087671662201,0.0194324344895842,-0.0496012961163725,0.0345947069743737,-0.0069123684136545,-0.0489230035731399,-0.0275649304104503,0.0940052042645711,0.035933331456784,0.0084374624868066,0.0444291507237653,0.0138378815184656,0.0143171227857117,-0.0261520373517668,0.0524688656052438,0.0234814973392498,0.0644987429357148,0.0482416548576258,-0.0287603546410337,-0.0462174773733002,0.0996508797118873,-0.0137216233627787,0.0077287342383216,0.0297419844083277,-0.0116958556347045,0.00473091854215,-0.004869098322929,0.0865868772062725,0.0254139609796686,0.0213926621995763,0.0834068503130112,0.0607643354933145,0.0236173755949009,-0.0111775631184719,-0.222865440426118,-0.1400346960916978,0.1175706014470119,-0.0126226501702337,-0.099058865266043,0.0416210030489718,0.0292017573614797,0.0835338800484277,-0.0249783663778074,-0.0018506184655868,0.0199145020242577,0.0395733901198263,-0.0131183992770147,-0.0406899733978838,0.1771813956504206,0.0191257483182771,0.0867010848470999,-0.0363972879556914,0.0284586483253288,-0.1336261705918243,-0.0390898799244734,0.159273574154648,-0.2429016091220775,-0.23434994086638,-0.0905144987562216,0.1018300423939349,0.1913739692720901,-0.0987814858859248,0.0383079796177237,0.1171875444227221,-0.1107395274671289,0.0288149577055789,-0.0362767492081685,-0.0050995464154964,-0.0051244205183068,-0.0994767280832383,-0.0440146338645928,0.1201677297454295,0.094571556306144,-0.1636477454790214,0.1139253507196613,0.1397571010755873,0.167913586161597,0.2502565700710775,-0.04691335062124,-0.2720515508638015,stop,1414,30,188.9837256340753,-0.0943525925704676,0.07690865890692,0.1614892513761212,-1.0,0.815119720737725,1.7115507584543803,2.693961983383224,1319,0.5424515882517174,7,0.1697364775898225,0.0831585703987869,-0.047951402945046,0.0317460317460317,-1.441869980513354,-0.899418392261637,0.7583986746546998,0.1568921055237818,205.1285249394161,188.9837256340753,261.7133790104642,5.584357342502429,-0.0468353021319529,-0.0188289120939291,0.0267361766383127,-0.0537088171992762,0.9954200358290208,0.0036829566767246,0.0,-0.0123825046629931,2022-03-17,46.0,21,-0.0453786266092618,-0.019457741254526,False,False,True,0.4,2.0,0.1,-0.0214493156193452,-0.4212426319276875
VRSN,Falling Wedge,bullish,1,0.6864265475980442,3,31,1521,1522,2022-10-03,2022,0,171.8606449584446,171.67385740241002,203.32818550047452,164.09364441078503,0.7409738888670313,0.0010880372752197,True,0.0114871785173402,0.0447312449807248,0.0110859011305752,0.0621500917695805,0.0221705204934665,-0.0124381613650823,0.0205683213308103,0.0069179325495041,0.0062121319263537,0.0041687510905605,-0.0056074313516643,-0.0544955120051011,-0.0029005138430202,0.0025606625648566,0.018223402148078,-0.0861771711679421,-0.0071394071964766,0.0140556285691328,0.0086187740573784,0.0579429474344472,-0.008925683485798,0.0078606189551746,0.0082445883370985,0.0261173066791817,0.0411014678800536,-0.053812055807857,0.0314701949691369,-0.0257434459646311,-0.099806318982731,0.0274435343861625,0.0426126757352547,-0.0034671277511778,0.0093509982517894,-0.0438748647319702,0.0426126757352547,-0.0334824887072362,-0.0068763370282231,0.0222844335440579,-0.0087980641059239,0.0026691458322867,-0.0301645914327268,0.0198411077967421,-0.053812055807857,0.0070723909658942,0.0209548623193784,0.0327935732184006,0.1456167226686155,0.1085333130977421,-0.0393850129070351,0.0159705474223319,0.0293245768344525,0.0517139464046698,0.0307547157427554,-0.0331806195089635,-0.0206498106166567,0.0071161688305287,0.0040898561655655,0.0133406426786735,0.048478106299779,-0.0275245306560564,0.0336550977042435,0.0777277473800399,0.0113361069343445,-0.2413601882119844,0.0784291449781822,0.0841629319861203,0.029887715508535,-0.0450228980340834,0.1401735104218434,0.1141846762917297,0.052879825469533,0.0115964729242712,-0.0302021817916148,-0.0553023002267686,0.1363909935035818,0.0963975544780659,-0.0013526126040939,-0.0419517880555428,-0.0133586286447663,0.1518479674432935,0.0595129146880808,0.0993142122649448,0.0250644493299623,0.0695412498100462,-0.0365545450269403,-0.0117772337500137,-0.0986605048282971,-0.0034235401604861,0.0278669567022034,0.036048102945092,0.0216256768719926,0.0920535154980792,0.1494457001361939,0.1333622363067899,0.0394717404394637,-0.139455193880685,0.0489905423311827,0.2012064738054717,-0.04691335062124,-0.0696058312589535,0.0349525662782617,-0.1033001958663442,-0.0252804034708898,0.0859613667540823,0.1169416279563659,0.0936800107801785,0.0327410916700514,0.0378214267932104,-0.0705942070739864,0.0247533301873323,-0.090751568837777,0.0128287654185401,-0.061243260641937,0.0327410916700514,0.1416983990145749,target,1571,50,203.32818550047452,0.1830991647310453,0.1952795700485952,0.032803565523597,4.051440494813933,4.320956674307466,0.7258454397200711,4.051440494813933,1490,0.5353546038605301,6,0.0599154705726073,0.1866773899204925,0.6797846350154833,0.0,-1.1320781724897064,-0.5967235686291794,0.5063877420456955,0.1111962002994227,171.67385740241002,164.09364441078503,203.32818550047452,4.491337098634083,-0.0954817610406908,-0.0414000562282692,0.0255039427771776,-0.2040663407243792,0.8714284935776927,0.0062750322381195,0.0,-0.0615033523532709,2022-10-03,46.0,21,-0.1596288455000624,-0.0954698222233413,True,False,False,0.6,4.0,0.2,0.0452344263161917,0.8891545212749569
VRSN,Falling Wedge,bullish,1,0.8526011010556841,3,31,1636,1637,2023-03-20,2023,0,194.49974883608644,188.52915146545087,220.2214942477808,185.7370034144575,2.523011865920566,0.0316693589517886,True,0.0297933897737812,0.0316812722776028,-0.0413720998487854,-0.0173950150023198,-0.0358758645255055,-0.0153500146727593,0.024517379293538,0.0332563049614074,-0.0271666206289994,0.0147251516892863,-0.0192009949811601,0.0118093484212238,-0.0112992249784632,-0.0457384745848107,-0.0029730647902687,0.019735216399265,-0.0281992324504134,-0.0021873558541435,-0.0072326243950661,-0.0807198423799251,-0.0072866317831222,0.0023937472263231,0.0415713854180161,0.0773115169140592,0.0427983282562316,-0.058119165316398,-0.0062043224839606,0.0799018082258953,-0.0275832973092189,0.0449185662797666,-0.0498883189296843,-0.0120174876530163,0.0326580803765408,0.0736643193190162,0.0061544322474094,0.0120129336210497,-0.0208813171915983,0.0071497586107567,-0.038003330402115,-0.0237983856178615,-0.0054323389569709,-0.0159088844239624,0.0237843892390083,-0.014225518591806,-0.0273704867878137,0.0782709452013074,0.1006920129690125,0.0579721913241986,0.0117022011907768,-0.1432277932835177,0.1006203227180719,0.1325907974972169,0.0173657754184917,0.0062271185067932,-0.1161955639216425,0.0363136501740417,0.0386031234999117,-0.001100313277221,-0.0420330564327028,-0.0207437625068265,9.67905271684888e-05,0.1213219441053026,0.0389181443848685,0.0328366365264869,0.0225031108111637,0.0133863979651949,0.0819157586504333,0.0785843056478279,0.0802077335589205,0.1335152404295811,0.1007641891503681,-0.0200973263454397,0.1080237495185594,0.0368383121869702,0.0308913551479579,0.0681257569710143,-0.090082326896988,-0.0491679316761582,0.0158196794194729,0.0277457414584059,-0.1503173221419713,0.0307180383738014,-4.886545379445551e-08,-0.1066937726691183,0.0186736801060813,-0.0662207022695732,-0.0793627951878263,0.3055397165516405,-0.0922836145835118,-0.0797232591869413,0.0428192237949276,0.1359529327442887,0.1149320510897033,0.0143882548398146,0.0993595320396087,-0.0713451212846572,0.0956253851110959,-0.1271442591165236,-0.0362301878928631,0.2355835295757455,0.1538296988490348,0.3108471402537269,0.1050801803496335,0.1757552050096735,-0.0549052336719526,-0.1894179712333237,-0.1426415157556438,-0.0069402570290372,-0.030668260624607,0.0339837653799934,0.0770115685282097,-0.0721223189533118,-0.1290040179439696,-0.0244405950902745,0.0948212377646754,target,1667,31,220.2214942477808,0.1322456484680154,0.1437662013246464,0.0047972340373019,2.935352355233986,3.191064980587315,0.1064804202870129,2.935352355233986,1605,0.7946977223941081,6,0.0519527608710077,0.0857379371195758,-0.2636094684988698,0.0,-1.2318505962591133,-0.4371528738650002,0.136565238579703,0.1063967595344792,188.52915146545087,185.7370034144575,220.2214942477808,3.643159362904336,0.0369675177357478,-0.0420663474008813,0.0187167430041379,0.1322630124817607,0.9679590765462024,0.0007240608011316,1.0,-0.029507695939129,2023-03-20,25.0,15,0.0882893860812026,0.0731114180458887,False,False,False,0.1428571428571428,0.0,0.0,-0.0450360873874982,-0.7945797809968373
VRSN,Falling Wedge,bullish,1,0.6594249047142317,3,34,1736,1737,2023-08-11,2023,0,202.7696626302986,201.4183965822731,226.43593644932864,197.1858574074971,0.730454876117934,0.0067087518863926,True,-0.0247518040151069,-0.0063124869123264,0.0413592621878344,0.0089062038650409,-0.0255999991429843,0.0286531138610355,-0.0042516461464628,0.0178862243016317,-0.0017938634491956,-0.0113728814013583,0.0210757521167535,-0.0058122796811442,0.0110360426118858,-0.0101640759283965,0.0051904867075347,0.0454686760124938,0.0437649443881529,-0.0098638885142554,0.0038374222180288,-0.0130542944903088,0.0078476136657295,0.0040613318740694,-0.0326105112679111,-0.0034392052473452,0.007197255354757,0.0863713864272697,0.0154117339812565,-0.0112082788858486,0.0306229168288403,0.048576734232987,0.0315776654425605,-0.0214959002060182,0.017359034742201,0.0137505949972445,0.0990956312945456,0.0101586390301176,0.021455989956221,-0.0209918621666393,0.0522268991680323,-0.0226335469597712,-0.039796677218549,0.0291135782357665,0.0038044264014593,0.0289788704925106,0.0122583695375182,-0.0226710155139304,-0.0202955408888493,-0.028728249790929,-0.0559642733576738,0.1161754415170164,-0.0009641226115479,-0.0183434874783969,0.0125325869004233,-0.0137216233627787,-0.0177381170627312,0.0487667580978392,0.1092605261530903,0.055445645751871,0.0574143121059835,-0.0031960708336598,-0.0111459430414927,0.1220714921847792,0.031943728986755,0.1105121506020136,-0.0252753447895427,0.0536756455314226,-0.0035312316761761,-0.0616350230020674,-0.0456096934196056,0.0063937261910476,0.0308712622241783,-0.0462091059468137,0.1917259933134993,0.0923615934967947,-0.1156730053085981,-0.0117582372787218,-0.0202362124053818,-0.020498366417325,-0.0456103553760369,0.1636734302927618,0.1552832821066545,0.0278669567022034,0.1249613202663286,-0.0208457137612809,-0.0765000128064558,-0.0409277407677395,-0.0860906758240485,-0.0130002660270888,-0.0072829501260566,0.1000343724352077,0.1857937163664444,-0.0204596749556697,-0.0152094951609559,0.0015953970013177,-0.0731244603815016,0.0419897418501229,-0.0029398981929459,-0.139455193880685,-0.0541445072899013,0.0158783354804936,-0.0581170332954081,0.1143050776530099,0.1257482386952044,0.1351279228200239,-0.1439052566517167,-0.1391476542909492,0.0233322717603792,0.4286668430141735,0.0617339336938922,0.0240602146890704,0.2144035960580708,0.0766914248521595,0.2624787673326685,-0.2608912698651983,-0.047844049863504,stop,1741,5,197.1858574074971,-0.0275376757566648,0.0148219443815853,0.0308065386289653,-1.0,0.5382423888115566,1.1187051115419335,4.238377392246556,1702,0.6045433803481355,5,0.0101073125811539,0.0154148577749617,0.1360874329381964,0.0,-1.8159127280774603,-1.211369347729322,0.5081873948521233,0.0577835248767655,201.4183965822731,197.1858574074971,226.43593644932864,3.568093504460819,-0.0152019118189805,-0.0503995543655724,0.0176386482386283,-0.0102360150138771,0.7826115801171033,-0.0015199766163651,1.0,-0.0080795817011158,2023-08-11,25.0,15,0.2490804452223443,0.1921953124966708,False,False,False,0.0,2.0,0.1428571428571428,-0.0326775992977896,-0.574158471120208
VRSN,Falling Wedge,bullish,1,0.7553974711284719,5,78,1901,1902,2024-04-09,2024,0,184.38337119114905,185.46164662235824,215.9339143212437,180.5522799180384,1.1269590321693703,-0.0058140076444203,True,-0.0271666206289994,-0.007789129004048,0.0140556285691328,-0.0017938634491956,-0.08395519180032,0.0303640468627968,-0.0231333671838576,-0.0113970941066807,0.0693884158247515,0.0042372699604897,0.0303640468627968,0.0174295505943506,0.0128576775159212,0.0281563579289312,0.0316731895444695,-0.065407983933924,-0.0236530543636112,-0.0094405380284185,-0.0478897634249011,0.0132886667189682,-0.0448343069124745,0.0097815717061955,-0.0246711835732704,-0.0139029385453431,0.0013458266804347,-0.0061972274468514,-0.061661477445959,0.0342698143396353,0.0401706141803075,0.053075252737416,-0.0156355662313295,0.0414290372256231,0.0202524090786739,-0.0120202001067357,0.0990796574867742,0.0164321757423522,0.0066364007544572,-0.0354291362145451,-0.0131765583012919,0.0377887120784647,-0.0061720651886648,0.021347011711428,-0.0076471151705751,-0.0399773928062554,-0.0100303358660099,-0.0220296390731889,-0.0967878968444468,-0.1039157617910444,-0.0680653642973546,0.0504877156500951,-0.0181308593960407,0.0523529483839864,-0.01486051152123,-0.0507909884208662,-0.0127850812287689,-0.1126403451546016,-0.0129939638779273,0.0092915504454083,-0.0473181888751521,-0.0287351055218341,0.0335260439744868,-0.0895882126670136,0.0449252872417553,0.0882144553259647,0.0491804302774399,0.006705717859212,0.0940760011542356,-0.0785523909149135,-0.0915028537662909,-0.0370211784984225,-0.0782886131297707,0.0048738497247737,0.01708698394167,0.1277811159621089,-0.0941644428761296,-0.0734009362366995,0.0855139388247288,-0.0547027421368342,0.1480579878009154,0.118653635780296,-0.0253633120688698,0.0171598353528541,0.1047619196538665,0.2305636225881506,0.0359146501892273,-0.107486008288541,-0.2311133528815034,-0.0129629287547103,-0.097074029638297,-0.0265206395963869,0.0307107870253193,-0.0469356752167195,-0.0582218843534804,-0.1418655891916606,-0.0842155917760518,0.1542864427594585,0.0344591729312049,-0.0093237332667197,0.0432253591585478,0.0360618720773864,-0.0601320090525637,0.1198087755737207,0.027952123296778,-0.1452408101177134,0.1556253914036243,-0.025785755858728,0.0913696107011488,0.0398682710017688,0.0102381542420726,0.0593578582838154,0.221355566728848,0.083827273138199,0.1977294221535113,0.1122736157509796,-0.1113589348099448,stop,1905,4,180.5522799180384,-0.0207778567468484,0.0174719281780226,0.0245565476373541,-1.0,0.8408917431136315,1.1818614372283087,8.235393228957726,1823,0.7062046517217704,7,0.072247166348616,0.0129939788996813,0.1647792916616868,0.0,-1.4256950905183836,-0.7194904387966142,0.3252496052180662,0.0967579867054479,185.46164662235824,180.5522799180384,215.9339143212437,2.829357356513888,-0.0710864154558539,-0.0188694996127014,0.0151864152738631,-0.0845518218340273,0.8697676399199324,0.0039001840560093,1.0,0.0188812421605115,2024-04-09,6.0,13,0.2547789498440289,0.1387712593451071,False,False,False,0.0,1.0,0.0833333333333333,-0.0338009928961702,-0.2669537513091372
VRT,Falling Wedge,bullish,1,0.6274539871277014,5,47,810,811,2021-10-20,2021,2,23.23319661753258,22.78070624979142,31.688306483247143,20.809086777306263,0.9608963214394128,0.0198628770670927,True,0.0573875989797449,0.0525842847287802,0.0029410586007676,0.0142480286039883,-0.0272919170293478,-0.0047692902137587,0.0046081487080529,0.0739656533935122,0.1511236883696747,0.1107266502862871,0.0199722235499884,0.0242278147564851,-0.0329714614456556,-0.0300254388532505,-0.0325938364274602,-0.0942935417138756,0.106617799619515,-0.0024939922390136,0.0917045523547548,0.0235064572234144,0.0457433077777027,0.0152046628533102,0.0343800705709904,0.1053534030248872,0.0766882258928705,-0.0051125077243097,0.0765628785738603,-0.0223620482523463,0.1104400945340613,-0.0303185072008259,0.0474697163462374,-0.0655103627305578,0.1052631531398333,0.1305680782742277,-0.1190475046887654,0.3915077425235744,0.0315781032623478,0.0051410695640266,0.221662694686253,-0.0492753381666511,-0.074692123048092,0.1452098485687794,0.0451941680889353,0.1267507482818977,-0.0148997387595106,0.0525468947612385,0.1460385381080438,0.1098031661012368,-0.0523110917967549,0.0089199508643424,0.0044117847537932,-0.0234884618305858,-0.0915670911733793,0.0739013550972504,-0.0457494755121568,-0.2314565817570795,-0.0371826458135502,-0.0878631254222798,-0.0069981671609032,0.1582322596876211,0.0224475621903466,-0.0058309365117582,0.2186115749349924,0.0682353472401071,-0.0867948644107148,0.0617410670959968,-0.1390167093475594,0.0060058833860123,0.1553261563823567,0.0290899041590226,-0.0034048221428282,0.6031748198636928,-0.1006924079414066,0.0150752814004846,0.0740286203720035,0.0377927362898942,0.0018587305216273,0.4498861959727409,0.3177250138581662,0.0602515967408006,0.182773214918293,0.3642946722284581,0.163581656995015,0.0121454771873108,0.0838177066829932,-0.4252053739497133,0.1189825153478902,0.1948120022171355,0.0143778783136525,0.2379348329569521,0.6432098589315614,-0.1234013472863549,-0.0021857349130055,-0.0344649027327542,-0.2006993748215577,-0.2297063069712371,0.0504310441527904,-0.2787045230861564,-0.0662934388008881,0.1616095956501713,0.5339775126595658,0.3303495059852013,0.3859041834823367,0.9756097331601604,0.0857196658744627,0.4116242219658177,-0.422412662690616,0.5837119764697567,0.1030092340371284,0.1633066075391038,0.1374999652143078,0.2335805541518443,0.30020276535991,0.3346542120182851,-0.1818544584805249,time,870,60,23.18241500854492,-0.0021857349130055,0.1978587655359996,0.042886455646538,-0.0209485594031175,1.896321497449549,0.4110331304839246,3.487923577310005,761,0.6015095441218468,5,0.0212287676839048,0.0289413781350709,0.6638170097202956,0.0,-1.5119669346667868,-0.9104573905449396,0.5563680109726071,0.2051472910382262,22.78070624979142,20.809086777306263,31.688306483247143,0.6950054199244734,-0.0062875623492772,-0.0661383783605904,0.0297613793459429,0.0682747361506062,0.6790102525702069,0.0094097250603115,1.0,0.0332297543130815,2021-10-20,8.0,16,0.0700420995587829,0.0750585364506442,False,False,False,0.1333333333333333,2.0,0.1333333333333333,-0.0356248830323191,-0.57555085503364
VRT,Falling Wedge,bullish,1,0.6382670467070565,3,20,1031,1032,2022-09-07,2022,0,11.466785482946175,11.56632291757336,14.129430582252809,10.93487542420084,0.4280519351462811,-0.0086057976538033,True,0.1336805729355228,0.1356786259585384,0.0283078987899705,-0.135986626035814,-0.0166139822144776,-0.070366101533181,0.0468571518867211,0.0209944391000187,0.0559959896919723,0.0828388519925469,-0.1030747925406946,0.2333774526215342,-0.0502281988945731,0.0049654584227909,0.1506631683356984,0.0513859030956032,-0.0517991729066609,0.0,-0.0505968065183556,0.1254440803438088,-0.0082059841304849,0.063101938085019,0.1148275395559507,0.0199653207975925,0.06156904062064,0.0198383283471346,0.0730598832507778,0.0280768718629242,0.0368900951894817,-0.0108892957012105,0.1120112628704756,0.2130179580987539,0.134498413149454,0.0,0.0154776351661178,-0.1083712413857866,0.1254932389124265,-0.1206657838436793,0.0126164355490732,0.0953734898692437,-0.0563502011051474,-0.0088321101687609,-0.0020324669854047,0.05309080189169,-0.0051125077243097,-0.0103942195645702,0.0407987579968933,0.0831645261155863,-0.006937603494882,0.0640165244806005,-0.003952571513518,0.0017560849768996,0.0034960270336577,0.0781026457093803,-0.0009756320860327,0.0510439557373882,0.0906900737211608,0.0675829945381543,0.0075541034830806,-0.0458365391776465,-0.0489404468654316,0.2186115749349924,-0.1686476207358803,0.0153060336745607,-0.0335882469267113,-0.0029614740999285,-0.1158632103438586,-0.1686476207358803,0.0407083053813881,0.2222222443983998,0.2702254925680929,0.0804780143417751,0.3285852828391431,0.5345984699405772,0.1364193767361301,0.0039993715163062,0.2697428270895219,0.0128589861562316,0.4375000414164551,0.0913347407359832,-0.1269647716462872,0.2353844512794989,0.183970992118637,0.2228740421434389,0.0143778783136525,0.00508650393119,0.3016693761886921,-0.1624440366235021,-0.0019512641720654,0.2406145566046211,0.1702289047113918,0.0733040572173303,0.2335805541518443,0.1990235762808707,0.0099109639426777,0.0138749812576393,0.3124720792714053,0.1771778883534795,0.0165488752242379,0.4950737082122798,0.1544223966437024,0.0837801654555896,0.5296112393388004,0.3824382047374908,0.8627725350240183,-0.1272877395673941,0.5654248737958056,0.0038663176823341,0.2718980755956628,0.3174825959235561,0.339544192490457,-0.1222826299138742,0.0417620116956225,0.0535135355938456,0.0144803406139774,stop,1042,11,10.93487542420084,-0.046387024466134,0.1736111458894816,0.0468748700655237,-1.0,3.742666141826588,1.0105168547671295,5.005818287375981,1011,0.6000755584436169,5,0.1255433162879246,0.4009214758669726,-0.2176958240635405,0.0,-1.0144679620511,-0.4143924036074801,0.4164882872493535,0.1774290306746677,11.56632291757336,10.93487542420084,14.129430582252809,0.5114836188039674,-0.2347104021332817,0.0666011298812181,0.0438819174920417,0.1491658277415177,0.8243241153379246,-0.0035777178034325,0.0,-0.0329889806893026,2022-09-07,22.0,9,0.0198700540702987,-0.0200407669275515,False,False,False,0.25,0.0,0.0,-0.0165962755048603,0.276958772593002
VRT,Falling Wedge,bullish,1,0.724183558743264,3,38,1112,1113,2023-01-03,2023,1,13.457866225595623,13.433166680595406,16.29168799407485,12.1627264402945,0.9763320358430818,0.0018386986171992,True,0.0747594743617465,0.0554473424371442,0.0555555578226492,0.0030030858716256,0.0434932676581265,0.0635837865617017,0.0019819266688083,0.0025422286356422,0.1628776595278231,0.0,-0.0133625477475808,-0.0045926185849686,-0.0020493200603244,0.0029849609761345,0.0219987691980623,-0.0461463062290443,0.127493389690491,-0.0123139395963445,0.1692741743831214,0.003073656069052,0.0152000556672178,-0.0178632007489482,0.0459227450735843,0.0717985760072499,0.0501116919883641,0.0069706187673135,0.0470087008972572,-0.0188284352128015,-6.083651427069016e-08,-0.0492753381666511,0.0035846117492341,0.05309080189169,0.1249361601767407,0.0244731237622282,-0.001883152509166,-9.199957651251368e-08,-0.0691799845510446,0.0277620922573529,-0.4109772059923599,-0.0329672281653811,0.1006665913391331,0.1479567546444871,0.1162601540759522,0.1693549345295302,0.2910246307194781,0.0452996921384048,0.0880829146154549,0.0160019104115241,-0.0226274845981984,-0.0050758861041557,0.0741839774764157,0.0155783096666033,-0.166051643108899,-0.1495591624993801,0.0849492222456593,-0.0300859009400197,0.0078794380477453,-0.1462555553942971,0.2879712914964798,-0.043747369962384,0.0022228722919044,-0.1648923880575431,-0.1493550211330514,-0.0049064969225364,-0.0182649090625898,-0.4037266101748685,0.1149871204824197,-0.0944007759683114,0.1286417632264053,0.1717245550693342,0.1335440095000972,0.4709747923368834,0.1621211143655609,0.7059602268877743,0.0051284356368097,0.14459398769465,0.0838177066829932,-0.1700575874343847,-0.0698699461592664,0.1600332455071347,0.3032504757390133,0.2022471382282213,-0.1489843054032359,-0.2542880894505588,0.4910709026964841,0.4725428104467819,0.2929438733665761,0.0140844749165724,0.0288658283186056,-7.21821575844217e-08,-0.3796384050189751,0.0459847247105601,0.0214657133469138,-0.0361070723171328,0.5212857584757415,0.0275791899261299,-0.2497879154702843,0.2054528600851652,0.0919539698614415,-0.1948431646323554,-0.3489476308776944,-0.072940325999339,-0.0887096913766207,-0.4030541481700708,0.0683594592798075,-0.1618086261444936,0.5786911800971479,0.5280514266610847,0.0075047485356336,0.8456031623820723,-0.1258790367269754,0.3663445789689914,0.025471497458152,0.0152590272740658,-0.0603136026334661,target,1146,34,16.29168799407485,0.2105699165807992,0.3234642341022251,0.0273871536953063,2.188043175447932,3.3611340186730283,0.2845813671344866,2.188043175447932,1073,0.507775389800063,5,0.0145489443223851,0.0890938918983437,-0.2347825112603705,0.0,-0.9890949682094914,-0.4813195784094268,0.865723388889831,0.1939799517173531,13.433166680595406,12.1627264402945,16.29168799407485,0.6257900705884978,0.1058547469026554,-0.0424166414485246,0.0472341478709243,0.5476933295514375,0.1000002119277139,0.0146415151238195,0.0,-0.0598196959906062,2023-01-03,28.0,12,0.1608153059145105,0.0637038448495463,False,False,False,0.1818181818181818,1.0,0.0909090909090909,-0.0054166279384579,0.1621547628075695
VRT,Falling Wedge,bullish,1,0.6659667041084875,3,20,1190,1191,2023-04-26,2023,2,13.94597504019056,11.994135976793077,15.422856287212738,11.80436051945626,1.736127077378154,0.1627327776818614,True,0.0664286211263598,0.0639226667171757,0.058849533057947,0.0019512641720655,-0.0050758861041557,0.0677845778608996,-0.0009755334867767,-0.004028122522768,0.0018813457117254,0.1327847493460134,-0.0118483014581554,-0.0839238124013644,-0.0220265477956845,0.0177402842273384,-0.0210113064719579,0.0237059571909752,0.0425018158441479,-0.0355130827408636,0.0665060226867817,-0.0704996830264594,0.0462643944507057,0.0069039082365109,0.0558300422875135,0.0921429981787638,0.0777696653850812,0.111869107059668,0.0010080875811415,0.0061721486516215,-0.0034991146088662,-0.0136973611368569,0.1370191272516452,0.2319202271932179,0.0070708906284446,0.0465648648156806,-0.0003053150107337,0.1074561022249402,0.0616071391217574,-0.0019606469740137,-0.0383007318658868,0.0900989306247828,-0.2490566981619456,-0.0403172636443437,0.1647509501306272,0.0047603502908792,-0.2066941017170492,0.0713196635560282,0.1600000629441416,0.1499510390014058,0.1684027750311656,-0.0454692581312181,-0.1237745839764856,0.0009899347769137,-0.0300859009400197,-0.0019513554700485,0.2462934076775751,0.0014647754191001,-0.0124493302800421,0.1954781632822269,0.1735449986771466,-0.0686274687722785,0.0113769912211452,0.0099010568451007,0.0860305191552619,0.4793328483613082,-0.0166473812884117,-0.2027244987322309,0.0344644728556744,-0.3509472145717216,0.1322699153871335,0.6885715454618471,0.6202198545966671,0.6449020310153217,0.1369574390727885,0.2594717133717754,0.1886608081617105,0.0438292977247274,-0.0473029522045604,-0.0093889099384624,0.3576721186960543,-0.0218090667203311,0.3621101667136306,0.3163496066739137,0.1396483685424927,0.6277710277504713,0.3858754839007112,0.0890705875297299,0.3815774285671351,-0.27285650882926,0.7210972295902347,0.015872867521363,0.0122198695569486,0.4719851151270273,0.841428866561462,0.7213131168638793,0.0152590272740658,0.0729576068306954,0.2905758243546714,0.1853636815639867,0.5841839645181057,-0.0316054647148107,0.0010162141532523,0.5110073755694131,0.0684933141132415,0.0312218240008579,0.1691541253632549,0.7574291738787822,0.0162929196327834,-0.2485566771506774,0.9917694671304316,-0.0956887788664883,-0.3544122286124512,-0.4676341787386017,0.1829310129029473,0.0237624037728867,0.7062528362126447,target,1195,5,15.422856287212738,0.1059001785652127,0.1107143283963092,0.0196428298950194,0.6896111474420703,0.7209603994826248,0.12791210219322,0.6896111474420703,1168,0.8857033882388835,5,0.0306488875490112,-0.1720430296353146,0.1249384750564206,0.0,-1.1616628500346065,-0.2759594617957241,0.0725938419282329,0.2150379259497794,11.994135976793077,11.80436051945626,15.422856287212738,0.6350400889239916,0.033099991773392,-0.0327126234926969,0.0469094989554934,-0.0130345423611676,0.2535884861806153,0.1717090371442464,1.0,0.0221435892630139,2023-04-26,28.0,12,0.1847162538487397,0.0849673483049631,False,False,False,0.0909090909090909,0.0,0.0,-0.0485433309337386,-0.3139994976944001
VRT,Falling Wedge,bullish,1,0.7321612941080581,3,27,1615,1616,2025-01-03,2025,1,131.02256722969543,116.15761652934724,145.68881849537345,110.8147634708962,0.8362466301417515,0.1279722427551062,True,-0.0555216492323276,-0.0305665573012282,-0.0234848755451689,-0.041403588169222,0.1208295744010992,0.1305056318762052,-0.0086428148497559,-0.0554785386217788,-0.0162488550123366,0.0034886485156202,0.0500446713916493,0.0436475014180353,-0.0483886052933417,0.0040281025342137,-0.0017495770665802,-0.1333334338900653,-0.010183247171951,-0.0272595563173058,0.0229276091183123,-0.2053571487279797,0.0235064572234144,0.068883544784726,-0.050338224262217,0.0900989306247828,0.0787284352848565,0.0224089388087507,0.2765359875441837,0.1077979755066254,0.099452133621239,0.1100266942081671,0.0965266238340887,0.0312138290297487,0.0048921130113455,0.3184115495521638,-0.0973250318997573,-0.0314457683783011,-0.0072725404659014,0.0889270421842802,0.0039760552060632,0.1998181259410392,0.0661477046626299,-0.1511429143106706,-0.123298967113822,0.0997320959976073,0.0274181145779122,0.0329589425489131,-0.1527036853134459,-0.1619445285228918,-0.0294886347931349,0.0672390442054686,0.319531774269149,0.1810709983242948,-0.0009726862755952,-0.0638003428593506,0.0092212570715719,0.3800875530025311,-0.0418006145309699,-0.1540880626574666,0.1255116318560269,-0.1085107413531939,-0.2030185840845411,-9.263658651281761e-08,0.2650211184853179,0.0781026457093803,-0.0267201969613746,-0.1830549473691111,0.3171962672018487,0.179126729344401,-0.2082363911108792,-0.3306169576557408,-0.3084624285531816,-0.0040064707279617,0.255645956934152,0.0524083394426508,0.066666882944866,0.6317073240735289,-0.1897698944747092,0.1075271185859501,-0.1381917133985721,-0.1367230871827859,0.6633479242265303,0.8142431062843616,0.1701221803676469,0.6075498271485138,0.060536504570352,-0.06842012533574,0.0163764844755995,0.0804780143417751,-0.2755554845442662,0.0403708867288707,-0.3628573596873256,-0.4501897783944127,-0.4124682989210104,-0.3620684710757351,-0.422412662690616,-0.0152283349136875,0.0101522900217827,-0.0029267120079492,1.0852593414859917,0.3448866991875772,0.5280514266610847,0.0701204257396856,0.4301283025080979,0.3672176913505318,1.0852593414859917,0.0680737988919191,-0.0316054647148107,-0.0414564699137792,0.0788265790568887,0.2675758052779016,-0.3544122286124512,0.2679342567972926,0.0144782782323416,0.4718581369979648,-0.6235573239630984,target,1626,11,145.68881849537345,0.1119368332935091,0.1789032329127166,0.0959634269609462,0.7257716593418405,1.159965780631132,0.6222039124418771,0.7257716593418405,1587,0.6518897129140668,6,0.0512552668236543,0.2380992087955742,-0.2791354611280895,0.0384615384615384,-1.514662421729467,-0.8627727088153992,0.4203720469630735,0.1278981794791396,116.15761652934724,110.8147634708962,145.68881849537345,5.616963653400626,0.2926283633634845,0.028290473800717,0.0447907816328019,0.3700559207757059,0.9373216276901206,0.0080304807297597,1.0,-0.0225745662033242,2025-01-03,22.0,10,0.0663385209638622,0.1462481805761308,False,False,False,0.3333333333333333,1.0,0.1111111111111111,-0.0023170764899751,-0.3517376415527886
VRTX,Falling Wedge,bullish,1,0.6437278084082172,3,40,993,994,2020-08-27,2020,2,272.94000244140625,270.8897926555903,314.7750099922532,260.2585170486773,1.049249852521484,0.0075684276093139,True,-0.0202241846717096,-0.0086338955098956,0.0402180444832038,0.0049463062797452,0.0173946458382199,0.0203710123998712,0.0468002890998007,-0.0251399615338741,0.016667107951819,0.0351551588832284,-0.0113597414231988,-0.0136574369659695,-0.006327598297674,0.0337191998623838,-0.0628560847374196,0.0052115580564005,0.0188742441324176,5.545269475137893e-05,0.0212944040465616,-0.0038547527108141,0.0505541196247307,0.1897907192227292,-0.0391170190170552,-0.0548838970188841,-0.0108703944346042,-0.0605970211403733,0.0068020118674652,-0.0605500578777375,0.0398351034492281,-0.0129948996142398,-0.0313480861074824,-0.0430506858990186,-0.0435023052229707,0.0185915664887763,0.0914498545538264,0.08440785678714,0.011039638475994,0.073473129609654,0.107715142724055,0.1271120668135881,0.0287358023246409,0.0361970999584031,0.0321318104575099,-0.106096102239887,0.0253164653050859,-0.071117316554567,-0.0174397659670529,0.0380607296141348,0.0243661105760049,0.0858574333720798,0.1606971022821659,0.018232738081845,-0.0176865445081404,-0.1791219148377247,0.0761590878091658,-0.1271740496691504,0.0403657769064702,0.0482380614639113,0.0314842498977576,0.0404597186868422,-0.0369450284724924,0.0354330132963309,-0.0448818348235267,0.1072943395968719,0.0561828234385528,0.0553623375169582,0.0148495880498187,-0.0466602351003756,-0.0345654046452212,-0.2248113140671789,-0.2182982741030092,-0.0245699775790261,0.0971526331323826,0.031414309805394,0.0139056582355554,0.0566681874809809,0.0939089152467664,0.2098282321750348,0.0182558940269996,0.0084970206026073,0.0794685260765877,0.0758442831693908,0.1261687866686911,-0.0672819229114229,0.0164438493428258,-0.016550635390692,-0.0098857014357748,-0.0919913214909666,0.2457131248627129,0.1313259587073674,-0.0205918546777648,-0.2734975123695614,-0.2115116700049576,-0.2324373406694516,-0.0871281134205085,0.0600372446357984,-0.0413295307259902,-0.0420385943956611,0.0964962848879922,0.1324193576513896,-0.0108512508973367,0.0330149180853542,-0.1406722253802486,0.2444168365493906,0.0629545709192498,-0.0729528639329767,0.0771134295190956,0.0965544750460609,-0.0662308316001535,-0.0314226602770618,-0.1267879902678332,-0.0376220511526752,0.3450016899350043,0.201896242789201,-0.2461551169033621,stop,1000,7,260.2585170486773,-0.0464625385773248,0.0385066669290488,0.0547373133574054,-1.0,0.828768037823944,1.1780956235593834,3.2989043676881407,951,0.6600692427318927,7,0.1392986806103727,0.0774112737367584,-0.0949905669565719,0.05,-1.3000137744264233,-0.63994453169453,0.477117758077432,0.1154133007403771,270.8897926555903,260.2585170486773,314.7750099922532,6.145002092633929,0.0925531904288341,-0.0283573530373058,0.022399220582716,0.2245681285217371,0.7817245777371565,0.0061189266461116,1.0,0.0752250463533805,2020-08-27,51.0,4,0.2651693605489607,0.1169736010709385,False,False,True,0.0,1.0,0.3333333333333333,0.0445815269615906,0.8258077489422359
VRTX,Falling Wedge,bullish,1,0.8245426456165026,5,68,1921,1922,2024-05-07,2024,0,413.3299865722656,401.3194587164312,449.5115283116984,388.42261318756937,1.5252819739832637,0.0299275990609788,True,0.036919677403945,0.0213159445547523,-0.0540683702027973,-0.037329998186483,0.0152021989959556,-0.0139308956456175,0.0054256484824677,0.0470053842905404,-0.0020408215999784,0.0071889676498957,-0.0330467124199136,-0.0026711371295898,-0.0255201893921155,0.0357629810752153,0.0473794102432227,-0.0191635801191599,0.0571533050588728,-0.047922904120328,-0.0029168828666512,-0.0216458102750932,0.0069902121157963,-0.0263031096242599,0.0401422925874461,0.0693634973486778,0.0381170911549364,0.0866617264336253,0.097278240440136,0.0984168543350101,-0.0008667082938551,0.0260104238041465,0.0471529752408514,0.0583760726861091,0.0151447667822206,-0.0066293188901223,-0.0804709268681791,0.0391370629778271,-0.0028172981141263,-0.0130735679737321,0.0749794941520227,0.0278878255198091,0.0183239763928706,-0.0522907618703267,-0.0284267113988629,-0.0862392849392361,0.0409813958879587,0.0513866855334705,0.1686546445631964,0.1309843618606927,0.0459806526603112,-0.0992456052142221,0.2865127327139249,0.0182323312291625,-0.0022352218338907,-0.0249581519150572,0.0352467952698107,0.099516005388119,0.024524851621001,0.0799967407684667,-0.0080208460489908,0.0255242121783911,0.1185365470859647,0.2981473148010689,0.0452529854959651,0.0547072640607166,0.0035441319885294,0.0457913734096415,-0.0176167231334182,-0.0267243373019517,0.1185189919020193,0.1481625402013897,0.0682623799257253,0.130581864582165,-0.0070422535211267,-0.0455549948721807,-0.0479698125018898,-0.0703027401684459,0.0639411477481617,0.1033671839544518,0.1400304896230915,0.0984580803349985,0.1084486708210612,0.0669759136721375,-0.0178940160019185,0.1553319876571819,0.0159179321564602,-0.0122662006345531,0.0455092950757232,0.0210780168565676,0.0807611619434531,-0.0801873373419559,0.103731297734958,0.1055167558454727,0.196283859188687,0.1587118700933316,-0.0704332497967548,0.0538609037393045,0.1358598468721739,0.1622388752623298,-0.0343956999257647,-0.0713912963867187,-0.0384513953995443,0.3206010191603869,0.1630392245194687,0.2482454342425246,0.1208888462611608,-0.016686811555551,-0.0450682229876375,0.009065028844291,0.0511328122103469,0.0131009765534402,-0.1993781002205022,-0.0497174295598366,0.0650779789587419,0.004953213076956,0.1551567614952463,target,1932,11,449.5115283116984,0.0875366968641333,0.0885007579372618,0.0029274223849872,1.4526438087471578,1.4686420974569512,0.048579648941288,1.4526438087471578,1853,0.535664253463515,7,0.1315612685071625,0.1857521852678139,-0.3412087693842598,0.0,-1.1855791806074785,-0.6499149271439617,0.5923055737910725,0.0777233220511185,401.3194587164312,388.42261318756937,449.5115283116984,8.628572736467646,0.0654103629597839,0.0047986263283859,0.0210329878653176,0.0904837238777407,0.7490748836553377,0.0097391637956134,1.0,-0.0041978662149289,2024-05-07,33.0,12,0.0539596221568554,0.0167532022970164,False,False,False,0.3636363636363636,1.0,0.0909090909090909,0.0156944300113618,-0.0354412355918991
VRTX,Falling Wedge,bullish,1,0.6705888391447343,8,82,2034,2035,2024-10-17,2024,1,498.2999877929688,484.4175967261904,524.9881301153273,447.06128413599794,0.6992656312533452,0.0286579000445048,True,-0.0529600336691635,-0.044690399455578,0.0028236552408444,0.0951516784808006,-0.0243693048168701,-0.0300224908464404,0.0697521853183968,-0.0030913799848135,0.0153714134817619,0.0403005183268132,-0.0459605657652061,0.0253248323407608,0.0051369574518902,0.0301568211445957,0.0190879911183077,0.0657990750919468,-0.0163051496507866,0.0329526142340454,-0.0552986461345055,0.021847013149352,0.005339300467303,0.0293763122239556,-0.0671286752127711,-0.0447922483512363,-0.0183740512402911,-0.0047514966847213,0.0077581776006019,-0.0017917496866803,0.073536865032207,-0.0273412409650636,-0.0620579032390501,0.0772381134200854,-0.0396948518255897,-0.2052849786897999,0.012504454287322,-0.0940634184693953,-0.0368963443258384,-0.0106202211759587,0.0158019155826207,0.1120295355925127,-0.0496348326730985,-0.0483471454320121,0.0786561660941251,-0.0678334526353527,0.0201483348478697,-0.0322600446839754,-0.0287778380276593,-0.044666188604798,-0.0187053053370479,-0.0836277741052282,-0.039766185942601,-0.0037316387002888,-0.0328536535391696,0.0014499664306639,-0.135487082204701,0.1285208384195963,-0.0113773242626409,0.1207751290082992,0.1581903405869524,0.1940836854032093,-0.0252775372940148,0.0147598935561916,0.021981767365208,0.1441173217430214,0.0446186731882849,0.0207006369426752,0.0606547127985102,-0.0422000122070312,-0.0546191606201537,-0.0693758331397023,-0.1038578889766723,-0.1377582119468698,0.115760398949186,0.0014285714285713,0.017537876760556,0.0356731684854005,0.0309781254272112,0.0725019173881471,0.0908735334386414,0.0005936352322715,0.3511368523545906,-0.0179152054148896,0.0339221705126033,-0.0837524687357434,-0.0491473492850761,-0.0476191038146383,0.0509226871115187,0.0043764361213234,0.1800532239548702,-0.0934707009690443,-0.0018476974348526,-0.0970882261178911,-0.148585149189499,-0.166913570982102,0.0004487763913747,-0.063259947307163,0.0392416931335928,0.2082178096960085,0.1153380245159101,0.10878523919075,0.0236989552229309,-0.1028817228508748,0.1915161294720011,-0.0136215034742773,0.0029113471112476,-0.1005257768577763,-0.0068296788057335,0.0034982317996452,0.006017434907797,0.1090095690644967,0.1902870487396166,0.2452117077131532,-0.0064217094917697,0.1046990653646002,-0.2013521838662755,stop,2058,24,447.06128413599794,-0.1028270216981407,0.0433072799889564,0.1062010519898773,-1.0,0.4211663361804782,1.032812681297348,0.5208590463378682,1951,0.3538089171565872,5,0.0270429060231994,0.1116666420768046,-0.1787782515991471,0.0,-0.6090798879354309,-0.255270970778843,1.5851076725029776,0.1292446910655817,484.4175967261904,447.06128413599794,524.9881301153273,9.056431361607135,0.1133137897389058,0.0514569628073626,0.0181589861490316,0.2674849981227052,0.9676563168342892,0.0056439199589533,1.0,0.0230413975014758,2024-10-17,33.0,12,0.1706269730676111,0.0653124797608748,False,False,True,0.0909090909090909,0.0,0.0,0.0593781873129382,0.8300832300618349
VRTX,Falling Wedge,bullish,1,0.6449875543817477,3,22,2403,2404,2026-04-10,2026,2,434.1700134277344,440.49501037597656,514.6625137329102,423.3530860314008,0.8334011981119476,-0.0143588390316693,True,0.0161918109539525,-0.0321246420831216,0.0224290633754937,-0.0222986893834384,-0.0901467250028923,0.0442292428832724,-0.0096496592974963,0.0229340719661876,0.0241889105979287,-0.0190395726210542,-0.0790002036503609,0.036070201785179,-0.0207934914721628,0.0238995460498985,0.0317670663934048,0.0186051425345568,0.0009194300477493,-0.0088166770138486,0.0951516784808006,0.0051752394384665,0.0054501504395221,-0.0599645399061844,0.0151363016717013,-0.0089366026275748,-0.0628626373848234,-0.047107505821117,-0.027271736117989,-0.0471970428527824,0.0802221981095678,0.049045007058764,-0.0024091411346109,-0.0182665476477396,-0.0115337347796763,0.0341813417516565,0.0245106149227063,-0.0836224358558603,-0.0476937583688952,0.0057699076790602,0.0726778156351102,0.097278240440136,0.0213283898580056,-0.021602437150382,0.0184964140305781,0.0181076713004448,-0.0025435530254143,-0.014555088029153,-0.0100191306837905,-0.0989018232897366,-0.0724786611703726,-0.0600895044376823,0.1088155084769475,0.1742445691883993,0.0182797456126915,0.064502649762544,0.1088155084769475,-0.0053161248654302,-0.0512556764806649,0.0362673379186144,0.0290120833229077,-0.0456373411818434,0.0388428175879678,-0.0363640216231125,0.051675286276813,-0.0944810368083955,0.052009002535895,-0.0134295381247686,0.0275378415163711,-0.0913100149133405,-0.0220011522373149,0.0202454747115021,-0.0709990614612594,0.1245980951319047,0.1046153980297046,-0.1294851441721304,0.1722554602610535,0.1708330261099346,0.2028439239430828,0.2500436123765672,0.0390732548323116,0.1314605392271608,-0.1199214185751614,0.1443608546680705,0.1608814348426812,0.056680710296771,0.1469690178342937,0.1356055895645858,-0.0231505551292334,-0.0890057879019771,-0.0049553616421471,0.1270679610293099,0.1841087584360885,-0.0689984937466414,0.1480064888422856,0.0448040469095305,0.0544121266316175,0.1143558411153684,-0.0320446320434703,0.0856787461818533,0.3413927508595926,-0.1743909279280275,-0.0897771404152243,0.0657361222350227,0.2192279957539293,-0.0704332497967548,0.2067046426045242,0.0516766759449849,0.0269530291767032,-0.1149583694056937,-0.1681597193704153,-0.074557834201389,-0.0652728264467182,0.0968083898163982,-0.0436694895221876,0.0382705532339138,0.1246088546210842,stop,2416,13,423.3530860314008,-0.0249140361190189,0.0314392829406133,0.0333049762200195,-1.0,1.261910466470467,1.3367956946403798,7.441346082479871,2379,0.6999259689735376,5,0.0147609454064825,-0.0293929841349709,-0.2041318676541708,0.0,-1.1016552850947403,-0.4017293161212028,0.36378059517543,0.1407158593147562,440.49501037597656,423.3530860314008,514.6625137329102,11.192136492047982,-0.0043065839578215,-0.060695777613388,0.0256541517268959,0.0359016866587058,0.16159912109375,-0.0015667939678227,1.0,0.0229042914627675,2026-04-10,58.0,7,-0.1072479508718022,-0.1226658697642524,True,False,True,0.6666666666666666,0.0,0.0,-0.0531207155001979,-0.720810839563713
VICI,Falling Wedge,bullish,1,0.7347848927529133,5,56,413,414,2019-08-23,2019,1,14.674733430467498,14.501934097406128,16.114519402624815,13.950479633130122,0.3943589361578855,0.0119156060081859,True,0.0340643523720129,0.0160322928202918,-0.0246338392074046,0.0212766864366729,-0.0368044455508786,-0.001855427987764,0.0400692429854747,-0.0484276734878927,-0.011942060329983,0.030482158348128,-0.0173626882046739,0.0350209527202689,0.0326375214631007,-0.0682673913162463,0.0030717732309781,0.024419808734005,-0.0071374219942101,-0.0290443111382858,-0.0166102818900318,0.0115805685767724,-0.0231886295726975,-0.0082974068582823,0.0388149956241605,0.0242646914871835,-0.0137833885854219,0.0359958124335968,-0.0364422667416021,-0.0191938284310914,0.0082360242182233,-0.0093867321288522,-0.0061007531597808,0.1020749589236897,-0.0430104585252972,-0.0043491936589739,-0.0326530263527903,-0.5283252700476877,0.0415657704034764,-0.1375046822058324,0.0566271464191383,-0.0028141103827006,0.3138691645768012,0.0720501575880341,0.0268687273687964,-0.0504949890818146,0.0655628674945176,0.031635925551691,0.0695288138575056,0.0266522463723475,-0.0465796997151269,0.056004306864021,0.0164405821908495,0.0028409768130048,-0.0024074706535611,0.0016286388862709,0.0656778787027623,0.0659996007164569,0.0652723324658708,0.0370190780238393,-0.005978132098987,0.0074183669883618,-0.0052938037345011,-0.0433713041717774,0.0449931099416325,-0.0470175104672768,-0.066666391868614,0.069160213104652,0.0063483954277514,0.0677427837656512,0.0550672162984416,0.1104899835277266,0.061388317060568,0.114575959371405,-0.0267528647160822,-0.0128016321377731,0.1169749997124118,-0.1385352278054709,-0.0144232855800482,0.0046615037982733,-0.0373684584941712,-0.0592621645591185,0.1090369840668934,0.0337002302150812,0.0317962336392614,-0.0300002017749434,-0.005698056286373,-0.0578296667110616,-0.1177791521725266,-0.0447446621148704,0.0283286658299819,-0.0068324171583915,0.0268547448154663,0.1147949069308294,0.161074308018416,0.0699025124213694,0.0517006296372035,0.0101308445347176,-0.556224429582443,-0.060154436153744,0.0650461793405043,0.2022239333102125,-0.1336873644650738,0.2231516823578647,-0.0226062329659635,0.0537049115636947,-0.0158968893101523,-0.003605740937847,0.0950941339730415,-0.0850785233954032,0.1665528870696546,-0.0210997957856851,0.0023455764312469,-0.0452462161130237,0.1747513068352968,0.098273870831206,0.1511054916596506,target,450,37,16.114519402624815,0.0981132624302429,0.1071336781908779,0.0013999386942734,1.987957781444159,2.170728237334007,0.0283653703066326,1.987957781444159,356,0.5702194207819048,7,0.0732606525564273,0.0321850546289494,-0.1182024747179997,0.0,-1.047907341933807,-0.4776879211519018,0.6284458135398795,0.0967944876250901,14.501934097406128,13.950479633130122,16.114519402624815,0.2761602201684215,-0.0053096423884106,-0.0302704340339209,0.0192040977116315,0.0096859140597183,0.1707310265261145,-0.0023509935561666,1.0,-0.0568194090835175,2019-08-23,,0,,,False,False,False,,,,,
VICI,Falling Wedge,bullish,1,0.621835691474383,8,86,1007,1008,2021-12-31,2021,6,23.60652819917406,22.04023795908,24.874616191134013,20.569152159959625,0.6849217689818745,0.0710650331000073,True,-0.0546358768535992,-0.0331996979179874,0.0185581093990911,-0.0911618914449053,-0.0226091901104836,-0.0453980902087862,-0.0263323547026489,0.0048154375230662,-0.0029860061536343,0.0385213632275198,0.0139473465232087,0.027906938143049,0.056161663617827,-0.0368271943837377,-0.0080292095420774,0.0468068127002752,-0.0075260294569795,0.0612841441523215,-0.0222971376404987,0.022435786204195,-0.0368714260293948,-0.0161902829817909,-0.05334631629538,-0.0549669850382216,-0.0306546645987045,-0.0124518694874996,-0.0336666210105484,0.0146319194222575,-0.0136446205375648,0.0065624670012223,0.0206938042941209,-0.0559378986515073,0.0766801275224167,-0.0251570090942276,0.0015586436002024,0.0433962358561379,0.007597776165009,0.1313132794930525,0.0424895376509582,-0.0247778750151096,0.0252789690904036,0.0417893209893258,-0.013095120153167,0.0171916320440563,0.0193387788315004,-0.0684565589387735,-0.0523179579662281,0.003088314176281,0.0035521538930962,-0.0375115603996735,0.0440251198553758,-0.0309306266377762,-0.0334054919332846,0.09034121881257,0.0217756647806111,-0.0092635508055606,-0.0161989242290412,0.168911443422052,-0.0021044772435268,-0.0443801223513593,-0.0240055094921941,-0.0752485514867988,0.0590496936817233,0.1316666521379044,0.001701715095699,-0.0057161100820608,0.0385988084080741,0.168911443422052,-0.0748064074086222,-0.0758278510370256,0.0214217618636526,-0.0132786852665693,-0.1030491632187017,-0.0125152599489771,0.0691981301822619,0.0898003402182379,-0.0582556308180564,0.0619416154004013,-0.0037453973074587,0.1630617439884352,0.0201064392539558,-0.0240087636206077,0.0726401170412214,0.0478178254328784,0.0130151883981972,-0.0001534824078732,0.1103426408353984,-0.1127962426320237,-0.0542876405922241,-0.2954223704324598,0.0993045594945454,-0.0793136492370546,-0.0307395293057277,-0.0027818627685103,0.0458216673848257,0.1503574665446869,0.0427277648671571,-0.0587635519752184,0.0223471319773975,-0.00965233389287,-0.0796456458031185,0.0221877468769753,-0.014027016074139,-0.0457592079693051,-0.0408269519936667,0.01201030778076,-0.0404561588169726,0.0101308445347176,0.0403968786238562,0.1521459270149832,-0.0166751482170434,-6.440535529939062e-05,-0.3183855979637925,-0.1289231149051037,-0.0179868594376692,stop,1022,15,20.569152159959625,-0.1286667829164607,0.0052980165048656,0.131457161346621,-1.0,0.0411762568766913,1.021686859396897,0.4174945662269465,915,0.4381831480632391,7,0.0983230762115289,-0.0321584672815035,-0.2161230838704199,0.0,-1.0376591790940743,-0.5994760310308364,1.2290774767667472,0.1194149466642448,22.04023795908,20.569152159959625,24.874616191134013,0.4621626373022227,0.0262796703296117,0.0567999492738875,0.019636264891397,-0.0072094708128224,0.5,-0.000667834283424,1.0,0.0420389572398549,2021-12-31,4.0,11,0.1424497282634036,0.1190535296609092,False,False,False,0.1,0.0,0.0,0.0595487409123961,1.707556619586035
VICI,Falling Wedge,bullish,1,0.6162536704842443,3,34,1363,1364,2023-06-02,2023,0,26.24118449227153,25.68543160218138,29.63945816481933,25.135118260987294,0.8130776561258078,0.0216368912423861,True,0.0231231498348354,0.019340790164319,-0.0080283207824816,0.0320866242672985,-0.0097312579722214,0.0014037070590311,-0.017228320527004,0.0930626199478574,-0.0044788532707453,0.0092591144871145,0.0058777743121554,1.2019417527930898e-07,0.031586491848194,0.0140710246115607,-0.0036303344208308,0.0105739082228821,0.0303423718675257,0.0219816425379926,0.026407792697318,-0.1055983296342076,0.0032653554001473,-0.022981243706773,0.0177110554778859,0.0243902728462075,-0.005525581071041,0.005273282106333,-0.0536931479583002,0.0513361470620354,0.0421054399657014,0.0816929710694798,-0.057548594107214,2.180698692733074e-07,-0.0305237848704897,-0.0502861362615896,-0.0223202849346511,-0.0345498770649587,0.0043424540091683,0.0521782920827762,0.0072215794381835,-0.0315111291128156,0.0262985369339496,-0.0095797422197593,0.0024842287549773,-0.0161535091598297,0.022000537877264,0.024951898762201,0.0207105790212367,-0.0193529455370782,0.1055274821315956,0.033605055881521,-0.0403006036272158,-0.0398732935344945,0.0584348608888836,0.0510486624348394,-0.3293190525055663,-0.0549900786391243,0.1131542656625295,-0.0163859406469001,0.0447131670987261,0.0996801070481319,0.0755852950029012,0.1307165794876543,0.1071559764244296,-0.0233899648571801,0.0275868937044876,0.0203704950131433,-0.0569704216345663,0.0134033505519357,0.0047229372269501,0.0146176602148759,-0.0551860648309252,0.1896364950392517,0.0817498241723109,0.0694143214181339,-0.0803069496045768,0.0691876583989392,-0.071905778140184,-0.0594072133552726,-0.0588264981336438,-0.0043400250927284,0.0931055238619076,0.0894535771000279,0.0298850808613169,0.0957388666827381,-0.0282384726859765,0.085323801379525,0.0223977638528227,0.0256644450916887,0.0469699077861258,-0.0439022293939798,0.0504935892323092,-0.0154870242086608,-0.0097535788987057,-0.0624023055948845,0.1280914463111424,-0.0060975595495844,0.155272912764006,0.1612942818335352,-0.05794560668386,0.106959369259673,0.0547631140673614,0.1234211840323411,-0.0239746694009264,0.0364228086304623,0.064365301593217,-0.0482020951080417,-0.0491253793623578,-0.0718591340759881,0.0687661927056229,0.1212044866504222,-0.0298600149154258,0.0229398322153209,0.0444926725352923,-0.1348799111197042,-0.0430560405178311,stop,1414,51,25.135118260987294,-0.0421500116204733,0.0710566668939373,0.0443864528567186,-1.0,1.6858042065028342,1.0530590894347225,3.072396187886629,1329,0.6818702701877444,7,0.1038359868615257,-0.0400015988790957,0.2401169648711623,0.0,-1.229152297251579,-0.5472820270638349,0.2508848292150105,0.1020398722001432,25.68543160218138,25.135118260987294,29.63945816481933,0.4289617142296867,-0.0137755523573904,-0.0156879362948175,0.0163262036196673,-0.0530042849119268,0.7115394490701572,0.0096962118178136,1.0,0.0562533967191372,2023-06-02,3.0,5,-0.0403249817622014,-0.0123826282169776,False,False,False,0.25,0.0,0.0,-0.0057488475969598,-0.5745489772150405
VICI,Falling Wedge,bullish,1,0.7021833496105302,8,85,1470,1471,2023-11-03,2023,0,24.84534256421027,24.687092984581252,28.897547543482744,22.98608814490829,1.1982521713146437,0.0064102152378917,True,-0.0230003315011174,-0.0348035566226044,-0.0214765824319096,0.0137631031467491,0.0205241278212504,0.0626937006387853,0.0105577863619712,-0.0104167449579666,-0.0014079675679372,0.0244646952335423,-0.0038526790503473,0.0190024394390313,-0.013668826074947,-0.0087720085618252,-0.0013081841076602,-0.0290520404726037,0.0060945061097232,0.0427350671882302,-0.0307749466492427,0.0015879963369276,-0.0460605578734616,0.0113690478096655,-0.0253004281180162,-0.0188807609188456,-0.0540609966546447,-0.021455917921747,0.0072215794381835,0.0479746595700909,-0.0080023564135538,0.0768470372829317,-0.0106383557570308,-0.0234163271633931,-0.0127579796418265,0.0236392204774469,-0.0367145121282866,-0.0240812180378918,0.0550427451164385,-0.0171625711435271,0.0260103979560102,-0.0674577643045836,-0.0697816641594218,0.034569321568785,-0.0460463050484153,0.087284400429779,0.0222063245668082,-0.0210447966531854,0.0487470776615179,1.8118004740053092e-05,0.0590496936817233,0.0031437416162312,0.038550007995064,-0.0327539582121135,-0.0136445599177987,-0.0009321951200645,-1.7376298633298148e-07,0.0114734355675791,0.0282403608005701,-0.035994859576802,-0.0207272587014052,-0.0766451871820577,0.0406142046481039,0.1068780184860076,-0.0052171716659231,0.2412133522167812,0.05295404121613,-0.0979020757093039,0.1493822684618468,0.0254674845053604,0.0250896191941708,0.1283539292055744,0.0474742769488045,0.066749923980431,-0.0304641677136829,0.1041359413846056,0.0312150044826393,-0.271235762825993,0.0427827364210173,0.0353302077290456,0.0843053281125785,0.003977926855077,0.017606704152731,0.0718515384507227,0.0909610829061269,-0.0459879432254599,0.0053306473275307,0.0073569709567224,-0.0575145024926543,0.0036532372547537,-0.1244859201697158,0.0656019310236539,-0.0197098843929653,0.1242808791947161,0.0800058989738057,-0.0479325073585863,-0.1017911953518372,0.0526176137189478,0.0622209852683315,0.0097016444268751,0.230804222684879,-0.0161998910865648,-0.00965233389287,-0.0337243190451275,0.2073030372831437,0.0729768569062105,0.001926351858734,0.0404699071577583,0.3111760355139847,-0.4005434674569423,0.0449641465322649,-0.0327422709895675,0.2537943563502083,-0.0437241676269822,-0.0330522834773292,0.0748744825794949,0.0454359134061251,time,1530,60,26.83311653137207,0.0800058989738057,0.1367018443122791,0.0410228921916114,1.0691242395476324,1.826755991992228,0.5481916831252738,2.1794784711571653,1385,0.4011219729031379,6,0.037376841830274,0.0323934921681161,0.0770224546254323,0.0,-1.1038162866500485,-0.7026943137469082,1.111723816570761,0.1241012214760444,24.687092984581252,22.98608814490829,28.897547543482744,0.5593893727390995,-0.0563085086690957,-0.0055298959693023,0.0224839825209053,-0.0877247178496997,0.4130437486783319,0.0143407809771005,1.0,0.0119897917565963,2023-11-03,3.0,5,-0.0756533407233278,-0.04672226654176,False,False,False,0.5,1.0,0.25,-0.0118566535644902,-0.2609959648672455
VICI,Falling Wedge,bullish,1,0.6570927132464986,3,55,1564,1565,2024-03-21,2024,0,25.592334967685087,25.36182974222676,28.029484539251584,24.42358274872085,0.9016880383053448,0.0090886670165812,True,0.0205550706986754,0.0187165191748162,-0.0041781461412646,0.0183017608567905,-0.0747405346275162,-0.0265828545321565,0.017359911331394,-0.0631545687979264,0.0234682332806281,0.0048765772650172,0.0051413379351499,0.0428210773299708,-0.0337692822967689,-0.00769468346717,-0.0358973083431142,0.0291095803482652,0.0224214785798986,-0.0281037315539867,0.0450516357676389,-0.0494081551777163,0.0033782985980703,0.0386828929435101,0.0242008947337397,0.0044534937775559,0.0115018540448614,0.0260023616487949,0.0149077967777346,0.037855901356095,0.0162689663830122,0.0129460532489134,-0.0491694471409255,-0.0022895689360058,0.040121154991219,0.2583468252796133,0.0104134697260689,-0.0119721577454865,-0.0331735081931727,-0.0278526328583138,-0.0221477044388085,-0.0408162829963314,-0.0117015707815323,0.081994810760791,0.0607433427201862,0.0056900822527461,0.027869052204974,-0.0152483534354226,-0.0445357777756335,0.0070816624766488,0.0241219599800319,-0.0090030481676351,-0.0249837371538264,0.0111523289033117,0.0517402459223681,0.0414115314375209,-0.020494404318019,-0.0095609327313931,0.1277437823724692,0.4083895415113512,0.1177281411036197,0.1002783374971825,-0.0341669066527688,-0.0800628012267499,-0.047256814724371,-0.0262237973246193,0.0889232196961709,-0.0699481689590777,0.013455531075732,-0.0475272268829713,-0.0753216168435498,0.0407674697085773,0.0267091743629346,-0.0130618747179868,-0.0149114017528368,0.1114074988678417,0.0905637033947381,-0.0618588206995077,0.029027942230942,-0.3397940882260665,-0.0543407151215653,0.1160155242618843,-0.0587332036785235,0.0803494026116047,-0.0224416842762115,-0.1523027913535095,-0.0267528647160822,0.0467282996050246,0.0683922128393188,-0.1131102833689958,-0.0344710335747535,0.2272659054694363,0.0878267644938672,0.0424775450941464,-0.0339156696134942,-0.0817790215498101,0.1702656504625506,0.1265306394699274,-0.3977353540539766,-0.0942820751067493,-0.0342932783677555,-0.0721184443320036,0.1069678436454169,-0.0005167150392968,-0.1148872066354852,-0.0292292651840154,-0.0245812055102995,-0.0462396993797444,0.1077994726894626,-0.0462866712185426,0.1485387414732009,0.0622209852683315,0.1943435537117244,0.079632288891595,0.0510170856239524,0.0554127464622036,-0.046043624257019,stop,1579,15,24.42358274872085,-0.0456680572694907,0.0263790011896149,0.0459060022112656,-1.0,0.5776247724739078,1.0052103145174494,2.0852577064849025,1509,0.4619199439977973,7,0.1563381748830182,0.2029029003071689,0.0539397582868632,0.0,-1.2197160913388907,-0.7577961473410881,0.9287088650004948,0.0690364715884001,25.36182974222676,24.42358274872085,28.029484539251584,0.4429139023949403,-0.0084618036167387,-0.008179628809983,0.0173065037148416,-0.021336677974963,0.8947392196919219,0.0041639453502815,1.0,0.032162480018163,2024-03-21,31.0,13,0.0484003670962873,0.037356031886131,False,False,False,0.0,1.0,0.0833333333333333,-0.0261373521293328,-0.9243180400831686
VICI,Falling Wedge,bullish,1,0.7161810909681657,3,23,1707,1708,2024-10-15,2024,1,29.67487731825301,29.38736517871574,30.681610652654516,28.75544155895563,0.5691328015851657,0.0097835290026444,True,-0.0045563857698996,-0.0106621555187641,-0.0096377471020064,-0.0175113725298676,-0.0639284799242435,-0.0140411225871465,-0.0326911118485987,-0.0373995043164947,0.0140436829127792,-0.0027194320600529,-0.0199817458225873,0.0113690478096655,0.0018227502144141,-0.0187013265937832,-0.0117310192735901,0.0046751751739131,-0.0739113709358919,-0.0368271943837377,-0.0281037315539867,-0.0046526726243999,-0.0057943314557782,0.0052172731202591,0.012468825919157,-0.0191371381252724,-0.0225694805269821,0.071844592413359,-0.0729235478185135,0.0720501575880341,-0.0126638033431495,-0.0401468577502848,0.0185730910903723,-0.0798376061124647,0.0015263899319706,0.0116484496099389,0.0292952280299516,0.0027009606728152,-0.0236686071989888,0.0516987796546133,-0.035098701120291,0.0461869234495904,0.0181594561525344,-0.0296163213180842,-0.0218394500396775,-0.0415989410939735,-0.0896278805129822,-0.0129702537395109,-0.0522478188828279,-0.0817761598859105,0.0369240357997895,0.0648226671123977,-0.0100181447826267,-0.0395973113901712,0.0317079582543822,-0.0024074706535611,0.0057215856066501,0.0023975046338104,-0.0138441877161765,0.0267721306475292,0.0131221205060449,-0.0424871054969883,-0.010529887311185,-0.0101757495056974,-0.0546636205472778,0.0094467389895418,0.1037160353351818,0.0073174134035722,-0.1581450869176973,-0.0009321951200645,-0.0502051904252006,-0.048906361652505,-0.0966486888263219,0.0394283586089279,-0.0743621070812754,-0.0143630100720093,-0.0235491231249257,-0.0276606434637184,-0.0657958757224335,0.095698978509285,0.070306707448793,0.066996642227775,0.080291631932881,-0.0019120276948603,-0.0692065824326314,-0.0232215460267138,0.0701815571737527,0.0745218838773862,0.0884387790313767,0.0875653747506688,-0.0472130831036669,0.0744147075503651,-0.0969864922192724,-0.0640850681609902,-0.1148872066354852,-0.121039281125815,0.0768709285757089,0.0455276152897576,0.1126862423658832,-0.1327472784775855,0.077816544987481,0.0258064956408217,-0.0509378476621096,-0.0103853491516063,0.1393625646129708,0.0187404453417476,-0.048183464093839,0.0053900361367791,-0.0801458970063234,-0.0543968781090885,-0.0536830615374606,-0.0579236587480815,-0.390807774306842,0.0050102737461359,-0.0005167150392968,-0.0244515274866623,-0.0950387913894047,stop,1719,12,28.75544155895563,-0.0309836414633408,0.0097207491995133,0.0355405434459011,-1.0,0.313738112772017,1.1470744485586633,1.0949469000105407,1683,0.4148651685858,5,0.0021024874303923,0.080778979683864,-0.3800232802225023,0.0,-1.02032113114586,-0.6054559625600604,1.200819802186031,0.0384501532092453,29.38736517871574,28.75544155895563,30.681610652654516,0.3813667468201296,0.1102189789579741,0.0099842909199912,0.0128906575105926,0.2428596119448121,0.1538448640128823,0.0036609390542947,1.0,0.0328350232850824,2024-10-15,31.0,13,0.2299849972188075,0.1093749335187868,False,False,False,0.0,0.0,0.0,0.0102935723424144,0.3899809426480777
VTRS,Falling Wedge,bullish,1,0.6994276184596478,13,109,1050,1051,2020-11-17,2020,5,13.144761570709314,12.349874072871614,15.333844744965749,10.97259309465746,3.126090232548538,0.064364016438337,True,0.0267316234524794,0.0203312719169812,-0.061146606366699,0.026602949571399,-0.0356044399235095,0.0192307880389599,-0.037190145648581,0.001134421278496,0.0341271643999629,-0.1336682641909713,-0.0292779802206353,0.0528513138450166,-0.0144263662208403,0.0025641684107371,-1.5126130903375667e-08,0.0025641684107371,-0.0093776012460483,-0.0770993456641523,0.0436044779406623,0.0483303878337268,-0.0018957275445277,-0.0623799224781559,0.0382844521975071,0.0407050012636689,0.0244128408550776,0.0058971568842016,-0.0148360898846849,-0.0589890373844629,-0.155535798499345,-0.0073855229216236,0.0529596030104244,0.0638296587726701,0.0083498981761516,0.0314007961342583,0.0127119341093242,0.0449790937515233,0.0322579614840137,-0.0925268647737121,0.0096333170497251,-0.0199809853975881,0.0451207944153058,0.0216476381428065,0.0565669064662868,0.0324724361744379,0.0137718653804383,0.0365877632091613,0.0850550350064416,0.0593976509294138,-0.0402542337940338,-0.0423076851636994,-0.0826172878252319,-0.1082639282654414,0.0368319004422257,0.0189090823056852,-0.0062358677529646,-0.3245611765435564,-0.0610196892286037,0.0905660820641915,0.153068502833632,0.0388926444245238,0.1000001866964186,-0.1490681462690066,-0.0813826416244034,0.0708800496278814,-0.0363880354304165,0.1482845416013052,-0.0627799496781982,0.061173598392801,0.0988686376657862,0.0358444025769641,-0.0095726386134573,-0.0753736228378693,0.0531355060118241,-0.0702353032772851,0.0061766758554859,0.1223403693728146,-0.1111832660747981,0.2361411453651174,0.1737452097039444,0.2879464508739731,-0.0050776074360131,0.0539739746213756,0.139784813540341,-0.0233734227101789,0.0308842680310401,0.2554099442112258,0.1245185761716403,-0.244580316176127,0.18310507526227,-0.0940036253447741,-0.0169493023486223,-0.015474874563805,0.1142166682317595,0.022608739826551,-0.1345352629540747,-0.0872741320997636,0.0525508032097203,0.0231306868440694,0.1430411368922539,-0.0653085429534372,-0.0048711659609145,0.0257334859950346,0.2291171601764419,-0.1067736157292036,-0.141722051369238,-0.0070937393627483,0.0589541329566338,0.1779535086047996,0.0872101648659364,0.2324416007925558,-0.0578990158570842,-0.1363067945364099,-0.0313085865667623,-0.1480228781396523,0.1087658234913517,time,1110,60,14.646112442016602,0.1142166682317595,0.1458082283737668,0.0309841618210428,0.6911760703001046,0.8823507099708705,0.1874990011576618,1.0077870102577515,936,0.5157990844732778,6,0.050295375868402,-0.0962462691301903,-0.1194461957300473,0.0,-0.8900393811560997,-0.3742402966828226,0.7964465864327502,0.2071388670404619,12.349874072871614,10.97259309465746,15.333844744965749,0.6428638286528763,0.003476015930113,0.0734041067881803,0.0492656204328893,0.0012258116776562,0.3954372306459405,-0.0296342647357248,1.0,0.0502068920704701,2020-11-17,17.0,14,0.3934738101092245,0.2484827949035519,False,False,False,0.0769230769230769,0.0,0.0,0.0023832930118833,0.2394411497946545
VTRS,Falling Wedge,bullish,1,0.6869328245374576,5,38,1221,1222,2021-07-26,2021,3,11.106871037206233,11.255661116880615,13.356798282296523,10.60412754930732,0.7278050933026486,-0.013219132854954,True,0.0304129725758999,0.0356867726561352,0.0516432404901145,-0.0299003064361276,0.0027492710570833,0.0227036923583523,0.0262562551109559,-0.0152440789910852,0.0534673664894707,0.0017558601479976,-0.0066706683638501,0.0433437247492767,0.1298508195471384,0.0260915504225391,-0.0055703866605723,-0.0123228396816227,0.1191088914613316,0.0125822806220841,-0.029798399445713,0.0232806246248544,0.0231740504808497,0.0360457375432228,0.0067856382995848,0.0934109033098602,0.0883643328636716,0.114285857617761,0.001493629626353,-0.0116637739102827,-0.0122295706630061,0.0427748152365712,0.0808823160301328,-0.0272798619580203,-0.0654462038545518,-0.0608695998277897,-0.0196078774588829,0.0603771959916332,0.0017689186312159,0.1096007187064977,0.067703095359098,-0.0347914114960129,-0.0509878475428857,-0.0813951817461242,-0.0691979278804744,0.0300478613327377,0.0565669064662868,0.0868093003768474,0.0768544544147216,0.0601465028604841,-0.0327728569171189,0.0079921664882212,0.042363557906395,0.0938363673560631,-0.0447588701564926,-0.0790322750697947,0.0534601238507934,0.1224641778367272,-0.0241596472304198,-0.0641768830067829,-0.0207801709919595,-0.0234414258814805,0.169570014241813,-0.0855698281901322,-0.0031843146853386,-0.0636274499883232,0.1740220694806289,-0.0334329951189037,0.006134918448825,0.0008121994572052,0.0670685105232253,-0.0311227893906658,-0.0200050868294935,0.0009615580844768,0.0325992949785167,-0.0361298557220524,0.2180802944397291,-0.2947029642148961,0.0122358192149998,0.0137714112433633,0.1243316100142224,-0.1276661847324123,-0.1571427943478703,-0.0698867731649525,0.2133118792276895,-0.2672843651789115,-0.1486123302053459,0.0601059033185742,-0.0557199657009674,0.2644203502801234,0.1603360483774067,0.0412187940706276,0.0501738176255055,-0.0328428667710571,-0.0099653472838976,-0.0376386043810939,-0.2682456733885817,0.1010477196451904,-0.2171279876914504,-0.2050121777570664,0.0397551455996496,0.2166219170057974,0.0674628933807945,-0.2200641025805405,0.1061589775765299,-0.0843749741298802,0.2480776421365684,0.3431694389981268,0.2465101717983562,-0.1347230602403111,-0.0739644340441147,-0.0127499590641835,0.1364811119776576,-0.2056742015274323,-0.182306961742059,-0.0336616347453492,-0.0033343398442827,time,1281,60,10.996187210083008,-0.0099653472838976,0.1082261608281253,0.0369594649917952,-0.2201596436103028,2.3909887250725195,0.8165277545087766,4.475298634882951,1180,0.4974980136655217,5,0.0391455995928382,0.1039568865278515,-0.0390540982061664,0.0,-1.450791608638823,-0.9532935949733008,0.9042657358016448,0.1125306915057129,11.255661116880615,10.60412754930732,13.356798282296523,0.2631085210150395,-0.1060533970243768,-0.0622931912486542,0.0236374547436848,-0.1910419594698277,0.214286687420382,-0.0035919329982146,1.0,0.0337778934356904,2021-07-26,23.0,7,0.1621818827545109,0.1074201796312035,False,False,False,0.1666666666666666,3.0,0.5,-0.0334317535376059,0.0382166391620516
VTRS,Falling Wedge,bullish,1,0.6859322512360821,3,22,1422,1423,2022-05-11,2022,2,8.577830541268387,8.490485121734032,9.415016199195598,7.998658808245295,2.0411746659617105,0.0102874474522978,True,0.082613281942707,0.0762185525784349,-0.0071851746856754,0.0003210958111996,-0.0616162692755446,-0.0219256476727244,-0.0125983279680716,-0.0769232600636992,-0.0132386136620482,-0.0249449597692297,-0.0414338204893194,0.0407181300826027,-0.0115531470051661,0.0054795296683678,0.0593994545899954,0.0042440006760555,0.0047169950591903,-0.0544076359667069,-0.0042487314550114,-0.0240882132174071,0.040816438034771,-0.048010366953139,0.094937208155785,0.1490533863543335,0.1285075357469978,0.0873786121520503,0.0110934241278863,0.0481927567912046,-0.0087576240284701,-0.0142486958072612,-0.0142486958072612,0.0225044461938295,-0.0604607644042096,-0.0401315420447239,0.0432659346956085,-0.036642246664042,0.0268105327217413,0.067703095359098,0.0323506240100499,-0.0050506157475092,0.0058735870162911,0.0643563277786027,0.0105441261019623,-0.0151259460008471,-0.0640341677910862,0.1409847279216878,0.1277029115671939,0.0967041328391491,0.1566125632034833,-0.0146199696535507,-0.0242905150285679,-0.0597772946633248,0.0979666894519877,0.1767058866772783,-0.0062585199638431,0.0825055308989173,0.169570014241813,-0.0056426108719295,0.0246578571840299,0.1085713705280997,-0.0902099404787811,0.0810406887993318,0.1304699183517004,-0.1702993268508132,0.1681877249151575,0.1891073112087045,0.0823524506098729,0.0852556750815816,0.0686076363851365,-0.0246633008101531,-0.0157248323826535,-0.2056432403128235,-0.0834143336191115,-0.0350537812921616,0.3553648561244551,0.1221554248377101,-0.1206269077867846,0.0930468276833098,-0.1707256944581424,-0.2290089081311993,0.0452926561352591,0.0173060106854299,0.285813142230789,-0.1440108652005579,-0.0501141604253642,0.0357144667121851,0.2131825726589662,-0.0007650671255339,-0.0292477863540352,0.024448607629145,0.0256207678285877,-0.0321300302011592,-0.0207812649100789,-0.0860248884463585,-0.1197941690809374,-0.2325116086341985,0.0697037733623644,0.2501058081154796,-0.1713047986934559,0.1814007549400773,0.0456615126011958,-0.2950758762543388,0.0413904024319446,0.214739674419333,-0.1080176192615929,0.0696100485947888,0.1170164857170448,-0.1872512198239453,0.1875499609329003,-0.2725530299293119,-0.062996531475766,-0.1027803317009478,0.1322956210561205,0.4604650944502058,-0.0316639624984269,target,1426,4,9.415016199195598,0.097598763918157,0.1075888669941642,0.0028818187714622,1.445487771921066,1.5934463244362254,0.0426812146774151,1.445487771921066,1398,0.3609250860824351,5,0.033508962985948,0.0743719537544123,0.3063868979462778,0.0,-1.1158827086034122,-0.7549576225209667,1.644719060418569,0.0897831780726784,8.490485121734032,7.998658808245295,9.415016199195598,0.3496111365494117,-0.1990998056358385,-0.014810760969406,0.0408359601216049,-0.2748621106260379,0.0540553079724618,-0.0028677608366636,0.0,-0.1039040290719055,2022-05-11,42.0,11,-0.056139221033068,-0.0293088903604038,False,False,False,0.4,3.0,0.3,0.0126362949126793,0.2880461837815433
VTRS,Falling Wedge,bullish,1,0.846032642581173,3,38,1474,1475,2022-07-27,2022,0,8.324650638761907,8.264349171489442,10.321696490120658,7.825767399324064,1.3190719041296657,0.0072965778697364,True,-0.0249999022211557,-0.0562524833551218,0.0183187308947856,0.0327024659110224,0.0190863216215841,-0.0294575963160608,-0.0269521348601105,-0.0136523862191787,-0.0939468081494691,-0.0846063217873696,-0.0631873052410807,0.0118917544326857,-0.0545595838988431,0.0291482169248591,-0.067343049093809,0.0795782251341374,0.0120965871066174,-0.0058340478731961,-0.0080719020960915,0.0756019265748695,0.0128185823824151,0.0138889965111796,-0.0178759358191031,0.0769999895703097,0.0319626416757687,0.0370799860710835,0.0226842196769803,0.0174731261354372,-0.0329825680352198,0.0161851049956061,-0.0555094200088599,-0.0200211613425586,0.0496923907181121,-0.2462065462590361,0.0385038851793755,0.0502138464515229,0.0313042559463532,0.0154286047242901,-0.0362750063499535,0.0904334850949493,0.0714483089329351,-0.0888325023774382,0.019681642384117,-0.0552545589680562,0.0041581228200047,0.0805397287808274,0.0279176682182418,-0.0013938353677638,-0.0687285548727,-0.0102719611817863,0.0397644434564028,-0.0691145559749163,0.1220980021027409,-0.0575320913967672,-0.0330074177563279,-0.0389381201766544,0.0087721754733463,-0.1163638766278304,0.0094969403372537,-0.0334736950474536,-0.0114943341549486,-0.0148390495862644,-0.0590885590757672,-0.0462428539753341,0.0553220664203935,0.0638656469354137,-0.0331375983219388,0.1069766051182194,0.0372145076334877,-0.0955132444605199,-0.0304887477087638,0.2156966276494241,-0.1555094524186988,0.029205106512502,0.1142649184517219,0.2669857040614429,-0.0490195437787402,-0.3226369053747965,0.1423138186255574,0.0103628086615694,0.2444317128448212,-0.0046992791479778,-0.1581692478497794,0.0336701507478534,-0.1029622835413799,-0.0953714155940356,-0.1726908622347802,-0.0526623258468257,-0.1302361444736597,0.0610545813290817,-0.083396861663434,-0.0850447998085132,-0.0550440232751817,0.0319918490765613,0.1833977128269532,0.0108963577995655,-0.163175201128117,0.198645712795324,0.1312568371019677,-0.1451386876351424,0.0305068347801331,0.3080902006820469,0.0006558746655342,0.2150409280531071,0.2481905135194111,0.1466141435726622,-0.078256816205991,-0.0719558723811737,0.1414753326229116,-0.0345953194183914,-0.3061193609440068,-0.0822647169778714,0.1809079766749763,0.2137659318166085,-0.1114409423862071,stop,1510,36,7.825767399324064,-0.0599284295625456,0.1219999372857909,0.0671849832734469,-1.0,2.035760626072524,1.121086999340236,4.0030325605027,1436,0.6692061086464647,6,0.022687588653747,0.1396266358841575,-0.0546369145219932,0.0,-1.1813891993358363,-0.5121830906893744,0.3763362582596085,0.1596341690617706,8.264349171489442,7.825767399324064,10.321696490120658,0.2866059295912062,-0.1668231338128171,-0.0719006830698615,0.034189262847963,-0.3012220085553317,0.8181805045805253,0.0010079618004994,0.0,0.0535662406714612,2022-07-27,42.0,11,-0.023502859139202,-0.0111449755942411,False,False,False,0.3,1.0,0.1,-0.1105022737387615,-0.8305000283501089
VTRS,Falling Wedge,bullish,1,0.7170932474259232,13,91,1679,1680,2023-05-19,2023,10,8.188804612787273,7.900733302289524,11.620757721065331,7.529093886347553,1.872752466652198,0.0364613383942815,True,-0.0297666669405365,-0.0330628329995987,0.0176245766622393,-0.0202168225419294,0.0159999608895029,0.0171568724384836,-0.0057411166784242,-0.0030960709848512,0.0344069718764086,0.0010132381695686,0.0343009029223193,-0.066089133921917,0.0057711199005758,-0.0272436588220501,0.0073235747645141,-0.0383659784616976,0.0344108014595172,0.0684281541084992,0.0428194521613787,-0.0296610202464352,-0.0181111579237783,-0.0770538190303589,-0.0294505092776148,-0.0063362782858586,-0.0265446639734669,0.0440992060076181,0.0804021293326133,-0.0232195479380207,0.1129754544154897,-0.051476117924612,-0.006087619799068,-0.0120646092272166,-0.0119759277070627,0.0334926796527663,0.0131121437087655,-0.0645996642634567,0.1018394569531526,-0.0114035223843613,0.0095710667577917,0.0341545611060993,0.0729412161518556,0.0625887929373989,-0.0734939303536276,0.026945910473076,0.130841402579279,-0.0297684323097827,0.0852556750815816,0.0370903270068827,-0.0373222250664233,0.196452969244014,-0.1275227968660174,-0.0856186375974474,0.0223068571416478,-0.0574818250218099,0.0456772489700143,0.0629238967720313,0.0561295332446438,-0.006641220770701,0.0264615374795107,0.0663506431340543,0.0430769716565941,-0.0230652158567629,-0.0440701573811458,-0.0856504473297827,-0.0399619837410706,0.1783175270180848,0.0629037395914628,0.0345214033511545,0.070866284182979,0.1108161308305253,0.0194467499224617,0.0190353534954026,-0.0076988685843951,0.0112500092993319,-0.0298544170490268,-0.1500507252366848,0.1090108363693478,0.0906618434668209,-0.0527971117287249,0.0835774002452842,-0.1308504834271411,-0.3758295989981836,0.1724138344883452,-0.1504984550108857,0.0211020806083499,-0.0361040889930496,0.224105491602266,0.0889129227290126,0.046152189538148,-0.0415679706783926,0.2527984803635272,0.1036276947055577,0.1928225493522721,0.1387591175605724,-0.2650157815102504,0.12268669882956,-0.0928536009760617,-0.110920669980093,0.233291665423091,0.0664379866740547,-0.2880538161437672,0.0075614458761483,-0.1670708277071526,-0.2358545266904068,-0.0928536009760617,-0.1592933328851125,-0.030625344392662,-0.0246098384411037,-0.2050121777570664,0.0250808694782755,0.1614755961106793,-0.0531199487023097,-0.2901056293939478,0.0006019958799781,0.2627351912164826,time,1739,60,9.76779079437256,0.1928225493522721,0.2226432402720318,0.0585222143193361,2.393452339492264,2.7636082299051585,0.7264198676213185,5.202209045166481,1578,0.8327919250672796,5,0.0602573514787313,0.0382503671013176,0.0493810987975873,0.0,-1.3437217170533555,-0.5109297919860736,0.1611939764603763,0.2924917656744941,7.900733302289524,7.529093886347553,11.620757721065331,0.257706927034686,-0.0863551376082849,-0.0208835323207667,0.0320777908237525,-0.1391029363282192,0.111110326192536,0.0064034585038419,1.0,0.0155750701380301,2023-05-19,62.0,8,0.0369505883739267,0.0297713203355147,False,False,False,0.0,1.0,0.1428571428571428,-0.0398596001084481,-0.4881162669687241
VTRS,Falling Wedge,bullish,1,0.6398308731520799,5,41,1911,1912,2024-04-23,2024,0,10.226471505535985,10.201558506317326,12.103929101023953,9.861844686563366,0.7091126119908936,0.0024420777671598,True,0.0202820756594837,0.0293234440877743,0.0242268925802313,0.0120376849384133,0.1149000073868553,-0.046055986382766,-0.0240000121197315,-0.0026532464848908,-0.0130877664541957,0.0499715199899333,0.0110450910762252,0.0046698477471647,0.0307983679693948,0.0180316183234043,-0.0111302728426002,0.0094936676888885,-0.0197502830535397,-0.016869253982486,-0.0617391655551504,-0.018925083064787,0.0416264999531934,-0.07928671338126,0.0191169049428688,0.0335095235275144,0.0126236166262219,-0.0457179828977905,0.0315315838906395,0.1121431162851802,-0.0382785142453477,-0.0407783086933898,-0.1422222887453728,-0.0456813120059415,0.0701274521820642,0.0032893415281152,-0.0318729144238915,0.1003831107248376,0.075438669753501,0.0284790919907349,-0.0679451011421982,-0.0223744773020002,-0.0326797318676297,0.057970993211402,-0.0463081079550079,0.1545135152575121,0.0530474092250714,0.02485624628899,-0.0335098192198606,-0.0824674612556009,-0.0340559339615458,-0.0837149244177247,-0.0363880354304165,-0.2535490353150277,0.0567786706914819,-0.0627799496781982,-0.087761714250912,-0.0127389516325827,0.0117779078389756,0.0564602698432692,-0.0560292041131251,0.0929928561699806,-0.0238702641532196,0.0458566355905123,0.0198360270627497,0.1086082203095313,0.0576657710277084,0.0181533054482381,0.1167662976183858,-0.0334329951189037,-0.0285385668963194,-0.0851479792234485,-0.164980681599251,-0.1007806799143473,0.1869920060182825,0.0103599801374816,-0.0734683030639684,0.0353905708390749,0.0774193135458765,-0.1157276268755953,0.013622013500441,-0.0065127251966133,0.0172535560663884,0.0103628086615694,-0.0343314862254369,-0.1032306920421012,0.0177249389920957,4.56521256353426e-08,0.0266100591587292,0.1178743513967957,-0.0279606051202524,-0.1500507252366848,0.1001412171073703,-0.08523238009351,0.055735750376753,-0.0315215875756234,-0.1849192065065078,0.0439260564466819,0.2929782965505216,-0.3459749048432956,0.0243448609747551,0.1414753326229116,-0.100579190858749,-0.1281181591518619,0.2171165125219274,0.1291524607050111,-0.2152896040675879,0.2317880517808401,-0.0598066835725583,0.2004018004044734,-0.0078311083061364,0.0031034300884513,-0.0187785934709624,0.1094019598528843,0.1673122989347457,-0.2234731506011528,0.0419242274015334,stop,1929,18,9.861844686563366,-0.0356551933651047,0.0617281719340681,0.0396826084139205,-1.0,1.7312533212757926,1.1129545142996602,5.148983831682855,1870,0.620839219687958,6,0.1966278141824632,0.1878841582573802,-0.4575693851963754,0.0,-1.4403532523269802,-0.8195140326390159,0.4142933510694125,0.0959802015414976,10.201558506317326,9.861844686563366,12.103929101023953,0.2125683877188136,0.0728963704601963,-0.0548105879007623,0.0207495012606555,0.2494953871528877,0.7894734200342268,-8.53766171093895e-08,1.0,-0.0271658204016861,2024-04-23,63.0,20,0.2780660507612116,0.119643288648443,False,False,False,0.0,1.0,0.0526315789473684,-0.0431693078984973,-0.7426685258377418
VTRS,Falling Wedge,bullish,1,0.6365920113663494,5,51,1957,1958,2024-06-28,2024,0,9.720453935904818,9.571544215964067,11.445704865340332,8.90673052495351,1.3271598839953545,0.0155575439637407,True,-0.0046906131410557,-0.02237654658426,0.0462385619922123,0.0413177768439707,0.0263877291896634,-0.0473210889766914,0.0490410289681166,0.0336880089501034,-0.0414338204893194,-0.07286357048009,0.0133983354320228,0.0316238771646282,-0.0375123344408268,0.0174643141463217,-0.0454935641463805,-0.0044824342758509,0.0746907685781148,-0.0939013594883194,-0.0191030444874755,-0.0095082930391962,-0.0398909176497739,0.0171568724384836,-0.0016654554525414,0.0318949224682685,0.0027543291251002,-0.0264856057848884,0.1141034416246182,0.0341151623445374,0.057970993211402,0.0565669064662868,0.0376072533399558,-0.0327002495166239,0.1490533863543335,-0.1422222887453728,0.0503453133468441,0.0434050457562176,-0.0863950055078126,-0.0084984254206653,0.0163766914675114,-0.0787957304357098,0.0382712901549213,0.0345033137658281,-0.1384103626127395,-0.0327706830714916,-0.155506372063314,0.0353682187345766,0.1163227495018908,0.1179170863389647,0.0407330542015771,-0.0199580383320958,-0.1093421344971907,-0.0574111236738957,0.1144092192366261,-0.0681635846175295,-0.0675067120842315,0.0035713952539104,0.0929928561699806,-0.1051215160863617,0.0200952109559569,0.1339622567161678,-0.0593221477669276,-0.1077938809829449,0.0029905265729743,-0.0025661066720261,-0.0465394674448188,0.1572404707022723,0.0347649924842097,0.224521014296475,0.1072449352802844,0.1136735816686393,0.0858892442421295,-0.0836673541909646,-0.0386843528655557,-0.0770279864965407,-0.0199430199720976,0.0174855128375102,0.2091919003096982,0.0893971866298177,0.1494567899693697,-0.2926147136330039,-0.1129598908579421,-0.0775460404143172,-0.1003883770210762,0.2217141307109329,0.0217037317161459,0.2526148410380129,-0.0717213620148465,-0.0017275344035884,0.1177096162749316,-0.0620621847904543,-0.0560017750768184,0.1094271257811787,0.0852396184833406,0.0349816716387736,0.0671923899185344,-0.3647616238028327,0.0335179121665312,0.2120566790539939,-0.2632382295393985,-0.3005204567201591,0.0162615934581691,-0.0713128429696047,-0.065819715966899,0.1104575218007466,0.0032837908587706,-0.0322014712609698,0.2461228984379184,0.0615888193852725,0.0656740793896546,-0.1732100392258901,-0.269736885871493,-0.1573371502238929,0.1001597971963261,0.0064104331416243,0.1240102435220205,target,1985,28,11.445704865340332,0.1774866627434843,0.1979362222404027,0.0478424372718117,2.1201933067386585,2.3644765587922656,0.5715089444684656,2.1201933067386585,1906,0.4757670525580579,5,0.0029791506840214,-0.0603106663162371,0.0195093275969087,0.0,-1.090920711802552,-0.6151536592444995,0.8133771420288498,0.1478014413509462,9.571544215964067,8.90673052495351,11.445704865340332,0.2813747155585858,0.001969394383269,-0.0189493149909233,0.0290283574537025,0.0078168659636637,0.5652190138158651,0.0057253203599465,1.0,0.0447097068742006,2024-06-28,63.0,20,0.1033358398791564,0.0944095214648068,False,False,False,0.2105263157894736,3.0,0.1578947368421052,0.0176638358128738,0.2342080409991882
V,Falling Wedge,bullish,1,0.708060826144505,3,24,1242,1243,2021-08-24,2021,2,226.2638471594011,221.16032862846987,250.2076320661108,219.91340214561808,0.7936920867941721,0.0230761030361132,True,-0.0251062688713205,-0.0326704251816899,-0.023400857690452,0.0076081161316321,0.0353259936122254,0.0010937593277686,0.0100198491253205,-0.0396868266129448,-0.0003013330739815,-0.0177034416655265,0.0053279157413466,0.0189789823801445,-0.0020552788530279,-0.0162460382953272,0.0122375938812775,0.0156000962476343,0.0041302660430559,0.0171306382578,-0.0332615116026455,-0.0113980763518904,0.0055813184119797,0.0176914455029404,-0.0254398993971869,-0.0251488222708995,-0.0312625549479212,0.0201149798259105,-0.0926881325592291,-0.0073001401902038,0.0541331539657701,0.0097097449700451,0.0228246973791246,0.0340074390709426,0.0098771088206577,0.038535455694211,-0.0278372229497806,0.0261131249621624,0.000892803155011,0.0183470238135086,-0.0088285628883543,0.0060120615408414,-0.0095122967651304,0.045003238732511,-0.0281992269620536,0.0108224844596023,-0.0045797381391031,-0.0310212220677217,-0.0521275427278661,-0.0322529158016837,-0.0421222618935379,-0.0351028411266597,0.0252737954711035,0.0306869069529316,0.0189375953281425,0.0113060451666915,-0.0382820636905119,0.0798773780590889,-0.0533541251429167,0.0407899711067538,0.076056151276135,0.0191994713501066,-0.0246509034566939,-0.0584596897454446,0.0518097170265379,0.0835924656452773,-0.0351028411266597,-0.0581852555970305,0.0703011894315521,-0.02545370136667,-0.0589833929112759,-0.0152338801690112,-0.0279285785860892,0.0601576937326775,0.0918251095972013,0.063730454340237,0.0177174124243753,-0.0110501077288193,0.0159221182951943,-0.03625108941434,0.1021829054159015,-0.0558503493185922,0.0118572015477269,-0.0379646229427121,-0.0273576472116591,0.0010558365209707,-0.0124846575183897,-0.0595327276104926,-0.1239569428946627,-0.0602227722871482,0.0558341859607982,-0.0298810204308798,-0.0765906155396284,-0.0096908984158992,-0.1258680658498415,-0.1737735683750306,0.1163577988564388,-0.1340836727561801,-0.0109442788912269,-0.0069431371018355,0.0409931159876961,0.0697600623225627,0.0847988721429209,0.0720271809302115,0.0202912769694074,0.0574613520473052,0.1026952028271479,0.0668248669429796,0.0797673528545432,0.0835100557888885,0.0220055241464491,0.124311635465494,0.0931822646340032,-0.0473808732354341,0.2068213101884231,0.0945679355122908,-0.1826692581314458,stop,1249,7,219.91340214561808,-0.0280665474997832,0.0,0.0554892238928036,-1.0,0.0,1.977059126821073,3.770410554652788,1216,0.9002714219971235,5,0.0073644253919774,0.0318910452351361,-0.2241776990434973,0.0,-1.352559256657043,-0.4522878346599162,0.0644937847825986,0.0890344118932257,221.16032862846987,219.91340214561808,250.2076320661108,3.2682643478280227,0.0593933317290849,-0.0169017950709851,0.0144913456637393,0.0705010182107519,0.1294677829170115,0.003843871836024,1.0,0.0204094246295605,2021-08-24,44.0,7,-0.0173858434888355,-0.0038476193351933,False,False,False,0.3333333333333333,0.0,0.0,-0.0276178066892689,-1.314061770790448
V,Falling Wedge,bullish,1,0.641783228082163,8,57,1537,1538,2022-10-25,2022,6,190.61356203523889,176.70823281940488,222.17172181801152,165.99472189864878,1.8708753909641604,0.0786908962529504,True,0.0526502517454963,0.0450512142931562,-0.0311669502790861,0.011049862496721,-0.0005184395811516,0.0096623353034688,0.0206056549086501,0.0427136988024485,-0.0083394152183884,-0.0053942020344445,0.0165688051509322,-0.0038717816943066,-0.0110213454909112,0.0037487900944777,0.0141785048729299,0.0491408226414851,0.0186463283962576,0.0414575502723422,-0.0110213454909112,0.0209182853862557,-0.0063055564125389,0.0136338756410414,0.0434159778572327,0.026452230645644,0.0254565941634199,0.0393192834432589,0.0133009645051771,-0.0280313831654217,-0.00771467648931,0.0327501674195738,0.0091059473434063,0.021607337407058,0.0113701546191944,0.0648399521950227,0.0316620802147664,0.0192790918129968,0.021622303750042,0.0160721799532392,-0.0004275915935351,-0.0094459888619989,0.0327501674195738,-0.0362488308358237,-0.0082903677719282,0.0583230742617546,0.0139689976824901,0.0116615874801672,0.0723374121470949,0.0244364228835562,-0.0695797383238384,0.0381684623282965,0.0606336447113959,0.0446526290020119,0.0330509032318073,0.0268975425526782,0.050152362871553,0.0088199169066884,-0.0377220417894795,-0.0578415928165502,0.0686630849872906,0.051327957380179,0.103762490374327,0.0587554270942971,0.0931493055100585,-0.0103762507401765,0.1049570583984553,0.0556070428539392,-0.0850375556589224,-0.0147471574363948,0.0461727375752141,0.0543913590338014,0.0376637893558511,-0.0152547282697218,0.0032928712710338,-0.0237250629034105,0.0615631856317242,-0.0870335228480158,0.0255260805993651,-0.0180716579858707,0.0907392528028694,-0.0069846190519475,-0.0083089155402267,0.0886286692358608,-0.0429096729028153,0.0584564953437336,-0.0659906714500713,0.1117759470475843,0.003174037722871,-0.0870335228480158,0.0492352318411226,0.0281320067848143,-0.0626699893074393,0.0492642882751292,0.1429497593316016,0.0883151427314186,-0.0302429190370702,0.0443354264201725,0.0698247187490896,0.0608050228109895,-0.0163159838393849,0.1369485364219433,0.1523658806448347,-0.017777019912447,0.0086231616532621,0.0837131222488554,0.1237372585054825,0.1335552837216695,0.0779834947987903,0.0034335675774419,0.1369485364219433,0.0985226361006306,0.0081436923741984,-0.1912456773691201,0.1028320950691872,0.0365857929446977,0.0918109280163432,time,1597,60,217.8617248535156,0.1429497593316016,0.1532484633751739,0.0143345707573997,1.106801241126658,1.1865398742710511,0.1109866905652112,1.2818702915199025,1474,0.5957478934843423,5,0.1034453927703686,0.0397001293018726,0.1080625958682428,0.0178571428571428,-1.5665733839333802,-0.9708254904490374,0.6196654511999792,0.1374560230880217,176.70823281940488,165.99472189864878,222.17172181801152,4.524109150629373,-0.0564356722514831,0.0035893415195211,0.0240030855356707,-0.0298549288152953,0.8115317339215716,0.0008388273358561,0.0,0.0592768459845991,2022-10-25,37.0,6,-0.1016964416075101,-0.0949124722149931,True,False,False,0.8,1.0,0.2,0.041091031823816,0.9181869131007258
V,Falling Wedge,bullish,1,0.7082560755590132,5,63,2401,2402,2026-04-08,2026,0,306.792884650012,300.5947270143401,356.0390672838903,286.7097250883212,0.9531370474822776,0.0206196485787861,True,0.0256816902432341,-0.0115122997107302,0.0247827212556392,0.0701935127320272,0.0532001609501087,0.017814220430846,-0.0145433215270169,0.0375067126253478,-0.0110196197670118,0.0093763493775382,-0.007648871443176,0.0081937530531517,0.0124021298775227,0.0314028762511453,0.0140041601045739,0.0400217923694952,0.0310964408213016,-0.0133391896407929,0.0167735984602614,-0.0053176673889008,0.0072042906938387,0.0170801534246654,0.0087224801102059,0.0106817736674926,-0.0432125430474212,0.0483259263770439,-0.017215311042916,0.0284039992705644,-0.0937926884047829,0.0250840328871293,0.0423684860224016,0.0155050727852299,-0.0416885893913236,-0.0036735015860303,-0.0214565163562513,0.0685549203496944,-0.0610980012681633,-0.0008386756348387,0.0007582550466758,0.0326154316217965,0.0122219569552024,0.0171460754348491,0.0426550789514403,-0.0566875063038707,-0.0044059529768086,0.0090426490306405,0.035064770012698,-0.0523485335742244,-0.0005316666510398,-0.0909090739603688,0.0387215509531246,-0.0189556546052034,0.0093393451617229,-0.0437748164647687,0.0025675097705457,0.0682133731887626,-0.1055860661123473,0.0582458938401315,0.0905981087031737,-0.0117054821047724,-0.0393877182939117,-0.0016926875997064,-0.0179315882069125,-0.0019858856925976,0.0437196703202558,0.0082272429634,0.0391127970411855,0.0622012006510905,0.0306404673676098,0.0417004082671017,-0.0801803625306369,0.0894865417114028,-0.0581406892763929,-0.0207255556396496,-0.0619080083398749,0.0632844111418797,0.1114637945587735,0.1014510372227859,0.0579496208642096,0.0052450063387694,0.0705986886930731,-0.0511959635209731,0.1029253921198267,-0.0119223959934435,-0.0377437357201947,0.1040703716666957,0.0457768019972275,0.0580434865662129,0.099374315142364,0.0853369034172495,-0.1650432708554943,0.0122840706623793,0.1623071224042049,0.0461677406707372,-0.0181940145837021,0.2313799616893581,0.076429471410504,-0.0345933751345,0.0359947864999179,0.1277751123642039,-0.0306182709389634,0.1573301466024894,0.1552789588875762,-0.07570381976513,-0.0073607833554371,0.0438036768706742,0.079299866489239,0.0123220294391319,-0.0707461457895908,0.0593267561243542,-0.0821242845634694,0.0746090293707595,0.123353590336759,0.0375854908596311,0.1175497132635146,target,2460,59,356.0390672838903,0.1605193115546277,0.1781840915446923,0.0183767064440221,2.4521132983386105,2.721962710888089,0.2807248910715401,2.4521132983386105,2338,0.4867715472096787,7,0.0864144975232364,0.0479049890023235,-0.098504373913609,0.0,-1.478933387508897,-0.992161840299228,0.7608729640347115,0.0904092705029561,300.5947270143401,286.7097250883212,356.0390672838903,6.434682138379344,-0.0773489764398734,-0.0171790581937786,0.0209088587522705,-0.1118577037851145,0.3727777526973836,0.0171211341774022,1.0,0.0009986166518081,2026-04-08,57.0,7,-0.1430705735571351,-0.1221016254358865,True,False,False,0.6666666666666666,1.0,0.1666666666666666,0.0204357293639024,0.516160475297976
VST,Falling Wedge,bullish,1,0.6732679519272152,5,50,682,683,2019-06-24,2019,2,20.59188731878865,20.3925098570069,25.485690100627465,19.496969126598973,0.6873965257497013,0.0097769947485519,True,-0.0476989283448762,-0.0543722866586758,-0.002138189036473,-0.0043272012989522,-0.0168882913754834,-0.0204496899236195,-0.00349646436527,-0.0331262828269137,-0.0699961961306521,0.0824247939724347,0.0362046417360146,0.0454144596985033,0.0288031399199424,0.1357354424084378,0.018090187981784,0.0478896108902315,-0.021352266603738,0.0222946047494467,-0.0561250593997985,0.015690844518144,0.0599023142708381,0.2388779109008665,-0.0728703438491633,-0.0619248333280775,-0.0738075381593765,0.0658028750111527,-0.0212685342437639,0.0257791640761306,0.0167044581154915,-0.0938692391517485,-0.0635729413247275,-0.0410004549908049,0.0070791112460992,-0.0662425892282303,-0.0938804757543,-0.0508385375525797,0.0512315988629794,0.0359126461334544,0.0798066293269754,0.0299320050471709,0.0566109273056889,-0.0533286488575168,-0.0056335689713183,0.0170066622974729,-0.0232048721306334,-0.0555761440889271,-0.1033473704048082,-0.1248995780217154,0.1114242714286171,0.1918926063735855,-0.0089471752423113,-0.0637891288164658,0.0603163665539951,0.0127726161740817,0.3685324641792078,0.041948958880329,-0.0095164256974797,0.0529280861859307,0.0411969363137558,-0.1314984826533821,0.0471977623450636,-0.0462727235181107,-0.0402581678198848,0.0958924126723674,-0.1070244180192435,-0.0248276009991775,-0.055031257211362,-0.094329259994489,-0.1254777624615596,-0.004602357639894,0.00768903974179,0.2569281595416475,0.0323422644528514,-0.0588786982352407,-0.1714879808870498,-0.0245332763011941,0.0533615857194595,-0.1616264525215951,0.1732385723799681,-0.0487390744643032,-0.307304954445848,0.0289673809246719,-0.0367114967786333,0.1022433781837328,0.1018876446341838,-0.0735434634663043,0.0007625502067951,-0.0977925182702917,-0.1983508832116828,-0.0057348623713705,0.1524336411406255,0.0095245665485848,0.1245979701751986,0.09940212008733,0.440097945172492,0.2326342149175682,-0.0026693651361628,-0.0448747485962062,0.3119766696205108,-0.0686394067807897,0.3285083661218879,0.2909360716862874,-0.1771227682145377,0.3726036687675005,0.0059072597706733,0.4513211156878693,0.1497896940871623,-0.0251739334746173,0.6648014981384012,0.1493261666002956,0.0404400296934983,0.0579950778241087,0.01987432511576,-0.2156742362785886,-0.0245049120609569,stop,684,2,19.496969126598973,-0.0531723088437183,0.0004184196251654,0.0711297383041334,-1.0,0.0078691265108543,1.3377214540973723,4.46956020709814,630,0.7249268614508877,7,0.1122801222760723,0.0200335496840937,0.0792525212270585,0.0,-1.2231786037167125,-0.4982517422658252,0.2966825344541098,0.1791455942779242,20.3925098570069,19.496969126598973,25.485690100627465,0.4472216680269237,-0.0191464578130071,-0.0437711760221425,0.0217274382838532,0.0844875577313186,0.2637339604528876,0.0041491516639207,1.0,0.0434549963853365,2019-06-24,56.0,11,0.1436355414768417,0.0436150727664399,False,False,False,0.1,1.0,0.1,-0.0261461531922221,-0.6135960561703716
VST,Falling Wedge,bullish,1,0.6153011026889398,3,25,712,713,2019-08-06,2019,2,19.15303653527466,18.73861742224095,19.908938506710832,18.310066224376868,1.4357409883315797,0.0221157785388068,True,0.0161943360274565,-0.0124626986142253,-0.0546104335647829,0.0419484598275303,0.0126052424927696,-0.0168415728453429,-0.0141809158412717,-0.0716264336007193,-0.0076629830878875,0.0357741427833506,0.0241017907429179,-0.0771677155687975,0.0238634873557221,-0.0008168502683278,-0.0997266304401461,0.0326768745466743,0.0335569829519177,0.018748207153822,-0.0305506963062287,0.0026988610561762,-0.007227000327297,0.0133611998303746,0.0232481351829338,0.0701757943768917,0.0501683924402758,0.0683963397098326,0.0314879888647021,0.0596518459575956,0.0075893113588729,0.1525003738236012,-0.0248053191292152,-0.106458341161273,0.0468858485741519,-0.1655652469302335,0.0105236142688798,-0.0798447417890416,0.1929903520303617,0.0443331872682575,0.0400164460387642,-0.0586335984951604,0.0415068126900126,-0.027458118343022,0.0513261340072253,-0.0099291606609472,0.1236932543458282,0.050265445255432,0.1345028043077722,0.1006065499880177,-0.0226317284873309,-0.1115964561529367,-0.0146341886626057,0.1246034864198368,-0.057842938154145,0.1442452194493511,-0.2130159537986078,0.0397639224848525,-0.0606995294419951,0.064354839560355,0.0767183252022372,0.0491639203183662,-0.0503061359073621,0.0609713812838526,0.04466338831636,0.027397543851549,0.0166749762455509,-0.0833330436010065,0.0820849853282801,0.1860620725902679,0.1193705999655288,0.1806066181217966,0.1630598096933655,-0.0077159388656056,0.0077685923975063,0.0317710198862088,0.0409673017704377,-0.0497644446983056,0.1442486199099042,0.120621478924072,0.1743797843655301,0.1696804642375797,0.0043754827684741,-0.0575808328222454,-0.0209450229609435,-0.0415308408686703,0.0491697245817777,0.0810867780236637,0.0212445118672919,0.1028372990051063,0.0716935815551056,0.079414181221072,-0.0390009456524871,0.136470578389523,0.2316818973361976,0.1573339326039218,0.0168979992981717,0.2160710058057857,0.0299004522526327,0.2011803774084384,0.2085665010790383,0.1069201469890965,0.1789659980186053,0.2321619122416551,0.1500609255207612,-0.1730034865939644,-0.0093392734707914,0.0916601595098387,0.4335918565011278,-0.0179241185753104,0.0063190817062417,-0.112536946441591,0.0623353834836968,0.0122013099077979,0.1529414601464442,0.8149635719249031,0.1015851815005687,target,720,8,19.908938506710832,0.039466429777023,0.0679266350353459,0.0218170280307754,0.8967124484266997,1.5433536694366388,0.4957023154463371,0.8967124484266997,685,0.5755234916349015,5,0.079279145035662,-0.098573775595995,-0.3568736884189096,0.0,-1.04995847979346,-0.4744349881585605,0.6680465940198382,0.0558433157753866,18.73861742224095,18.310066224376868,19.908938506710832,0.4154069276147815,-0.0761650788619937,-0.0261496789034604,0.0216401513732753,-0.1069964211694561,0.935251838048643,0.0013810283058874,1.0,-0.0315956479485387,2019-08-06,56.0,11,-0.0062075251072508,-0.0075990492530151,False,False,False,0.3,1.0,0.1,0.0408765611124615,0.9265196916924516
VST,Falling Wedge,bullish,1,0.7032797990966263,3,30,826,827,2020-01-17,2020,2,19.95431617240705,19.710495978014663,23.063563348231938,19.477805379442263,0.943664131562544,0.01237006895536,True,-0.0558221378672437,-0.0334589258300584,-0.0303811636785797,0.0072169302145526,-0.0583282328466114,-0.044344982943966,0.0215705571020625,0.0236884025144201,-0.0694897063546554,0.0086613994109892,0.0126382917533347,-0.2911713029121255,-0.0296138216782766,0.0195248373403413,0.0243749625199731,-0.0240512873009979,0.0566908103300307,-0.0204755833904894,-0.0050040293775472,-0.0257023500861555,-0.003488898125049,-0.0468814010940051,-0.032093809437106,-0.0156998206501091,0.0047897713423222,0.2292089224435765,-0.0128720436860957,-0.044546928224058,-0.0875295322772394,-0.0803709602039151,0.0058401699521684,0.0501948026349947,0.0057780101782334,0.0470309728989768,-0.2006486454009685,-0.0717683188703983,0.1792703798861692,0.1868854485804878,0.1292985138180995,0.0060979955023052,0.0224572140470142,0.0148997970965973,0.033885268765659,0.0337195209376777,0.0094969399931534,-0.038516197053731,0.0187531135056397,0.0011343988906435,0.098857849914079,-0.0519365289195051,-0.0229410961722149,-0.1417057520570593,-0.0662826601365603,0.1317155787284283,-0.0132264579187326,0.1096968292441895,-0.0353536450453639,-0.0693661487857694,0.1344947962203737,0.0031111463343291,0.0089819635497201,0.1020662062300075,-0.0137282130129435,-0.0570196645956074,0.1213426901165577,-0.021461484868825,-0.0303365140916302,0.0044509216457677,0.0091851226866777,-0.4329120065490335,-0.1968890281867839,0.1736453212839013,-0.0344830427185037,-0.1556506717314326,-0.0606934663047582,-0.1304406681630427,-0.003549260876867,0.2478220686019729,0.1918237692959532,-0.109221229916944,0.1607576362412204,-0.1105304013088918,0.5279415164633146,-0.0861300747287103,0.0463403161726887,-0.1748505694772918,0.1853532190770943,0.1009359447247868,0.0411567252323847,0.4762988711281131,0.0735215222942264,-0.5009143828134942,-0.2877303204692327,-0.1320740368741492,0.2638905307753696,0.1197810329817115,0.1340332430149902,-0.0474525976087234,0.0061247946357554,0.0725310018774312,-0.1401204589736659,0.0511549199646232,0.0300039311622732,-0.1208019287466111,-0.0478548833759521,-0.0415554823478775,-0.048823666699612,0.7830324750874673,0.1461624468682147,0.7378522353595245,0.252560723664359,0.0645931819828864,-0.045852087514303,0.0064622627011523,-0.3965164042096834,stop,830,4,19.477805379442263,-0.0238800863355924,0.0039252078141488,0.0379413643058431,-1.0,0.1643715922541918,1.588828606925633,6.525029908513834,794,0.879861381338629,6,0.035196528270372,-0.021811433580394,-0.3874552954614606,0.0,-1.2508626114745,-0.3710012301358681,0.0986579104039947,0.1131227217284192,19.710495978014663,19.477805379442263,23.063563348231938,0.3642524138602243,-0.064940381768191,-0.0619063587320644,0.0182463596558873,0.0613882742353224,0.0232563297315579,0.0025860944095594,1.0,0.0437811202959124,2020-01-17,45.0,14,0.113392115293992,0.1030777982563153,False,False,False,0.0769230769230769,0.0,0.0,-0.0752997855322854,-0.9673515282465804
VST,Falling Wedge,bullish,1,0.6476372607952947,3,31,1258,1259,2021-10-05,2021,0,15.801360374078955,15.678802075477506,18.50462746077106,15.101178467512725,1.5534969823379126,0.0078168152140358,True,0.037812993848328,0.0276796631591385,-0.0132593733578476,0.0429983942409164,0.0176260179277731,0.0280523885012895,0.0117108008944486,0.0006127193429401,-0.009697022053694,0.0552008447210194,0.0708156859175663,0.0690274658157421,-0.0131707713673075,-0.0167104121907907,-0.0050992679629866,0.0238634873557221,0.0433047873221379,3.3766317031336257e-07,-0.017154880915423,-0.0078482036939567,-0.0398863593286449,-0.0513634176831928,0.0283618327908839,0.1175101268991647,0.0677278729107055,0.0019041678019269,0.0268751521860779,-0.0244768240098168,0.0099430946441003,-0.1196160548181241,-0.0323230474862079,0.0057780101782334,-0.0288036586082577,-0.3129366645244495,0.1535143490472559,-0.1619194478524721,0.1080717981822836,0.0923183982446183,-0.0200012653279031,-0.0200012653279031,0.0633202170634632,0.0221866668446668,0.1929903520303617,-0.006008203172553,0.0633202170634632,0.1168033272912265,0.1559046463623725,0.0798919918317619,0.0408252083027389,-0.0018408089438519,-0.0442945165517199,-0.0176897792081907,0.2092198724630898,0.0686919824625633,0.2083165491863632,-0.116022402195583,0.1024448935134003,-0.0616757777813122,0.0010675428917437,-0.0964303861704118,-0.001122133232583,-0.0149778562858758,-0.1066667781422555,0.146111906500902,-0.0263318116909013,0.0499412375630672,0.0573344546573775,0.0096050229180379,0.1355793253495426,0.1954624276169236,0.1460065078316708,-0.1436548376519796,0.0149004165994339,0.5017402657138765,-0.1271329524224794,0.6229819532027143,-0.0811626363099511,-0.0253319223908099,0.046557174348643,0.1119792960155818,0.0771962880506766,0.1937283929085476,0.6169739699934835,-0.0824541180245442,0.2500233200539057,-0.0207369057905858,0.0828059284542079,0.1187346756526948,0.0089684683074,-0.1033184173944045,-0.0701538085937499,0.0958302000807906,0.3119766696205108,0.198847897101529,-0.1704027052891947,0.0840089525988698,0.1361845060845299,-0.1381581006507551,-0.2195484937092529,0.0099134483610197,0.1006537319632425,0.0801412155120633,0.2074369621481515,-0.2033555685015491,-0.2302328909102817,0.1744100406532056,1.1595602914899734,0.0488750203636654,-0.0777884507659754,-0.0448747485962062,0.0130262900857822,0.6117797884801415,0.0296632774945664,-0.0831429312280999,0.237569187841316,target,1281,23,18.50462746077106,0.1710781238257581,0.2094240554898085,0.0093077278907066,3.860806829398415,4.726178926879417,0.2100522182673817,3.860806829398415,1227,0.6567681168954982,5,0.0350513027726902,-0.0356382213844687,0.4243146690174628,0.0,-1.0478981980862172,-0.3911300811907161,0.3261419358364917,0.142117035432827,15.678802075477506,15.101178467512725,18.50462746077106,0.4395836921833306,-0.0476047417047442,-0.0449187891451766,0.0275469380772921,-0.0022702478633171,0.9729724156773412,0.0032313932763632,1.0,-0.0375945907554849,2021-10-05,10.0,2,,,False,False,False,,,,,
VST,Falling Wedge,bullish,1,0.6201792761804419,5,32,1587,1588,2023-01-26,2023,2,21.675457164939903,21.47301806212596,24.12266511891471,20.190693875278768,0.8403227222306459,0.0094276036199589,True,0.0255507093874665,-0.0069518022465815,0.0377574041651311,0.0143290756399996,0.01859899132488,0.0242170172048472,-0.0092617538239142,0.0249999141141346,0.0045226243945599,0.0873334543508019,0.0271456785852757,0.0629021924652524,0.007431986041084,-0.0037562337180166,-0.0260972418359879,0.0125789325065406,-0.0089706045438356,-0.003488898125049,0.0414685520151483,0.0155703509491491,-0.0428892895636492,-0.0373168553396383,0.0131969445471308,-0.0004405144210194,-0.0089377018392661,0.0099326803105581,0.0340649072235075,-0.0305009976610374,0.166928380014887,-0.1495000927791544,0.0582480087172805,-0.0938804757543,0.0487809873982025,0.0215382367402459,0.025300923129889,0.0051222777767081,0.0188173009161112,-0.0075287284920291,-0.1974093146790762,0.0615384000274297,-0.0230638610221092,-0.0212645170120712,0.0852335877937136,0.0406353547888074,-0.0470946815358341,-0.0007354332161059,-0.0149778562858758,0.0030570901625407,0.0997723788010749,-0.0286227503533881,0.0624309312164383,-0.0148087601272826,-0.0454726091163333,-0.0004495247565751,0.0701445402866349,-0.0983512793071074,0.0018560610923279,-0.1480840263950186,0.1123446749172065,-0.0892129311610553,0.067939570832906,-0.1383807769150598,0.0935646709297883,-0.0130399260230473,-0.0556789019154033,-0.0264650157612846,-0.0568606988466787,0.0838286412712143,-0.0088005697193437,0.0399212112645757,0.0557751852676147,0.366892385116319,-0.0281070487235201,-0.0415308408686703,-0.1036995585342149,-0.0203534406178783,0.0072178124221702,-0.0507932382607582,0.5453735133402486,0.0720399806168452,-0.0135903842564701,0.0811620215013557,-0.0935553193881463,0.0449013468752388,0.1009042677498726,0.3568683548023996,-0.3070433617979977,0.0617641435708995,0.0546449149703869,0.0581633372136254,-0.1050880605305885,-0.0093873299954801,0.050134088805674,0.0240109057610402,-0.0645416326169106,-0.0067538793805239,0.0598958588994418,0.1136685663464467,0.150969480936757,0.9049925601637692,0.1718670199466225,0.4401960086094905,-0.1322200982843848,-0.0590262348192821,0.012658282482997,0.0693567337348881,0.0608166893102517,0.0912409524782755,-0.0055604052372071,0.229427394491716,0.2239361161463877,0.0406435761149845,0.0375935219490073,-0.048823666699612,-0.0643827534229817,target,1614,27,24.12266511891471,0.1129022532421217,0.2022025438217305,0.0669605189441634,1.6482142109893687,2.95187294013047,0.9775294622536168,1.6482142109893687,1553,0.3657628762570398,5,0.0474514332020762,0.0786719874393673,-0.0276084625172283,0.0,-1.116800362456559,-0.7510374861995152,1.4776981449673627,0.0956973095720951,21.47301806212596,20.190693875278768,24.12266511891471,0.5183556975675562,-0.0325788110413229,-0.015655136562693,0.0238095201019269,-0.0285120593767818,0.9827582237977968,0.0013291873575371,1.0,0.061221753932912,2023-01-26,14.0,7,0.1678759621327923,0.0860740363929906,False,False,False,0.0,0.0,0.0,-0.0763378142351378,-1.427673356327866
VST,Falling Wedge,bullish,1,0.7755993199772329,3,44,1658,1659,2023-05-09,2023,0,24.061453231802687,22.782642150117724,25.806922056571864,21.634543895406694,2.346496355019022,0.0561309383371215,True,-0.0259999033702865,-0.0172293030047613,-0.0729916540806254,-0.0280867707240476,0.1226233359390651,-0.011558139788185,0.0339059544857347,-0.0199159838469418,-0.0184410793236907,0.0149856336570015,-0.0996154596110582,-0.0417904168626812,0.0433047873221379,-0.0216664648852417,0.0253689262309795,0.0030119275970101,-0.1265821806936338,0.0181820019853493,-0.0257023500861555,0.0090956797268504,-0.0798828382454169,0.0665367819305984,-0.015538987906639,-0.0175999907267113,-0.0181074449212897,-0.0331442014643206,0.0118680829895791,0.0343063560551231,0.0157618085449005,0.0827341045910121,-0.0511296207516536,0.1069149417914256,0.0437376359511509,-0.1335126295555477,-0.0056335689713183,0.0415194413838311,-0.2267752122053935,-0.0264661925462014,0.1186666122037349,0.0044228854256973,-0.0099008008619272,0.1354506969435236,0.2175306456929471,-0.1132075260563405,0.0230204099594699,-0.029408184182696,0.0064000767630432,-0.0242125999150777,0.0544672816290394,0.0044509216457677,-0.3131943924141106,-0.1071227125977573,-0.0601091053443316,0.0407925191955091,-0.0458273618407413,0.1088244872351826,-0.0165679004043198,0.0217922937843895,0.1520218887995261,0.1246696290575777,0.1442452194493511,-0.0086017326063723,0.0831897786532862,0.1337119495449719,-0.042652205226654,-0.0185808245965732,0.3597691806234173,-0.1433302927621107,-0.0171973543282091,0.0767654171221867,0.0132227334916386,0.0294227173255186,0.0947672200902849,0.0225664970270789,0.5663458972546906,-0.1559080684319491,0.1772703611390815,0.0373623816619395,0.0189744370737738,0.4341310212491001,-0.0793251221611238,-0.2109211009060836,0.0734305996594197,-0.0253634897816587,0.0638413816944492,0.0145552081560333,-0.1193561952910451,0.1159482589055365,-0.1521819831518981,-0.0518868269566339,-0.0315171420544031,0.0356576144970812,0.150969480936757,0.0673950338697522,0.1532506114184544,-0.0578649364570472,0.055496149535319,0.0352170414304893,-0.178366421980202,-0.2678004262517354,0.6473329946947011,0.0313056888382032,0.1628472951783515,0.0256411823892799,0.181090821348802,-0.0631491893279991,-0.1079612771795545,0.2585485360927728,0.0043052931490881,0.0568824798635791,0.1745413683060495,0.0808671871852584,-0.1363059972178056,-0.0869439942397505,0.1025227605979442,target,1696,38,25.806922056571864,0.0725421198775368,0.0866459466674834,0.058599962549126,0.7192146812378374,0.8590462619262619,0.5809859631407006,0.7192146812378374,1614,0.5511458308258519,6,0.1345547095978972,0.1766532116637922,-0.4308399469590516,0.0,-0.8830189135935395,-0.331873082767691,0.6082197973547016,0.1199255775476091,22.782642150117724,21.634543895406694,25.806922056571864,0.5798804026714224,0.0545204411034858,0.0300777408407533,0.0244918399605547,0.0939178693415223,0.9483565468589634,0.0089819843246068,1.0,0.0029533376836436,2023-05-09,14.0,7,0.0193981957321767,0.0245403485804869,False,False,False,0.3333333333333333,0.0,0.0,0.0394976972216891,0.7079678123016407
VST,Falling Wedge,bullish,1,0.7375042070880661,3,28,1947,1948,2024-07-03,2024,2,90.98143183696604,85.5365651441914,108.80786878873072,79.96761094622252,0.716760667222064,0.0636554283375312,True,-0.0053203861371649,-0.0138564981449214,-0.027233836458081,-0.0175347476136027,-0.0130548153489795,0.0468540287359129,-0.00722313538283,-9.173657808936309e-05,0.0226130654833738,0.0493069977985476,0.0356535171040817,0.0437471274475553,0.0647999685822655,-0.0111200067910048,-0.0243632603167359,0.080811704509627,-0.0147059681955857,0.0412320313522169,-0.002678825279558,0.0413362243514898,0.0408632177008176,0.0253689262309795,-0.0240494100037849,-0.1688381778923657,-0.1704509453812455,-0.0070343210669264,-0.011363782243955,-0.1717013340570962,0.0516430520919972,-0.0302871960197642,0.0641686135466004,-0.1523098472439231,0.0117142256003301,-0.0605043473564825,0.0535941271018864,0.0633202170634632,0.0232309978311577,0.0914442325129225,0.0450886722133889,0.0149999222800751,0.2292089224435765,0.0045753594455004,-0.0535019336087734,-0.1331057888139001,0.0686380029416493,-0.1739290676254521,-0.1743756491950144,-0.1584995010477915,-0.004008444697071,0.0866306671272021,-0.029761803387912,0.0339127630946822,0.1289681981389474,-0.0216665043197969,-0.0261826595498232,0.079521270633132,0.089233439559194,-0.034285746911762,0.0649396310858183,-0.0169341764232299,0.0184124279097832,0.0164981461896804,-0.0400000186141089,0.0903528330851657,-0.0451706835715008,0.0921103252737647,0.0544156585936073,-0.215384070918846,-0.1904557118098608,-0.0806731820078159,-0.092598325567321,0.061988516715663,0.0845193005333213,0.1881507483820661,0.052654695077287,-0.0464740716342981,0.7076289640771507,0.1778556955504595,-0.228492876247416,0.0119785709615622,0.1269653886352777,-0.0191081889304097,0.4018499524408307,0.164203771675258,-0.1052141516505034,-0.0207369057905858,0.1167201634641037,-0.0523754566830574,0.0904162864193536,0.0608404344213837,0.0921375479735624,-0.1739486012773664,0.2812151377064293,0.2423351393692387,0.0238269992009501,-0.0628640698966084,0.0275105961205366,0.0117336199917224,0.5163180154164371,0.0840681354546526,-0.0843017243818614,-0.1509375968925869,-0.1112291767878015,0.0361637063047017,0.2737101555012955,-0.1133462256585815,0.3697570817133484,0.4489599963601192,0.2243141091800096,0.1194913536200643,-0.1696613207091951,0.9445898249943464,0.1864865466764411,0.0919837106227525,0.1478864508648922,stop,1956,9,79.96761094622252,-0.1210556997001289,0.0423452457355595,0.1740499550401057,-1.0,0.3497996859334528,1.4377675356984478,1.6185515570483615,1917,0.7100816576121951,7,0.1224712798522308,0.2709719729854192,0.0128106203343549,0.0,-1.0622568583309338,-0.3521752007187451,0.3579927096389902,0.2342951418879476,85.5365651441914,79.96761094622252,108.80786878873072,4.431955676113605,0.6640154235213036,0.0402590090386016,0.0489145715828685,1.4238527513201324,0.8410039503611152,0.0022805047112948,1.0,0.0470278868525411,2024-07-03,35.0,8,0.3559183839068711,0.2599934293374644,False,False,True,0.0,0.0,0.0,0.0731688191821875,-0.1395352063298316
VST,Falling Wedge,bullish,1,0.6799069261507518,3,22,1968,1969,2024-08-02,2024,2,66.00845794346117,71.55228095019902,103.56473116620418,66.99347310665257,2.5697842923466228,-0.0774793330571306,True,0.1768930951697886,0.1351646356521503,0.0249999141141346,-0.0496962082429879,-0.0308942760924375,-0.0283019494525988,0.0261537802667013,0.0036116401328687,-0.0326992285318196,0.0338981377000626,-0.0010461425781249,0.0122992209273096,0.0743769036539325,-0.0147059681955857,0.0298328347408671,-0.0824061836687635,-0.0107596059201322,0.0248000252915678,-0.0079288708609424,0.0773651567382203,0.0708156859175663,-0.0060172780971168,0.1712082157776526,0.1875186708990854,0.1041200179076473,0.113453962404743,-0.0473433006818377,0.0976811311323502,0.0971140263310441,0.0867562526871683,0.1463422798487501,-0.0651179450424987,-0.0620011852516111,-0.0394169509234297,0.0418882344146589,0.0396188055139143,-0.0092294099129569,-0.0007422653256218,0.0406353547888074,0.0769233553084292,-0.0128439154822856,-0.0248053191292152,0.0460653628444804,-0.0043976506710899,-0.089577537425657,0.1659685066276783,0.2785093879755429,0.1767970542960115,-0.0359636524023411,0.0343066651160313,0.0070807583479057,0.0116522673519567,0.1283243781966592,0.1065578116186516,0.0382353697424469,0.0496748876994666,0.0278489046620382,0.0403758754937331,0.2630206450301222,0.0623452769475327,0.072629822686955,-0.0054055340154876,0.0499412375630672,0.0219059026092411,0.2453327390014912,0.1118245658097027,0.070499863583892,0.1229875300102447,0.2073506222228774,0.778238197778282,0.653384766153102,0.2710039292704065,0.0779816963484931,0.2858777424206864,0.2416482109521491,0.0804918168780908,0.1105418402706084,0.0276278897270254,0.0345403557202672,0.2075319127793669,0.3792488537402467,0.2917674822189777,-0.109707637697087,0.0456668839919061,-0.0443954153838512,-0.0390590943754456,-0.0242039943303993,0.1420256765969196,0.102884204975076,0.1395089973845751,0.0432433614956215,0.6650269621291003,0.9168488453030754,0.7781348608568939,0.183670399467744,-0.0192895691476092,0.2688907202106396,0.0512157943042588,0.1673329704202035,0.3779908222042252,-0.0482769880526864,-0.1208019287466111,-0.0580252465931211,0.4401960086094905,-0.0159191792708859,0.1593468167977136,0.6839017239494494,-0.3591978564860093,0.3344147323994655,-0.2926797228646294,0.0359968804551722,-0.048823666699612,0.4159686596130658,0.7363284066133076,0.7722368564438968,stop,1969,1,66.99347310665257,0.0149225598336975,0.0693654917300079,0.0047889807884721,1.0,4.648364121373435,0.3209222038204112,38.12760922487968,1944,0.7509414009510611,5,0.0166906939475495,-0.1680792561608288,0.1391033415886526,0.0,-1.4297300639013797,-0.6787886629503324,0.271131746547119,0.2516348925996185,71.55228095019902,66.99347310665257,103.56473116620418,5.167892264010624,0.2032016118549375,-0.1648071241996968,0.0722273703479063,0.6844460166487818,0.5494738127055914,-0.0230141724399619,1.0,-0.0391963745699454,2024-08-02,35.0,8,0.3150264431209442,0.1540448947888608,False,True,False,0.0,1.0,0.1428571428571428,-0.1776033295769765,-2.660411466148772
VST,Falling Wedge,bullish,1,0.8629715282028428,3,31,2244,2245,2025-09-10,2025,0,207.6905275473808,193.33605464538505,222.0211556476795,176.5860812501826,2.6628223592883464,0.0742462285595131,True,-0.0022511166471701,-0.0098942069419094,0.0549536354067865,-0.0061321750584107,0.0973533641151076,0.0836840354345862,0.019713150498106,0.0146417519825632,-0.0129601517609387,0.0118476350989698,0.0133000182787772,-0.0076008908617893,-0.0381186741665777,-0.0217263886967238,0.0016570751140423,-0.0521339955464923,-0.074543479749584,0.1517108954512749,-0.0400157606528237,0.0424862930930545,-0.0072034253334458,0.0608600848724183,-0.0168397665231151,-0.0311451020924576,-0.0445248339494693,-0.0627879691829651,0.1282110147983794,0.1071428347581531,0.0302164123262758,-0.065164348842318,0.0016919370245438,0.0415365877228941,0.0512532674533181,0.1929903520303617,0.1238468967800152,0.0924171015167831,-0.0030685032820931,-0.1244201526294846,0.0869567461620588,-0.0377962580185625,-0.0163068374738795,-0.0207853868491217,0.009784565227237,0.0194792496682936,0.0177562001100324,-0.0597927875574537,-0.0096160773241099,-0.0414056628403797,-0.0490234445632806,0.3927162797262147,0.0908723040181476,-0.0449678948256081,0.0558018141861336,0.0602959068002597,0.0445225158441604,-0.0461835281592688,-0.0076306622529114,-0.0034166473331519,0.0389259374361201,0.0529280861859307,0.2439299608528766,0.1105893078442945,-0.0699941825064665,0.0283767357801216,-0.006132529200351,-0.0476485336012186,0.1044616153714887,0.2933853301922655,-0.0717064959138978,-0.0918963665203682,-0.1305379992726638,-0.0033809901101553,0.0488134433485138,0.1897039478852282,-0.0545906248740257,-0.0815581972433349,-0.0667197506626929,0.046557174348643,-0.0187989201263868,0.0805659578811077,0.1743797843655301,0.042057481817963,0.1307695050516761,0.1225628413044972,0.1525420543805573,0.5480235642775741,0.1323817462401568,0.0958245353329498,0.0893089955017687,0.6574570475951822,-0.0681632677768694,-0.2027831829472624,-0.1557641070865293,-0.2048445558948323,0.1743793613142183,-0.1136001990511104,0.2164835918196699,0.1136685663464467,0.5461199955686045,0.0265707662338225,0.1405002184554913,-0.1084103422447164,-0.0413037292865966,0.244070489486269,-0.117159928427138,0.1352658795049794,-0.0997068608929114,-0.156743100446009,0.4078341797594447,-0.0011392260765726,0.0853609637598473,-0.059196635644524,0.1067692954351833,0.8501085215190134,-0.2732576974431999,stop,2286,42,176.5860812501826,-0.1497634324709503,0.0540121975639767,0.1532228971181256,-1.0,0.3606501044535924,1.0230995283033884,0.460726031364511,2213,0.4185475305356324,7,0.0599635670371729,0.1068187782788958,-0.2785587271785795,0.0,-0.8300338735015393,-0.4114863429658981,1.1580005627931989,0.160191314924452,193.33605464538505,176.5860812501826,222.0211556476795,7.761999290133095,0.3057104711583873,0.0687601336479621,0.0372960918777051,0.8348824647986328,0.7150623619838355,0.034781721831395,1.0,0.0148127052079045,2025-09-10,54.0,3,0.7484505323175488,0.2749563504550061,False,True,False,0.0,0.0,0.0,0.0143935554154845,-0.0242984535982985
VST,Falling Wedge,bullish,1,0.8095240804210484,5,70,2332,2333,2026-01-15,2026,4,167.08775690387606,161.55996316118944,225.43167595099797,147.18609741911337,2.9259947738414107,0.0342151213365373,True,-0.044344982943966,-0.0379585385326126,-0.027918991505314,0.0644768547218708,-0.0400157606528237,0.0820679454947608,0.0079144030979816,0.0288031399199424,0.0011435947387523,-0.0470957506722763,-0.0326458205297639,0.0111359205911782,-0.0442606710003311,-0.0010573571064792,0.0192001422256884,-0.0137348540453166,0.0513461234704855,0.0220004151894688,0.032598685086401,-0.0358304649765988,0.0207737796184848,0.0151644130899377,-0.0500482702817684,-0.0549089299014162,-0.052472649248247,-0.0938804757543,-0.0844818808778539,0.0340864054492813,-0.0170492659785516,0.0165106492871454,0.1586277792701438,-0.0489941422445927,0.1124774603025089,-0.0543015723694219,0.15855063009151,-0.0812629815863651,-0.0476456022758819,0.0831331541468116,-0.0583545033620983,-0.0101545495227106,-0.072469355301144,-0.0136673816664784,0.0501948026349947,0.097974330801666,-0.0024425542457435,-0.0612514772413622,0.0235154861565685,0.0406852690392958,0.0296337799608359,-0.0651874730297259,0.0029200169728988,-0.0787517495210045,-0.0071548568731215,0.0966467106362247,0.058759556252413,0.0039194579476908,0.4126577759535637,0.2905033653430335,0.0571265774974703,-0.0155783900189279,0.2439299608528766,0.0577686669390966,0.0995457942634141,0.086969040246462,0.0100816139597235,-0.0423179053327716,0.1088244872351826,0.3597691806234173,-0.0619877943388691,-0.0331840640362673,0.0023231616850276,0.0264698497224662,0.0576479814669388,0.0620558307629759,0.6574570475951822,0.0144308740821959,-0.0387877873189225,-0.0864655816436079,-0.0888708976469081,-0.0249999872518565,0.0231538291892963,-0.0432348694186243,0.2416484032845209,0.0620614782298853,-0.0588533648924635,0.0791009463754859,0.1295931387656759,-0.1481712309322292,0.0582934997047022,0.050742621258518,0.1555859009493683,-0.0896269481503973,-0.0200317774756514,-0.0239193325236776,0.0998623496188375,0.1277753105552854,0.2285714730607666,0.5798029874582289,0.3812504669169883,0.0094127022746168,0.4019992233842211,-0.1574665580851515,0.0840089525988698,0.2238140674524764,0.0570566256740316,0.0674694610248083,0.0733361653078781,0.122134363278501,0.0784925024248193,0.1354035541757878,-0.0822459306575495,-0.0257897489010214,0.1115227355615879,0.2074369621481515,-0.1562241607392581,stop,2345,13,147.18609741911337,-0.1191090230280123,0.0213070247711477,0.1687854061408071,-1.0,0.178886739471759,1.417066497985731,2.9316107579768285,2258,0.595641542004028,7,0.0822277179588544,0.0513584012555885,-0.0526032943774731,0.0142857142857142,-1.7333273247754464,-1.1376857827714248,0.6548783390726385,0.1861680593044535,161.55996316118944,147.18609741911337,225.43167595099797,8.853435914538844,0.0267014211220228,0.0555227721028304,0.0492725549536564,-0.0075524358358578,0.7812496493846015,0.0238503612311085,1.0,0.0227075641901244,2026-01-15,22.0,10,0.2298839101712597,0.1974640009961046,False,False,False,0.1111111111111111,0.0,0.0,-0.0120532797609539,0.3554010229263247
VST,Falling Wedge,bullish,1,0.7213385459125418,3,28,2490,2491,2026-09-02,2026,0,145.0,137.09411730360534,167.42752958328265,130.64461600732238,1.1275652695418268,0.0576675560694299,False,0.0141379520810882,0.0272516478800987,-0.0730636249404017,0.036178178570176,-0.0222580934975645,-0.0084287492666924,0.0065761168170019,-0.0689496266043332,-0.0170978653309897,0.0490503993417721,0.0275304511549627,-0.0024772214082551,-0.0632422232677627,-0.0164025939303195,0.0131237285374947,-0.0699961961306521,0.0258527575625335,0.1039410629528743,-0.0699961961306521,-0.0127005992051357,-0.0429127605490039,-0.104175567614225,0.0296103832280468,,,,,,,,,,,,,,,,,,,,,,,,,,,,,,,,,,,,,,,,,,,,,,,,,,,,,,,,,,,,,,,,,,,,,,,,,,,,,,,,,,,,,,,,,,,,,time,2499,9,141.2100067138672,-0.0261378847319504,0.0682758199757543,0.0326896930563038,-0.2640119754418279,0.6896362996304493,0.3301900872579821,1.5623078835593995,2462,0.6167146922258213,7,0.1122231353422921,-0.0231973559216209,-0.3051560289890914,0.0,-0.9628140552212532,-0.3460993629954291,0.3319426013087292,0.1583980192093745,137.09411730360534,130.64461600732238,167.42752958328265,4.623713902064732,-0.0906018341269215,-0.0460458949635924,0.0322299852619328,-0.119387424218554,0.9046707252166576,-0.0018829265888484,1.0,-0.0060146338806297,2026-09-02,22.0,10,0.0230683412818917,0.014097708024674,False,True,True,0.2222222222222222,0.0,0.0,0.0956049023954474,2.1560198480709043
WRB,Falling Wedge,bullish,1,0.7147361489668488,3,55,1483,1484,2022-08-09,2022,0,38.46275785271582,38.029632680342615,45.65509260935656,36.88898071407522,0.8226547108845355,0.0113891495091165,True,0.0526317883150049,0.0265561724555969,-0.0120680684601728,-0.0130115635853268,-0.0552748282018579,0.013014897317213,0.0093410130259747,-0.0319376959466969,-0.000899120938428,0.0511009504468227,-0.0098823228693375,0.0357549073485983,0.0055436538349198,-0.0126993476178156,0.0195366242642383,0.0018780372942694,0.0091629139920135,-0.0287283734162555,-0.0433007544471986,-0.0261047118863061,0.0506834478090258,0.0054666311807403,0.0542529738577839,0.0350878193855046,0.0504420976203594,0.0133530325021233,0.0861881523309839,0.0090649696455851,0.012545006866673,0.020656465539085,-0.0547420383084967,0.0130773548362757,-0.0328275564843224,-0.0754518058951541,0.1118548748286933,-0.0143604605661941,-0.0095590234441694,0.0734163291511877,-0.0184338697204354,0.0042600856157319,0.0067568351295501,-0.0014603184398038,0.0075793511667305,0.0108115986207941,-0.033954888339907,0.028649114633758,0.0567409720015881,0.106886717906499,-0.0224932637689586,0.0391058992651911,0.0215294180015366,-0.0503460184024928,0.0038213479682758,0.2317625906234119,0.054769119661675,0.0197277849735344,-0.0903056846577193,0.0313067662908679,0.014662264834202,0.0567130172273047,-0.0486229068236936,0.033131791705657,0.0389968264026987,-0.0269413996483948,-0.1009298558454803,0.0547782340304578,-0.0335821930158125,0.0367252511311075,0.0435505225039196,0.0761128096157697,0.1719651577445183,0.0735158756702447,-0.0534750874155757,0.0150987924777279,0.0447542796544406,-0.332021200695786,-0.0702805496699666,-0.212296689968141,0.1141161704084192,0.0137860421234987,-0.1336836277686467,-0.0527832895266906,0.2098461194708329,-0.0389075398174985,-0.0482721905239651,0.0521304062238183,0.0303420163055312,0.0165034763285114,-0.0811331065239976,0.1375266099177277,0.0424970326409355,0.0897496326501986,0.1766322972893297,0.2778072562656137,0.0247281061423536,0.1197584919268237,0.0809445443358132,-0.0603052685923477,0.1139077505662764,0.097007627596596,0.0960467581675579,-0.0042239649483093,0.2284380280836715,0.0895779947632793,0.0091908346105138,0.0332752578028081,0.1704771438872112,-0.0546596913228649,-0.0357244336272217,-0.0338958400804639,0.0405207078324376,-0.3663127495438318,0.0615509766350683,0.0612685329739512,0.1430537569288635,target,1542,59,45.65509260935656,0.1869947751584042,0.1953119802407922,0.0331131225443544,4.570110074704315,4.773380688592883,0.8092772368462172,4.570110074704315,1428,0.7526293080678991,7,0.1253276077164957,0.1143673046173892,-0.0495223480364943,0.0192307692307692,-1.1675221140154315,-0.4148928059475306,0.2320444039751237,0.1516655650140901,38.029632680342615,36.88898071407522,45.65509260935656,0.8350142962586544,0.0342160782771967,-0.0457818721357335,0.0218096430840488,0.051392980055569,0.8686876860387763,0.0045124731745918,0.0,0.0801406968446767,2022-08-09,59.0,7,-0.0437616008678982,-0.0434963715273317,False,False,True,0.1666666666666666,0.0,0.0,0.0059032420079363,-0.3171669904664511
WRB,Falling Wedge,bullish,1,0.616560078836076,5,66,1943,1944,2024-06-07,2024,3,50.24233034967568,50.16295441331292,58.430111869763806,47.81281819180798,1.613219081290787,0.0015823616709007,True,-0.0231249560555124,-0.0411304638985254,0.0046499741034595,0.0455005247632829,0.0150572289303192,-0.0274905733441045,0.0114128298297517,-0.0316175766211,-0.0177678563863143,0.0194923640009336,-0.0571906256979637,0.0251959949483187,0.0176164106508205,-0.0463708941239473,-0.0016364775877654,0.0003542646529726,-0.004185136470407,0.0107398151515216,0.0034153881908709,0.0195366242642383,0.0036265680045661,-0.0234266481658617,-0.021470566010192,0.0183441340253773,-0.0028702254563304,0.0172006180001083,0.0192542482383142,-0.0016239025010095,-0.2493265039428438,-0.0310589833190007,-0.0449231703173083,-0.0006946978102669,-0.0169767189481965,0.0350878193855046,-0.0339716577716497,0.0435152443006454,0.0190768299328161,0.0547598066861974,0.0545724004777348,-0.0008740818473975,-0.0287673209941826,-0.0073266108632431,0.0465901987855896,-0.0132053246654757,0.0346004328972422,0.0235487027391984,-0.0079837247847159,-0.053809076986795,-0.0457541939674203,-0.1207538506174361,-0.028639804033117,0.0522432656866995,-0.0082620617178726,-0.0168256200243259,0.1100537479000598,0.0001272980769724,0.001903633685945,0.038659200553039,0.0186847736606685,0.0009680415105242,0.0251722259946667,-0.0435805584675798,0.0444019467722711,-0.0664044037230154,0.2317625906234119,-0.0133369699850036,-0.0656934826955218,-0.0332813401445571,-0.0120559467391364,0.0411447004181857,0.0586722721793296,0.0181094488120496,-0.1082977888839428,0.084757899681447,0.0438820092997926,0.1151396115566685,0.1066705407957393,0.0035161663171978,0.1271318275320641,-0.0163527314289912,0.1098799689355811,0.0866350830830648,-0.0111408629117494,-0.0437746319457653,-0.0252052912747238,0.013095547976601,0.1111178620361224,0.0794850882356954,0.092450066421341,0.0030839296851488,0.045280266041876,-0.0006285000800751,0.1446924514869354,0.1080302252520584,0.0866420269431926,0.0575800970253888,-0.0468356819808959,0.0193059062531286,0.1644460872012014,0.1525518493776063,-0.0565233431238267,-0.0862761944663413,0.053533095371675,0.1497544432493731,0.1142604058071403,0.1704771438872112,0.0834356260764932,-0.0658990042471311,0.0059913873925554,-0.0114721117327194,0.0147842334088224,0.1348253877664254,0.0656608548316921,-0.1187372392186512,0.1003172029958184,time,2003,60,57.51201629638672,0.1446924514869354,0.1579192787978909,0.0404999900610894,2.9922410238487447,3.265771915671233,0.8375401099427786,3.3701339973018456,1874,0.6499928837315481,6,0.1964832416977552,0.1744112050676738,0.0945442131888276,0.0461538461538461,-1.1246343909606829,-0.4746415072291357,0.4918578248580678,0.135946077567182,50.16295441331292,47.81281819180798,58.430111869763806,0.8339326547200022,0.0808751308737374,-0.0067077938995367,0.0165568163898079,0.123906080037603,0.4380957052005189,0.0043965046164839,1.0,0.0266067087801831,2024-06-07,21.0,11,0.1575689194995906,0.1088668500138181,False,False,False,0.0,1.0,0.1,0.0241259359979869,0.4777265855308895
WRB,Falling Wedge,bullish,1,0.7152307462863838,3,38,2094,2095,2025-01-15,2025,2,57.755851135435,54.921385765275545,64.89462189923574,53.87185216666296,1.186410547308064,0.0516095020302922,True,-0.0497411782424911,-0.0759626808382011,-0.0604611713135322,0.0303642280711269,0.0005886381729709,-0.0537146755697039,0.0216495976651271,0.037488008892029,0.0176864438580934,0.0024254865288286,0.0450026400224843,0.0749574864801654,-0.0060632380903491,0.0234475231692823,-0.0269580119839146,0.0109160081806629,-0.0026410104090357,-0.0244601325612368,-0.0666849537620889,0.0036287156785297,0.0106612787485138,-0.0171583054393429,-0.0507749060594216,-0.0103488256019704,-0.0286432786261793,0.0244751231771742,-0.0178196103745221,0.0483125368435288,-0.0371509241629769,0.034850116427449,-0.0033115299808025,0.0181227544065434,-0.0040567924670559,-0.0128871040775118,0.0048997639323253,-0.0105317691947552,0.0100938576747382,-0.0243696547849289,-0.0463491901265705,-0.0834376872837348,0.0222860421308919,0.0531196663973199,-0.0230270247027772,0.0195344572247126,0.0232078238529209,-0.0101468683475689,0.0263729150363725,0.0001851601276481,-0.0083778403946396,-0.1158591765354178,0.0254910522913498,-0.0084461586973231,-0.051750956075696,0.0666291472298692,-0.0830400370708828,0.0646766986445357,0.0003444679928037,0.0356365139724026,-0.0496567429080069,0.0943568570159512,-0.0282046669398589,0.0313067662908679,-0.0479242005335405,-0.0771875943258904,0.1213747008036185,-0.0067265449634226,0.0373175991942134,0.0631099766247955,0.023219421955586,0.0567566251130846,0.109536159146516,0.0012336363628422,0.1837340451903681,0.0185115707661911,0.039496641452225,0.1189756831336925,0.0849794103646905,0.0009828411385941,-0.0108912334291723,-0.0398803226261793,0.0788319308602387,-0.0558031505114461,-0.1051013548830909,0.160565715291667,-0.0295545540457932,0.0605443520364483,0.0725785927757001,-0.0752709834144972,-0.1223325286347333,0.084757899681447,0.0421825879663415,0.0313295861393079,0.1439978721089903,0.242662976386461,0.1377920686971512,-0.0469471948239281,0.0622476472077122,0.0017042004700849,0.2520843997664193,0.0940255569681727,0.1723496000975148,0.0424682212669667,-0.030347121680366,-0.0263921109853306,0.0342608509237991,0.0587649474059965,-0.0415262981174786,0.0239639621387781,-0.0084922559799834,0.0764604216341484,0.0744938211965406,-0.050331257523318,0.0694012884384644,0.1811625656137934,0.0901407064732334,target,2144,50,64.89462189923574,0.1236025549525818,0.2765311447108572,0.0509097764144321,1.837995020389443,4.112074116559604,0.7570386839880736,1.837995020389443,2054,0.848495066270692,5,0.0018871380854742,0.0529567814896472,0.1777548310960317,0.0263157894736842,-1.1896149858568188,-0.3411199195861336,0.1475425718217234,0.1433198175149178,54.921385765275545,53.87185216666296,64.89462189923574,1.0129327575245155,0.0737624483525043,0.0021129359135998,0.017529407964554,0.1182676899242272,0.951218377543512,0.0114352158233974,1.0,-0.0156151901845196,2025-01-15,10.0,13,0.0816650405872336,0.0418371990348946,False,True,False,0.0833333333333333,3.0,0.25,0.0155226623712559,0.4617316553399336
WRB,Falling Wedge,bullish,1,0.6761846509376674,3,24,2395,2396,2026-03-30,2026,0,65.0434903620111,64.68120053435803,74.3804148072262,62.45347271166679,1.8994269612690844,0.0056011611513089,True,0.0159988910020689,-0.0157411148052994,0.005083148688036,-0.005215598611629,-0.0235459316142337,-0.032843431131704,0.0349927515730237,-0.0233378807483769,0.0107715377547417,0.0148720388195509,0.0128914076711907,0.033258256588597,0.0191105306439696,0.0022292575823359,-0.0151684410982143,0.0164361773261734,-0.0016364775877654,0.0285359470361754,-0.0075200327211896,-0.0285155909980141,-0.0830998196515954,0.0182392793670771,0.0172220345576615,0.0054853425006127,-0.0814086535062807,-0.0164875928044853,0.0338322280236789,-0.0415387138833517,0.0316829108295724,0.0067968729632945,0.0154763214431548,0.0484591712442401,0.0128491906783625,0.0046405388322752,-0.0587252883774258,0.023891617045507,0.1002713532030854,-0.0011802222446853,-0.0086708144755875,-0.0172783266964883,-0.0418492254200035,-0.0412352595333759,0.0282664723924475,0.019969738167856,0.0200488308700401,-0.0004756476122928,0.0227031080021271,-0.0911573382304695,0.0257323097729049,0.0146707632895257,0.0993032226369163,-0.0014164170586816,-0.0581363034279113,-0.0265549025060232,-0.037126387937362,-0.0296380978541048,0.015832867472435,0.0008799902987195,0.0381134406429344,0.071905834364075,-0.055348442729413,0.0086256096746599,0.0305103855602109,0.1663968569769038,-0.0922713204731384,0.0652085821844241,0.0686091209982844,-0.0271903181786745,0.0087977683167928,-0.0051804572722073,-0.179719582583542,-0.0274309786234089,0.1249056589859285,-0.0609127170252723,-0.0367031285496602,0.1036507472126719,0.0311280289219286,-0.261533214156211,-0.0101866697169301,-0.1305402979446736,0.0051435701484312,0.1082280803797275,0.0750428988571463,-0.0086583969492981,0.1832048595678412,-0.0020117947500372,0.0963704719331195,0.0479878704377114,0.0443746518293974,0.08221334792195,-0.025572450448032,-0.0221154841738239,0.0652872490372447,-0.0869206827322444,0.0544664897152389,0.1592496425727545,0.0347021149135426,0.0175439957857992,0.004574315798687,-0.1680754630849467,-0.0821758406548175,0.075251378394775,0.0213209139640537,0.0936464023793968,-0.0197869593336881,-0.028742091532891,0.1361005141562097,0.0027043850988293,0.0627158966887879,0.066373751458016,0.0839650642243647,-0.310246580442466,-0.0640851332183481,0.0077127208696159,0.0579264731495989,stop,2438,43,62.45347271166679,-0.0398197826704733,0.0528722758043276,0.0420538776317924,-1.0,1.3277891605253007,1.056105152049856,3.604965566151214,2371,0.476278945910407,5,0.0795822047980622,0.0685460880146322,0.1688229874220574,0.0,-1.7359755080164048,-1.259696562105984,0.8371586808806152,0.068865958549011,64.68120053435803,62.45347271166679,74.3804148072262,1.3082036694056594,-0.0611675580091382,-0.037362595795868,0.019924525368158,-0.1118403229686564,0.8623175586023879,0.0088045277306787,0.0,-0.0767564293263763,2026-03-30,1.0,14,-0.0014856379792154,0.008067552187897,False,False,True,0.0769230769230769,1.0,0.0769230769230769,-0.0507683405069211,-1.187913828789247
WRB,Falling Wedge,bullish,1,0.7301864320082602,3,25,2504,2505,2026-09-03,2026,2,68.8499984741211,66.99961374497286,77.02845962795334,67.15722629291014,1.1046724488378843,0.0276178417414691,False,0.0152505893250307,0.0252505007777656,-0.015188996374481,0.0240014708805071,-0.0068336584239121,-0.0369941794787865,-0.0016928624928588,-0.0115616338520277,-0.0790788206304129,0.0228494144976922,-0.0018298084442719,0.0347408411417533,-0.0023825194654059,0.0665453038999774,0.0075678357425035,0.0004596943725907,0.0136279528061036,-0.008352145787861,0.0063457006033653,0.0215595586815242,0.002227644643401,0.0343769012968875,0.0117312046442163,,,,,,,,,,,,,,,,,,,,,,,,,,,,,,,,,,,,,,,,,,,,,,,,,,,,,,,,,,,,,,,,,,,,,,,,,,,,,,,,,,,,,,,,,,,,,time,2512,8,70.50499725341797,0.0240377460562899,0.0379085064371147,0.0091502871079186,0.9776854780972012,1.5418498952909607,0.3721689548130976,4.831400967365635,2477,0.986083073357393,6,0.1362492255520354,0.1045533523810051,-0.1419259541621004,0.0,-1.659659248449315,-0.6735761750919166,-0.0264511926653358,0.0761586636478242,66.99961374497286,67.15722629291014,77.02845962795334,1.181429726736886,0.0115776639633384,-0.0222642383127708,0.016998988873912,0.0080018235756911,0.7286835459508052,0.0083675817945092,1.0,0.0059982114164236,2026-09-03,1.0,14,0.0884142549703583,0.0808839558165033,False,True,True,0.0,3.0,0.2307692307692307,-0.016136549857595,-0.1405888948210769
GWW,Falling Wedge,bullish,1,0.6773141751553295,13,136,588,589,2019-01-18,2019,0,275.095912278888,271.6819325393661,356.0224324035084,233.5200677059848,1.1794928882761455,0.0125660904558946,True,-0.0483829892694419,-0.0443802874527908,0.0122972254583553,-0.0329224171460097,-0.0477719164797789,-0.0243848680953574,-0.0546028339165766,0.0420557408617323,-0.0329862618829385,0.1679282452079069,-0.0087305978362782,0.0170425016530881,0.0728639285664662,-0.0514561899819159,-0.0002997926657831,-0.0121533285578941,0.0082628748703827,0.0071163220865984,0.0174866716410373,-0.0226581707757663,-0.0093711721195614,-0.1056693202810343,-0.0454853212997755,-0.0165009092699364,-0.0434627794574247,0.005189052503975,-0.0456378300865762,-0.0235882340281941,0.0158927616330875,0.0356605057794894,0.1053102062418553,0.0532810776190226,0.0241585497761924,-0.0100842472484188,0.0647979422260742,0.0018646442578922,-0.0012429947490941,-0.0381647723796442,-0.0163932102454344,0.0597076989422387,0.0926125529970645,0.0765930068668514,0.0440622045697425,-0.0103415702839678,-0.0208717085653377,-0.0371411910612773,0.0409996771200753,-0.0082039721297546,0.2149128737967156,0.0184827320866209,0.0322012961666513,0.0938664799997071,-0.0091946643824366,0.0821823717446681,-0.0211764562221017,-0.0139594336851415,-0.0824846554242227,-0.1864741760076796,0.0371436885630762,-0.0038531715420498,0.0220270228295684,0.0327555590282082,0.0757887793347817,-0.0710444117263714,0.1135617897913072,0.0275119446669607,0.0170835032277494,0.0330352255771069,0.0203813622289194,-0.0089906557661765,-0.0800723633155582,0.1319832959638733,0.0328685142798748,-0.024201326767587,-0.1251974727668782,-0.2472780880730137,-0.0332562440310846,0.1421780532227303,-0.119594858874358,-0.0291961675713948,0.1457367125662521,0.1827177190387752,0.0259144528346646,-0.0079943533846162,0.0937764188367038,0.0177459214284219,0.175510124001387,-0.0823039129231048,0.0399069312503272,-0.0522489488944059,0.1307932498590815,-0.0288836567659589,0.0123819504381712,-0.0881320901874225,0.023397417758165,-0.0730034447559448,0.3180237723296693,0.1724854916034683,-0.2894325866605839,-0.0921399218746029,-0.0548735171040014,0.0295365803136331,0.061334224198841,-0.1446167001465557,-0.1066718161804903,0.3813361910112876,0.2306737611327023,0.0051514519123427,-0.0336434211508781,0.2153051008407545,0.1856656401608716,0.2791106677284409,0.3028882904524368,0.1388392630730017,-0.0650863717939566,time,648,60,278.50213623046875,0.0123819504381712,0.0550607081374813,0.0754559318775289,0.0819279556812829,0.3643215403415747,0.4992711183606616,1.9464792827651565,452,0.5239541406147095,5,0.0672620094335402,0.2760824057606854,0.1582923365101582,0.0166666666666666,-0.7758369090468135,-0.2518827684321038,0.6699934825850202,0.3554240486907021,271.6819325393661,233.5200677059848,356.0224324035084,8.084590670673693,-0.0153768406191288,0.0500504828755832,0.0292179356604926,-0.0979920409061054,0.5274433463928405,0.010023419009288,0.0,0.0666880525979196,2019-01-18,19.0,4,-0.0969632570414711,-0.0117017183280165,True,False,False,0.6666666666666666,0.0,0.0,0.0327383966950292,0.1046475026042552
GWW,Falling Wedge,bullish,1,0.6449022543830081,5,48,681,682,2019-06-04,2019,0,247.9439804218243,240.4096951293808,300.209526591752,228.6551081520221,0.9232791516661598,0.0313393571269611,True,0.0126574589140202,-0.0106129370669845,-0.0097929900919292,0.0561408552642295,0.001668081480461,-0.0135793241735934,-0.0015798814882683,0.0061696394307602,-0.0086743989583014,-0.0189156406575236,0.0425533945719021,-0.0280913336753947,-0.0294894419686656,0.0433068535868725,-0.0128750427255618,-0.0239157112589695,0.0052143984920653,0.1481413057565623,-0.0150511901165893,0.0334271665885976,-0.0673120145039081,0.0274225813402027,0.0059190935693728,0.003247428485287,-0.032420111915564,0.0321071776846755,-0.0746227605466656,-0.0336347788489888,-0.0024504929343892,-0.2068892280403517,-0.026225755941431,0.0393895113227782,-0.0235452629149258,-0.0258645415547033,-0.0515799759263392,0.0241651567733416,0.0289813644654628,-0.0153443708471764,0.1417342836278075,-0.0324369630900782,0.0065683358491541,-0.0700594512196133,0.0490265102411457,-0.1366427942881097,-0.0145406636128988,0.0228406634753523,-0.0215509365979029,-0.0765990301207319,0.0390562498628701,0.0730030086371462,-0.0011089908840939,-0.1240347648680748,-0.0422568236344562,0.0839594483331023,-0.0137581318833931,0.0101907480096044,0.1829935574315624,-0.0187433431789202,-0.0719968659662618,-0.0612200124796683,0.0868401959615197,-0.1389482727443681,-0.0561958843195129,0.0158143492433462,0.2149128737967156,0.0731066735862526,-0.0250753386093147,0.0360788127951809,-0.0346818110523647,0.0739509087210703,0.0153436226080385,-0.0080182708177328,0.1480041418913003,0.1255598425837998,-0.2330871035611589,0.0087284923782908,0.0614524403435692,0.0777694728142643,0.0524982376392366,0.2311313995850845,0.265991456613085,0.0198305651299783,-0.1248970312613136,0.040349336930876,-0.0388607962362278,0.0631249785579781,-0.0473925348306992,-0.0766407921568448,-0.0602995955474261,-0.0681631857194683,0.0220087080705921,0.0509964206007111,-0.004450092841512,-0.0326618068662731,-0.140169228806716,-0.0843763561523436,0.3813361910112876,0.0229804656572008,0.0580382861651986,-0.1229695508164354,0.0753151872812627,-0.006192098076263,-0.1723941536032897,0.0185064092980176,-0.047989963318015,-0.1003250971873297,0.1015782864306251,0.0837766953092378,0.1221878152819657,0.1078765376524684,0.0276316918022623,0.1686829314352107,-0.2896841499425567,0.0569665422182148,-0.0174889149235122,time,741,60,246.84060668945312,-0.004450092841512,0.1265727006231775,0.0550208140225834,-0.0572026045347698,1.6269970979268875,0.7072512816711275,2.7096216636652426,633,0.6148104119465256,5,0.0224010510045831,0.0154222054386885,0.1494996580916701,0.0,-1.3236784536820687,-0.7088680417355413,0.4232029630560371,0.150115312631525,240.4096951293808,228.6551081520221,300.209526591752,5.947230917353648,-0.104601541406233,-0.051129485266261,0.0241196994970694,-0.1254926619428267,0.8967481050549487,0.0100055311626019,1.0,-0.0419715953786697,2019-06-04,19.0,4,0.0840372608342878,0.0881682211587859,False,False,False,0.0,0.0,0.0,-0.0256754761816849,-0.1825708633285853
GWW,Falling Wedge,bullish,1,0.6610755754953265,3,38,1105,1106,2021-02-08,2021,0,357.1335034283712,349.46820849077994,413.0862284878601,335.3977513304817,0.9082554051880616,0.0219341695506287,True,-0.0220895980957994,-0.0289937017430989,0.0181841369889723,0.1115954217668637,-0.0201398240518818,-0.0049470422294695,-0.0125403108560061,-0.0141739482701781,0.0007591689682635,-0.0308218010428669,0.0164349019072185,0.0284397445053663,0.0009402255594561,0.0301798930233849,0.0322460317564399,-0.014941364841757,0.0217451732192923,-0.0151451024560953,0.0136809228205398,-0.0038218216570372,-0.0163227783961747,0.0325550578097091,-0.0307849323220014,0.0041802305465352,0.009596136948027,-0.0808135173627433,0.1022273600622118,0.0374296915059775,-0.10503323101108,-0.0490001348211078,-0.0157520798130769,0.041782701071422,0.0358434376766783,0.0309917764670981,0.0901134667844352,-0.0091938658169337,0.0094842795528737,-0.0058985192696712,0.0279774994317545,0.0260571143749106,-0.0261110661508773,0.0609203900482022,0.066453389604481,0.0667209370059505,0.0136508094426273,-0.0117122913926213,0.0276457132809901,0.0339083899747151,0.1716806162411726,-0.0288074032794565,-0.0233678533021822,-0.0001799743682858,-0.0547739716521856,0.0733471665778082,0.0043502671908426,-0.10186831869947,0.0899755239109194,0.0516835427683202,0.1218951965896508,-0.0125503360180576,0.0655546923565582,-0.0774560607231235,0.010435662435331,-0.0113419577043203,-0.0386478755423488,0.0106466000994978,0.0177667870106439,0.0911235700432382,0.0096724195842625,0.0548678984088915,0.0078680657406526,-0.2239835999984853,0.2067217380025721,0.2376213643165157,0.0275660238761656,0.0697474945129126,-0.0721425797474416,0.0475095697888643,0.1332447925018729,0.1242330920635896,-0.063127578588371,0.1761213949085849,0.1034832038340414,0.0533016757557358,-0.011607668802173,0.1034232407518098,-0.0512552199219483,-0.0808072137965058,0.2036366990998457,-0.0760778445210451,0.1635194988089148,0.0013114942666187,0.2184130996919728,0.1478255095905585,0.1168134592272831,0.0378069049409923,0.0697156320086591,-0.1042614132653428,0.0270319180580633,0.1577789406584722,-0.0400524259669743,0.1491748238997527,0.1050237201529107,-0.1801400852608747,0.0791358358146783,-0.0983551369798295,-0.0813826675236957,0.0060814269634035,0.1927485957329449,0.1077939887201508,0.1229893054227833,0.1500615458954737,-0.0941967461901965,-0.1873615468851666,0.1915927959207984,target,1162,57,413.0862284878601,0.1566717334620249,0.1979368922027639,0.0291003845642052,2.5742253963653607,3.2522406149893794,0.4781395299193074,2.5742253963653607,1067,0.5286561591340653,7,0.1347854463133838,0.1191824082958814,0.5134199470981795,0.0,-1.7741773665478455,-1.2455212074137818,0.7422527207242314,0.0869846715475644,349.46820849077994,335.3977513304817,413.0862284878601,10.047762054483062,0.0794718095439972,-0.0410719865698734,0.0280743078589287,0.0931272668567644,0.75080022985976,0.0041858330322632,1.0,0.0242613332151766,2021-02-08,26.0,6,0.0489417771931173,0.0679491305315123,False,False,False,0.0,0.0,0.0,0.0029796706321611,0.0622186880815121
GWW,Falling Wedge,bullish,1,0.60143548652422,3,19,1372,1373,2022-03-01,2022,2,448.7330964999009,451.205579952818,515.1923551499076,432.2290706717581,0.6753609687936656,-0.0054797271194554,True,0.0464417774055028,0.0837247374241837,0.0061302358028718,-0.0065604687343059,-0.0223514010313407,0.0074343482988024,0.0167830819960517,0.0163771179911809,-0.0137602500468738,0.0364985515919042,-0.0303505016864417,0.0482689359711856,0.0341095134375319,0.0036099146371533,-0.0249022108530533,-0.0031048821434348,0.0349922820661396,0.028526963079889,0.0027275868279044,-0.0139974646477331,-0.0068963827181549,-0.0165403656896899,0.0415920471980234,0.0628189257887643,0.0771586368186466,0.0451793482935258,0.0645754868049492,0.2101308250427385,0.0789256968123839,0.0575010436147442,0.0567878506110164,0.0527864296569322,-0.0541239480009083,0.003441790873399,0.0546669603313463,0.0111503364303304,0.0458283984323557,0.044195691368555,0.0149727545846216,0.0054833649268322,0.0082994856417673,0.0312607551241082,0.0559209242720608,-0.0153251242271842,0.0658634381482066,0.0209428503516752,0.1079155061008529,0.0371110560296774,-0.0273793346118391,-0.089324425214086,-0.0605152016364475,-0.0412554603714886,0.080426120256009,-0.0053466306199998,0.0218198574222692,-0.0103976342214313,-0.0085887395854903,-0.0746817310018502,-0.0193607560734713,0.1599897301124249,-0.0843942160224426,0.0615434443761677,0.0180512019800969,-0.0178373215748001,0.0299314373887122,0.1208355687876641,0.0008070743587922,0.08157532664653,0.101120590581087,0.0584631297509956,0.0903888167887575,0.0362261672177723,-0.0457609173381462,-0.0574666945309471,-0.1078658404380465,0.1376124748216831,0.0644522885551506,-0.05424681749903,0.1251475085574478,0.1327231739906822,0.108875119012787,-0.1056815155433215,0.1132002406605532,0.0072263226070121,0.0774809578753208,0.0818021920060179,0.1011320945615141,0.1166661025639466,0.0123946248001396,0.0279899165633972,-0.0263853281870655,0.0211870262381522,0.0055657246088383,0.0836598871524506,0.0705132441275011,-0.1169448650742593,-0.1084500804749549,0.1259161644344071,0.0923256677941555,-0.1174580419531271,0.0899302936753292,0.3070871893724842,-0.1040067735038234,-0.0675245438046073,0.1611515843527091,-0.0673343783899043,0.2996301659717812,0.0719809799627819,-0.122777211578092,0.0420360563738664,-0.0295992120521628,0.2175030696332589,0.2824785766845163,-0.0592555115860083,-0.0427943940894542,time,1432,60,451.2306213378906,0.0055657246088383,0.1314884635409585,0.0236844581396829,0.1513282191870371,3.5750807719978166,0.6439641061285327,4.026851347789326,1351,0.6576009399219539,5,0.0393517634320952,-0.0419229246566867,-0.1359677178299209,0.0,-0.9770651914912794,-0.3194642515693306,0.4406433500004799,0.1312600295389073,451.205579952818,432.2290706717581,515.1923551499076,11.148318565861729,0.0196349298651474,-0.0512139149689733,0.0249483920367535,0.0804334823491319,0.2222848074776749,-0.0003562164440358,0.0,-0.0442977118354123,2022-03-01,8.0,5,-0.0586322340197426,-0.0562470868143668,False,False,True,0.25,0.0,0.0,0.0057724609211937,-0.1755001836147782
GWW,Falling Wedge,bullish,1,0.6805176786842729,3,35,1745,1746,2023-08-24,2023,1,693.7875025052056,688.210379387062,800.758703671966,667.9133767372737,0.7353084971154786,0.0081038055879232,True,0.0038375563945092,-0.0227649610936766,-0.0031048821434348,-0.0193330107117194,0.0140330800871757,0.0082303074491201,-0.0095802683416381,-0.0190593689953646,0.0098748186589492,-0.0059986807909923,0.067463686381312,0.0159475133059869,-0.0100319468093488,-0.0264800800984543,0.0122575901663029,0.1334104336212045,-0.0097223182992244,0.0605995616058387,-0.0022622285622266,-0.0637304700840198,0.038878957118736,-0.0422487462570402,-0.0036196409705489,-0.0301934551790475,-0.0457857083292635,-0.01393786707025,0.0658634381482066,0.0234582423830904,0.0811732070559176,-0.1624842920079102,0.0190950797712026,0.005189052503975,0.0038599962495033,0.0406415153339492,-0.0430825955270102,0.0038599962495033,-0.0766770635281074,-0.1267008815251892,-0.0129527459230101,0.0531860390921943,0.0458283984323557,0.0444525346310666,0.0920367005692315,-0.0347452428208107,0.029725103032079,-0.0320828859315469,-0.0420711562851953,-0.0267030163473803,-0.0454507025912301,0.1208355687876641,0.1011301319178021,0.1099615100277822,0.0807222258030297,-0.1186296768370283,0.0677337436620322,0.0550159251429629,-0.0728008633704205,0.0485129224142852,0.0870531389346238,-0.0028126300940072,-0.0722965619900184,0.1025080454989408,-0.0749066637820636,0.0535683512618057,-0.0633963146452128,0.0416032169807274,0.068508890150154,-0.0590715866198711,-0.0634605898177932,-0.0280007070190736,0.0084820172074715,0.0359940432442988,-0.0343215461371316,-0.0263503110333617,-0.0862146978224773,0.1235999519499626,-0.1970791310524913,0.0857772440859498,-0.0476503873681141,0.0644522885551506,0.0073624196738768,-0.0184959964534202,-0.0896385251334415,-0.0002359561374256,0.1517485108607499,0.1515956843311339,0.1595450874893698,-0.0122993170245276,-0.0854676535718296,-0.1851369432254305,0.0755462541867701,-0.0316372579899542,0.1303093760139977,0.0990790756557746,0.2112572744326362,0.0391455490996284,0.1214808793910346,0.2124260714789763,-0.1195316420421088,-0.0751889873550231,0.1460836282965461,0.1736775923577007,-0.0440587643308724,-0.1600624776969655,0.2085956371550013,0.1059521452770437,0.0440737732553839,0.1131889589675991,0.0447975703637344,0.1234474042681681,0.0993911605802604,0.0423750196058785,-0.2085030196021399,0.0148013892303715,0.075641917877355,stop,1758,13,667.9133767372737,-0.0372940211152589,0.0267497859009444,0.0393160059948996,-1.0,0.7172674091182871,1.0542174005155314,4.134292386386224,1709,0.6019214997478562,7,0.1622956882418042,0.1782883169852216,-0.2708258784799255,0.0294117647058823,-1.8905124063403265,-1.2885909065924726,0.5664121372174057,0.0737300731603681,688.210379387062,667.9133767372737,800.758703671966,9.76338020034852,0.0739184756783699,-0.0447111977486428,0.0141317731451281,0.0825753072758737,0.2005993859948396,-0.001003948466723,1.0,-0.0344758425131584,2023-08-24,41.0,5,0.1010452076848278,0.070063514647763,False,True,True,0.0,0.0,0.0,0.0023114327780742,-0.1333625489630491
GWW,Falling Wedge,bullish,1,0.6725882007358561,3,26,1768,1769,2023-09-27,2023,0,684.7570606167728,671.3235752111768,730.5784338565454,658.9469677066336,1.1337974064675342,0.0200104478698968,True,-0.0047284427262972,-0.0028012151936362,-0.0038169625526565,-0.0229366972419208,0.0053537886763248,0.0073933944959618,-0.0342459957124413,0.00693529010654,-0.0055298646353112,-0.0024489710560096,0.2111949832798203,-0.0021561052344368,-0.0227388110747019,0.0112910872424047,-0.0337030702023563,-0.0220821426139983,0.0249533188150627,-0.0150927379059511,0.021473698711117,-0.0104523183587076,-0.0049470422294695,0.0585963089102503,-0.0130805002972732,0.0172896235841213,-0.0081875068517722,-0.0550133097876871,0.1799129522015328,-0.029122313581787,-0.0721989546175404,0.0181811082398435,-0.0214545557829847,-0.069893104661409,-0.0140568907200491,-0.0916123635989503,-0.0270158863136227,0.0114569846583116,-0.0352206825751651,0.0395105983913977,0.0484025906486689,0.029280196543284,-0.0119229136114964,0.0658634381482066,-0.0812680420257824,0.0294120091562468,0.1434456017678085,0.01445530046018,-0.0352350100971077,-0.0165970807857176,-0.0661395360211634,0.1734744167415713,0.0699037072472326,-0.0293793750243092,0.0311227473973649,0.0399574248475338,0.1218951965896508,0.1747975100145473,-0.0022886292210736,0.1777667504134994,0.0529896219336858,0.0647747996595944,-0.0484820448540953,0.0418578243208971,-0.0043544054817237,0.067843713081205,0.1513360482376518,0.1038243409720118,-0.2221191533630743,0.0514637072008292,-0.0827472433316995,0.1548948279306601,0.0854672616814178,0.1858443412415555,0.2780634608629275,0.2183396244743627,0.0777694728142643,0.2222110342717529,-0.0107648188792657,0.0590532089898756,-0.0711225482599146,0.141535625449432,-0.0062796979139908,-0.0565293747269306,0.0724256613642149,-0.0306372881865915,0.1220033173922263,-0.0807549531346912,0.2841501366337176,-0.0642836486291001,0.1202591978889606,-0.2422418853986968,0.0485763369544709,0.0915139677702311,0.1763944015897049,0.0609094505754477,0.1134601583121865,0.1831309383975095,0.0559900505047845,0.1294771590418266,-0.2590209807320007,0.0063780660595573,0.0223056204056424,0.2332203025100363,-0.1912142653824171,0.2090413281473222,-0.0902165428267324,-0.2495051356108937,-0.001256602800157,-0.1388241229901707,0.1068221799901347,0.099891067798262,-0.0295992120521628,0.2437172317976284,0.0868091511635307,0.1135430165106197,0.1441869311774796,stop,1788,20,658.9469677066336,-0.0376923355662687,0.0612688664458535,0.0395075999384905,-1.0,1.625499336281079,1.048160039566406,1.775327713825164,1742,0.6459851074888523,5,0.0025897217036303,-0.0811433914770356,0.0245308369089412,0.0,-0.9583377602030372,-0.3123526527141865,0.3098658720525603,0.0763054718841017,671.3235752111768,658.9469677066336,730.5784338565454,9.455537903477191,0.0419259313544984,-0.0166109239055242,0.0138488384721544,0.0415253048215891,0.9364854691916242,0.0078042589469877,1.0,-0.0481057942406902,2023-09-27,41.0,5,0.0673465369496761,0.0251588472550869,False,False,True,0.0,1.0,0.25,0.0369168424858211,0.470839591789079
GWW,Falling Wedge,bullish,1,0.6668985371827634,8,77,1972,1973,2024-07-22,2024,6,933.9607329920158,890.8155857698844,1015.3094972954118,861.9605321045569,1.2978287276040086,0.0484333097796481,True,0.0161010421507801,0.0337370724101259,0.0192642842982715,-0.0054918197927875,-0.0673120145039081,0.0428671621415082,-0.0335404594361598,0.0728639285664662,0.0527026360686135,0.0393818976203768,-0.1056693202810343,0.0061696394307602,-0.0168829477681166,-0.0248714582952958,-0.0255312392214256,-0.033730052617737,0.0195300516296503,-0.0103116928631655,-0.0344125513462004,0.0284397445053663,0.0146119696371376,0.0227930772927473,0.0180575003975267,-0.0015765017252306,0.0654340402062526,0.0161386083570402,0.0569661701334436,-0.0026834697656599,-0.0092282522684749,0.0161386083570402,0.0081266275059792,-0.0885431378420323,0.0540414235816737,0.0056584829075654,0.0097355698268544,0.0013501353300839,-0.0703058330706447,-0.0214545557829847,-0.065989665577824,0.0654774916177243,0.0928538718409275,0.0230452934538143,-0.0312703843200319,0.0877637423610793,0.0525316880775073,-0.0115941224613846,0.0091015053934626,-4.1215042418052406e-05,0.0845457609902176,0.0361940582632098,-0.0289738744072486,0.0703043917793604,0.0503477161949237,0.0509328606389887,-0.0721410959284961,0.1346143050019888,0.0539770917907078,0.0184827320866209,0.0973013007667071,-0.0620001486372321,-0.0059373346602711,0.1702212675539611,-0.0434908098554265,-0.0005721868499546,0.0540415202922635,0.0390562498628701,-0.0523972894589989,-0.034828592285788,-0.0188823907634575,0.0679113509100095,0.0525292989643735,-0.0565293747269306,0.0612085540762143,0.0133965047210968,0.06132127028596,0.1602043538586619,-0.0655533208677512,0.0942758946342563,-0.0270882725913517,0.0327562711897879,-0.0992626918165042,0.0656151795661219,0.0011917045153082,-0.0708085706303986,0.0474128884432765,-0.02720387937355,0.2222110342717529,0.0093124646201268,0.1234169964325071,-0.0936951397000455,0.1018838578806233,0.0402080646705514,0.1433090797211715,0.0945869344566459,-0.0287845867844143,0.1206600179653576,0.113810737798103,0.1053173048056983,-0.1403845067877993,0.1044269496580074,-0.0805285540566136,0.0525615157257435,0.2649478087604369,0.0939341061968841,0.0172555634800015,0.0269035601837073,-0.0621502254978896,0.0265122431127713,0.1746711003424754,0.1649643583897921,0.0208584073232014,0.016158012921926,-0.0718275791993185,-0.1083784353348163,0.1027626897710088,target,2014,42,1015.3094972954118,0.0871008399280224,0.0891120844144136,0.0369840676045547,1.1298407962854105,1.155929937032007,0.4797440349224467,1.1298407962854105,1889,0.7149886839623194,6,0.1574101726204322,0.2837178801345263,0.1240045769235216,0.0131578947368421,-1.1176054581297654,-0.4026167741674498,0.3622956500907501,0.1075945557915787,890.8155857698844,861.9605321045569,1015.3094972954118,21.027479116967672,0.0769737911632468,0.028038649955451,0.0225114691268692,0.1059322970887655,0.909304698297384,0.0049692354778148,1.0,0.0186221591887034,2024-07-22,44.0,19,0.14631237701031,0.1000674485225368,False,False,False,0.0555555555555555,1.0,0.0555555555555555,0.0063948930121798,0.0538452010216057
GWW,Falling Wedge,bullish,1,0.6525883444520996,3,53,2140,2141,2025-03-24,2025,0,980.4767496033388,964.8703853163388,1185.867832021997,939.4578659107624,0.8734625105307497,0.0161745707242153,True,-0.005306609187482,0.0223484741017331,-0.0007681507512704,-0.0508346623925345,0.0215732726155806,-0.0245948644381305,0.0431251536678234,-0.0638452663422177,-0.0220821426139983,-0.0329503014272752,0.0026966309673346,0.0440505211837285,-0.0144273493217778,0.0209065102990397,0.0220655336906323,0.0227930772927473,0.0254446650514126,0.0390388479013719,0.0747081631849457,0.0107542790800827,-0.0065886336035828,0.0889629384207706,-0.0153080203107161,-0.0697311956017809,0.0535435332406485,-0.0153540448192789,-0.0617169436239413,0.054142224039942,0.0056762230104254,0.0658634381482066,-0.0182855473876568,0.004809131963068,-0.0574253743999371,0.0914405179213291,-0.0591368516618238,0.0555615814691137,-0.0066690541832025,0.0062367823698399,0.0260112466335591,-0.0151151358833581,0.1008384071470349,0.1022273600622118,0.0010405549036049,-0.0088610710501407,0.0493747272341105,-0.0857641041964363,0.0057899138222696,0.0893115140569695,-0.0659136001896376,0.0350078113163159,-0.0108645198906377,0.1137769166006104,0.1496888910333542,0.0848644706109535,0.163868643027971,-0.0174510854215489,0.0264816378165038,-0.0754840193140766,0.2287169686983821,0.073206604159675,0.0572972846102664,0.0808835547649247,0.0574229935785268,0.0925591875537938,0.1349330036156202,-0.1219995826320385,0.0551462648259533,0.063411949457637,-0.0504877548888577,0.101514419164634,0.0710086192361327,-0.0895872467283748,-0.1851369432254305,-0.0783121265000145,0.2311313995850845,-0.1243683494532644,-0.0795881983591574,-0.0793007820249868,-0.0862146978224773,-0.0359216941374542,-0.1686465269034605,0.1843650519656747,0.1228697937786751,0.1565169626986866,0.033574706140754,-0.1138211858922955,-0.0193811522869782,0.1934348116220903,0.1454496901177895,0.1405021539650344,0.0268796839815683,0.0927921516385608,0.0522074260399927,0.0137230927367983,0.1321794133160108,-0.0811708049744741,0.0393462157401276,0.1254675480114242,0.0434247549771178,-0.1957815745473434,0.0477776924307706,0.1574344183224654,0.1800998571045804,-0.1996386980234815,0.0978760770100679,-0.0334385382217857,-0.1043856730079909,0.0265122431127713,0.4121406807108918,0.1489445996957328,0.0355385052204972,-0.1826309508392575,0.2427463554875888,-0.2108590035923467,0.0181282701433243,stop,2149,9,939.4578659107624,-0.0418356515941565,0.0136946240467667,0.0540126662812196,-1.0,0.327343390742825,1.2910678864331062,5.007232375166507,2087,0.7306647305502654,7,0.0922096903251718,-0.0437626257148319,-0.0700133474121105,0.0,-1.193666175097385,-0.4630014445471211,0.1878560603961904,0.1547269428696573,964.8703853163388,939.4578659107624,1185.867832021997,19.02927087349668,-0.0371359391379232,-0.0425222641680903,0.0194377362023574,-0.0338098071547817,0.87510851843224,0.008642463279433,1.0,-0.0358382722652143,2025-03-24,38.0,11,-0.0089566970424181,-0.0038876136842992,False,False,False,0.3,1.0,0.1,0.0197435080075385,0.4510126994970748
VMRK,Falling Wedge,bullish,1,0.6102957736684568,13,123,1050,1051,2020-11-17,2020,6,50.179430193397714,41.61807726077633,55.33839425128869,36.1828050947657,3.9853203008611606,0.2057123609766127,True,-0.02249173089784,-0.0288920824333382,-0.02671446485046,-0.0389629059913964,-0.0137248225787289,0.0290938536815836,-0.0361590121191971,-0.0070211394601312,0.0244642285276874,0.0236891340118154,-0.0332487530947771,0.0323993450510176,0.0421778675540898,0.0183830857018361,-0.0006773437694016,-0.0811168535927883,0.0018014365753571,0.0674995586291387,-0.046987248590249,0.0137883116922949,-0.0123613713797787,0.0188724758773612,-0.0212514999916037,-0.0371670789719387,-0.0534592393805299,0.0071035632970029,0.030906008590162,0.0440793275973812,0.0217882731378686,-0.0540828408269791,-0.0835329979143451,0.0306840118996281,0.0470705531126594,0.0205615181282889,-0.0034206543970956,0.0520615148633765,0.0013273293971283,-0.0613487952544946,-0.0224269096430901,-0.0263033588100348,-0.0454234147287675,-0.0661942636759341,-0.0156935920139192,-0.0243742934968205,-0.0280928977413963,-0.0284014830479696,-0.0580636926966537,-0.0837210767736815,0.054426730986248,-0.0754986380437837,0.0579154946675466,-0.0801551778724585,0.0369123074897363,0.0531810664795284,0.0185393320448443,0.1661798638740899,0.0927359793821798,0.0248150543486993,-0.0106234099431226,-0.1211627003881712,-0.21433461724043,-0.0109841134346901,-0.1253242884713937,-0.0091733338246343,-0.0425011987963245,-0.029411687694962,0.0341284696882733,0.0319932412922665,-0.0506466114238258,-0.0073952257326762,-0.0528122669230978,-0.1623506902621982,0.0683726107084241,0.0979962270635157,-0.0096229518332768,0.0343501747930907,0.0561322290131465,0.0290927773829701,-0.0787616629280137,0.057160588790827,0.0892600420952467,0.0507297561104598,-0.1054496371664859,0.1509806968597475,0.0733800743250931,0.0522899232498248,0.0015071777803439,0.0045540584184724,0.0208377790350611,0.0144244698041662,0.022385945605144,-0.0307587051749542,0.0826951413988545,-0.0089127870063538,-0.1096202867061575,0.0377067771343517,0.2682004419857866,0.0762622797021141,0.2545148289767551,0.0362827135190497,-0.1212171614801056,-0.1762319515208755,-0.2118741665964818,0.0104670386139598,-0.0727080574767755,0.0273225399162171,0.0560857139548258,0.0263505530129626,0.0176137582102557,-0.0117481114522797,-0.0654577408619584,0.0551773823401888,0.0639885719982438,0.0551095591729138,0.071883907276705,time,1110,60,54.32902526855469,0.0826951413988545,0.0930096408105874,0.1054395269704366,0.2964711168524862,0.3334497241641502,0.3780122240864347,0.3685862857322081,921,0.5010323797398397,5,0.0453211471088073,-0.321347568794554,-0.1327565215299296,0.0256410256410256,-1.115889450331269,-0.6148570705914294,0.8822923807519335,0.2591152663473442,41.61807726077633,36.1828050947657,55.33839425128869,2.5408181175350384,0.0440705211304102,0.1661929536830271,0.0507885912147422,0.0837580908739692,0.7860697272779025,-0.014502179112895,1.0,0.0502068920704701,2020-11-17,4.0,16,0.2534024574697693,0.1315721823355569,False,False,False,0.0,0.0,0.0,0.1063929965778294,2.482522887153217
VMRK,Falling Wedge,bullish,1,0.6413508394945455,5,44,1088,1089,2021-01-13,2021,0,48.46589314242824,47.41785405490003,53.80353755074111,43.69588196110982,0.637544408344214,0.0221022040836094,True,0.0313699768814232,0.0217796981221698,-0.0060714381852152,0.0454545284486758,0.0662965201228664,0.006918281485605,-0.0038449725687982,0.0148359459448956,-0.002217476999749,0.024513323734044,0.0029219714811505,0.0238908175672478,0.0227560506868724,0.0153602136641739,0.0098082499358036,0.0184029224115147,-0.009594509626791,-0.0464635268280768,-0.0016418798327537,0.0174576789217895,0.0521598582987465,0.0259660896445212,0.0175245444660971,0.0405473562225506,0.0483245979249068,0.0410466039456196,0.0955972707438219,0.076040118708297,0.0276092100417391,-0.0317547933537669,-0.1080276406207177,0.0238246057528828,-0.0475454912802214,0.0305246524075051,0.0472112587850461,-0.0042180025909829,-0.0645836419993391,0.030210392724012,0.0053226283283858,0.0063007571292628,-0.0219654363133843,0.0325250934669814,-0.0460866120831736,0.0009150735393372,0.076967761346238,0.0320516657886735,0.1306524421885531,0.104062172985613,0.0241208521817661,0.1020985358875639,-0.0582661919186207,0.0195261182457546,0.0077460986964252,-0.0048915144227142,-0.0427040148142615,0.0116404932530915,0.0287610282004253,0.009147829501692,0.0408982794547463,-0.0215810947289761,0.0137590261233038,-0.005340385693026,0.0371952110251301,0.0977164936252958,-0.0033128754788135,0.0401496739587567,0.0789337368905174,-0.0561968508181386,0.1146824197300571,0.2254299247430968,0.1900373288820476,0.0320775589871102,0.0099674984089817,0.0395541402941925,-0.0190805445687853,-0.0114242567991217,0.1458762002663984,-0.0007233889224727,0.0328117518121062,-0.0939601984058348,-0.2097256462326786,-0.0554094109065955,-0.0301820263893316,0.0834710325011369,0.0854377700831958,-0.0110787552401967,0.0385462390759376,-0.0934176470243259,0.0287827635139164,-0.0429506819074427,0.0654497699784941,0.2257288163168626,0.2078307715263678,0.1227046112216747,0.1013833967765767,-0.0461340221182555,0.0219302636994556,-0.1241233880357846,0.1770047897784343,0.1031576261444373,0.0556692351265326,-0.0656745962663896,0.1135837129098953,0.1040746219788333,0.2215068983095121,-0.1586991146774445,0.0581190423904993,0.0367384211284456,-0.0140667477235841,0.0358695929680512,0.005910313903918,0.0168610842139496,0.1776232052917048,0.1412733986894396,0.1597303848019565,target,1106,18,53.80353755074111,0.1101319724497176,0.1264807780804949,0.0060070183300245,1.119000397570882,1.2851131039332544,0.0610345547255318,1.119000397570882,1044,0.3673515128645792,5,0.047721765441399,0.0753997847941112,-0.3018871647150509,0.0,-0.8124695011804561,-0.4451179883158781,1.2891129108241548,0.1392880005819716,47.41785405490003,43.69588196110982,53.80353755074111,1.143871384480773,0.049147231213291,0.0231416642885335,0.0237442038062692,0.0551299657837687,0.8510644629798487,0.0027329364456214,1.0,0.045930307125575,2021-01-13,4.0,11,0.1367575499970743,0.1049077861620104,False,False,True,0.0,1.0,0.1,0.032920830625558,0.7767762439499913
VMRK,Falling Wedge,bullish,1,0.6836465532904332,5,49,1555,1556,2022-11-18,2022,0,53.590702486333065,53.412301474961566,65.8009723138722,49.92193652200319,0.9490156247033584,0.0033400734745558,True,-0.0084503165592053,-0.0116685151290134,0.0346841235728927,0.0069299300155665,-0.0907011804681372,0.0051403194311219,0.0018021246904369,-0.0060127317462792,-0.052682507972266,-0.0077948829901732,0.0177647633439508,-0.0170062865012063,0.0124849155275958,0.0154499763963023,-0.0019888618011113,-0.0103198645693817,0.0311774845595826,0.0313699768814232,-0.0265755595106405,-0.0041497558981481,-0.0075939975772353,0.0078425669488721,-0.0054413441758636,0.0039859033139584,-0.0085572848075583,-0.0366974791474908,0.0107608138490835,-0.1160327590878201,-0.0512509452408742,0.0020851104890886,0.0209927765531774,0.0333743670425297,-0.0366974791474908,-0.0258338122475823,-0.043505491846697,0.0200947667656665,-0.0414670291780596,0.0382746930943176,0.0049991911578564,-0.000586611411188,0.0379842009339252,0.0010557733326537,0.0368513966247443,0.013093191744619,-0.0202842394210056,0.0116253815709857,-0.0489477906591385,-0.0163233246861972,-0.051339398686953,0.0350784010675384,0.000838960928553,-0.0846401545289845,-0.1854535351314847,-0.1058460805373965,0.0729901991919597,0.0333228933239908,-0.0265862312174808,0.043008743662545,-0.0260853987460338,-0.0040790540400499,-0.0172654736667055,-0.0517294877999515,0.0662892260463439,-0.0295736995709414,0.0687975154823667,-0.0209458653059122,-0.0285172303462718,0.0410350703590274,-0.0354127606833465,-0.0218307666230709,-0.0111493880819376,0.0370409898357497,0.0305463407712909,0.0258151025226081,0.0655415688372509,-0.0861131363091023,0.0734367979244305,-0.1014308112094705,-0.0041255599662389,-0.2266721085985659,0.0328117518121062,-0.0319816587870832,-0.0203678490858256,0.1765760820096367,0.0496151565388096,-0.0034695301498578,-0.0190543850430717,0.1462836490715604,-0.0613004784032723,0.0394803416135911,-0.0155578663403856,-0.0271844864752789,0.0632414906852312,0.0239275490331394,0.0438814616009535,-0.0021664697988176,-0.1388904220104611,0.1206695263438293,0.111966651681943,0.1498022560697021,-0.0871503234026005,0.0063660730597485,-0.0125098412470129,0.0624881196201976,0.0216420413032103,0.0923386712959251,0.0228777322285895,0.2044849981965906,0.1082519408932984,-0.2241627255269923,0.0151452082926841,-0.131709085497546,-0.0598169280024856,0.0757490125499034,0.0442785958026982,stop,1578,23,49.92193652200319,-0.0684590011721808,0.0492664795774889,0.0728636604257409,-1.0,0.7196494067095591,1.064340103976713,3.328168094191702,1506,0.6397265442718061,5,0.052202115681838,0.089172828463633,0.0689331424400403,0.0,-0.9165686719088582,-0.2768421276370537,0.4036609731359634,0.1848230612639149,53.412301474961566,49.92193652200319,65.8009723138722,1.5581384211150917,-0.1647936377032351,-0.0343645309335884,0.0289777691917788,-0.1345907860476224,0.7117121451646138,0.0137587061819361,0.0,0.0580831949457836,2022-11-18,61.0,5,-0.1470286106276322,-0.1690155539254736,True,False,False,1.0,0.0,0.0,-0.0244935308673722,-0.9566106697044728
VMRK,Falling Wedge,bullish,1,0.6089575392570269,5,38,2104,2105,2025-01-30,2025,3,65.38157204619324,65.48981927873922,72.34377295218428,62.86483669114413,1.0542263266693586,-0.0016528864140737,True,0.0347204473349243,0.0366628263768074,-0.0021739351576652,0.0133972632349275,-0.0088447714100731,0.0431012717651604,-0.0456180809164977,0.0020641593295929,-0.0110239349737575,0.0069558620037726,-0.0082609227684162,-0.0058708456745507,0.0039076647070526,0.0309759578665267,0.0036220818546739,-0.0142095556811349,0.0509644193918665,-0.0260550589502087,0.0146488401917415,0.0229884434495717,-0.0496821170218103,0.0160256161251077,0.0328748294666303,0.026111971341693,0.0224413931319757,-0.0548095936207652,0.0430164313686423,0.0404234157472616,-0.0188484972216144,0.0584898441651315,0.0300688211718949,0.0603256525811262,-0.0086106533329903,-0.0310438372970911,-0.0462212863238534,-0.009226764689154,0.0200272614359529,-0.0076795059825413,0.0170393882236126,-0.0537537991880489,0.0083390052168876,0.0247349192364139,-0.0001732700544629,0.0067185638291762,-0.0621241105182629,0.0252773721043273,0.0641321179635903,0.0860581453994635,0.000838960928553,0.084382031053477,0.0423885050932342,0.0237629698025583,0.0405092657222077,0.0176491042810105,0.0348298685689776,0.0144337446178486,0.0535967327167574,-0.0620267834762962,0.0316845014910709,-0.0075436665603569,-0.0495415477419459,0.0363976486399615,-0.0268945123635119,-0.0018666850605975,-0.0531499446234993,0.0313185417093626,-0.0302995601151849,-0.0020074859482092,0.0552090335268194,0.0241033813987405,0.1066853586969561,-0.2166376603624425,-0.2076392773332241,-0.0651208686465586,0.0781442786714941,0.2197240194207874,-0.0464725536438679,0.0298717069838274,-0.0002648451784731,0.0779516387506247,0.0735221855050447,0.1323819148261606,-0.0113331641119263,-0.0473762459375537,0.110442912435799,0.0393968941017215,0.0473379474974611,0.044808131998804,-0.0394583513870272,0.1270628126944923,-0.0373209532864224,0.0086523552488045,0.00415365953637,0.0946771839762621,0.0906710693063512,0.0939414310138511,-0.0827042796132051,0.0464508806984076,0.0434149685558746,0.0504109467119662,-0.0029125254584404,-0.0268127779651085,-0.060574232253203,-0.0007789289554457,0.0364211754054881,-0.1222737113959456,0.0318616157843261,0.1051527249099908,-0.1133218628300629,0.1591188894767954,-0.1127632963767694,0.0748968087357,0.0864392459495571,0.0543800932792937,-0.013397252212601,stop,2149,45,62.86483669114413,-0.0384930382718694,0.0883787846795441,0.0781373853828239,-1.0,2.2959680151860336,2.029909534055314,2.7663619426744184,2063,0.6129086986313017,6,0.1639958196257928,0.0632633159346154,-0.0619929540987318,0.0,-0.8732901520726982,-0.2603814534413895,0.5456925691676612,0.1032746369182209,65.48981927873922,62.86483669114413,72.34377295218428,1.4626758942207272,0.0039881226743576,-0.0233477520098203,0.0223585431560933,0.0208606666479351,0.4083325915847553,0.0159170289992687,1.0,0.0285948069388006,2025-01-30,3.0,6,0.0168964771559529,-0.0025936952439425,False,True,False,0.2,3.0,0.6,0.0014060980723867,-0.1988287867034182
VMC,Falling Wedge,bullish,1,0.7353308276257253,5,59,1374,1375,2022-03-03,2022,4,168.00153564925276,175.52187867568273,223.4839591566381,166.4589851863147,1.2133981067135635,-0.0428456160745951,True,0.0072360839343157,0.0217581731238872,-0.011096603716992,0.022469145679955,-0.0202838195839267,0.0093197065905428,0.029258439482334,0.1982118790559213,-0.0260246008600932,-0.1377199340378229,0.005649296154258,-0.0166303535339062,-0.0341900978536533,0.1182995003774709,-0.0566507312503,-0.0107962210339788,0.0121110299662365,-0.0029029391522202,-0.0487612320883689,0.0012152178909761,-0.0121654192883641,0.0530973000231,0.0036156057932573,0.0514012460847819,0.0298145053007377,0.0455547728433169,0.0092260360789375,-0.0052360227085085,-0.0239447252397309,-0.0595956451022335,-0.0114079675473406,-0.0433335869821492,-0.0645887862150056,0.1044087514985596,0.0341595852531904,-0.0178734067858504,-0.0143662697165577,0.0367096207468327,-0.0312097133298505,-0.0047868571907175,-0.0593308137348046,0.102533923198365,0.0527352167082171,0.0051855710686359,-0.0362326285482951,0.0504708933700313,0.0550193625427337,0.0057011401005906,-0.0524648867396678,-0.0310302186904389,-0.0510008408904666,0.1223858921889544,0.0578880764718867,0.0250238432831844,-0.0106211888110412,-0.0779620870576606,0.1755595771777887,0.0433358508760117,0.0805390049379082,-0.0476551051425021,-0.069612490143889,0.0776815075991468,0.013719225755268,-0.0435482777349136,-0.0643721107211727,0.0477564699151407,0.0708991266101057,0.1701505936288965,0.0331857644171068,-0.010510179661496,0.0322690929492419,0.0428190313527367,0.1856207044860156,-0.1322806558115837,0.0662670860205683,-0.0822907550558657,0.0584838575957304,-0.0061573793299329,0.2459102784986109,0.0033087659261421,-0.0456832245874234,-0.0160701386799384,-0.1611267097295091,0.0344062028634077,0.0845765145031829,-0.1680979064955822,0.1273012841785632,-0.0048968209151057,0.094810558424027,0.0854355198280572,0.1214082794580218,-0.0371974042880021,-0.0228945719575993,0.0123106288384049,-0.003620251407825,-0.0319659255749897,-0.0848725826751357,0.1482137090108877,0.0916680345479643,0.0543355654876593,0.0847720901501174,-0.0763488695186342,-0.1721318522684448,0.040815680577678,0.3386188928211187,0.0582899000819954,-0.1540330653495091,0.1551241489008905,0.017938585831162,0.1397030491674331,0.0378287218103554,0.0478140250752301,0.1163023441758013,-0.0076799668944187,-0.0629331836550661,stop,1375,1,166.4589851863147,-0.0091817640652913,0.018205825050775,0.0092465004336118,-1.0,1.982824315819252,1.0070505371146805,35.96797955102811,1311,0.7641591962421002,7,0.0997262395311879,0.0757175975607633,0.42505617563635,0.0169491525423728,-1.15840476383448,-0.3942455675923803,0.2864477091841231,0.223707801634964,175.52187867568273,166.4589851863147,223.4839591566381,6.278511927737739,-0.0413168307714532,-0.0761499885521636,0.0366973269012425,-0.0420603441220107,0.2322177602134964,0.0128472957395759,0.0,-0.0473159694978353,2022-03-03,25.0,2,,,False,False,False,,,,,
VMC,Falling Wedge,bullish,1,0.6504356186608894,3,45,1775,1776,2023-10-06,2023,0,205.85167538180755,202.16947210874844,227.10036478805532,193.00397786850212,1.4039981935528127,0.0182134485224279,True,-0.0057009958014881,-0.0148688633726585,0.0292127090025973,-0.0714850884492172,-0.0446288023639658,0.0045641803260338,0.0307528520747071,0.059068080367302,0.069371333401903,-0.0214020824461985,-0.1584239727862326,-0.0054413538653586,0.0319941971686066,-0.0613036850320835,-0.0169420817632078,0.0106608282088433,0.0512938027468181,-0.016029304661202,-0.0098034204708058,0.0322927541668534,-0.0382558342186093,-0.0251588044298588,0.0017821888496655,-0.042472265581998,-0.0275278176567688,0.0298465347677403,0.0372182908601539,-0.0826793063120301,-0.0056907388094851,0.0051884691847767,-0.169423151034455,-0.0479273939999207,-0.0402424138893555,0.022724836928512,0.0285735179725237,0.0411618531979953,-0.0053668424873928,0.0086667180842703,-0.0075756362139535,0.0121638693653596,0.0213941319898469,0.0919211876376033,0.1184892874727172,0.0254081683612588,-0.1150626162094827,-0.0409117039253321,-0.0128748291100085,-0.0295034960489352,-0.0189363652979724,0.0026968650136183,0.1560946105505987,-0.0279007239641277,0.0922023220359884,-0.0178133225687315,-0.0711734067161243,-0.0724745643252327,0.0016165221746253,0.1141107835485102,-0.0301729355267289,-0.0306973533842678,0.1322100831838948,0.0364133528896715,-0.0492485778564346,0.1664528136081497,0.05267887253859,0.0970333861354271,0.0371446675337758,0.1354076550710365,-0.0481570633422219,0.0225776798894319,-0.0455032764020895,0.1551241489008905,0.0673398429007596,0.0834613217253583,-0.0642789176901856,-0.0241833390808235,0.063851114576066,-0.0477547952021173,-0.0609391844573847,-0.0428073873589269,0.0849510041222647,-0.1404545437155746,-0.0234690461998992,0.0002762998151251,0.0978566381499046,0.0620079039814835,-0.0820952856337654,0.153802233089642,0.0740143088054283,0.1267659190049512,-0.0650398649801126,0.0016562613517777,0.0441432101620202,-0.0566817093636933,-0.2061832938928834,0.0557331892078998,0.0246666540168909,-0.0486592778598307,0.0653605446229474,0.0354498289690612,0.1595711277895337,0.0944764792977959,0.2360118648358142,0.1451070811130186,0.0910750765951664,0.1066362938339866,-0.0246656986038737,-0.05005677414571,0.1690309188506091,0.0757351238217134,-0.3030273397200027,-0.1202656468147154,0.1082888315945802,-0.0130691592710222,0.0140824189499712,stop,1789,14,193.00397786850212,-0.0624124019854387,0.0238017574063,0.0934960642564108,-1.0,0.3813626242401821,1.4980366286531357,1.653890853535593,1730,0.4995008448605412,7,0.1809828752341846,0.1157203778780695,0.198870051871943,0.0232558139534883,-1.1800597902750172,-0.680558945414475,0.8685320414100918,0.0893116731682662,202.16947210874844,193.00397786850212,227.10036478805532,4.702609239858396,0.092030167786512,-0.0105167985082497,0.0226392188488994,0.2931591555026167,0.7111381714475675,-0.0002417282808532,1.0,-0.0324673634867794,2023-10-06,22.0,2,,,False,False,False,,,,,
VMC,Falling Wedge,bullish,1,0.69718107842163,3,37,1918,1919,2024-05-02,2024,0,260.6842513144183,254.80319726278597,279.5324614102544,246.1739802806153,2.342094547354349,0.0230807702368311,True,0.0193559456087053,0.0017295209685617,-0.0444603075209653,0.0438061569383045,-0.0213495061110167,-0.038904074390174,0.0307123815870258,-0.0092768895207152,0.1223120827895909,0.0239979657604587,0.0049082537009876,0.0466423026256659,-0.0804258221584448,0.0209564319302377,-0.0269875230212495,0.0417696694067211,-0.0068175893715706,0.0571147795382234,0.0034077849246896,-0.0123213062486942,-0.0038207023785045,-0.0276694761005334,0.0131762149897034,-0.0208999560690165,-0.0551942911140747,0.031071564815434,0.0113646355338599,-0.0575318091014656,-0.0072875400870991,-0.0198935915815953,-0.0022492891014695,0.0261502923103831,-0.0008034593946999,0.0279163611070265,-0.0265792039853702,0.0093037668910724,-0.0929401840654565,0.101281588222271,-0.0737856008597942,-0.0094040080655641,0.109256960055593,0.087671296564034,0.0845811474015889,0.0510642908186951,-0.1259264075683959,-0.0270629965644688,-0.0351277194982249,-0.0668399138004716,-0.0059502069337935,0.0156133122787711,0.0659131105775461,-0.031568270457398,-0.0387839761954759,-0.1149846950141791,0.0323393813943613,-0.0547317583981283,0.025566986566418,0.0301905261026136,-0.0109067987575175,-0.0153575382200435,0.1241515774767296,-0.1415254357359147,0.01482917680875,0.0476675854752537,-0.0216382814882858,-0.0124834968834034,-0.047714742831775,0.0298669314862787,-0.0296523888607652,-0.0805853856077025,-0.1508946795615091,0.1499627778027896,-0.1611267097295091,0.0950661110236397,0.1598913790977143,0.0032692234357485,-0.0033100780605679,0.2198048683591813,0.1121451205311012,0.0430790125734463,0.1407429282224246,0.0746360034274049,0.2336011212133135,0.1168585114426317,0.0146759974507948,-0.1287639860088398,0.0363396162879121,0.0552222944501901,0.0071148593399381,-0.0208008974811135,0.0086666452650119,-0.1384391255398632,0.0185539181495082,-0.0452001448745136,-0.0390026619794429,0.1283900587239941,-0.1383580682427998,0.2112302500476159,-0.0015312103817056,0.1029925464603687,-0.0449943332187153,0.1051823505506142,-0.0335637792830398,0.0950344381072234,0.1067608046380974,-0.0350730008286515,0.0467140027771364,0.0053116531972419,0.1446769718154203,0.0753080117998716,0.0107320131255688,-0.0423463709101712,-0.0825055145258355,-0.0992179394990731,-0.0072330929691776,stop,1938,20,246.1739802806153,-0.055662246417417,0.0323102681169518,0.0742100092426522,-1.0,0.5804700707667059,1.3332198037093872,1.2989564462254004,1881,0.5021336673557855,5,0.1278603720269754,0.2075034978811529,-0.2753914943333188,0.0,-1.039500526671572,-0.5373668593157819,0.7223797587984938,0.0791046874553025,254.80319726278597,246.1739802806153,279.5324614102544,6.112335111286827,0.1539969686965216,-0.002228648990935,0.0235483653828532,0.3507749966669073,0.3386121614810476,0.0341121587107258,1.0,-0.0156704690982315,2024-05-02,46.0,2,,,False,False,False,,,,,
VMC,Falling Wedge,bullish,1,0.8786359334377173,5,52,1968,1969,2024-07-16,2024,3,256.4834174629236,242.4992530721643,276.2709410362129,235.6645659026126,1.1791226167296107,0.0576668349019526,True,-0.0025306387578836,0.0064528567746028,-0.0069711672093042,0.0193600185743798,-0.0072569282162073,-0.0182476403001541,0.026960480986879,0.0501435839998036,0.0572604415465594,0.0725242774180665,-0.0472863904962745,-0.0137980020080469,0.0421714337332903,0.0561540783248231,-0.0309333126027074,0.0040873112576478,0.0240981161424402,0.0268568382473535,0.0056027015382678,0.0010254201538533,0.044080534106047,-0.0166129185412771,-0.0169915825906556,0.0352363837110627,0.0653007525284647,-0.0610268564474083,0.0165360586736851,0.0238816519060227,0.0526499436983343,0.0037392855858113,0.0336799972662138,-0.0161131682287942,0.0297389755247419,-0.0710531620691069,0.0400959616086451,-0.0143423227250225,0.0874778090895682,-0.0336931523799323,-0.0210362089989395,-0.0220815153317576,-0.0266000828100889,0.0819804903357543,0.015713037646329,0.0352369524661277,-0.0109816773269729,0.0280462828369022,-0.0650665674724801,-0.0350737577879005,0.0523658947154683,-0.0757892184496475,-0.0446132362562321,0.1444589603585242,0.1984713575059118,0.0153751343550101,0.042928405172121,0.0644969056247704,-0.0231281597205359,-0.0881346709768104,-0.0082625606199352,-0.0635883180831756,-0.0197134463607981,0.0740187124532578,-0.0721395499357104,0.0320846522164153,0.0236581805731765,0.0639430796072582,0.0252534243944093,0.0744016340203155,-0.0858709265021698,-0.1051235676499411,-0.097285353676049,-0.0559669634071172,-0.0388140586471967,0.1528011497146224,-0.0364784080182244,-0.0910147322822316,0.0163610585456546,-0.0703014583510602,-0.0572890973046597,0.2184581513773518,-0.1226928535485385,-0.0705949861235252,0.0804465021860598,0.0339662493629351,0.0536002910643413,-0.0046684296471558,-0.0027866542993062,0.1189011988906478,-0.1063122276220057,0.2334119050434202,0.0049787576964932,-0.1179238373814663,-0.0717410088919509,-0.1077292976263174,0.0049273376517411,0.024191951903604,-0.120198462657888,-0.1080129119747371,0.074481480312869,-0.0870519306275183,-0.1209869109339508,-0.0014953067383086,0.0138146913607568,0.0019745518830798,-0.0505600091736802,0.1209252169947343,0.1613144700395812,0.1442303625744498,0.2118503423214239,0.0880220869541013,-0.0640615431882221,0.2090564472901441,-0.0845346903421456,-0.0685649787885083,-0.0892071186350272,stop,1983,15,235.6645659026126,-0.0811703608999226,0.0689391835172543,0.0840459166309691,-1.0,0.8493147345032938,1.0354261789545554,0.9504618213913448,1913,0.7423778365021714,7,0.0318188814614634,0.0922239893464733,0.0451906406626927,0.0,-1.0829207042137532,-0.3405428677115859,0.2952143965785712,0.1181480202588544,242.4992530721643,235.6645659026126,276.2709410362129,5.280916947317552,0.1025162590750863,0.0330874915871848,0.0204330134762179,0.17757887034343,0.9403681363773998,0.004608214649707,1.0,0.0440366190585954,2024-07-16,46.0,2,,,False,False,False,,,,,
VMC,Falling Wedge,bullish,1,0.6814056954132235,3,36,2095,2096,2025-01-16,2025,2,267.26845936275066,249.8065296119653,292.8791093896416,245.42052500226168,0.7608353146752986,0.0699018147280206,True,0.0248893337987909,0.0064458442233581,0.0132298558621175,0.026720099647125,0.0115449074643954,0.1023730493255496,0.0183988327797803,0.0252196663591859,0.0278583272249244,-0.0063288501798993,-0.0643131127360886,0.0217194526921373,0.007669871453513,0.0094712779959857,-0.0250350978514197,-0.0450067956217147,-0.0060591509806882,-0.0316906718176546,0.0952727647530773,-0.0113671147947083,0.0352229718157186,0.012626049571073,0.0140130171506704,0.012370740309346,0.0042293846366812,-0.0499322579354274,0.0296155329715357,-0.0317362653763726,0.0270294811441136,-0.1145109304825455,0.0655023883855321,0.0764455949079567,0.0872034068779781,-0.0263637082700614,0.0237012689042745,0.0368050962901442,0.0005062727544367,-0.0362326285482951,-0.0175381213096469,-0.034512548189466,0.0102609339748767,-0.0020787822205227,0.1986472725820527,0.0040989730349183,-0.039734872562864,0.0020119349627151,-0.0012555447726515,-0.0225969222331551,-0.0320889813644793,-0.0570348534978613,-0.0555283126651393,0.02613458684441,0.1545365513100163,-0.0837438535687633,-0.0609882166113255,0.0049565529149142,0.0653635206500939,0.0834923923596839,-0.0050886419069376,-0.0247254762033762,0.0782583370431244,-0.0091211922576156,-0.0728991324235132,0.1352028232638078,-0.099812040361752,-0.0320484560018373,-0.0827510326137294,0.0713576290933892,-0.001429154972807,-0.1299755079770996,-0.0800390972417043,-0.0542082142298629,0.2266665557011087,-0.17578017383909,0.0142358822552206,0.0362833928670152,-0.0182752745070036,-0.0493256401412727,0.0594146385338534,-0.0479643490153742,0.133454956575177,0.035945170269878,-0.068430661566773,-0.0560445840202359,0.096127473408669,0.0585713397075333,-0.1164140651644033,0.1142171818494477,0.0142358822552206,-0.059922522344183,-0.0032689964521961,-0.1369514075842361,-0.0988873515713528,-0.0047131733220565,0.1597636567474176,0.2128625828167429,0.0988362322013973,-0.0200704725202964,0.0532686376663429,-0.1210499627122907,0.0847238553523015,0.0171596720765976,0.1078258934596689,0.2214911095064673,0.0010165562391029,0.1079635922199842,0.0021540891678779,-0.0906926805847758,0.1145411501805835,0.1269704327889913,-0.0550586624923575,0.0653866510761793,-0.0931205256477845,0.0835539087379861,-0.1527636373853597,stop,2121,26,245.42052500226168,-0.0817452774359575,0.0351918682698956,0.0909525960426209,-1.0,0.4305064387048704,1.1126342572373895,1.1722229481431738,2057,0.785109078985367,5,0.0001617929840835,0.125232459321535,0.0201454237802201,0.0555555555555555,-1.8375370084405551,-1.0524279294551853,0.2383275754225956,0.083055954362497,249.8065296119653,245.42052500226168,292.8791093896416,4.984847622086424,0.0439683331275781,-0.0186192097605222,0.0187640318718127,0.0560637204553267,0.7849139171992732,-0.0007084862309369,1.0,-0.021685822118629,2025-01-16,39.0,4,0.0060270300582598,-0.0039910179214867,False,False,False,0.3333333333333333,1.0,0.3333333333333333,0.0007842449233213,-0.1265919526613795
VMC,Falling Wedge,bullish,1,0.701980053881561,3,26,2204,2205,2025-06-25,2025,1,253.18523945480229,258.31458208162826,275.02357451490275,250.8001536863592,0.8258805645443912,-0.019856961173044,True,0.039960840300107,0.0211427063647078,-0.002668794744425,-0.0272476432314145,-0.0588271517169887,-0.0138595959113217,-0.0547907270333177,-0.0373292137730479,-0.0152330956828582,-0.0060888231492999,-0.0457346393316902,-0.0124767143145929,0.0376429467315426,-0.0325883487590695,0.0176246582660601,-0.0522304017646102,0.0090314565058557,-0.0142307327476342,0.0190395220816708,-0.0555941206035861,0.0717625973592734,0.0221001821494291,0.0525457722836083,0.0596087010938708,0.0319727793092883,-0.0652813435286631,-0.0227889181977493,-0.0159298328609481,0.0114238398796087,0.0168886267301016,-0.0304406242033168,0.0319178058896656,0.0068959258794585,-0.0359228889005526,0.085437179721316,0.1003583756987585,0.0948895592131666,-0.0638607915917046,-0.0619978375121604,0.0489465888288962,0.0362132227192175,0.012538148791324,0.0372944833254942,0.0182524111123618,-0.0531755366430803,0.0520257813763111,0.0623092785025816,0.0205517429954089,-0.0820973828963493,0.0860927158112736,0.0420170547730491,-0.022806839389076,0.0154799090961479,-0.1036938530289325,0.0513046269835719,0.017357898695163,0.1668585836462497,-0.0208037931620533,0.0650510941308213,0.1191141526508481,-0.1270158731974653,0.1237584464181771,0.1123766277861835,0.1470503416170656,-0.0457625929465966,-0.053004853387212,-0.0801158439451042,0.027065587840821,0.0403979781277524,0.1301707327946462,0.0865574662362755,-0.0127147746371533,0.0322367398862699,0.1280619574752186,0.1612774337049676,-0.2110570393955197,-0.1063122276220057,-0.1356102920705005,0.0107916230550357,-0.0275196773546049,0.0399771435217497,-0.0727427134978699,0.1358844202779057,0.1868980593195015,-0.0726700325629144,0.1003861583705443,-0.0698401382268191,0.0794389106616606,0.1509640295571319,-0.0554259758198324,-0.1156597807316689,0.1228525415990913,0.1674537678581549,0.0745949746022045,-0.3140021795675278,-0.0738455206360478,-0.0142679485615686,-0.1030433575886472,0.0883596729256517,-0.1162370250278532,0.074481480312869,0.0918880430746971,-0.1899491191422612,0.0531553545028049,-0.0582945860252698,-0.0472003358960179,-0.0663140413525684,0.1232566473971992,0.0592138193649383,0.0474590979921603,0.0881966422544644,0.0940204072305506,0.0707964046746869,-0.0919650947677128,0.1816683497999275,target,2231,27,275.02357451490275,0.0862543768630672,0.1152251289178952,0.0082192019707068,9.156205344496149,12.23155252623515,0.8724971850547711,9.156205344496149,2177,0.378688711450898,5,0.012619856846991,0.1506495823005276,-0.2765564587223467,0.0,-1.210495067668706,-0.831806356217797,1.4375612347678446,0.0475204025836282,258.31458208162826,250.8001536863592,275.02357451490275,5.207398146058599,-0.0126525886582483,-0.0230713821413166,0.0206370036425871,-0.0201318886713234,0.037851465904801,0.0005292611713374,1.0,0.0300513295693394,2025-06-25,39.0,4,0.0598588383274112,0.0342308256326062,False,False,False,0.0,1.0,0.3333333333333333,-0.071643065676486,-1.7029547771161435
VMC,Falling Wedge,bullish,1,0.6231526885820069,5,49,2311,2312,2025-11-25,2025,0,290.5090771271945,290.01117105372487,322.8199559980924,273.67510092155067,0.6126756229387723,0.0017168513601062,True,0.0014032983881671,-0.0078347747118663,0.0119572899411033,-0.0008541161036145,-0.0440787739737377,0.0322927541668534,-0.0384014917240456,-0.0767043291708504,-0.0174240737923156,0.0450225603779699,0.0488388103729371,0.0144085770793795,0.0634173468741237,0.0412417529412172,0.0477879038502777,-0.0185598879499828,-0.0050215131755994,-0.0312268156541275,-0.0166912985550525,-0.0097449054083166,0.0200641378927095,-0.0167192215828,-0.0010769369321393,0.0157095550229287,0.0010407629029092,-0.154506150094747,-0.0087240349847872,-0.0286400235500319,-0.0021326184970046,-0.0170383067265764,-0.0077442738569326,0.0174023993912331,0.0218636449422866,-0.0077442738569326,-0.052180068441907,0.0269685821905711,-0.0311526131241772,-0.0501556780564907,-0.0477252288630755,-0.0414706746416182,-0.0150951588251376,0.1724601639157079,0.0306021112740637,0.0291244492696935,-0.0446103259614226,0.0262344589477929,0.0049970117343396,-0.0168290353983238,0.0515797469525731,-0.024373635535547,0.1566182703281251,0.116078860724164,-0.0229659661301844,0.1313165877955411,0.1006390568864994,-0.0383844100044513,-0.0560267032519995,0.0215775226253085,-0.0975536660622595,-0.1033898829003396,0.0187838263710464,0.0474223082971472,-0.0175589128883968,0.0355020010491751,-0.0617040330538803,-0.0308986935154658,-0.0257641987444031,-0.011236780032836,-0.0044860532111511,0.0281333403579704,0.0028290647269215,0.0772141463384605,0.0775746396692329,0.1681212220013448,0.070420962512498,-0.1013791597537732,0.040561695893412,0.0153793971793623,-0.1275327042906876,0.0606002455987866,0.0041694132591467,0.124299011212458,0.0522813009177378,0.0116242282716898,0.0904822968461351,0.0656181725440554,-0.0435974443782848,0.1120654558184,0.1194433927755536,0.0535461788467652,0.11347823808785,-0.0210851941095367,0.0879938267166242,0.0706525410583405,0.0265067284433775,-0.0100674545099643,0.0776624530655387,0.0467890100892041,0.0618355105363339,0.0962818561133764,-0.0334601579251767,0.1064854562029025,-0.1450646235406766,-0.0931205256477845,-0.059143622497341,-0.1434729638706433,0.0206812334030481,-0.0640202567405572,0.1129670885776388,0.02193370419916,0.0062534568186978,0.0530229606473626,0.0464884786426673,0.1082868818382873,0.0761515660243516,target,2361,50,322.8199559980924,0.1112215810618237,0.1222192121871329,0.0396330671720126,1.919384848605481,2.1091743332625708,0.683959964491418,1.919384848605481,2262,0.4848452409935635,5,0.0513249241028372,0.1232260530005697,0.667392690595144,0.0,-0.8296834179360197,-0.3448381769424556,0.8520532073973429,0.1224086058512392,290.01117105372487,273.67510092155067,322.8199559980924,6.054358247348388,0.0850310963350073,-0.00520466456547,0.0208020650369478,0.1187555332203198,0.9384368525815494,0.0063024683647874,1.0,-0.0175239889734202,2025-11-25,39.0,4,0.2237854523277214,0.1390186274635203,False,False,False,0.0,0.0,0.0,0.0090416047436336,0.3451864737447319
WAB,Falling Wedge,bullish,1,0.6152529610651928,3,27,683,684,2019-06-06,2019,2,64.7835925013086,60.83771847292411,75.98554067418871,58.54839045528533,0.649913791394994,0.0648590073301418,True,0.0214565073712293,0.0086909530888192,0.0069802444365629,0.0265096761360885,0.0602779556412076,0.0213981903427518,0.0039349577029419,-0.0036412039774532,0.0238485687775398,-0.061911789607392,-0.0022174646756841,-0.018445512503373,0.0074783569281364,0.0286954575114537,0.004685541694696,-0.0266087278030375,0.0079524267850878,-0.0154190310697768,0.011407244322783,0.0016343965057412,-0.016100060254514,0.0625528921821285,0.0153059014174349,0.069695796367974,0.0349669651730932,-0.024382392997694,0.0710106340502216,-0.0991603882318769,-0.0656899298347306,-0.0843980082322455,0.0514155923544552,-0.0068724702178966,0.0741358275686907,0.0087742702644975,0.0407790414882038,-0.0171146545195678,-0.0191537369106183,0.0036918146390583,-0.0338414131190505,0.0054323522321078,-0.0067920297380879,0.0528053621395883,-0.1278261733752704,0.0414950889837075,-0.0428877839396886,0.0786247462377839,0.0911512481113721,0.0422522849555695,0.1779810565482771,0.1176365027651502,0.1990408825536085,0.0240860161302589,0.0329610285876471,0.0020708607691484,0.2012704353544201,-0.1335183929855496,-0.0022613223789019,-0.0001016696092924,-0.0170328881342882,0.087418061306127,-0.0742780214523822,0.0286890120105238,-0.1448788992063633,-0.0150204186220074,0.1512099688147687,0.0129987072919248,0.0285859869309861,-0.0904237160231868,0.0618295885788286,0.1148272039721329,0.0864523154450056,-0.0902460594441365,0.0448834773382915,-0.0530870494433204,-0.03651505749502,-0.0684826835168662,0.0288173279451979,0.1057267621413098,0.1714827634405888,0.0629290605884582,0.0155748884010857,0.0034913133506575,0.0256940928116762,-0.0100908190571027,0.0439481991601606,0.1557297457875053,0.031196991021748,-0.0570143875663264,-0.0692217519038151,0.0856983803965658,0.1452816731949748,0.0880373606145513,0.0257538393915197,-0.0020236780325035,0.1687358320599916,-0.0482342462796322,-0.0579096698798607,-0.0435316758267573,0.2505695581117839,0.018576652823727,0.0644973669540995,0.3245892180352709,0.1174752692020073,0.3142026631615928,0.2192097340157013,0.0255419120530886,0.0837705398558628,-0.0684310876976284,-0.0145472767249748,-0.0140889461214378,0.1769711558906817,-0.196741267377857,-0.0427890786730396,0.2239840445831213,-0.0493386955167673,time,743,60,66.45201873779297,0.0257538393915197,0.1648420044810459,0.0959251651172938,0.267581743810285,1.712704282327133,0.996660053950128,1.7965653863653952,654,0.7158353853953001,5,0.0761814627281457,-0.0121643475726239,-0.4576541454111094,0.0,-1.6351717959076997,-0.9193364105123988,0.3452296192806864,0.1304392378356647,60.83771847292411,58.54839045528533,75.98554067418871,1.7946774232027312,-0.1779006655793663,-0.0593320324395565,0.0278551543109205,-0.2740542267242575,0.3283590587404728,0.0010391225238564,1.0,-0.0094940630138775,2019-06-06,22.0,16,0.0485816151972609,0.0458446802821519,False,True,False,0.1333333333333333,3.0,0.2,-0.0550047430532026,-0.348980020817249
WAB,Falling Wedge,bullish,1,0.6769232563571619,3,20,821,822,2019-12-20,2019,1,73.66992730613357,72.16680984166032,79.89247809780517,70.0862062540447,0.7354905839734861,0.020828376199131,True,0.0129224784478791,0.0145083737513574,0.0165297273392872,0.0040136205444338,0.0427872132984381,-0.0308873432336049,-0.0232610321839987,0.0991412151732924,-0.0063866309396447,-0.0885129694966433,0.0106659313656956,0.0012822549932758,0.0685105634960991,0.0283676272970305,-0.0180444312322742,0.0041178908751369,0.0400000601814474,0.022570432355589,0.0179667315142924,0.0002089917176979,-0.005876633130128,3.5902254058584055e-08,0.0037628156559953,0.0438584765913883,0.0403136464387479,0.0301759242711552,0.0377487871642125,0.0774370617191082,-0.0100274813500331,0.1970066114853963,-0.018613958732126,0.018027015254926,0.0108562030069359,0.0930922425521572,0.0766328257536359,0.0547690441481734,0.1178109636843132,0.0848905949587053,0.0528053621395883,-0.1532585968176397,0.0011649733594576,0.0181549635767785,0.0484656027585486,0.1154810291436665,0.0514726021815805,-0.0013461119215387,0.0326328890218727,0.0023144440786064,0.0374484557761971,-0.0617501836350652,-0.0910512886073295,-0.0057103323562323,0.0558695009700156,0.0342301272883625,-0.1830427924302777,-0.0163607075864727,-0.0703845636255141,-0.1021207844204352,-0.0617501836350652,0.1487986659618283,-0.0958122179378773,0.1307769144823085,0.1332211329366699,0.0878945781010696,0.0492724858458117,0.0614312975560904,0.0176530990994476,0.0877461834065798,0.0248149196623671,0.030635077224248,-0.0171276052335211,-0.1091444577422205,0.0361981584420709,0.0556292454819098,-0.1213274930029002,0.0953738224265092,-0.0189324617845627,0.0890536699474531,-0.0427145232003356,-0.2033223765551758,-0.0832797107017586,-0.0987937985853849,-0.0556968849266568,0.1017029008813588,-0.1143743306775882,0.086732994108563,0.0310756818760227,0.0448834773382915,0.0071480387056626,0.0998851858700147,-0.0453364788486185,0.0428970442716153,-0.4428505130680316,-0.1907282631755902,0.0594387349393412,0.1048605307239716,-0.1313360876805055,-0.0443456360248138,-0.0786304489340129,0.1342761539440025,0.1999843124961098,-0.0739239584659283,-0.0102234143741271,0.053491226791053,0.0075595168470639,-0.1474351918686501,-0.0489318807524068,0.0717635733589876,0.2339450212616136,0.2258599548291702,0.1012341564647618,0.2365930142818899,0.1363772103089058,0.0598961164750146,-0.4973731582991036,stop,864,43,70.0862062540447,-0.0486456439300776,0.0654078910682624,0.0582580088181295,-1.0,1.3445785847192933,1.1975997049575209,1.7363379295507946,800,0.5416025910949817,7,0.1236579617767395,0.1213984800217784,1.1698938621604635,0.0,-1.3307962658255088,-0.7891936747305253,0.6617350337641937,0.068810584652367,72.16680984166032,70.0862062540447,79.89247809780517,1.596979744836384,0.0663159438228166,0.0206779990718826,0.0217342348018415,0.1252098627366265,0.8163289667628582,-0.0069641552100229,1.0,0.0387944542265932,2019-12-20,22.0,16,0.0898486395613018,0.0821835634266761,False,False,False,0.1333333333333333,0.0,0.0,-0.0575496937740062,-0.5327855373095143
WAB,Falling Wedge,bullish,1,0.7737233057703214,3,16,1179,1180,2021-05-25,2021,2,78.47279737828775,76.1497380169069,84.06406985920057,74.23280099815372,1.1781701566027676,0.0305064655752995,True,0.0392420502333872,0.0357566801001134,-0.0043436696595939,-0.0014495155599383,0.0589466221791172,0.0165267910810253,-0.0173443227835257,0.0394334223295029,0.0630489659340418,0.0151704953388249,0.0039053604344578,-0.0144002817821661,-0.0155864295460605,0.0044646732494639,0.0247085214163687,-0.0246570752466941,0.0034311959547479,-0.0036984951271601,0.0294564465524942,0.0375581334984784,-0.0432703246343552,0.0108869938232651,0.0301026748607724,0.0075511981789682,0.0009143729434666,0.0245576380945078,0.0547690441481734,-0.0230067668691685,-0.056515257023726,0.032035765153539,0.0372226234229764,-0.009080645783742,-0.0331190355590395,0.0002239929580507,0.0171429980881481,-0.0416164535867266,-0.0081954440890067,-0.0270268961155901,-0.0601629039250887,0.0396727215945587,0.0507793677840211,0.007764235551751,-0.0334047873601625,0.0128399670020731,0.0633547589492502,0.0051394520572282,0.0044561875049251,-0.0077492563935686,-0.0422842617250602,0.1418306789550771,0.0176053724981057,0.1549610659030891,0.0098643893270604,-0.0752270802995684,-0.0011992010058556,-0.1499203591303396,0.0499927589945683,0.0914821858731582,0.0698473108639583,-0.1398829568654089,0.0992120228030957,0.0315077328874746,0.0396315056800655,0.0293646053507377,-0.0170328881342882,0.1334516205779163,-0.0092852431773114,-0.0561535931410588,-0.0144320958068456,0.0108936424826349,-0.0321139590361581,-0.0427757055952161,-0.0392633718627177,-0.0528713530054618,0.0556292454819098,0.195111009238609,0.0858561167776279,-0.0818235114364025,0.194228740438251,-0.0081602970687103,-0.0461165910529249,-0.0556968849266568,0.1117402584660862,-0.0371587097445401,0.2027063129735646,0.0436989794837909,-0.0081602970687103,0.0817859952498702,0.0250781739468446,-0.4248017860708755,-0.2312172912884066,0.0125041908358383,0.0597274158507634,0.0061810218750117,-0.0343625765104812,0.1091379418113553,-0.0118958435971405,-0.1566096741294859,0.051006303571907,-0.0172484231295698,-0.0623751152552195,0.1346585419525556,0.0327568358515819,0.191245295895996,-0.2855662059870938,0.0922240748815814,-0.0852220606898844,-0.1171123121993636,0.0121670524007138,0.0163570733513793,0.2277999292380543,0.078375679720696,-0.0036535806033326,-0.1514798272863757,0.0587172603863697,stop,1196,17,74.23280099815372,-0.05403141625874,0.0485265239202129,0.0554594018070602,-1.0,0.8981168231429308,1.026428801004994,1.3186974656653068,1161,0.6483410803180853,6,0.0881525567046859,0.0574785975964604,-0.4666056658693334,0.0,-1.1938314212379966,-0.5454903409199156,0.4459981458217186,0.0765407433907838,76.1497380169069,74.23280099815372,84.06406985920057,1.7166700446076777,0.1110815432891585,0.0159825425250552,0.021784304128234,0.1462057404634571,0.1875026490908296,0.0030902939911217,1.0,0.0017247196212553,2021-05-25,20.0,9,0.3587167209291222,0.2875503810493816,False,False,False,0.0,1.0,0.125,-0.0633049926475705,-0.751479786572408
WAB,Falling Wedge,bullish,1,0.6749684749844685,3,35,1468,1469,2022-07-19,2022,2,84.04164396958544,79.08433467589532,97.43118434601264,75.96354277565848,0.8905699802654491,0.0626838338339221,True,0.0117443209063252,0.015769868688094,0.0004221114629976,-0.0094003620609692,0.0626389627245991,0.0256435796674741,0.0008214672939752,-0.0202467696532769,0.0125624991296,0.0661247481876852,-0.0311915368716563,-0.0232749582685668,-0.0032801127706065,-0.0147564497125588,-0.0237871347184226,0.0292145832062959,0.0058778031437163,0.0336005086508106,-0.060203534940798,-0.024111833162813,-0.0687861261855978,-0.0183136889017859,0.0147666330953201,0.0612788572451676,0.0215557918106787,-0.0336925617514908,-0.0076510437497507,-0.1292619273533762,-0.0153354627915632,0.0761123322733428,0.0319152151542234,-0.0904252917907503,-0.0113289862678945,0.0654571843257332,-0.1456547056293803,0.0643223510259332,0.0510157268322504,0.0815711063249187,-0.0495048190221139,-0.0260259821400626,0.1103676949375949,-0.0222836701712267,0.0060912491424216,0.0321389727826793,0.0356681748275662,0.0601040793972149,0.1220135142127025,0.0271525537829564,0.0904850903784477,-0.0561535931410588,0.013862975810686,0.0622293023757656,0.1595650935273056,0.0171172715467062,0.0413073595893116,-0.061371861480309,0.1381476080908277,0.0338252979805635,0.099575920309052,-0.1440276073535343,0.0295098549401584,0.1319272195484222,-0.0256618406998769,0.0055062549890974,0.0643381542067136,0.0293979724831432,-0.0120397917443222,0.0889049566490529,0.0866912323123949,0.0396734954708617,0.0342461600365766,0.1768029504146933,-0.0666593504432963,-0.0199833821214187,0.0209959588500001,0.0483999179233742,0.1391891960231599,0.1142708584636398,0.1400096657932488,0.1537555437448681,-0.0151018960819965,-0.0379055931194144,-0.0379055931194144,0.1803309563893751,0.3712986853014763,-0.0830776312467657,0.1068637349861061,0.0218027646094434,-0.0591072577909352,-0.0543622336667685,-0.0535414027241925,-0.0126302991383974,-0.0169279879031271,0.0708374052988838,-0.201154368442209,-0.0576526236148363,-0.0200759157172859,0.0930609816742153,0.1638037053481884,0.0889027914154485,0.0117025210154009,0.2078722264855044,0.0561181218521009,0.0861809273059048,0.1137628960164807,-0.0930961572497487,0.1866502126309388,0.0887950249367941,0.056188116347374,0.1430012348055409,-0.096555173562794,-0.2517421234790992,-0.1559461598777112,0.034297515469793,-0.0396336755711271,time,1528,60,82.61898803710938,-0.0169279879031271,0.1287684438104684,0.0760915754843103,-0.176112665380523,1.3396603297533305,0.7916292384087543,1.6575108500117983,1431,0.7645327984692691,7,0.0535069532213542,-0.0399641141400859,0.1943844810108252,0.0,-1.2163212944698218,-0.4517884960005554,0.270617262429479,0.1736262454582498,79.08433467589532,75.96354277565848,97.43118434601264,2.4165457921134603,-0.0464645492075944,-0.0054237779815465,0.0286774475094808,-0.0959189770799038,0.9392536025726006,0.0199831621965003,0.0,0.0721863442252068,2022-07-19,3.0,13,-0.1718255927761287,-0.0941790330099348,True,True,False,0.9166666666666666,3.0,0.25,-0.022087722590174,-1.0143531891924145
WAB,Falling Wedge,bullish,1,0.6775188773896984,5,35,1780,1781,2023-10-13,2023,3,101.90544084097286,102.81181197790386,115.39727171026324,99.09757182138856,1.6225225649056072,-0.0088158268927873,True,-0.0361562290798709,-0.007042846786708,0.0339318405709658,0.0683098532995876,0.0394627848212794,0.0020914658598267,-0.1083580281466369,0.0142381799100748,-5.944826254156155e-05,0.0232366508402017,0.0584005523838706,0.038549053563752,0.0330384231372973,0.0219408796939049,0.0348226459637297,-0.0499999648092462,0.1074934229828206,0.0039538019328217,-0.0753432356598383,0.0446419905284238,-0.0513573074668686,0.0131375347949838,-0.0487627838767913,0.005413815160385,0.0587540684848271,-0.0353272254490737,-0.012432461538089,-0.0227653463886162,-0.0161417964453379,0.0210920383672232,-0.1375445823364458,0.0103567216345688,0.1269678352410681,-0.004644185216525,0.0323190154726122,-0.1033855230301287,0.0521245992658305,0.0739237965459456,0.1057290435933477,0.1065745948953305,-0.2294263360956201,-0.0386791196439648,-0.0076571581836881,0.0827329950931681,0.024175695173102,0.0040141851126497,0.0878769526873242,0.0722253406768236,-0.106785534297404,0.0913048014980371,0.0755203047621495,-0.0571697454971333,-0.1609511684085656,0.0687156456378184,0.1394206576737187,-0.0276640944735568,-0.0315618571431782,0.0734718135656036,0.0217172602386086,0.0418236845554189,0.0591914884324196,0.0458679577113261,0.0323513675602713,0.0670762913933962,-0.1171080035296706,0.0222168186902118,-0.0780799668151632,0.1134108725688018,0.0742385229811687,0.1540931175937308,0.0891583482669309,-0.0219132905449713,-0.0506792076352464,-0.0521496858339814,0.1081448704238967,0.189160669237516,0.0949094359938742,0.1093088105040238,0.1321474457352793,0.0634587055968878,-0.0234427463473784,0.0194441328337329,0.0731127895495971,0.2906522838626186,-0.0803225945232378,-0.4912048144230717,-0.1787488295004121,-0.0371587097445401,0.0066650763235875,0.0436989794837909,0.1175767408392449,0.1384601145021702,0.2222544121976357,0.1192804866577759,0.2277999292380543,0.0255419120530886,0.1146201416577301,-0.0105116556226029,0.1428077626962145,0.0516979865712308,0.2267316936099783,0.0615881070554469,0.1509248451511249,0.2863869722101513,-0.0807339205304432,0.1041378652513724,0.2243979110985157,-0.1514798272863757,0.144833069588012,0.1457972027447258,0.1840200219487062,-0.1272536151289002,0.0692944592888293,-0.0121543091409894,0.1333320845749422,stop,1784,4,99.09757182138856,-0.0275536712898979,0.0285190046683297,0.0340295363886295,-1.0,1.0350346553922103,1.235027304731834,4.805007204818905,1742,0.4138683235744677,5,0.0188134744846953,0.0275933042476559,0.2955252666845618,0.0,-1.792444000227632,-1.3785756766531654,1.2781573006456322,0.0603056990241155,102.81181197790386,99.09757182138856,115.39727171026324,1.966106103713449,-0.0134386597102761,-0.058763608048818,0.0194570831970901,0.0318833716882731,0.2244911463949159,0.0007690961605866,1.0,-0.0267721821790749,2023-10-13,23.0,12,0.1298554896471473,0.0411526054076123,False,False,False,0.0,3.0,0.2727272727272727,-0.0084133504308259,-0.112796392589774
WAB,Falling Wedge,bullish,1,0.6190513425386243,3,21,2089,2090,2025-01-07,2025,2,187.4289757846604,185.4486195635459,210.52982200170567,184.50847175640345,0.6336117875527881,0.0106787326094703,True,0.0595672939015856,0.0526367089161261,0.1279461756447253,-0.0084795245463793,0.0274892331142895,0.0126443062463386,0.0359729021021939,0.0232321177676144,0.0230486918467074,-0.0193776788630766,-0.0194073292599342,0.0220757118038961,0.0412882942098156,-0.0057639018980181,-0.0414554388602379,-0.0542363440152309,0.0627568161905753,0.022998256131212,-0.0262466017625729,-0.0153018685705589,0.0023981180980499,0.057027180028097,0.0461368381312103,0.1055917264619505,0.069834983671007,0.0237219215890491,-0.0183501962127006,-0.1356828830754364,0.042563912034228,0.1646745899814385,0.0060348609859448,0.0404840298994793,-0.0103212423121864,-0.0091809492290027,-0.0008500713165671,0.1115032547659167,-0.0803804023826453,-0.0046392946980842,0.0233977403374341,-0.0182460220351805,0.0742180391697622,-0.0369434509687814,0.0041431368646684,0.0153970936062832,0.0303300109027095,0.0944980225666341,0.0976564289377899,0.0677259537932597,0.1074423361631833,0.0643381542067136,0.0387655186423365,-0.0118924120824379,0.1122273445562227,-0.0505368814803869,0.0737427167337596,0.0238468217358973,0.0489491445231513,0.0543292114002618,0.0356618393356207,0.0803300845852443,-0.0317244181855674,0.1151067550335136,0.1226693144074633,-0.0060601495117366,-0.0780799668151632,-0.0986706569609491,-0.0637032861087286,-0.0224684692435153,0.0719427788910457,-0.0502903190514211,-0.0285813977016977,-0.0281357787872635,-0.0216553373787088,0.1079496549702783,0.1446162415467764,0.0086667002501528,0.0069809149532948,-0.1270079538549875,0.0142437911194452,0.0690049968645483,-0.0951374977181951,0.0066994924664378,0.0811586421434165,-0.0375832243131997,-0.1919333029694714,-0.0666593504432963,-0.0644975972726354,-0.3598717336725081,-0.0256398792734574,0.1619933826299873,0.1936326033766207,-0.0391315572832828,-0.1474383650694938,-0.0083182344772259,0.1776129862081088,-0.1818446072781091,0.0669418833661876,0.1304542562921553,-0.0233741487454594,0.2168005657382752,0.056823325267076,-0.059306347833838,-0.0330602482047662,0.1980148014564786,0.0914420212541184,-0.0626602290114023,-0.084919665787807,0.272026941737671,0.0478234451405248,-0.0254289556628591,0.0524348379170533,0.1356581158938488,0.0199597915917204,-0.0467556364302256,-0.1948705217149314,stop,2113,24,184.50847175640345,-0.015581923851584,0.115590128575775,0.0300481127966006,-1.0,7.418219321102901,1.9283955616010733,7.909883360384367,2066,0.8925308977582392,5,0.1136148983307494,0.0622419700512895,-0.2251903011489835,0.0,-1.596675889177443,-0.7041449914192265,0.067056563277566,0.0753090078297,185.4486195635459,184.50847175640345,210.52982200170567,4.047568403552702,0.1002848006534367,-0.034707007762823,0.0215826527784711,0.2056261539557176,0.1612897555075911,-0.0011963944339584,1.0,-0.0282964543296759,2025-01-07,40.0,14,0.1856606530064979,0.089527733394831,False,False,True,0.0,4.0,0.3076923076923077,-0.0351479307751946,-1.4260192922174373
WMT,Falling Wedge,bullish,1,0.6878407442713885,3,64,857,858,2020-02-13,2020,0,35.81671767217548,35.25036091131336,38.25039232840609,34.21971553717704,0.9419261517322014,0.0160666939634184,True,0.0077334431924371,0.0196737507697029,0.0473430254061879,0.0040403598757159,-0.0262467960793234,-0.0236210838079918,0.0139571277005698,0.0070986581763812,0.0071183098148988,0.0111292787623036,0.0414394745636215,0.0086193108376124,0.0086501337002082,0.0411443476044826,-0.008138729536232,-0.014303728576991,0.0310278813930158,-0.0122079290369988,0.0151568447626297,0.0235825395385229,0.0114891149830709,0.009303744112395,-0.0020956510172667,-0.0848987061681689,0.0373197360205088,0.0073613562204053,-0.0561734732454852,0.0654195620944646,-0.0281000613510659,-0.0143892004315319,-0.0537746870802074,0.0067795010453328,0.0215455543478486,0.0207779647227492,0.0741145269008212,0.0719368669611077,0.0186891930328236,-0.0368802262079712,0.0123678015206103,-0.0449475745858978,0.0068669312638136,0.0461393179729554,0.0069617499242973,0.0390259850108065,0.066717133550588,-0.0964206172514922,-0.0303390629101469,0.171699444843194,0.0140419707642887,0.1543020095762912,-0.1894588683687851,0.0797676534650573,0.068915435616341,-0.0143709808294087,0.0074301308774407,0.0517666623294961,0.0026552884087738,-0.0031827258522889,0.0009219446803139,0.0723238870813665,0.062289099765215,0.0749019726586801,-0.0018949325207748,-0.0702961903325057,0.0712647103368573,-0.0385459098280552,-0.101855681195269,0.0124780014529639,-0.0430117368144468,0.0695540301741983,0.2480051344023068,-0.0170543471059545,0.1202054012127202,0.1963260492653054,-0.0107318675547233,0.01255556436928,0.1125858218120914,-0.1008376436351294,-0.0194480450577405,0.0017775886405606,-0.0368720834163147,0.0709287605955479,0.0336052784911751,0.0506383361494509,-0.0229028156931526,0.0784997117479107,0.0623907218705959,-0.0338417769613283,0.1088517734287741,-0.0229028156931526,-0.0296742451986966,0.0418490618108373,0.0602841692603697,0.1885469679196385,0.136027065209646,0.1015698042606161,0.0184389978341477,0.0077633614782743,-0.0594299946387234,-0.0701300460599373,0.1042838161819534,0.0377592303581559,0.0490752853387712,0.1579382195585172,0.061741823255345,0.0180910445036768,0.0981669468388821,0.2538895976554056,0.083461024070875,0.0341471145815823,0.0315664517168325,0.1548967793464302,0.0395813070248329,-0.0355406626004582,-0.0008806890353715,stop,866,9,34.21971553717704,-0.0445881766613998,0.0193765208155551,0.0622078623979598,-1.0,0.4345663417165362,1.395164975467892,1.523901942831774,793,0.4769431873593127,7,0.1166493918706984,0.074077405941386,-0.0127012735597952,0.0,-1.113193229804401,-0.6362500424450886,0.801839344342234,0.06420496051278,35.25036091131336,34.21971553717704,38.25039232840609,0.5085378992195823,0.0377533206424205,-0.0002912461333874,0.0142261463743985,0.1107981038119232,0.94898024721634,-3.412688152071297e-07,1.0,0.0270274295678991,2020-02-13,40.0,5,0.1523424599435401,0.0863344132947196,False,False,False,0.0,0.0,0.0,0.0131232141866933,0.2486901872009677
WMT,Falling Wedge,bullish,1,0.6624731040553032,3,32,953,954,2020-07-01,2020,1,36.8765619462666,36.65742682667967,40.69061357019305,35.93081947809062,0.7941651560095885,0.0059779187618111,True,0.0637858170586265,0.0633402847073536,-0.0007522960549892,0.0076925610576146,0.006968724855688,-0.0067672200416286,-0.0007049265378495,0.0175232191964911,-0.0371306214021198,0.0066969911871765,0.0073872984299865,0.0072653163845803,0.0119549681922819,0.0171306142126095,0.0341969453436912,0.0409894543425066,-0.0194442129338314,0.0101731868992849,-0.0032052214696196,-0.0317967034874455,-0.021264057204488,-0.017963095714815,0.0623382707958703,0.1008412770632687,0.0799974752552856,-0.0073693918125024,0.0225631030613657,-0.0210527028512772,0.0110420897675656,0.0034999281016225,-0.014106463783755,-0.03464057924142,-0.0689113874258076,0.0152901163867924,-0.0730490677755576,0.0401984571000801,0.0088674695679273,0.0059846127568252,-0.0211341856919902,0.0030135947687286,0.0222992799688068,0.0277293173833277,0.0182656496120912,-0.0518872858685067,0.1028942380632924,0.1013664374588882,0.0835209575171949,0.0525888547770572,0.0551340156733468,0.0689392720770136,0.0089436055405025,0.0181706155468457,0.0280004394697586,-0.0408984136550789,0.0044529350664632,-0.0257130365465237,0.0198117978828773,-0.0030646321829915,0.0676537926882285,0.0681473795871008,-0.0490063206500466,-0.0432022713371241,0.1100593733402186,-0.0193796477993923,0.0631513487309947,0.0753412366917776,-0.0296262064384525,-0.0455956150928796,0.0669549740875629,0.1424076647380254,0.0339236467820727,0.0226262843107254,-0.0003960127953754,-0.0453888729678431,0.0527389818662042,0.0611809666539804,0.0275078517839955,0.0533077050087829,-0.0800519010715293,0.1414773883821878,-0.0293734175831914,-0.0632816025946987,-0.0889734722130749,0.0407928073781198,0.0224615759087958,-0.061114176015988,0.0132946700995122,0.0509846193939191,-0.0087966871206429,0.0194412832638322,0.0261573533239332,0.1346778974874432,0.1477587729877871,0.0974596507367449,-0.082551328338786,-0.0284745532618421,0.0789676844130768,-0.1959920553862191,0.1287693815188821,0.134419908529769,0.0349039612939234,0.0840942947474403,0.0822863174303132,0.0815309411675049,0.0476474708696721,0.1106284710781526,0.1631793987085175,0.0155415637932938,0.0050640122077192,-0.0133147708737431,0.0804709676451327,-0.0187603682590995,0.0504784229209258,0.0138829721442592,0.1091201383703425,target,960,7,40.69061357019305,0.1034275274762317,0.1127488721306857,0.0155716250398238,4.032864920703501,4.396324483046544,0.6071716293893357,4.032864920703501,920,0.7435078665690209,7,0.1864538537195104,0.0860598906684242,-0.0635149614456243,0.0,-1.0767940930118771,-0.3332862264428544,0.2609147019871756,0.0926526618130426,36.65742682667967,35.93081947809062,40.69061357019305,0.6121755529554049,0.0112266983841222,-0.0248875213894721,0.016656142096336,0.0160589608598751,0.8174659400544962,-0.0027550144730266,1.0,-0.0009402689836724,2020-07-01,40.0,5,-0.0153104925048697,0.0138961139612747,False,False,False,0.25,1.0,0.25,-0.0033487613989302,-0.1705616975892254
WMT,Falling Wedge,bullish,1,0.7594653032886157,3,50,1374,1375,2022-03-03,2022,0,43.32541447331338,43.0488222211777,47.68985603872284,41.295243711392125,1.159843657401532,0.0064250829143384,True,0.034976063168612,0.0494981523581835,-0.0163056744822461,0.0175671946969848,-0.008821793113521,0.0160702947592397,0.0097398681562943,0.0185107891021725,0.0404599318393361,0.0196620083310068,0.0308121196926436,0.007382266732991,-0.0023296620198322,0.013203332189017,-0.0291529744547869,-0.0189342941392667,0.0184682548420043,0.0128348191109097,-0.0161956938459958,-0.0058236911128557,0.009755835021197,-0.0012739636569232,0.0291946147861935,0.0563157994116421,0.0347290586275979,0.0251361531851597,-0.0167908656328316,-0.0004859827811743,0.1071622166198624,-0.015440086324148,0.0248535379282885,-0.0044680733554817,-0.0361532734333265,-0.0132467546891572,0.1099201160375575,0.0591117578895286,0.0409739750635604,-0.0367656143412156,0.0257636389321915,0.0089025924843879,-0.04205093610099,0.0381113653346965,0.037976428966777,0.0667016109501736,0.016118865700667,0.0365492657899158,0.0847979541623613,0.0354797317202182,0.0292719329728634,-0.0627853110404903,-0.2006292212086704,0.0880889317535698,0.0703831683496332,-0.0055460303121755,0.0894278791310525,-0.0458965880117664,-0.0049337047522185,0.0691866974058361,0.0093769153840788,-0.0527471945103016,0.164822981838913,-0.0604751761839478,0.0578841814667581,0.0194371804317443,0.008493158032669,-0.0458575710365132,0.0441286561477787,-0.0137094660280235,0.0769018831708218,0.1144454184415482,0.1572246910522862,0.0917754270441419,0.093556741948235,-0.0003960127953754,0.0474938150009025,0.0461083728350792,0.0304318678618891,0.1183081243670909,-0.0175493992688343,-0.0764318325276133,-0.0249044766417148,0.0300467310624257,0.090372283452865,-0.1183527710006613,-0.0068256202066007,0.0695073581076899,0.0121167222127196,0.0477982640899024,0.0466143380589534,-0.0075483223174106,-0.0044937269672513,0.0910640242257265,-0.060693956095896,-0.0254887552998916,-0.0720232103380391,0.0918085467249625,0.1348060896506513,0.0064950392865503,0.2219567429950752,-0.0990427922380325,0.1318848138162243,0.0694657745497087,0.0129144221116348,-0.0228361157309707,0.026947857485631,0.0068365342643683,0.1367562808420468,-0.0878279662685046,0.0605979434838752,-0.1010565834241987,0.1344326934545201,0.0180910445036768,-0.0245367738945105,0.080126312970632,-0.096983788808161,target,1395,21,47.68985603872284,0.1007362911230258,0.1019163755275822,0.0015964096395107,2.1497903758988044,2.1749742899319817,0.0340686165904301,2.1497903758988044,1324,0.5458542368213065,7,0.0387887676023874,-0.0056173848991706,0.1696296908970602,0.0,-0.9372847888365262,-0.3914305520152224,0.6487918189313814,0.101832014925084,43.0488222211777,41.295243711392125,47.68985603872284,0.9096938999423264,-0.0173545690366849,-0.0027608641319696,0.0207736766337192,-0.0536553548803754,0.698979666311474,0.0082986404294858,0.0,-0.0473159694978353,2022-03-03,54.0,6,0.1250635705901317,0.1068307627333335,False,True,False,0.2,0.0,0.0,-0.0465132074185891,-1.053012249480359
WMT,Falling Wedge,bullish,1,0.7257664460055776,5,43,1532,1533,2022-10-18,2022,0,42.73411918459705,42.219680350108746,45.34193133319279,40.446918598365336,0.938680854194394,0.0121848112117926,True,0.0427303157482019,-0.0004416461160694,0.0187772881384482,0.076380933889556,0.0108581435761665,0.0184880582248332,-0.0143079005834975,0.0389148021475411,-0.0293504783985462,-0.0110901026125843,0.0147176932948323,-0.0022612819489968,-0.0389833981930155,-0.006507685943359,-0.0104567230871835,-0.0027478234437509,-0.0442890485072475,-0.0218946761261251,-0.004095249202227,0.018986891836519,0.0239358721448679,0.0088272253149044,0.0405351887221452,0.05479048849094,0.0127027748971908,0.0083003204579441,-0.0145010793683717,0.0130407067004574,-0.0306907056077583,0.0722062083587742,0.060771078039749,-0.0170296413544316,-0.0148017858480096,0.0344254037145084,0.0230499964306709,0.0106424234452298,0.0069517755231243,-0.0092908519695216,0.0080289164072291,0.0051483034100563,-0.0136883875113859,-0.0058121555860489,0.0351753792529268,-0.0130770875800843,0.0650239161939341,0.0435968518354904,0.0975954250875121,0.0176475657815073,-0.0711527735622198,-0.0274130308300069,0.1051834594043112,-0.011636460011784,0.0315860675582553,0.0074323578845829,0.0497292694867634,0.1146847330776448,0.0503424040451181,0.0178503678625436,-0.0213299277592409,0.0191691216962548,0.0517582211566294,-0.0274130308300069,0.1140916347096583,0.0085985703030526,0.0703831683496332,-0.025333148340226,-0.034496066579898,0.063233443216401,0.0733320060456388,0.095979356226971,0.0135651318856639,0.0235421770547945,-0.0125418105498988,-0.0074289605905561,-0.0453888729678431,-0.018162253543879,0.040499762806277,-0.0094338037435541,0.0152408212234331,0.0373899258898631,0.0408551792419098,0.0934663477577824,-0.0015344023020623,0.0497783842693173,-0.0837734610101662,0.0303535023810872,0.0799446203550144,0.0061923655085898,0.1138854375089397,0.0816105228896213,0.1173216186054351,0.0683885011877658,0.0856674550614369,0.0007331659387797,0.1437481782133474,0.1300798861471694,0.0394121534952935,-0.0314050564683997,0.1131238736896387,-0.034695907860053,0.0267225679705698,0.1553887393239272,-0.0206315063166186,0.0265025748843616,0.0670947858498764,0.1671489061481248,0.07852356111592,0.0842205766122441,0.0234088485910923,0.0929783177181733,-0.0116426410427739,0.0354227172767098,0.0472216647238108,0.1404912998641612,0.0220117780646081,target,1540,8,45.34193133319279,0.0610241230743722,0.0637978120702136,0.0101243532188583,1.1401764079171794,1.1920000900388164,0.1891636963220936,1.1401764079171794,1489,0.4244554849008654,6,0.0351457619866138,0.1289690417556912,-0.0124512042272644,0.0,-0.7269566883190174,-0.3025012034181515,0.9724313434684846,0.0810130850641619,42.219680350108746,40.446918598365336,45.34193133319279,0.9846075978562072,-0.011466389846253,0.0064721177354776,0.0230729524344888,-0.1423154885061128,0.4576277761613774,0.0156809708565885,0.0,-0.0337420409122736,2022-10-18,54.0,6,-0.1922444129387605,-0.0580941745657632,True,False,True,0.8,2.0,0.4,0.0280823285648027,0.6575219887226874
WMT,Falling Wedge,bullish,1,0.6940599867236891,5,52,1613,1614,2023-02-14,2023,1,46.28965893027981,45.79371020119834,49.16056943221035,44.006943648698766,0.9907983771885868,0.0108300621832668,True,-0.0049669183510112,0.0238134792407516,0.0249045927487419,-0.0075909672629197,-0.0295696323322957,0.0123105757798076,0.045261972131559,0.0168089558283177,0.0532006357365524,-0.0062622709458004,0.0167875767132299,0.023569463233122,-0.0224369539133866,0.0070702014675656,-0.0205080467386342,0.040556737288546,0.0195893264692053,0.0082686276710624,-0.014303728576991,-0.0117192165370921,0.0122863835821023,-0.0603019599314105,-0.0103630319715753,-0.0331813820781938,0.0048592867205994,0.0321741025386992,0.0002867048226495,-0.0140868520234215,0.0132918940497619,0.0011915035989582,0.0040436248284609,-0.0645335027346751,0.0212726247746941,-0.0405523022401922,-0.0451504978335784,-0.0588760017654493,-0.0372231270340664,0.0149574686969318,0.0550965967664913,-0.0372124145164198,0.1108543409015399,0.0021318556866776,0.0215455543478486,0.0141661578237584,0.0599110951521193,-0.0358458233702332,-0.0366996812863736,0.0146465461414341,0.03162975042136,0.0089458425040718,0.0468865171192984,0.0809164034935392,-0.0217609438832515,-0.0024909793948983,-0.0246764991376599,0.0377720265535246,0.0426236851324499,-0.0217298743761507,-0.1567681583437818,0.037491684093369,0.0418858486544624,0.1071957316342886,0.035193857892142,-0.0157070289049086,0.0443898856022133,0.0531635364642153,0.0046161184329958,0.0541568393757492,-0.0558863934530251,0.0354768346647267,0.0240278906749509,-0.0319949312375466,-0.030350075438766,-0.0550159953076028,0.2275784806263954,-0.025555590187226,-0.1258586965811101,0.0105383015312794,0.0408264405164913,0.1009515152480207,0.0616837217095367,-0.0452470657103241,0.0349210588654502,-0.0014587463673182,-0.0883177167861706,0.0028189387458419,-0.0366369337694215,0.1357528254833724,0.1312361368876087,0.1028160844357934,-0.1901120590627042,0.0245480499846467,0.064649800677772,0.0564790242729646,0.1121572465562403,-0.1472053849550422,0.1343648526668417,-0.1255019837310289,0.065620257842289,0.1195533686489289,-0.0019130755478921,-0.0566850389709086,0.061741823255345,0.1049833467035332,0.0334014392071806,0.3054436690541022,0.072598928722172,0.1253648443819293,0.1900884517713241,-0.0206315063166186,0.1365977712887107,-0.0550003864302985,-0.1054162438777914,0.0809091145717597,0.0131262259357332,stop,1628,15,44.006943648698766,-0.0493137200474778,0.0233169885089805,0.052980065953657,-1.0,0.4728296402407209,1.0743473804582069,1.2576734930963869,1560,0.4795065092664756,6,0.0879859094817491,0.1494572092945578,-0.1248253516227029,0.0,-0.8358333886720037,-0.3563268794055262,0.9250560841999712,0.0761385838672975,45.79371020119834,44.006943648698766,49.16056943221035,0.7250996694097093,0.0704372658149694,0.0088868164324324,0.0156073359972039,0.1013458045410209,0.3618665087345186,-0.001233593982561,1.0,0.0373833028003476,2023-02-14,36.0,6,-0.0309315043839125,0.0109347473983827,False,False,False,0.4,1.0,0.2,0.0031687021663983,0.0094976401636417
WMT,Falling Wedge,bullish,1,0.6700630185331468,5,56,2486,2487,2026-08-10,2026,0,112.17146067312872,111.2799026611642,133.0747308117609,103.64846036017786,0.8760192921925193,0.0080118511127675,False,0.0168089558283177,0.0192104719947178,0.0045064818121427,-0.0027478234437509,0.023430230176193,-0.00992364472139,-0.0080455094672067,0.0285715569123252,0.0011121870370927,0.0094505621549467,0.0066707852894301,0.0036805025897728,-0.0344144921621808,0.0243510835970881,0.0368242257651751,0.0185109581723275,-0.0178605958236595,0.0158352204436582,0.0255897098478814,0.0006315064422119,-0.0027801109290745,0.0277327366663073,0.0092526773103532,-0.0506498067803108,-0.0363701040245759,0.0271976072519612,0.0008691544844126,0.0320783087745408,0.0606345884292303,0.0401984571000801,0.0015098755934153,0.0760662725646563,0.0089025924843879,0.0020851691636036,-0.0093966501031341,0.0089858767916168,0.0598227966809334,-0.0216121534179105,0.0207776752939958,-0.0093966501031341,0.0096206276759971,0.0650239161939341,0.0518700354537686,-0.0207832875269559,-0.0086262475906871,-0.0704412050400464,-0.0545723269059413,-0.0435075431014985,0.0299495529303601,-0.017085580501473,0.0045963780424398,0.0259490102372792,0.003209625801158,0.1351589000289186,0.0252458192148949,-0.0018731802523188,0.0707243151962073,0.0183777342848148,-0.0210028132431121,-0.005601535628872,0.0371783542584387,-0.0999582438700965,0.0509588641416443,0.0684413439577098,0.0835209575171949,0.0617746448339693,-0.1479243811586421,-0.002300883031612,-0.0705392710438865,,,,,,,,,,,,,,,,,,,,,,,,,,,,,,,,,,,,,,,,,,,,,,,stop,2494,8,103.64846036017786,-0.0759818964806667,0.0393988314577505,0.0852899554663368,-1.0,0.5185291929081476,1.1225036412198317,2.452571790578169,2430,0.5130021823055555,7,0.1545422339927136,0.0750182591688226,-0.1523127720000302,0.0,-0.9318413515303914,-0.4188391692248394,0.6360275710987529,0.1466247432006323,111.2799026611642,103.64846036017786,133.0747308117609,2.5987785432331614,-0.0438671270789131,-0.0159735810187947,0.0231226697986809,-0.1377751324770456,0.9793848489257768,-0.0068842196655679,1.0,0.0318486417381997,2026-08-10,55.0,10,0.0291518334402947,0.0609919507342002,False,False,False,0.3333333333333333,0.0,0.0,-0.0207201979772259,-0.525298737552653
DIS,Falling Wedge,bullish,1,0.740830392337157,5,68,787,788,2019-11-01,2019,0,129.26335519628475,126.93622985465927,141.63585895435557,120.406135949267,1.2002059688648434,0.0183330270978585,True,0.028631118931411,0.0250901827040561,-0.0115147296832724,-0.0001068162679649,0.0008974365138429,0.0375048535138888,0.0067089119246821,-0.0184229202432245,-0.0004932334590717,-0.0304218978323211,0.0188413322500899,-0.0515673822992228,0.0071531612038566,-0.0325489794948944,-0.0261242683460698,-0.0003457551777334,-0.0165473772386638,0.0787577717345855,0.0075372792144035,-0.0177045499425351,-0.0395440468593419,0.04430608790563,0.0308128750605778,0.0786609649540199,0.0658627347833566,-0.0107514200957054,0.0377921250704063,0.0349030916041379,-0.0194340331970751,-0.0377192156093494,0.0252610165656135,0.0117783577473336,0.0276933071093126,0.0219427415223929,-0.090988284815234,-0.0395920009763488,0.0462883386427908,0.0182656434104018,0.0323784589632851,0.0034984824845951,-0.0081446065969353,0.0193041548797714,0.0168760382873607,0.0512140011295265,-0.0136458347354603,0.0723149468844789,0.1230240992636844,0.1107126406793914,0.036207277320301,-0.0257886587903137,0.0031691685588259,-0.088776484138115,0.0165600164731645,0.1635075831594057,-0.0626179667880745,0.0024599645934841,-0.1499275606944592,-0.0141625769778108,-0.0742535723430677,0.263121663517553,0.0031284542703513,-0.0161637678370035,-0.0829686092715169,-0.1655902946611088,-0.000951471593688,-0.0352750170013197,0.0881623338262018,-0.0698618524881589,0.1335251678069518,0.0848235803417085,0.0341741052750734,0.0378357385574628,-0.0398323271313694,-0.0242907230566974,-0.0337306830045871,-0.0296681563430903,-0.0169347089983461,-0.0319112275626066,-0.1179736700919712,-0.0453088160438767,0.4825928462135698,-0.0263677692401237,-0.1072623870730212,-0.0043965027915628,-0.1112755091246425,0.0343036787209558,0.3569691475749585,0.0093391320843125,-0.0157662136730172,0.0649455615280427,0.1422578400221934,0.0586473178133794,0.0336687731145508,-0.0359786734773439,-0.1382029813236018,0.0135717519567271,-0.0778976344938419,0.1159946406431604,-0.1111894613950642,0.1746747001027651,-0.0185776186662697,-0.0572738713917905,0.0541418282969992,0.038331269795208,-0.0791065288957529,-0.1219162821752453,0.0758468638924836,0.0297363919522519,-0.0884543690196141,0.1938802173470122,0.0341492926550042,-0.0100535590624729,0.028597656066861,0.226011036933484,0.0195556059536356,target,795,8,141.63585895435557,0.0957154774397068,0.1178048027143522,0.025797748699228,1.3968835379384643,1.7192578881030651,0.3764955411367521,1.3968835379384643,719,0.4419896955616554,5,0.0274644082400581,0.0980810090209403,-0.1170788727964441,0.0,-0.9912838120644728,-0.5492941165028167,0.9963201632002432,0.0927379283889634,126.93622985465927,120.406135949267,141.63585895435557,1.9537358377813336,0.0318770131429322,-0.0005075843588691,0.0152703666842802,-0.0105771947060985,0.9781646876957296,0.0082357703359692,1.0,0.0400546221733928,2019-11-01,51.0,8,0.0366116853628291,0.0433080224381698,False,False,False,0.1428571428571428,1.0,0.1428571428571428,0.0048748460255736,-0.0368925841739681
DIS,Falling Wedge,bullish,1,0.7010173034412225,3,23,953,954,2020-07-01,2020,0,111.49976227002576,108.17276833166908,128.30645107228383,104.18902935912848,0.811316501429217,0.0307562983703602,True,0.0157391774932391,0.0152936451419662,0.0438928055201346,0.0195266005470542,0.0299013891654913,-0.0060481405780613,-0.0327299355318521,-0.0679353022360531,0.0183894280705005,0.0065382454626259,-0.0013048756943409,0.0382468722783924,-0.0240233139297623,0.0059833364720911,-0.0021986828061296,-0.0822845873775265,0.0460066966502792,0.0141295194379182,0.0076915063158682,0.0056281886269629,0.0318798453078743,-0.0578203241508977,0.0160657139157106,0.038521761364539,0.0176779595565559,-0.0177833863518934,0.0256839085289355,-0.0714439829713063,-0.0018539652396349,0.0422604269287667,-0.0659511866611748,-0.0087386719865187,0.0222916603088378,0.0528203494360521,-0.0554055543216265,0.025296417177921,0.0748405366854334,-0.0693811331602942,0.0557666330498651,0.0097206144472818,0.0079784794153181,-0.1588252068734601,-0.0072694210195494,-0.0393780359477414,-0.0419031645303487,0.0495854955187958,0.0057391069059693,-0.0251929958341683,-0.041081849627923,0.022165549994598,-0.0051070674740354,0.0916410608518638,0.1319072874052083,0.0271396900628653,-0.0724723367581602,-0.0310790471447733,-0.0608371558016943,-0.108659219612108,-0.0054638608854238,-0.0015883838516488,0.0400000386936632,0.0294505462285101,-0.1106049228053572,0.1593182264068811,0.0200234772631457,-0.0943590744148685,-0.0708090718057012,0.0373527639025399,0.0078922743745902,0.1628694566607711,0.0543854387048183,0.1464019884650071,-0.0338570580354978,-0.1327144944052284,0.06465227987025,-0.0726850351390691,0.0869373290193398,0.1360556739856651,-0.3919376516984052,0.0004019541216691,0.0966517318951225,0.0033174821653962,0.0581161103509058,0.0879937098670038,-0.0758066687313131,-0.0188871172868644,0.1285587555724749,-0.1586459954686916,-0.0500507573081363,-0.0501434442756613,-0.0393911844050475,0.1736210762328251,0.0782608646910545,0.0279617424400122,0.2040447522213391,0.0613277083695187,0.3497972280232657,-0.1195488446100084,0.0508408568265268,0.2197102775948411,-0.2629091115967127,0.0646914579676065,0.1528224598862819,-0.0304820528586082,-0.0548249000748507,-0.1497085216236535,0.164095942183607,-0.062709083352308,-0.0057853476576007,-0.1731366604057774,0.1095702782717931,0.1590549727308943,0.070481578704507,-0.0046746485309346,0.0411279475875681,target,981,28,128.30645107228383,0.1507329563766808,0.1544347542345515,0.0260869565217391,2.298906143487512,2.355364173914124,0.3978656430173733,2.298906143487512,930,0.6703166989107565,5,0.0350165438770545,0.084604889951463,0.0383097781440586,0.0,-1.0069953089989891,-0.3366786100882312,0.2972453450799014,0.1528705243205195,108.17276833166908,104.18902935912848,128.30645107228383,3.770218895986983,-0.1001197033972078,-0.0001928646608322,0.0344091207043396,-0.2186269107499495,0.2175231878445905,0.0117478835215152,1.0,-0.0009402689836724,2020-07-01,47.0,6,-0.2165044482158791,-0.0820232380535508,True,False,False,0.8,0.0,0.0,-0.0535590720403435,-1.3170850516130768
DIS,Falling Wedge,bullish,1,0.726336233941564,5,62,1470,1471,2022-07-21,2022,4,100.13648941978828,89.84445912029298,129.63767557425388,86.64900735867161,1.324965738306258,0.1145538678764293,True,0.0156854588952408,-0.0022378621663925,-0.0162062751129988,-0.0390287580838604,0.0004328937052699,0.070717540755544,0.0617439539290727,0.0087657526484492,-0.0119562568309519,-0.010565041843217,0.0308835505884634,0.0412558314305602,0.0711558821358426,0.0895087251272455,0.0467966295156754,0.0114444728394396,-0.0219687468065226,-0.0596223193686314,-0.015279456987412,0.0172831388567369,-0.0539206191709283,-0.0460215281672988,0.0069144904372169,0.0468629214370053,0.0086344128577069,-0.0731824882028028,0.0042955083810793,-0.0018539652396349,-0.0568674026085023,-0.0488093738836283,0.0343114659676009,0.0003256993471703,0.0615271543604982,0.0786363515334733,0.0510822870406879,0.0053499219734507,0.0181816251671107,0.0970513902940022,-0.0367003701756343,0.0042780709397463,-0.011887546619586,0.0054224427161682,-0.1363927581544586,-0.0500914904887666,-0.0780142766462781,0.0535298091519205,0.1877419560401501,0.1151208006912387,-0.1879622870856814,-0.0204282393856028,-0.1460584275255789,0.0041442388200434,-0.042180110203942,0.0311977972837689,-0.0464049505614827,0.0999168309357345,0.0029043350757473,0.0663989092200816,0.0018806743914636,0.0424975165642904,-0.0028365141174057,0.0206401261516635,0.0174787696271425,-0.0037708814930841,-0.050414905525017,-0.1381197854598369,-0.0617923939075713,0.2430005424378261,0.1962373937780221,0.0481215032885558,0.0776415697849896,0.018216772408752,-0.0650046116980073,0.1842302972030856,-0.0730044660729444,0.0873740738367723,-0.0670890496376085,-0.0223077134423111,-0.0237937676761827,0.0556876039377263,-0.0976662461191796,0.0208819884576023,0.0668042470103396,-0.0243663486478912,0.3560413288195521,0.0034508149639351,-0.0394850399588879,0.1028431149096382,-0.0425567283721334,0.0659648040930034,-0.0299691864641719,0.0243089089110013,-0.0854957906006764,0.0143261515123591,-0.0487564330121157,0.395803742187421,0.1579275387893108,-0.1095522498936165,-0.0772187457811607,-0.0060017358798809,-0.3080461353752334,0.0538021783417079,-0.0555008037272116,0.2040447522213391,0.0459781613881333,0.1371237034713206,-0.0331810425533299,-0.1672046047897716,0.1101364716283377,-0.1123616370738684,-0.1023406797489313,-0.1243888838597281,-0.101806619813888,0.0664312924955627,-0.0817402040513963,time,1530,60,91.5752410888672,-0.0854957906006764,0.2246319938033006,0.1217080202948441,-0.634755122722459,1.667758234554258,0.9036092749804928,2.1873012338985918,1404,0.8767909912681762,6,0.0325766643139075,-0.143166874288727,-0.3017416609184944,0.0,-1.3334755144428518,-0.4566845231746746,0.1221271403791243,0.2321001476542077,89.84445912029298,86.64900735867161,129.63767557425388,2.796498385945129,-0.2335177382625889,0.0361467979741532,0.0276856099644668,-0.3059755720769879,0.9734849579516172,-0.006192527149312,0.0,0.0651726253613247,2022-07-21,40.0,5,-0.1576894185354055,-0.1169728505015198,True,True,False,1.0,1.0,0.25,0.0551786138430318,1.6982014837664154
DIS,Falling Wedge,bullish,1,0.683379625727515,3,32,1636,1637,2023-03-20,2023,0,92.27332693248228,90.19361722763824,120.21128894722416,86.0982502565804,0.7243460326734769,0.0230582802727059,True,0.0047284907237239,0.0066163732275456,-0.0195873012748748,0.0021293508603061,0.0375994711987848,-0.0001940919180009,0.0013469360889335,0.026920097041825,-0.0217025749655148,-0.0095401350006372,0.0315472984073992,-0.023945307704693,-0.0331884982853418,-0.0546700510905271,-0.0135869664613932,-0.0300435383427227,-0.0704920395946258,0.0368597216660304,0.0782405272976591,0.0253343541257748,-0.0103167808868038,-0.0105218167325272,0.0076190580022714,0.0482295198251554,0.0137163311673278,0.0034360586175439,-0.0159378712864566,0.0038607470427043,-0.0290618219141901,0.0112572318695398,-0.0193151133139287,0.0124871517615794,0.0021592310143176,-0.0020496813758565,-0.0071517933044781,0.0097370115588106,0.0973497545316868,0.0191361900528659,-0.0145806614353246,0.0548046161272555,-0.0105740416354801,-0.0602493892720291,-0.0331401427498037,0.081263246379839,-0.0409265372780393,0.0451043105556276,0.0605233410449972,0.0178035194001833,0.0312415878534093,-0.0031186060657354,-0.0838793025018004,0.0276371645026174,0.005521073016409,0.0506214299752725,0.0206401261516635,0.0724041386559661,0.0195727058492647,0.0892875987687122,0.0949509613048267,-0.0162733324849219,-0.042142990065373,0.0213299520951724,-0.0064620050735942,-0.0172565278982428,-0.0748560327844769,-0.0016215929890355,0.0311284976920085,-0.0040501013632235,0.0497896038130512,-0.0440264360403971,-0.0767774873196102,0.1661718194681118,-0.0796242668301477,-0.0758066687313131,0.1277144267448009,0.0341325862312189,-0.0240652333682973,-0.2305491702718186,-0.0713335552054591,0.0411135976370702,0.0629443519838997,-0.0637073114725483,0.0313083838159391,0.0457987450249217,-0.0111320960186899,0.0309291070362625,-0.1272337768873491,0.1108817576482568,0.1491609282625456,0.1059965356296428,-0.0541603771077277,-0.052453425219863,-0.028580425051542,-0.1291242213014307,0.0074356197796223,-0.058346734017436,-0.0468113132032755,0.0851770163935892,-0.0637316802342023,0.1150554409445434,-0.1621359569360407,0.0968651883889233,-0.1680126298420624,0.2255134454045779,-0.2250412988300404,0.0162908407710109,-0.3151913317191932,0.1250759555650722,-0.0917804139347182,0.0827345540001989,-0.0839521866997472,-0.1432837533314387,-0.0324340532864813,0.1482483896496063,-0.0041641799946674,stop,1682,46,86.0982502565804,-0.06692157832805,0.091835799678493,0.0710307245074522,-1.0,1.3722898050657657,1.061402409836469,4.524310139138717,1604,0.629727273183556,5,0.1002575905158816,0.2585137249019262,-0.4204189106482748,0.0,-1.568715086952765,-0.9389878137692016,0.3398657417749362,0.1522274523170773,90.19361722763824,86.0982502565804,120.21128894722416,2.2272255301987656,-0.0689797057876059,-0.0782643954311462,0.0243806336137456,-0.1296073495591855,0.6354179084312861,0.0024678661954249,1.0,-0.029507695939129,2023-03-20,11.0,11,0.0744247814379523,0.030135215543716,False,False,False,0.1,3.0,0.3,-0.0373087301164593,-0.060620427406257
DIS,Falling Wedge,bullish,1,0.642363654820127,5,50,1736,1737,2023-08-11,2023,1,86.28142474329867,85.62324434453345,92.44108784620536,82.61098264237006,3.2234456383700336,0.0076869359927174,True,-0.0340488299024093,-0.0156095127996288,-0.0208019743579686,-0.0122676964951122,-0.0078732622562973,0.02168426052811,-0.0022264331043801,-0.0044692081311509,-0.0095141697162698,0.0185598819405417,0.0076871408589478,-0.0057325440316624,-0.0145423076110787,0.0063785618324274,0.0411554486792167,-0.0085882453809144,-0.0345552570051902,0.0379973943584062,0.0028110216608954,0.0091091172875714,0.0027928138228288,-0.005471904732807,-0.0351554618097149,-0.0632654445185199,-0.0526289839164176,0.0133653371653648,-0.0272265293279776,0.0580352969875157,-0.0489906723098649,0.0567444734824356,-0.0710567256377964,0.0375021957320522,-0.0419849404015477,-0.0475105827525677,0.0109931161452208,0.1224455489165188,0.017985675668676,0.0102712712037411,-0.037195495210517,-0.017761438584545,0.0351449256645397,-0.008349708446338,-0.1326560273464896,-0.0312100592534581,-0.0274746517061327,-0.0568189950179613,-0.0727049400695395,-0.0811376489716192,0.0234664161456874,-0.0533175003075852,0.0129321779838269,-0.1260064649143495,0.0479203482425498,-0.0997876383918637,-0.0626179667880745,-0.0097530723031827,-0.1847002673449015,0.0008620520272712,-0.014771277481254,0.0654820437344454,-0.0674574346755373,-0.0308134170892721,-0.0059004340084899,-0.0935844849786822,0.0216361187255671,0.0537884651302205,0.0339105208403105,0.0755213759871746,-0.0520454180962325,-0.048207719530814,-0.0237301834976833,-0.2375946139020812,-0.0450272790556381,-0.0058542478426523,0.0537317949306188,0.05963726440249,-0.001531736114102,-0.0072724262230333,-0.040290301100316,0.1618166271544259,0.066845379437139,-0.0862846013479573,0.0915333898178485,-0.0457510480292661,0.0966517318951225,-0.0439374914874131,0.1342553414796257,-0.2092137486198795,-0.0839070549551113,-0.1829937630713984,0.1706549215261785,-0.040481126475544,-0.0558489253915132,-0.0390440332292395,0.1165846141351929,0.0751567894478055,0.3555034081145678,-0.0521163385324462,0.0459781613881333,0.0774626485500127,0.0215218912167096,-0.0174895848682412,-0.0520815647287614,-0.0583378701748757,-0.1158716502939569,-0.019707275161748,0.0227482156736349,0.1124544074906293,-0.128362335566625,-0.0901255614678412,0.1057820650816834,-0.087979257893485,-0.1111671704724202,-0.0769141553750224,-0.0620008972196605,stop,1745,9,82.61098264237006,-0.0425403510877199,0.0034835958582991,0.0733790088774149,-1.0,0.0818892126939872,1.7249272044347832,1.6781801574661306,1685,0.5608448500218317,7,0.145555058174839,-0.0835856326711596,0.1628625757891588,0.0,-0.8128986945629739,-0.2520538445411407,0.6403823623666767,0.0906210117288917,85.62324434453345,82.61098264237006,92.44108784620536,2.0111495961595645,-0.0692504786059813,0.0006160007637905,0.0233013273588951,-0.1933671371796629,0.0642554899515582,-0.0047949732630552,1.0,-0.0080795817011158,2023-08-11,11.0,11,-0.0023980388484068,0.0314791494978261,False,False,False,0.2,0.0,0.0,0.0400171003646104,0.8323456215977504
DIS,Falling Wedge,bullish,1,0.7162491676917383,3,21,1844,1845,2024-01-17,2024,1,88.18708489143272,87.78502697748604,92.46624746896408,86.16963971388088,1.5049729603687794,0.0045800283691863,True,0.0313257955003714,0.0073179147201343,-0.0054634911799471,-0.0169741839235848,0.03947921625464,0.0053424290243961,0.0014850625262448,-0.1373362948674008,-0.0180837237401793,-0.0045262755562389,0.1224041801862938,-0.023945307704693,-0.0263198024875144,0.0249294444764087,-0.0037848114947186,0.0286373482818669,0.0076528799322994,-0.0293470791128234,0.046418429160024,0.0050736010951422,0.0109419674073536,0.0145450369226061,0.0292693642403626,0.0594527965853437,0.0407400834715292,0.0516657281135626,-0.0202439301699802,-0.022461936882149,-0.0204461446404696,-0.0196958660013417,0.1359254980060755,-0.0055919619696612,-0.0582380529554744,0.0627807387746042,-0.0462515846889315,-0.0139397129348685,0.0033921097974147,0.04030751070287,0.0035951736047539,0.0906008594427429,0.0096788749993217,-0.0054615014074566,-0.033081528334012,-0.008899370841537,0.0719327502767861,0.0486744139407312,0.2305315545379072,0.1787183064914512,0.0829852907869019,-0.0170047759637127,-0.0555448123937689,0.0495216839657066,-0.0789190456215206,0.0081136334230991,0.0483798060931894,0.0896762316373156,-0.0475101535798961,-0.0308358229236382,0.0252755674648998,0.0712304067872726,0.0122857840492596,-0.0767762169708101,0.0018599319863477,-0.0354763012614085,-0.0425749502831561,-0.0242870047007147,-0.0233818564591968,0.0281477059914303,0.2312732994365272,0.2360465459199483,0.1496771522695545,-0.04623791217089,0.0453023106536787,0.0486946278123052,-0.0524290433269932,-0.0734986154433727,0.0687647017254222,0.0820066568598798,0.071011010953037,-0.026988061791297,-0.0388916676557089,0.1457846019207074,-0.1161126905547529,-0.0761399581132702,-0.1237749835950071,-0.0822683421470779,-0.0852735252289186,-0.0881243434275301,0.17251377751588,0.0281857353031311,-0.0140013117878129,0.2441203975448778,0.2575555054382272,0.1764871822815101,0.1452607121819269,0.2638896448214993,-0.0231941559652238,0.1339004435503992,0.1802735892329146,0.0319213906820661,-0.0703799262425871,0.1145536358219661,-0.1219162821752453,-0.1990699924026276,-0.1882030031724718,0.2117695916744673,-0.087979257893485,-0.0675237211163489,-0.0439688905955004,-0.0916566293598188,-0.2062557742544239,0.0964286348003446,0.1789943729176548,0.0575113466620662,0.2418377189798486,target,1847,3,92.46624746896408,0.0485236878257109,0.0504080193737364,0.0027575555912368,2.1210799803363707,2.2034483678585426,0.1205389825325238,2.1210799803363707,1822,0.5482361247999812,5,0.0417486688204543,0.0226479490487245,-0.0381238822234852,0.0,-1.0331737933684189,-0.4849376685684354,0.6503142785273299,0.0453985997408344,87.78502697748604,86.16963971388088,92.46624746896408,1.6036041368079776,0.0119223240741375,-0.0099568485664858,0.0182485293673833,0.0545018574539903,0.065573121211364,-0.0050510540129979,1.0,0.0063069307779617,2024-01-17,63.0,20,-0.0006720486758809,0.0528512357939943,False,False,False,0.2105263157894736,1.0,0.0526315789473684,-0.0411718553106005,-0.5219708737149855
DIS,Falling Wedge,bullish,1,0.747285238248276,5,70,1953,1954,2024-06-24,2024,4,99.85975161302729,97.1577499910909,126.69392851429438,95.87273566405496,1.236082324581964,0.0278104589925576,True,-0.0450029477123575,-0.0474847059924982,0.0483736132401335,-0.0354168683333135,-0.0172684598784336,0.0172802997291818,0.0063897378920019,0.0632822898417486,0.0244558906586287,-0.0049618890046667,-0.0124297193172339,0.0172718784489813,-0.0766731077313884,-0.0092216406426456,-0.0041191292103506,0.0457319564637137,0.0598289626019283,-0.0038108837451579,0.0192572184541577,0.0188607111370171,0.028594604967443,0.0253343541257748,-0.0555409386972336,-0.0502849375270525,-0.0720315852371443,0.0985131952865292,0.0015580857493731,0.04030751070287,-0.0423055710062351,0.0158884060938069,-0.0549334120923145,-0.0535008532557761,0.0667867008753289,-0.010009737992928,0.0430622485830762,0.0071145339222833,-0.0303001697167587,0.003999825728282,-0.0094953910773045,0.0014823120475837,0.0345647932311465,-0.0071675895696158,-0.0273248144243978,0.0293550502029138,-0.0092618430867619,-0.0552016015371076,-0.1100764357404061,-0.128073176605063,0.0071250149052208,0.0032827431932407,-0.0219733223439093,-0.1001595793347466,0.01904921478815,0.0829852907869019,0.2430005424378261,-0.0095322893334213,0.0079654746570618,-0.0316159385376887,-0.0205582174761783,0.0733417118190227,-0.1378771543077709,0.1576930085520593,-0.0187919412528365,0.0985361429211055,-0.0440735831838332,-0.0275830892196021,0.0270360850171091,0.0873720041961569,-0.1298375416545995,-0.1218194370928069,-0.1488603344289305,0.0127181949749455,-0.0109279031063255,0.0378357385574628,-0.0501177476391794,0.0718262604847306,-0.0217081968900814,-0.0079054168975764,0.0649160694160013,-0.2732322777629002,-0.1099274954166765,0.1760998573673804,0.1434858312905929,0.1328285315609512,-0.2200754606930464,-0.0315178164961928,0.0345560896791092,-0.0181253948985899,-0.0206544440683588,0.0105652294763831,-0.0083952299800228,-0.1174316580407373,-0.0842419397266596,-0.1162461889087393,0.0130299953771637,0.1497500606579886,-0.0745402964493562,-0.2721211445383837,-0.0545584386710666,-0.1152710194786736,0.1093632364373993,-0.1487086518863168,-0.0182089039514163,0.0111538909491024,-0.0584846333725626,-0.1870169345918542,-0.0365950542137715,-0.0337797085284331,-0.0770040353268823,0.3769657663067232,0.1223677022366329,-0.2086948101557452,0.0939322934819222,-0.1263898023912142,-0.0575014153212223,stop,1957,4,95.87273566405496,-0.0399261552784814,0.0099356770570899,0.041691000196613,-1.0,0.2488513353662406,1.0442027264038318,6.730391160884077,1879,0.9242803657895022,5,0.032490825377665,0.1614908491084754,0.0774653953049673,0.0142857142857142,-1.412064587998786,-0.4877842222092816,0.0664667585709334,0.1923795052588069,97.1577499910909,95.87273566405496,126.69392851429438,1.5396810123466318,0.0363184883656788,-0.0392930652504267,0.0155212434318632,0.1173442068145333,0.0598288926274934,-0.0001955889597881,1.0,0.0352326159951614,2024-06-24,63.0,20,0.1535881422720888,0.112981169014104,False,False,False,0.1578947368421052,3.0,0.1578947368421052,0.0106555744884373,0.1081770215094869
DIS,Falling Wedge,bullish,1,0.6090085597854389,8,57,2482,2483,2026-08-04,2026,5,101.98999786376952,98.5444048355452,110.20409219434116,92.75050770355796,1.0995257460750358,0.0349648773461512,False,0.0150995288536468,0.0219178290325553,0.0068193277392554,0.0021152096082872,-0.0522581570949401,-0.0288231226854066,0.0260035971357512,-0.0145678572756053,0.0233642058908503,-0.0119042115724289,0.0055063993551986,-0.0151381059268785,-0.0224234699506127,-0.0077692415867525,0.0050645626307959,0.0133427177920331,-0.0030830204808642,0.0056301263418736,0.0862749240219771,0.0097711591150535,0.0576668316639479,-0.0076604466990736,0.0112029574525237,0.0192175617759176,0.0300443499994558,-0.0232072613173217,-0.0064484169523609,0.0281202825079525,0.0580352969875157,-0.0305952364902099,0.0409069263674635,-0.0504753802887585,0.0477873640146273,-0.0064018362921112,0.0049513231204154,0.0022657954013589,0.0732463789686295,0.0039340004827557,-0.0448779292898129,0.009191158564304,0.0392335634637481,0.0058640366834807,-0.0485567333903806,-0.0485957252227637,-0.0279090530440878,0.0178941340621953,0.0414746881609284,0.0596095682689501,0.1088997780270244,-0.0707862083019691,-0.1072165084507504,-0.0875925636114072,0.0322981870515104,-0.0279886823227943,0.0064600710339848,-0.002064172785301,0.0803057061814866,0.0557073104868197,-0.0426214611952974,-0.0748560327844769,0.1460817480361094,0.0042193019296894,0.0723485605668603,0.0133835729328495,-0.042466492865517,0.0471116713502748,-0.044479889059104,-0.0532907632540703,0.0408020315126323,,,,,,,,,,,,,,,,,,,,,,,,,,,,,,,,,,,,,,,,,,,,,,,target,2496,14,110.20409219434116,0.0805382341662896,0.0968722922811459,0.0225511861019493,0.8890203017850905,1.0693236002738815,0.2489309888837651,0.8890203017850905,2420,0.425608271245309,7,0.0594512442941938,-0.0470409343251327,0.2265459030230658,0.0,-1.0499945174113452,-0.6243862461660377,1.2259163767674963,0.1055004260483135,98.5444048355452,92.75050770355796,110.20409219434116,2.340715680803576,-0.0532973808211446,-0.0036574488156376,0.0238410641019337,-0.0528261974413317,0.672270092834799,-0.0027511376069446,1.0,0.0315897800257802,2026-08-04,39.0,5,-0.1291002430244843,-0.0826378142227142,True,False,False,0.75,0.0,0.0,0.0099099633420237,0.6128391480235041
WBD,Falling Wedge,bullish,1,0.6470765729498942,3,33,639,640,2019-04-03,2019,0,27.8700008392334,27.717653196685177,30.3744897258525,26.195628082188257,0.8363885349766418,0.0054964120326912,True,0.0975959537656514,0.092330544608282,0.0097656624711826,0.1544294062932003,0.0359999847412109,-0.0423999786376952,-0.0475267414984931,-0.0364583078081954,-0.0950241862215484,0.1465067477180432,-0.0578358087794079,-0.0323260083816112,0.0134744355170699,0.0447697346543822,0.1577350264700059,-0.0739939829796165,0.0364066416856596,0.0800000359030328,-0.0233766016619942,-0.0290142904079315,-0.0544444190131293,-0.0453297240429475,0.0905280724645906,0.0911373854213553,0.0818272464679112,-0.1085365716082077,0.1941043462465019,0.050019069844571,0.0843144443519627,0.0351776860486083,0.0407558499739904,-0.0582914488737602,-0.0361445767750934,0.2161431135618488,-0.1499713242622724,0.0060396629769317,0.0395894390220725,0.0372549138771305,0.0339303131009058,-0.080188712347185,-0.0305343564376275,-0.1791044931913823,0.0220929734831976,0.0074871240584306,0.0456664255076337,0.0826471914934424,0.0498743935339858,0.0345317423735598,0.0089076668887586,-0.0865771808644025,-0.0595874502581259,0.0802643451886726,0.1739750873742493,-0.015193791352501,-0.224777059043764,0.2256342571029637,0.0310558998852865,0.0505576442244526,-0.0786825788050818,-0.1064923261510951,-0.2415192087654201,0.1072340620324967,-0.2003366866420944,-0.0123196192660877,-0.0693640976653877,0.1644927154141202,0.1001186677271936,0.0538752078388062,0.0548111157908338,-0.0218873552918177,0.0182480602767756,-0.0277872890752108,-0.2526223335361003,-0.1360575044617568,0.1121571730204875,0.0078232894558292,0.1551155614115926,-0.0064309276092432,-0.1392102039729458,-0.0281741844095568,-0.0190476017474039,-0.1016108706113253,0.334591183802555,-0.0218437670339968,-0.0932754938389742,-0.029075810672702,0.0871581406914134,0.0840527197742653,-0.0555555898956795,-0.0557971338493632,-0.0039432326128927,-0.0124106615332673,0.1015428718510185,0.0748846414086721,-0.1321877055434446,-0.1041822570571719,-0.4625907754292001,-0.0708478142858203,-0.0140580709894777,0.3184271418204856,-0.1109045276251216,0.0743467225650154,-0.2552679451528772,0.1101286885406138,0.0434462559574799,-0.2025848240130441,-0.0568329505120382,0.0750943309855911,0.2925430107122972,0.1590909090909091,0.0723561707008328,0.9096864656349252,-0.1808470025443931,-0.0018348343875429,0.0783938224276175,target,644,5,30.3744897258525,0.089863251209288,0.1123071067999543,0.0,1.4957773745906564,1.869356239580896,0.0,1.4957773745906564,606,0.4308201752051974,7,0.15121764100376,0.1138211592234412,0.1294661492132087,0.0,-0.8348660902610816,-0.4040459150558838,1.1101400570618882,0.1005577293460603,27.717653196685177,26.195628082188257,30.3744897258525,0.7735715593610498,-0.0309794216466924,-0.0080085112270912,0.0277564239708264,-0.1403453913230105,0.6500011920940295,0.0069368579149884,1.0,0.0373262977538757,2019-04-03,51.0,8,0.0220840653774838,0.0403807144622183,False,False,False,0.1428571428571428,0.0,0.0,-0.0532873775365492,-0.8291280019440689
WBD,Falling Wedge,bullish,1,0.6308503010707521,3,30,683,684,2019-06-06,2019,2,28.5,27.34571447826568,33.002858752296106,26.66243223241857,1.2203373131938842,0.0422108379231322,True,0.0487719084087172,0.0360063541263071,0.0765957857424286,-0.041240748737516,-0.0472560753998192,0.0337463016094241,0.0132840847946662,-0.027195876369597,-0.0173460376320058,0.1094993882488446,-0.0461777459417588,0.0171998625816642,-0.0114942528735632,0.0158321173634599,0.060687220866207,0.0264027061510332,0.0403300220175519,-0.0279813504256843,-0.018232834832305,-0.0220385469386951,0.0018532670592119,0.0007125207688321,0.0419129180060982,0.085263168602659,0.0505343374077782,-0.0153025017558128,0.0301507735161474,-0.0229763699131639,-0.0579709610768411,-0.0718491958918989,-0.0280492914641814,-0.0109536128401918,0.0072363570351521,0.0114367298091329,0.0098425573790927,-0.0415926097120459,-0.1010898336098187,-0.0009460052503518,-0.1841931129954589,0.0106241595587008,0.0118211931448748,0.0660940442506297,-0.0228091116464509,-0.0572546430405956,0.0362572466698083,0.1068393779943226,0.0968421132940995,0.0479431501382969,0.015456010001936,-0.1257716133983881,-0.0175131353191405,-0.0918114403758944,0.0767754496043533,-0.2169282428508104,0.0322181212780701,0.2228976529659321,-0.0871452602292155,-0.0112000274658202,-0.1100442965521433,0.0809612050212982,0.0496941607279539,0.0913792971906992,0.4172960142871333,0.0515464052669329,0.305660423078727,0.0425531502795168,0.0,0.0987590399349884,0.055602967621793,0.0326315896552906,0.0042567011281633,0.1835707899716634,0.0070140933576485,-0.232214773606032,-0.0087391171793846,-0.0398975170118465,-0.2990466606565567,0.1424546862710891,-0.0425925784640841,0.3672653875629454,0.255677028938039,0.2905091638274435,0.0368487885730668,0.2190114944229269,-0.0043518619091369,0.2745297202636156,0.449081909322923,0.0615577598957188,0.1654206064780512,-0.1046414080063251,0.0072115891607573,-0.0538018654053354,-0.0315789339835184,-0.0593564514075417,-0.5937252907084918,-0.147626100793474,0.0265261457156111,-0.1942307286713939,0.0794460737152698,0.1883951947982265,-0.0014312395327868,0.1081183007636921,-0.1641694068493819,0.0758294005944602,-0.2262644265447407,0.3184271418204856,0.2764321595842873,-0.118861865248582,-0.1292320086500072,0.692998207280678,0.2034109485615705,0.0007968309744903,-0.049695516527211,0.6511757426271259,-0.0813949121290097,stop,740,57,26.66243223241857,-0.0644760620204009,0.1533332958556058,0.0722806830155222,-1.0,2.3781430045632987,1.121046800169834,2.4504450022121844,651,0.8102413894470585,5,0.0797192459006256,0.0246305686509602,-0.2132966828951999,0.0333333333333333,-1.2951022314935836,-0.484860842046529,0.1930600920379599,0.1450035260265246,27.34571447826568,26.66243223241857,33.002858752296106,0.7564289910452696,-0.0274377303907601,-0.0120723759412455,0.02665359455299,0.0063829217360766,0.904759742235503,0.0007130288166727,1.0,-0.0094940630138775,2019-06-06,51.0,8,0.0635661680262154,0.0695587231444405,False,False,False,0.1428571428571428,1.0,0.1428571428571428,-0.03349057459202,-0.4356545572601293
WBD,Falling Wedge,bullish,1,0.7646647358695038,8,86,1229,1230,2021-08-05,2021,5,29.239999771118164,29.870624176093543,45.6193765486988,26.250767661341825,1.4886176516880774,-0.0211118589707973,True,-0.0116279122862279,-0.018436507518897,-0.0215249965659374,0.0036888199690576,-0.0150234603890238,0.0382608330768088,0.0361399663893053,0.0099132499047507,-0.0350000063578287,0.0514419213824486,-0.0697674434722727,0.0231990895961347,-0.0151843846207844,0.0204626779888059,-0.1428570725945374,-0.0090403416833333,-0.0401517098992,-0.027679229176667,0.1030927610997751,-0.0061438408321361,-0.0509666008676089,-0.0355987983909961,-0.0024909840140659,-0.0512995900048407,-0.0462329249728408,-0.0387374446275399,0.0670520172583086,-0.0434782647886673,0.1010719488830582,0.1986754032773763,-0.0361445767750934,0.0391704498676428,-0.0867733810622191,0.0574606012744236,-0.0948024470530313,-0.0241427759237073,0.0047393322087359,0.0893617183604138,0.0058761011958528,-0.0125240956654767,0.0202554385894186,0.026026537406756,0.026428306151329,0.0192170462935228,-0.1293995879653012,-0.0607662063501308,-0.0102598919086474,-0.0353449017653835,-0.0959561725539985,-0.266666672553545,-0.0366973209517538,-0.0285926642791638,0.1010256058130507,0.0395079936249203,-0.050655016014649,-0.0317343394186668,0.62583335240682,0.0197856363440953,0.0220929734831976,-0.0990359447460651,-0.0369656954122055,0.0660583755891113,0.0356919623649187,0.1281325830889719,-0.0482865948746987,-0.1341618609644923,-0.1134631756966001,-0.0227617741872928,-0.0139174544617451,-0.1196990433446284,-0.1050669842368388,0.6087274732478096,0.1862333044082509,-0.1293961412577111,-0.1146153670090895,-0.1828571137927827,0.0211756092234616,-0.2143413886479306,-0.0425925784640841,0.2006651190781798,-0.1828571137927827,0.1619970652591384,-0.0130435001947776,-0.0772548750335094,-0.029098640381264,-0.1004636228142782,-0.0862445040525607,-0.0768292258850941,-0.2100787425604393,-0.2605729696169507,0.2078700079043205,-0.1030201831255237,-0.1983583885930635,-0.2404785785040726,0.0964617075655298,0.1693472103626956,0.1884971381278486,-0.0308666668981348,0.2313944375087546,-0.150314430628229,0.0207810794294875,0.3472684863769995,-0.32883029379893,-0.0354386045221697,0.016637441253412,0.0038759962138881,-0.0660626657274648,-0.05018178766424,0.2463878224416471,0.0086554887011329,0.0482661986542019,-0.2688053351746656,-0.0877436842153148,0.403579670570491,-0.2365038490219105,stop,1254,25,26.250767661341825,-0.1022309211072208,0.0167578582405517,0.107045115775215,-1.0,0.1639216203772235,1.0470913752498126,5.479459665916066,1138,0.6486142007084605,6,0.1331751096667233,0.5404411893608658,-0.6662423106222201,0.0,-1.376991833022705,-0.7283776323142447,0.4879666187012278,0.2634391960013524,29.870624176093543,26.250767661341825,45.6193765486988,1.387856892177037,-0.1941125845198233,-0.0235680971814155,0.0475293443806515,-0.2897105247041313,0.8214294229243062,0.003175728726299,1.0,0.0251553531580204,2021-08-05,19.0,4,-0.0225105546954322,-0.0173960213020049,False,False,False,0.3333333333333333,1.0,0.3333333333333333,-0.0059856875508809,0.0157929611092271
WBD,Falling Wedge,bullish,1,0.7801076789595747,5,47,1779,1780,2023-10-12,2023,2,10.289999961853027,10.493077278137209,15.156923294067385,9.709601914489651,1.4046237151843326,-0.0193534566553988,True,0.0097182100913941,0.0298923169799222,0.0529622244820859,-0.0091743199534912,0.0394787535692422,0.0041840631313769,0.014984193675906,0.0414401933160002,-0.056785383358246,0.128361760132964,-0.0409378618203686,-0.0490565749834168,-0.074844807694129,0.489795918367347,0.1194832789273594,0.0571428682644237,0.1010989052448101,-0.0289193382429414,0.054088089999027,-0.0303029751642225,0.0359712240087721,0.1113671089312842,-0.038298655950295,-0.0476190255524475,0.0044478498683834,-0.0435919780610013,-0.0823730379870902,0.2644051350220222,0.0058245304481798,-0.1499713242622724,-0.0464732973078723,-0.0379266597510208,-0.0765143422755081,0.1144883614531986,-0.1876887990661481,-0.0354243903434668,0.119664103758698,-0.1372694158058671,-0.0113989286036885,-0.0922710559885712,-0.0368421131884293,0.01986753084718,0.0471413541390564,-0.0435779585740789,-0.017683139202727,-0.0262382543149772,-0.0631680875549023,-0.0600202599354308,0.134835892604435,0.0071301521703859,-0.0226955178904512,-0.0383764170069336,0.0237341165695417,0.1816383090399869,-0.0740741176805793,0.0608527770775131,-0.0990187023104355,0.0880430214543352,0.036443147978763,-0.1383537577189578,-0.2663636641068891,0.0260457712485335,0.3478259995486696,-0.0054200061062726,-0.0520231253090748,0.0578373480915963,0.0674698611339892,0.5642503487706283,-0.1081571594328415,0.1146744712876837,0.0572538901083068,-0.0425970369329781,-0.0476839746857943,0.1725174791662342,-0.0497217111188585,0.0910124968581549,0.0154083798145492,0.0284913878887904,0.0133588119692684,0.077851302390927,-0.1016108706113253,0.1736695057622832,-0.0295629836595018,-0.0129076447425886,-0.0363758809120661,0.409879938893539,0.2553879260511869,0.3867187313250415,-0.013076928945688,0.0128205348817935,0.2640673935493249,0.036292128440569,0.0719144581012132,-0.021353937248751,0.2253694519085642,0.1224105654184217,0.3225405029533619,-0.0975152335277015,0.2653794219097911,0.4557463946985787,-0.0719131663815275,-0.1423203643188033,1.157436454263359,0.0646487117877208,0.0409090886102889,0.0916981247236143,-0.1048034785375383,-0.0115313651513333,-0.2224191637412766,0.0857843309125274,-0.1020618962807423,-0.1332398696850214,-0.084883774829076,0.0274648132789612,-0.0225205192993952,stop,1789,10,9.709601914489651,-0.0564040864446082,0.0728862976462965,0.0699708716907661,-1.0,1.2922166147992598,1.2405284102860372,8.38549225712209,1730,0.6958063893427091,5,0.0104974245669453,0.1427305539419088,0.1892105515447415,0.0,-1.4308297519748892,-0.7350233626321778,0.345446415992678,0.2367326341860137,10.493077278137209,9.709601914489651,15.156923294067385,0.4528572899954661,-0.2074767732494479,-0.1378158221154033,0.0438815216460313,-0.2649572846963052,0.0821911007760064,0.0,1.0,-0.0336849155258816,2023-10-12,7.0,4,-0.2287791324551344,-0.1616794668104868,True,False,True,1.0,2.0,0.6666666666666666,-0.0374313966378471,-0.4179744634381459
WBD,Falling Wedge,bullish,1,0.8144962349926528,3,42,1866,1867,2024-02-16,2024,1,9.760000228881836,9.862477356012192,12.717793723342568,9.29544102665649,1.2470688024872068,-0.0103906070889872,True,-0.1239754108372185,-0.1405911365541751,-0.0168364716838584,-0.0094339779820531,0.1871280431260302,0.0454893173164654,0.0725338480592081,0.0336487578467539,0.0216942181328951,-0.0483711515876135,-0.0376922900860126,0.0132483056370018,-0.0862968080443987,-0.0547457236188265,-0.0963106618344205,0.0698412551040499,0.0341928590321831,0.1544528661125264,-0.0458015463312702,-0.1362444971116994,-0.0152866098110734,-0.0342653513071664,-0.1265226298856545,-0.1690574317121326,-0.1983509503872403,0.0320699635499928,-0.0920726509272336,0.0501392700929517,-0.0922909632469854,0.0251165710266292,0.0928807782054699,-0.0966083889627041,-0.1384454564866131,-0.0128327208182017,-0.1104746605539942,-0.0130092150865079,0.0682731234744828,0.2427431300325266,0.0312500640284283,0.0570089437593581,-0.0037735993007442,0.1205802317229782,-0.0396475834379483,-0.1817023639942367,-0.0324723636800005,-0.164394037182015,-0.1311476082610863,-0.1647677630550288,0.0306957581138429,-0.0193236533743288,-0.1382849687216698,-0.0865771808644025,0.0292718345881382,0.1437768451142811,0.1810303392398999,-0.0227743222166103,-0.2742230016664893,-0.0022831572193036,-0.1595213828905498,0.0183363075232789,0.1681053528902569,0.0042817711450453,0.0132212276906684,0.0390335003456978,-0.1340374099074129,-0.0822281406429248,-0.0645161290322581,0.2384752302958663,-0.1252705492816375,-0.1659835909393906,-0.1808000782866866,0.0201149469911434,-0.0462154468311289,-0.1903531527562052,-0.0703430651729331,0.0433263359453965,0.1947019832973517,0.0533333802834534,-0.042612323751358,-0.0619973315016649,-0.0446239317368617,-0.0976994424410414,-0.0790021011235775,-0.3937033226558539,0.420356620463274,-0.0594982032297086,0.1749077381695998,0.6094258157067172,-0.0577818820240532,0.0292592931676793,0.1736695057622832,-0.1947468617675162,-0.1229507972463045,-0.1776117135833749,0.0021873665794696,-0.0495790510669852,0.9662273611353218,-0.1326164482501785,-0.1496598529122782,0.0576923464882319,-0.0335451576916663,0.3792486274937987,0.147512131947209,0.2275710990783062,0.230870714724807,-0.0898148379535174,-0.0273775296331275,0.5267175445496943,-0.1189023993559209,-0.056737600644765,-0.1452365271108445,0.881921482704398,-0.1021247262189969,-0.1462087473434286,-0.2413580870722809,stop,1870,4,9.29544102665649,-0.0475982778003036,0.0297131101487946,0.1547131345769272,-1.0,0.6242475888193817,3.250393537892669,6.366881724206991,1823,0.6212885154262444,6,0.0587243328941469,0.1805292874466351,-0.1424275302590092,0.0,-1.6672188454138033,-1.04593032998757,0.5329125337647156,0.1305899918077191,9.862477356012192,9.29544102665649,12.717793723342568,0.3928570066179548,-0.1528345193157364,-0.0915811905029639,0.039965107799293,-0.229623844249142,0.064514640464169,-0.0118343078398515,1.0,0.035404219624634,2024-02-16,59.0,4,-0.127832990168213,-0.0878069117633568,True,False,False,0.6666666666666666,0.0,0.0,0.0084792525582324,0.2639912680615151
WBD,Falling Wedge,bullish,1,0.6460980988969727,8,88,1938,1939,2024-05-31,2024,0,8.460000038146973,8.055921934210211,10.597435334621238,7.302966534765684,1.91458106887974,0.0501591384867827,True,-0.0224585791402569,-0.0318910448438303,-0.0833611210096647,0.044169092066272,-0.0304855984017485,0.0892019527668828,-0.0498840267847511,0.0076893061834246,-0.0545783034577038,0.0062745038200828,-0.0086986778702494,-0.0651945184686899,-0.0487648525519154,-0.0673701253462489,-0.0673701253462489,0.0917461667059091,-0.0278011732845532,-0.0963106618344205,-0.0528700771424576,0.0447522712893939,-0.0157480343116784,-0.1034884074238441,0.0019460413798535,-0.1442080687384996,-0.1702185477834938,0.0310291022755433,0.2860061492998091,0.0468750083153803,0.0179057639124153,0.1483553652237712,-0.0128327208182017,0.1415094582127423,-0.0124999552965152,-0.1131549958870803,0.0064360355383696,-0.0307977699521047,-0.0057415757930625,-0.0796645529618724,0.0054602691236251,0.0200623651122724,0.1394366820227639,-0.0254630154951763,-0.1261829422065356,-0.0083799026541806,0.0429621371360984,-0.1677741139939027,-0.1607565162390106,-0.1949316505627859,-0.0294957576465895,0.0285586521198635,-0.0108290107577166,0.0203804473704276,-0.1612244841027353,-0.0895404219245646,0.1668433104721189,-0.1233298937020639,0.0,0.2823937282752562,-0.0572597238049977,0.0107991362470645,0.0022758828389579,-0.1651437998904,-0.008225692904327,0.0976331102168142,-0.2772727446122602,0.0164993187111932,-0.1101526132069025,0.1440972032508369,-0.1476068485865094,0.0378250228583108,0.0099838116964006,-0.1671379110140063,0.0313942894721224,-0.0607661859598105,-0.0218437670339968,-0.2086494640610954,0.219047608401333,-0.1362006742716782,-0.0050107836192205,0.072653089250837,0.0339528512681142,0.0472362086470752,-0.0255671940985796,0.0273396658910918,-0.302321155060745,-0.0016863149309891,-0.439653855627222,-0.2030217697097192,-0.034336258879805,0.0631899436043414,-0.1074480687046109,0.0987665101801389,-0.0413712032968723,-0.1063057415263969,0.1604107904872742,-0.0545330733861159,-0.1138570141694289,0.5992152714475685,0.0460704160539826,0.0007686570873099,-0.064889525311038,-0.0548611099153389,0.715596460310786,0.3180112937943176,-0.1335191954439184,0.3593184709819612,0.0194665075696782,0.2577947829154354,0.0901727880678249,-0.118861865248582,-0.2802709823886803,-0.2866534941316425,0.3194114684249156,0.0752587189202431,-0.1340736716002,stop,1947,9,7.302966534765684,-0.1367651889082873,0.0141843835718665,0.140661944663668,-1.0,0.1037134060581625,1.0284923070445493,1.847340885313928,1850,0.5653972892523518,7,0.1847970260086438,0.0281826980493793,0.0417782642963482,0.0256410256410256,-1.045027950857664,-0.4796306616053129,0.54758435640371,0.2011346461992473,8.055921934210211,7.302966534765684,10.597435334621238,0.3249999455043247,-0.1790948312486188,0.001994242303168,0.0394417420548329,-0.2356215236336514,0.2826089210005286,0.0099009807501782,1.0,0.0442351553720341,2024-05-31,59.0,4,-0.0149484862362671,0.0082257844519224,False,False,False,0.3333333333333333,0.0,0.0,0.0291686986107037,0.925348768426529
WAT,Falling Wedge,bullish,1,0.640463393390165,3,19,923,924,2020-05-19,2020,1,185.7700042724609,186.2400074005128,203.3400001525879,173.93438003469748,1.2203345749078107,-0.002523642125084,True,0.0706249384477861,0.0445621154434212,0.0085227179964868,0.0301650719625174,0.0117962000877607,-0.0005817675549307,-0.004444140415909,0.0243032749213174,-0.051845206376475,-0.003869822848403,0.0353622760246499,0.0306477478895141,-0.0098318420113573,-0.0118022717927631,-0.0080216341306641,0.0056243052513655,-0.0013176775767956,0.0196007878539066,-0.0102170043011966,0.0094874429240874,0.0180789191029395,0.0478742445699049,0.0636483573689883,0.0842977232231341,0.0289939506203562,-0.0208878607739305,0.1217055705204899,0.0295208159404289,0.006296215218184,0.0050083853316251,-0.0221579386564189,-0.0135313355449886,0.007304022008536,-0.0053187781231511,0.0149053389573867,0.0013164278827137,-0.0515567633714149,0.0328060164437489,-0.0214961299665056,0.0974643688525789,0.040483167617084,-0.1208475466932489,0.1613604263946275,-0.0129494633602886,-0.0510253812931857,0.0743777453539205,0.0146955679859657,-0.0388503834436932,0.0684649946843269,0.092314171915903,-0.0225161687509042,-0.012669030457629,-0.1917969889943926,0.0671211190134,0.0599366965544099,-0.0229021918523389,0.0933292112159209,0.0814835781860974,0.0154811650441148,0.067613011782436,0.1900608440626641,0.0531277774907172,-0.0169465389649882,0.119754673151744,0.0580161947559021,0.0146955679859657,-0.0519967498904149,-0.0424091006330711,-0.0163125438290274,0.206007364663366,0.1168263511442759,0.0742403098267057,-0.0627178030792894,-0.2809684333630869,-0.0660924869334242,0.142536024080121,0.2297086926772,-0.0532670670000156,0.0135707761725649,-0.1806741363555389,0.1004472921450678,-0.0321190135629646,0.0080461802255971,0.0390317704343177,0.050643292530611,0.0038078491107855,0.1183717790469545,-0.0423540341172565,0.1393213893405251,0.0547393379888572,0.0250749957879155,0.1919400289155836,0.168111078265011,0.0244691125671934,-0.146444936777308,-0.0186174665178571,-0.0781208217544043,0.1670082045303047,0.2297501222643492,-0.0627100155215875,0.0311936781692274,0.0648050378323088,-0.0033932753436847,0.0568647489266327,0.2103128618980396,-0.2569078003836824,-0.1743575052999372,0.3201836422884265,-0.0422566506714947,0.2102325359134991,0.0109407407260484,0.0848682546385617,0.1775932873378392,0.1129487948933256,0.1234164064075806,target,933,10,203.3400001525879,0.0945792941596632,0.1021155234129224,0.0114658170524046,1.4845009884706493,1.6027883987881604,0.1799655717369224,1.4845009884706493,903,0.3488273660655334,5,0.0972817439791061,0.1418452740374562,-0.1269262701739465,0.0,-0.7585999320523051,-0.4097725659867682,1.5649846575889437,0.1087907934559207,186.2400074005128,173.93438003469748,203.3400001525879,5.924284798758379,-0.1281724548237069,-0.0060343170427663,0.0321989489748587,-0.1533683080607013,0.0340929188962369,0.0,0.0,0.0693306038615086,2020-05-19,57.0,9,0.0706787214470781,0.0792255200050342,False,False,False,0.0,0.0,0.0,-0.1120169193525586,-1.9545792177258132
WAT,Falling Wedge,bullish,1,0.6699958277645585,5,63,1375,1376,2022-03-04,2022,1,321.010009765625,318.945424526384,403.16272079082,294.3007481379042,0.8251190767415423,0.0064731614893265,True,-0.0250459745812662,0.0015557617001733,-0.0661658806851571,0.005912967123492,0.0277791194563259,0.0243493136205903,0.0309015662924756,-0.0048399181084437,0.0257548670614919,0.0013571114406547,-0.0250994216586676,-0.0301949445414637,0.0205902965480537,0.014622660816524,0.0106870229007633,0.045429895773744,-0.0435079606820001,0.0039490512245137,0.0894577366558122,-0.0012542207362288,-0.0064267943308585,-0.0405577083001575,-0.0291832125748394,0.0533628371754495,0.0201084866673539,-0.046967076204837,0.0618882093289112,0.0631953101079692,-0.0172378584633827,0.0055068420250028,0.0135406786174865,0.0086220228962765,-0.0051102143332003,0.0481980781213762,0.0709974493830563,0.0266135352621064,0.0474741345052185,-0.0528344571222607,0.1365888455287314,-0.010122451273421,0.03978269174625,0.0081892775954348,-0.0557249524704559,-0.0284735051187822,0.0884319410001477,0.0332349121188681,-0.0387216062279015,-0.0915013972135107,-0.0095722488923006,-0.0057356113870302,-0.0624365258444717,-0.0185135406861329,-0.048756466011377,-0.0242144581888015,-0.0964849057759622,0.0486552425022861,0.0122435812065972,0.0246036199182424,0.0843852667182725,-0.0503010925670037,0.0280276788392068,-0.0749787399196041,-0.0486269839001609,0.2442989769962409,-0.0241208111364121,0.0903323029441878,0.08165997309582,-0.1121823662064944,-0.0406357508131566,-0.0580355886609722,-0.0214641134846894,-0.0189532215872617,-0.1465385941732295,0.2166582111649435,0.1004472921450678,0.0747381894603214,0.1361155873311388,-0.0955263211392706,-0.1397690991460863,0.0582325501649254,0.2042548318050061,0.1201833250628432,0.1479013817601948,0.1538882722455141,-0.0681388526567006,0.0176367371510475,-0.1334397893930314,0.0328815115929816,-0.1489796195170775,0.0098424424735805,0.0728126796521717,-0.0877479643808262,0.0216192711450751,0.0617934496425283,-0.0652529919767955,-0.0381450894348535,-0.0523934123649559,0.0912488681887822,0.1406668649265392,0.1190375894247395,0.0156654899593231,-0.0457155675668453,-0.032199754634191,0.1299265108790357,-0.0882871788603896,-0.1344070356323888,0.0482721907104686,0.0179543943466073,0.0715156369812277,-0.0833248390159026,-0.0147648908443911,0.0954422385719968,0.0302402170356075,0.1528018659901631,0.0037052158108862,stop,1402,27,294.3007481379042,-0.0832038279654323,0.0656988744783653,0.0887822782249324,-1.0,0.7896136041440355,1.0670455962893644,3.075813632374282,1311,0.6454673801440746,6,0.0188129795333049,-0.2265128548198299,-0.0817809301253991,0.0,-0.9945615991825096,-0.3490942190384348,0.4508989382219415,0.2414046860137102,318.945424526384,294.3007481379042,403.16272079082,9.01714869907924,-0.0912632879438017,-0.0274104937543413,0.0279160039208136,-0.233210659310089,0.9212172045713474,-0.0060654507097764,0.0,-0.0323109861884766,2022-03-04,43.0,6,-0.14392851300741,-0.057085932985358,True,False,True,0.6,3.0,0.6,0.0350186215893739,0.7685801827972206
WAT,Falling Wedge,bullish,1,0.7026867066773747,8,54,1531,1532,2022-10-17,2022,0,287.4200134277344,276.67522648066824,368.1737717906417,255.55399780273436,1.3225636423208968,0.0388353777956222,True,-3.4826265247200894e-05,-0.0100047058030641,-0.0118402062392946,0.0009453270712025,-0.0111604590863493,0.0689175325959354,-0.0047203601731973,0.0576834861851256,-0.0112481250286802,0.0260792189666199,0.0513433780083736,-0.049362209560114,0.0044103759960483,-0.013832098433094,0.0592882867982227,0.0196007878539066,0.0066819104044302,-0.0026637892252097,-0.0179380782261204,0.00285875015843,-0.0682431525122461,-0.0004540625957391,-0.0053521519131597,0.0408809388736399,0.011344625942218,-0.020303051881116,-0.00762190112689,0.0252918633771745,0.0208117600065127,0.0577731205758098,-0.0309999847412109,0.0168544165433832,-0.0082628319656589,-0.032962271726324,0.082600618200443,-0.0014819000254643,0.0008889053668452,-0.0479635318859141,0.0368633973319867,-0.0239656915899973,0.0178736604277989,0.0140186775323143,-0.0210212900794588,-0.0211771351841831,-0.0690819912269466,0.0414741969771847,0.1338111114685758,0.0805229572962467,0.0763103611894073,0.109059576908626,0.0055945543287745,0.0768461423430146,-0.0402963047296461,-0.1277053377865997,-0.0880073086328354,0.0477969943177243,0.0974800610604529,-0.0081649791678695,0.0550558525219297,0.1997742459243878,0.0204548994618392,0.0324812507755511,-0.1182083812170917,-0.0957779213023863,-0.0148458085627291,-0.1447870540772413,0.1772036493322424,0.0828938758348913,0.1166531930424537,0.1990118259591371,0.127463314018897,0.0409643070485183,-0.1852324589633367,-0.09045899879619,0.0659625695637711,-0.0765484006876037,-0.0955263211392706,-0.0046857271665098,-0.0109917768793565,0.0709376368195162,0.0362278886161031,0.1870181489249329,-0.1213534565094496,0.2821289952419707,0.049965568925276,0.0130765805406036,0.0904341420103707,0.0372270547435735,0.1973734962944151,0.1530934240590133,0.2049409140779556,0.1567841466229219,0.1679771641630509,0.104924767758215,-0.1712813380793665,0.3667620737447248,0.1224802667947286,0.1128332239332747,-0.0345703593609705,0.1589774126632208,-0.0191350041971638,-0.0627100155215875,-0.0828071092353124,0.1245210679437018,0.1269558056546802,-0.1083324527282821,0.1479540400905972,0.2464654968653623,0.2813901364331941,-0.1669614380219044,0.2665589790169311,-0.2184219918321301,0.1553927936386128,0.1870441147697288,0.0963213790344489,time,1591,60,335.70001220703125,0.1679771641630509,0.2306380033762365,0.0596340332881759,1.5150936768329286,2.08027193633009,0.5378775573997565,2.534165529610582,1477,0.4502034179533392,5,0.0499081827191956,0.151519841664294,0.0875953157313778,0.0,-1.7399673091053292,-1.2897638911519858,0.8921487884841739,0.1225435334903396,276.67522648066824,255.55399780273436,368.1737717906417,8.410714285714286,-0.1223818817654118,-0.0631577582764876,0.0300812378473282,-0.0437429730981075,0.6611716583852637,0.0110217126753058,0.0,-0.0559258574355503,2022-10-17,43.0,6,-0.0725473100051241,-0.0830047691871317,False,False,False,0.6,2.0,0.4,-0.0084291863895178,-0.0317547122194586
WAT,Falling Wedge,bullish,1,0.654351192291003,3,28,1653,1654,2023-04-13,2023,2,311.0199890136719,301.0827718245862,333.0674863739573,292.19205833768467,1.268923715853128,0.0330049345861449,True,-0.0366857567524633,-0.0344328936817932,-0.0017656126546105,-0.0169747287191341,0.0162028444217714,-0.0013778673478375,-0.0992815435592739,0.0052027607789479,-0.0055078593084268,0.0984651418643778,0.0047424091579335,0.0367672673117702,-0.0021393036169934,-0.0052519382522028,0.0306633973560597,-0.0298150434065136,0.0279437301815907,0.0085895346375433,0.0066426309025786,-0.0473933350309769,0.0030071569564686,-0.0036144521235702,-0.0379410162299384,-0.0407690602652033,-0.0398001222049281,0.0200276680346258,-0.045990427240267,0.0495324398149963,0.0046683159920524,-0.0522069470635775,0.0307966423487457,-0.1363800373411604,0.0741690440126943,-0.020871832431891,-0.0156567317162144,-0.0265039798602386,0.0138874276349487,0.0840979830969834,0.0808272968609875,-0.0292891376262743,-0.0564540047444963,0.0214012679861246,0.0115485735106757,0.0724353393071635,-0.1484096399486854,-0.0373505232965629,-0.1352002741891946,-0.1335529431180281,-0.0285358882497018,-0.230448365256276,-0.0778077131624007,0.0433555227145057,0.0332263179226195,-0.0877668204692558,-0.0453485859371891,-0.0721507351903697,-0.1735247001407719,-0.1389519646990844,0.2224070906513506,0.0108517473545297,0.229231855147074,0.064792721279367,-0.1444247743518039,-0.0060376991395303,0.0921388687684932,0.0019107263426729,-0.0274011294329042,-0.1132672566037106,-0.1128127350665753,-0.1985081101384163,-0.239907157019247,0.0530351632700178,-0.2081432474507267,0.1665109073515014,-0.116320518561669,0.1834388537317601,-0.133777822562171,-0.1400529381479975,-0.0822868587004933,0.2220898393792045,0.1881125504369365,0.0750957168779957,-0.1212911027400801,0.1407185194081539,0.227572708394167,0.2054624171615335,0.0298549196526034,-0.1632698596324835,0.0860219031148794,0.06715317488136,-0.1118756034000287,-0.2269105462616394,-0.1526911192588571,-0.2284971998555716,0.2733816174418058,-0.0437028358416953,-0.099943727312863,-0.1550803376060644,0.3191981682068088,0.1098381019054239,-0.117240727944358,0.0829986754894154,-0.0186174665178571,-0.1560546071138643,0.1815547481810391,-0.1290724602298459,0.0619883040935671,0.2150208612352377,0.1261245087213098,0.1686317613136319,0.1647149933489466,0.2661766547351447,0.2593911723178268,0.1565495207667731,-0.2359839655183762,stop,1661,8,292.19205833768467,-0.0605360791622932,0.0062697327371634,0.0631791993781486,-1.0,0.1035701820125277,1.0436618996874476,1.1709994974861686,1623,0.6985108850927405,7,0.1547807729966834,-0.0870848708487085,-0.3347983738050764,0.0,-0.9561360917398798,-0.257625206647135,0.3804877416587179,0.1043082818076689,301.0827718245862,292.19205833768467,333.0674863739573,5.964281354631696,-0.021274530656041,-0.0103865295869433,0.0190930317606889,0.1484981657362951,0.9192954345358242,0.0010221834333228,1.0,0.0661939827080642,2023-04-13,48.0,12,0.2238101549661766,0.0638251168557206,False,False,False,0.0,1.0,0.0909090909090909,-0.0318639744671335,-0.5568923880142711
WAT,Falling Wedge,bullish,1,0.616930501785723,3,28,2387,2388,2026-03-18,2026,1,293.7699890136719,290.30210796155643,386.06947728207433,284.2474855121809,1.1962704743226382,0.0119457660037889,True,0.0291044648204312,0.0266023490680222,0.005278012758807,0.0395081566982582,0.042398723302538,0.0087788020391037,0.0335416062382976,-0.0015563938014176,-0.0129255170583422,0.0414147888749907,-0.0125436796424639,0.0543241430951433,0.018897612557897,0.0273643976293098,0.0248722465452606,-0.0351337290065173,0.0243307979035565,-0.0282158784809113,0.0478742445699049,-0.0267390460065543,-0.000372881985163,0.0033292233602262,0.016383183340835,0.0208327122022011,0.0207421263407099,0.2405817712660038,-0.0369565217391304,-0.0156630119202325,0.007304022008536,0.0288835705398204,-0.0338998127403399,-0.1491007646553463,0.0733971092745442,-0.0195532572730968,0.0061116632354678,0.0208327122022011,0.1201420175505392,-0.0314300452787312,-0.0266748298620665,-0.0244425084593405,-0.022761438266161,0.0410713384934093,0.040708274606622,0.0459204677167639,-0.0544988159905839,0.0103341151667572,0.08601974495793,0.0150784669399202,0.1683917634127889,0.1281258263230289,-0.0313047364500984,-0.2065077917599317,-0.0520008190831049,-0.0725045638870145,-0.1055230876635593,-0.035127720206051,0.0850664963472438,0.0019913216788793,-0.0195865568814027,0.1545225759816819,-0.0362586556500897,-0.0642972602980149,0.032498626509454,0.0468665193887598,-0.0350474755590942,-0.0216695842853635,-0.2062421477508507,-0.0159846361598172,0.1002493402575579,0.1342547023738722,-0.0076746558901041,0.1436928255684415,0.0372270547435735,0.0709376368195162,0.142536024080121,-0.0555063020144432,0.0846484596017449,-0.0759735542231603,-0.1458501660474348,0.0418194113135093,-0.0533409290094064,-0.2215948198403049,0.0154610870979436,0.1935167614318327,0.1908378564022357,0.0066898583662173,0.2179806693735508,0.0434846782231252,0.0492631878769189,-0.0267600850339099,0.0042843608045326,0.101087001597142,0.2102325359134991,0.0781020025335526,0.1786864188588919,-0.0508793854937715,0.1203599599703011,-0.0477251750772798,0.1212121242647887,-0.1085341499228954,0.0307824891137125,0.0954422385719968,-0.1757207478078898,0.114165661556939,-0.1609963913550208,-0.0508793854937715,-0.0811616531526199,0.2756512350079458,0.0715156369812277,-0.168476931673381,0.0425023751241016,-0.0221998862658302,-0.0273168489088898,-0.0294965821419486,0.2038859858056687,time,2447,60,355.5299987792969,0.2102325359134991,0.3115363139663348,0.022398430126773,6.485690423317251,9.610920018766112,0.6909933476249572,9.692775461195763,2358,0.8503741185990612,6,0.1304133608425608,-0.0044811972161543,-0.3669019754515901,0.037037037037037,-1.2368650112555624,-0.3864908926565062,0.0919563616319822,0.1870709274491455,290.30210796155643,284.2474855121809,386.06947728207433,10.30000523158482,-0.1321137699226063,-0.1525341318259454,0.0349093565759174,-0.0264946520227663,0.4564405002621133,0.0083841908274016,1.0,-0.0362237427865977,2026-03-18,51.0,9,-0.0272325703374018,-0.1038687394882401,False,False,True,0.25,1.0,0.125,-0.020445883772997,-0.1249282010646554
WEC,Falling Wedge,bullish,1,0.7052682057934608,3,47,1207,1208,2021-07-06,2021,0,75.84625163765226,75.72642982237335,84.65822427177952,73.8362302093025,0.7736901941385266,0.0015822984862745,True,0.0142384619798638,0.0097877243385164,0.0182225253022463,-0.0128014770866543,0.0162045370561274,-0.0238678392716414,0.0107125942590131,0.0017947146483268,-0.0035290863041843,0.029022451346556,-0.022900657913521,-0.0863333679031622,0.0304297477674138,-0.0519140806963481,-0.0429119193498128,-0.010857439832924,0.0341706288409824,-0.0076269180927411,0.0226834451027753,-0.0010873312230206,0.0371151033341423,0.0208788855296322,0.0163682362042036,0.0355406635229365,0.0415358469613514,-0.0299256577851482,-0.0114602451565788,0.0111360516973453,0.0556159536314662,0.0640232404792042,0.0423501891211037,-0.0376602159807245,0.0341879603001584,-0.0061099559303854,-0.0015875491133244,-0.0406744443714812,0.0243902846645915,0.0210082911331117,0.0161625231436841,-0.0113947014817501,0.053408796779536,0.0046504048864244,-0.0137610519836145,0.0146705150777044,-0.0482258546775214,0.0285004368012464,0.055297698009443,0.0380259635357111,0.0691921154518098,0.0296294312141187,-0.1121748510071948,0.0580474677332503,7.681239257473216e-05,-0.00822746953505,0.0424088741821004,-0.0018746144035195,-0.0268000730333106,0.046289352386629,0.0805876588692149,-0.0066793828421957,0.09487973161753,0.0326104035215031,0.0352628087500077,0.0376703901602488,0.0210621321772619,0.0497368418160564,-0.0117107981451646,-0.0767493722016261,0.0376358250542308,0.0502110495024161,0.0089342894699815,0.1158037979416195,-0.0179623915432649,0.0914232301593713,0.023071772474255,0.0226761048190458,0.0815081288052019,-0.0443220952917422,-0.0117281739384978,0.0649085224407242,-0.0084905060946189,0.0554001234557226,0.040162732393727,-0.0324664884091885,0.0363914237514233,-0.0497093417801912,0.0636804701647759,0.0276424649311295,0.1278023790765325,0.0013684841183378,-0.0064450710086536,0.0211752711791307,-0.0105919430987247,-0.015623197924092,0.1132254318634313,-0.0224953267325572,0.0196852648911993,0.1043974534978038,0.0545663078038014,0.0350136808474108,0.1866706323992639,-0.090189930705095,0.0191876198116336,0.097857715897216,-0.020718918094885,0.0820547512518836,0.1625118131222593,0.0790144168545234,0.0226905732401183,0.0048301005671438,-0.0636030468448048,-0.0191651674208266,-0.0288564228020719,-0.0297676107599874,-0.0459374100330978,stop,1266,59,73.8362302093025,-0.0265012625535199,0.0897830206685359,0.0333792107644123,-1.0,3.3878771053725143,1.259532850444478,4.38401924966638,1160,0.5551514792577825,7,0.1483549601874579,0.1400705685781782,-0.0895164381087475,0.0,-1.3982799867765088,-0.8431285075187227,0.5330299235175816,0.0690946166458252,75.72642982237335,73.8362302093025,84.65822427177952,1.3017745894808204,-0.0142652208937459,-0.0299693890604978,0.0171444141848776,0.0187948435255904,0.995259652446832,-0.0002220127527182,1.0,0.0287937027043678,2021-07-06,58.0,16,0.0680745988975775,0.0266042830462003,False,True,False,0.0,3.0,0.2,-0.0078080852053949,-0.1040694929383352
WEC,Falling Wedge,bullish,1,0.6509711068305555,3,36,1755,1756,2023-09-08,2023,1,75.67453418091549,74.18443866812675,84.76847609427415,73.48056940936303,1.1736349851499417,0.0200863623091476,True,0.0238576396907865,0.0312334317290179,0.0572478132030513,-0.0144447312002883,-0.0880395716399254,-0.0333564358127738,-0.0394961763242699,0.0317781549441495,-0.0470211241155466,0.0182721807521377,0.0205703660924632,-0.0326041576425764,0.0387349565305163,0.0068212994729939,-0.0066188485932827,-0.0236054219176712,-0.011513964168454,-0.0172039686470374,-0.0820720980068241,0.018030578912785,-0.0174003265689928,0.0044448198366868,0.0347314724354295,0.0141246197783544,0.0504929514374551,-0.015069528597953,-0.0024762027768905,0.0369827008971259,-0.0251061996568761,0.0059722885619888,-0.0113577260342221,-0.0383471940246326,-0.0198227141751337,0.0240937145170769,0.0299748624776625,-0.0041669279067042,-0.0066150073946958,-0.0042952708040764,0.0409418524023224,0.015837701139594,-0.0124338995701067,-0.0275563927934254,-0.0550241584783396,-0.0599213751665937,0.0324058960370639,0.0189237988456952,-0.0429672949522412,-0.0046286912065068,0.0739934752878921,-0.0342500087887041,-0.0395323577959414,-0.0749116531351258,0.0495805289719839,0.0302896479396592,0.0621449628664532,0.0507844653331863,0.0014592105565585,0.0578882010192003,0.047213220174074,-0.0372011678688914,-0.0075866279660309,-0.0199675146605415,0.0730048226374617,-0.0109383194794827,-0.0053165853010649,0.0152705081209649,0.0287954673805144,-0.0192335686564645,-0.0550416302840263,-0.0035607633478007,0.0232477205164872,0.0521224993193052,0.0496652549910348,0.0585058474024977,-0.0620379480244599,-0.0497093417801912,0.0186061520479143,-0.0103689331769026,0.1388558001168791,0.1677119912420746,0.0264547782180748,0.1117020951883791,0.0091264167261342,0.0706854699097554,0.0045181884540606,0.0572761382505631,0.1563226925308602,0.065307209979446,0.0413701643748991,-0.0335532404858588,-0.0731383541261071,-0.0435319074057187,0.0187969532652174,-0.0036484675773871,0.2350445370698997,-0.0088028412695948,-0.0550339720710459,0.1208287474328868,0.0550434815831952,0.0609376475854366,0.0431625216220303,0.0864260411777815,0.0517863065857917,0.0268422674211552,0.0402593648265112,0.0788601580905763,-0.0313913868735987,-0.0746991376315686,0.0005039077957971,0.1333839183816623,0.0474137189294148,-0.1150365093705531,0.0716795507250178,-0.0039472476358413,-0.0193661004535302,stop,1767,12,73.48056940936303,-0.0289921146565281,0.0432048066888612,0.0324036321032385,-1.0,1.490226125300346,1.11767052824973,4.144980827073058,1718,0.8404169887764954,7,0.1262187127679835,0.0204832570433108,-0.0912119248609305,0.0571428571428571,-1.5642542566362474,-0.7238372678597538,0.1237807624753044,0.0809510612626046,74.18443866812675,73.48056940936303,84.76847609427415,1.1702426501540282,-0.0636805015535848,-0.0285560090544794,0.0153874442120278,-0.0306190174401366,0.8260835913312725,0.0021525390157624,1.0,-0.0008747031901837,2023-09-08,55.0,16,-0.035886098876109,-0.0670895843952477,False,True,True,0.3333333333333333,9.0,0.6,0.0060661694644109,0.3183356177962623
WEC,Falling Wedge,bullish,1,0.653467550742702,3,38,1875,1876,2024-03-01,2024,1,71.4272262071015,71.15449736922807,78.63500826145895,69.29845366598596,1.48514967350346,0.0038329107499448,True,0.0483890528881587,0.0489945735115299,0.0327506909948815,-0.000728579842913,-0.0321885974469908,0.020395238804199,0.00651945303286,-0.0276398801740541,0.0471097839512957,0.0186572954233377,0.0359834974011767,0.0053162629443015,0.0118769859128537,0.0008028885212412,-0.0152837937550698,0.0019420270865502,0.0652314735458485,0.0230102789853776,-0.0020600039529463,0.0181288502019307,0.0455164237809271,-0.0050363555239181,0.0358738558936142,0.0368373826976733,0.03804037817017,0.0118853599677339,0.0075833772048634,0.0334501081832054,0.0098571866143155,0.0040996437427371,-0.0202723375926633,0.0212417815114485,-0.0271964839869656,-0.0157530886459763,-0.0294811284060969,-0.0030567499677998,0.0193846224798863,0.030415616842385,0.0247344227750976,-0.0102022900245641,-0.0206321880513055,-0.0227190679591431,0.0093947136923471,-0.0228686867608006,-0.022104922054979,0.037949388219487,0.0468489085260197,0.0238966301012937,0.0374489282826606,-0.0489104963511329,-0.045782987729345,0.026932525883685,0.0296294312141187,0.0357749667820355,-0.0292916763049501,-0.027155528619832,-0.0807110986119865,0.0337065118047243,-0.0292801554184434,0.0318045339776569,0.1096864416349174,-0.0662472049148727,-0.0399143599026929,0.0888529971849609,0.0688976366342877,0.0087636449394132,0.0546428872765063,-0.0192335686564645,0.0398682370707574,0.0627646593187598,0.0635171080393417,0.0606794339060201,0.098111956373841,0.0111052197364713,0.0555053636526448,0.0127615207004259,0.084666107764225,0.0152834987975796,0.0626312384702252,-0.0729627954539057,0.0601223490786473,-0.0130239871762539,-0.036625180489312,0.0224991946025796,0.0607105276782935,0.1173624725204312,0.1758064071069505,-0.0395164936689597,0.0438060829305801,-0.0959065127687671,0.0680320434863248,0.0282122369563577,0.0333316556632212,-0.0046075956726034,0.0318781312797593,0.0157670331251731,0.0678345813645258,0.0339287544573947,0.1087288773929595,0.042679822551878,0.0590284667424101,0.0030827051540183,-0.0127877888294193,0.0054717839429376,0.1180895460504716,-0.0652861218257671,0.0515659355696431,0.0062052212715217,0.0068412459517872,0.0414377170865318,-0.0161286056186541,0.0361806499934194,0.0268422674211552,-0.0723573357206326,0.0088815112951655,target,1924,49,78.63500826145895,0.1009108492251773,0.1033242867990495,0.0048776015705359,3.385886427575004,3.4668650893137323,0.1636593595594834,3.385886427575004,1836,0.6887803374223584,6,0.1697449305736287,0.0803470857711206,0.1251157253331074,0.0,-1.0422012007683104,-0.3534208633459512,0.3754289569269531,0.0872540904745272,71.15449736922807,69.29845366598596,78.63500826145895,1.37038789257781,-0.0531410463442052,-0.0214725378023534,0.0190683146856339,-0.0612309452750101,0.9415213288538506,-0.0035672772707959,1.0,0.0483441960699813,2024-03-01,28.0,24,-0.0173211659518542,-0.0184125133570712,False,True,False,0.217391304347826,12.0,0.5217391304347826,-0.0112332299390799,-0.3573632216245944
WEC,Falling Wedge,bullish,1,0.7014074261622218,3,36,2091,2092,2025-01-10,2025,1,88.28650321026021,87.61581245728087,99.98499285632909,86.17886428172145,1.3445850542139393,0.0076549053666123,True,0.0573350191222672,0.0194554568483884,-0.0106634034217159,-0.2218582131587043,0.0097918849948097,0.0154829552517679,0.0160119659241506,0.0013100628728779,0.0018151703471498,0.0139628276445424,-0.0153671771988314,-0.008682467111566,0.0481425723176849,0.0323588305586963,0.0205703660924632,-0.0105725178280345,-0.001372760177572,0.0078109214553583,0.0226834451027753,0.0123444865168547,0.0051525757973023,-0.0129841438505153,0.0610381500157925,0.0770872833301863,0.0360988122581991,-0.0160056796703239,0.0088247882496976,0.0080619836506812,-0.0135560342481578,0.0640724832183776,-0.0402211423970571,-0.04937518454966,0.0113477421259753,0.0559797673939344,0.0532778679887124,0.0092368116470284,0.0322125876105443,0.024587236213224,-0.0130621859392511,0.0436925416572677,0.0258273916192259,-0.0115446992935649,-0.0138622227084662,-0.0304896328038166,-0.0004242894488892,0.0696582768144122,0.0807175464305378,0.0302115059118337,0.004919709417211,0.0507844653331863,0.0001713785519623,-0.0619907813948729,-0.0662472049148727,-0.0073502324215346,0.0717870349714293,0.0740560440562225,0.0440365407859373,-0.1305612580823595,-0.0835971571655734,-0.0104134714191473,0.041151626120446,-0.0339372305111572,-0.0388160821180686,0.0483064981948986,-0.0306936538580464,0.0553397722268682,-0.1234722961055175,-0.0219644255544079,0.0916420826249076,0.1390991145861961,0.1735749461926895,0.0189832375094898,0.0141648691150271,0.0003191561091175,-0.0238574000453329,0.1136182405814827,0.1779891404690508,0.1478662334477911,-0.0081469428176167,0.0288795301750888,0.1088689565663216,0.0052663379854758,0.0767102662231735,-0.0058808181363039,0.164389772648472,-0.1296994906793607,0.1267794626537561,-0.0180336656357358,0.0382975396104794,0.0133508428936028,-0.0213929769277696,0.0976754999988856,0.1087288773929595,0.2438462778722288,0.0369220490110691,0.0559018788478915,-0.1133184195560349,0.0591994399094166,0.0007520198789447,0.0048301005671438,0.0743002643567838,0.0572612259119675,-0.0936054219869456,0.0117506697741118,-0.1226298787980338,-0.0622070164402545,0.0048405701977434,-0.0414548418623873,0.0304848961767898,0.0102065790951422,-0.049882745303985,0.0441327366846111,0.0120999670067056,0.1447042068250781,0.1055144633781716,target,2120,29,99.98499285632909,0.1325059801973145,0.1339297320124946,0.008648357423842,5.550518870981144,5.610158151457268,0.3622694689895837,5.550518870981144,2054,0.8034731989745255,5,0.0373992675225556,0.0178379955217762,-0.0636296230130668,0.0,-1.213473663110375,-0.410000464135851,0.1754523307682676,0.1062399573311791,87.61581245728087,86.17886428172145,99.98499285632909,1.381621465080472,0.0628219446685809,-0.0305556224522425,0.0156911769326618,0.1837650145106335,0.0681848394647925,-0.0090764943410484,1.0,-0.0337697731153108,2025-01-10,1.0,28,0.0566641110523162,0.002464620014003,False,False,True,0.1481481481481481,6.0,0.2222222222222222,0.016891008277137,0.6324634851747075
WM,Falling Wedge,bullish,1,0.731392779054001,3,16,793,794,2019-11-11,2019,2,98.50528796802868,97.9679083742858,107.9317402042825,95.75549199004394,1.1654546318741386,0.0054852614765421,True,0.0171947171530111,0.0066037387398178,0.0107266864620101,0.0024873343440854,0.0194323993238756,0.0122638617034511,-0.0043191803626102,0.0049314325488056,0.0051820004215372,0.0270900108775642,-0.0103816097356056,0.0151662815662982,0.0580811746089899,-0.00325548228779,0.0140901060798537,0.0531020986583765,0.0043855768273803,-0.0339738125898483,-0.02818980377359,-0.0136793147260557,-0.0308413884708758,0.009246637955228,0.011617466681457,-0.0017193566996394,-0.0166829768259431,-0.0043007177613688,-0.0158345314213099,0.0125636630366499,0.0045167338634826,0.0274053390743651,-0.0213715785301162,-0.0129749022153259,0.0378167173603163,-0.081020668599955,0.0080041774142747,0.022052570491692,0.0130171111181074,0.0035491438774846,-0.005642516167573,-0.0219826818381355,-0.052461598590759,-0.0212841294110675,0.0084257134206806,-0.033509400286054,-0.0045961707383959,0.0051620295955109,0.0114756892326994,-0.0040063014827154,0.0494573741495836,0.1088357883051844,0.037664606658595,0.0236589951187855,-0.0014311485439825,0.0398276734268916,0.0634676690842264,0.0030601618711043,-0.012965762390084,-0.0426845460963297,-0.0125374784703139,0.0768669070436054,0.1196893148390534,0.0226389560827837,-0.0473357974852211,-0.0017929767135308,-0.0176619291312204,0.0062171564303763,-0.066797445926319,-0.0993172977615891,-0.0009673217918804,0.0557490512854634,-0.0074282641912013,0.0373173148055538,0.0145917371615316,0.1187332065155639,-0.0547828641473172,0.1195889219332797,-0.009549671757865,-0.034621408065753,-0.0208332356263247,0.0540567970197787,-0.0402812545725463,0.0270824184450793,0.0408141440240705,0.0224126705173808,0.1590533442476851,0.1287312125733852,0.0354355307167517,0.0589906513033053,-0.0012801041244148,0.1615382933136693,0.008622538617381,0.0144680391404537,0.126478106728481,0.0452367149584473,-0.0351610479778442,-0.189747778474037,0.1029826630470565,0.0889312625159743,-0.0013465891497465,0.0544702282463989,-0.073582179270242,-0.024209323639883,0.2460633443208284,-0.0194684163947016,0.0170599209819248,0.1173690809825656,0.1552311518177085,0.0897678180892003,0.0344608426107655,0.0998382905399708,0.0548885680984672,0.0308308243507076,-0.0971339836194352,0.0881298125756337,0.0895093822459154,target,840,47,107.9317402042825,0.0956948853275097,0.0957500856032207,0.0075112251715077,3.4280551399897763,3.430032566350994,0.2690728346523823,3.4280551399897763,775,0.6333706194867743,5,0.0058580888242048,0.0049857030550204,-0.1427193722067,0.0,-1.369676171076273,-0.7363055515894978,0.4801760156788788,0.0665828567915024,97.9679083742858,95.75549199004394,107.9317402042825,1.749791263545045,0.0097819064164339,-0.033918796264165,0.0177682455820354,0.0488020516825684,0.3492076947763144,-0.00081036756738,1.0,0.041898921193072,2019-11-11,42.0,2,,,False,False,False,,,,,
WM,Falling Wedge,bullish,1,0.7139353256289858,3,38,1372,1373,2022-03-01,2022,2,136.64386428439798,130.3165553266291,155.29735126956757,128.23544348279836,0.6990860282943694,0.0485533779028299,True,0.0042759704778871,0.0415589304965681,0.0012792921170199,-0.001593940839494,-0.0199627289182163,0.0209142518629701,-0.0032806778234235,-0.0212827023458839,0.0146499599598743,-0.0204815365222388,0.0182442143176004,0.0107527388099673,0.023338762868811,-0.0282937659315928,-0.007159964149742,0.0039279637614524,-0.0152608294298659,0.0015498943584726,-0.0048326635033227,-0.0252648758473769,0.0935094762212194,-0.0029738742188309,0.0023870207405172,0.0532137129176819,0.0675534239475642,-0.0268030770605042,-0.0448395217521435,-0.0040379973459022,0.0304528265373142,-0.0910402290357497,-0.004216379669784,0.0158123094722293,-0.0066757584571476,-0.0051203849591391,-0.0307921833595479,0.0096287765799454,0.1066108084463253,0.0371794813858479,0.0129441999320643,-0.0108189151287503,0.0137326237380703,0.0774424386594381,0.0361996069894472,0.0125252593460398,0.0316639601405546,0.0452213206947515,0.0752294547571972,0.0044250046860216,0.0908279516385826,0.0584249646876096,-0.0457716189010878,0.0435690841077998,0.0072143745964039,0.0337869836572208,0.0439500401469201,-0.0036678116709429,0.0269386179112685,0.0204984701333312,0.0632796803035484,0.0028429879809315,0.0743332306272019,-0.0355450230432559,0.0927770059359522,-0.0689364207323564,0.0517575078055223,0.0796327560650043,-0.1112354438574304,0.0331122243456811,0.0523399766703019,0.1413450212799669,0.1732707083177288,0.0608816411459858,0.0155307566758864,-0.0029512130614534,0.1254972350051528,0.1615382933136693,0.1097018012504436,0.1089351885759177,0.0008149464398652,0.1162332927407887,0.0566461028881217,0.0163704973036766,-0.0386795613840099,0.0946559387425864,-0.0211011427171847,0.053001876608739,0.0143153260789949,0.0462654062198126,-0.0167636634837923,-0.0516858922415969,-0.003852693932717,0.0990773144715226,0.0633697221532514,0.1414638846968637,-0.0345857527724824,-0.211350376500408,0.0278985625419478,0.0053851857995228,0.073672285035421,0.0926595264409619,-0.0831614402074536,-0.0750789352180988,-0.084237084714782,-0.0594119382295352,0.0064938336846336,0.0766189080566417,0.0131680742308331,0.0079094991205215,0.0533197614410687,0.0558383865641132,0.0393848945049681,0.0272714655638481,-0.0928401935759973,-0.0706611619997913,0.0749550471649547,target,1411,39,155.29735126956757,0.1365117056873181,0.1433900028567014,0.0018326496240091,2.218429289554699,2.330207366211156,0.0297820877918379,2.218429289554699,1332,0.8524713766570611,6,0.0451975337559156,0.0465481860020986,0.0485897766720384,0.0,-1.4549881485367129,-0.6025167718796509,0.1421899165043932,0.1079965021802564,130.3165553266291,128.23544348279836,155.29735126956757,2.343843147685346,-0.0299108832071807,-0.0393286043850816,0.0172407001878002,-0.0482064799480896,0.7826097258157765,-0.0006230636980916,0.0,-0.0442977118354123,2022-03-01,48.0,6,0.005805573428292,-0.0061439698088574,False,False,False,0.2,1.0,0.2,-0.0145496313134793,-0.6094673964763015
WM,Falling Wedge,bullish,1,0.7417342033523855,8,87,1631,1632,2023-03-13,2023,0,143.1545800902768,142.27338006872282,165.22098720371292,139.1813726850696,1.3806779414966974,0.0061937097518054,True,0.0242723101731672,0.0121271443860508,0.0140901060798537,-0.0007793243851828,0.043730456705322,0.0780750275366064,-0.0014245091508138,-0.004263176154181,-0.0042445896861063,-0.093284392649626,0.0055195133764396,0.0084345738901892,0.0093321903750607,-0.0005535030504896,0.0054953772832988,0.0272378462440288,-0.0340591081234633,0.0055211139475019,0.0195740383235767,0.0024545313445725,0.0317668297927737,0.0016440830015347,0.0185589559381224,0.0157405590258448,-0.0034738603350703,0.0028646550236302,-0.0389658423405172,-0.011592962860594,0.0139561925070537,-0.0808474639791377,-0.0846151482007113,-0.0184411724388557,0.0084407272902959,0.0090740972170915,-0.034052959918457,-0.0056191556182879,-0.0163344041446504,-0.0165548461103912,0.0250014506586735,0.0359318937050889,0.0042729549754834,0.0036574191358156,0.0141765649651695,0.008756003661356,-0.016389563077791,0.0256046370033315,0.0789682291478781,0.0257449903592676,0.0975217202638052,0.039879200802132,0.0230951501863261,0.0295069104342697,-0.0239408504171479,-0.0650925748314598,-0.0336316280069781,0.1077290588497459,0.0125248513587152,-0.0040839169033575,0.0581358856431581,-0.0234322152712422,0.1011218116655119,-0.0382581680017546,0.0367213255740821,0.0591722055998511,0.0237018519972236,-0.0360506831609874,-0.011137344148027,0.0090263440984144,0.0608427823612641,0.120767020012402,0.0644332573433879,0.0826615653970905,0.0204881417197753,-0.1188075465101656,-0.0238336122356408,-0.016238149722886,0.0565916507004924,-0.0509543095226525,0.0580183088745813,0.1438865940728002,0.0825467331820111,0.0643720299756063,-0.022348276997507,0.061153076924072,0.0839149975135398,0.1387265597310911,-0.001544407397381,0.1133183515886069,0.0382318630044431,0.1631283953776305,-0.020819244924602,0.0781423839748567,0.073091518283012,-0.023394712181086,0.0558383865641132,0.1466019381489118,0.0299452444838514,0.1652406532811363,0.0576050990787802,0.0011210842543352,0.1852863732034668,0.0844711829401547,-0.0416452556824965,-0.0226075783660026,0.104793605112633,0.1014417416431741,-0.0474507427026372,0.0572155211752194,-0.0170168452004459,-0.0209072771670448,0.0239827511493866,0.0485567553459886,0.1082700297977858,-0.0271890761918206,0.0234138387395875,time,1691,60,153.6179656982422,0.073091518283012,0.1316136618770542,0.0045635253531381,2.6334858820237503,4.742037497327881,0.1644237234642311,5.553801969793055,1544,0.7654341450514672,7,0.1147879987907773,0.044020060036682,0.1004072769296724,0.0,-1.058406364073219,-0.2929722190217518,0.1863149597937514,0.1334748753517251,142.27338006872282,139.1813726850696,165.22098720371292,2.3141171307297674,-0.0412582464224529,-0.0053829295752828,0.0161608885814657,-0.1202955065257003,0.5128209758387825,-0.0029466639351845,0.0,-0.0555829318020157,2023-03-13,47.0,5,-0.0704512207963783,-0.0134474273439375,False,False,False,0.25,0.0,0.0,0.0130142171553882,0.1178142458110516
WM,Falling Wedge,bullish,1,0.7121567434219943,8,95,1780,1781,2023-10-13,2023,0,151.9512021586506,150.73471949660734,169.53455038069092,143.4536524458889,1.918314583934276,0.0080703547670093,True,-0.0157154728731359,0.0133979094200269,0.0653635471020888,0.0022075032766468,0.0151550345234088,0.0398340741504601,0.0212690840360363,-0.0054984051514501,0.023338762868811,0.022561394755034,0.0275730444651864,0.005177771990916,0.0263489386853843,0.0109655092645275,-0.0297334615033797,-0.0071426860011587,0.0335390613278614,-0.0027319573467582,-0.0316127593552886,0.0134910725947183,-0.0020824039133536,0.01972292939286,-0.0281027756312634,0.0144582299655873,0.0677984832900293,0.0080194948105998,0.0306892621004943,-0.0119249067238207,0.0707615960255605,-0.0356038083486488,0.005555409629435,-0.0002207767750469,-0.0223272461912495,-0.0053619737561024,-0.0294440372743468,0.0233047252147919,0.0141765649651695,-0.0322234081851459,-0.0056387847321868,0.0205049054875536,0.0298394133341262,-0.0045728365009702,0.0181497634725809,8.504816658816416e-05,-0.0096758476036207,0.0112536021097992,0.0797711547757793,0.0641195427652787,0.0537604291016735,0.0850290217319305,-0.009116518623692,0.0372474482891984,0.0125763814304262,-0.0133818075694547,-0.0191549626233645,0.0114558294794058,0.0406558964388463,0.0134462969628075,-0.010674586444099,-0.0349085630095844,0.0292787727718868,0.023309349505358,0.0511188166070339,0.0844872834347409,-0.0277814701695561,-0.0426868544333386,0.0393362253513809,0.0125566363179427,0.0629434735483022,0.0944050160477576,0.0294702467209577,0.0934058656733909,0.0402570352530113,-0.0916454385664804,0.0030682600222406,-0.0524833840390501,-0.026343922469848,0.0473746260552077,-0.0095757500852134,-0.01210140708476,0.0157261657085929,-0.0414535201300048,0.0218666208708673,0.0483480910360745,0.0054251776991289,-0.0061884636472437,0.0425562348466228,0.1365787967493641,-0.0241306802963268,-0.0893649854833918,0.0215627572254943,0.0882609120808738,0.1310157781699152,0.0280418526300554,0.0553362264368095,-0.0689136006300251,0.1421982101839085,0.1174871283599947,0.080424863921936,-0.0378147699038083,0.2045998421287687,-0.0107376016428392,0.0701483159743043,0.1251051874000972,-0.0335149394069957,0.1227469130422722,0.1255130442078449,0.0893700997941748,0.0254196945111244,-0.0234170260280471,-0.0159654332371086,0.1981394722077156,0.0053851857995228,0.1251051874000972,0.0661849781439279,target,1821,41,169.53455038069092,0.1157170721405793,0.1158663902592685,0.0322480486510069,2.0692256963949904,2.071895768169308,0.5766520850630757,2.0692256963949904,1685,0.5345232751751581,5,0.0873218794937755,0.06994656557547,-0.1334494700199006,0.0,-0.9844353861677956,-0.4499121109926368,0.7132826879879327,0.113910900632519,150.73471949660734,143.4536524458889,169.53455038069092,2.428909684466642,0.0008551025018641,0.0092206045265097,0.0160119759193429,-0.0307403009905947,0.9455941241812214,0.0046439287636712,1.0,-0.0267721821790749,2023-10-13,47.0,5,0.0889584381075383,0.0883325891903781,False,False,False,0.0,1.0,0.25,-0.0251653339310529,-0.3528314960934322
WDC,Falling Wedge,bullish,1,0.6053455022830524,13,207,585,586,2019-01-15,2019,2,26.99909795862532,28.16792213255934,72.77328405227685,20.908688979974045,0.7596998561923083,-0.0414948666938757,True,-0.0052881997763499,-0.0151795942537765,0.0299891077115703,-0.1438120998596991,0.115534669734252,-0.0621903860659218,0.0386973710317832,0.0042526556240511,-0.0405572648970633,0.0005749797562626,0.0058526172478492,-0.0114396072332876,-0.020368061321512,-0.0413246088061249,0.1023118998438015,0.0634357145319495,0.0634071983927053,0.0187539967784873,0.0674540329722133,-0.0169054520326674,-0.0641050593025468,0.0896202890239385,-0.015247299432852,0.1589108278544082,0.1330321618184486,-0.0268208514831499,0.0462895143898696,0.2398117013694376,-0.0277130415903945,-0.007095865371149,-0.0216594357656935,0.0648261075749396,0.0203941179298352,-0.0551765111471439,-0.0822720148109538,-0.0615767149525978,0.0678790414106706,0.0497364526443133,0.0039651709397066,0.044402411446897,0.0262217506410884,0.1404398343766186,0.0091450532753605,0.1277311019438978,0.0518343285701403,0.1283927202848236,0.2609733547251753,0.2066857335694232,0.0464954373757187,0.1378660682763428,-0.03650011112659,-0.0309778776732326,-0.172909147932933,-0.0394381009704083,0.0609224738960894,0.0028524085673435,0.0615651437183812,0.2262997063275926,0.1661346904635443,0.0761279842826825,0.0250189296376559,-0.1334283953362408,-0.0789472626871238,0.0428897120943059,0.2396644269519448,-0.0644655860898612,0.1447966377638201,0.3662487475677234,0.2089625604698375,0.2580647628147903,0.1801213447446936,0.0687248336906978,0.2352460072462983,0.1506740828477359,-0.0120253069671301,0.041843832646103,0.1089285763533032,-0.1562178286468222,0.5870266812675171,-0.1494585154255078,0.041455134486293,0.104732405239224,-0.0933696478554679,0.8936899437683847,0.0476315454544797,0.1465208712818304,0.2482663955731248,0.0162411633115404,-0.0920905469112015,0.4090491032788079,-0.0693221890364269,0.131687435734651,0.3589712565071461,0.2491315729377798,0.3215985990378589,-0.34678055663184,-0.2601972919431145,0.6540049068868008,0.7720180209358314,-0.2109321877856731,-0.1506244934443665,0.7501993823060076,0.3226729273170645,-0.2889442306305562,0.1035659378300961,0.4101408826495658,-0.076126054032124,0.1868380652121992,0.5231421901073652,0.2882689294403067,0.1466921468540989,0.3396968393856463,0.0360261999888991,-0.2022093188906711,0.1930187117774763,time,645,60,36.69099807739258,0.3589712565071461,0.4284838743603682,0.0740347265474734,1.591338143750329,1.8994911734332784,0.3281997713785592,7.515781986744058,376,0.4689722001186249,6,0.0961382071402636,0.2042269434967947,0.4538046069682366,0.0203045685279187,-2.936447075465249,-2.4674748753466247,1.019010728444326,0.1958292677946367,28.16792213255934,20.908688979974045,72.77328405227685,1.5897729088630277,-0.4049931273627473,-0.0981303855401609,0.059101217716632,-0.5088109180613216,0.5625011089272112,-2.7513244016397212e-08,0.0,0.0053761818958335,2019-01-15,39.0,4,-0.3686330780111652,-0.2671040882250843,True,False,False,1.0,0.0,0.0,-0.0663170989380069,-0.6185738171710023
WDC,Falling Wedge,bullish,1,0.6061008196729168,5,71,1406,1407,2022-04-19,2022,0,37.18736641411565,35.41678090102164,51.50240970998976,29.992841043438148,1.0317520494727015,0.0499928414737134,True,0.0028315304431756,0.0717923330439247,0.1198984602130364,0.1139722633757795,0.0086207107590308,0.0271163445987605,-0.0455643628502216,-0.0091480764623236,0.0721794484874569,0.053770545297469,0.0406008096044132,0.0159735546036017,0.0455266991644283,-0.097263600144649,0.0452665565143537,0.0410194887902215,-0.0664807481407911,-0.1163986229242964,0.0657692690542719,-0.0339203257574054,0.0542552764882937,0.004358290553089,-0.0141460686180503,0.2483818725337487,0.3167162218697249,0.011875307579036,0.0114682351564221,-0.1297926691917196,-0.0149485036743569,0.0445304117697498,0.1953635156459137,0.0283230344764742,-0.1056609736109575,0.0747626177190423,-0.0262701087677511,0.0119729444879639,-0.1222458540151207,0.0043322452863145,0.0061273986349941,-0.0519481429532291,-0.0746269851145309,-0.1577296177808282,0.0322920303975917,0.1018287017235666,0.0203941179298352,0.2553794872488282,0.2376619064057283,0.3240307158967844,0.0154546762304723,-0.1367565564441631,-0.0845743559115118,0.0351778834974805,-0.0467555969259886,0.1771288905405379,0.0543331053312876,0.1030386232578102,0.1971931234822306,-0.0749570009812506,0.0154546762304723,-0.0662297077107095,-0.115443299664661,0.1477322704527213,-0.0951976522576754,0.2661835749355048,0.182930144234938,0.3243052239672528,0.3725055519838085,-0.1144457041978821,0.1798080129031946,0.0103154932844529,0.1618412300773756,0.1904188836040332,0.4298440888471244,0.5476028437424716,-0.3014295135828521,-0.2714411217733337,0.0427184792157517,0.2762431790098085,0.4871035714899949,0.0481071485066193,0.1597675970087817,-0.2659793599480305,0.0955961436181704,0.5320436594880995,-0.0631058514096261,0.0829774973321328,0.1967951803403533,0.1960783610979033,0.0299016729043624,0.060131859491374,0.7218755258137173,-0.1494469989553899,-0.041059880014845,0.0934750754308989,-0.1545796158961847,-0.1061863140188538,-0.0921470953050085,0.4711511474031913,0.1689993387643813,0.2011174578783026,-0.131543138731328,-0.2551722357303658,0.1770514586765952,-0.1696467149986426,0.1697651216140372,0.1245498452386875,0.3907153718165448,0.1469386199951772,-0.2428569466406305,-0.2889442306305562,-0.0452989543418497,1.5562481531332524,-0.2182896286639553,-0.0627807903511137,-0.123014422475429,time,1466,60,35.660457611083984,-0.041059880014845,0.279530786434973,0.1579691730019987,-0.2122320409425255,1.444850527812422,0.8165177292309638,1.989713366529705,1335,0.4683316007085553,5,0.1083604780522341,0.1858533175658503,-0.3305140891847913,0.0172413793103448,-0.9919738290593356,-0.523642228350784,0.7142061312835728,0.2580915879915926,35.41678090102164,29.992841043438148,51.50240970998976,1.1513607067655047,-0.1488259188727946,-0.0219272099989048,0.0312709987283586,-0.1164260352472832,0.9487188777887072,8.33340547679029e-08,0.0,0.0014626001599533,2022-04-19,30.0,11,-0.0101549722638923,-0.0429762903395194,False,False,True,0.4,0.0,0.0,0.0767389712949028,1.827301882162595
WDC,Falling Wedge,bullish,1,0.6484571430370313,3,17,1570,1571,2022-12-12,2022,1,28.3192613435984,26.240598052279097,30.592278591571244,24.77495912796587,1.2935642503159537,0.0792155455900045,True,-0.1617529657042794,-0.0923879057618292,-0.0876718168011742,0.0243442522338883,0.0136405024423491,-0.0242326521854174,0.0066725927583826,-0.0221862807384223,-0.136996132586247,0.0369162256464401,0.0300359206199449,-0.0757331419840793,0.0333755350401756,0.0043371992345566,0.0355443522098897,0.0045130717318144,-0.0491063395961269,0.0270589822077356,0.0721881133523352,-0.040000152381454,4.120724117484542e-08,0.0826679549282858,-0.1585213770712853,-0.1721115128948336,-0.1061259896312862,0.0303517254717953,-0.0098976565227911,0.1687748505928996,-0.2640099893899079,0.0151650117337236,0.0474050557057021,-0.0790402746953804,0.1158265787379848,0.1365264816799976,0.0089126890145561,0.0496040232662724,0.1144323631212855,0.0088343193175315,0.1357348024942009,0.0346697221727596,0.0113897897962016,-0.0022161261172599,-0.0328205272530647,0.0623307233021426,0.0549532834501125,-0.2024578551887717,0.0204516015451756,0.0518586002796306,0.090144198756088,0.0088234940041884,0.0717865099505632,-0.0807343818804171,-0.1144436841179106,0.0869532572376905,-0.1042831570096547,-0.1229317733984225,0.0921444644713502,-0.0393934670478469,-0.1257161076515778,0.1680749792047295,-0.1882128918478801,-0.2041474309027314,-0.1952102246158594,0.0493788294948076,-0.028188660629172,-0.1675000470899714,-0.0208889594806221,0.1807380139805363,0.0526319534737812,0.1152723354170905,0.1183455156062711,0.4705756635012483,-0.2388176737800206,0.4804174018523075,0.0962276377472863,-0.4281328492369982,-0.3330275413228091,0.2990285994330663,-0.1290233180038474,0.5470985350331201,0.1792511905051572,0.5355058585904913,-0.0775781598378945,0.3717069578688941,0.1506753577839432,-0.2232273413473009,0.032944141579664,0.1750097938590693,0.0898178248982009,0.1076274706553221,-0.1074585001013197,0.0153412829332115,-0.0422311533720382,0.0127098917702359,-0.1163923660417965,0.3817958657868725,0.1325031447074833,0.0510788045045476,0.0631594366563286,-0.1880822455231616,0.1630177121170346,0.8468814749078575,-0.1513525297958647,0.4085485019912933,-0.2589784220610943,-0.2944415735788025,-0.3687905030402798,0.0984344098581999,-0.2097184600348153,0.6862900761969171,-0.0770238126178243,0.0689655725038955,-0.0496633011929532,0.5838344386993228,-0.1307344645741962,stop,1573,3,24.77495912796587,-0.1251551787537608,0.0106241773743996,0.1468790342291843,-1.0,0.0848880364375686,1.173575362136349,0.6413158668996841,1552,0.5376880035749639,6,0.1643190402321245,0.1740553111309588,0.2393815307557973,0.0,-1.0233568968834272,-0.4856688933084589,0.6410128835121695,0.1264148701188285,26.240598052279097,24.77495912796587,30.592278591571244,0.9402145569215516,-0.2008219088301187,0.0160445984778683,0.0345208503429468,-0.2809770319770219,0.925532400385494,-0.0050406728014489,0.0,0.0011041798162141,2022-12-12,30.0,11,0.0269070942550198,-4.708489711802155e-05,False,False,False,0.2,1.0,0.1,-0.0859762946645053,-0.6911468477303336
WFC,Falling Wedge,bullish,1,0.7215749985778986,5,63,691,692,2019-06-18,2019,0,38.37513761047502,37.95583573556912,42.6442526799472,36.211218035562936,1.1184444385016614,0.0110470989975584,True,-0.0073147563016908,-0.0060300317883889,0.0128921603273348,0.0636975281969933,0.0437443297270405,-0.0245788745184597,0.0082183085832596,0.0973583105187081,-0.0195461392420427,-0.0109556694876404,0.008170959247906,0.0123485936327392,0.0010799229529667,0.0100257330506376,-0.0390780884115862,0.0332001063648992,0.0405087365913305,-0.0554694834978656,-0.011665182674272,0.0370227004798489,-0.0077707766589913,0.053208994728283,-0.0199353647972453,0.0161355823597368,-0.0020551308714984,-0.0139359807805728,-0.0075370468555902,-0.036419553567524,-0.0367801098518626,-0.0288038009329486,0.0957412798876411,-0.1267416031205632,0.0315381857392236,-0.0158014634868948,0.0248690398401896,0.0083528495199745,-0.0069995440813406,0.0469149988983477,0.0442800726648511,-0.0185778813705496,-0.0840466276342944,-0.0068714052822238,0.0080586926865782,0.2300045569710236,-0.0495465623737528,0.0132506775162513,-0.0273236787869355,-0.0500142071700357,-0.151751142529454,-0.1625679883310423,0.0153275877998364,0.032071503226033,0.0615637310447643,-0.0971222455178696,-0.0768311144297533,0.0216135714431535,-0.0948011818612537,0.01899187798502,-0.0170496879306758,0.1773033621440032,0.004799036296931,-0.0349282375938546,0.0399921752614442,-0.1147195568269769,0.3538089133905953,0.0874454161684079,0.0321854848924549,-0.0346899081063111,-0.0303557586132081,-0.0433514135813619,-0.0185035815776053,-0.0127076648828584,-0.0967393793173857,0.1476637872995145,0.0942031868270332,-0.0902703144729319,-0.0447160767998109,0.072376529048318,0.0125139716356093,0.0980441875894695,0.0139928845614554,-0.0577427406517813,0.1678016827720916,0.1348302600066357,0.065653046068326,-0.1764638164072056,-0.0233953177722869,-0.0613078619852072,0.1733480742748132,-0.2065721543096605,0.0571532707719846,-0.056734691294168,0.0584705680311745,0.0235865726914941,-0.0272731444032724,-0.0487482069892897,-0.0158455659621913,0.0087600910626943,0.0344055410893855,0.2894295856491431,-0.0259836490223523,0.3318478339812138,0.0729500169693584,0.0751720670371713,-0.1306097464323327,0.1774620713581358,-0.1551471013034935,-0.0055662826299631,-0.0685989884652642,-0.0191448994146775,0.1754395702177416,-0.3356890242646617,-0.0034987462282399,0.0439128382792015,0.0398068550047592,stop,732,41,36.211218035562936,-0.0563885815049537,0.066480256009464,0.0570583288102615,-1.0,1.1789666318104457,1.0118773568590127,1.9728621705571567,628,0.5773370712700105,5,0.0966557124832641,0.1898172685431958,-0.2901853187866005,0.0,-0.8799086111232972,-0.302571539853286,0.5671294115439932,0.1146752840518284,37.95583573556912,36.211218035562936,42.6442526799472,0.7749092906430433,-0.0614055057563434,-0.0073645670057573,0.020359456513375,0.0091878728736141,0.7819538736444187,-0.0004418090171464,1.0,0.02975883574864,2019-06-18,9.0,15,0.1423565992605411,0.0140024949397978,False,True,False,0.0,5.0,0.3571428571428571,0.0025120297778801,0.2301408055794722
WFC,Falling Wedge,bullish,1,0.8365658818195328,8,106,1466,1467,2022-07-15,2022,0,37.637174457422944,35.63457676294709,53.54215159031119,31.57677460084838,1.7550411144306322,0.0561981613475526,True,0.0295729686504582,0.0122962276252731,0.0149486191161727,-0.0173001883603513,0.0175041560548132,-0.0192726098938004,0.0714284139500573,-0.0035108799708366,-0.0273417885675759,-0.0248351667557752,0.0108555526239699,-0.0068509480657287,0.0460586738712884,-0.0550501724342162,-0.0332355521210272,-0.0061067679426033,0.0199741254537924,0.0094280282008123,-0.0059657246794952,-0.0031057696397764,-0.0283848473108153,0.0041674326490734,0.0314027393415593,0.0462675762868054,-0.0145232475778289,-0.046282761279552,-0.1220618134447093,0.0299472197679351,0.0426030455449022,0.0358033946276552,0.0142658725943056,-0.0326442998381895,-0.0368524085418738,0.0168386398422653,0.1241589605367703,-0.008446377718834,-0.0203831522044198,0.1391650290610153,0.0809452673282211,0.0626980216977191,0.1159953427509441,-0.0159532783429218,-0.0619829414304584,0.0079178732094313,-0.0331602825487625,0.0316390087062332,0.1031756995131396,0.0034796856799728,-0.0657894275181086,0.0300035658339758,0.0754043428468183,0.0991112578880144,-0.033377884553134,0.0354050133418395,-0.1103066593502201,-0.0059866933885904,-0.0954136599137226,0.0735670687459864,0.0206969423945211,0.1012465991400908,-0.1271302786466545,0.0452433638745024,-0.0920992952190955,0.0799378504209773,-0.0106400367186942,-0.0932892439986807,-0.0142728317067135,-0.0187274593207577,0.1084965728055219,0.0933303254028308,0.0351657415370525,0.0078952851625924,-0.0450345239154711,-0.0494202398210112,0.1174640855932478,0.1318566727830441,-0.021448519622969,-0.4091372759748217,-0.3980950352560799,-0.00468525792692,-0.1174712822073612,0.2204314059329708,-0.0270780947390038,0.0348825235947429,0.1089989338170589,-0.0651568393637307,0.0969427713690014,-0.0692532186747313,0.1039296443840234,-0.025192311450738,-0.0221256881710779,0.1149151736271925,-0.0046443129452117,0.0645691312277061,0.2372390186389172,-0.0684254910532236,0.3083684276400404,0.2725506577105296,0.3516035569021416,-0.087705044031578,0.1384032103067891,0.0948041762937701,0.1358406858901886,-0.0753539257903066,-0.1780257998494299,-0.0814850693444423,0.0313038566881018,-0.0034912459434642,0.1646720827078307,0.0344055410893855,0.0719699593677751,0.2153043584159848,-0.0211948529142746,-0.0862419879731671,-0.0773714186827901,time,1526,60,37.46237564086914,-0.0046443129452117,0.1123010593879863,0.0553124717925221,-0.028842786068674,0.6974283321180151,0.3435095372903517,2.624410518991399,1360,0.5509037375772343,7,0.0993703708639963,0.2966932040447416,-0.1841862216425717,0.0105263157894736,-1.482317782330845,-0.931414044753612,0.6097049127495984,0.2032231337870511,35.63457676294709,31.57677460084838,53.54215159031119,1.2515379311473238,-0.1444947565412444,-0.0146096419940003,0.0338994931680577,-0.2634657917451607,0.73643417729754,0.0170365477266338,0.0,0.0200250992681341,2022-07-15,15.0,13,-0.2676748336776079,-0.1551282673721823,True,False,True,1.0,4.0,0.3333333333333333,0.0786693578082513,1.5627737236822603
WFC,Falling Wedge,bullish,1,0.6928563722661524,3,26,1581,1582,2022-12-28,2022,1,37.43077762667726,37.14040055259147,47.364507651531085,35.95301793270778,0.4868126732787477,0.0078183614006697,True,0.0308626577466861,0.0315212118226896,-0.0064037476388091,0.0078071159706332,-0.0125325573192862,-0.0009130544230416,0.0076292728845113,-0.0229573458704961,-0.1437867245041723,0.0126037765053275,-0.0386552735425205,0.0176147942389433,-0.011665182674272,-0.0181729172505841,0.0055158758137303,0.0183653028120291,-0.0067323171952091,-0.0070147546010063,-0.0100719283535215,0.0312026906634503,-0.0115566981721324,0.0157894971500278,0.0395593665220061,0.0408261179557192,-0.0048236897765676,0.0058463017918199,-0.0263880261132599,-0.0062219109214998,0.2300045569710236,-0.0652732790481414,0.0598491322984797,-0.1152030640137291,0.0261548212450202,0.0348070887233897,-0.1009473852357987,-0.0066846804469614,0.0021906179605175,-0.0098595409617265,0.0023890432713125,0.0034180625167881,0.0555029874722632,-0.0467165300960178,-0.0139359807805728,0.0574039802286396,0.0287305869904965,0.035072778863117,0.1207772707056742,0.0521578187329359,-0.0049505769356013,0.0003928580496022,0.110991066686902,0.0419859555576656,-0.0427015682438831,0.0399921752614442,-0.086824911983897,0.1402362837117621,-0.113806808105846,-0.0026143044342449,0.1932423020485509,0.0170045096586399,0.0880479739676711,-0.0509396985655636,-0.1273344282195586,0.0754043428468183,-0.0188303469864233,-0.0464696981028068,-0.0777117104368798,-0.0377584098067628,0.1159095204072948,0.1440680462352288,0.0963899325583956,-0.0851316376900526,-0.0278300835444899,0.1316502953515634,0.0429647194131221,-0.0958560502107574,0.0410140564656926,-0.0682091118221502,0.066771233408845,0.3697895227725352,-0.015102470558422,-0.0454669658289569,-0.0543552807960902,-0.1225400329755563,0.1286059950494222,0.253337179028908,-0.0298379601370488,-0.0893221156331263,0.4098562998934294,0.1818015197891445,0.064879124471902,0.0912171344128331,-0.0836205207678462,-0.132018369468772,0.2384067689226578,0.1991142307049789,0.0294154577142862,0.2629476076554293,0.3954517728212579,0.0127641895281112,-0.2742284861095004,-0.014483926260043,-0.1351803534242572,-0.0552633145158055,-0.0049153282116731,0.0815556746006651,0.0535908885291496,0.1463876586577586,-0.0972532963114736,0.2889687147454498,-0.0793680524001321,-0.0052078196297152,-0.147840004046954,0.0635220958797591,-0.1315397447103436,stop,1631,50,35.95301793270778,-0.0394798021218845,0.1944482654147248,0.0655230026623985,-1.0,4.925259372233221,1.6596588417568996,6.722155209261629,1554,0.7407391841038622,5,0.0068831408595824,0.0721847414091134,0.359626538952269,0.0,-1.570041990021481,-0.8293028059176197,0.2461564649015424,0.1436909970898194,37.14040055259147,35.95301793270778,47.364507651531085,0.8465935558154553,-0.0609516177507433,-0.0814184211102571,0.0226340826437027,0.0493492013735901,0.499996332025088,-0.0024367636023012,0.0,-0.0426092342438266,2022-12-28,15.0,13,0.0298147832026827,-0.0376304591676911,False,True,False,0.1666666666666666,2.0,0.1666666666666666,-0.0652025520526629,-1.9822418755386009
WFC,Falling Wedge,bullish,1,0.6349760806605533,3,24,1749,1750,2023-08-30,2023,2,38.7539356894444,38.78457796341644,43.9484888065204,37.76969847779833,0.8701311629193957,-0.0007900633597442,True,-0.0299903894995728,-0.0149346174796943,0.0117711198691292,-0.0116472478002824,-0.0047954689432621,0.0176147942389433,0.123697733291715,-0.0056574570913402,0.0946569792844302,-0.0231450358530584,0.0713782780649043,0.0521493128749539,-0.0109498967152624,-0.0380952275208873,0.01851214182336,-0.031363609231243,0.0065511876241453,-0.0115494819611012,0.012382185677435,0.0084933057923533,0.0580334968092703,-0.0178805280248528,-0.0459982186100403,0.032869535439326,0.0357256804122999,0.0141008096438006,0.0279526347024421,0.0486881708211439,0.0201737443119249,-0.068809550806869,0.0032279318100905,-0.0208264280699553,-0.0508776856888715,-0.0443963649078413,0.0099720771912472,0.0107546325271818,0.0087152221893715,-0.0334389997862981,-0.0268989416914323,0.1565500231956029,-0.071961659151713,0.0984899728791439,-0.0062219109214998,0.0143854533689675,0.0714654822359888,0.0248173047467047,-0.0184740283004024,0.0293913775796988,-0.2026451992341071,0.0708036129466682,-0.1877444403329259,0.0023099888426716,0.0105215240974099,-0.0533683406252424,-0.0307300470375689,0.0820239746002178,-0.119882077166326,-0.0058603472129952,-0.1217668424090933,-0.0197205539824393,0.094127421974733,-0.0909090546419469,-0.0391728081710712,-0.0317913066574111,0.0447687842037711,0.055457703887966,0.0216135714431535,-0.0040815874227286,0.0078282728444607,-0.0487042303637176,0.0346452421102335,0.0362388611425428,-0.0170221398390976,-0.3471124623209255,0.1343083225901262,-0.032994849012303,0.0490590005724853,-0.0935965912377385,-0.0355973568716176,0.105694636985884,0.0164473125514847,0.0851659939301678,0.3525409486423856,0.281943340493396,0.1874998449473026,0.3568890504754864,-0.1187246355237063,0.0250056448150428,0.0787979264905376,-0.120736926599115,0.1505318814816783,-0.1034211205494184,0.0389304984165024,0.0272931425099378,0.1375134483225868,0.0436468975100103,0.2290612253048825,-0.4316979434850811,0.1190874413017502,-0.2017336428009598,0.1118319739457871,0.1238310586438433,0.2421477019959172,-0.0474305294905724,-0.069747087057132,-0.4165948005912601,0.2421477019959172,0.1189575974984447,0.0386841920972245,0.399518023107845,-0.0288071231799992,0.0281736745886924,-0.0322543204837558,0.1609897519098109,0.0005642363598048,stop,1753,4,37.76969847779833,-0.0253970904925187,0.0143954398543306,0.0259115478069439,-1.0,0.5668145277732177,1.0202565453147787,5.27774509601042,1723,0.4530263980693901,5,0.0779312504306016,0.0919569852677661,-0.1550410450699222,0.0,-2.5711032680061416,-2.118076869936764,1.1154028494086958,0.045872326094024,38.78457796341644,37.76969847779833,43.9484888065204,0.700003657310435,-0.0140195984983433,-0.0399371739514056,0.0181236501829272,-0.0961355714201417,0.1060601681935175,0.0014286530321239,1.0,0.0019549619827452,2023-08-30,17.0,17,-0.0854542611402838,-0.0057342076256519,True,False,False,0.5,1.0,0.0625,-0.0364383002444306,-0.78749563422834
WFC,Falling Wedge,bullish,1,0.6363539344127493,3,38,1959,1960,2024-07-02,2024,2,57.95646666966425,55.779007445657214,60.004165461269366,53.37751835019128,1.6142106850259357,0.0390372529688418,True,-0.0209836278350826,-0.0440020863969955,-0.0415986265083081,-0.069481309502034,-0.0157324590226733,0.0340686039130389,0.0154545705971937,0.0964538575539928,-0.070021812840645,0.0114129807204081,-0.0468935023041344,0.0061202122081069,-0.0290205272913712,0.0338506043541562,-0.0214576770927333,0.015631325106302,0.0172682702273467,0.0383332406908936,-0.0623991959899483,0.0372878652072015,0.0260940677203926,0.0250479614462699,-0.0210045502947554,-0.0014754878683423,-0.0165112243956745,-0.0365156085090393,-0.022409044351798,-0.0509065402087193,-0.0255857506517471,-3.766196480836648e-05,-0.1514331931471481,-0.0098605253010727,-0.0394467741725206,-0.0133481313894003,0.0402906597325758,-0.0171937941630473,-0.1094301018704489,-0.0078905089269237,0.0224740513583474,0.0059970295683333,-0.0090711380196002,-0.0593419065977689,-0.0149935754851204,0.053800903104995,-0.0091318987362729,0.0212261876182168,-0.0272131002089875,-0.0310766925448185,0.0449348879883149,0.0446839463003347,-0.0896653152405151,-0.0162214963873675,0.0177879332851131,-0.1489145395140123,-0.0189430769318924,-0.0308164442067967,0.1460585488044847,0.0915113496968176,0.1208995995277903,-0.0301664150209192,-0.0682533628817985,0.0115314875748564,-0.0161768458930569,0.137151923140506,-0.0293531378762309,0.0061300249811944,0.0425383762467819,-0.1289356371876795,-0.0315021905292838,-0.0572791045531445,-0.0747934783788336,0.0292564582604528,0.0335511944671749,-0.0041239267048801,0.0863390602597082,0.0271254555692261,-0.0889585626132468,0.0343877479136509,0.0490755115074834,0.0285340135866611,0.0423728750308525,0.1221374198156222,-0.0273669064736593,-0.0884164998538489,-0.0401668520688587,0.1134277476401393,0.4249964004199527,-0.1859761525276719,-0.0679603046445661,0.1876939212274295,0.0823931349187896,-0.0951951913396651,-0.0685118218557295,-0.1147407880283103,0.0074327554874664,0.1157838433061202,0.0170301725432573,-0.0703100141400064,0.0582473106274152,0.0363437475840011,0.1092684543431778,0.0990277282643605,0.0917118300446664,0.0271163577149473,-0.2529611365792926,0.0114680310250443,-0.0944558562460269,-0.0633143153499744,0.2494755379901825,0.0444041794434781,-0.052651997149135,0.0540932347418676,-0.009007145415589,0.2108514232274898,-0.0979895289289021,stop,1966,7,53.37751835019128,-0.079006685234483,0.0022950719614497,0.088524625187876,-1.0,0.0290490855886214,1.1204700580102154,0.4471984937888097,1919,0.383075339913574,7,0.1650657239686251,0.0404442041628299,0.2999680459857814,0.0,-1.0391118612499644,-0.6560365213363982,1.5417564355513105,0.0699197128026817,55.779007445657214,53.37751835019128,60.004165461269366,1.1815256229848237,0.2043787799159782,0.0247001552532477,0.0203964641005291,0.2545961956462019,0.7980779811466086,-0.0016504656327556,1.0,0.0435414103178153,2024-07-02,20.0,9,0.1651568679108297,0.1713613831158735,False,False,False,0.0,0.0,0.0,0.0063158449914394,-0.087808162800012
WST,Falling Wedge,bullish,1,0.603209064277603,3,24,1069,1070,2020-12-15,2020,1,264.1685814908146,259.2082993149764,298.9536946707585,254.15187537601628,0.9259172154280338,0.0191362783867146,True,0.0553192755612212,0.0580626031763905,0.0333443221234068,-0.0142385668180085,0.0443442349397846,-0.0474430286865081,0.026219290168802,-0.0085586478631843,0.0694298882259669,-0.0378325124797301,0.0067576417628063,0.1197323047241449,0.0026554153010973,0.0347288845424254,-0.0575498103413928,0.0205638692396146,0.0129987477799862,-0.0226448922808719,0.0083476602831313,-0.0161056548722037,-0.0186294646243725,-0.0431567845313599,0.0496711307315445,0.0442406085764068,0.0340853389835795,-0.0436047609317931,0.0532084236639986,0.031777465626819,0.0089702752454978,0.0592433158121736,0.0512031824307743,-0.024926398613171,0.034806806990677,0.0148202764554796,0.0447961757428967,0.0308817845952529,-0.0219402623322976,0.0386426909110402,-0.026210995563322,0.0403869614824579,0.0339792407327386,-0.0554875224198462,-0.0757181492922168,-0.0421370210019499,0.0645728473693414,0.0333773917311793,0.1142941737025,0.086569169569403,0.0504740845411688,0.0948020219469485,0.15087057258072,-0.0393342927224517,0.1339712699839779,0.0544013412411035,0.0183354009038207,0.0661481238908219,0.0283145642084878,0.1263775732883612,0.0782920402585209,-0.023881068961868,0.0049956178125021,0.0380904059022737,-0.1130897268838188,0.1409086737881359,0.2148667998768114,-0.1371936297577197,-0.0061996046203079,-0.0777470804910703,0.0741240193631791,0.0973480875710881,0.0311165898819776,0.0871784119715273,0.048708021017557,0.0961829445271693,-0.0790458167702398,0.100419645490891,0.0528072200121927,0.0672147736852941,-0.0003280722484085,0.0110139102679747,-0.1011361216188011,0.0515930169098806,-0.0757871954760767,0.3763245997748778,-0.0154166616165029,0.0030816912705518,-0.2598448298524201,0.0532558791596735,0.0214793249600084,0.0677172071290279,-0.1209942687083071,0.0781269035767946,0.030202816932406,-0.0462663058304635,0.0839584111926794,-0.1914751241412913,0.0877053510947825,-0.0237121709568219,0.1364876761354172,-0.160979203053097,0.386950342391952,0.069393310263597,-0.0680217755899849,-0.1105940306870318,0.1089022939463448,0.1115364414302171,0.1389393968428003,-0.0998772187911307,-0.1083633809390817,-0.0898665157358337,-0.2035621686827249,0.055711563949258,0.0195486002553,0.1640031636490868,0.0148685688036841,target,1084,15,298.9536946707585,0.1316777074080382,0.1379811621299282,0.0152192881849679,3.472709769187873,3.638949516395113,0.4013752350369172,3.472709769187873,1044,0.7629261660204991,6,0.0741242258397514,-0.0156393809826617,0.3384824613173898,0.0,-1.208458201713683,-0.4455320356931789,0.2015142585134886,0.1067737647382779,259.2082993149764,254.15187537601628,298.9536946707585,6.245399419913833,0.1360994830794304,-0.0496359886320759,0.0237213543965673,0.2662435295063903,0.625364588959704,0.0025294097217196,1.0,0.019361674488163,2020-12-15,56.0,13,0.1866471688843471,0.1352714051632761,False,False,False,0.0,2.0,0.1666666666666666,-0.0789304054452819,-1.8609390722411232
WST,Falling Wedge,bullish,1,0.7738345494512595,3,19,1110,1111,2021-02-16,2021,1,290.01294017553914,288.8012710825344,311.6807578657201,282.1588922863221,0.4871219077577664,0.0041955116349139,True,-0.0674848262927049,-0.0600057352245908,-0.0277836134816585,-0.0180857087093312,-0.0358027793672812,0.0006011462712827,-0.0119357187272483,-0.0072785057537143,0.0112161584096031,0.0783814154218573,0.0121545516201613,-0.0186036730092444,0.106956798747823,0.0179084213474811,0.0232261898476737,-0.0106738427255462,0.0282310241067145,-0.008179582958526,-0.0274570784742511,0.0203241576697625,0.0104131673106493,0.048529709536965,-0.0770919381468635,-0.0545317446921973,-0.0445937124793223,0.0219417830640293,-0.0150929613209143,0.0056850017918905,-0.0500310186181293,0.0672951028885133,-0.0178057156094041,-0.0311230598548227,-0.0156657014178126,0.0183232475278765,-0.0267095269554819,-0.138574194253599,0.0481055617030543,0.0585969249136433,-0.0307487522464089,0.0350296253022279,0.0116293409593066,-0.0114021268077377,0.0031894309948381,0.0369839428936444,-0.0101743350906895,-0.0525043731853985,-0.0678925860815019,-0.0819544423844748,0.0012062783933721,0.0474888240073372,0.106281388744654,0.032893164170406,-0.0720665358924258,0.0518339116882309,-0.1316051980064524,0.0426127215076226,0.1503167081384828,0.0429616894810893,0.1444697748574366,-0.0034767155893029,-0.021535302189233,-0.0541054097388303,-0.0174461288875433,-0.0183180453636918,-0.0245011703058687,-0.0036324707386092,-0.0099943875708053,-0.0690024806477788,-0.0776116168844064,0.0201265997707174,-0.0371903967682987,-0.1039540663880684,0.0745163760292864,0.1054140390881626,0.0548800605693995,0.0003592461653305,-0.0667365452496698,0.189200857046297,0.0150921276957085,0.0320683881956795,0.0315637557353325,0.0778360679474168,0.0193973471400801,-0.0594624655362723,-0.0931964808817332,0.0884306948724629,0.3258332491562328,0.1093403693764132,0.1717030906977892,0.1299514614284067,0.0792382887344227,-0.0389471933204164,0.10482888335128,0.0630333529954947,0.1637152311681786,-0.1083633809390817,-0.0725102662395353,-0.2299982539972295,-0.1513755573522319,0.1293915827890579,0.2350095036972146,0.2663666385321899,0.1352214983226081,0.0346783196675597,0.0628796729364382,0.1444535537193676,-0.0898749501507564,-0.1071413521051916,-0.0706571847431182,-0.0217435464329214,0.1311159042226046,-0.0911862082507292,-0.1766168649209596,-0.0626655804185416,0.0987939453760339,stop,1113,3,282.1588922863221,-0.0270817153347128,0.0310400212057212,0.0503501104649697,-1.0,1.1461615640695686,1.8591920726835205,2.7588089601451378,1090,0.624849439398258,7,0.0723463181604343,0.1187878431596278,0.2215737043050862,0.0,-0.9296195613993308,-0.3047701220010669,0.4319238934852987,0.0746368456954634,288.8012710825344,282.1588922863221,311.6807578657201,7.194755183022473,0.1255392892545224,0.02941605043081,0.0246850301736219,0.0861668743893562,0.7318387179268664,-0.0020412280292526,1.0,0.0441841728179495,2021-02-16,40.0,15,0.0790014049362017,0.0717593095454034,False,False,False,0.2142857142857142,1.0,0.0714285714285714,-0.0090081292810641,-0.6417173443480038
WST,Falling Wedge,bullish,1,0.603709940047387,3,27,2040,2041,2024-10-25,2024,1,307.80370764626286,288.4588058022746,320.37430183788365,277.7577477805536,3.55801429071918,0.067062961694601,True,0.0218907057752393,0.0416990815176426,0.0061058740759474,-0.0156852763648006,0.0465854680086235,0.0027092702915119,0.0018119245669545,-0.0472137189076884,-0.0267784767391635,-0.0529794265337838,0.0169005941130107,0.0110406698018357,0.0482629067247861,0.0225783836306727,0.0059241973644732,0.0525341174367874,0.0157876943479187,-0.0097539410684448,-0.0299992722870563,-0.0381779398283457,0.0383019201836538,0.0225035508977857,0.0183677797895054,0.0464292001570596,0.0196345809946103,0.0002563982777121,0.0585352640859861,-0.0428851501221222,-0.0200870745697128,0.1112242676063928,-0.0010142874294244,0.0829804651566421,0.0715034360655468,-0.0473030229568385,0.0396979037147977,-0.0562840977449138,0.0118943162396787,0.0856781150564076,0.0345471077582575,0.0114532531271909,-0.0074620325233564,-0.0520519562722174,0.0386964508633216,0.0304963254654884,-0.0187301552063989,0.0298719238274377,0.0228368582770199,0.0006424393017392,0.0223740803973999,-0.0607311154049102,0.030518961541156,0.0563124429625789,-0.0224420454384609,-0.0074050995809787,0.1311460235744965,-0.0742635448048129,0.1309011197579181,-0.0056112956821503,-0.0492057747896598,0.0281513437297171,0.0079228495268941,0.00143372683581,-0.0945410380072203,-0.1259641180754734,0.0872557933108393,0.0627730521213663,-0.0877469280415258,0.0012381397157326,0.0212310295945841,0.0647726413143945,0.0405502851642147,0.2353435453707792,-0.0170927965017555,0.0479048112470266,0.045861722989307,0.0478272946113527,-0.3767686246861942,0.028895087118852,-0.0307838865937022,0.063401267338977,0.2880525161013945,-0.0106680346112442,-0.0758586121241838,-0.2777614605802428,-0.242024947761844,-0.2791944704671316,0.1168540235702217,0.0139596173335025,0.1206664493744622,0.2052876958060516,-0.0172324944674628,0.0704392061609862,0.1146238630117459,0.0675294505259735,0.1389729944347288,0.0229086036252648,0.2808436856476881,0.2044194544351765,0.0844826416066688,-0.1239946943673723,0.2244663555005601,-0.0073749706907494,0.027039375248784,0.0563887384343027,0.2107863197162773,0.0450942242338912,0.2962956580566751,0.198337109918355,0.1404089575448663,0.0578376042846608,-0.1653053043711488,0.1498351926047072,-0.0953058725351826,0.3796087310342748,0.0083366227936245,target,2047,7,320.37430183788365,0.0408396451353578,0.0713548732412599,0.0158207215458219,0.4183788518591246,0.7309899447531074,0.1620742612720036,0.4183788518591246,2012,0.6010832406715484,5,0.1125127112760226,0.0182406534828565,0.6014647650418756,0.0,-0.968830877506594,-0.367747636835042,0.540428784691206,0.1037382794536831,288.4588058022746,277.7577477805536,320.37430183788365,11.946343963950564,-0.0883544410387341,0.0255426740899622,0.0390384437001197,-0.1451162390995339,0.0893791541191995,-0.0080144338886303,1.0,0.0132466204392156,2024-10-25,5.0,11,0.0065375278903363,-0.0127675915743407,False,False,False,0.5,1.0,0.1,0.0055035743372822,0.4634464567977732
WST,Falling Wedge,bullish,1,0.6814846043014047,13,103,2394,2395,2026-03-27,2026,3,246.3932439496184,242.56038517843515,323.55075094535255,218.7866930667169,1.1525901779573342,0.0158016683901771,True,0.0409743387359236,0.0115731280717172,0.0197708490760564,0.0212399191751975,0.0059146813002675,0.013303245014131,-0.0111401808647019,0.0021115357512115,-0.0133502187889463,0.0033696035206025,0.0270874071133848,0.0108519283673906,0.0177742987465878,-0.3331158438546929,-0.0229027265870681,0.0162979771867965,-0.0249308902809468,-0.082638809076351,-0.0175145680379366,-0.0167479172306436,-0.0016804173180372,-0.0008550914699134,0.0603320996488041,0.0535785431797253,-0.0182684579054517,-0.0380244207053838,0.1228886217622517,-0.1014355300050559,-0.0325114279998386,0.001840072717322,0.0061162085569805,0.0308530013916801,-0.0658850017190687,0.0213122392316513,0.0536752416129011,0.0722135528328491,-0.0537027798314951,-0.0554401598621614,-0.0632597831523961,-0.1565599471211711,0.0475507101399637,-0.0110921391401989,-0.0104826806362879,0.0486209668005632,0.0079257692925187,0.0623484174714441,0.224770997105633,0.1075099283966107,0.0829283050754514,0.1337415741861016,-0.0492985690952152,-0.1382172940466394,0.0200084893219392,0.0534632481000603,0.1239895692882975,0.0107553915066322,0.1112321809078398,0.0420768604695311,-0.1000756480695498,-0.1670973212148329,-0.0946934071204481,0.0604265319454426,0.0621702640132024,0.0443068835071809,-0.0023817795573498,0.0367364607694542,-0.1409176445075473,-0.0573315263744133,0.2231798686503762,0.2823550596682842,0.1097596636930107,0.0686351592182199,0.3026425420227396,-0.0213439233470494,0.116493740333212,0.060127651948423,-0.0981344281644888,-0.0909710670540677,-0.0177790844620612,0.0798933435733826,0.0860427831018479,0.0300215781951653,-0.1767728599940041,0.0986694801999592,0.0653509149607323,-0.0094342233980019,-0.015002059665118,0.0641065146042214,0.0097806194307197,-0.0583829074491437,-0.0728108834985362,0.2612984151404766,0.3806700589881575,0.2322284093223816,0.0712730132655503,-0.3121526254209519,0.1769669345372069,0.276869692243803,-0.0006361408436349,0.165578415482724,0.1192320158442441,-0.4192584458997822,-0.2445320198726355,0.2276217524673427,-0.0280182913977122,0.0281464521160506,0.0301180793003676,0.0819239021394093,0.2190692332987616,-0.4192584458997822,0.335737857918041,-0.0879750571613778,0.392965637282844,-0.1166856345799896,0.3558207427471336,target,2423,29,323.55075094535255,0.3131478191484464,0.3321208955038643,0.0266677554688091,2.7948984761990934,2.964236465966249,0.2380143324200903,2.7948984761990934,2288,0.5799514743056917,6,0.1302551202946173,0.3727304110152616,0.4262429612034364,0.0,-1.100238923994295,-0.5202874496886017,0.556876154923434,0.2169965794721348,242.56038517843515,218.7866930667169,323.55075094535255,7.764073839793105,-0.0370448787475063,-0.0022329651751238,0.0319498698816409,-0.0421011762788231,0.0254782950972641,-0.0027406010870962,0.0,-0.0731326645167863,2026-03-27,59.0,8,-0.3245756401000181,-0.2758767370612015,True,False,True,1.0,0.0,0.0,0.052898433060224,0.4735908101950274
WELL,Falling Wedge,bullish,1,0.6513387591664767,8,75,827,828,2019-12-31,2019,0,67.81261354299906,67.26807064635256,81.16149634700031,63.22887197163432,1.3114320590644972,0.0080951169167511,True,0.0021926623996604,-0.0006201215699714,-0.02043415280982,0.0048495216783341,-0.041532312706384,-0.0219671690731954,-0.0593991352608574,-0.0212841887923244,0.0078211704140362,0.0093178487742222,0.0339730866496521,0.0122826615668936,-0.0102806219638195,-0.0191295361817259,0.0248782016678623,0.0047286697551707,0.0160204534923733,0.0057872066706896,-0.0018816721452306,-0.040572518876296,-0.0073275809859907,0.0280867909457434,0.0069958262586937,0.0348400596728661,0.0204678412592467,0.0114622207660768,0.0400915410255235,0.0194145883462562,-0.0513928341549677,0.0348400596728661,0.043237656490644,-0.0113478539013621,0.0371001615587756,-0.0368103764314309,-0.009022454803105,0.0098756327893725,-0.0222395296355722,0.019144652435755,-0.020228135439674,-0.0591525409977872,0.007435980730607,0.0164005855811557,0.0506469384807788,-0.0153518571999035,-0.026083637159568,0.0329390197651441,0.0403214013015411,0.0275256998810746,0.0997095847777638,-0.0401676527760589,0.1395347210249296,0.1396919879121361,0.009955009220945,0.1394073906686932,0.0417257586610313,-0.0241427259358989,0.0202610820802386,-0.0314584204248273,-0.0013338784570552,0.0090655058510535,0.0445366883607303,-0.0741849929902284,0.0149999615223972,0.0386491419689527,0.0519350648092555,0.0088167080972267,0.0593308746576315,0.0012849828975953,0.0079405617052155,-0.0794624518157866,0.0048545691823479,0.0996472996223043,0.017259101166843,0.0896617899147156,0.1878172826123729,-0.2009632941918442,0.1315772175988427,0.0706363350452756,0.1939326436102406,0.0632242655147008,0.1007931445885892,-0.040115688728567,0.034565829933352,-0.0339744577725991,-0.0987780814933565,0.1178727362949509,0.0863355698165291,0.0521438497931736,0.1747190768896533,0.0529392407797904,0.0346028757555489,-0.1361572886533124,-0.3885230392457122,-0.1764015057167527,0.1530878439517811,0.0491310182351176,0.0033817741635076,0.0087847491753263,0.1068771268197072,0.0195866689751988,0.0878769152228928,0.1521346111310373,0.0860824755878573,-0.0304532832780775,0.1160423304925741,0.1599681011559399,0.0290423737140042,0.2131482904161763,0.0924270086501548,-0.0411088608632693,0.1652189817882456,0.1518038223772766,0.1064790702202349,0.0976912179442177,-0.4748831510397074,stop,866,39,63.22887197163432,-0.0675942325753047,0.0962358662628588,0.0702349414368554,-1.0,1.4237289572841192,1.039067073638402,2.9122241287322006,752,0.5690570375788369,5,0.0854379807158134,0.0483773111466911,0.1139260807008861,0.0,-1.1153966378889848,-0.5463396003101483,0.5698484938068653,0.159193932130684,67.26807064635256,63.22887197163432,81.16149634700031,1.1688972343080322,-0.0051460086688011,-0.0236458421249776,0.0173025084672147,-0.0082955923267954,0.987176728354005,0.0006168374857824,1.0,0.0378717598790767,2019-12-31,6.0,16,0.0386793166813217,0.0232538621633828,False,False,True,0.1333333333333333,3.0,0.2,-0.0193579251715965,-0.5798751869915888
WELL,Falling Wedge,bullish,1,0.7882014509113401,3,29,965,966,2020-07-20,2020,1,42.34321333362672,42.82213682636797,54.1989162826207,39.3770759892896,0.7607142732995686,-0.0111840166847149,True,0.0204041702468602,0.0302988031056619,0.0065798562660526,-0.0083517432201805,0.0273159642767395,0.0045005677668419,-0.0948723595397388,-0.0025803858618791,-0.0083412208641003,0.0124681329348059,0.0419415198147095,0.0312655109433479,0.0117712526224313,0.0219640938598708,0.0023220780555732,0.0559621210354268,-0.0038378896149021,-0.0025135509005326,0.0291316747423879,0.007305837378992,0.0039919319560659,0.0238383581889789,0.0124110827548156,0.0576117631561654,0.0504435719553375,0.0371378746945225,-0.014351881788349,0.0078532258350008,-0.05324574423746,0.1178175381992649,0.016965789197828,-0.0417967915693112,0.0105701311644803,0.0749341955408113,0.0108708527315108,0.0463171971568112,0.0351351115130333,0.0398803342587945,0.0038235483355253,-0.0053678601903212,0.0199294972536023,-0.0353469446081037,0.0202651004499216,0.0114222575141107,0.0067363665108912,0.0421342732580372,0.1319916337209161,0.0968866311675431,0.0147787568387518,-0.1582406229536205,0.0712171455553374,0.0036299545683684,0.1585353277439001,0.0445934575508011,-0.0001122336999865,0.0494105973544487,-0.0807144532675555,-0.015906133177062,-0.0126594510645526,-0.0780644688316538,0.0206654786140769,0.1102938843009855,0.0136334710106433,0.0426524827692271,0.0139344865215711,-0.0310118759449983,-0.0009810430180171,-0.000422641844549,0.1237300277696103,0.2276390348436496,0.1856113706513109,0.0413641977375456,0.0965103291354847,0.189459422758369,0.0369686146767536,0.1677306989635427,0.2059796272722369,0.0831109307877726,0.1894554758376629,0.1107314912668606,-0.0303343315765121,-0.0343622998637316,0.0666744988998004,0.0827222490585772,-0.0212668213963569,0.0683625728951415,0.0323300917234461,0.1075298918048495,-0.0857921642570137,0.0333994924517857,0.0489126929798224,0.1581647017858478,0.0972113338849522,0.0203803324258715,-0.0709984570129851,0.0811319013710984,0.0961027677351904,-0.0379805255353892,-0.1505076671989748,-0.03654815560273,-0.0787070013800166,0.125303738958425,-0.0822526903642112,-0.0903618909065991,0.125664670053105,0.0719077370527565,0.0368925334525194,0.0957921722804322,0.0441266347111621,0.083236710189271,-0.0617955998131749,0.0531496667549948,0.0843740814459077,-0.1751522779984226,0.0915424164753343,time,1025,60,46.45945358276367,0.0972113338849522,0.2496802273684419,0.0218045444868093,1.3877443190537249,3.564320159629376,0.3112716545679235,3.997017525715247,935,0.6502161617798536,7,0.112929179697458,0.2747343209025121,-0.4509314316986348,0.0,-0.9273589803308144,-0.2771428185509613,0.4318845600670329,0.2189050199017988,42.82213682636797,39.3770759892896,54.1989162826207,1.5791134912813358,-0.2617045257761822,-0.0291408472385255,0.03781513420287,-0.4148544230809732,0.1129026965388832,-0.0100021478137701,1.0,0.0508037748352478,2020-07-20,4.0,16,-0.1860592117997309,-0.0960111985506336,True,False,False,0.8,2.0,0.1333333333333333,-0.0056054299366309,0.2047515127086087
WELL,Falling Wedge,bullish,1,0.7415381732516834,5,56,1102,1103,2021-02-03,2021,2,54.15283689587307,53.4633018847868,62.5272691940248,51.49212894870676,0.9908066422638386,0.0128973517679886,True,0.0380496452655239,0.0194580203129064,0.1190783886262922,0.0576444730692951,0.0402369894493095,0.036260973453708,0.0066807299095619,0.0204041702468602,0.0074159599986534,-0.0339976594488911,0.0302400830299058,0.0088038887057488,-0.0162284826002853,-0.0135099260453879,-0.0113116389708756,-0.0201111824778491,-0.0056431094066877,0.0485113599080313,0.0126637274734886,0.0358419952191604,0.0338492871774296,-0.0186815349687753,0.0211422206480892,0.0898483365683748,0.0695851700398373,0.1063932662365108,-0.0251180242224342,-0.1039764607125235,0.0227662471013154,-0.0135387440218317,-0.0025929071095821,-0.2533087772715026,-0.0112728621551093,0.0425027127803854,0.0032222244138717,-0.0191893547847457,0.0127517344727483,0.1851294578988442,0.0232149649233064,-0.0161393475654875,-0.0148278905686335,0.0082063185861784,0.0098756327893725,-0.001850468838464,-0.0071700167024904,0.0925944513058884,0.1248537293707741,0.1412002155328978,0.1194448546527746,0.0120101791661062,-0.0602550713895591,0.1032309518219405,0.1344788375659642,0.0565445464798208,0.0229350831614689,0.0196895239773382,4.943988019956436e-05,0.019434402709723,0.0124704973923788,0.0141001023738629,-0.0047147143010877,0.105558758093845,0.0886747642128753,0.1128333046046876,0.1486804050724806,0.024309490012786,0.0450926607329178,-0.0324546477074648,0.0777480609451211,0.1816367677530372,0.1321225247696096,0.1568561979118221,0.000207448978287,0.0712518548312213,0.0758850071588448,0.1429447174967038,0.0278884765316935,-0.0451166499757872,0.0027454375629776,0.1570247897482475,0.1353564254442998,0.0417155547173722,0.1220586829069234,0.2458073312521256,0.0106088356565123,-0.4539995428726412,-0.0218237974205006,0.0535035259488794,0.0815697583725221,0.0140394545866158,-0.0210761967490762,0.1417644021486851,0.2103512336375781,0.1171127517005237,-0.1502541176901317,0.1746383571102012,0.3018781974058588,0.0921468972310319,0.1462567896495981,0.0810369245544813,0.1483619841200063,0.1064995323407329,0.0708484712043344,0.1795672623330364,0.0600908209162454,0.0898116424973827,0.0052481771307011,0.0090958484750611,0.0674449568327792,0.1101185460812996,-0.1681520856652799,0.172801297166218,0.0654673489107617,-0.07950266332055,0.1361810242733896,target,1116,14,62.5272691940248,0.1546443875923688,0.1890574100253927,0.0071942568893402,3.14744514033214,3.84784624707303,0.1464232180500568,3.14744514033214,1044,0.7112005519834949,6,0.0810630359806586,0.1703560884898052,-0.1826436088192566,0.0,-1.081639788899981,-0.370439236916486,0.3307478021340679,0.137424532879302,53.4633018847868,51.49212894870676,62.5272691940248,1.90712980129037,0.1170143825778107,-0.0189478690313147,0.0354784480336129,0.1908831152806991,0.8778277965539971,-0.01479784642878,1.0,0.0283304761079519,2021-02-03,4.0,11,0.1645547376815113,0.1268105741971177,False,False,False,0.0,0.0,0.0,-0.0724874120841406,-0.8497111821632457
WELL,Falling Wedge,bullish,1,0.7075213532260431,3,26,1580,1581,2022-12-27,2022,0,60.88519619687267,60.23295257534471,69.8700673279701,57.24940229415285,0.4674319823981813,0.0108286841942883,True,0.0419246395653951,0.0355520637357595,-0.0099190529238463,-0.0053452369756402,0.0590008825607857,0.0559768782852236,-0.0006469761421766,-0.0060962852611263,0.0155998565281181,-0.0313336665111035,0.0002834656397192,-0.0042463696097847,0.0172176874004905,-0.1222459683220071,0.0107341297144762,0.0376938833579902,0.0019104561048157,0.0027363107317259,-0.040572518876296,0.0203890066947578,0.0273834977052693,-0.0010883157510633,0.0405530563478787,0.0871800170619585,0.0499680121561976,-0.0407845136725451,0.0408706213616187,0.0105701311644803,0.1196216403937153,-0.0133875997097067,-0.0172720651368286,-0.0087871982486991,-0.0076960209322491,0.0231585754852201,0.0553320650377511,0.054205033986008,0.0644875766029691,-0.0313482485757601,-0.005765745904678,0.0749609187985864,-0.1048015700022466,0.0620965887575422,0.0333925586170764,-0.0276585482747243,-0.0148611938493234,0.0738633667670482,0.1227485319649623,0.0613317261665073,0.1429908672145257,-0.0295486892733141,-0.0241427259358989,-0.1014723242478814,-0.0100487324193958,0.0622931666888515,0.0096165560840728,-0.0653780759105436,-0.0426476818519774,0.1062198286668871,-0.0060653840340153,0.1501319874377475,0.1081099011383797,0.0567467541399175,0.101343709295034,0.0708166909044805,0.0407742922978937,-0.0068118148188278,-0.0044169674457067,0.0217782595670676,0.0937340510900975,0.1331919408515398,0.0937246478035973,0.1378665600481712,0.0587993617762401,0.1180475864986332,0.0165740406345407,0.0382636475836295,0.1603942861077218,0.1632951904306907,-0.0489708471098839,-0.0347422014453149,0.0932276992368754,0.1196292380962871,0.0069316445571834,0.1282347984361957,0.1240365118957507,-0.0524889579910908,0.0341527979447067,-0.4401248403148493,0.0190764929106137,-0.0503077028578805,0.0708223973351533,0.1000560556628711,0.0297306170164393,-0.0120453625940335,0.0257991675837956,0.0681396862246872,0.06874193329179,0.0878075553935906,0.0546861595789704,0.1023615577118175,0.1404607434203455,0.2292618283173277,-0.1618644943707279,0.0436367871163849,-0.0018670590950052,0.1817608222967619,0.2313357338003743,-0.1823609545751017,0.1005830346623961,-0.1660156669356559,0.0061419135577007,0.0077139613887344,0.1104327836969785,0.2061511004826701,-0.0279147126609524,target,1605,25,69.8700673279701,0.1475707017851235,0.1611924027996523,0.0217951028917449,2.471226744831749,2.6993364674935063,0.3649819410011745,2.471226744831749,1554,0.5749143511970751,5,0.0096736360435557,0.1096451282107771,0.350631824679642,0.0,-0.8761260551969929,-0.3012117039999076,0.4717911361787908,0.1513792320673389,60.23295257534471,57.24940229415285,69.8700673279701,1.86542927567609,-0.146860629723681,0.017537159992135,0.030698878458102,-0.1910104770135047,0.715279507054569,-0.0001537527015467,0.0,-0.0322259972693649,2022-12-27,62.0,6,-0.0611455929869239,-0.0620273969047509,False,False,False,0.4,0.0,0.0,-0.0207026344213465,-0.2390478495357382
WSM,Falling Wedge,bullish,1,0.6170772663743018,3,47,578,579,2019-01-04,2019,0,21.50222319507411,21.426791886925912,30.89705848724985,18.3845767026899,0.6613291966872644,0.0035204200678413,True,0.0436761986279268,0.0187840990557717,-0.0426903362587246,-0.0020053487088445,-0.0820977900426753,-0.0154451168842197,0.2412523045760948,0.0259026755664562,-0.0045327886181479,0.0590192076500724,0.0191425793141262,0.0680427315814353,-0.1486205587869159,0.0209069809362623,0.1169795771714339,-0.0442714760351239,-0.0103368225359408,0.0485238628444792,0.0420730655154906,-0.0434037140952385,-0.057377092537753,0.1027032036604431,0.0289879414122913,0.065019884214323,0.0105263189419679,-0.0575102853582177,-0.0362272401204759,0.0257905182327551,0.0567059743659987,0.1853817601478524,0.1057478773679987,0.0495994211548296,-0.037689324125991,-0.0140156138704278,-0.014782137257684,0.0090401978001992,0.1080838420879295,0.0775416244784614,-0.0879601942574325,0.0015301754624772,-0.0536662634569161,-0.0312617947132985,-0.0032388715983051,0.0188317141402403,0.105045515039696,0.0446725394383385,0.0965053575548653,0.0202460265474453,-0.3312362169785156,0.0178315125834511,0.0248376697114427,0.0959780423777065,-0.0870563747287436,0.0744422314918304,0.0212241880181314,0.1277756332862909,0.0941444433261569,0.1537755242623053,0.0715699905350595,0.0427855773058614,0.3384616745730566,0.0037219881452619,0.0068652926640113,0.1704858520401646,0.2520919381186475,0.082264448560942,0.0232646780056613,0.0076043987961007,0.0369637329501241,0.1624712416108167,0.0582726673979974,0.0957308698596204,0.2489196405487261,-0.1382648705060108,0.1094131230398114,0.1345221962580713,-0.0331306166665238,-0.0145183301690133,0.0513822236980021,0.177387542454166,0.0721521785988801,0.148069476802638,-0.0650776054817695,-0.0867187379695626,0.2828152841102518,-0.1595999597845493,0.1569861601673559,0.2462939669872814,0.1404000106566207,0.0074706036445379,0.0884630169661031,0.0893364329500848,0.1487199701993922,0.0120327595027136,0.0278914004992503,-0.1239102626022217,0.2243915320886587,0.6281971970160074,0.3344083454902908,-0.0312367597248328,0.1946807718497221,0.1833590992439913,0.978782252612576,0.442730467413325,-0.1286902113263702,0.0816030116896775,0.0554426218945831,-0.0844874089014099,-0.098140233507141,0.106612396571363,0.0227262317396239,-0.0370152542909559,0.1769663092606608,-0.0759898780295823,0.0048038887500314,time,638,60,24.70003318786621,0.1487199701993922,0.1951550913173841,0.0007905234669532,1.0257128255572645,1.345973105485856,0.0054521935276801,3.0134382827320074,531,0.5009130507251611,5,0.00603303344396,-0.1592018763921059,-0.3104246456034356,0.0,-1.0900021948518743,-0.5890891441267131,0.6990250674346891,0.3059713580199099,21.426791886925912,18.3845767026899,30.89705848724985,0.8529255324768921,-0.1150042055092942,-0.0864023931152776,0.0396982276957774,-0.1645109894996173,0.3376624341717406,0.0140449855094546,0.0,-0.0606331547931442,2019-01-04,35.0,14,0.0143963023246331,-0.0122402644865078,False,False,False,0.2307692307692307,1.0,0.0769230769230769,-0.0448796248085527,-0.4591334292583362
WSM,Falling Wedge,bullish,1,0.7499671897196262,5,47,1201,1202,2021-06-25,2021,0,72.0772470077401,71.59206720390284,94.18247488610518,69.12286408620193,1.3748742858365608,0.0067770050898992,True,0.0160347334344097,0.0007011636973102,0.1542833362506053,-0.1072559325078547,0.0215639285216255,0.0744944439356622,0.0336502626236971,-0.0126540994130026,-0.066907971219865,0.0181302920317534,0.0715152098552698,-0.0444649733882884,-0.0211463669385818,0.1030131619707548,-0.0048304790258829,-0.010165990488868,-0.0625834452423153,0.0241226863083001,-0.0415828635577382,0.0189843203968473,0.0342963307626513,0.0131633262619856,0.0062534745775719,0.0415015623528325,0.0183025232252684,0.2479611273537945,-0.0013484205392527,-0.043694770033658,-0.0428703115272278,-0.1604398105958014,0.304348091671583,-0.0050235530662378,-0.0511157262996051,-0.0346351776253913,0.0051211609058094,-0.017839762732201,-0.027360402468309,0.0067699084795083,-0.010701395576848,-0.0089939981861709,-0.0755610268812142,-0.0241987962565449,-0.0448756493488192,-0.0530167970488776,-0.0189512909049816,0.0443228923868548,-0.0132520192640404,-0.0456747544642766,0.0613872565155093,-0.1626614692197105,-0.0206603472022287,-0.0437387239088554,-0.0456130813669778,0.0256647847094912,0.055340720756315,0.1281053165963881,-0.0132520192640404,0.4067947785091446,0.1414887264680073,-0.1053406177037663,0.0069641514449894,-0.0232825504388255,0.0323354597309157,0.0333210165180521,-0.0145295558149463,0.1303977860483265,-0.0337352037931734,0.203274458280696,-0.0513650636073059,0.0231658646985535,-0.0238646294262121,0.1460307113171781,-0.0994601252640111,0.2865706116684257,0.0287203949755456,-0.1511932595032837,0.5682803000122705,-0.0715682567389185,0.0068404549548435,0.3085947994469096,0.0455567243131644,0.03745919260976,-0.236218710415723,0.1240899028184292,0.0893009866781815,0.1635665650125597,-0.0529029150533091,-0.0844976162476348,0.3684224590922118,0.0618558435547826,-0.0868583664902401,-0.0494636201385035,0.1659327638705947,0.1475578028645232,0.2859918986567664,-0.0516872531929403,-0.0815496368680881,-0.0656728573919558,-0.0071961659400815,-0.0178786552243046,0.1631253205311844,-0.1884157421794098,-0.1239959488694323,0.0936495928131264,0.1875909273615565,0.0330559762193358,0.0444399237680217,0.1393150193241812,-0.115533938853293,-0.1155223232865825,-0.0456304468625715,0.3447643209088229,-0.0630752126915926,-0.1083083316922195,0.1505594405440685,stop,1216,15,69.12286408620193,-0.0409891199260274,0.0468464078921095,0.050430752613507,-1.0,1.1428986027670898,1.2303448501582532,7.482181039300154,1154,0.7779978742085188,7,0.1128165664902991,0.3204897864825951,0.2413330277932366,0.0232558139534883,-1.057784047578992,-0.2797861733704724,0.148611134941338,0.2511021443551137,71.59206720390284,69.12286408620193,94.18247488610518,1.9838525370491769,0.2131010587621566,-0.0569354241727346,0.0274859516448664,0.488513572623021,0.2500015894511346,0.0062537407971783,1.0,0.0207868512737383,2021-06-25,28.0,8,0.2143282688500263,0.1514065485489883,False,True,False,0.0,1.0,0.1428571428571428,-0.1112513414489925,-1.4949921975493834
WSM,Falling Wedge,bullish,1,0.7173991759385235,3,28,1327,1328,2021-12-23,2021,2,77.15592473666632,76.32326697721851,112.24199039664336,72.2436847966261,0.9044580728318556,0.0109096189461641,True,0.0010059973954648,-0.0051372939683689,0.0236440393365062,0.0345240894671938,-0.0411731603812854,0.085904034167292,0.0650164467818397,0.145083590767818,0.0201796040557848,-0.0511685461233683,0.0385187481846296,-0.0699021930691971,0.0117081588594616,0.0255844601598327,0.0363293957955812,0.011895715321996,0.0948936326242499,-0.0159539709547774,-0.0421463902935096,0.0155831286305028,-0.0248943307879093,-0.0521048917874236,-0.014570080642296,-0.1071263090240097,-0.0944794910283512,0.0026599669796851,-0.014782137257684,-0.0660528292500773,-0.0721472459574633,0.0171214234655838,-0.1249672287679076,-0.1733748042460051,-0.0001910086585629,0.05528447935608,-0.0614817452071592,-0.0776654952975022,0.0351509487366183,-0.1015360250019468,-0.0102222642273793,0.0137026569198803,0.0920788872435063,-0.0778810147800074,0.0276260163783923,-0.1254125795604761,0.1272932152101442,-0.0803864698278957,-0.0786144400178542,-0.0103604218448455,-0.3052602675909286,0.023283108522365,-0.0612895681904038,-0.0736861692586009,0.3921889700022738,-0.1280406174941216,0.0122678120181132,-0.0602763793484096,0.0561855662382528,-0.033371911300555,-0.0103256225285134,0.016908826045082,-0.0142235157914967,0.1389581297788726,-0.0124620474410382,0.0715699905350595,0.1360189425170579,0.0083154085679231,-0.0860589420375584,0.1953925451933891,-0.0919191529396923,-0.209807799507106,-0.1197979372260568,-0.0032429070399934,-0.0373057209236494,0.1777753095385423,0.1389468915691396,0.0959553114961624,0.2052464454828981,0.4422748397161591,0.0113926091208773,-0.0401836888659981,0.3860730534245975,0.2747241232372825,0.1717154754237766,-0.0338518539320777,0.0005334472995697,0.0497550778324666,0.1512267268643343,-0.1559265210794072,0.1020237312246132,-0.098291404463516,-0.0928559393085713,-0.2971070498379664,-0.0623193442376558,-0.017678181148797,0.19963549799598,-0.0587368227013062,0.16174008815103,0.0455394084442415,0.0663426233515092,-0.0899777995714112,-0.0060815060447202,0.0048874324050822,0.3352059025043397,-0.0777617167171634,0.3873514680074934,-0.2350588682792324,-0.1090367774036598,0.122732812224487,0.2038373356291372,0.0956380414727837,0.3873623714631113,-0.1390426361214657,-0.0721034719359708,-0.0241697763136274,-0.1222345245656877,stop,1335,8,72.2436847966261,-0.0636663996550586,0.0229635695751517,0.0987218308168585,-1.0,0.3606858515569789,1.550611175623695,7.142579777910796,1297,0.778323707984091,5,0.0273171932826325,0.1885885500368813,0.1001112273407396,0.0,-1.6373044040259292,-0.85898069604184,0.2389263032771802,0.2300130330203866,76.32326697721851,72.2436847966261,112.24199039664336,3.402058809182704,-0.0278443540741472,-0.1137076133161898,0.0440933078502885,0.0689823314689612,0.4728692868182815,-0.0022690275337413,1.0,0.0059931566803486,2021-12-23,28.0,8,0.1148542988878442,0.0639686644047059,False,False,False,0.1428571428571428,0.0,0.0,-0.1241116477998572,-1.3891497726721416
WSM,Falling Wedge,bullish,1,0.6048341580765151,3,17,1434,1435,2022-05-27,2022,2,59.976892632015904,49.65160523420286,67.80065346517608,46.08717706855714,3.346856936982096,0.2079547549189888,True,-0.0196155778671111,-0.01535988987945,0.055654147128612,-0.1112173906175605,-0.0083266959211176,0.0033922547155658,0.0155197643764453,-0.0294618347508772,-0.0360293360529841,-0.0354514493678548,-0.0523892189772949,-0.0492696810408836,0.0450540445340592,0.0414495278385447,-0.0426807214808914,0.0901766731328475,0.0060386765113884,-0.0082633154068141,-0.0411709746714811,-0.0056935530535401,-0.0493477107461531,-0.0534715076872734,-0.0063411627902479,-0.0797694996204798,0.013447665151193,0.055817800521154,0.0690631443192737,-0.0370198242435574,-0.0424294720966121,-0.1465293897348998,-0.0009236424003659,-0.0150319231388224,-0.0236690703794671,0.0134190287028674,-0.0900495408445059,-0.1114122092420745,-0.0312617947132985,0.0089742981798484,-0.0310634398587535,0.2198141487686895,-0.0657837586813121,-0.0501644873690153,0.0499293980232973,0.0647651494047392,-0.0327802939964974,-0.0699527056815142,-0.0891539629937621,-0.0135749912083885,-0.0483259650173449,-0.1114332981252886,-0.0766346867158319,-0.2269921288722484,0.0767350323806921,0.0739262837298628,0.0371064242071697,-0.0490995255985562,0.0941444433261569,-0.0796750961609374,-0.0957417024046707,-0.0706179917324997,0.0416292733439036,-0.1319296863833675,-0.032350724491015,0.0893576414697272,0.3007162806059906,0.1890363636140219,0.1486416960335257,0.0972628484213584,-0.1004417370752945,0.0682121690249828,0.094273381531252,0.0442700351799154,-0.0643565482402522,0.0269433999112613,0.0737103863500734,-0.0201139412214612,0.0365979347955243,0.0484900189365027,0.0579133941914387,0.1879897213080112,-0.0764241937006484,0.3860730534245975,0.2694701167687341,-0.0244748430661909,-0.0481912244684541,-0.1562373981741699,0.0378501000804931,0.0553710200814934,-0.0806825622654766,0.1887262986329718,0.0120691024927672,0.0204624754741262,0.2566656875268565,0.2520545862532264,-0.0714206738468103,0.0019336481231673,-0.0243401016720349,-0.0892384511686799,-0.213137955117189,0.0544348804363912,0.0395221230256943,-0.0014459846950276,-0.0267152447999371,0.1769663092606608,0.0396174215787024,0.2813275380741724,0.1540663531297634,-0.3917516321497677,-0.1016154249297608,0.0269842407147051,8.871588661674146e-05,0.0181950598803253,0.1098290390110854,0.065449002551494,0.2542282443621779,target,1477,43,67.80065346517608,0.1304462517116771,0.1365226178637888,0.1795385015986734,0.563277253404888,0.5895154840319281,0.775261479221768,0.563277253404888,1415,0.5368454249972882,5,0.004381796639634,-0.0237316753942037,0.3261164456637708,0.0588235294117647,-2.058737981715087,-1.521892556717793,0.7531610157485936,0.1305260424494285,49.65160523420286,46.08717706855714,67.80065346517608,4.274506414319956,-0.1927939028957528,-0.0421789891603363,0.0707738160548792,-0.3570877769655523,0.6553137041106185,-0.0011539579897645,0.0,0.0079125656162828,2022-05-27,34.0,9,-0.2248151864326861,-0.1156277549970603,True,False,True,1.0,2.0,0.25,0.0061774258382789,0.2053052934514543
WSM,Falling Wedge,bullish,1,0.6831011761240651,5,49,1537,1538,2022-10-25,2022,0,56.74758206302944,54.29219171497255,81.8315216184734,48.15354405720677,1.5042621037494008,0.0452254784803567,True,0.0273297126228135,0.0197306751704735,-0.0279157440757852,0.0380147193285911,-0.0676481111877185,-0.0227192159553507,-0.026514110323968,0.0038849683971533,-0.0262504302489108,0.0152844420055908,0.0499475577993298,-0.012734221398949,0.1040868106762653,-0.0505244383665912,0.0887659715497459,0.056198647436457,0.0330167204278006,0.0319798433834166,-0.0329745404304091,0.0203550071436287,0.0900048275174214,0.0167482195847357,0.0132793664596908,-0.020661963164072,-0.0216575996462962,0.0995847620506129,-0.0285198236517785,0.0378750067396636,0.0722174555435342,0.0047733933681934,0.0063520817137046,0.0764092973717327,-0.0346658497186798,-0.0407692760756308,0.0359064256201135,-0.0264507140137354,0.0377888303364859,0.1018209184276446,-0.0161883696097032,-0.0317380172107081,-0.008329174282371,-0.0525734118052209,-0.0002830438489794,0.1804706772375162,-0.1843963169078062,-0.0321262057283015,0.019344723690704,-0.0285562655728346,0.0905054929196025,-0.1917082104205263,0.3569230929602145,0.0199767775346735,0.0167685561737243,-0.0224793898884402,-0.0124620474410382,0.0016682043866682,0.0944910272025703,0.0477714542974929,0.0193130014448712,-0.0115246027100741,0.1158036595280926,-0.0409997702031804,0.1242298585874335,0.1418491019765178,0.1206323879875914,0.0247353102185408,0.1651608527309627,-0.0529832265294121,-0.0310388528471102,-0.0234607594278122,-0.0401883291057625,0.0296745817924279,0.0169431233885031,0.1613561340633973,0.0790073878371935,0.0626857956211264,0.0447701955755421,0.2126214096700649,-0.3326795779321646,0.0076937701511174,-0.0867349284400023,0.2469095691133245,-0.0927808339336222,0.4042213822516911,0.0760994448974237,0.0165744128947458,-0.0342514436421661,0.0724888378718064,0.1992025331352902,0.140898471439171,-0.0750026315111592,-0.0809456411399978,0.0251137328261474,-0.0295208837740355,0.1042403062613115,-0.1425562968028352,0.0058400598897416,0.0517609987157892,0.0497796870128526,0.535989034089771,-0.0607676015270045,-0.0762191944006618,0.2129783416344124,-0.1883974358102249,0.0901208046576058,0.1926173714311378,0.3017666965628711,0.343354155346562,-0.0108446854609898,-0.0748752028876894,0.2858084275213128,0.2149821198131629,-0.2465276986094557,-0.2512014570280086,-0.0417786886943355,time,1597,60,58.17272567749024,0.0251137328261474,0.1532761690571421,0.0964769155476934,0.1658293358134129,1.0121030388722745,0.6370499733095621,2.918760603391443,1488,0.4188971334261433,7,0.1519327695589627,0.419654281053883,-0.0251660334933034,0.0444444444444444,-2.149178219948608,-1.7302810865224671,1.1436269480507004,0.1468501359630618,54.29219171497255,48.15354405720677,81.8315216184734,2.717569585402203,-0.1131439480325854,-0.1070220338681973,0.0478729704414188,-0.0910765326552994,0.7730059818205071,0.0110540530842726,0.0,0.0592768459845991,2022-10-25,34.0,9,-0.052236406685618,-0.0530372417016301,False,True,False,0.375,1.0,0.125,-0.0800749032733456,-0.880675796430948
WSM,Falling Wedge,bullish,1,0.6748473118312517,3,34,1645,1646,2023-03-31,2023,0,56.974013004043336,55.42538665856199,64.00089990782277,53.639334803791,0.7702127195295367,0.0279407404953504,True,-0.0237623209249979,-0.0256212416833256,0.0174219500944359,0.0110873103126947,-0.0244824528024517,-0.0360293360529841,-0.037105385149454,0.0036217678479579,-0.0682083688746497,0.0323522739394466,-0.0072935190963013,0.0588894444776548,0.0612078481270024,0.1050659188009415,0.145083590767818,-0.0445704286802599,-0.0190796319277221,0.1119109657385128,0.0015417725628457,0.0023870053136714,0.0890464410038187,-0.0196720233057168,-0.042921078079861,-0.0214521712125927,-0.0339018234649364,0.0099503065620674,0.0363686306194637,-0.0516826137692427,-0.0022816098751757,-0.0752601634497717,-0.0405000277453271,-0.0228375211701929,0.0258409466240971,-0.0420426597577781,-0.0539464479502151,0.0348402587669156,0.0630164714569363,0.0863706996527367,0.015658591455367,0.0587166874434299,0.0386716154037598,0.0241580867036639,-0.0024185572873199,0.0689838927971711,-0.0208918950073528,-0.0289879057862544,-0.0145295558149463,-0.030819064654042,-0.0625142244343974,-0.1348252297980828,0.1242219085986537,-0.038699862204358,0.0020535252745381,0.3436439185800319,-0.0664660946950129,-0.212381122558789,0.0164044695606524,-0.109284657233505,0.0620942461316307,-0.0820712650362487,0.0813274038232887,-0.0092661951828825,-0.0648355014236218,0.0277474591275133,0.1764662508534014,0.0937851901619746,-0.1005107322919637,0.0727480593486991,-0.0205114331450224,-0.0378862855478636,-0.0655980787594845,0.0558521912481131,-0.0919599780010763,-0.0235043720997949,0.1655569889257182,-0.0227190297088589,0.0214867925975712,0.1561626681535632,-0.1101601068557344,0.4827830745179506,-0.3105680188817574,0.1408216333994711,0.1771280224889,0.002819545983532,-0.1043314423845026,-0.3179932563613648,0.0182828134970494,0.1827682188027317,0.1613561340633973,0.4013031526087105,0.2166332825042798,-0.0979722012727586,0.0422414209319803,-0.0290831549716303,0.1229422773328383,0.2835985067177888,0.0715105651418537,-0.0062973889428271,-0.1229208637588207,-0.1125190831268463,-0.104995233018613,0.1690265682654017,-0.0731859954600047,0.0366564748399911,0.0409410808855279,0.1755953020854472,0.4256762799184741,0.6281971970160074,0.0181950598803253,0.3568008653638135,-0.0004905871290561,0.2077403758050546,0.0551438157447488,0.4152712092256199,-0.0871029004073558,stop,1672,27,53.639334803791,-0.0585298107755842,0.0261161912338593,0.0650664832647312,-1.0,0.4462032404990064,1.1116810801628934,2.1072158936498617,1611,0.6115102131848276,7,0.1175785297825319,0.0705475708341043,0.6745659279695324,0.0,-1.159201743727817,-0.5476915305429844,0.3948110073719804,0.1082578359732019,55.42538665856199,53.639334803791,64.00089990782277,1.8531320156586284,-0.0451568482070058,-0.0289465096381027,0.0324029380254651,0.0065900005297461,0.9465896330640792,0.0038070566529577,1.0,0.0167308950854756,2023-03-31,34.0,7,0.1212374733793062,0.0229540058050488,False,True,False,0.0,2.0,0.3333333333333333,0.0135766131867985,0.2149833508782961
WSM,Falling Wedge,bullish,1,0.6582173028959711,3,30,1803,1804,2023-11-15,2023,1,77.26455502657743,74.0957122950291,80.27816487191188,68.30847835777786,1.622697212269396,0.0427668839855517,True,0.1262333862897615,0.1133220401391534,0.0835409405956049,0.0424024841464485,-0.0094910462085742,0.0216101214646946,0.0837550680120624,0.0201870213315826,0.0111713851295782,0.0115944316101246,-0.0280637282023464,-0.0071685021167035,-0.0255804569331454,-0.056643813815972,-0.018517661810653,0.0823187532318048,-0.0358916382483408,0.086008485796194,0.0354757821428375,0.0028370381648945,-0.0275294211673683,-0.059356906576087,0.1156004694624297,0.1639050285741368,0.1479218596767701,0.0431053155710692,0.0099907169115649,-0.0208918950073528,0.0454545167942006,-0.052389275821391,0.0872009687570154,0.1193867514744926,0.1526166207802364,-0.0422535790089971,-0.0463895967878356,-0.0458771487269178,0.080399432522261,-0.011724712814449,0.1340707697280483,-0.0067886640237018,0.01212609570546,-0.0128758176890376,-0.0599763157907533,0.0827276146130351,-0.0332686677704957,0.1421728721033142,0.2813256068373264,0.2305932336288725,-0.0116638723565779,0.1741437727568922,0.036991097740501,-0.1031089296224988,-0.019081802390137,-0.0061883557544593,0.1264153953790081,0.1626720849297316,0.0790424160515619,0.0374342239251439,0.017941072585687,-0.071177828519927,0.01554160060357,0.1377506900904597,-0.0254646044529618,0.1307689380284249,-0.0189004004514361,-0.0238684477825675,0.0966668080837287,-0.0578820929793746,0.247424018544088,0.2598523885967883,0.1983335019249821,-0.1003895338808104,-0.0252722054263963,-0.0919926898614262,-0.0613575902874261,-0.0718124563510235,0.2578230574304179,-0.5200581485450932,-0.0805695579419749,0.0518798908379427,0.0856973781718553,-0.0070787927806614,-0.1759893581541785,0.3341494713670463,0.1929782081598363,-0.1618326452043316,0.335554669599873,0.304444159257478,0.0296745817924279,0.0797678623188091,-0.2406866499779419,0.2531059060705671,0.3841263779312482,0.2798051167237743,0.2331010874272503,0.1524265152189847,0.0916810610565164,0.292394193083177,-0.0553724109516331,0.2441946199772739,0.2373201225862689,-0.0019270795879618,0.0077158661202736,0.1118623168240191,0.0001863349217694,0.0825457074755264,0.0211325111896754,0.626850492302498,-0.0158502582870154,-0.4731241316070244,0.1853993198361603,0.1031358907503281,0.1121513594720655,0.6321579582441206,0.2547273041286346,target,1804,1,80.27816487191188,0.0390037818026369,0.0697572760737497,0.0009309821307493,0.3364877230040939,0.6017997718220526,0.0080316329046883,0.3364877230040939,1772,0.3564597269281656,5,0.0864527896041939,0.0609772818401745,-0.1855202785271265,0.0,-0.6162691456964532,-0.2598094187682855,1.618341604468037,0.1303203904767489,74.0957122950291,68.30847835777786,80.27816487191188,1.990336317597488,0.2346479214279671,0.0672138875443448,0.0257185236286532,0.4226287181535542,0.6373166222017483,0.0024659154448878,1.0,0.0452569261603814,2023-11-15,34.0,7,0.0965993918471412,0.0469383624015973,False,True,False,0.0,2.0,0.3333333333333333,-0.0533082543233187,-0.8426368654827998
WMB,Falling Wedge,bullish,1,0.7716002220413806,3,20,1159,1160,2021-04-27,2021,1,18.740242819638915,18.369376211767182,19.09805623125657,18.01603315856525,1.1402784332232183,0.0201893958508052,True,0.0203408434690552,0.0255823539329997,-0.033829697258514,0.0103416665709137,-0.0898201405405212,0.0157666431859928,0.0101488538631484,0.0172412232751688,-0.0047916974662798,0.0076204640235784,-0.0003609289644124,0.044800574400641,-0.0561779024741616,0.0207128675147849,-0.0271526858790129,0.0264758853657671,-0.0365916423864446,0.007983034326586,-0.0358155717079829,0.0022054457436597,0.0131861530224564,-0.0010523197146222,0.025796332224018,0.064757369344069,0.0733736343379199,0.0529610756587626,-0.0180865006791699,0.0370272872954238,0.0129297564357027,-0.0306013461580382,-0.0515911904064109,-0.040144699171381,0.0182988410454876,0.068520967651237,-0.0177677343869936,0.0116652167360224,-0.0360681415940516,0.0209725159068294,0.0278479311695147,0.022891845805864,0.0993784122714436,0.0087427005286855,-0.0012670581224673,-0.0203921016960442,-0.0112357481197511,0.0570532678355357,0.0767955959087756,0.0757661880301261,0.1048305934765705,-0.0084077615042676,-0.0222166905734422,0.0627925907531459,0.0192749140155741,-0.0288398087589987,0.0626579478855371,-0.0518516747896384,0.0677192357770994,0.0339470732086559,-0.0146608239666725,0.0568593029365875,0.0144533100831882,0.0325899017638049,0.0455202996067138,-0.0175649441762015,-0.0167525060125385,0.0821367646678323,0.0114008479548741,-0.0118096383061767,0.0556916492066932,0.1260010925609282,0.1112273339358214,-0.0247530378840293,0.0755476112484534,-0.0023730183285913,0.192288438071486,0.144255927122247,0.0867422778121127,0.1137576418435706,0.0123972595317112,0.0720430451500018,-0.0244846256248199,-0.0907786663007204,0.0584507519386066,0.0881392290105507,0.0318105917847364,-0.0012142394060097,0.0949980418390916,-0.0146474075464478,0.0113320504223581,0.0687744088480459,0.0588842334352677,0.0784425669125472,0.0640770836943891,0.018423011739088,-0.0467112817369977,0.1093421170798094,0.0884825174240229,-0.0824450604646941,-0.2168638752056831,0.3133436292775389,0.0476297893468329,0.1203123143400617,-0.121041055277468,0.1049084907035262,0.0587476476600721,0.0143859939806225,0.1421406972535808,0.0606808412956396,0.0170881474392603,0.0640526780054244,0.1038386858166948,-0.0112925015378476,0.1271766056241787,-0.0116982005376352,0.0199731746700421,target,1161,2,19.09805623125657,0.0190933177900278,0.0273977198634392,0.0029057573425004,0.4940743417965251,0.7089658569095906,0.0751917588239249,0.4940743417965251,1138,0.5099515869678127,6,0.068805157692213,0.0936836986304958,-0.1384580817642049,0.0,-0.8043754720364341,-0.2944238850686194,0.764873417399133,0.0426730520949809,18.369376211767182,18.01603315856525,19.09805623125657,0.330618584896202,0.1487030219579315,0.0209916488993362,0.0177527078395753,0.242077044306576,0.1739173701756726,2.3133899462735034e-08,1.0,0.0549294577392458,2021-04-27,2.0,16,0.8958401326948373,0.3480910462724527,False,False,False,0.0,4.0,0.2666666666666666,0.0020168412632896,0.1027979411055355
WMB,Falling Wedge,bullish,1,0.7196440732124804,5,52,1608,1609,2023-02-07,2023,0,27.41292491647929,27.373792019882277,30.29512290622749,26.186342929531776,1.1789961989477515,0.0014295752875084,True,-0.0025000632930441,-0.0013138803812188,0.0024565430704537,0.0056049025768112,0.0301423852355635,-0.0221662793327364,0.0862333528469703,-0.0377805355617817,0.0624360656757458,0.00155632228208,0.0098726350546882,-0.0142807335592654,-0.032313190516535,0.0315246971491109,0.0171428928575294,-0.0291741916416656,6.91908090821869e-08,-0.0354440442617051,0.0208736657567849,0.003748675013806,0.0023383916129031,0.0092566931887343,-0.0081014791249592,-0.0340626540616079,0.001253256506962,0.0121213119564627,0.2288890310836513,-0.0141367264161202,0.0600313354416794,0.014010130129773,-0.0036006091824672,0.0105906798678063,-0.0079050578597897,0.0119660547319844,-0.0269266210908761,-0.0542662459280529,-0.1196855222582361,-0.0375299105290599,0.0841346451990758,0.0238135715271186,0.0361592856699612,0.0204122115002503,-0.0475649834750948,-0.0222111166880483,0.0287318001027221,-0.0439143172507449,-0.050937583412418,-0.016541538088727,0.0384172893826042,0.1646587293935248,0.027796613956774,0.0310746702416593,-0.1774996182941919,-0.0413565134393421,0.3491216061658933,-0.0485157637687937,-0.0562870836985271,0.0374915074662991,0.1147058479599856,0.012068347099559,-0.0223667986348207,0.0156828026469268,0.0808579783001677,0.1149538212754124,-0.049711699553579,-0.1324909491295587,-0.0230538285666475,-0.063784338758025,-0.069525714414684,-0.0501381271027471,-0.0405178761318664,-0.0769229965577045,-0.0963204840915611,-0.154398118358464,-0.0928702348254805,0.1629427439726785,-0.0104008040482262,0.1067039603918853,0.1069408548649517,-0.0039669240772471,0.137785124310523,-0.0239663335038171,0.0405869341173035,0.0484663751844212,0.0117167586000921,0.0133466616375839,0.0504559584689594,0.1669344298836717,-0.060740781799459,-0.0239663335038171,0.0043922105983271,-0.0654740771659781,-0.0767876448566471,-0.0611659047156628,0.0035471138904705,0.014683605310042,-0.1864183217570277,0.1664505036508121,0.0400965353189037,0.1553445875390999,0.1490543902310976,0.190088044817434,0.180120214346735,0.1048587490092964,0.1097994904498147,0.1792860293341356,-0.000779887211871,0.2765825321239747,-0.0255887387281598,0.0697519604760332,-0.1794405851255505,0.0137576390490958,-0.0163534037662809,-0.0324048357643956,-0.1374094260163301,stop,1617,9,26.186342929531776,-0.0447446593417018,0.0128124495751513,0.0478124954295887,-1.0,0.2863458961058666,1.068563179003304,2.3497801373399163,1556,0.4668826754651738,7,0.1248620922135118,0.0533841342175123,-0.1215660675533846,0.0,-0.8857618854216616,-0.418879209956485,0.7711581953628428,0.0972606246658447,27.373792019882277,26.186342929531776,30.29512290622749,0.6584008565090175,-0.0079090444304029,-0.0160929308931906,0.0239356205201033,0.0150859333917585,0.850001192094034,0.0012616855927596,1.0,0.0704636511222651,2023-02-07,15.0,19,0.246771289760495,0.0994430184238468,False,False,True,0.0,0.0,0.0,-0.0207407841468821,-0.3071329721660327
WMB,Falling Wedge,bullish,1,0.6807227130451078,3,20,1689,1690,2023-06-05,2023,1,25.98630660111502,25.255771695205468,26.647271815615863,24.51924284229942,1.6132964382006527,0.0289254636415738,True,0.037419020323772,0.0207082468562918,0.007983034326586,0.0271790880433562,-0.0196338787334138,0.0543350415081187,0.0009287347146713,0.0312753122622597,-0.0061618789350933,-0.0035134530426754,0.0136936497161486,0.0601790605670002,-0.0140300560583718,0.0177985871610195,0.0131447875501771,0.0052105144235441,0.0007989651097608,0.0384760463651399,-0.0194496469110012,0.0259983464188933,-0.0007258850817356,0.0098718851807395,0.0252511075945158,0.0401347544408716,0.0116960888087147,-0.0229786912843107,-0.0722708292915667,0.0376698988375423,0.0763854641203494,-0.0086205632001362,-0.0429185489634281,-0.0823907568146816,-0.0010601357443074,0.0728308676001676,-0.0219388473863128,0.0219250608699614,0.0924938266276378,-0.0128971719227268,-0.077981721672988,-0.0140841341308415,-0.0022748502571634,0.0363635914215667,0.0222105211136365,0.059999977749791,0.0098425062502602,0.0366194812447491,0.1019183661888656,0.059482730305997,0.0184004561396153,-0.0434277543305527,0.0895904647053391,0.0715637461171809,0.0611169974356535,-0.1324909491295587,0.0233444163822442,-0.0357644506577774,-0.0796086163350783,0.0497068070599133,-0.0011591464348649,-0.0353619758328321,0.058823687958768,0.0831479975614239,0.1626668376094027,-0.03492834367457,0.0334507718365149,-0.0245876144023011,0.0073097653916482,-0.0887622512515252,0.0927668238814334,0.143333605067514,0.0844308708421155,0.1037973085684373,0.0431914662443519,0.0196683511125317,0.1069917074230764,0.2297989089791936,-0.0553925658860957,0.0008872915703483,-0.0649564442498421,0.144255927122247,-0.1216911984834566,-0.0865046181261934,0.0554595484141446,-0.0488133388709747,0.1062779948830923,0.1332884936176968,-0.0358347189749591,0.1340164454623607,0.0811713476229925,0.0134552200355757,-0.1142458326440369,0.1110925403764895,0.1881437317871956,0.1271708829729614,-0.1819148404035068,-0.0219532900483692,0.0445736360863751,-0.0271330709794057,-0.0274752710515342,-0.0915505210045218,0.1634580442977689,-0.4619109238331326,0.2470770485282127,-0.0073096189588163,-0.0895558145264089,0.0799534324761579,0.1404519033159152,0.1352140429448307,-0.0335083697868663,0.2187044222930168,-0.006361891301345,0.2324958356782476,0.196164757982201,-0.017799809324316,0.1635627466679705,target,1691,2,26.647271815615863,0.0254351349211159,0.0512048779039508,0.0006692955480834,0.45053612055311,0.9069992007429696,0.0118553261334055,0.45053612055311,1668,0.4832365984963458,5,0.0185550411252321,-0.0280562032378604,-0.0633559181415929,0.0,-0.7873776038600838,-0.3041410053637363,0.8624417165431282,0.0628471684668246,25.255771695205468,24.51924284229942,26.647271815615863,0.508767674692461,-0.0239719013127234,0.020021411090102,0.0194094058886104,-0.1125892900210395,0.021277027465759,0.0122395361531639,1.0,0.0350677502264606,2023-06-05,15.0,19,-0.1403897969941925,-0.0626449618202927,True,False,True,0.7777777777777778,3.0,0.1666666666666666,0.0023808603503365,0.2587836209836215
WMB,Falling Wedge,bullish,1,0.6335431856924769,5,46,1869,1870,2024-02-22,2024,1,31.5003786938318,31.119205670211613,34.12641931119067,29.5236600660673,1.1798942030827486,0.0122488031236946,True,0.0327587400948861,0.0350954427512131,-0.1027868449621522,-0.0321569209975742,-0.0032222130015311,0.0465992137476891,-0.0561779024741616,0.0276714607881252,0.0793154357613894,-0.0246744308062365,0.0136235326601881,0.0359080844976638,-0.0168362842739816,-0.0641509958537196,-0.0032541479651053,0.0365401466167827,0.1018176973146236,0.0237602876527009,0.0123528695620536,0.0410019735372515,0.0303538053867333,0.00174268084365,0.0253873676931666,0.0457822021943252,0.0349039621017039,-0.0348212987397587,-0.0141367264161202,0.0352185617754532,0.222544988009113,-0.0083851021625735,0.0720316180690729,0.0364716296531777,0.0198595091492017,-0.1013514156854359,-0.0079338795991362,0.0688469877595234,-0.0042030959117391,0.0828847714772345,0.0841093136551951,0.0216415862586363,0.0869417979840687,-0.0130805316991932,0.0327407316762247,-0.0585558743771241,-0.0038328473413358,0.019932666017601,0.1188591764248383,0.090284074171852,-0.0632866611127743,0.0540260955718583,0.013508817528093,-0.0673408260183991,0.0248360554468831,0.0003326594079771,-0.1528367598357906,-0.0618750616350236,0.0157401577208697,0.093938764386773,-0.1127789742157997,-0.0583626989502124,-0.0250129514592624,0.0576336593633277,0.0385898414807286,0.0373195908962282,0.1252861165453913,0.0558229671455383,-0.0348781957367567,0.0881502073828801,0.1174185362292118,0.1211882935831705,0.1458737256665966,-0.0091793933869994,-0.0931193123860447,0.0088087996031314,0.0921576187201258,-0.0300244466806914,0.2517759356198195,-0.5882432370286659,0.1441240131487333,0.0002856696260991,-0.1042751825400601,-0.1001774197948974,0.0437478961242221,-0.0201656154138808,-0.0530157727654344,0.1013066044695063,0.1033614053899092,0.1867022290897104,0.0701071442158827,-0.0045777135308007,-0.083713989302484,0.1253940319243114,0.2015433804958322,0.1586880285054421,0.0066406387191855,-0.0112251477239291,-0.0043149277982099,0.2050232149262199,0.1897649167570037,0.2263655293282302,0.022380132663746,0.0760793210426478,-0.1324927237012739,0.6551955368424107,-0.0160564285486373,0.0131099381304646,-0.0493979727500467,-0.0177456447482035,-0.0129531686141592,-0.1844134036268256,-0.0832655284391934,0.1446953205974885,-0.0872858736905061,0.1598830688750949,0.1465440405837568,target,1883,14,34.12641931119067,0.0833653665844051,0.0877069875366414,0.0071837148388115,1.328484783051144,1.397671516165094,0.1144774651650731,1.328484783051144,1822,0.4685770156339649,5,0.0451950508543777,-0.0025933199212543,-0.0230279182425322,0.0,-0.8377106902476505,-0.3691336746136847,0.9485451650366584,0.1044711760465,31.119205670211613,29.5236600660673,34.12641931119067,0.644620156464043,0.0507805806361651,0.0065237023125184,0.0204052442668863,0.0341038758261165,0.6153871547518633,-0.0066320807652093,1.0,0.0455510217299783,2024-02-22,24.0,21,-0.0008526244802784,0.0416366866628195,False,False,False,0.3,5.0,0.25,-0.0056281264300049,-0.5439310778148255
WMB,Falling Wedge,bullish,1,0.638979618926551,3,19,1985,1986,2024-08-08,2024,2,40.672468193472255,39.4942415098526,43.54848190836469,37.66713354929746,1.5187481988280374,0.0298328728081971,True,0.0009125359400834,-0.042990165246314,0.0164774525443383,0.0098718851807395,0.0203573826485587,0.0012019848788307,0.0013484589196284,0.0123933449517765,-0.0437086368781655,0.041386693611598,0.0862333528469703,0.0411417370715054,-0.0189286375364032,-0.0317928624947952,0.0263228825979995,-0.0296590006033726,-0.0078272991636203,0.0377129331075356,0.027177491985656,-0.0345710924356487,0.0175609662194324,0.0036883680582726,-0.0079068343354583,0.018932627488386,-0.030915710998852,0.0402902361782353,0.0073665375834461,-0.0238102765514462,-0.0186353838049855,-0.0020616778693134,-0.0825687615466698,-0.0488819587601728,0.0159203269920242,-0.0895424990406998,-0.0331837679223649,-0.0473227283975512,0.0574836513822476,-0.0309344376853464,0.0499999863386479,-0.0397952970879686,0.0460900007340183,-0.0406847766278489,-0.0137978540605832,-0.0204678752349103,-0.0329556606520664,0.0343072382900515,0.0095803865244217,-0.0103325638254823,0.033613029909491,-0.0750635594612075,-0.0741843756297703,0.131225172364062,-0.0418161563010177,-0.0561240656659103,0.0659024120156317,-0.0319967814103957,0.0568593029365875,-0.0176664902694223,-0.0733182127590923,0.0605636696870737,-0.0460405989881631,-0.0907754276658029,0.0591306074770978,-0.0147666790923491,0.1252861165453913,-0.051734455005411,-0.0442843378449401,0.075897628349274,0.0100450465648654,0.1441240131487333,0.0593246390234758,0.1140737603612578,0.1103201689126991,0.0075403449110473,-0.0401622343748686,-0.0838158743855865,-0.0460179624386108,-0.0118114856031057,0.1295120222637926,-0.1113158129198039,0.0592728257720713,-0.0633116611000809,0.1069917074230764,0.0518817962934621,-0.1644172774978642,0.1051320915638096,0.1261364928163679,-0.0501381271027471,-0.2248365070762175,0.0189048341685285,-0.0609251068640964,0.1454733133925768,0.1886164221232551,0.1074898355120776,-0.0119134413440592,0.0956440622069447,0.1564036333253295,-0.0494441473708807,-0.0495502488202638,0.0897505791625492,0.2127005026334516,-0.1120129745044046,-0.0260840934425045,0.2142940919543461,0.1357550282601296,0.0103489572154604,0.1153406402233132,0.0270449074460124,-0.031244227910514,-0.0837270915262581,0.1012282673825819,0.0080423240040214,-0.0227249917441026,-0.0077891728222527,0.1500132919068101,target,2017,32,43.54848190836469,0.0707115609805559,0.0715066921309241,0.0239505869760851,0.956969540968418,0.9677303880127466,0.324133450126081,0.956969540968418,1964,0.5575903386964665,5,0.0930971897133039,0.0250843480554823,0.26416412047141,0.0,-0.8648936363140832,-0.3073032976176128,0.6990402367217892,0.1126281047314684,39.4942415098526,37.66713354929746,43.54848190836469,1.034438292198426,0.1750949215654509,0.038833011157896,0.0254217826845274,0.3109751960887936,0.9069787041513846,0.0048835857969773,1.0,-0.0464167823122836,2024-08-08,24.0,21,0.1275386370430633,0.0383211570709962,False,False,False,0.1,0.0,0.0,0.0415711699397393,0.7582638331648712
WTW,Falling Wedge,bullish,1,0.6515762087700196,3,23,1090,1091,2021-01-15,2021,0,192.4720870738456,190.49649718118064,202.3084574625633,183.3667960018481,0.7775688178954301,0.0103707413096734,True,0.011159106358022,-0.0048317196896272,0.0227139282878974,-0.0270291502810811,0.0095842939065393,0.0370622874397241,0.0079916181615582,-0.0318989870437317,0.0338822670241443,-0.027548730415434,-0.0164969990271304,0.0198116892711608,0.0459935061256595,-0.012322966450602,0.0341793058015356,-0.0028491649586726,0.0189594525121354,-0.0055959144821832,0.0049536648157846,0.011454745575961,-0.0022137896109072,0.0240723657468286,0.0039239352380627,0.0021255445438008,0.0077026297699064,0.0161289849257517,-0.0477540631449758,-0.0653746763125867,-0.0662618807224673,-0.0065709544950847,-0.0029176007782718,-0.00575929219221,0.0274599117106806,-0.028401084890699,0.0280710924603118,0.0180354824038477,-0.0342032057499497,-0.0406418457724377,0.0661673852474782,0.008260391361657,0.0390545990853508,-0.0518474556517735,0.1140525217843126,-0.0110765827026496,0.0393534065572291,0.0023367878876251,0.1019275820098495,0.0650295726292706,0.0035850465993765,-0.0280913503556377,-0.0138076378175107,-0.0368042138057097,-0.1331720514206,-0.105457815572977,0.0057034675278244,-0.0115241175748059,-0.0020257466803998,0.0218711535798366,-0.116025848525307,0.0017545856073586,0.0653180640512942,-0.0060996526274665,0.0178979518774473,-0.0168444164808646,0.1393932696309734,-0.0167774588353083,-0.0317685207796301,-0.0026792924081797,0.1152053112103638,0.0728952104720781,0.0264554765292743,-0.0531000529296675,-0.0530657573580019,-0.0427092243327554,0.0869256617975968,-0.0218271956400506,-0.002292251526314,0.0390559832282431,0.0370748333615609,0.0078130417888042,0.0745059156708236,-0.1501776359477118,-0.0131987485728007,0.0461229784465977,0.2257468754517475,0.0170448110950007,0.0400151328376776,0.0496992290501501,-0.0635975505489513,-0.0757667341858767,0.0349487926099163,0.0637343052572787,0.1469909820442956,0.055915018902136,-0.1217326588839167,0.1141620562438994,0.3130061331206122,0.1603179849781306,-0.0280314937274267,-0.0336380741568499,-0.021780535013261,0.0691756919020374,0.0257943214918769,-0.0788797662439809,0.1461491692405176,-0.0065572572450767,-0.0405832549323498,-0.0845908420635549,-0.0226775208361095,0.096659430022175,-0.0528206445037776,0.0734708628599225,0.0320866592628619,0.0465418975619817,0.11768737409041,target,1104,14,202.3084574625633,0.0511054383950426,0.0825083409334663,0.0240083266473738,1.0802917019279648,1.7441015838915708,0.5074997274037641,1.0802917019279648,1067,0.4320137876598778,7,0.1059452748957003,0.0108803394767555,-0.2435929834176659,0.0,-0.7249027664766214,-0.2928889788167365,1.0128182068019966,0.0748123938995432,190.49649718118064,183.3667960018481,202.3084574625633,4.767745708939265,0.0349398710354831,0.0071617446580258,0.0248142505053872,-0.0021944418250642,0.8406588109041659,-0.009294358932953,1.0,0.0192653584132043,2021-01-15,48.0,5,0.0436419674260277,0.0654861737311889,False,False,False,0.0,0.0,0.0,0.0119345010671805,0.3949064674443968
WTW,Falling Wedge,bullish,1,0.6271417941966982,3,19,1372,1373,2022-03-01,2022,2,207.32138326041425,208.40233670146404,232.69745677220203,199.2825545894785,0.9743499883181468,-0.0051868585456326,True,-0.0122628983254657,0.0250200616932151,0.027153967691835,-5.336292371593832e-05,-0.0129783898153331,-0.0183292897013147,0.0187911674422225,0.0116304071399337,-0.0326709109474308,0.0500468879948297,0.0162437174575362,0.0262089520702379,-0.0165573342641769,-0.0795617546710689,0.0446658724469699,0.0422254772377204,0.0077055868043265,0.0182125621605957,0.0047688761823594,0.0118414649428086,0.0083345107606733,0.0003545475978699,-0.0186645461058097,0.0380596369480212,0.0523993479779035,-0.0250489440616914,0.0015184297659138,0.0440989268003289,0.0354776044573632,0.0806252877406372,0.0082776768175278,-0.052788828105306,-0.0005188114921301,-0.0026253746239732,-0.0967527415292367,0.0049884687749892,0.0448863430308954,0.1162991908582646,-0.0092378374205394,0.0376904342483803,-0.2403063426133191,0.0131519818632586,-0.0019429857060697,-0.0232317441938539,0.0544658362578316,0.0386083084045577,0.1054137287539076,0.0346092786827321,0.0369181178837854,-0.0114736806093547,-0.02752181370402,0.023363747286448,0.0537852561330085,-0.0642466839793106,-0.0714699938303398,-0.0599626170156712,0.0502610236890919,-0.1371740775943951,-0.0407927697474661,0.0482639909814421,0.0296189789696141,-0.1232250904499866,0.0856102432619563,-0.059671475645731,0.0108856693039249,0.1290615020463135,0.0082459044381408,-0.045463668802167,0.1136631006231434,0.0615289581639622,0.093454645201724,-0.0023525852026187,0.1077674368806858,0.0476128078984585,0.0853217669662371,0.0678672746985109,0.0465710625464195,0.0491744039853134,0.0365515811612964,-0.0547280718327949,-0.0158164571287851,0.0299181572203401,-0.0573279382364563,0.0257929942269183,0.0333741801320515,-0.0655612123453706,-0.1407307061924607,-0.0768900479664143,0.0111556997293809,-0.0255847307755483,-0.0616149611392966,0.0595039254326688,-0.0791028963127339,-0.0010087337691215,0.049637345343984,-0.0025914958442542,0.0572092761031381,-0.0371810245377456,0.1211970375502586,0.1353632839173382,-0.0845847709138216,0.0654412562749786,0.1033186451753458,-0.0014560384464663,-0.0695637500978593,0.1877772127082211,0.0438791386237968,-0.1184029278082059,0.0923857496863194,0.0451986806873301,0.0473944731842419,-0.1081897105482597,0.0416582376154308,0.0790961736070003,-0.1114822359267725,stop,1415,43,199.2825545894785,-0.0387747204099937,0.1125229251701182,0.0542666851054063,-1.0,2.901966125876095,1.3995377537633968,3.156687939318157,1351,0.601539502620315,5,0.0112474240559886,-0.0254302143236244,0.0846410894685354,0.0,-0.9212890170045138,-0.3197495143842014,0.5749064141687804,0.114813968807895,208.40233670146404,199.2825545894785,232.69745677220203,5.838590008804674,-0.0548954060055071,-0.048081235178329,0.0283228194079193,0.0218826303874635,0.1888214563131314,-1.1090894980192443e-08,0.0,-0.0442977118354123,2022-03-01,45.0,5,0.0576220439624473,0.0281821145357588,False,False,False,0.0,0.0,0.0,-0.0741029868976882,-1.079137725848694
WTW,Falling Wedge,bullish,1,0.6285389158439384,3,27,1432,1433,2022-05-25,2022,2,191.29956772166463,189.89918702026216,239.9112928313116,179.10588053656443,0.7705986298239061,0.0073743375281172,True,0.0551658341331222,0.0082098336630969,0.0095792365220859,-0.037545262939061,-0.0374781955708168,0.0002676045660496,0.001870983572207,0.0086195512961946,0.0116081826913381,-0.0209178641676102,-0.0367336874191766,-0.0318989870437317,0.0291443856128779,0.0262505142518223,-0.0125442183391343,0.013696998375392,0.0107028627949354,-0.0037091898899271,0.0167314321299631,0.0297296852238628,0.0942016264700325,0.0002676045660496,0.0515736709979545,-0.0014817306896743,-0.0084299282699042,0.0377919802763213,-0.0059354488320545,0.0263409706815804,-0.0289364751571483,0.0068414326764685,0.0153641351369491,-0.0690249893461418,0.0327512759909682,-0.0102687003695713,0.0125503628012499,-0.0442584586010091,-0.0040962697076147,-0.0096318626365929,-0.0094458722349591,-0.037420020637817,-0.0103038761575389,-0.0181507885859866,-0.0061460589930713,0.0146006714270621,0.0065452993631389,0.0035599039556139,0.0121988056525945,0.0295188260090699,0.0368463008508541,0.0005822356370235,0.0404422332046643,0.0235733530353914,0.0141100761386316,0.0302314412330493,0.1112271581611767,-0.0196874113663082,0.0596055611844883,-0.0169094689635048,-0.0168011674002578,-0.0359821278554896,-0.0152610879519895,-0.0186158038581781,-0.0167374512631406,0.0354743104590582,-0.0434135170291779,-0.0169094689635048,0.0110041518406025,0.1276230712159476,-0.0023213137628722,-0.0003249156460803,0.0031650096198562,0.0866136772851922,0.1189286465675834,-0.1726405792792739,0.0425419504590149,0.0339048608415863,-0.0299237871353776,-0.043319348919774,-0.0685327156649652,-0.058390669174024,0.0606816102860405,-0.0968718027979981,-0.0339237433498145,-0.1689033115236495,-0.0135534033404586,-0.0713042262080703,-0.0775658641499172,0.0748875826376824,-0.0838798321753588,0.0897962184795746,-0.0269283211983772,0.0215942372719388,0.0494652716608357,0.0081641803254699,0.1863492992524777,0.0850835685418895,-0.0400450924643389,0.1392790189125494,-0.1734662785992091,0.158925541443117,0.0703160064226291,-0.0394203435235013,0.1177285661847189,-0.0045012273863381,-0.0533671905522914,-0.0258479087530481,-0.2555767578900595,0.0626644668066402,0.0964370110819141,0.0712155245793977,0.0740513490907706,0.4039511049969246,0.0671162180608835,-0.0003325696364423,0.0024372563324015,stop,1447,15,179.10588053656443,-0.0637413211661913,0.0612405065460493,0.0720564559886448,-1.0,0.9607661941361126,1.130451246857178,3.986630489344269,1403,0.5189788293364723,5,0.102326821711715,0.0790448241549914,-0.2952384642635728,0.0,-2.0572547905401333,-1.5382759612036512,0.8554956551775342,0.1059428597882309,189.89918702026216,179.10588053656443,239.9112928313116,5.58501201620219,-0.1150468471607867,-0.102512777899334,0.0292528986806542,-0.1346417934478601,0.3723654400045734,0.0019688872650656,0.0,-0.0476910448791666,2022-05-25,45.0,5,-0.1004387518825979,-0.0771369685253897,True,True,False,0.75,1.0,0.25,-0.0397612470595258,-0.3183233132570845
WTW,Falling Wedge,bullish,1,0.7205437756411465,8,122,1696,1697,2023-06-14,2023,0,219.18816617158848,217.28663213826,260.75624972625224,205.7088790719157,1.4342808494537198,0.0087512702213479,True,0.0301517518399949,0.0260229919791197,0.0111294402016084,0.0340156617043085,0.0071365072876388,0.0018600574463787,0.0032296074345479,-0.0023440713502489,0.0006652720164042,0.0113600877531785,0.0081714865349764,-0.021881480730052,-0.0203832480144846,-0.027658962858567,-0.0255292180478697,0.0020890357120295,-0.0875534870733908,0.0252431275560049,0.0037477576047728,-0.0304077132857759,0.0136872937123428,0.1140410505713818,0.0291208416312357,0.0213664752635127,0.0135572055741899,0.0006994135499494,-0.0022521605403575,0.0054130357426049,0.0242504352331109,0.0431836413498336,-0.0577144724867173,0.0015156639815376,-0.04674597049467,0.0093020585857372,0.1755290459321008,-0.0833206409593454,-0.0071374459238262,-0.0096554038544194,0.0444479736286824,-0.0109277074107224,0.0250223998700549,-0.0178979192576131,0.0035473974902229,-0.0001623905262458,-0.0263756242282285,0.0178304087794283,0.0095958976883672,-0.023908225902383,0.0199309142042933,0.107765576384988,0.0907281614399637,0.0733531309827468,0.1039557615165343,0.0531427967913697,-0.0014010400462315,0.0201782179032792,-0.00863298338611,0.0522689717626461,0.102137804614689,0.0534753285559297,-0.0512224421345732,0.0831788452243627,-0.0117508124643638,-0.0014689908390365,0.0362442280819905,0.1149590730203373,-0.0373444613172191,-0.0107566887017248,-0.0298411718913263,-0.104596895195855,-0.1297507377816137,0.0346112807906013,-0.0218271956400506,-0.049211500502081,0.0335610891669713,0.0392929919159663,0.0964955446341151,-0.0707911531987633,0.1041532972057206,0.083408917779703,0.0742512318088401,0.1043878359318846,0.3390349659706857,0.1686569984000792,0.010559866283222,0.0421148459067799,0.0045787685150147,0.180558807718151,0.0597596267546554,0.0742181670591251,0.0793526911842545,-0.1739552490800988,-0.1103064408597861,-0.141901412467616,-0.0482672590451667,-0.0025914958442542,0.054931436423671,0.0678830839502735,-0.0439654754232851,-0.0743867379171615,-0.1216384688670637,-0.0588789446144669,0.1093794379954558,0.0983212149135002,0.0411558446360902,0.1445517039057933,0.0135504732698152,-0.111367906724579,-0.0777415718067801,-0.0722298972992298,0.0336548472086217,0.0834528903929336,-0.1370476319182445,0.0943046921950758,-0.109959952631336,stop,1725,29,205.7088790719157,-0.0614964180553465,0.043502410756821,0.0724033559114322,-1.0,0.7073974734214447,1.177358912941393,3.083848815392683,1574,0.6345882467784665,7,0.1785014419709208,0.2121918554666215,-0.0252648073415509,0.0088495575221238,-1.0642156293402862,-0.4296273825618168,0.446658981703023,0.1636594295939348,217.28663213826,205.7088790719157,260.75624972625224,3.0516469676833577,-0.0038051723326748,-0.0058829606869424,0.0139292057002676,-0.0613892574830053,0.7574820344372295,0.0039789548250492,1.0,0.065642871906743,2023-06-14,45.0,5,0.0480034414618906,0.0656776653982886,False,False,False,0.0,0.0,0.0,0.021004409257594,0.5762597517179353
WTW,Falling Wedge,bullish,1,0.6273444635698747,5,43,2181,2182,2025-05-21,2025,4,306.25710127821503,303.7758417706873,347.2509892266298,286.68939491064225,0.5193459154732308,0.0081680606761376,True,0.013696998375392,0.0010136440875367,-0.0210145394474885,0.0716645120066132,0.0198391296172193,-0.0022137896109072,0.0084832009533237,0.0197973103113986,-0.0111938092624397,-0.014457715569819,0.0097811751623031,0.0218581521116028,0.0664112819650135,0.0094727243997219,0.062192312593184,0.0097967651993937,-0.0162640076311495,-0.0354856657379974,0.0023116031124359,-0.0900237991992553,-0.0074243432912883,0.0020552161579621,0.0084177126834007,-0.0107710048956636,-0.028603153848082,-0.0322715891211489,-0.0664913280715422,-0.0584030355823804,-0.0149566484153738,-0.0962115009834253,-0.0022258388734733,0.0229389828226989,-0.0361133954584248,-0.0597385535290255,0.0366552545988481,-0.1338614866651376,0.1507859810350549,0.0011055737571665,0.0693287529604631,0.0618663264335035,-0.056847805880792,-0.0122336903439225,0.0320522382187535,-0.0109200683470934,0.0006387597606816,-0.0005258513114351,-0.0386469329708101,-0.0616053565863707,-0.0792772341950853,0.088078955112449,-0.0072249807349119,-0.1054113616719421,0.0685516418118241,0.0721868163030834,-0.0346086898451395,0.0825412383230486,0.0456998872350409,-0.0073885176720838,0.1085477820134235,-0.0038400483216493,0.088867174367371,0.1040455992221294,-0.1000339729030274,0.0258860310781718,0.0302994487862593,0.0300420234158453,0.0020248769785979,-0.0077352963465114,-0.0587095016186548,-0.0237366640713679,-0.106064078792199,0.0857621912859372,0.0299181572203401,0.2891346869900306,0.0216648155225933,0.1079697635605072,0.1001687684059597,0.0872338841138387,0.1432624161508955,-0.0074438680827074,0.0323012959792294,-0.1354816392431822,-0.0006473448860547,0.068778602377693,0.0721227938952957,0.0648805078853844,0.0948426325731015,0.0157687822230347,0.087637639159362,-0.0431373190872672,-0.059235091821677,-0.0765117477824837,0.0629182940611907,-0.0444201316720487,-0.0653459587831178,0.0527470356843653,0.1148840475822119,-0.0226775208361095,0.1060602978644216,0.17253700175726,0.0618211196832856,0.0328006747060334,0.1152442106699054,0.0241552210115623,-0.1314206939759544,0.0145220058353232,-0.0742415518129433,-0.0235711771996736,-0.0403362574106597,0.125673741842557,-0.0194877503548853,-0.0788363336544032,0.0669332652190179,0.1510894892474426,0.0337907507074087,time,2241,60,325.5262756347656,0.0629182940611907,0.0842999188572235,0.0554947413591853,0.9847436380424784,1.3193906481541535,0.8685565035365231,2.094976650730464,2134,0.5754481403363108,7,0.1806734192280323,0.0428900538071352,-0.1008180655449063,0.0,-1.021066866835486,-0.4456187264991774,0.6973626597796811,0.130465203043739,303.7758417706873,286.68939491064225,347.2509892266298,5.258219618117615,0.0077661591329694,-0.0252120427783398,0.0171797920998575,-0.0002923575561818,0.1724090970992764,0.0019505094425016,1.0,0.0886033163198953,2025-05-21,29.0,5,0.0307342745217062,0.0312941456172815,False,False,True,0.0,1.0,0.25,-0.0403142306088563,-1.5004155415481033
WY,Falling Wedge,bullish,1,0.7554225522030534,3,42,1204,1205,2021-06-30,2021,0,27.73497983866487,27.444760951533453,34.5183241851544,26.01383794310001,0.8397390574442816,0.0105746553101313,True,0.0156522286857154,0.0108719058615462,0.0338925856412346,0.3442097742169228,0.0367002969849949,0.0062501727463302,-0.028743363238803,-0.0166198177133518,-0.0314118138668725,-0.0184854304109683,0.0267719575722336,0.0202960236144924,-0.0279133983152248,0.0912241692058084,-0.0148542082823804,0.0510721537484912,-0.0077384181118357,0.01240193574136,-0.021588479956576,0.0787034015953822,0.0420787388644678,0.0147687232239106,-0.0138985214772653,0.0037683411757747,-0.0099420849195066,-0.1040905646286218,-0.0356293600745971,-0.0274294658351864,0.0038805866653683,0.0322301353576268,-0.0651114671783529,0.0253843780847913,0.0168737229760285,0.0098486878364045,-0.057692536836029,0.0242281814890847,-0.0270565228961511,-0.048006880588754,-0.069767429897213,0.0322497224981939,-0.0278255996925842,0.0819604486003917,-0.0055784417372932,-0.0432841108549858,0.0072869991993393,0.0176448170514017,0.0095652823161522,-0.0179022064373195,0.0208331197731868,-0.0189914103507808,0.0557506162016119,-0.0289935653504141,-0.0114394828875601,0.0761056968830391,-0.144085283371703,0.0472580451965667,-0.0398988186845276,-0.0044620854775274,0.0968419372165403,0.0011895603341485,0.1128012341168867,0.0970027742773693,0.0566534049320304,0.0058935599952139,-0.0130635097580589,-0.0689548111430182,-0.0263321741674441,0.2261226843141619,-0.0124462922863337,0.0202899741554378,-0.0202585745370149,-0.0686258274648968,0.0084218360536005,-0.068752625181918,0.1160013956808252,-0.000748738765768,0.0124861220395104,-0.0788177226723024,0.0096408562300487,-0.4267156741020002,-0.0556400379213607,0.007433610881101,-0.0191821271715814,-0.0865009511994311,0.0324718302549194,-0.0286620441918142,-0.0606472399983883,0.0038996960886745,-0.0299917855929575,0.1822388510932819,0.2356838235462686,0.0360903117751473,0.0830403799955923,0.0446555120416467,-0.0279550410620125,0.0704997257806119,0.0167692398448009,-0.1865561852669376,-0.0013086843050823,0.0027529245067832,-0.1418186446314447,-0.1438197826021809,0.0188938496445665,0.1851371051499426,-0.3407188971278527,-0.5035173570778873,-0.0828134117285105,0.1753485119658091,-0.0174568750597284,-0.1053140541151377,0.1413082051616712,0.0479184107543746,0.030683156729895,-0.1175591637000199,0.1320167283525093,time,1264,60,30.03810310363769,0.0830403799955923,0.0967276701129717,0.0536229987180009,1.3381367747236017,1.5586977385986291,0.8640965583168374,3.941188326174192,1162,0.6577391490075644,6,0.059981962740635,0.1484006534342004,-0.078800551259717,0.0,-1.338820638084529,-0.681081489076968,0.411762444082147,0.1581197651823802,27.444760951533453,26.01383794310001,34.5183241851544,0.5426400209306806,0.0399449404228677,-0.0659165163861978,0.0196106574088882,0.0426600574176709,0.8867896009673452,-0.0041005615230339,1.0,0.021722011621817,2021-06-30,54.0,5,0.2397833051004858,0.1288697422329203,False,False,True,0.0,0.0,0.0,-0.0593593718242637,-1.0843375136254785
WY,Falling Wedge,bullish,1,0.6149274831908613,5,46,1230,1231,2021-08-06,2021,0,27.77518576250534,27.683931466067023,31.046255922585715,25.88330668935713,0.7473803209381928,0.0032962910831566,True,0.0078145770262358,-5.260513777693987e-06,-0.0095602034518292,0.0550799086365347,-0.0193603421518234,-0.0142902415260708,-0.0286667965993581,0.0131766309145002,-0.062469335123069,0.0053991351066124,-0.035999970563304,0.0779687796692654,-0.0498193186316282,0.083055067992791,-0.0340714119136723,0.0142216473185601,0.0009985224403257,0.0772521061420707,-0.0421455045787985,-0.0076581683746749,-0.0046558266934214,0.0023963337623393,0.0067720264074684,-0.0112883102492122,-0.013322278242009,0.0752748200125019,-0.0095953600714309,-0.0133373339571893,0.0026171228116762,-0.0379358488978043,0.0477592910239816,-0.0235391617049983,-0.1355740586802537,0.06829127356899,0.0008862802050679,0.0065233635081822,-0.0052313416157403,-0.0218662944212303,0.0132923014305113,0.0005735831622237,-0.0781419593478848,0.0003278237628061,0.0356557442930776,-0.0494054929429359,0.0056270559402042,-0.0053984006532,0.0654786797345201,0.0414765171314048,0.1022154038821387,0.1131360017460174,-0.0616792764287712,-0.0270111459086822,0.0145733322607994,0.0705765114581395,-0.027345146321444,0.1022055476986623,-0.0526319497868493,0.0242565630402866,0.1121045307239219,0.0557172796466372,0.095961933674344,-0.115104138612775,0.0266826395963282,0.0210518328480653,-0.0051341065145049,0.0421577633540479,0.1426095065883827,0.0273540497932576,0.03239382309762,0.0534509613281113,0.081581842620568,-0.0906977532595668,0.0493071318361935,0.1146494801770354,0.0633745735461415,0.1049153041499881,-0.1952061524840759,0.105719219194309,0.2120201240361829,-0.0303148446121238,-0.0735236476001334,0.0308355246823743,-0.02380743993123,0.313173928214572,0.0185778958538973,-0.1187917882772998,-0.0461536135657348,-0.0775940327093801,-0.0310112106309404,0.0015498341794866,0.0465713058955845,0.0347712693933473,0.0906106024950335,0.0475473120912055,0.0568123156037643,-0.1478481700408229,-0.1215940477974236,-0.1272458675885589,0.0642025128380046,0.0355995397532569,0.0932036310272297,-0.3086790975449437,-0.0886532595187559,-0.0186974916837669,-0.0439927930158785,0.1189923013353648,-0.1073239951387619,0.3752384399722204,0.0379422591299483,0.1395051454371016,-0.2384639107076429,-0.0207261030234388,-0.2368087110307524,0.0574581377976577,0.1146645607048434,target,1276,46,31.046255922585715,0.1177695151366404,0.1292450068570421,0.0367586375937962,1.729005942561173,1.897480724471972,0.5396634499716361,1.729005942561173,1184,0.4747197365510018,5,0.0474417977657774,0.0166936463100304,-0.2236862771634795,0.0,-0.737298872006545,-0.2625791354555449,0.831744396618072,0.1312251510573531,27.683931466067023,25.88330668935713,31.046255922585715,0.5793903206337271,0.0192771694016988,-0.0082968050388869,0.0208600031893833,0.0140437134649322,0.3636339991677108,0.0043502823471754,1.0,0.0160038523863665,2021-08-06,54.0,5,0.0987648878265958,0.0398696727064018,False,False,True,0.0,1.0,0.25,0.0099179159885325,-0.0238367892920712
WY,Falling Wedge,bullish,1,0.7942561685592463,3,22,1434,1435,2022-05-27,2022,2,34.10598876222807,32.30839164963783,37.9935195831788,31.069316923366728,1.159586955412279,0.0556387062557599,True,-0.0177781010427126,-0.0135224130550515,0.0355823865781363,0.0017156818556938,-0.0167084609759449,-0.0062695356344552,0.0598851956396151,0.0559175803640323,-0.0021950118318753,-0.0304281204517375,-0.0073614968966887,-0.0090908230257465,0.0312688280566624,-0.0260490536557372,0.0077209483807298,-0.0185247892936246,0.0160152191985774,-0.0476923196665886,-0.0057195936996882,-0.0371917975830512,-0.0031202982138645,0.0258460179966626,-0.0189581288997679,-0.1355740586802537,-0.0423568939085808,0.0196783617162725,-0.0313435039617913,0.002059766030197,0.0130584020628605,0.0548235455465726,-0.0665648465734377,-0.0702075694822056,-0.0675238314264905,0.067084671480508,0.008080050403243,-0.0454990411662517,0.0269256427281527,0.0157696922658134,0.0250659835686024,0.0285486878292868,0.0603714463639741,0.0952381394002275,0.0011765298720034,0.0644285057037323,0.0085812352656158,-0.146061652061598,-0.1577711390968921,-0.0821921673115185,-0.0750830288079793,0.0562270799253243,0.0077141879286721,0.1358907771282733,-0.0037952921768804,-0.1782579100050623,0.0491696595718194,0.0176340132562022,-0.0087232430266437,-0.0636356356284777,0.0774580945381107,0.1117802926785123,-0.0354977989474281,-0.0135029081736992,-0.0281281420065756,0.0057428569100039,-0.0179398443918471,0.0155501308289494,0.0322580294504046,0.0914288696860723,-0.1665856485337796,-0.0979903415530146,-0.0719291290467454,-0.1489443506885854,-0.123679043605595,0.0555735300788897,-0.004295370901547,0.0274833323504899,-0.0495135958774562,-0.0205228185533796,-0.0519972716057807,0.4168658945526715,-0.2199788477628426,-0.0646354433230592,0.29369060246901,0.0864841876418598,0.0475547941441159,0.0537214835106114,0.0851355034923531,0.094362509112329,0.0852597653721871,0.0824007915459856,-0.0286620441918142,-0.1288055219410368,-0.0916843337332347,-0.0962954350068647,-0.016715981308036,-0.0186490996736656,-0.1161191890405491,0.1149840276923286,-0.0910832663358088,-0.124692054014954,-0.0506346627443299,0.0406895459690717,-0.0632822072612334,-0.37168332429148,0.0345048202115021,0.0937401802759161,0.0589063342615086,0.0006311535468499,0.0277833770051347,-0.0172737717945107,-0.0784059477568099,0.0782220653807772,-0.0928949027001865,0.0864931076155008,-0.0664103439850859,stop,1443,9,31.069316923366728,-0.0890363232109082,0.0067787253490882,0.0967288599176407,-1.0,0.0761343809428306,1.0863977355456431,1.280194577234405,1410,0.6284853849391396,7,0.10723861901007,0.0932491871848089,0.0830631957908818,0.0,-1.49603019933251,-0.8675448143933665,0.5188029466077275,0.1017827749983828,32.30839164963783,31.069316923366728,37.9935195831788,1.0666904752918316,0.0825912280526355,0.0249035583711463,0.0308803565829444,0.0975868601206013,0.9909924771203424,0.0079609242135667,0.0,0.0079125656162828,2022-05-27,11.0,11,0.1447405699399926,0.095827455187982,False,False,False,0.2,1.0,0.1,-0.0601142196708907,-1.3862767292623324
WY,Falling Wedge,bullish,1,0.648691430824005,3,31,1689,1690,2023-06-05,2023,1,25.76074422959904,25.965960239351148,28.38714436860204,25.18280981983949,1.3239559593926655,-0.0079032705842745,True,0.0470506901039631,0.0303399166364828,0.0135012761532689,0.0078512099965692,-0.020201915876331,0.0018058911807588,-0.0666270971365238,-0.0397685916883847,0.0274401877633136,-0.0421539718889512,0.0143985313003804,-0.0196763280177979,-0.0261341654243073,-0.0599078937536705,-0.0640784037986111,0.0529934294382465,0.0732812422667796,-0.0593397305187896,-0.029354462687459,0.0413517503078848,0.0254155221689238,0.0048740329499477,0.0552671644672007,0.097612626938925,0.0691739613067681,0.0548235455465726,-0.0092531666299454,-0.0430735555273144,-0.119145040998739,-0.0047114193715147,0.0130919711617574,-0.0624635956900356,0.0096885225660612,-0.0442538096656092,0.013794093838503,0.0079202526075612,-0.0457429206629816,-0.0141058788211512,0.0156647707104951,-0.0076920667311408,-0.060326107862297,0.0346587890349772,-0.0235391617049983,0.0133562327427507,0.0014064974906455,0.1111077293372452,0.1671349569029567,0.1246993210200881,-0.0892764672095663,0.0686435642558125,-0.0247468026269408,-0.0700611553095701,0.0843474763757221,0.1059940521016244,0.0651317830871958,0.0466382651047507,-0.0274661061010499,0.0051662283655991,-0.2052477561863013,0.0548690131337494,0.0417196511231414,0.0029555247992858,-0.1073445112577071,-0.0212255718982342,0.0662370709294606,-0.1125555580183055,-0.0645800231789339,0.0119355252658928,0.1755782467651755,0.165730549151972,0.1068278149265735,-0.0457534094982,-0.0513615459129993,-0.2329557244775633,0.0462448329413309,-0.0200721851228136,-0.0396224723087533,0.1896758205752489,-0.124936033818561,-0.0354649912345563,-0.0952521848815759,0.0362986773531632,0.0474786624954703,0.0732503620112354,0.0902985966271732,0.3488371335931264,0.0081327537871125,0.076314749093026,-0.1307209405066158,-0.0777826533133017,0.0093704731175607,0.1621315531259966,0.1622192336109182,0.101246384796684,-0.0505548034782896,-0.0697966141905935,-0.0875595868880776,-0.3991871974426427,-0.3475914039778974,0.1218368731100323,-0.0206787107134841,0.0789295688742317,0.0569161886333295,-0.2460606526317926,0.0161198455520985,-0.1308805140327994,0.1207556401005243,0.1938050173757026,-0.1649840202520229,0.1184451325838891,-0.1681845550845953,-0.0044316011045523,0.2148113129622242,0.0503253056344981,0.1981174723594291,target,1704,15,28.38714436860204,0.1019535816044192,0.1271068054411545,0.0031601177680644,4.544460573122325,5.665635839494817,0.1408585199008811,4.544460573122325,1657,0.6125637137111286,6,0.1416619543668363,0.0227494444923144,-0.0448981058050328,0.0,-0.9983384293561856,-0.3857747156450626,0.527161746653673,0.0802342543438131,25.965960239351148,25.18280981983949,28.38714436860204,0.5386315975868285,-0.0616647652598734,-0.0385264372458936,0.0209974763476101,-0.0861899980153091,0.2727288490465477,-0.0076308103681687,1.0,0.0350677502264606,2023-06-05,62.0,8,-0.0070237970618645,0.0199735570791621,False,False,False,0.2857142857142857,0.0,0.0,-0.0380139592186517,-0.6570736910819472
WY,Falling Wedge,bullish,1,0.7824370765384563,5,58,1953,1954,2024-06-24,2024,1,26.9355393301248,26.90854428667609,33.39222035265823,26.45385627038101,2.262440937506238,0.001003214561186,True,-0.0476848885354204,-0.050166646815561,0.0082473512384184,0.0082884695356573,0.0329196726716738,-0.0176850872103395,-0.1022764512933911,0.0225080978192555,0.021204235271141,0.0137816408460946,0.0075408815590458,-0.0185247892936246,-0.0003027923577915,-0.0547568608835348,0.0259500638787748,-0.0321646187240931,0.0104560249376153,-0.0082864305428541,-0.0029301282694652,0.0492956619397129,-0.0112818872655948,-0.0381371448316428,-0.0433771839866733,-0.0473393279281482,-0.06908597563824,0.0893131786166963,-0.0135470893919119,-0.016178717956938,0.0350291629303116,0.0224104610752953,0.034166499535563,0.0217972932006886,0.0518770458931583,-0.0185874178120438,-0.0637898048692791,-0.0848119457122497,0.0146174074555183,0.0320336386505502,-0.1484894832849048,0.0120482328074429,0.0076637860074029,-0.0015426386668283,-0.0580670370918877,-0.0107653769093795,-0.1504839480321627,-0.0350739902504003,0.0456115894277124,0.0276148485630556,-0.0066161001090454,-0.0090459481697314,-0.0512129188661911,0.0772175020015024,-0.027345146321444,0.0723809254357739,0.101079827315661,0.09857217702114,0.0657475133725589,0.0814754319620298,0.2136191200906063,0.0338022802924891,0.165233179283506,0.0514736217128912,0.0583383006664397,-0.0455077407606203,0.056026925264877,0.107062177224934,-0.0219578661094221,0.0493352913786218,-0.0078723382066163,0.0404284635650271,0.0133875662289035,-0.0985505872601066,-0.0884198844348772,0.05076439673886,0.046027938084066,-0.1401403703850477,0.0128964619331217,0.0137725044012069,0.1983805492943249,-0.0331441082975164,-0.0179686893994728,0.1018460882493368,-0.0548398358534354,-0.0084537278149986,0.006110191079176,0.1333371092749355,-0.0562001924227808,0.0664769757649561,0.0600912332777852,-0.1109070403545303,-0.090319860246234,0.0408905059835887,0.1512974773355551,0.1192932281534753,0.3243124005098845,0.3659787674406474,-0.0443017375805531,0.0776641054667215,0.1022844594943461,-0.0921316229545873,0.0101360428832841,0.1411337405303536,0.1317364794314228,-0.057612643073481,0.0627518920382006,-0.0259346457670807,-0.049384393391723,0.1706712680087732,-0.0471229037578957,0.0545781364134112,-0.0394038367609085,-0.0749418613602032,-0.018653982838416,0.2167550112405265,0.0908717435369189,stop,1954,1,26.45385627038101,-0.017882807314167,0.0,0.0286800244778601,-1.0,0.0,1.6037764079211057,13.404417888326329,1894,0.8418450643828558,6,0.0798328562816394,0.0722069855185367,0.0594661048059617,0.0,-1.271806769779722,-0.4299617053968644,0.1059451699002944,0.142973597190918,26.90854428667609,26.45385627038101,33.39222035265823,0.4939561487417637,-0.0798066690329795,-0.0428005202794754,0.0182753069635369,-0.133956035977542,0.2083343267450308,0.0003444769764235,1.0,0.0352326159951614,2024-06-24,63.0,20,0.1535881422720888,0.112981169014104,False,False,False,0.1052631578947368,3.0,0.1578947368421052,-0.0350514546699425,-0.5306662057190681
WY,Falling Wedge,bullish,1,0.7311500269121021,3,36,2392,2393,2026-03-25,2026,1,23.11730705790819,22.72802819004937,28.176229497879376,22.081185633357336,0.7205348203000977,0.0171277008548083,True,0.0284742335006991,0.023597362426839,0.0391194824651008,0.0071670351467774,-0.0132089146332646,0.0038288737660179,-0.0953743115261824,-0.0421023808739119,0.0406560392209898,0.060396152683193,-0.0177068632423293,0.0078329337236227,-0.0289896412026762,0.0009985224403257,-0.0127309714600236,0.0470506901039631,-0.0598872147260277,0.0821441214641165,0.0057100518395982,-0.0474992148768816,0.0852736424679703,0.0219419561553817,0.0242432340539111,0.0548235455465726,0.01211279327912,-0.0040751915835743,-0.0089051462690782,0.0128559405193784,0.0377463053224134,0.0308228750748389,-0.0053492872992317,0.0575036274504996,-0.0658056082145537,-0.026254577867337,-0.0171577351715561,0.0238331097150275,-0.0513346719666031,-0.0114903625981769,-0.1539773402078476,0.0452427798232017,-0.0055387372915968,-0.1064722713530391,0.0224104610752953,-0.0634005927688419,-0.0223345250728363,0.0704075929807535,0.0624733005719682,-0.0240065432952465,-0.0578413278875205,0.0214933917733486,-0.0886889677205691,-0.0563506285774472,-0.0303942359239172,-0.0443280291657472,0.0562270799253243,-0.1549718772148279,-0.0701418105039362,0.0260836187799966,0.0137467323372155,-0.0091626870866343,0.0260836187799966,-0.0645800231789339,-0.0630110631955911,-0.0379161412081379,-0.0224875980084611,0.0483145486195584,0.0788903185375422,-0.0323861428257545,0.085544361759193,-0.0004249693845104,-0.1394612445115783,-0.0396224723087533,-0.0989924476823775,0.0810076307925506,0.0791576135772103,0.06249395770196,0.1824955878751799,-0.0400234846128471,0.0493232503563392,0.24217849990837,0.0848653933659044,0.1502313978786875,-0.1027180325636928,-0.0517896624363013,0.0256687860156499,0.2706238734987507,0.0638092900864135,-0.1761468061548239,0.1709997955339752,-0.0199064914262988,0.0212996475582785,-0.0481727357327191,0.0394364951566608,-0.1051019907589929,-0.0186974916837669,-0.0396557513280434,0.0392412326969586,0.0351370183818031,0.1014173697468721,-0.0532734064030936,0.2151056459977811,0.1216444223578843,-0.0499980960240308,-0.1754005082352344,0.0364330909299004,-0.0382786782620185,0.0253154704233231,0.0167692398448009,-0.0748978449063583,-0.0842666678462356,0.2178936604908707,0.0024004097665506,-0.0928949027001865,-0.0197209825827594,0.0312228336234099,stop,2430,38,22.081185633357336,-0.0448201610142304,0.0964724550560412,0.045898833383582,-1.0,2.1524343704479536,1.0240666776946443,4.882557507354097,2355,0.7923882836321866,7,0.1307804323991127,0.1194094599697483,-0.017980714478081,0.0,-1.2807329475005689,-0.4883446638683828,0.1918960236454394,0.1599996423308457,22.72802819004937,22.081185633357336,28.176229497879376,0.622334936995686,-0.0292651704449843,-0.0605602617764297,0.0267841427391714,-0.0122198491158421,0.5999993642155,0.0123194549644003,0.0,-0.0498250924154898,2026-03-25,17.0,15,-0.0264623340529578,-0.0064550374968619,False,False,False,0.2142857142857142,0.0,0.0,0.0544338316452184,1.1876133046423816
XEL,Falling Wedge,bullish,1,0.6224599117625316,3,26,654,655,2019-04-25,2019,0,44.77694594663648,44.14322790350577,46.039475373582086,43.23831728950024,0.6660507774673597,0.0143559515972864,True,-0.0049822524945372,-0.0018328955207508,0.0017257864489879,-0.0001637475211351,0.0207116049338798,-0.024276004876289,0.0121610222915857,0.0288692314980061,0.042080818292256,-0.0217350817486218,-0.0117878197765712,0.0143235415511924,0.0099951969427642,-0.026718096249965,-0.0074072254949326,0.0386947566514117,0.0201819715231168,-0.0065674774289957,-0.011857473432371,-0.0176530125722196,0.0143773524984127,-0.0090065358328429,-0.0082796928794206,-0.002490943858356,0.016132450018643,0.016777380445432,0.0222742655981664,-0.0398186324052053,-0.0077398089510418,0.0563321868613655,0.0104040045309987,0.0202863648016009,0.0034820513265652,0.0295917809453409,0.0078932374655067,0.0481929263528921,-0.0073897972732598,-0.002019917437096,0.0388600263851675,0.0584012884947648,-0.0181450019191854,-0.0255030699559429,0.0818653771497954,0.0002742572579002,-0.0077007390846999,-0.0168068528878093,0.0514235717213931,0.0855210606397055,0.0340991782648509,-0.1912602394211244,0.040519752996643,-0.0309335568672868,-0.0099692895995784,0.0218867898916281,0.0474920631789972,-0.0008776819456551,0.0796474169884402,-0.0199466007570632,-0.0035409980888929,-0.0230210573015809,-0.0034447361437448,0.023963964222281,0.0642175122223618,0.1072055476712798,-0.0206286244214906,0.0036996619380851,0.002756211916024,0.0303089130737199,0.0438148603304984,0.1025197214596709,0.0911194373326231,-0.0954453418030153,-0.0686723198530364,0.0759537493320821,0.0105129718749132,-0.0165623685183186,-0.0082399092957293,0.0714838988623687,-0.0864739066797066,0.198569798637662,-0.0339055481418887,-0.0883593897755451,0.0181167862554401,0.0859546763468588,0.1394472447259618,0.0534913568630563,-0.1031886880872753,0.0795216755372067,-0.0007926757401602,-0.0891281844583001,0.0022160607141703,0.0952947271198337,0.0876500771222548,0.0628334960309497,0.122025240661302,0.1095684176867584,-0.0086682263912716,0.0843814161491209,0.0121489106643244,0.0651203027020801,0.0119558868057123,0.122915193901341,0.0713911032366563,-0.0754805976428303,0.0194034768714415,0.078525916735656,0.0866300982739012,-0.0532277926276048,0.0553689665941103,0.0475248407504738,0.122915193901341,0.0540289134443707,-0.0217380689528682,-0.0040898517038057,0.0426151100692443,target,666,12,46.039475373582086,0.0281959700523175,0.0288253281688743,0.0224199420441049,0.8205549929737268,0.8388704807526881,0.6524618714070358,0.8205549929737268,628,0.4682760547491016,5,0.0507742075052814,0.0523897114570486,-0.016482615350973,0.0,-0.8724424144586124,-0.4041663597095116,0.8890895138538633,0.0433562112377948,44.14322790350577,43.23831728950024,46.039475373582086,0.5861755004445663,0.1172282810310145,0.0130933043527539,0.0131401088175411,0.1628589339024448,0.8101272851941564,-0.005774952043808,1.0,0.0443406441624001,2019-04-25,1.0,25,0.1204723933698064,0.0902201359222392,False,False,False,0.0,3.0,0.125,-0.0044337154840881,-0.4876651791205311
XEL,Falling Wedge,bullish,1,0.6118205180427827,5,41,1078,1079,2020-12-29,2020,0,54.64062830304485,54.34463301175248,65.17774547136554,52.47933443159269,0.6671363209405206,0.0054466333635625,True,0.0143468481985715,0.0110970822167908,-0.0011845013223966,0.0135239452935203,-0.0111752916148594,0.0044624799736552,-0.0019120034495364,0.0301150385270401,0.0410978761862459,0.0115823139751725,0.0005893503674929,0.0068443151905439,0.0130838911444315,0.001987201237714,0.0238093853835339,0.0249532714714553,0.0336654697241152,0.0265736254471626,-0.0041392594270853,0.0045329735292001,-0.0283622405638229,0.0608128942954291,0.0018038114301209,-0.0077838663004077,-0.0277925895744124,-0.0117320686320709,0.0140381535283269,0.0585665197217943,0.0147164207667032,0.0757049961002032,-0.0295761254470324,0.0380651401170146,0.0292678337275709,0.0101387336498943,-0.0226788873875252,-0.0294694166893928,-0.0077007390846999,-0.0100328971890173,0.0004892983456292,3.057265740569193e-07,-0.0122408497221712,-0.0046510508439933,0.0122278337399277,-0.0199262532593682,-0.0473628050590237,-0.0106760734058748,-0.0286935286766744,-0.0429012917043546,0.0175669943063097,0.0575614278912615,0.0020509794424887,-0.004045380947214,0.0105627060440247,0.1279717289481081,0.0745026138763895,0.0516541293432961,-0.0125956701247462,0.0894767431956777,0.0254207099000818,-0.0588921042791564,0.1009968901926052,0.027830770172434,0.0297728798251044,-0.0448574312325112,-0.0103581239909662,0.046258861481879,-0.1002381792931106,-0.031008914288562,-0.0486751101998441,-0.1057692848257895,-0.1273090365005992,0.097933838817579,0.0588124908409521,0.0354667793741156,0.0869702033539472,0.0728912019505445,0.1219921065527875,0.068120653953122,0.1184851507734092,-0.092495315255929,0.0176127040079776,0.0619451551930758,0.0094101800027457,-0.0081336148026621,-0.0109475882572274,-0.0606224137637794,-0.0590476411671526,0.011301791143788,0.0800302197980078,0.030726985324504,-0.0034743382723801,-0.1376182123041608,0.0196064481853524,-0.0473671119318854,0.0191592249505792,-0.0054835214481968,0.131555210017668,-0.0458761673713794,0.1622427793958545,0.0404385730413754,0.1052670976044019,0.0453010732805037,0.0979400929745188,0.05004260013278,-0.1851946227336389,0.2014268145610702,-0.1530792192087772,0.0960761590111942,0.0636259184306764,-0.0295657502940158,0.0664335706114065,0.1626639337110114,0.0421940452899061,0.0683925354990204,-0.0270715691874455,stop,1098,20,52.47933443159269,-0.0395547038636765,0.0227412789800259,0.0538766441686598,-1.0,0.5749323533909587,1.3620793206882114,4.875374564978002,1037,0.6770509510034415,5,0.0384715179066276,0.008421989539793,0.2590566307397495,0.0,-1.167337022663551,-0.4902860716601085,0.2968725310650082,0.1390382244028823,54.34463301175248,52.47933443159269,65.17774547136554,1.001731771831352,-0.004135991929298,-0.0492808573673752,0.0183611179836063,0.0602694826547165,0.5270277236501724,0.0027555107416459,1.0,0.0303357188991786,2020-12-29,1.0,26,0.0906721019706089,0.0388013696408129,False,False,False,0.04,3.0,0.12,-0.002755339692892,-0.2817800516378071
XEL,Falling Wedge,bullish,1,0.6519099385353121,5,51,1211,1212,2021-07-12,2021,0,57.34144878587341,57.16896152694856,62.454416075634185,55.379698249461015,0.8013005060890873,0.0030171487170278,True,0.0069320258760443,0.0327663449033203,-0.0110258988541122,-0.00685511489498,0.0168263482525221,-0.0016021767064214,0.042080818292256,0.0113585039855381,0.0014193435270672,0.0184162405461183,-0.0019867737800854,-0.0239965259612839,-0.0345817749265225,-0.0274822860788832,0.0285166418387754,0.0113555336758364,-0.0255167291743435,-0.0093601953748764,-0.1191628738169982,-0.0246360676447037,0.0531655017830565,-0.0125138177819815,0.0127110910307454,0.0075221780288041,-0.0034350258569719,0.0143401767141961,0.0077937522340822,0.0435075791074626,0.0382379407755089,0.0532733588290952,-0.0077838663004077,0.0050175472913114,-0.0386462024227884,-0.0220500965780485,-0.1622113334161835,-0.0038740158419252,0.0578388302569998,-0.0067555958414711,-0.0020548119817372,-0.0448918728606857,-0.0159420390533807,0.0675154760222256,-0.069146398391814,0.0530346179268819,0.0031212619922571,0.0090059626057252,0.0194691833496529,0.0059674217673237,0.0646198930417341,-0.0187067543470581,0.046258861481879,-0.0403503930805533,-0.0344826695559917,0.0760488110276207,-0.0753341240783495,-0.0877714109294367,0.0531615665562585,-0.0161650623391175,0.0072545439509772,-0.0645129197119174,-0.0527520082660525,-0.0105219897834171,0.0572939381923847,0.0159874651691536,0.0413104243334496,0.0357756984666246,0.0481085084376031,0.0389861108645301,0.0152587588781368,0.0014750976115371,-0.0334137926652751,0.006355427761191,-0.118078128587154,0.0466138977447301,0.1345477548636964,0.0605591359533559,0.1288799668920024,0.0018871160520241,-0.0055807388056199,0.0390856503643983,0.0659939650362777,-0.0127254924092572,0.0691382198519776,-0.0570594491472166,0.1030521917117843,-0.0177834361218114,-0.161969433139914,0.0261821722468247,0.07853077081527,-0.0540440263189029,0.1944804175850094,-0.0249282015058961,-0.0599532818161028,-0.0559359477855603,0.0739980069755796,0.0960761590111942,0.0289361801088763,0.0707961098675746,0.0618217297310315,0.1863889164568697,-0.1044829283586811,0.0212287019387844,0.0507900958699667,0.0569941521343102,0.0336284935761475,0.0445017435908097,-0.1140118591497415,0.090535406560718,-0.1005507844658204,0.0443844380457802,0.0755673825756828,0.0751166654496853,0.0809854433444008,0.1214117046257401,-0.1046590697105482,stop,1258,47,55.379698249461015,-0.034211736500381,0.0483776204456345,0.0360438344840248,-1.0,1.4140650371575172,1.0535517389952824,2.6063289877372746,1160,0.4404400248521929,7,0.1654926836077384,0.1680902047054968,-0.0724894220788417,0.0,-1.2474823007286004,-0.8070422758764089,0.9588253777089056,0.0623223319307098,57.16896152694856,55.379698249461015,62.454416075634185,0.8004363904241453,0.0163670504273967,-0.0181920805735028,0.0139508961243219,0.0462153303290122,0.9178014903378946,-0.0016257266703357,1.0,0.0334657269793132,2021-07-12,58.0,16,0.0799507853592311,0.0356670694270204,False,True,False,0.0,2.0,0.1333333333333333,-0.0026015612710691,-0.0163246826838408
XEL,Falling Wedge,bullish,1,0.6766906349461014,5,48,1635,1636,2023-03-17,2023,3,59.58324378506041,57.77985113041541,65.21068032645508,55.42137020956551,1.3765841729646575,0.031211445155415,True,-0.0226627840134004,-0.0353291042267086,-0.0414589974320257,0.0184968912655745,-0.0389276974495411,0.0176990914505039,-0.0055608517956835,0.020073947208518,0.0322255894294618,-0.0191634292961681,0.0103856186085016,0.0041356582018179,0.0187187692480554,0.0261928759013718,0.0117829890748353,-0.0256189663838748,0.0064690433863696,0.0228094495481097,-0.0001447425052784,0.0137571687213453,0.0074508416356255,0.0093003575233661,-0.0270939643304447,0.0055164857262737,-0.0420527012323641,0.0117240951857093,-0.0064597644691385,-0.0237238605528523,-0.0008379626464973,0.0214086027520543,0.0504898305529426,0.0531643025735599,0.0247405834600242,0.0288683391081563,0.0308800528649833,-0.0036565090016027,0.0100432396774003,-0.0144416736382394,-0.044992216444993,0.0362183249790339,-0.0455175868494533,-0.0105109727618349,0.009894303665338,-0.0167810143810267,-0.002490943858356,0.0001155272155133,0.0484568314160585,-0.0107551599184292,0.0511717715450257,0.0012997295876595,0.011305546454468,0.0040673493629612,0.1019404024474401,-0.0117687384265527,-0.0294904559054057,0.0021853680270107,0.0803753678304297,0.003247325129295,0.0984812319809473,0.1129256546105306,0.0385828847153304,-0.0283592985762716,0.0169119613269623,0.1508759752448767,-0.036786147113331,0.063785053043835,-0.0206687556906056,-0.0241736742423669,0.0191614038484465,0.0125242498572391,-0.0443079413934088,0.0433336170935072,0.043039084786018,0.0968839830216965,0.0538924032235965,0.0469739503889035,0.1068598733014825,0.1101336865392856,-0.0040859055764286,0.0458631018633697,0.068120653953122,-0.0152315604740218,0.0893871181010417,0.035156725314372,-0.097756239060629,0.0433336170935072,-0.0455464798279432,0.0654973511093734,0.0872015145743538,-0.0217118711728928,0.0020081736270249,-0.0251433900366978,-0.0587446031558306,-0.1760937331491922,0.102960666475661,0.0325369195270273,-0.0664750452850735,0.1360357086265327,-0.0438157709593849,0.0616677524817168,0.0534681567822852,-0.0147898698927947,-0.1440320714307286,-0.0101472308755982,-0.0316946265518195,-0.05865063593336,0.071972596152783,0.0121784940918281,0.0755759986420854,0.0548338851347625,0.0506033494991096,0.0218868198686967,0.0956460607232843,-0.0766999625906796,-0.0748976628801473,stop,1688,53,55.42137020956551,-0.069849731419598,0.0729090097545283,0.092888012898746,-1.0,1.0437979971111524,1.3298263430785948,1.3521401934285064,1584,0.4525756366118888,7,0.1684210296966562,0.1275540734261435,-0.0727686538856172,0.0212765957446808,-1.593482917625323,-1.1409072810134406,1.1175097725270955,0.0723686913003796,57.77985113041541,55.42137020956551,65.21068032645508,1.447636418201194,-0.0186030916407438,-0.0050118285471494,0.0243650540616502,-0.0749562456836637,0.6975279861729183,-0.0174000392294669,1.0,-0.0411521752300696,2023-03-17,55.0,16,-0.0800063957335295,-0.0279992902192842,True,True,False,0.4,5.0,0.3333333333333333,0.0019340611271141,0.0165361951604711
XEL,Falling Wedge,bullish,1,0.6442276966603252,3,37,1755,1756,2023-09-08,2023,0,51.129534682171375,50.35620247529971,60.40952803923386,48.84243564935696,0.8999004052007585,0.0153572384107198,True,0.0247591445361929,0.0321349365744243,0.0374522140333395,0.0085081344800195,-0.0275108572472542,-0.023464679163502,0.0083667450433917,-0.0090065358328429,0.0358777024460268,-0.032164076816449,0.0341968737381235,0.0151903834743221,0.0221330477042582,-0.0543909805714709,0.0165399542023558,0.0181262423463779,-0.0223973382099511,-0.0017055443762683,0.0314674366487208,0.0105325963087292,-0.0319221862439278,0.013886734089415,0.0222733512335222,0.0558714062169387,0.0922397378760394,-0.0288595078091321,0.1019555261583546,-0.0357912596653535,0.0145933764343229,-0.0310659253758802,0.0462451447144178,0.0004513086574198,0.0191315357948842,0.0288000604558338,0.0065476779023914,0.0022115760140564,0.0756162525703461,-0.0266231683932298,-0.0528488583279883,-0.0086083732573455,0.0031769106224253,0.0408521781381046,-0.0034629271196027,-0.0382745077806258,0.0460945126592471,0.0478643295973064,0.0137992322837849,0.0521378360295193,-0.0155038906545293,0.0045836089546384,0.0964568422936154,0.0252742343659815,0.1279717289481081,0.0058504049826313,0.0505129799638957,-0.0467025859906796,0.0239780117470778,0.0517737427007511,0.0891918487324605,0.0134160924363864,-0.0736735449387366,0.0176067885415203,-0.003224518102072,0.1030128353661705,0.0253141656642224,0.019919963102692,0.004929858714493,0.0297728387282099,-0.0137238379940568,0.0788520888100805,0.1056605726743685,-0.0128972710160329,-0.0398664281473748,0.0707429401728994,-0.0037973936025755,0.0029045275344494,0.0158942141066809,-0.0415473074327241,0.0516591375654569,-0.0881716441350221,-0.1036415379314774,0.1073123181473094,-0.0113553986882785,0.0699549481060424,0.0604358829919662,0.0946067976267233,0.0645093407100543,0.0064038580771785,0.1369729367141017,-0.0302481821334226,-0.0495276418126735,0.0638348839674165,0.0866300982739012,0.0641846774312966,-0.0579481707489879,0.0418173608578844,0.0960500605368426,0.0471183424769729,0.0295308335943038,0.062593300535126,-0.0271260466995461,-0.0456877781672153,0.1622427793958545,0.1113027665765202,-0.1396070838575049,0.0178044465919815,0.0218813849445242,-0.0476718085270067,-0.0521734220274477,0.0753592639335307,0.0810685678910549,0.1614953726518884,-0.1297480124836425,0.0637573836299638,0.0630271212186463,stop,1772,17,48.84243564935696,-0.0447314658158216,0.0659475286946538,0.0501930785624787,-1.0,1.4742984047557852,1.1220977816632436,4.057538927661947,1718,0.6178610267247187,5,0.0111097130769369,-0.012387439637844,0.0203023452327757,0.0,-1.9994050285354708,-1.3815440018107494,0.4872582654874767,0.0818762096026443,50.35620247529971,48.84243564935696,60.40952803923386,0.8778371239594581,-0.1263056515215934,-0.0603131199454011,0.0171718920177793,-0.0971843521387898,0.8484871253937535,0.0017669871873018,1.0,-0.0008747031901837,2023-09-08,55.0,16,-0.035886098876109,-0.0670895843952477,False,True,True,0.2666666666666666,9.0,0.6,-0.0178511200977161,-0.6108205115303021
WDAY,Falling Wedge,bullish,1,0.7927532300154971,5,65,765,766,2019-10-02,2019,4,165.99000549316406,173.2375477122613,240.12122718655348,162.31102721059943,1.2421707648826734,-0.0418358624605736,True,0.0439784779287171,0.0319566201395398,-0.0215079292418465,0.0036212523847778,-0.1592392717412837,-0.0198444727469264,0.01035732748205,0.0136857548460609,-0.0255664480451083,0.0241467592964093,0.0073505332009919,0.0303533622479341,0.0470231474150231,0.027863266121628,-0.1040706298706386,-0.016532114624832,-0.0241736645825343,-0.0970352711397058,-0.0418564753789999,0.0367612371920185,0.0048119998012396,0.1462395718970099,0.0518590812030537,-0.0333152514988296,-0.0701104412552143,-0.0439805823302918,0.0065806324376398,-0.0125830467457102,-0.0114999771118162,-0.0321729321858372,-0.0519829780207513,-0.1095309594246088,0.0105300761278239,0.0070083493289985,0.378267766188153,0.0111911326044262,0.0877311713642006,-0.1141094454485385,-0.1019188247047478,0.0005972451662825,-0.1510614450019,0.0907146336053972,-0.0376542799308297,-0.0048775107343368,0.0034233063510158,-0.029548868075558,-0.0113862240321829,-0.0681252073553579,0.0944927418289554,-0.0313582552089068,-0.0560189206700646,-0.047047588673596,0.0396129321026546,0.0308369974213138,0.0431722435149424,0.2326923477310443,-0.0876725168916535,0.1400429253626443,0.1463783847122306,0.0662192530279992,0.0341070002248882,-0.242966945698555,-0.0878317430504376,0.0151331714934979,0.0961311327381606,-0.0376923854047821,-0.0237071418866566,-0.0959425681379722,-0.0228152772589682,0.0824747679352355,-0.0136652715919918,0.1863730996385566,0.3039128421962285,-0.0306997197887857,-0.1569207582104812,0.1183825469625012,0.0975077793109551,-0.0924846800054323,0.0418161581228362,-0.0408687309111556,0.1243203059331565,-0.0315193377254503,0.2473077541286734,0.1000377492260387,0.1663035737312226,0.2273270877275013,-0.0666906321067485,-0.0700398825392722,0.0097257484490727,0.2863698462917379,0.2187924834983419,0.0005271062387607,-0.000843420597719,-0.1281407278423882,0.0040692132720419,0.2501348573187958,0.3198701932832792,-0.1940503117457583,0.222684527304996,0.1449465885948258,0.1028941782910106,-0.1475370654248577,-0.0010201234420963,-0.0010201234420963,0.3606964574163476,0.3453250452762493,0.069756318421845,-0.0973713304691501,0.2269444783528644,-0.0681538713252019,-0.0944524551255578,0.0848109693790635,0.028651210444107,0.327147756592635,-0.0950597462463861,stop,775,10,162.31102721059943,-0.0221638542129943,0.1182600697295106,0.0550033410486783,-1.0,5.335717722785605,2.481668599698268,20.149948164878072,696,0.6891740036104039,7,0.0690906464623246,0.0724698874954339,0.3694036489970653,0.0,-1.8084628704603585,-1.1192888668499568,0.4286890965956952,0.1780497566626744,173.2375477122613,162.31102721059943,240.12122718655348,5.290712629045759,-0.1283008214009274,-0.1010182156347405,0.031908284825685,-0.1431007878108849,0.3622290144131972,-0.010785867399373,1.0,-0.0158134298514123,2019-10-02,25.0,14,-0.0581617860698531,-0.0243332222752644,False,False,True,0.5384615384615384,3.0,0.2307692307692307,0.0117960634300539,0.0304481876846837
WDAY,Falling Wedge,bullish,1,0.7573397059072791,3,23,1520,1521,2022-09-30,2022,2,152.67999267578125,154.51612571820874,181.5332369869718,146.69171056260132,1.4250775817355452,-0.0118831159783028,True,0.0013100092783995,-0.0034259598112151,-0.0821073982266519,0.0151780634899747,-0.004696612028872,0.0280188399826692,0.0311110885054977,-0.0075868373965444,0.009883411016142,-0.0440056029962071,0.0008252434549145,-0.0030250655166614,-0.0097099445458433,0.0382560850856112,0.044603072706189,-0.0658800048828125,0.0367612371920185,-0.0876900253682489,-0.0094444691724304,-0.0183397292849621,0.1141027469907296,-0.0821073982266519,0.0061026742395065,-0.0857348504442718,-0.0761801171848723,-0.0102528539197199,0.0815214616374597,-0.0754386202866105,0.0631689978706218,0.0109600453049856,0.1006998885046659,-0.0543802461639991,0.0057326465000189,0.1303731588808443,-0.016913478318021,-0.0778767663118206,-0.0514736155145932,0.0430136902691566,0.0466305312270955,-0.0105014109784283,0.0572661976258825,-0.0017205212825367,-0.1215264748665087,-0.006002331429321,-0.0384868822599712,-0.0894745212687319,0.0325517517626361,-0.0448275109804521,-0.0781205002580414,0.0993890001377431,-0.1768074415268619,-0.0215299944103253,0.112924621558178,-0.0786199599284183,0.2016494620204911,0.1499653465771269,0.1943647177087482,-0.1249307414147724,0.0643831169044404,0.045757375864337,-0.0431667036526024,0.0190200635744361,-0.0971227754811507,0.0140750402451677,-0.0072000920377975,-0.0088427682542221,0.048649895343122,0.0333000183105467,0.0151948676986288,-0.048663826514316,-0.145124619526713,-0.2427432537843853,-0.0578846062537294,0.118505882952663,-0.0738157327543379,0.0257401672592272,0.0818452380952381,0.1204330357525396,0.0379594023766867,0.1082552668121292,-0.0682234975408736,-0.3012059819207036,0.0710628464014788,-0.0269378799642742,-0.0574550505766732,-0.0852580486291338,0.132429006346427,0.0831140217028165,0.1024676124919117,-0.0538080509549787,-0.0264869679598949,-0.0430634970069226,0.070212219904066,0.0090859694132519,-0.0199082400820672,0.0124928355914994,-0.0408213313712699,0.2908605421851793,0.0218984115270746,-0.153396919130163,-0.0805777859904594,0.0048015243159171,-0.1201795696616907,0.0914213302004163,0.0658405208242685,0.4344660194174756,0.0719679900438976,-0.0562245118306158,-0.0286440668108656,0.0954423606750873,0.1340405544538472,-0.2357111106228419,-0.2059480856311204,-0.1264433088296772,0.0624433619403714,stop,1526,6,146.69171056260132,-0.0392211317817925,0.0639246151023242,0.0396252821796763,-1.0,1.629851363238827,1.0103044042719704,4.818284069764498,1495,0.6652243291546229,7,0.1700086886488391,0.152224798742306,-0.2095152260441978,0.0,-1.0058278326372914,-0.340603503482668,0.4378935002963594,0.1582453885212566,154.51612571820874,146.69171056260132,181.5332369869718,5.813573564801898,-0.2266854914702538,-0.0495445604738229,0.0381919164247858,-0.3643197320937517,0.0221168008138018,0.0003199990625599,0.0,-0.0952848156572596,2022-09-30,28.0,22,-0.2973947157317095,-0.1895827607018146,True,False,False,0.9047619047619048,1.0,0.0476190476190476,0.0204362856693434,0.4631319127930342
WDAY,Falling Wedge,bullish,1,0.7120440927983791,3,51,1793,1794,2023-11-01,2023,1,215.6199951171875,206.96870356020736,271.78304191257666,200.41314272827583,1.252565713774111,0.0417999987832145,True,0.0323718168277229,0.0073589571004646,0.0384993274291751,0.0067541271576117,0.0357282592763794,0.0339335896615302,0.0710450758259741,-0.0162361993791745,-0.0020418210875648,0.0204783791810354,0.1359656338016361,-0.191293188062374,-0.0001344513264313,0.0121379899933076,-0.0124906989157282,0.0227272812021182,-0.0474477134255463,0.0044393784453318,-0.0070507166005431,0.0391558759483747,-0.0358658492161469,0.0197948488031602,0.0259668603921166,0.0736944613184524,0.0195428987344519,0.0064159374561865,0.019641339348241,-0.0409239372940474,-0.0189050827583256,-0.073091512253327,-0.1215264748665087,0.011488017366213,0.2015970559731963,-0.0052804279335063,0.0422402474498804,-0.2067368356805098,0.0768584490269741,-0.0359262044276248,-0.0471018651646636,0.0255613271123387,-0.0815750256949959,0.0461672958799841,0.0299310092268318,0.0992144904467995,-0.1621503210267707,0.0853995872091342,0.2555421915929887,0.1856373989193145,-0.051863391947302,-0.1476679297130658,0.0149113632571991,-0.1067684439512445,-0.0229794027846012,-0.1328799762666428,0.0133664581265449,-0.0221907312583639,0.0193082217035902,0.116397728255859,0.0113192871753746,0.0404186416036389,0.0114665344995952,-0.1610940878841463,-0.0230463301467617,0.0811601702358686,-0.0032316488641379,-0.0106325826486316,0.05607266994888,-0.0129672970810523,0.2720872289799587,0.2803079668402626,0.1615563213620165,0.0930018416206261,0.2458194949518617,-0.1415437204351146,-0.0255584507616771,0.0151156016287843,0.0096239347154931,-0.0999916499878244,-0.0614021651257211,0.2676841307443791,0.1088499548839547,-0.1924165285071231,0.1953049813196934,0.0312797903341943,0.0685291867608395,0.0874809284549935,0.0191707552576942,0.0225875153514978,-0.3021865963032358,-0.1110203627456604,0.0559164729179419,0.2659957110864827,0.3674983398052152,0.2120753886696802,-0.0121349404788724,-0.0378276076760346,-0.0822708726836263,-0.0775993982344368,-0.0114163544430299,-0.2854302943858987,0.2830973337901588,0.0587076761040141,-0.0109249032439336,0.0783602323803096,0.1353160375960838,0.0319598272387109,0.0451568104252428,-0.0071963084162313,-0.0317286463554407,0.1822657187624463,-0.2287377160004009,-0.4245692414896106,-0.2565471192925735,0.2597680661295909,0.3870859248188918,target,1813,20,271.78304191257666,0.2604723498155403,0.261432132426081,0.0185047320505061,3.693272306394016,3.706881192474165,0.2623810721858764,3.693272306394016,1741,0.8453612071029447,5,0.0733676847750313,0.0974619401457617,0.1606829412550321,0.0,-1.1411795997492358,-0.2958183926462949,0.1365370277849653,0.243154013256623,206.96870356020736,200.41314272827583,271.78304191257666,4.879998343331479,0.0179295707386608,-0.0661980776523879,0.0230776420523562,0.1535020634156978,0.8957935808992658,-0.0106277451638879,1.0,-0.0047096500029844,2023-11-01,24.0,14,0.1386043944521224,0.0115146373171917,False,False,False,0.1538461538461538,1.0,0.0769230769230769,0.0233161338133321,0.122546378279809
WDAY,Falling Wedge,bullish,1,0.8055732061310884,3,47,1920,1921,2024-05-06,2024,2,249.3000030517578,248.05293958289985,308.48541847811885,243.07666864849296,2.429554603298273,0.0050274085481707,True,-0.0089049386021957,-0.0153775659267285,0.0010299495838819,-0.0468693340188471,-0.059752904590552,0.0573945056396747,0.0066358941668178,-0.0051765350065999,0.0650439561249927,0.0165896475543942,0.0437536340647157,0.0215582294567204,0.1102621568958488,-0.0053070469906455,0.1182371248809412,0.0178287430596417,0.0098125457763671,0.0739422323802094,-0.0990998371893389,-0.0722707556845319,0.0359625245849504,0.0663686503588498,-0.0267021076545703,0.0409145480280019,0.016762842389919,-0.0914817013777674,-0.0114321438801902,-0.0195075502277647,0.14828589673331,0.0364382778466179,0.0335862968725819,0.0185443761926131,0.0586213434683706,-0.0106557210286458,0.2202381506528468,0.0377480932946485,0.0942516200589818,0.0683952932658524,0.1073341365102045,-0.0646635964962856,0.0086998061886176,-0.1835377904122614,0.08684780286706,-0.0244848386205808,-0.0137745831880169,0.0159418895919923,-0.1531488466393787,-0.1740741845220986,0.0938272712860885,0.1707677270939365,0.0071526119382623,-0.1555830280140122,-0.0715840537147048,0.0299212191553372,0.0519504710477247,-0.0643499755859374,0.1285788409162898,0.0386119721836588,0.0960195551189135,0.0901213271143104,0.0764481174489841,-0.0243055231061819,0.0151237876335059,-0.0876725168916535,-0.0527797606951616,0.1175652986216593,-0.0255719530323063,0.0447285868835163,-0.1770973454094902,-0.0952667457251061,-0.1642040448826669,0.0318570791578465,-0.1137270857753138,0.0221307233708076,-0.0334306702996692,0.2285899716517445,-0.0421951800448902,0.2426277773223655,0.0424543622030189,-0.1775428989955357,0.2177503964934033,0.0285147146556181,-0.0591536675695552,-0.0598758461553031,0.1803945819651804,-0.0621291996673057,0.1328757322683653,-0.0442299309569816,0.0985588281197562,-0.0053033060250146,0.2368154834049918,-0.1385158389812826,-0.1071801078765157,-0.1597380196201767,-0.0065537118212968,0.1241410671966478,0.1006372267845485,0.1223927373699125,0.2263934025998975,0.1125278058008045,0.0919682931344512,0.0131999969482421,0.1658503547523739,0.0121712230602017,0.1968508557061463,0.2790948275862068,-0.0439573380172358,0.2724085523269037,0.2263319448101344,0.0424729040608071,-0.0948098722639305,-0.0268187465291956,0.0007228120548521,0.3583540137014593,-0.2158490253396123,stop,1934,14,243.07666864849296,-0.0249632343645531,0.0576012853372097,0.1199759458322175,-1.0,2.3074448004622865,4.806105814660727,9.51024187215642,1871,0.8637980619884668,6,0.119896282722414,0.1263427734375,-0.4294620712043581,0.0,-1.3956682448792617,-0.5318701828907951,0.1330465386809203,0.1379471871442286,248.05293958289985,243.07666864849296,308.48541847811885,5.858569553920199,-0.0162743062311446,-0.0661647367787032,0.0234427172504917,0.17372724878484,0.5342486614967888,-0.0136445598163266,1.0,-0.0041446591036314,2024-05-06,4.0,17,0.2111493530284351,0.0791049783254191,False,False,False,0.0625,3.0,0.1875,-0.0509056906641508,-0.8737169864728686
WDAY,Falling Wedge,bullish,1,0.7598226539254321,3,44,2221,2222,2025-07-21,2025,0,234.17999267578125,232.1730660073172,275.2612969574757,221.3575267048626,0.909410009652792,0.0086440977111481,True,0.0164830503504869,0.0040208814883144,0.0354891459982156,0.0292070256007281,0.0300101809342361,-0.0014158954792994,-0.0410012826715764,-0.0742984932564536,-0.0447712817223243,-0.0424586041879625,0.0224482925443194,-0.083824295714228,-0.0781135733828251,-0.016138317480839,-0.0234570435635649,0.1320841899671052,0.0451478564417648,-0.0420424871133463,0.1064086789480749,0.0154960480806467,-0.0234570435635649,0.042260676019427,0.0171043615305602,-0.0386881793575644,-0.0419784840825205,0.0348212307449455,-0.008895628018091,0.0005972451662825,0.0952504756903549,-0.0435973934801248,-0.0374919467888004,-0.062542659037701,0.0467860740313892,0.0736944613184524,0.0798688528583531,-0.0802028971213824,-0.1586381636988203,-0.0005839746918555,-0.0599472068169035,0.0962876239170971,0.0336073348437173,-0.0388291028117862,0.011111163812691,0.0009631812353263,0.0835447726024583,-0.0419783515453445,-0.009949554381836,-0.0325213737037038,-0.0669003257549152,-0.0337743501582695,-0.1655478151896036,0.1627569685184313,-0.0196672127179501,-0.0071143996682494,-0.0072000920377975,-0.0298316848439312,-0.2517098540469155,-0.0473385884413471,0.250701770447848,0.1974647414516395,0.0560316925062198,0.0100621528078044,0.081812569517484,-0.0287728916445609,-0.0061621588629643,0.0677450636648011,-0.1189703450953569,-0.105499887496669,-0.0068538220296209,-0.064779223859435,-0.1138968703644968,-0.0700398825392722,-0.1081997643768626,0.0951053413688627,-0.0530980299149461,0.0482909820985548,-0.2134442477027662,-0.1263586956521739,-0.1239905325845049,0.1151816950056088,0.1183102754092948,-0.3067528940958788,0.1253303612407086,0.1167883211678832,0.035290175655227,-0.0260563577809814,-0.0339525964214997,0.0121914329858836,0.1011268134872231,-0.1515479615273063,-0.0073838182891873,-0.0421187547361283,0.0128106588685117,-0.0427702580565811,0.0393842550616969,0.1736590356785814,0.2629274433363169,0.0997000122070312,0.0743524329704707,-0.2161302746270021,0.1441647847926688,-0.1771436750013768,-0.1172409036877772,0.1649084557359548,0.0437088400934446,-0.0159590777419872,0.1013008262406842,0.5075586587922021,0.011057054102225,-0.0004134586761523,-0.0013061878237141,-0.0997561502796205,0.2056473486000587,0.1940197915593895,-0.056911301698143,stop,2234,13,221.3575267048626,-0.0547547458021794,0.0401827822889097,0.0707148265288436,-1.0,0.7338684839134137,1.2914830576389775,3.203853640545184,2177,0.6130507836004001,6,0.0529067689340656,0.0967780177915029,-0.0731816205699268,0.0,-1.088856227339179,-0.4758054437387815,0.4458241634699478,0.1276808013527618,232.1730660073172,221.3575267048626,275.2612969574757,5.397142682756685,-0.0657713352565873,-0.0518902266738088,0.0230933315977541,-0.0677702051902403,0.4350143683976168,0.0009010843390848,1.0,0.05803656310433,2025-07-21,17.0,12,0.0664800208002909,0.0545298961109532,False,False,True,0.2727272727272727,0.0,0.0,-0.0354834294449097,-0.4775335293950193
WYNN,Falling Wedge,bullish,1,0.782168642725342,3,30,636,637,2019-03-29,2019,0,115.5800463544423,109.98434748565428,128.31558761426908,105.88980109178026,1.4948007893044808,0.0508772293213624,True,0.1366127209682792,0.1230200364389457,0.0118280229105904,-0.0173537054316563,0.0377608389949377,0.0300091947601413,0.0244474853202305,-0.0334635879447354,0.0470775981447082,-0.0429522823016117,0.0158516477617658,-0.0689239173607448,0.4350796963418064,-0.0257837490313217,0.0780376910148317,0.030945991423477,0.0832095291814516,-0.0662351701058993,-0.0724280553993315,0.018468167617736,0.0270751887171232,0.0908326529973759,0.1064385590877354,0.1595160775943001,0.1403381988038543,-0.0182305532683495,0.1143780298306424,-0.1053528910752038,0.0105808008691565,-0.0078937516573195,0.0358208212105426,0.0217898327642716,0.025452316068105,-0.0393433106096555,0.0935563530163785,0.0786662425892088,0.0149721511547979,0.1634872223838996,0.0625799054446498,-0.0495177698125721,0.0286642359333804,-0.0461147770403342,-0.0147537544324485,-0.0865360670237335,0.0128660142049259,0.1447625250667829,0.1997580481588274,0.1675488447486048,-0.117407193133199,0.0897903605690884,0.0215445263897422,-0.0760147426259795,-0.0868308569465141,0.00710159510551,0.0245895668269819,0.2161752392336897,-0.0825846208442584,0.0473894206548062,-0.0130096071401352,0.0457225793705775,0.3156424519622653,0.2202583041707495,-0.1400349060419047,-0.0934558580794693,-0.1344398745958935,-0.0155638453925244,0.0668453346348292,0.0636535563470404,0.1817894766355573,-0.0720366136591897,-0.0560546823288153,0.2503475487954265,-0.0399112717917634,-0.068687954979028,0.0557725357253016,0.2934673922309518,-0.1436660021709378,0.1275416811627068,-0.0893127141739655,0.1598085672491955,-0.1280184450508538,0.1455377411180376,0.0762673968251639,-0.0518772469395807,0.0001834709257433,0.0316968043431642,0.1092759168231123,0.1242017636109666,-0.1523333828308454,-0.0736872917448432,-0.1118720338436306,-0.0977733374234058,-0.0325956697905056,-0.0588483029493807,-0.3653737871730109,-0.2882850261950648,-0.1241908470358894,0.114635525863916,0.6914593804400315,0.1462666657092035,0.0463282967017766,0.354547675771858,0.0889006473902593,0.424564554850054,-0.1241908470358894,-0.0944555501297342,-0.1213911926175252,0.0941839991360649,0.1540914771024961,-0.1565056171417141,0.0581150991462762,0.0912127509172435,-0.0349100709949193,-0.0757236959905183,-0.0765596417262513,target,639,3,128.31558761426908,0.110188061534181,0.1342741054792545,0.000806439307428,1.3142640784231443,1.601549487637025,0.0096187753775159,1.3142640784231443,606,0.6614188741598244,5,0.040811219468092,0.0997348691064348,-0.2160642769615691,0.0,-0.9188921576124156,-0.2574732834525925,0.3103143870328191,0.1502787285985843,109.98434748565428,105.88980109178026,128.31558761426908,2.862867012133929,-0.0597125253494744,-0.0174739555015859,0.0257410856025377,-0.0818275672178793,0.4265737623577489,0.0070564544630051,1.0,0.011783592834943,2019-03-29,48.0,3,-0.0269282923931738,-0.0288045296807609,False,False,True,0.0,1.0,0.5,-0.0352491175675817,-0.3795787224553758
WYNN,Falling Wedge,bullish,1,0.6623013962906099,3,30,683,684,2019-06-06,2019,2,103.74816152230716,98.40795464525308,149.77366340409344,95.65626187622776,1.312288384729234,0.0542660082338339,True,0.0618769180931391,0.049111363810729,0.0108077299151458,-0.0804925609450448,-0.0423761785038784,-0.0042072135525027,-0.0620527168375094,-0.0057579722773555,0.0062443353375332,-0.0620527168375094,-0.2606522247578293,0.0856135017227992,0.0095320764098312,-0.0550578201719073,-0.0968221355621034,0.0122851760781466,-0.1286822473932229,0.019247571427355,-0.0010194904617575,-0.0500420000648033,0.0306414464437434,-0.1332704482852837,0.1022826125089467,0.1093493595857342,0.0746205283908534,0.0575701399962447,-0.0451474406254175,-0.0078465849276629,0.0448104178159145,0.0533002811394869,-0.0269904859990763,-0.1201449060931325,-0.061739391202897,-0.1167123651496087,0.0744604370167296,0.107093300904709,0.0577318646005793,-0.0484591832620998,0.056925491449179,-0.0153199035027286,0.0392436640503859,0.1330593659390793,0.0438889217636853,0.0892241670149822,0.0832523733828165,0.0894393513701757,0.2032070621612187,0.1543080990054162,0.1018707259752156,0.1685467040717296,0.1239230511441116,0.0713437597714496,-0.1239116136118738,-0.0799872713711903,-0.0151294153910369,0.0202702052967895,0.2237025718742755,0.0769855262931118,0.0763463516794913,0.0077319154872559,-0.0180950692542918,0.205375802325173,0.1565729420813533,-0.0214394761990464,0.0485068105900325,-0.0996929209075943,0.0057414813750675,-0.1446744961566148,0.1640076829075483,0.0844355439063455,0.0560606553792182,0.1963449349000765,-0.6514479817333227,0.0728103670142208,-0.0319657140429495,-0.0004725729367573,-0.0694380553082049,-0.1582866251060453,-0.0551794692517618,-0.2116214744592366,0.0790056638574481,-0.0670408972606513,0.0108181453735758,-0.0694380553082049,-0.0245562398107112,0.0013097830546333,-0.1735546924099852,-0.2494143209172378,-0.1313990253403567,-0.0949207853407626,0.1393715623093743,0.1588893165421885,0.0075737126735477,-0.0202038047504755,0.1578614145050287,0.1087836311837675,-0.1361652296871431,-0.0801572283714725,-0.0253514002443353,-0.3623925691653008,0.0573136863904957,0.1599085023124409,-0.1231888380404897,0.2641319403626962,0.0952792015270995,0.4480525978244847,0.1346069795239939,-0.1693995858811686,-0.1428660744441325,-0.073514350136389,0.2593423691015182,-0.0861694168572797,-0.1531687145127798,0.1599085023124409,-0.0170670582116259,time,743,60,104.53392028808594,0.0075737126735477,0.2800322206539551,0.0667022467063933,0.0971043636409265,3.590359412568001,0.8552053000989183,5.687848823494245,651,0.8386338456586919,5,0.0116594679402691,0.1728238129686325,0.0294572600712892,0.1,-2.389982148260516,-1.5513483026018202,0.1526683208300672,0.1592085141531286,98.40795464525308,95.65626187622776,149.77366340409344,4.242456483856993,-0.0819076992701773,-0.1543396276087253,0.0410405969542189,-0.0687136746817235,0.6241847013064746,-0.0020820159822173,1.0,-0.0094940630138775,2019-06-06,48.0,3,-0.0455975449350771,-0.0443956867334123,False,True,False,0.0,0.0,0.0,-0.1144720565519201,-1.626409368316037
WYNN,Falling Wedge,bullish,1,0.7630517449843599,5,53,1176,1177,2021-05-20,2021,0,123.26526841609176,121.88207262786534,140.64745860888814,114.0416357995788,0.7864946282643545,0.0113486401929645,True,0.0385937488838705,0.0327884515083725,0.023186311889253,0.021737400779247,-0.0746706665883507,0.0090790476673239,-0.106934086406066,-0.0822308406077848,-0.0217971140009285,-0.0344386948807169,0.0390261429161666,0.0263974126163448,-0.0194908391280566,0.0401652672452124,0.0820933104649634,0.0709615374889078,0.0060912091046096,-0.0143877482291583,-0.0393048016008944,-0.0107124653464838,-0.1119236025875324,-0.0696012094274851,0.051931470315442,0.0032878610047053,-0.0104576076644271,-0.0995564748398759,-0.2142390992344992,0.1093493595857342,-0.0795201954175385,0.0127489638058817,0.0671419588792088,-0.0153199035027286,0.1078014674781437,-0.0312374159207765,0.0010509017397986,-0.0809942690697612,-0.0958586746123189,0.0372487002351511,0.0745185391785656,-0.058495838894779,-0.0291702080136331,-0.0866330136538355,-0.1032885593526605,-0.0324077856073379,-0.0498668510760074,0.0316242809193687,-0.0258338765100875,-0.0244126923020597,-0.0072733702105357,-0.1153259005989781,-0.142979309327845,-0.0079144440612007,0.0163344076076898,-0.080658585912985,-0.0756699732591474,-0.1203599849679569,-0.203398428093917,0.0736827199173908,0.0222284355573858,-0.0925937579866279,0.0577982547284026,0.1025702950172058,-0.3519533991799907,0.0305666440802567,0.0196178745274333,0.0254071148401187,0.0610906577994345,-0.0665564534051934,0.0169354836363654,-0.1800532731736928,-0.202819270561539,0.1430366237466118,0.1936564108401979,-0.039569160356545,0.3866578237693219,0.2821110331278811,-0.0024760724277986,0.1255131203127686,-0.2069591031171794,-0.089482667142905,0.0660617280899544,-0.0433988189086316,0.1136676529513245,-0.0081876985172292,-0.0968210590923043,0.1901404266753927,0.2760630912429647,-0.1302670541332901,0.0508943275244129,-0.0970215739506606,0.1682707601644149,-0.2441477627136278,-0.2664006370192561,-0.3421134210157602,-0.1654836707727519,0.1052282827123403,-0.1540578281398523,0.2662562770871233,0.0808577987360716,-0.3632800947705276,-0.0605421096262287,0.1366044575379659,0.1122008930390243,0.0833751306628849,0.1106532909482067,-0.1363099938290184,0.1143076516825649,0.4323414364873137,0.302996869149678,0.2210783298314127,0.0297590831919056,0.1612903893028541,-0.1932822272610291,-0.109118573158161,-0.3151444066598449,stop,1207,31,114.0416357995788,-0.0748275060366382,0.071160115512357,0.085564775223123,-1.0,0.9509887377178452,1.1434936129132434,1.8845275950906035,1123,0.5606783074163312,7,0.0920908172653362,0.1562879931888774,-0.0323025917490702,0.0,-0.8256838031831453,-0.2650054957668159,0.6152941274505089,0.1599926396730648,121.88207262786534,114.0416357995788,140.64745860888814,4.470565707114173,0.208746210793582,-0.0154933116244379,0.0365857603054594,0.3438393665251387,0.7298229176426424,-0.0001583773315179,1.0,0.0073012327852572,2021-05-20,6.0,8,0.2334217124340483,0.1871011849061226,False,False,True,0.0,0.0,0.0,0.0535728005522909,1.3093517289855034
WYNN,Falling Wedge,bullish,1,0.6970793497778353,3,29,1506,1507,2022-09-12,2022,0,60.31061908738663,60.1058221600606,70.8020047657576,55.29303264879442,1.245544620194905,0.0034072727061391,True,0.0542398760075166,0.0833165268767657,-0.0236096969785261,0.03340438934303,-0.0439641623020113,0.0691525619054305,-0.0046519541021452,0.0256143609112076,-0.1126127476716291,0.0199742171229833,0.0446150718939784,-0.0091512044288405,-0.1850030506245977,0.0099850664321166,-0.0702072010011473,0.0324033803972254,-0.0639058128217212,-0.0266266259398841,0.0412682491882208,0.0140181107089725,-0.0753601109896126,0.0706600950497227,0.066939729202878,0.0687999029206576,0.1584484833461424,-0.0560225592589166,-0.0367255765394944,0.0147056494477013,-0.0101569825490865,0.2047417338740529,0.0049109393552631,0.1621885866439054,0.0108514389471374,-0.0887341283172924,0.0126175970050947,-0.0405502600725068,-0.091767003407108,-0.1010456866555705,-0.0054579525361211,-0.0161033364714973,0.0011470023852717,-0.0197768114307583,0.0419092941867185,0.0238579428768146,-0.0901565688703561,0.072778236989995,0.0262401210438751,0.1266085652865916,0.081417969125201,-0.1439381843730659,-0.1763593972936546,0.1018181655637717,0.1149710567264608,0.1511545793051834,-0.1212886537754712,0.0289174075445186,-0.0570281629826441,0.2523910432347283,0.1772379956110956,0.0313655072547218,0.1254237332039891,0.0598395191739447,0.2032295135916868,-0.0277010543795045,-0.0731375279793959,0.0908294745862454,-0.1151695443346062,-0.14757139269731,-0.0015799813114195,0.1564801136454932,0.2070466467449017,0.420260318461825,2.880920200243331e-05,0.0718370958246712,-0.1348128107214892,0.2347412380960649,-0.08085258278937,0.101694077221196,0.1800443342760829,0.4427008724219929,0.0757848896203525,0.1025084615227778,-0.0968737756559355,-0.1075663022735393,0.1688049533356996,0.1467428609969125,-0.02883827954557,0.0297727020827911,-0.0520512639899194,0.0794940594982123,-0.0783999429332662,0.0827291279129186,0.3665599327061188,0.3824427201407081,0.224741526094097,0.0691532590931813,-0.1656840631798415,0.2322407206297587,-0.2071380187081575,-0.1281327787059347,0.1555020390968864,0.0164372721609256,0.2918727381514281,0.0693018984746656,-0.0373489383500782,0.1216264574905425,-0.0116348058408144,0.1785208024941176,0.1676927312195351,0.1255622820501047,0.0723143901951153,-0.2207795116556877,-0.0309397382216434,-0.1815568526763727,0.3294723622155274,target,1524,18,70.8020047657576,0.1739558611257092,0.1899200335419122,0.077759964783007,2.090922758734689,2.282809661615653,0.9346628451093216,2.090922758734689,1477,0.5013038161059986,5,0.089577083289722,0.0900667957445662,-0.272778719100973,0.0,-0.8017823980959857,-0.3004785819899839,0.7196537066355757,0.1875656735620574,60.1058221600606,55.29303264879442,70.8020047657576,2.4413732485778783,-0.116943149034726,0.0442600011981924,0.0392187175866827,-0.107992359960394,0.7999999999999969,0.0098757071370023,0.0,-0.037766282177039,2022-09-12,21.0,9,-0.0664246806359516,-0.0454467237133271,False,False,False,0.375,0.0,0.0,-0.042007470040026,-0.1317967206624205
WYNN,Falling Wedge,bullish,1,0.6503589943081804,8,85,1795,1796,2023-11-03,2023,0,90.22273740104184,88.65805991699364,109.83434048351852,81.54957659519152,1.0984263207927552,0.0176484516524852,True,-0.0811478132213247,-0.0929510383428117,0.1089772495436649,0.0041667877332052,0.0268715729546844,0.036527796396407,0.0196120912681625,0.0871180043921573,0.0012095920698462,0.0333201077078295,0.0432639312285225,0.0095261791567502,-0.0069846815170032,-0.0034958005066503,-0.0104418380807622,-0.0690976221387447,0.0706600950497227,0.038153856921127,-0.0391485220407782,-0.0100893976399442,-0.0406696610737512,0.0771983686043762,-0.0999817187227657,-0.0635954108106354,-0.0987756465464345,-0.1703508984244882,-0.0852787636754447,-0.0146793626721245,0.1156921893684084,-0.0769877950552728,0.0543272505530132,-0.0111750425026192,-0.0905515131801882,-0.0539842340309653,0.0738637840674067,-0.0731437613772018,0.0276477467118494,-0.0190746965112817,-0.0149690025136508,0.2119590535855648,-0.0959450699124561,0.0230531282691599,0.0343626508176271,-0.0225539575039861,0.013806133072522,-0.054896302764929,-0.0957178065024108,-0.1444467661591887,-0.2195123886970288,-0.0345728536954028,0.0470949634649648,0.1771980875292789,-0.0712350035982004,-0.1518412314723645,-0.2007778080272442,0.0404970957775887,0.0553311076710936,-0.0658202105712038,-0.0916029449525355,-0.0034143370502313,0.0636535563470404,0.1620680673526962,-0.0465459304321238,0.002722631490964,0.0171145651974906,-0.0766331438594097,0.0321843003453863,0.088316561221063,-0.0819290607045018,0.0135850484904287,-0.0672946037663411,-0.0274866624435663,0.0586300329892468,0.1409314283486993,0.1255131203127686,-0.0958661387735108,-0.0980194576341012,-0.0131785298168357,-0.023805844999029,-0.0302026125195106,0.1867464409546257,0.3917383479307708,0.0276736492959976,-0.074622572080631,0.2785572423740503,-0.2023772675591774,-0.089482667142905,0.0677808795729852,-0.5157049871284389,-0.0667180622570233,0.1378060861743295,0.0046894272104915,0.0487258766265941,-0.0792125297057979,-0.0380636964137091,-0.2142348514107098,0.6869159473571029,0.1366165218897583,0.2589166883782652,0.3634279302552081,-0.0998467419721101,0.1347772754129381,0.0999679561768887,-0.2214025675677643,0.1900881545279165,-0.3309820329592006,0.0732556473156182,-0.1163230499368902,-0.0200838394418411,-0.098261319309038,-0.274473759405634,-0.0841796185797491,-0.1153931908776324,0.0101196360919406,0.0316838221500262,stop,1800,5,81.54957659519152,-0.0961305437596948,0.0308469767663451,0.1224203494297766,-1.0,0.3208863235337125,1.2734802555137985,2.2611829206773217,1710,0.4662797152185269,7,0.0557681078505103,-0.0779542191427622,-0.0969640652803628,0.0,-1.169394027909507,-0.7031143126909765,0.841863373810421,0.1615620571677244,88.65805991699364,81.54957659519152,109.83434048351852,2.614782383285482,-0.0947985639013785,0.0011311271721474,0.0290688912254841,-0.158542906822411,0.7925169714961889,0.0191643853191403,1.0,0.0119897917565963,2023-11-03,5.0,9,0.0111915482357809,0.0104176815914736,False,True,True,0.25,1.0,0.125,-0.019295140283439,-0.4805467009130976
WYNN,Falling Wedge,bullish,1,0.7227266143889207,5,69,1956,1957,2024-06-27,2024,0,87.37654617521457,86.71583922972161,111.2852435008068,84.87753329151985,0.6801869896650887,0.0076192187190007,True,-0.0287471948594278,-0.042417758365938,0.0049638402709368,-0.0399104385608471,-0.0031726895107094,-0.0492139568399521,-0.1461919927018534,0.0208249329757426,-0.01202004236009,-0.0033806887781747,-0.0312089461804423,-0.3021455294984424,-0.0221458926274474,0.0137719993602682,-0.0015411837841151,-0.0685585893721251,0.0636468001996488,0.1019532195763661,-0.0153482193777783,0.0072392870406741,-0.0160216500125316,0.0939556111660608,-0.0085219884086873,-0.0399328462637063,-0.0633811359302722,-0.0964495868325541,0.1039233243935322,0.0514084122389657,-0.0179411027680614,-0.0307218386173447,-0.206238114705804,0.0444069436333762,0.0987842369383813,-0.0819611141521662,0.0417617833352328,0.0493363430072275,0.1663736357396492,0.044067144960652,0.0359031267634404,0.0003676469537812,-0.0028544701200635,0.1691939101170982,0.0201997801917561,0.2474609173182871,-0.2028001563050807,-0.0616438873682215,-0.0871363737744084,-0.0821651171913724,-0.028249180046767,0.3318497303189203,-0.2107656553767625,0.0860001560533754,-0.0177818357591845,-0.0165277619779483,0.3045934394133314,0.0002789793487909,-0.0061181604329272,0.3151219786353811,-0.0572902437256145,0.1198098779546916,-0.1570932114344201,0.0203931913341268,-0.0541329557936445,0.0342031926567951,0.184461311257732,0.1221697494356026,-0.0373193232427118,0.0186862772330642,-0.1347508515669999,-0.1317184920781378,-0.1590780092364321,-0.0551330635134522,0.2418256587134817,0.0319848864602789,-0.0127741703649043,0.0079272039736146,-0.0667180622570233,0.2822282550972823,-0.0899019103856176,-0.165139155725089,0.1308148557601272,0.0267109405749772,0.3465249945708448,-0.2672062478102055,0.5533004088984015,0.0698111336372233,0.0874277089260642,-0.0371547023736192,-0.2102217289943292,-0.2523292848205093,0.0372318552101751,-0.1646789708570238,-0.0998467419721101,-0.1441798810876765,0.3118700618896464,-0.2167546134111345,-0.1464821234339258,0.0184727238099249,-0.6597539161969024,0.0128049157960634,-0.0106540408750176,-0.2039801090185641,-0.0279924920991802,0.1139538364507066,0.0957434292626153,0.0750313510933098,-0.1925890565983192,0.3759452379607872,-0.0669571934028726,0.3146059123775657,-0.2021617795264466,0.2035273895951779,-0.1253212151528377,0.2841878231721764,-0.0975215490567488,stop,1959,3,84.87753329151985,-0.0286004997117131,0.0071588297396523,0.0370245151647383,-1.0,0.2503043587284083,1.294540848514446,9.56725652820322,1887,0.7954255421656629,7,0.1059889604668139,0.1199194715956104,0.150686690597001,0.0158730158730158,-1.3782930501562345,-0.5828675079905677,0.129647813661153,0.1647194530369252,86.71583922972161,84.87753329151985,111.2852435008068,1.540049842394151,-0.0532259158759921,-0.0516890808374355,0.0176768485085601,-0.0155837678057992,0.9342113848887388,-0.0003404515130047,1.0,0.0418793486064801,2024-06-27,8.0,3,-0.0416342294536309,-0.0260903431416549,False,True,False,0.5,0.0,0.0,-0.0848376136583403,-1.8634300172375544
WYNN,Falling Wedge,bullish,1,0.8081538739922004,8,89,2121,2122,2025-02-25,2025,6,90.53815421380185,86.58559928208382,106.31977877898998,75.66024796860592,3.288744690419359,0.0456491029049894,True,-0.0515082224734838,-0.0195078453206785,0.041551529651695,0.0678154306936729,0.018993681415683,-0.0010194904617575,-0.0154346373665948,-0.0038666905003272,0.0230779836742163,0.0123758337875903,0.1494142060180487,0.0146720789766601,-0.0403969158111503,-0.0589183634599597,0.0047726129927103,-0.0418417988895229,0.0145747087583727,0.031022625631585,-0.0188656368322784,0.0653614883106747,-0.0345803409758752,0.0105042034088453,-0.0634688479245982,-0.0484591832620998,0.0186796212548076,-0.0335755480094761,0.0042401045412625,0.0936168758011948,0.0754747864036406,-0.0893053439967671,-0.066621270408302,-0.1199557318305825,0.0318601806925549,-0.2300413406452621,0.0656196825992694,0.0324054310604136,0.0652341284071122,0.0438889217636853,-0.0070622177668293,0.0452440820499011,-0.1227141843075534,-0.008454877667309,-0.0499572688829841,-0.0303513791976036,-0.0701569694271972,-0.0299285863210582,-0.0631601818995933,-0.0317154658257461,0.0047325761807877,0.0239186260579236,-0.0058552684606049,-0.1294449109712099,-0.124394759412556,0.0074997690977203,0.120578174503285,0.0079252301879508,0.044740740444592,0.0171145651974906,0.1956136327442525,0.0318121622290576,0.0470949634649648,-0.4241294550282218,0.2045042826438945,-0.0027683789021973,0.1216853841967715,0.0642938540748156,-0.0241523693669319,-0.1383378173080878,-0.0652817319782782,-0.138516946268836,-0.0396809794951196,-0.1212391176141031,-0.1231158697921517,0.1202379326367155,0.0604696234003452,-0.0275602532274283,-0.0805591666295713,-0.0786504970871163,0.0172052063824204,-0.1109780462273821,-0.0062747897134765,0.0268180143198133,0.1078902372132595,-0.0108045101903117,-0.1739901302565806,-0.1389487076272607,0.2415458641587571,-0.0831127741833391,-0.0534609523574424,-0.0372792562777711,0.0141745671203767,-0.1156353149712236,-0.0010386729170686,0.0179511719645866,0.1059958252374164,-0.2368110675984059,-0.1372218889313777,-0.2159509342443564,0.1414274673753812,0.0048734111619384,0.1353536499673904,-0.0863086395711553,-0.0792591308300074,-0.1082304659658257,0.0581150991462762,0.2558201143973682,-0.0672767736577355,-0.1967107276621064,-0.0327264920879748,-0.0301047398714721,0.2260602926971235,0.0572744536092957,0.267664971071599,0.2159645695790721,-0.0149361226081908,stop,2148,27,75.66024796860592,-0.1643274746916356,0.018403492554217,0.2104976579298596,-1.0,0.111992791155293,1.2809644785503054,1.0607423050729343,2026,0.4772734588595806,6,0.0648503671534594,0.1248535178739447,-0.1801542774632776,0.0,-0.9035970011039997,-0.4263235422444174,1.0481509535924938,0.204601215698123,86.58559928208382,75.66024796860592,106.31977877898998,3.014469872571759,0.0414700661805409,0.0612415968277784,0.0335876307557448,0.1872732539303661,0.6542752932634486,-0.0004436614716909,1.0,-0.0085590675716406,2025-02-25,43.0,3,0.0721956690814151,-0.0073320181105426,False,False,False,0.5,1.0,0.5,0.0417884970462918,0.702124023709272
WYNN,Falling Wedge,bullish,1,0.64514152038477,13,157,2444,2445,2026-06-09,2026,6,106.83844779872918,105.26124776793743,138.77554153288122,91.50541676469732,1.36540638008095,0.0149836721893026,True,-0.0320261434755658,-0.0551243869016414,0.0014420540612953,0.0608678636669683,0.0899729803851423,-0.0030482754417141,0.034757852738406,0.0003735497573131,-0.3021455294984424,-0.0597708327087376,-0.0982683891778999,-0.0172333711089719,0.0547695342837901,-0.0080002260342688,-0.0122028327403874,-0.0104906818159969,-0.0480209694286654,0.1164634860528166,0.002126264575792,-0.0586414857945895,0.0836501873560313,-0.1698996145711065,-0.0148612217034046,-0.0312791889059224,-0.033650332399309,0.0054414856957514,-0.0129030611491559,0.1404023241360454,-0.023870602345839,0.00795198697634,0.0535761255055555,0.0191715469075646,-0.0578731020471852,0.0953580093586543,0.053392003497537,-0.0380197327784126,0.0308683008706682,0.0297341355948139,0.0688318404939551,0.0687999029206576,-0.0095167972673392,0.0117956397345915,0.0537932459858241,0.0955609116963653,0.0559189574338163,-0.0636998449669328,-0.0772175376341316,-0.1048380225170165,-0.0164593951569649,0.1510882789093415,0.0209889346726828,-0.1562927422877439,-0.0574923467168102,-0.0021057324937072,0.2405081117693055,0.1026014617543757,-0.1379309808044327,0.0409443183326674,-0.0999862648555933,-0.0600828078023703,0.0699613579894449,-0.1478029043261766,0.0905866517010431,0.1193735297058578,0.1318744303899275,-0.0180702773366816,-0.1508765608890169,-0.0868308569465141,-0.0789173479145633,-0.0522876075247131,-0.102942746164703,0.0141745671203767,0.0801680255387393,0.047581894147449,-0.1009958237397919,-0.3983850106805388,-0.230559072120032,0.0109591446761818,-0.1180187806268181,-0.0087620386219073,-0.0890929817871636,-0.1412215587392234,0.0479181636499923,0.3650690755371508,0.151514241602513,-0.1437116219766887,-0.1661494757811086,0.266838492064565,0.0919528737050696,0.1125252503655458,-0.0055086381534592,-0.0416024438337557,-0.1430051685973403,-0.1999623588846448,-0.0098189055568881,0.0573425516742107,-0.2563566224280946,-0.3154352358066348,0.0506787408556719,0.2593423691015182,-0.0099027939511927,0.0870497747317224,-0.184967185874474,0.0581150991462762,0.0714880540207612,0.1735335430648825,-0.0553993428415244,0.1494874464037552,-0.2249300078828675,0.025476016748283,0.1497144518634263,-0.084458089750954,0.1371301069124384,-0.0201682723211785,-0.1459012535027972,stop,2501,57,91.50541676469732,-0.1435160408069336,0.0391223674963127,0.1494634692019278,-1.0,0.2725992667881806,1.0414408616734003,2.0828950038167435,2281,0.4272027262245349,7,0.1699451447569982,0.3352510119818974,0.2075540484946716,0.0198675496688741,-1.2869181238145373,-0.8597153975900012,1.2364417502258451,0.216296148988875,105.26124776793743,91.50541676469732,138.77554153288122,3.5228034023070194,-0.0571858721246033,0.0454364692915085,0.0328688340389874,-0.1398519132988414,0.4709306537775165,0.0055327442099772,1.0,-0.0030433968576589,2026-06-09,49.0,3,-0.0270219736358818,0.0529085994046525,False,False,False,0.5,0.0,0.0,-0.0151402893868453,-0.1146964434895907
ZBRA,Falling Wedge,bullish,1,0.6485883485733712,8,106,1462,1463,2022-07-11,2022,2,294.0599975585937,300.29792436557045,519.9572433366366,267.1089187182811,0.6348665075321445,-0.0207724606160879,True,0.0060531823235912,0.0104843062196758,0.0410473906407209,-0.0029545703308873,-0.0186355893749137,0.033310599541525,-0.0302590157820312,0.0398187161788872,-0.0666756896058305,-0.0367695415992789,0.0010944245151092,0.0143142202514936,-0.0137826834311328,0.0435131575613891,-0.0444637833804835,0.0074649372935591,-0.0046494921604511,0.0393757476673686,0.0103510863169655,0.1528331041576522,0.048912992175548,0.0227272727272727,-0.0057754818445329,0.1064748616559281,0.0754050929026868,0.0196321028426207,0.1124583561954422,-0.017069626611104,0.0590077562325281,-0.0773232361438374,0.1305020995431949,-0.0540315607215031,0.0689827767332196,0.0417609990618783,0.0021648274874339,0.0947157218084058,0.1853335461869509,-0.0187778049045138,0.0097386230638363,0.0064358075754358,0.0363896503466218,0.1763963420173724,0.0567642178388245,-0.0479691511730759,0.0795216849094837,0.0632432050414673,0.1233082026343959,0.0468323781423685,0.1105487127383353,-0.1355822337971404,-0.1418576407223571,-6.314048430022812e-05,0.1828053288727309,0.1016613775719497,-0.0580545738330358,-0.017649135635988,-0.0248755020408756,0.0500913901119512,0.194513910871616,0.1752655842938664,0.1292893461536559,0.0846273983226102,0.1276417832980076,-0.2584236488078434,0.0307263596299161,-0.0230778570229405,-0.0654140118455522,0.059387426977759,0.0972301589017776,-0.0140447694929655,-0.0325771899044349,0.1197300471565077,0.0388211796898172,0.1009661177774357,0.0463496932626734,-0.0390205742808322,0.3959160349895396,0.5904700141428381,0.0261906893659347,-0.1843232957478149,0.103876204896828,0.0256121586839583,0.1973067668474595,0.2982197385845762,-0.1454430002065624,0.1572957502041436,0.3105538386747859,-0.2848171574116127,0.1538614845452615,-0.2676086930631144,0.0475353720940043,-0.0986193880032568,-0.0422022844492356,-0.0314443327692368,-0.2229301138023904,-0.4291941695523356,0.2783678862984775,0.1624772970346553,0.434883156908274,-0.2556541017173152,-0.2463166454781118,-0.0532515849350904,0.1704388959875276,-0.292134022298581,0.2276741422335004,0.0620375208150527,0.0679120989054942,-0.273216650889627,0.1929114142378905,0.213761551506677,0.0779464613343119,-0.1521941790054558,0.2337629680648163,0.0965644508783072,-0.0568946032755395,stop,1515,53,267.1089187182811,-0.0916516325378205,0.2445419447022229,0.1061688141192419,-1.0,2.668167908534652,1.158395231808128,8.381751510449835,1354,0.6614370379525281,7,0.0684945112354083,-0.1095706294579589,0.0615377494784796,0.0099009900990099,-1.866128921532792,-1.2046918835802631,0.4262827333276777,0.2147846163195422,300.29792436557045,267.1089187182811,519.9572433366366,9.902856009347094,-0.3619522716398361,-0.0965711423744223,0.0339487678948694,-0.4745658435085168,0.1209855604206782,-0.0184628705333067,0.0,-0.0387364640769171,2022-07-11,31.0,8,-0.3083828152866783,-0.1940355399018561,True,True,False,1.0,2.0,0.2857142857142857,-0.0292005544415472,0.0129242186045736
ZBRA,Falling Wedge,bullish,1,0.6911480723399019,5,59,1536,1537,2022-10-24,2022,0,267.6099853515625,264.73935089194265,366.6972231924565,237.44977669060967,1.007977886339067,0.0108432480851383,True,0.0583312160367766,0.0387426681089893,0.0885950899005452,-0.0108858621786107,-0.0501347521345952,-0.0064242049418927,0.0311712708530211,0.0413688690457598,0.0240717315202301,-0.0107371142019767,0.0012926360795186,-0.0155275682742921,-0.017883835301755,0.0372456666757352,0.0200855231254348,0.080527032354281,-0.0507096797390909,-0.0524088719523401,-0.0400162190526165,0.0038939003520699,-0.075257581134101,0.0871023906157317,0.0540627949562237,-0.1167743598960159,-0.1198367897318167,-0.0038204707231584,-0.0751457939810261,-0.1582242878611384,-0.058001747440369,-0.0700114566627412,-0.0204363432063061,0.0541232472872772,-0.0543224361129143,0.054154452155618,-0.1096720199940186,0.0191228129898635,0.0309353974076311,-0.0022108635934842,0.0105217615252763,0.0154013267808323,0.0605502619926849,0.1227078874493474,0.0003771172558411,0.0246552191487705,0.0241110907660591,-0.1100151176552182,-0.0396471952928962,-0.0813588235623843,-0.0744840049311941,-0.1492918049557806,-0.0794685443413365,0.1277294803932669,-0.0003901022965505,0.1162306402752977,-0.0167060194766982,0.1259576229192942,-0.1501146550731883,-0.0988679303543652,-0.04911991269121,-0.1246347850491349,-0.0129353031392516,-0.0780589481617524,-0.0496859410543226,-0.1761909002278455,0.0241666793823243,0.1190153704391623,-0.038479691024796,0.196851578376979,-0.0202233367433411,-0.0764545143119362,-0.0856877128958074,-0.0735487724068443,0.1745813585025377,-0.1654754212915627,-0.0462122801544069,0.2370171208836338,0.1142456054687499,0.1859755250624941,0.072387351616751,0.0479524215964826,0.1047182625825697,-0.0312215573103918,-0.0727142696347449,0.3067609392488426,0.1859755250624941,-0.258363375137284,-0.1103433619670847,-0.1770247328448101,-0.01458232068714,0.1596499345272244,-0.2248490397006003,-0.0972009599827817,0.1099361572367523,0.0600194938709131,0.1885836057160015,-0.1004030532103836,-0.0498928615025111,-0.2097543219594936,0.122781871057582,-0.0412431701559563,-0.0823135145947402,-0.3020972926951256,-0.0264083421588043,0.1093008858816961,-0.2609717039752685,-0.2114678359804551,0.2304221620705577,0.0021188509842127,0.1119803260223721,0.1157411971217519,-0.2581130416185652,0.044536118108623,-0.0802170034385315,0.0511539347942773,0.1422493167133903,stop,1542,6,237.44977669060967,-0.1127021049731419,0.0784724081667283,0.113336527904296,-1.0,0.6962816549471644,1.0056292021458275,3.2853631403809977,1477,0.3614210157608045,6,0.0427418645043258,0.0980637765188179,0.0612316795112495,0.0,-1.8159044325351577,-1.4544834167743528,1.3447934407873825,0.1327521075067787,264.73935089194265,237.44977669060967,366.6972231924565,11.90857151576451,-0.2602904951132083,-0.0820312733917155,0.0448162406332123,-0.3168097918631196,0.7775188480416425,0.0047900669370291,0.0,0.0399661411587695,2022-10-24,31.0,8,-0.2225986549791623,-0.1801535644031776,True,False,False,0.7142857142857143,0.0,0.0,-0.0291628181534124,0.050508510275774
ZBRA,Falling Wedge,bullish,1,0.6141737177273472,5,80,1798,1799,2023-11-08,2023,3,207.58999633789065,210.5160358387948,322.8050432102659,198.3168509495704,0.9345406787862032,-0.0138993663320963,True,0.0451370997700926,0.019477436726847,0.0238179075861495,0.0463459733638618,-0.0069313043108005,0.0111665520699069,-0.0070455139460711,0.0095133636885345,0.0085335242971265,0.0101279239339011,-0.0506692522519786,0.0021746948079934,0.0075842469477898,0.0183900911779901,-0.0364026362353032,-0.0031325252180597,0.2156600287090471,-0.048300993693333,0.0015681040789847,-0.0529919273174653,0.0206527756441901,0.043147086145473,0.0344766937961957,0.0880100418843072,0.0501703535104989,-0.0420243468920726,-0.0634295749272079,0.1595242533672209,0.1425507125057963,-0.0292949938432198,-0.0381074054988985,-0.0165294981457047,0.0035255784270586,-0.0501372447062667,-0.0378151893548364,-0.0509595457107262,-0.0447581169042812,-0.0413338436527834,0.0324119551350954,-0.1963541962109055,-0.0163108941935382,-0.0485179459589799,-0.0629918264924065,0.0217083399326378,0.0220680631210583,0.1058488278844553,0.1235126925283749,0.078351626307705,0.0686109157657604,0.0136042893354342,-0.1391828392494238,0.1367804550543063,0.0161441442556309,0.0554063440013818,-0.0304621918890667,-0.0357403035459031,-0.0608979657096291,-0.080341796888457,-0.0621564218776038,0.0650879970041302,-0.0435985344441323,0.1556000293374944,0.025324113842742,0.1507012882879181,0.0588597406480118,-0.0770823009999756,0.0566068623649567,0.0464343988538504,0.1075277813210036,0.2577195478770515,0.1708316677212793,0.086286401413099,0.1538614845452615,0.2547641446749498,-0.166385857749802,0.5991828040729441,-0.0540311474968751,-0.3878327662069051,0.0537355073366807,0.3724096207631686,0.1051923243324077,0.0038218896770656,-0.2122016492739548,0.0931441506257462,-0.2005257245589171,-0.0246051037315668,0.5314414210939746,0.3490816936004974,0.0293809797210369,0.2054306236053031,0.0019031520405177,0.1680168504528199,0.1681198986991035,0.036849738199282,-0.0168858133640517,0.2562699744389394,0.0339077615923968,0.0601152930092334,0.0353939442813611,0.1622535342125335,-0.0743992618169785,0.0250359770777128,0.1527258149236863,0.1766449701506147,0.0157487566439729,-0.0513594070178317,0.3025084376169031,0.0610842357955239,0.2216645092961966,-0.1628904894647905,0.0697212514038172,0.048120344811579,0.151053666465216,-0.0059304848295432,0.0950807479377789,time,1858,60,242.4900054931641,0.1681198986991035,0.3504021943137247,0.0296738945555106,3.763556775377506,7.844155050776251,0.6642841672544099,12.424591877691372,1715,0.8241474375694116,6,0.1051228997890496,0.0816493195086756,0.0382988563064004,0.050632911392405,-1.3885423205394485,-0.5643948829700399,0.1830407467812875,0.2475792300434275,210.5160358387948,198.3168509495704,322.8050432102659,8.365713936941953,-0.2475003454959744,-0.0990770701617345,0.0405237058613017,-0.2403870523355655,0.3791482560872426,-0.0001922384513721,1.0,0.0021313618013605,2023-11-08,30.0,8,0.0750606649811924,-0.0187693164468618,False,False,False,0.1428571428571428,0.0,0.0,-0.0546142094928226,-0.4448443483824961
ZBH,Falling Wedge,bullish,1,0.6991706819957844,13,102,1269,1270,2021-10-01,2021,6,138.57652529346504,137.5623530909503,167.48191724165014,127.74519497813264,1.444252027125447,0.0073724545976923,True,-0.014515390180414,-0.0257394300090516,0.0284956625769132,0.0053739063758164,0.0268338950377398,-0.0138407690585693,0.0163416251970789,-0.0126149121053801,0.0184179001072102,0.0102326101389533,0.0014094693973465,0.0164414127514884,-0.0329043414038084,-0.0236527802656356,0.0002712384190548,0.0075804890664668,0.0246207196986349,0.0013723096379902,-0.0125066723997523,-0.0510587626450173,0.0480525997216261,-0.0106742075491386,-0.0169249598153649,-0.0164639130682421,-0.0461867974320745,-0.0349273843479142,0.016312768324977,-0.0084915432753275,0.0144223619585661,-0.0519165304587794,-0.0199510549178023,0.008851834009079,-0.0569756255752208,0.0193682869831106,0.0129164266028105,0.0058665565779012,0.0147072312937308,-0.0083138227364606,-0.0860612261506972,0.0059289371331994,-0.0827251242452052,-0.0356806840819775,-0.0367701555785218,-0.0089018776887328,-0.010101051167881,0.0006581707988151,-0.0382366963652968,-0.0988603182387947,-0.0140867880958736,-0.0569750996872463,0.0443768180139385,-0.0551533884060547,0.0587025132293135,-0.0168554749257147,0.0273989447279456,-0.0802027969073395,-0.0323890160914728,-0.0250794327434769,0.0084914542560188,0.1959535060487676,0.0002450441108012,-0.0613256683469105,-0.102082305000974,0.0240991617132031,-0.0790009286792684,-0.1392405775688771,0.0290178266624645,-0.0088970711072263,-0.0240865324253977,-0.1700826343005483,-0.2430617704931807,-0.1874704541633043,0.073382085183939,0.2015266274850109,0.14311568728542,0.0268409055676044,0.0376369787067545,-0.0575417300688798,0.0147926111272251,0.0692064804870113,-0.0812886965501703,0.1370700907109967,0.0518111943511359,-0.0232372909833649,-0.0096509853317424,-0.0217502870029279,-0.0509198459560755,0.1774713062113024,-0.041692835490995,-0.0256474801756925,-0.0967458122281965,-0.1869280617588009,-0.1368001764771096,-0.2419857934887161,0.0503119138771073,-0.0284084834183627,0.1600342060404722,-0.0745453396909536,0.0922156230040651,-0.2594013160700802,-0.0511097018057478,0.1687511464936906,-0.1209861941319792,-0.0618892065233724,-0.3316768352241523,-0.095747442025093,0.0778961376050986,-0.0193614762567995,-0.0701926958137049,0.0973278958524301,0.0142789432968557,-0.0780674189557734,0.0769778656947188,-0.0112415288825975,-0.1135584811304007,stop,1293,24,127.74519497813264,-0.0781613645774041,0.0204287120233685,0.0814463239643932,-1.0,0.2613658568247962,1.042027917561955,2.66868344946214,1161,0.3916287080541646,6,0.0168241766565444,0.2272796008717181,0.2317473090222248,0.0520833333333333,-1.6449669333150578,-1.253338225260896,1.3782029505630584,0.1021607880338461,137.5623530909503,127.74519497813264,167.48191724165014,3.6988273000034986,-0.0554485580858477,0.0013778439586118,0.0265737282088558,-0.078505850943306,0.7884614415893842,0.0077205885849607,1.0,-0.0387451465806494,2021-10-01,45.0,3,0.0242892116590069,0.0163040297849401,False,False,False,0.0,0.0,0.0,0.0488826014994391,1.7894604140555832
ZBH,Falling Wedge,bullish,1,0.6968209672512765,5,60,1470,1471,2022-07-21,2022,2,104.52939163562928,100.43140469268565,130.6330511896074,94.76744982754389,1.2824122705697236,0.040803839749959,True,0.0227107792221246,0.0047874581604911,-0.0455828991833768,-0.0246484423594732,0.031371327417246,-0.0037614446298817,-0.0036603078816747,-0.0211154320095671,-0.1173683784796129,0.0043344706908243,-0.0099723527633145,0.0051442399607688,0.0547004740448753,0.0123925778312738,-0.014942991951108,0.0290589528719662,-0.0110584944538588,-0.0092105630971756,-0.1134913333156867,-0.0323026514122994,-0.0333752144994636,-0.0399780600900933,0.0398841053876062,0.0464367066755277,0.0082081980962294,-0.0410514830910383,-0.0030827251502361,-0.3686985351529294,0.0680362047203984,-0.0426021434139386,0.1361507683816072,-0.0460630172150815,-0.0267659393333701,-0.1208900925748361,0.0566501194024724,0.0089078110972504,0.0675960767470977,0.0100641074899892,0.0398078010648104,0.0176889098743102,0.0692413486977467,0.0270848269696655,0.0398184673994115,-0.0103591620331021,-0.0716284421233153,0.0559414615876821,0.0572378405197069,-0.0153833148292044,-0.0451655596916698,0.0590294527113359,0.0425991852478344,-0.0141267558761428,-0.001541890056194,-0.0655159115682205,0.0669799153643089,0.023658219013666,0.0670730945874233,-0.4401614629979732,-0.0265464995993365,0.0718730299319523,0.0843597752530092,0.1008847795320935,0.0216096758405901,-0.0800692762204414,0.0684184089224517,0.1429099222282079,-0.0242592137157389,0.0048944098113956,0.0543926755837793,0.040343519828349,0.0698635863247828,-0.0467136890416165,-0.0031411766414303,-0.099711616779739,-0.0484207326546598,0.0674633829189814,0.1220695127486151,-0.1176229414766164,-0.0501748182268383,0.1222800148534417,-0.0136426176770305,-0.0214861784652028,-0.1505802427213028,0.0475683898475849,-0.0857549888759818,-0.1294807997822904,-0.0373569334121889,0.0826141043596424,-0.1083470389428994,0.0745747986713927,-0.101687024669351,0.0652210496267235,-0.0108090472405103,0.0890128948725252,0.0294477758143474,-0.097476950192118,0.0669000443024914,-0.000708871224437,0.143169703156069,-0.0029086187969309,0.1380200802704592,-0.1452615108089425,-0.0744943898732841,0.079045639163104,-0.1245081977874328,0.0569787269754766,-0.0725825160581794,-0.1256014157740276,-0.019094451498775,-0.0678444282604263,-0.0309669861326079,-0.0078943488973559,-0.0337442170642271,0.0783700189692166,-0.0002513015546313,time,1530,60,103.39952850341795,-0.0108090472405103,0.1044129798506888,0.0422819697857773,-0.1157416377216579,1.118038344954683,0.4527489167373145,2.6740232698741933,1408,0.6817502394715824,6,0.1022975355974858,0.1239149780580768,-0.1096890539904351,0.0517241379310344,-1.4303758827994233,-0.748625643327844,0.3934721911301949,0.1582344831411912,100.43140469268565,94.76744982754389,130.6330511896074,2.27327511636356,-0.1072840424008667,-0.0229329430972624,0.0217216405486176,-0.0900387479061662,0.3257578822645524,0.0026852699993435,0.0,0.0651726253613247,2022-07-21,36.0,4,-0.1459144260856986,-0.1274869167441017,True,False,False,1.0,1.0,0.3333333333333333,0.0107716284416153,0.5484367583167492
ZBH,Falling Wedge,bullish,1,0.6683210511794644,8,95,1808,1809,2023-11-22,2023,6,110.90650104845236,104.11686800404892,142.07186889500747,97.7876605671803,1.1019714538787122,0.0652116527759882,True,0.0220561255709079,0.0191334716142936,0.044122546424554,0.0747128816380811,0.0506955146255467,-0.0492179719862932,0.0080214402385387,0.0211717920438858,0.0281474986318444,0.0216312979782764,0.0275248848024289,0.0126560796737773,-0.045188427544449,0.0444989479705795,-0.0138564477963579,0.0165234911370095,0.0381525827749147,-0.0104784880270435,0.0065985624468485,-0.0673132712299596,0.0343589657813601,0.0284140989858816,0.0084973266424367,0.0306676868046604,0.0237237008574418,0.01712949827038,-0.0259414838332173,-0.0172970583453846,-0.054719924358238,0.1187952561514711,0.0008694075191781,-0.0169697803673913,-0.0638428102613314,-0.1092391963729112,0.019047434972754,0.0177153375086545,0.0209475027689569,0.0526829134961082,0.0077349406139151,0.0446927325797077,0.0285320294238913,0.0206592238815679,0.0002519273111067,-0.0692591737671928,-0.0232652172278841,0.0322415088064534,0.0514059035008394,0.0084529823018459,0.1506180504415546,-0.0124820010975954,0.0814543959946332,-0.1080377018638091,-0.0465643118891402,0.0301713993344217,-0.0111971385140492,-0.1494556634866561,0.1256194432235831,-0.0812096439484816,0.0663038383385834,0.1186793257478968,0.0235325831705301,0.0462844049260675,0.0125509847834581,0.0587025132293135,0.0391537692482064,-0.0499999100812128,0.0381184573356245,0.0506515073694253,0.0322611883877217,0.0660940691730371,-0.0036882407056026,0.0704161041421633,0.0831980332118458,0.0011683466508098,0.0048669969988544,-0.0033499438365287,0.0129125844941437,0.0243004412198251,-0.073557353702767,-0.0761665369547934,-0.0874207140114898,-0.0957140046057065,0.065656485214812,-0.0143837494147499,0.0595322863336797,-0.0560401224213487,-0.1016009789235039,-0.1115161629235299,-0.073557353702767,0.0066793492759307,-0.1069523090089766,0.089670499271242,0.1301056149590025,0.0330745392106797,0.0284708217011429,0.148188299795932,-0.0378490696519996,0.0947630947038382,-0.0451007519911541,-0.0498502254107664,0.0067874700855716,0.012513459320312,0.1250881130575314,0.0694592631217225,0.0917562429403016,0.0137286257646311,0.0830543508742465,0.0464893167368187,-0.0143032815896935,0.144995561795389,0.0679800303964277,0.1974247407590328,-0.0863464580276887,0.0041113322969013,0.0850375681250776,time,1868,60,125.3360595703125,0.1301056149590025,0.1345080518940174,0.0095783872478341,1.0999111196190865,1.137129262277807,0.0809755570136631,2.3756190869951936,1707,0.7242982400315516,6,0.1233716501362349,0.1550109927560954,0.0921977457261298,0.0425531914893617,-1.527080284745287,-0.8027820447137333,0.3515804875881066,0.1718432234972356,104.11686800404892,97.7876605671803,142.07186889500747,2.3716949400840983,-0.0920198001239975,0.0373515171353904,0.0213789997190414,-0.1115931646668618,0.3937515497148592,0.0081487449657948,1.0,0.0897380265561291,2023-11-22,12.0,4,-0.0125136960108254,0.0022794726772921,False,False,False,0.3333333333333333,0.0,0.0,-0.0007147698124884,0.1907869748709069
ZBH,Falling Wedge,bullish,1,0.74111283481622,5,72,1958,1959,2024-07-01,2024,1,103.80855447430751,105.84650064137452,134.52478860308315,102.02153849249828,1.5270519795373054,-0.0192537887858182,True,-0.0010389858746674,-0.0233305991663398,-0.0361858174528272,-0.0090287835726174,0.0054275067525602,0.0400426421720907,-0.0195303465052264,0.0397650453843621,-0.043855282050211,0.0511492692755817,0.0078136623387781,-0.0090892217111148,0.0068039287146,-0.0580681072112826,0.0049482428786744,-0.0149746872171686,-0.0055321707783663,-0.0004376428403847,-0.018127619189505,-0.0427068465094233,-0.0088212504232587,0.02676559701975,0.003143108171582,0.01501831676689,-0.0239002117941846,-0.0497017672941955,-0.0433293564653819,0.0598372774841828,0.0491234453278783,0.0218353369032111,0.0091998717465651,0.0526623660634713,0.0391278633257312,-0.0150677188543627,0.0557647581609908,-0.0303397606750649,-0.0635753562811551,0.0042238034789672,-0.018151041174122,-0.0198843348689279,0.1255385435268503,0.044935333648979,-0.0180405038629527,-0.0164265602924371,0.0077694898200046,0.0052432322809784,0.0519506567043901,0.0550772963416185,0.1017455299041314,0.0929285787394513,0.1040861809741284,0.0468257827293967,0.0082158923937778,-0.0556818805577349,-0.0918217731592606,0.0754122298380395,0.0036581877167738,-0.0305861152905778,-0.0038140744515284,-0.0696049570680021,-0.040857235405611,0.0631306445980246,0.013240264744605,0.0232023499213718,0.0309394610523932,0.0062032990306715,-0.0760727443723808,0.0503857031066048,0.0393738904821764,0.0831207061268426,0.0502716043758388,0.0534402548191497,0.1774713062113024,0.0208898418706107,-0.1827974489751548,0.0265502902429835,0.0788430921881038,-0.0675740224123989,-0.0172735845835362,-0.0150127370104247,0.1060414323178509,0.0378932857487261,0.0964087925407692,-0.0881798477393772,-0.1016009789235039,-0.0887755738717203,0.1821367703672431,-0.2044765578057473,0.0233039429309422,-0.1083470389428994,-0.0667117272260432,0.0900092315394988,0.005950742193207,-0.0457108706409816,0.0500477297192907,0.0039534361287161,-0.0589838220139264,-0.1701783399056374,-0.1045208851865324,-0.0419289135535991,-0.063935557831343,0.0723084806389049,0.2312821129818905,-0.0870780262971535,-0.0404621181090641,-0.0856155819750302,0.1645011709934509,-0.0698287224861879,-0.0214863428587038,0.0924999868823064,-0.0268546355099822,-0.2594013160700802,-0.0926790732745097,0.1465468563616385,0.0240414202614846,stop,2005,47,102.02153849249828,-0.0172145348797002,0.1023897212796325,0.0172853788073688,-1.0,5.947864522344578,1.0041153553182594,17.188561513410484,1885,0.6538953803418899,6,0.0987173995588171,0.0799938413280456,0.1591153473942204,0.0144927536231884,-2.178439786596546,-1.5245444062546518,0.4443357039021059,0.1017193802349969,105.84650064137452,102.02153849249828,134.52478860308315,2.215834278193443,-0.0978185018307618,-0.0794405967967604,0.0213272626137915,-0.1252552282979266,0.0453071876705159,-0.0140052481811135,1.0,0.037410723518358,2024-07-01,41.0,9,-0.0070024703682977,-0.0056918084941061,False,False,True,0.25,1.0,0.125,-0.057678993110199,-0.8212416250028215
ZBH,Falling Wedge,bullish,1,0.7056300005565839,3,59,2043,2044,2024-10-30,2024,0,107.80304783124906,102.48917223110244,119.0850278383342,98.42422063754174,2.478310489211544,0.0518481658546758,True,0.0042843652786377,-0.0226111036116261,0.029781204249637,0.0422905784865041,0.0381525827749147,-0.0138152988497455,-0.0045790808611267,-0.0103972920123278,-0.0071968212773172,0.0462308247171752,0.0061888845724189,0.0102542990484768,0.0070936438151889,-0.011335743567661,0.0108871295425296,0.0389437647133197,-0.0481731319462639,-0.1524222280674005,0.0013030514369394,-0.0262689318041349,0.0155372383813676,0.0024374661157986,0.005538758305223,0.0024612887786796,-0.0351195012935929,-0.0819057987891185,-0.0289326818975887,-0.0341286278131713,0.0583894180220536,-0.0640189637370824,0.024746317501932,0.0288657631933024,0.0482204403464623,0.044935333648979,-0.0849973574934356,0.0216279469716142,-0.0322783273909472,-0.0849973574934356,0.0039464284792607,-0.0517820730619189,-0.0241870709753758,-0.0040487273832225,-0.0655278597803356,-0.0163296291144197,0.0800387458120661,0.0155794928263987,0.0211486013908852,-0.0192817086716874,0.0322608328026685,0.0714214121496779,0.0307753497892533,-0.1026969267835251,0.0229369126061151,0.1498678166026057,0.0286641760375701,-0.00943779379875,0.0011717511861115,-0.0291086647576878,0.1163223385513079,-0.0425324693810355,-0.0321786948930696,-0.0067448606853662,-0.0436823344548096,0.0812998428756215,0.006193965875471,-0.0114547595725217,0.0415810143250234,-0.0102651078708684,0.0064289113606956,-0.0257976000879248,-0.063070386594212,0.0246712708626446,-0.0905770885249308,-0.0632879167894704,0.0150271574953888,-0.023644700817797,-0.0234146472352602,0.042846408815502,0.0666099421543697,-0.0453929327288396,0.1580345486535757,0.2059850784210393,-0.0484207326546598,-0.1290997115766222,0.3941019555090121,-0.0129805695567498,0.0324219319924781,-0.1129699178092495,0.1462916316270963,0.1343320555024458,0.0011683466508098,-0.059382705587464,0.0145848182750039,-0.0345419930355954,0.0565908815105749,-0.08002991456389,-0.0952656443417281,0.0082510542319498,0.0041113322969013,0.0416191444347806,0.0928075072994469,-0.0618892065233724,0.0382208366872558,0.1372036916784569,0.018449735486268,0.033337121658143,-0.024832316469069,-0.0413049616840779,0.1044860377593446,0.012289647287377,-0.094413448481163,0.104322933803989,0.1583975595545155,-0.3735061160316519,0.0126425244953013,time,2103,60,109.37533569335938,0.0145848182750039,0.0457611172872855,0.0802498627397001,0.1676422680188876,0.5259919832026059,0.9224159495318912,1.2029201278657464,1984,0.6395933699330792,6,0.0584985070519797,-0.0846338682080235,-0.0126430112171271,0.0,-0.9178389460589236,-0.2782455761258437,0.3514942779213894,0.1506483704655657,102.48917223110244,98.42422063754174,119.0850278383342,2.1036962416536817,-0.0462263895581087,0.0258216206272741,0.0194947072591973,-0.0774616575156148,0.94680796379013,0.0350404599120419,1.0,0.019600684975531,2024-10-30,41.0,9,0.072340757685865,0.0409371384991907,False,False,False,0.125,1.0,0.125,0.0442037666614676,1.5001356121528469
ZBH,Falling Wedge,bullish,1,0.6401818225944855,3,54,2202,2203,2025-06-23,2025,0,90.53038028846396,89.52455838620153,110.73702365883788,86.17716650176206,0.8565817916112729,0.0112351506714325,True,-0.0029816291182702,-0.0253536082118288,-0.0260203144094951,0.0011074934472061,-0.0098849202702003,-0.0312612764963282,0.0453235469517778,-0.010683589586023,-0.0367229820548459,-0.0048677433930973,0.0464433175918905,-0.0111358832419524,0.0182996391949539,-0.0449299017288358,-0.0184298356493498,0.0583867923834626,0.0318043392887565,-0.0405607964094815,-0.0216669499304866,-0.0463041729007853,-0.015975053982999,-0.03433335828399,0.0045889533557208,0.0217224876254114,-0.0047697488198286,0.0008080155457841,-0.0150677188543627,0.029512823580847,-0.0018501334578857,-0.0069607318959576,0.049720586867717,0.0607207889587642,0.0178850083544923,-0.0507724908386775,0.0129443851994195,0.0247953381101233,0.0251755152053276,0.0157844490138763,7.309117836751255e-05,0.0442584009598518,-0.0413577136976079,0.0254121863402441,0.0076300348374687,-0.071538102267499,0.131673510333385,0.0087801254517274,0.055062034777505,0.0144715314486287,-0.0507562291927067,0.0874318783970509,0.1324274853444487,-0.0168679233656907,0.0358745768048982,0.0327547197711366,0.035452427282129,0.0623384599001899,-0.0767286906048966,0.0171244583100298,0.0048944098113956,-0.1322269288396742,0.1132481598713859,0.0408265156283946,-0.0511332622757031,-0.0110850845219653,0.1236451111970899,-0.140689057842225,0.0007823428167395,0.0492348518244214,0.0422346237616826,0.1402147543009533,0.0815050850951619,-0.1320294447888946,-0.0490840123293702,0.0404274642508979,0.0664241477345506,-0.0557130477730284,0.1045785500501734,-0.1216984872327082,-0.0896384507994793,0.0409437862353601,-0.0130091519767573,0.0031561149092913,0.0070676202487942,0.0226658898861589,-0.0301156553159488,-0.0373192634136791,-0.0090514316536972,0.0035638571156701,0.0772441487837289,0.0690737635449258,0.0834675518563914,0.1411670568343343,0.0922275559420857,0.0014658810472871,-0.0027122409754225,0.0168788890636912,-0.0565317647847283,0.0445688622649431,0.1138837595387736,-0.0091140980354219,0.0980607598541214,-0.160507919952422,-0.2044140845115644,0.032299627446293,0.0404434076241542,-0.0110327273253436,0.0882313211282506,0.1651248912676675,-0.0153058396714547,-0.0340446908051689,-0.0178102470775528,-0.143069574565929,-0.0395769398674411,0.047647956363773,0.0945765885931248,time,2262,60,98.87977600097656,0.0922275559420857,0.1837202056914459,0.0235319234002757,1.9179843034629152,3.8206853379747354,0.4893749948265171,4.64177602122384,2148,0.7118980986297319,7,0.1206805459535487,0.0028546343772617,-0.1295514404833233,0.0208333333333333,-1.0042408170374495,-0.2923427184077177,0.222605274611169,0.1653321471387207,89.52455838620153,86.17716650176206,110.73702365883788,1.7308287647533862,-0.119929064721474,-0.0428009344737935,0.0191647305531958,-0.1495240941695788,0.9116004400588404,-0.0047138814766772,1.0,0.0323007531630534,2025-06-23,37.0,10,-0.0127200667962602,-0.0395540947901664,False,False,True,0.2222222222222222,0.0,0.0,0.0110726737668156,0.509836483943388
YUM,Falling Wedge,bullish,1,0.6790867253202973,8,43,2302,2303,2025-11-12,2025,6,147.4859002386274,143.81483341321064,157.51120905244363,134.635279792186,3.1881433391705465,0.0255263434118024,True,-0.0135018490873483,0.012758229626925,0.0533323827025187,0.001440843346925,-0.0154934192169742,-0.0572888076750155,0.0172542016865671,0.0131474529591415,-0.0081323134721201,-0.0152616663814353,0.0371936646402994,-0.0080442549081966,0.0308797473072308,-0.0018978993023414,0.0290246192600833,-0.0295251331400426,0.000404353273675,-0.0198410100544208,-0.0089634728830249,0.0109771843419335,0.0171000352170485,0.0295372252395516,-0.0172940357344184,0.0229464510068635,0.0241514099279503,0.0648671074642157,-0.005344900077324,-0.0569779595421208,0.0380415958275588,-0.0620028868812019,0.0142061606979078,-0.024928652479186,-0.031157366177768,-0.0253882630143672,0.0361041111695741,0.0134619097259101,0.0068060714233832,-0.0250623802909903,-0.0591099723606316,-0.0331014448683506,0.0607001712912786,-0.0250467577248295,0.023431556983686,-0.000662452117366,-0.0144171463867058,0.0282255258737299,-0.0101668383193097,-0.0229074556901397,0.0526248699087987,-0.0691726196021009,0.0768472569584843,0.0851230997998797,0.0291083084628582,-0.0238063028266782,-0.0352671519444003,0.0213597161758682,0.0107047999451996,-0.0364734672820554,-0.0226893731714079,-0.0299367004188125,-0.0108888629462595,0.0338979082721673,-0.0342459942383616,-0.0103653735964757,-0.0375095805915328,0.0191251772098854,0.075225635668648,0.0714589206889826,-0.0184228516429441,0.0486404664941171,0.0240789461216592,0.0483212267689436,0.0641708185583576,0.0277954277588947,-0.0428394903797224,0.0077696792506494,0.0661572666044425,0.1870785426528742,0.0479759372205403,0.0858346223463846,0.0459458978821185,-0.0405655994352764,0.0277954277588947,-0.0632264958064925,0.1832861921753994,-0.0533920031104715,0.0278722791391039,0.0623781777877534,-0.0419759632499094,0.0166859801461745,-0.0009794268890512,0.0158360416351367,0.0615380141093178,0.0414569914594304,0.0030594280682965,0.1035625906287227,-0.0457581715590545,0.1188577321131389,-0.0745087891256672,-0.0030316231780499,-0.0897165466631291,0.1743238522672299,0.0652173081050901,-0.0243509464513151,0.0489402270075858,0.1270638680581961,0.0004462601034069,0.1397131343334554,-0.0084509923337113,0.1466339615721221,0.0276555681519359,0.1528577046343715,-0.018599023910004,-0.0001033690659334,0.0193474054714834,target,2345,43,157.51120905244363,0.0679746931577567,0.0763065783111816,0.0519332708640464,0.7801420060299445,0.8757666171262917,0.5960354395060677,0.7801420060299445,2253,0.4617638766640116,5,0.0129530106367076,-0.040939174440094,-0.1749221296631654,0.0,-0.7336787471868824,-0.2719148705228725,1.0648829851773074,0.1262995950306167,143.81483341321064,134.635279792186,157.51120905244363,3.398289687588349,0.0199405049947223,0.0180075231153233,0.023192627456778,0.0390697769036596,0.3024180151356626,-0.0029186364495019,1.0,0.0273764485806993,2025-11-12,49.0,8,0.0596858565451317,0.0558148094119548,False,False,False,0.1428571428571428,0.0,0.0,0.0330057445081944,0.5409574291772576
YUM,Falling Wedge,bullish,1,0.7008972170683495,3,38,2401,2402,2026-04-08,2026,0,157.90723655553836,157.6698544029624,170.69881461468617,151.2484375151593,0.7141911277863606,0.0015055646082431,True,0.0154251987314832,-0.0217687912224811,0.0059076857321498,0.0034486814886689,-0.0134512949711256,-0.0084983094617717,-0.0057119459044772,-0.0271591853433725,-0.0124998321082664,0.0195288630933323,0.0028827846340033,-0.0068007320063495,0.0402731315789619,0.0093575014457172,-0.0036312977968995,-0.010554197813729,-0.0137302258746703,-0.0052544048689395,0.0097197862974682,-0.031743446729064,0.0532572329393818,0.0058325244745716,0.0148665327912038,-0.0026335574000904,-0.0565278741150043,-0.0082237453349582,-0.0363042872633206,0.032192333768845,0.0072528840884804,-0.0020304084071585,0.0333456476769218,-0.0263245901193357,0.0101144916574036,0.0260466607969171,-0.0075350324715047,0.0664452495418623,-0.0284019451275446,-0.0002304800446965,-0.0073299557210869,-0.0163777682468384,-0.0220008412623821,-0.017940300097743,0.0371001214713453,-0.0350838452645105,-0.0054902976541151,-0.0025947519994194,-0.021695443550991,-0.1091087471379135,0.063179148757686,0.0242759786953741,0.0068452649166861,-0.0172412427604686,0.0824548351730614,-0.029424332327304,0.111793666474818,-0.0965630648123012,-0.0260127402725229,0.0118454314810039,0.0136937482642907,0.0080830703468099,-0.0145453835937876,-0.0030208626880608,0.0082925919894418,0.0491470763870824,-0.0437094616851605,-0.1547663018439622,0.063061523529406,-0.0279124779697614,-0.0231692669541076,-0.0669384337551031,-0.1888192045528418,0.021866712056122,0.0221802889648199,-0.0242556975618449,0.0440230749195966,0.0296040871100511,-0.0484772470206072,0.0691585722927246,-0.0913148020133415,0.0901264285620724,0.0636365167352077,-0.0241320134553468,0.0527600490161579,0.065706456496458,0.0804812970369761,0.1005552700626011,-0.0193984293238865,-0.0279656794673927,0.0117483862873968,0.0524046241389668,0.0968901114488307,-0.0952183340693812,0.0459136451034978,-0.0702257366299698,0.0733646817448239,0.124116565172615,0.0693352852808297,0.149060552222382,0.0184610366888584,0.1624717872693319,0.0981265509654958,0.1340121324886278,0.0977096086916673,-0.0300116058254396,0.0359441347652451,-0.0198697129764648,0.0926684377266369,-0.0653086756528316,-0.0725960201905578,-0.0008033625350813,-0.0619231375804489,0.1559982983935426,0.0757938144566072,0.007572890484002,-0.0062925179759942,stop,2423,22,151.2484375151593,-0.0421690556153647,0.0293453936702504,0.0487208053658481,-1.0,0.6958987637265976,1.155368662040802,1.9210037698358968,2363,0.5335836355682053,7,0.0908166644709246,0.0345365295270243,-0.0465488883416482,0.0,-0.7861688814954921,-0.2525852459272868,0.7261635668382711,0.0973685172066785,157.6698544029624,151.2484375151593,170.69881461468617,3.454164048893936,0.069645113459914,0.0073986408911728,0.0217451077666609,0.08840315392928,0.7880580834995858,0.0068183787826163,1.0,0.0009986166518081,2026-04-08,8.0,14,0.0697752400992555,0.0347902399031558,False,False,True,0.1538461538461538,2.0,0.1538461538461538,0.0378855223293138,0.8816077097925653
XYL,Falling Wedge,bullish,1,0.7069957900075208,5,44,1534,1535,2022-10-20,2022,2,87.10609251110175,85.94436823768359,98.62826735411863,80.03526105473622,1.1510370419795417,0.0135171657810706,True,0.0985472990479467,0.0578484464964601,0.0047404363449341,-0.0020755297181783,0.0035611804264077,-0.0653635024012105,0.0466533733518781,-0.0197610884433621,-0.0277093138345031,-0.0083795934946567,-0.013549468698329,0.0055672160831747,0.0443694024035894,0.0462712548427661,-0.0937710512202616,-0.0447293338665411,0.0105774295867242,0.0045209192507817,0.0316819004554231,-0.0057430887557996,0.004703293829672,-0.0309454419384485,0.1040163493377437,0.1708732797884211,0.1547416495730373,-0.0603550600046306,-0.0098769168438089,0.0199819297530357,-0.1474964336382075,0.0428301832618509,0.0089771296243632,-0.0234805818079213,0.0316973725795157,-0.0037643171453162,-0.031059805051178,-0.0901086806053326,0.0046917867004465,-0.0498983349879051,-0.0187456994378566,0.0443133890714848,0.0297923568734364,0.0142858141076214,0.0465807808622666,-0.0172568161906895,-0.0790650124014317,0.185271125552434,0.2104230114282459,0.1306686286893839,0.0069989669690739,0.0226010049692058,0.0852445153132144,-0.0156717257054265,-0.0347070985445681,0.092857777201126,-0.1258917606604189,-0.0447180954673001,-0.0038324340966805,-0.0603076827737095,-0.033782852141233,0.0858950301225807,0.0442708217868543,0.0639580153224517,0.1002188422738497,-0.0403683258671628,-0.0524056883638793,-0.0747543783447857,0.0484764844486669,-0.0511003450920766,0.2097739578607568,0.2040158193173282,0.1494859450625352,-0.1007487671191115,-0.0343956758872123,0.102501377345783,-0.0139458030439066,0.0699090901943795,0.1188154012297912,-0.2605850301514012,-0.0726639445790664,0.0368684092022382,0.0874096914693098,0.0589401005100715,0.051748675896259,-0.057222709400982,0.1211539720116334,0.0615536407253607,0.044264434448592,0.1757235500307479,-0.0124658455396108,-0.1224325275372268,-0.095387931511107,0.1960638139026011,0.2437806655654262,0.1666344399248593,0.0725268956007967,0.0964291862869084,0.0265378218201939,0.0973915343301154,0.1296763125879598,-0.0221440936561626,-0.0440514345523107,0.1010596046988203,-0.107107668977905,-0.0847006909164694,0.061517103039461,-0.1466115783260488,0.1840488938390463,-0.3315345864329264,0.1919448800022154,0.1133787384694788,0.0689456070439407,-0.0560498247530358,0.1389523616119456,0.228237913836087,0.2078583167878206,target,1542,8,98.62826735411863,0.1322774849709664,0.1745877651422706,0.0116901530546752,1.6295360615114127,2.1507595133099118,0.1440118548622407,1.6295360615114127,1488,0.4026561455369766,6,0.0698376029630187,0.4227457410585153,0.2970988629990312,0.0,-1.135846359972502,-0.733190214435532,1.3141784675247756,0.1055216383728634,85.94436823768359,80.03526105473622,98.62826735411863,2.918900377382485,0.0220147752739683,-0.0268097556813949,0.0336900662267435,0.0600784338765043,0.2101454283100046,-0.0006459304071965,0.0,-0.0235421949810624,2022-10-20,2.0,12,-0.1629834271361959,-0.1276992609407001,True,False,False,0.8181818181818182,4.0,0.3636363636363636,0.0398605839480868,0.7048480537486015
XYL,Falling Wedge,bullish,1,0.6609907485746731,3,21,1589,1590,2023-01-10,2023,2,108.32178965533612,104.96297926085288,114.02035628691158,101.55239475910535,0.8053623307656765,0.0319999529180279,True,0.000176179354,0.0020629725966073,-0.0252951556287273,-0.037534167144836,0.0226113050946097,-0.0068253472091978,0.0197628688385496,-0.0317142782629844,-0.0241516684003789,-0.0254472536215928,-0.0037706140333136,0.0157294271618821,-0.0032255696062113,0.0581183264937794,-0.0418676023881381,-0.0025516924978924,0.0271065834765125,0.01437284371043,-0.0357412987651256,0.0314438686197824,-0.0136697700801318,-0.0040896488124018,0.0035131215067693,-0.0967230666522745,-0.1174250114177614,-0.045421554561508,0.0185282331293048,0.0799383827630533,0.0509731252544227,-0.0113768664801233,0.0500921535327321,-0.0257693954536998,-0.0277694263014848,0.0498562029621501,0.0304943555713226,-0.0764468310688739,0.0391970561243568,-0.0330555433690654,-0.0038966711382431,-0.0086764722991117,-0.0648749243147923,-0.025798566584347,0.0434382157980686,0.1140124078076094,-0.1160443102804534,-0.0985930452068404,-0.0641294962976476,-0.1110917857772121,0.0349807519382674,0.033909008814722,0.0465330571947786,0.0296838568359287,0.0837643772786325,-0.066267323632876,-0.0175082366011144,-0.066267323632876,-0.0079959544252309,0.0963597753040679,0.0295095382360583,0.0321885729937352,0.0818459908422444,0.043661099048855,0.1132629063342796,0.1184532916202634,0.0839648288030678,0.0220124240384707,-0.0239651459307589,0.0189913386886786,-0.0984853379851073,-0.1121385276373521,-0.1104303429830084,0.1659222480955724,-0.0955256371385548,0.0296392595109384,-0.2684876203812228,-0.0835324049701333,-0.1192457953783571,-0.0727780886111317,0.0551849400629722,0.1242329846621936,-0.0882051193005794,-0.0379409074585324,-0.0859941680237537,-0.0124844655743755,-0.1993539005858726,0.1035651747157042,-0.0647486841263423,0.0923302475701264,0.0547481168986261,0.0230814921739037,-0.074269847204644,-0.0844454188841789,-0.114082540186693,-0.1613039952032141,-0.2157899540253788,0.1674471364250958,0.0779776000255414,0.1919448800022154,-0.1290751878288383,0.1392564828085849,-0.0543244301569268,0.1061871049135292,0.2167783659172648,-0.0788872039455083,-0.0161177385657683,0.0322251445344754,0.1994615942216187,0.1947092592576771,-0.1671838043793237,-0.0063688498291138,-0.1506085486345424,0.1370565982884191,0.0704846054892824,0.1358248542849358,-0.156632435626855,stop,1597,8,101.55239475910535,-0.0624933812280055,0.0445737617832538,0.1429703001030159,-1.0,0.713255722564084,2.287767076986799,0.8418132963034058,1566,0.6152555118457241,5,0.0433935002550094,0.0218517815880632,-0.2336278792490604,0.0,-0.895292938333351,-0.2800374264876318,0.5479437957798642,0.0911224839048006,104.96297926085288,101.55239475910535,114.02035628691158,2.503431053366843,0.2171937112539632,0.0246113556578018,0.0232297398006995,0.4797439222548099,0.8813567358339374,-0.0036674656502232,0.0,-0.0023048235307066,2023-01-10,40.0,10,0.2441901912364141,0.1205820373104094,False,False,False,0.0,3.0,0.3333333333333333,-0.0071478128122813,-0.342889255002815
XYL,Falling Wedge,bullish,1,0.7395090392916902,3,59,1776,1777,2023-10-09,2023,0,88.07042547160209,87.04141539624015,118.8491822719932,83.97356378803272,0.5533716623587795,0.0118220742468118,True,0.0053604915723646,-0.0017999413096636,0.0210577930656983,-0.0925900201087062,0.0486689877780499,-0.0208076603394032,0.0507320006531879,0.029682987745651,0.0191212123583015,-0.0717339897668105,0.0393712490444777,-0.1191017218047179,0.0214694797893153,0.004703293829672,0.0178986060813024,0.0108232310936455,-0.0197610884433621,0.0341905787902838,0.0097770129235388,0.0476898723745808,-0.0067616385189651,-0.0237849093561488,0.005328227712885,-0.019253824326731,0.0095724468318324,-0.0449210893654865,-0.0241467367912644,0.0311330716652737,0.03886725277975,-0.1108403113216901,-0.0195095887720222,-0.0234507936784514,0.0275942361244729,0.0341595844806608,-0.0177572137446797,-0.0505161392870225,0.0163679419007833,0.00924539465263,0.0874326590836196,0.0450304148755926,0.0542345981045795,0.0203765244793239,0.0390019945862043,0.0432913630341764,-0.0168522411801921,-0.0261908704080439,0.0519637649778159,0.0456116853774399,-0.065181443066398,0.0844209622784282,-0.0219951159647812,-0.0005493823447834,-0.0169016367238462,0.0698625832921076,0.0504119575101889,0.0941862228384728,0.0209286462998612,0.0619051614267474,-0.0997815710317164,0.0333764455453007,-0.0657224314852833,0.0163102024625252,0.0058111767199868,-0.0721099165920441,-0.0754418345904228,-0.299414118024887,-0.0602522188765638,0.0968289082522857,0.064129135081557,0.1611006566351569,0.1064510177937767,-0.0237682931512527,0.0158869932596903,0.0893595981910058,0.1689123847604416,0.1235057772851806,0.0247684995430423,-0.0193215404785322,0.2446922003273193,0.0397588363206851,0.0977038642737377,0.0893163356393575,-0.0257388982740134,0.0695681915741224,-0.0309801370329561,0.033755393298817,0.0919018525120551,-0.0606202441584241,0.1571297011491839,0.0171407832599599,0.0899143975031022,0.1014563718450308,0.2328809836193464,0.1491867673462419,0.061517103039461,-0.0796483852253865,0.2028857107608994,-0.0693671655584039,0.2717970163759986,-0.1840664654157138,0.1684967071194369,0.1711180288607905,0.0122248387245789,0.1981528863799462,0.2166742862676696,-0.0799744094965403,-0.0554849372219274,0.1665366781949595,0.0387678874307741,0.009035299573471,0.0572865974880172,0.1241114272286156,0.0356730585898033,0.0825674105597547,0.1654658049355361,time,1836,60,108.58035278320312,0.2328809836193464,0.2609780256528473,0.0417899383213707,5.006253297214528,5.610256711903403,0.8983602407559319,7.512764446949852,1717,0.7545635977351178,7,0.0853136189811594,0.0785112743417346,0.2393385542984165,0.0,-2.017516026876332,-1.2629524291412113,0.2578827619326364,0.1408465810565235,87.04141539624015,83.97356378803272,118.8491822719932,1.7122132731325377,-0.121528124616713,-0.0724815628929422,0.0195097116961163,-0.0970873588271068,0.9924796071727732,-0.0082445098277451,1.0,-0.0326350431166012,2023-10-09,40.0,10,0.1192706628299833,0.0294334445371597,False,True,True,0.0,2.0,0.2222222222222222,-0.0320262804381899,-0.362436175451885
XYL,Falling Wedge,bullish,1,0.6839523303296134,3,22,2095,2096,2025-01-16,2025,2,117.25486249075416,110.3787128063434,126.92690416463006,110.55370025259124,1.7603980460158328,0.0622959763670627,True,0.0132523212506265,-0.0051911683248062,0.0296534977489453,-0.0116114586753287,0.0259398283939782,0.0014085644815804,-0.0048116297319514,-0.0121057643311695,-0.0259069301038222,-0.0013215952932924,0.0229203637594559,0.0485735660117041,0.0121902391328763,-0.0564363450650367,-0.0262522351264851,-0.0929046581453201,0.0026845116455127,0.0024667963893212,-0.0057427369802555,0.0018281739050238,0.0125786797167646,0.0071124112072906,0.016739157303637,0.0338389250234261,0.0256975693507612,-0.0110645405409279,0.0205563884635617,0.0401434653492054,-0.0880136706001423,0.1110279449042013,0.0021726658558802,-0.0324158318415193,0.0233571278956201,-0.0408431528046433,-0.0012556011212547,-0.0964459097205526,0.0685568176038655,0.0242440019263914,0.0017388404074021,0.0865873386748088,-0.0249849860659943,0.0129974078639321,-0.0392080214485066,0.0547286666930963,-0.017623006939732,0.0291261277956915,0.078346413852159,0.0570050363916554,-0.0296012293079837,0.0640268084780983,0.1680907747485267,0.0093341736631422,0.0163519840147958,-0.0325105381617936,0.0295923261781521,-0.0443725411448898,-0.0621389551217146,0.0648876521627317,0.1624706196089296,-0.0277010311184795,-0.1051653811756758,0.0472825374246841,-0.1594614159672781,0.1127806110121087,0.0404366852391171,0.0443053034394773,0.0039899495898407,-0.0631208675762038,0.0663725405528797,0.0290191044386132,0.0789555151740085,0.1276724822379142,0.0006634947016739,-0.057594614876515,0.124002587961594,0.0448033786218449,0.0690922264198481,-0.0656843360999054,0.0755440453779183,0.1853884769032587,0.0994102083967591,-0.0748155328499041,-0.0208498310308117,0.0147117927720836,-0.038368934394226,0.1523264405693607,-0.0673963642773025,0.1032010814122292,0.0420803439265609,-0.1372165786666479,-0.0971361310822888,0.0050273926374409,-0.0828453689295346,0.0113288093197616,0.0612375659751189,0.1686998478720036,0.0127076808291506,-0.0058461644942626,0.1303095745529612,-0.0106704022808608,-0.0217586417577638,0.0097465146238164,-0.0262063869791518,0.0965393719036606,0.080703347130087,-0.066381951916384,-0.0149865020339402,0.0254882833168046,-0.0675437481067108,0.1099489979573191,0.2211882651321475,0.0437736039958296,-0.1426764710581473,0.1350652659708096,-0.119812271461159,target,2107,12,126.92690416463006,0.0824873397010599,0.0996000008904311,0.0060843752001061,1.4433379360365104,1.7427699842838127,0.1064625138259873,1.4433379360365104,2071,0.9685370471502456,6,0.126130817244589,0.0366646660395166,-0.4239252024375991,0.0454545454545454,-1.3231552136793392,-0.3546181665290939,-0.0144461098787732,0.0950111777175589,110.3787128063434,110.55370025259124,126.92690416463006,2.033457088462105,-0.0900556382434168,-0.0197066859585893,0.017492366881072,-0.1395681105860251,0.8959991455078087,0.0075803973713255,1.0,-0.021685822118629,2025-01-16,38.0,11,0.0294467131440487,0.026261663186387,False,False,False,0.1,3.0,0.3,0.0086480557408518,0.1864045660538204
XYL,Falling Wedge,bullish,1,0.6297466531487483,3,28,2339,2340,2026-01-07,2026,2,137.06067381265456,136.97949333567362,141.77438005384164,134.11263751325018,0.8461437154573818,0.0005926469357131,True,0.0108232310936455,0.0085875897974752,-0.0132078799945296,-0.0043812083873375,0.0655134197194198,0.0429162171705688,0.049033846862001,-0.0160892417839125,0.0189763183565254,-0.0099642662568475,-0.0017755172231144,0.0017515295447512,0.0037948656103472,0.0114545172300291,0.0041672946681057,0.0020206634570383,-0.0821029182679957,-0.0347828435010351,-0.015568020519347,-0.0010036275141405,0.0045432676336765,-0.0010423433580663,0.0096105274213387,0.0311711148136131,0.0309387750123508,-0.0257823369852993,0.0505413261097351,0.0641413054783428,-0.0822681279693177,0.0011637384852221,0.0471319952223892,-0.0288461382157663,0.0712139465339503,0.0080075461274131,-0.0248710426805424,-0.0538337200298815,-0.0386275400279522,0.0558700974565666,0.0611403715253882,0.1065408608670233,0.0470632190869473,0.0042065453735469,-0.000993306433723,0.0200499601005395,0.0133428312540051,0.0164115382496837,0.0046901320356171,0.0209498210246874,0.0629305448297052,0.0102365160759207,-0.0464664507846529,-0.0435142677635574,-0.0498593259643677,0.0321885729937352,-0.0018747186064541,0.0340789755392119,-0.1010522794741396,-0.0054465019866231,-0.0476729696146285,0.229724390184955,-0.0650224549356278,0.0015009758499742,-0.1089067796440864,0.0319408738628292,-0.0667891694354478,-0.0288610950288498,-0.039012300102833,-0.0152209513927121,0.0155450528054996,-0.1083950745067029,-0.0845281133239532,0.224233547854725,0.0761238231786383,-0.0466255952832579,-0.0423907499803071,-0.0327056130229195,0.031757427196535,0.0981868694900709,-0.0394813715753448,0.0836551386287518,0.2449649896280639,0.0787544887508595,-0.0856462731505227,-0.0085712678402123,0.087406107049119,0.0320147604056499,-0.0998288922140073,-0.0598447744249107,0.0353410748693672,0.0786232524844163,0.0647753017327514,-0.1444321866955762,-0.1033271129552579,-0.0625466003411554,-0.0188337941859726,0.1230990198819226,0.140530151550996,0.1403347703583168,0.1319811135175093,-2.016455953068874e-05,-0.0898337729919432,-0.0208327789029161,0.08554271946,-0.0159318405204612,0.173959564433481,-0.0949600088968416,-0.2693031250514929,0.2737101887389148,0.1177037329929551,0.0397249634223164,0.1295084968785662,0.1405153219448376,0.1144297131132523,0.2434299424445185,-0.1705648236366794,target,2345,6,141.77438005384164,0.0343913838307123,0.0461793192339725,0.0,1.5989308687072272,2.1469778413843628,0.0,1.5989308687072272,2309,0.5054342725280923,5,0.0099556066264122,-0.0369076036705185,-0.359160055652302,0.0,-0.767440296957825,-0.2620060244297347,0.9078360267548404,0.043515991107517,136.97949333567362,134.11263751325018,141.77438005384164,1.9835815616884045,0.0422727947141872,-0.0186947561421964,0.0143851011388715,0.0658466379629099,0.1478860753372718,-0.0014151129164017,1.0,0.0116841416273449,2026-01-07,48.0,10,0.2575383840935359,0.1844052834978733,False,False,False,0.0,0.0,0.0,-0.0052043919975633,-0.0078228199340015
XYL,Falling Wedge,bullish,1,0.6056754124973434,3,23,2398,2399,2026-04-02,2026,2,119.85217394971852,117.77881387449384,130.6407668397294,114.85244322521714,1.3308629321559506,0.017603845776831,True,0.0657394163469482,0.0297561344351267,0.0095785746205638,-0.0824888970333903,-0.095286290148351,-0.0627245369143749,-0.0011825813780632,0.0321892748641339,0.093069808656905,0.0159219391495977,0.0304973467383917,0.028869047958278,-0.0028391590862235,0.0431957176994231,0.033975971517282,-0.0146370496034545,0.0208712983702181,-0.0047169253119522,0.0938905711299709,-0.0165493616071271,-0.0030820945007886,-0.0534816341944817,0.0624858653006203,0.0027322639475164,-0.0800293424630611,-0.0941942650982614,-0.0146606867971604,0.0326104995099634,0.0184125428994852,-0.0225642233098417,-0.0677377299558511,0.0927516584808334,-0.1033510532843161,-0.0220723344593097,0.0542345981045795,0.0015370443798343,-0.0892305131119003,0.0511955959885661,-0.0449461429760119,-0.0128748525272557,-0.0015021821264085,-0.0348423969554932,0.0429196080267257,0.01430307935537,-0.0400511408932195,0.014735408685,-0.0447921772458742,-0.1435785110386943,0.0243566334892209,0.0007734768991121,-0.0153829070806791,0.118368904506086,-0.0106699262823325,-0.0938757652455877,-0.1856713255272745,-0.0990932582861028,0.1411948283749462,-0.0285604040084824,0.0801410223146128,0.0612141184446053,0.09609141119348,0.0817029261467232,0.0578539507357342,0.0776592959671398,0.0782626526535921,0.0620886061503414,0.0061335185560893,0.0270776480889205,-0.0687754476003815,-0.0995632977844546,-0.2561210536002972,0.2396991730722508,0.0331385631375018,-0.0885203620558253,-0.0011260322221788,0.0808731937322195,0.0085895843614467,-0.0721273989476393,-0.2325349683525798,0.0855028918703282,0.2477204210145842,-0.0433797017030248,-0.0408242323258885,0.0269813827311846,-0.0565486179768999,-0.1382560224324238,-0.0060171020612629,0.1595237591337319,-0.0504840362873404,-0.0211441577016592,-0.0244933779405226,-0.1048919457367547,-0.0174409279408063,-0.1589861789694699,0.1392564828085849,-0.1065460414429263,0.1845303767433976,0.1861943490951272,0.0984187277080061,0.093694662773196,0.1078539554430046,-0.0774974528552963,0.0637566720355371,0.1455287327061367,0.1571160447338773,-0.0418602291412444,0.1474941708679711,-0.1974363556558374,0.0024628823265129,-0.0050882852396115,0.0799066579245304,0.1144297131132523,0.1166546640467842,0.135828842818265,-0.0846758564812697,stop,2416,18,114.85244322521714,-0.0417158117348702,0.0778273543634591,0.0548931843465829,-1.0,1.865655997732948,1.315884362875714,2.1578347884098945,2373,0.6874454402763164,6,0.1207671807790839,-0.0765448663463466,-0.0165236701246649,0.0,-1.182641269579645,-0.4951958293033335,0.3914147699429913,0.0794610468086364,117.77881387449384,114.85244322521714,130.6407668397294,2.9946741181747702,-0.1123777929507834,-0.0533366327696547,0.0248874899704764,-0.1749037848748766,0.6383563991781159,-0.0194318080463654,0.0,-0.0347696124896711,2026-04-02,48.0,10,0.0592559514845973,0.0947634246167674,False,False,False,0.2222222222222222,3.0,0.3333333333333333,-0.0170565962836917,0.0386456881425899
ASML,Falling Wedge,bullish,1,0.7004358934177736,13,138,588,589,2019-01-18,2019,0,149.3051955935262,149.81420283856107,209.9637335151149,130.35663480025255,1.881463398094463,-0.0033975900508136,True,0.0823492891325747,0.0863519909492258,-0.0106807185542322,0.0034528140306206,-0.1290516888286443,0.0073498032006908,0.0150600459584984,-0.0342567011054352,0.0409366859464312,-0.0198592859135311,0.0721696426756111,0.028167069588745,-0.0228020266467459,-0.0988149329820073,0.0560403051565319,-0.0126644422159322,0.0446654933371075,0.0018797162655521,-0.0024050284964104,0.0139110757701963,-0.0152493701557843,-0.0804144938110745,0.0894775909715654,0.115972746376612,0.0890108761891237,-0.0841463180141696,0.1246578694688185,0.0237911811009863,0.064419627296107,-0.0384549537375468,-0.0259836005119071,0.0755762860132289,-0.0237154260056875,-0.0253411189446882,0.0210754637024983,0.0257756069285066,-0.0454228678374931,-0.0251578092397362,-0.0124717043903614,-0.0519674895276275,0.1182459405843867,-0.0922541196388556,-0.0690593581317443,0.0495985469436686,0.0386240145786667,0.1135832578447595,0.1339964998593019,0.0847928506094719,0.185426729711533,0.0654963372071488,-0.1276177601493116,0.013608871008262,-0.0014165202158492,0.0868179148247449,0.0208456843834921,0.0926014933861387,-0.027726824419095,0.013374558426545,-0.1620394986097307,0.1418441532032166,0.0154912476568767,0.1292475310296834,0.0345474583343918,-0.0202839085876729,0.1233868586039741,0.0765988403177715,-0.0833786287296147,-0.1607441195275626,0.1131924789665548,0.1858922576968813,0.1148105501474996,0.1248639965290865,-0.1001804766841987,-0.0422033592956118,0.1580039304932776,-0.1929588738625549,0.0054243906530193,0.0734519300356242,0.0071205171420232,0.2238837338466557,0.1485654221285182,0.1998337844842179,-0.1616776799682036,0.0825063112607586,0.0053567213061336,0.0399545190460093,0.0508702566449164,0.181567972030971,0.0090791075425018,0.1194108849039521,0.0344087597221567,0.1375281652989186,0.2655067415187488,0.1649927008931551,0.3875041396459207,0.2653270506375575,0.1452062130407088,-0.1477249622073213,0.1874698829682444,-0.2220595011801188,0.0525267832140643,0.1684314463031941,0.0285819791259209,0.1434013901218589,0.1032675731137817,0.455115666166362,-0.1787893643392992,0.0367375076444345,-0.0625099774781282,0.3259100172386915,0.2586521735313849,0.0983371376464552,0.3676044022708236,0.4068883575823807,0.124512845766403,time,648,60,188.9467315673828,0.2655067415187488,0.2707274485418496,0.0182100235359006,2.0920605214475456,2.1331970854180007,0.1434858908522224,3.201221379468632,450,0.3671687120254296,7,0.1159145108588346,0.0771556961870294,0.2476060695575088,0.016260162601626,-1.597869079976073,-1.2307003679506432,1.407770439201431,0.1836799754639086,149.81420283856107,130.35663480025255,209.9637335151149,4.095523486478582,-0.1346811698827436,-0.0019544537869627,0.0271270745174115,-0.2441697824971326,0.7456312405558292,0.0104098349837047,0.0,0.0666880525979196,2019-01-18,23.0,12,-0.187013273318971,-0.0962523715080105,True,False,False,0.9090909090909092,2.0,0.1818181818181818,-0.0368916460331982,-0.9481714497580288
ASML,Falling Wedge,bullish,1,0.6589432244857832,3,40,685,686,2019-06-10,2019,0,189.9756880839888,184.4250677899872,204.4840123993954,173.79239544826618,1.044183364068986,0.0300968862883779,True,-0.0628581676724786,-0.0572908536467676,0.0541932523699408,-0.010357200232832,0.0066329787134706,-0.0440178057874611,0.0246481145852131,-0.0168356020638243,0.0169705878748562,-0.0020411859953314,0.0425057047296866,-0.1749343300941762,-0.0578670647583182,0.0268033713530899,0.0166841692659334,0.062078363767434,0.0124689554191514,0.0315588966836009,0.0366302500869357,0.05254619914799,-0.0168356020638243,-0.0419076655425206,-0.0638043870454293,0.0021744393016858,-0.0118407842008212,-0.0850613468601468,-0.0407038489361667,-0.0448627900850635,0.0678425546065006,0.0610988043429578,0.0419440926066378,-0.0284642938846565,0.0446519637899973,-0.0582298613473982,0.083246838651575,0.040800325902321,0.0279229776462579,-0.0739388106829482,0.0254414582978261,0.0546582353871423,-0.0315351170007472,-0.0564300959444332,0.0169691581177695,-0.0482120888428062,-0.153591335551387,0.0099970982910242,0.0210020983638825,-0.005271965909624,0.057633226130795,0.0268001077555419,-0.0782381241444541,0.0251293695246619,-0.0583982989556893,-0.0178813398657475,-0.0097307556153599,0.013374558426545,0.0653464114820066,-0.2068727120316057,0.1859498205780438,-0.0103123767637833,0.0788105514694883,-0.1526526195813303,0.1611316493156322,0.0790133380462316,0.1484961725325384,0.0259126257360773,-0.0495710940478115,0.0794848897192783,0.0028308283783296,0.0619193598856453,0.0680710896456404,0.028377820679653,-0.0239017144868909,-0.1679630982458841,-0.0390298391199316,-0.0403943183218186,0.1125428320222066,-0.0036291976599854,0.1789231346368105,0.1189878954937593,0.1498548236954671,0.2136590047464566,0.0564479153076606,0.1796169067180983,-0.0167954246747759,0.1585141159772061,-0.0390298391199316,0.1040190652314683,0.1846743292821422,0.1028911504497369,-0.2092660801030006,0.009494385760223,0.1230975854022855,0.1077011005058263,0.0076205893731366,0.2271085367460688,0.2200691842294388,0.3675275361124277,0.0178266934340036,0.1874698829682444,0.0285819791259209,0.1498797638528024,0.2769177228849113,0.2148627927072928,0.2447809853649307,0.1226323794405603,0.1951835460096713,0.1034931748352889,-0.1861424292753889,0.0584317161733314,-0.1999295494559619,0.083085229942071,0.4133904492632756,-0.1219116443835977,0.0025536584348641,target,711,26,204.4840123993954,0.0763693736905557,0.0850957206070644,0.0635994178438169,0.8965001524709028,0.9989387474613916,0.7465936282923007,0.8965001524709028,645,0.4398206065573985,5,0.0037878997702499,0.0842600984121093,0.3751405105977903,0.0,-0.8209826342497939,-0.3811620276923954,0.989447485984968,0.1164113873084213,184.4250677899872,173.79239544826618,204.4840123993954,3.253610850470299,0.0997025376855083,0.0035824062020435,0.0174806331415685,0.2057763620644628,0.6422011927093592,-0.0017799007278204,1.0,0.0030200018980375,2019-06-10,23.0,12,0.1718633581182407,0.0719510770230249,False,False,False,0.0,0.0,0.0,0.0286886367783695,0.5549103827117368
ASML,Falling Wedge,bullish,1,0.6094938928771205,3,25,741,742,2019-08-28,2019,0,206.5830638423029,200.27686760722395,219.6893652190548,190.0655592809828,0.6273215838141152,0.0314873919810172,True,0.0774369717103204,0.0565265811991553,0.0813614139731593,0.085380548506297,0.0213208332554635,-0.0259108344208202,-0.0282776048663753,0.0074728580392904,0.0081243937372581,-0.0571020622783818,-0.0823101167614187,0.0131328761822056,0.0373841158213803,0.0450903609758781,0.0330315029335905,-0.0092891101309529,0.1379249475689468,0.0676422124996445,0.011479251000354,0.0142574985956063,0.071792408366534,0.0093077070034712,0.0553463117102639,0.1216998035511518,0.0888946906864631,-0.0220196880838379,0.0034030371857742,0.0359634079567741,0.017957969106279,0.0274437049827001,-0.0129217295876068,0.0275152733796621,-0.0164715124114127,0.2197056790075229,0.0414195671817487,0.0100393581362803,-0.0603621341321694,0.0504220333637759,0.0121562107159922,0.0774374925662726,0.0592847345775398,-0.0526857189896656,0.0194886325093968,-0.0131030681616005,0.0609916339667004,0.0974165593876455,0.1271983667588638,0.104397190320354,0.0515960588120605,0.0772168094123297,-0.0123870704309704,-0.073235649780407,0.0330434911835717,0.0787949217737367,-0.0675802719909328,0.0976861555077124,0.0397273768981085,0.0011223508440287,-0.1202273433520483,-0.0443259781535402,-0.1071036584331046,0.0059854738432858,0.0342119528361133,-0.1202273433520483,-0.1244085823283345,0.0103228158063675,0.2009710918671046,-0.1187428071739594,0.1350763770694101,0.2041353374207135,0.1697290988295723,0.0389686054051914,-0.0137166370798155,0.0865130747199478,0.1671134599040036,-0.0403887094689585,0.0968260808766969,0.1280343430352606,0.0167974479927972,0.0221012945923086,-0.0603659601577909,0.2113722610911028,0.0611481165168272,-0.1284174040780592,0.226138853085529,-0.1893871349758359,0.1156491440929494,0.0987921833796179,-0.1950101533988922,-0.0866345828493939,0.2929288617690868,0.1617121801980848,0.2187663624255684,0.1502661912767553,-0.1339825808331534,0.1308551641920821,0.0965824861609137,0.1785785086333824,0.1413400420063963,-0.0030619532001464,0.0928991656462503,0.1958189559324283,-0.0406987758093624,0.1980344209425237,-0.1258266074492644,0.0510209059433131,0.026359694047483,0.1183020455285872,0.1684936359189004,-0.2124877891323499,0.103368772342157,-0.0018147965275566,0.112048529900449,0.1388471314142487,0.1570325146427043,target,746,5,219.6893652190548,0.0634432519926062,0.0817087393914233,0.0052260522985215,0.7934795070342264,1.021924447697771,0.0653618039953121,0.7934795070342264,716,0.36533983003638,5,0.0814707403345695,0.1759445813283557,-0.1180979221477385,0.0,-0.8263230569282746,-0.460983226891898,1.189742081831987,0.0855305028487688,200.27686760722395,190.0655592809828,219.6893652190548,4.711432881021319,0.1425620196082402,0.0054121405173896,0.0232610278394395,0.1936110036810761,0.9470744748675938,-0.0041575817793696,1.0,-0.0287127932019778,2019-08-28,23.0,12,0.0959867104643756,0.1048511997988459,False,False,False,0.1818181818181818,2.0,0.1818181818181818,0.0229684197794485,0.5999378675739699
ASML,Falling Wedge,bullish,1,0.7076610177141371,3,24,1323,1324,2021-12-17,2021,2,715.1166858394419,739.6084137917696,877.0729409617343,698.9565629528388,0.9927454475094156,-0.033114452858595,True,0.085379902578389,0.0352568220082196,0.14752880826317,-0.0137459174574358,0.1692195048223672,-0.0604850371046458,-0.0500463108795593,0.0364737932998335,0.0500831716806597,-0.0129718005203484,0.0564967447897988,0.0801121849556631,0.0221685117881476,0.0480013386546993,0.0287517354792739,-0.0235246748911542,0.0281845043336819,0.0431109512768279,0.011479251000354,0.0030421438776571,0.0267918334126622,-0.0038753889092909,0.0560401351847709,0.0667336749351721,0.0156204817166025,0.0243158352805206,-0.0164672397795048,-0.144469689843413,0.0696065861887655,0.08151745508578,-0.0804691724113384,-0.0307950558246546,0.0166857141542859,0.0035325467107669,-0.0897780050323491,0.1375750245143998,-0.0543409950979651,0.0415271981757012,0.0124548325093443,-0.011904778106545,-0.0164715124114127,0.0138141891510057,0.0968038685634387,0.1611905445286687,-0.0256882512251362,0.0573017201786542,-0.0432985108729602,-0.047720834759183,0.099792754092655,-0.0463641619681942,0.078904135443043,-0.0859558151769522,0.0765988403177715,-0.0883345591599094,0.0238665133473465,-0.06626294115784,0.1484961725325384,-0.1620394986097307,0.0259126257360773,0.055540960269911,0.2066973079165643,-0.0361629195387244,0.0251293695246619,0.1122302601034404,-0.05529617717092,0.0237933257049853,0.0531253786056051,0.0551945449763029,-0.0655418166623918,-0.1219770599487277,-0.1035383008009449,0.1871495046348625,0.2239321479039846,0.0964793553072789,-0.0201607550999358,0.1531955433982783,0.1171938170920798,0.0009706137012939,-0.0049275227593218,-0.0503699202575151,0.1358414089983151,-0.0737756334594257,0.1265986190689592,-0.0564343356855772,0.1375188605382344,-0.0120168251553426,-0.0106543358759537,0.1784788048036811,-0.0924806207186144,0.1704579431914406,0.0389686054051914,-0.1842753237003234,-0.1297082269497432,-0.0882102052361247,0.191062831680302,0.1998483668987609,0.152863416229346,0.1503971188674089,0.1110719484882614,0.1089803932548749,-0.2292905299891288,0.3935044649230252,0.2375050603228357,-0.1363986247705514,0.0626807641059834,0.10342335877553,0.471842668272004,0.3215395774262146,0.1719108765426245,0.0355100223695465,0.1913957924845779,-0.0052049094119001,0.3866091983274711,0.0098051230910647,-0.2761610728441558,stop,1336,13,698.9565629528388,-0.0225978825646243,0.0932317628207603,0.0237958979144804,-1.0,4.125685782910884,1.0530144957798613,10.021969279488346,1297,0.5690998608170798,7,0.1251726382688884,0.1228261699874624,0.2192398539832512,0.0,-1.316195798074956,-0.7470959372578789,0.6839458227197875,0.1279397361784923,739.6084137917696,698.9565629528388,877.0729409617343,27.65934365313533,0.0320248489798369,-0.0625667166789727,0.0385610034553106,0.1045475752493587,0.4209389169285837,-0.0050862958362296,1.0,-0.0175514463315278,2021-12-17,31.0,16,0.1647305096546936,0.1192719011019187,False,False,False,0.1333333333333333,0.0,0.0,-0.1400935287540429,-2.7015056777977327
ASML,Falling Wedge,bullish,1,0.7012614737307895,3,29,1634,1635,2023-03-16,2023,2,614.9783511189405,598.6435544587039,682.2371697319959,570.2087723848063,0.8518449412251197,0.0272863485100187,True,0.048050223344418,0.0481772263750646,0.0196890736028114,0.0150143789069501,0.0522843754787252,-0.0654396621537444,0.0086072630773248,0.0412903892454912,0.0259023987019908,0.0931221652533891,-0.0033375749436171,0.0403232786915264,-0.0081968703205506,0.0182249937052763,-0.0378970782812237,-0.043638352917165,-0.003770222358407,0.0886984168557241,-0.0315529079689111,-0.0234444645588079,-0.0772830047680726,0.0147959174232199,0.0418805977108215,0.0678070560718722,0.0411553679310714,-0.1317932723822231,0.0408277015165803,-0.010019584750332,-0.0080137179725537,0.0342433652061835,-0.078011005210956,-0.0198781271387568,0.0435618021872692,0.0967921420238848,0.0408125627663562,-0.0529933098174268,0.0782824353598807,0.0497815843788524,-0.0967861610352565,0.0481312544915872,0.0559004971519234,0.0427708846651022,0.0502505874983616,0.1159877382150784,0.1375750245143998,0.0459359359884744,0.0512696186204226,0.002340236100752,0.0094009440591729,0.0184038769359866,0.093132214136727,0.1334357777302197,0.0368289140042599,-0.0228696563467345,0.2758452433533187,0.1155248142387919,0.0216927049737372,0.0827096149656791,-0.010528160633405,0.1276765709009555,-0.0530572023074201,0.1184640265515204,0.0784642822466488,-0.0084779694248818,0.0812841444709824,0.0928036855603489,0.0081360169902067,-0.0359774527792174,-0.0068750008609221,0.0247661291301517,-0.0219508387335618,0.0286404853540711,0.0245361301184252,0.1368663277370305,-0.0291661139572266,0.0133072325941296,-0.2692658435480416,0.1628264797990912,-0.0007673491039281,-0.0201607550999358,0.0746248755393794,-0.0179009732922921,0.2108739733076672,0.4151249203600671,0.3121452427100235,0.1332399074033918,0.1525408626863889,0.0167974479927972,-0.1167808918922654,0.0181344298347374,0.6681308644127733,-0.0709212335176624,0.1555859455254593,0.052386667032739,0.1346423792087785,0.2590255763015396,-0.030980610503824,0.0928891648922221,-0.222059506146674,0.1684936359189004,0.1615593480455128,-0.0626484473887094,-0.1339825808331534,0.1840405987634035,0.1805456670796656,0.0615459323287088,-0.2620426118037268,-0.1332199588769007,0.2953136707917916,-0.2694361117756672,0.1391199331853245,0.0685978073073911,0.0428291761212684,-0.1261527910511257,0.128181931947223,target,1683,49,682.2371697319959,0.1093677826067849,0.1252312698259476,0.0441052889860806,1.5023330689009669,1.720242227058822,0.6058533196695887,1.5023330689009669,1603,0.4711118234106564,5,0.0071193465605392,0.1622027874045355,0.1085406314580352,0.0,-1.4534711815724437,-0.9823593581617928,1.04944387595576,0.0867766224555289,598.6435544587039,570.2087723848063,682.2371697319959,18.65049870586059,0.1599245488229708,-0.0164940345269798,0.0304785831160491,0.3257303372792297,0.9856377910743552,-0.0097907331754233,1.0,-0.0431663323161605,2023-03-16,29.0,17,0.2206950594191765,0.1620404581102739,False,False,False,0.0625,0.0,0.0,-0.0492478279953583,-0.8689233950587497
ASML,Falling Wedge,bullish,1,0.7805737639527671,3,38,1749,1750,2023-08-30,2023,1,643.7968868218476,648.5213872995928,764.1355206446378,615.9176952857374,0.9006803529516623,-0.0072850341874116,True,-0.0336516177496175,-0.018595845729739,-0.0759548744561815,0.0733710246834598,-0.0148150059566442,0.0011342455903196,0.0609190185824146,0.040769860118722,0.0099159769397729,-0.0092759791808064,0.0485460488531475,-0.0293567988488677,-0.0596493209875015,0.1054011478697936,0.0029372219548347,0.0409145978891765,-0.0484090372416504,0.0987460158008664,0.023863057050862,0.0083099569987554,0.0174503297699546,-0.0041211966335613,-0.0481864321894608,-0.0577273444997169,-0.054871199526743,-0.0206718837835494,-0.0316078501891954,0.0322707550821705,0.0078358090472892,0.1026833733612313,0.0762657757738871,0.028913201699797,-0.0539399928108205,0.028674804479164,0.0671171741034115,-0.0425966708893201,-0.0695466758710716,0.1453222913582086,0.0392451103467956,0.0350785409166045,0.092040364396388,-0.0186200583894007,-0.0739388106829482,0.0279038767086299,0.0305399800972565,-0.0778758002374433,-0.1202273433520483,-0.0723619374719469,-0.0912143891941056,0.103666311772673,-0.1213156548279197,0.1505404847739011,-0.0377377401903998,0.0832049447927909,0.0127511563786744,-0.1056803375358654,0.0513215329855405,0.055995944428075,0.175297873457493,0.0367473681995331,0.1024422690256301,0.0499622261862449,-0.0608212898411127,0.281820172738356,0.1075682170058278,-0.0917793912513522,0.0178420722147354,0.3307045000158426,-0.1727931569087764,-0.1087880786724115,-0.0254386061984603,0.1362308124570799,0.2920612841433085,0.2225724585001043,0.1799955427742048,-0.11252162319293,0.2787364604629008,-0.0469269233192373,0.1882574307836333,0.2437516953022762,-0.1134850927494601,-0.0049275227593218,0.0143086915304775,0.2365680632235534,0.020290840788028,0.0746258622962081,0.1305351399674938,0.3274812777215228,0.116665634771683,-0.1146391180143731,0.2175443649470434,-0.2231443426541213,0.0499250468565044,0.0382876909499398,0.2011654799620075,-0.0495049646775538,0.0228719934835741,0.112048529900449,-0.2131120712560639,0.2230996631847674,0.1548108074979874,0.2114801743239183,-0.1646058557271427,-0.1832687315863296,0.3840842391078858,-0.077052736624586,0.291484886649286,0.2965574061853557,-0.103478843078189,0.4497096109267653,0.2817615959555708,0.0181310021580654,0.2322314980577486,-0.0646823760328424,-0.0512615185640292,stop,1754,5,615.9176952857374,-0.0433043279748336,0.0220303116100822,0.0471819087122313,-1.0,0.5087323286227922,1.0895425681158493,4.316431976405168,1710,0.6092323421257242,7,0.0986752645926708,0.0799987874495997,-0.3850512183692104,0.0,-1.1990454854380748,-0.5898131433123551,0.5550199087380897,0.1342104448202422,648.5213872995928,615.9176952857374,764.1355206446378,15.294346486409609,0.0278749547682195,-0.0342042270343121,0.0234172840764883,0.0944232626511796,0.7841370880690908,-0.0001798056367854,1.0,0.0019549619827452,2023-08-30,29.0,17,0.2205319146903515,0.161942386062081,False,False,True,0.0,4.0,0.25,0.0060937499851516,0.1003606455662969
ASML,Falling Wedge,bullish,1,0.613320552779128,3,18,1847,1848,2024-01-22,2024,2,749.1574311299075,693.4233648400841,760.0108669338479,673.8222139628137,3.108983070929252,0.0803752355571068,True,0.1521701907831532,0.1371705590305976,-0.0953253517413735,0.0592139336562782,-0.015923011192458,-0.0312110065627803,0.0109781094202676,0.0316390270650062,0.0405146108724143,-0.0036174333099445,-0.0379706964802715,0.0229756618458594,-0.0086106730726001,-0.07402746909215,0.0675720092496718,-0.0036174333099445,0.0603776258853405,0.1576843268402834,0.0894539507848897,0.0722672348432564,0.0716297838165165,0.1092547082552131,0.1260072953944794,0.1750049259303923,0.1573606432494168,0.0844359999296753,-0.0006093403763486,-0.0565575320761803,-0.0305778681522203,-0.0590097507271298,0.0427186520108846,0.1097842993129105,0.0201484994624592,0.0284371948000694,0.0459151131832089,0.015415887790678,0.0444226563263532,0.1878166153045866,0.0616158738319934,0.0078358090472892,0.0667336749351721,-0.0577273444997169,-0.0182348436043267,0.0292788900261748,0.083246838651575,0.1447504596715369,0.189428682024225,0.1630862024568056,-0.0321897379530051,-0.0632696216006326,0.0897975293758939,0.0823877122517233,0.045124291249823,-0.1147534049705534,-0.0227903633044006,0.0152396743661147,-0.0541343033436204,0.055995944428075,0.2652736996387197,-0.0814190273779564,-0.0039608869158279,0.116335671895652,0.0675533733518554,-0.0097966372636917,0.0133937370190577,0.2719363531705179,-0.0336998263477176,0.1415254158841403,0.1520012023465166,0.2447958959662466,0.1759909073276602,-0.0443132090862671,-0.0469269233192373,0.0330389838352389,0.2555681602511099,0.1981621539142883,0.1303200249271388,0.0438163505683388,-0.1385875381949217,0.0646897084436819,0.049856323793221,0.0308238317822462,0.0904427999869539,-0.0466599164475817,0.1066319535323727,-0.0046900753473971,0.0315356557039898,0.145858472386646,0.0952461156250878,0.2975420097120214,0.0227685592284034,0.1790397239014799,0.1868654182746534,0.1494793970982391,0.1210340367785152,0.0812346845019686,0.0164999023512208,-0.1787893643392992,0.3731272254849966,0.0212766927123726,0.0950988151715965,0.0967046176618737,0.062597093296935,0.3598327238633516,-0.0967794274789513,0.286396252643645,0.1005339050662232,-0.0091551533194361,-0.0621829126811921,0.0469531085530823,0.0409493342140128,0.0729918770739563,0.123607029826263,0.1817755459686338,0.1001801189071649,target,1848,1,760.0108669338479,0.0144875233868677,0.0164741143767215,0.0045819591691889,0.1440685540185989,0.1638238485359511,0.0455644636042947,0.1440685540185989,1827,0.5806553849053655,5,0.1836247421456322,0.0660266977048968,-0.0860440403801878,0.0,-1.2358358402228082,-0.6551804553174412,0.6265145712863058,0.071318406952162,693.4233648400841,673.8222139628137,760.0108669338479,17.03306461789986,0.1447224850388284,0.0797715631738003,0.022717615436863,0.1110490258334548,0.1045421253551074,0.0113085679719431,1.0,0.032439292517796,2024-01-22,11.0,19,0.1746851346997142,0.2232342938540072,False,False,False,0.0555555555555555,0.0,0.0,-0.0230993396156768,-0.1794571419684758
MSTR,Falling Wedge,bullish,1,0.701419545233583,3,31,683,684,2019-06-06,2019,2,13.48900032043457,13.143599319458003,15.797200139363603,12.935726258470307,0.7979982416987895,0.0262790269682999,True,-0.0210542212159547,-0.0338197754983649,0.1309561234591036,0.0520463078751589,-0.123171719637784,-0.0513982182055448,-0.0220769001887393,-0.1192366305453366,0.0416616403174805,0.0285217723619946,0.0040747636087206,0.0352669705479147,-0.15685590941139,0.0025166978205708,-0.0018927788488408,0.0230543357543107,0.0060196502028972,-0.0532301446015122,0.0348765128782053,-0.0698333006901675,-0.191540931119529,-0.087519625508235,0.0048338479805813,0.0963747650810837,0.0616459338862029,-0.1927554481907895,-0.0422397026827278,-0.0634645971719637,0.00913834119283,-0.1283528894804465,0.0524562249010227,-0.0110347644371808,0.0623412986434417,-0.0443291017716851,-0.1256682908836446,0.016228089682347,-0.0010288301372598,0.0044113020408631,-0.0111954442614659,0.0145036324835787,-0.1055900809256724,0.0295143423467736,0.0230891681659577,0.0991055719028153,0.2547843693401994,0.1043791055432341,0.0396619345172402,-0.0092370286385623,-0.0208333589367023,0.0102516763357176,0.0098464769710591,0.0406133736612752,0.1544745141606551,-0.2327053752502598,-0.0577117417310791,0.1826182158535021,-0.0937297099345437,0.0239746347967173,-0.2007527694869139,-0.320182814675141,0.0353202457266461,0.0013324380147217,0.0219662958943487,-0.0211457569999731,0.121041968446099,-0.0071175372102449,0.0966506406485316,0.8612631603220315,0.0094032056869178,-0.0043739353441493,-0.0327488238712766,-0.1199955775997548,0.0780732947440974,-0.1701640397888527,-0.2787119392177448,-0.0937203251192584,0.0031829954762951,0.5901868538656945,0.3679892425482685,-0.3336763137318116,-0.0388888171760026,-0.125581927349857,0.3267901701975884,0.1761900719598486,-0.227773159371402,-0.1610047766763929,-0.4109471948810739,0.1004535501622818,0.3238358966205896,0.3816126643122675,-0.3014741012449715,-0.0086927637306397,0.0622729729878772,0.0344954555638539,-0.2306661469360094,-0.033925939489294,0.0001250108083088,-0.4914627075195312,-0.0390979409796803,0.4896773460599017,0.083413700293061,-0.1426042567650743,-0.1118086962640735,-0.0520133985484435,-0.5443956903300682,-0.2867434166841179,-0.1386046552182828,0.2661446782632262,-0.0341433247130649,0.0176851071269239,0.4020029086940024,-0.2998093683873313,-0.0668975747892849,0.1965374908158481,0.1131023167160264,stop,704,21,12.935726258470307,-0.0410166838773148,0.1112017172783101,0.0707984210111789,-1.0,2.711133781827075,1.7260883698678426,4.17189233620376,650,0.8312653519585242,5,0.0544934382183373,0.0664725249095778,-0.3911008321529745,0.0,-1.7421900279912002,-0.910924676032674,0.1641793239713361,0.1006285710675204,13.143599319458003,12.935726258470307,15.797200139363603,0.2474283490862162,-0.0156892172014581,-0.0516582095579697,0.0184084777447442,0.0254825379450609,0.7704923158701197,-0.0005952835488552,1.0,-0.0094940630138775,2019-06-06,53.0,9,0.1718706369133915,0.1422980315598636,False,False,False,0.0,0.0,0.0,-0.0424642541711361,-0.592229585012896
MSTR,Falling Wedge,bullish,1,0.6349852093198197,3,47,847,848,2020-01-30,2020,1,15.263999938964844,14.530993802206863,15.787857328142444,13.989413841165211,5.58001971738416,0.0504443224417765,True,-0.0026205425847073,-0.0239662329235127,0.0274803859494494,0.0204818300204281,-0.0137290423301259,0.0237098832018687,0.0864447589029817,0.1304923174120449,-0.1351587449448016,-0.0584918739409295,-0.0980200195312499,0.0305248190825333,-0.123472045780046,-0.0495305553422663,0.0429246240446967,-0.0084931880874324,0.1197196442252654,-0.0042122181047655,-0.0155131911836546,0.0205631467510374,0.0836646510197809,-0.0179813811781336,-0.0056907325940413,-0.0299397130879806,-0.0607047241275642,0.3833521791169423,0.3175943109886583,-0.1935582368429096,0.010652968699246,0.0042678009692991,-0.0024999730727252,-0.0195452874462714,0.0103440643638692,0.0860425770936281,-0.0107558891304818,0.0629666421503931,-0.0027341940987366,-0.1825627884325726,-0.1101855657092826,-0.0305705979557304,-0.0371967132385521,0.0906217136528639,-0.0653950429896018,-0.0012447890041749,-0.0224330848376753,-0.0442977178017898,-0.1145178296611707,-0.0205120362707219,-0.2650530836346744,-0.1245569585915523,0.0439609131869118,-0.1912134876632104,0.0666153981135442,-0.2251543358504915,-0.0262528720760867,-0.0079439341162365,-0.0625639459434761,-0.3192575871439739,0.5151910150978889,-0.2378901633936908,0.6755517722501543,0.1284180549578477,-0.3825833638509114,0.4606635649622335,-0.3196194523079458,0.3173264419476602,1.1528919735398766,-0.0611029232249541,-0.1713891809741164,-0.3035246588290099,-0.0830666427951944,-0.2390325463123155,0.2595940906974321,0.5047336601093955,0.9889367883594296,-0.1360954885176672,-0.3698471359081772,-0.0472136293779651,0.0177321866570947,-0.0618674754748678,0.1281311160460565,-0.0599514151502269,0.4743809472946894,0.9889367883594296,0.1928734667526694,-0.0399397649166529,0.2213981559684685,-0.0604507109129707,-0.1398109047953837,-0.1446313847110945,0.3061188806509103,-0.4427244400699226,-0.1533673750414234,-0.0363579170849525,-0.0069962023129847,0.051637604754736,-0.0689943721492452,0.4062802572764583,-0.0699186661056063,0.1910466780128832,0.536034328019332,0.0398547970399438,-0.3813818498091263,-0.3252678479560917,0.0573140430942451,-0.1056399456124922,-0.1950187287773713,0.1863920358569308,0.0410520591714249,-0.0144174915206277,0.0486645271163774,1.874790706250732,-0.2660575133494249,-0.0178909995321961,-0.2524415460148182,stop,866,19,13.989413841165211,-0.0835027583134325,0.0226022188422653,0.1083595577110416,-1.0,0.2706763141575107,1.297676386980028,0.4110019637605933,799,0.437480855904734,6,0.1928329142463588,0.0569089035267005,-0.3520494469746259,0.0,-1.206703141862456,-0.7692222859577226,1.188545614254566,0.0633212331182289,14.530993802206863,13.989413841165211,15.787857328142444,0.3912143026079451,0.0722381237158085,0.034823500891679,0.0256197963903165,0.1167995379844573,0.2361121229179774,0.0053079536811766,1.0,0.0180821215601472,2020-01-30,30.0,19,0.1395289069691403,0.1227395383460414,False,False,False,0.0555555555555555,1.0,0.0555555555555555,0.0376159425413994,0.7708283759028882
MSTR,Falling Wedge,bullish,1,0.6114940307009882,3,30,964,965,2020-07-17,2020,2,11.8100004196167,11.840981516589594,13.062830210323668,11.25659923333266,0.9454288573615116,-0.0026164298060501,True,-0.0097375716093506,-0.0080265359269056,0.0936314022656821,0.0371471024207243,-0.0012482419523311,0.0364178259565459,-0.1404112351597037,0.0079754255651298,-0.1041355765387271,-0.0488889058430989,-0.1337595334204671,-0.001476048522667,-0.087519625508235,0.0221364661496987,0.1003219396840087,0.0371471024207243,0.037338744837021,0.2243613832159625,0.1278739142121099,0.0180874911178912,-0.0068234598993555,0.0952880013759158,-0.025410780228192,0.0492802504715277,0.0334448570938188,0.0979672747008264,0.2990614790968433,0.0784504521000493,0.4011988751320721,0.0002715754296871,0.4466125612084812,-0.1751443648397109,0.0178063063922775,0.1808235461386347,-0.0056719280846324,0.0554309054795247,0.7638552684308733,-0.0291864853555818,0.0857258638482207,-0.3187046275837409,0.0386043033823868,-0.0115109433599113,0.0017502871114285,0.0076833980144084,-0.0582874289811093,-0.0445565654415236,0.2415749014247215,0.193633050214526,0.0076987096502207,0.0425233271408873,-0.141072084427743,0.2019827194208761,-0.042035411066863,0.1155236679136433,-0.2793223361126048,-0.1618200484289088,-0.0502349816081866,-0.2334374785423278,-0.0502349816081866,0.0969291311088191,0.2543840078025796,-0.026145292960044,-0.0487102064438043,-0.1031813687131389,0.3245267610837419,-0.1899319176389565,-0.1715261915550147,-0.2765544797445315,0.2781068241611986,0.2076206246558476,0.1546386881461485,-0.6215490079393573,-0.2911038329976286,-0.2185444579685468,-0.4540283218060876,0.2795081065812979,-0.1118706073379924,-0.1748245640523248,0.1741764829747554,0.1000795866652501,0.2598144360802279,-0.2459467173210777,0.4275106876454455,-0.4386806443881008,-0.0898735816502621,0.0199161313106197,-0.1042640463404505,-0.2086021961673162,0.2174005322460961,-0.0280509199114963,1.2845148155161803,0.218841530598886,0.4094834307370432,0.3086504272618708,-5.626643051293012e-05,0.3954126633712544,0.040229074603701,-0.0618397708482395,0.3751760532218058,0.722104665512068,0.1461228460068682,-0.273926909737849,0.3162386186101826,0.2316055792641218,-0.4754383289648051,0.165319100094001,-0.5317322985859818,0.1015368299859389,-0.0059828799527061,-0.3866470785701976,0.0427755661207067,0.8204904311698751,-0.0818397474603813,-0.0083723077191933,0.3329246387525103,target,981,17,13.062830210323668,0.1060821122940849,0.2314140308662615,0.0188823470368225,2.263872614945828,4.938550674217392,0.40296358583114,2.263872614945828,932,0.5003794743972056,7,0.1482975747909533,-0.013201833889844,-0.3249877955227004,0.0,-0.9749309879897116,-0.4745515135925019,0.9318671450925914,0.1000488292283871,11.840981516589594,11.25659923333266,13.062830210323668,0.2819286755153111,-0.1196411289772905,-0.0164724969844989,0.0238236170559219,-0.1934296831262369,0.4457823942151546,-0.003461034400948,1.0,0.0364222566970833,2020-07-17,30.0,19,-0.0320608231218965,0.0710650982319456,False,False,False,0.5555555555555556,1.0,0.0555555555555555,-0.0262497590362251,-0.214393007043371
MSTR,Falling Wedge,bullish,1,0.6366744283896919,3,46,1342,1343,2022-01-14,2022,0,48.47999954223633,49.73160165556078,88.3989984589216,41.30783424377444,0.653344531172809,-0.0251671386333584,True,-0.2358704926003292,-0.1925853236738,-0.118201941885435,-0.0495305553422663,-0.1755388941129124,0.015501847415567,0.04912414451006,0.0385335220671856,-0.0492388495550151,-0.0091059067670038,-0.0044765409945193,-0.0030345801445025,0.0793263728437827,-0.0194792398209041,-0.0458171253514053,-0.0371903534955337,0.015363795368122,-0.0962181202691145,0.1278739142121099,0.0257032942076229,0.2640809790644416,-0.1819506296580281,-0.2271567492149417,-0.2409034852468864,-0.2195219602348493,-0.0176591514875242,-0.0244719085972711,-0.0085350589703999,0.0712899811094849,0.0754340739831107,-0.2736249578465021,-0.0153498064349778,-0.0266531384766025,0.0653432547898467,-0.0011094107998168,-0.0261528520294462,-0.0119463598676526,0.0126124667049762,-0.1051821842466689,-0.0653950429896018,-0.1509557812119945,-0.1184578670600314,-0.2041540268523241,-0.0309293410791295,-0.0971232838666267,-0.1932524654854288,-0.1553423741974126,-0.1102735367691212,-0.0485867180095088,-0.0155103993848914,0.0109766117121479,0.0008394138803859,0.0512003010261057,-0.0183777538307446,0.0536303067593624,-0.0013532724005005,-0.0107585132489419,-0.019550143181459,-0.2409513246785677,-0.0728457488133897,-0.2456618100783392,-0.0870649935078615,-0.2068405568658695,0.0997394210628273,0.2543840078025796,-0.0269177746190355,0.5332870558972032,0.0684095382625369,-0.1592447565866145,-0.1828795629716586,-0.1098601187700356,-0.1613046030562064,0.163429663020026,0.0182632936203208,-0.0689007960591099,-0.0239575800260828,-0.1836967737394402,-0.0252763536982831,-0.3059766343598651,0.0499356646219648,0.2674030173466752,0.3287927555301937,-0.1120546512196466,-0.0205631588433004,-0.1771794832669772,0.0026770572473737,-0.0901495401992926,-0.5617430228166609,1.102901848015554,0.5485668158455497,0.0139792718144906,-0.2211369024605228,-0.0852928704739517,-0.0415978874301604,0.4906845806535811,-0.0431428522855541,-0.1047620342229368,0.6743368333657089,-0.2521187666834371,-0.3305554282212309,0.0907581427982699,-0.2774691569181862,-0.1598068107238063,0.5288908453973562,0.0330682229711751,0.0062096725585558,-0.0213084232579641,1.6923667907714846,0.0704832141031355,-0.0532628158415624,0.4001344892439069,0.0913475523603724,-0.0996570216145811,-0.4040871338732905,-0.2018983655030016,stop,1346,4,41.30783424377444,-0.1479407047480151,0.0148308947361504,0.245070145028528,-1.0,0.1002489123018016,1.656543041659507,5.565822489513189,1296,0.4132698314063916,6,0.0988336226076109,0.3954708982537924,-0.1701139803576121,0.0232558139534883,-2.294097755802916,-1.880827924396523,1.2093155823973556,0.1791538927761817,49.73160165556078,41.30783424377444,88.3989984589216,3.1297855377197275,-0.2113575906658611,-0.2158019862831478,0.0626508418892174,0.0016843044396337,0.8527433472360918,-0.0110704838936388,1.0,-0.0002087744146396,2022-01-14,32.0,13,-0.0279381537481074,-0.0678303711662042,False,False,True,0.5833333333333334,0.0,0.0,-0.0609289223089749,-0.3752093254329649
MSTR,Falling Wedge,bullish,1,0.6957633463722833,5,70,2273,2274,2025-10-02,2025,1,350.8699951171875,337.6810487446037,490.9646732263427,297.8073056558092,1.235569913111575,0.03905740763841,True,-0.0871547496161709,-0.0889010657931149,-0.0285475182766431,-0.0415545057639777,-0.124230649547024,-0.0152610366294699,-0.0605430694092673,-0.0769418035279494,0.1146068277742839,-0.052721206009257,0.0526712351584437,0.0283496827907705,0.0128301464536655,0.3249183839445089,0.0197146562478318,0.0420729020880989,0.0216250843790986,0.1625322446249868,-0.0483180691035406,-0.102195931741406,-0.1881758663845044,0.0020333970224308,-0.0892979948207249,-0.1910394154875211,-0.1770841360116116,0.0182613197337075,-0.1201449068998843,0.0583054701678842,-0.1201449068998843,0.0232906431606318,0.0196194067924222,0.025472154670503,-0.0299885236454228,-0.2638306672311789,-0.0258076802987121,-0.0507798255838337,-0.1001494242719973,0.0406976555374298,-0.0312101768835052,0.2925197721007193,-0.0299999475540961,-0.1927554481907895,-0.0755159388349937,0.1486495529534692,0.2157124734627653,-0.1811494656017828,-0.2744605954715661,-0.2891473955481093,-0.173172412104253,0.0239800898507214,-0.2239508422150695,0.2069713242916391,0.3435301390307959,-0.0422164175303749,0.1610507187744503,0.0770582109823501,-0.0316782684484781,0.0271211443318613,-0.0532325299440398,-0.0001492429177936,-0.0606707720361772,-0.0417945184413836,0.1345736481422601,0.1342859509019469,0.0339440240432811,0.0105151552142519,-0.4307178631051753,-0.0235957434296992,-0.2780531852411217,-0.4950266618933754,-0.5150269946612773,-0.0692907996088478,1.0682727921553496,0.2627498021427406,-0.0040999196705494,-0.4573770570888643,1.3821847871372257,-0.2580758716877604,1.4115236200831585,0.3039760568747869,-0.1603366179792529,-0.0535869807808869,0.6054774397332732,-0.1748245640523248,0.0233337732822884,0.0815653624023642,0.5083769840848658,0.0499356646219648,-0.0263817989464961,0.5086296929253473,-0.0636191434719007,-0.7419483230011995,-0.557129416729551,-0.5868201862524948,0.1304245821819876,0.0486645271163774,-0.0579526050749866,0.1786894048797511,0.0404692489032105,-0.1829416538166871,-0.0304020775711559,0.0130364827507731,-0.0165966100847509,0.1173801264141385,-0.0089782385395593,-0.4617469694738295,-0.0325925520759169,0.1015368299859389,-0.0451521141840133,-0.4293749943132845,-0.3901836006647576,-0.4131047096065711,0.0284810182108417,0.0215612929106645,-0.4876902861269594,stop,2281,8,297.8073056558092,-0.1512317673207019,0.0408698279632066,0.1525636261984109,-1.0,0.2702463158850624,1.008806740153242,2.640172963926434,2202,0.6264302590796595,7,0.1959852532739155,0.2965852943617002,-0.0499747462201272,0.0149253731343283,-1.216416013938362,-0.5899857548586973,0.5051270739098203,0.3235791417466933,337.6810487446037,297.8073056558092,490.9646732263427,16.60786002022879,0.002820313213115,-0.0048446176423254,0.0471372311559475,0.127311630317642,0.9262622942529898,0.0300227639613568,1.0,0.0338231213124367,2025-10-02,15.0,20,0.5047750250600671,0.2640473389698483,False,False,False,0.0526315789473684,0.0,0.0,-0.0695011981666062,-0.4139431520698727
ZTS,Falling Wedge,bullish,1,0.6668452934470586,3,70,1380,1381,2022-03-11,2022,2,176.72795525891638,178.32904825456035,260.9419646960555,168.07209750842674,1.1096322950919948,-0.0089783072994279,True,0.0508528340055367,-0.0085710061396433,0.0501069771973661,-0.0218341130907024,0.0167282679431541,0.0027232634999925,0.025949756885764,-0.0236482886245151,-0.0035329198416661,-0.0111967314899642,0.032289360946428,0.0087495479173214,-0.0395931840834786,0.0127108902099706,0.0038684246008646,0.0168515426786928,0.1438201685696896,0.0011469503683521,-0.0025022019390908,0.0600528638063708,-0.01510701653355,-0.0022870798485893,0.0380880100469162,0.0161462636339491,-0.0627493375748802,0.0337058234730305,0.1049444890130355,-0.0037029165922031,0.0268774473792494,-0.063870324856559,0.0149108452550343,0.1026654329763963,0.0359468565854681,-0.0039204134832496,0.0198061267560707,-0.1208778986587839,0.0384694674628089,-0.0241356649920945,0.0067363999978833,0.1160735061400133,-0.0110136248979517,0.0618247195031786,0.0273749199989989,0.0035497340395735,0.0860659610991314,-0.0064252806760024,0.073329006283604,0.0066360929473741,0.0423775683045797,0.0207280093780517,0.0808117079106927,0.0280851289952179,0.0215786568141633,0.008307317468343,-0.0611548188294928,-0.0223230302097996,0.0021583644032738,0.0088697021996211,-0.0910454523174435,0.0241776885924978,0.0176766449566379,-0.1952899853130935,0.1205666293837406,0.0330976708994035,-0.0020384651303927,-0.2207814931959214,0.0269825830424932,-0.0393254641106455,0.0831560581215076,-0.1304940104135157,-0.0794522119660625,0.1218951619314308,0.0298079275942859,-0.0383101638748312,0.0424985136037008,0.0245404092679106,0.1138500283328998,0.0843522461078458,-0.0433082237085947,-0.0267328012978348,0.003305271429179,0.0838661292028291,0.0104267742159072,0.0556405769593268,0.1031420216698897,0.0100977606164016,0.0780353328707412,0.0983512131016699,-0.0998199638325908,0.1418081757971789,-0.0599291511206216,-0.1671698723568519,-0.0661718539289611,-0.057004556076119,0.0306853628299508,0.1466710417490619,-0.1283661670803824,0.0784262354277895,-0.0319367742973837,0.1566912127459496,-0.1262913084205174,0.1384828472181229,0.0868170426167211,0.0264975718682503,-0.3186754504915855,-0.0615424863829704,0.1894893549977125,-0.1630302917337079,0.0609814408431386,0.1352883991830635,-0.0201620948583571,0.1556899161552434,-0.0864863524467099,-0.09546399021803,-0.0748601294142291,stop,1410,30,168.07209750842674,-0.0489784298008106,0.0799270696242823,0.0518779104832878,-1.0,1.6318830544248966,1.059199135094142,9.729135097255416,1308,0.8062782204021269,7,0.1085570015444962,0.0636597078300342,0.3787708272101096,0.0571428571428571,-1.4452381645502073,-0.6389599441480817,0.2225485704210963,0.2714348134281381,178.32904825456035,168.07209750842674,260.9419646960555,4.970277242040993,-0.0912961264758795,-0.079294570782171,0.0282954024660873,-0.1023709918901134,0.0234824076037131,0.0038581365596763,0.0,-0.0650984364834437,2022-03-11,44.0,12,-0.1866259396743438,-0.1298241557401156,True,False,False,0.9090909090909092,2.0,0.1818181818181818,0.008911385245972,-0.0313874292336818
ZTS,Falling Wedge,bullish,1,0.7727131608356047,3,19,1417,1418,2022-05-04,2022,0,170.940508343296,167.54455635463933,193.57172304632968,162.53969593233137,1.7167741817248836,0.0202689485265548,True,-0.1116667207457747,-0.0367638866446251,-0.0385026811419586,-0.0850355036996638,0.0194745705928562,0.0417470416975465,0.004153368368347,-0.0320613687125319,0.0227765070265797,0.0210254229916053,0.0445862365013585,-0.0495318881511963,-0.0435862149725079,0.0142947977833873,-0.0229505733834031,0.0063597216804598,0.0227655156450796,-0.0247281375355624,0.0087413522402279,0.0839075570799368,-0.0403749372421251,-0.0511227297490334,-0.1067636235967448,-0.1174444948334997,-0.0404454570515423,-0.0689715890013812,0.0376167171437396,0.0034310126737755,0.0512937110163116,0.0795876659528658,0.0131052803216582,0.0634003838138861,-0.0006986825013803,-0.0787292561923614,-0.0272575296960811,0.0223146770378446,-0.019977384064446,-0.0726060208180922,0.0420140112294591,0.0139792930658253,-0.0482973104717414,-0.1174444948334997,0.0545493353943467,0.00852997908964,0.00540323820825,-0.1155066467019306,-0.0405556550506975,-0.023690870128715,0.085165027334531,-0.0374533485949494,0.1226209979915875,0.0500040696244166,0.1284991511092781,0.0083791487691864,-0.0126898658981089,0.0966675914247616,0.0533778774782738,0.1177190932337992,-0.0672248196091339,0.0083077315116972,0.0420028643596548,0.0216448011616492,0.0601891523759325,0.032719838782109,0.0048683269455753,-0.0301511040134374,0.0846104430378076,0.0301293429797984,-0.080524971050919,-0.0321667380455791,0.0659679793431856,0.0503975367961035,0.0185661290099834,-0.1458735651631635,-0.0929604271900834,0.1055038812239814,-0.1291484191011545,0.0469739086814766,0.0670166064731239,-0.0480480833434938,0.0280910475427156,0.0424312000167179,-0.0936087096212229,0.0514292236219486,0.0988429016152356,-0.0420681869383998,0.0791951599053182,0.0785747687373732,-0.0229429065680439,-0.0616117520235728,0.0066950434510946,-0.034039505901876,0.0003879263964852,0.0286660696970904,0.1398250886865502,0.0970655460037945,0.0829520915056944,-0.3186754504915855,-0.044838939742938,-0.0330243321016034,-0.0176157766231234,0.1935755128145733,-0.0395165358546841,-0.1174402404893706,0.0317597510613354,-0.0436024065223547,0.1437715989168122,0.167719033302768,-0.0272808188135241,-0.3721014376919964,0.0583827827568064,-0.0399485405813747,-0.1283661670803824,-0.2097375519528802,0.0242427660413593,stop,1418,1,162.53969593233137,-0.0491446556020147,0.0024444580078123,0.0584444681803386,-1.0,0.049740057751308,1.189233446941534,2.693931681356884,1398,0.550212915614447,6,0.0341194241534703,0.0094945225867415,-0.0503725402789275,0.0,-1.244246468747803,-0.6940335531333652,0.4348512399584419,0.0910225306177013,167.54455635463933,162.53969593233137,193.57172304632968,4.628732620160603,-0.1321215319912048,-0.0598504235863107,0.027558783192186,-0.1637408222793976,0.9115225820630772,-0.016900860452705,0.0,-0.0487106411577579,2022-05-04,44.0,12,-0.2086678909963689,-0.1428456233781305,True,False,False,0.8181818181818182,0.0,0.0,0.0409246434009015,0.7573254036424025
ZTS,Falling Wedge,bullish,1,0.717507042928419,3,32,1507,1508,2022-09-13,2022,2,153.3486018134479,151.35646563711612,177.37636276981675,145.4588571923431,1.5576771047309417,0.0131618835571123,True,-0.0511227297490334,-0.0288087334212,-0.0384155220375741,-0.0238202928797647,0.0226670171239991,-0.0047617540387049,0.0421144651680551,0.0063664998332584,0.0489149722558441,-0.0305401344498508,-0.0090162481332947,-0.017531614686592,0.0376722725664615,0.0208712547541451,0.0055284035664577,0.036374902871656,0.0397623754084732,0.009096515463119,-0.0349139493019152,-0.0059680587052807,0.0110716498841505,0.0124344997206946,-0.0575180924682003,-0.0730856359457816,0.0019448141972165,-0.0374533319753997,-0.0290952028448151,0.016609123578068,0.1462002101218658,0.0314215536920077,0.040318651287343,0.0464759112960666,-0.3101979347083083,-0.0387249167025897,-0.0845977088944152,0.0145995266877783,0.0477840388234356,0.044753101902937,-0.0482973104717414,-0.0032809304925444,0.0700121667136586,-0.0234040802112696,-0.0716665313490469,0.0261609184447626,-0.0225137735728623,-0.0638408100120281,-0.0926292035057357,-0.0032424392942764,0.0780072861722094,0.0259287832548666,-0.0209689847959646,-0.006697430630858,-0.0568172405100944,-0.0083500487038962,-0.0744767772036987,-0.0755834572821508,0.0052921148027971,-0.0392562520533791,0.0603446098105526,-0.2752725921512083,0.0607429851121172,-0.0367348709379105,-0.0704459093818086,0.0726685397714306,0.0674834550624068,-0.005810407001864,-0.0166651449159814,0.1230455615636234,-0.0829509145047952,-0.1531241123779292,-0.1254900245867112,0.1267410090032168,-0.0149965210263521,-0.0564006336980119,0.1117656229803736,0.0676244020966836,-0.0279143736938888,0.174565017629082,-0.146177795616375,-0.1808411673898279,-0.0460555630352905,0.0355809015859645,-0.0575539065529067,-0.0229429065680439,-0.0731487227972037,0.203981500667393,-0.310667891850954,0.0745866736712921,0.0386866553494495,-0.0555706281218114,-0.1696551918939816,-0.1367044364148696,-0.0658314011848688,-0.0666048683263549,0.1504789894929705,-0.0153019198178095,-0.0369592392683463,0.0621651545300401,-0.2354138021884495,-0.1067936880351575,-0.0199829125054583,0.2134918288458012,-0.0832752427493283,0.1444331236813458,0.00399810213684,0.0396032086963202,0.1551850348165084,-0.0596101130475673,0.1334832091926059,0.100304929829263,-0.1519404088246012,-0.0188494387137134,0.1889525491371311,-0.0187838506505926,-0.0880906769127589,stop,1512,5,145.4588571923431,-0.051449733012257,0.0032883364075594,0.0585057966391111,-1.0,0.0639135757376241,1.1371448054972992,3.045442167050035,1473,0.4567402140120842,7,0.1449662065498113,0.0613471858417054,0.0725306629078745,0.0,-2.258956674912723,-1.8022164609006448,1.1210087710261971,0.0664953629275876,151.35646563711612,145.4588571923431,177.37636276981675,3.9891417098915616,-0.1390232469168975,-0.0565106437789878,0.0260442501240737,-0.1250524615092685,0.1830099580634365,-0.0241060094848676,0.0,-0.0833839739220798,2022-09-13,44.0,12,-0.1044799031260944,-0.1246493232138385,True,False,False,0.5454545454545454,0.0,0.0,-0.0145718097003338,-0.3290108271165352
ZTS,Falling Wedge,bullish,1,0.6360873827442877,3,27,2211,2212,2025-07-07,2025,2,153.2934300943194,150.78025519957168,174.59574098760163,149.20199430055766,0.7090282508648819,0.0166677983892606,True,-0.0070808827144754,-0.0126494963430765,0.0012575525265583,0.0626940135901363,0.0064237505699504,-0.0122159860582304,-0.0302865394446839,-0.0132279275001002,0.0011433535824778,-0.0352446284165094,-0.0366582443951809,0.0775128357735042,-0.02392891484801,0.0257716123655638,-0.0157481307861075,0.0055284035664577,0.0470288614115528,0.0210334811359165,0.0575555265647433,0.0208712547541451,0.0140186579790355,0.0199215303994857,-0.0167534058530107,-0.056756889628005,-0.068698661300643,-0.0858762764951468,-0.010229699857475,-0.0350400480550856,-0.0272676583412806,0.0612903947905858,-0.0240596591089539,0.0189043759060825,-0.0214216359919303,-0.0507435203096175,-0.0525532181349123,0.0386554226878756,0.0109619037903103,-0.0023465075061706,-0.3459865835462982,-0.032310996064249,0.0595518414662579,0.0450546917714782,-0.0132389946039516,-0.0862510076719149,-0.0524669159248709,-0.0264881850680417,-0.0283386903646242,-0.0441429519674868,0.0929318323879653,0.0399296370089987,0.0519595400213994,0.0705831621160899,-0.1952255161742707,0.0683685848022095,0.0147662826045251,-0.311861454744208,0.0770697686153698,-0.0147638763772049,-0.0282415346588429,-0.0211946229739887,0.0957771553063973,-0.0573880842614498,-0.0154317264137218,-0.0383951848240714,0.1131634237658907,0.0735387017327515,-0.0042695839830712,0.0300796749229474,-0.0304084993083099,-0.0214899576954532,-0.0519398991669404,-0.0805570271739302,0.0366046693961288,0.1026109625041806,-0.1677614255487994,-0.0482378285887402,-0.2333475076638766,0.0503975367961035,0.0495841390958655,-0.0578337176267529,0.0112407860509324,0.1407452797533337,0.0938783904951627,0.1722513192691643,0.1274588698600023,-0.0146742588545163,-0.0514066240237558,0.0175762761685027,-0.1381189209371354,0.0621859441913339,-0.0826073278360053,-0.0209894344618131,-0.0634773155648558,-0.1385991529804451,0.1301817846191402,0.0034319413428596,-0.0604517951487456,0.0656398869296668,0.0305574473341281,0.1456114077039252,0.0260079113743934,0.1170504057182419,0.111261683487094,-0.0445915608418481,0.0414354621009638,-0.0363688039906381,0.0079696492931735,0.0496387358775456,0.1174892985911737,-0.0255736670206069,0.0703715018639072,-0.0803988783897329,-0.0470896147208449,0.0572547071210403,-0.0974486907270976,stop,2217,6,149.20199430055766,-0.0266902227397765,0.0319597725817661,0.0269200728147814,-1.0,1.1974337154607704,1.0086117705815327,5.20656120908999,2182,0.8806572162637635,5,0.0057995503291913,0.0891071365618059,0.0841276404994144,0.074074074074074,-1.2419691459202855,-0.3613119296565215,0.0934594586624539,0.1165830132190993,150.78025519957168,149.20199430055766,174.59574098760163,3.396757929423706,-0.0675613194462416,-0.0235746549333838,0.0221176153249273,-0.0299122809553964,0.0838522267398328,0.0005025992174343,1.0,0.0496836529296453,2025-07-07,35.0,8,0.0494600012518839,0.0507008659326231,False,False,False,0.1428571428571428,0.0,0.0,-0.0719131383473235,-1.3291231652170097
ZTS,Falling Wedge,bullish,1,0.6491675247060231,3,31,2397,2398,2026-04-01,2026,2,114.62886711803816,113.89222906969168,138.87367671651873,111.52926471906062,0.6785034580917483,0.0064678517082648,True,0.0350210926006444,-0.0167872952273431,0.0269827655049577,0.016179746794074,0.0306040524907538,0.0191413586776307,0.0063487508613062,0.0575555265647433,-0.0003699399526457,-0.0166432433579315,0.0429891252507825,0.0426950448685068,-0.009729051905187,0.0387984776705672,0.0342415541137288,-0.0035771399298374,0.0291887190872255,0.0171535657797501,0.0308089008004546,-0.0055212910457109,0.0222180874941024,0.0061477701351344,0.0157604536055241,0.02682655069943,-0.0586287586483114,-0.0155698026641487,-0.0159798136470159,-0.0191001064465956,-0.0577325262325484,-0.0003170843198414,-0.0351438888679922,-0.0680013961161187,-0.0680160598258203,-0.0020282226950897,0.022736588791427,-0.0210547267866731,-0.0440166540485269,0.0116259851861326,0.0687922153316509,0.0386554226878756,-0.0390214983070263,-0.0028106077966952,0.0375575292446694,-0.0234040802112696,0.0700664786022715,0.0349646631054968,-0.0039672758378284,-0.1157212501001563,-0.0384929455844328,0.020144170961174,0.0227286928363996,-0.1371300883155115,0.010422108644374,-0.0570832155485169,-0.0476432574850307,-0.0341069506914668,0.0103563026533999,-0.0166651449159814,0.0485925358972099,-0.001784404616045,0.090063202141446,0.0031254240505851,0.0128134902409902,0.0406739295543598,-0.0449742696394797,-0.0384929455844328,-0.0494313599829613,-0.007643904729322,0.0067591556678337,-0.3269393175344915,-0.4972001818848109,-0.3283556935325823,-0.0526950273582141,0.0502115585782201,0.0556014080250233,-0.048878934972446,0.0503799201259638,0.0449199218554476,0.1099885015488719,0.0544583989110425,-0.0617626565562112,-0.1013808197239916,-0.1233212571627083,0.0301713655182525,-0.0079055081691807,0.0550646314868223,-0.10338160710758,0.0493302459059739,0.0481500186034355,0.1244237860586845,0.1475985433228761,-0.3265701573023766,-0.3654049444842367,-0.5146717095512375,0.0783251614438653,0.0886948125919009,-0.0513799876467396,-0.0237514648021672,0.046616129158393,0.113065430320431,-0.0769023717347445,0.0703679329252069,0.1352883991830635,-0.1359740192423736,-0.2079346294103946,0.0525077271452676,0.0587451559972038,0.0359740173816385,0.0496459586036932,-0.129355094114493,-0.1759833129378829,0.2052517659637196,0.0399499013348152,0.0341289931197723,-0.3757689697482455,stop,2419,22,111.52926471906062,-0.0270403300399518,0.0683722246499924,0.0288312894577648,-1.0,2.5285277416722747,1.066232897866515,7.821909547649781,2364,0.8609728357908064,5,0.0208737502904134,-0.0018472777311421,-0.0531545233941864,0.0,-1.1287714406563043,-0.2677986048654978,0.1240098354496841,0.1724031035620552,113.89222906969168,111.52926471906062,138.87367671651873,3.188803188211803,-0.1347190091245134,-0.0459930848749551,0.0274959398096702,-0.1921749731360796,0.2488260388347482,-8.463881079856517e-05,0.0,-0.0410149463112108,2026-04-01,54.0,14,-0.0561298045155073,-0.0689621690456746,False,False,False,0.5384615384615384,4.0,0.3076923076923077,0.0068054222821668,0.4563763671079087
ALNY,Falling Wedge,bullish,1,0.7302447184611908,3,34,995,996,2020-08-31,2020,0,133.30999755859375,131.6877655079993,172.0421436854774,124.36340095001516,1.9825992655214055,0.0123187757369602,True,-0.0774135464993035,-0.0288712466074412,0.0689775713927094,0.1471660991058752,0.0423701246025713,-0.0436531020699844,0.0419980169276648,-0.0132961044033099,-0.017423509873145,0.0020690418218245,-0.0236899679021317,-0.1130090441360938,0.0318394281393707,-0.0103550295857988,-0.0184572079417185,0.0114668923213658,-0.0165988637297618,-0.0366702756201936,-0.0514955155565025,0.0498852399368816,-0.2292958954704029,0.015413934792966,-0.0692756381369128,-0.0210036989200838,0.0076648612915688,0.0638928537747141,-0.0972039328062236,0.0595471999333176,0.0267015511530626,-0.0980819916369312,0.0680699376422171,0.0720316472908906,-0.0668801524050967,-0.0491021253360268,-0.4637935916665809,0.0670645485009411,0.0160594813951358,0.1215685801929953,-0.0115285592371818,-0.0502117537720732,-0.0746661795361302,0.0916686222531253,-0.0417665307078075,-0.0241662646085025,0.3125188721071361,-0.0170898095466328,0.087765337652937,0.1349071988067878,0.3465752570858831,-0.0849223749094126,0.0232113849695425,0.0563064228207941,0.0365923040608204,-0.1389619466157783,0.0684639942725251,-0.1752545326601574,-0.1350871202536254,0.4899850936122241,-0.1137333170572915,-0.0071259158149157,-0.0092422743239003,-0.0223302893241102,-0.1805345577085844,0.0185489765836346,0.130375152330304,-0.0954514583254726,0.0315114626012873,-0.0893693920091392,0.0802874941862056,-0.0486835044829776,-0.0183130327076846,-0.0139707361658302,0.0715573152353219,-0.0594281131435268,0.1079189839763037,-0.0498460679687615,0.0708798501943746,0.0867769346911191,-0.1830391894699512,0.3790762757727737,-0.1017948064361436,0.1358180281014782,0.0851120071547339,0.0761748596380229,-0.1846597003826561,0.1250697304521766,-0.0495159948252237,0.1790686705678685,-0.0768102680277977,-0.0352515920322759,0.0511740499626893,-0.0793990163477124,-0.057384997648972,-0.0986857632609859,-0.1577700632525689,0.0150555747772451,-0.0239034305399095,0.0542611221794449,0.7325180638897806,0.06515665381482,0.0150465986192198,-0.1741961328631368,0.1377797007593089,-0.1101952461493521,-0.0600975967035061,0.6047989821159974,-0.2203034814467971,-0.1297544715458015,-0.2898830603097172,0.0565975750820568,0.6929198951685973,-0.1334994713201478,0.1816552218499987,-0.2349422105901403,-0.1084472088257417,stop,999,4,124.36340095001516,-0.0671112202567275,0.0,0.1023179029288724,-1.0,0.0,1.5246020343165432,4.329260368098486,961,0.4618176539082972,6,0.1360436808870882,0.2114184749275123,-0.225634760364639,0.0,-1.3447008387654378,-0.8828831848571409,0.5284871571439433,0.1347292542554825,131.6877655079993,124.36340095001516,172.0421436854774,4.318569728306362,0.0342013868312236,-0.1037438195049893,0.0325585777154594,0.1904505615637093,0.2440684628952418,0.0038809412725324,1.0,0.0624105310571059,2020-08-31,51.0,4,0.2680862529513681,0.1255560475635619,False,True,True,0.0,1.0,0.3333333333333333,-0.107612781837497,-1.350564140160046
ALNY,Falling Wedge,bullish,1,0.733373315841834,5,45,1142,1143,2021-04-01,2021,1,143.1999969482422,139.42205067039936,180.17397680102965,127.00971729821448,0.9763466148071096,0.0270971934473556,True,-0.0347067131747179,-0.0546094618291094,0.0226119296729361,-0.0903822677166813,-0.0644828474498544,-0.0073675744774763,-0.0448001901674739,0.0390280645158422,0.0747145320050186,0.0,0.0001502417968246,-0.0216968144147207,-0.0420143551258883,-0.0182744098166509,0.1008855603465967,0.0688766214922815,0.1374020616297719,0.0606922706222592,0.0392045402411913,0.004824427385109,-0.1402771056949221,0.0834512108431269,-0.0448340079590824,-0.0301675429992578,-0.0643718569391331,-0.0230145533146097,0.0295674228643116,0.0719265936063386,-0.0571669790870305,0.0484848751947355,0.0583392673446696,0.1012812025192839,0.0551746612114851,-0.1130387758925507,-0.0148687773495339,-0.0308798918732594,0.017102720632832,0.0325705109421476,0.0128334735877633,0.0537608496140298,0.3080059761133957,-0.032614814877667,-0.0450259670695902,-0.0060750811580098,0.0850818012398351,-0.0577397687116866,-0.0178770783041219,-0.0521802062769622,-0.1225110281237458,0.1164820342225678,-0.087982276554362,0.0917030947212467,0.0653602815256282,0.0899305955042411,-0.0746133113692193,-0.0650212714012633,-0.1229927008937086,0.0925431648981078,0.4170843769929571,0.0841755223370883,0.0524836521522669,0.110796235339434,-0.3564226008977524,-0.0503611289421584,0.0271694193046942,0.1247657305967739,-0.1453933682351177,0.0016833985501774,-0.0303210692905147,-0.0084496611792209,-0.0495441631531271,-0.1856362164656061,0.0547799612887962,0.1205934458029505,0.0326336042447812,0.0433004390251332,-0.1406024579556275,-0.1208839860502587,-0.1075537025956924,-0.2510493714132428,0.0444963229171635,-0.0076765529208286,-0.1379611898154454,0.0234737195466694,-0.0863415960231602,-0.0939972251414487,-0.0578662967511021,-0.1233087777505207,0.0177444068370713,-0.1109988716319485,-0.1898097113597904,0.0553835416313844,0.1606145285625464,0.0976380365441986,0.0193770157296147,0.1206311107387203,-0.0442982898110493,0.0918395669902079,0.2203417005952832,-0.0535587229942463,0.3094340216977951,-0.296651021460825,-0.1771687473977231,0.3928856049763656,0.0824202083578247,0.0744827533590382,0.6183454815380944,-0.2143043503339111,0.4442120827120588,0.1974698784875956,0.215512350243332,-0.446560953451372,0.2053983031168345,0.5758204890683598,0.0438331044544465,stop,1169,27,127.00971729821448,-0.1130606144906517,0.0333798804550571,0.1265362814479441,-1.0,0.2952388027027495,1.119189755141536,2.2837147135209714,1096,0.5607476027416158,6,0.080786192629315,0.3530160696925681,-0.2161285309088083,0.0,-1.1503065043304512,-0.5895589015888348,0.6248149910164456,0.189847938265028,139.42205067039936,127.00971729821448,180.17397680102965,5.54356929234096,-0.003165340148353,-0.0532088639608042,0.0390915266044655,-0.0260302773766872,0.2826536580265509,0.0140236255634371,1.0,0.066955211585211,2021-04-01,38.0,13,0.217067437869483,0.12302602393285,False,False,False,0.1666666666666666,1.0,0.0833333333333333,-0.0384573771744559,-0.191539604241107
ALNY,Falling Wedge,bullish,1,0.727709076765064,3,27,1354,1355,2022-02-02,2022,2,145.0399932861328,123.48278066556622,197.9325183189076,123.01358227263744,1.536753823384312,0.1745766697540682,True,0.0438499786593662,0.0292365796946454,-0.0176979685219792,-0.0838027352301312,0.0500217324914895,-0.0230828798957439,0.0467999945746526,0.4113562009589617,0.0113467951180155,0.0395893616921998,-0.0099667774086378,-0.0508242609029213,-0.0225500844565212,0.094664575671985,0.0099049655895546,0.0458078842496247,-0.0618683347402987,-0.0579138244609483,0.0025668220724013,0.0508033352738268,0.0504498382794857,-0.0173280626416266,0.0204361497736967,0.0568119544580252,0.0664582699825018,-0.0085070376489783,0.0259544675230847,0.6041258698576815,-0.1334789099826367,0.0232229303098039,-0.0234888852195398,-0.1400321470680238,-0.0274596537221603,-0.0731042971916845,-0.0014328161465355,-0.1636149246507909,-0.0317806963577044,0.0299084723730858,-0.1399887545684566,-0.0832931764745908,0.0439316038882917,0.0090808479629003,0.1345758802455525,-0.0050498051020946,-0.0509055848706593,0.057378785300198,0.1380999377087051,0.1718952778302983,-0.0217447134544526,-0.0483012251778599,-0.0590852494347219,0.0562414895478335,0.0339815741916862,0.2029535688707926,0.0094482115945573,0.2266955035014846,0.0255371627868377,-0.0188997195207891,-0.1537344169597995,-0.0551000213623048,-0.0378523486663128,-0.069269663344774,0.1889412765540565,0.0071478815200292,0.316339448868048,0.001065625498591,0.3866883406763777,0.0773052826509064,0.0846820372916958,0.125827363794734,0.121185980526717,-0.1065986891297816,0.5538213220743928,-0.0795652674424012,-0.1603955119286458,-0.0692089284102118,-0.020576917208158,0.1404642997987952,-0.1368548083564188,-0.1797355681965643,0.1539171251236624,-0.0615778841514446,0.1911207396092871,-0.0863179831489892,-0.0036085505765555,0.0694647585666958,0.1104788167566699,0.1105210234753366,-0.1438139328406172,0.1120194696192087,0.1438942881724454,0.0989549737043987,-0.0800468915318241,0.0034879836950384,-0.2202749256176074,0.0279810024261173,-0.0852220377418784,-0.2084936581308426,0.6013062975585151,0.2465810004782729,-0.033433022681667,-0.1517380247000384,0.1779478206729212,0.6638906923619625,0.0928363141340626,-0.1888736962472267,-0.0841379195545161,-0.0524702561641476,-0.0441647388887721,0.3162168080735972,0.2409459706899279,-0.0252542507137002,0.5990398683071725,0.055758638560581,-0.1764689856729607,time,1414,60,133.42999267578125,-0.0800468915318241,0.2434501823764132,0.0868036191442264,-0.5270945231721241,1.6030760887803597,0.57158637102417,2.4013228937010225,1325,0.9500745620296164,6,0.0944400763254274,0.1680810091965308,-0.3269331146438541,0.074074074074074,-2.045058300966005,-1.0949837389364003,0.0135656731044525,0.1756419669051885,123.48278066556622,123.01358227263744,197.9325183189076,7.169997079031808,-0.157697248169561,-0.1213436502740465,0.0493597504486645,-0.2081334901135625,0.7230754784527533,-0.0017939316909892,1.0,-0.0422992264449509,2022-02-02,49.0,13,0.020515261815301,0.048773402641226,False,False,False,0.0833333333333333,1.0,0.0833333333333333,-0.1267922647196393,-1.015651775674427
ALNY,Falling Wedge,bullish,1,0.8073763467415785,3,36,1795,1796,2023-11-03,2023,2,168.99000549316406,151.4221012520652,211.8930782402208,146.99553047594213,1.1065490066271806,0.1160194191986174,True,-0.0420143551258883,-0.0538175802473753,-0.0158654600716852,0.0335546684373473,-0.0675186836444667,-0.0019705765695993,0.0461699239830528,-0.0701223895363438,-0.0251536481938319,-0.0050807631421933,-0.1521428653172084,0.0760821959843116,-0.0847127053775929,0.0488824967835375,-0.071471623342463,-0.0191407184432532,-0.0229582474231976,-0.0071572396268813,0.0629019560875254,0.0129204297054033,0.0294859453008664,-0.0072222326555824,-0.0299883782727756,-0.0311261589126214,-0.0663063946484205,-0.0342534903556878,-0.0950470983878435,-0.0702266592791467,-0.0479020179777719,0.037683490576744,-0.0768951462822271,-0.0193707755442416,-0.013751286173319,0.1067943336536245,0.0764210036352894,0.2413450951066724,0.0643980841183806,-0.0760729600012591,0.0806706882489951,0.0379330691555528,-0.099388576254663,0.2938508736184044,-0.0152553367742034,0.0250571443554332,-0.0337701982255836,-0.0502371707732789,0.0229598763116223,-0.0257690833451555,0.1035609368098327,0.0773052826509064,0.0011099383969743,0.0388461626493013,-0.0608985253209188,-0.1758715100022242,0.1164820342225678,-0.0152743970515003,0.0437563203918147,0.2674217907227616,0.5046125191120168,-0.0134494993778987,0.080489800900829,0.4873783073439723,-0.0147746655167178,0.0310396720768149,0.108878269969421,0.1022240829995959,-0.1235596140703259,0.0899999649798284,-0.0595039672827302,0.1281140493090293,0.0472343970522595,0.0019652324598209,0.0485057611575072,-0.0782594650389034,-0.2322588204889982,0.37890065995521,0.0768067175600708,-0.1764613700660218,0.4166794959161479,-0.0838638931703327,-0.1371112671727673,0.3404236758168395,-0.0551248420399839,0.1988047773971106,0.0487715128536081,-0.1848767368736154,-0.2518081775632417,-0.024420976608569,-0.0519769081168619,-0.1898097113597904,-0.1642873289037435,0.134084132523355,0.0350907892953535,-0.0928476170370384,0.4200714215460042,-0.0048958014355275,0.222462890268551,0.0575649084111686,0.418968484352336,0.1853221984631254,-0.0531098513685457,-0.1114221569775018,0.3409487272721989,-0.1073440719373445,-0.1877613593253254,0.1371934764315974,-0.2046766418297173,0.581330289725855,0.1597614022893887,-0.093871642388397,0.6563432900512245,-0.1635174329348542,-0.2633884784998375,-0.1377368324681331,-0.0575213516869596,time,1855,60,174.9199981689453,0.0350907892953535,0.1798331167630961,0.0737913534253808,0.2696128310013309,1.3817106053157766,0.5669606212896179,1.95062954280396,1757,0.8549921934461038,6,0.0227706303460484,0.1005094937401838,-0.0277942001870907,0.0277777777777777,-1.6014686607249082,-0.7464764672788083,0.1371123966683474,0.1734506070807256,151.4221012520652,146.99553047594213,211.8930782402208,5.811429704938616,-0.1360723177510142,-0.054404351130687,0.034726199539807,-0.210799322352906,0.6395125877537828,0.0195009838438016,1.0,0.0119897917565963,2023-11-03,51.0,5,-0.0922908649882129,-0.0471081794009586,True,False,False,0.5,0.0,0.0,-0.0383695619696382,-0.3258304739597727
ALNY,Falling Wedge,bullish,1,0.6665327237130615,3,20,1916,1917,2024-04-30,2024,1,144.2100067138672,146.64200744628897,164.78199157714835,141.49760846949357,0.8942023239501052,-0.0165846115637264,True,0.0701754014703499,0.0387422888130668,-0.0044821247048331,0.0853375357252368,-0.0668987928961278,0.0464634404346158,-0.0477071586851589,0.012696060479856,-0.0503338539018737,-0.0458461468036358,-0.0843535428778216,0.1221975738187253,0.0315446291361813,-0.037967201515666,0.0318220535490705,0.0352358497115927,-0.2227054211049595,0.0619674689681464,0.0457404891296939,0.0499054084974277,-0.0178466179825792,-0.0607167937901821,0.0759727587109645,0.0255182893312173,-0.0182008628999899,0.0428410132844929,0.0788955249650593,0.0648830842543779,-0.0248270157744225,-0.0354821884532454,-0.0663550249136727,-0.0506533064533938,-0.0041913704546958,-0.0423227066679247,0.0021040975138846,-0.0769411872414981,-0.0095551006369144,-0.0753662276509496,-0.0393594322871821,0.0166257272852612,-0.0646071297781808,-0.1960683855198537,-0.0970816638077749,0.2332548197989881,0.0384316863627589,0.0408070286399616,0.0188612844829201,-0.0304423061727698,-0.0607004527249837,0.0556455974337422,0.010256434333395,0.0177972071768415,-0.0035064492155557,0.010256434333395,0.0712590504022749,0.0616489166909077,-0.1450854920132219,0.132583702322691,0.2631341647639944,-0.0753516749249233,0.0616489166909077,0.1419166564941403,0.0887346227783818,0.1379562092236592,-0.0214994383110391,-0.0181080586201435,-0.0236011006469333,0.1056054636037067,-0.0216682510066417,0.7127798939090442,0.6195321523862534,-0.0574561671206824,-0.0246844036751329,0.2835869167162024,-0.1718279930853075,0.343806192334668,0.1152246275821995,-0.0673425433109585,0.180204735356221,-0.0352515920322759,0.0990598764534989,0.3283059605749523,0.0768565719394644,0.1321496288429895,0.4010142661079141,-0.3905657246908558,-0.0092213114754098,-0.0719326678459236,-0.1972479457064012,0.0991924934561567,0.0304266382337965,0.6595650159762884,0.6284583968146262,0.5390724678001135,-0.1969016676581682,0.1214709631782022,-0.1703555968210824,-0.1993425688577382,-0.1945683679949156,-0.061282959972864,0.1844539462283527,-0.089367942833312,0.1538461538461537,-0.1338468221478359,-0.018423455122524,0.3732756878008298,0.1678042449357133,-0.079031331862117,0.5083269628707372,-0.0868652748038577,0.3996731405750313,-0.1223264912940654,-0.2052502308304976,-0.0708203476500275,0.6144349947353255,target,1949,33,164.78199157714835,0.1426529637717779,0.1474238507527341,0.0017335828885719,7.584426404180894,7.838080027863158,0.0921693562214103,7.584426404180894,1895,0.6302670564254939,5,0.0097040008768765,0.0047179163739174,-0.0475805032553229,0.0,-0.9511220529515566,-0.3208549965260608,0.4279661150374636,0.1119479177200764,146.64200744628897,141.49760846949357,164.78199157714835,3.688574654715402,-0.1641012581850558,-0.0410455361789975,0.0256239995339607,-0.0514628218324161,0.0330186811960859,-0.0087540260639914,1.0,-0.032495647327287,2024-04-30,5.0,11,0.3292950903948199,0.0371018641885492,False,False,False,0.0,1.0,0.1,-0.0327399179476576,-0.1715602112838987
ALNY,Falling Wedge,bullish,1,0.6091736184794555,3,21,2127,2128,2025-03-05,2025,0,244.57000732421875,241.9800082120028,285.44998723810386,230.93453750919247,0.838852671056138,0.0107033598823043,True,-0.0087501107427312,0.020112798107354,-0.0023936436225507,-0.0437551941595012,-0.0475261273764925,-0.0668403557360484,-0.019883298147644,0.0251386012936007,-0.0867344915011727,0.0102198327019165,0.0263544181104782,0.0663367158149963,0.0737331440014388,-0.0241822773737908,0.029884339501377,-0.0665942415696985,0.011499413945724,-0.0431130833597419,0.002286033467503,0.0014933268229166,0.0643367320194896,-0.0725413323433904,-0.0006360363672017,0.036267714157725,0.0507773851594104,-0.0143229955703816,-0.089833134825867,-0.0726679598152577,-0.0262699329782004,0.02000003390842,0.0275980551546324,0.0079990881859481,-0.06704950847266,-0.0075315420287742,-0.0200647885700057,0.1126990376275796,-0.0463351988220168,-0.0395197305537453,0.0092840166790442,-0.0312151164352286,0.2193058773315785,-0.0157952988244068,-0.1614610782297776,0.0195718994377838,-0.0289460453067588,0.0464954302631297,0.0910167992043993,0.1071109423566198,0.2199827895905008,0.1060569427986506,-0.0858585858585858,-0.0303272770787195,0.0780441848465594,0.1022240829995959,-0.0684954373580349,-0.0085036053625129,0.1217278191534518,0.0742415674806455,-0.0125693598541305,0.1300265097701487,0.2653654239989289,-0.1138098571256245,-0.0306449696322639,-0.0296706280812769,0.0361768867491307,-0.0807276716370937,-0.178367529602013,0.1110015961287864,0.0607231551080921,0.0431778110248599,0.0698166551739932,0.0644286019461495,0.0897180871486518,-0.0863415960231602,0.3166092788781802,-0.1696722172524868,0.0992598123393608,-0.0991600684034476,0.102220457478573,-0.189692428228835,-0.1824837174227915,0.0749412931879682,0.0058214501841933,-0.203353929321555,-0.2235531426968564,0.165704560381533,0.0402017414147601,0.4374312367200477,0.4547586375269397,0.1148350557900852,-0.3570602629028713,0.020447168487638,0.2452876004327386,0.2180356211645102,-0.2016006111490845,0.0871303646367067,0.1586563594883201,0.2643373788121235,0.0105542976254573,0.2031898436540882,-0.2224046865171548,-0.0363231708846091,-0.0963398278907877,0.4808114346388528,-0.0537870079850169,-0.1635179451598482,0.4442120827120588,0.2436813631256076,-0.1595537165218113,-0.0544755794881534,0.264967143593648,0.1768534231186844,0.6894827932813732,0.0693872064517373,0.140024543155629,stop,2131,4,230.93453750919247,-0.0557528290742131,0.0338144039171109,0.0563438427665343,-1.0,0.6065056155643727,1.01060060452779,2.998061707330066,2106,0.3743086080416536,5,0.0482960133270249,0.1751990134887646,0.330165247703962,0.0,-1.9002173149734691,-1.5259087069318165,1.2899362684373132,0.071419686774074,241.9800082120028,230.93453750919247,285.44998723810386,9.32285744803293,0.0109532283568525,-0.0197721181032483,0.0374066428915112,-0.0512391282072849,0.9286564338733836,0.0003705248400505,1.0,-0.0311079090023409,2025-03-05,27.0,16,-0.0504611539396955,0.0143950576654992,False,False,False,0.2666666666666666,0.0,0.0,-0.1238750917116332,-1.1792754948297153
ALNY,Falling Wedge,bullish,1,0.6359292458164191,5,46,2315,2316,2025-12-02,2025,0,466.489990234375,457.778555733817,515.6947515578499,412.7894370528727,1.2310350468245206,0.0190298003072546,True,-0.1099273293163968,-0.1135565575907632,0.0465213088601317,-0.0274435700228795,-0.0044315757089956,-0.0062526486129489,-0.0130864357523916,0.0087847464075527,-0.0554919980521225,0.0383652378133034,-0.0004864915751388,0.0125149427174107,-0.0742083580876794,-0.0742410877546867,-0.0062128432315402,-0.0509132617004213,-0.0004521998715547,0.0655128258600821,0.0546920682932698,0.0069491499561373,-0.0455420685841416,0.0062678413181507,-0.1039696084299736,-0.1614610782297776,-0.1589631708782943,-0.0242293895395577,0.1176918067074233,0.0259544675230847,-0.0203863581265622,0.0275980551546324,0.0397400704646409,0.1149549742002746,0.0754894662675089,-0.0141725580039322,0.1961138075845843,-0.1499107224600655,-0.0619377898271911,0.0548527640722318,0.1019549660300873,0.0790369211520298,-0.0790020049723539,-0.0371207713256922,-0.0276906254199806,-0.0511386900701569,0.0655425597392003,-0.1831281256872879,-0.1475701467962986,-0.1525145222915855,-0.1956038345178683,0.0731428963797433,0.245561523680426,-0.0534721803152774,0.335993399378349,-0.1342829494452495,-0.0736811216566241,0.0063895740484991,0.0574918353676108,-0.0515598083379791,0.0851560728779703,-0.1752545326601574,-0.0051061290243916,0.0699826447332074,0.0229919133127047,0.067906454464492,-0.084898433868663,-0.0388492276245999,0.0426083279116147,0.1300265097701487,-0.1637972935199964,-0.2753113579377239,-0.2950664215633297,0.0498552341413072,-0.1155627331389691,0.484189785337521,-0.0303402237265089,0.1157868706120772,0.2796923123873196,0.567091168505204,0.1133132791765472,0.0784201999473541,-0.1630348123185746,0.0052964244707764,0.2552984101586739,-0.3826954916457981,0.7038604696293813,-0.1425057426169242,-0.0662075141934673,0.7281643534262321,0.4921468076809365,0.0629755700508469,0.1821764352870574,-0.4362073980962735,-0.3031575936690596,-0.314674630804874,0.4537507526584301,-0.2231478616705483,-0.2053784073324603,0.6022841407572086,0.0857006052945599,-0.144206620281967,-0.1118069509886406,-0.0151817938690637,0.0619135843111078,0.6894827932813732,-0.1309973915211595,-0.0964346006427951,0.0243713691351716,-0.1579556956075917,0.4531607636682648,0.8518295722801101,-0.0525654878391695,-0.0520885855911208,0.1538461538461537,-0.1844838158988745,-0.403262219868509,stop,2320,5,412.7894370528727,-0.1151161960721214,0.0285108332203755,0.116143955518874,-1.0,0.2476700429061539,1.008928017792638,0.916280343652475,2269,0.3586221449236825,5,0.0876797143788492,0.3137139786139846,0.0778910597878408,0.0,-0.6857419678314425,-0.3271198229077648,1.4853578074933802,0.1686324475826842,457.778555733817,412.7894370528727,515.6947515578499,15.059293474469866,0.3115137753703463,0.0192744067987358,0.0323904538569346,0.5305330002657243,0.6122230181208914,-0.0014519616016679,1.0,-0.0026487211776745,2025-12-02,27.0,16,0.2351929016243836,0.1564685382882935,False,False,False,0.0666666666666666,1.0,0.0666666666666666,0.0119049602591198,-0.2374509004903877
ALNY,Falling Wedge,bullish,1,0.6510450941617659,13,94,2464,2465,2026-07-09,2026,6,314.7099914550781,295.02694956461573,380.7496922810869,272.68588839332324,1.1165797573925635,0.0667160810885565,False,-0.100282795003344,-0.0985142728154148,-0.0347961254039755,-0.0400825237898621,0.0327186240394457,0.01240762647928,0.0500217324914895,0.069338661272313,-0.0297914606843726,-0.0269186420499706,-0.0198913242505942,-0.0693055910963321,-0.0040902188586948,-0.1295007315776264,-0.0480750970874102,0.0511203309886911,0.0851302433782952,-0.0505957574321547,0.0151975147118252,0.0384230242327325,-0.0221703135529922,-0.1538655565506429,-0.0865465157663162,-0.1460709938319988,-0.1276280773472959,0.0049968779776661,-0.0165126827250898,-0.0479020179777719,-0.123806113135908,0.0849734220962219,0.1067943336536245,0.0243581293243764,-0.1066910810933755,-0.004757939226332,-0.1032164430229044,-0.0389600100709561,0.0007164274384932,-0.0908761515110617,0.0032237760752349,-0.044359434971974,-0.0210036989200838,-0.182990231815764,0.1753594970602205,0.0281079559926247,0.1159200061791791,-0.1342397248983198,-0.3132725334904513,-0.335225874403436,0.02600539465692,-0.1585371502253716,-0.0535405481519725,0.3097511711982537,0.0482306704847634,-0.0027155382879848,-0.1866510689369728,0.0354874094096424,0.0480075390001712,0.0715983320955777,0.0463899812061181,-0.1229927008937086,0.027069296506881,-0.0010383555152625,-0.023262626180059,0.0146505979619351,-0.1521134511956694,0.0475506721823684,0.0622784367728486,0.1420154350897267,-0.3221817083493616,-0.159543684084924,-0.1876269171944253,-0.0941548951914612,0.0073024861110086,-0.0333595636714514,0.1541289781919284,-0.1624455296816612,0.3479508623993639,0.4827752951677118,0.2623671956939462,0.0286111718116897,0.0873901141939108,0.5441340221762485,-0.0607092530884449,0.1203034277216268,-0.1718279930853075,-0.0224737360967862,-0.1714322071054707,-0.2192181668129434,0.0101691539641761,0.0654143284719181,0.1933526802439025,-0.2279576026556192,,,,,,,,,,,,,,,,,,,,,,,,stop,2470,6,272.68588839332324,-0.1335327895611265,0.0247211686649211,0.1534110771509724,-1.0,0.1851318222750425,1.1488644673355404,1.571471989038356,2364,0.6735823098691232,5,0.0267078281276199,-0.3155231738715139,-0.0291997677888905,0.0,-0.9667316607495746,-0.2931493508804526,0.3740442724415516,0.2660446237916685,295.02694956461573,272.68588839332324,380.7496922810869,14.272144862583705,-0.1411355697125306,0.055025693787349,0.0456285190469374,-0.2303395343441029,0.0245283394936916,0.1699845138620557,1.0,0.0225176065648926,2026-07-09,59.0,8,-0.2346565099415508,-0.1301969200261352,True,False,False,0.8571428571428571,2.0,0.2857142857142857,0.0484542065088753,0.4225874553759751
MELI,Falling Wedge,bullish,1,0.7049569480651682,5,48,775,776,2019-10-16,2019,3,555.4500122070312,551.3092635717144,712.404591095753,517.8737586868814,1.320319622459377,0.0075107546869257,True,-0.0252768723628489,-0.025944662592847,0.0286363347685314,0.0169663862318387,-0.0029811560529546,-0.0343710461502555,-0.062201697085084,0.052120493693524,0.0352950118568471,0.0337215300873323,-0.1120714713367957,-0.0253636784224778,0.080792236328125,-0.0409309791332263,0.1195542078134423,-0.0468020600134523,0.0332684766709256,-0.0071344726282969,0.0101151765366904,0.0059760362088323,0.0178814971016754,0.038027233657794,-0.0323017753694997,-0.0079215488655395,-0.022804395291504,0.0521055930517941,0.0085984424058613,-0.001909234607204,0.0852639732646725,0.1392440926821072,0.0744772608527388,-0.0572474912178507,-0.0759703767525884,-0.0284304722137621,0.1217115495926604,-0.0688619660742813,-0.0540256374395635,-0.024489171857379,0.0700593596067384,0.048520944916601,0.0708505935325418,0.0221161620797851,-0.13510085490528,-0.1680859843674967,-0.0490350734420687,-0.0094111343209408,-0.0751103264405566,-0.1065440801663148,0.0441096983169007,0.3093145759290794,0.1046064494166612,0.0917646234358349,-0.1285099233599572,-0.0792947928845578,-0.0908846509916493,0.3465453453060896,-0.1003462309308291,0.0858853046708598,0.1905186314125104,0.0548293887867648,0.391474657903073,0.0371342126806668,0.0605000215418201,-0.0011959735527384,-0.0711000894295094,-0.1289860584466963,-0.0134850132384266,0.1018544309855502,-0.1353470568181289,0.0441623327439513,-0.0140666845909882,-0.0012457254653879,-0.076456277574147,0.2852372663650582,-0.1194915708922714,0.1443616855055096,-0.0389317103794643,0.0360178297252959,0.1437413708917025,0.1148075671411639,0.0987262079003825,-0.2926584329266084,0.0249509638508955,0.2972652017082366,-0.0862308696025712,-0.1424529877396388,-0.1380322032305039,0.0325500852784488,0.1953399519708751,-0.2007247302827935,0.6265670875775047,-0.001004702747133,0.2442163298186153,0.1445014248002323,-0.1145549546406728,-0.1687927684693834,-0.0069569645609512,0.4252897167022438,0.3233461207021635,0.2419464772043726,0.1276566062277999,-0.0120543567672339,0.2254850743419814,0.4215229691603057,0.3572047900907005,0.3535433070866141,0.0744409583248721,0.3517291498345334,0.2789899166899288,-0.4467916258699265,-0.0020132202483578,0.8791208791208791,0.2047901888420245,0.3061570384650973,0.0532133647067657,stop,786,11,517.8737586868814,-0.0676501083704075,0.0072553212227073,0.0746241989307612,-1.0,0.1072477398407407,1.1030906044106852,4.176961889097233,724,0.7394260575784071,5,0.0284835391986121,-0.0069860765028729,-0.2412432410941476,0.0,-1.0547153215302971,-0.3152892639518886,0.296050258861366,0.2548961522360204,551.3092635717144,517.8737586868814,712.404591095753,17.911424909319198,0.0478997972282935,-0.0516151246363172,0.0326267360314768,0.1015289038287869,0.180416179021722,0.000900202588675,1.0,-0.0043908401114551,2019-10-16,36.0,14,0.1575807699775184,0.1062552573562347,False,False,False,0.0769230769230769,3.0,0.2307692307692307,0.0273064608689501,0.0312279977745856
MELI,Falling Wedge,bullish,1,0.6171410165139366,3,31,886,887,2020-03-26,2020,0,479.4100036621094,481.86914859397984,823.1404417134127,394.1901586731892,1.2352330873163715,-0.0051033458752149,True,-0.0345007580538084,-0.0288149632844328,-0.0532042165556543,-0.082748662540555,-0.0733414866193423,-0.0105056185055856,0.092547430411892,0.0988649651356829,0.0902190914426301,-0.1036737712343649,0.0254680833723439,-0.029423186810502,-0.0170701478972156,-0.0048116217298344,-0.016751220037574,-0.0217749014738153,0.0087092161705446,-0.0056811286372568,-0.0151026629019475,-0.0004943795885548,0.0284332405534561,0.0696794824617985,-0.0334676833046157,0.1123673374006886,0.0139349728666227,-0.0013551337752476,-0.105472745028409,0.1317720592598452,-0.0977536840885624,-0.0356871596364825,-0.0214126142483314,-0.1552000209263393,-0.0145307268415179,0.1674423353046248,0.0180421603518858,-0.0365451774022974,-0.0369607962814031,-0.0847745618303864,-0.2218062661558686,-0.0759226711547527,-0.2866482298790253,-0.0820408303773848,-0.0176331334884843,0.0332255622664441,-0.1823974412003285,0.1676502911572897,0.1916105529034475,0.0743445106616158,0.0690649255529627,0.1104606609672527,0.0441096983169007,0.2723504173423989,0.2351532867148802,0.2999031122313862,0.0620273368526578,-0.0346220241756889,-0.0290555100450211,-0.0408244125715648,-0.0669995567045195,0.1205847667671784,0.150375939849624,-0.0984115012144639,0.07715534736382,-0.0733460504193038,0.0111898025413608,-0.0856401482645865,0.095602977081378,-0.052282419838888,0.1382707204860593,0.7548861958073645,0.5883840918799903,-0.0457334629361861,-0.23470135924938,0.3094665021498182,0.3772814077974415,-0.0243203019082716,-0.0810694478989273,-0.0947312534946128,0.3068581871952571,0.216846569017179,0.3882645550936434,-0.0149718611592557,-0.1498325611224422,-0.0172363753994776,0.0166168000553039,0.0371786374657132,0.0415905767545667,0.3269811807794092,0.1860315813391033,-0.1212062656078289,0.2143474625459811,0.6730031672365128,1.0536492157165176,0.8218139503239681,-0.1297819708629402,0.250030439244185,0.2398539000732023,0.0204424183786298,0.1105221581521296,-0.1204099760724169,0.2370008409293793,-0.2339773974482617,0.3592590094589261,0.337587568005055,-0.0631091706208371,0.2370008409293793,0.0104981995583177,0.1274386418375943,-0.1516222244355726,0.2499111147280093,0.044486576468222,-0.0166042550541165,0.1729952390951592,0.2824285471661489,0.955451690740008,target,923,37,823.1404417134127,0.7169863695492809,0.7257253932334508,0.0925512500328626,4.033455330691969,4.082617299679073,0.5206533187540562,4.033455330691969,855,0.4808228331760737,6,0.1820935341242409,0.0678968723020982,-0.1332460328553877,0.0,-1.518553733757332,-1.0377309005812552,0.8114109435741739,0.3003843222893889,481.86914859397984,394.1901586731892,823.1404417134127,61.246429443359375,-0.1780337116832292,-0.2118489968052854,0.1251050530043133,-0.1129070217803062,0.6661710435120238,0.0138817202771335,0.0,-0.1168838023156508,2020-03-26,45.0,14,-0.1488842949105766,-0.1530469912039549,True,False,False,0.7692307692307693,0.0,0.0,-0.0212879877327208,-0.4611811612856718
MELI,Falling Wedge,bullish,1,0.6366046801871161,13,112,1195,1196,2021-06-17,2021,0,1465.0999755859375,1448.0427800958803,2076.0742372455024,1161.559520847988,1.044836864358876,0.0117794831233699,True,0.0527541057610005,0.0335497721017921,0.1257002062594465,-0.0393446857156535,0.0132581406316056,-0.054504427451815,-0.0078503688092729,-0.0201307333176475,0.0354661779096596,-0.0155599511994007,-0.0378595231675574,-0.0037963191480415,0.0645373153191501,0.0042185015846052,0.0465432249469521,0.0122979577873179,0.0335744240250015,-0.088771084770073,0.0217735729916557,0.0016507012154505,0.0532446808444382,-0.0053649798718696,0.045799964257803,0.0545287120194559,0.0225453997617068,-0.1377084365748787,0.0416915064041867,-0.0320323512804378,0.1339345188370571,0.0307547297655255,-0.0214126142483314,0.0486031913224693,-0.0399150031134737,-0.2173246425189499,0.1269459151358904,0.1252486684960738,-0.0309253249293496,0.1404818080253211,0.1427178799992068,0.0294264441310705,-0.1650399483647961,-0.1389563232086018,-0.03696298694935,-0.0801375207827008,0.0055557037594227,0.0582814513241882,0.032359589768423,-0.0018056119776737,0.0529114058080555,-0.1541010055251901,0.1031353177544653,0.0101543667843222,-0.1484284599916826,0.0479204567575362,0.1264030734033645,0.0409971911120017,0.0677887929360219,0.0689542950316643,0.0152501879435786,0.089423636597923,-0.1586319066034115,0.0384210050484687,0.2801901911000493,-0.1294312155386989,-0.0692591194658349,0.0432885701224308,-0.0149618579837741,0.3375155016313409,-1.7431577708545976e-05,0.2638045228588763,0.1946828226892056,0.150324722670919,0.2858265493503609,0.2635243736576664,-0.1855318381805936,0.2688317018820092,0.0313694308359195,0.2558754957880975,0.4193804694353509,-0.1284154803083755,-0.086135899191681,-0.111289177940743,0.211198654052656,0.0483413769209006,0.609270036109361,0.3223407176173398,0.1210174838117035,0.0422125244140625,0.0052961664535771,-0.1551509018946583,-0.0759366430757051,0.1491870347384679,0.2644939022749271,0.1937898996999434,0.29133615430849,-0.0892349967836024,0.1438833685834764,-0.1537426994842232,0.199190040754501,0.4001289006542412,-0.1863888145582264,-0.229850923418364,0.3449913794029176,0.2071204178874146,0.2359227707311464,-0.2842023920264858,0.296071699432286,0.0735964883093103,-0.1514051486150918,0.1055386537486384,0.1538198946713407,0.5264036052907495,0.074703425766335,0.5150764625861155,0.1408459879128786,time,1255,60,1852.6099853515625,0.2644939022749271,0.3447068716896936,0.0168930451248569,1.2766338183823558,1.6637980915356876,0.0815377311777667,2.0128264688376625,1083,0.3541609762315655,5,0.051934105965186,0.3451938031705335,-0.26646621845414,0.0112359550561797,-0.9460554676168844,-0.591894491385319,1.2185230402136458,0.3318046255208496,1448.0427800958803,1161.559520847988,2076.0742372455024,41.46216692243304,-0.0073823940696314,0.0071635568240979,0.0283486497615332,-0.1236736202058955,0.9018505769566691,-0.0120723224039135,1.0,0.0270410771653162,2021-06-17,38.0,13,0.1715282137160663,0.1578780515126008,False,False,False,0.1666666666666666,0.0,0.0,-0.0053222832410495,-0.1131821587276676
MELI,Falling Wedge,bullish,1,0.7972680416968985,5,54,1541,1542,2022-10-31,2022,0,933.1599731445312,883.6561651663251,1093.220925176949,737.8406129367918,1.4259589413196012,0.0560215725636774,True,0.0081658626298188,0.0342845281683812,-0.0229761101916942,-0.0730669096991136,0.0271012247755906,-0.0876786850154208,0.0920790839441043,0.0055327859937188,0.0166446903165295,-0.0355651998373144,0.0394723954011648,0.3511025315809386,0.007363614169034,0.0130019678986532,-0.0581532312542604,-0.038881481657102,0.0181669557257868,0.0130586216075674,-0.0739825581395349,0.0454645805699311,0.0374133119950199,0.1535651889256406,-0.0133172762256431,0.028312448782263,0.0155477440928173,-0.2271427525190318,0.0468935299863466,-0.0548564877868594,0.0729466740240498,-0.0155823471447963,-0.0207758936388738,-0.0350783136794476,0.0298539443518484,0.0449874458548797,0.0234780621872361,-0.0858156296251286,0.060186513584626,0.0205058761087508,0.0825000265370246,-0.0365546473331124,0.019926335886792,0.0379291559130179,-0.0238269436379728,0.1898201263208183,-0.0023343257266337,0.0219594312990863,-0.047044413222069,-0.0600911673151165,0.2690176947600402,-0.1134558603692523,0.120670263318048,-0.0605023648666692,0.1628470387178309,-0.0883285035084819,-0.1062769921753001,0.0761964351839403,-0.0135642001408797,-0.1291359795545121,-0.0657522994233988,0.0273750099136202,0.014643349344064,0.2608065092482226,0.2927467444423954,0.0014589333752998,-0.1402126686500333,0.0452092122022964,0.216951737067252,0.1991736316052923,-0.0955377977465578,-0.100293592217566,-0.0701751998655145,-0.06672415897764,0.5305681008556982,0.0306583014154933,0.0656143502289785,-0.0568904298296446,-0.0351255904796511,0.431836331663195,0.0163378643267488,0.1586563496245165,0.2936217986798846,0.2520642042049135,0.0877744553672583,0.0048474623562348,-0.027836082527178,0.2972652017082366,0.4220427391506749,0.1780276225857668,0.1469999893851903,-0.0178745959768054,-0.0729362060879404,-0.2322399776012626,0.3087466829678251,0.2641398990909294,0.4399816906071574,-0.1468605765193232,0.0485466135242924,0.0599928727358396,-0.1433377829112657,-0.0549104376199227,0.0333460215638088,-0.0184557241920143,-0.1285619157947358,-0.138483443520574,-0.1335328627275726,-0.1079982449965774,0.1548135307730487,0.5096575541457793,-0.1510927886972795,0.1542783798695777,0.3837923838782222,-0.1538226036623819,0.1139763808154921,0.0774803662237533,0.2688062122930589,target,1594,53,1093.220925176949,0.1715257368927321,0.1880063520622454,0.1257019066063187,0.8194832906588411,0.898221263139559,0.6005548434533566,0.8194832906588411,1487,0.3533719497575716,7,0.0491355005486468,0.446613584838756,0.0201302628194881,0.0,-0.6897960514190599,-0.336424101661489,1.3582328306053686,0.2338429057567577,883.6561651663251,737.8406129367918,1093.220925176949,57.62428937639508,-0.0201509102602752,0.0309700366081575,0.0639119470380705,-0.1008885061946615,0.9117190111374108,-0.0081655936569676,0.0,0.0534628430158183,2022-10-31,28.0,22,-0.1322650580294732,-0.1086459902202777,True,False,False,0.6666666666666666,2.0,0.0952380952380952,0.0051131273369892,-0.1647033948314112
MELI,Falling Wedge,bullish,1,0.7507431253990757,5,35,1589,1590,2023-01-10,2023,2,928.2899780273438,857.897924314977,1039.6547941144472,807.4938734935549,0.6597105351733423,0.0820517822893371,True,0.1514936811197873,0.1533804743623946,-0.0514612568694706,-0.0139937882704461,-0.047953501653053,-0.005245713056144,0.1825316431419341,0.0515895419098253,-0.0715650618343609,0.0081658626298188,0.0157957393018399,0.0263090023736303,-0.0029200615831724,0.0735814172323812,-0.0387596899224805,0.0180684868915312,-0.0871981202916454,0.0376407834604728,0.0286380847392637,0.029162560444355,-0.0292090929283347,0.0562085626483888,0.1425244112015706,0.2179814943721534,0.1972795496066666,0.083442315191486,-0.1650399483647961,-0.0135885992435301,0.0363454172662749,0.0251024890021194,0.0399818095952309,-0.0357418983003527,0.0143532771401424,0.1392245254094957,0.0970817653878812,0.0548786769827265,-0.0802876342842286,-0.0564383155548436,-0.0299610251011602,-0.0029800701025926,0.0064880619238201,-0.0045219297160603,-0.0464708335620943,-0.086600608322501,0.076411565127844,0.2153975423484103,0.2570425750946654,0.2100802856151009,0.1365824137318383,0.024167012688373,-0.0793910623669995,-0.0021517568150482,0.2244394641316225,-0.1573615405494712,-0.1514285909767384,0.0689542950316643,0.1252572668058298,-0.04935764013923,0.1548218933775664,0.2817465247196598,0.0340480818797943,0.0628250423090717,-0.0005945842573248,-0.0175794382258557,-0.1047497468468006,0.007046513778083,-0.0460457877336156,-0.1648899411521144,0.2397256541251502,0.2946278291362745,0.2963360137906181,0.2023478248427868,-0.0376061537963664,-0.0824410170817127,-0.1387588948469027,0.2057170084738233,-0.1360054161384568,0.2323485430910365,0.1481942661830357,0.04177211598516,-0.0602228375449583,0.2126278004697919,-0.0741951394708487,0.0880809938424844,-0.0278798525895888,0.2745201139584936,0.2052957925072045,0.1415977076523964,0.1970142113976811,0.1725430540953176,-0.167071883607782,0.2247339172651447,0.3411757419224526,0.2939542869059315,-0.0065492445512639,-0.1427301915369604,0.0748637771921449,0.067966692096606,0.3479479116541215,0.4189972372813799,0.0216494425875215,0.1962790554956412,-0.0772840741101978,0.5707578970702991,0.1064980562020074,-0.2915046273066978,0.10490440701973,0.0868815830202212,0.1595924284631593,-0.135412727946301,0.0825240828191837,0.0735964883093103,0.0925965711264542,-0.0772840741101978,0.2574612073836445,target,1592,3,1039.6547941144472,0.1199677026824725,0.1761949406220735,0.0185179231148607,0.9219239024049218,1.3540171530352878,0.1423059336867753,0.9219239024049218,1552,0.6562626173338932,6,0.0598929645911593,0.2330328789675653,-0.023874666145528,0.0,-0.9304305839243472,-0.2741679665904539,0.393170493239508,0.1749843422272906,857.897924314977,807.4938734935549,1039.6547941144472,35.213575090680806,0.0383183054827171,0.0160717966047594,0.0384520015332911,0.4010679167965409,0.85096274402053,-0.0003454743170556,0.0,-0.0023048235307066,2023-01-10,24.0,14,0.0008325353026756,-0.0703147361111981,False,False,False,0.5384615384615384,6.0,0.4615384615384615,0.06800726066548,0.4196102108046918
MELI,Falling Wedge,bullish,1,0.6494918528632664,3,15,1620,1621,2023-02-24,2023,1,1172.8399658203125,1115.95556640625,1260.0888671875,1063.9216308593786,1.3509966061015168,0.0509737135836414,True,0.0459568449105189,0.035153312734518,0.0125327780599033,0.0885395801047121,-0.0086674532558294,0.0528871110006092,-0.038881481657102,0.0317429073085564,0.038972172475401,0.013714297177765,0.069401249004777,-0.0250823320228454,0.0452927213640805,-0.0422516912631522,-0.0020342293525824,-0.0054451662208635,-0.0121174306067087,-0.0689396905561636,0.0514457353944546,-0.1387961378375303,-0.1129062762883225,-0.1560452177427588,0.0562887726561989,-0.0040925675264275,0.0308188182099515,0.0856780938338392,0.0034544700260206,-0.0814975653083288,0.0053388765886717,0.0720584490472662,0.0187415611777732,0.2575749285539424,0.1674423353046248,-0.0500621227023467,-0.0095417465551809,0.0322247426444237,-0.0589861969764128,-0.0266278636246819,0.0274770304349489,-0.0102436364264326,0.0305493469061939,0.0768968919380794,0.0512716327228581,-0.0013016970369387,-0.0399726641982225,-0.0316163108439323,0.0123120492969071,0.0188382410373761,0.1989578311122886,0.0759026842811023,-0.0063788625924549,-0.1586319066034115,-0.0451635452064363,0.0143029037751214,0.0690649255529627,0.0699316208507068,0.0443308447530346,-0.0638168486038056,0.006829701261942,0.0316146367494474,0.0225137739039178,0.1658061437441382,0.1165339562711123,0.0410961144406387,-0.1758381523050423,-0.1188784125581997,0.0094721824122649,-0.0496645243682855,-8.720404664500601e-05,0.0859282018296392,0.0500793750561499,-0.0046057158434924,0.0309704916051336,-0.2057114873059539,0.0433837111285111,-0.116595989592024,0.092222183469742,-0.1360054161384568,0.1846779424595885,0.3611696748121014,-0.1204132442966712,0.2938331893549544,0.0881784933931724,0.0656143502289785,-0.1135275971986087,0.2743343614579872,0.2839227616186921,0.2605444973539095,0.2544383118109263,0.2665189872550526,-0.072810958358717,-0.000578725531102,0.1422018639859574,0.0908893309333667,0.5111904395002866,0.0688231234685203,-0.116743840583251,-0.1222325627869984,-0.0511270190042162,0.0283359273191348,-0.1419696637171978,0.1300984160186924,0.1729952390951592,-0.005297576797297,-0.0549104376199227,-0.1468605765193232,-0.0613855310857249,0.2190873279637815,-0.0343098799256343,-0.1808110883501693,-0.1788288173829219,0.5032488021705459,0.0825240828191837,-0.0353504350427705,0.1128780675089636,target,1626,6,1260.0888671875,0.0743911393795004,0.0861328250019125,0.0166007053566828,0.8010487986111924,0.9274840601215876,0.1787575132332712,0.8010487986111924,1604,0.464237161108174,5,0.1290806455829842,0.4698890711818986,-0.2435405073542857,0.0,-1.1147243113229746,-0.650487150214792,0.8668618957556949,0.0922840233450455,1115.95556640625,1063.9216308593786,1260.0888671875,43.4271501813616,0.3022897725901754,0.1250964771350124,0.0375381629884428,0.2882850833884327,0.6053428417256412,0.0237533575083244,1.0,-0.0206794471602517,2023-02-24,24.0,14,0.0110471096261184,0.0798670486540715,False,False,False,0.3076923076923077,0.0,0.0,-0.0130567566643985,-0.4052443651333458
MELI,Falling Wedge,bullish,1,0.6100233297802929,3,28,1708,1709,2023-07-03,2023,0,1193.75,1188.6197259365,1361.5843693659936,1145.536588969986,0.4993521064441705,0.0043161609651547,True,-0.060456581315445,-0.0617011091592075,-0.0698343310835798,-0.0085492802637583,-0.0640540190054319,0.0638770913792201,0.0758372016154556,0.0231112563561455,-0.01002068908439,0.0126513186922843,-0.0205331721775969,0.0151145670744825,-0.1415891261221799,0.2025788326803266,0.0658200897717924,0.0250213456284154,-0.0719696446482999,-0.0715650618343609,0.1041956362516984,0.0159015973606011,-0.0199859554383101,-0.0004484304932735,-0.0667345426484071,0.0124900809882197,-0.0152983696051427,-0.0430743565597973,0.0869581430754085,-0.0686134754906571,-0.0240736454443518,0.0499936526265365,-0.001909234607204,-0.0583780300943198,-0.0255576794127589,-0.0001782195786403,0.0935395230951996,-0.0808879631244968,-0.0664390649363302,-0.0138949154672377,-0.0230043331670676,-0.1480070862790019,0.0102082106143759,0.0813660130678954,-0.1304931945142877,0.0710047036116907,0.0193918588999155,0.0260925356724762,0.0139476644306282,-0.0190227508873539,0.0024291321632174,-0.1221281764967935,-0.0497978175649788,-0.0430424507027007,-0.1003462309308291,-0.2142129028749908,-0.1062769921753001,-0.0258134656889464,-0.138265859710546,-0.1394074619229615,0.0368620352909483,0.0377771031843103,-0.0381382772563417,0.2634348836844475,-0.0232535366711673,0.1441498270536811,-0.110827673843635,-0.190434119370267,0.4069298347503123,0.0794363037709018,0.0304939566962101,0.0929089291557592,0.0765028661157898,0.0480911480981045,0.4110084341353728,-0.1853184435621776,-0.0534968391014407,-0.0075028419086787,0.3932086342393868,-0.0422824771523598,0.2544311361328246,0.0015385090908877,-0.0486892204239859,-0.0906124798923766,0.0377999978360572,0.0233661341957573,0.2445946585658296,0.2380711021788979,0.0868003644088153,-0.0278798525895888,-0.2439512307317215,0.2064962997668344,0.1370566549829732,0.0237724447422886,0.0525822153141362,0.0850711732077577,0.1503911964488549,-0.0090983406442111,-0.2408550223190254,-0.0760155995686848,0.1976390864423776,0.1334502881410297,-0.0680822324600846,0.4092321612942768,0.1595924284631593,0.2789512008524637,0.0250451263537905,0.2474748918664313,0.6152724558593159,0.0850685764664953,-0.0385791519355446,0.3217417729631373,0.0012721754971474,0.2091470183079398,-0.0154425579101996,-0.0330229497055035,-0.0650769109065221,stop,1710,2,1145.536588969986,-0.0403881977214776,0.0460900687172774,0.0404188481675392,-1.0,1.1411766634183749,1.0007588961080407,3.4810722946259247,1680,0.5553666333023768,6,0.1067170068580305,0.0239472556690396,0.0997971228329031,0.0,-1.0681512883782605,-0.5127846550758905,0.4790744026952406,0.09929165525527,1188.6197259365,1145.536588969986,1361.5843693659936,44.063563755580354,0.104353874013964,-0.0439947455373505,0.0369118858685489,0.37801860787316,1.0,0.0045585214632404,1.0,0.0409386827710518,2023-07-03,24.0,14,0.4009558349190969,0.2191651239992256,False,False,False,0.0769230769230769,0.0,0.0,-0.1047026218125535,-1.3190043331997832
MELI,Falling Wedge,bullish,1,0.6012617110432816,3,27,1892,1893,2024-03-26,2024,2,1552.800048828125,1540.8952261117774,1894.5993840144183,1436.4114467075833,0.5323315482375509,0.007725913166976,True,-0.0307960245077684,-0.026387390951662,0.0255829112263636,-0.0243067573439444,0.06799227475534,0.0317224159601734,0.019676635011028,0.0239576238723568,0.0182979318020262,0.0168835388628005,0.0172718804003455,-0.0341098859706996,-0.0300410720153357,0.0362040363324343,0.0116199790611539,0.0851292642148169,0.0630550376588292,-0.0109444683562948,0.0304568527918782,0.0510357240723586,0.0250213456284154,0.0142353773723991,-0.0527330567745907,-0.0481710757831154,-0.0336226779784306,-0.1416750081380208,0.0153341541575948,-0.057588949580856,-0.0025577753544261,-0.1571428022416858,-0.0383234569542035,-0.0493073247194858,0.0233986484602299,0.0959792707386482,-0.0144458357298057,0.041972372411537,-0.0839245146497942,0.0280181688900276,-0.1348942712067605,-0.0095417465551809,0.098397799734258,-0.0264333256193559,0.1493592283660769,-0.0274691274135824,0.0992225751366961,-0.0385899797697109,-0.1177228510303574,-0.0864794356174807,-0.1479265316376246,-0.0496521008032524,-0.3354899335438871,-0.0808350620273261,-0.0186971028645833,-0.0015821997383723,0.0960330364353732,-0.1003462309308291,-0.1024854735410529,0.0299903522368993,0.1187003277893301,-0.0542095990862792,0.1754521388070657,0.0930781364440918,-0.0442978879238696,0.1551974261835444,0.1084934266597674,0.258535388321613,0.0728489223037753,0.1102191992830363,-0.1318741626487284,0.1184827245514301,0.1029186837829119,0.0467659909582516,0.1734247890528633,-0.1977758302248459,0.0378795144864634,0.2742807083165179,0.0248686228786958,-0.0578144129209852,-0.1855318381805936,0.2277773525938173,-0.1290041458923629,0.1343767464828409,0.2241470519129649,-0.0486892204239859,-0.113227469729003,0.0166702896862389,-0.1452488232389708,-0.0953734593206309,-0.1202843066051159,0.0249509638508955,0.2081297507739421,0.1034666108285802,0.0304289016706682,-0.0166406763909094,0.632748672698747,-0.2154091497743213,0.5607646761003389,-0.238044563001292,0.0316454994526431,-0.0612550181251305,0.4388562544841581,0.331256178151333,0.0454797715292152,0.5064102564102564,0.2965217189261657,-0.0503380898867857,0.0524720264026208,-0.0256156423520391,-0.1050305762145196,0.313032649052116,-0.1341242443787734,-0.2339773974482617,-0.2883714262617273,-0.1792500350464984,-0.0534596763652439,stop,1905,13,1436.4114467075833,-0.0749540175558202,0.0,0.0978684234896354,-1.0,0.0,1.3057128447684652,2.936707967609213,1863,0.5384709372274057,6,0.1519105318138698,0.1087904700067705,-0.2157104228019821,0.037037037037037,-1.4370134326625734,-0.8985424954351626,0.7883285733511692,0.138914891667036,1540.8952261117774,1436.4114467075833,1894.5993840144183,40.42927769252232,0.0817480615668972,-0.0706652722249043,0.02629614996144,0.1913399347825799,0.152615434983416,0.0051223904415225,1.0,0.0266148950163584,2024-03-26,2.0,20,0.6334932396144557,0.3995143903792257,False,False,False,0.1052631578947368,0.0,0.0,-0.0853571854702411,-0.7986963240106488
MELI,Falling Wedge,bullish,1,0.8118435623568037,13,104,2339,2340,2026-01-07,2026,2,2176.699951171875,2030.2030075187977,2869.315789473694,1809.0740528408369,2.22961108051662,0.0721587659512521,True,-0.0343409756405592,-0.0365766169367296,0.0873786407766989,-0.0270422484771504,0.0353015428836487,0.0322051532451923,0.0479949486437183,0.0444999070444194,0.071094967719038,-0.145173602634006,-0.00488156800506,0.0298740442304084,-0.0592144971932409,0.0151311897268384,-0.0035164513917705,-0.0159710046719986,-0.0252361155122072,-0.1177068566782606,-0.0339702843214236,0.127499792006805,0.0492050291825443,-0.0466519603530728,-0.0373820069516153,-0.0105434610588011,-0.0107758008600633,-0.0932644794355334,-0.001812368930627,-0.1220692556141774,-0.0231240767591779,-0.0059026107578776,0.062398026226742,0.0093133857336531,-0.1098498649834119,0.1952325091336642,0.0212479755803951,-0.0809506814041479,-0.1223530071970706,0.0483888102441574,-0.2814143608617649,0.0320843490714175,0.0649665488896633,-0.0015024293085411,-0.0416271997847064,-0.0095721009892782,-0.0759638278823213,0.016245271892646,-0.0652087768595912,-0.0489490878705209,-0.1243610190722681,-0.0102961546031964,-0.0682231072637639,0.0149757663508942,-0.1606638206684281,-0.1595544088998771,-0.1212113193669641,0.007450337069532,0.1436798734986408,-0.2115127316288035,0.027380982627946,-0.0587293916590073,0.0609781258306121,-0.1225920843038959,-0.0147697841179557,0.1216192099916655,0.1991736316052923,-0.1286635986187639,-0.0709329857160359,0.0030238940580764,-0.0315473476152762,-0.1786373751747326,-0.154770413991983,-0.0486892204239859,0.124374695957554,-0.1378811656245679,-0.0342207161241681,0.0839142717633929,0.3230823471966912,0.7075975323710004,-0.02890796867949,0.0086127761262051,-0.1226879178643017,0.2911670026708266,0.2219550954108853,0.252872265728185,-0.1541125567486435,-0.0972222222222222,0.0394544245038324,0.2573900866019061,-0.0981282208895718,0.3289403634669494,-0.0795523978162696,-0.270535298944943,-0.2142371325931387,-0.1734566199790361,0.2074617657352524,0.017732772230228,-0.1721360180871887,-0.0140000497796457,0.1017941553282335,-0.02379079187523,-0.0949596004101938,-0.3805068490249546,0.1730116495027878,-0.100888945213778,-0.1512733269100558,0.4125608337833857,0.992066650390625,0.1183070462127178,0.1880923104368184,0.5344648032796386,0.3590760649991098,0.065762765127759,0.3254387819655566,-0.0252666219075521,-0.3408845023823144,stop,2372,33,1809.0740528408369,-0.1688913982531761,0.0759406682299652,0.2400238768123379,-1.0,0.4496420126507963,1.421172891543777,1.884023518055128,2233,0.5658482770080464,7,0.0735769541242607,0.0856997845148563,0.3276714067671105,0.0106382978723404,-1.2461052284879728,-0.6802569514799225,0.5803366477654733,0.2598651044139464,2030.2030075187977,1809.0740528408369,2869.315789473694,62.1571306501116,-0.0469281257236503,0.0369633599324299,0.0287417183692955,-0.1269518791419774,0.5575331315871856,0.0,1.0,0.0116841416273449,2026-01-07,19.0,18,0.1098319979039916,0.135118045284128,False,False,True,0.2941176470588235,1.0,0.0588235294117647,0.0224395016963964,0.2859211229799034
MELI,Falling Wedge,bullish,1,0.6858203028061137,3,24,2397,2398,2026-04-01,2026,1,1689.969970703125,1679.310028076172,1854.3899841308596,1590.1468024976311,1.5272130271271214,0.0063478109751808,True,0.0610898371119701,0.0092814492839825,0.0101016518049188,0.0110953893283911,0.0361766066481097,-0.1064413697669564,0.0286135209601146,0.1256674640098314,0.0230679327864071,-0.0594223145591573,-0.0409830182353503,0.0491249671349158,-0.0287679580585452,0.0013496202777145,-0.0548674265543619,-0.0059113692643548,0.0383271533020377,-0.1470209837985996,0.0423030224449731,-0.0749381872934903,0.0360616333064851,0.0784928691830941,0.0629883769291612,0.0782025932240093,-0.0072527161237321,0.0020636517771996,0.0186449708065876,-0.0703076514128212,-0.0326916676087515,-0.0533796468632774,-0.0306775928191792,0.1222933457338304,-0.003251902062784,0.0920386567197852,0.0992225751366961,0.0351656171788876,0.1558712266618671,-0.1233933878189846,-0.0719151037783885,-0.0562771399162169,0.0201867006378764,0.0052229479832022,-0.0134584775353839,-0.0214749420692323,-0.1071673927958977,0.0798668538262586,0.0607466617510221,-0.0510073125113057,0.3615778266059029,-0.0050759617286392,0.0092026797008391,0.035820800549418,-0.2969506986332135,0.062177919470389,0.1249555504944777,0.12801145556728,0.1911726882165358,-0.0178757267617523,0.0800362766072126,0.0893556171637537,0.0156187658878301,0.0328402992056198,0.2187226588620525,0.0100060698308024,-0.1328608818776012,-0.0176952432242988,-0.0388956727571512,0.0243284322614443,0.017023018978977,0.0033610382488478,-0.1668998261014715,-0.1365705802872574,0.1530342852391273,-0.3278838718855851,-0.0645235589992926,-0.2479813327198867,0.1544192182516286,0.2222525056789792,0.0297998369427952,0.0399989650979275,0.1349197336033749,-0.1133898647284473,0.1372772653241887,0.0758134982945599,-0.1855318381805936,0.3094851986226452,-0.0402240163408171,0.0575242474873181,0.3363503593234038,0.156503131020586,0.2183596783667096,-0.0421206047567204,-0.004047388970744,-0.1533141540377448,0.276678658531674,0.2670898128913801,0.2887312505058828,0.2896927636178827,0.2264505370795173,-0.2060201865375093,-0.1251747470142735,0.0316454994526431,0.168634575018113,0.1339767101199127,0.0579536171019623,0.121834254479487,-0.1964027792707834,0.3885328068175266,0.3201350623775023,-0.1045551864209112,-0.1444687547005765,-0.1008101928971215,0.3090696943130266,-0.009891408214301,-0.1037024883332958,target,2405,8,1854.3899841308596,0.097291677531599,0.1117653024356564,0.0034793546540747,1.647112753316573,1.892145964491809,0.0589042102000614,1.647112753316573,2372,0.5031742928416814,5,0.0251438185393844,-0.172919945992502,-0.3573169045403414,0.0,-0.8119292025214738,-0.3087549096797907,0.8217676850893554,0.111819796359573,1679.310028076172,1590.1468024976311,1854.3899841308596,54.027134486607146,-0.2048362121460919,-0.0859066197341685,0.0314299466584096,-0.2644355380101306,0.5470946602671369,0.0064429645247587,0.0,-0.0410149463112108,2026-04-01,19.0,18,-0.2080062835085827,-0.1409222540957554,True,False,True,0.8823529411764706,0.0,0.0,0.0145173409719928,0.4111089800360733
PDD,Falling Wedge,bullish,1,0.6778200771423198,3,19,389,390,2020-02-12,2020,1,36.20000076293945,35.37333382500543,42.65666876898874,33.30694008678326,1.446469927459737,0.0233697774154848,True,0.0033148875512625,6.979466597600847e-05,0.0247520415555309,-0.0021477738050494,-0.0245090183815051,-0.0840833645729015,-0.0352278049670259,0.0178075697912489,0.2031175825018376,0.0466409159647687,0.0201951189738949,-0.0573352674513577,-0.0105263621480486,-0.3893720542741851,0.050000042169273,-0.0334070410448692,0.0305713865419205,0.0834427708229663,0.0621984241475366,0.0082593459844717,-0.0816842330129523,0.1044323401830202,0.0066586566023337,-0.0281768076316705,0.0860079265054446,-0.0938593933915316,0.1463265115147431,-0.0643102958426442,0.1091776419979002,-0.0902053660731397,-0.0869892212483088,-0.1006083905470235,0.0782398584873933,-0.1103571483067104,-0.0175065398154976,0.0542203048516809,-0.0068179308534742,-0.1573399135044643,-0.0175129854747387,-0.0114463746729495,0.1013547630121751,-0.0269799689552039,-0.090909119158574,0.1185909479052211,0.1999320864772429,-0.0248267809517753,-0.0936463900055777,0.1676233842237923,0.0872335809406057,-0.1048702485488003,-0.0086206414285809,-0.0425655719226708,-0.0988857080964361,0.7675399693216087,0.0284159025989199,-0.257392719374501,-0.2075536952334524,0.0864498237072364,-0.012113869933754,-0.0403001328277518,0.2064356840136358,-0.0734735377828456,-0.2129044424534689,0.0501235467743759,0.029504843047911,-0.0175679216109562,0.1431684945024236,-0.0571428988487302,-0.1069204128478161,0.1337016588558459,0.3005098622546828,-0.0898481859620212,-0.0208877631333149,0.2692422475634144,0.1518014319683109,-0.2047559486598095,0.0077934655146474,0.2011747698951491,0.2317982903508997,0.0047633305143182,-0.0548534369817909,0.072866089407571,0.2257777743869358,-0.2044827691439924,0.171369257070308,-0.2515286370548393,-0.060159706857939,-0.0338374712027504,0.1024649046477816,0.1250336651396915,0.7642983202003149,0.0633001774727017,0.5082872188781564,0.6324473378051154,0.2306808761551944,0.0027647855648558,0.0248459353047305,0.4149400516377719,0.0983470754141826,0.2548368608358162,-0.0074273094501536,0.0873725442325368,0.0071111608434606,-0.2964929271302607,-0.0707193489682025,0.5439407850318485,-0.1248618790518741,0.2415689500810607,0.4291346623347356,-0.1852912508094462,-0.0190265618547665,0.1392866441704134,0.2726358825344677,0.9356068368559916,0.3593245301915383,stop,396,7,33.30694008678326,-0.079918801524392,0.0419889620367026,0.0911601979975368,-1.0,0.5253952916684721,1.140660223360756,2.231777597775032,369,0.5286713503657087,5,0.0622761722606019,0.0427866542090884,-0.091611997084289,0.0,-1.2902563235925064,-0.7615849732268007,0.6924254387651828,0.1328426373231125,35.37333382500543,33.30694008678326,42.65666876898874,1.5871434892926897,0.2060094497093154,-0.0249626164235754,0.0431171809312755,0.5479394579649008,0.75,0.0158333248562283,1.0,0.0304471266078938,2020-02-12,,0,,,False,False,False,,,,,
PDD,Falling Wedge,bullish,1,0.7256076589245779,3,37,555,556,2020-10-08,2020,1,74.0,74.00643188888967,101.7039149516334,69.69051744042244,0.9825968428006469,-8.690986344705998e-05,True,0.1187837961557749,0.1131696241636717,0.0324166650647554,0.0079348190971042,0.0779208376627007,-0.0253104391223265,-0.0519645677714758,-0.1359779210786845,0.0325045531154857,-0.0215226730672859,-0.1040787323487085,0.050282173101334,-0.1001208217936492,-0.0907150509801533,-0.0501010845174078,0.0029194042595768,-0.008166632344058,0.0200510399007061,0.0261358019227231,0.0786006144591582,-0.028505291157311,-0.0884160267429222,0.1375894627727968,0.1860810357171136,0.1888299833038,0.2246163037318613,-0.078971218252744,-0.0606823030194692,0.3946015810060814,-0.0344511947271578,-0.2182227355781488,-0.1745881215322077,-0.162065257196841,-0.0484585735824399,0.0598351206095824,-0.1287324304118196,-0.0065156909397408,-0.0516189904432553,-0.0270786618499155,-0.1115702292612087,0.2475798940724933,-0.1987269414040172,-0.1008535856311698,0.1946230160676558,0.0333756596578784,0.1984762536513428,0.5279729688489758,0.514429698331168,-0.3123623185209225,0.099507428469004,-0.1043278719783639,-0.1540603111723801,0.0389423751443118,-0.0423156024075677,0.015470012258028,0.0446261759059531,-0.0813326922687142,0.0777750935992445,0.1920866409210533,0.2750459869126536,-0.091920856622973,0.0072496805794688,-0.1437931060791016,-0.1269492882825118,-0.1711168778062124,-0.0446275295969657,-0.0972353194349741,-0.1692354692414029,0.5674016613300945,0.977837846085832,0.9075461318467616,0.3816274145102776,0.1352253467075723,0.6993243196076189,0.7872295555877855,0.128902694909814,0.0195608240547051,-0.2367049449056687,-0.1586136371113042,-0.0221733705029644,-0.1468531715706088,-0.161196599649287,-0.1508604545021216,0.1837974258615999,-0.3829979249300296,-0.1401084653802551,0.6548942197692416,0.0036848389608616,-0.0667921007058537,-0.0389420056551044,0.0865972867925544,0.8990577834933903,1.529729688489759,1.4505744505572176,0.0074000040690103,-0.1303998615759275,0.3935647847394152,-0.1504075055602343,-0.172692410439775,0.5439407850318485,0.0254444546169705,-0.2475769116448258,-0.1971754559765076,0.0619484854201566,0.2163818427054309,-0.2413102627009201,-0.157305097633184,-0.3928632139563862,0.496500015258789,-0.2248738544941964,-0.1069355010986329,-0.0277089338678692,0.2095393088369019,-0.1781287505751126,1.5433625924320116,target,574,19,101.7039149516334,0.3743772290761271,0.4920270765149915,0.00459454510663,6.428594284495516,8.448811001959012,0.0788949330204397,6.428594284495516,517,0.7046774868507086,7,0.0782322992071219,-0.0111627800520076,-0.4090196182417436,0.0,-1.548346043267362,-0.8436685564166544,0.3423813923352339,0.1989827098121623,74.00643188888967,69.69051744042244,101.7039149516334,2.977142333984375,0.206384482342421,-0.1290698727944198,0.0405549950342943,0.788742739387585,0.1234573424729144,0.0030748090662497,1.0,0.0337418831442732,2020-10-08,,0,,,False,False,False,,,,,
PDD,Falling Wedge,bullish,1,0.6112265148943211,5,52,710,711,2021-05-21,2021,1,130.7100067138672,129.33424070459864,172.4042245537571,111.06815831903629,1.310085105121134,0.0106372914223915,True,-0.0446026253614346,-0.0510720767368813,0.0354994703443241,0.0593548436318673,-0.021957645878757,-0.0783784512913866,0.0909672050305927,-0.0464997374349874,-0.0084338262319608,0.0440677770135706,-0.1263157625757931,-0.0389648204818299,0.1926816383440701,-0.0002544425691993,-0.0578339162543272,0.0719034258817767,0.0027388968629398,-0.0488557267612431,-0.0464457269901223,-0.100766129840795,0.0125607011051094,-0.2159406795128394,-0.0305589799809851,-0.0212685048266964,-0.032889619998906,0.0068392415784657,0.1039558727599445,-0.0071616067771634,-0.0801010959720135,-0.0261867478397914,-0.0762205654543365,-0.0849416456634315,-0.2874745666417339,0.2797374795626315,-0.1337930745091932,0.1160196519041911,0.0304914929311781,0.040236670280761,-0.0484585735824399,0.1342704990226975,-0.0852963343127275,-0.0206557162246029,0.010241760126824,-0.1195258730158619,0.1141713527783732,-0.0145759158742849,-0.0759697607261833,-0.0877032798318535,0.1127055840554394,-0.1033478717542034,0.2300000190734863,0.4829599672240632,-0.0046401573597674,0.224116111291865,-0.10609970566367,0.1171875650320093,0.1544715663278504,-0.10609970566367,-0.1534615296583907,0.0023110347368426,-0.0067621352593966,0.5294241117075535,0.1991399453828217,0.030269633172876,0.2871509165662822,0.2171861789561624,-0.1919146926626389,0.3551486955565024,-0.1894570372792842,-0.2177339549539464,-0.2539880938654907,0.1186199911187506,0.230031992269623,0.0947093090228492,-0.2570608774068863,-0.0855703768160041,-0.0781384396894279,0.1194934623710397,0.9283677218325104,0.0585062493921808,-0.1894635433424766,-0.1024279476639754,0.3502973237833957,0.0002756636726501,-0.0762471652876953,0.1630275887190095,0.0128236941328385,-0.0105355471415267,-0.161165033729331,-0.0138202624374561,-0.31924012828256,-0.2568581386798219,-0.3921659179303428,-0.4596234515660925,0.4098885631495845,0.5794634641842131,-0.0429904550929893,-0.3788094466510618,0.1571268359373507,-0.1679088697480646,-0.1193852986402287,-0.2116528041805334,0.1088139331512669,-0.423651894452095,-0.1088982118458304,0.0092497591800715,0.9799999292346016,0.2415689500810607,0.8919094982561324,0.7521761529446227,-0.2515106774141349,-0.3036568300412299,-0.1537765349351149,0.7554921755845689,-0.5283383298654523,stop,741,31,111.06815831903629,-0.1502704260265872,0.0948664467872668,0.1659399354043462,-1.0,0.6313048368578006,1.1042754039639615,2.122723737693774,657,0.4984514829431302,7,0.1528474361144647,-0.0991816294368862,-0.459315378551325,0.0204081632653061,-1.0012333494652177,-0.5027818665220857,0.8518892102127368,0.2885750919147051,129.33424070459864,111.06815831903629,172.4042245537571,7.370001111711774,-0.0066757364908804,-0.0410774454031234,0.0570036467973291,-0.0233419812864871,0.0924088752807517,0.0025953918922947,1.0,-0.0043191620702955,2021-05-21,35.0,13,0.3337841236834169,0.1638892678875645,False,False,False,0.0,0.0,0.0,-0.0135798228435362,-0.2819382722862394
PDD,Falling Wedge,bullish,1,0.6403577132819103,5,50,1221,1222,2023-06-02,2023,4,69.12000274658203,59.48211772198101,94.39240807783152,58.6122867156941,3.277637643898528,0.162029957804267,True,0.1009837304713392,0.0972013708008228,-0.0662622489674577,0.0029194042595768,-0.0424787791977564,0.0306393700125839,0.0031818043101916,-0.1418699844944728,0.0007143020629882,0.0634345841351551,-0.0842726607142374,0.0049147359808123,-0.0800578444211718,0.1132843905988087,0.1981889798874589,-0.1023076864389272,-0.0516832935748334,-0.072215220104293,0.0593525048745022,0.1577983720801885,-0.0217866582286917,0.0462914919713457,0.1000944522697507,0.155526614190298,0.1256107602730494,-0.0789607388347954,0.0940094182088679,-0.1135451672601243,-0.0680533741467306,0.0178857401467926,-0.0259259259259259,-0.1148681787909872,0.160497392345152,0.17930997925378,-0.0566362153841587,0.0121974319013171,0.242142342400585,-0.0776911023523174,0.0204666972418134,0.0134853042924467,0.2304584979646342,0.3313952676021103,0.1160196519041911,-0.1112860376267336,0.0229827630036538,0.1158324268931194,0.0313946481874614,-0.0086688763708535,0.225175802382584,-0.0619859628319151,0.0413061972110471,0.2807606651782663,-0.177437134182656,-0.1533157685262669,0.0185437248748483,-0.0496908186687988,-0.0249626916587194,0.2319228658817216,-0.1247787454524294,-0.0323954966407572,0.3099999861283735,0.0391304075404954,0.0118248296918763,0.367478344145913,-0.3351489158586407,-0.1640755892137773,0.4063781214693414,-0.2243868157757271,0.0021774979027224,0.3033853118928811,0.2335815868470798,0.1675126451400275,-0.2868696079045005,0.0392966114382995,-0.0315084999073891,0.4090254675453595,0.3003068749104443,-0.0124927453887272,-0.1391774612739613,0.1743772390377149,-0.1924988536946656,-0.1060786581099145,0.0620459308972867,0.2175609309498856,0.0995625038915206,-0.1425287211471493,-0.1755643487597136,0.3345695216170781,-0.1314266061976113,0.2257777743869358,0.1485533783534995,0.2553631431036601,0.348668945550828,0.2960202188546492,-0.0794444613986544,0.8302149902125644,-0.0044355083909494,-0.0429493425079204,1.388358645337865,0.1562571260245011,0.108567692628684,0.2179877511003112,-0.3370748506922298,-0.0713364767837071,0.0460943465633167,-0.2337199296101485,0.1810740600358256,0.0809004046027677,-0.071622845056971,-0.0418251202686409,-0.0512870133156087,0.5101469437084323,-0.2562433840377638,-0.1410683103402618,0.2392392096602574,target,1281,60,94.39240807783152,0.3656308496385183,0.3952546095084635,0.0393518679487846,2.405128313037777,2.599994100955503,0.2588575112524502,2.405128313037777,1167,0.9445622487836324,6,0.1366912862966417,0.0379969160689495,-0.2594522874271621,0.06,-1.422278782407067,-0.4777165336234333,0.0375176450911521,0.2544902262534801,59.48211772198101,58.6122867156941,94.39240807783152,4.1835708618164045,-0.0635062237575958,0.0276128673590798,0.060160638578339,-0.1523646984459525,0.0681819495419472,0.0318425921876939,1.0,0.0562533967191372,2023-06-02,24.0,14,0.2275507426966461,0.1978716772430602,False,False,False,0.0769230769230769,0.0,0.0,-0.029642548903245,-0.2554079474773354
PDD,Falling Wedge,bullish,1,0.6883973304212706,5,51,1520,1521,2024-08-12,2024,2,143.92999267578125,132.66322375755385,163.19726499658134,119.88721028409248,1.1444305948631095,0.0849275978610151,True,0.0498854186058641,0.0068684324634595,0.0117751786303823,-0.0486150571752819,0.0765900019492951,0.0648704884583468,0.0078521468201468,0.1017468680636142,-0.0169083783972259,0.0217657965582769,-0.0663461159319553,0.0067991524668509,-0.0548273694034822,-0.0019572313407875,-0.0507453329091555,-0.0433669272453793,-0.0451055212475955,0.0305713865419205,-0.0041641107753254,-0.0441558309447713,-0.0212286858852643,-0.0137025990720602,0.0543430256478367,-0.3052177788596055,-0.3504340798772136,-0.0567975751894863,0.1104332476911027,0.2319135204673499,-0.0776911023523174,0.242142342400585,0.0231640853694994,-0.0188003999051961,-0.0720194451183846,0.1118744249526133,-0.0636090156727267,-0.0083333333333333,-0.0168702632630611,-0.0270786618499155,-0.0394203075464221,-0.1466666773745888,-0.0149023135571524,0.0520768875568848,-0.0612141202132549,0.0267584966047507,0.1302632751242451,-0.3214789320991651,-0.3534356819692054,-0.3762861874275854,-0.0652592411747686,0.0691994650483478,0.2996351391036516,-0.1144032455382562,0.5396537709563716,0.5748031384763368,0.0724911774858934,0.0322042103921118,0.311359818868554,0.2871509165662822,0.0439157848887736,-0.2455573452141535,-0.042966761399945,-0.0852049012438691,-0.0884826104193406,-0.0535935532359125,0.0188241249410776,0.0439157848887736,-0.1594343492759941,0.0267302837970786,-0.426684762364756,0.0064615297845895,-0.0651056750387961,0.1080924167097923,-0.1879310607910156,-0.3127278568804488,-0.5664062462038483,-0.2897958910124375,0.0224263057658853,0.1555505935293766,-0.2764416604894232,0.0105180125671158,-0.139179091359013,0.0171984958277602,0.56,-0.3666103935764301,0.1753199946903538,0.0838053205371958,0.1410097516225035,-0.0355670385373899,0.2514285496303015,-0.1525406464189245,0.0737444298264227,0.0428668305127007,-0.1513235062754728,-0.2294901696021233,-0.1233051268451441,0.3880499699946407,-0.2298651762316277,-0.0229104000758073,0.2159881089026019,-0.23199946794806,-0.1189246866793746,0.2689601823775223,0.4493212587932333,-0.1418367502640705,0.2130280539429812,0.1071429293544428,0.1055323307117264,0.4639200717491032,0.0180477323265535,0.6190955697657821,0.4263515375451283,-0.4886342373203239,0.3807198772229472,0.2061001796512538,-0.2765626041241483,stop,1530,10,119.88721028409248,-0.1670449775249268,0.0575975055011366,0.3339817585742037,-1.0,0.3448023781052731,1.9993522913573745,0.801374483489918,1467,0.3429174686924509,6,0.1250842486294067,0.2242249949882271,-0.3787308454040261,0.0,-1.4298094686147995,-1.0868919999223532,1.7446151232159883,0.1275568027909238,132.66322375755385,119.88721028409248,163.19726499658134,4.630713326590401,0.0794343112560882,0.0334277372418891,0.0325030763452923,0.1175870526281581,0.8717540952338488,0.0,1.0,-0.0503267594237497,2024-08-12,2.0,20,0.2530619276614108,0.1538823426097288,False,False,False,0.2105263157894736,1.0,0.0526315789473684,0.0708783279201718,0.3502450167328574
PDD,Falling Wedge,bullish,1,0.8317231133846945,3,21,1580,1581,2024-11-05,2024,1,116.75,120.48279321662176,155.59084869784647,117.17933781941724,0.4677099039312405,-0.0309819611329096,True,-0.0252676398136376,-0.0383361932608102,-0.0016628037623461,0.0293671339436627,-0.0431267287488934,-0.1088302409405758,0.0050209292283716,0.1282386187796349,0.0244610536029237,-0.1495547964631236,-0.0720834981494442,-0.1072982870323986,0.0159051245788719,0.069146133277808,-0.0948663020452451,-0.095980774381071,-0.0050076964997751,-0.073111990509335,0.0310807003727677,0.0237999725341795,-0.0451055212475955,0.0020854738796662,-0.0018914648345417,0.0079657413719553,0.0060987444632669,0.3288851247330491,-0.0273997921090837,-0.1514235235000621,-0.0131989633792237,0.0739473590678805,-0.1578181596235797,-0.0223598609978536,0.2226210853248631,0.0488291141044965,0.1236125530102427,-0.0611518773705073,-0.0929368064884835,0.0870585682834013,-0.0054000091552733,-0.0941969171872105,0.0828880871494743,-0.0411310681447048,0.0681684609582813,-0.0793182199651544,-0.0168702632630611,-0.0056745032004191,-0.1545182091265725,-0.1858487979383493,-0.3492498659354881,0.4359643075735797,-0.0290319505816259,0.0208843000462479,-0.1914841851098156,0.3310579684254291,0.544917865531918,0.1162876027027814,-0.0250585786742266,-0.0731970166522413,0.2636544952439397,-0.3740370488375986,-0.1072617294441194,0.2743373877962518,-0.1515782584137424,0.0216652826717944,0.2352940876478679,0.0781482749760833,0.1872213313179738,-0.1374468214968417,-0.2080725815659809,-0.170706640729557,-0.1787553888866888,-0.0331539754339474,-0.1164450096267453,-0.2736010482457013,-0.2465437615611745,0.1205077749415071,-0.4488850516538152,0.2682059895827597,-0.161165033729331,0.905409457428774,-0.1349778636061499,0.1743458362190089,0.0105481537077796,0.1024649046477816,0.1428813611046742,-0.1088651556882224,0.3657243161824346,0.0632222493489582,-0.1255471174101912,0.0960374701104194,0.465811219622229,-0.2240053765266094,-0.0231263121905113,-0.047915074425456,0.4172999572753906,0.0012853541481421,-0.4391779902715736,0.3692307905717329,0.1328377205651081,-0.0571613481306997,0.2517822043881528,0.0630203726508891,-0.29206894183981,-0.0281330258567078,-0.342255827058057,0.1079812519704175,0.7459895051582719,-0.0341166988539596,-0.0993742885760607,-0.1929163761500016,-0.3535911953647616,0.2084428167922809,-0.075947050313072,0.0140918416609208,-0.0429872658288414,stop,1581,1,117.17933781941724,0.0036774117294837,0.0460813469243507,0.0076231211104791,1.0,12.530918568320976,2.0729582845892094,90.46687000592394,1558,0.8014116136224454,6,0.019594662468318,0.6534833786326917,-0.4514157514446281,0.0,-1.0983734662788724,-0.2969618526564342,0.1289603112591608,0.187460407902197,120.48279321662176,117.17933781941724,155.59084869784647,4.565000806535991,-0.052627444308511,0.0359578855910516,0.0373720896398748,-0.1126043810961719,0.217119147546728,0.0189666424183483,1.0,0.0061586977219523,2024-11-05,2.0,20,0.4053771730177782,0.3511400750983722,False,False,False,0.1578947368421052,0.0,0.0,-0.1837359852156249,-1.0857238994323912
PDD,Falling Wedge,bullish,1,0.7974097215458428,13,100,1936,1937,2026-04-10,2026,11,100.0199966430664,101.1440408513115,140.60306490180983,95.05179241611889,3.0104339778406723,-0.0111133013747939,True,0.0476905062243031,-0.0006259468127709,0.0191366197596247,-0.051814442697368,-0.0029133086863962,-0.161201045706298,0.0236822755284247,-0.0967442120692526,-0.0253104391223265,-0.0266343703147069,0.029898711391701,-0.0089439890269941,-0.1091798069278301,-0.0719109837288841,0.1546230719427059,0.0066666497124567,-0.006486531850454,-0.0213853853401334,-0.1390000343322753,0.0617932420235118,0.0334161589358206,0.1749999905264143,0.0585558977234161,-0.0198960001055696,-0.0738220348628182,0.1999320864772429,-0.0484585735824399,-0.0663755132628201,0.0445261002423265,0.049522459835436,-0.024281205423928,-0.145997873540298,-0.0217316242741241,-0.1335477376172433,0.0058401209016198,-0.170111083984375,-0.0824656196577974,0.0266728952826247,0.0223774434448007,0.0662862996732736,-0.038226994567866,0.0545830970460026,0.0787921900359391,-0.1334582289976937,-0.0373903573184438,-0.0022203941411815,-0.0123974995539603,-0.1012801921599063,-0.0915755188563107,-0.0210658723428753,-0.1249819563987498,0.0904545350508256,0.0254842962351746,0.0170450786654845,0.1574379894969724,0.2818062124475593,-0.02124669338145,0.0018986953331239,0.2623528873219209,-0.304601181973012,0.1387950518479856,-0.1919146926626389,-0.0297837979525509,0.4383202182954611,0.1155889412541015,-0.1245178690196868,-0.1617912399845088,0.0776957976705789,-0.0391675436063305,-0.1739651517743835,-0.2652096879471451,-0.029986305681409,-0.0487973057147317,-0.040474870958901,0.4796379748790969,-0.0355587843430522,0.2336842242936443,0.0809886729989468,-0.0152239439837009,0.2784550336734455,0.0959726012978687,0.3242446967514394,0.4007951231656657,0.2604229588681144,-0.0796511139002162,0.2806833734798737,0.2257777743869358,0.1853244538026393,-0.2496875127156576,-0.0287128664257364,0.2362712278204448,-0.301673422359119,-0.1527694390335306,-0.2559718809662857,0.0960189313120185,-0.1338443990691321,0.0311238614585533,0.0221572696383796,-0.2707797226330325,-0.0231263121905113,0.2260048145020883,-0.2935971693178792,0.1758888009209045,0.1784037717146884,-0.0710823995400795,-0.3679639909266891,0.0305802760781817,-0.0656716786961121,1.2228442155501766,0.1949382792530916,0.2416864100043787,0.1224444071451822,0.3114035247587536,0.191728833051809,-0.2437273251842692,stop,1961,25,95.05179241611889,-0.049672109515032,0.0820836531635329,0.0620875754138823,-1.0,1.6525099087787334,1.249948432230224,8.168558779975449,1825,0.791934483822741,6,0.0916036651276772,0.3485692221325913,0.0180757214601761,0.0,-1.2180858684357232,-0.4261513846129805,0.2374761044240017,0.229913104816183,101.1440408513115,95.05179241611889,140.60306490180983,3.919285910470142,-0.1313562607315888,-0.019100964514312,0.0391263450345674,-0.2511774316391556,0.0658214449891292,0.0072586592338546,1.0,0.0229042914627675,2026-04-10,46.0,9,0.3212501130322656,0.2714752804808993,False,True,False,0.125,0.0,0.0,-0.0497943866628118,-0.1715152082422144
CCEP,Falling Wedge,bullish,1,0.6251381740473239,3,39,1046,1047,2020-11-11,2020,2,33.76530366498769,30.850060099737817,37.707743845127055,28.769187461380724,4.520009606357662,0.0944971762072726,True,0.0764648976559407,0.074496151902802,-0.0197930885675979,-0.0034836903283254,-0.0064393902746826,0.0425697056935767,-0.024580598799515,-0.008467648365164,-0.024707422797814,0.0190693762054137,-0.0020669821147478,0.011201878108535,0.0352630510959284,0.0312876618441022,-0.0057914777554884,0.0752758940245934,0.0019097232638563,0.0297121785438529,-0.0013283768374633,-0.0159656214937088,-0.0151469950403656,-0.0052434941197229,0.0708011635416776,0.1244311351298841,0.10451994899843,-0.0531714951865347,0.0296739946549731,-0.0063249654477148,0.0121877089578441,0.0542091039866254,0.0773896346417006,0.0421112358187163,-0.040434137645231,-0.0302248833017932,0.0005182519471502,0.1228155505491102,-0.0012040037815335,0.0004123190710461,-0.0510793076950173,-0.0347729945458903,0.0366439050911215,0.1239875113880939,-0.0032543658522468,0.0019591579256963,-0.0057987735882759,0.1106489627804921,0.1968856672750207,0.1655282111331639,-0.0445532115991865,0.0772158714387205,0.0365664380173671,-0.0628229083765402,-0.0052421264647976,0.0291336729343596,0.204314264498622,0.0281356795319749,-0.0687389682446384,0.0129362925700926,-0.0635331126188158,0.0166674124178003,0.0267079300131736,0.0471120337271224,0.0598440994797258,0.0096839020724714,-0.15558759012654,0.1051750654809586,0.0300185316307279,0.0957283167309868,0.1779475876193415,0.2658053800910889,0.1962730837307758,-0.0148890065594317,0.0044171002875779,0.0367565689595956,-0.0484617040774836,-0.0130346762210232,0.0762548939865415,0.224034220092208,0.0677738564770025,0.0021923425471137,0.179192259920226,0.1012954485952255,0.0662158588534069,0.088240832795394,-0.1097421666253604,-0.0698818548555895,-0.0049423104334899,-0.0443295672768587,-0.060730827351793,-0.037179549903524,-0.0001820934073017,0.2436553988009671,0.2907984552775686,0.1886171106226939,-0.0265688128563668,0.1068097633994544,0.181273645486196,-0.0272425487483881,0.0828906982535271,0.062208602787098,0.1825460727546728,-0.1098752103856142,-0.1837220004821088,0.1098333719631776,0.0871903533133129,-0.0456069928076644,0.1142728922838001,-0.0756713748334286,0.0490925699423698,0.0196501373264093,-0.1483478058109665,0.1398193967057444,0.0039942000941237,-0.1847998213350484,0.2739110984250536,target,1055,9,37.707743845127055,0.1167600984506294,0.1330146321747716,0.0302657891638246,0.7891009775339299,0.8989541604387243,0.2045455950442553,0.7891009775339299,1005,0.5893560941836817,6,0.1893197617661073,0.0957677151146845,0.3153293901898351,0.0256410256410256,-1.2688080686142682,-0.6794519744305898,0.653260200369296,0.1398909138773741,30.850060099737817,28.769187461380724,37.707743845127055,1.5910571468416848,-0.0274075182300771,0.009727975456317,0.0476486731271557,0.1179414584592664,0.3636354628797062,-0.0078623761230015,1.0,0.0251199467544174,2020-11-11,37.0,8,0.160664637554305,0.0782759527846321,False,False,False,0.0,0.0,0.0,0.0233394541988384,0.5800874838813654
CCEP,Falling Wedge,bullish,1,0.6248235604343333,3,50,1290,1291,2021-11-01,2021,0,45.82606070760358,45.64676795820958,53.862320784072864,44.04931227098517,0.8131067178379076,0.0039278301052583,True,0.0212055749874129,0.0022798161722561,0.0329317545933878,-0.0119493858043504,0.009646457132423,-0.0024643973004155,0.0195928961125078,0.0409482900495885,0.0114210352287709,-0.0100148571289048,-0.0098789592975201,0.0496597950322004,-0.0223696223418027,0.0241399115912575,-0.0023148054144002,0.0162150557209703,-0.044897215211253,-0.0730244777822776,-0.004868557998655,0.0332345462646685,-0.0144036786734839,-0.0126827435666275,0.0197595229271087,0.0420389588594003,0.026372571511541,0.0606204321106604,0.0004123190710461,0.0182084959144477,0.0263732520177439,-0.0019657879519552,-0.0425175071782835,-0.109862965285436,-0.0033399169495806,0.0200938522338334,0.0462211687876157,-0.0143140070478116,-0.0115981478864524,0.0051660671063287,0.0383165736232387,-0.0190646247074203,-0.0103092074132741,0.0130917749965833,0.0403362062232659,-0.0767456306371011,-0.0577743703456352,0.0459715600253096,-0.0540730380282302,-0.04394741293731,0.0109869850028996,-0.0146879735686636,-0.1041287950102098,0.0603580532415339,-0.0130709216993865,0.1227136901308179,-0.0734731399965944,-0.0008649480861415,-0.1108068270909213,0.0713654798805227,0.0059307256464069,0.150053972204557,-0.0152876152280574,0.0145810666675196,-0.0124356723859538,-0.0997177756260235,0.0368040329496566,0.1589956842030007,0.0061919843975331,-0.0012281423535926,-0.0636870311921754,0.0760229834371504,0.0348741344763923,0.0310717921083534,-0.0083296142124894,-0.0098299101886561,0.1173437669057015,-0.0119908842241577,-0.0099331821822377,0.1287459813691895,0.0962267118253055,0.1214270056463635,0.1077784698210424,0.0742347339192455,-0.0198037414082755,0.0602958922315222,0.0489130147386844,-0.1667547597343073,-0.0139334716866234,0.0501383684908762,0.0501383684908762,-0.018278382602086,0.1618227967146905,0.0365588356359995,0.0672094678053003,0.1268874120104943,-0.0515989767069756,0.0419871631064721,-0.0128150382878136,0.0978130134256072,-0.0235151893973249,0.1819178949568103,-0.1119126339371204,0.1385038201461699,0.094693329166289,0.0740369153367548,0.053986710320701,0.1029231800043679,-0.1116564125101474,0.0957878465903196,-0.0286111706654642,0.1157819667827435,0.0650920849805887,0.0823324316893769,-0.1055180106806937,0.074865714041187,0.0285047358872079,stop,1309,19,44.04931227098517,-0.0387715725328232,0.0816592825898626,0.0398946681167681,-1.0,2.106163801345214,1.0289669856179844,4.5230151386902335,1240,0.6448823512948436,5,0.0199875528391548,-0.0914331244742872,-0.2436486888176003,0.0,-1.31204423165499,-0.6671618803601431,0.3956033967946405,0.1165167004841971,45.64676795820958,44.04931227098517,53.862320784072864,0.88529944903798,-0.0459770104540202,-0.0433091614913714,0.0193115053891935,-0.0351632627943175,0.9618297714969606,-0.0005698796461806,1.0,0.0732548964936383,2021-11-01,57.0,11,-0.0495635061145631,-0.0002766939684223,False,False,False,0.3,1.0,0.1,-0.0181950682632754,-0.388233054444041
CCEP,Falling Wedge,bullish,1,0.620044291243671,3,42,2051,2052,2024-11-11,2024,1,73.07025896879964,73.34151768673314,78.36622095198484,70.74782653156478,1.6710570284122224,-0.0036985697390684,True,0.0030577001838969,0.0206462176025372,0.0307578654419518,-0.0695669737523381,0.0409482900495885,-0.0029979960518692,-0.0344596194482539,-0.024355941025699,0.0475127552329166,0.0284059448146951,0.0145641678147605,-0.0140108651323573,-0.010796737269786,0.0019531727321533,-0.0467012694684947,0.0122680443223535,0.0113668429101216,-0.0376138624401272,0.014193906926756,0.0271915248761556,-0.0280216709230378,0.0168965629896469,0.0041809930539401,0.0308947113823385,0.0328153577547983,-0.0132695483894641,-0.0185790803084866,0.036129212685275,0.0210062147454159,-0.0767456306371011,-0.0532961967427741,0.0540471634759178,-0.0017742705526793,0.0533894068431541,-0.0290129753262442,0.0178581873173153,0.0535888338163232,0.0844211677780271,0.0448276465729842,-0.000382884105497,0.0145807472322982,-0.078856382950212,-0.0026159556368519,-0.0302248833017932,0.0535888338163232,0.024460731065742,0.0454069022636001,0.0385248080790927,0.0400571169771519,0.0667505808045194,0.0755277121473387,-0.0276299150938029,0.0059838781766374,0.1043488911101377,0.0416668564067226,0.0456045187075571,0.0061532009724634,0.0386845016887713,-0.0424492594495067,0.0351748821939632,0.1324843728227522,-0.0842238012911344,0.2872205003578532,0.0394510531725509,0.0324616873117076,0.0107528059841921,0.1001106642372018,0.0894137199451876,-0.0044702960955131,-0.0275498771346558,-0.0004297914446833,0.0757952861080455,0.1050209451693966,0.1061989508016671,-0.1039399985537595,0.0302736201823883,-0.0349783577105211,0.0845568310881479,-0.0095199352724127,0.0313874081854941,0.1008793435719892,-0.2265418473860939,-0.006424628950571,0.0974550849198265,0.0413533021901846,0.0222173168162114,0.1160628803782801,0.1098715755212678,0.0439223273522579,0.1014437155742906,0.1991140081290678,-0.0717572685404137,0.0609744872410398,0.0472680477870239,0.0843790988782788,0.1512522698834282,0.0567784214840179,0.0164995133681289,-0.087606138162124,-0.0904368819629517,0.0227994367447417,0.0588707479345731,0.1765390745698811,-0.3306773832121811,0.1653194123440753,0.1560607326967005,0.103897553659968,0.0792800441533736,0.0025737769355274,0.1722596617266498,0.0553192523162215,-0.0373933919328702,0.0997384455773222,0.0612134362903686,0.0151411330763833,time,2111,60,77.52568054199219,0.0609744872410398,0.0637449880622586,0.0316396818129853,1.918428928979864,2.0055966800128107,0.9954734125733664,2.280351367073876,2008,0.3740823075929032,5,0.142319342329679,0.0764856444253878,-0.2310369921929805,0.0,-1.1203257885839335,-0.7462434809910267,1.5459128460503984,0.0566852948665193,73.34151768673314,70.74782653156478,78.36622095198484,1.3286856033501928,0.048643427368614,-0.01868394254018,0.0181954677006148,0.0349181181191571,0.049645044694067,-0.004621850663477,1.0,0.0247126360813185,2024-11-11,53.0,9,0.0005375884646161,-0.0016441388645533,False,False,False,0.25,0.0,0.0,0.0059142592233031,-0.4170250869526847
CCEP,Falling Wedge,bullish,1,0.6645012574875827,3,37,2255,2256,2025-09-08,2025,1,87.61065079124157,85.56803710562201,100.94911792271375,83.75545833164841,1.0883824860615383,0.0238712228854593,True,-0.0138965433068598,-0.0322949934255292,-0.0061919369716536,0.0215572118528157,0.0398638942362126,0.0034931373647173,-0.0074713609269549,0.0326536990250039,0.0156250865437339,0.0056462622190887,0.0143272127926765,0.0227626418509678,0.0099089461899035,0.0036119623272303,0.0335869482558537,-0.0593034937092317,-0.0306068054298479,-0.0197526930204231,0.0356606721439278,-0.0161575660393274,0.0369156520509286,-0.0117133691296531,-0.0201173483881582,-0.0155640948495029,-0.0459488124083439,-0.0216039122594802,0.0178899156489331,0.041833769766848,0.0064278737660949,0.0173953642184963,-0.016122378725523,0.0347976552189546,-0.0202986347532768,0.0041436878256513,-0.0109046062800263,0.0406389066168773,0.0192836228146082,-0.0289426849419539,-0.0010288453187532,0.0345370982241484,0.0111287656421328,0.0509187497753456,0.0083788066792509,-0.0054122570970475,0.048509867223127,-0.0271426330517233,-0.0255695782712758,-0.0633248280735733,-0.4178617562278519,0.01878275954287,0.1048067632295794,-0.0699211250714141,0.0061532009724634,0.0015590974044716,0.0399531243662616,-0.0628229083765402,-0.0193446336112517,0.1036877648016052,0.0524984445666285,0.0297863885337101,0.0007158687848718,-0.1060452071996732,0.005953983504636,-0.082246613893377,-0.0842167010733015,0.0951616191681568,-0.1366377768571639,-0.125653007121132,0.0067149574565467,-0.0416897656812348,-0.0975700015343162,-0.0409069291986311,0.0575027360761162,-0.0200738321223077,-0.0434450437280882,0.2048193267410991,-0.0268065715054499,-0.0148890065594317,0.0749913529150096,-0.1817551701539783,-0.0612515054911245,-0.037911060160211,0.0875459415631705,0.0558344512347734,0.1360117642585794,-0.0079652129341072,-0.0525491970821407,0.0226883672755449,-0.0116442841036156,0.0796919531298225,0.0625371323320507,-0.0558110263055888,0.0440838990114134,-0.0089996044998759,0.1060377820434446,0.1063280074536807,0.0845035348536042,0.0107467496828814,-0.0656432547095956,0.0440838990114134,0.0519464543851146,0.1441309475494732,0.1756529310513817,-0.0230970684644765,0.0362318920561448,-0.0479956441864148,-0.0348674731963927,0.078726533298266,0.0188139804019578,0.1125967129716567,-0.0409891502507401,-0.0038560680510663,-0.0855250880585779,0.1307811904429732,0.0041535555971769,stop,2296,41,83.75545833164841,-0.044003696180494,0.034241320195971,0.0470259566358,-1.0,0.7781464551414098,1.0686819680535302,3.4598706215771693,2217,0.7778486926665089,7,0.1219572633644592,0.0559883116077004,0.0019861962473965,0.0277777777777777,-1.4264303846801445,-0.6485816920136339,0.2161053362488756,0.1119445653459884,85.56803710562201,83.75545833164841,100.94911792271375,1.3413287446113458,0.049837406531012,-0.038992666602432,0.0152829235326954,0.1048925197008077,0.9257804467359084,-0.0012375570942357,1.0,0.018283800401563,2025-09-08,49.0,8,0.0850471845801599,0.0829239003358461,False,False,False,0.0,0.0,0.0,-0.065807093412482,-1.5652583259524009
CCEP,Falling Wedge,bullish,1,0.6819098159806215,3,19,2431,2432,2026-05-20,2026,2,93.12000274658205,90.33501006189022,102.17853147961272,88.6091692495072,1.582272714419914,0.0308296050754162,True,-0.0089132496410408,-0.0305204874956084,-0.0156813273047687,0.0195928961125078,-0.0028568516655069,0.0009422768270503,0.0317698541970594,0.0533906495425902,-0.0112608109808429,-0.0053256459878939,-0.0237080797729961,-0.0063592379372741,0.0170280265165643,-0.0059189815214222,-0.0254222890573706,0.0380953390510943,-0.0291583933294962,0.0158574178130297,0.0233177657837022,0.0288074221070226,0.0570875944113558,0.0215369973255734,-0.0179999807475398,-0.0118127799728401,-0.0367911336466141,-0.0302759831147516,-0.0264576158528152,0.0565925507978628,-0.085220921358816,0.029645955525835,0.0019591579256963,0.0507912089011275,-0.0197368095396526,-0.1197619707697194,0.0250243564257912,0.049183865251116,-0.039988999900635,0.0068442941312309,-0.0994873316601742,0.1126055446513629,0.074888131329617,0.037310273166641,-0.1011092601585954,0.0158633131732215,0.0411875019109244,-0.0108056430146035,0.0409149210289685,0.0273443629764602,-0.223457077191259,-0.0346006924467042,0.1178471899351725,0.0088878392441744,-0.0159411118206349,-0.0496192089449883,0.1061635566592684,0.0067741284763589,-0.0629465495264399,0.1164867941343641,-0.0098842812487301,-0.0294857386800984,-0.3518652822644014,-0.0071250602599221,-0.098363861689479,-0.0017181803476212,-0.0168202554122069,-0.0763304724897893,0.0938245914503055,0.0277581499338546,0.0659356971534073,0.1398195474553321,0.1325605115370574,0.0467196463901298,0.0561059786446165,0.1007295033947137,0.1200518561766426,-0.0628174759746693,0.008610007378567,0.0359378712794209,0.2149235106800282,0.1013364710803454,-0.0731603605747618,-0.0561460717243972,0.0869145314443455,0.1210891842763401,0.0913461560170996,-0.0816728997525872,-0.2686346510956416,-0.0105149194879562,-0.0285567157795301,0.0641903889240675,0.0613411263148888,0.1134298905747489,0.1336984168924881,0.0849323724720405,0.0834541593320408,0.1599582200519766,-0.0919389976677106,-0.1408527384478894,0.1767089341377969,0.0953992008947999,-0.1752389434511371,0.0992667568801253,0.0270551834674779,0.0504003296467887,0.0084196082705993,0.2911650934659044,-0.1209384823714306,0.0504003296467887,0.1312324762946279,-0.159315091089558,-0.1010770085617297,0.0739342941512786,0.1730601229699395,-0.1464074623738942,0.1094641176301484,target,2457,26,102.17853147961272,0.0972780118755223,0.1032001753318707,0.0416667178734048,2.00817182432136,2.130426808389932,0.8601525384008514,2.00817182432136,2410,0.7439620558552755,5,0.0994550524663605,0.0355330684807932,-0.0631536881320554,0.0,-1.3958689732163068,-0.6519069173610139,0.2734095960895502,0.0847308687129873,90.33501006189022,88.6091692495072,102.17853147961272,2.173429108032871,0.0208256341724255,-0.0075140507178962,0.0233000550651299,0.0475158930070769,0.7602996896805898,-0.0010885964887508,1.0,0.0422378170385209,2026-05-20,7.0,20,0.0244671250979975,-0.0147253264844323,False,False,False,0.1052631578947368,1.0,0.0526315789473684,-0.0311170699146853,-0.8812418380081131
SHOP,Falling Wedge,bullish,1,0.7454395325725091,3,28,1327,1328,2021-12-23,2021,2,144.36099243164062,132.9691855690694,190.73266324129963,126.23576985531544,1.0649076070869803,0.0856725324278524,True,-0.0458710757456894,-0.0520143671095232,-0.0182199419709998,0.0010831935042716,-0.0154824655977366,-0.0565177504761965,-0.0158141899947579,-0.0284457747869377,0.0596177471573289,0.0563725547486202,0.0322559411682528,0.1303824736652636,-0.0984473795124455,0.0155360661076771,0.0592809399980738,0.0426881766937861,-0.0154016993226533,0.0145555697590111,-0.1242620249479564,0.0675037966807168,0.0515068420467574,0.037776835928331,-0.0556695212881098,-0.2072096754178962,-0.1945628574222377,0.0505506879659756,0.1204977363082417,-0.1111615478532338,-0.0281052977685801,0.0017708636508328,0.0838336306010469,-0.0646616482202667,0.084271089502361,0.0140988932582628,0.1429573244784354,-0.0265694219292622,-0.0196134990843798,-0.025744692399569,0.1478396822470358,-0.1265362388696042,-0.0039847384469118,-0.0344586773216508,0.1147068640615323,0.0519481275471311,0.0350136431021765,-0.2275423144593749,-0.3499005691036801,-0.2816465509306715,0.1042551100071424,-0.0314085357336929,-0.0104821975249786,-0.1176404631539677,-0.1347769878576363,0.0658064103919258,-0.2191884908113464,-0.0238209064577371,-0.0084202067354991,-0.4655650266495711,-0.0566208166436038,0.0931977758080999,0.0666171177768781,-0.0072681275078818,-0.0635400460695401,0.2093789071505665,-0.0742695044118462,0.136616270608886,-0.1240657602879935,-0.0185090280838198,-0.3159153437943994,-0.5662540131206081,-0.4762441508395588,-0.3292903284872731,0.1466197046981019,-0.1139097086619139,0.3566079762340985,-0.0012335612982323,0.204055028554474,0.159784851070855,-0.1301819678298181,0.0031407154833698,0.2003511233771935,-0.2404386090182809,-0.0093243498326337,0.0698006053114905,0.4659527155358021,0.3623931487383907,1.2133921299310586,0.2188486055617156,0.1852891013911726,0.1402730322278551,0.0035151006761038,-0.7115362788037846,-0.4963944541088414,-0.4517532910199826,0.1274207696365552,0.2313121903809294,0.4541816376788092,0.057777828640408,0.2511584429466889,0.2517843920310885,-0.1503549825470822,0.4674390679337441,0.1917621662677304,0.2373961234643202,0.7108976108821359,0.3945677539832661,-0.177914132886363,0.2589918233472981,0.1671971602824946,0.0115004095264796,-0.0306477679114755,0.1646289797262441,0.4539230370031528,-0.6037312162095043,-0.6698590188176874,stop,1334,7,126.23576985531544,-0.1255548487927447,0.0092753900762743,0.1609610434250989,-1.0,0.0738752040678685,1.2819978278242348,2.5584055927803475,1297,0.8162471932618438,5,0.0078251257134203,0.1209977012598684,0.0212979706650593,0.0,-1.269967601484193,-0.4537204082223478,0.1813648147839736,0.2975561684685809,132.9691855690694,126.23576985531544,190.73266324129963,7.78523472377232,0.0441321363371414,-0.032054843972498,0.0540892970785156,-0.023216235448885,0.931826412434528,0.0031537744476985,1.0,0.0059931566803486,2021-12-23,37.0,14,0.0525976705266082,0.0540100350609349,False,True,False,0.3846153846153846,1.0,0.0769230769230769,-0.1143020992721653,-1.8717978806815496
SHOP,Falling Wedge,bullish,1,0.6191561645433487,3,35,1592,1593,2023-01-13,2023,0,39.18999862670898,37.33285721125702,46.74418034960468,32.247239403520524,1.4369105832131055,0.0497454937601713,True,0.1237561229592125,0.1183608516203189,0.0047271401107573,-0.0113533153253749,0.0062548516800757,0.0407839243639249,0.0509632211064066,-0.0651531454793077,-0.0463040439815266,0.2426827226641641,0.038192895876673,-0.0077998920341919,-0.0627412837794503,-0.1062394281885189,-0.0385961134736502,-0.1649550514248176,0.0635675844741445,0.0372441863298775,0.1908386267154607,-0.0137641257255708,-0.03474707796524,0.1329898897932682,0.1109265446723573,0.2041337147316917,0.1988386414615732,0.1629132231331092,-0.0558828000758815,0.0548032726122893,0.0200417880582823,-0.0522826824856769,0.2221092803293469,0.1099130322609349,-0.0503063170132547,0.0133507576354192,-0.0128541814955641,-0.0506765386461194,-0.0343232231779085,0.1910788158742145,0.0934276353460941,0.0630116703827241,0.0705306072624363,0.0548704100000274,-0.0635387513087429,0.0223521189902202,-0.1198985459379894,0.1722017361444937,0.2426640078968813,0.2066524997990486,-0.0171733105081102,0.0819429779310505,-0.0821686055884437,0.0721139102152954,-0.1566571184014218,0.0473141468345879,-0.2195399561829312,0.1193809918375838,0.0026901725050314,0.0730693550532681,-0.0672372649254896,0.121469230157108,-0.1283717856124848,0.1168465650110841,0.3980729856192224,-0.1424333033551565,-0.076897649481745,0.0060975843777908,0.3162189733966014,0.1010965420040519,0.2143722858525367,0.1176320686883038,0.1345715155494823,0.0408451024805496,-0.1181267189734891,-0.0605002976174777,0.3798814957893506,0.0029107341431919,-0.2634146146131055,0.0498180499486997,0.0937195543828721,-0.1011345518530471,0.1035856081050088,0.3559746557283525,0.3732911121996141,0.098084614019025,0.0472969112513605,-0.1489663687205654,0.2290828775360263,0.3906570232141335,0.023945226895035,0.042680797543265,-0.0939697920025713,0.0453489977154924,0.1559071402004961,0.1279830018855825,-0.2611853096904886,-0.2296553542365474,0.3438603546598393,-0.0111567495305877,-0.0242695637114713,0.4590066001094492,0.1783965104625191,0.4701885311216267,0.0303582502403878,-0.0165869362499604,0.0645912507912138,0.0654664903401063,0.3944824967830775,0.1216609218863928,-0.0412645674495635,-0.0898897632945847,-0.580566660563151,-0.1154153139014519,-0.1071240265349905,-0.0243568057143476,0.1245801224246227,target,1599,7,46.74418034960468,0.1927578971066188,0.2316918129429696,0.0326613632087375,1.088066211149182,1.3078376390654545,0.1843645643106473,1.088066211149182,1557,0.4859948238519302,6,0.1862875081209606,0.3338373444861906,-0.3393236642540824,0.03125,-0.7397113118784387,-0.2537164880265088,0.8224767883209811,0.3194136805682238,37.33285721125702,32.247239403520524,46.74418034960468,1.8661433628627235,0.044630330441223,0.0591189178587578,0.0479851733646322,0.2436840044878503,0.9470587575312188,-0.0261153190507712,1.0,0.00232818889911,2023-01-13,24.0,14,0.0430290318077803,-0.0205334199910007,False,False,False,0.4615384615384615,6.0,0.4615384615384615,0.0523640085891269,0.7219492150416024
SHOP,Falling Wedge,bullish,1,0.734356467884303,5,64,1919,1920,2024-05-03,2024,0,75.0,74.30111016167541,93.69074051468463,66.0745611613462,0.9331108011919188,0.009406182987089,True,-0.2141333516438802,-0.2279339707482227,-0.1860076266264165,0.0078814624961878,-0.2165906254930228,0.0106113731560208,0.0311119443322329,-0.0048052304750912,0.0272229916427024,0.015467287386208,-0.0355489042237869,-0.0256645969149482,-0.0629851483348208,0.1162931158269939,0.0816993436892525,0.0813345810920622,0.0422616504802018,-0.0483666815605807,-0.0884661687375549,-0.0346873462956434,0.0632086712381112,-0.0458710757456894,-0.2005383024905012,-0.2196000162760415,-0.2501594768317353,-0.0531004917846358,0.0176753197907599,0.1681500657810974,0.2404619119434456,0.0426046681958574,0.0501430723704456,-0.0021519237743031,0.0365021156224243,0.119612710220722,-0.1592656171989276,-0.0783734198269587,-0.1056884421887509,-0.0872347776239881,0.0483300438085336,-0.0770893475017577,0.2917577134137834,-0.0263715523479485,0.0984251974272514,0.0072028903971892,-0.1017511787610733,-0.2410919641741998,-0.2039999898274739,-0.2313478327291899,0.1009588879506089,0.0497351476133531,0.0825912190795661,0.2074537048948981,0.0437810633861042,-0.0446510819450653,0.1768611023817827,-0.1102666854858398,0.3828271595398229,0.02495238894508,-0.0757017904872418,-0.3475602603127771,-0.3475602603127771,0.0185011701494577,0.1803333830384839,0.0185011701494577,0.102983815147255,0.0366597912975192,0.022719764829421,0.059031812331473,-0.233107564937003,-0.1192000325520833,-0.1912800494207055,0.1764209954845434,-0.0178598292694989,0.1753879204362343,0.2870148751365151,0.0712374310348336,-0.0358389312798737,-0.434236543936205,-0.0922941643414381,0.2386425289558711,-0.1454670813647645,1.051315709164268,0.3748217162653497,-0.5041424821317466,-0.1915513926132274,0.1707080926087487,-0.0770531551535751,-0.2779163381612314,0.072350638872713,0.4818202342526518,-0.0552643822403031,-0.1826048246380766,-0.183999989827474,-0.259594936339125,0.2896012874816056,-0.0486358950781811,0.5117810912745082,0.0941335693787299,-0.0013391094468103,-0.0431314279562929,-0.2231338980997192,-0.1318237755982739,0.3316269412711747,0.0372981113617567,0.4131408249885644,0.534138106388157,0.510716699328787,0.2372431769069456,0.3095093470833769,0.2654147733971679,-0.1033088175139486,0.439848866450343,-0.1146183825597689,-0.1955363371214826,-0.339646247424306,stop,1922,3,66.0745611613462,-0.1190058511820507,0.0376666259765625,0.1914666748046875,-1.0,0.3165107060067281,1.6088845456160716,2.094097651954076,1855,0.4285938887972443,5,0.0069547885755386,0.1403091945999126,-0.4117212752062353,0.0,-0.8680231056705685,-0.439429216873319,0.8592775604809688,0.2320170203094042,74.30111016167541,66.0745611613462,93.69074051468463,2.7051418849400117,0.0884532597626566,-0.0033969757151904,0.0363301358877416,0.5261323567791916,0.7692317366097815,0.024722205268012,1.0,-0.0137721753393216,2024-05-03,2.0,20,0.688389651110447,0.2943461228687059,False,False,False,0.0526315789473684,1.0,0.0526315789473684,-0.0208340198670287,-0.0689391749096597
ARM,Falling Wedge,bullish,1,0.8336717868739189,3,58,589,590,2026-01-21,2026,0,120.70500183105467,107.1334600568034,182.42192634486992,98.94134325390668,2.5211766105800497,0.1266788337374287,True,-0.0890187033145595,-0.0970928224295228,-0.116827746944617,-0.0884563266830956,-0.0172893907146336,-0.0039928531804218,0.0449469085790339,0.0407542565611895,0.0092215238854622,0.0341979392441542,0.0414754983968841,0.1195939199623736,-0.0560150146484376,-0.0050771755394167,0.0355839499203898,0.0830372877515626,0.2850963941775988,-0.0708949463840588,0.6018284364816409,0.0264557456714187,-0.0350714547293526,-0.1274244298817649,-0.129075829410855,-0.1309390668606865,-0.1256335480416514,0.1180621860990907,0.0693700155175343,-0.0916979986872135,0.1402946590999136,0.0189623032505734,-0.0549003821800839,-0.2230755030459663,0.0666412805451792,0.1523946265501197,-0.1646569685961609,0.0625994225566299,-0.0743884628625224,0.3228426705762215,0.124404270906328,0.0069950330533743,-0.290505935378319,0.2149037394681612,-0.1855091301245055,0.0545201199069769,0.0484180040051271,-0.1467227643937095,0.0515720009915907,0.0593563604848708,-0.0872705016328551,0.4501414748857606,0.1534511385458195,0.0776923252986026,-0.1467004377152406,-0.0775919431651139,-0.3733429012619601,0.1328731393585982,0.2750667302669025,0.1152021602485178,0.1830803316077518,0.2959936020681528,-0.1350210753986218,-0.2438006059402987,0.5864627561335274,0.119135697958878,-0.0261354484406125,-0.1236385959859948,-0.1375309633235423,-0.0142040880292828,0.0003788612176413,0.0755147289250028,0.1190750149314252,0.9068973474012264,-0.0969635796084907,-0.0703895866096794,0.1615563774851045,0.0184265587035825,-0.3454205759589174,0.3411021753079155,0.1140393288403747,0.1418032728170351,-0.1234339237213978,0.2861341529307857,0.088077136531077,0.060915449975242,0.0636800537109374,-0.1587343079063585,0.1884000244140624,0.5315153718472205,0.3753955068902213,-0.0290517293482752,-0.0810666910807292,-0.0431293892060439,0.3813014638855105,0.349077927277938,1.2071985902694058,0.8995026813768516,0.4344212347400515,0.1329449667987674,-0.457097758843994,0.8155092872390042,0.3929632581449265,0.4288312505679272,0.2730380282656865,-0.228575077443922,0.4131327313491506,0.2934386965785573,0.3924244427142445,0.6759614975494765,0.7877000427246095,-0.2207410933073107,0.2375713893345423,0.7980323182993869,-0.0808635925207678,1.1651013040685592,-0.036723246009747,time,649,60,166.72999572753906,0.3813014638855105,0.3947227003827688,0.1713682521370583,2.114763642947925,2.189200133955811,0.9504378647856416,2.835778933722956,531,0.7605750167390147,6,0.0408042441264324,0.2663593849880563,0.2360547327028623,0.0,-1.5665831029607462,-0.8060080862217305,0.2241192022720575,0.2505017160297983,107.1334600568034,98.94134325390668,182.42192634486992,5.064428056989395,-0.1700575373938087,-0.0942210624595788,0.0444560054282897,-0.2720766890163237,0.4585012701308995,0.0364374250817933,1.0,0.0070673563507306,2026-01-21,26.0,18,0.3176824844135346,0.2424805717032152,False,False,False,0.1176470588235294,1.0,0.0588235294117647,-0.0870104553538682,-0.4287849176699334
RKLB,Falling Wedge,bullish,1,0.8716949844463493,3,39,105,106,2021-04-28,2021,2,10.68000030517578,10.606206846026849,14.997312266178607,10.157000382741288,0.5975515331344383,0.0069575730720898,True,-0.0383894977243972,-0.027517003185885,-0.0450450434969981,0.0378947341651247,-0.0224439270451082,0.0235198201517239,-0.0909091295444131,0.0099750522618251,0.062448473417574,-0.0302267312626871,0.058994443135679,-0.0235293900795748,-0.0494684844547181,0.0244399931009136,-0.0375188872538213,-0.0282132134713221,0.0227272505602564,-0.1036144715363267,0.0604831981469669,0.0191846336312668,0.0147651189705539,0.4765133572372357,-0.0573883375561048,-0.0711610680866293,-0.0356881104820512,-0.0386388221956593,-0.0472727688876065,0.2260326466316935,0.0729411630069507,-0.2050561884289032,-0.0328329674301428,-0.0790698029274166,0.1441717674754727,-0.0019102633480015,0.1512194878001209,-0.1299187008450807,0.1492270442602339,0.0140186775323143,-0.001906530460031,0.0168212046887645,-0.0531177882508203,-0.1024734875163018,-0.0479787361389141,0.100244457730078,0.3867403161706337,-0.0972231035299985,-0.0730337700709148,-0.0700601221080156,0.0081300346540429,-0.0832298211700766,-0.0181942600262995,0.0790811384565866,0.1063909730496661,0.0325945237957281,0.3143060178609507,-0.176470628234216,0.349137972967992,-0.2283185734652869,-0.1146367233118599,0.0965058072575089,-0.359511348346323,-0.0728346242354178,-0.2740472170884583,0.1576470767750459,0.2441558650662278,-0.0665235950494068,-0.1763565647910825,-0.1155378338465665,-0.0581481810868525,-0.0365168850354572,-0.0511979556940166,-0.283176466997932,1.2658824247472422,1.1124259715039488,0.0028818187714623,0.5695538343527762,-0.4887839684537607,0.905315665011598,0.3618581585552278,0.2565946463423503,0.0621761699635448,-0.1341600983736034,-0.2680195894982639,0.0694537921962301,-0.1561479359591582,1.0983484537015449,0.4948979641486586,-0.25,0.0621761699635448,0.119669926365717,0.2790122430583699,-0.2905148440054321,0.0084269803385939,-0.0416762257132987,0.0886427094073039,-0.0673267603458079,-0.3026941148545808,0.3274336339200856,0.0618279616410144,0.2605041971909974,-0.2663316250581908,-0.2076503289580704,-0.1854304886717496,0.3479582917579558,0.1014493283013027,0.1067960589733667,0.2347188269759712,-0.3212598413371265,-0.1896868813136468,-0.422316356403721,0.0681264534976469,-0.0775046976122266,0.4519509354021496,0.2986508821994618,-0.0069659288970128,stop,111,6,10.157000382741288,-0.0489700287912008,0.0018726126889401,0.0561798093937271,-1.0,0.0382399752494461,1.1472284329925035,8.25489981127787,64,0.8595799170646121,7,0.0400406143093587,0.3543688884407545,-0.8101656927143461,0.0,-1.1219939644652617,-0.2624140474006489,0.1335292449436488,0.2733556978614224,10.606206846026849,10.157000382741288,14.997312266178607,0.4014285632542206,-0.0271131007587613,-0.0751485349758094,0.038158607013935,0.0796387508472129,0.0952402577644969,0.0018726126889401,1.0,0.0574314127147908,2021-04-28,,0,,,False,False,False,,,,,
RKLB,Falling Wedge,bullish,1,0.8042128985810114,3,23,175,176,2021-08-06,2021,1,10.220000267028809,10.087984994400388,12.232867817546046,9.872085129201164,0.7262915836271654,0.013086386696818,True,0.0391389049001036,0.03131906736009,-0.0849635887240188,0.0235198201517239,0.0903490898480681,0.0902777432843502,0.3171670573052283,0.0624356799459508,-0.0181124484774939,-0.1169154852426813,-0.0089984668578525,0.0234374781721267,0.0723809741792225,0.0567901254917604,0.0304147384427417,0.4655885121905945,-0.0935828619625915,-0.0006747149401773,0.0510203585134165,-0.0420062358543286,-0.0525960712733617,-0.0067567275235479,-0.0037998439333528,0.0244618388911921,0.0224278708983953,0.1620626413003341,0.3793372941243917,-0.1340659577897477,0.0522353228400735,0.3000553373979795,0.0784884150745601,0.3420275179573016,0.3037938618392386,0.0784884150745601,-0.0356806736504879,0.0177215018728533,-0.0229120082823761,0.1254360911995014,0.1200623644904053,0.1085594958387745,0.202672688337943,0.0588933487509428,-0.0626404392645521,-0.0667951124383463,-0.1816091906143976,-0.0668447068117555,0.3228962920266389,0.2988941294235236,-0.1315984780066746,0.280530975467868,0.0048308439823887,0.1897926731802977,-0.0658682833063601,0.2808988683779465,-0.1333333059878337,0.4107883189194252,0.1132479122326157,0.0040697495185608,-0.0832298211700766,0.0526694622763337,-0.1125541112137034,-0.0843622043180448,0.2617708047231037,0.4159852664720536,-0.0411876790023469,-0.0466666448683965,-0.0675873257348033,0.0057471668609487,0.2601990826064738,0.4471623850703503,0.475293266362807,0.4659999847412108,-0.3273322350730657,-0.2747898831019644,0.0863940352199916,1.1333332768193,0.0666251254098149,-0.0335664549073972,0.3553806156901609,0.9348958359203404,0.2960893758014993,-0.0505992147616081,0.0022883819550847,0.0175437960512678,0.4100417312300493,0.3153347736630176,0.3998045293845436,0.1784946035878458,-0.0857547886313638,0.1936108741288582,0.2441454035954382,0.2307653967341991,0.3953033127490855,0.3522400223452575,0.5977653385730368,-0.1792360349528641,-0.3108826244252599,0.5051813732329924,1.6266967095647489,0.1261788193496176,-0.1087002122549243,0.4339815324930587,0.5100478488985609,0.2450039641962975,0.4057508181909439,-0.2695868844512842,-0.4046424077201912,-0.0313198821156082,0.6888807600308879,0.4685115472856862,-0.096638658829441,-0.2283464300853463,0.7255895253516031,-0.2034220770155435,0.1702626614832369,stop,190,15,9.872085129201164,-0.0340425761973871,0.1643834938949446,0.0704501221346963,-1.0,4.828761869895196,2.069470939161873,5.785512993442672,151,0.7874655500649885,6,0.0487907999721362,0.1288404530302647,-0.5444360638256369,0.0,-1.2475688250431334,-0.4601032749781449,0.1594710120150874,0.1378182652337141,10.087984994400388,9.872085129201164,12.232867817546046,0.2924999509538923,-0.0493630873042306,-0.0379679632845926,0.0289031575357308,-0.0380228664257702,0.1463402152978721,0.0078277809800206,1.0,0.0160038523863665,2021-08-06,,0,,,False,False,False,,,,,
RKLB,Falling Wedge,bullish,1,0.688459743101415,3,14,330,331,2022-03-18,2022,2,9.010000228881836,8.49375057220459,10.051249504089355,7.762361984553298,2.4046098338701274,0.0607799407680571,True,-0.1165371991189362,-0.1353290156905017,0.0261193774250527,0.01878768889919,-0.0759803795530352,-0.1103773617158795,0.0924838634792466,-0.1320000281700721,0.0086410537554693,0.14954271101886,0.2039999825613838,0.1848100852222656,-0.0363636016845703,-0.0375188872538213,-0.033167542146512,-0.0645161751069037,-0.0817331310222702,0.0099999904632568,-0.0386598172533935,-0.0177706191433862,-0.0957730625264299,-0.0783410462290312,-0.1111463541699072,-0.1209767064260288,-0.140286188344192,0.1275109224862662,0.1282051250701041,-0.0380047140053074,0.1413319842367215,-0.2012678276455073,-0.0176601317523111,-0.1054366268901741,0.0259448612629851,-0.0143884756347787,0.3246930612841792,-0.0151006966462826,-0.0784775979048332,-0.1054687449068295,0.0584070651568005,-0.0132075790834398,-0.2702237843586412,-0.1359116014530833,0.0541933046916098,-0.0711806090203679,0.148698828416445,-0.1181095445912066,-0.1143174454653899,-0.099981517772686,0.7036013345169154,0.0469483095116247,0.0208565906140121,0.2523540804195305,-0.0401738089169596,-0.1020408143405366,0.2387720708644529,-0.0110344722353178,0.6082724863228373,-0.0618955835472183,-0.0891719347266755,0.093816642185976,0.2991453304955407,0.0945626698732369,-0.138248876026738,0.0,-0.137850496183576,0.8272029858117378,-0.1154639079981519,-0.3710462398606846,-0.2202477638043902,-0.3995560810231517,-0.2999701159189905,-0.240424227172537,0.3699283276205813,0.0094488100284488,-0.44031899567286,0.0174562820021928,0.1509090770374646,-0.027128154652615,-0.0283599940780467,0.3998045293845436,0.7227057503171008,0.4123170583447479,0.8317757692386194,0.2972179777197534,-0.0845454822887071,-0.0483091342307009,-0.4555874008692782,0.1409921599503589,-0.3100481128053015,-0.1913580331704009,0.1739715369619972,-0.4845784682064198,-0.5560488459059219,-0.3974540522214395,0.3078758816792908,2.747557122025195,0.0588235461909742,0.4667359484960345,-0.0478360010327489,0.1014492970625333,-0.0309023479956337,0.4060324879891799,1.4247366588644463,-0.0037852437600334,0.5110023466449785,-0.0733945325371903,0.3628866522658565,0.2386138372661537,0.211796665838932,-0.3428452334915017,0.1673913036717809,0.0431818302505269,0.3292038089108189,0.2532467760337096,-0.912637386124587,stop,336,6,7.762361984553298,-0.1384726096153909,0.0421753723404818,0.1664816827852793,-1.0,0.304575557993919,1.202271577373199,0.8345762723616297,314,0.5421545620218935,5,0.0990104609502744,0.1662736883491131,0.3189307325282757,0.0,-0.8228783810338914,-0.2807238190119981,0.7127429954816681,0.1777096923077669,8.49375057220459,7.762361984553298,10.051249504089355,0.6159999711172921,-0.2278485572685359,-0.0291158465543197,0.0679162063774722,-0.4114211690698103,0.5429812554675464,0.0092485465010514,1.0,0.0202280443324711,2022-03-18,,0,,,False,False,False,,,,,
RKLB,Falling Wedge,bullish,1,0.7333164625757311,3,46,588,589,2023-03-29,2023,0,3.990000009536743,3.876842134877265,5.910526137602947,3.684931909038367,0.763142035972557,0.0291881564228462,True,-0.0802004843303124,-0.0888867807925805,-0.0198300316450567,0.0723809741792225,-0.0089984668578525,0.0405157042327422,0.0005685539942408,0.0597345093066059,0.0932038854727905,0.0115477343756789,-0.0090909060151603,-0.0040816286810733,-0.0336200395979893,0.5906383433240525,0.0270270942012089,-0.0351145316769846,0.0908204747665055,-0.0047573919739279,-0.037735815105932,0.0152231457817155,0.0411984911705953,0.0196078248044149,-0.1256623805331023,0.0300752189701356,0.0068623089988746,-0.0327103589859456,-0.3023255279072138,0.0825665200302445,0.0358974007851673,-0.0366778649692012,0.1240855299327072,0.0787402087245181,0.1684670676584938,0.1734860752236744,0.2844036754582604,0.0265700814159162,0.1189801925490072,-0.0451429965854773,-0.2674437483460845,0.1426201702743521,-0.2702237843586412,0.0090180517751532,-0.3061497267397974,0.0758225845357334,-0.0647886953143873,0.0303154762123116,-0.0225563694120793,-0.0431460164576653,0.4752941131591797,0.3842239096217668,-0.1300492359048338,0.5276927834949989,0.7549296904704383,0.1392323618105388,-0.2363519218773505,-0.1495507018687978,0.2067756404722551,0.0586046322371609,0.2347064677364942,0.1102563635445528,-0.1779999732971191,-0.158095223563058,0.267552154177469,0.0682819262960989,-0.09387755697839,-0.1256157629682385,0.0272953024726432,0.0704960799751794,-0.1352464218626288,0.150375975342619,0.1242432494172824,-0.0353981964794859,-0.3024574510719101,0.3492162929432485,-0.3854595277755357,0.0349126829163881,0.0762332174170008,0.3812207103324752,0.4213483025669198,-0.0537298217290685,-0.0319348916940701,-0.2543020877353016,0.2059387604042082,0.9838926323984808,0.5615520233537512,-0.1048375601305948,0.2570755215631621,-0.0412757586005142,-0.2546972940138121,-0.237681136785298,0.0048138748478954,0.0716544607062221,0.3458646297553676,0.2742155381942719,0.7207349129718335,0.6617732293606238,-0.0852173514988111,-0.5049875558589133,2.1003234468071974,-0.3328733940917194,-0.0504425344139278,0.8571428434367008,-0.3428452334915017,0.2320532854067594,-0.2403669703900738,0.4474885814922302,0.1835205975787388,0.2386138372661537,-0.2043301460521915,0.5364223146040015,0.4664457281605152,0.0168224587275149,0.790991508710766,-0.0217391101534285,0.0723881073267442,stop,593,5,3.684931909038367,-0.0764581703682241,0.0438596370671694,0.0852130108663299,-1.0,0.5736422524360776,1.1145049699193994,6.295401338024938,542,0.787223701856525,7,0.0802518820990378,0.0663717238939831,-0.0884796978281398,0.0227272727272727,-1.5636904546729755,-0.7764667528164503,0.1874421546139121,0.2522297198514397,3.876842134877265,3.684931909038367,5.910526137602947,0.1984286137989589,-0.1333891317062199,-0.122690407828665,0.0501082353251215,-0.0548926052344883,0.8333336644699066,0.0154241493988389,1.0,0.020625582598182,2023-03-29,26.0,16,0.108560520686324,0.0891696552776026,False,False,False,0.3333333333333333,3.0,0.2,-0.1070409252720614,-0.6095904053711063
RKLB,Falling Wedge,bullish,1,0.7106172482175155,3,20,798,799,2024-01-30,2024,1,4.974999904632568,5.061575282109921,6.100616383225926,4.702430858137857,0.5216405054255692,-0.0171044334326809,True,-0.1437185305440803,-0.1546881085147656,-0.04939103893269,0.0339100192101029,0.147420117770572,0.0316831369047581,0.1930232295092546,-0.0260464867880177,0.1047431256525293,-0.0599520372724275,-0.1311152169997838,0.007843129921766,0.2671046662504954,0.0953544637086132,0.0226700034057223,0.1604754711211333,0.0061350123982539,0.0643266057869089,-0.0367496785194613,-0.0455445565121884,0.0124687558712801,-0.0505067759161392,-0.1811111278726144,-0.1075376598327034,-0.1187119701686859,0.0811907869381201,0.1955128704772681,0.3114893487159242,-0.11482258770668,-0.1299187008450807,-0.1917260388203971,0.0116541150938604,-0.1496881078496617,0.0938875307903883,0.0194855802068179,-0.11482258770668,-0.2888889073905064,-0.0626404392645521,0.1734860752236744,-0.061199296542067,-0.064516182467941,0.0132743023007435,-0.1152263589826375,-0.0831510066011163,-0.0646949934388616,-0.0804719299392342,-0.0773868863165559,-0.1134886167726795,-0.037284927523943,0.2361702507575116,-0.3171717115929674,0.0165542891526475,0.0514905296135901,0.0620155389775574,0.2598752629667737,-0.1047227441538489,0.0103359693680786,0.0736341900167742,0.1364705702837776,0.1061597329940551,-0.2220039451013368,-0.2012448615109624,0.0440900819658931,0.4159852664720536,0.169554442883052,0.2666667650616403,-0.3911467328810639,0.2342857109321343,-0.1178725702506268,-0.1678392068649983,-0.2418751680341659,-0.2462845172899532,-0.3307887863190204,1.4344514334199632,-0.2177122303626671,0.4123170583447479,1.2599999813633112,-0.0576497152299031,-0.4643083017620745,0.0709572554314947,-0.0313074778694423,0.3510100639130364,-0.1847618647984096,-0.0399674440566177,-0.0133459859583497,0.9535928931274416,-0.1194296007751111,0.246073380122044,-0.200787400835704,1.4344514334199632,1.1124259715039488,-0.4362860141344332,-0.2663316250581908,-0.299965757879534,0.532051354548716,-0.0139860007722761,0.2406366686692638,0.1261788193496176,-0.093927699646518,-0.196881131842218,0.3020408143405366,0.4745449287419019,-0.2984174756248902,1.0905239921355063,0.0228012867417273,0.1637279224847756,-0.4406230852652798,0.4543465855645523,0.0124068762517715,-0.0208695453146229,-0.4418742194528621,-0.1259444204661195,-0.2361877921780262,-0.0012104830665617,-0.3437984948181406,stop,800,2,4.702430858137857,-0.0547877490893825,0.0371859188594706,0.218090416186355,-1.0,0.6787268956569901,3.9806420196339034,4.129656294685682,777,0.5855798959572261,6,0.1201150664828383,0.3189066373453442,-0.3632703656794848,0.0,-0.909649125286204,-0.3240692293289723,0.5369380100196111,0.177550855623983,5.061575282109921,4.702430858137857,6.100616383225926,0.2340714590890067,-0.0266593654339649,0.0238065926680983,0.0470023008418692,-0.3242876395654506,0.3157890774207635,-0.0116731409218041,1.0,0.0327787724876262,2024-01-30,2.0,20,0.0351655029697881,0.1873305534351346,False,False,True,0.2105263157894736,3.0,0.1578947368421052,-0.0418297310976289,-0.0872986668651241
RKLB,Falling Wedge,bullish,1,0.6972263556319156,3,28,1260,1261,2025-12-02,2025,0,41.89500045776367,40.10093031214706,73.44697569533469,31.60895060444932,0.7342282633578107,0.0447388659477849,True,0.275331178455078,0.2717019501807116,0.0281689857069749,0.2264957225769464,-0.040724050241806,-0.1036144715363267,-0.0476190823739418,-0.0532687705845283,0.0099999904632568,-0.0121065833775725,0.0089686443848424,-0.1940298387961285,-0.0345622693639093,0.1405867451866262,-0.0961217515623651,0.0252101008698955,0.0214634406857374,0.0082530870614794,-0.0254776825025871,-0.0681457737302623,0.072276061438433,-0.0319999694824219,0.2836435517139609,0.3245017561083185,0.3269996634598018,-0.0388974543307988,0.8121000871658681,0.0938636606389826,0.0093632420353908,-0.0203303493950105,-0.0847685303765433,0.2483369908468415,0.0118811763392843,0.0368271373020834,-0.0222222010294596,0.0645538975950843,-0.0651041681218583,0.0813559341211491,-0.0579030050043773,-0.1515748016714081,-0.0878378066350171,0.1627906976744186,-0.0067437084828961,-0.1054366268901741,0.2068702602021557,0.2701455345091328,0.6651152016708728,0.6601708261755859,1.5027524441623674,0.1264150142160447,-0.2222926052793936,-0.205940591691035,0.2671569051397904,-0.0691358510177116,0.5874316411281941,0.4107883189194252,1.1442521039036817,-0.1381443483440034,0.0306627527343144,0.0002857479580904,-0.2012448615109624,0.1607090897083858,0.7369328048059165,0.1242856979370117,0.2011330893719143,-0.2914230351071737,0.0206718771292875,-0.1210579440101007,0.4619032891631706,0.9112065597313111,0.8914514961057054,0.5615520233537512,1.4252008628646022,0.9066666111801608,-0.1930184478215787,-0.0873786357123072,0.0065933476293649,0.0371074577692875,1.033222590239343,0.2559879703793719,0.0631578812878965,-0.2279578348043537,-0.4086793238874613,-0.1046512246841065,0.1351789254806275,0.3249999999999999,-0.2260536160472335,-0.1676575354333672,-0.3253011909758405,-0.3313199306094502,0.3812207103324752,0.7582630277042521,0.6939969076322445,0.6824798704964301,-0.2614034773643721,0.4713896411741993,0.5116514943554944,-0.2663316250581908,-0.471996152554782,-0.1402805293332267,-0.4060339472094806,-0.2539999961853028,1.0585106261556851,-0.2541118578422928,1.0584904631672098,0.2645161277090888,-0.2976190569111552,-0.1588411704527504,0.3808709025055237,1.753623271391231,0.3941018184114624,-0.0309405943515569,-0.0348836886940797,0.0050100393815908,0.5279107932175298,target,1274,14,73.44697569533469,0.7531202981935767,0.8725383957766353,0.0094283435600362,3.0674530735824104,3.5538420493557914,0.0384015694456697,3.0674530735824104,1232,0.3959326375634205,6,0.0318832132946989,0.2596713044962964,0.2614655359273012,0.0,-1.9513079017984,-1.5553752642349858,1.2550733588213834,0.2519293692273534,40.10093031214706,31.60895060444932,73.44697569533469,3.3633575439453147,0.1247401648329726,-0.2295626940740142,0.0802710601780763,0.5681138698584303,0.5758760061806917,0.0047065257972098,1.0,-0.0026487211776745,2025-12-02,59.0,4,0.7370141310324756,0.3567492975135784,False,False,False,0.0,1.0,0.3333333333333333,-0.3493055820435571,-2.09421974539315
TRI,Falling Wedge,bullish,1,0.7864700038868626,3,25,1749,1750,2023-08-30,2023,2,120.80156670308018,118.03077640939092,133.92429585945706,116.88632155025137,0.4501654379752713,0.0234751509562112,True,-0.0071902290487022,0.0078655429711762,0.0301335819333261,0.0094848781457477,0.0061359013907469,0.0373327769263149,0.0317708032047472,-0.0009696451699515,0.0286846425787563,-0.0088027564895039,-0.019637987797538,-0.0611572778949709,-0.0041202290143373,0.0256349991249793,-0.0804123274293949,0.0222359287605817,0.0183091328950963,0.0115241923767004,0.0191076202555047,-0.0050727499286645,-0.0326832536662602,-0.1270835753413246,-0.00221096179173,0.0068037811134831,0.009659926086457,0.0040141673043787,0.0161750832534661,0.0547191822318748,-0.0028213150563801,-0.0606883367858216,0.0112273108603737,-0.0004469044590714,0.0100977471432182,-0.0756995959342159,-0.0558854914155023,0.0059025866898567,-0.066481221713106,-0.0044642044854393,0.0369334407675667,0.055433957244769,0.0185114095946394,0.0405426303767706,-0.0330953775165632,0.0402599347415486,0.0013043957440914,0.0070268111841603,-0.0441472189464136,0.0037181869336877,-0.0729954380624183,-0.0010775527852172,-0.0426762671451527,-0.0538334650399227,0.2343913892538425,0.0040684014105252,0.0044976750748562,0.0535945389275731,0.0932488189127178,-0.0072972406485851,0.0304307429079848,-0.0154345800205113,0.0223142673424396,-0.0707240129553963,0.0652584787205117,0.0281092237448394,-0.3070973262927786,0.0013575351797101,0.0627184656014412,0.0173250339430048,-0.0464561533498868,-0.0717489114472185,0.0116005610267326,-0.0288021363626549,0.1390966859260343,-0.1198241514747399,-0.1451768516421731,0.1287645689311729,0.1140595504751194,-0.0448491815650164,0.0438415643512695,0.0893468748992254,0.0219595493005817,0.0878080067034368,-0.0131368285081335,0.0950581665615211,-0.0275730863035107,0.1216097437799157,0.0593438223625011,-0.0115543153534523,0.0607272623537245,0.0200760878733856,0.0054076593830356,-0.1015580610317806,0.0770069422720916,0.065369586365527,-0.0189993337264386,-0.018421540889362,-0.1351220840465478,0.0726682048138651,-0.0763430106467905,0.0456671884175516,-0.1282835303965244,0.1323118306698427,-0.0407991863388053,-0.008255736056412,-0.0305559462888398,-0.0138866297572159,-0.1415698909812297,0.1044164146945763,0.0981624182327172,-0.113787954948604,0.0070607344900743,0.0040066021975451,-0.0146432633929608,0.0762999434011721,0.0870106807997109,stop,1764,15,116.88632155025137,-0.0324105494629234,0.0126796066536534,0.0359517732919411,-1.0,0.3912185033505362,1.1092614561523757,3.351700505112811,1722,0.8699858305558466,7,0.0481219987430809,0.0125110830745758,-0.4958191982416742,0.0,-1.250064116917545,-0.3800782863617024,0.1034662477050187,0.099682622633559,118.03077640939092,116.88632155025137,133.92429585945706,1.800236734362778,0.047096561933275,-0.0156061167883982,0.0149336026838388,0.0744464907199182,0.3175693091254019,0.0044396524234604,1.0,0.0019549619827452,2023-08-30,46.0,7,0.1260134253669043,0.0752182466126338,False,False,False,0.0,0.0,0.0,-0.0611415093115463,-1.9494753894013703
TRI,Falling Wedge,bullish,1,0.6653204455498769,3,35,2047,2048,2024-11-05,2024,0,158.7247342622453,156.2982513055034,165.95831276580202,154.79119948952115,4.31415302095371,0.0155246967670741,True,0.0109746965986612,-0.0020938568485113,-0.0015935771069842,-0.0101257030624368,-0.0057517194282294,0.004790882108647,-0.0034025103132602,0.0517916097318318,0.0274306713308001,0.0095692325936578,0.0158014194610156,0.0201829509129827,0.0094294215929513,-0.0040949270155263,0.003321951807125,0.0208865617454254,0.0084752414056576,0.0855219052704221,0.0146413726928005,-0.0088027564895039,0.0099528124730488,0.0713307780273293,-0.0049930842882264,-0.0410950409090948,-0.0429620378177832,-1.2652916214772605e-07,-0.0023268714093106,0.0219924571859262,0.1318326775281946,0.038396872352965,0.010260303885988,-0.018231786686588,-0.046459157765627,-0.2720904086131093,0.0001292278078048,0.0522549957593325,-0.0414319900587785,0.0066221759727858,0.0844242393413128,-0.0290016331590187,0.0626596417175706,0.018363621414986,0.0468608814967945,0.0373477069263956,0.0454545905009209,-0.048447911792564,0.0077992096611323,-0.0235313791506444,0.0871677885234081,-0.0294912552021932,0.0631184529311346,0.0054261597046121,-0.0167627340168859,0.0235785680696889,0.0598305646814347,0.052815056710215,0.0433538738423409,0.0121098337061835,0.0825972068010649,0.1344048845436407,-0.0108506066947874,-0.0312341162124452,-0.0143641034548135,0.0838617426788719,0.0595468024137348,0.0191296657843675,0.0341033365727891,0.0577627625222179,-0.0280059845340966,-0.028287634537931,-0.0363363826950629,0.048766893378666,0.0594166718466959,0.0169817960415215,-0.0386287086510144,-0.0787354147203438,0.0315416268459991,0.0160458586198535,0.0302896045330813,0.0219595493005817,0.0554450973698656,0.0142007057885111,-0.0119984353492157,-0.0121425662219294,0.1221275557633905,-0.096998218464074,0.1182621837329789,0.1480775420360118,0.0574996049434206,0.0496934255438972,-0.0206805907351069,-0.0548438436180705,0.0057646369575157,-0.019024125277429,0.0995649813708763,0.0501852923400598,0.1506194035129391,0.106996034864861,-0.000930306394473,0.0267801519926336,0.2075663883842142,-0.054537286737071,0.077410638753903,-0.1401294968433923,0.1228498615210573,0.0165197875048659,0.0432296217513661,0.0222508335098867,0.1276584672852372,-0.1351716864071844,0.1259494036384294,0.1040451784699083,0.0574112802608113,-0.0189326474677112,-0.0437021581080451,stop,2048,1,154.79119948952115,-0.0247821159758576,0.0,0.0266611065434044,-1.0,0.0,1.0758204250749694,1.838951203308448,2012,0.6548008164111405,5,0.1505013734304241,0.0682455362444987,-0.1833302625922319,0.0,-0.9307132127633048,-0.2759123963521696,0.2217455750661429,0.052200884388934,156.2982513055034,154.79119948952115,165.95831276580202,2.28088898144049,0.0551054808766195,0.0141329931266587,0.0140778855538397,0.0318911542518527,0.695979803169078,0.0123017395182367,1.0,0.0061586977219523,2024-11-05,39.0,15,0.1756800889647092,0.1502508599793368,False,False,False,0.0,1.0,0.0714285714285714,0.0070051948031502,0.1998869535905657
TRI,Falling Wedge,bullish,1,0.6629533287782061,3,23,2063,2064,2024-11-27,2024,0,153.08542541948813,152.95299099704516,169.79383768388195,149.26480514048035,0.6956297980014582,0.000865850491577,True,0.0493298090235903,0.0376564763977327,-0.0361092386529138,-0.0542941964941714,-0.0141706522713257,0.0535713106424691,0.0066623654731503,-0.0221310849761863,-0.0172990897662317,0.0300879248761076,-0.2000683101113353,0.012994695548405,-0.0037658804113785,0.0127530390999208,-0.0141843290263606,0.0548601692955292,-0.022380895587139,0.023151744294201,-0.0005944577783141,-0.0109965392891604,-0.0260065090374579,0.0260115612102675,0.0594252276716865,0.0488955250689739,0.0411078027286304,-0.0258662274092389,0.0147185141899686,-0.0186937943859921,0.0336009344411012,-0.0565316783259081,-0.009417049870724,0.0207514142238796,-0.0350709332125035,-0.0626954760696059,-0.012240583726509,-0.0202652227718717,0.0013809984606945,0.0388088001889346,0.0392897253614776,-0.0286939964375692,-0.0030353042042113,0.0655186839155765,-0.0513537485752401,0.0451020700247897,0.0154189546699492,0.0513592210446241,0.0052123603192897,0.0096270144611601,0.0494632984572047,0.0674681870656062,-0.0153599519966803,-0.0034884177994852,-0.2042125486492166,-0.0585324729029119,-0.1393740703595209,-0.0472200533736157,-0.0305919771072908,-0.0322515610744371,0.0084517044240703,-0.0101960374102284,-0.0500087544349027,-0.313865268435642,-0.064806495917719,0.0018417564957586,-0.0048602162948353,0.047424387112106,0.0767498992811042,-0.0292033973038841,0.0428409598305157,0.0353066336067828,0.0283436698856009,0.0795870316512525,0.0343518873572659,0.0218961388724052,-0.0544920777240505,-0.0307306851717029,0.0260843254613392,0.0079567376802451,-0.0220483675003342,-0.0605207577425607,0.0491154269076437,-0.1628925997710326,0.0656373958319107,0.0558247284274817,0.039962883230183,0.1266872581180678,0.0454846017144761,-0.0562538425646813,0.0795619262697564,0.011272509915722,0.0353680811593635,0.0207140035006453,0.0985999566110436,0.119680136301818,0.1360498025518921,0.0147150504803152,-0.0919942942898306,0.0508917785745735,-0.0665293015428869,0.1325818073130862,0.288426171135405,0.2025926016513004,0.2022545325542002,0.0409238440687047,0.0145545412351795,0.0961834966302339,-0.0314747608562973,0.0014436134099071,-0.2111131829166698,0.2340096170985279,0.072726083113914,-0.0609802146513798,0.0685538969177153,0.1046479894068572,0.0386768030168061,stop,2091,28,149.26480514048035,-0.0249574397336548,0.0672623996762525,0.037974703344043,-1.0,2.69508412698078,1.5215784851855074,4.3732198031291984,2040,0.6313179099886577,6,0.0493969434044308,-0.0293353651444698,-0.1764453916161205,0.0,-1.0878753223289794,-0.4565574123403192,0.377380878370648,0.086291346032071,152.95299099704516,149.26480514048035,169.79383768388195,2.229340581434278,-0.0068699469829668,-0.0278170767355704,0.0145140912196131,-0.0398436084143938,0.4876006481837548,0.0007462833276798,1.0,0.0324478279443884,2024-11-27,39.0,15,0.2358611972670239,0.1644654493797177,False,False,False,0.0,0.0,0.0,-0.0504555908988387,-1.16151310091082
TRI,Falling Wedge,bullish,1,0.7898484741119912,8,87,2287,2288,2025-10-22,2025,6,156.4943411819043,147.03841270067414,229.79176692126885,141.77905289840987,1.3325751680932143,0.0643092393854902,True,-0.062848607413632,-0.0916907769916748,0.0300879248761076,-0.0117402918546107,-0.0700055717638107,-0.0066607815446627,0.05183857080825,0.0047970275841984,0.0569273315477512,0.019158761920448,0.0007748068007025,0.0160713989731728,0.0294439132556774,-0.0328225249701311,0.0099337269667154,-0.0642075869031404,0.0736047014504104,0.0348604088526167,-0.0464209785113034,-0.043117254242724,0.0146413726928005,0.0244455638540317,-0.067429133403257,-0.115518879226999,-0.129678092513918,-0.0036690757987549,0.0036112741364564,-0.0161253257106537,0.0154864595149621,-0.0481275948429459,0.0489543803943426,0.0447290728419418,0.0561631998812175,0.007616257707913,-0.0207019527105377,-0.0054279611992312,0.0293942110857137,0.013680655102519,-0.0372357902044332,0.0172534101464612,-0.018299141933849,-0.0028385780065989,0.0368025952268866,0.0258959704542509,-0.1571498319448889,-0.1150194909340375,-0.1728783025972313,-0.1646612195788267,0.0379716628430613,-0.015769081060263,-0.0530155080759752,-0.0395085467621969,0.0102509410332281,-0.0023702139166841,-0.013431655747243,-0.0181733240783809,0.0821435381699022,0.0139267151916468,-0.0638187130473639,0.0021432339574842,-0.030107770356671,-0.047020773661619,-0.0261110475197803,0.0137826790663733,-0.0076538837312057,0.0450139343580768,-0.004769446557285,0.0104168132468869,-0.1675732802648309,-0.1903678472659832,-0.2028654803831747,-0.1332345024699599,0.0102945594201553,0.1273257477593377,-0.0735399480428324,0.1942270220460933,-0.1288627750574126,0.1796443497459023,-0.1332345024699599,0.0153571775269507,0.1154764344682164,-0.2269329100070154,0.1184543817911254,0.1248890492481427,-0.0206805907351069,0.0477018562309019,0.0615710741943087,0.0921245624937945,0.0020216538605553,0.0486314256453195,-0.1083788685841372,-0.2060106071192022,-0.2546605203311712,-0.2718163624590318,-0.0816396491239151,0.1276584672852372,0.0669096207460155,-0.3096427783137765,0.0831936299676401,-0.0984185452770295,0.0984005410244512,0.0355404797536482,-0.0453502472813668,0.0967877097508089,-0.0764510812941677,-0.0121679646663628,0.0927419573002905,-0.0087762126895071,-0.1377556286494504,-0.2355910051440757,0.1338115453957893,0.0599125154791855,0.0840048732033771,0.1223535291540163,-0.2544366081622117,stop,2296,9,141.77905289840987,-0.0940308011929315,0.0074193748411257,0.1095710972117401,-1.0,0.0789036650437847,1.1652681442852244,4.981039061367179,2194,0.8695565095876706,5,0.0291731326461251,0.092910212613712,-0.2271528175606757,0.0,-1.6907495860883588,-0.8211930765006965,0.1235744698365385,0.2603856772099148,147.03841270067414,141.77905289840987,229.79176692126885,3.0445386042472,-0.0828146128529443,-0.0129776141767178,0.0194498492979106,-0.0977358810846134,0.8804695980212406,-0.0031049307302106,1.0,0.0101347354204963,2025-10-22,30.0,7,-0.0327640993202885,-0.0304944893955806,False,False,False,0.0,0.0,0.0,0.0416927553308378,0.7274872653781971
FER,Falling Wedge,bullish,1,0.631755298780575,13,85,600,601,2019-02-06,2019,11,18.720178604125977,16.435953712463377,18.188666915893556,16.379469498135443,2.2222222222222223,0.1389773256620012,True,0.0,-0.0149475139419428,-0.0271739237971617,0.0278275282461684,-0.0600000015382388,-0.006302941148394,0.0,0.0,-0.0070908645718593,0.0,0.0,0.0368853297514819,0.0899997474218252,0.0,0.0148713890092122,-0.0158699329623196,0.0,0.0,0.0,0.0059893613664583,0.0,0.0,-0.0029567845888586,0.0,-0.0239167282164591,0.0951708958019781,-0.0058035074485525,0.0512185853582995,0.0188489039949595,-0.0201133978144435,0.0,0.0,0.0378732838146504,0.0,-0.0875090962668373,-0.0875090962668373,-0.001159069895803,-0.0169903187043019,-0.0268033180439066,-0.0054545176264085,0.0834698945084861,-0.0037173294310037,0.0,0.1910244314003224,-0.0132273862468782,-0.0104659478566861,0.0,-0.0150219263576096,0.0937648617723811,-0.0113639761070342,0.0702826316364511,0.0052954355238969,-0.1212100341433467,0.0253748306760273,0.1022653311993517,0.0102952362283923,-0.0143692380536569,0.0486340826850775,-0.0974511699539552,0.0318793577619962,-0.0384675289156992,0.0297409084483395,-0.0370190285404361,0.0396251250038228,0.0914998569861413,-0.054194473554207,0.1365544702863503,0.0452225130651446,-0.0178179596002518,0.0253748306760273,-0.0392335275236097,0.159264919500635,0.2097619091753464,0.022857125767828,0.0688343902285155,-0.0024627863797633,-0.014557220958689,-0.0143692380536569,0.06044039676963,0.1134998710941117,0.0275727536927969,-0.0142294103353237,0.0327793413221908,0.0955971315169184,-0.025132957050727,0.1049395450368078,-0.0862611963294901,0.1151288110968635,0.0275727536927969,-0.0089130510034241,0.2097619091753464,-0.0287294192219083,0.0992555603725611,0.0092536820305977,0.1653943475239483,0.1030355883617695,0.0351333682366774,-0.0836362702233207,0.0961077637220662,0.1171328278506218,0.2029793955565217,0.0253748306760273,0.0571499093596528,-0.0320195857147405,-0.0220969576898424,0.0821817888854656,0.0229102349890637,0.0259202416952983,0.097645670276486,-0.0030568140092416,-0.0735456812502181,0.1599360689540265,0.0528754360253516,0.1810982879041749,0.0387295378160716,target,601,1,18.188666915893556,-0.0283924475012902,0.0,0.0,-0.2270729356638703,0.0,0.0,0.2270729356638703,504,0.9063020679706276,5,0.1695701959069417,0.4573424423577752,-0.4324324324324324,0.0476190476190476,-2.177339162744039,-1.2710370947734153,0.0774228844272516,0.044997572144116,16.435953712463377,16.379469498135443,18.188666915893556,0.160656247820173,0.0818837018690947,0.0879521245441417,0.0085819826411679,0.0985387685460505,0.5,0.0,1.0,0.0621958721111752,2019-02-06,53.0,9,0.0897413118034047,0.083450928891078,False,False,False,0.0,0.0,0.0,0.1288609277137111,1.9560896462125972
FER,Falling Wedge,bullish,1,0.6553259840185841,5,57,1264,1265,2021-09-24,2021,3,26.212553024291992,26.11600868790238,27.75675363893862,25.606008011862954,0.0806451612903225,0.0036967492829151,True,0.0,0.0193535344843879,-0.0362290037667831,0.0,-0.0496850081351412,0.0,0.0,0.0250000698158403,0.0,-0.0058488930788279,0.0129617711953187,0.0205009828620619,-0.0033955753700838,0.0092987610001644,0.0,0.0100570877411576,0.0,-0.0075905668566053,-0.0042243265594109,0.0,0.0,0.0932898703687949,-0.0032067584608242,0.0,0.0111784124781221,0.0612244393061245,-0.0036600619661818,-0.1044449815396554,0.0330462339897539,0.0,0.0,-0.0160523049256703,-0.023211066987709,-0.0543792820260612,0.0,0.0,0.0316721783752826,0.0,0.0180659613610114,-0.011224620414142,0.0386099242612905,0.0,0.0210358391489045,-0.0116099006869688,0.0,0.001046382105201,0.0,-0.0232832747556599,-0.0105410641561274,0.0625413102638428,0.0216775509642723,0.0205009828620619,0.0124786605159463,0.0195902982479785,0.0490591303345613,0.0067253223827752,-0.0287081688736822,-0.023582303792512,-0.107077702026476,0.0066271908451525,-0.0264550360265346,-0.0061396114495209,0.0368620280800753,-0.0181449290165901,0.0945363955222569,-0.1658119830750731,0.0,0.0124786605159463,0.0021691633940823,0.0066271908451525,-0.0522697061219212,-0.0034093289335639,0.1140736088773797,0.1564213132337992,0.1443580750924837,0.13112919780361,0.0546119715979926,-0.0197366836681559,0.0222719929723507,0.0940032043696346,0.0808657504038614,-0.061520456667675,0.0961214458358532,0.1331924455807209,-0.0094897348397595,0.1912478609360293,-0.025378557951914,-0.1672134348170605,0.0199999037797271,-0.0533582667481281,0.0433492621589541,-0.0404497876056544,-0.0539218464887427,-0.085015596146021,0.0932711090716809,0.1204484670788452,-0.0374673144431741,0.1736632366605575,0.1814326397002787,0.1937425113388751,-0.0076692025464458,0.0806453556730217,0.1167077534148341,0.036003647971726,-0.0282574689696781,0.0770207691290341,-0.1572238203819368,-0.1791045963405654,-0.0335845736129004,0.1237074174653842,0.0414248736760682,0.0919284866261525,0.0785782185679855,-0.0291625338686833,-0.1007270952992957,target,1289,25,27.75675363893862,0.058910729268361,0.0952380422982977,0.0,2.545896154454471,4.115823529199262,0.0,2.545896154454471,1204,0.6070328821585629,5,0.052433428036236,0.1631944920243793,0.8326180257510731,0.0,-1.1513490938867723,-0.54431621172821,0.5895552103711452,0.0521036554848948,26.11600868790238,25.606008011862954,27.75675363893862,0.13260350908552,0.0520283720369416,-0.0033680262502726,0.0050587788592218,0.1553350947740459,0.5,0.0,1.0,-0.0020793654858547,2021-09-24,54.0,5,0.0174840563751159,0.0335670678629118,False,False,False,0.25,1.0,0.25,0.0201764346139149,0.1657567190889254
FER,Falling Wedge,bullish,1,0.8297163185798454,13,190,1430,1431,2022-05-23,2022,0,22.631681442260746,22.54781248721035,30.8501020364554,21.665479603969917,34.19047619047619,0.0037196049549359,True,0.0,-0.0518900592488384,0.0,-0.0365446993807241,0.0,0.0,-0.0875090962668373,0.020164049515472,0.0,0.0,0.0258431150803934,0.0490591303345613,-0.0035763904942798,-0.0159214503189317,0.0,0.0,-0.0318965254158809,0.0,0.0677172564128081,0.0035892269715025,-0.0438920832692002,-0.3016535755106738,0.0177310521170895,0.1370967422495381,0.0780484738180062,0.0237542809486455,0.0,-0.0313890421873231,-0.0133257713188209,0.0382794108698878,0.0097466623957676,0.0,-0.0412306922470352,0.0,0.0,-0.0148111620205579,0.0119558224913529,-0.0054545176264085,0.0,-0.1176468902029761,0.0,0.0,-0.0310077428676591,0.0,-0.0176484423214295,0.146535646453866,0.0342742698401981,0.076440433676412,0.1480573946233769,0.012849623239493,-0.0456193700408327,0.0733686499244303,-0.0830276320990844,0.0379867332203878,-0.0500259871109041,-0.0787913415138563,-0.0673471061558903,0.1134998710941117,0.0,-0.0679180550038031,0.0,0.0776019626389852,0.0,0.0028011982917968,-0.039376745386034,-0.032047159566136,0.0308124163426606,-0.0645774336195019,0.0358619188962381,0.0846774591149361,0.0644190771884472,0.0271894984517917,0.0623201441141829,0.0855269242329657,-0.0024081170143575,-0.0259117504825293,0.0850299761503212,-0.2266416844629616,0.189873150512875,-0.0539218464887427,0.0572365742530827,0.149999692810328,0.101244694545066,-0.0796933003017075,0.079826072524064,0.0294102805836433,0.0868344700108356,-0.1013584079482111,-0.0259117504825293,-0.2653464375243005,-0.0585009748693137,0.078937598684211,0.0806453556730217,-0.0140620917218519,0.0769956387607924,0.0114184347548578,0.1547812510565804,-0.0014758715264245,0.1194042525496694,0.0330922318497444,0.1072284009638224,0.1738519117017662,0.0549063058275385,0.077051334063769,0.1547812510565804,0.1802229513543662,0.0118805493838318,0.0467872717908262,0.0992555603725611,-0.0403327735861853,-0.0439800784298283,0.0771426531855996,-0.0539218464887427,-0.1636316176870852,0.0268724651253197,stop,1447,17,21.665479603969917,-0.0426924460189077,0.1370967422495381,0.0463708438161804,-1.0,3.211264638920443,1.086160389958534,8.505904531016697,1240,0.6117267702666074,5,0.0024238552984809,0.1838686837082834,-0.437284081849588,0.0354609929078014,-1.177269665364031,-0.5655428950974231,0.2045281342551382,0.2025353736642812,22.54781248721035,21.665479603969917,30.8501020364554,0.019098826817104,-0.0916908160861559,-0.0093109525785183,0.0008438978281764,-0.1422932218322329,0.5,0.0,0.0,-0.0737205744169889,2022-05-23,42.0,11,-0.0057503858645282,-0.0056864406326708,False,False,False,0.3,3.0,0.3,-0.0242351930351435,-0.2980103629629825
FER,Falling Wedge,bullish,1,0.7402896973873396,3,37,2057,2058,2024-11-19,2024,0,37.60844783331332,37.79698464886639,42.17956501017403,36.8494166579252,0.8525506638714185,-0.0049881443534337,True,0.0530264855895175,0.035630820860387,0.0,0.026091258601615,0.0,-0.0147777765849578,0.0,0.0056030364846719,-0.0092491906580975,-0.0089820422986232,0.0530074904856898,0.0,0.0,0.0,0.0261290106545608,0.0,0.0271901064114576,0.0,0.0,0.0210358391489045,0.0,0.0,0.0467240989772564,0.1070875716238788,0.0778182940385048,0.0,0.0645032619333703,0.0937648617723811,-0.0114514500625686,0.022346352381003,0.1279068607256681,0.0369229445099603,0.0,0.0076262210549151,0.0218252552739721,0.0994052231879343,0.0,0.0201343351183818,0.0213161663222081,0.0386099242612905,0.2036108703518382,-0.0195167033640242,0.0951708958019781,-0.0308442475542395,0.0123981919337197,0.0669011234414894,0.0834151860685916,0.0903596944235445,-0.3016535755106738,-0.019009998408261,0.0028790712549389,0.0100379963568897,0.0403365785707472,0.0940944740602696,0.0271185545879153,0.047012906295228,0.0955966658663161,0.012849623239493,0.096752789889084,-0.0035763904942798,0.0,0.0205009828620619,0.0,0.0108143670420934,0.0786160782593441,0.0,0.040260484470429,-0.1052879867570956,0.0760480549893666,0.1113743890764806,0.0864757244570109,-0.0454107614794488,-0.0054545176264085,-0.0259117504825293,0.0492773657493339,0.080193510558554,-0.0418257597944429,-0.0024081170143575,0.1028786214529917,0.1701157700606403,0.0784548098074384,0.0560223086238766,-0.0044438088038494,-0.0824153337892156,0.0268188525886163,-0.0052478147409047,0.0141025936867911,0.0387617605642529,0.0216775509642723,0.0601525313576323,-0.0735491890465788,0.0907849579446474,0.1636682266789586,0.1219781787517364,0.0376903654488138,-0.2527168595799569,-0.0042476739133048,0.3631816259669078,-0.0715935230498194,0.0330822650349573,-0.023353146932209,-0.055187756173506,0.2173064524488495,-0.1109155198435009,-0.0221822461171194,-0.1572238203819368,0.0232408358305233,0.0278577923696026,-0.0345182060089038,-0.0783392266510433,-0.0550637015241469,0.0629694614468225,0.043495239145558,0.0549063058275385,0.1637487935117523,target,2068,11,42.17956501017403,0.1215449570564739,0.1257114014264658,0.0080185876127403,6.022304913264403,6.228743740574914,0.3973046743124845,6.022304913264403,2020,0.6707249449347228,6,0.0812157154638361,0.1037207068930126,-0.1701946299190225,0.0,-1.0229154293636606,-0.3521904844289397,0.3297431363294349,0.0918633997124771,37.79698464886639,36.8494166579252,42.17956501017403,0.5894450378906022,-0.0038710292695528,-0.0350950490424553,0.0154691419525596,-0.0299769605950915,1.0,-0.0020667048893755,1.0,0.0119659565343768,2024-11-19,47.0,6,0.1075907715214286,0.1059925889243371,False,False,False,0.0,0.0,0.0,-0.0424318279134933,-0.9301819059556408
FER,Falling Wedge,bullish,1,0.7036378419298044,3,17,2096,2097,2025-01-17,2025,0,41.46603828024977,40.20521503755981,43.4327285339138,38.92649516245047,2.107283035324902,0.0313596940474536,True,0.0201924916471769,0.0223566011201959,0.0,0.0,0.0253748306760273,0.0240311072530798,-0.0532652977764919,0.0240204634831644,0.0081125687319454,0.0240204634831644,-0.0150914024851385,-0.0598402950796829,0.0,0.0291775667382547,-0.0083455221315517,0.0529999920811588,0.0035892269715025,0.0,0.0,-0.0676463436526431,0.0,-0.0236671637811805,0.0220189819215965,-0.0213665663486503,-0.0165387817043897,0.0658033597946912,0.0,0.0,0.0361701674179886,0.0612244393061245,-0.0142191254488329,0.0,0.0430802433579557,0.0,0.0,0.0097466623957676,0.0253748306760273,0.0592803388816334,0.1097594220132391,-0.0035763904942798,-0.0310077428676591,0.0064945524107993,0.0390245195124394,-0.0098556829329884,0.0412194867449189,-0.0432925203870415,0.0706738447150203,0.0526605605064085,0.0731432878999125,0.0914998569861413,-0.1328341284516135,0.1407288691863246,0.1036710709210095,-0.0159342160101974,-0.0368932908072535,0.0469210531935857,-0.0050760719415701,0.0215597514842285,-0.0180031450721001,0.0489045995717836,0.0329618790965413,0.0201557645355234,-0.0193392226771164,0.1910244314003224,-0.103780239294894,-0.0458812488708272,0.0218252552739721,-0.0607257100991543,0.0529774173987894,0.0385067198455948,0.1045162489713388,0.1082388666794256,-0.1772625766880756,0.0319752511490023,0.0746835288881844,0.1738068034828828,-0.0380526529239051,-0.0022359225848532,-0.0704610847569647,-0.0159679190873844,0.0868344700108356,0.1910244314003224,0.0641019391892101,-0.0884955533565395,0.0833333502539341,-0.0201927651659293,0.131159518584518,-0.0456521569222216,0.0471999865347934,0.0673667856261179,0.150036500874894,0.0009346797861824,0.0558816719352417,0.158171980292669,-0.0796252610406582,0.1359288286575983,0.1367691055599971,-0.0334131890998178,0.1792925709506605,0.002053523452776,0.1108163316827626,0.1935921596697365,0.0178507682868032,-0.0456521569222216,0.0539029652575142,0.0734596946846102,0.0046344225229513,0.1653943475239483,0.1001624670055449,0.0259202416952983,-0.0283107217561287,0.0144131136357257,0.3631816259669078,0.1007860752143983,-0.0186761737121786,target,2114,18,43.4327285339138,0.0474289402901739,0.0565859581727484,0.0314628396702473,0.774426801372174,0.9239439532529444,0.5137299323755526,0.774426801372174,2079,0.5076941726813842,5,0.0845233284405421,0.0771604241291992,-0.0177919708029197,0.0,-0.7971742025816738,-0.2894800299003011,0.6220974280938796,0.0825402138391946,40.20521503755981,38.92649516245047,43.4327285339138,0.7414038362893608,0.0397395914591558,0.0125618487815917,0.0183052899547467,0.0062106556518681,0.7543818555376377,0.0060989511910694,1.0,-0.0077755867973557,2025-01-17,60.0,15,0.1265744397211137,0.0784789019100722,False,False,False,0.1428571428571428,3.0,0.2142857142857142,-0.0293902981202042,-0.6460744246992725
FER,Falling Wedge,bullish,1,0.684983596303993,3,22,2392,2393,2026-03-25,2026,2,62.41844908749707,61.956311216215,78.60486563862219,59.96086664396034,1.008065969394007,0.0074590927414852,True,0.0633031850044449,0.0584263139305849,0.0,-0.0296941255173701,0.0083496443738826,-0.0001507688336254,0.0059893613664583,-0.0171601532117229,0.0,0.0,0.0,-0.0400278844603856,-0.1176468902029761,0.0,-0.0177282786680825,-0.008249299795394,-0.0277345762577123,0.0530074904856898,0.0097466623957676,-0.0622262773352922,0.0,0.0,0.0754794397874831,0.1339045840844985,0.0911938318170459,0.1191500059695147,0.0148713890092122,-0.0485437437912882,0.0,0.0,-0.0074076113369422,0.0224560273451093,0.0,-0.114850567907918,0.0291775667382547,0.0173913748403209,0.0,0.0218252552739721,0.031052547895747,0.0325401127210656,0.0241895477145259,0.0291775667382547,0.012180746701724,0.0,0.0200965960822085,0.1237392433848104,0.1088370856074365,0.0223572417402218,0.0188031039028302,0.0557622019566426,0.0388675711297548,-0.1095978763167357,0.0124786605159463,0.0,0.0,0.0052909412392196,0.1176001231361896,-0.0268211820621642,0.0426093245615299,0.0137306524858771,-0.0546849567768129,-0.0476094270143387,0.0336463632011805,0.027569942763961,0.0885540451351556,-0.0512340829985985,0.0028011982917968,0.0271185545879153,0.099092827720469,0.0953492716671344,-0.0436870034599334,-0.0688376340926846,0.0855269242329657,0.0340426804628015,0.0946493043526901,0.0950636736714327,0.0265455913571126,0.2042284519483788,-0.0115050883194338,0.0197925930594631,0.0272726650439785,0.0424862458662431,0.0601525313576323,0.0289701277512419,0.131159518584518,-0.114850567907918,0.0448837577197849,-0.0836362702233207,-0.132831666446474,0.0020538181537985,-0.0095700113139439,0.0715694394042211,0.1336392231892906,-0.0108992627263631,-0.2266416844629616,-0.0580475425121416,-0.0246509385984031,0.0183637705052612,0.3631816259669078,-0.0152592231920333,0.0291355707940859,0.208386383501159,-0.0291625338686833,-0.0191431704774772,0.2690615257765205,-0.0218129120954404,-0.1116282217791079,-0.110354183624727,-0.0549127655299258,-0.0094897348397595,0.286937993239746,0.1204484670788452,0.0235253411989282,-0.0836362702233207,0.105924148346417,time,2452,60,70.76000213623047,0.1336392231892906,0.1497700573000697,0.0152308429222914,3.3942108720181894,3.8039068520372954,0.3868377217639036,6.586316806459234,2368,0.7299152594502631,5,0.0429366168556861,0.0785229361718333,0.0628769601930037,0.0,-1.874152797806232,-1.1442375383559649,0.3077483203521131,0.1196553611720502,61.956311216215,59.96086664396034,78.60486563862219,1.6219658423719814,0.0458475021008946,-0.0704106909706038,0.0257039727292867,0.1229445547319612,0.4022368275238945,0.0159032766978428,0.0,-0.0498250924154898,2026-03-25,48.0,10,0.0836783940511549,0.1134585758954533,False,False,False,0.3333333333333333,3.0,0.3333333333333333,-0.1049118629764523,-2.6444576458433358
